0.0 4.311053084942599 1.2685518838315821 11.950320465767476 5.553877140291147 14.882895862137557 4.404349921582389 42.10916645691487 35.75851896723237 47.04939894770255 45.85790016689386 40.97801060761473 84.62875640301068 84.62875640301068 84.62875640301068 50.25582250590998 50.25582250590998 86.43863554631403 50.25582250590998 89.63531495401453 88.88589451096017 56.89620472199426 75.56513146996544 70.09710224749695 89.75068843151024 85.15304987288582 58.08016294390456 90.12031679776197 4.311053084942599 0.0 5.553877140291147 5.553877140291147 11.950320465767476 4.404349921582389 14.882895862137557 35.75851896723237 42.10916645691487 43.19444321842674 50.25582250590998 40.81635049687746 77.94212913578248 59.954389967321774 70.06663853396653 70.144122690151 45.85790016689386 50.25582250590998 86.43863554631403 88.88589451096017 89.63531495401453 55.50088655170596 70.09710224749695 75.56513146996544 83.56058180705529 83.56058180705529 90.12031679776197 58.08016294390456 91.52791805157221 89.63531495401453 5.553877140291147 92.2310272550308 90.93395548263572 83.56058180705529 50.25582250590998 88.88589451096017 35.75851896723237 63.24470046437537 1.2685518838315821 70.09710224749695 69.82120329876163 71.29047333814293 14.882895862137557 36.51770713542541
4.311053084942599 0.0 5.038238596294143 15.5878813564055 9.370699531644846 19.123597266434306 0.22180974628147926 39.12423909704743 32.65500321017289 44.66080365775414 43.577094083558315 38.06956635162973 81.24942809420928 81.24942809420928 81.24942809420928 47.84033482234605 47.84033482234605 85.66284354873218 47.84033482234605 85.78414311992297 85.13138120013124 54.03859268128855 73.12956844568166 67.63752045087229 86.23080958399095 81.82883047667463 57.237887942512856 89.45466749385503 0.0 4.311053084942599 9.370699531644846 9.370699531644846 15.5878813564055 0.22180974628147926 19.123597266434306 32.65500321017289 39.12423909704743 40.91005943349116 47.84033482234605 37.42541283103223 74.44907753059971 57.19375532774381 67.6341552919396 69.55693009422369 43.577094083558315 47.84033482234605 85.66284354873218 85.13138120013124 85.78414311992297 52.41184668685767 67.63752045087229 73.12956844568166 80.17083101773787 80.17083101773787 89.45466749385503 57.237887942512856 87.64002756633037 85.78414311992297 9.370699531644846 88.45468883172005 87.05681423289252 80.17083101773787 47.84033482234605 85.13138120013124 32.65500321017289 59.93143261001045 5.038238596294143 67.63752045087229 67.36969499215866 68.80904574365381 19.123597266434306 33.38844248747866
1.2685518838315821 5.038238596294143 0.0 10.804084903778017 4.436062877489365 14.572167410850888 5.084238072445608 41.783730395970736 35.4908292450888 46.51099899905657 45.28774590688681 40.62560568433202 84.43645824826892 84.43645824826892 84.43645824826892 49.72210924801039 49.72210924801039 85.47219803476223 49.72210924801039 89.69394781661005 88.88560803903702 56.50625553297459 75.01936815395852 69.56183700561728 89.62388885616785 84.93559485110413 57.139010610564 89.13191465832456 5.038238596294143 1.2685518838315821 4.436062877489365 4.436062877489365 10.804084903778017 5.084238072445608 14.572167410850888 35.4908292450888 41.783730395970736 42.6291386751343 49.72210924801039 40.66140120779339 77.80618476622826 59.52709522835725 69.52274483709913 69.14752930370537 45.28774590688681 49.72210924801039 85.47219803476223 88.88560803903702 89.69394781661005 55.200559396759495 69.56183700561728 75.01936815395852 83.37346344807244 83.37346344807244 89.13191465832456 57.139010610564 91.61002142607292 89.69394781661005 4.436062877489365 92.24276975285034 91.00909837561478 83.37346344807244 49.72210924801039 88.88560803903702 35.4908292450888 63.03274047322753 0.0 69.56183700561728 69.2835094679309 70.76157566399246 14.572167410850888 36.25873668958768
11.950320465767476 15.5878813564055 10.804084903778017 0.0 6.397765613822457 11.526719497799485 15.57252694229103 45.407209589404246 39.77966436590106 48.181449952750526 46.70119519596447 44.07034033477366 88.45631309161773 88.45631309161773 88.45631309161773 51.35053044648036 51.35053044648036 81.93328808952253 51.35053044648036 95.52851849328795 94.3098996112388 59.2520417585994 76.11493959528299 70.82065707113007 94.11172382031558 88.75394656287058 54.269899986267 85.28223642583352 15.5878813564055 11.950320465767476 6.397765613822457 6.397765613822457 0.0 15.57252694229103 11.526719497799485 39.77966436590106 45.407209589404246 44.17196927372274 51.35053044648036 45.60508362357705 82.31252061999564 61.900700399027684 70.70201212937674 65.37733018547428 46.70119519596447 51.35053044648036 81.93328808952253 94.3098996112388 95.52851849328795 58.70824546716929 70.82065707113007 76.11493959528299 87.44186170783792 87.44186170783792 85.28223642583352 54.269899986267 97.59647363434338 95.52851849328795 6.397765613822457 97.73368349436612 96.95078485958372 87.44186170783792 51.35053044648036 94.3098996112388 39.77966436590106 67.11516679325386 10.804084903778017 70.82065707113007 70.52345471300949 72.06397940783239 11.526719497799485 40.58346445165723
5.553877140291147 9.370699531644846 4.436062877489365 6.397765613822457 0.0 11.949564077336476 9.384087722224512 43.34949361248466 37.28984022076213 47.29234264624141 45.9545434304181 42.108252423250214 86.30682500899911 86.30682500899911 86.30682500899911 50.50473014040878 50.50473014040878 84.24615924870636 50.50473014040878 92.3054670636795 91.33110181407714 57.782836454624054 75.67509407132809 70.27016385234268 91.6919774854035 86.72481270534031 56.10929272967431 87.7838545015754 9.370699531644846 5.553877140291147 0.0 0.0 6.397765613822457 9.384087722224512 11.949564077336476 37.28984022076213 43.34949361248466 43.331023705163496 50.50473014040878 42.77525234193554 79.86303768711036 60.66161287679081 70.19828789555883 67.78988815635978 45.9545434304181 50.50473014040878 84.24615924870636 91.33110181407714 92.3054670636795 56.78691659694786 70.27016385234268 75.67509407132809 85.26182429168571 85.26182429168571 87.7838545015754 56.10929272967431 94.28462306229433 92.3054670636795 0.0 94.71912788209113 93.6650949344362 85.26182429168571 50.50473014040878 91.33110181407714 37.28984022076213 64.88240233528654 4.436062877489365 70.27016385234268 69.98329080794791 71.49114430493051 11.949564077336476 38.0794622213736
14.882895862137557 19.123597266434306 14.572167410850888 11.526719497799485 11.949564077336476 0.0 19.24424781245862 55.26852842717035 49.238070163864144 58.90449779766237 57.50395872599849 54.012294921869774 98.25129963158273 98.25129963158273 98.25129963158273 62.105668011801605 62.105668011801605 93.38494011622386 62.105668011801605 104.12115060819838 103.2114750425785 69.60432575318502 87.12372684283147 81.76772784993632 103.64006753104866 98.66065092567837 65.79392340307729 96.68610337601565 19.123597266434306 14.882895862137557 11.949564077336476 11.949564077336476 11.526719497799485 19.24424781245862 0.0 49.238070163864144 55.26852842717035 54.9142033587755 62.105668011801605 54.71167233621653 91.81108481877993 72.42042604992531 81.67327125538101 76.82139211915987 57.50395872599849 62.105668011801605 93.38494011622386 103.2114750425785 104.12115060819838 68.6988147947337 81.76772784993632 87.12372684283147 97.20772976625521 97.20772976625521 96.68610337601565 65.79392340307729 106.06976225673726 104.12115060819838 11.949564077336476 106.58979477047333 105.4596139790802 97.20772976625521 62.105668011801605 103.2114750425785 49.238070163864144 76.82789303249874 14.572167410850888 81.76772784993632 81.4756345613486 83.00049827154926 0.0 50.02824730274646
4.404349921582389 0.22180974628147926 5.084238072445608 15.57252694229103 9.384087722224512 19.24424781245862 0.0 38.913393971207306 32.446574325873996 44.44107233105064 43.35651529885283 37.85697902650674 81.05210268377743 81.05210268377743 81.05210268377743 47.620927511910075 47.620927511910075 85.44820597752238 47.620927511910075 85.61214942669723 84.95275508786301 53.82571864929865 72.91079318424289 67.41892991346353 86.03951348862282 81.62945459468932 57.02305938250553 89.24149538289993 0.22180974628147926 4.404349921582389 9.384087722224512 9.384087722224512 15.57252694229103 0.0 19.24424781245862 32.446574325873996 38.913393971207306 40.68944247688233 47.620927511910075 37.22674268535097 74.25632742393434 56.9791710587652 67.41527818831878 69.34538397707904 43.35651529885283 47.620927511910075 85.44820597752238 84.95275508786301 85.61214942669723 52.20428591911492 67.41892991346353 72.91079318424289 79.97389006256685 79.97389006256685 89.24149538289993 57.02305938250553 87.47086702769687 85.61214942669723 9.384087722224512 88.27752757776379 86.88680539843007 79.97389006256685 47.620927511910075 84.95275508786301 32.446574325873996 59.731106418186585 5.084238072445608 67.41892991346353 67.15101377160418 68.59071392613562 19.24424781245862 33.18078397204263
42.10916645691487 39.12423909704743 41.783730395970736 45.407209589404246 43.34949361248466 55.26852842717035 38.913393971207306 0.0 6.576517955939357 9.272986327115062 9.723229255831393 1.464059621812445 43.06432495420487 43.06432495420487 43.06432495420487 11.340187681608827 11.340187681608827 56.778725624723315 11.340187681608827 51.24410307442804 49.52419481345466 14.98066298349856 34.93127359883886 29.465359349670837 48.73097214513352 43.413311264175654 32.03712857135718 61.10711877956656 39.12423909704743 42.10916645691487 43.34949361248466 43.34949361248466 45.407209589404246 38.913393971207306 55.26852842717035 6.576517955939357 0.0 8.627951130029627 11.340187681608827 5.7858748759092125 36.964116985988426 18.28664666795685 29.565142620609354 44.027493983496676 9.723229255831393 11.340187681608827 56.778725624723315 49.52419481345466 51.24410307442804 13.441440772668992 29.465359349670837 34.93127359883886 42.04220993810062 42.04220993810062 61.10711877956656 32.03712857135718 53.505517616298754 51.24410307442804 43.34949361248466 52.981476401139155 52.801827540133246 42.04220993810062 11.340187681608827 49.52419481345466 6.576517955939357 21.7109878107229 41.783730395970736 29.465359349670837 29.234267358109115 30.53264517452719 55.26852842717035 5.94362025768844
35.75851896723237 32.65500321017289 35.4908292450888 39.77966436590106 37.28984022076213 49.238070163864144 32.446574325873996 6.576517955939357 0.0 14.457044190377076 14.240235003159489 5.805536758815872 49.0233914959743 49.0233914959743 49.0233914959743 17.131441005836685 17.131441005836685 61.605954186821016 17.131441005836685 55.97779297386332 54.58386554467827 21.550418382161855 41.44389526724639 35.962510734532586 54.438171838686166 49.47267200888806 35.428718374531854 65.87487002396732 32.65500321017289 35.75851896723237 37.28984022076213 37.28984022076213 39.77966436590106 32.446574325873996 49.238070163864144 0.0 6.576517955939357 12.149047039621191 17.131441005836685 6.160588506832766 42.61421561598383 24.862026088186425 36.04529363790551 47.916524765363754 14.240235003159489 17.131441005836685 61.605954186821016 54.58386554467827 55.97779297386332 19.762755560658622 35.962510734532586 41.44389526724639 47.97482044631279 47.97482044631279 65.87487002396732 35.428718374531854 58.133682791602745 55.97779297386332 37.28984022076213 58.020867025491384 57.46076140829351 47.97482044631279 17.131441005836685 54.58386554467827 0.0 27.59810301384306 35.4908292450888 35.962510734532586 35.724734167832494 37.04858339271069 49.238070163864144 0.80447358076515
47.04939894770255 44.66080365775414 46.51099899905657 48.181449952750526 47.29234264624141 58.90449779766237 44.44107233105064 9.272986327115062 14.457044190377076 0.0 1.763242351059976 9.08782761714721 41.796512955252304 41.796512955252304 41.796512955252304 3.2150422192840424 3.2150422192840424 47.53509228136215 3.2150422192840424 52.96172117970023 50.58040546874961 11.849212236620923 28.51592762298516 23.05096298996819 48.12989471418933 41.76374742565091 23.188307227985042 51.85496158415279 44.66080365775414 47.04939894770255 47.29234264624141 47.29234264624141 48.181449952750526 44.44107233105064 58.90449779766237 14.457044190377076 9.272986327115062 4.010079152716217 3.2150422192840424 15.002299596599565 36.90929800033346 13.895140380986627 23.01727883373524 34.86781162658748 1.763242351059976 3.2150422192840424 47.53509228136215 50.58040546874961 52.96172117970023 13.265519727313787 23.05096298996819 28.51592762298516 40.899074237647284 40.899074237647284 51.85496158415279 23.188307227985042 55.38655192117435 52.96172117970023 47.29234264624141 54.00465443076183 54.63638592711847 40.899074237647284 3.2150422192840424 50.58040546874961 14.457044190377076 21.96237777730247 46.51099899905657 23.05096298996819 22.773339130591612 24.25170411988461 58.90449779766237 14.134944065133709
45.85790016689386 43.577094083558315 45.28774590688681 46.70119519596447 45.9545434304181 57.50395872599849 43.35651529885283 9.723229255831393 14.240235003159489 1.763242351059976 0.0 9.272665818190019 43.52763831382276 43.52763831382276 43.52763831382276 4.671621292001316 4.671621292001316 47.42631211069152 4.671621292001316 54.715403383202315 52.34238036356838 13.593255078803645 29.747278887122206 24.319053710695872 49.8773958219061 43.47939423156856 22.355300942660037 51.71843117581007 43.577094083558315 45.85790016689386 45.9545434304181 45.9545434304181 46.70119519596447 43.35651529885283 57.50395872599849 14.240235003159489 9.723229255831393 2.6679572873008657 4.671621292001316 15.50909992156044 38.67066097854242 15.544203571681598 24.25793591571756 34.3145793011661 0.0 4.671621292001316 47.42631211069152 52.34238036356838 54.715403383202315 15.00644356745502 24.319053710695872 29.747278887122206 42.635333004053685 42.635333004053685 51.71843117581007 22.355300942660037 57.13754733198264 54.715403383202315 45.9545434304181 55.76717122545384 56.388169210412464 42.635333004053685 4.671621292001316 52.34238036356838 14.240235003159489 23.72125841041664 45.28774590688681 24.319053710695872 24.034172852277518 25.5371402093416 57.50395872599849 14.011462897585714
40.97801060761473 38.06956635162973 40.62560568433202 44.07034033477366 42.108252423250214 54.012294921869774 37.85697902650674 1.464059621812445 5.805536758815872 9.08782761714721 9.272665818190019 0.0 44.3869521237164 44.3869521237164 44.3869521237164 11.48515766119666 11.48515766119666 56.6034934010314 11.48515766119666 52.69993296483303 50.964219918262984 15.970222524284434 35.65671158221715 30.169898470881883 50.10088184324719 44.709906527374095 31.411297139698437 60.91447803089106 38.06956635162973 40.97801060761473 42.108252423250214 42.108252423250214 44.07034033477366 37.85697902650674 54.012294921869774 5.805536758815872 1.464059621812445 7.826890846806973 11.48515766119666 6.47799229195602 38.348734110683225 19.186420398185405 30.247299768536443 43.55455562347625 9.272665818190019 11.48515766119666 56.6034934010314 50.964219918262984 52.69993296483303 14.689523937401772 30.169898470881883 35.65671158221715 43.37154263910284 43.37154263910284 60.91447803089106 31.411297139698437 54.9643662758584 52.69993296483303 42.108252423250214 54.42207851349135 54.25987793573992 43.37154263910284 11.48515766119666 50.964219918262984 5.805536758815872 23.070260468325632 40.62560568433202 30.169898470881883 29.929833162989254 31.264257183902984 54.012294921869774 5.294928275961012
84.62875640301068 81.24942809420928 84.43645824826892 88.45631309161773 86.30682500899911 98.25129963158273 81.05210268377743 43.06432495420487 49.0233914959743 41.796512955252304 43.52763831382276 44.3869521237164 0.0 0.0 0.0 39.08119994094723 39.08119994094723 59.5908239818012 39.08119994094723 17.99253973869761 13.859616556897304 29.958520928553448 25.025370673557923 26.213781669173606 6.863497534696978 1.778955398454002 53.98261105956035 63.247830081390774 81.24942809420928 84.62875640301068 86.30682500899911 86.30682500899911 88.45631309161773 81.05210268377743 98.25129963158273 49.0233914959743 43.06432495420487 45.58075328428396 39.08119994094723 43.83095768752289 7.586125791518191 28.2678926656021 26.70336003846847 58.248430647065376 43.52763831382276 39.08119994094723 59.5908239818012 13.859616556897304 17.99253973869761 29.781125487200555 26.213781669173606 25.025370673557923 1.1206498633339599 1.1206498633339599 63.247830081390774 53.98261105956035 20.306814160325864 17.99253973869761 86.30682500899911 16.189451351423898 19.595329207790957 1.1206498633339599 39.08119994094723 13.859616556897304 49.0233914959743 21.425395018757534 84.43645824826892 26.213781669173606 26.466799882249084 25.359125921484853 98.25129963158273 48.238466616586535
84.62875640301068 81.24942809420928 84.43645824826892 88.45631309161773 86.30682500899911 98.25129963158273 81.05210268377743 43.06432495420487 49.0233914959743 41.796512955252304 43.52763831382276 44.3869521237164 0.0 0.0 0.0 39.08119994094723 39.08119994094723 59.5908239818012 39.08119994094723 17.99253973869761 13.859616556897304 29.958520928553448 25.025370673557923 26.213781669173606 6.863497534696978 1.778955398454002 53.98261105956035 63.247830081390774 81.24942809420928 84.62875640301068 86.30682500899911 86.30682500899911 88.45631309161773 81.05210268377743 98.25129963158273 49.0233914959743 43.06432495420487 45.58075328428396 39.08119994094723 43.83095768752289 7.586125791518191 28.2678926656021 26.70336003846847 58.248430647065376 43.52763831382276 39.08119994094723 59.5908239818012 13.859616556897304 17.99253973869761 29.781125487200555 26.213781669173606 25.025370673557923 1.1206498633339599 1.1206498633339599 63.247830081390774 53.98261105956035 20.306814160325864 17.99253973869761 86.30682500899911 16.189451351423898 19.595329207790957 1.1206498633339599 39.08119994094723 13.859616556897304 49.0233914959743 21.425395018757534 84.43645824826892 26.213781669173606 26.466799882249084 25.359125921484853 98.25129963158273 48.238466616586535
84.62875640301068 81.24942809420928 84.43645824826892 88.45631309161773 86.30682500899911 98.25129963158273 81.05210268377743 43.06432495420487 49.0233914959743 41.796512955252304 43.52763831382276 44.3869521237164 0.0 0.0 0.0 39.08119994094723 39.08119994094723 59.5908239818012 39.08119994094723 17.99253973869761 13.859616556897304 29.958520928553448 25.025370673557923 26.213781669173606 6.863497534696978 1.778955398454002 53.98261105956035 63.247830081390774 81.24942809420928 84.62875640301068 86.30682500899911 86.30682500899911 88.45631309161773 81.05210268377743 98.25129963158273 49.0233914959743 43.06432495420487 45.58075328428396 39.08119994094723 43.83095768752289 7.586125791518191 28.2678926656021 26.70336003846847 58.248430647065376 43.52763831382276 39.08119994094723 59.5908239818012 13.859616556897304 17.99253973869761 29.781125487200555 26.213781669173606 25.025370673557923 1.1206498633339599 1.1206498633339599 63.247830081390774 53.98261105956035 20.306814160325864 17.99253973869761 86.30682500899911 16.189451351423898 19.595329207790957 1.1206498633339599 39.08119994094723 13.859616556897304 49.0233914959743 21.425395018757534 84.43645824826892 26.213781669173606 26.466799882249084 25.359125921484853 98.25129963158273 48.238466616586535
50.25582250590998 47.84033482234605 49.72210924801039 51.35053044648036 50.50473014040878 62.105668011801605 47.620927511910075 11.340187681608827 17.131441005836685 3.2150422192840424 4.671621292001316 11.48515766119666 39.08119994094723 39.08119994094723 39.08119994094723 0.0 0.0 45.63735419790069 0.0 50.88495924954448 48.34248726233227 9.329979294219424 25.31258377448683 19.841604287560923 45.51855592371685 38.97530083297245 22.725811460392304 49.98880101914261 47.84033482234605 50.25582250590998 50.50473014040878 50.50473014040878 51.35053044648036 47.620927511910075 62.105668011801605 17.131441005836685 11.340187681608827 7.192473493358041 0.0 16.79144831967371 34.49477638037906 10.938581468424246 19.813581301724128 33.75832844585875 4.671621292001316 0.0 45.63735419790069 48.34248726233227 50.88495924954448 11.570334849513522 19.841604287560923 25.31258377448683 38.21390740189436 38.21390740189436 49.98880101914261 22.725811460392304 53.34211452001462 50.88495924954448 50.50473014040878 51.741180360968 52.58290205948897 38.21390740189436 0.0 48.34248726233227 17.131441005836685 19.888481806489033 49.72210924801039 19.841604287560923 19.565385336500068 21.03951609029436 62.105668011801605 16.7242998754661
50.25582250590998 47.84033482234605 49.72210924801039 51.35053044648036 50.50473014040878 62.105668011801605 47.620927511910075 11.340187681608827 17.131441005836685 3.2150422192840424 4.671621292001316 11.48515766119666 39.08119994094723 39.08119994094723 39.08119994094723 0.0 0.0 45.63735419790069 0.0 50.88495924954448 48.34248726233227 9.329979294219424 25.31258377448683 19.841604287560923 45.51855592371685 38.97530083297245 22.725811460392304 49.98880101914261 47.84033482234605 50.25582250590998 50.50473014040878 50.50473014040878 51.35053044648036 47.620927511910075 62.105668011801605 17.131441005836685 11.340187681608827 7.192473493358041 0.0 16.79144831967371 34.49477638037906 10.938581468424246 19.813581301724128 33.75832844585875 4.671621292001316 0.0 45.63735419790069 48.34248726233227 50.88495924954448 11.570334849513522 19.841604287560923 25.31258377448683 38.21390740189436 38.21390740189436 49.98880101914261 22.725811460392304 53.34211452001462 50.88495924954448 50.50473014040878 51.741180360968 52.58290205948897 38.21390740189436 0.0 48.34248726233227 17.131441005836685 19.888481806489033 49.72210924801039 19.841604287560923 19.565385336500068 21.03951609029436 62.105668011801605 16.7242998754661
86.43863554631403 85.66284354873218 85.47219803476223 81.93328808952253 84.24615924870636 93.38494011622386 85.44820597752238 56.778725624723315 61.605954186821016 47.53509228136215 47.42631211069152 56.6034934010314 59.5908239818012 59.5908239818012 59.5908239818012 45.63735419790069 45.63735419790069 0.0 45.63735419790069 77.43623091005684 73.40287870543088 48.0851247929659 35.29902904414326 36.81835910241824 65.73004813946399 58.148244762834274 28.426068511762494 4.37714598831786 85.66284354873218 86.43863554631403 84.24615924870636 84.24615924870636 81.93328808952253 85.44820597752238 93.38494011622386 61.605954186821016 56.778725624723315 49.4722979273014 45.63735419790069 62.39976360353134 61.13590551809465 45.364650813003024 36.315864519802446 16.56631116025012 47.42631211069152 45.63735419790069 0.0 73.40287870543088 77.43623091005684 52.41433107451202 36.81835910241824 35.29902904414326 59.576776139419835 59.576776139419835 4.37714598831786 28.426068511762494 79.83445256984132 77.43623091005684 84.24615924870636 75.74062266221314 79.10113128670456 59.576776139419835 45.63735419790069 73.40287870543088 61.605954186821016 55.32548883319827 85.47219803476223 36.81835910241824 36.73881110902718 36.95334726733481 93.38494011622386 61.42392628297284
50.25582250590998 47.84033482234605 49.72210924801039 51.35053044648036 50.50473014040878 62.105668011801605 47.620927511910075 11.340187681608827 17.131441005836685 3.2150422192840424 4.671621292001316 11.48515766119666 39.08119994094723 39.08119994094723 39.08119994094723 0.0 0.0 45.63735419790069 0.0 50.88495924954448 48.34248726233227 9.329979294219424 25.31258377448683 19.841604287560923 45.51855592371685 38.97530083297245 22.725811460392304 49.98880101914261 47.84033482234605 50.25582250590998 50.50473014040878 50.50473014040878 51.35053044648036 47.620927511910075 62.105668011801605 17.131441005836685 11.340187681608827 7.192473493358041 0.0 16.79144831967371 34.49477638037906 10.938581468424246 19.813581301724128 33.75832844585875 4.671621292001316 0.0 45.63735419790069 48.34248726233227 50.88495924954448 11.570334849513522 19.841604287560923 25.31258377448683 38.21390740189436 38.21390740189436 49.98880101914261 22.725811460392304 53.34211452001462 50.88495924954448 50.50473014040878 51.741180360968 52.58290205948897 38.21390740189436 0.0 48.34248726233227 17.131441005836685 19.888481806489033 49.72210924801039 19.841604287560923 19.565385336500068 21.03951609029436 62.105668011801605 16.7242998754661
89.63531495401453 85.78414311992297 89.69394781661005 95.52851849328795 92.3054670636795 104.12115060819838 85.61214942669723 51.24410307442804 55.97779297386332 52.96172117970023 54.715403383202315 52.69993296483303 17.99253973869761 17.99253973869761 17.99253973869761 50.88495924954448 50.88495924954448 77.43623091005684 50.88495924954448 0.0 4.219916516187585 41.63869864064312 42.44375202159105 42.65087226047021 13.11286339499661 19.59493580608793 69.23281168508801 81.1605218274051 85.78414311992297 89.63531495401453 92.3054670636795 92.3054670636795 95.52851849328795 85.61214942669723 104.12115060819838 55.97779297386332 51.24410307442804 56.197884276412005 50.88495924954448 49.97686317480877 17.4197149884951 41.2200056844864 43.1702369634263 74.9955539111674 54.715403383202315 50.88495924954448 77.43623091005684 4.219916516187585 0.0 39.731961746180076 42.65087226047021 42.44375202159105 17.888486072744183 17.888486072744183 81.1605218274051 69.23281168508801 2.5388503802851243 0.0 92.3054670636795 4.2337652214268555 1.758833220671606 17.888486072744183 50.88495924954448 4.219916516187585 55.97779297386332 31.019492008179544 89.69394781661005 42.65087226047021 42.85726870516047 42.01217664793902 104.12115060819838 55.17731718996261
88.88589451096017 85.13138120013124 88.88560803903702 94.3098996112388 91.33110181407714 103.2114750425785 84.95275508786301 49.52419481345466 54.58386554467827 50.58040546874961 52.34238036356838 50.964219918262984 13.859616556897304 13.859616556897304 13.859616556897304 48.34248726233227 48.34248726233227 73.40287870543088 48.34248726233227 4.219916516187585 0.0 39.0289074068473 38.54188150125075 39.00155529149674 8.951373624441983 15.425339394564235 65.96142003571595 77.09159569004812 85.13138120013124 88.88589451096017 91.33110181407714 91.33110181407714 94.3098996112388 84.95275508786301 103.2114750425785 54.58386554467827 49.52419481345466 53.9661275535153 48.34248726233227 48.70734264669653 14.164958690391986 38.3310384621828 39.5160009508723 71.33329108391406 52.34238036356838 48.34248726233227 73.40287870543088 0.0 4.219916516187585 37.4684469343202 39.00155529149674 38.54188150125075 13.82643986358887 13.82643986358887 77.09159569004812 65.96142003571595 6.4472064397640025 4.219916516187585 91.33110181407714 3.4594639071546696 5.741333652453751 13.82643986358887 48.34248726233227 0.0 54.58386554467827 28.64117834555039 88.88560803903702 39.00155529149674 39.21997639989464 38.30821220983374 103.2114750425785 53.77968832944116
56.89620472199426 54.03859268128855 56.50625553297459 59.2520417585994 57.782836454624054 69.60432575318502 53.82571864929865 14.98066298349856 21.550418382161855 11.849212236620923 13.593255078803645 15.970222524284434 29.958520928553448 29.958520928553448 29.958520928553448 9.329979294219424 9.329979294219424 48.0851247929659 9.329979294219424 41.63869864064312 39.0289074068473 0.0 20.500003906354262 15.242181773959377 36.28453417977526 29.966630784788002 29.590216007691 52.44975593869341 54.03859268128855 56.89620472199426 57.782836454624054 57.782836454624054 59.2520417585994 53.82571864929865 69.60432575318502 21.550418382161855 14.98066298349856 15.633178816079914 9.329979294219424 18.384190356045664 25.167289565159336 3.537689359413972 15.456714029683754 38.834818054740225 13.593255078803645 9.329979294219424 48.0851247929659 39.0289074068473 41.63869864064312 4.329264631586204 15.242181773959377 20.500003906354262 29.05340435367876 29.05340435367876 52.44975593869341 29.590216007691 44.11257371481699 41.63869864064312 57.782836454624054 42.42047241235441 43.34862216079248 29.05340435367876 9.329979294219424 39.0289074068473 21.550418382161855 10.777229522116226 56.50625553297459 15.242181773959377 15.06487546065489 16.15101414883638 69.60432575318502 20.886184043485894
75.56513146996544 73.12956844568166 75.01936815395852 76.11493959528299 75.67509407132809 87.12372684283147 72.91079318424289 34.93127359883886 41.44389526724639 28.51592762298516 29.747278887122206 35.65671158221715 25.025370673557923 25.025370673557923 25.025370673557923 25.31258377448683 25.31258377448683 35.29902904414326 25.31258377448683 42.44375202159105 38.54188150125075 20.500003906354262 0.0 5.503068236993277 31.6425325418371 23.822782709797558 31.111847564862252 39.25086165749794 73.12956844568166 75.56513146996544 75.67509407132809 75.67509407132809 76.11493959528299 72.91079318424289 87.12372684283147 41.44389526724639 34.93127359883886 32.39673150148854 25.31258377448683 38.857717953322044 25.839623176190283 16.967050829494077 5.499002473076149 33.422552912438654 29.747278887122206 25.31258377448683 35.29902904414326 38.54188150125075 42.44375202159105 23.94678969855582 5.503068236993277 0.0 24.81864064064361 24.81864064064361 39.25086165749794 31.111847564862252 44.90279091335117 42.44375202159105 75.67509407132809 41.15886427192422 44.14965639829891 24.81864064064361 25.31258377448683 38.54188150125075 41.44389526724639 22.578512104428768 75.01936815395852 5.503068236993277 5.762603475904803 4.399284438140194 87.12372684283147 40.86151511881721
70.09710224749695 67.63752045087229 69.56183700561728 70.82065707113007 70.27016385234268 81.76772784993632 67.41892991346353 29.465359349670837 35.962510734532586 23.05096298996819 24.319053710695872 30.169898470881883 26.213781669173606 26.213781669173606 26.213781669173606 19.841604287560923 19.841604287560923 36.81835910241824 19.841604287560923 42.65087226047021 39.00155529149674 15.242181773959377 5.503068236993277 0.0 33.05384831675382 25.315806544369757 28.02528402637103 40.99196561372572 67.63752045087229 70.09710224749695 70.27016385234268 70.27016385234268 70.82065707113007 67.41892991346353 81.76772784993632 35.962510734532586 29.465359349670837 26.95756127110598 19.841604287560923 33.51182733420399 25.40242157407151 11.709125721699895 0.5258161229858798 32.34596999384396 24.319053710695872 19.841604287560923 36.81835910241824 39.00155529149674 42.65087226047021 18.934758419635077 0.0 5.503068236993277 25.779470523588373 25.779470523588373 40.99196561372572 28.02528402637103 45.1696845419755 42.65087226047021 70.27016385234268 41.90194665727807 44.397229821885745 25.779470523588373 19.841604287560923 39.00155529149674 35.962510734532586 18.944080357750035 69.56183700561728 0.0 0.31380539355642056 1.2583617682684132 81.76772784993632 35.387833922337926
89.75068843151024 86.23080958399095 89.62388885616785 94.11172382031558 91.6919774854035 103.64006753104866 86.03951348862282 48.73097214513352 54.438171838686166 48.12989471418933 49.8773958219061 50.10088184324719 6.863497534696978 6.863497534696978 6.863497534696978 45.51855592371685 45.51855592371685 65.73004813946399 45.51855592371685 13.11286339499661 8.951373624441983 36.28453417977526 31.6425325418371 33.05384831675382 0.0 7.825658487173001 60.84592510450874 69.26348922414198 86.23080958399095 89.75068843151024 91.6919774854035 91.6919774854035 94.11172382031558 86.03951348862282 103.64006753104866 54.438171838686166 48.73097214513352 51.82972187402436 45.51855592371685 48.969676928382135 11.828985767500999 34.825107399921144 33.539521726319784 64.9801225943003 49.8773958219061 45.51855592371685 65.73004813946399 8.951373624441983 13.11286339499661 35.70297338846496 33.05384831675382 31.6425325418371 7.475373450033238 7.475373450033238 69.26348922414198 60.84592510450874 15.043664193062451 13.11286339499661 91.6919774854035 10.264865796063 14.439044833542704 7.475373450033238 45.51855592371685 8.951373624441983 54.438171838686166 27.034393648393078 89.62388885616785 33.05384831675382 33.31024800547609 32.177947020749606 103.64006753104866 53.64139696925549
85.15304987288582 81.82883047667463 84.93559485110413 88.75394656287058 86.72481270534031 98.66065092567837 81.62945459468932 43.413311264175654 49.47267200888806 41.76374742565091 43.47939423156856 44.709906527374095 1.778955398454002 1.778955398454002 1.778955398454002 38.97530083297245 38.97530083297245 58.148244762834274 38.97530083297245 19.59493580608793 15.425339394564235 29.966630784788002 23.822782709797558 25.315806544369757 7.825658487173001 0.0 53.21983931133878 61.76461908390504 81.82883047667463 85.15304987288582 86.72481270534031 86.72481270534031 88.75394656287058 81.62945459468932 98.66065092567837 49.47267200888806 43.413311264175654 45.59891254888696 38.97530083297245 44.40486641591922 8.904924981264118 28.089215268624848 25.793236963638314 57.156038321270465 43.47939423156856 38.97530083297245 58.148244762834274 15.425339394564235 19.59493580608793 30.04571042895539 25.315806544369757 23.822782709797558 2.5793922523936477 2.5793922523936477 61.76461908390504 53.21983931133878 21.864425106857592 19.59493580608793 86.72481270534031 17.5924638130767 21.166617770327115 2.5793922523936477 38.97530083297245 15.425339394564235 49.47267200888806 21.908766325139794 84.93559485110413 25.315806544369757 25.57940548968769 24.407278413759776 98.66065092567837 48.69444013152215
58.08016294390456 57.237887942512856 57.139010610564 54.269899986267 56.10929272967431 65.79392340307729 57.02305938250553 32.03712857135718 35.428718374531854 23.188307227985042 22.355300942660037 31.411297139698437 53.98261105956035 53.98261105956035 53.98261105956035 22.725811460392304 22.725811460392304 28.426068511762494 22.725811460392304 69.23281168508801 65.96142003571595 29.590216007691 31.111847564862252 28.02528402637103 60.84592510450874 53.21983931133878 0.0 32.28158438465432 57.237887942512856 58.08016294390456 56.10929272967431 56.10929272967431 54.269899986267 57.02305938250553 65.79392340307729 35.428718374531854 32.03712857135718 23.619224927758836 22.725811460392304 37.80787196103243 51.84888706667245 28.67211784877129 27.584561204774257 12.77880444675028 22.355300942660037 22.725811460392304 28.426068511762494 65.96142003571595 69.23281168508801 33.28381392666941 28.02528402637103 31.111847564862252 53.43624235600392 53.43624235600392 32.28158438465432 0.0 71.77023323589651 69.23281168508801 56.10929272967431 69.09407415802315 70.99013532438396 53.43624235600392 22.725811460392304 65.96142003571595 35.428718374531854 39.92870201303444 57.139010610564 28.02528402637103 27.741933760186075 29.064446681163098 65.79392340307729 35.440377904217144
90.12031679776197 89.45466749385503 89.13191465832456 85.28223642583352 87.7838545015754 96.68610337601565 89.24149538289993 61.10711877956656 65.87487002396732 51.85496158415279 51.71843117581007 60.91447803089106 63.247830081390774 63.247830081390774 63.247830081390774 49.98880101914261 49.98880101914261 4.37714598831786 49.98880101914261 81.1605218274051 77.09159569004812 52.44975593869341 39.25086165749794 40.99196561372572 69.26348922414198 61.76461908390504 32.28158438465432 0.0 89.45466749385503 90.12031679776197 87.7838545015754 87.7838545015754 85.28223642583352 89.24149538289993 96.68610337601565 65.87487002396732 61.10711877956656 53.732490625210716 49.98880101914261 66.74132616954256 65.05257570737271 49.70941982521729 40.49501745314 19.99732305885643 51.71843117581007 49.98880101914261 4.37714598831786 77.09159569004812 81.1605218274051 56.779017853244405 40.99196561372572 39.25086165749794 63.27707561659513 63.27707561659513 0.0 32.28158438465432 83.53372448265681 81.1605218274051 87.7838545015754 79.34741186238712 82.80834968381664 63.27707561659513 49.98880101914261 77.09159569004812 65.87487002396732 59.59205285916551 89.13191465832456 40.99196561372572 40.922650934562995 41.08229571811466 96.68610337601565 65.70445282878629
4.311053084942599 0.0 5.038238596294143 15.5878813564055 9.370699531644846 19.123597266434306 0.22180974628147926 39.12423909704743 32.65500321017289 44.66080365775414 43.577094083558315 38.06956635162973 81.24942809420928 81.24942809420928 81.24942809420928 47.84033482234605 47.84033482234605 85.66284354873218 47.84033482234605 85.78414311992297 85.13138120013124 54.03859268128855 73.12956844568166 67.63752045087229 86.23080958399095 81.82883047667463 57.237887942512856 89.45466749385503 0.0 4.311053084942599 9.370699531644846 9.370699531644846 15.5878813564055 0.22180974628147926 19.123597266434306 32.65500321017289 39.12423909704743 40.91005943349116 47.84033482234605 37.42541283103223 74.44907753059971 57.19375532774381 67.6341552919396 69.55693009422369 43.577094083558315 47.84033482234605 85.66284354873218 85.13138120013124 85.78414311992297 52.41184668685767 67.63752045087229 73.12956844568166 80.17083101773787 80.17083101773787 89.45466749385503 57.237887942512856 87.64002756633037 85.78414311992297 9.370699531644846 88.45468883172005 87.05681423289252 80.17083101773787 47.84033482234605 85.13138120013124 32.65500321017289 59.93143261001045 5.038238596294143 67.63752045087229 67.36969499215866 68.80904574365381 19.123597266434306 33.38844248747866
0.0 4.311053084942599 1.2685518838315821 11.950320465767476 5.553877140291147 14.882895862137557 4.404349921582389 42.10916645691487 35.75851896723237 47.04939894770255 45.85790016689386 40.97801060761473 84.62875640301068 84.62875640301068 84.62875640301068 50.25582250590998 50.25582250590998 86.43863554631403 50.25582250590998 89.63531495401453 88.88589451096017 56.89620472199426 75.56513146996544 70.09710224749695 89.75068843151024 85.15304987288582 58.08016294390456 90.12031679776197 4.311053084942599 0.0 5.553877140291147 5.553877140291147 11.950320465767476 4.404349921582389 14.882895862137557 35.75851896723237 42.10916645691487 43.19444321842674 50.25582250590998 40.81635049687746 77.94212913578248 59.954389967321774 70.06663853396653 70.144122690151 45.85790016689386 50.25582250590998 86.43863554631403 88.88589451096017 89.63531495401453 55.50088655170596 70.09710224749695 75.56513146996544 83.56058180705529 83.56058180705529 90.12031679776197 58.08016294390456 91.52791805157221 89.63531495401453 5.553877140291147 92.2310272550308 90.93395548263572 83.56058180705529 50.25582250590998 88.88589451096017 35.75851896723237 63.24470046437537 1.2685518838315821 70.09710224749695 69.82120329876163 71.29047333814293 14.882895862137557 36.51770713542541
5.553877140291147 9.370699531644846 4.436062877489365 6.397765613822457 0.0 11.949564077336476 9.384087722224512 43.34949361248466 37.28984022076213 47.29234264624141 45.9545434304181 42.108252423250214 86.30682500899911 86.30682500899911 86.30682500899911 50.50473014040878 50.50473014040878 84.24615924870636 50.50473014040878 92.3054670636795 91.33110181407714 57.782836454624054 75.67509407132809 70.27016385234268 91.6919774854035 86.72481270534031 56.10929272967431 87.7838545015754 9.370699531644846 5.553877140291147 0.0 0.0 6.397765613822457 9.384087722224512 11.949564077336476 37.28984022076213 43.34949361248466 43.331023705163496 50.50473014040878 42.77525234193554 79.86303768711036 60.66161287679081 70.19828789555883 67.78988815635978 45.9545434304181 50.50473014040878 84.24615924870636 91.33110181407714 92.3054670636795 56.78691659694786 70.27016385234268 75.67509407132809 85.26182429168571 85.26182429168571 87.7838545015754 56.10929272967431 94.28462306229433 92.3054670636795 0.0 94.71912788209113 93.6650949344362 85.26182429168571 50.50473014040878 91.33110181407714 37.28984022076213 64.88240233528654 4.436062877489365 70.27016385234268 69.98329080794791 71.49114430493051 11.949564077336476 38.0794622213736
