0.0 3.5789909979476002 5.151723535851915 12.757460095897557 7.418791561209576 23.8533670372551 41.57397197028786 37.107572080039624 40.12429957176086 31.462667035005666 36.99431957874397 35.327737649809386 40.6657640335271 26.507651995320206 45.69257444387458 27.176545569784132 49.00475111896062 52.106313798366266 25.41708249250288 31.470769305534386 27.194787149877467 27.387326788468627 22.12378379040893 27.321930399268286 54.48519805792115 27.11604728848869 28.072449560793903 23.164160292355692 36.304729100321616 34.272510763671576 53.98436173770076 59.43622230430401 51.7241750283591 41.814622458541805 38.098603112463515 32.64856972776677 35.74657826507088 55.41635480499106 63.25805783458894 62.29969145491021 65.39524592837776 53.96138680322798 62.29969145491021 63.75198215475464 64.85356425980322 66.89856525763587 60.30078312841087 35.2426215253199 38.657037346274436 62.20173720501793 40.36634853848964 22.296407753602608 69.01136920505552 62.29969145491021 61.704973916911186 55.60176123394514 60.84430395740184 59.21592197305871 64.2751497048546 52.34948193269053 62.404002759131714 62.29969145491021 3.5789909979476002 0.0 12.757460095897557 5.151723535851915 6.501416680494106 23.231647480138466 36.28983985765636 41.57397197028786 37.107572080039624 35.327737649809386 35.2426215253199 40.6657640335271 35.327737649809386 45.69257444387458 26.507651995320206 24.27763946679878 52.106313798366266 49.00475111896062 25.40262894181059 22.296407753602608 27.387326788468627 27.194787149877467 27.321930399268286 22.12378379040893 55.41635480499106 10.072381369008363 23.164160292355692 28.072449560793903 38.657037346274436 36.109758011947314 59.43622230430401 53.98436173770076 41.814622458541805 51.7241750283591 42.86262819364291 35.74657826507088 32.64856972776677 54.48519805792115 62.29969145491021 63.25805783458894 53.96138680322798 65.39524592837776 63.75198215475464 62.29969145491021 43.49922368052596 60.30078312841087 66.89856525763587 36.99431957874397 36.304729100321616 62.29969145491021 37.02525222273233 31.688986449327526 66.16405793861934 61.704973916911186 62.29969145491021 60.84430395740184 55.60176123394514 64.2751497048546 60.30078312841087 57.69659350364652 60.30078312841087 60.75159245763486 63.75198215475464 62.20173720501793 35.327737649809386 65.39524592837776 63.25805783458894 60.30078312841087 38.657037346274436 62.29969145491021 22.12378379040893 41.814622458541805 31.462667035005666 55.60176123394514 55.41635480499106 56.51493929751762 45.69257444387458 22.296407753602608
3.5789909979476002 0.0 8.730590156478272 14.315838295708428 9.671061624183013 23.867313689104034 40.860928794283986 36.38256498290953 39.65717875070836 33.44880882863648 35.73262610998708 37.10548268300435 42.13518294736068 28.62913031227055 47.87336497682801 28.520912994631583 46.387979345255864 50.27222929488573 22.526538040377552 28.351608888600225 23.934230877675365 24.47489882094119 19.52358903878512 24.31399992873573 53.14463003797226 23.869425073733083 25.446012274797933 20.594987130841467 33.53594104561444 31.627861307254857 50.44473883240183 55.87935379642964 48.152301445081235 38.24117087555174 34.53901810224661 29.3408400785269 32.49524860656247 52.040988656328004 60.02616493083222 58.93960914849185 62.06616361539203 50.41288114826284 58.93960914849185 60.535093062787354 61.357423102096945 63.395774459048035 56.748178849007104 31.689247740411833 35.64810677976694 58.93561660384395 36.978745809458644 19.604394668466043 65.49238970399333 58.93960914849185 58.74454333955065 52.22078764816261 57.429027685922414 55.67644311728495 60.78655685014668 48.77524896595966 58.84159708412708 58.93960914849185 0.0 3.5789909979476002 14.315838295708428 8.730590156478272 8.748821552281749 23.708563591401113 35.25104954324912 40.860928794283986 36.38256498290953 37.10548268300435 31.689247740411833 42.13518294736068 37.10548268300435 47.87336497682801 28.62913031227055 25.44490561153685 50.27222929488573 46.387979345255864 22.27634188023662 19.604394668466043 24.47489882094119 23.934230877675365 24.31399992873573 19.52358903878512 52.040988656328004 7.575957675166111 20.594987130841467 25.446012274797933 35.64810677976694 33.37677511499785 55.87935379642964 50.44473883240183 38.24117087555174 48.152301445081235 39.31152751089764 32.49524860656247 29.3408400785269 53.14463003797226 58.93960914849185 60.02616493083222 50.41288114826284 62.06616361539203 60.535093062787354 58.93960914849185 39.94620063009337 56.748178849007104 63.395774459048035 35.73262610998708 33.53594104561444 58.93960914849185 33.56213994418487 28.17778465236596 62.65275793813358 58.74454333955065 58.93960914849185 57.429027685922414 52.22078764816261 60.78655685014668 56.748178849007104 54.13178916237484 56.748178849007104 57.58338356587797 60.535093062787354 58.93561660384395 37.10548268300435 62.06616361539203 60.02616493083222 56.748178849007104 35.64810677976694 58.93960914849185 19.52358903878512 38.24117087555174 33.44880882863648 52.22078764816261 52.040988656328004 53.11549153999713 47.87336497682801 19.604394668466043
5.151723535851915 8.730590156478272 0.0 12.180056928322395 6.733479815472628 24.705090915862087 43.05187313191871 38.660308154478166 41.28146088348076 29.09116478963636 39.26613384331929 33.22910347486405 38.97869879755797 24.01649694074328 42.8362807080725 25.940046379850763 52.93484923681466 55.00363644136626 29.81440173504306 36.08774762284146 31.98922161152922 31.792578147296222 26.24335662262193 31.834888679978206 56.707259078127734 31.89540395891276 32.14545787782724 27.233736470625296 40.48298542311165 38.31393751948483 59.09477398635462 64.56565777873726 56.87004225401756 46.95693590972007 43.222874111223646 37.47952979963192 40.50383213486149 60.29938965068649 67.99275943667827 67.19312172821485 70.24876532552045 59.081840355525806 67.19312172821485 68.46761456642085 69.9112723002274 71.96388094961831 65.42535677164967 40.35962660421014 43.11502097630325 66.9796899641959 45.27864755511999 26.512710303042947 74.07727409170109 67.19312172821485 66.10227070958491 60.49185553772896 65.77564492275262 64.32556777896859 69.32392066968615 57.49765288650469 67.53947668424046 67.19312172821485 8.730590156478272 5.151723535851915 12.180056928322395 0.0 6.209597836507858 23.449324430980354 38.27627112494672 43.05187313191871 38.660308154478166 33.22910347486405 40.35962660421014 38.97869879755797 33.22910347486405 42.8362807080725 24.01649694074328 23.414107672393758 55.00363644136626 52.93484923681466 30.058666223346137 26.512710303042947 31.792578147296222 31.98922161152922 31.834888679978206 26.24335662262193 60.29938965068649 14.462092285830337 27.233736470625296 32.14545787782724 43.11502097630325 40.245830833088064 64.56565777873726 59.09477398635462 46.95693590972007 56.87004225401756 47.97525313479108 40.50383213486149 37.47952979963192 56.707259078127734 67.19312172821485 67.99275943667827 59.081840355525806 70.24876532552045 68.46761456642085 67.19312172821485 48.61422226877539 65.42535677164967 71.96388094961831 39.26613384331929 40.48298542311165 67.19312172821485 42.0321733859888 36.757030776064155 71.22011526710827 66.10227070958491 67.19312172821485 65.77564492275262 60.49185553772896 69.32392066968615 65.42535677164967 62.83487406868974 65.42535677164967 65.4097518250406 68.46761456642085 66.9796899641959 33.22910347486405 70.24876532552045 67.99275943667827 65.42535677164967 43.11502097630325 67.19312172821485 26.24335662262193 46.95693590972007 29.09116478963636 60.49185553772896 60.29938965068649 61.42817327258507 42.8362807080725 26.512710303042947
12.757460095897557 14.315838295708428 12.180056928322395 0.0 5.609428876256082 36.338101073588255 54.296485147382995 49.83753704797757 52.76955990140976 40.87478982951702 49.722654027852165 45.1247427495363 51.01695149474587 35.7938410452369 54.0992052366274 38.10971522691942 60.42129631333151 64.56880560945336 36.37232004561871 41.660000333026225 36.908441312297455 38.261824019321494 33.697222077555516 37.9373442858422 67.20355060053915 36.89319211693583 39.558522530062234 34.78099287255781 47.445793049782026 45.688891193653824 57.69934353717071 63.450402644720654 56.444481117065095 48.03879974791936 44.90676558390005 42.000088430470235 45.31894835456816 63.9978915229733 63.217934176255795 63.41772612264484 66.14854436111257 57.87865659232895 63.41772612264484 63.5810674672489 67.55362986052047 69.66615933821177 64.18133227244107 42.29270000051027 49.12895370696678 62.4676855409467 49.07629785723641 33.70814442772042 76.01983020821544 63.41772612264484 59.80522032677918 64.1409345185893 69.06292051823579 62.807700775417985 66.87203306970402 57.179688703097874 66.53043656869619 63.41772612264484 14.315838295708428 12.757460095897557 0.0 12.180056928322395 6.406700397245314 35.380510117268884 49.046313374130634 54.296485147382995 49.83753704797757 45.1247427495363 42.29270000051027 51.01695149474587 45.1247427495363 54.0992052366274 35.7938410452369 35.588926238651126 64.56880560945336 60.42129631333151 35.682740208484645 33.70814442772042 38.261824019321494 36.908441312297455 37.9373442858422 33.697222077555516 63.9978915229733 21.886191637599964 34.78099287255781 39.558522530062234 49.12895370696678 47.33253576027704 63.450402644720654 57.69934353717071 48.03879974791936 56.444481117065095 49.72801074825995 45.31894835456816 42.000088430470235 67.20355060053915 63.41772612264484 63.217934176255795 57.87865659232895 66.14854436111257 63.5810674672489 63.41772612264484 50.30650122784338 64.18133227244107 69.66615933821177 49.722654027852165 47.445793049782026 63.41772612264484 45.20617785214976 39.528993193104014 73.31404938602458 59.80522032677918 63.41772612264484 69.06292051823579 64.1409345185893 66.87203306970402 64.18133227244107 61.99553909935225 64.18133227244107 60.27918058329051 63.5810674672489 62.4676855409467 45.1247427495363 66.14854436111257 63.217934176255795 64.18133227244107 49.12895370696678 63.41772612264484 33.697222077555516 48.03879974791936 40.87478982951702 64.1409345185893 63.9978915229733 64.90564475329525 54.0992052366274 33.70814442772042
7.418791561209576 9.671061624183013 6.733479815472628 5.609428876256082 0.0 30.744027312689514 48.7777231951682 44.32860334597663 47.205003341348686 35.758158805944575 44.382942398145104 39.93196878721517 45.71014516661687 30.675999134721927 49.320762532837925 32.647743258116265 56.0524442908082 59.512211572147734 32.185401760745144 37.887854394185304 33.33352791009692 34.126661709363354 29.172666091012697 33.931278072836506 61.87743454516986 33.28793739335555 35.105573184914775 30.237786906407628 43.20595057821392 41.29284256011139 57.03070271230496 62.6788041832654 55.31765819124348 46.17367240747685 42.750143472901854 38.63710985043145 41.86997516826247 61.10920316935665 64.22705198124504 63.9258960264756 66.82858525877705 57.12073502748804 63.9258960264756 64.64833574832384 67.38662746316358 69.4782490264681 63.47314163618669 40.002226518020365 45.24748929118508 63.34084630967728 46.06354426165662 29.26986730644991 73.91989240682081 63.9258960264756 61.591508043937594 61.27328532303918 66.36539280220003 62.221944642506685 66.74765215635185 56.007656183326986 65.72258712117439 63.9258960264756 9.671061624183013 7.418791561209576 5.609428876256082 6.733479815472628 0.9341816914182046 29.771733626347 43.627159968547204 48.7777231951682 44.32860334597663 39.93196878721517 40.002226518020365 45.71014516661687 39.93196878721517 49.320762532837925 30.675999134721927 30.05873534999283 59.512211572147734 56.0524442908082 31.82596067856308 29.26986730644991 34.126661709363354 33.33352791009692 33.931278072836506 29.172666091012697 61.10920316935665 17.143827272670713 30.237786906407628 35.105573184914775 45.24748929118508 43.047836384765574 62.6788041832654 57.03070271230496 46.17367240747685 55.31765819124348 47.58190607169239 41.86997516826247 38.63710985043145 61.87743454516986 63.9258960264756 64.22705198124504 57.12073502748804 66.82858525877705 64.64833574832384 63.9258960264756 48.19101488509115 63.47314163618669 69.4782490264681 44.382942398145104 43.20595057821392 63.9258960264756 42.418722258779354 36.85057045903196 71.13964329643558 61.591508043937594 63.9258960264756 66.36539280220003 61.27328532303918 66.74765215635185 63.47314163618669 61.0888691179073 63.47314163618669 61.45891041008269 64.64833574832384 63.34084630967728 39.93196878721517 66.82858525877705 64.22705198124504 63.47314163618669 45.24748929118508 63.9258960264756 29.172666091012697 46.17367240747685 35.758158805944575 61.27328532303918 61.10920316935665 62.112397917309416 49.320762532837925 29.26986730644991
23.8533670372551 23.867313689104034 24.705090915862087 36.338101073588255 30.744027312689514 0.0 18.525807344096034 14.295555939399147 16.586126223087124 18.195581491984147 16.451617894697353 19.44384697551097 21.899526696785276 16.330618344294365 31.36137467960567 10.551959658118392 36.037760915191406 33.14393662910032 21.736404618069415 27.715728589735722 26.88953488560672 22.932598308601822 17.962529141233194 23.90831696769523 33.016068792013684 26.65446130214023 20.52478060697733 17.993624293834834 27.161006717913033 24.49498262558653 60.57471472678838 64.85043267234623 56.73518966441766 45.49650134079198 41.38034933167894 31.13398881903245 32.52374843768546 51.1108256149211 75.06817639021173 72.41537751752635 75.83675588108014 60.18651683790082 72.41537751752635 75.71851335205461 72.12383019580862 73.87849104466049 65.87384490444582 38.75932744839762 31.545489529926627 73.63706232093398 38.40642456590687 18.7621478283165 67.2139619716523 72.41537751752635 76.23082663641254 51.38695916103894 56.854743056108 65.43345746330176 71.7750390500176 57.06122606207933 67.30298484038207 72.41537751752635 23.867313689104034 23.8533670372551 36.338101073588255 24.705090915862087 29.93207584341977 3.093232029227436 14.757413929163906 18.525807344096034 14.295555939399147 19.44384697551097 38.75932744839762 21.899526696785276 19.44384697551097 31.36137467960567 16.330618344294365 8.023082997007986 33.14393662910032 36.037760915191406 24.225217236655677 18.7621478283165 22.932598308601822 26.88953488560672 23.90831696769523 17.962529141233194 51.1108256149211 18.67731936046066 17.993624293834834 20.52478060697733 31.545489529926627 26.659777516697567 64.85043267234623 60.57471472678838 45.49650134079198 56.73518966441766 44.926662032352674 32.52374843768546 31.13398881903245 33.016068792013684 72.41537751752635 75.06817639021173 60.18651683790082 75.83675588108014 75.71851335205461 72.41537751752635 45.56348919570477 65.87384490444582 73.87849104466049 16.451617894697353 27.161006717913033 72.41537751752635 37.34354730259184 34.52581012039921 64.28934799403052 76.23082663641254 72.41537751752635 56.854743056108 51.38695916103894 71.7750390500176 65.87384490444582 62.76445332624003 65.87384490444582 73.38276705165376 75.71851335205461 73.63706232093398 19.44384697551097 75.83675588108014 75.06817639021173 65.87384490444582 31.545489529926627 72.41537751752635 17.962529141233194 45.49650134079198 18.195581491984147 51.38695916103894 51.1108256149211 52.58150212842662 31.36137467960567 18.7621478283165
41.57397197028786 40.860928794283986 43.05187313191871 54.296485147382995 48.7777231951682 18.525807344096034 0.0 4.47889555248927 3.1213991664960576 29.44569477759585 7.857769710582369 27.690242582241222 25.34697243259051 30.561052468465558 36.864521487341015 23.700892582921743 27.78900173265664 18.37206877869526 28.525835161280323 31.304231169003582 33.4308257961898 28.41002186458276 26.9980914243918 29.641676357696596 15.272770247983066 33.19028551253672 24.981639113885375 26.26350898330541 26.206971107731537 24.311831864430285 64.78339984554039 67.7892783901875 60.20747591359795 49.61991546885354 46.01199746749633 35.0976491798014 34.654113156054116 48.05216007612655 81.9575725987838 78.22698851949718 81.67525422276292 64.16890600360702 78.22698851949718 82.6858817696714 75.85869160873371 77.27458893892195 68.84007728590127 44.135058955768486 30.667581815748964 80.33621128596477 39.79891264667299 27.647690649798236 64.36648640945411 78.22698851949718 85.05167143455132 48.3635065030853 53.28689812287802 68.91573703592371 75.70521399214802 60.27620006611629 69.64258335633298 78.22698851949718 40.860928794283986 41.57397197028786 54.296485147382995 43.05187313191871 47.91872061377201 20.568005790807103 6.5362246717412935 0.0 4.47889555248927 27.690242582241222 44.135058955768486 25.34697243259051 27.690242582241222 36.864521487341015 30.561052468465558 23.502453000297727 18.37206877869526 27.78900173265664 31.422760600521052 27.647690649798236 28.41002186458276 33.4308257961898 29.641676357696596 26.9980914243918 48.05216007612655 34.22322548964417 26.26350898330541 24.981639113885375 30.667581815748964 25.64729589289776 67.7892783901875 64.78339984554039 49.61991546885354 60.20747591359795 47.97467418209338 34.654113156054116 35.0976491798014 15.272770247983066 78.22698851949718 81.9575725987838 64.16890600360702 81.67525422276292 82.6858817696714 78.22698851949718 48.49468230058795 68.84007728590127 77.27458893892195 7.857769710582369 26.206971107731537 78.22698851949718 40.77167742411819 40.52473586293909 61.647832836019944 85.05167143455132 78.22698851949718 53.28689812287802 48.3635065030853 75.70521399214802 68.84007728590127 65.64033395100606 68.84007728590127 80.9683897334814 82.6858817696714 80.33621128596477 27.690242582241222 81.67525422276292 81.9575725987838 68.84007728590127 30.667581815748964 78.22698851949718 26.9980914243918 49.61991546885354 29.44569477759585 48.3635065030853 48.05216007612655 49.62062404383296 36.864521487341015 27.647690649798236
37.107572080039624 36.38256498290953 38.660308154478166 49.83753704797757 44.32860334597663 14.295555939399147 4.47889555248927 0.0 4.212303775021654 26.992847026705313 5.7192462162806885 25.835942848445583 24.50545636076994 27.49050495903117 35.967355224022995 20.598193057236816 27.64227706545789 20.416845961052022 24.883620161157026 28.29383926318966 29.958820963395418 24.971282442019984 23.006036056969734 26.200507753279172 18.858826686634927 29.713594894030575 21.5787293921708 22.34294452490109 23.971978509527478 21.804509203317465 62.12443040911616 65.40870978439592 57.663541167288464 46.84545675346429 43.0955082609929 32.11648305646711 32.024260674047646 46.85895650779554 78.86887248520638 75.326565094713 78.78366927936783 61.55104696319056 75.326565094713 79.5853818214371 73.35873017677412 74.8511916209299 66.46032530608564 41.05489175192531 28.58575803579422 77.27676239941819 37.43680376066907 23.692250110457678 63.27848367051353 75.326565094713 81.62794015624613 47.16547189672908 52.282835340711074 66.42976251720525 73.16467124951473 57.785360012325405 67.39964761222215 75.326565094713 36.38256498290953 37.107572080039624 49.83753704797757 38.660308154478166 43.46568114092684 16.56031945071348 3.4217168587589435 4.47889555248927 0.0 25.835942848445583 41.05489175192531 24.50545636076994 25.835942848445583 35.967355224022995 27.49050495903117 19.952475265743555 20.416845961052022 27.64227706545789 27.799971660462734 23.692250110457678 24.971282442019984 29.958820963395418 26.200507753279172 23.006036056969734 46.85895650779554 29.77673603286815 22.34294452490109 21.5787293921708 28.58575803579422 23.400408873024315 65.40870978439592 62.12443040911616 46.84545675346429 57.663541167288464 45.394606825402136 32.024260674047646 32.11648305646711 18.858826686634927 75.326565094713 78.86887248520638 61.55104696319056 78.78366927936783 79.5853818214371 75.326565094713 45.94492851740068 66.46032530608564 74.8511916209299 5.7192462162806885 23.971978509527478 75.326565094713 38.00845310148426 37.27975900867263 60.48852082288349 81.62794015624613 75.326565094713 52.282835340711074 47.16547189672908 73.16467124951473 66.46032530608564 63.2588758108023 66.46032530608564 77.74901482849343 79.5853818214371 77.27676239941819 25.835942848445583 78.78366927936783 78.86887248520638 66.46032530608564 28.58575803579422 75.326565094713 23.006036056969734 46.84545675346429 26.992847026705313 47.16547189672908 46.85895650779554 48.42257380652475 35.967355224022995 23.692250110457678
40.12429957176086 39.65717875070836 41.28146088348076 52.76955990140976 47.205003341348686 16.586126223087124 3.1213991664960576 4.212303775021654 0.0 26.392874380420295 9.404469389613169 24.574330118656555 22.27642492572542 27.666740029132946 33.800864973609166 20.84757061496025 30.479569339503637 21.485429184907602 29.089339376770216 32.46008334913499 34.17111289824754 29.182946961538413 27.13294526127278 30.41238135752375 18.189327244759063 33.9258703699432 25.788122471966958 26.497238636016718 27.906579393465574 25.82875758426885 66.23128505629276 69.43584302384826 61.7375106347471 50.97479221294027 47.253609274231025 36.28050704474338 36.104902675960226 50.358874860141206 83.06200443275904 79.490046998562 82.94599787388599 65.64693163167397 79.490046998562 83.77999980339725 77.42498705055297 78.89474132393505 70.48756266891527 45.24011853015814 32.472373075932225 81.46599067185048 41.44047873007788 27.832242066798006 66.73450120443866 79.490046998562 85.8398467753699 50.66826699045734 55.68494999471914 70.48990882921781 77.24257398410342 61.8438141726471 71.38121386351564 79.490046998562 39.65717875070836 40.12429957176086 52.76955990140976 41.28146088348076 46.368244790822374 18.321730872739533 7.423742978248206 3.1213991664960576 4.212303775021654 24.574330118656555 45.24011853015814 22.27642492572542 24.574330118656555 33.800864973609166 27.666740029132946 20.86835746870232 21.485429184907602 30.479569339503637 32.00618076576747 27.832242066798006 29.182946961538413 34.17111289824754 30.41238135752375 27.13294526127278 50.358874860141206 33.3315015294628 26.497238636016718 25.788122471966958 32.472373075932225 27.33783302493241 69.43584302384826 66.23128505629276 50.97479221294027 61.7375106347471 49.47274474643151 36.104902675960226 36.28050704474338 18.189327244759063 79.490046998562 83.06200443275904 65.64693163167397 82.94599787388599 83.77999980339725 79.490046998562 50.014701844567746 70.48756266891527 78.89474132393505 9.404469389613169 27.906579393465574 79.490046998562 42.12986983302361 41.48311283271963 63.98133829923821 85.8398467753699 79.490046998562 55.68494999471914 50.66826699045734 77.24257398410342 70.48756266891527 67.28550810172702 70.48756266891527 81.9549851610105 83.77999980339725 81.46599067185048 24.574330118656555 82.94599787388599 83.06200443275904 70.48756266891527 32.472373075932225 79.490046998562 27.13294526127278 50.97479221294027 26.392874380420295 50.66826699045734 50.358874860141206 51.92662485951703 33.800864973609166 27.832242066798006
31.462667035005666 33.44880882863648 29.09116478963636 40.87478982951702 35.758158805944575 18.195581491984147 29.44569477759585 26.992847026705313 26.392874380420295 0.0 31.62134043414512 4.436062877489365 10.804084903778017 5.084238072445608 14.572167410850888 7.645512176668643 53.175319862751046 47.38673924848699 39.52323020679042 45.76787375876438 44.453811874145956 40.88962297928006 35.4908292450888 41.783730395970736 44.51661284970855 44.23205427292258 38.66790960939994 35.71487370273245 45.28774590688681 42.6291386751343 77.80618476622826 82.36866631024796 74.2285966852993 63.03274047322753 58.88945571939033 49.05205936257043 50.63087267369658 69.2835094679309 91.00909837561478 88.88560803903702 92.24276975285034 77.49020575067466 88.88560803903702 91.61002142607292 89.33891633775423 91.17361971030144 83.37346344807244 56.14954699681102 49.72210924801039 89.69394781661005 56.50625553297459 36.25873668958768 85.40950118100405 88.88560803903702 91.08008934168431 69.56183700561728 75.01936815395852 82.80326285659235 88.93455792264622 74.61284569101694 84.93559485110413 88.88560803903702 33.44880882863648 31.462667035005666 40.87478982951702 29.09116478963636 35.29738327502331 15.352519836365145 29.29915741026796 29.44569477759585 26.992847026705313 4.436062877489365 56.14954699681102 10.804084903778017 4.436062877489365 14.572167410850888 5.084238072445608 10.508944553139752 47.38673924848699 53.175319862751046 41.77195103038031 36.25873668958768 40.88962297928006 44.453811874145956 41.783730395970736 35.4908292450888 69.2835094679309 31.86317452017471 35.71487370273245 38.66790960939994 49.72210924801039 44.773976597494574 82.36866631024796 77.80618476622826 63.03274047322753 74.2285966852993 62.705674302591234 50.63087267369658 49.05205936257043 44.51661284970855 88.88560803903702 91.00909837561478 77.49020575067466 92.24276975285034 91.61002142607292 88.88560803903702 63.35360909059745 83.37346344807244 91.17361971030144 31.62134043414512 45.28774590688681 88.88560803903702 55.200559396759495 51.892340741985656 82.48489235012279 91.08008934168431 88.88560803903702 75.01936815395852 69.56183700561728 88.93455792264622 83.37346344807244 80.32251908562291 83.37346344807244 89.00127531574881 91.61002142607292 89.69394781661005 4.436062877489365 92.24276975285034 91.00909837561478 83.37346344807244 49.72210924801039 88.88560803903702 35.4908292450888 63.03274047322753 0.0 69.56183700561728 69.2835094679309 70.76157566399246 14.572167410850888 36.25873668958768
36.99431957874397 35.73262610998708 39.26613384331929 49.722654027852165 44.382942398145104 16.451617894697353 7.857769710582369 5.7192462162806885 9.404469389613169 31.62134043414512 0.0 30.91734676872977 30.048731578825915 31.46929840501304 41.43986523888213 24.692306540981413 22.102879921136363 16.696166016013347 20.939635645599896 23.44846057918911 25.701685400468335 20.683084586929343 19.866396656189675 21.91035893041371 17.495168362134386 25.464511645802332 17.25470551792052 19.026539459129637 18.517240984840033 16.511100648419195 56.97787435698579 60.0801819202595 52.43418113080532 41.78365454755208 38.15724237137943 27.240011363678562 26.838331085485 41.14714851540413 74.10015794713946 70.37824773829871 73.82789866438497 56.37445637351834 70.37824773829871 74.82878365456843 68.1059533302608 69.55122804326723 61.13173185323445 36.2800297392362 23.06908446786241 72.47844334837092 32.07838497868014 20.444910568741566 57.56311110707073 70.37824773829871 77.25145392353294 41.45410855351398 46.5638191479402 61.16584350850694 67.93836744522841 52.52109674665441 61.996634939056555 70.37824773829871 35.73262610998708 36.99431957874397 49.722654027852165 39.26613384331929 43.480830358030374 19.256647614429053 2.445057129512835 7.857769710582369 5.7192462162806885 30.91734676872977 36.2800297392362 30.048731578825915 30.91734676872977 41.43986523888213 31.46929840501304 23.434868887193982 16.696166016013347 22.102879921136363 23.80173870588303 20.444910568741566 20.683084586929343 25.701685400468335 21.91035893041371 19.866396656189675 41.14714851540413 28.583754991934644 19.026539459129637 17.25470551792052 23.06908446786241 17.9502483922297 60.0801819202595 56.97787435698579 41.78365454755208 52.43418113080532 40.18365210646903 26.838331085485 27.240011363678562 17.495168362134386 70.37824773829871 74.10015794713946 56.37445637351834 73.82789866438497 74.82878365456843 70.37824773829871 40.71328157417225 61.13173185323445 69.55122804326723 0.0 18.517240984840033 70.37824773829871 32.93323624142837 32.69607425453117 54.777213472847734 77.25145392353294 70.37824773829871 46.5638191479402 41.45410855351398 67.93836744522841 61.13173185323445 57.92998847086108 61.13173185323445 73.12131681607272 74.82878365456843 72.47844334837092 30.91734676872977 73.82789866438497 74.10015794713946 61.13173185323445 23.06908446786241 70.37824773829871 19.866396656189675 41.78365454755208 31.62134043414512 41.45410855351398 41.14714851540413 42.71156266863672 41.43986523888213 20.444910568741566
35.327737649809386 37.10548268300435 33.22910347486405 45.1247427495363 39.93196878721517 19.44384697551097 27.690242582241222 25.835942848445583 24.574330118656555 4.436062877489365 30.91734676872977 0.0 6.397765613822457 9.384087722224512 11.949564077336476 9.40596282063788 52.87418364500032 45.963935818488864 41.161314636871495 47.13533071617772 46.25910153265394 42.37593651638521 37.28984022076213 43.34949361248466 42.38487258688054 46.02815792006828 39.89373649287402 37.3931748099925 45.9545434304181 43.331023705163496 79.86303768711036 84.24329351484336 76.1163214587562 64.88240233528654 60.75358171876521 50.57755698001237 51.90225813459045 69.98329080794791 93.6650949344362 91.33110181407714 94.71912788209113 79.503564404067 91.33110181407714 94.28462306229433 91.41415193322388 93.20144841723592 85.26182429168571 58.08602574603721 50.50473014040878 92.3054670636795 57.782836454624054 38.0794622213736 86.26240520504506 91.33110181407714 94.08301459039679 70.27016385234268 75.67509407132809 84.77890601921158 91.04185978122005 76.4595128262823 86.72481270534031 91.33110181407714 37.10548268300435 35.327737649809386 45.1247427495363 33.22910347486405 39.43810605958973 16.97462723264308 28.508696590767332 27.690242582241222 25.835942848445583 0.0 58.08602574603721 6.397765613822457 0.0 11.949564077336476 9.384087722224512 12.684398801812689 45.963935818488864 52.87418364500032 43.58199342737293 38.0794622213736 42.37593651638521 46.25910153265394 43.34949361248466 37.28984022076213 69.98329080794791 34.90176361604704 37.3931748099925 39.89373649287402 50.50473014040878 45.41878945610421 84.24329351484336 79.86303768711036 64.88240233528654 76.1163214587562 64.36552580282884 51.90225813459045 50.57755698001237 42.38487258688054 91.33110181407714 93.6650949344362 79.503564404067 94.71912788209113 94.28462306229433 91.33110181407714 65.00367440207631 85.26182429168571 93.20144841723592 30.91734676872977 45.9545434304181 91.33110181407714 56.78691659694786 53.83546189506991 83.35768240623213 94.08301459039679 91.33110181407714 75.67509407132809 70.27016385234268 91.04185978122005 85.26182429168571 82.16723353488132 85.26182429168571 91.76648529869372 94.28462306229433 92.3054670636795 0.0 94.71912788209113 93.6650949344362 85.26182429168571 50.50473014040878 91.33110181407714 37.28984022076213 64.88240233528654 4.436062877489365 70.27016385234268 69.98329080794791 71.49114430493051 11.949564077336476 38.0794622213736
40.6657640335271 42.13518294736068 38.97869879755797 51.01695149474587 45.71014516661687 21.899526696785276 25.34697243259051 24.50545636076994 22.27642492572542 10.804084903778017 30.048731578825915 6.397765613822457 0.0 15.57252694229103 11.526719497799485 13.628876366975962 52.13037143948473 43.67427779345037 43.35633036999845 48.8575869214133 48.609552948324804 44.33859128091107 39.77966436590106 45.407209589404246 39.09226127318735 48.36885416207165 41.537882292003204 39.71517235439071 46.70119519596447 44.17196927372274 82.31252061999564 86.40746511507938 78.33714286142762 67.11516679325386 63.037836451138304 52.47857724799528 53.426824220521574 70.52345471300949 96.95078485958372 94.3098996112388 97.73368349436612 81.8911334712763 94.3098996112388 97.59647363434338 93.84537071669573 95.55682794038016 87.44186170783792 60.49574537922763 51.35053044648036 95.52851849328795 59.2520417585994 40.58346445165723 86.9319870607335 94.3098996112388 97.89040959144627 70.82065707113007 76.11493959528299 87.08864421130428 93.52157541624311 78.61888264942415 88.75394656287058 94.3098996112388 42.13518294736068 40.6657640335271 51.01695149474587 38.97869879755797 45.165108073839505 20.081475866184253 27.60607628761916 25.34697243259051 24.50545636076994 6.397765613822457 60.49574537922763 0.0 6.397765613822457 11.526719497799485 15.57252694229103 16.815706412188998 43.67427779345037 52.13037143948473 45.977235770633314 40.58346445165723 44.33859128091107 48.609552948324804 45.407209589404246 39.77966436590106 70.52345471300949 39.11217894694434 39.71517235439071 41.537882292003204 51.35053044648036 46.14278705592392 86.40746511507938 82.31252061999564 67.11516679325386 78.33714286142762 66.32881621032007 53.426824220521574 52.47857724799528 39.09226127318735 94.3098996112388 96.95078485958372 81.8911334712763 97.73368349436612 97.59647363434338 94.3098996112388 66.94823021152193 87.44186170783792 95.55682794038016 30.048731578825915 46.70119519596447 94.3098996112388 58.70824546716929 56.29342298722723 84.06975524558293 97.89040959144627 94.3098996112388 76.11493959528299 70.82065707113007 93.52157541624311 87.44186170783792 84.29666442214607 87.44186170783792 95.22108598966808 97.59647363434338 95.52851849328795 6.397765613822457 97.73368349436612 96.95078485958372 87.44186170783792 51.35053044648036 94.3098996112388 39.77966436590106 67.11516679325386 10.804084903778017 70.82065707113007 70.52345471300949 72.06397940783239 11.526719497799485 40.58346445165723
26.507651995320206 28.62913031227055 24.01649694074328 35.7938410452369 30.675999134721927 16.330618344294365 30.561052468465558 27.49050495903117 27.666740029132946 5.084238072445608 31.46929840501304 9.384087722224512 15.57252694229103 0.0 19.24424781245862 6.894975642300123 52.25175726790829 47.818512894424295 36.600528087200665 43.070246519261055 41.30549782095597 38.11406549292262 32.446574325873996 38.913393971207306 45.8276137848693 41.09522173784624 36.2023433722929 32.797768994863404 43.35651529885283 40.68944247688233 74.25632742393434 78.9846822054852 70.85210017468451 59.731106418186585 55.59096342130185 46.159735183880805 47.995304353827905 67.15101377160418 86.88680539843007 84.95275508786301 88.27752757776379 73.9829779330298 84.95275508786301 87.47086702769687 85.74825842013105 87.62483570085391 79.97389006256685 52.791375564525204 47.620927511910075 85.61214942669723 53.82571864929865 33.18078397204263 83.05721191128048 84.95275508786301 86.66660535464453 67.41892991346353 72.91079318424289 79.32039838794068 85.31425582374811 71.27564896687016 81.62945459468932 84.95275508786301 28.62913031227055 26.507651995320206 35.7938410452369 24.01649694074328 30.220378311474782 13.254501210400925 29.30710554767886 30.561052468465558 27.49050495903117 9.384087722224512 52.791375564525204 15.57252694229103 9.384087722224512 19.24424781245862 0.0 8.332662095298556 47.818512894424295 52.25175726790829 38.643027548128366 33.18078397204263 38.11406549292262 41.30549782095597 38.913393971207306 32.446574325873996 67.15101377160418 27.585425769339498 32.797768994863404 36.2023433722929 47.620927511910075 42.87262093862897 78.9846822054852 74.25632742393434 59.731106418186585 70.85210017468451 59.59671497314271 47.995304353827905 46.159735183880805 45.8276137848693 84.95275508786301 86.88680539843007 73.9829779330298 88.27752757776379 87.47086702769687 84.95275508786301 60.2518363824649 79.97389006256685 87.62483570085391 31.46929840501304 43.35651529885283 84.95275508786301 52.20428591911492 48.55017759861202 80.12005558454496 86.66660535464453 84.95275508786301 72.91079318424289 67.41892991346353 85.31425582374811 79.97389006256685 76.97249992496974 79.97389006256685 84.78726962666089 87.47086702769687 85.61214942669723 9.384087722224512 88.27752757776379 86.88680539843007 79.97389006256685 47.620927511910075 84.95275508786301 32.446574325873996 59.731106418186585 5.084238072445608 67.41892991346353 67.15101377160418 68.59071392613562 19.24424781245862 33.18078397204263
45.69257444387458 47.87336497682801 42.8362807080725 54.0992052366274 49.320762532837925 31.36137467960567 36.864521487341015 35.967355224022995 33.800864973609166 14.572167410850888 41.43986523888213 11.949564077336476 11.526719497799485 19.24424781245862 0.0 21.297831769312076 63.54230696964522 55.1667802714886 53.09365834651047 59.00273214120575 58.20534522341972 54.280414399396165 49.238070163864144 55.26852842717035 50.318868801883596 57.973884642062146 51.73157376940243 49.33305265224634 57.50395872599849 54.9142033587755 91.81108481877993 96.18829905813276 88.06298095836632 76.82789303249874 72.70056580585579 62.48142715108275 63.73082818596002 81.4756345613486 105.4596139790802 103.2114750425785 106.58979477047333 91.45292222562114 103.2114750425785 106.06976225673726 103.36189450938379 105.15080707770335 97.20772976625521 70.03553180665236 62.105668011801605 104.12115060819838 69.60432575318502 50.02824730274646 97.82803496954801 103.2114750425785 105.64413109485294 81.76772784993632 87.12372684283147 96.72835571164875 102.98764210939338 88.40313270683436 98.66065092567837 103.2114750425785 47.87336497682801 45.69257444387458 54.0992052366274 42.8362807080725 48.964347781391055 28.923872055980773 38.99488065775805 36.864521487341015 35.967355224022995 11.949564077336476 70.03553180665236 11.526719497799485 11.949564077336476 0.0 19.24424781245862 24.530972863187053 55.1667802714886 63.54230696964522 55.52917410792882 50.02824730274646 54.280414399396165 58.20534522341972 55.26852842717035 49.238070163864144 81.4756345613486 46.41921790380075 49.33305265224634 51.73157376940243 62.105668011801605 56.95701414341536 96.18829905813276 91.81108481877993 76.82789303249874 88.06298095836632 76.28739865999619 63.73082818596002 62.48142715108275 50.318868801883596 103.2114750425785 105.4596139790802 91.45292222562114 106.58979477047333 106.06976225673726 103.2114750425785 76.92347445717239 97.20772976625521 105.15080707770335 41.43986523888213 57.50395872599849 103.2114750425785 68.6988147947337 65.7850213066875 94.94002459182201 105.64413109485294 103.2114750425785 87.12372684283147 81.76772784993632 102.98764210939338 97.20772976625521 94.10994312396215 97.20772976625521 103.50032269621276 106.06976225673726 104.12115060819838 11.949564077336476 106.58979477047333 105.4596139790802 97.20772976625521 62.105668011801605 103.2114750425785 49.238070163864144 76.82789303249874 14.572167410850888 81.76772784993632 81.4756345613486 83.00049827154926 0.0 50.02824730274646
