0.0 5.093811143768155 11.55980405621245 6.200333711639005 36.008482821272274 35.09129845757213 30.11998533402605 42.75242017647172 38.28870422131324 41.27952539683143 38.20715534381791 41.446351303007894 36.02066600760663 23.067531651065124 23.67205019318617 36.02066600760663 33.46722927097767 27.098255157866873 46.22760062584765 28.014706369358223 25.169190468628873 53.32232113715247 50.15445334041818 26.50419839390945 29.326301492036805 28.470377448182376 28.159900373889432 23.265225484111074 28.37931130108836 55.133988620767646 55.69893464859142 50.629662387762764 29.017792906849472 28.087501414396762 11.202500194875087 24.311347854625524 29.21399177363032 37.424043665488135 53.09130970985379 28.428708154665472 32.475703047262094 37.236016050567756 35.41389261779524 54.26130139628112 55.040510027666166 54.42571026967192 59.91651221564393 42.47117686919412 52.25780993142186 38.80239467979175 56.322841323192314 63.357223661201196 62.50789029493106 67.2984235734079 65.573831827732 63.83951293904458 65.21710278197278 18.260021662927155 60.76974069477685 67.2715680472423 35.96145703358501 39.71872016379145 39.97023305638805 62.50789029493106 62.32827433515135 50.73125529893919 23.422426661972242 69.78603324471462 66.94913704096682 64.62795030918502 59.655417896798596 57.404970605882625 57.30006294912475 33.592089388744625 5.093811143768155 0.0 4.699559038102252 5.283398374077784 36.42556904998653 36.02066600760663 27.643623335192014 37.492938174744566 42.75242017647172 38.28870422131324 35.96145703358501 36.02066600760663 41.446351303007894 23.67205019318617 23.067531651065124 33.46722927097767 36.02066600760663 46.22760062584765 27.098255157866873 25.169190468628873 28.014706369358223 50.15445334041818 53.32232113715247 26.421065557667177 23.422426661972242 28.159900373889432 28.470377448182376 28.37931130108836 23.265225484111074 53.09130970985379 56.322841323192314 52.394763666139454 32.67267543441091 11.202500194875087 28.087501414396762 29.21399177363032 24.311347854625524 39.71872016379145 54.500031852912116 50.73125529893919 23.422426661972242 35.41389261779524 37.236016050567756 53.05638261891326 54.26130139628112 59.91651221564393 54.42571026967192 52.25780993142186 42.47117686919412 43.58502716407848 55.69893464859142 62.50789029493106 63.357223661201196 55.540759150089194 54.42218448502826 62.50789029493106 44.21744015141995 49.498431387690175 67.2715680472423 60.76974069477685 38.20715534381791 37.424043665488135 43.871042233175395 62.32827433515135 62.50789029493106 28.428708154665472 32.475703047262094 66.94913704096682 69.78603324471462 60.76974069477685 64.62795030918502 57.30006294912475 57.404970605882625 45.8994066639228 34.306238701730344 35.739437234429865 58.33605204817918 60.40247550163588 50.0076013561657 53.616617780505294 66.33742420712262 32.73830768508602 56.043626678116944 55.40260926974312 45.92349457640618 77.07827201503935 49.81485789245775 20.243913068030956 35.76042984915281 40.970572760209905 45.52247538092766 35.37865957903683 27.424578837554105
5.093811143768155 0.0 8.479758780400926 5.145530445259442 41.100737120673536 40.12277710592219 35.2009873540341 46.84534166319302 42.36670143516343 45.556754727706036 41.810521705602675 46.53158905823311 41.11293587904654 27.837895393896027 28.442339744430228 41.11293587904654 38.55977002091527 32.16154009675177 51.248290506862645 33.072518983158325 30.18482037028991 56.28530519680073 51.94327444850533 27.90409866166888 30.364025256386284 29.80258024288055 28.626453332252446 25.23057718638628 29.504332496018765 56.38237210214296 59.225746379444125 52.17804406624538 29.420562933726103 28.597565336450415 13.538922110038103 26.316239799972003 31.080978239127212 38.97634043866486 54.52317791800334 29.80732816546065 31.809933993764183 38.8583487439416 37.2091450736169 58.02495154842907 58.62177841371294 51.97005841170557 57.59663077079738 41.032295853866074 50.19585635744679 37.628517499570854 56.148974924174766 59.68082057267227 59.17580668909819 64.5381283253535 62.13815531977999 60.12749969296839 62.42257484678607 19.648185224920415 58.40039429126634 64.50681744607057 34.89443249221488 40.742311204067406 40.4893401853274 59.17580668909819 58.737070906519676 49.406124584855625 25.23171760185856 68.80448991412422 66.03245455005984 61.79519792276709 57.171482565642016 57.12503190133619 57.067460748329076 33.83295548859567 0.0 5.093811143768155 8.804098150219701 4.4972868168214575 41.459768276888305 41.11293587904654 32.721124300890736 41.3047245333072 46.84534166319302 42.36670143516343 34.89443249221488 41.11293587904654 46.53158905823311 28.442339744430228 27.837895393896027 38.55977002091527 41.11293587904654 51.248290506862645 32.16154009675177 30.18482037028991 33.072518983158325 51.94327444850533 56.28530519680073 27.288790621512135 25.23171760185856 28.626453332252446 29.80258024288055 29.504332496018765 25.23057718638628 54.52317791800334 56.148974924174766 53.73274862288823 34.41640151205704 13.538922110038103 28.597565336450415 31.080978239127212 26.316239799972003 40.742311204067406 55.70862088616257 49.406124584855625 25.23171760185856 37.2091450736169 38.8583487439416 56.630669316730426 58.02495154842907 57.59663077079738 51.97005841170557 50.19585635744679 41.032295853866074 42.46204954412514 59.225746379444125 59.17580668909819 59.68082057267227 53.06902187579276 52.04497575052247 59.17580668909819 43.06829116942669 50.301993988922355 64.50681744607057 58.40039429126634 41.810521705602675 38.97634043866486 43.8451224668945 58.737070906519676 59.17580668909819 29.80732816546065 31.809933993764183 66.03245455005984 68.80448991412422 58.40039429126634 61.79519792276709 57.067460748329076 57.12503190133619 47.17400258877678 39.346031659016894 34.08564643808293 54.82671762029822 58.177325278936394 49.00877429776108 53.62269035495724 62.69532321081502 32.82059537279996 56.18953283602331 57.49296010960647 43.925868553892045 75.59675804904977 47.752473773748584 21.818355067189675 38.495389579419886 40.112828655665645 49.56051627874538 40.445864965648404 31.115833098683694
11.55980405621245 8.479758780400926 0.0 5.609428876256082 45.11190664971052 43.2457416428572 39.91663249145015 54.296485147382995 49.83753704797757 52.76955990140976 49.722654027852165 51.01695149474587 45.1247427495363 34.19419879678297 34.79279508411674 45.1247427495363 42.91745279142189 35.7938410452369 54.0992052366274 38.10971522691942 35.588926238651126 64.56880560945336 60.42129631333151 36.37232004561871 38.779894783271196 38.261824019321494 36.908441312297455 33.697222077555516 37.9373442858422 64.79469979059883 67.20355060053915 60.639290295775844 37.6765112092053 36.89319211693583 21.886191637599964 34.78099287255781 39.558522530062234 47.445793049782026 62.96849976399207 38.271104093519455 39.528993193104014 47.33253576027704 45.688891193653824 65.81370871059943 66.55956273987458 57.69934353717071 63.450402644720654 48.03879974791936 56.444481117065095 44.90676558390005 63.9978915229733 63.217934176255795 63.41772612264484 69.70408725751197 66.14854436111257 63.5810674672489 67.55362986052047 28.126292239873138 64.18133227244107 69.66615933821177 42.29270000051027 49.12895370696678 48.72909638049548 63.41772612264484 62.4676855409467 56.432297188517275 33.70814442772042 76.01983020821544 73.31404938602458 66.87203306970402 62.807700775417985 64.90564475329525 64.8775121020207 42.000088430470235 8.479758780400926 11.55980405621245 12.180056928322395 6.406700397245314 44.58150539061307 45.1247427495363 37.535212896707364 49.046313374130634 54.296485147382995 49.83753704797757 42.29270000051027 45.1247427495363 51.01695149474587 34.79279508411674 34.19419879678297 42.91745279142189 45.1247427495363 54.0992052366274 35.7938410452369 35.588926238651126 38.10971522691942 60.42129631333151 64.56880560945336 35.682740208484645 33.70814442772042 36.908441312297455 38.261824019321494 37.9373442858422 33.697222077555516 62.96849976399207 63.9978915229733 62.16397928530335 42.895988720965704 21.886191637599964 36.89319211693583 39.558522530062234 34.78099287255781 49.12895370696678 64.1134649607175 56.432297188517275 33.70814442772042 45.688891193653824 47.33253576027704 64.57286107414143 65.81370871059943 63.450402644720654 57.69934353717071 56.444481117065095 48.03879974791936 49.72801074825995 67.20355060053915 63.41772612264484 63.217934176255795 58.764131205095985 57.87865659232895 63.41772612264484 50.30650122784338 58.609203324666 69.66615933821177 64.18133227244107 49.722654027852165 47.445793049782026 51.83147347440129 62.4676855409467 63.41772612264484 38.271104093519455 39.528993193104014 73.31404938602458 76.01983020821544 64.18133227244107 66.87203306970402 64.8775121020207 64.90564475329525 55.600819110233594 44.45422761401012 40.99271090754081 58.77434106079528 64.14854026822815 56.31956768377806 61.58263193656394 66.27398186339906 40.92824717190596 64.21342144927135 65.9677537934859 50.32349741988918 82.31383202360347 54.02787866196775 30.298112765873647 46.84099646975654 47.608481035730236 57.07406716794153 43.94246362926117 38.95059613503411
6.200333711639005 5.145530445259442 5.609428876256082 0.0 39.91927717075065 38.33195900307806 34.52648242089092 48.7777231951682 44.32860334597663 47.205003341348686 44.382942398145104 45.71014516661687 39.93196878721517 28.58495402000123 29.183695427424944 39.93196878721517 37.62300006942906 30.675999134721927 49.320762532837925 32.647743258116265 30.05873534999283 59.512211572147734 56.0524442908082 32.185401760745144 34.83569645407971 34.126661709363354 33.33352791009692 29.172666091012697 33.931278072836506 60.799365401824154 61.87743454516986 56.42937964391054 34.154298347932574 33.28793739335555 17.143827272670713 30.237786906407628 35.105573184914775 43.20595057821392 58.841679363224635 34.10712589263844 36.85057045903196 43.047836384765574 41.29284256011139 60.39359613294998 61.21100789582294 57.03070271230496 62.6788041832654 46.17367240747685 55.31765819124348 42.750143472901854 61.10920316935665 64.22705198124504 63.9258960264756 69.51089124966092 66.82858525877705 64.64833574832384 67.38662746316358 23.887248623650173 63.47314163618669 69.4782490264681 40.002226518020365 45.24748929118508 45.208000143059536 63.9258960264756 63.34084630967728 54.54428834182706 29.26986730644991 73.91989240682081 71.13964329643558 66.74765215635185 62.221944642506685 62.112397917309416 62.04325155905002 38.63710985043145 5.145530445259442 6.200333711639005 6.733479815472628 0.9341816914182046 39.67347232814763 39.93196878721517 32.11610432620549 43.627159968547204 48.7777231951682 44.32860334597663 40.002226518020365 39.93196878721517 45.71014516661687 29.183695427424944 28.58495402000123 37.62300006942906 39.93196878721517 49.320762532837925 30.675999134721927 30.05873534999283 32.647743258116265 56.0524442908082 59.512211572147734 31.82596067856308 29.26986730644991 33.33352791009692 34.126661709363354 33.931278072836506 29.172666091012697 58.841679363224635 61.10920316935665 58.10064367224087 38.52487512687612 17.143827272670713 33.28793739335555 35.105573184914775 30.237786906407628 45.24748929118508 60.14506203848796 54.54428834182706 29.26986730644991 41.29284256011139 43.047836384765574 59.22879153756367 60.39359613294998 62.6788041832654 57.03070271230496 55.31765819124348 46.17367240747685 47.58190607169239 61.87743454516986 63.9258960264756 64.22705198124504 58.125398163643304 57.12073502748804 63.9258960264756 48.19101488509115 54.92057672353192 69.4782490264681 63.47314163618669 44.382942398145104 43.20595057821392 48.7519838898991 63.34084630967728 63.9258960264756 34.10712589263844 36.85057045903196 71.13964329643558 73.91989240682081 63.47314163618669 66.74765215635185 62.04325155905002 62.112397917309416 51.56677495183741 38.993972432276166 39.23098881760629 59.487700703765775 63.27450585444673 54.118941823808 58.53139634429166 67.25921908945229 37.67385462007653 61.05836281281356 61.41166509158843 49.05656279428582 80.7421734275181 52.87542143538192 25.973225067736166 41.911928163011154 45.197838692903744 51.568613471432556 38.90446199051117 33.597193615806994
36.008482821272274 41.100737120673536 45.11190664971052 39.91927717075065 0.0 5.095647888309209 6.796637486390145 27.69355644793515 25.837293692266194 24.577734073928262 30.917483318750104 6.410514277292136 0.013090893797145066 17.68995494104727 17.34558669146341 0.013090893797145066 3.0849798173701335 9.37106599245604 11.95661661887757 9.397369793007982 12.675464750516541 45.96657006391059 52.87349790724351 41.15495427048568 44.24528310862438 42.37000827455705 46.25234960477202 37.28298489892259 43.343360487025045 60.32103785349493 42.38969684610281 54.8765470215188 47.019729089565914 46.02142843239064 34.891669918481654 37.38664670798958 39.88848997875035 45.95095942777011 57.51384521886079 42.11792227847536 53.828404798809245 45.4152610717992 43.32730319304499 38.8553319596725 41.348571697321425 79.85580354101583 84.2365754597341 64.87567211965748 76.10953842767243 60.74678787870021 69.97981973403496 93.6562715183278 91.32284088071545 93.19817843737847 94.71079079233161 94.27575095151181 91.40690153018242 38.41746200508623 85.25507150330135 93.1943330423246 58.079017135244676 50.50087028529173 53.46388294291116 91.32284088071545 92.29676033990879 71.29615485508012 38.07256138019257 86.25856964893966 83.35377894763327 91.03452032582229 84.77191092550339 71.48759615965443 71.13199818901303 50.57161540793773 41.100737120673536 36.008482821272274 33.21647035478049 39.42548109846456 4.976844315222699 0.013090893797145066 9.098575459880808 28.509018703135318 27.69355644793515 25.837293692266194 58.079017135244676 0.013090893797145066 6.410514277292136 17.34558669146341 17.68995494104727 3.0849798173701335 0.013090893797145066 11.95661661887757 9.37106599245604 12.675464750516541 9.397369793007982 52.87349790724351 45.96657006391059 43.575197901747785 38.07256138019257 46.25234960477202 42.37000827455705 43.343360487025045 37.28298489892259 57.51384521886079 69.97981973403496 57.61065832931049 42.196573464685365 34.891669918481654 46.02142843239064 39.88848997875035 37.38664670798958 50.50087028529173 60.08868120188074 71.29615485508012 38.07256138019257 43.32730319304499 45.4152610717992 39.983643704780924 38.8553319596725 84.2365754597341 79.85580354101583 76.10953842767243 64.87567211965748 64.35931589505378 42.38969684610281 91.32284088071545 93.6562715183278 80.9444180083846 79.4964483330225 91.32284088071545 64.99749523670486 58.79562950277951 93.1943330423246 85.25507150330135 30.917483318750104 45.95095942777011 59.194261780062405 92.29676033990879 91.32284088071545 42.11792227847536 53.828404798809245 83.35377894763327 86.25856964893966 85.25507150330135 91.03452032582229 71.13199818901303 71.48759615965443 53.23490018591733 6.630864144812213 60.29865805369355 88.1323008025337 84.22781240900787 69.07827392308651 66.72292291787025 96.3705135254439 50.752172858058 67.90938923592134 54.58517306105379 70.25486950791066 95.69852701261738 73.94690843018391 38.20419778698004 37.189650105522816 61.0399349089597 29.901211662144725 3.025683498837511 27.263287469384633
35.09129845757213 40.12277710592219 43.2457416428572 38.33195900307806 5.095647888309209 0.0 9.35134717976484 32.49731527028761 30.36058671017731 29.397926185596067 35.202219749434356 10.786244051132071 5.103326154466007 19.854572821580827 19.64220183288183 5.103326154466007 6.751355317895122 8.129887808731562 11.14537480119867 11.66475242303939 14.545670535480177 50.65633143382822 56.931870221535156 43.56063297844403 46.77226880924719 44.93056371918198 48.47913217271565 39.52047850744332 45.82318959489796 64.29424342935198 47.34577515568248 58.83995648845953 49.28885040043026 48.25823601354914 35.586288216371905 39.75153101236243 42.703192012708605 49.269512703710895 61.508585281084876 44.69109718265036 55.899986968268756 48.75203673985827 46.61450101632128 43.859500267428054 46.31040679474586 81.78833550686397 86.37706864059423 67.04801151172065 78.23683714795045 62.90420163513083 73.27894795793439 94.82730368445138 92.77437786403745 95.16543377909274 96.12120663282339 95.4210436930367 93.31519768579443 39.9390237192256 87.3799412938381 95.15787944845665 60.1564190945412 53.722307927846934 56.47107728593687 92.77437786403745 93.52873203459438 73.8084924767736 40.28635022321006 89.42572542260481 86.50274470918058 92.90494431630648 86.797515008951 74.76127729842939 74.42778813985686 53.09177407314222 40.12277710592219 35.09129845757213 31.779016756548447 37.94087913953563 1.3422296605759525 5.103326154466007 10.86415532653907 32.83867840885648 32.49731527028761 30.36058671017731 60.1564190945412 5.103326154466007 10.786244051132071 19.64220183288183 19.854572821580827 6.751355317895122 5.103326154466007 11.14537480119867 8.129887808731562 14.545670535480177 11.66475242303939 56.931870221535156 50.65633143382822 45.79791760133155 40.28635022321006 48.47913217271565 44.93056371918198 45.82318959489796 39.52047850744332 61.508585281084876 73.27894795793439 61.53731897133495 45.25834433853196 35.586288216371905 48.25823601354914 42.703192012708605 39.75153101236243 53.722307927846934 64.02304348347543 73.8084924767736 40.28635022321006 46.61450101632128 48.75203673985827 44.904208257324754 43.859500267428054 86.37706864059423 81.78833550686397 78.23683714795045 67.04801151172065 66.73767343421358 47.34577515568248 92.77437786403745 94.82730368445138 82.89150627236707 81.47969413515939 92.77437786403745 67.38614086665447 62.36123726126656 95.15787944845665 87.3799412938381 35.202219749434356 49.269512703710895 62.13017815527718 93.52873203459438 92.77437786403745 44.69109718265036 55.899986968268756 86.50274470918058 89.42572542260481 87.3799412938381 92.90494431630648 74.42778813985686 74.76127729842939 56.877931341545526 11.210418980344329 62.086675923489864 89.37400969646912 86.4405174999603 71.74668572077238 70.03402226877203 97.61104153113526 53.152735846207264 71.36585411583793 58.95689902156432 72.24016953239465 98.68830467561116 76.00850007111342 39.99983130029418 40.89847446012043 63.446143987306954 34.79390392378203 2.069964433422378 30.44886179570135
30.11998533402605 35.2009873540341 39.91663249145015 34.52648242089092 6.796637486390145 9.35134717976484 0.0 24.55655916962817 21.811404443398203 21.58198017014915 26.264018320586842 11.339097552111827 6.805301284105538 10.937155232184363 10.625902210453303 6.805301284105538 3.7423122230123025 6.356457963363391 18.70248330367982 2.6013325753721204 5.884662994210917 42.22802763368691 47.734213197676944 34.545782475674 37.69159439544253 35.82953648262677 39.58526963857497 30.608062540458473 36.76771464265864 55.044672825146755 39.77125548629339 49.59112869866453 40.367331464746975 39.35733254551256 28.199769993857625 30.756135680067278 33.480844483321995 39.924722302154976 52.271687955307364 35.58310236147695 47.12287282478963 39.405459739781385 37.272133785383254 36.58535159858331 38.77407761394057 73.12883901362312 77.56422413420324 58.205159610832546 69.43059861197645 54.0695321526127 63.94200694959651 86.860699702796 84.53198254899137 86.48244340190062 87.91793766139409 87.48090236031435 84.67763688219017 31.62215692484709 78.57845714080761 86.4777339453682 51.377755479410254 44.39213600824043 47.193322251366745 84.53198254899137 85.50021645697403 64.75579806619227 31.391399959119653 80.1163068239876 77.19703213843411 84.29739333868876 78.06824625462237 65.42838854350384 65.09152090520128 44.02136428006912 35.2009873540341 30.11998533402605 27.795494042751095 33.9480441134456 10.13563297380784 6.805301284105538 2.494515906724088 23.97309683419579 24.55655916962817 21.811404443398203 51.377755479410254 6.805301284105538 11.339097552111827 10.625902210453303 10.937155232184363 3.7423122230123025 6.805301284105538 18.70248330367982 6.356457963363391 5.884662994210917 2.6013325753721204 47.734213197676944 42.22802763368691 36.90394176868534 31.391399959119653 39.58526963857497 35.82953648262677 36.76771464265864 30.608062540458473 52.271687955307364 63.94200694959651 52.270179343808024 35.95735106726604 28.199769993857625 39.35733254551256 33.480844483321995 30.756135680067278 44.39213600824043 54.757011102509416 64.75579806619227 31.391399959119653 37.272133785383254 39.405459739781385 37.196617463749114 36.58535159858331 77.56422413420324 73.12883901362312 69.43059861197645 58.205159610832546 57.75962813152025 39.77125548629339 84.53198254899137 86.860699702796 74.22097818705001 72.78088323490641 84.53198254899137 58.40217328650064 53.012496356067516 86.4777339453682 78.57845714080761 26.264018320586842 39.924722302154976 52.87878807718907 85.50021645697403 84.53198254899137 35.58310236147695 47.12287282478963 77.19703213843411 80.1163068239876 78.57845714080761 84.29739333868876 65.09152090520128 65.42838854350384 47.53815847907891 4.9040353252144175 53.537790349796964 81.3357321849776 77.5777805225772 62.61185192872079 60.69488883346296 89.57389346919585 44.1515280577426 62.015140443353516 50.00948675267088 63.536594651693534 89.43061615463355 67.24901870580663 31.431318392688294 31.582137444073787 54.449237288470734 27.116028239866413 8.02688932242346 21.10851561259654
42.75242017647172 46.84534166319302 54.296485147382995 48.7777231951682 27.69355644793515 32.49731527028761 24.55655916962817 0.0 4.47889555248927 3.1213991664960576 7.857769710582369 25.34697243259051 27.690242582241222 21.511338588736155 21.017847524892957 27.690242582241222 25.822938506194262 30.561052468465558 36.864521487341015 23.700892582921743 23.502453000297727 18.37206877869526 27.78900173265664 28.525835161280323 30.0192785697466 28.41002186458276 33.4308257961898 26.9980914243918 29.641676357696596 35.32852603790882 15.272770247983066 30.19310496194188 33.77058277654023 33.19028551253672 34.22322548964417 26.26350898330541 24.981639113885375 26.206971107731537 32.53167712834945 28.14549106483838 40.52473586293909 25.64729589289776 24.311831864430285 12.442520425581836 14.307065136205548 64.78339984554039 67.7892783901875 49.61991546885354 60.20747591359795 46.01199746749633 48.05216007612655 81.9575725987838 78.22698851949718 77.25861010219421 81.67525422276292 82.6858817696714 75.85869160873371 31.995547623622524 68.84007728590127 77.27458893892195 44.135058955768486 30.667581815748964 34.56376742395845 78.22698851949718 80.33621128596477 53.59183361284904 27.647690649798236 64.36648640945411 61.647832836019944 75.70521399214802 68.91573703592371 49.62062404383296 49.16527371304784 35.0976491798014 46.84534166319302 42.75242017647172 43.05187313191871 47.91872061377201 32.647902001930646 27.690242582241222 24.93120882638762 6.5362246717412935 0.0 4.47889555248927 44.135058955768486 27.690242582241222 25.34697243259051 21.017847524892957 21.511338588736155 25.822938506194262 27.690242582241222 36.864521487341015 30.561052468465558 23.502453000297727 23.700892582921743 27.78900173265664 18.37206877869526 31.422760600521052 27.647690649798236 33.4308257961898 28.41002186458276 29.641676357696596 26.9980914243918 32.53167712834945 48.05216007612655 32.97852669268229 24.97895680015257 34.22322548964417 33.19028551253672 24.981639113885375 26.26350898330541 30.667581815748964 35.3018765922184 53.59183361284904 27.647690649798236 24.311831864430285 25.64729589289776 12.654196029215138 12.442520425581836 67.7892783901875 64.78339984554039 60.20747591359795 49.61991546885354 47.97467418209338 15.272770247983066 78.22698851949718 81.9575725987838 65.72682225517858 64.16890600360702 78.22698851949718 48.49468230058795 36.07051160047884 77.27458893892195 68.84007728590127 7.857769710582369 26.206971107731537 40.07782073742617 80.33621128596477 78.22698851949718 28.14549106483838 40.52473586293909 61.647832836019944 64.36648640945411 68.84007728590127 75.70521399214802 49.16527371304784 49.62062404383296 30.499259232969475 21.29364262744355 47.74952880732159 76.33698005581515 67.3927975913289 50.661491789172395 44.90581565537627 84.17108367861769 35.97904158602127 45.249720891840596 27.921047443683026 55.57533533108607 74.41316870351838 58.55694468251167 30.26299745345446 16.713706976708814 44.82837874528497 2.865326139697337 30.534619697297046 16.16383685763506
38.28870422131324 42.36670143516343 49.83753704797757 44.32860334597663 25.837293692266194 30.36058671017731 21.811404443398203 4.47889555248927 0.0 4.212303775021654 5.7192462162806885 24.50545636076994 25.835942848445583 17.422459430657515 16.965447930262286 25.835942848445583 23.609599769809698 27.49050495903117 35.967355224022995 20.598193057236816 19.952475265743555 20.416845961052022 27.64227706545789 24.883620161157026 26.677162873529134 24.971282442019984 29.958820963395418 23.006036056969734 26.200507753279172 35.210233511676975 18.858826686634927 29.871290161327416 30.372819043143632 29.713594894030575 29.77673603286815 22.34294452490109 21.5787293921708 23.971978509527478 32.38293177805148 24.699836152765297 37.27975900867263 23.400408873024315 21.804509203317465 16.480655182495855 17.975073906826406 62.12443040911616 65.40870978439592 46.84545675346429 57.663541167288464 43.0955082609929 46.85895650779554 78.86887248520638 75.326565094713 74.83883719509795 78.78366927936783 79.5853818214371 73.35873017677412 27.785848246594153 66.46032530608564 74.8511916209299 41.05489175192531 28.58575803579422 32.32312818740644 75.326565094713 77.27676239941819 51.3514494069036 23.692250110457678 63.27848367051353 60.48852082288349 73.16467124951473 66.42976251720525 48.42257380652475 47.99444968469863 32.11648305646711 42.36670143516343 38.28870422131324 38.660308154478166 43.46568114092684 30.678013845247925 25.835942848445583 21.823510785692637 3.4217168587589435 4.47889555248927 0.0 41.05489175192531 25.835942848445583 24.50545636076994 16.965447930262286 17.422459430657515 23.609599769809698 25.835942848445583 35.967355224022995 27.49050495903117 19.952475265743555 20.598193057236816 27.64227706545789 20.416845961052022 27.799971660462734 23.692250110457678 29.958820963395418 24.971282442019984 26.200507753279172 23.006036056969734 32.38293177805148 46.85895650779554 32.66373293638648 22.049234104670326 29.77673603286815 29.713594894030575 21.5787293921708 22.34294452490109 28.58575803579422 35.08342808606647 51.3514494069036 23.692250110457678 21.804509203317465 23.400408873024315 16.151935654765577 16.480655182495855 65.40870978439592 62.12443040911616 57.663541167288464 46.84545675346429 45.394606825402136 18.858826686634927 75.326565094713 78.86887248520638 63.100981400930245 61.55104696319056 75.326565094713 45.94492851740068 35.010201790433456 74.8511916209299 66.46032530608564 5.7192462162806885 23.971978509527478 37.99420742394161 77.27676239941819 75.326565094713 24.699836152765297 37.27975900867263 60.48852082288349 63.27848367051353 66.46032530608564 73.16467124951473 47.99444968469863 48.42257380652475 29.35396207764847 19.234082259666884 44.50226304755899 73.23187604073254 65.08626361036724 48.54995663423843 43.64664187471368 81.16564118790411 32.88900874444909 44.27090480832913 28.789026580795234 52.76542477468575 73.19890062423299 55.90293292897116 26.135014366640267 14.261758046659025 42.170381280336144 7.240550121861069 28.49998631291172 11.782861679374015
41.27952539683143 45.556754727706036 52.76955990140976 47.205003341348686 24.577734073928262 29.397926185596067 21.58198017014915 3.1213991664960576 4.212303775021654 0.0 9.404469389613169 22.27642492572542 24.574330118656555 19.342845442940718 18.813748105053705 24.574330118656555 22.740365343871126 27.666740029132946 33.800864973609166 20.84757061496025 20.86835746870232 21.485429184907602 30.479569339503637 29.089339376770216 30.884831687171925 29.182946961538413 34.17111289824754 27.13294526127278 30.41238135752375 38.04583092458375 18.189327244759063 32.82937652094792 34.584045081969116 33.9258703699432 33.3315015294628 26.497238636016718 25.788122471966958 27.906579393465574 35.233389468394265 28.911629250398008 41.48311283271963 27.33783302493241 25.82875758426885 15.114470347316848 17.194884825846838 66.23128505629276 69.43584302384826 50.97479221294027 61.7375106347471 47.253609274231025 50.358874860141206 83.06200443275904 79.490046998562 78.8812578093744 82.94599787388599 83.77999980339725 77.42498705055297 31.76639197637084 70.48756266891527 78.89474132393505 45.24011853015814 32.472373075932225 36.277377557852375 79.490046998562 81.46599067185048 55.324445300633585 27.832242066798006 66.73450120443866 63.98133829923821 77.24257398410342 70.48990882921781 51.92662485951703 51.48360178080244 36.28050704474338 45.556754727706036 41.27952539683143 41.28146088348076 46.368244790822374 29.535453160219085 24.574330118656555 22.073120699318995 7.423742978248206 3.1213991664960576 4.212303775021654 45.24011853015814 24.574330118656555 22.27642492572542 18.813748105053705 19.342845442940718 22.740365343871126 24.574330118656555 33.800864973609166 27.666740029132946 20.86835746870232 20.84757061496025 30.479569339503637 21.485429184907602 32.00618076576747 27.832242066798006 34.17111289824754 29.182946961538413 30.41238135752375 27.13294526127278 35.233389468394265 50.358874860141206 35.62379131439403 26.19092907683098 33.3315015294628 33.9258703699432 25.788122471966958 26.497238636016718 32.472373075932225 37.985393532040845 55.324445300633585 27.832242066798006 25.82875758426885 27.33783302493241 15.626306849170595 15.114470347316848 69.43584302384826 66.23128505629276 61.7375106347471 50.97479221294027 49.47274474643151 18.189327244759063 79.490046998562 83.06200443275904 67.19948615215253 65.64693163167397 79.490046998562 50.014701844567746 38.42180634654476 78.89474132393505 70.48756266891527 9.404469389613169 27.906579393465574 41.89685867425225 81.46599067185048 79.490046998562 28.911629250398008 41.48311283271963 63.98133829923821 66.73450120443866 70.48756266891527 77.24257398410342 51.48360178080244 51.92662485951703 32.79947316228949 18.20203422400399 48.70728137479752 77.42646879545822 69.08885961274676 52.473538525454735 47.17773452405935 85.3475738509143 37.07198841039833 47.6509184147099 30.89141551375399 56.905252869250425 76.72740772551501 60.006365289115905 30.18298246168634 18.2335393612707 46.267890334897935 5.538164702417216 27.427954995331508 15.631217165313304
38.20715534381791 41.810521705602675 49.722654027852165 44.382942398145104 30.917483318750104 35.202219749434356 26.264018320586842 7.857769710582369 5.7192462162806885 9.404469389613169 0.0 30.048731578825915 30.91734676872977 19.84971546422387 19.520386618180424 30.91734676872977 28.48026499457389 31.46929840501304 41.43986523888213 24.692306540981413 23.434868887193982 16.696166016013347 22.102879921136363 20.939635645599896 22.239944542854847 20.683084586929343 25.701685400468335 19.866396656189675 21.91035893041371 29.64523389055697 17.495168362134386 24.2645614487059 26.003990873564273 25.464511645802332 28.583754991934644 19.026539459129637 17.25470551792052 18.517240984840033 26.818674417346628 20.42371159370365 32.69607425453117 17.9502483922297 16.511100648419195 16.289006491784175 16.836923112401372 56.97787435698579 60.0801819202595 41.78365454755208 52.43418113080532 38.15724237137943 41.14714851540413 74.10015794713946 70.37824773829871 69.53669285649399 73.82789866438497 74.82878365456843 68.1059533302608 25.265398002202947 61.13173185323445 69.55122804326723 36.2800297392362 23.06908446786241 26.890134137859288 70.37824773829871 72.47844334837092 45.93873308070213 20.444910568741566 57.56311110707073 54.777213472847734 67.93836744522841 61.16584350850694 42.71156266863672 42.2813799405069 27.240011363678562 41.810521705602675 38.20715534381791 39.26613384331929 43.480830358030374 35.635229084929954 30.91734676872977 25.878038565011547 2.445057129512835 7.857769710582369 5.7192462162806885 36.2800297392362 30.91734676872977 30.048731578825915 19.520386618180424 19.84971546422387 28.48026499457389 30.91734676872977 41.43986523888213 31.46929840501304 23.434868887193982 24.692306540981413 22.102879921136363 16.696166016013347 23.80173870588303 20.444910568741566 25.701685400468335 20.683084586929343 21.91035893041371 19.866396656189675 26.818674417346628 41.14714851540413 27.048993413449427 17.121894588863793 28.583754991934644 25.464511645802332 17.25470551792052 19.026539459129637 23.06908446786241 29.488163339573088 45.93873308070213 20.444910568741566 16.511100648419195 17.9502483922297 14.850534225696723 16.289006491784175 60.0801819202595 56.97787435698579 52.43418113080532 41.78365454755208 40.18365210646903 17.495168362134386 70.37824773829871 74.10015794713946 57.93061916931636 56.37445637351834 70.37824773829871 40.71328157417225 29.29096052448494 69.55122804326723 61.13173185323445 0.0 18.517240984840033 32.49412581367159 72.47844334837092 70.37824773829871 20.42371159370365 32.69607425453117 54.777213472847734 57.56311110707073 61.13173185323445 67.93836744522841 42.2813799405069 42.71156266863672 23.635029063649558 24.287469403015354 39.91614710774305 68.48026157238999 59.71592019542154 43.07289905957132 37.93923354007357 76.31447916952445 28.127625883932197 38.551736533946794 23.763906157054336 47.73510884761683 67.49447392755248 50.75056097223393 23.35227086308244 8.89834010061425 37.01419934489785 9.41280649022675 33.434413833783616 10.786316259543316
41.446351303007894 46.53158905823311 51.01695149474587 45.71014516661687 6.410514277292136 10.786244051132071 11.339097552111827 25.34697243259051 24.50545636076994 22.27642492572542 30.048731578825915 0.0 6.397765613822457 21.053680241855208 20.581955147320027 6.397765613822457 8.100506727097706 15.57252694229103 11.526719497799485 13.628876366975962 16.815706412188998 43.67427779345037 52.13037143948473 43.35633036999845 46.229894881258964 44.33859128091107 48.609552948324804 39.77966436590106 45.407209589404246 59.68725684008529 39.09226127318735 54.3132180581825 49.31111856642249 48.36885416207165 39.11217894694434 39.71517235439071 41.537882292003204 46.70119519596447 56.859808094539254 44.07322427419944 56.29342298722723 46.14278705592392 44.17196927372274 35.32988267502059 38.0330885760761 82.31252061999564 86.40746511507938 67.11516679325386 78.33714286142762 63.037836451138304 70.52345471300949 96.95078485958372 94.3098996112388 95.55596813582385 97.73368349436612 97.59647363434338 93.84537071669573 41.74365778107798 87.44186170783792 95.55682794038016 60.49574537922763 51.35053044648036 54.6211779110889 94.3098996112388 95.52851849328795 73.03326005959316 40.58346445165723 86.9319870607335 84.06975524558293 93.52157541624311 87.08864421130428 72.06397940783239 71.67374301075711 52.47857724799528 46.53158905823311 41.446351303007894 38.97869879755797 45.165108073839505 10.063732210656173 6.397765613822457 13.829930625842783 27.60607628761916 25.34697243259051 24.50545636076994 60.49574537922763 6.397765613822457 0.0 20.581955147320027 21.053680241855208 8.100506727097706 6.397765613822457 11.526719497799485 15.57252694229103 16.815706412188998 13.628876366975962 52.13037143948473 43.67427779345037 45.977235770633314 40.58346445165723 48.609552948324804 44.33859128091107 45.407209589404246 39.77966436590106 56.859808094539254 70.52345471300949 57.096436897586166 43.426593556331014 39.11217894694434 48.36885416207165 41.537882292003204 39.71517235439071 51.35053044648036 59.536791634750884 73.03326005959316 40.58346445165723 44.17196927372274 46.14278705592392 36.887739646387864 35.32988267502059 86.40746511507938 82.31252061999564 78.33714286142762 67.11516679325386 66.32881621032007 39.09226127318735 94.3098996112388 96.95078485958372 83.37773052362849 81.8911334712763 94.3098996112388 66.94823021152193 58.962892483341406 95.55682794038016 87.44186170783792 30.048731578825915 46.70119519596447 60.40367672830468 95.52851849328795 94.3098996112388 44.07322427419944 56.29342298722723 84.06975524558293 86.9319870607335 87.44186170783792 93.52157541624311 71.67374301075711 72.06397940783239 53.31657650574268 7.982489593395799 63.05447649214043 91.36768072107593 86.30393663557216 70.60792608025027 67.26898090870739 99.57984304829913 52.82090325358824 68.19781616165479 53.098545805731106 72.6975959925421 96.61581051710333 76.27104857927449 41.22347815524073 37.40094190339854 62.998013272679316 27.115763981775192 8.91682083964917 28.694484140347505
36.02066600760663 41.11293587904654 45.1247427495363 39.93196878721517 0.013090893797145066 5.103326154466007 6.805301284105538 27.690242582241222 25.835942848445583 24.574330118656555 30.91734676872977 6.397765613822457 0.0 17.697705110914352 17.353034415520213 0.0 3.0925840274752505 9.384087722224512 11.949564077336476 9.40596282063788 12.684398801812689 45.963935818488864 52.87418364500032 41.161314636871495 44.251277524437384 42.37593651638521 46.25910153265394 37.28984022076213 43.34949361248466 60.32204446427884 42.38487258688054 54.877628324486686 47.02636536856343 46.02815792006828 34.90176361604704 37.3931748099925 39.89373649287402 45.9545434304181 57.51477667972508 42.123819532971176 53.83546189506991 45.41878945610421 43.331023705163496 38.849948449682046 41.3436883343844 79.86303768711036 84.24329351484336 64.88240233528654 76.1163214587562 60.75358171876521 69.98329080794791 93.6650949344362 91.33110181407714 93.20528503660937 94.71912788209113 94.28462306229433 91.41415193322388 38.42594221121573 85.26182429168571 93.20144841723592 58.08602574603721 50.50473014040878 53.46839497362997 91.33110181407714 92.3054670636795 71.30197114856169 38.0794622213736 86.26240520504506 83.35768240623213 91.04185978122005 84.77890601921158 71.49114430493051 71.13547479576863 50.57755698001237 41.11293587904654 36.02066600760663 33.22910347486405 39.43810605958973 4.981464375484617 0.0 9.10836959194939 28.508696590767332 27.690242582241222 25.835942848445583 58.08602574603721 0.0 6.397765613822457 17.353034415520213 17.697705110914352 3.0925840274752505 0.0 11.949564077336476 9.384087722224512 12.684398801812689 9.40596282063788 52.87418364500032 45.963935818488864 43.58199342737293 38.0794622213736 46.25910153265394 42.37593651638521 43.34949361248466 37.28984022076213 57.51477667972508 69.98329080794791 57.61187574159145 42.201038538014835 34.90176361604704 46.02815792006828 39.89373649287402 37.3931748099925 50.50473014040878 60.08985190963394 71.30197114856169 38.0794622213736 43.331023705163496 45.41878945610421 39.9791966937715 38.849948449682046 84.24329351484336 79.86303768711036 76.1163214587562 64.88240233528654 64.36552580282884 42.38487258688054 91.33110181407714 93.6650949344362 80.95161369831597 79.503564404067 91.33110181407714 65.00367440207631 58.79823859319626 93.20144841723592 85.26182429168571 30.91734676872977 45.9545434304181 59.198945578490616 92.3054670636795 91.33110181407714 42.123819532971176 53.83546189506991 83.35768240623213 86.26240520504506 85.26182429168571 91.04185978122005 71.13547479576863 71.49114430493051 53.23726411604949 6.630551964772333 60.306327203094376 88.14100044529773 84.23435123822817 69.0836731113715 66.72637081662828 96.379192156976 50.7584308103712 67.91233431322496 54.584355004795206 70.26202289387079 95.70288652817658 73.95386119064224 38.21208696448325 37.19194151721148 61.04609359314953 29.897100737019137 3.033368142433006 27.267664703396463
