0.0 5.907292989634523 5.145530445259442 41.100737120673536 40.068343010635296 41.11293587904654 35.2009873540341 29.507747734455283 41.810521705602675 46.53158905823311 41.11293587904654 51.248290506862645 32.16154009675177 30.18482037028991 33.072518983158325 56.28530519680073 51.94327444850533 27.90409866166888 30.364025256386284 29.80258024288055 28.626453332252446 25.23057718638628 29.504332496018765 54.52317791800334 56.38237210214296 59.225746379444125 31.080978239127212 38.97634043866486 54.52317791800334 31.809933993764183 60.53041083066985 56.40993545775414 38.8583487439416 58.62177841371294 51.97005841170557 57.59663077079738 50.19585635744679 41.032295853866074 37.11111690772988 56.148974924174766 59.68082057267227 59.17580668909819 40.742311204067406 52.04497575052247 59.17580668909819 60.12749969296839 40.4893401853274 62.42257484678607 58.40039429126634 64.50681744607057 34.89443249221488 40.742311204067406 40.4893401853274 59.17580668909819 58.737070906519676 37.41309118926751 41.13056294552636 25.23171760185856 68.80448991412422 57.455690271860384 59.17580668909819 56.306825052668344 61.35495731158081 57.171482565642016 61.79519792276709 50.88142572092282 59.17580668909819 5.907292989634523 0.0 4.4972868168214575 41.459768276888305 41.11293587904654 40.068343010635296 32.721124300890736 29.04601957644188 34.89443249221488 41.11293587904654 46.53158905823311 32.16154009675177 51.248290506862645 33.072518983158325 30.18482037028991 51.94327444850533 56.28530519680073 27.288790621512135 25.23171760185856 28.626453332252446 29.80258024288055 29.504332496018765 25.23057718638628 56.38237210214296 54.52317791800334 56.148974924174766 26.316239799972003 40.742311204067406 55.70862088616257 25.23171760185856 69.09338372693365 58.54776074660349 37.2091450736169 58.02495154842907 57.59663077079738 51.97005841170557 41.032295853866074 50.19585635744679 33.83295548859567 59.225746379444125 59.17580668909819 59.68082057267227 38.65469592037087 62.13815531977999 60.12749969296839 59.17580668909819 43.46081945001876 43.06829116942669 64.50681744607057 58.40039429126634 41.810521705602675 38.97634043866486 43.8451224668945 58.737070906519676 59.17580668909819 41.13056294552636 37.41309118926751 31.809933993764183 66.03245455005984 59.17580668909819 57.455690271860384 61.35495731158081 56.306825052668344 61.79519792276709 58.40039429126634 55.98866698892893 56.99951947923074 60.12749969296839 27.90409866166888 40.4893401853274 51.94327444850533 59.68082057267227 58.40039429126634 42.36670143516343 38.97634043866486 5.145530445259442 57.171482565642016 59.17580668909819 37.628517499570854 51.97005841170557 56.38237210214296 54.52317791800334 41.032295853866074 40.742311204067406 41.100737120673536 56.28530519680073 58.62177841371294 37.41309118926751 57.12503190133619 51.248290506862645 13.538922110038103
5.907292989634523 0.0 7.418791561209576 35.31569386144802 34.48855942725094 35.327737649809386 29.32910319855808 23.8533670372551 36.99431957874397 40.6657640335271 35.327737649809386 45.69257444387458 26.507651995320206 24.27763946679878 27.176545569784132 52.106313798366266 49.00475111896062 25.41708249250288 28.27815771203801 27.387326788468627 27.194787149877467 22.12378379040893 27.321930399268286 51.97412187127065 54.03520661441441 54.48519805792115 28.072449560793903 36.304729100321616 51.97412187127065 31.688986449327526 57.373723392289556 52.42004006499797 36.109758011947314 53.828542991804845 53.98436173770076 59.43622230430401 51.7241750283591 41.814622458541805 35.74657826507088 55.41635480499106 63.25805783458894 62.29969145491021 38.657037346274436 53.96138680322798 62.29969145491021 63.75198215475464 38.97514596543548 64.85356425980322 60.30078312841087 66.89856525763587 35.2426215253199 38.657037346274436 38.97514596543548 62.29969145491021 62.20173720501793 37.02525222273233 40.36634853848964 22.296407753602608 69.01136920505552 61.704973916911186 62.29969145491021 55.60176123394514 60.84430395740184 59.21592197305871 64.2751497048546 52.34948193269053 62.29969145491021 0.0 5.907292989634523 6.501416680494106 35.87730678177007 35.327737649809386 34.48855942725094 26.844298792995936 23.231647480138466 35.2426215253199 35.327737649809386 40.6657640335271 26.507651995320206 45.69257444387458 27.176545569784132 24.27763946679878 49.00475111896062 52.106313798366266 25.40262894181059 22.296407753602608 27.194787149877467 27.387326788468627 27.321930399268286 22.12378379040893 54.03520661441441 51.97412187127065 55.41635480499106 23.164160292355692 38.657037346274436 53.40593139620022 22.296407753602608 66.37156119366303 54.46796131029115 34.272510763671576 53.057804098633916 59.43622230430401 53.98436173770076 41.814622458541805 51.7241750283591 32.64856972776677 54.48519805792115 62.29969145491021 63.25805783458894 36.18573493476737 65.39524592837776 63.75198215475464 62.29969145491021 42.55686662279527 43.49922368052596 66.89856525763587 60.30078312841087 36.99431957874397 36.304729100321616 42.95302370151423 62.20173720501793 62.29969145491021 40.36634853848964 37.02525222273233 31.688986449327526 66.16405793861934 62.29969145491021 61.704973916911186 60.84430395740184 55.60176123394514 64.2751497048546 60.30078312841087 57.69659350364652 60.75159245763486 63.75198215475464 25.41708249250288 38.97514596543548 49.00475111896062 63.25805783458894 60.30078312841087 37.107572080039624 36.304729100321616 7.418791561209576 59.21592197305871 62.29969145491021 38.098603112463515 53.98436173770076 54.03520661441441 51.97412187127065 41.814622458541805 38.657037346274436 35.31569386144802 52.106313798366266 53.828542991804845 37.02525222273233 56.51493929751762 45.69257444387458 10.072381369008363
5.145530445259442 7.418791561209576 0.0 39.91927717075065 38.290218262251116 39.93196878721517 34.52648242089092 30.744027312689514 44.382942398145104 45.71014516661687 39.93196878721517 49.320762532837925 30.675999134721927 30.05873534999283 32.647743258116265 59.512211572147734 56.0524442908082 32.185401760745144 34.83569645407971 34.126661709363354 33.33352791009692 29.172666091012697 33.931278072836506 58.841679363224635 60.799365401824154 61.87743454516986 35.105573184914775 43.20595057821392 58.841679363224635 36.85057045903196 64.51996415396495 59.80036090025012 43.047836384765574 61.21100789582294 57.03070271230496 62.6788041832654 55.31765819124348 46.17367240747685 41.86997516826247 61.10920316935665 64.22705198124504 63.9258960264756 45.24748929118508 57.12073502748804 63.9258960264756 64.64833574832384 45.208000143059536 67.38662746316358 63.47314163618669 69.4782490264681 40.002226518020365 45.24748929118508 45.208000143059536 63.9258960264756 63.34084630967728 42.418722258779354 46.06354426165662 29.26986730644991 73.91989240682081 61.591508043937594 63.9258960264756 61.27328532303918 66.36539280220003 62.221944642506685 66.74765215635185 56.007656183326986 63.9258960264756 7.418791561209576 5.145530445259442 0.9341816914182046 39.67347232814763 39.93196878721517 38.290218262251116 32.11610432620549 29.771733626347 40.002226518020365 39.93196878721517 45.71014516661687 30.675999134721927 49.320762532837925 32.647743258116265 30.05873534999283 56.0524442908082 59.512211572147734 31.82596067856308 29.26986730644991 33.33352791009692 34.126661709363354 33.931278072836506 29.172666091012697 60.799365401824154 58.841679363224635 61.10920316935665 30.237786906407628 45.24748929118508 60.14506203848796 29.26986730644991 73.3377836768403 61.86277245802098 41.29284256011139 60.39359613294998 62.6788041832654 57.03070271230496 46.17367240747685 55.31765819124348 38.63710985043145 61.87743454516986 63.9258960264756 64.22705198124504 42.983500042089595 66.82858525877705 64.64833574832384 63.9258960264756 48.36405301442992 48.19101488509115 69.4782490264681 63.47314163618669 44.382942398145104 43.20595057821392 48.7519838898991 63.34084630967728 63.9258960264756 46.06354426165662 42.418722258779354 36.85057045903196 71.13964329643558 63.9258960264756 61.591508043937594 66.36539280220003 61.27328532303918 66.74765215635185 63.47314163618669 61.0888691179073 61.45891041008269 64.64833574832384 32.185401760745144 45.208000143059536 56.0524442908082 64.22705198124504 63.47314163618669 44.32860334597663 43.20595057821392 0.0 62.221944642506685 63.9258960264756 42.750143472901854 57.03070271230496 60.799365401824154 58.841679363224635 46.17367240747685 45.24748929118508 39.91927717075065 59.512211572147734 61.21100789582294 42.418722258779354 62.112397917309416 49.320762532837925 17.143827272670713
41.100737120673536 35.31569386144802 39.91927717075065 0.0 5.004238408669306 0.013090893797145066 6.796637486390145 19.43785858659695 30.917483318750104 6.410514277292136 0.013090893797145066 11.95661661887757 9.37106599245604 12.675464750516541 9.397369793007982 45.96657006391059 52.87349790724351 41.15495427048568 44.24528310862438 42.37000827455705 46.25234960477202 37.28298489892259 43.343360487025045 57.51384521886079 60.32103785349493 42.38969684610281 39.88848997875035 45.95095942777011 57.51384521886079 53.828404798809245 57.779684424468456 47.7824543979408 45.4152610717992 41.348571697321425 79.85580354101583 84.2365754597341 76.10953842767243 64.87567211965748 51.89703480089988 69.97981973403496 93.6562715183278 91.32284088071545 50.50087028529173 79.4964483330225 91.32284088071545 94.27575095151181 53.46388294291116 91.40690153018242 85.25507150330135 93.1943330423246 58.079017135244676 50.50087028529173 53.46388294291116 91.32284088071545 92.29676033990879 56.78085984607748 57.777649128257636 38.07256138019257 86.25856964893966 94.07326918048103 91.32284088071545 70.26666988483103 75.67177937700122 84.77191092550339 91.03452032582229 76.45284436878299 91.32284088071545 35.31569386144802 41.100737120673536 39.42548109846456 4.976844315222699 0.013090893797145066 5.004238408669306 9.098575459880808 16.967478378570434 58.079017135244676 0.013090893797145066 6.410514277292136 9.37106599245604 11.95661661887757 9.397369793007982 12.675464750516541 52.87349790724351 45.96657006391059 43.575197901747785 38.07256138019257 46.25234960477202 42.37000827455705 43.343360487025045 37.28298489892259 60.32103785349493 57.51384521886079 69.97981973403496 37.38664670798958 50.50087028529173 60.08868120188074 38.07256138019257 68.05046917095557 48.54682731729485 43.32730319304499 38.8553319596725 84.2365754597341 79.85580354101583 64.87567211965748 76.10953842767243 50.57161540793773 42.38969684610281 91.32284088071545 93.6562715183278 46.9543800265493 94.71079079233161 94.27575095151181 91.32284088071545 58.839039299052025 64.99749523670486 93.1943330423246 85.25507150330135 30.917483318750104 45.95095942777011 59.194261780062405 92.29676033990879 91.32284088071545 57.777649128257636 56.78085984607748 53.828404798809245 83.35377894763327 91.32284088071545 94.07326918048103 75.67177937700122 70.26666988483103 91.03452032582229 85.25507150330135 82.16059132507118 91.75736595211562 94.27575095151181 41.15495427048568 53.46388294291116 52.87349790724351 93.6562715183278 85.25507150330135 25.837293692266194 45.95095942777011 39.91927717075065 84.77191092550339 91.32284088071545 60.74678787870021 79.85580354101583 60.32103785349493 57.51384521886079 64.87567211965748 50.50087028529173 0.0 45.96657006391059 41.348571697321425 56.78085984607748 71.48759615965443 11.95661661887757 34.891669918481654
40.068343010635296 34.48855942725094 38.290218262251116 5.004238408669306 0.0 5.012058339307346 9.238973962788965 22.106228247917343 35.089002542365215 10.728306421491155 5.012058339307346 11.206953679732576 8.058608016225802 14.44068738065152 11.555150527121015 50.54607867601943 56.81809066466789 43.455658416739375 46.66631536822634 44.824225665522114 48.37618474320797 39.416900523710176 45.71762883904454 61.3948095396076 64.18048202120873 47.24141884767407 42.594630767919924 49.15778950025721 61.3948095396076 55.79902641016643 62.07891750202929 52.29243152270062 48.64020719428832 46.20627638385234 81.68970145118303 86.27611289471236 78.1358825437163 66.94630298497837 54.562141384223615 73.16763294374022 94.73896059562962 92.6820800558111 53.61121923387495 81.38045483541026 92.6820800558111 95.33308343276666 56.361466360486105 93.21705786955333 87.27917755896023 95.05910532559255 60.05555009061513 53.61121923387495 56.361466360486105 92.6820800558111 93.43949260610262 59.13268525313705 60.43831537981929 40.183064680704135 89.31538068423902 94.66420459420446 92.6820800558111 73.44721830394613 78.89845361381516 86.69787870063065 92.8072575431258 78.5245323046624 92.6820800558111 34.48855942725094 40.068343010635296 37.89679422392714 1.3915269130036834 5.012058339307346 0.0 10.757490809816417 19.283392594417496 60.05555009061513 5.012058339307346 10.728306421491155 8.058608016225802 11.206953679732576 11.555150527121015 14.44068738065152 56.81809066466789 50.54607867601943 45.69487604699522 40.183064680704135 48.37618474320797 44.824225665522114 45.71762883904454 39.416900523710176 64.18048202120873 61.3948095396076 73.16763294374022 39.646721984519516 53.61121923387495 63.90931638764658 40.183064680704135 72.36931285138292 53.149117949954395 46.502898010979266 43.757206960844435 86.27611289471236 81.68970145118303 66.94630298497837 78.1358825437163 52.98612400126482 47.24141884767407 92.6820800558111 94.73896059562962 50.07389319811807 96.029529249522 95.33308343276666 92.6820800558111 61.65411668550747 67.28216848544434 95.05910532559255 87.27917755896023 35.089002542365215 49.15778950025721 62.02120678099765 93.43949260610262 92.6820800558111 60.43831537981929 59.13268525313705 55.79902641016643 86.39250360939079 92.6820800558111 94.66420459420446 78.89845361381516 73.44721830394613 92.8072575431258 87.27917755896023 84.23353551134748 92.6913835174736 95.33308343276666 43.455658416739375 56.361466360486105 56.81809066466789 94.73896059562962 87.27917755896023 30.248920441312492 49.15778950025721 38.290218262251116 86.69787870063065 92.6820800558111 62.802539196924926 81.68970145118303 64.18048202120873 61.3948095396076 66.94630298497837 53.61121923387495 5.004238408669306 50.54607867601943 46.20627638385234 59.13268525313705 74.65012837831821 11.206953679732576 35.501694860854435
41.11293587904654 35.327737649809386 39.93196878721517 0.013090893797145066 5.012058339307346 0.0 6.805301284105538 19.44384697551097 30.91734676872977 6.397765613822457 0.0 11.949564077336476 9.384087722224512 12.684398801812689 9.40596282063788 45.963935818488864 52.87418364500032 41.161314636871495 44.251277524437384 42.37593651638521 46.25910153265394 37.28984022076213 43.34949361248466 57.51477667972508 60.32204446427884 42.38487258688054 39.89373649287402 45.9545434304181 57.51477667972508 53.83546189506991 57.7786379851636 47.78025716678082 45.41878945610421 41.3436883343844 79.86303768711036 84.24329351484336 76.1163214587562 64.88240233528654 51.90225813459045 69.98329080794791 93.6650949344362 91.33110181407714 50.50473014040878 79.503564404067 91.33110181407714 94.28462306229433 53.46839497362997 91.41415193322388 85.26182429168571 93.20144841723592 58.08602574603721 50.50473014040878 53.46839497362997 91.33110181407714 92.3054670636795 56.78691659694786 57.782836454624054 38.0794622213736 86.26240520504506 94.08301459039679 91.33110181407714 70.27016385234268 75.67509407132809 84.77890601921158 91.04185978122005 76.4595128262823 91.33110181407714 35.327737649809386 41.11293587904654 39.43810605958973 4.981464375484617 0.0 5.012058339307346 9.10836959194939 16.97462723264308 58.08602574603721 0.0 6.397765613822457 9.384087722224512 11.949564077336476 9.40596282063788 12.684398801812689 52.87418364500032 45.963935818488864 43.58199342737293 38.0794622213736 46.25910153265394 42.37593651638521 43.34949361248466 37.28984022076213 60.32204446427884 57.51477667972508 69.98329080794791 37.3931748099925 50.50473014040878 60.08985190963394 38.0794622213736 68.04927662391167 48.54402540353796 43.331023705163496 38.849948449682046 84.24329351484336 79.86303768711036 64.88240233528654 76.1163214587562 50.57755698001237 42.38487258688054 91.33110181407714 93.6650949344362 46.958245329524274 94.71912788209113 94.28462306229433 91.33110181407714 58.84376154764443 65.00367440207631 93.20144841723592 85.26182429168571 30.91734676872977 45.9545434304181 59.198945578490616 92.3054670636795 91.33110181407714 57.782836454624054 56.78691659694786 53.83546189506991 83.35768240623213 91.33110181407714 94.08301459039679 75.67509407132809 70.27016385234268 91.04185978122005 85.26182429168571 82.16723353488132 91.76648529869372 94.28462306229433 41.161314636871495 53.46839497362997 52.87418364500032 93.6650949344362 85.26182429168571 25.835942848445583 45.9545434304181 39.93196878721517 84.77890601921158 91.33110181407714 60.75358171876521 79.86303768711036 60.32204446427884 57.51477667972508 64.88240233528654 50.50473014040878 0.013090893797145066 45.963935818488864 41.3436883343844 56.78691659694786 71.49114430493051 11.949564077336476 34.90176361604704
35.2009873540341 29.32910319855808 34.52648242089092 6.796637486390145 9.238973962788965 6.805301284105538 0.0 12.956262505875388 26.264018320586842 11.339097552111827 6.805301284105538 18.70248330367982 6.356457963363391 5.884662994210917 2.6013325753721204 42.22802763368691 47.734213197676944 34.545782475674 37.69159439544253 35.82953648262677 39.58526963857497 30.608062540458473 36.76771464265864 52.271687955307364 55.044672825146755 39.77125548629339 33.480844483321995 39.924722302154976 52.271687955307364 47.12287282478963 53.28207433720499 43.83145464497409 39.405459739781385 38.77407761394057 73.12883901362312 77.56422413420324 69.43059861197645 58.205159610832546 45.476896253416605 63.94200694959651 86.860699702796 84.53198254899137 44.39213600824043 72.78088323490641 84.53198254899137 87.48090236031435 47.193322251366745 84.67763688219017 78.57845714080761 86.4777339453682 51.377755479410254 44.39213600824043 47.193322251366745 84.53198254899137 85.50021645697403 50.20799628809703 51.35906650873456 31.391399959119653 80.1163068239876 87.3268148312589 84.53198254899137 64.22263665610048 69.66883890933835 78.06824625462237 84.29739333868876 69.78767842540107 84.53198254899137 29.32910319855808 35.2009873540341 33.9480441134456 10.13563297380784 6.805301284105538 9.238973962788965 2.494515906724088 10.28938197113129 51.377755479410254 6.805301284105538 11.339097552111827 6.356457963363391 18.70248330367982 2.6013325753721204 5.884662994210917 47.734213197676944 42.22802763368691 36.90394176868534 31.391399959119653 39.58526963857497 35.82953648262677 36.76771464265864 30.608062540458473 55.044672825146755 52.271687955307364 63.94200694959651 30.756135680067278 44.39213600824043 54.757011102509416 31.391399959119653 63.57539898874113 44.86541499990419 37.272133785383254 36.58535159858331 77.56422413420324 73.12883901362312 58.205159610832546 69.43059861197645 44.02136428006912 39.77125548629339 84.53198254899137 86.860699702796 40.85190974088255 87.91793766139409 87.48090236031435 84.53198254899137 52.515594073308336 58.40217328650064 86.4777339453682 78.57845714080761 26.264018320586842 39.924722302154976 52.87878807718907 85.50021645697403 84.53198254899137 51.35906650873456 50.20799628809703 47.12287282478963 77.19703213843411 84.53198254899137 87.3268148312589 69.66883890933835 64.22263665610048 84.29739333868876 78.57845714080761 75.49778349121293 84.96921788939864 87.48090236031435 34.545782475674 47.193322251366745 47.734213197676944 86.860699702796 78.57845714080761 21.811404443398203 39.924722302154976 34.52648242089092 78.06824625462237 84.53198254899137 54.0695321526127 73.12883901362312 55.044672825146755 52.271687955307364 58.205159610832546 44.39213600824043 6.796637486390145 42.22802763368691 38.77407761394057 50.20799628809703 65.42838854350384 18.70248330367982 28.199769993857625
29.507747734455283 23.8533670372551 30.744027312689514 19.43785858659695 22.106228247917343 19.44384697551097 12.956262505875388 0.0 16.451617894697353 21.899526696785276 19.44384697551097 31.36137467960567 16.330618344294365 8.023082997007986 10.551959658118392 33.14393662910032 36.037760915191406 21.736404618069415 24.80743267248758 22.932598308601822 26.88953488560672 17.962529141233194 23.90831696769523 40.367483682244604 43.06609782292147 33.016068792013684 20.52478060697733 27.161006717913033 40.367483682244604 34.52581012039921 42.5111726454074 34.27884633771375 26.659777516697567 32.17791962088296 60.57471472678838 64.85043267234623 56.73518966441766 45.49650134079198 32.52374843768546 51.1108256149211 75.06817639021173 72.41537751752635 31.545489529926627 60.18651683790082 72.41537751752635 75.71851335205461 34.256178635316125 72.12383019580862 65.87384490444582 73.87849104466049 38.75932744839762 31.545489529926627 34.256178635316125 72.41537751752635 73.63706232093398 37.34354730259184 38.40642456590687 18.7621478283165 67.2139619716523 76.23082663641254 72.41537751752635 51.38695916103894 56.854743056108 65.43345746330176 71.7750390500176 57.06122606207933 72.41537751752635 23.8533670372551 29.507747734455283 29.93207584341977 23.077267961147026 19.44384697551097 22.106228247917343 11.438368335856568 3.093232029227436 38.75932744839762 19.44384697551097 21.899526696785276 16.330618344294365 31.36137467960567 10.551959658118392 8.023082997007986 36.037760915191406 33.14393662910032 24.225217236655677 18.7621478283165 26.88953488560672 22.932598308601822 23.90831696769523 17.962529141233194 43.06609782292147 40.367483682244604 51.1108256149211 17.993624293834834 31.545489529926627 42.706222806659284 18.7621478283165 52.68722535237465 35.7749370953248 24.49498262558653 30.776202698315135 64.85043267234623 60.57471472678838 45.49650134079198 56.73518966441766 31.13398881903245 33.016068792013684 72.41537751752635 75.06817639021173 28.019797512229772 75.83675588108014 75.71851335205461 72.41537751752635 39.56339360085318 45.56348919570477 73.87849104466049 65.87384490444582 16.451617894697353 27.161006717913033 39.92786745389739 73.63706232093398 72.41537751752635 38.40642456590687 37.34354730259184 34.52581012039921 64.28934799403052 72.41537751752635 76.23082663641254 56.854743056108 51.38695916103894 71.7750390500176 65.87384490444582 62.76445332624003 73.38276705165376 75.71851335205461 21.736404618069415 34.256178635316125 36.037760915191406 75.06817639021173 65.87384490444582 14.295555939399147 27.161006717913033 30.744027312689514 65.43345746330176 72.41537751752635 41.38034933167894 60.57471472678838 43.06609782292147 40.367483682244604 45.49650134079198 31.545489529926627 19.43785858659695 33.14393662910032 32.17791962088296 37.34354730259184 52.58150212842662 31.36137467960567 18.67731936046066
41.810521705602675 36.99431957874397 44.382942398145104 30.917483318750104 35.089002542365215 30.91734676872977 26.264018320586842 16.451617894697353 0.0 30.048731578825915 30.91734676872977 41.43986523888213 31.46929840501304 23.434868887193982 24.692306540981413 16.696166016013347 22.102879921136363 20.939635645599896 22.239944542854847 20.683084586929343 25.701685400468335 19.866396656189675 21.91035893041371 26.818674417346628 29.64523389055697 17.495168362134386 17.25470551792052 18.517240984840033 26.818674417346628 32.69607425453117 27.022231877742534 17.924632534636203 17.9502483922297 16.836923112401372 56.97787435698579 60.0801819202595 52.43418113080532 41.78365454755208 26.838331085485 41.14714851540413 74.10015794713946 70.37824773829871 23.06908446786241 56.37445637351834 70.37824773829871 74.82878365456843 26.890134137859288 68.1059533302608 61.13173185323445 69.55122804326723 36.2800297392362 23.06908446786241 26.890134137859288 70.37824773829871 72.47844334837092 32.93323624142837 32.07838497868014 20.444910568741566 57.56311110707073 77.25145392353294 70.37824773829871 41.45410855351398 46.5638191479402 61.16584350850694 67.93836744522841 52.52109674665441 70.37824773829871 36.99431957874397 41.810521705602675 43.480830358030374 35.635229084929954 30.91734676872977 35.089002542365215 25.878038565011547 19.256647614429053 36.2800297392362 30.91734676872977 30.048731578825915 31.46929840501304 41.43986523888213 24.692306540981413 23.434868887193982 22.102879921136363 16.696166016013347 23.80173870588303 20.444910568741566 25.701685400468335 20.683084586929343 21.91035893041371 19.866396656189675 29.64523389055697 26.818674417346628 41.14714851540413 19.026539459129637 23.06908446786241 29.488163339573088 20.444910568741566 37.31682037567058 19.33307242779852 16.511100648419195 16.289006491784175 60.0801819202595 56.97787435698579 41.78365454755208 52.43418113080532 27.240011363678562 17.495168362134386 70.37824773829871 74.10015794713946 19.894535010381787 73.82789866438497 74.82878365456843 70.37824773829871 32.2272060244545 40.71328157417225 69.55122804326723 61.13173185323445 0.0 18.517240984840033 32.49412581367159 72.47844334837092 70.37824773829871 32.07838497868014 32.93323624142837 32.69607425453117 54.777213472847734 70.37824773829871 77.25145392353294 46.5638191479402 41.45410855351398 67.93836744522841 61.13173185323445 57.92998847086108 73.12131681607272 74.82878365456843 20.939635645599896 26.890134137859288 22.102879921136363 74.10015794713946 61.13173185323445 5.7192462162806885 18.517240984840033 44.382942398145104 61.16584350850694 70.37824773829871 38.15724237137943 56.97787435698579 29.64523389055697 26.818674417346628 41.78365454755208 23.06908446786241 30.917483318750104 16.696166016013347 16.836923112401372 32.93323624142837 42.71156266863672 41.43986523888213 28.583754991934644
46.53158905823311 40.6657640335271 45.71014516661687 6.410514277292136 10.728306421491155 6.397765613822457 11.339097552111827 21.899526696785276 30.048731578825915 0.0 6.397765613822457 11.526719497799485 15.57252694229103 16.815706412188998 13.628876366975962 43.67427779345037 52.13037143948473 43.35633036999845 46.229894881258964 44.33859128091107 48.609552948324804 39.77966436590106 45.407209589404246 56.859808094539254 59.68725684008529 39.09226127318735 41.537882292003204 46.70119519596447 56.859808094539254 56.29342298722723 56.16280367991462 45.68354562635194 46.14278705592392 38.0330885760761 82.31252061999564 86.40746511507938 78.33714286142762 67.11516679325386 53.426824220521574 70.52345471300949 96.95078485958372 94.3098996112388 51.35053044648036 81.8911334712763 94.3098996112388 97.59647363434338 54.6211779110889 93.84537071669573 87.44186170783792 95.55682794038016 60.49574537922763 51.35053044648036 54.6211779110889 94.3098996112388 95.52851849328795 58.70824546716929 59.2520417585994 40.58346445165723 86.9319870607335 97.89040959144627 94.3098996112388 70.82065707113007 76.11493959528299 87.08864421130428 93.52157541624311 78.61888264942415 94.3098996112388 40.6657640335271 46.53158905823311 45.165108073839505 10.063732210656173 6.397765613822457 10.728306421491155 13.829930625842783 20.081475866184253 60.49574537922763 6.397765613822457 0.0 15.57252694229103 11.526719497799485 13.628876366975962 16.815706412188998 52.13037143948473 43.67427779345037 45.977235770633314 40.58346445165723 48.609552948324804 44.33859128091107 45.407209589404246 39.77966436590106 59.68725684008529 56.859808094539254 70.52345471300949 39.71517235439071 51.35053044648036 59.536791634750884 40.58346445165723 66.3121543249669 46.15295269192849 44.17196927372274 35.32988267502059 86.40746511507938 82.31252061999564 67.11516679325386 78.33714286142762 52.47857724799528 39.09226127318735 94.3098996112388 96.95078485958372 47.83636157973105 97.73368349436612 97.59647363434338 94.3098996112388 60.07000790753713 66.94823021152193 95.55682794038016 87.44186170783792 30.048731578825915 46.70119519596447 60.40367672830468 95.52851849328795 94.3098996112388 59.2520417585994 58.70824546716929 56.29342298722723 84.06975524558293 94.3098996112388 97.89040959144627 76.11493959528299 70.82065707113007 93.52157541624311 87.44186170783792 84.29666442214607 95.22108598966808 97.59647363434338 43.35633036999845 54.6211779110889 52.13037143948473 96.95078485958372 87.44186170783792 24.50545636076994 46.70119519596447 45.71014516661687 87.08864421130428 94.3098996112388 63.037836451138304 82.31252061999564 59.68725684008529 56.859808094539254 67.11516679325386 51.35053044648036 6.410514277292136 43.67427779345037 38.0330885760761 58.70824546716929 72.06397940783239 11.526719497799485 39.11217894694434
41.11293587904654 35.327737649809386 39.93196878721517 0.013090893797145066 5.012058339307346 0.0 6.805301284105538 19.44384697551097 30.91734676872977 6.397765613822457 0.0 11.949564077336476 9.384087722224512 12.684398801812689 9.40596282063788 45.963935818488864 52.87418364500032 41.161314636871495 44.251277524437384 42.37593651638521 46.25910153265394 37.28984022076213 43.34949361248466 57.51477667972508 60.32204446427884 42.38487258688054 39.89373649287402 45.9545434304181 57.51477667972508 53.83546189506991 57.7786379851636 47.78025716678082 45.41878945610421 41.3436883343844 79.86303768711036 84.24329351484336 76.1163214587562 64.88240233528654 51.90225813459045 69.98329080794791 93.6650949344362 91.33110181407714 50.50473014040878 79.503564404067 91.33110181407714 94.28462306229433 53.46839497362997 91.41415193322388 85.26182429168571 93.20144841723592 58.08602574603721 50.50473014040878 53.46839497362997 91.33110181407714 92.3054670636795 56.78691659694786 57.782836454624054 38.0794622213736 86.26240520504506 94.08301459039679 91.33110181407714 70.27016385234268 75.67509407132809 84.77890601921158 91.04185978122005 76.4595128262823 91.33110181407714 35.327737649809386 41.11293587904654 39.43810605958973 4.981464375484617 0.0 5.012058339307346 9.10836959194939 16.97462723264308 58.08602574603721 0.0 6.397765613822457 9.384087722224512 11.949564077336476 9.40596282063788 12.684398801812689 52.87418364500032 45.963935818488864 43.58199342737293 38.0794622213736 46.25910153265394 42.37593651638521 43.34949361248466 37.28984022076213 60.32204446427884 57.51477667972508 69.98329080794791 37.3931748099925 50.50473014040878 60.08985190963394 38.0794622213736 68.04927662391167 48.54402540353796 43.331023705163496 38.849948449682046 84.24329351484336 79.86303768711036 64.88240233528654 76.1163214587562 50.57755698001237 42.38487258688054 91.33110181407714 93.6650949344362 46.958245329524274 94.71912788209113 94.28462306229433 91.33110181407714 58.84376154764443 65.00367440207631 93.20144841723592 85.26182429168571 30.91734676872977 45.9545434304181 59.198945578490616 92.3054670636795 91.33110181407714 57.782836454624054 56.78691659694786 53.83546189506991 83.35768240623213 91.33110181407714 94.08301459039679 75.67509407132809 70.27016385234268 91.04185978122005 85.26182429168571 82.16723353488132 91.76648529869372 94.28462306229433 41.161314636871495 53.46839497362997 52.87418364500032 93.6650949344362 85.26182429168571 25.835942848445583 45.9545434304181 39.93196878721517 84.77890601921158 91.33110181407714 60.75358171876521 79.86303768711036 60.32204446427884 57.51477667972508 64.88240233528654 50.50473014040878 0.013090893797145066 45.963935818488864 41.3436883343844 56.78691659694786 71.49114430493051 11.949564077336476 34.90176361604704
51.248290506862645 45.69257444387458 49.320762532837925 11.95661661887757 11.206953679732576 11.949564077336476 18.70248330367982 31.36137467960567 41.43986523888213 11.526719497799485 11.949564077336476 0.0 19.24424781245862 24.530972863187053 21.297831769312076 55.1667802714886 63.54230696964522 53.09365834651047 56.16042609198277 54.280414399396165 58.20534522341972 49.238070163864144 55.26852842717035 68.2561275959038 71.08165160111362 50.318868801883596 51.73157376940243 57.50395872599849 68.2561275959038 65.7850213066875 67.68892206707424 57.195501208570946 56.95701414341536 49.25801629102011 91.81108481877993 96.18829905813276 88.06298095836632 76.82789303249874 63.73082818596002 81.4756345613486 105.4596139790802 103.2114750425785 62.105668011801605 91.45292222562114 103.2114750425785 106.06976225673726 65.18961137598103 103.36189450938379 97.20772976625521 105.15080707770335 70.03553180665236 62.105668011801605 65.18961137598103 103.2114750425785 104.12115060819838 68.6988147947337 69.60432575318502 50.02824730274646 97.82803496954801 105.64413109485294 103.2114750425785 81.76772784993632 87.12372684283147 96.72835571164875 102.98764210939338 88.40313270683436 103.2114750425785 45.69257444387458 51.248290506862645 48.964347781391055 9.821975186501982 11.949564077336476 11.206953679732576 20.859558162806763 28.923872055980773 70.03553180665236 11.949564077336476 11.526719497799485 19.24424781245862 0.0 21.297831769312076 24.530972863187053 63.54230696964522 55.1667802714886 55.52917410792882 50.02824730274646 58.20534522341972 54.280414399396165 55.26852842717035 49.238070163864144 71.08165160111362 68.2561275959038 81.4756345613486 49.33305265224634 62.105668011801605 70.90961547802584 50.02824730274646 77.83744876128065 57.626185018059616 54.9142033587755 46.47469472678972 96.18829905813276 91.81108481877993 76.82789303249874 88.06298095836632 62.48142715108275 50.318868801883596 103.2114750425785 105.4596139790802 58.565237952384535 106.58979477047333 106.06976225673726 103.2114750425785 70.59639410598194 76.92347445717239 105.15080707770335 97.20772976625521 41.43986523888213 57.50395872599849 70.9451166044266 104.12115060819838 103.2114750425785 69.60432575318502 68.6988147947337 65.7850213066875 94.94002459182201 103.2114750425785 105.64413109485294 87.12372684283147 81.76772784993632 102.98764210939338 97.20772976625521 94.10994312396215 103.50032269621276 106.06976225673726 53.09365834651047 65.18961137598103 63.54230696964522 105.4596139790802 97.20772976625521 35.967355224022995 57.50395872599849 49.320762532837925 96.72835571164875 103.2114750425785 72.70056580585579 91.81108481877993 71.08165160111362 68.2561275959038 76.82789303249874 62.105668011801605 11.95661661887757 55.1667802714886 49.25801629102011 68.6988147947337 83.00049827154926 0.0 46.41921790380075
32.16154009675177 26.507651995320206 30.675999134721927 9.37106599245604 8.058608016225802 9.384087722224512 6.356457963363391 16.330618344294365 31.46929840501304 15.57252694229103 9.384087722224512 19.24424781245862 0.0 8.332662095298556 6.894975642300123 47.818512894424295 52.25175726790829 36.600528087200665 39.90123037924737 38.11406549292262 41.30549782095597 32.446574325873996 38.913393971207306 56.648295749276336 59.36575639940868 45.8276137848693 36.2023433722929 43.35651529885283 56.648295749276336 48.55017759861202 58.3236065988851 49.29423306591991 42.87262093862897 44.84776835751478 74.25632742393434 78.9846822054852 70.85210017468451 59.731106418186585 47.995304353827905 67.15101377160418 86.88680539843007 84.95275508786301 47.620927511910075 73.9829779330298 84.95275508786301 87.47086702769687 50.061301298369145 85.74825842013105 79.97389006256685 87.62483570085391 52.791375564525204 47.620927511910075 50.061301298369145 84.95275508786301 85.61214942669723 52.20428591911492 53.82571864929865 33.18078397204263 83.05721191128048 86.66660535464453 84.95275508786301 67.41892991346353 72.91079318424289 79.32039838794068 85.31425582374811 71.27564896687016 84.95275508786301 26.507651995320206 32.16154009675177 30.220378311474782 9.429599897981145 9.384087722224512 8.058608016225802 5.667267451838052 13.254501210400925 52.791375564525204 9.384087722224512 15.57252694229103 0.0 19.24424781245862 6.894975642300123 8.332662095298556 52.25175726790829 47.818512894424295 38.643027548128366 33.18078397204263 41.30549782095597 38.11406549292262 38.913393971207306 32.446574325873996 59.36575639940868 56.648295749276336 67.15101377160418 32.797768994863404 47.620927511910075 59.018408098317686 33.18078397204263 68.58495277658326 50.469177738848146 40.68944247688233 42.747637325645655 78.9846822054852 74.25632742393434 59.731106418186585 70.85210017468451 46.159735183880805 45.8276137848693 84.95275508786301 86.88680539843007 44.13383717817152 88.27752757776379 87.47086702769687 84.95275508786301 55.21407951641311 60.2518363824649 87.62483570085391 79.97389006256685 31.46929840501304 43.35651529885283 55.59324246194836 85.61214942669723 84.95275508786301 53.82571864929865 52.20428591911492 48.55017759861202 80.12005558454496 84.95275508786301 86.66660535464453 72.91079318424289 67.41892991346353 85.31425582374811 79.97389006256685 76.97249992496974 84.78726962666089 87.47086702769687 36.600528087200665 50.061301298369145 52.25175726790829 86.88680539843007 79.97389006256685 27.49050495903117 43.35651529885283 30.675999134721927 79.32039838794068 84.95275508786301 55.59096342130185 74.25632742393434 59.36575639940868 56.648295749276336 59.731106418186585 47.620927511910075 9.37106599245604 47.818512894424295 44.84776835751478 52.20428591911492 68.59071392613562 19.24424781245862 27.585425769339498
30.18482037028991 24.27763946679878 30.05873534999283 12.675464750516541 14.44068738065152 12.684398801812689 5.884662994210917 8.023082997007986 23.434868887193982 16.815706412188998 12.684398801812689 24.530972863187053 8.332662095298556 0.0 3.300554699946359 39.98850102695453 43.92904715904519 29.014978236088652 32.231552089469886 30.395263149918737 33.95457972285032 24.98644336090578 31.27913893547049 48.316282386384316 51.03311281099641 38.696429507491196 28.24788667153547 35.1490929580608 48.316282386384316 41.42438713028426 50.11563113978755 41.34640328035776 34.65442008901816 37.76435603817862 67.38546841868506 71.89413844255728 63.755238138519175 52.54796899777345 40.172574677737295 59.04489922812201 80.98172213860104 78.68129102793826 39.48532602322202 67.05382526699601 78.68129102793826 81.60056113842454 42.07310878451616 78.92823383238793 72.90236332359113 80.7456059785377 45.682021078189976 39.48532602322202 42.07310878451616 78.68129102793826 79.62524207358643 44.6920274712653 46.04056189198952 25.75708466837555 75.0698016896664 81.45563659433593 78.68129102793826 59.317711348035964 64.79699575194256 72.35602488308365 78.53683823165342 64.13059156100685 78.68129102793826 24.27763946679878 30.18482037028991 29.397573955769747 15.540732234061784 12.684398801812689 14.44068738065152 3.7166921793772283 4.987009403740909 45.682021078189976 12.684398801812689 16.815706412188998 8.332662095298556 24.530972863187053 3.300554699946359 0.0 43.92904715904519 39.98850102695453 31.272054600467573 25.75708466837555 33.95457972285032 30.395263149918737 31.27913893547049 24.98644336090578 51.03311281099641 48.316282386384316 59.04489922812201 25.20613622112964 39.48532602322202 50.68669428996694 25.75708466837555 60.35497268191129 42.641287228414775 32.4813409669801 35.92184987531287 71.89413844255728 67.38546841868506 52.54796899777345 63.755238138519175 38.54817287176744 38.696429507491196 78.68129102793826 80.98172213860104 35.974161942080556 82.06199109223886 81.60056113842454 78.68129102793826 47.31259582647091 52.84563671221966 80.7456059785377 72.90236332359113 23.434868887193982 35.1490929580608 47.68458198702469 79.62524207358643 78.68129102793826 46.04056189198952 44.6920274712653 41.42438713028426 72.13866942782936 78.68129102793826 81.45563659433593 64.79699575194256 59.317711348035964 78.53683823165342 72.90236332359113 69.84109509667657 79.08480466175529 81.60056113842454 29.014978236088652 42.07310878451616 43.92904715904519 80.98172213860104 72.90236332359113 19.952475265743555 35.1490929580608 30.05873534999283 72.35602488308365 78.68129102793826 48.40617372994223 67.38546841868506 51.03311281099641 48.316282386384316 52.54796899777345 39.48532602322202 12.675464750516541 39.98850102695453 37.76435603817862 44.6920274712653 60.50314740870452 24.530972863187053 22.38257050277295
