0.0 3.5789909979476002 14.315838295708428 8.730590156478272 9.671061624183013 37.09392302099726 36.74567369116588 37.10548268300435 36.949792423739765 30.82516677598152 36.38256498290953 33.44880882863648 35.73262610998708 42.13518294736068 37.10548268300435 37.10548268300435 28.62913031227055 47.87336497682801 25.44490561153685 28.520912994631583 50.27222929488573 46.387979345255864 22.526538040377552 28.351608888600225 23.934230877675365 24.47489882094119 19.52358903878512 24.78324926909566 24.31399992873573 49.17709776626185 51.15454909716757 53.14463003797226 46.75913719614193 24.78324926909566 23.869425073733083 7.575957675166111 20.594987130841467 25.446012274797933 33.53594104561444 49.17709776626185 24.449987398131885 28.17778465236596 51.46544557153426 54.8799092345286 33.37677511499785 31.627861307254857 50.44473883240183 55.87935379642964 34.53901810224661 32.49524860656247 52.040988656328004 60.02616493083222 58.93960914849185 50.41288114826284 62.06616361539203 58.93960914849185 60.535093062787354 61.357423102096945 45.37882141766117 56.748178849007104 63.395774459048035 31.689247740411833 35.64810677976694 35.774616758627836 58.93561660384395 58.93960914849185 36.978745809458644 33.56213994418487 63.266407098063866 19.604394668466043 65.49238970399333 58.74454333955065 52.22078764816261 60.78655685014668 44.648909813821724 39.61202853121138 53.11549153999713 53.01386053567261 3.5789909979476002 0.0 8.730590156478272 14.315838295708428 8.748821552281749 38.05621179669747 37.10548268300435 36.74567369116588 37.10548268300435 28.33141621367587 40.860928794283986 37.10548268300435 31.689247740411833 37.10548268300435 42.13518294736068 34.36304095147082 47.87336497682801 28.62913031227055 28.520912994631583 25.44490561153685 46.387979345255864 50.27222929488573 22.27634188023662 19.604394668466043 24.47489882094119 23.934230877675365 24.31399992873573 19.52358903878512 19.52358903878512 51.15454909716757 49.17709776626185 52.040988656328004 48.444670143366565 28.85656073150469 7.575957675166111 23.869425073733083 25.446012274797933 20.594987130841467 35.64810677976694 50.50635538066748 63.266407098063866 19.604394668466043 50.5499092501991 63.666786361441474 31.627861307254857 33.37677511499785 55.87935379642964 50.44473883240183 39.31152751089764 29.3408400785269 53.14463003797226 58.93960914849185 60.02616493083222 62.06616361539203 50.41288114826284 60.535093062787354 58.93960914849185 39.94620063009337 14.233005516331888 63.395774459048035 56.748178849007104 35.73262610998708 33.53594104561444 39.597368849100704 58.93960914849185 58.93561660384395 33.56213994418487 36.978745809458644 24.449987398131885 28.17778465236596 62.65275793813358 58.93960914849185 57.429027685922414 56.748178849007104 39.61202853121138 44.648909813821724 53.01386053567261 53.11549153999713 34.63927497577839 31.563825299526048 54.89442445712245 56.33426373332522 45.71978741845398 49.3515671363821 62.973958927835874 28.466516594114694 51.79760586091602 51.79057259790543 41.81076073140313 72.83178630333691 45.71332473391417 16.303709526015385 32.52553233340029 36.67758839203908 43.55475364279534 36.802874024477944 25.052742087096036
3.5789909979476002 0.0 12.757460095897557 5.151723535851915 7.418791561209576 35.31569386144802 34.54814650099672 35.327737649809386 34.7340816957487 29.32910319855808 37.107572080039624 31.462667035005666 36.99431957874397 40.6657640335271 35.327737649809386 35.327737649809386 26.507651995320206 45.69257444387458 24.27763946679878 27.176545569784132 52.106313798366266 49.00475111896062 25.41708249250288 31.470769305534386 27.194787149877467 27.387326788468627 22.12378379040893 28.060032842938966 27.321930399268286 51.97412187127065 54.03520661441441 54.48519805792115 49.5019962976252 28.060032842938966 27.11604728848869 10.072381369008363 23.164160292355692 28.072449560793903 36.304729100321616 51.97412187127065 27.340260863274874 31.688986449327526 52.565537701862326 57.373723392289556 36.109758011947314 34.272510763671576 53.98436173770076 59.43622230430401 38.098603112463515 35.74657826507088 55.41635480499106 63.25805783458894 62.29969145491021 53.96138680322798 65.39524592837776 62.29969145491021 63.75198215475464 64.85356425980322 48.45573093633799 60.30078312841087 66.89856525763587 35.2426215253199 38.657037346274436 38.97514596543548 62.20173720501793 62.29969145491021 40.36634853848964 37.02525222273233 66.83265905066062 22.296407753602608 69.01136920505552 61.704973916911186 55.60176123394514 64.2751497048546 47.86458302536455 43.17797746079587 56.51493929751762 56.40235529873442 0.0 3.5789909979476002 5.151723535851915 12.757460095897557 6.501416680494106 35.87730678177007 35.327737649809386 34.54814650099672 35.327737649809386 26.844298792995936 41.57397197028786 35.327737649809386 35.2426215253199 35.327737649809386 40.6657640335271 32.72535203923587 45.69257444387458 26.507651995320206 27.176545569784132 24.27763946679878 49.00475111896062 52.106313798366266 25.40262894181059 22.296407753602608 27.387326788468627 27.194787149877467 27.321930399268286 22.12378379040893 22.12378379040893 54.03520661441441 51.97412187127065 55.41635480499106 51.28768194506255 31.538904593233436 10.072381369008363 27.11604728848869 28.072449560793903 23.164160292355692 38.657037346274436 53.40593139620022 66.83265905066062 22.296407753602608 51.844022732858406 66.37156119366303 34.272510763671576 36.109758011947314 59.43622230430401 53.98436173770076 42.86262819364291 32.64856972776677 54.48519805792115 62.29969145491021 63.25805783458894 65.39524592837776 53.96138680322798 63.75198215475464 62.29969145491021 43.49922368052596 17.201442089921994 66.89856525763587 60.30078312841087 36.99431957874397 36.304729100321616 42.95302370151423 62.29969145491021 62.20173720501793 37.02525222273233 40.36634853848964 27.340260863274874 31.688986449327526 66.16405793861934 62.29969145491021 60.84430395740184 60.30078312841087 43.17797746079587 47.86458302536455 56.40235529873442 56.51493929751762 33.44176674955879 35.14272160820647 58.18646192055988 59.89891988695535 49.252443861766764 52.68378302890476 66.22473618492764 31.82160761743831 55.08759660715089 54.22725230773106 45.383547252661366 76.39818010945656 49.28435361455455 19.15331494188425 34.553858892621086 40.201389563918106 44.33891707309886 34.77236320979875 26.21292166699333
14.315838295708428 12.757460095897557 0.0 12.180056928322395 5.609428876256082 45.11190664971052 43.2457416428572 45.1247427495363 43.369123603852294 39.91663249145015 49.83753704797757 40.87478982951702 49.722654027852165 51.01695149474587 45.1247427495363 45.1247427495363 35.7938410452369 54.0992052366274 35.588926238651126 38.10971522691942 64.56880560945336 60.42129631333151 36.37232004561871 41.660000333026225 36.908441312297455 38.261824019321494 33.697222077555516 37.6765112092053 37.9373442858422 62.96849976399207 64.79469979059883 67.20355060053915 60.639290295775844 37.6765112092053 36.89319211693583 21.886191637599964 34.78099287255781 39.558522530062234 47.445793049782026 62.96849976399207 38.271104093519455 39.528993193104014 65.32143847005685 69.00953822454508 47.33253576027704 45.688891193653824 57.69934353717071 63.450402644720654 44.90676558390005 45.31894835456816 63.9978915229733 63.217934176255795 63.41772612264484 57.87865659232895 66.14854436111257 63.41772612264484 63.5810674672489 67.55362986052047 58.609203324666 64.18133227244107 69.66615933821177 42.29270000051027 49.12895370696678 48.72909638049548 62.4676855409467 63.41772612264484 49.07629785723641 45.20617785214976 71.01925909895819 33.70814442772042 76.01983020821544 59.80522032677918 64.1409345185893 66.87203306970402 57.4443976864064 47.90774630209746 64.90564475329525 64.8775121020207 12.757460095897557 14.315838295708428 12.180056928322395 0.0 6.406700397245314 44.58150539061307 45.1247427495363 43.2457416428572 45.1247427495363 37.535212896707364 54.296485147382995 45.1247427495363 42.29270000051027 45.1247427495363 51.01695149474587 42.91745279142189 54.0992052366274 35.7938410452369 38.10971522691942 35.588926238651126 60.42129631333151 64.56880560945336 35.682740208484645 33.70814442772042 38.261824019321494 36.908441312297455 37.9373442858422 33.697222077555516 33.697222077555516 64.79469979059883 62.96849976399207 63.9978915229733 62.16397928530335 42.895988720965704 21.886191637599964 36.89319211693583 39.558522530062234 34.78099287255781 49.12895370696678 64.1134649607175 71.01925909895819 33.70814442772042 64.57286107414143 77.55169998190168 45.688891193653824 47.33253576027704 63.450402644720654 57.69934353717071 49.72801074825995 42.000088430470235 67.20355060053915 63.41772612264484 63.217934176255795 66.14854436111257 57.87865659232895 63.5810674672489 63.41772612264484 50.30650122784338 28.126292239873138 69.66615933821177 64.18133227244107 49.722654027852165 47.445793049782026 51.83147347440129 63.41772612264484 62.4676855409467 45.20617785214976 49.07629785723641 38.271104093519455 39.528993193104014 73.31404938602458 63.41772612264484 69.06292051823579 64.18133227244107 47.90774630209746 57.4443976864064 64.8775121020207 64.90564475329525 44.45422761401012 40.99271090754081 58.77434106079528 64.14854026822815 56.31956768377806 61.58263193656394 66.27398186339906 40.92824717190596 64.21342144927135 65.9677537934859 50.32349741988918 82.31383202360347 54.02787866196775 30.298112765873647 46.84099646975654 47.608481035730236 57.07406716794153 43.94246362926117 38.95059613503411
8.730590156478272 5.151723535851915 12.180056928322395 0.0 6.733479815472628 33.21647035478049 31.779016756548447 33.22910347486405 31.932377189357528 27.795494042751095 38.660308154478166 29.09116478963636 39.26613384331929 38.97869879755797 33.22910347486405 33.22910347486405 24.01649694074328 42.8362807080725 23.414107672393758 25.940046379850763 55.00363644136626 52.93484923681466 29.81440173504306 36.08774762284146 31.98922161152922 31.792578147296222 26.24335662262193 32.869272545786274 31.834888679978206 56.12472031519642 58.28754340502296 56.707259078127734 53.591062720425164 32.869272545786274 31.89540395891276 14.462092285830337 27.233736470625296 32.14545787782724 40.48298542311165 56.12472031519642 31.720917129377742 36.757030776064155 54.47297336867296 61.11589277034797 40.245830833088064 38.31393751948483 59.09477398635462 64.56565777873726 43.222874111223646 40.50383213486149 60.29938965068649 67.99275943667827 67.19312172821485 59.081840355525806 70.24876532552045 67.19312172821485 68.46761456642085 69.9112723002274 52.97005478997913 65.42535677164967 71.96388094961831 40.35962660421014 43.11502097630325 43.663703555875415 66.9796899641959 67.19312172821485 45.27864755511999 42.0321733859888 71.97224365568758 26.512710303042947 74.07727409170109 66.10227070958491 60.49185553772896 69.32392066968615 52.554000520353775 48.31812576777102 61.42817327258507 61.30157007177824 5.151723535851915 8.730590156478272 0.0 12.180056928322395 6.209597836507858 33.12116651534913 33.22910347486405 31.779016756548447 33.22910347486405 25.390757003039095 43.05187313191871 33.22910347486405 40.35962660421014 33.22910347486405 38.97869879755797 30.894234571487615 42.8362807080725 24.01649694074328 25.940046379850763 23.414107672393758 52.93484923681466 55.00363644136626 30.058666223346137 26.512710303042947 31.792578147296222 31.98922161152922 31.834888679978206 26.24335662262193 26.24335662262193 58.28754340502296 56.12472031519642 60.29938965068649 55.498934289714555 35.64582107492344 14.462092285830337 31.89540395891276 32.14545787782724 27.233736470625296 43.11502097630325 57.68400949028751 71.97224365568758 26.512710303042947 54.02010720547178 70.36800120617151 38.31393751948483 40.245830833088064 64.56565777873726 59.09477398635462 47.97525313479108 37.47952979963192 56.707259078127734 67.19312172821485 67.99275943667827 70.24876532552045 59.081840355525806 68.46761456642085 67.19312172821485 48.61422226877539 21.776103305849727 71.96388094961831 65.42535677164967 39.26613384331929 40.48298542311165 47.82312320806095 67.19312172821485 66.9796899641959 42.0321733859888 45.27864755511999 31.720917129377742 36.757030776064155 71.22011526710827 67.19312172821485 65.77564492275262 65.42535677164967 48.31812576777102 52.554000520353775 61.30157007177824 61.42817327258507 32.286214485350335 40.2944099281734 62.999542460339626 65.03696076440777 54.34001553305645 57.514015949490826 70.98052353709812 36.709136973680565 59.86165933430532 57.90562762234178 50.53044654195292 81.52913755270484 54.42942904304975 23.580989230466443 37.837768943696936 45.280310881301624 45.88386956522157 32.27407383160397 28.548169999423905
9.671061624183013 7.418791561209576 5.609428876256082 6.733479815472628 0.0 39.91927717075065 38.33195900307806 39.93196878721517 38.47345951789025 34.52648242089092 44.32860334597663 35.758158805944575 44.382942398145104 45.71014516661687 39.93196878721517 39.93196878721517 30.675999134721927 49.320762532837925 30.05873534999283 32.647743258116265 59.512211572147734 56.0524442908082 32.185401760745144 37.887854394185304 33.33352791009692 34.126661709363354 29.172666091012697 34.154298347932574 33.931278072836506 58.841679363224635 60.799365401824154 61.87743454516986 56.42937964391054 34.154298347932574 33.28793739335555 17.143827272670713 30.237786906407628 35.105573184914775 43.20595057821392 58.841679363224635 34.10712589263844 36.85057045903196 59.90146318971204 64.51996415396495 43.047836384765574 41.29284256011139 57.03070271230496 62.6788041832654 42.750143472901854 41.86997516826247 61.10920316935665 64.22705198124504 63.9258960264756 57.12073502748804 66.82858525877705 63.9258960264756 64.64833574832384 67.38662746316358 54.92057672353192 63.47314163618669 69.4782490264681 40.002226518020365 45.24748929118508 45.208000143059536 63.34084630967728 63.9258960264756 46.06354426165662 42.418722258779354 70.20262825236742 29.26986730644991 73.91989240682081 61.591508043937594 61.27328532303918 66.74765215635185 54.04308646701988 46.71575773119008 62.112397917309416 62.04325155905002 7.418791561209576 9.671061624183013 6.733479815472628 5.609428876256082 0.9341816914182046 39.67347232814763 39.93196878721517 38.33195900307806 39.93196878721517 32.11610432620549 48.7777231951682 39.93196878721517 40.002226518020365 39.93196878721517 45.71014516661687 37.62300006942906 49.320762532837925 30.675999134721927 32.647743258116265 30.05873534999283 56.0524442908082 59.512211572147734 31.82596067856308 29.26986730644991 34.126661709363354 33.33352791009692 33.931278072836506 29.172666091012697 29.172666091012697 60.799365401824154 58.841679363224635 61.10920316935665 58.10064367224087 38.52487512687612 17.143827272670713 33.28793739335555 35.105573184914775 30.237786906407628 45.24748929118508 60.14506203848796 70.20262825236742 29.26986730644991 59.22879153756367 73.3377836768403 41.29284256011139 43.047836384765574 62.6788041832654 57.03070271230496 47.58190607169239 38.63710985043145 61.87743454516986 63.9258960264756 64.22705198124504 66.82858525877705 57.12073502748804 64.64833574832384 63.9258960264756 48.19101488509115 23.887248623650173 69.4782490264681 63.47314163618669 44.382942398145104 43.20595057821392 48.7519838898991 63.9258960264756 63.34084630967728 42.418722258779354 46.06354426165662 34.10712589263844 36.85057045903196 71.13964329643558 63.9258960264756 66.36539280220003 63.47314163618669 46.71575773119008 54.04308646701988 62.04325155905002 62.112397917309416 38.993972432276166 39.23098881760629 59.487700703765775 63.27450585444673 54.118941823808 58.53139634429166 67.25921908945229 37.67385462007653 61.05836281281356 61.41166509158843 49.05656279428582 80.7421734275181 52.87542143538192 25.973225067736166 41.911928163011154 45.197838692903744 51.568613471432556 38.90446199051117 33.597193615806994
37.09392302099726 35.31569386144802 45.11190664971052 33.21647035478049 39.91927717075065 0.0 5.095647888309209 0.013090893797145066 5.322958789959075 6.796637486390145 25.837293692266194 4.4230125838637875 30.917483318750104 6.410514277292136 0.013090893797145066 0.013090893797145066 9.37106599245604 11.95661661887757 12.675464750516541 9.397369793007982 45.96657006391059 52.87349790724351 41.15495427048568 47.1297902494487 46.25234960477202 42.37000827455705 37.28298489892259 47.019729089565914 43.343360487025045 57.51384521886079 60.32103785349493 42.38969684610281 54.8765470215188 47.019729089565914 46.02142843239064 34.891669918481654 37.38664670798958 39.88848997875035 45.95095942777011 57.51384521886079 42.11792227847536 53.828404798809245 38.49059920390311 57.779684424468456 45.4152610717992 43.32730319304499 79.85580354101583 84.2365754597341 60.74678787870021 51.89703480089988 69.97981973403496 93.6562715183278 91.32284088071545 79.4964483330225 94.71079079233161 91.32284088071545 94.27575095151181 91.40690153018242 58.79562950277951 85.25507150330135 93.1943330423246 58.079017135244676 50.50087028529173 53.46388294291116 92.29676033990879 91.32284088071545 57.777649128257636 56.78085984607748 90.64074677764444 38.07256138019257 86.25856964893966 94.07326918048103 70.26666988483103 91.03452032582229 60.573098790245254 68.75399338359918 71.48759615965443 71.13199818901303 35.31569386144802 37.09392302099726 33.21647035478049 45.11190664971052 39.42548109846456 4.976844315222699 0.013090893797145066 5.095647888309209 0.013090893797145066 9.098575459880808 27.69355644793515 0.013090893797145066 58.079017135244676 0.013090893797145066 6.410514277292136 3.0849798173701335 11.95661661887757 9.37106599245604 9.397369793007982 12.675464750516541 52.87349790724351 45.96657006391059 43.575197901747785 38.07256138019257 42.37000827455705 46.25234960477202 43.343360487025045 37.28298489892259 37.28298489892259 60.32103785349493 57.51384521886079 69.97981973403496 57.61065832931049 42.196573464685365 34.891669918481654 46.02142843239064 39.88848997875035 37.38664670798958 50.50087028529173 60.08868120188074 90.64074677764444 38.07256138019257 39.983643704780924 68.05046917095557 43.32730319304499 45.4152610717992 84.2365754597341 79.85580354101583 64.35931589505378 50.57161540793773 42.38969684610281 91.32284088071545 93.6562715183278 94.71079079233161 79.4964483330225 94.27575095151181 91.32284088071545 64.99749523670486 38.41746200508623 93.1943330423246 85.25507150330135 30.917483318750104 45.95095942777011 59.194261780062405 91.32284088071545 92.29676033990879 56.78085984607748 57.777649128257636 42.11792227847536 53.828404798809245 83.35377894763327 91.32284088071545 75.67177937700122 85.25507150330135 68.75399338359918 60.573098790245254 71.13199818901303 71.48759615965443 6.630864144812213 60.29865805369355 88.1323008025337 84.22781240900787 69.07827392308651 66.72292291787025 96.3705135254439 50.752172858058 67.90938923592134 54.58517306105379 70.25486950791066 95.69852701261738 73.94690843018391 38.20419778698004 37.189650105522816 61.0399349089597 29.901211662144725 3.025683498837511 27.263287469384633
36.74567369116588 34.54814650099672 43.2457416428572 31.779016756548447 38.33195900307806 5.095647888309209 0.0 5.103326154466007 0.302073569233852 9.35134717976484 30.36058671017731 4.041100911490693 35.202219749434356 10.786244051132071 5.103326154466007 5.103326154466007 8.129887808731562 11.14537480119867 14.545670535480177 11.66475242303939 50.65633143382822 56.931870221535156 43.56063297844403 49.80860712471218 48.47913217271565 44.93056371918198 39.52047850744332 49.28885040043026 45.82318959489796 61.508585281084876 64.29424342935198 47.34577515568248 58.83995648845953 49.28885040043026 48.25823601354914 35.586288216371905 39.75153101236243 42.703192012708605 49.269512703710895 61.508585281084876 44.69109718265036 55.899986968268756 43.486979690174905 62.19176748096584 48.75203673985827 46.61450101632128 81.78833550686397 86.37706864059423 62.90420163513083 54.66997324502935 73.27894795793439 94.82730368445138 92.77437786403745 81.47969413515939 96.12120663282339 92.77437786403745 95.4210436930367 93.31519768579443 62.36123726126656 87.3799412938381 95.15787944845665 60.1564190945412 53.722307927846934 56.47107728593687 93.52873203459438 92.77437786403745 60.5459672109044 59.23754056722479 92.9815634894204 40.28635022321006 89.42572542260481 94.74500791932806 73.55848729634296 92.90494431630648 63.92708774672457 70.61108191759178 74.76127729842939 74.42778813985686 34.54814650099672 36.74567369116588 31.779016756548447 43.2457416428572 37.94087913953563 1.3422296605759525 5.103326154466007 0.0 5.103326154466007 10.86415532653907 32.49731527028761 5.103326154466007 60.1564190945412 5.103326154466007 10.786244051132071 6.751355317895122 11.14537480119867 8.129887808731562 11.66475242303939 14.545670535480177 56.931870221535156 50.65633143382822 45.79791760133155 40.28635022321006 44.93056371918198 48.47913217271565 45.82318959489796 39.52047850744332 39.52047850744332 64.29424342935198 61.508585281084876 73.27894795793439 61.53731897133495 45.25834433853196 35.586288216371905 48.25823601354914 42.703192012708605 39.75153101236243 53.722307927846934 64.02304348347543 92.9815634894204 40.28635022321006 44.904208257324754 72.48209686420792 46.61450101632128 48.75203673985827 86.37706864059423 81.78833550686397 66.73767343421358 53.09177407314222 47.34577515568248 92.77437786403745 94.82730368445138 96.12120663282339 81.47969413515939 95.4210436930367 92.77437786403745 67.38614086665447 39.9390237192256 95.15787944845665 87.3799412938381 35.202219749434356 49.269512703710895 62.13017815527718 92.77437786403745 93.52873203459438 59.23754056722479 60.5459672109044 44.69109718265036 55.899986968268756 86.50274470918058 92.77437786403745 79.00995226863967 87.3799412938381 70.61108191759178 63.92708774672457 74.42778813985686 74.76127729842939 11.210418980344329 62.086675923489864 89.37400969646912 86.4405174999603 71.74668572077238 70.03402226877203 97.61104153113526 53.152735846207264 71.36585411583793 58.95689902156432 72.24016953239465 98.68830467561116 76.00850007111342 39.99983130029418 40.89847446012043 63.446143987306954 34.79390392378203 2.069964433422378 30.44886179570135
37.10548268300435 35.327737649809386 45.1247427495363 33.22910347486405 39.93196878721517 0.013090893797145066 5.103326154466007 0.0 5.330226327340729 6.805301284105538 25.835942848445583 4.436062877489365 30.91734676872977 6.397765613822457 0.0 0.0 9.384087722224512 11.949564077336476 12.684398801812689 9.40596282063788 45.963935818488864 52.87418364500032 41.161314636871495 47.13533071617772 46.25910153265394 42.37593651638521 37.28984022076213 47.02636536856343 43.34949361248466 57.51477667972508 60.32204446427884 42.38487258688054 54.877628324486686 47.02636536856343 46.02815792006828 34.90176361604704 37.3931748099925 39.89373649287402 45.9545434304181 57.51477667972508 42.123819532971176 53.83546189506991 38.48531792569759 57.7786379851636 45.41878945610421 43.331023705163496 79.86303768711036 84.24329351484336 60.75358171876521 51.90225813459045 69.98329080794791 93.6650949344362 91.33110181407714 79.503564404067 94.71912788209113 91.33110181407714 94.28462306229433 91.41415193322388 58.79823859319626 85.26182429168571 93.20144841723592 58.08602574603721 50.50473014040878 53.46839497362997 92.3054670636795 91.33110181407714 57.782836454624054 56.78691659694786 90.64693819912802 38.0794622213736 86.26240520504506 94.08301459039679 70.27016385234268 91.04185978122005 60.57643859279107 68.76145391090725 71.49114430493051 71.13547479576863 35.327737649809386 37.10548268300435 33.22910347486405 45.1247427495363 39.43810605958973 4.981464375484617 0.0 5.103326154466007 0.0 9.10836959194939 27.690242582241222 0.0 58.08602574603721 0.0 6.397765613822457 3.0925840274752505 11.949564077336476 9.384087722224512 9.40596282063788 12.684398801812689 52.87418364500032 45.963935818488864 43.58199342737293 38.0794622213736 42.37593651638521 46.25910153265394 43.34949361248466 37.28984022076213 37.28984022076213 60.32204446427884 57.51477667972508 69.98329080794791 57.61187574159145 42.201038538014835 34.90176361604704 46.02815792006828 39.89373649287402 37.3931748099925 50.50473014040878 60.08985190963394 90.64693819912802 38.0794622213736 39.9791966937715 68.04927662391167 43.331023705163496 45.41878945610421 84.24329351484336 79.86303768711036 64.36552580282884 50.57755698001237 42.38487258688054 91.33110181407714 93.6650949344362 94.71912788209113 79.503564404067 94.28462306229433 91.33110181407714 65.00367440207631 38.42594221121573 93.20144841723592 85.26182429168571 30.91734676872977 45.9545434304181 59.198945578490616 91.33110181407714 92.3054670636795 56.78691659694786 57.782836454624054 42.123819532971176 53.83546189506991 83.35768240623213 91.33110181407714 75.67509407132809 85.26182429168571 68.76145391090725 60.57643859279107 71.13547479576863 71.49114430493051 6.630551964772333 60.306327203094376 88.14100044529773 84.23435123822817 69.0836731113715 66.72637081662828 96.379192156976 50.7584308103712 67.91233431322496 54.584355004795206 70.26202289387079 95.70288652817658 73.95386119064224 38.21208696448325 37.19194151721148 61.04609359314953 29.897100737019137 3.033368142433006 27.267664703396463
36.949792423739765 34.7340816957487 43.369123603852294 31.932377189357528 38.47345951789025 5.322958789959075 0.302073569233852 5.330226327340729 0.0 9.653059947566225 30.649303560620925 4.3345808587930215 35.497912078137965 10.916095828280334 5.330226327340729 5.330226327340729 8.347070459428643 10.959241667514116 14.835605778634179 11.962892557258714 50.93951342324098 57.23191027006991 43.85030228673026 50.102436520437074 48.7647663557313 45.22283541094217 39.80741099901013 49.57528278435228 46.11398433841344 61.80931446599939 64.59518265686305 47.60867508540044 59.140911322855466 49.57528278435228 48.54410129632289 35.83178856059217 40.04089057621169 42.99947942353286 49.57054338763796 61.80931446599939 44.98360048456421 56.181524819423466 43.744411815469064 62.485565094734525 49.05318860721641 46.91539066506736 82.06491204481068 86.65854062327546 63.18717585509453 54.96496748684774 73.57947268201912 95.08103682617462 93.0370539911861 81.75756033595371 96.38248608550192 93.0370539911861 95.67390133772628 93.59069906282916 62.663193876661445 87.66101138830383 95.43473665253674 60.43775521882333 54.02253816664957 56.76910088610438 93.78450895027376 93.0370539911861 60.840633093998605 59.526943705859814 93.26731534726606 40.57269447615437 89.72488215925145 94.98128464929812 73.85895221773785 93.17947151434065 64.22810885663785 70.88630815313242 75.06158343382954 74.72827414255065 34.7340816957487 36.949792423739765 31.932377189357528 43.369123603852294 38.08827969459226 1.221403239875954 5.330226327340729 0.302073569233852 5.330226327340729 11.157322494590215 32.77271000256877 5.330226327340729 60.43775521882333 5.330226327340729 10.916095828280334 7.04128460154286 10.959241667514116 8.347070459428643 11.962892557258714 14.835605778634179 57.23191027006991 50.93951342324098 46.0837503551005 40.57269447615437 45.22283541094217 48.7647663557313 46.11398433841344 39.80741099901013 39.80741099901013 64.59518265686305 61.80931446599939 73.57947268201912 61.83856877896111 45.557390621361954 35.83178856059217 48.54410129632289 42.99947942353286 40.04089057621169 54.02253816664957 64.32426525337443 93.26731534726606 40.57269447615437 45.17088685888709 72.77557266065725 46.91539066506736 49.05318860721641 86.65854062327546 82.06491204481068 67.02514759686042 53.3827249457839 47.60867508540044 93.0370539911861 95.08103682617462 96.38248608550192 81.75756033595371 95.67390133772628 93.0370539911861 67.67379106431426 40.20887320594367 95.43473665253674 87.66101138830383 35.497912078137965 49.57054338763796 62.42714456034456 93.0370539911861 93.78450895027376 59.526943705859814 60.840633093998605 44.98360048456421 56.181524819423466 86.8017451669435 93.0370539911861 79.31070868806228 87.66101138830383 70.88630815313242 64.22810885663785 74.72827414255065 75.06158343382954 11.489562402479159 62.36070873522673 89.63030433228197 86.72364823619853 72.03934371083876 70.33467476727968 97.86691011079985 53.4414612078633 71.66737709035813 59.251641613887706 72.51853692268179 98.985269202074 76.28852802520298 40.2767983052153 41.20044374676198 63.734340309823004 35.06262864513652 2.302355527012455 30.749723498996442
30.82516677598152 29.32910319855808 39.91663249145015 27.795494042751095 34.52648242089092 6.796637486390145 9.35134717976484 6.805301284105538 9.653059947566225 0.0 21.811404443398203 5.447695575674617 26.264018320586842 11.339097552111827 6.805301284105538 6.805301284105538 6.356457963363391 18.70248330367982 5.884662994210917 2.6013325753721204 42.22802763368691 47.734213197676944 34.545782475674 40.65367030971153 39.58526963857497 35.82953648262677 30.608062540458473 40.367331464746975 36.76771464265864 52.271687955307364 55.044672825146755 39.77125548629339 49.59112869866453 40.367331464746975 39.35733254551256 28.199769993857625 30.756135680067278 33.480844483321995 39.924722302154976 52.271687955307364 35.58310236147695 47.12287282478963 36.169740660861024 53.28207433720499 39.405459739781385 37.272133785383254 73.12883901362312 77.56422413420324 54.0695321526127 45.476896253416605 63.94200694959651 86.860699702796 84.53198254899137 72.78088323490641 87.91793766139409 84.53198254899137 87.48090236031435 84.67763688219017 53.012496356067516 78.57845714080761 86.4777339453682 51.377755479410254 44.39213600824043 47.193322251366745 85.50021645697403 84.53198254899137 51.35906650873456 50.20799628809703 84.03727539957758 31.391399959119653 80.1163068239876 87.3268148312589 64.22263665610048 84.29739333868876 54.58208327741167 62.00820721400102 65.42838854350384 65.09152090520128 29.32910319855808 30.82516677598152 27.795494042751095 39.91663249145015 33.9480441134456 10.13563297380784 6.805301284105538 9.35134717976484 6.805301284105538 2.494515906724088 24.55655916962817 6.805301284105538 51.377755479410254 6.805301284105538 11.339097552111827 3.7423122230123025 18.70248330367982 6.356457963363391 2.6013325753721204 5.884662994210917 47.734213197676944 42.22802763368691 36.90394176868534 31.391399959119653 35.82953648262677 39.58526963857497 36.76771464265864 30.608062540458473 30.608062540458473 55.044672825146755 52.271687955307364 63.94200694959651 52.270179343808024 35.95735106726604 28.199769993857625 39.35733254551256 33.480844483321995 30.756135680067278 44.39213600824043 54.757011102509416 84.03727539957758 31.391399959119653 37.196617463749114 63.57539898874113 37.272133785383254 39.405459739781385 77.56422413420324 73.12883901362312 57.75962813152025 44.02136428006912 39.77125548629339 84.53198254899137 86.860699702796 87.91793766139409 72.78088323490641 87.48090236031435 84.53198254899137 58.40217328650064 31.62215692484709 86.4777339453682 78.57845714080761 26.264018320586842 39.924722302154976 52.87878807718907 84.53198254899137 85.50021645697403 50.20799628809703 51.35906650873456 35.58310236147695 47.12287282478963 77.19703213843411 84.53198254899137 69.66883890933835 78.57845714080761 62.00820721400102 54.58208327741167 65.09152090520128 65.42838854350384 4.9040353252144175 53.537790349796964 81.3357321849776 77.5777805225772 62.61185192872079 60.69488883346296 89.57389346919585 44.1515280577426 62.015140443353516 50.00948675267088 63.536594651693534 89.43061615463355 67.24901870580663 31.431318392688294 31.582137444073787 54.449237288470734 27.116028239866413 8.02688932242346 21.10851561259654
36.38256498290953 37.107572080039624 49.83753704797757 38.660308154478166 44.32860334597663 25.837293692266194 30.36058671017731 25.835942848445583 30.649303560620925 21.811404443398203 0.0 26.992847026705313 5.7192462162806885 24.50545636076994 25.835942848445583 25.835942848445583 27.49050495903117 35.967355224022995 19.952475265743555 20.598193057236816 20.416845961052022 27.64227706545789 24.883620161157026 28.29383926318966 29.958820963395418 24.971282442019984 23.006036056969734 30.372819043143632 26.200507753279172 32.38293177805148 35.210233511676975 18.858826686634927 29.871290161327416 30.372819043143632 29.713594894030575 29.77673603286815 22.34294452490109 21.5787293921708 23.971978509527478 32.38293177805148 24.699836152765297 37.27975900867263 16.000149298968413 31.95528240716928 23.400408873024315 21.804509203317465 62.12443040911616 65.40870978439592 43.0955082609929 32.024260674047646 46.85895650779554 78.86887248520638 75.326565094713 61.55104696319056 78.78366927936783 75.326565094713 79.5853818214371 73.35873017677412 35.010201790433456 66.46032530608564 74.8511916209299 41.05489175192531 28.58575803579422 32.32312818740644 77.27676239941819 75.326565094713 37.43680376066907 38.00845310148426 70.76412877709697 23.692250110457678 63.27848367051353 81.62794015624613 47.16547189672908 73.16467124951473 37.535003074160095 51.96325125827233 48.42257380652475 47.99444968469863 37.107572080039624 36.38256498290953 38.660308154478166 49.83753704797757 43.46568114092684 30.678013845247925 25.835942848445583 30.36058671017731 25.835942848445583 21.823510785692637 4.47889555248927 25.835942848445583 41.05489175192531 25.835942848445583 24.50545636076994 23.609599769809698 35.967355224022995 27.49050495903117 20.598193057236816 19.952475265743555 27.64227706545789 20.416845961052022 27.799971660462734 23.692250110457678 24.971282442019984 29.958820963395418 26.200507753279172 23.006036056969734 23.006036056969734 35.210233511676975 32.38293177805148 46.85895650779554 32.66373293638648 22.049234104670326 29.77673603286815 29.713594894030575 21.5787293921708 22.34294452490109 28.58575803579422 35.08342808606647 70.76412877709697 23.692250110457678 16.151935654765577 42.21632900727503 21.804509203317465 23.400408873024315 65.40870978439592 62.12443040911616 45.394606825402136 32.11648305646711 18.858826686634927 75.326565094713 78.86887248520638 78.78366927936783 61.55104696319056 79.5853818214371 75.326565094713 45.94492851740068 27.785848246594153 74.8511916209299 66.46032530608564 5.7192462162806885 23.971978509527478 37.99420742394161 75.326565094713 77.27676239941819 38.00845310148426 37.43680376066907 24.699836152765297 37.27975900867263 60.48852082288349 75.326565094713 52.282835340711074 66.46032530608564 51.96325125827233 37.535003074160095 47.99444968469863 48.42257380652475 19.234082259666884 44.50226304755899 73.23187604073254 65.08626361036724 48.54995663423843 43.64664187471368 81.16564118790411 32.88900874444909 44.27090480832913 28.789026580795234 52.76542477468575 73.19890062423299 55.90293292897116 26.135014366640267 14.261758046659025 42.170381280336144 7.240550121861069 28.49998631291172 11.782861679374015
33.44880882863648 31.462667035005666 40.87478982951702 29.09116478963636 35.758158805944575 4.4230125838637875 4.041100911490693 4.436062877489365 4.3345808587930215 5.447695575674617 26.992847026705313 0.0 31.62134043414512 10.804084903778017 4.436062877489365 4.436062877489365 5.084238072445608 14.572167410850888 10.508944553139752 7.645512176668643 47.38673924848699 53.175319862751046 39.52323020679042 45.76787375876438 44.453811874145956 40.88962297928006 35.4908292450888 45.26058342206055 41.783730395970736 57.71802616753259 60.491940180431804 44.51661284970855 55.03827220974818 45.26058342206055 44.23205427292258 31.86317452017471 35.71487370273245 38.66790960939994 45.28774590688681 57.71802616753259 40.65006191169251 51.892340741985656 40.7753176526008 58.64294893432174 44.773976597494574 42.6291386751343 77.80618476622826 82.36866631024796 58.88945571939033 50.63087267369658 69.2835094679309 91.00909837561478 88.88560803903702 77.49020575067466 92.24276975285034 88.88560803903702 91.61002142607292 89.33891633775423 58.4241015072173 83.37346344807244 91.17361971030144 56.14954699681102 49.72210924801039 52.445112512630274 89.69394781661005 88.88560803903702 56.50625553297459 55.200559396759495 88.9549905338417 36.25873668958768 85.40950118100405 91.08008934168431 69.56183700561728 88.93455792264622 59.94391165240131 66.63758026628031 70.76157566399246 70.43152850881417 31.462667035005666 33.44880882863648 29.09116478963636 40.87478982951702 35.29738327502331 5.064129278207316 4.436062877489365 4.041100911490693 4.436062877489365 6.823057856540942 29.44569477759585 4.436062877489365 56.14954699681102 4.436062877489365 10.804084903778017 3.881819566183443 14.572167410850888 5.084238072445608 7.645512176668643 10.508944553139752 53.175319862751046 47.38673924848699 41.77195103038031 36.25873668958768 40.88962297928006 44.453811874145956 41.783730395970736 35.4908292450888 35.4908292450888 60.491940180431804 57.71802616753259 69.2835094679309 57.71787353168474 41.24196994801022 31.86317452017471 44.23205427292258 38.66790960939994 35.71487370273245 49.72210924801039 60.20470645645984 88.9549905338417 36.25873668958768 42.00357297409973 68.93765009070128 42.6291386751343 44.773976597494574 82.36866631024796 77.80618476622826 62.705674302591234 49.05205936257043 44.51661284970855 88.88560803903702 91.00909837561478 92.24276975285034 77.49020575067466 91.61002142607292 88.88560803903702 63.35360909059745 36.0061327773108 91.17361971030144 83.37346344807244 31.62134043414512 45.28774590688681 58.09770766742669 88.88560803903702 89.69394781661005 55.200559396759495 56.50625553297459 40.65006191169251 51.892340741985656 82.48489235012279 88.88560803903702 75.01936815395852 83.37346344807244 66.63758026628031 59.94391165240131 70.43152850881417 70.76157566399246 8.342961603994441 58.121288839044176 85.53550133179058 82.42449432749466 67.70560479820911 66.04141381201833 93.77509080948018 49.11741645080888 67.39961709410146 55.38251209721385 68.24829333477814 94.65565239000958 72.00758788447146 36.0192133617171 37.02447927747674 59.412102406972735 31.879344098990632 3.373838438265675 26.465553528231066
