0.0 77.33751186140923 12.354140642029297 63.51712487615255 58.8412343287047 60.44864612371881 91.5401549468463 62.02194065134858 62.09824647128165 22.262588154643787 81.52653409127333 94.72252536866621 71.76034967744148 57.581901731785415 52.71125673392068 9.996245473097925 46.53533267323963 47.237169420924026 21.65517833806101 51.4991431999907 61.37861051880046 74.89509572088512 51.92511959979339 37.71342905427749 51.248858170525146 44.40020705169648 77.66732792291907 9.587221973976414 35.96827472586349 81.66019780862578 76.54032100842272 85.75275282025827 63.00150909762962 64.04535104449513 50.420549755035324 30.59269273844342 36.621975437245624 110.73718586615131 29.496336127395928 68.45695079631824 62.40832014152589 51.53052565881492 102.74978005680508 45.63208097480194 54.07393864469688 103.3188034704566 45.344708954762424 51.36328369183479 93.39099134613386 87.59589068426068 10.25336467191855 67.09949718754925 6.492936214613542 65.47932727465763 39.14216839590659 62.78803611852938 47.58179922079357 63.68784597914694 46.2735069531446 22.266671488678742 27.284556752231122 92.38191617225787 63.14688385747748 57.32144334589349 35.42003031109603 12.693892879832102 40.61851058187984 50.31258560287749 10.16215947548183 70.96545487340171 60.24706680450064 73.48785571147148 43.93954686097126 89.80343781502067 27.769673997136856 51.641974780526105 37.36106843870744 12.877553378186532 14.2808412943237 46.16522591991503 88.7897313184484 89.84297836715189 11.658877664574375 49.82725188961254 98.96842460226911 47.45805125886247 35.26613464003183 93.90080781882025 62.65464046696287 6.525776863951352 51.184443136998404 64.10546159914801 105.53989261128037 43.73401728378381 64.34691948207816 105.38181600935401 47.757899521428186 51.96630639332624 97.39352957476586 95.87456754965248 45.29398065972518 38.330567917412345 57.28653649394048 86.53952370631386 118.70660527228561 27.079808786838555 12.770858276746607 44.583925600894226 78.78585435525169 113.23227496858595 32.03845315757883 21.296771421741017 47.70209180504342 80.5746470632018 114.47228936748981 54.13840882316979 48.379632161877346 64.38183130557738 91.34692929451234 122.222390232342 80.2914823295135 76.31576560831054 87.15624621032099 108.45767677747929 135.3686273521934
77.33751186140923 0.0 66.53133451688325 17.10086871148312 18.891820344496942 21.735456224744663 14.505946363453228 15.527143295355987 16.423446591217516 65.44020702323655 15.592015167474417 20.593078666224258 7.5378067441510055 53.23591778688171 52.895846025466525 69.63609244063201 50.76897946183159 58.283191257669344 87.27202652398695 27.03683532850357 20.138837964683347 12.35368205156341 26.347840933218116 57.56984652608602 29.620160749255515 55.673835215232494 54.638324529227425 69.21774409152698 49.33427936219396 7.972780822375436 6.866816436744133 8.55818353590198 19.055365550505098 64.78858515981054 59.03425340092381 48.16561479451083 52.33545362558341 35.05069622189026 48.128978821082754 9.246985775022527 33.5912176369302 35.07300071219648 30.12803123458045 60.08558589907415 27.829878565227094 27.093293858544754 32.61817510754805 59.14905577718519 22.971825806155103 13.239440588234496 69.85275567910205 10.669598971180275 77.85573457877207 15.071722385668943 40.190850995817414 15.69815914864401 31.30370260582378 16.08800810341096 35.85471354135375 80.44802137732336 60.063125653651085 16.925139389262345 14.820590336130719 47.950265825396464 42.13482241173028 82.15276411654267 49.52229002866128 42.721624868303984 79.86747034069933 11.970446628938113 17.100868711483145 11.239156719622285 33.926924431702865 55.0711635278833 51.53078094675079 52.331707662977195 44.11870344741092 67.19123751333635 67.24054596025069 41.06664756247711 12.155609204076564 20.223430024865024 65.69038990760525 33.09632145202876 28.71026853203699 41.7438118920425 49.68723267499243 26.721586834396298 14.989187626354685 70.82667100751746 36.8148080484119 63.664939192246514 32.99174187452975 63.220320935187665 15.396919965322711 30.639548046847285 29.583848364125064 37.04241269434045 21.660131165292945 19.215261270319548 115.38168471863534 86.85892604718127 64.58176780058075 56.49715271698919 67.88109923468636 104.35111204460145 71.71455127058576 42.32773761638841 28.898721577621487 47.680950865006494 100.22237565565244 65.62097003228833 31.025042006909207 3.721444977368374 38.20993943394675 103.82240397367195 70.95016334010319 41.03169658702751 26.983604425746638 46.556095488192376 114.42383248375309 85.59425758541312 62.88669548434584 54.57006555097843 66.30115902494894
12.354140642029297 66.53133451688325 0.0 53.854987343870505 47.75815999672101 51.307768812659184 80.92129473263097 51.04608799948044 50.817914830414395 22.923158805548592 72.12476837623379 83.16248799940216 60.5598091673804 54.640928048588556 49.792394741242774 3.1132229828004276 43.01726323643644 36.08936972232852 23.7227131408134 41.819688470252174 49.65427486782233 65.27851992890433 42.102710679959316 35.91373766831203 39.36827748554727 42.190392908890665 73.92548973974276 2.8452263923140793 30.856607507255646 70.34462760842703 65.21320089679506 74.80128852694658 53.65370511296669 53.31744931027333 39.353198229434085 18.760334847241356 24.511763502091405 99.22657738199398 18.424925770559838 57.92738516684346 55.60400772522448 44.297450937632156 90.95639153856347 44.634585379408904 42.13591578186612 91.95930331063288 34.05247135125665 40.30098097741479 81.55917759823521 77.46370109656998 3.418802779351061 56.62169654882386 11.324400981561125 55.69374580467195 27.292095560662816 52.65649203423906 38.2633893306654 53.84000353253786 34.148504428638375 20.0153438820448 15.748345245192208 81.00775698575184 52.018140728957185 53.26644660161039 24.40918165597108 16.321783997590476 36.312912317948175 37.99975404282855 13.68001490912084 59.40770880281754 49.46238820229096 63.723157521807295 32.68842056873379 85.16360661362579 15.69943160107696 48.59737662700226 30.252072761635866 1.8947718056228489 3.855367376486368 39.87666295216321 77.65342647295125 78.02456178215215 5.103023757713077 37.704486431190496 87.0505978571376 35.10729861510358 22.932059880044235 81.88606213334845 52.21565109357226 6.838406469342015 44.353808925445826 62.96670526736557 93.71387508787352 43.655690304615725 54.46011071539503 93.77521547702226 37.07846231066933 39.62312224580819 85.99918604002836 84.67110194855736 51.258697720121276 34.78484350487611 46.76908595490466 74.56232481576073 106.4263312319653 38.17571709124765 7.117069308902967 32.230010476951726 66.49622601932397 100.99295111009772 43.51429124898447 21.97178430087515 38.299741201532385 69.61196847548285 103.05157563975578 62.735585956013765 50.06276587963015 58.92039252327103 82.65440174310442 112.1904316024165 87.0864490846064 78.2374633665683 83.98146255650971 101.8793686197006 126.8883752033785
63.51712487615255 17.10086871148312 53.854987343870505 0.0 13.119167642837494 4.66047521869501 29.22306410190448 11.425154966596773 14.62004636255913 49.33653761050125 18.305896997596818 37.669668231549615 16.488168583134716 37.09016820920631 36.22860237245842 56.948226731074534 33.71174669069428 54.758578768403204 76.29574399036345 12.060078553260226 20.15386102264814 11.427838027948773 11.75494578643679 40.53779931995525 24.1711374140311 38.590971107380085 42.37471055418894 56.32171301371928 32.7201035116197 24.45373622386369 20.76598354015936 25.273140371830888 2.3508906044365596 65.5024036621994 56.41119406635067 36.95652410341565 45.189481304284364 51.94294727730813 35.74297984503053 8.686020609380034 18.40075610980786 17.97474324485765 47.17101585066924 43.0410943862107 24.096938905836947 43.92248030039757 22.606434893561616 56.79339378032374 39.51734823868136 24.28257815519907 57.26923992988643 7.565855020561912 65.00634524131064 2.1339197942352057 30.55449916647277 3.8090995926128564 15.961480811516966 1.4359239146718334 29.461046820600878 70.22529166596212 50.78719753629403 34.02000623095838 12.966112147115258 31.801868151741587 30.056216625348796 70.0616454416847 32.50155950750832 39.98428675323408 67.51880286542527 20.207800546988715 9.979888009438552 9.973836723917517 23.487321763897146 46.380315759372955 40.34258832429589 35.57296919964191 27.994152486205824 54.84439788381582 55.29096347840043 24.000959835085958 29.122753331713163 36.423770100888426 52.10191059111605 28.176094276960516 45.41855406300016 37.60877188446016 41.5552718181976 42.67590382383035 6.39642735279669 57.14876849267344 19.731699538261058 48.07030885392079 50.050552153619 46.13782494788937 1.8919426124742982 47.71105108602645 17.84265829677947 34.456839390810394 38.687252291407255 36.001392139555776 104.49840492851321 79.23402433353854 63.48956018768064 64.64207264987061 81.98201341097378 90.55977951946466 59.867939540297016 36.90662055555541 39.17727702635444 64.05038148103665 84.07391450556717 49.617810150279084 15.820391436718104 20.820571644658624 54.877694369443304 86.72963593399687 53.95707304625298 26.373219543622795 29.573175033835806 58.72345058968656 97.78480278688916 70.23147676060101 51.94091616877688 53.46085474974557 73.57358889073247
58.8412343287047 18.891820344496942 47.75815999672101 13.119167642837494 0.0 15.396392416964794 33.38957101886136 3.405209900173188 3.7688517233386944 49.05290467763256 28.363651667793178 36.28194742723824 12.939115890637968 46.201889662384744 44.198182040950776 50.852749333077874 39.94018575929058 42.397510867862174 68.41843903259736 12.464566206286536 7.726398563478997 21.51990325279781 11.520390797021289 44.2592363612977 11.865630265359746 44.250418634388645 54.593950967273486 50.47916827848672 34.60779201067431 22.897350979317146 17.826173103999633 27.045736584032376 14.991066142327135 52.422683062553865 43.81052823323334 29.285376640217347 34.31759563447661 52.10610319864597 29.428071413962538 11.263052115981083 29.82357964962279 24.889714580109942 44.966472703362264 48.98399137490824 11.191004170083811 44.5348301179512 13.745043316667841 44.13024085735441 36.00156138194389 30.926448114481495 51.050102253625504 10.326837872886127 59.076272120597594 13.4015691387056 21.332472142556476 9.463682191275092 16.082469176414882 11.936195428182492 17.84614795303545 61.68444509961217 41.41292001691206 33.638412377381435 4.313143675545114 41.1480597752445 23.44826767600607 63.27268600418642 36.507586527198654 27.22882777353405 61.010535466266205 13.176732494113997 3.1990986673791615 19.54809788915042 15.079410007336758 59.401738160625754 32.64268382536744 43.283208126190736 28.61499950620442 48.36077030211474 48.367954130625975 29.111024846798088 29.953849040023165 32.49328298420028 47.18413195369203 15.811333100359159 41.92200132575934 25.209115807038444 31.265673698371074 37.7804361691166 7.184719128058467 52.31567727874869 26.771266352628118 57.678841810291765 47.85461630517044 51.52253725757298 12.040568852760762 46.962601059365085 11.380905569259147 21.57699827923718 38.65542679744028 37.03356854935484 96.56671900922345 68.89148021825982 50.61372249212947 52.6523484257557 73.33211245612202 85.743843133515 52.83030727753938 24.998441494959565 29.21726828261286 58.967969552834425 83.45911055311473 49.071477887902105 15.666849183279002 21.857351120957002 55.721547413726405 90.362618586554 59.97469264628484 37.72737750137724 40.55337968259015 65.27349025148357 104.6512163416923 79.73603055080576 64.48696614023406 65.98545131615893 83.33287177414363
60.44864612371881 21.735456224744663 51.307768812659184 4.66047521869501 15.396392416964794 0.0 33.431410109697154 14.582714044145275 17.711538669788716 45.342076266257 21.092065620217333 42.31702759195151 20.94893152373948 32.64553458537193 31.631842018094996 54.36767221988731 29.053906826005402 55.244934782931544 74.19595530297698 9.86077137955218 22.964576448285918 14.709420241701345 9.919012144009036 36.01090246930718 25.149842083479538 33.941280655744706 39.213806702350865 53.66618813934795 28.51434971725437 29.11221525911517 25.357547789288507 29.819457984646245 2.845226392315494 66.99214359862334 57.12722058762367 35.26002667188641 44.75033949387888 56.4733246333932 33.594775896981716 13.287741604585378 14.603254263818263 13.342324510754587 51.82549041945954 38.38199364586417 25.603175209276113 48.4425490677084 22.041582606408333 57.57814879888672 44.166258827626535 28.08067630248143 54.725861322112316 12.092350484177667 62.30319889941801 6.669786951535563 29.686940127008636 7.50572734364523 13.044456594376706 5.876028828426362 29.801551716260494 68.42512228329053 49.52603723326436 38.64170744919097 16.34229486963312 27.377671530006378 28.208667027133437 67.60624048181383 27.994736434258222 41.01833570406083 64.98567455509162 24.375124688349363 12.602651475019133 13.643578651034275 22.678614026338504 44.33702641799533 38.57430850833561 30.954098217186186 24.140750907495356 52.41430732869894 53.00681705557708 19.45874333541808 33.703426463783174 41.054148289932016 49.20831098430733 29.05731257229022 50.07352251671665 38.3152690970576 40.871890095181634 47.276698218154635 9.908712977401953 54.17801550580481 15.08101410780071 43.76110518470628 54.70283421204718 41.48818250085533 6.489621121767507 52.31320670890439 16.920895105464506 35.72186451360137 43.27408035153371 40.5243888358267 102.3069453502601 78.21733889587364 64.52881535919035 67.85837303943116 86.25731530311387 87.39568351831815 57.57807903049294 37.24639841080018 43.060219777818716 68.67241209496173 79.98328459412181 45.67224666851604 13.016743983528714 25.451332755597484 59.33766309060686 82.1263842312656 49.29685015561891 22.59341502048422 31.394137798607016 62.093219377955094 93.16779026066746 65.9385425313916 49.09536535675177 53.55023499448446 75.62876236138857
91.5401549468463 14.505946363453228 80.92129473263097 29.22306410190448 33.38957101886136 33.431410109697154 0.0 30.01184054996978 30.87653480584379 78.5455682472548 16.664999201951307 15.59392765783551 21.472704344994337 61.612100659094125 62.250686572465504 84.03069373531125 61.38431239282776 71.71232646670347 101.77713096232416 40.52679662846316 34.13336059632648 19.562705665417745 39.94902262143388 69.22537297824678 43.985506467861065 66.3981026860754 58.339652177465126 83.58267182389676 61.911983746903054 14.284586189268245 18.225111222563935 7.519833332013267 30.586183717381655 76.48689978246898 72.17358999488356 62.64267161341194 66.61311911689312 24.41731592365865 62.49987533669237 23.083220772641724 41.92117090047504 46.38564294518209 23.79711877943534 70.47651480307373 42.03818579929581 16.647334431496933 47.09695959765837 72.19804715530762 21.18223354243018 7.153460255439541 84.26077405100021 24.44618020111116 92.24249438754714 27.09379311221274 54.696787498101955 28.996343170630148 44.72922470854138 28.62129313736117 50.213730764548735 94.93377702469405 74.52383586878143 11.68681734059182 29.320541603431217 56.53018598868796 56.51212134614206 96.62345296600492 61.28682014246937 56.26375780545115 94.31472274137516 24.798193889811692 31.4618003964885 20.003379938521885 48.391429520972395 55.36714011581968 66.01601626535525 61.912171019335545 57.180630057272744 81.62097762691396 81.70544504058577 52.728850683590004 8.076264164736113 20.52481824874146 79.92030408963103 47.32674018990997 24.983683331813317 55.64228080641417 64.0956322966642 26.143306115323767 28.892255241230934 85.04935472032399 47.91729637837219 70.85833581862411 26.122208916205874 73.84436744735287 27.914260486444864 21.81455222473559 43.87579108237037 50.71882113287122 13.537019778840833 9.799006749292895 129.87841022722077 101.0259237830109 77.063930735621 63.76705951411594 67.73774910349852 118.59767370557718 86.19177944414662 56.457658967258084 36.616136420288655 43.46084922150705 113.29609855368058 78.80943572572767 44.50507386941946 12.055259005089509 26.54826111256342 114.80533612709833 80.9445509877484 48.152072931803154 21.91051306209752 32.19263424748755 122.8745955122141 91.93629716678876 64.81673648196222 48.42464247100012 53.69816336120971
62.02194065134858 15.527143295355987 51.04608799948044 11.425154966596773 3.405209900173188 14.582714044145275 30.01184054996978 0.0 3.196739390311952 51.597325943606684 25.26466470349028 33.45443763924591 9.9582923731014 46.522324200310024 44.85485863173776 54.14607140358308 41.03552269289913 45.34673376298473 71.8161460128552 13.982734328284241 8.755415534965913 18.544723540844313 13.083356494908827 45.98889922754133 15.038157258778114 45.526059548206945 53.64860215130384 53.75167367120114 36.632041925272674 19.926285088891866 14.950387580257004 23.7661251506772 13.571622181030856 54.738119883238426 46.63833791565565 32.63859505318514 37.63422999761908 49.14260764207634 32.675902213230046 7.974920986386051 29.185902177363268 25.56594615522728 42.33618382355348 50.22124664334631 14.024800659805397 41.483327944677576 17.091075698970492 46.91989304551285 33.55687424498508 27.53634200243727 54.35307190475324 7.174363065316937 62.36879410488791 11.220839367599964 24.732710884428457 7.616058560464987 17.973721653579254 10.076940275799576 21.12348872846272 65.08958287003811 44.81367828762099 30.64282690620714 1.8914640724555953 41.360109683504895 26.684638102738866 66.62562203233226 38.10056361831079 30.017245189343637 64.34521738664228 11.134206727574366 2.4716250421684385 16.552826673490657 18.403020306758798 57.756343380786944 36.0060665625512 44.00774766526814 30.80459199233293 51.678501009229436 51.71399780721526 30.335619582710304 26.783335330952728 30.100280626244064 50.36320847163372 18.905653549640295 39.520739688163225 28.20885208159051 34.63953372060223 35.660631204819 5.037992203545416 55.498995586591775 27.462025726989953 57.88270799149539 45.23856812897467 52.913494575084414 10.000377216468358 44.1053615989832 14.349000962163656 24.29825199568521 35.65178713659066 33.89466841231639 99.96913096828739 72.22254339650213 53.22751983502596 53.338976622289394 72.46881020569431 88.97024069949802 56.1877986101772 28.16519297652793 28.71118037632384 57.01078899861853 86.1561896774519 51.6602609979532 17.59346424185292 18.577709027435873 52.68383464035814 92.27898580955939 61.24757440889245 37.17462031132383 37.5162937335077 61.86941951877857 105.79795747272719 80.02783875007678 63.32837880798816 63.334773777464605 80.04301965812779
62.09824647128165 16.423446591217516 50.817914830414395 14.62004636255913 3.7688517233386944 17.711538669788716 30.87653480584379 3.196739390311952 0.0 52.771998361063744 27.671107437946954 32.77300697235611 9.75671700164108 49.368885172473206 47.546858936431725 53.89475103749701 43.4816831750598 42.97148430070763 70.96104369687312 16.095584117571583 5.609332233985011 21.156490808603884 15.159413178287881 47.98785560752307 13.248058268052393 47.860018430001354 56.828358088501865 53.572163755261315 38.37155666974363 19.564090235734962 14.442088388284528 24.188208950386745 16.766438937829836 51.826955087752424 44.12254017041058 32.18365714570159 35.99527808231291 48.688747096200075 32.61513990679414 10.272014365584738 32.30945301856631 28.224200237211083 41.330191842940245 52.58293333273479 11.754447349568458 41.22101144740806 16.783860848386496 44.36510827927488 32.302178850547016 29.088651255376508 54.066253417505465 9.7687811586156 62.11138763757166 14.35397908797599 23.961471939989572 10.811177514410554 19.817394140203145 13.265012411994592 19.47154340069156 64.0615044975092 43.649286946036895 30.284753405986894 2.0003365785478096 44.246571062125675 26.680067820970272 66.10858171752061 40.20394630783771 27.510499772772516 63.91816540883549 9.433662444658115 5.210013631152825 19.159828495197157 18.173477631343392 60.930721650305415 35.48476660263479 46.66478679047948 32.38384804806185 51.33812318497865 51.24899989029932 32.690005647331574 26.84975807012122 28.782243020791757 50.45521738376535 16.893437075710082 38.20573810975404 25.961635391875706 33.26643376269287 34.01801630792415 8.22786036762203 55.574506025100725 30.11685003895335 60.781860575208256 44.20965099242001 55.17188399715692 13.168048861675429 43.46041652512428 14.989570091512476 21.759677381251578 35.29827021045282 33.85352344719587 99.01845366486413 70.57309390022516 50.510191728014796 50.16779668757214 69.8365710134683 88.9069270937967 55.65798196434605 26.19212107069425 25.866782462338744 55.19964350121163 87.1162363611033 52.777878221838535 19.40678377691565 19.041930538966135 52.37766714793597 94.12259593558063 63.589778540185726 40.287534559823996 39.96673097246207 62.97953926431059 108.23050533200347 82.89876494427193 66.52324378599853 66.1305715228776 81.95081944508023
22.262588154643787 65.44020702323655 22.923158805548592 49.33653761050125 49.05290467763256 45.342076266257 78.5455682472548 51.597325943606684 52.771998361063744 0.0 65.90643774449926 84.97694072479254 61.492716236810466 35.58378953219909 30.768095091772174 24.01871144979223 25.058927764369567 55.34168454046653 43.30243328840424 38.415702971119735 54.06625341750543 59.99307306296314 39.14206752567425 15.649819213204347 45.754193434465215 22.333139669641838 55.799082678530915 22.754572765104175 17.120402114120267 71.35344092738124 66.50944076206198 73.97853282761035 48.15562904914288 72.70260317567788 58.603052051165 28.932658518722246 41.64779531343705 100.36397550354849 25.397522384245175 56.19322124821403 43.3619558436297 33.74954777738755 93.93265618663884 23.370945402425846 48.61465266863768 92.48881504947992 37.93940438374438 59.515270953214724 85.05264602220765 73.42274082710482 24.650780536155622 54.77060805205629 27.702710243730632 51.45968446338187 35.343899431956785 49.80729252215855 34.14851331689646 49.933757086445134 43.042516047381724 41.88768973877027 36.042826565565534 81.91720537040219 53.172724553334135 35.87336000705275 29.116287147382607 34.385051431135025 20.158444682113636 51.80034104430653 31.55060834619693 62.2043105732716 49.33653761050125 58.98418998966539 36.610082040956804 68.27993974630157 28.312122709593417 29.7699640197604 21.376395619357385 24.805102042726492 26.771624965502248 27.51897785556595 77.54250974000736 81.5460442425587 17.82117199342902 46.129571839543814 90.97395120966986 48.14378207895441 38.203739581144845 86.69629094885774 50.518373199448305 19.181569195292436 32.84138818287176 41.86529155977472 96.8336240239451 21.60530567266689 50.64303797648284 95.56185785566856 37.880816534957525 50.9616605504272 86.86030415836122 84.64779142206818 67.35895481611942 57.421779961948985 66.7239268113586 89.45218599100384 118.09358289109247 45.498994826485394 29.20317619152184 45.05918456869615 74.85100114890986 107.5632477943919 34.79141409722825 0.9985785431444169 34.44424800025551 69.04107240239917 103.64259517021516 44.25075887553617 27.23645481535111 43.82190215580365 74.11972459355076 107.06048695110708 65.6747853995693 55.4550728046304 65.0549514079622 88.22597262352119 117.17632749694928
81.52653409127333 15.592015167474417 72.12476837623379 18.305896997596818 28.363651667793178 21.092065620217333 16.664999201951307 25.26466470349028 27.671107437946954 65.90643774449926 0.0 30.83508767765055 21.93578055272747 45.33062575689 46.35706426771994 75.21081992218508 46.27294702239069 70.59118473236164 94.58508049837856 30.305311941206124 32.79954043323957 7.03722907461642 30.05045431755012 54.85992524613968 40.22774875574695 51.275162543078494 41.9391918002558 74.56065919781862 48.82846187187035 22.266874643487643 22.458261045484868 17.91181581178212 18.53712164614473 78.97432200000337 71.79319411232076 55.18814045129601 62.47716158664064 41.02611196030797 54.04876131675046 17.40457563009166 25.976174700731146 32.395626189266416 39.89505711538679 55.05946994811577 39.272074516735685 33.31226263896078 40.403410964126365 72.03468355132642 35.27662619783868 9.577170154469648 75.54159837427437 18.091412727048958 83.23195480995892 16.608542806285143 48.41436990672406 20.18203410390519 33.99271355425019 18.499521285897853 46.1528144300098 88.43551691004185 68.75692887879131 26.63543621461872 25.67985919150776 40.37779613396956 48.340097041791026 88.35521731025408 47.21189941562031 55.177256947194735 85.79730813712978 26.873037752967562 25.398443865670526 8.896449978831066 41.421377383950684 40.36321189921932 58.58682894472189 46.137414412256526 45.03295292038504 73.13761644195637 73.59651015476305 38.81954081111409 21.51560764770573 33.410378704803364 70.22752476295436 44.14878214504306 40.17041838452127 53.47295918168351 59.13214733164966 39.82730427393053 21.564000427307327 75.22833900992005 33.64042870756908 54.260872215438404 42.41607246194152 58.54183651670954 17.957528141798782 38.41028471164355 35.94373407843289 49.429013898652876 29.776233507257228 26.17050259132725 122.79588046176416 96.90195459247072 78.0762571003411 72.08722229742332 81.80455911514008 108.48746977318739 78.17361273307283 53.362086721978855 44.4828822557235 59.20099045985188 100.19945230709945 66.3129910464037 33.90788085519796 17.231513297557797 42.883036050006524 99.44910661619991 65.18423486349714 31.665376601142757 12.298764511037097 41.16643140202413 106.39606841683135 75.27175658559584 49.054824962107034 39.2649832963677 55.42496299808271
94.72252536866621 20.593078666224258 83.16248799940216 37.669668231549615 36.28194742723824 42.31702759195151 15.59392765783551 33.45443763924591 32.77300697235611 84.97694072479254 30.83508767765055 0.0 23.50581376985524 73.51446226966827 73.39267597596816 86.19043022542161 71.36064379836007 66.99683431607973 101.7990202137388 46.737811869612656 33.55655153456036 31.286702931875247 45.94597609458045 77.99835012164155 43.9659756124311 76.25827877383013 72.72106178264825 85.96363827897767 69.41460069174884 13.6417419900446 18.50433640391705 13.360746154753768 39.64844380885812 68.33527393894539 66.75846687133219 64.40360054479574 64.97658109624946 16.079771248440686 65.23389058934724 29.4092442021559 53.7190462669781 55.64304650181346 9.566027791844379 80.67857688164474 41.37217554728192 9.594698417264 49.39822134356857 66.58424231232135 6.218266595796447 22.15283283111526 86.31038829509706 30.78801972423318 94.35465846926802 35.660631204819 55.90441551655973 35.92078520071544 50.96408836898811 36.6006667642096 49.75666643560488 94.44139611841238 74.03643945079205 4.200137806061305 32.0087969135394 68.25988891202337 59.36592314645642 97.85823951918124 69.95076534152932 52.47737937394063 95.86390553041555 23.765762718000566 35.651888385336996 30.861714228128218 50.81204938048328 70.67456543804043 67.55777385289768 72.86142576394025 63.904396628618315 83.52059493446778 83.22542385048516 61.55915953613514 9.424650968829678 7.510846542150462 83.1146909468729 46.35931179513919 9.443643738542306 52.919052594173735 63.39047189804022 11.118313832758643 34.702132108995386 88.211231601993 57.39797843527064 83.59791758307388 12.404289054457744 83.80519676652617 35.923623581706465 10.687410877837088 47.66159739234643 47.62027598840764 4.275597919833546 6.794526793242289 129.2732919080799 98.08920392154742 70.18694764048222 51.241887965658336 52.15421667144549 121.33738367647494 87.46978376536804 54.534494634376586 26.304082897087355 28.366249104304067 119.60271051257934 85.06970865357759 50.633545167891626 16.897042924339818 20.05287561366064 124.32920433413511 91.53792957275098 60.7903421058516 37.50427282393707 38.890961817585335 134.8388762483291 105.25164579569962 79.80648543099947 63.67904736890146 64.30977231566432
71.76034967744148 7.5378067441510055 60.5598091673804 16.488168583134716 12.939115890637968 20.94893152373948 21.472704344994337 9.9582923731014 9.75671700164108 61.492716236810466 21.93578055272747 23.50581376985524 0.0 53.56611994109603 52.53800694095395 63.640675939938205 49.47103652437928 50.755773040238445 80.62283613601478 23.443570125117876 12.706339971475149 16.92545252435492 22.607732435146772 55.217996388607894 22.563242846264313 54.17725614518739 57.65890494270412 63.306370225731634 46.20500009664422 9.977626231570396 5.017754705104273 14.509708371243594 18.807558078885787 57.44648121204632 51.49658513453582 41.94021648942169 45.1409867139505 39.19997067856638 42.308176541313095 7.968303119006302 34.700397705586845 33.682563026200484 32.48991020868934 58.78023782511082 20.565519576816776 31.596021105802667 26.51063385500634 51.613261405618516 23.945934406507394 20.774741200851764 63.81640894946709 8.927459605554782 71.8594540018986 14.99108255873682 33.69649507486574 13.614454086656298 27.606873986754156 15.1253225447521 28.775733006218665 73.64311334584163 53.17950945664594 20.71155887624138 8.62597258197595 48.28283987112901 36.346790334203085 75.8590450520227 47.22340917550955 35.19924740111673 73.67454223702681 4.97348246377991 12.156178842564533 15.195007540185658 27.887515978817596 59.61131603127472 45.24006887140535 51.8186271219423 40.53323052119264 61.092376853170194 61.00480652440404 39.09863923100409 17.096079430298197 20.59623067534905 60.106431375568256 25.854039313298685 29.93015019727635 34.302049346648204 42.683235738617086 26.544106308365194 11.774894080334697 65.23461256944626 35.542576312473756 64.54887926946203 35.39891051751118 61.67419074859589 14.596967144171265 34.14832322359064 24.256707076318047 29.53589129640957 25.72665641413204 24.12657768509062 108.62137536751479 79.57222239079996 57.093595975500044 50.81755173011542 65.57418061882593 98.62106474012445 65.40871644756362 35.004719948224185 23.8160682057985 47.99921088696413 96.0970130375609 61.573852852132994 27.256130857801068 9.4502834667556 42.785195101260655 101.60805015202958 69.79171916528415 42.572353288428154 33.89335418263998 53.66513434150112 113.99443764336483 86.69989777897925 66.58674454857417 61.20047908234047 73.83755512183899
57.581901731785415 53.23591778688171 54.640928048588556 37.09016820920631 46.201889662384744 32.64553458537193 61.612100659094125 46.522324200310024 49.368885172473206 35.58378953219909 45.33062575689 73.51446226966827 53.56611994109603 0.0 4.891324972003239 56.82303067795411 11.67084177117823 75.89904217211321 77.61072320641854 34.421233647052695 53.843951940822514 42.47596262081094 35.324280734416995 19.93584221215561 51.623702609849055 13.253228067838267 20.248917499186962 55.65029584225695 24.277679643922873 61.068873050060425 57.79535142153908 60.287313287105896 34.80049307599275 91.21620651842865 78.64996692145127 48.40061078225693 62.33873095862067 85.97711427094393 44.63859764164229 45.74826336422979 19.831602623818927 21.466003138229322 83.0694439943043 13.659987741690365 53.40498748802606 78.04795492794656 44.604874808192406 79.36876102297066 76.17985641566075 54.787421102113186 57.41079435926528 44.654873136134356 62.39124091895759 38.74706071490659 48.59961670389735 40.11749740893798 32.438479307384135 38.44091870216935 53.37099720462876 74.65453464844134 61.90912028616794 69.52375282413833 48.39630901545803 5.29912999646523 43.003444171143784 69.00246778219301 18.580988310992268 65.37034240582297 66.09893837915514 56.96025642426034 44.19053914520166 42.68139968656646 44.156538190207165 33.069626532848154 50.34543841924639 6.047792817317552 27.66378368779608 56.43157870700769 58.01018699876526 19.491293669690332 64.29964563563074 73.26307309531802 50.16377142772594 54.54348161364418 81.94570940881854 61.78731882591319 57.9524759030115 79.62950815213846 42.37317352551846 53.36241782930131 19.65773522702149 11.562188036759483 85.85396673494758 17.03435919140394 38.98175328031566 82.67973328202243 40.459058662360604 61.4834654495603 73.65646989174611 70.39838312013538 102.85377519218906 88.72944279996457 86.9576787232653 98.20932073775404 118.84112246651944 80.48976836601655 61.72731656821363 59.47023433997262 75.21930800671781 100.8660903525386 63.060577834096 36.48650337815089 32.87446156539866 56.78936837266865 88.11453534603686 55.43593479069285 20.882191227270393 13.922762115607004 48.440427842295186 83.0298810326833 61.385450599832176 33.53678294000223 29.59896884254188 54.97565811437309 86.96774054428894
52.71125673392068 52.895846025466525 49.792394741242774 36.22860237245842 44.198182040950776 31.631842018094996 62.250686572465504 44.85485863173776 47.546858936431725 30.768095091772174 46.35706426771994 73.39267597596816 52.53800694095395 4.891324972003239 0.0 51.95170034185694 6.9554502740678235 71.86661992192973 72.72264027909873 32.03385387068095 51.70556996367643 42.81601359144131 32.96585833196919 15.121540642845597 48.666878006925764 8.485179472659835 25.030990320683596 50.77530737179164 19.61906863302645 60.57256766938946 56.98609893449518 60.33965048970804 34.03224465758564 87.47659043313243 74.68330468053304 44.10040300139372 58.16512201620006 86.45565184088062 40.269265273317224 44.908341819921404 20.39482235879971 19.32368653135253 82.95768815040844 9.768340842464392 50.62147198799883 78.46177788750865 41.338693975448685 75.42468566159462 75.68534235504659 55.626468059351744 52.541367872442734 43.723579896527085 57.500529486851256 38.04448693756765 44.799535634851864 38.942037578290865 29.582256578811542 37.50547873571693 49.9729320365356 69.80767336544204 57.37059640338576 69.5009085558675 46.745006996057214 6.523959252635788 38.98268435760338 64.11114282010838 13.912214448047365 61.867781080518895 61.2076227977498 55.604042955914004 42.451091133199036 42.79309635507133 40.77850468757353 37.667669136443045 45.912199955189024 1.2578765210956167 23.435106026333106 51.59076375985832 53.18672064317084 16.10735725960717 64.34183403554287 72.64197597385453 45.28958401466369 51.3752038094792 81.5391611231806 58.22307316507914 53.79538229011202 78.90255606786737 41.03360652500363 48.47110194413759 17.43360566853126 14.903098614194176 85.78672214301103 13.349888490946045 38.09997798834363 82.8845604569174 37.50047576562485 58.23039161749724 73.81822692100756 70.69376235006435 97.9914811116937 83.96945706420152 83.03091196122493 95.56211715441277 117.32360119996154 75.83149331540913 56.871045752036636 55.79439270660302 73.39285126098885 100.27365017701408 59.142012894907744 31.660028857389225 30.02963179342637 56.533545479372314 88.79834662548669 53.334283962663804 18.844687138236818 16.141651302984354 50.60472177729576 85.18202340544859 61.569124754018105 35.95340474849809 34.48729393502465 58.99945349618966 90.37330093704136
9.996245473097925 69.63609244063201 3.1132229828004276 56.948226731074534 50.852749333077874 54.36767221988731 84.03069373531125 54.14607140358308 53.89475103749701 24.01871144979223 75.21081992218508 86.19043022542161 63.640675939938205 56.82303067795411 51.95170034185694 0.0 45.25704382110596 37.498416435641644 21.064170073163634 44.907364158206754 52.66364298173681 68.373354740221 45.197984250659786 37.764217807657126 42.34658251786326 44.17219196010924 76.2995108605075 1.2641448825824395 33.30638217464343 73.4108050877326 68.27955284125248 77.89751653130747 56.72925393128303 54.52704395042378 40.72221651261321 21.790494422213232 26.628713882971866 102.25952291572908 21.536666211529553 61.039963996266955 58.41923475293616 47.14568704382785 93.93265618663884 46.38359568450876 45.093295027393545 95.01537709462151 37.138273419159 41.668879671827966 84.52760875746327 80.57569960486167 0.6320724435565735 59.7347403456663 8.223530304015995 58.79315964746244 30.29640992213729 55.76623290295654 41.323750268529636 56.94133436096547 37.03603523861055 18.06009254876853 17.352769150589904 84.06415087886128 55.10788178728684 55.64616086486267 27.51897785556595 13.32972004896608 38.65782376383558 40.39459001318253 10.625473993861785 62.44390182156065 52.57081110710708 66.8238619123882 35.77887452149264 87.7029795716991 18.665142515188172 50.77530737179155 33.029188323111114 2.9145367137268905 4.36292160108493 42.57583513046548 80.73578394869267 80.99774166357449 6.669506840676239 40.58831209761597 89.99148354563526 37.62937363158419 25.400703787806748 84.7929587371342 55.32887406895254 5.803774063118273 47.147481550627674 64.82432603610928 96.68076846174417 45.20226073176395 57.56307556533309 96.79231980259813 40.19114090423081 42.26721831309563 89.05185101792986 87.7459903291517 48.327380486507586 33.40311205085431 47.862642620319725 76.55540278901965 108.74492772849705 35.16508439065871 5.18632724608332 34.81474842656465 69.22491829753531 103.76399089362107 41.77358409510192 23.03654180147071 41.366365181073135 72.70841807107362 106.09757739041859 62.13577266856805 51.255164706254696 61.5478052131136 85.69699817955693 115.30230448070839 87.08575304265392 79.47331086468789 86.27175733272121 104.71081750262807 129.9254582515045
46.53533267323963 50.76897946183159 43.01726323643644 33.71174669069428 39.94018575929058 29.053906826005402 61.38431239282776 41.03552269289913 43.4816831750598 25.058927764369567 46.27294702239069 71.36064379836007 49.47103652437928 11.67084177117823 6.9554502740678235 45.25704382110596 0.0 65.18981340599646 66.13959939801305 27.503701723178825 47.17914557855275 41.825684192347516 28.450902519397648 9.91170268021662 43.1528147283722 5.0187790348202705 31.200460324057712 44.100149251446595 12.663744663046392 58.13721843243778 54.16239810208365 58.66665065655621 31.716681511472952 81.02484977733646 68.05480933689661 37.266616888291665 51.39904249032115 85.1786463235173 33.39865731013306 42.21841169858332 20.77994485020125 15.813937296804898 80.87801426353526 9.334684644488545 45.29975578235074 77.14131887236344 35.521429672973646 68.81345084325422 73.12745597964484 55.125363347715705 45.837552304035086 40.92982597000716 51.069344845250086 35.70037674842747 38.38039792434404 35.91316268992959 24.47403460228545 34.848737247259905 43.946373966300584 63.0232451529027 50.42395995211979 67.635928273802 42.91839526085913 10.832509081009443 32.379240267606725 57.62832954446842 6.956770354054135 55.6847256060571 54.72183656029317 52.05945432265948 38.57520513205604 41.479703260273055 34.836258200532825 43.3137757161597 39.00421893605701 5.705499756907842 16.730073909856902 44.79535462377108 46.355128885537866 10.866624347772872 62.613323543473754 69.93343977142445 38.61437194377844 45.59641631260201 79.06482690854675 51.988928047409644 47.04621799554452 76.01161368739021 37.73066462670148 42.000994902382885 13.995439271254995 21.584522070267997 83.75275523746727 12.49586785141754 35.5026728402597 81.24373940578684 32.102814918417025 52.3225972602828 72.17664460327812 69.26341666461397 91.81828086913315 77.06121438801263 76.42649625893183 90.21270644566867 113.27135552280927 70.5127515526673 50.11617844939372 49.457316165305606 69.10305688800217 97.46409794566684 55.79536993592889 25.879935993267324 24.92521785867901 54.4757698536827 87.79977297467792 53.42217044185035 20.32130471202577 19.15294232626545 52.11110839717065 86.36638629144693 64.76478893717044 41.72767734840069 41.02129782491747 63.396540450858005 93.54315824229559
