0.0 71.1416012483967 27.250021435720864 47.89468746055206 41.249840505918534 40.90385815420629 59.305697342793444 84.3236810464362 52.670117567203334 30.548519978148718 38.43099688039985 10.804466726353814 36.22410737177499 19.793485355998026 17.685044855851675 27.715676220041544 41.42850973834869 35.28536972195892 41.35429126105521 30.19592593022945 53.6440619397263 32.87000435948485 53.56094697400939 44.470281045556575 41.433038044083204 47.050430042762514 46.33968522413713 38.631992016369786 30.980686323209063 33.8006838056105 32.06404979958406 27.236254378783546 30.712084856900987 42.74966326703053 25.065196474644313 33.45492489316085 47.14946800893285 39.39967544209966 15.181763274120286 60.47918631224486 90.35521916724998 34.61384323323952 8.924135633941512 41.76038571989342 33.544929843209864 15.478327374083387 39.96934683233995 57.88812394318791 51.906511204052684 40.801289244244124 5.246193448952567 80.96074635091239 77.02568615393278 50.358888006078004 30.88007001879615 26.47728961908716 70.43040731890905 79.90394558852212 51.522585601258804 21.669724654157257 49.08414377621168 38.38169075929685 24.65283084048893 52.72003010942367 19.34750300651392 23.315001934445156 46.46059953886824 34.87657020650863 94.16446878849509 38.24862107074885 51.95927520754506 77.53492441929085 38.38169075929685 39.35458701764816 28.452263923146457 44.845930885899065 61.89628212636959 37.42792978343314 71.86633386555751 45.378658068232724 27.41462770522793 22.718593717544316 91.18568542315377 48.119249344616286 23.978523833859153 39.26107026914735 22.718593717544316 45.540836898396044 18.014872084148653 61.23308226029747 64.01759382708023 37.240572762640525 31.435589464985018 34.10600435334963 3.779418992463561 21.516605547695264 20.217529570313413 34.48769961898956 56.22450549929183 30.403760573276077 73.72846134339967 57.543321434168284 59.84458617601113 79.0335876106306 106.32983714906283 55.21801716305688 30.761743224941494 35.19061584656771 62.65232008191031 94.90566974522692 47.58173683969805 12.9800693340941 21.628618393372143 56.231365640067175 90.83496157504831 55.50592370660131 31.270919452217637 35.63245419322609 62.899218848990614 95.06729312918215 74.15956100317696 58.08961308919356 60.36520019758372 79.42482751724087 106.618200326914
71.1416012483967 0.0 48.26194783450792 30.544063702001598 35.45430376934608 69.11425889805702 13.876581280405846 14.48966754733365 18.75147433307903 62.36825558811515 32.81413180789373 73.51544113407795 75.68935372455195 59.681870994287266 86.45086128487377 76.70098796703753 64.8958170018312 39.69250051061703 31.338285369356324 41.372578930257546 18.30348276765943 38.45571983266697 22.52467249690989 111.13206799170027 52.79092598489442 24.570586342796886 45.85470179050619 60.654858238597896 69.00463705205127 102.41144393084714 39.12679336760392 49.939767675386335 45.68362022630705 29.951113977938977 48.2382228547383 37.78099893190837 33.99622056787556 34.193541444149865 58.18172866952747 16.866218828645138 19.450814025934307 91.33518222004069 67.92132579265568 108.21679591732656 40.688084264672334 57.95135065998334 99.78756350561697 18.45837780109378 26.94862846265596 101.1294309615258 68.35658048993047 27.147787151586254 8.859593639663961 27.789585570981927 71.84051212655554 66.29092040261439 0.7113065980788735 16.43208320186759 20.383220208036036 58.83386831128944 22.059210257597126 37.434129779080074 48.06153701002394 24.133392659105883 89.88825483596632 74.50295879867973 59.512649484617526 36.361551319450214 30.287802263407656 86.02161749699765 19.453415820236614 6.431448682502913 36.60133260089467 103.4932758489615 99.59079926348353 27.87705561443629 9.5723183838289 63.98596034401807 3.1695708553898005 107.39290981778743 59.41577088988882 54.54779536945028 25.717350351565273 71.56434703963646 49.74172533863335 95.36647279799615 54.54779536945028 25.607037530830954 55.45952798947129 19.15215747008713 7.2197951299342 102.68493531274426 61.979003082547806 95.97953178569631 71.30552136290714 71.82496523531515 53.07989255895825 58.04667171465553 15.25478658370165 41.484393945843294 131.70139342181204 101.47416625589494 75.12355336543966 58.17974381905994 59.338093839555086 122.20370204301591 88.92511672134673 57.240251284369414 32.249879741291245 34.61938059740616 118.71558152178909 84.11332126096546 49.513298505207935 14.93107638464412 19.727183097577747 121.75483063523659 88.31295293195983 56.29348990829514 30.554489606763738 33.06111224827314 130.86730415191107 100.39927892621449 73.67886913823203 56.319916054558014 57.53335355165512
27.250021435720864 48.26194783450792 0.0 21.085349082142958 14.443843143287223 51.7254044209676 39.256060786372984 59.90751924737887 31.860611196554288 17.51845927077038 19.778682617561298 34.57710791261754 51.988928047409644 28.983563988485397 39.24811619055452 46.898693844904315 49.80206778692512 25.487053933060935 16.93385950256945 9.922874317126903 29.958718714190443 12.679469569667736 27.7479618251228 71.6092814972611 42.74301980667302 27.592592221058812 42.971105838912926 45.21905672328862 44.58962749418606 61.049677909309914 13.196954883765844 26.295653120507787 25.89074512089199 18.31174644228474 3.8219296991095906 16.570353401029816 19.95338383091602 25.560707645959983 22.164838754244833 34.8595877059291 67.67173354645747 58.4319624111719 21.090445266272585 68.8497875656804 23.82615515596667 11.788844793261488 65.2682307229602 40.02461123443134 25.275624580688188 66.30475311229003 22.845765593612988 64.86126470945881 55.635079110358895 23.769640574790955 46.21483324086534 39.63430223578859 47.57057708695513 54.18763035326646 27.886206260519664 10.644442641878584 27.57203872573063 27.76256352728018 5.057147101636889 36.777659597503295 46.41779791948832 42.7956412267247 50.71952504114343 17.40221123521285 75.41377363017791 58.47370651909872 31.22768022311447 54.6382082360533 12.09221216733802 65.93283863091006 54.12490627050823 20.390098157887653 40.11031104036347 46.277026750111126 49.756666435604934 71.53837281284993 35.332577935017405 26.300486745051327 71.63877172992389 58.16269749257257 3.7881245727618884 63.16116932947558 26.300486745051327 24.114557897993667 21.519632625529034 35.05378522539202 41.732897980092666 64.08455625126516 17.653556880029136 59.844546896913315 29.178088017091117 23.73693855849231 7.1833469601655855 40.22777890564362 35.07035643948398 8.927179647977821 99.39824130239406 77.89273879142291 68.18585127097869 75.00736661583059 94.8560116957876 82.43655693312617 54.87607660060739 40.27163167601916 51.25473172052554 77.6344858966917 72.8213021067044 39.143990264604795 12.506533396192559 34.284489960035444 67.74430305564485 73.49533366589814 40.37286394974556 15.912943917950107 35.65564461093189 68.44178379405272 84.21191348120212 57.48501273370936 43.728983168790215 53.98831551941866 79.4485331492576
47.89468746055206 30.544063702001598 21.085349082142958 0.0 6.668870805448364 62.923417962434904 26.500908649638795 40.0700279945335 20.223631148990727 32.17884634691501 19.16313710677067 53.82231289593382 65.94525966395587 44.225805423026635 60.22214089768121 63.11990333525503 59.810336463540374 30.26771248159186 9.705833607180049 19.459133744003335 14.072397514104004 18.283000153527034 8.031776163359586 91.73744002034427 49.554239506932866 20.021512039489654 46.27398241470894 54.93293595918175 58.36120536876397 81.52684600166542 19.691731378098822 37.29017201002737 34.46454613079331 9.168126071261433 22.829534586040293 21.35911115293284 3.773646867624085 26.326410303700314 39.287359293738994 14.706101107912056 49.15867106178864 76.27907888787905 42.175765794161244 88.91144531111723 29.70607996438123 32.67121651020699 83.83083084644231 29.890558412366484 4.267839588471826 84.98724789865805 43.79395713226206 52.910068707757304 39.01325230484961 2.912431578808486 60.63380831879673 54.015675587498166 29.934129763160843 33.43714824933412 12.893034703749567 30.592566370358153 16.72383351807745 30.50042839625354 23.30235816920601 29.91497794914209 67.21777387923079 59.58314309723559 57.93068817193991 20.63316641143034 60.21916994928116 74.30994853806277 19.960911773374416 36.46968254009777 9.585257242436493 85.4583147053603 75.20402473377503 8.74190377134532 24.81094248526361 57.15493207157904 32.81072505426323 90.63259187756364 48.05898169772689 39.89088466297471 55.888144481867755 68.07606674696328 23.962687356689326 80.88482289291453 39.89088466297471 15.57199979214177 37.458112539922 14.239682894364927 25.488440456614498 83.88391738428466 31.707033586832885 78.82766953984101 49.345876299175835 42.902700975871426 27.732676810361006 50.49626990112229 21.839418852867567 18.684406713569054 117.74630669879396 92.83495318340398 75.94219209690387 72.87562533407802 85.14252295459644 102.70883814907714 73.0322570041616 50.131143006116275 45.68772529837802 63.69003685667779 93.8961042628227 60.14156740512544 28.502401812647264 20.06526185517169 48.86401132375372 93.09355968549455 58.892443124720394 25.789160190861004 16.021661382022927 47.36199328025971 100.49334010675895 69.91176071942905 45.51067579094132 40.61543276658854 60.18994592639622
41.249840505918534 35.45430376934608 14.443843143287223 6.668870805448364 0.0 58.40385032331383 29.09146960992783 46.030817574363724 22.013031396554148 26.946188798443202 16.207872206951503 47.40266479315332 60.74931924611869 38.52329601001203 53.64646216525114 57.36779550337584 55.572049593250725 26.66862901957499 7.179635436353817 13.617103542773762 17.612668475712344 13.148558296650817 13.643131099024428 85.19945622072225 46.0340384713577 19.97274935089104 43.70119026804949 50.71142644696223 53.15086025104044 74.92183771870583 14.582714044145275 32.384517965083624 30.05075500617519 7.721672117759498 16.19091374864616 16.965963388347323 6.56171208491547 23.688406672457155 33.15216900168472 20.712016486529055 54.5482875509879 70.20755550929228 35.52844845244814 82.38485729460359 25.764913411380522 26.002617414249556 77.6144222038257 31.495508881140363 10.831785695465742 78.74604590741905 37.1252971352143 55.67738732182683 43.52145708833338 9.330446604193584 55.286844534614175 48.61940798007952 34.799456066292464 39.852463989921546 15.844875282130683 24.216751296457087 17.855314405744046 27.51950891172096 16.71268601005493 30.226347238081953 60.562968751014544 53.68492528161746 54.434273218048936 16.60117419461709 64.29771252523275 68.700727697197 21.561453147730845 41.640046978242765 3.2825112568885273 79.03684021719256 68.5459532368479 8.906691667139235 28.49558614488412 52.6570362126676 37.39469247957146 84.30798151617002 42.97760633808328 34.46537137259522 60.16213950750355 63.94564599414387 17.299381016512694 74.85222683819768 34.46537137259522 15.437425630538808 31.51001581304407 20.665322575858315 29.630894978397425 77.40551688255673 26.597429814117643 72.51215768687183 42.76417281598665 36.8135698300573 21.070042650251736 46.063197936109205 24.456873785636223 12.668742536433127 111.61848473937987 87.51173862687085 72.47537347943835 72.40036069165224 87.32526438207893 96.1474315307133 66.88411284788342 45.79802813142831 46.002750772338096 67.30427657382614 87.26513453058378 53.47270366929541 22.322780873003463 23.06801312075452 54.41332638249926 87.01381915967862 53.06537038873346 21.33807304071157 22.125645857789962 54.02430994555243 95.46168947362376 65.90369893596534 44.36758166151451 44.592470946091524 66.35748654972114
40.90385815420629 69.11425889805702 51.7254044209676 62.923417962434904 58.40385032331383 0.0 55.31632118110871 83.51394564408852 52.783848626384945 65.25810525246008 44.11941662938231 31.78667509141297 9.582400428255342 23.857476011237274 56.05953528444356 17.793605096020425 4.44832672040586 33.06186400342263 53.229729169653204 45.36322894271052 58.646386509507536 45.261139235186896 63.57430242757442 53.066837949047475 16.391134216922413 47.90026744076352 23.96431111866504 8.53349323611797 10.102947136946868 49.61117581008398 43.83170961190044 26.132165858280043 28.46636078831153 53.939581206198795 47.903474771183724 41.62124236845573 64.72028650964089 38.06529800512907 31.38548203451214 67.99628708389737 84.20161159497879 29.283795292760992 47.70925695232069 50.50303959228912 33.31234750002893 45.816400441365474 37.42084874707656 50.74364429070208 65.07778102805311 38.82776154821319 44.22418577299036 63.81972212968187 70.46094680632592 63.80337651326877 11.309476623956442 14.457044354353831 68.5320023487734 83.8256085249293 57.2547179298138 54.591127785287725 52.09658134015316 33.82535021331053 46.67429130048414 44.981753723746074 46.31085641940563 20.25525443267066 12.09221216733802 42.29026962078389 79.32389403699526 19.926520310237798 52.270954902522405 74.1299718444019 55.26405710517405 44.164343654774385 57.47560727841693 55.056145636139014 60.20096080960501 5.768492283516776 67.99593148505694 45.09598972026537 16.449018324193457 25.44551798963772 78.29939339154485 7.222816121654445 48.27667678322734 31.455679153720748 25.44551798963772 50.2895892046532 30.81202384230572 70.37157307116026 62.64608996423393 45.07923263287836 65.88307108256748 36.65484044938487 37.390243758451916 60.92044279644605 46.60296682806692 12.432909855698748 55.41410443162996 46.540660081599526 64.26892787654735 32.36584732718608 18.959152612031485 45.4554647333009 78.53532639626611 62.71433456308355 29.18824094846344 12.871335988368864 43.29250975728914 77.31535256666291 73.01671503247314 47.30186147229461 39.22138070031936 56.868202804560134 85.58325453498097 91.24403529432412 72.13880208713354 66.91268059546998 78.39243682352479 101.03568055450008 113.64425493712768 98.74920485784989 94.77590804149965 102.9962064187198 120.9489265430229
59.305697342793444 13.876581280405846 39.256060786372984 26.500908649638795 29.09146960992783 55.31632118110871 0.0 28.363594640947014 7.405360382200205 55.31632118110871 21.081844877748605 60.66744632258277 61.812784031157356 46.353551955962004 75.48670785947441 62.959138866539945 51.138383873384846 26.211876048836274 22.99874210944862 30.816655709540722 12.532692441523764 27.722013006192594 19.926955830063164 97.8569547858015 39.049274692461644 12.344626529089856 32.363671712404546 46.832836964076044 55.15078559331118 89.4781650018811 28.04180562314437 36.47551062220897 32.176677243130385 21.869471088030068 38.34238944569894 25.97461054925954 30.272981962219166 20.8607346443325 45.54071080820092 18.596012464836658 31.515809548593435 77.63104728562074 57.15807148740604 94.94275771797525 27.3782649809006 47.37052004927856 86.12590467350553 5.399920702427822 24.46423906927062 87.47978088465766 57.07503576129519 26.603667199829342 17.78266495196618 24.529271188740168 57.99557419796319 52.529354868886024 13.261674996390617 28.931704732860503 13.637483158103862 49.8459939015775 11.73440907432003 23.76727510177022 37.89453575410238 10.383320797748647 77.53241919057459 60.894322504008926 46.03162573389131 24.573136734916982 36.17443486868151 72.15936825441867 8.028402771123925 19.500130437266602 29.038989013429163 90.05252541619035 87.67265513938096 20.24501298607406 5.187306300571565 50.13668225874857 13.330936755995742 93.78024334015547 45.65339744900763 41.22863778673191 32.54165183193027 58.00289918884575 39.89581316169369 81.6039033710954 41.22863778673191 15.143174878244867 42.71936478208424 21.69533934159143 7.474783925827552 89.36173454808709 55.11153148331765 82.4657958806296 59.06820176826345 62.92592002067223 42.80064506557634 44.17039583351603 4.683869088103304 31.24105649669769 117.85089304169166 87.65954443740776 62.24439501325231 49.591732489489736 58.644022661099115 108.8930399391722 75.31091078419007 43.366086648383764 22.007878400631316 38.50871336176399 106.78463754288995 72.25772787669172 37.8715381596004 6.4947139435047445 32.32588680628616 111.9135964555826 79.57738066178015 50.35174536537977 33.65812409361502 46.10067984074343 123.38035740055076 94.89894718558084 71.9978368662521 61.28904962981522 68.72981486434533
84.3236810464362 14.48966754733365 59.90751924737887 40.0700279945335 46.030817574363724 83.51394564408852 28.363594640947014 0.0 32.82370321050673 72.15873977366991 46.46232950106556 87.37807546093508 90.17484782782635 73.88930227647622 98.87949277916643 91.13107736135885 79.26331606091458 54.03547058345068 43.38970248279856 54.18723058089205 30.685987932564466 51.45367678889326 32.38878690942019 125.22458287489425 67.15740943736726 38.62847062846817 60.065858430396666 75.0797350670592 83.4909120696893 116.26255169264778 52.294256193519686 64.24619138070311 60.02171619632782 41.96708928664222 60.46424738543225 51.351679352961625 42.90009714433124 48.49914397887771 71.98220920681446 25.381490618395418 11.740144829126303 105.73780994095164 80.37764558289007 122.31139309781229 54.950509288809776 70.42209656062276 114.15995399087251 32.77569899671756 35.91381569253745 115.4933815939944 81.17492201962501 34.027889651188936 15.309722033825963 37.15760058082343 86.32348957427618 80.73534941789228 15.122166544616965 9.82503404832064 32.81347251367615 70.17476003809908 35.63571822056864 51.859501157698205 60.46424738543225 38.56248472507162 103.34482669544809 88.85569740863312 73.6750630343875 49.95291213679885 29.942990346518897 100.51002393988502 33.502907108689236 9.780270124563547 47.854539368574535 117.71213902368427 112.67986513848868 39.833169492405595 23.9169053514677 78.43504936727663 15.606660305227514 121.72939785342618 73.86328532140146 68.76386417318244 25.254741680566774 85.76501951229413 61.896131103392314 109.80380580529398 68.76386417318244 39.00918526775213 69.3365845870247 26.15890776329293 21.472610825256314 116.82076168124699 71.63598877807321 110.25469614349872 84.76402060667202 82.8383971056349 65.44020702323797 72.52996698986529 29.45042837110462 54.11619618237999 146.18493532482177 115.87974667080682 88.77484533673469 68.76487292478231 63.01602528161113 136.31320081141018 103.27163883108315 71.71892417735062 44.91109898094224 35.85023803501355 131.75027523650274 97.22722445577531 62.793188855872486 28.76958809064118 10.35601622522931 133.0437692972439 98.95701555243376 65.41547252450331 34.069398364427144 20.907187883839814 140.0314164769064 108.08832071977166 78.43585327065304 54.91895492220371 47.69497533001969
52.670117567203334 18.75147433307903 31.860611196554288 20.223631148990727 22.013031396554148 52.783848626384945 7.405360382200205 32.82370321050673 0.0 47.9568651453948 14.239730480732417 54.76406198095449 58.39769156006873 41.06591121044246 68.50915706105562 58.55030681256832 48.84913635323068 21.35549331704681 15.66077116594984 23.59871984396405 7.484650299167515 20.53004663103841 14.92141177703662 92.4367338538517 37.02536335128948 5.824604535432729 31.365603354655605 44.254707804924394 51.36183003169046 83.66000925397417 20.963530714214553 31.4773590146325 27.305326580566156 14.589037180979146 31.029660444024476 19.215366987128178 23.933307962297352 15.786739362131188 39.439350928610686 16.207765444061824 37.69924969816898 73.06155325499412 50.08891605222583 89.52220781743313 22.15949015990779 40.2269524523986 81.42378959193805 9.67995195366135 18.974120274478143 82.74504684522923 50.18241209622314 33.733947154124245 24.467845121170743 18.695316220968305 54.11444159455973 48.239100126124285 18.050370126835823 31.268528491619403 7.587513607074409 42.462498599823356 4.3387068105036155 19.48297793516099 30.626212349521204 10.653759801727734 71.23006569734301 56.109933432392396 44.7115736994753 17.79355619855124 43.55559122112286 68.37276511394273 0.7113065980788735 25.018486895136803 21.73805015711247 84.88844871731379 81.11082218947757 13.107239770309397 9.267759010112997 47.31020063049094 19.205278148123927 88.94923291150774 41.40968348572294 35.94196545064233 39.849105376232444 56.3028686829872 32.58055806785261 77.22041947551817 35.94196545064233 7.7623610717634985 36.70882131479313 19.096938311464307 11.531889662487947 84.01336276316133 47.768133070429165 77.44037155501667 52.670117567203334 55.54909282431793 35.571892157205795 40.96855091282635 3.5565329903929532 23.95769952245335 113.85499446306576 84.83936019274621 61.86495650408311 53.40062904174355 65.35120545833239 103.51827485880983 70.50848919815911 40.27036641377007 25.822457598889788 45.89921312146279 100.24103549879968 65.64920361772802 31.084159944260854 4.18167302287964 38.257053011599616 104.68855686899029 72.20019207160672 43.13789991994394 30.06203524164649 48.38812246246933 115.9752871033165 87.63871593532554 65.61715512547201 57.66686022984605 68.84846910024575
30.548519978148718 62.36825558811515 17.51845927077038 32.17884634691501 26.946188798443202 65.25810525246008 55.31632118110871 72.15873977366991 47.9568651453948 0.0 37.10785831788367 40.845386550718814 63.50350167362114 41.424210419466085 34.08286162638076 56.515821989677434 64.10842864778657 42.73562234540862 32.318706149372275 27.441066874562207 44.50689516406679 30.128802023699084 40.123053124390516 72.8491102771118 58.73972718025914 44.38183989060304 59.88649615606279 59.90230854645634 56.73048773326328 61.540561052808016 30.711208712454724 41.771930140117895 42.30259842688571 33.48533475835628 20.391564304610245 34.08848550367866 29.271270399864257 43.07869474802143 33.895061760734166 46.86578692867856 81.29370424382537 65.12401576791932 21.6617475956059 70.40318641697255 40.990686003552014 19.467036300388692 70.40655269567675 56.76728000990395 36.25810052520405 71.17380103865013 25.32559262399823 81.54266716207137 70.46094680632592 35.07735536751291 57.69442360113954 51.66004210903907 61.720984488727126 64.88504983595722 42.64639318805272 10.667325100697829 43.621188394882495 45.16248594772962 21.51619620145323 53.99265862333663 46.31085641940563 52.0747532867809 66.26391275939643 34.90536952984209 91.08606112204596 67.79588329970048 47.39076063966222 68.48597894414938 26.33005072272318 69.04417872082962 50.575374746607814 35.27053009248016 55.30166476814647 60.282360368804376 64.3407592632119 75.37063880962856 48.97623740066748 40.36223754674565 87.03340217342108 72.17091831431046 19.216182583030612 69.79372797039706 40.36223754674565 40.44507532124403 34.567785401713955 46.04947501523441 56.54553426258779 66.59236397770472 0.9484855937153008 64.453912213763 33.932173475907824 13.349873041922356 19.29180554308797 54.918227320480014 50.842139272969646 26.421995257160592 103.81980546396883 87.37596477204718 82.97762503486727 92.3619679159839 112.12002408277593 82.84936020732738 61.28596180791139 55.16083101774868 68.73325962531504 93.81151429436687 67.41716273669527 38.18795613930815 27.68404863412355 49.692388708917164 81.03765072068236 61.82116524523303 27.23496811928971 7.515642809486071 42.024762550451726 76.61938938809489 68.5157333053192 40.07843122100713 30.215775536495524 51.13260248496923 81.92026907728966
38.43099688039985 32.81413180789373 19.778682617561298 19.16313710677067 16.207872206951503 44.11941662938231 21.081844877748605 46.46232950106556 14.239730480732417 37.10785831788367 0.0 40.927573963028486 47.99883527393908 28.14843769863999 54.40539584322385 46.5622221794875 40.81775808927558 11.153893018465375 9.588445891643783 10.218020777015383 16.43034523105471 7.1730298113315305 19.684071796694386 78.91673357724382 30.392121448835354 8.73768253192303 27.51950891172078 35.9504735949624 40.54242417472999 69.80181945095669 7.121415862566248 19.4730949549664 15.95412799351772 9.999982857641125 17.97260953404315 4.9791461865507 21.608212940057015 7.480561202076935 25.52426176592238 25.09825947242013 51.929070357301974 60.65309258829281 36.098051460693476 76.01022987161501 10.829667159410688 26.390919481575008 68.77316397563084 20.712823473488474 20.969091836032476 70.04424962102064 36.00936955324792 45.38976632330494 38.65504556245146 19.733266434821623 43.058313734445946 36.683158044990236 32.10492737302584 43.45146369597708 14.5184941204962 29.85899770451388 10.831785695465756 11.425154966596773 17.309059562405796 17.01167933757564 57.07417997468999 43.613787748118426 38.773691247600496 3.5565329903929532 56.90460767218911 57.16520323946246 13.529141646002856 39.16605927164879 13.88332495611823 71.66429372797826 66.8746547279495 10.939883530225222 23.473117736595754 38.36656577605873 33.437168478871136 76.09396717023321 30.198626312407594 23.1887448386186 53.50101124465488 49.00823372535079 19.50534812137355 65.02714258279546 23.1887448386186 7.536662502646036 22.91983239222524 26.989958827545223 25.637158810860114 70.59345254269645 37.12856536037807 64.41492857214097 38.49225350304058 42.71536598808756 22.01319815202286 31.702374574340457 17.793535029357734 10.953915051889233 101.95074822617005 74.91693270478468 56.79731792972664 56.86932934001777 75.08064126396008 90.01545470615608 57.8137351243768 31.255634006298553 31.721320126782036 58.569705901412625 86.00527371298996 51.41049897993489 16.85307315053121 17.88482916332689 52.445805591282216 90.97455977756283 59.28255452177639 33.87195718640163 34.27878594914031 59.9799826454745 103.63938445333321 77.17851730859788 59.72198224277734 59.76367541023399 77.27527897426165
10.804466726353814 73.51544113407795 34.57710791261754 53.82231289593382 47.40266479315332 31.78667509141297 60.66744632258277 87.37807546093508 54.76406198095449 40.845386550718814 40.927573963028486 0.0 25.984935269755578 15.406639926563116 24.30512178681628 17.070010210350127 33.06606997766988 34.85966574310886 45.98445430341394 34.73218084615639 57.13392275003403 36.82588232914384 58.405061945990376 38.19576842384211 35.65156065234338 48.94875116620578 41.85436971683324 31.14099431178906 21.683802075113743 28.89876968298749 35.708010095736405 25.09298579448187 29.27144122006312 47.28490904241174 31.604348694118432 36.10135446394854 53.73045736679322 39.87752237029423 15.406639926563095 64.95830725926513 92.17121768540052 24.45076371112043 19.536788731821456 35.316537370155096 33.437294886212385 23.573923167474327 30.733947937154962 58.32714104245064 57.52231914807672 31.74114243755348 15.705753896696732 79.66162285192485 78.4025364060791 55.97638111577706 21.024088557616277 17.919929292112393 72.81372361585916 84.05447536104795 55.09302276472637 31.240876873699833 51.743923451210584 37.74613732015903 30.846467782629055 52.67014340679552 17.803402812621282 12.778694906117215 39.14800605978517 37.47619172276506 93.77953628293118 27.445553311699157 54.06216705060531 79.74843316387948 44.26418244830875 31.638252204286832 29.089384414822177 49.24825718106273 63.99613288540104 29.224681380399396 73.78339520535965 37.002213984346845 21.077520470432493 20.07460087199927 91.25970483529613 38.879794797973915 30.903542015597566 29.178479668735203 20.07460087199927 48.43018347128303 18.05831412176666 66.16478140422224 66.29595162784307 30.116226566819034 41.69741497141025 25.271634972910693 7.074767627827056 32.318173525009335 27.42494359999745 27.82047474893193 58.27696010841211 35.29444495021643 64.85064208857504 46.79186191095529 50.67706591834574 73.08670047378904 102.51819676599546 49.27491729599834 20.6931085695915 28.692170500817813 60.10927708623891 93.79689959407511 47.46491582945851 15.959716693244813 25.52173424192415 58.675866589668345 92.89352916572261 60.66562490201702 40.85353974632288 45.30485278548574 69.50447448163946 100.02019081237212 81.91541678673813 68.34487028517664 70.89903059772985 88.18780665848223 113.67616901749741
36.22410737177499 75.68935372455195 51.988928047409644 65.94525966395587 60.74931924611869 9.582400428255342 61.812784031157356 90.17484782782635 58.39769156006873 63.50350167362114 47.99883527393908 25.984935269755578 0.0 23.005438634288847 49.58871557816736 9.579012819737834 13.573046638562149 37.5072086894303 56.438116872653524 47.22015351910861 63.5668979213289 47.74189970861532 67.68255611018037 43.48444579880727 24.142020966312877 53.09539318543243 32.0469966419486 15.960399213140589 7.598711505867109 40.29662514073277 46.311704257348225 28.71163757811404 32.05925406109368 57.338738435487734 48.237440763660445 44.69194903437158 67.25873718608075 42.92704808707533 30.137339999620544 72.76507525037525 91.72270677034349 19.706168825988104 44.06527844311926 40.9252755106406 37.29537224704419 44.18709245184375 27.920020059567623 57.623858958770825 68.58406410292666 29.33401507222472 40.32764867143294 72.53002586514496 77.81575903071743 67.20173556252574 5.836475928252212 12.362497687820325 75.07024335018173 89.66474650020896 61.96667017022832 52.95984177095078 57.09837655181712 38.944697727825044 47.08084368643835 51.697566051544946 38.32069560527357 13.29219535438719 21.486189976489612 45.60578169889105 87.94934597676261 10.835682712838354 57.820584731202075 81.0497076643502 57.49676522336839 34.58204285914763 49.14167522567625 58.728400238189465 66.45869260086339 12.350400279427975 74.8577988496506 35.65508068232321 17.901480686352233 26.33678463487593 86.67671131895113 14.774558076776513 48.30472247836419 22.05952892943358 26.33678463487593 54.82929026426433 30.469403574182028 74.89089709050023 68.92535889236356 35.52180340236786 64.22552073674939 27.08903014350499 32.487258750748026 57.336381046211116 45.984384310562874 17.64870419840584 61.32553100004107 48.29011942116124 56.298640627607284 26.938204337789948 26.012368075955155 54.97696114231514 88.10865873077535 53.18181098978947 19.686730713413525 18.484665352494485 51.87149006138176 86.22339154855881 63.92823451917642 40.429304051944776 39.71230059776338 62.56543571878107 92.98725401513191 83.33671203639197 66.83172343327773 66.20214688862865 81.8152953909462 106.76860108172166 106.78345913236807 94.2510326461826 93.58682624832265 105.0162740796206 125.27181835561001
19.793485355998026 59.681870994287266 28.983563988485397 44.225805423026635 38.52329601001203 23.857476011237274 46.353551955962004 73.88930227647622 41.06591121044246 41.424210419466085 28.14843769863999 15.406639926563116 23.005438634288847 0.0 37.1844973783921 18.894251205880284 23.121221859871767 20.160968538578118 35.176039915767404 24.91158101923192 44.56095394070065 26.00098100119846 47.22306000778697 51.504775208984896 21.640614350377053 35.27217115510279 26.929291349977976 19.52494470277539 15.663958212762266 43.4080675284803 24.6367028453975 9.977996842238637 14.281188558872872 36.27790446132273 25.23797850495179 23.862977722281453 45.08471920546273 25.524261765922418 7.531326703118442 53.15614765075824 77.818765021929 32.54016410876463 24.718991326154462 48.5902079893861 19.006084652413534 21.966341046083638 40.62641916455837 43.55088847966613 47.33014628593554 41.90312841517723 21.664898409694914 64.28933598594858 63.9027783299225 45.855426241647656 17.241035051856873 10.657532690323698 58.99588256215522 71.54704045634006 42.66689555888343 30.758101750399806 38.59522438639287 22.83907320050276 24.09123940632106 37.745758683995405 33.20292407710399 15.537076025466776 27.032248238946334 25.061241201133683 78.54126928046882 30.180831345471724 40.389232761192446 65.7358339828576 35.240920521525254 43.82442779491749 44.40685544520805 37.97070618726119 50.10965436185309 19.152356964791917 59.6416256660379 47.996107926526804 8.048139269801473 5.13472057122657 76.15034383527264 30.872387734616826 25.304685307805936 36.98662305782762 5.13472057122657 35.61760763386173 7.46457867632661 54.83135273532859 52.49809086528627 43.02171030897194 42.065660302190594 36.39692787733209 17.230845202465712 37.59279198520662 23.121221859871937 14.965595563238605 44.46551988595901 25.869159793732994 73.95000730137417 49.211736733055076 42.069077891737415 59.26753265677411 87.46596120428198 62.551164199316304 29.666929155867482 15.57100390064999 44.71729613377974 78.43256924648963 62.87094401120026 30.329290631910613 16.787682916068555 45.15126668492236 78.67844448671367 74.75910422216032 50.40843490865257 43.450149112485754 60.24648627267132 88.12593976940812 93.92049244053004 75.78566577930525 71.13811459344956 82.29551343681354 104.30353631447919
17.685044855851675 86.45086128487377 39.24811619055452 60.22214089768121 53.64646216525114 56.05953528444356 75.48670785947441 98.87949277916643 68.50915706105562 34.08286162638076 54.40539584322385 24.30512178681628 49.58871557816736 37.1844973783921 0.0 40.12293403607218 57.34334202517805 52.625719991939334 55.496116453511 45.09361794891975 68.3888563429399 48.07002756159778 66.96848130950562 40.735928563643014 58.75099156144957 63.14208284591923 63.95881700868662 55.1655476244806 45.960912863998765 29.421730522868586 47.5480829668938 44.91430367372096 48.31023086442703 56.91836932156933 38.415708897219325 49.534216561502625 58.59513985024458 56.3699673120701 32.8306436175174 74.07121549698527 105.8697836048388 41.1102258084704 18.536961686116154 38.70568835247142 50.8279878099066 28.514972095259825 43.13278863074864 74.58515308477563 64.45819879845087 43.42127097000456 18.48511526529937 98.19898311887373 92.97494712408219 62.9739292876899 45.097261239523114 42.17025480465836 85.7428055276214 93.43401638940219 66.25832980429475 29.975529042149926 64.61656773396604 55.73256374450687 38.45690485097507 69.69428766344431 15.596539381207299 36.35751772680952 63.14034467147915 50.92385111095293 110.98128119083984 48.26749341136829 67.80784239677948 92.88230810330658 51.31026696506664 39.15370468117774 16.521794435729888 59.05178117111713 77.55444970279028 53.461695787762494 87.50564400711015 45.848433917021744 44.396764436077206 40.39032316551881 107.79129536843581 63.09898831683286 36.987943100090106 44.966009589719576 40.39032316551881 61.008517126543886 35.618353836123866 74.29581314219651 79.51090649489251 36.19707755968412 35.01702345152191 37.147367157302796 19.970205607203578 20.86051359408785 33.455115294557146 51.419019605738704 72.01867015507403 44.970764731354734 73.59598727393976 65.686388888887 74.88526972922172 96.41408171638342 124.00933946507858 49.79561576549387 37.48170675701583 52.20134271285033 80.24904278508573 112.02528465085074 33.92753936820167 9.409625338866812 37.69425579316786 71.74974243791858 106.16047715264654 37.826825679903614 19.124984105649656 41.176553854785304 73.62132470873117 107.42223983103975 57.61041446545665 47.292012078030744 59.57280790380296 85.18283254140944 115.57733756877691
27.715676220041544 76.70098796703753 46.898693844904315 63.11990333525503 57.36779550337584 17.793605096020425 62.959138866539945 91.13107736135885 58.55030681256832 56.515821989677434 46.5622221794875 17.070010210350127 9.579012819737834 18.894251205880284 40.12293403607218 0.0 20.757104697974405 37.19495854912327 54.026774431849404 43.774608196835224 62.80543281901949 44.88726202465784 65.94809757567887 37.123119713342554 28.56275750209775 52.9132338711787 36.29829136049002 21.231171119230115 9.437629929815575 32.200863865967634 43.514173446934706 27.236254378783634 31.271195024663943 55.09790912939846 43.32781671959567 42.55900431310139 63.928445074480216 42.76417281598665 24.76223715377618 71.66048142292739 93.86853811074859 14.721464043889746 36.06295436811046 34.3531691194372 36.50964401551957 37.71484348740095 23.316288035197612 59.354346830860386 66.20072697047867 24.70719187533127 32.2384588167781 76.8438698867462 79.85901573225311 64.73374854823089 6.8789557027548245 10.443200863193459 76.04286629903514 89.58365963326017 61.00850307498784 46.25068043737872 56.58360493798362 39.272183729420114 42.27774379487707 53.369188854894695 28.818336145595534 4.465910478710496 28.399139997327353 43.68230847742273 91.96916286625509 11.580669198145365 57.9127863936806 82.44963607311664 54.08601223105978 28.459289098885794 39.79405726342159 56.73358545531559 67.21475805037396 17.983952670722683 76.25827877383013 31.111379895774736 17.3103648094925 23.47076904256268 90.24671665662338 24.028199122011387 43.11838970963658 18.676982158057182 23.47076904256268 53.86722222815902 25.926071419591104 73.47639646501811 69.66455711706574 28.704087042890933 57.30062217854164 20.63755995026037 23.936279928478932 49.16431173208773 40.30792507602453 20.627891344281675 61.76208429794977 44.69989851371155 55.42651952747175 31.13105766931785 35.51091605295869 62.83109332817391 95.02266119655538 47.581073278831354 12.977659002321644 21.627185384936507 56.23081964409826 90.83462678790968 55.2965788270967 30.90125188594892 35.31150107637775 62.71966079612865 94.94971613466866 73.84655093054667 57.69316215978644 59.98734300303175 79.1407238144619 106.40873786635147 97.21433160018273 85.37637028975725 86.73141191940579 100.74852801500009 123.17836194399925
41.42850973834869 64.8958170018312 49.80206778692512 59.810336463540374 55.572049593250725 4.44832672040586 51.138383873384846 79.26331606091458 48.84913635323068 64.10842864778657 40.81775808927558 33.06606997766988 13.573046638562149 23.121221859871767 57.34334202517805 20.757104697974405 0.0 29.678375771185934 50.104696969186975 42.84177009094693 54.900634631932554 42.487808042604705 60.074686718752254 56.90109551791835 12.106704685095648 44.11566194943522 19.552293869243627 4.877641510342217 11.925460918610828 52.91128081667948 41.07507762680831 23.703488325295528 25.521298338778433 50.73910886255931 45.993012846157995 38.65578467710589 61.778280116493406 34.46537137259522 30.513915548152433 64.26746725886873 79.80700382263551 33.20702615939612 47.621372464503175 54.280084332720776 30.10544965009338 44.80757864025729 41.49100378445062 46.48772576161462 61.780016688652374 42.90590478473729 44.30920025151681 59.391235417666884 66.09530514290797 60.5495695501487 13.92516646579339 15.177446389762633 64.32242196247746 79.76331609956321 53.5810997700598 53.475956626319665 48.352637658469504 30.180166378272126 44.747919211416956 40.77747691618311 48.58003412749884 22.522667213619908 7.923939269759441 39.221187007140394 74.88882166620925 24.192597779196785 48.35711012024421 69.83602238564171 52.49809582618756 48.01866280028928 59.906291756163064 51.74950397911072 56.07096226660823 4.021359243636895 63.71887028952447 49.22592270529488 15.197267901151339 23.817041596632887 73.85163240401971 8.425025038669299 46.49420289613085 35.61547746668604 23.817041596632887 46.70774912440557 29.54357342499698 66.71447421326644 58.50604583206752 48.77898466825116 64.68494650497011 40.39988213598829 38.09223607947167 60.665155355807116 45.12682339793356 9.637960839595504 51.386348357966206 44.049630898309985 68.71718892345486 36.651286540963454 18.958615214367843 42.07598971889486 74.67393296824864 66.7343024488273 32.820701454840396 9.786852836179902 38.848671234623225 72.92125032348734 76.01845009993012 48.89135625319618 37.37314266836555 52.89580310158968 81.20349311733146 93.26301106653891 72.6824625564746 65.28600316660248 75.07699229876005 96.98256570959128 114.93847822836187 98.76314907958997 93.23169520680243 100.124032601022 117.26968215759096
