0.0 57.6606557751031 11.821827473438091 10.64259437932051 14.21050666098655 27.35280496025969 19.509826031186066 29.889717444322535 30.27159092385639 14.572118865663363 27.209320686217016 49.52796717349349 48.77829738676904 50.06015500721657 53.2765864946804 57.56650270384822 19.245915471424944 68.33057032303066 22.413371910120155 20.160218568356814 10.593250705239404 15.994272877503825 16.020754120048416 14.071506386602884 62.36481906912011 58.106768195191904 35.75135494235025 55.51327566940847 10.966428583948714 13.159528527716947 53.079720813403654 50.93741367114488 55.90172096505385 5.881813669279116 33.915554291278774 11.369844788698895 45.59172621536537 12.237721389861969 64.06996153326638 43.842138236500276 32.37373172854302 43.55038960518879 9.20079706521329 37.06252074683379 12.860793164018801 10.83484102698572 15.405222230901789 19.50982603118602 38.98403675839626 11.366797880003588 11.765646083720826 60.782137061029175 30.64342446938616 7.651693623774082 29.130864126808852 21.78208185333904 15.540260688997543 18.554670398947074 32.696674890585314 58.32430343508455 26.502872428025523 39.555570892390584 50.60828879385791 55.76999439107159 50.91213814095761 67.61974752386624 24.10819256797916 58.35694962919722 30.37478408799593 27.058302828203143 24.4294497699907 45.331694432305405 9.508501718321181 17.02607377305848 57.83718932725844 18.663906067029714 35.76542182605412 50.5066027684943 13.63440265383352 9.427444146976619 13.08705239641217 42.409856062602586 52.73239149002901 8.631914346654083 16.678921373152743 7.182830823807928 11.200643272321566 12.15677504146677 64.78450262569682 29.264214784903047 27.96274301076843 42.08256020424395 14.48561908235137 37.00033771617747 13.859327756258258 13.431144253928418 15.893088384554996 34.94318912226222 25.090799481318168 12.07027893867794 91.03646723645278 69.48235224496766 61.34114984328518 71.3614499535823 93.89865227290987 74.77880790941991 46.44121627080548 33.414601345005835 49.71033248309549 78.87034478194418 67.00491182515458 32.62969725794264 5.88132028090386 37.40770728081725 71.82574086230998 70.57666490995777 39.390247388767506 22.73679630836644 43.32639589181898 75.04822191786448 84.05988519908702 60.145174380959425 50.632240553279225 62.486875794792816 87.40937930277923
57.6606557751031 0.0 69.0353558957196 48.47671130613644 67.91976258131028 43.898841302219914 49.90863259399117 28.541561658287893 37.4165456204273 48.136436056198555 66.61723782208244 45.11175816320845 64.3637792263518 10.367579388446602 38.42594195818046 87.54619709910472 59.677382377877066 88.00920421547806 38.77166216016766 64.03857488164853 64.47351154387587 46.30747003694339 70.89019429536731 71.50420014544717 57.46422717238546 61.767388456489726 58.340213067878814 78.87844758543902 51.54023909156392 70.82014404995917 83.38556763248833 39.96841593695144 113.47279938328664 61.01459495842676 38.51002163210054 65.75446564737071 75.58134771745017 67.50335581268976 76.8080422339184 38.9368664247101 56.30669498896255 69.39374876475681 49.6654428962809 25.908987752682652 54.701580560853934 63.94788553738105 63.1634087575378 70.26357747512596 82.86707516378549 68.9562769388218 47.227481521620874 3.441062632244649 63.75506264932905 50.17174482884505 74.98037976323137 46.40087761698949 53.42107091823428 68.44544138083104 42.84166988128628 115.94549604037576 60.68049271966819 61.43354075229837 62.32767920520937 2.357536550239375 38.09805599000795 87.45604044349487 40.616816774103135 83.51039036942935 36.53184388531629 71.23854184786711 42.08322336804735 34.86179054299375 48.27047853460739 74.11879359773151 49.03502313823226 62.8803739653399 64.4015858385636 77.28662385711901 51.4984062908936 67.06296883731754 63.86353782617224 37.36022759521104 110.32537176298331 49.57434936928521 42.31532565626865 53.61194769315641 47.85206389215803 57.74762244097836 80.11830529233544 82.81638082718824 47.447523091652535 68.99516479590828 43.25657669073598 22.67980731859685 46.369944784131825 50.570993883252854 68.25241822939984 69.64377611475965 65.77352361152838 68.556712639876 66.17817358545685 31.6853404033086 4.819241212203181 37.912313662886085 72.43145808766354 70.48281187760345 39.835090429532166 24.50887337715449 44.82608731923755 76.24246926596233 84.55764931845556 61.2287799033782 52.37109452700419 64.27519132057596 88.96442839551685 104.52719193402065 86.54608054863847 80.30717239451718 88.33452039789267 107.47772199116301 127.65353275475448 113.18304517016266 108.2589624884211 114.12374057346968 129.31773784466992
11.821827473438091 69.0353558957196 0.0 22.375279916990685 7.356373959341204 34.156033734492766 25.345022631611688 41.62409752178451 41.666410358979505 22.809145140976675 24.835471595728038 59.90696192924238 56.167647936463794 61.74194574856106 64.32789683734606 53.40588411176198 20.024677946336432 66.15273602675082 34.14751923471939 18.264519849249005 13.091492377416497 24.615835588272628 13.57291266248212 2.603458061327725 71.85701710502403 66.71147856733747 37.57173091772012 53.541064475799026 18.81372249174599 4.022396131453176 49.27281096809863 61.83253491304431 44.45000561075435 8.26037761963247 45.049729830382624 6.235558476025992 42.86231763274087 11.535304115776622 64.05118744906848 54.77691942109828 34.74458947235893 42.54395148121297 20.944234203926428 47.05366925511657 17.811347925497518 13.992369293104936 19.968662224511895 12.818761923739379 31.91226084512043 2.1339197942352057 23.53886799513611 72.0774721899677 30.03619075724276 18.907434721752377 22.79600981280851 28.643783442975558 20.49927725094523 13.045272103284956 43.34461420182799 46.96263571650459 26.909989677845108 46.82838742920158 58.54520846335991 67.07163485318803 61.956500475668285 65.45718454932232 35.52142967297357 55.55798943579385 41.848725115773746 22.191395418796397 32.34581260507242 56.59324610452084 21.264418551814284 5.2055209091242265 68.0657826072245 23.738190120444447 41.936419562162435 48.12245628954909 20.327443420783172 4.66324770390028 10.581099931680694 53.49117934287412 41.31845454364618 20.45182953175994 28.495504295698293 15.791312963525597 22.955890339281105 15.141503660209898 64.04029288676526 24.447198386732747 33.520928724283664 40.99434492224944 26.163103302206522 47.68858354429458 23.423853375317396 24.093086360950814 16.467977554216574 32.491498690051046 22.830093458815927 2.223806061334359 101.52736979604066 81.16493546380455 72.54266098849837 79.57310828665001 98.97511023016709 83.50325251471743 57.30065349146818 44.59542511801955 55.5783621003538 81.14167897590733 72.31702271654862 39.45038639168287 16.666228680862066 37.33687655152132 70.03692242621482 71.26557528394689 37.506666787988934 11.382872235794697 35.3163050297923 68.99104953093746 80.74585529148926 53.24119333615316 39.29605922047981 51.46416184438882 78.40767640853514
10.64259437932051 48.47671130613644 22.375279916990685 0.0 24.448944166951833 26.604371647790547 21.375856606889265 20.079653059060682 19.786644867514365 14.98985250388403 34.36124700755175 39.817176704594736 42.137537538553836 40.22738504552213 42.95945163720431 64.46063128020327 25.51457160121686 73.58257429594427 11.778665841223217 27.860962192637423 16.092701816742828 15.262072803471657 22.533885142042227 24.476781636180597 53.358453120410594 50.00956884927876 39.14177362953361 60.920521041761084 13.745084955279438 23.11697634826213 59.84646054510125 40.75472110477741 65.82910608470249 16.007513038226747 23.63958720424494 21.648077461507718 51.87220892170813 19.045643191106873 67.71412441057991 33.66781258995997 35.58725188091371 48.69312915394834 1.44243836789862 30.82618066963585 17.79085240876846 15.661170703595731 16.531060504502285 29.261320203003866 48.02973787993833 21.656996295227337 1.2549798530189853 51.728081271229065 36.34619184448753 6.672336737697691 38.18088331781465 21.918380297993718 19.458548966828186 28.010467947661624 22.959916732509097 68.1468613183207 31.91509945505814 33.431410109697154 43.34510686278989 46.74583728817 40.60905909726135 72.87443479968228 13.658591451649638 64.28895631223146 19.827145025601755 35.5515111798979 22.662910144147382 34.884589687041725 3.5565329903929532 27.554752059243043 48.192795120820925 18.036387591740507 31.107418759564943 56.36954631426445 16.467522428478777 19.29180554308814 22.33291257059289 32.117442120330736 62.633339419370714 2.4754148929318243 6.31568563405755 11.788433841413617 0.6274899287695321 18.912071838524557 68.99953993768584 35.10401750550255 28.58051512602078 47.35844825863432 6.15014366269163 29.527410011724328 12.349124554253647 5.827405199276471 20.40439109263365 41.56066908725849 32.38412553345421 22.712743080252444 81.04045068168205 58.84071317313691 52.456702879875024 66.60317633547743 92.2770924373054 66.36473165591988 36.31551480783685 25.063893141004186 48.295175522153315 80.19658554804141 61.941374746603294 27.504259882684202 8.431418166167274 42.19653311940456 76.71284179784793 69.74923620299346 42.133891696315615 32.869559052423995 52.72935804190334 82.91680584037069 86.53834424469852 66.14453722680905 60.465676500761575 73.01972140699328 96.96620464242875
14.21050666098655 67.91976258131028 7.356373959341204 24.448944166951833 0.0 29.56523666997777 20.77368269060605 41.85701230279012 44.235473822704805 20.00917221297787 17.50768120179174 63.7378997237365 61.915082186983796 61.50230756504922 67.37266880212027 46.23909758141287 13.617103542773762 58.80740555596164 35.95508532275896 11.15571433460236 19.459034978249584 21.88275771051634 20.864443626102776 8.96614943563124 76.44589902117886 71.87278216953692 30.793117840894 46.18542710108698 16.38983583462762 11.310882096090609 42.04059714162851 65.09012135093133 46.71817453779159 8.45477037659338 48.018997962979455 2.8406663874340783 35.518934309627944 18.493971550045053 56.772872990142574 57.99326296670643 28.18308929236371 35.23128921850238 23.031606691287884 44.37700587371473 13.817061219518653 20.26823585011296 26.22144330918163 5.825847028489368 25.503568501188465 9.435534693875809 25.42376980832032 70.77884638718433 22.857795234565245 19.25705957712447 15.95625329632626 24.3980571908362 16.01317017311607 5.7246015645834225 46.904999004352796 49.41177850506837 20.00959250747871 52.58249537339436 64.04414810374003 65.82719322583561 65.01478375033615 58.110921752046 38.098579048386625 48.23620064916037 44.26581174994273 14.95044809147287 28.536059620476603 59.33278930164412 22.33270134530756 8.927179647977754 72.04225558718024 29.968791840684304 48.083302405677486 40.772201269969415 16.883799541681764 11.380905569259147 4.598558628295791 56.513271984674724 43.73711098757944 22.132780655384984 29.918075813625542 14.629022903610382 24.93325892255151 10.714939307345071 56.707514017023556 31.62203676112593 28.290391330807946 33.68037532658686 26.680186894892636 45.7728620868133 21.550027434281553 27.62646745491424 23.473117736595754 25.13594045586727 15.532968944790756 5.1337774175793 105.23932571298063 82.85875307113004 71.06748126277925 75.0357080053931 92.76251779921326 88.61992984001589 60.60814973801559 43.45137934299703 49.97515004387439 74.17430538769774 78.87067299516889 45.336962049143054 16.886306652962624 30.16131184784069 62.68263130910891 78.591872008957 44.85468449354583 15.558087838644598 29.445143478514524 62.34444524430813 87.87372950452973 59.52191268465769 41.937394784436265 48.67703064706866 73.3142740765425
27.35280496025969 43.898841302219914 34.156033734492766 26.604371647790547 29.56523666997777 0.0 8.852175930247801 27.070690999798654 38.11851860683755 12.845012686343983 22.92430816197452 59.10652302281641 67.1019705626472 40.867417130254736 58.78410755213897 45.96244239405637 17.467424010087665 50.97711805765032 29.901082768230985 21.814039702632357 37.89294279990134 11.7523759873901 43.26135448064313 36.69728658811107 73.98330275705972 72.77406006659618 16.363867416016035 39.31057878758545 16.43750488960643 37.583471716453374 41.44577757969207 57.71813519089719 75.9542653409806 26.474870859297848 42.52971939378274 28.581103635708654 33.190788416922345 39.52371175236804 42.96529301648415 51.505549837319656 13.390199730303815 27.80828395732361 26.417598448713928 18.010404321591025 16.344737721798772 38.026918694023536 41.50927417724741 29.522327864421108 39.045339309342864 35.235367287007996 26.189531860463457 46.06214455905001 19.904681741864298 21.64533100346653 31.786937461001873 5.630413018042712 13.711426882766519 27.666198836931482 44.21229526992499 78.71136328635342 16.832716280634052 59.08338309689659 67.60046626408985 41.57063310610083 56.78677212492044 50.30321553857593 34.148457839456626 43.51957632052526 37.51459572963439 27.986648870222435 4.267839588471826 50.57767254205028 23.308191860089135 38.02983347465229 67.08015263216816 43.92178161871556 57.492380958460615 36.13442387138505 14.107067305064467 34.87904649964669 24.966804350053998 49.44465404098306 73.06400382577165 25.120900474293993 25.797276985617046 20.215620872225923 26.39035801508279 19.1420196597893 44.94572064097065 56.41719329771428 3.782290037358786 26.973034828963936 21.783165908008417 21.668868654094926 14.529176956411439 32.38384804806185 43.176792701829704 25.89101326499455 22.360621070375405 32.61594013251039 96.68293679748145 67.28817020618034 45.85438563991186 45.52329916405399 66.61033030097501 87.92834749551963 54.09578322932882 22.71923275089312 22.37908876998542 53.66874318774432 87.75088408299634 53.809512367134595 22.035437090146168 21.691202297844832 53.3882658390966 96.19803607395559 66.596014875993 44.842137527242215 44.513216545530526 65.93069577233892 111.32312793181364 86.8617412351204 71.35717282447402 70.9470991944148 85.84810074924036
19.509826031186066 49.90863259399117 25.345022631611688 21.375856606889265 20.77368269060605 8.852175930247801 0.0 28.41976252082879 36.82190108641813 6.401759382708446 17.368591392377567 58.12873144893797 63.35629861419003 45.350305156336475 59.115304496430554 44.87473610870763 9.777463815848755 52.54606146875692 27.9437732249137 14.171873326780878 30.090740944844196 6.67019443055811 35.06133257626293 27.871340268874427 72.62525879708288 70.37372922567067 17.78266495196618 40.07480562644818 8.67537429751853 28.84733738910165 40.22574677312415 57.6108462409774 67.3322956958334 17.84614795303545 41.254069390713276 19.72918756958875 31.94977183803828 31.401569729550665 46.338709487105746 50.923994251052996 14.226131961573223 27.8809735838778 20.7791290125828 24.716068636875402 7.561770523493674 30.342360059199617 34.455448237723715 21.211352308839615 33.5587618358726 26.49234376800304 21.33919794236055 52.40599018420901 16.684462584901265 15.26095796060547 25.110607381725686 3.743184871972834 4.8616688406645 19.33976694447223 42.08740273687282 70.06607976330295 12.452353459672093 54.785030250042595 64.32612922268875 47.65614196882731 56.94648873409072 51.843394894870684 31.81877696062974 43.762262735246615 36.40636944195464 21.414719130445626 8.142148626799596 50.74548147929788 17.826596477818303 29.17870168192297 66.3867653076152 37.256838209932276 52.38324958801327 35.925658832400046 5.8766712058980435 26.302691935739663 16.178724873566498 48.99206588156425 64.40481753046892 19.367565612204356 22.611581113711985 12.364228861879745 21.34836851002511 10.290177132336872 47.66157214024258 48.07490075178916 8.51194537822073 26.67160547512078 18.17422610211848 27.22882777353405 9.330996484536401 27.145444775022305 35.38680773123401 22.64511037604734 16.149151456869475 23.77120263395656 97.54283655436205 70.24079168672131 52.41886166311661 54.37379596816516 74.56598893910386 86.22570548090783 53.601731460976715 26.57561533126805 30.56510150084978 59.640857758396685 83.31672071414897 48.83114739905087 14.904356149271209 21.322583762779914 55.51593640204532 89.63840794411429 58.88805386851387 35.991588462776335 38.95919447545197 64.3045571532875 103.51287072980571 78.2499151985229 62.65752432926881 64.21575186665105 81.95206847061738
29.889717444322535 28.541561658287893 41.62409752178451 20.079653059060682 41.85701230279012 27.070690999798654 28.41976252082879 0.0 13.755614355936155 24.001311786181507 45.607137647224995 32.81708058786149 45.060234721884335 20.198485398296334 31.736712138364013 72.59561418428213 37.10785831788367 77.98247394789284 10.65380081545754 40.954823079130854 35.96029183709797 22.561145020105727 42.363525289649964 43.952746891243734 47.80793410694031 47.924579390578884 43.37204020474098 66.37268555307217 26.288291341305694 42.930053095039256 67.995931485057 30.816637530702867 85.73006042003028 34.07307472800952 17.483462787946273 39.34777723841216 59.6710779491155 39.02302687822165 69.33862046866305 25.022783858413884 40.197613326679345 54.706057525755696 21.344430743152106 17.977128267614447 30.306893510840812 35.41765813396256 34.758661013179456 45.37403974762343 61.46189853118684 41.251071950842096 18.82467754532167 31.862498900785095 44.942573618327856 22.857855745861237 52.26901756392243 26.09305129058076 30.084445279031172 43.72648267604195 20.635798217203245 88.10161347237603 40.84369737764489 39.04477320677578 44.505715913856854 26.942024383545917 29.78755630924586 77.31549488824446 13.65859145164977 70.53473818262506 12.867716117761324 48.87215836026295 23.209186763334333 23.616025817855522 20.382675012496538 46.81609051224963 40.43311899081554 34.79243990766346 40.035813063623486 63.022095512916145 27.34684791121959 39.1152564863208 38.43167645878763 22.900626808915124 82.547002662584 21.434952742071957 13.82441002813173 27.23983808416549 19.452165372252534 32.94046422361889 71.63699874989638 54.33007214520185 30.690345382649305 53.755711448689006 15.466955411771215 13.917925650872608 21.30506636345446 22.096337891441248 39.72354599238809 50.98777639380094 44.14263197167572 41.496287698989065 69.67790423229968 42.016788803832235 32.72071425261298 52.63757344130308 82.85902202423614 61.93141495507663 27.48202855043612 8.359291024113256 42.18231522660249 76.70509635998138 66.42104934876566 36.41738783856585 25.20990774175712 48.37040139133917 80.24147919889397 81.14027572326242 58.97686464321737 52.607962695378 66.72125502613996 92.36154482343852 101.74154393841344 84.91920797518337 80.41100726253416 90.08505082103648 110.2698089163092
30.27159092385639 37.4165456204273 41.666410358979505 19.786644867514365 44.235473822704805 38.11851860683755 36.82190108641813 13.755614355936155 0.0 30.984180102065523 52.59695462601943 21.308885783307304 31.304620376443673 27.319839160860536 23.2457689862983 81.6664993565342 43.65166054300242 88.78125769437253 8.978145789855908 46.70121275206682 32.17242658686302 30.19300851694421 37.92660989702295 43.5037695316072 35.96165157837195 34.8540233058549 53.716396945695614 76.62485414524566 31.643101936109282 41.67349393782994 77.01448016634666 21.230860594989732 83.32592576522262 35.790541905429315 4.4499633678275465 41.431443201607486 68.76222210336475 35.38611881906078 81.07194901487318 14.265331854077324 50.28852645159498 64.54992451339 21.205917024633887 31.72013069072868 35.98927647912589 31.37243017651854 28.466412076928165 48.96546154068108 67.26893040699521 40.62403434508239 18.845731048178475 40.8547436861416 53.35421695182939 25.619843398395467 57.52046067995473 35.584945649363654 36.81196259534831 47.63574642713851 6.880192127715511 85.4107415701406 48.96705070334682 25.595828010023364 30.823033688751984 36.44541059981971 20.918526059546707 88.09239224807753 6.164330618331192 80.48424625398572 0.9499238811185295 54.61983119927207 33.90404401522449 15.098658548351255 22.248901578147382 46.72165409594315 29.57651007158981 27.087340056684912 27.387018304996264 72.7019154589611 33.72345403308983 37.97663678015088 41.967410300551364 12.506514376885644 80.11813433099702 22.137405595005323 14.955848131304368 30.893494015808614 19.31168928656279 37.82736467803373 83.0444806448804 47.8539814899086 41.353672764210415 63.41110965856404 19.201596146626006 27.603700809945323 27.880513489425066 17.83531367479692 34.3417013309932 59.10407519592629 50.795508613223106 42.26649897429809 61.581781741779956 39.81901364499448 42.1143594104408 66.00387947020045 96.61383108369157 49.82317302119134 16.959082595576042 22.084502227855285 55.5220031915472 89.84716624186692 52.66552815135343 24.00512254512527 27.815124486853133 58.01692495199041 91.39525808388159 68.30978760779853 49.512055193790005 51.29786144451259 72.154750507136 100.87594313956846 90.33243215929114 76.89665977323367 77.85234043942715 92.75570161719469 116.36578575029971
14.572118865663363 48.136436056198555 22.809145140976675 14.98985250388403 20.00917221297787 12.845012686343983 6.401759382708446 24.001311786181507 30.984180102065523 0.0 21.899469021195625 52.23579207734742 56.960257133688835 42.42310158056294 53.67867461407289 50.73935971665287 13.15913856302885 58.881338459600315 22.023245611925375 16.961399224138667 25.06352560962591 1.874857888506133 30.56546721148768 25.41246014266004 66.58006062651845 64.1122250326651 24.184424334674624 46.34654157998586 4.011188838326175 25.781188859441528 46.08784609410206 52.0142724827359 66.53909000116406 14.631523556427851 35.3763380182405 18.18285141322038 37.88751952609111 26.797292054179053 52.72802942149166 45.20021865713842 20.627891344281675 34.124587696192826 14.444931705224622 24.459297088183686 6.602084105993234 25.18418314628302 28.771590253743412 22.17406255801706 37.48773091694574 23.503403064841006 14.9374385596521 50.905541132433825 22.39712058014977 9.090908951485499 28.283454097129493 7.417439212460468 6.109824795612588 20.387784117606145 35.96445777753994 69.17690957235928 17.990063091647247 48.38520752375975 57.95905383473161 45.99201294749915 51.45590125461081 58.176918358527935 25.728202532639187 49.93709496917811 30.638680312965295 24.872029332461366 9.913862566476602 45.30492784440524 11.449546232894983 27.348174831906412 60.548509751509144 31.354463656213262 46.04609610288774 42.05948892705574 3.43281145540642 22.692266544655116 15.764364420883348 43.328401470542815 63.497889869551294 13.046106630164171 16.43124373292472 7.570756590048793 14.950559272730045 9.611444437409268 54.0628605194386 43.78388228021345 13.9805474479284 32.86813703816454 11.98452697256466 25.79034282735764 3.1078586289074326 20.77965331525106 30.339951979850635 28.122403983689765 20.282809405205324 21.68481673420422 92.17131188729114 66.01309620065868 51.13424701807965 57.15328319714007 79.45494670563012 80.07620279664474 47.89066057871677 23.867903902778906 35.2233254057566 65.6241786111029 76.92947100265282 42.473512896266705 9.20374679224172 27.573039015612977 61.89256719807468 83.74613275642193 53.75136029141003 34.05635743091029 42.72347126440204 69.89697618130457 98.47816685864775 74.49215678056153 61.603527054236196 66.60096636096802 86.43589500569155
27.209320686217016 66.61723782208244 24.835471595728038 34.36124700755175 17.50768120179174 22.92430816197452 17.368591392377567 45.607137647224995 52.59695462601943 21.899469021195625 0.0 73.65279054547582 75.75810000303953 62.62143840404016 75.51789785699164 30.3906942866387 8.956655476764489 41.629650394033796 43.62556064236999 7.1130659807859065 35.70238591512674 23.117105072922147 38.15823285524933 26.4093332394144 87.61682780525244 84.33350752084611 15.411424237621471 28.880837462367293 21.01394324897933 28.81652178904392 25.875715974076765 73.76510355118228 57.1430678917137 22.050504540438006 56.90881863372024 19.00218868891538 18.50437701458905 35.409971651926924 39.29664414675855 66.86134442045527 14.133207745791912 17.727431766093986 33.256212340768236 40.851169891414756 16.705530416683345 36.36271258729128 41.97175200439139 13.027777521433158 16.293427793341337 26.862090346187767 34.83508322182318 68.90063834951623 6.1146763848041665 27.71877244171865 9.358706100791752 20.44724500232118 15.852366291011842 12.052980327034943 57.01451089180083 60.00955785372289 6.261623946731085 66.63306146872785 77.34654347748348 64.31353388391352 73.27272100236749 40.924917158642934 47.00184228158661 31.32199560282703 52.32496906414503 5.777415716067187 24.596880687570184 67.15265489898445 31.072707665946492 25.649487313701776 82.01930570092175 45.527924881152416 62.97422036795825 23.60378294017201 18.899439456874426 28.434990443522942 15.05402941401699 65.0494220940426 54.60196054352182 31.920249389372266 37.7090161334049 22.614299891952662 34.593335067099765 15.561645988501102 39.20485972849068 49.08387411237252 19.761112476332308 16.17600884728291 33.3954404770715 44.05456264525729 24.915140189317757 39.34330159047057 40.321174994838906 7.849007709602872 2.1339197942352057 22.614299891952662 114.01252068893324 87.54953675042081 68.74417665531685 64.6635615519929 77.66443517697095 100.725632059526 69.55533487573689 43.87556157663761 37.51018310405152 57.304375123631864 94.20369111997888 59.818995865320694 26.02195476050032 13.07000422094094 45.38018189337564 95.83827571737945 62.338565349556994 31.337923154589248 21.745831464835753 48.56484330500978 105.24996045952466 75.90309819721507 53.289935478477155 48.09537295916237 64.66315292734002
49.52796717349349 45.11175816320845 59.90696192924238 39.817176704594736 63.7378997237365 59.10652302281641 58.12873144893797 32.81708058786149 21.308885783307304 52.23579207734742 73.65279054547582 0.0 21.143749292566447 35.31456164958193 8.704473233219606 102.95637060080358 64.69636566904298 109.96729790293404 30.21840248405804 67.50471197193946 48.27003714058128 51.49206018591635 52.674882837832605 61.28755232855959 14.99121095711034 16.764937218193538 74.93729811306366 97.8925420790674 52.63938113646694 58.97162475607471 98.30404197142803 5.807132753131807 97.60648607102068 55.35143377335081 16.875689870179578 60.89729288342306 90.06230688179451 51.22630152494872 101.91606929295602 7.8243725788647795 71.53791503533705 85.84442571606652 41.12347582411019 49.89062504817332 56.9619569237987 47.34109392912267 42.569321600448895 68.90978353647533 87.8424970687839 58.46721946801645 39.112611082241635 48.110315875227364 74.6277189932195 46.19147284751849 77.99800145591838 56.85098949794972 57.96991117146044 67.75679539855992 16.878021040638682 99.31207789317969 70.22578407430527 22.802515012849998 18.182533440712437 45.25571720507637 7.631653866503032 109.28269206426549 26.65096943617237 101.78169518507073 21.765366033359566 75.3130840967667 54.9564151449213 10.656246972860803 42.782027646280035 64.57724656990312 8.382661604569714 39.6840946717163 28.55824860749896 94.00826611259076 54.86680735158231 55.6453712335227 62.092969373993945 9.9582923731014 94.46931444453938 42.285499662119065 35.960235852190515 51.47302919008205 39.46143351288521 58.55356338720945 104.03760567483012 59.02004246629994 62.46553055147551 84.7146437212483 40.33756373213582 45.02825828185483 49.128114261059665 36.125825889661094 48.515468014661344 80.32822947872133 71.78965344093629 60.94356265820478 41.62064095877091 30.14191651740802 49.79587964688321 80.28425280803489 113.16505639144746 29.120527213280944 5.689820936571917 40.14470571857485 74.73737425144722 109.33712635970826 39.668412165805016 27.40977995918314 48.20632084027113 79.31735571846171 112.48767347801946 62.52175540876739 55.36479020729296 67.94368796388764 92.53228688835944 122.07742682551952 88.62298272071358 83.51127928086187 92.13550962680641 111.34849871224122 136.75796816161548
48.77829738676904 64.3637792263518 56.167647936463794 42.137537538553836 61.915082186983796 67.1019705626472 63.35629861419003 45.060234721884335 31.304620376443673 56.960257133688835 75.75810000303953 21.143749292566447 0.0 54.10189046172537 29.80674862016439 106.13488213507276 67.22228607669017 115.72007813196711 37.63450405522065 68.83322541659061 43.10934357634921 56.90801252575665 45.14856829906004 56.6914118840123 21.10421288112217 12.769468428820346 81.12781317214358 103.0457849732762 55.83832182770303 53.90213249528903 101.5783644629245 26.941952400667592 86.19175210338418 54.44914115485701 27.925162903615213 59.24783698659837 93.78780907522506 45.243704443681125 109.54300045434698 25.538723636889415 77.57310143293189 90.82403788083809 42.975875621051635 63.01659019864661 59.69277063260578 42.19043772455352 36.271710487479425 67.6711098787149 87.39034485726557 54.260205667340124 42.04292938038948 67.58492618892816 78.35211706654948 48.700560212189274 77.66220453463701 63.31879377885183 61.562907134617 67.02742138780627 24.42444493746188 87.42538380577051 73.95117982090744 9.344659097757953 3.873825221094566 64.10696856763512 28.71714111702148 115.011888786167 33.32454678912611 106.33870725026149 32.19830286338124 75.81389073036766 62.85066880557234 29.800840741638883 45.68065121856302 59.77888199585714 23.570280595116053 32.547185889069986 14.827725718410754 98.41822443160592 58.601771176064595 51.508731998423904 61.797128995167434 27.007989964501512 83.2498060059395 44.38884562520963 41.33294276141164 53.37082182949033 42.08552937170439 60.238093412330805 111.00784046362976 46.8476967098084 69.77888137368012 89.4775148543181 45.541096676670875 58.87080260629915 54.07398357800454 36.626750305246 41.023063630256566 83.29153794390072 73.67687291663736 57.82709770687888 52.766216417768895 50.859607172879386 69.16598395022065 96.82961673011857 127.91725317783305 28.52007209329168 25.17726551082687 53.37828293114642 86.36801307342677 120.26833531296681 21.36158201716507 16.735948427115492 49.98719778796025 84.33386689261816 118.82985928127329 41.38915231843594 39.05523839187618 61.093289035692756 91.29237036650059 123.81854631065097 67.70197376616146 66.1020624868082 80.93318558013223 105.47820077858275 134.52097827227857
50.06015500721657 10.367579388446602 61.74194574856106 40.22738504552213 61.50230756504922 40.867417130254736 45.350305156336475 20.198485398296334 27.319839160860536 42.42310158056294 62.62143840404016 35.31456164958193 54.10189046172537 0.0 29.30733359301799 86.30463773905377 54.89247226292256 88.63957579805385 29.657112984165916 59.090433220662156 55.90715258594988 40.709811232809095 62.24558526370924 64.10505757358898 48.39578870074858 52.06597228859266 56.57211800694609 78.4626771974511 45.386363272530076 63.12608889707264 81.92261356000597 30.47000573444058 105.92632544626723 54.02353938412839 28.189443390554043 59.12156807559878 73.80723826919255 59.02743258754697 78.20337815262072 28.793247426418937 54.046818464567984 67.9887098367402 41.519686387443485 24.00604408885794 49.007412469699176 55.30758596076029 53.993297384642126 64.50404159838173 78.8861638117542 61.42659007502083 38.973885307645155 13.73574752649763 60.62064342338707 42.87552909960178 70.32891944500335 42.182159038268054 48.179720733803414 62.758980829831636 32.52868605745377 108.30005457327395 57.06780139704898 51.06662161398791 52.167299839294415 10.027822940651882 28.658040096482825 88.03775173503684 30.993054337704304 82.98185508950448 26.464210390140074 66.7066055094312 38.193420021996744 24.84682700822668 40.55265153185332 66.91735333437875 39.960532620714105 53.41781831245266 54.095554789981946 76.17778642424935 45.85534857313416 59.31286729241075 57.766574778966095 27.134533759135152 102.74440093069374 41.63343670739109 33.92721524301769 46.9079254615214 39.60062087167494 51.90251366404862 81.20333592910835 73.71088051621909 44.618984813299654 67.3704880944018 35.5903912322602 19.379249371706752 40.199812937551144 41.61020640855726 59.33633008428298 66.67817148075729 61.497074052319434 61.51587797894154 60.85335576837809 27.738269334204936 15.183672997172119 45.67852808893846 79.60755990273375 61.86670433920347 29.87687993983159 18.77807390818265 46.983544141625806 80.35633164888581 74.48837601709963 50.96915596979522 45.18857714029529 62.29748063083228 90.08196615599469 94.16007546034942 76.71371865986458 72.79162856196648 84.3030218054335 106.34909270542673 117.3886903526387 103.70081475691391 100.60949253586588 109.01989563913894 126.66120932765708
53.2765864946804 38.42594195818046 64.32789683734606 42.95945163720431 67.37266880212027 58.78410755213897 59.115304496430554 31.736712138364013 23.2457689862983 53.67867461407289 75.51789785699164 8.704473233219606 29.80674862016439 29.30733359301799 0.0 103.89422079326093 66.61970465828884 109.71918499293504 32.043599463703515 69.83425055123601 53.556186421988635 52.663829311096336 58.51671387456921 65.95917808994771 19.101532229174346 23.822053435850105 75.02043758985805 98.0476371971166 54.713259348522975 63.8643948061065 99.2595444636315 3.1627706750515574 103.91505387783461 58.91792363935567 19.361567002975114 64.5513995453359 90.94408380929836 56.65390563579737 100.91413863933533 9.60847721201088 71.7689441868512 86.25449079892853 44.35883195072132 47.21477325300356 59.05580464739354 52.6624586549919 48.4438057603713 72.19433558372657 90.45709849882363 63.08915735403613 42.06312096801622 41.18829461711274 75.79673556055879 48.86112308485473 80.74023612654598 57.32587032970611 59.66799157495582 70.87868705302608 21.19866573782485 105.75307375380338 71.49850900440352 31.213094074311076 26.71282946209887 38.89199764943348 2.371408860432416 109.05206962426455 29.305932582634853 102.14671701783107 23.35802465142006 77.78432936430649 54.834399932318135 8.376424569144216 45.49449667580355 69.23177126215197 10.658820450513074 45.9315059069152 36.69837935133568 94.53874575196815 56.62325476042884 60.332625157954745 65.20791915835865 10.866830922960457 100.74249652183742 45.347077501843174 38.135905775833834 54.12695024318769 42.50898029350866 61.013628903574556 103.31027162839945 65.98748023634504 62.357341372195684 85.23851190896447 42.24029267614056 42.13643419237794 50.619893039516526 40.235105291774836 54.48504599384795 81.69932349684616 73.78677971255112 65.11921482380468 38.495667954859535 21.567359868164118 42.93286589356323 74.94101905914833 108.55379819570975 32.660793723193784 7.33286671567449 37.89020876303301 72.19708030194525 106.6959342538127 47.541169394164065 35.16045690543646 51.060580666626215 79.83068515100965 111.95322197195304 71.14881944247527 63.34464335165849 73.19637124956475 95.38159820048502 123.4194691771428 97.32699025966187 91.5558335247908 98.42300479416605 115.6995881227105 139.5721716660165
57.56650270384822 87.54619709910472 53.40588411176198 64.46063128020327 46.23909758141287 45.96244239405637 44.87473610870763 72.59561418428213 81.6664993565342 50.73935971665287 30.3906942866387 102.95637060080358 106.13488213507276 86.30463773905377 103.89422079326093 0.0 38.983215208650876 15.889055885335415 72.73874872006995 37.406610465958956 65.48756294995422 51.47493305083491 66.96710059781662 54.28749819376892 117.30108460424036 114.45860572609102 29.768962928528154 10.586334173318503 50.799811784676834 57.070741472076826 4.652333975184783 102.4663953805959 70.30500326499296 52.225653804664596 86.0836914881597 48.38479519633893 12.950223326822293 64.73189313246185 22.910815691145825 95.79844488888706 32.57461827217898 18.31593043549334 63.436807247933444 62.42054729284402 46.66992357988491 66.22471171145736 72.01466468145533 40.58717328635281 23.691432201808986 55.537611938675404 64.81997804352115 88.99509860034557 28.345351571218092 57.78836168082236 30.811253382858812 46.59162997371841 45.202613910520085 40.54447609048306 86.65893372943577 73.0300354919241 32.77324189686662 97.02317365534195 107.6639386002832 85.19626355581444 101.75947787160719 15.388362933681993 76.45579840698962 6.932711115961788 81.27128452711094 31.29749031546054 49.470656905687456 95.54285371252803 61.05182544040395 52.45801045220979 111.24236637570985 75.65572961489694 93.31030418455335 10.267603089896422 48.300572150262425 57.61919012463805 44.96683389501519 93.86474550893001 68.83735463780772 62.065242151916685 67.13480855917412 52.849939252626406 64.63755978218758 45.899810159670736 19.811407335109866 76.05053467062045 42.19579796171339 19.00272879870033 62.70196996624406 66.92919727726814 53.84609157973731 69.63420271098633 69.71082930900741 22.902407610077567 32.49103361708737 51.24798204270009 142.2078921932144 113.20274796805622 88.32553688925918 71.99096863102834 70.41845953234836 130.6785789124446 98.47646032487826 68.65242965947955 46.081661952824916 43.91700865876204 124.49757855282627 90.19356786135342 56.258003063543185 24.28778995946959 20.240582523979864 124.46462722617521 90.14849704985889 56.1863895732233 24.123017835811 20.04445981161423 130.5843809682536 98.3525760556298 68.47626564916717 45.82128081940282 43.64632485851154
19.245915471424944 59.677382377877066 20.024677946336432 25.51457160121686 13.617103542773762 17.467424010087665 9.777463815848755 37.10785831788367 43.65166054300242 13.15913856302885 8.956655476764489 64.69636566904298 67.22228607669017 54.89247226292256 66.61970465828884 38.983215208650876 0.0 49.09577580929427 34.684819678249895 4.420837008367691 28.73922037301071 14.55100057040183 32.250472883254886 22.1920050556447 78.6879363090705 75.52265364716224 17.612668475712344 36.281939136373744 12.05855677252987 23.989375968544344 34.390889418516124 64.834904116601 58.772400870862604 14.882817691320556 47.9556951962089 13.792322991411815 26.580902615774967 29.047132484807946 45.12498549595283 57.91692482396098 14.72035872814568 24.31178645939353 24.460359421382293 34.4376668287605 7.767215292531507 29.27314539079901 34.508363873875965 12.185636966598107 24.35427653431016 21.73518123250295 25.94028960523111 62.18345393973168 11.397912401709295 18.848658668580594 15.43742563053873 13.4015691387056 7.049557890662969 10.375684411231232 48.071385496896525 61.56594898686287 7.354341785562011 58.191829771926436 68.68723270255653 57.42947726142517 64.36409291509143 48.38470197755908 38.04539636329644 39.24450770808296 43.38990761860224 11.844448864794497 17.82157899208198 58.26236383416495 22.170999750246644 22.54393928887483 73.06265023009414 37.886236200675214 54.8281855680109 31.35283761152537 10.008198746282977 22.574023602268955 9.462103551696941 56.11520108489843 55.957187503212886 23.098234725638704 28.75349853771448 13.870882894262166 25.720708189392656 7.1130659807859065 45.64402548337014 44.3297896628341 15.370966364381752 22.83803258995232 24.450924423226937 36.99852737693768 16.09031441808985 30.657987937448937 33.732021833202005 16.087670946984225 7.168906272410825 17.984804932691468 105.10865944164608 79.1227740822107 62.19148397211884 62.20877905765995 79.16355170174201 91.8536198495653 60.610736358317496 36.12574739545148 36.487152107061156 61.256748966165645 86.09078657639076 51.55211538318064 17.27633511866107 18.280508671916902 52.58076004581809 89.28324111889964 56.67759196374238 29.12121297134415 29.640917450305672 57.48013794281899 100.58168952992973 73.06035862819328 54.34848518026082 54.44723854752268 73.28061022576235
