0.0 32.15318463024904 39.141920398909335 4.9791461865507 36.847717204363185 9.268010963318552 23.291125455851745 18.531544992125436 35.33075592859048 47.54555809626949 40.73673140690396 31.926965767201306 43.27617647190965 30.7729398644969 4.001012310664432 30.61348178204392 23.026319289602796 43.55913539528469 26.235009559658806 31.26218556839562 9.330802274354852 48.86984171867027 50.401395001583154 52.21061944464764 25.93172613118699 6.488748893288287 33.48315935795479 15.365314457468152 47.723525251771086 24.926693676319505 41.768457790739326 28.052267243247563 14.024297063304568 11.150428733627894 19.772105226885397 19.9165847462028 32.86728450799062 27.376782873385125 15.610870309822232 31.33857571095622 25.17302461395878 39.16643267234955 29.702128952703852 58.43686916382325 20.583126151667173 59.087864585124876 17.477850025053158 53.57153998441974 40.42494541275682 12.720292584530782 4.313143675545114 31.219684875388623 46.141191966978774 14.024297063304568 34.78185171020657 0.6231381790477637 44.04082190508173 24.317285565475917 28.963736153615084 28.51408702053914 44.54431563042717 21.946521043688204 34.959421889205814 14.405369841092986 25.813296889706347 25.637135330420108 10.687727159261753 53.85715866924474 13.035280399850993 13.588993476771579 9.88288261724146 44.04082190508173 47.567536722146315 14.905329677942724 4.3058796414965155 3.7832470301453553 28.08590832013391 13.691611124912736 45.02669075374398 20.157506197205457 29.99235242462194 14.071565706248006 19.418958926270474 64.82730735268952 25.27389764444878 10.687832999964883 27.699754109484086 30.189065878695402 27.432473722122946 25.82305295504815 48.46776930469723 48.08396195607193 23.95875740296962 60.58924782072706 46.20710511532352 58.37062294793456 6.401759382708446 54.48869660768666 38.58664628696446 65.02116795941198 101.50952776482026 73.67096379272974 54.27191581904833 53.46282867421748 71.87426880136046 90.50619250771507 57.7409173768005 29.52117958705392 28.351902874234202 55.95538040848535 87.53999471165788 53.01647419355455 18.790859227037384 17.038199372323284 51.20896482060731 93.38015760345074 62.10990213225065 37.286187080398356 36.30032020381443 60.33241618406758 106.58855416174254 80.46510824276854 63.1104616529577 62.33787016439139 78.63760362789495
32.15318463024904 0.0 14.136697066939384 36.82295425928164 10.702276347356978 24.134848553271077 8.97317833756611 50.61689624276673 62.53472804744574 17.631176859504595 33.599433710481364 14.662841773830817 30.602203029467663 29.119765212042022 29.592476643775544 59.091047352682814 33.91627817630986 28.75612398682011 58.25008035501193 0.9489648992810646 24.465924292848523 44.58797760962656 18.293228762344615 20.13569831826326 57.985674613210534 25.724165834585722 64.77210434955488 42.90423918786238 22.934616101588468 55.786952821725 13.669599176040105 19.67395766933004 18.27711077811924 33.166138706403 46.29518286371085 15.532350840033548 37.992970969280506 57.39407930801727 45.82853652897404 63.28440477339452 55.36720638928795 33.43342489869032 17.602669738037168 26.350702734489065 13.529364971158827 43.306742557799566 15.178791259927054 22.08648361807418 11.157656530808216 29.20428054923472 27.976826288886024 5.699034628516633 16.257395955429 18.27711077811924 10.442643514078904 32.38972702337038 39.29204025551531 55.936429839129666 53.08224849989098 13.891087852090012 15.31249510275126 10.743109601366692 19.94774094480232 38.73424686050045 14.8513809622991 57.00589596909661 42.075171410491365 22.160787515188233 27.315471641010433 39.16675194422879 23.30670400769318 39.29204025551531 15.76230023517 22.796248526218704 31.8491574462792 30.62430134503272 59.63038914822991 43.120591639084566 16.738765878155405 50.551951484711516 4.35399934586719 30.563496023741575 34.115442760378755 34.036500037633104 50.2674759698739 22.93217070314418 35.37191989912056 60.21581481145047 56.83982931159348 57.48161765375806 78.72606932263474 75.4907360046802 34.159318342754794 29.934742284789156 29.467610864055636 52.32422945261828 26.316401737353235 22.736264310479196 6.524098769394008 33.209250258061275 69.95438534119592 45.76411291996968 41.10858542946982 60.66548707929067 89.80818788071223 58.68150546436388 25.643141494496398 16.324036654554615 47.646925237118374 81.66294533760751 59.925119132130895 28.349908206369246 20.279636975462818 49.12900410818536 82.52819761523465 73.04868285409225 50.326786416305154 46.08986860268516 64.11381861452996 92.15043504399185 93.1594866636572 76.45048132967898 73.52151182226775 85.79568620369524 108.2180082293596
39.141920398909335 14.136697066939384 0.0 44.11877883878551 23.588908885839782 29.934080640608844 18.19097334942801 56.376058763424396 63.134187880034375 10.04823026409495 47.687003247484526 28.771288170798282 18.279270472437744 43.08806090116969 37.78246906165677 68.76551078026907 31.597433965631115 42.30009593268981 63.52875064187914 14.157384522330084 29.98004699345588 33.4369386545829 20.204995130430323 21.90741818905774 63.39047183481913 33.48427479590129 72.62023810501616 45.678002163669795 9.336442523914073 64.01759382708023 24.581088457481414 14.95684226965488 25.72980002263182 35.95899763452222 48.05766586638032 19.24632448418894 31.820082205517046 66.22508190731668 49.78313537238963 70.1782091561196 64.06628411102974 47.5608940797543 12.12561920570271 26.8025444288079 25.41296610169202 29.330480689682517 22.19308615738654 17.538680467472258 5.713039366920668 31.515507011900677 34.859659226202325 9.908761010332656 8.98406731683645 25.72980002263182 24.015407490431866 39.16697783480585 28.643596039874453 60.54714546539424 52.78067674239696 11.123286626741727 7.08590037991508 22.032530979338716 10.120591195289162 40.82408294069445 28.597295430296626 64.77704663466598 49.795391116632196 25.434221692198435 29.777072807644927 49.15557435157431 32.50250286515504 28.643596039874453 14.138818143710873 34.15420945442087 37.326116405630835 36.47099261165765 63.97758994801588 46.880609175079634 6.504774576409312 59.06819025676805 18.391273129325324 32.16422908216392 33.4380301032884 37.785377252346294 50.735872990882775 28.51444533456315 31.08749741319308 69.06722251346748 59.3032931422931 62.084731658475945 87.51062762399945 85.84800421456623 31.438581684392517 22.442816167781185 15.923391703834723 40.01369439241908 32.74412451251768 25.683811397200593 12.295021130720489 28.649591584636575 69.95366809276058 52.20382304033491 54.33016923116948 74.65319903060966 102.9040215404194 53.197414665578066 26.088865886225772 30.432510083551026 59.720106893289596 92.74529322321266 48.661824782493646 14.929086016593116 21.740187387756 55.83231686265677 90.31452366626867 59.22471462059995 36.769707496167534 39.890945739497084 65.00304077311321 96.19945250384787 79.04859784563726 63.78060565358193 65.43721321909258 83.0112671282076 109.06186521709597
4.9791461865507 36.82295425928164 44.11877883878551 0.0 40.89347661930877 14.23978871759572 28.049551832429522 14.324412973160939 33.61493025637492 52.46712720686796 42.289753205974534 35.438096343004574 47.89468746055209 32.27043798163997 7.412677032413789 25.91215643756287 26.38608913085644 46.02701403035183 22.049201954711375 35.94945384752425 14.280680624939798 52.72574809847965 54.99969777358995 56.78653921076626 21.68795811846338 11.115292795612632 28.512968767737807 15.005463680668495 52.69635615335387 19.95522206877599 45.841728988696744 32.87573926612298 18.868977656486575 14.09157289182329 19.305978145183285 24.895730932753494 36.28640420754018 22.47410225360657 13.5372828462746 26.49997462919402 20.261668382265164 40.60685341067844 34.60324630208279 63.00906494228169 24.721713727961784 63.6689374554451 22.36626097807282 58.40851103584236 45.33843793992317 16.690662448175956 9.267953982170447 36.11085143771235 51.05939841760334 18.868977656486575 38.76966937220365 5.017934830568389 48.06753557736066 20.60504326264703 28.636925208466586 33.48396980099308 49.478331950864806 26.410985633730217 39.83565706082121 15.690569808411059 29.336160053533987 20.665191492630576 5.7243249309954 58.301961094078656 17.34604256810815 10.827446389341539 13.90083670637399 48.06753557736066 52.35018271154184 17.820255382274823 8.035152552989382 8.21157705357081 24.36417580019347 12.464911644426623 49.984225180165424 15.25675730604142 34.44035112408963 17.740691057414516 22.533996854449637 69.02153414535259 24.904166831524833 15.66116623050806 31.121379803062396 25.271389987710254 25.057153930816245 22.042573828688468 43.49979744363741 43.39579970758618 27.332918524348393 65.50356673080002 50.97843595995256 62.202143803692174 11.380905569259147 58.94596202874814 43.298263676389205 69.82451644980804 105.81048942517744 77.2950221127715 56.106903448595034 52.11767634253504 68.40557844135712 95.32004825008497 62.32146479961052 32.81557903238895 25.77990217351379 51.450834408654686 92.51220239170566 57.97765371314402 23.64662899278081 12.31956936336379 46.2518595281577 98.04936438156479 66.38433949204527 39.93641139921792 34.31890343759716 56.17375777900777 110.68587065012706 83.78735890460143 64.68434289654773 61.17671186667156 75.4711805200982
36.847717204363185 10.702276347356978 23.588908885839782 40.89347661930877 0.0 30.558686595157617 16.655073725366414 55.195120153809334 70.01263988715235 23.335527122109173 25.06352560962591 7.924359638216008 41.03795627802628 23.29579989673803 33.49549278690976 59.7769518420907 43.395270748767075 18.748943905546522 62.928224078977244 11.305679308366829 31.036453359103813 55.25811130038172 17.256082885321455 18.53679771986571 62.57802934563095 30.45810841824214 67.1416381000679 49.78183746792943 31.247063281425007 58.06702189811977 4.953156110408744 30.215161478609446 24.462869946983783 40.55411840070501 53.596138412379894 24.40289837036381 48.32196122933321 59.02887180667185 51.86414209510221 66.53863068901485 57.20371117487739 25.335861809098684 28.26414058786131 24.217239505386885 16.26569807836811 52.86377103275003 22.363179982801245 24.64565490371373 19.002997546101742 37.1161435102652 33.16334451803844 16.395392624375276 22.268536135199184 24.462869946983783 2.224384797931151 37.23339336505813 49.98212351873773 61.1649620730641 61.206711298956066 24.503575787335553 22.15593352623859 15.530590183714263 30.57680208236307 46.17908737258355 12.49207347714479 59.67440196967877 45.4393803469218 18.66468664523711 35.304523793083206 40.392224785885915 27.04289124289898 49.98212351873773 18.582657020414185 23.967861673738923 37.70164045008317 36.323044112710946 64.93343581664647 49.39927530786341 24.042885080588082 52.7535986305515 8.643771460853388 38.71499964641756 43.02203545141064 28.194709979080713 58.100486833697346 29.65464176666261 45.34990522069537 61.74149307051407 63.41994136451895 62.668492969934526 79.8901190034624 74.99964034839957 43.751637594869955 33.08500929294784 39.440748109277415 62.84807462697776 32.03476444730205 19.369756431755967 11.812240968758795 33.81028076590514 65.07917404497422 37.331074808967614 30.769424879206216 53.80282499517131 85.07390055870012 58.25545914341256 23.658736693625176 10.983056436050266 45.56724306151767 80.16841121406938 64.4158136508838 36.17313918817649 29.367238913880456 53.02087528948416 84.58623696299775 80.63715854011184 60.33114283426884 56.321722882578264 71.40882547710493 97.0623431471694 102.23711193940822 86.91176384790064 83.96189655924783 94.55296502176863 115.00280020222432
9.268010963318552 24.134848553271077 29.934080640608844 14.23978871759572 30.558686595157617 0.0 15.169519419838972 26.85544540133696 39.491366975553554 38.572837544204965 40.01432927700352 27.23532425079526 34.66303768964734 30.676162364344886 8.961193792428475 39.67660230055163 18.198145030035313 40.832310542979 34.34104430250716 23.201691512045883 0.6247108091519891 41.863741423507385 42.39548099860632 44.254192352521365 34.12066489912236 5.1657348341241915 42.69646796349821 19.226536265619323 38.45672733695049 34.19363697086126 35.287832413067505 19.070223960599204 6.112247932344013 10.291827987026414 23.078013558922144 10.687924894272445 27.235324250795337 36.61590347979121 21.71572355522388 40.31481372869478 34.41903780610646 38.731890933395604 20.53734407596509 50.45395814301131 14.934350778373831 50.48682071899976 8.965736276939808 44.861160357472535 31.49888709945917 8.121238876078364 5.13330650364361 22.424479616182325 37.183319493804774 6.112247932344013 28.713227139259168 9.246985775022527 36.72786192971775 31.849343644434036 31.145189523954876 19.246088350006318 35.53128524584725 15.031814348754057 25.83290487379861 15.802085101017 21.48721551257563 34.8595682534274 19.955523964179886 46.2412201716508 7.018831078520753 21.31302783630487 7.792234363441571 36.72786192971775 39.04458109877325 13.90436197753895 7.7674582552483695 6.669990667780182 35.51913899273894 19.064080753981433 35.91811559698607 29.40156012318976 22.743494242362324 9.995369877283439 15.685427323695718 57.76649097404341 27.821849792354932 1.4226131961577468 22.334741312893645 39.436414716100174 32.97476879483195 33.39866280734371 57.735718645045345 57.093771389686324 19.002642496275914 51.62231473401471 37.26311370760346 51.31326321125827 2.9129494726294376 46.83509849091509 30.34596493384301 56.3824141286968 94.04996492918875 67.88171891469933 52.58575246052535 57.59684627837301 79.14754437537735 81.80268771342534 49.73929868358468 25.51782054383175 34.97375748555767 64.73029797186133 78.2728837201739 43.7510389708984 9.824285899562632 25.956384052628486 60.380503889789686 84.55957690397825 54.114938935088176 33.18682823612709 40.85509642404856 68.05693662051347 98.80614520043241 74.27488980119367 60.54459725220902 64.87928278742339 84.54453554392153
23.291125455851745 8.97317833756611 18.19097334942801 28.049551832429522 16.655073725366414 15.169519419838972 0.0 41.692468664837364 53.942710839328036 24.895730932753494 33.889876169187986 16.31297093559603 30.2792098147007 27.025432661333888 20.966122845608904 51.24811431002281 26.840781947740442 31.407727438919046 49.30418673868842 8.04800980666332 15.514126652900602 42.298728138474594 27.260038366895568 29.107451303027027 49.04762309863992 16.935827164857727 56.26129805473741 34.0806923673345 27.514033386911088 47.35765199436641 20.942183995234178 15.857392009065642 9.325910348554036 24.456215677508137 37.60451388085862 7.817345937642909 32.60259245130564 49.1788114125571 36.877183756043806 54.54852610698468 47.09475948653809 33.22967062658091 14.974520952327097 35.31913214715629 7.582453004008884 44.894681445746855 6.238614907698254 30.407195057615212 17.79376438185087 20.70426710889702 19.066864646225653 8.627479194968092 23.473117736595754 9.325910348554036 15.263081985941316 23.499839448426023 36.83511699641518 46.96434445114818 44.779666449658656 11.382340168452872 22.08633237523676 4.232303833602563 19.32155469258833 30.070336207425306 12.902264698473378 48.44864129536247 33.43253864750078 31.079837815886027 18.846398100493083 31.396931773841082 14.95053397663578 36.83511699641518 24.300937264695968 15.963398671247603 22.875980306435256 21.65464075554228 50.65721576197775 34.18992960782628 22.97792923137579 42.193290140678954 8.112997913583776 22.210002320288126 26.367502729479398 42.746335053608526 41.80552406101579 13.99052711227097 29.134303606106677 52.01856895988697 47.98123146547156 48.50994241746689 70.55333831814691 68.05482461294123 27.248569517856446 37.78340032949148 30.712002185284213 50.9207339678436 17.35607211187175 31.669392996907245 15.308080026248064 41.779928606691215 78.88835989411734 53.65836589776943 43.93044328900697 58.09788444845348 84.94504823551236 67.27835598927219 34.60936710176109 16.250812451611594 41.53575600760687 74.70742035749791 66.51015452431871 33.10552214410742 12.775055062406707 40.31476108221774 74.04194341181442 76.9093596951268 50.731922714081705 40.338926942007134 55.457666221232806 83.17871800787634 94.87169675165873 75.03986115919304 68.2355166049181 77.94840432019033 99.45141924921941
18.531544992125436 50.61689624276673 56.376058763424396 14.324412973160939 55.195120153809334 26.85544540133696 41.692468664837364 0.0 23.676624091088883 65.36322071402634 55.03813217378063 49.725143313105946 56.77779264730464 45.16435789638053 21.700447980236806 22.055363328065216 31.981709844031528 59.67334415968238 7.733459024933509 49.71311111036665 26.674452276246754 58.14255467161726 68.89424848771705 70.71402655078633 7.403533089972179 25.019827796317177 18.378741261636783 14.23197475814608 64.32271320961783 13.082243406714053 60.13893729311441 43.4076485523044 32.36827296924763 21.375447012408557 16.05642482308985 37.31183724601309 41.03746855653509 16.824265899304887 8.95088552120787 14.346875181413068 15.047645343156715 53.25049012898858 45.63048601921945 76.93950571451569 38.980381678018624 72.00576195023103 35.679210798505224 71.71574943573218 58.32587096272921 25.607037530830954 22.6404186211069 49.279502185495375 63.98556445832444 32.36827296924763 53.08157001112519 18.247764017879646 54.32379588663906 6.822680115968202 23.272354167819937 45.33521067711657 62.296712519318085 40.476282350306455 50.51821743505844 18.64261694492795 43.63599187554509 11.865180976672004 10.913520435339327 72.38870343221366 27.05832195615241 19.940539799693127 28.161319074499104 54.32379588663906 65.85437388185017 32.0226316066876 19.15154337608701 20.18735557136412 10.377448108687913 11.301994268801721 62.56690787377216 12.306070483315393 48.522716909478156 25.675051106332074 28.043353424860463 83.28427378836221 20.18006366042411 28.215633400775115 36.34696712882386 18.754555709876918 14.341620649020829 8.04519550283904 34.09203235894663 37.83062948771433 32.84657241791233 78.3982108616609 60.667765272399485 67.22895952222387 24.372102642916406 73.0200042151252 56.998686765359025 83.23121096079483 120.01947869520424 91.57895499184785 69.01825569145569 59.45686783398639 68.56751082000368 108.65807031034998 76.23971136678881 47.045143312456226 31.76211586572689 46.89619466930778 103.85604732886881 69.29198056684973 34.8070778099158 4.067044523311611 34.87697130410852 106.50465126698154 73.16705604786789 41.93374387212243 23.628438271570815 41.868971218595895 116.09492161790021 86.42094885766089 62.080049835510884 51.32336101304457 61.71745941278253
35.33075592859048 62.53472804744574 63.134187880034375 33.61493025637492 70.01263988715235 39.491366975553554 53.942710839328036 23.676624091088883 0.0 73.1206658449386 75.82786543377725 66.45373575611181 56.274151089355925 65.80808642408289 39.32616777381614 44.10867304667415 31.858106499936795 78.86475742991388 21.02978055266879 61.58742443366395 38.992356685031616 51.21788926050919 80.11940789182935 82.02097652251466 21.597866938552592 40.685398039831504 35.90315276651544 20.415442278689515 68.79199159550582 35.12894707057798 74.66491923825798 48.223131597545205 45.557884489457614 29.509415624751885 16.41779279111117 47.08812080178464 36.344397245219994 38.73491530128555 20.08036075171531 30.206112886281122 37.49858630325606 74.17719926187354 51.024839581783546 88.00454763590862 54.31000656127654 68.84641840290074 47.82003688158015 80.413942670946 66.88987649855902 33.3305224245012 37.81250546459047 59.22305297768151 71.93046939032529 45.557884489457614 68.19981371469223 34.762382262030386 49.40131352986079 18.067781395134624 10.633713965140748 52.51037820530522 70.04825680757251 54.486796917877584 54.4442519700057 23.880981336193916 60.469161449574656 33.011073482268586 33.10549060475706 84.53335862547246 35.22024630148056 42.52976155377103 44.64871046900851 49.40131352986079 75.59352981788098 50.20512792517861 32.96326141584305 34.39895733074811 16.812793885365505 21.64061867124008 69.63052394933706 35.80808114227674 61.928670199668375 32.03127945464284 29.698996164309804 96.57119589262302 12.441893557128584 40.35800957471432 33.918904619235406 39.75296962447744 9.336965102398606 17.92662310630697 49.04870821538216 56.95819316572833 32.225527098502845 85.38194925518388 61.27279692270963 58.598314550083956 38.38252127545437 85.05918799491066 68.05969185657533 91.75599047401886 132.0024671791796 107.34324391061791 89.52771285107801 83.08170322853398 90.46903417064819 116.1101424910691 87.26819402160487 64.3793779971439 55.39372764022084 66.23458266020329 105.43662090812867 72.61400422606535 42.70299244132586 27.733317330221457 45.93002928350625 101.6402204007679 67.03636696806569 32.43253004885822 2.1720797397261 36.77528071074366 105.46644193409675 72.65690011058919 42.77521648402309 27.843354853153965 45.995922933543284
47.54555809626949 17.631176859504595 10.04823026409495 52.46712720686796 23.335527122109173 38.572837544204965 24.895730932753494 65.36322071402634 73.1206658449386 0.0 48.39278605588999 30.382843960043996 25.597811312467204 45.79681061238887 45.67891688249822 76.13286965888055 41.644386474998115 41.46215678395697 72.69679170317939 18.17947797887963 38.71057839464148 40.93617768354489 12.640990181968371 13.903914365550843 72.52185713565305 41.48903225146282 80.92122435529359 55.31467752903179 10.123718856650195 72.11330058983731 22.221212929116675 24.997248470881797 33.64326233870343 45.49702552997496 57.87219464709251 28.06315066866491 41.53676100497446 74.04181931656679 59.207409828239705 78.85163161024416 71.93976462151639 48.66058675337339 22.159276305149614 17.626520701667104 30.996713023219236 32.37647224536146 30.11198960077522 7.556265860024546 7.140955473906127 41.08229031003365 43.23293504601262 16.408457746122977 1.4226131961577468 33.64326233870343 24.621994529238993 47.64883916327732 36.70357309339425 69.87868444688097 62.80363298357069 20.765328192980178 3.112440964978526 27.91852345206771 19.813144027285325 50.540510012210625 32.17358576412132 73.07886154116852 58.02612975114697 17.687021366354912 39.28329371165236 56.24904077780924 39.83811523912824 36.70357309339425 6.468262522944292 40.23180507141836 46.21295942099701 45.2289125064138 73.38934844685477 56.326769912521236 3.8085905392269206 67.00598719012612 21.758605744620215 41.86654613074176 43.42266516806255 29.303331304205866 60.704555099448584 37.18400850107285 41.06950862769531 76.88455610993654 69.0650492632969 71.42562238110827 95.41478425446924 92.82408819447885 41.4863238585128 13.05085273280784 21.637351394957797 46.140846359171 41.238143008894326 17.731559920420366 12.083461843949268 18.635332159381065 60.01452438114503 44.50236124038432 52.478503967531374 76.95675931654948 107.17046436533774 43.51246893598213 16.962576477704122 32.81725902487434 65.27683678225574 99.19681341545605 42.306822961928646 13.609216503561765 31.231486242353935 64.50156700658844 98.69321158998396 57.370253463325675 40.90123881701187 49.49039233319558 74.97005249952915 105.76644482645041 79.98553316919792 68.92565290489624 74.1523266757926 92.9577930293099 119.07349338050903
40.73673140690396 33.599433710481364 47.687003247484526 42.289753205974534 25.06352560962591 40.01432927700352 33.889876169187986 55.03813217378063 75.82786543377725 48.39278605588999 0.0 18.938103015254526 63.55396299560144 10.02203419977955 36.759390469123794 49.767250639988426 57.63269723010654 9.26813323856248 62.03516310160664 33.71787174560636 40.6387626644778 76.18788053883354 40.54444863112286 41.229525911511736 61.51205426292747 36.56316520953322 60.21421812216667 56.098827182068575 56.02639449393106 52.0009810204575 26.9441513516823 49.742585662448036 35.74934339795635 49.65976833936371 60.49848161496143 40.49129717230595 65.33962991056579 51.317303013533646 55.769389997647316 61.779620637471844 50.214969665744356 1.8935382156295137 48.75318794314757 45.479430325461905 27.489119448785935 76.90049347830706 36.22333348561464 48.97668633075464 43.76032877012563 48.1327265358801 39.23887085805126 38.72598106582705 47.33157623509288 35.74934339795635 23.983663743396136 41.33930565779819 70.72488357356983 61.84339203996034 69.60205528071621 45.00815446627237 47.16690206157691 30.02014254695502 52.55383810304805 54.46845920301974 21.01468868301369 54.312236374268366 44.13573657982898 39.708854981723825 46.871130326410146 35.42244015040061 32.67583647976597 70.72488357356983 43.330804702889594 26.475225355013492 43.90902281380478 42.552553195908715 65.39117053319744 54.27924452185706 49.009104589668105 47.312021465029815 29.537172299287025 50.006391736929444 55.62025425013635 43.553327791600275 65.95219864078159 39.996771499847874 61.09381202943801 53.43347865665778 67.3354443528281 63.073353915166464 69.1249318887341 60.9345465334746 58.310104212692266 57.2984881507739 62.96888217641533 84.71909647026341 39.579738280160925 40.372744991296656 36.73513522353137 56.40419585805635 77.6615020299314 43.77356604885723 13.99260375009672 29.501059689646624 62.76690030525808 78.45440701436824 45.15277406794414 17.812954140097364 31.475053098640515 63.70954326544822 88.70282690250275 61.12391485823518 44.708955857384794 51.54090414350978 75.55696636027996 105.69060266472694 83.71444078747783 72.39105182462906 76.60009045134017 94.28380568455839 126.73531905967386 108.87841467526904 100.20896035811678 103.07192033828694 116.62102837644119
31.926965767201306 14.662841773830817 28.771288170798282 35.438096343004574 7.924359638216008 27.23532425079526 16.31297093559603 49.725143313105946 66.45373575611181 30.382843960043996 18.938103015254526 0.0 44.83356676783652 15.540747185649508 28.226941672598656 52.49277257181962 42.5512974495425 15.106592534256182 57.410667209463156 14.788089761861444 27.797390038386204 58.04872633206811 25.18004740805298 26.438331571528014 57.01380266203007 25.9010535044079 60.418182101717015 46.03962754057099 37.29008036561031 51.384769701829185 12.157223382379724 31.8743813047559 21.508828186065244 37.524253176760716 50.129828877711915 23.854908320256254 48.88733914916369 52.07786867086021 47.42231993921546 60.21749004739591 50.34763591293217 18.79760258270397 30.509463950930606 32.0087969135394 12.324712698588588 57.96276454660283 20.49417220627116 32.40345252678586 25.096556930656174 34.712514409157464 28.752941751999632 19.85598197307076 29.19213963577401 21.508828186065244 5.993514480616976 32.39450900158529 52.6253969177551 56.0115118976033 58.38039418660345 26.68746267403424 28.77464058910007 13.330169079906767 33.90304712118328 43.01747515274233 6.118913043383936 53.145802930177645 39.46750257240825 26.348392216278224 33.06178368192018 33.52714422993118 22.08290343613087 52.6253969177551 26.193710820464954 17.761594452203223 33.547097237370515 32.11713722098665 59.780382389620286 45.192942505614184 30.510650114935498 46.09824142098972 10.644195407669985 36.47798806881316 41.45145307326696 34.83782909698193 55.03724346601967 26.638545193558993 45.24507291373921 54.72794968225495 59.19390471519425 57.46853416931296 72.65611592552543 67.34850167888474 43.061342841106494 40.834776830756184 44.05687598376655 66.27148873809091 28.072794647210426 27.058914528345277 18.360705265801002 41.73441769555115 71.65587280902848 41.85738310160723 27.646997954116145 46.59948535605165 77.28846704800645 66.07680917563776 31.475037133990543 3.1726369777157797 37.740001314952686 72.34227107415768 72.05312529545998 42.52769682204801 28.64254859032277 47.19136195620576 77.64336518573137 87.24128270833364 64.85194482359991 56.526982954829016 67.67286437662213 91.42606334865066 107.81545399034175 90.45468383556386 84.46680840973816 92.09749076928118 110.56205531348125
43.27617647190965 30.602203029467663 18.279270472437744 47.89468746055209 41.03795627802628 34.66303768964734 30.2792098147007 56.77779264730464 56.274151089355925 25.597811312467204 63.55396299560144 44.83356676783652 0.0 57.29553465785099 43.62326268338373 73.80677134788893 25.637795086663203 59.35177508407131 62.707053173069944 30.249033564819396 34.37233325619269 15.377390061259545 37.74300607914331 39.252094591850756 62.747474615163746 39.60160987699197 74.77784448233145 43.430352615572474 16.479017126511163 67.21380577153496 42.650095610893665 15.902746842107844 33.491527456745985 35.52973743726157 44.17207262252005 26.160459848383983 20.217529570313378 70.15012671624237 48.51436192579412 71.12335226779443 67.92921765984504 63.10935316372411 15.55721874952624 43.18698411467201 37.70841191700649 15.829614460057572 30.782160791070282 32.60931002526968 23.936279928478932 31.65466161940761 39.66087938490213 25.046794421029784 25.234946398883437 33.491527456745985 41.03502392709969 43.035148403565316 11.235251471010397 59.06820176826345 45.677493339667166 18.90419485853456 23.707079648318267 34.48769961898956 11.023589080738159 38.49225350304058 42.949602666460656 67.27577845195026 53.454358576943356 42.96612604828733 30.64453508696869 55.971384260899406 40.47839295669184 11.235251471010397 31.408574423776 44.460302645530575 39.930376631328464 39.69775150003367 61.886826297056444 45.734054875985244 22.00183126631095 63.0062492640457 34.219588371045546 31.22283634556876 29.170318931768968 54.88820959574215 44.84593088589905 33.415988293318286 22.484470549917873 72.86468709995731 55.12632271469256 60.47397057150883 90.42248113612439 91.2904826975723 24.96686757180326 33.678475467274595 5.305214131512286 21.849836522445756 37.4740537659072 43.105287348457 30.42935022756881 41.54145357739935 83.81321626461718 69.89578331047883 71.7004030920255 88.26798432788232 113.29734455589062 62.611810974419036 42.53819447983375 45.755648383552376 69.08315989871683 99.22806486338659 49.16931657890375 17.9073285544282 24.87115941773035 57.5441409468021 91.64569370923584 50.168609474965386 20.47019747885645 26.75851447741333 58.376850833878144 92.16585503006011 64.94641070533991 45.87550619789461 48.84571982300661 71.1481770092899 100.66299373685091
30.7729398644969 29.119765212042022 43.08806090116969 32.27043798163997 23.29579989673803 30.676162364344886 27.025432661333888 45.16435789638053 65.80808642408289 45.79681061238887 10.02203419977955 15.540747185649508 57.29553465785099 0.0 26.81302203753295 41.668914145970604 48.64385735105371 15.511260556353774 52.28060455974728 28.968236891055376 31.29920351300475 68.87674023337017 40.39026507106927 41.4861414539258 51.77155268565562 26.87937627749954 51.44449840348636 46.13804094566096 52.0530425462189 42.920865084897926 26.79144958659993 42.51567581001909 27.014881092832876 40.00341838955896 50.544560686339416 32.63707626775964 56.856913334203874 42.60158076578055 45.74753065503474 52.57570841279948 41.306003367292945 8.39463120159014 41.95603994110731 46.6598309263646 19.79613471788057 71.58032452901479 28.082993855870768 47.914280413311396 40.11239777858838 38.779399216624334 29.47057378782085 33.428539977042945 44.562787639839286 27.014881092832876 21.515236240979874 31.38011712553608 63.41831684897639 51.95105644774905 59.69202402484238 38.4075553041629 44.007452902007174 22.848670373656955 46.3058193390636 44.658102248385994 14.564619897343812 45.126855263295354 34.251095113675305 40.85434535459547 37.647222878216546 25.788309008574593 23.100838346273893 63.41831684897639 41.732907086324786 16.857381519178148 34.05773909773085 32.72659116815829 55.53494179555969 44.273086033975545 45.642326740671265 38.02694339774342 24.77392543990056 40.6502521132341 46.36043567298588 47.28558741018014 56.02500769250063 30.81371111226161 52.36885355420767 44.908447850276424 57.320436607604314 53.20833849933587 61.54746591392682 54.53319864086511 49.37453838741422 56.35156353652351 57.422776171767914 77.7554634949002 29.974159609975867 41.56040686701259 33.71854279916173 56.89041123013139 83.09343404074274 50.401430532780324 23.894251458556724 31.565993408984262 61.77972370533707 80.58974441415721 46.19802487949879 12.98697896472524 24.452387702368554 58.49812328539463 87.59386961575032 57.457930692730855 36.40017106538634 41.75358615755575 67.50246150826395 102.16843280552884 77.72841251332586 63.559430312465096 66.57832885303705 84.97249075552966 121.62095497699845 101.75940832396869 91.17560815092862 93.0897400925094 106.83211945985116
4.001012310664432 29.592476643775544 37.78246906165677 7.412677032413789 33.49549278690976 8.961193792428475 20.966122845608904 21.700447980236806 39.32616777381614 45.67891688249822 36.759390469123794 28.226941672598656 43.62326268338373 26.81302203753295 0.0 31.09225766410111 25.33041402979557 39.58312101930744 29.433082442553058 28.73922037301071 9.281405032982763 50.395381675600255 47.68696851726949 49.458785365951734 29.08344009956472 4.313178662726735 35.298442744604316 19.34059033512385 46.65853148026255 26.435358742500586 38.440954768341875 27.973322652545882 12.092212167336607 14.174449961925742 23.739219916021643 18.87027430585732 34.97737011512057 28.459039079507633 19.5368495849226 33.70292692641083 26.318344128911246 35.202917318925195 29.28579326732879 55.67587973852235 17.309059562405796 59.445288421586255 15.648745157730973 51.372837527667116 38.53813207012961 14.730703893505773 4.221128688632422 29.270820489472026 44.2612341417906 12.092212167336607 31.381790626378308 4.5888968855141545 45.37833298585924 27.807943384827922 32.8865406933796 27.609977182825965 42.752022688437094 19.06494613120644 34.606871528672436 18.078007710855605 22.108739832310356 27.48252165865232 12.486176191925733 50.91711377264961 14.551000570401762 12.352628680723976 6.489330354271613 45.37833298585924 45.22805504711125 10.952287918586196 7.515025954929809 6.395247714265271 31.5805523947415 17.685609768813876 43.394233255570775 21.348248341746807 27.071498066884512 16.347180525453783 22.009975029030446 61.61060429068923 29.21273034502719 10.22723435244314 29.86951744925156 31.303644847655335 31.3522775876001 29.281778328906842 49.79531091739372 48.3987059488603 26.232326876787003 58.664581535231214 46.14816757966508 59.884520901653346 6.229013216605548 51.56471475647519 36.098051460693455 62.71583658201179 98.39846830661563 70.05276781758143 50.27258144323251 50.419094243221245 70.36794822160667 88.21382034786048 54.99340569296938 25.723884133859023 26.34404555492727 55.86721966871797 86.40841401601816 52.075979114010174 18.76843688632354 19.68384820646556 53.080190013414146 93.46916254398607 63.01037221359745 39.98697654621138 40.279501085669416 63.56686833327313 107.6652980685506 82.45847824956003 66.34575058497593 66.32413110209474 82.40628539454676
30.61348178204392 59.091047352682814 68.76551078026907 25.91215643756287 59.7769518420907 39.67660230055163 51.24811431002281 22.055363328065216 44.10867304667415 76.13286965888055 49.767250639988426 52.49277257181962 73.80677134788893 41.668914145970604 31.09225766410111 0.0 51.29640011631068 57.13498843702291 23.175443306935577 58.35708908808526 39.836875913414296 77.91602316102198 76.14238612439398 77.73256252275657 22.58145065277245 35.403156303006824 11.911334618491338 35.22850884781891 77.73256252275654 9.103356452920115 64.50645443867616 58.656336190960495 43.04372647354248 39.197083371964226 37.86739345732371 49.960029162809384 61.0127992173657 5.387446275213729 30.39031419692917 16.132094604792023 7.014537790852348 47.88029703766305 60.21379255455357 83.7549907347513 45.62974229262698 89.57702627939312 46.57269435503147 81.17562487903129 69.0418745963211 42.4281425460599 34.54341718313281 59.83095949991729 74.71068663841122 43.04372647354248 57.55777796786923 30.807899234538993 73.52826831208851 26.114895892361066 45.293112864806204 58.697195773475784 73.33106228106939 48.38485744415213 65.50662965580314 38.62599065416776 47.2941991616947 11.099275175351037 20.428098677774017 78.39239833257832 43.22400935524132 19.92622846388283 36.36165065056828 73.52826831208851 74.81501443279065 36.46763962790577 33.90439284681132 34.11349629057717 27.541689219067564 31.970766723100482 74.14436228065122 11.127335988089309 55.70523529489952 43.25295182470628 47.28740186222191 87.26723371672725 42.23362916285039 41.05583565992165 55.97603665978942 4.995770156218325 35.20966791489705 26.186053655767573 20.170608494994802 17.48405178510195 52.23141927099338 88.91552623095451 76.8205164265101 87.28917269481722 36.765686605232666 79.08986955801028 65.54712393724948 92.11863597690532 123.90540267652158 92.00920836451294 63.03698017005202 43.317988748364726 46.62677626954259 117.40836327704159 83.14018253844996 49.34274870040252 18.76098232797155 25.76999764068281 117.4266376238422 83.16574978231506 49.38541566024447 18.87186405869945 25.85006491823399 123.95734320664828 92.07849983591665 63.1371358040697 43.46223985110044 46.75954724685643 136.06563275496498 107.69366094508263 84.1234413941047 70.35867234313403 72.24052017686198
23.026319289602796 33.91627817630986 31.597433965631115 26.38608913085644 43.395270748767075 18.198145030035313 26.840781947740442 31.981709844031528 31.858106499936795 41.644386474998115 57.63269723010654 42.5512974495425 25.637795086663203 48.64385735105371 25.33041402979557 51.29640011631068 0.0 57.252591333547095 37.321583680860854 33.031164181436644 17.597698265951788 26.62085129792405 49.93301384686968 51.81592327875574 37.409706776501466 22.894874207967728 50.32240962196748 18.054332785734175 36.938511117417356 43.618555216822536 47.345720818819856 16.655783789546824 21.90390224841761 12.307474054601562 18.53602984818201 19.026053098571474 9.901367563711194 46.94145747536164 23.302138831349225 46.18859525881143 44.77485448769743 56.48139352630957 19.501035977824415 57.49599351139285 30.735257002124538 40.23333179526491 22.086950066842086 49.087048836953464 35.86341137905351 10.616973055160573 21.22270825721026 29.419263131769245 40.53305992440324 21.90390224841761 42.09916909908718 22.538685954194204 22.419598560790252 33.576082145101026 21.320188027004267 21.631865882784485 38.63330160829729 29.22232062276954 22.591451527751257 13.34048939115382 37.65540720064556 43.2303596997855 31.138443546881017 54.75054078210971 11.20854747544685 36.58351529376122 25.990342953574142 22.419598560790252 44.78837882741549 32.046892350920736 18.77632238219366 19.322120032632963 36.28197647951968 20.69289275887748 38.03781705824378 40.17327417956367 34.75374417536694 9.003664175657109 4.020872897172036 67.17233094642165 19.72660361752977 17.864716561296547 4.737237325501315 49.45671703313575 29.586480938032437 34.942878342354454 66.0514351292009 68.50230459247369 0.9472878788277574 53.61537129458875 30.19666378217366 36.00652025069566 19.738845452371702 55.19100355840021 38.34551770560626 60.22972272220852 101.29037290236585 79.66778790524782 69.49052511612904 75.53588284857969 94.747907519352 84.29379528964238 56.759449410866374 41.62507607948559 51.36613191999141 77.06576896729628 74.44400237027047 40.89575367199281 14.066509438779326 33.43832452635429 66.58248453147054 74.62724516617492 41.225331839921395 14.989348305931383 33.83317089967779 66.77976232920676 84.77848228935099 57.4702487902976 42.580359798860684 52.13601148486013 77.57615261503345
