0.0 58.642722787928 62.974784563223 75.3407214272197 41.851829528422925 50.4243173541237 29.853330489646833 17.42780584290335 58.55920878561291 11.14489367206347 56.001799848295676 47.33421774757475 26.85138557223677 20.43841975296819 32.154871070401605 47.58421842373542 40.1203523004647 21.197078201881922 47.08678191114922 31.78374281649075 28.426508410055096 51.03891558833416 27.778832444207303 12.345406979927587 44.51627843858831 80.75699253567527 15.030908017281726 32.52775290928437 72.27973395408563 59.67187598116176 80.4422290887983 52.13894384491565 56.93711430511228 38.63350944205467 65.07159301558434 43.91580623478241 21.911142751018204 26.07970059546972 38.63262962120962 29.110340362103422 40.58799289778977 61.32829443254989 14.56176865512254 24.282143737093705 15.846695054417316 72.28196184012603 48.08504165015419 66.02078198597899 14.950367430833355 19.29679675798574 16.03266944666932 48.66920970651361 60.46668817530875 88.34632918431477 45.508891225406416 31.984112883211548 69.44120907081529 28.495699447386258 8.738303929885925 57.232473525355594 59.538082983806895 35.87103415065106 30.978795800319705 24.184424334674624 28.30536543864516 27.142216376667182 41.73600621321341 20.23301735428707 53.923317294215 36.72152913007835 20.467481060172382 58.312351702163454 19.358348165318844 24.339234908723647 38.025457411016674 50.04357004285186 25.388835322357654 26.64865958598677 66.8002324179858 55.06514718113313 84.83288962561711 42.30649757569211 47.315772556603356 42.349849610101806 53.88505569605103 37.70950396677111 21.944531585155666 52.32395367336824 37.885948579746476 34.69511692297242 58.41137101436937 42.65754041548651 40.82866934186373 3.7826090203825062 22.796089322658478 65.64110468453755 60.43599493182515 57.00706314523164 21.491516288796085 21.91661472975105 113.02395871228237 88.19743550610313 71.95777013120787 70.51109418103243 84.61955324329973 98.15041774044501 68.31355768431196 45.76899385292398 43.79132799921934 64.3069280282057 89.86993226264299 55.894099050769036 23.802242808310364 20.094628312247153 51.34094157305321 90.02113665422164 56.13466538530398 24.356654515763847 20.74229805160218 51.59544152064433 98.56522664844698 68.90276963510287 46.635810592396574 44.68809017862611 64.91510907376495
58.642722787928 0.0 9.246985775022527 48.76438447898477 24.509710116314537 82.27436973965071 29.67402607029778 41.22649905874841 23.665094336558848 68.26533493760061 9.911539828196739 34.110779272405026 61.993190760427304 65.45257194095548 26.840781947740442 62.92243510505082 19.735868722933738 37.55705945516816 17.053104622489876 33.23566546259589 78.70351760247374 35.01066576831095 30.988185397629753 62.30414527868108 74.38933160344085 53.73104933899699 67.21784620608683 29.618589217979505 34.74019161220926 45.338364924999546 40.0767417190133 99.12403543228797 6.432326782197736 73.77583835662695 31.00312604872277 35.91729888349363 40.59367567347171 38.91407791748635 20.980883623026397 31.71634135741138 54.87422339589417 7.582453004008884 68.13383076202831 34.36648165110332 56.899906877947956 36.651482444705834 10.856988365488734 31.371524185952907 65.4604644962976 61.649942824720696 43.08517188223934 10.357701501186915 8.897197975864716 51.68260261247404 37.422237772872165 41.173898020957566 35.2908820111524 41.44119957715715 57.648169602807485 36.85061614155153 6.495441623601454 58.68185456882322 50.82643545739284 71.69478642223658 31.501299080800276 52.85432155113308 16.916635441830547 39.24156520312984 11.797791369554268 24.485165661428923 38.48816101651085 41.0929604903405 42.43288424730988 36.73061811320449 68.3093837526075 55.682841541566525 65.19290936624715 33.15164256101695 22.61694019253239 35.81408803493187 52.056421192421745 92.91701055246607 13.418754935011364 60.16021438462997 33.447768989901924 41.159190640848415 43.44004207028017 8.42654389784062 59.50934329295849 61.85501022477339 75.21658959835923 18.17967924092878 19.481713873347697 59.92361617402893 52.65771938176212 25.73744044939257 6.523587453662278 6.638839165475705 62.86666855570428 58.948273080515 67.22548784969312 34.507428560609675 16.034608823253137 41.45243514464152 74.66156791626392 66.55206070634576 33.18886135724507 12.98751855377329 40.381953200304366 74.07820216776186 77.02799826677143 50.90995162523974 40.56052452897673 55.61754618849774 83.28438662749554 95.03466466694222 75.24390465993262 68.45776315266046 78.14120508041994 99.60116954057308 117.14872896817901 101.54206336389483 96.39724245006668 103.28958253392217 120.16538251046009
62.974784563223 9.246985775022527 0.0 40.607290800009814 24.133305619516452 80.63615064333635 33.16145414810457 45.8734793354548 17.054032771312166 73.21054921432825 7.232966105113756 30.586229168513366 69.28921412785753 67.0713541184923 30.859181412116065 71.67833149507972 26.690152205810207 41.82174211914721 16.878890170075344 34.347138375040224 85.06385053256102 30.524815270158975 36.20456612320787 68.0559863011275 82.58175146169063 45.306844911017215 69.84020933072203 36.67957322911774 25.967889665175452 39.391412799706956 30.903513511040035 99.41349355659729 15.66130620869884 81.55384659242665 23.11145895752565 33.1960372321159 43.07866699312414 40.53464562197512 24.34233618579684 34.43797839141203 52.79939971533753 15.757610952757828 73.7089482763291 39.142191076420104 58.95562219711565 28.01017826404519 17.943452023087758 23.3221104364453 71.33012387623452 63.2526583457175 47.0008480175539 17.645076557269185 2.61228762276542 42.539006101045864 34.248925016238914 40.98439614623044 26.949319066359507 42.044068665086805 60.76871832558126 30.958174103563508 15.263064788194052 66.8229236718513 58.71143470490272 78.19348106250433 34.810142598125196 60.37222826969458 22.15146329169778 42.888437907393524 9.66268968148848 26.698989524936927 42.508037437559494 35.16937122512654 48.47098276320745 42.948907119603035 76.29286988170787 52.01326240466445 66.02589113317448 39.095546074899424 13.75843876109602 30.374915468590526 43.148341154631275 94.12221706421259 21.51880255484317 68.6967090513565 28.249625986599685 39.66136453939288 45.34482787902801 10.826593275773636 58.070028123156455 69.81897323109229 71.66672056547891 20.41653862236458 22.187812305044908 63.763383581546734 53.65108641326017 17.345043105066516 3.110293468765561 6.127399001980248 69.60863199548604 60.07129580898704 58.27999583863224 26.608497272708668 20.35475277149752 50.154455582689934 83.73453582742505 57.49994216533003 24.870197389786806 18.046092604395607 49.27116366865613 83.21349079972121 69.38398899690445 45.96278525991421 42.49517014776436 62.401310085089285 91.52502210613997 88.99525598614336 72.04220507319421 69.6761438528148 83.15174513811819 106.62280432384843 112.3571049654943 99.25147630516422 97.32555128505861 107.1836796787176 126.09159494072588
75.3407214272197 48.76438447898477 40.607290800009814 0.0 38.539953200294846 64.16838156244918 51.8648153769388 63.48718901585058 25.848903798771172 86.4051723143006 39.50888931402939 28.441270902374008 93.22896274876247 67.46635821149678 52.16936391915914 103.14704445819187 57.18588372291344 59.40693928514651 39.37045130811505 45.18590994933853 103.1572555752823 24.669245365162205 58.736604504183894 85.39520062635826 110.03663143765375 5.725755422539011 73.86228256952428 64.73195504673693 15.61572006013105 16.618738909284737 17.027475165187436 88.99578672155619 54.858396050839204 106.8288069945868 17.780063104712426 31.538134869427218 54.1482394230488 49.71839703489087 47.65754207127179 50.23579022871453 41.585699456484676 56.09499376123341 89.52871012246361 59.30042764782053 63.13116324887941 13.259943707355522 51.90222801152998 17.395075593620582 88.7258531992096 64.47293961609013 61.706605280803686 52.051164057704376 40.00135136160705 15.675844390238574 29.839667578294414 43.396025619887496 13.685628499744418 46.846053593584195 68.75750295205486 18.489331220592284 55.24984451557859 95.06906515847817 86.4532275757149 97.58211763555062 52.19664854933607 86.2732521764532 50.75368648770071 58.02804596325082 38.693696764866814 45.68053140686492 59.04075043267294 17.05472687463321 70.36850925676426 66.73456115998461 103.00944862822931 33.574366467136315 63.343586176097716 62.976259970760346 27.13396987419667 20.714548759080408 10.445388939475587 88.32042183685648 56.19990950155239 98.96864923244947 22.490596679311924 37.810219905999574 53.425974546344534 43.82234552566465 47.771599636876665 96.92251895651643 48.074412190625964 44.17308898661119 45.54108332348203 73.99088010831133 55.15694922534636 23.263041791173336 42.47421826880836 42.422984018286684 91.01331288789518 60.13773660099724 42.49953620127658 38.98314937760762 60.232791968423214 90.1727256742119 122.59314669196642 22.860775881873824 15.74364161366973 48.66171457619129 82.96333959404829 117.44241995338267 29.192975100496763 23.967771920365497 51.87990918719394 84.8730961753445 118.78639030559196 52.868099914447605 49.99442782855722 67.81340750379846 95.35555703644238 126.41801641078644 79.6926792186418 77.60617598137853 89.94027488514125 112.02913284758672 139.30735524689214
41.851829528422925 24.509710116314537 24.133305619516452 38.539953200294846 0.0 57.76478045189371 13.750324776631741 26.602952843391915 16.850332605736757 52.79828497629292 17.014828096206244 12.710360345339788 55.2620641171451 43.101237948960865 13.644974281505151 64.75581933802832 20.467128585339918 22.26879945072757 7.5670057337818735 10.647397355720596 67.40745527531384 15.573077408391045 20.267832624497697 49.564933610685294 71.6199025361465 44.26351863928935 46.4400161264044 26.437047955689966 31.2994202418766 27.563531619871192 39.34515637647208 75.36569800530546 27.273329435689995 68.73458971816184 24.24336072782951 12.76568209776986 20.293542550256635 16.964620975956155 9.764069988799644 13.055309621618362 30.499631024799804 31.001248585776352 54.561503533069 21.28682922980265 35.279742318151676 31.77160542477362 19.301218994249755 25.15400008269441 52.96493232300801 39.29706609853843 26.12455495015824 19.79367465038005 21.543855274870527 48.61379985554789 14.78148632214593 16.951992374754646 29.07502224517007 17.927706454642305 38.01437466643772 20.714184883078573 29.26006445302748 56.537581712109905 47.91810233485352 61.16468064423064 14.54176501391318 47.86978649577455 14.581606376815158 21.939511283246805 14.513257413454152 7.1406685845767 22.336460225083865 24.00783004069555 32.38047411799541 28.306379775872845 64.64167959313606 32.55363753236528 41.89415642703692 24.474163489455073 24.97993426445865 18.664556468670984 46.23211828958122 70.0020445043126 22.648063607592395 60.47388571640694 16.408383712736736 16.70729509920648 21.839671162596538 16.08681464889528 34.9997631043293 58.471571571295506 51.57885712947493 8.016369828489445 8.359083360278628 41.8446114016912 29.55770922947123 23.879265455852984 22.616002478772156 19.474516544705963 53.71533459022448 35.98335936494267 71.71350586076416 46.86030952353949 40.543483958757065 59.04645096552964 87.88638374866812 60.774701689346855 27.566880138592158 14.871221991904097 45.57658888413805 79.54966695638903 61.97564290063244 30.09975562873274 19.1274478004719 47.12294795878823 80.43714430355632 74.73330146940505 51.32316696830606 45.583810991498495 62.58206947111828 90.2771413552984 94.47604400293768 77.0976681698831 73.19240786252622 84.64607070318499 106.6186502714525
50.4243173541237 82.27436973965071 80.63615064333635 64.16838156244918 57.76478045189371 0.0 57.600802436701954 55.97780378870118 66.17443549814075 56.09767822183633 74.09808103626654 50.481755901267576 77.26627626029199 30.021712558774542 60.70843802668624 97.59332237566997 72.44055316727254 55.69622654047366 65.26044634232456 50.32718654861814 73.71562636097865 51.69114369580321 62.26613712390338 62.21426938638526 94.65583952248313 67.12854839317204 36.82687789068505 71.0067100563761 71.99655986353525 49.47798478764567 78.40445608888047 25.911748221915833 84.58475438900547 88.39323013929243 66.70698076492562 47.49957795097629 47.51940496934636 46.4172596664943 63.55076206501252 54.398378385795986 27.866611172648447 88.57256891070891 61.857959816757614 59.15440829077012 36.18441259533407 70.43775803541324 75.68917778012357 67.4262546642507 63.966884057978014 31.424370182791318 51.75561071085639 76.27830273526716 78.23464126030746 79.8090460512 46.708188686688935 41.51495471985918 68.13582978126763 42.27581871242174 42.22587489917289 54.62535100014968 86.77059124070642 85.97055295216525 79.95214173488846 72.26237289040367 55.94422265725513 76.6904935409759 69.25387991453783 52.4182596376478 71.62065831586595 59.277475550998076 54.2692937252043 51.944165100739816 63.58088076573253 65.38169263108625 88.37237557548299 31.565442788360183 25.18888484754821 64.68052145174397 75.05211117551431 53.772418072181765 74.30136605342955 29.437974348690776 77.81583160239929 92.32691526004818 54.88977571115207 41.18465687201282 43.73183087844346 73.84993706387584 22.765028376329145 85.07122545040642 18.49651715318879 64.73925461505348 63.99348397595114 46.708984236875004 33.998751194340194 71.38738836232254 79.79116764461507 76.94224766281907 71.73739444433862 30.269528871676037 106.46928976684372 96.45088209515923 98.30823958740983 111.44918844180908 132.55944912653018 81.7680011065516 68.52549926059359 71.41601177036006 88.8792105580091 114.42703370764023 60.32289014005964 40.94576308705903 45.92476238026336 70.25977461838049 100.78993949376041 46.84462221229146 15.664602265883914 26.29054597729547 59.429435140417745 93.63425988415189 48.50557735199443 20.057384269228724 29.09733880824055 60.71128742021488 94.4452992322154
29.853330489646833 29.67402607029778 33.16145414810457 51.8648153769388 13.750324776631741 57.600802436701954 0.0 13.254760410645389 30.327439676418177 40.343348216711924 26.149331493181506 24.192569570426585 41.55084150125465 36.29964749143123 3.207941354520775 52.373127426216065 14.884927144268927 8.947722106672254 17.41621687912204 8.969042501233076 53.961456867344594 27.748065388972947 7.222089290398782 36.2347229652925 58.17822892518616 57.58504662015807 37.55886742071058 15.453659807030801 44.9910677075235 39.24806785067193 52.98072604841618 70.87263674935168 29.418225108608876 55.07024444341939 37.97924444297536 22.369669345810895 11.285724078825254 11.186794794971249 8.880974375456233 3.2894997834312463 33.531002590693184 33.82294628833692 41.49280392916925 7.539706343905902 27.536294290379626 45.51531724308329 20.036232681745947 38.883459255063336 39.62190658780681 32.57251154996398 13.843563463826513 20.661586153116485 30.632852394451795 62.36337633333796 24.580366904724993 17.485504141827544 42.82516815004531 15.572053481701388 27.991294317261328 33.578784449103146 31.94732760421878 43.40753042812142 34.8540233058549 47.57419332477512 1.877033764783897 34.419895904063374 13.159736192440755 9.739310150494942 24.08402272156143 7.182830823807928 9.416273099371347 36.27663650201265 18.648840691758103 14.950483433156077 51.144694522865784 39.01489585757938 36.88055819158294 11.449282151605672 37.68649187179661 31.398242798228708 59.90286270631245 63.82847686117419 20.94158491554207 47.8032601766596 29.406094304135827 21.347844022609856 14.674610486317631 22.647070791734034 35.895833995334144 45.08761015055636 55.8258968943487 12.804287524257381 10.98174352914138 30.622798193112455 24.642441645065794 37.199515745948 30.71349637032745 27.269107088063944 39.982034386631256 30.46243224176545 85.1835916168643 58.47501024807155 44.46599982997767 54.12891310012138 79.23048088148971 74.34293755360865 41.301814672422005 16.722935062045917 35.33160553579596 67.91050929810325 73.40744337502858 39.609214495114905 11.999116624231132 33.37543293233154 66.92318016854135 82.71392457267646 54.84965460105606 39.62574508716099 50.266673952246066 76.66877538537193 99.42641014114109 77.61792030827597 67.51471791714621 74.07224704432505 93.8611926860909
17.42780584290335 41.22649905874841 45.8734793354548 63.48718901585058 26.602952843391915 55.97780378870118 13.254760410645389 0.0 43.402503160894824 27.337442509830954 39.062585905741535 35.1018257105551 30.036026556996323 29.492781385102337 15.04721917481344 44.741454070566995 22.878090351451267 4.345651153105346 30.643496728722152 18.3137680996123 40.812135317112286 38.85534595308668 10.384991496881536 23.011418470614817 47.661573716943465 69.1479855724353 28.23387453793439 16.601174194616917 57.877547542110605 49.40466409432924 65.94509951938701 64.46904967151468 39.58330591367865 43.67253242092124 50.76643886474998 32.39906066525747 10.958474856736508 14.98969106367327 21.62259625331404 13.611965485398196 37.06223959877201 43.994048999116536 28.24139941171932 6.860119535752525 20.900014164599092 58.247520428019754 30.661238507201784 51.6908921999285 26.4063101941771 26.334360854340705 4.2233631964677185 31.247826739734958 43.41947877949536 74.93400235376347 34.42355252643261 22.975951044951273 55.49256432020566 19.568671445843677 18.226162579601638 44.99871351352542 42.185830902961044 34.252229997806104 26.37410187626359 34.59080393860452 12.099903059794833 24.573136734916996 24.334920504844053 5.690452784629573 37.12848666729386 20.42845229378295 4.446762407989639 47.063180674485 8.42223127873983 9.513357559369133 40.549224298115114 44.83645699233523 32.01254777343527 10.082689526881358 50.93670849338501 42.77391749608058 72.11575435624962 56.01547375371264 30.0427850958155 39.69098418895275 41.0843234839203 28.51425414855711 13.984922280589197 35.12019521371398 37.17030616490976 35.05262497757109 58.50159092697874 25.832981779859516 23.95262184238088 19.045476514254357 22.2018100845092 50.350451832175246 43.233650907501094 39.830778971502745 27.53151391253952 25.98181313661107 98.29117434199581 71.60390011168741 54.66151628373958 56.95123798821159 76.7711205397112 86.24876363232224 54.08541259252901 28.398178165618074 32.901720803462965 61.265259171727784 82.48260276900034 47.91243258530758 13.515801777092822 21.554741099351897 56.048114105547924 88.0612452075378 56.90573497244312 33.41524205072466 37.27908386148777 63.700217813083235 101.45444413848722 75.84960236584372 60.06752252992587 62.111508501656736 80.63720515553436
58.55920878561291 23.665094336558848 17.054032771312166 25.848903798771172 16.850332605736757 66.17443549814075 30.327439676418177 43.402503160894824 0.0 69.57167619231673 13.93241366991802 15.892984745766377 71.39420844114952 57.50870241782839 29.54497186791287 78.6623904634572 32.033384435639455 39.058756433376246 14.44686186880208 26.864891705374287 84.21401737206513 14.56572225499762 36.167893707272746 66.39432507797025 87.04162766827264 31.233783085290973 61.874766352841256 40.53699237464127 14.89678707969314 22.338866753580838 22.701293142940862 87.05984648217489 29.399462816187597 84.66934034045524 8.535679176943654 19.369488105416423 36.760595044454504 32.97030119857673 23.78765559962289 29.902697157640763 38.486803198216755 31.221391703675078 71.41164401418212 37.764644728017636 50.53046199029581 15.851285937094904 26.095180078870523 9.268485055685789 69.79340390613771 53.83251730264274 42.956386104219725 26.22331557359988 15.560379628398035 32.757033746572 19.64508555481253 30.23543417404401 13.529561317659757 32.50609624040911 54.14627371966724 13.936153051936884 30.121912629683187 71.57230423403804 62.98417918732777 77.89580325089182 31.306173409757236 63.48950437583442 25.676243351990262 38.78372109794599 12.86916059827023 23.22992327889469 39.17581380062781 18.124539362705384 48.70506567625492 44.1300105075689 80.2111411634873 36.03078214653178 55.24756430926474 40.14311482874977 9.2726958571278 13.558657881043306 31.32306796276212 83.16307553181612 30.404164264751937 74.82326048612721 11.69821372116111 26.9686408050729 37.71729263668024 17.98463592605006 44.36061335293025 73.88088262162192 55.51777672351266 19.702769967584302 21.389131562788297 58.33584211415753 43.75907623528202 7.087959247601579 17.950360989369187 17.06997860137997 70.23896392140561 50.019846091022096 54.88873023666279 31.742607077569243 37.37981781285842 64.66641890387866 96.75266387029966 46.17937135288723 11.637591639005793 23.090844894509456 57.669706735042354 92.26731496063996 53.43034610408761 29.173140658487977 35.244612839929566 63.467579753903834 95.96314382219215 71.96898053158111 56.16465040897946 59.364947075023174 79.30145720925654 106.99551615288945 95.42849988886962 83.93741256507796 85.90168087829242 100.53570131740322 123.41180903574536
11.14489367206347 68.26533493760061 73.21054921432825 86.4051723143006 52.79828497629292 56.09767822183633 40.343348216711924 27.337442509830954 69.57167619231673 0.0 66.37917446598266 58.4696482022741 23.914851897363096 26.786936124607976 42.373643917158084 46.02966836907391 49.07952931938857 31.460380262291153 57.726391284354655 42.871669703140405 18.493971550045053 62.167144501398234 37.298305078234975 9.148786768982662 39.34984448013252 91.7880145686781 19.32497660100784 40.43595021406506 83.39443222177627 70.60738230566206 91.55559618977459 52.56682520220059 65.96221559351768 32.709525216492324 76.18688814390917 55.0305562221001 33.02740777198289 37.2225021394451 48.938053092448996 39.907710417771575 50.451160981893885 70.2625192624053 5.867686732524563 34.10313886067633 25.175179398444612 83.41651652036971 57.50706929382183 77.13528683053829 8.889281751621624 27.05841114254925 26.737446978135825 58.062180581221696 70.75539946376605 99.48894270080274 56.59243236449135 43.01461057258299 80.57757255797358 39.56709289941078 18.309323611229793 68.3532564107997 68.53948481286061 34.66004998305615 32.37524666088782 16.173219589773215 38.916079175200665 28.017387638226516 51.50428519046691 30.961159504694635 64.39780147075348 47.37636358460728 30.937888309899197 69.36155781588509 26.674791455541197 32.30215510970184 33.83307176251024 60.1052073948861 32.39577530996869 35.35957431930003 77.67928307773605 66.19169835048983 95.95063798490284 41.76155541895653 56.228816689641945 41.1037503133679 65.02752959194335 48.68646244422049 33.06278263492365 62.446578214717796 47.01281793175845 32.34546807708415 66.50999165889151 53.09473636942472 51.230051584760645 12.655635735738452 32.87309264009638 76.64359316060252 70.55522602414979 67.16075612262237 17.817360716621124 30.61162740284144 124.13257936792148 98.81783826828159 80.72036056698822 75.24182091249845 84.86241908784709 109.18797437070623 79.43636206818879 55.615355986023786 47.65302043991758 61.99486451126965 100.07555625939236 66.4888578874244 34.94662131389531 20.411058647544532 44.797356448836396 98.42924447342412 64.0075899743308 30.008000537393627 9.941917996082054 41.13461420626276 104.60224707824018 73.066848047667 46.15980483603432 36.29765820624361 53.84367660267188
56.001799848295676 9.911539828196739 7.232966105113756 39.50888931402939 17.014828096206244 74.09808103626654 26.149331493181506 39.062585905741535 13.93241366991802 66.37917446598266 0.0 24.734895456982937 63.6862435550816 59.85114738710472 24.01549804226809 67.81729883880932 21.517019128804243 34.92730574173724 9.657392258233877 27.123354968619214 78.78632568003295 25.305284468513502 29.706800245906496 61.53977316298618 77.79790648374961 44.69254793908118 62.61783744665348 31.25198131684267 26.438837084086455 35.42936146882814 32.81726588048363 92.37274970843904 15.467746839866107 76.31867509979345 21.760294734332923 26.940242233709085 35.87129640340544 33.302170707717416 17.442140569119992 27.281773791183113 46.36527082034761 17.48863026405094 67.09922170901092 32.43353815727554 51.72266007641888 28.089785322794818 13.64507415641841 22.249467370282282 64.85411276211134 56.03146387209044 39.988540096943105 13.572868026304722 4.621885818561262 44.101009080877425 28.230072024931992 33.94024131012961 26.37125751725983 34.879000719763155 53.59131309559779 26.93945895333923 16.265698078368168 62.058308774495266 53.71877663442336 72.01367825845931 27.746181918284798 55.01214431367078 16.114909863264266 35.839702960534055 2.5123741080508912 19.530309302380513 35.54472619140628 31.182762851063696 42.21022678284814 36.847717204363185 71.2939732936621 46.35648924100412 58.872566482756625 32.89919329011986 15.056291247226516 25.928632120957218 43.760655743639184 86.94636130387883 17.826766207587557 64.46554745533726 23.58475079106323 32.95708402572098 38.11214255096225 5.134956634655921 51.41840313144537 64.83296063584454 65.98583903256403 13.347973900067908 15.175449632812086 56.6845625853351 46.46554981729817 17.175510367582753 5.696879051888553 3.295754559692689 63.61019358558437 52.88091573812697 62.51375006244136 32.69991653696083 25.008890082733007 50.758733946495134 83.20034860128447 58.516217499887254 24.28796919056272 12.268536975843393 45.89098350302034 80.35111417666126 67.36188565118998 41.14800270648515 35.263647998970825 56.46878667874364 86.76839933196106 85.13714326774243 66.17385735093083 62.48524146700586 76.31914030967134 100.69556457233246 107.49940247050802 92.99040508495509 90.18317869610013 100.06743914942184 119.53524756115618
47.33421774757475 34.110779272405026 30.586229168513366 28.441270902374008 12.710360345339788 50.481755901267576 24.192569570426585 35.1018257105551 15.892984745766377 58.4696482022741 24.734895456982937 0.0 64.99646254617097 42.79564122672463 25.178963283393806 76.47642644249079 33.1758091006626 31.102677922733893 17.904299699539973 16.788892674807148 74.81746032095363 3.773188331731183 31.353985892581125 57.00518296501184 82.14094993787302 34.068038867441956 47.98458485651918 38.569186870994095 25.991984597822025 15.149211039911842 34.008604817357075 71.20636554343834 38.19725497877806 78.6290571564811 19.037937728266147 3.8031000374735218 25.78540870408387 21.392098789923395 22.42357311040717 22.13081973328093 22.672138550951267 41.358537702136886 61.28901745107425 31.353985892581125 36.718350263656085 25.52216672530429 31.30783803099038 19.961588062759827 60.352302919932484 39.286035501496 33.27094724591438 31.726747251448923 28.36425098159233 41.042302056080274 3.7786954605167113 16.05110373338299 22.67445696323813 19.124146048888075 41.450863225304644 9.991036909489793 39.79942291209794 67.57700800880566 59.041753115632595 69.1560846623213 24.216988839852977 58.44749204869493 27.234907468233782 29.598095596180773 22.4549023443623 19.164670743980977 30.661273874181347 12.108654419537281 42.265038839316425 39.12186289432673 75.0609084302603 21.624340820812186 39.983488042957774 35.614998427238156 25.077211249618358 7.780124865006206 37.541958440210884 67.61129590398505 34.9947475629086 71.9744824856964 6.652264324841214 11.565548531103712 25.42095047840017 26.07261161656293 28.4718124489553 69.13481810281331 41.25261554768349 20.47796791314275 21.0489292192803 46.33725028717985 29.26776157243305 21.985161308541798 30.243953431053434 27.906172254843018 62.60420705190264 35.220063011570005 66.37745168688268 47.35150046868431 49.731049197433336 71.40731100719266 100.59644640142781 51.27764395574345 21.95225945060607 27.004726715521322 58.06425302729475 91.69791894448754 49.541880293733 17.564426172922765 23.610850743072557 56.579921536844786 90.77419683827564 62.297507765567865 41.49694727352401 44.24746476171135 67.73849709126155 98.05097747230342 83.12075622321825 68.71887308202068 70.21589905935761 86.7930124151168 111.93992623507519
26.85138557223677 61.993190760427304 69.28921412785753 93.22896274876247 55.2620641171451 77.26627626029199 41.55084150125465 30.036026556996323 71.39420844114952 23.914851897363096 63.6862435550816 64.99646254617097 0.0 47.25407783357263 41.875087951680555 22.131488283966675 42.61049244446263 33.89646669177511 57.33376322317124 48.24024735612517 19.64374396473351 68.7191605559366 35.228461053501704 15.510281980589705 18.164383004018088 98.9261903766452 41.097168995284484 32.610082025946824 86.25138666318614 79.4392923162895 94.07396394331754 76.40264612863919 57.7143874604641 13.641296549914998 79.37849597740782 62.413328484202815 40.549252144372005 44.85123690539489 47.744899402910626 42.99319175352417 64.996462546171 61.370811716027966 18.576787469097667 34.02299285569722 42.1009939263107 86.92769370782909 51.49015796584608 80.26116833509984 15.047645343156715 46.08577303548784 32.7201035116197 51.87608873208707 67.26999404191322 103.83875074481632 64.45448212169032 52.63668825782108 84.28828480296556 49.084109928774346 35.31479067111689 74.7848245540001 60.00161139297548 11.10122882576165 12.777199676570202 13.01502221789232 41.05865330853281 9.36080330157575 47.57672723802641 35.70101236551552 62.40374933458231 48.31743254038662 34.41903780610647 77.03162276247033 22.907656586772546 27.290127839933284 11.295531271796778 73.71387420960832 52.22712935485705 31.30131545496517 77.6442395630561 72.56830113519325 101.45301483616458 65.66563097889981 48.60095974295809 17.323414148902458 70.74240487557556 58.34048421904465 42.75097656953015 58.80956528927393 63.45067204873415 8.430625311670571 84.56454994258654 52.02664655732245 50.206900857242545 30.557910668844542 47.72528633472841 77.94434190685814 66.24626258264753 63.27059465031428 6.098125810171815 48.31404398404526 125.70083928231243 95.89635475579428 70.61383945069096 56.31439778917332 61.24624140063186 115.84556266436971 82.68915860819429 51.47463975565521 29.268056812676633 38.189511471733724 112.31034693957506 77.70672034569317 43.103470367768466 8.505195016702531 26.107890387099474 115.6762991992171 82.45404269852096 51.09962710489325 28.609690592879662 37.69213013709309 125.38870307785054 95.49061473339653 70.06699113952165 55.633659753403684 60.62689216723312
20.43841975296819 65.45257194095548 67.0713541184923 67.46635821149678 43.101237948960865 30.021712558774542 36.29964749143123 29.492781385102337 57.50870241782839 26.786936124607976 59.85114738710472 42.79564122672463 47.25407783357263 0.0 39.44318380708316 67.88545418453565 50.42798128202949 30.84071704298909 50.19452783157003 32.728738492185464 45.08771705815525 45.867525328810935 38.3152690970576 32.22665987518219 64.67232917736577 72.24092905432737 7.849305590985282 45.97720827083799 68.71814150137784 50.86151708986978 76.60655533861429 35.076213634450504 65.70800090072602 58.502052070805355 61.83321752218332 38.99278233669914 25.031903152412983 26.6427628067274 44.539570867713635 33.82946624123922 26.921982561525894 70.09878236017244 32.32884848873945 34.65201732555177 8.874258925281113 68.05028506074518 56.32134177388953 62.75475076633298 34.127840434464396 3.8219296991095035 25.60494630397994 56.94712206278882 64.46044173292982 82.21654744104488 39.69989898167322 27.273329435689995 65.24565081721032 25.291722467237047 12.67946956966767 51.368671988135205 68.22138679090668 56.19874433484456 50.69093867359153 42.749301051360376 34.422834151272276 47.15678130065701 49.43773276370609 27.96332580906881 57.4110025607164 41.00760087563049 29.465478059038652 50.94126506981369 35.74335270374175 38.88253780698238 58.351287955212065 36.57447270785789 5.690452784629573 39.38814655244923 66.6821894073589 49.53173660141252 77.74313383704616 27.53508234004325 57.07390877630697 62.630079195074 49.25432058241841 31.268469942484007 22.012942983100842 57.648467679717314 21.959494103060734 55.13018635578432 39.877864530625644 47.40955895938844 45.984244876139385 16.698638594079494 13.757642155778017 64.29560482684215 65.21075660688824 61.85154989911154 41.72138925215738 7.577745584277195 108.52548792579205 89.1494148359858 80.69808777508037 86.4376720313982 104.04560294096562 89.3347634773613 64.69477643599467 52.77241744637063 61.4755382359669 84.66614064885584 75.99296840129378 44.720307172784395 24.89423358018478 40.42749339686902 71.02030656041296 71.83732634819202 37.29904573201632 4.08538672662591 32.20273549592638 66.72477934516263 78.34376626192913 48.57353000566844 31.238842610717718 44.57777611882969 73.43926963928578
32.154871070401605 26.840781947740442 30.859181412116065 52.16936391915914 13.644974281505151 60.70843802668624 3.207941354520775 15.04721917481344 29.54497186791287 42.373643917158084 24.01549804226809 25.178963283393806 41.875087951680555 39.44318380708316 0.0 51.349515876699414 11.73587632747704 10.967791734395687 15.88343514124484 11.372718864294932 55.24885228064383 28.56292730847486 6.67070404077485 37.71483461040655 57.990949732538134 57.89453023444035 40.50965821728917 13.529158813204315 44.379425146125946 40.32662205327458 52.24419092021983 74.06743997154818 26.316895938075973 55.243177378902345 37.516968866352734 23.78534227653142 14.460729733216183 14.32552324023207 6.579366692331506 6.310059845547414 36.25948744677311 30.735257002124538 43.1608669656783 8.521997451245182 30.65220768568318 45.064965183942256 16.953083442877666 38.39353578573744 41.0707891254368 35.73072346680487 16.309244163881942 17.576631270196206 28.385707153101322 61.9948780713226 26.010161425275605 20.22074634448281 42.45120511067434 18.558141701035165 30.829423900320936 34.142716707776025 28.862881457543715 42.89985613854795 34.28435970521384 48.68798123120293 5.055232656308726 34.25634599847288 10.111420135665796 12.400783387749954 22.10730485984316 6.523076815520275 11.73587632747712 37.12127633627446 19.177445981213666 14.711082445624157 51.03195468465072 41.30866661370147 40.08412061526453 10.832914032079808 36.360851241928536 32.014962136468235 59.81101392881656 66.96172847151492 17.738482822982867 46.95034983340835 29.88147883285829 23.648036813971494 17.881299461408275 20.169105281963258 38.86049794423252 44.835689434817056 58.52945651343369 10.848540884434584 8.954480041949942 33.169549490029155 27.848588988176363 36.225874757947324 28.282148027510573 24.856977096593436 40.76431940906689 33.66444860199399 84.18266831747319 56.59580191238083 41.403731622949856 51.18861436041035 76.94868769061797 74.40327358447905 40.822248663159506 13.85336813032559 33.35006129004418 66.5386228018861 74.67143770754025 41.30454294789718 15.203851907481251 33.92785203107449 66.82732494982874 84.89198329261909 57.63601625067908 42.80175986601669 52.31529091018375 77.69560743759867 102.11870319663504 80.7087270556101 70.6705335957073 76.61270541706654 95.60044748825287
47.58421842373542 62.92243510505082 71.67833149507972 103.14704445819187 64.75581933802832 97.59332237566997 52.373127426216065 44.741454070566995 78.6623904634572 46.02966836907391 67.81729883880932 76.47642644249079 22.131488283966675 67.88545418453565 51.349515876699414 0.0 46.73644801915314 47.3529821213558 64.2620927247307 60.789349050302135 38.47151147750124 79.91001768172855 45.15910322953689 37.37552544402218 15.84913397266337 108.84611324748074 62.414642524181566 38.41556142731392 93.30998032642259 91.59395423013207 100.40933439036546 98.40799277051427 57.191779429957755 20.40116743219947 87.15794470138425 74.73043555802337 55.635079110358866 59.328399399195725 55.49583878642378 54.85704908436034 81.77871136137964 59.66483063866267 40.689001226118236 45.7691267323254 61.5640139476256 94.49129811302771 54.22965075745606 87.92610861005272 37.17718552460635 66.16946773671339 48.52649144371589 54.3824768540365 70.27611164356054 111.27193177016352 76.93224478656997 67.36756333251573 92.17426586090981 64.13955463746173 55.388702103708404 85.43887930898445 58.85367929164346 11.718002950500333 18.376270789097934 33.50038575997225 52.648744122382496 20.97871622788176 53.0021019641439 50.12161152131227 67.31268313986214 57.66948100216387 48.38922132528092 88.4689521822225 36.322933552098796 37.72874186427696 14.875116557970157 89.4755364343202 72.40657870195416 40.9269984359684 82.81908404091993 83.33737762439618 109.94304831365817 87.74703276786141 50.26093419866166 5.266669683311248 81.14889545944165 72.54644064999279 58.705321821701624 62.684327519173955 81.41802121298984 13.71936425736159 102.82713670532897 59.15622671294929 57.66948100216387 51.36681621119093 65.80512775112003 84.247819337972 68.58758618990419 66.34626356614102 28.225515608584953 67.70084457481985 129.9433615561668 97.26334143161813 66.55723533020303 42.36037274287387 39.417818299405134 124.76694237643035 90.29839637182249 55.99699591528338 22.635799139635207 16.85075490380748 125.7658201233748 91.66105866232563 58.148996267028046 27.490176189324323 22.9120434583585 132.80066883153992 101.01480665446131 71.88030344661078 50.24319082781048 47.71573920056547 144.99521998724336 116.44922073399508 92.15192416198997 76.2776649880279 74.42671670939043
40.1203523004647 19.735868722933738 26.690152205810207 57.18588372291344 20.467128585339918 72.44055316727254 14.884927144268927 22.878090351451267 32.033384435639455 49.07952931938857 21.517019128804243 33.1758091006626 42.61049244446263 50.42798128202949 11.73587632747704 46.73644801915314 0.0 20.001438416338523 17.82671526593853 22.628921627641525 58.96864573110223 35.93507193548844 12.572536787177421 42.694247936434415 56.28100000307279 62.79755654190936 50.611377645544344 10.008198746282977 46.579793469547866 47.917741573842726 53.712382153548226 85.33451437258717 16.891469360010316 54.92700179526069 40.56393469589012 32.83039123888956 25.816456825075626 26.057910405340063 10.825784642163477 18.044393993764025 47.5608940797543 21.236713805603497 48.577714677289315 16.301516938474474 41.55797528965147 47.80661822876123 8.948566747014903 41.29880580176686 45.80121524258845 46.816521197742695 25.647617813675947 9.39609772179169 24.74616253418362 64.5395506129237 34.97692295790736 31.644227914973662 45.56266025090871 30.238157806950134 40.6502521132341 40.552503712481005 19.479268124922243 40.54277026959214 32.216468758486045 51.9684414384505 16.63349846597055 33.692713993177236 6.432220963521645 22.53884785525444 20.6991042374642 14.751478769841786 21.240137970613514 44.18459401504296 22.804155038448872 17.071505138675658 49.803387534112964 51.77472026060136 51.4984062908936 13.720232123371808 36.271985667522436 38.67589079245639 63.356432857057136 77.79398889983494 7.197424159074076 43.12773576017684 36.27198566752241 34.38573517492982 29.410421717465056 16.448124947160473 50.48191024459282 43.33604689557589 69.71318635862978 13.180313434839343 12.194553252968218 41.9233915873433 39.443373757616385 37.51701824190882 23.6371880984269 20.725702919533838 43.1824721324717 45.073937058787756 84.02951290968437 53.29056753381346 31.837811481775187 39.777430733870915 67.42164233753057 78.21205475363844 43.64312137125428 9.336640607309466 25.77746987585859 60.30453821345056 82.23141512664054 50.43488541187232 26.836385007885493 35.938103946980284 65.25139792736663 94.84493940737957 68.9689408279343 53.96912000651654 58.85079335277916 80.05600970912022 113.21514232703623 92.43217224925068 81.63620355513315 84.73463428293825 100.44984825555237
