0.0 9.268108764712618 20.702582785935995 30.424085822476673 6.145414646326275 47.537552637640076 18.85409952332207 44.62128300480582 13.874018017788265 2.2239421348560877 12.994376082374176 13.921874391007213 33.190310379598145 22.0702703370421 28.331292162945495 34.39269098371782 5.2270411590518515 19.421240865813346 5.224203437747127 39.91268403015339 40.846286008249834 21.155037897625697 23.88140125516981 12.242669889900935 26.34223506875376 27.908132237047905 42.68293579352562 7.140520210940528 29.19023361762941 15.260710382115883 56.24816057348932 21.944531585155666 21.81697379446722 65.54604814344852 37.60368365111631 51.75475882210817 25.35827122287459 12.703527230590021 41.21712571013286 52.66971790592821 26.640829047432064 41.555401580944924 47.536177419782284 33.0189081931287 16.655621202454473 22.97479983385845 51.8664391353914 11.62025892321397 52.72838619005776 53.36247870119849 4.447986306064903 8.357307597911447 20.15621182176013 36.737694001648464 9.213210049487648 40.07100392941519 23.248552347169376 40.97044584428737 30.337303647185898 15.079089290797247 56.20696111433369 15.78462834364968 13.024256764530785 38.88089851987654 50.8841765326845 34.29833489646077 8.126002864107157 13.800908819528487 10.853500369576809 37.70450253016229 10.987943814481335 18.569567043033743 36.459290368509635 7.0318517826161875 26.748460763174503 24.66017444340217 48.69174981399911 9.399017892938524 46.13199729188445 7.2037864732614025 12.703527230589948 39.41410629801732 25.67256143389721 52.65137065967697 39.450580429012 23.499073605715182 15.313194854196027 27.61508665951998 37.95060657820367 53.945682348514 2.880044185265431 39.237813449031535 68.00453874674811 39.95469049340211 9.327663181846269 34.193875008226755 37.827701701856626 22.025570139523584 13.413039900785998 26.62773381147056 86.36780652516374 61.756086887509774 50.62642146527294 60.885621067332416 85.12277705887894 73.29410070741662 41.78053609432403 22.67257164371992 40.95512329932816 72.35636153638491 69.83564320378629 35.42811735283075 5.304696295991804 34.58297229235183 68.9831719225951 77.29425517277265 48.398938975713065 33.24673500205176 47.57169500810664 76.26020998312248 93.08123842605806 70.76346688856349 61.20130971889206 69.84635383111593 91.68536819933543
9.268108764712618 0.0 27.279951915057122 34.8118666164703 13.531895533037387 38.55299175639182 12.258509365716316 53.08356536748563 23.070133241563823 11.449466973433873 21.384254048800692 22.23958314794125 41.923915017783536 17.785730592072152 30.065942166889347 42.780110885824726 12.66143170400973 18.61933141927358 8.123621008648337 49.18073353894725 36.301638735673116 15.260857128043572 33.10278711683179 19.55686859557934 27.776262052997286 32.66451995342775 33.4545276140278 2.472846554755331 20.004057472877125 6.213966803356476 47.04866666720618 15.007372703369603 29.698314267280804 56.27860606292477 39.61881383556895 42.51941071218137 33.41139105674358 9.478031766818772 33.05142397042249 43.40746799766177 20.842861361743388 32.30343456788556 38.55496230327219 23.956793297893327 8.038193849396434 14.022940850094566 43.085147885147585 12.406505635198343 43.46072096797087 44.10537864398868 13.529303442191434 16.785644217970834 22.485178275663078 39.313168570183116 11.353885417370101 30.81301112137493 22.534503523910455 49.25072804643097 28.31709918469846 6.624311074334024 46.983136430630076 23.971316975587147 18.34581329433326 32.34442719905806 41.63272063962407 42.135093256310704 6.302292554586689 8.241801234091096 13.313028744385415 46.94623547319293 17.31761630024763 12.390660620912334 29.054258459311377 10.015743289781318 25.976001570162367 28.996006894957162 39.61206242129461 6.865622042466288 37.16546290187666 14.536097728053536 10.714939307345071 47.69771095394962 26.6693640650289 43.4296646712118 40.92009858700917 17.71441918469869 21.93450322924089 36.62250423653713 28.884338231204605 44.805891299045314 8.425816569667386 30.58515526016726 58.80648298613635 30.687202892197433 18.056111618775283 24.926838678284465 28.696106254849557 25.232418282540742 7.627467373034321 27.33284084317145 93.60609157847061 66.91184743890642 50.86350144115901 55.603972295242826 77.40357353449708 81.94834685030449 49.49170423779167 24.045185264749954 33.19274001703656 63.40496790141395 79.10336112899392 44.67044269428449 11.331764679515674 25.616851146510307 59.82383276112857 85.95089970081487 55.8146966539634 35.18288696695192 41.89537776486892 68.31867819750921 100.52916570596929 76.21587938647532 62.50109608121606 66.32264606482086 85.35677699719713
20.702582785935995 27.279951915057122 0.0 11.960674501023577 14.594621495435007 59.068063728399345 38.97864840294359 27.769630180714426 18.853647975220365 19.89207278057817 9.66268968148848 8.910977835799805 34.37503314404162 42.76574945861259 16.473238217030584 37.43569452030852 15.538256850753868 18.757706946634666 25.890125713946215 32.04950869034412 61.54376750228132 41.57748869665384 22.465282839753357 8.515712924477203 16.124242190683773 42.29789509920622 58.48599060358366 26.287112957672882 45.89168362577248 31.085354146414687 72.00767692537191 41.966000973108024 30.31120001730269 79.83376454636478 54.684677937704755 65.23349986291193 32.09476327015891 22.071892113756526 60.259574914403544 67.55561280125448 47.15746659858237 55.78773462969795 64.71006106720938 46.136471190121334 35.285959282976904 40.84078164862731 69.63938672564838 16.938672964222892 67.31402686478245 68.37974462619388 17.14400007362618 12.989500333851975 12.19911453461319 20.70465168050986 29.42317792843895 54.51723042844302 43.231888670058595 23.549190497214468 50.59299234724802 29.712750148366638 71.70568162325894 7.541466027871261 29.946615467773416 59.22795527956792 64.69604854369057 39.88324994658173 28.713461194560253 25.14684586528464 30.637213016792742 28.52832217279378 10.031599921682895 38.84843996427388 56.28651815434872 17.327036530737303 21.344768168055055 40.188955939950404 65.41036348746049 21.763853234465405 63.38453150033966 24.11818303150568 33.39840330190933 22.08651113926208 16.834198863154658 68.25535402263192 57.00103126072251 29.901092886048627 29.441820767116784 16.85609786460258 54.970133446691676 66.25697516420158 23.536030658232498 49.79537442600393 80.43770909648478 54.787882378899376 12.929786293446446 49.597752703347496 54.529068951407496 39.33174322205915 25.325649017459632 45.6141181531754 66.32823783339735 41.25145019511176 37.39999122772737 59.081864696867505 89.31631608712475 56.56295464545865 22.64138702100626 14.857671949831518 48.20499835938693 82.59265560202087 59.97929466539876 30.118516764856196 24.730144427555377 52.06611914155436 84.88243168700875 74.79208688011829 53.71347589696956 50.70725567205182 68.20645947855094 95.53964361660734 95.85549178227902 80.29045067612078 78.09977629103948 90.26256735784845 112.20438714851076
30.424085822476673 34.8118666164703 11.960674501023577 0.0 24.410943939127403 59.917657928029115 47.05300740321554 30.40568499838084 30.799494241505144 30.182975583984586 21.40657750346207 20.74523219911366 45.517648840151395 51.8611401888289 9.97804238337183 48.793737663408386 25.262615299276682 19.83010584182157 35.600881575392414 40.58153446404264 70.7206310175827 49.96554353042063 33.818320068078975 19.316533015758434 11.449863570491686 54.127338380587375 62.17492155967751 34.523092300673305 50.8641335562313 36.953410576231086 75.18771413859598 49.808720545373376 42.26831381102383 81.73189720280376 66.23062201680486 67.04870753685296 43.975553918743465 27.079717135288522 66.50678858107742 70.24481497729104 55.58652111608077 58.537100209601114 69.19623931961269 48.81549785937729 42.31977233341984 46.94358433511179 74.48364256127222 22.597400753764575 69.80174932718943 71.13360749075908 27.707127067852944 23.91728609138794 13.058650836245826 9.211923391842161 39.590162957125266 57.475320262274444 53.62570731526772 26.203356569259352 60.76080108161479 35.19275216918157 74.70177777984121 19.49321292897072 41.2137385958819 67.11396578447813 66.75524094870507 51.532305546295994 37.82655663021069 30.067540438346605 41.064027226296496 36.80613994987021 19.54451273298214 47.11567804425278 63.482175555513095 25.11317960008182 17.82680017948947 51.8750150075207 69.51765776828907 28.223270829786966 67.9751359563775 35.126542882432716 42.88208361503427 25.15749102230147 12.941060475271584 71.43550757624413 68.45541679183727 31.043727588220385 41.11668940452328 26.227358526335916 59.6940959741032 67.2666657421711 33.29432682186447 50.642742084421705 81.05077980625472 57.98765415231534 24.241565453578772 53.47137532053879 59.038153257776244 50.70186270452608 30.462882571121124 56.54987517287636 61.429572585728856 32.14179023603998 26.219093157719662 52.31281762061787 84.73880341112582 57.04203551190595 22.761115139312803 13.311530831299642 47.23536056182818 81.73136280140862 65.81721345821113 39.828156001430685 35.149558943076464 57.267216081568954 87.85447991744753 83.7129987770993 65.09742280392818 62.147115594084674 76.69181656069189 101.46815612003586 106.21451310962172 92.04397791483302 89.76281751259498 100.18648316010953 120.04998070769447
6.145414646326275 13.531895533037387 14.594621495435007 24.410943939127403 0.0 49.848087762796084 24.563339668167604 39.55367859889608 12.873838043534153 5.816457282613095 7.924359638215994 8.740795512222826 32.754516115054784 28.175628674626857 23.198951998321014 34.601121658916036 0.9480064131160244 16.20338925143437 11.367364214781954 37.05560577591315 46.98027238804977 27.05123791305068 22.03485392986059 6.2412356978733845 21.41043685343672 31.874381304755985 46.57348075392656 12.06515402427526 33.3097590915342 18.58883459535333 60.21365230845323 27.606272108472062 23.297049321209723 69.00791285289273 42.66088667609819 54.82710495933601 26.407243807516544 12.43337784811665 46.46416637969414 56.27920761253674 32.60294656228661 44.8123156789563 52.014517672115396 35.70180423872738 21.510484511821893 27.542159021261906 56.60903508765617 8.955324913842121 56.224191489725506 57.02673874099176 3.8276276854773705 3.6113903404663663 15.106592534256096 31.132860167835325 15.191593141080498 43.39417578660367 29.216996119513134 35.724148365437486 36.40273406526154 17.782664951967593 60.07228578584401 10.441022233083148 17.54941298779466 44.752314868623046 54.07361982073428 35.34012754972855 14.123095260789885 14.712931389003286 16.65905261472839 34.42603495672914 4.879922566567755 24.37082624579117 42.06059878763605 5.3219018778429 22.93301361431415 28.982239785835972 52.99221409360128 10.13378301540202 50.63499594942535 11.281771727505415 18.844086393189077 34.170235088667795 20.97695479632129 56.536381987351994 44.6786366110537 23.188744838618646 18.68073363161752 23.481537164033277 42.30175158976818 56.60818142617792 9.015750884865733 41.06288355503804 70.81223008195913 43.42994562918895 5.13472057122657 37.827950935429136 42.04385401442529 26.98318288049725 14.565913307395759 32.267932770670875 80.54596630410141 55.61207469105766 45.74457820607675 59.05288680233899 85.30377403253858 68.43886920397377 36.13162238695276 17.943180500244555 41.63255443077319 74.42734525783393 66.88807327928384 33.12939738140045 10.768097393269214 39.10497665110796 73.05681900455332 76.53803802504073 49.68805965269487 38.400011247345105 53.61943714964362 81.67222784396795 93.99984308070688 73.61694401970524 66.31520523079821 75.96529795949364 97.66531929731866
47.537552637640076 38.55299175639182 59.068063728399345 59.917657928029115 49.848087762796084 0.0 37.12508246115881 86.83578881141595 61.39107334267282 49.761471577645196 57.3938900582173 58.02234879910029 80.47003919168607 42.70906087131531 50.44351132990538 81.19929842079928 49.261946635340514 40.84854564724648 46.33414356656358 86.89290894449874 49.45526055181845 38.59315194491675 71.33221153880751 54.28856409047084 48.56851266499725 67.74863738055221 14.51073217923311 40.985594129788076 22.111680563579167 32.356907889872346 19.27703888129874 35.756875436862686 67.95003832156065 22.226903795719377 69.34437430318555 8.400274033454405 71.710743850505 37.8832950142056 29.349770105080008 13.725280555166593 39.29778916084095 9.657105734517653 21.06994872587886 14.619954469344705 33.63849364464867 28.260271710983336 25.82203955426166 42.75086377431207 12.684721458564557 14.624090703072545 51.325050134716214 53.459478101153294 48.06232074463983 58.291183830259584 48.19652534990938 10.88870368007903 51.736414008254 82.5968436996974 52.45463631609135 32.48286247306984 18.26125759601344 59.30445994784629 55.61106873734506 39.22811903993754 8.932341446962795 80.17701549888466 43.340737247578915 35.206728795250896 49.71215467410215 84.25295980487874 51.3992708168107 38.069504783301035 33.79780944115246 44.62886527846018 42.40915633653398 63.97407440900205 19.373307168281915 39.71515301527299 21.02599303688693 52.96948600842116 44.48821963645277 81.14919794731706 47.03392194320748 16.44521479966371 69.32016562315661 29.328340053682872 59.695173135881994 73.00615914195919 19.58420302303531 7.350568615303868 46.9740818222472 9.329543505280366 21.374800476791997 11.961522340095575 54.97061484936415 16.371217269475025 18.45578928289471 59.41437926524684 35.2998238037669 57.32604735923795 120.94156388817925 88.55566832301757 58.755248947052486 38.171724311682816 43.09072019517907 115.49996216458027 81.03899897275214 46.78942560201041 14.353892888910044 24.852988416605175 116.7319953942046 82.76959169007868 49.70009368946573 22.00547117450377 29.886947908566118 124.43953520203301 93.23383470713718 65.53403660795229 47.87153625005482 51.80222023676536 137.53782060282495 109.96563646206687 87.53843100962206 75.02172488178665 77.38403004823134
18.85409952332207 12.258509365716316 38.97864840294359 47.05300740321554 24.563339668167604 37.12508246115881 0.0 63.37062736593414 30.523517097677004 20.459161906854156 31.847673297402157 32.775972994338886 46.50647905207596 7.00449981077778 42.13227695720585 46.36282185684812 23.620149750051304 30.313119205134345 14.408774225167573 56.616418951346084 24.245891656730645 3.1967393903118664 40.14750304353841 30.80309217863478 39.810900416594784 30.67555237695227 27.71775411546457 12.722618644793695 15.145111345295955 12.55090338968919 40.412752689253864 3.1062063216843905 33.101323400577755 50.77338465164484 33.27096202531916 38.67035785997586 36.8135698300573 21.1464889465663 22.748890958274476 37.95594519569292 8.608604306900581 28.704884488799664 30.64282690620714 23.414645616934042 6.233801332479925 8.931679539999708 34.23280236800304 24.645447500616058 38.339207684420494 38.46139909608298 23.204479492260944 27.20799143458229 34.709885895426865 51.458388968358875 13.529247581987763 27.16367363619982 15.121534588638912 59.79110253311066 18.433134606919296 14.499792470993729 40.64038014387427 34.63602160238011 20.1603122738937 20.259407722573957 37.50114965517311 44.48251956354043 10.874780809240082 18.965838812657783 14.280870917879788 54.985048772670574 28.949434719879182 0.945851675078105 17.61466699902501 22.06564201896124 37.363161527312855 26.92483547348703 32.22468716954857 19.041438822704333 29.22299457950173 20.160312273893716 8.558465216351031 58.23603948561904 38.62303526229854 37.16204177994887 33.82367562252239 26.181913061398934 24.473829816947188 45.92546336768749 21.910888276583098 41.961481841389784 16.442007032588307 31.377041051277967 54.95449025426851 26.559966879436377 28.14843769863999 21.012355277143477 22.226002864806684 22.321560303525604 18.371673107479445 20.747219104302406 105.10865944164608 79.1227740822107 62.19148397211884 62.20877905765995 79.16355170174201 91.8536198495653 60.610736358317496 36.12574739545148 36.487152107061156 61.256748966165645 86.09078657639076 51.55211538318064 17.27633511866107 18.280508671916902 52.58076004581809 89.28324111889964 56.67759196374238 29.12121297134415 29.640917450305672 57.48013794281899 100.58168952992973 73.06035862819328 54.34848518026082 54.44723854752268 73.28061022576235
44.62128300480582 53.08356536748563 27.769630180714426 30.40568499838084 39.55367859889608 86.83578881141595 63.37062736593414 0.0 34.307744998875386 42.91298640502337 31.74017186341414 30.86000820068967 33.59592330341577 65.32089456986623 40.04900740022265 37.407594598680774 40.423720448947435 46.273447885709984 49.01890326890963 19.67558229466674 82.86084690572918 65.37414886559286 27.88266634787074 33.730726445796094 40.93799416840313 54.00757644414579 85.74480724255592 51.47592547251307 72.73012483985917 57.86871238376588 99.35539935983273 66.47621960405846 40.191221248589905 107.49775321830731 67.73916189849402 92.9442759904548 39.15565571919987 49.565427871060024 85.83221357347125 95.08362139165077 70.56341002160882 83.36473318355951 91.51463899816916 73.78841572009772 61.022607389735015 67.09486968181697 96.16153721228984 44.46332812801866 94.89437176820222 95.88573818221957 40.2017654576544 36.395257470051774 39.24840635718824 37.792114960639886 51.09630928554454 82.05052495534063 62.68660686224964 4.3144969660074715 70.09997301559085 56.752207995555096 99.11935180254963 29.112735761912887 47.93593791376813 82.91007544312276 92.37228219229871 41.92810696646128 52.49820568928396 52.56475361525167 51.47588455800811 16.83419858737231 36.360294386116344 62.99260393035159 80.9726632155751 43.85088609100304 47.188471903528146 53.784169999247204 92.41018506695022 48.70892214711619 90.14561198121697 44.322784174780374 56.03891210049712 5.690452784629573 42.18703416324888 95.62664900107366 70.51160496813638 57.61583444437178 45.089194115599874 18.21471724864053 81.77724385221799 94.02556634455063 46.92863090198646 77.555200090104 108.2067752431927 82.25102678894378 35.2965772880403 76.88419857510281 81.45993031009975 55.2755084928033 52.666182650692875 62.910609356763885 44.45523978782719 34.628611789990295 53.073955212351585 82.64006441412789 115.05106399796469 28.971846810541923 8.524615693090333 41.24104734858055 75.65601528419013 110.18936001043836 36.23012499498563 23.271914022139672 46.533713782795544 78.63863913808194 112.2387149029822 58.275239602310236 51.047553344246474 64.88840960459922 90.60884363928567 120.84793434040822 84.19853964787798 79.15404813532166 88.52154742317857 108.63469585216458 134.76520947748577
13.874018017788265 23.070133241563823 18.853647975220365 30.799494241505144 12.873838043534153 61.39107334267282 30.523517097677004 34.307744998875386 0.0 11.654393700108237 9.662689681488395 10.153511030358388 19.9043204647053 31.342749355663805 33.141825503897735 21.756342322097353 13.059486273067085 28.695475594285696 16.408051023352368 26.325899757140874 48.55313468854531 31.994457984739096 10.03751257127042 12.929786293446366 31.87203594085175 23.628055906834444 56.248567893011504 20.77965331525106 42.71953974281421 29.13285654792514 69.71082606500909 33.570463371403854 11.668735445643668 79.25065164065583 36.56575785171306 65.58943824829507 14.115166625885166 25.0705594300129 53.261830757055385 66.33888488554531 36.81195502389601 55.367667038472135 60.61828339322427 46.891269495483286 29.8748771193042 36.27663650201265 64.60900326340061 21.80962570507507 66.4440489966011 67.00477263731698 10.237738297184686 9.887260672259458 25.85646579451056 39.254929323610604 17.3061086740372 53.87078846539728 28.438923492195702 31.365861537143772 35.90418201623105 28.910344782032173 69.73305770266896 11.312196599742355 13.703786665915265 49.068102849591774 64.69604854369055 22.817061237295487 20.005145147758025 26.954294216612045 17.364232067819795 24.478512475134277 14.794237245348526 29.965429753340892 47.73636609561401 17.995220286052465 34.78682027920736 21.906073916134122 61.93385701707307 22.298770789476556 59.1995115124505 10.441022233083176 22.424888035649765 29.88419405338321 31.86414527862062 66.17789476478013 39.06278075445497 35.96773495323198 11.54706427786598 16.135186709515775 51.22928297275552 67.8192193964216 14.95059978015151 52.9799570516422 81.86601211987335 53.71158588607629 8.515712924477132 47.91860647569271 51.21407506166475 21.997558098705742 26.683629632042702 29.22874812564977 78.12572250452965 58.22567819933387 55.42226865502442 71.74833308395723 98.07556226181778 61.88406982890088 33.72115505209655 28.973017242122907 54.19037173540543 86.18931650675988 56.15894365414102 21.62197077850063 13.268255808131311 47.74345952986963 82.32668806295723 63.84538864825513 37.16783433465715 32.886146319048464 56.3594338462329 87.5563213023935 81.22072117305312 62.280645740648794 59.63002383092713 75.01592012831543 100.46802687607281
2.2239421348560877 11.449466973433873 19.89207278057817 30.182975583984586 5.816457282613095 49.761471577645196 20.459161906854156 42.91298640502337 11.654393700108237 0.0 11.537856233936886 12.48377804963096 30.99957163089995 23.143628212129673 28.831573087695766 32.258325073407455 5.0628890419166686 20.666170200966206 6.237304855368394 37.74655318100481 41.7552298415123 22.578939174397192 21.669661014341703 11.377847440342807 26.947253366589305 26.67791891852241 44.8123156789563 9.246985775022527 31.303707427154894 17.478472474325127 58.35693801746985 23.564122139043672 19.826760459307536 67.71368871173001 36.96802630759705 53.95725678486622 23.31116886548285 14.570618994744859 43.002543299759665 54.82706099795288 27.96091687039438 43.75027895883167 49.55527371900296 35.24129035088834 18.662154010161185 25.020701710550487 53.814344441549025 12.89591173023893 54.89754553804833 55.51326345969006 2.844019176063093 7.0673788459192535 20.675256611240886 36.92885789177549 9.541500310065231 42.261950640063446 23.48846624768463 39.34510593454884 30.756712593871153 17.300442359087782 58.3304525691812 14.37701358924886 11.990930028159601 40.271133546830605 53.07954908971611 32.27421135918121 9.594132052751398 15.8727154898451 10.889734476709044 35.587609363234215 10.64114312588593 20.10265803995928 38.06874406224847 8.313784701516203 27.838541978583063 23.584117767395554 50.747484874381485 11.368886848193645 48.14689188714008 5.816457282613095 13.68388673208746 37.7913980374667 26.39273723589097 54.77413806589026 38.93341179548112 25.46031891294813 13.77084091756428 25.677135997521145 40.00824633198068 56.16491026380954 4.02222682470003 41.45051964239643 70.21689365064904 42.13320272108708 7.76208480627362 36.36224745036032 39.911076240385796 21.301777823595973 15.511260556353724 26.451481594021697 85.04886406869258 61.11300838619647 51.294181088622 62.6273816997052 87.22435192294722 71.47757451856846 40.373796971541985 23.364225585159407 43.087983534351096 74.57952363315475 67.66136895029177 33.225550469970734 4.966643535567756 36.609450694631015 71.06820808552021 75.10253781335702 46.43825056770957 32.67207546882772 48.71602801117715 77.935048115434 91.08223741824699 69.1932430624942 60.61532792805813 70.39540650403627 92.906354549734
12.994376082374176 21.384254048800692 9.66268968148848 21.40657750346207 7.924359638215994 57.3938900582173 31.847673297402157 31.74017186341414 9.662689681488395 11.537856233936886 0.0 0.9489648992811235 27.816961167935688 34.64519199808968 23.558565314971556 30.31730454296265 8.74071750602506 20.60955893240542 17.77513146229523 29.79005594922714 53.116375962354 34.085925225913265 16.14325793652709 3.7950605359713117 22.40644886647331 32.720997912445476 54.49260889904732 19.736337321429097 41.23153771462245 26.503727887019526 68.13347449146902 34.93890415418623 21.330277308119136 76.86133002972151 45.02221580719794 62.60737072756824 23.60582298471835 19.569645593823502 54.121050679208395 64.16578455261033 39.49631497057287 52.65146228119063 59.916439398404584 43.43011764931209 29.28579326732876 35.40717821873953 64.46554745533726 15.08422489024664 64.09324415584632 64.9202298369769 8.706047839119396 4.664855166250114 16.61228768376267 29.64581859493285 20.706077409493727 51.248246749543746 34.11094992295967 28.00754081246306 41.56588572095101 25.63761790003346 67.98552469070061 2.8471343236502356 20.38432397956608 51.79607596688118 61.883674032843594 32.01891878852398 21.05770988672667 22.19232178056995 21.660819082819856 26.92279480900236 6.498355526871263 31.548938646826965 49.4533903450339 12.818862239513459 25.88114009743849 30.536788158051806 60.9109591075225 17.793700513194043 58.53309543127348 14.788089761861366 25.182151465977118 26.4507394480578 22.527183147193423 64.45212234646651 47.34577739694358 29.710542988938208 19.78382346794029 15.661398200131131 50.21313040157508 64.26237769242111 15.523684458827388 48.451693085531794 78.49009393509509 51.308940219928395 3.7950605359713117 45.732840274895274 49.96444422626708 29.704748343422054 22.1303885648174 36.15378667942498 73.51341434215661 50.515343930164626 45.76235715642978 63.49332381287578 91.45177133616248 60.565556686430604 28.839275002026245 19.75018983258673 48.40749223108551 81.80067053257149 59.409043568911045 26.34815968413106 15.933246883399077 46.99322259969936 80.97968486517117 70.62558610385278 46.25335721828528 41.05601333322678 60.22161524916308 89.23291539881548 89.68678974284865 71.88229006533183 68.44831165339738 81.22834163208017 104.43026367692067
13.921874391007213 22.23958314794125 8.910977835799805 20.74523219911366 8.740795512222826 58.02234879910029 32.775972994338886 30.86000820068967 10.153511030358388 12.48377804963096 0.9489648992811235 0.0 27.832193427413443 35.59399851996711 23.250477958939666 30.42669722035247 9.581514510777541 20.8145062258376 18.721069890880884 29.30908384692212 54.06293628546071 35.025483862290535 16.05569839038146 4.024598443248933 22.18124876446078 33.403839194910425 55.27935801832489 20.62468839814113 42.04749478216392 27.289296804091958 68.92065124098025 35.86533603333111 21.79353201881889 77.59468571439456 45.798772956399965 63.309350768271926 23.95350348518057 20.161437647644718 55.021573504628655 64.92030414401634 40.44058501627523 53.38079402135024 60.75339043606224 44.118689751361394 30.16264862994387 36.261301142279244 65.32459050860258 15.56878336459034 64.83663455090799 65.6796882044131 9.64987719866194 5.576544916444427 16.51487710718323 29.102034733448274 21.65154246451993 51.985296097981475 35.03222973043547 27.103845712331697 42.492126020231645 26.385258134637215 68.76310113986749 1.8981694743511817 21.24250445978737 52.73776364838613 62.59807958936996 32.25944821350678 21.995103419056 22.839222240067937 22.59647979649969 26.371545672060613 6.876485476484473 32.48237721027147 50.37861135416819 13.514825363494356 25.863920698512672 31.280686045852477 61.73182559654492 18.493971550045053 59.372561276591846 15.70026466209185 26.13088901844581 25.547181487920835 22.366227707865082 65.23310923581415 48.140894890235444 30.1626486299439 20.53953151899061 14.990398572995968 51.04248174954671 64.92030414401634 16.46581726909125 49.04456387268671 79.15289435139245 52.060092173137626 4.744025268580719 46.50387705851644 50.782477554800174 30.52871669181845 22.7962485262187 37.031384145974876 72.56625882281962 49.63045686423795 45.33562760689217 63.578868860385725 91.78258305897535 59.7099425674925 27.89643313198458 19.646735310216073 48.87358102307982 82.37784363771449 58.841170765745005 26.003129064332118 16.878789845089333 47.83801682333877 81.7735265348425 70.40515752368633 46.4439803564637 41.85717325930366 61.17045963359846 90.14682382816167 89.7162215440404 72.25488182777465 69.19030384277897 82.14980829108808 105.37858660748707
33.190310379598145 41.923915017783536 34.37503314404162 45.517648840151395 32.754516115054784 80.47003919168607 46.50647905207596 33.59592330341577 19.9043204647053 30.99957163089995 27.816961167935688 27.832193427413443 0.0 44.851828304740025 50.59288074667598 3.8532358024219837 32.96366169781857 48.203337754969034 34.230275629672086 15.601035194579948 58.1890713013737 46.983931630195805 11.950332243978801 31.5865803729236 49.80061228956802 23.844360294944867 73.8448627337272 39.484694920248494 60.48525063035959 48.13279584321465 86.88053150651749 49.22414678413448 13.514825363494356 97.01270287296977 36.75376361429742 83.98136626984817 10.03778497265557 44.95703938437232 68.28829731202588 84.09239450837626 50.56499071567626 73.72350442589665 77.1278126875708 65.85883883772144 47.59372115896054 53.8320734193526 80.41643647071334 41.64744755154953 84.34220758853711 84.6729074282402 30.050601713718656 29.572155493894712 44.338278889755706 54.68812092836901 33.20536020117706 72.18790227266727 38.445143614591515 32.99903433444016 44.66706412126151 48.20031913930109 87.05954568122907 27.96020056087373 26.385904204878713 61.79700839659743 82.97646726445912 8.36486526779031 37.48028589972013 46.72674217052079 32.23017136249988 17.0648656851553 34.007490973716685 45.73494705226411 61.96276800634835 37.89812114045621 53.68868373159853 25.29967086371396 78.73076280844451 42.09646394130111 75.71108474976725 27.55934146725685 37.95470624691517 32.093953700555794 50.114344208022494 83.54623833810415 39.595386416347466 55.86958719213789 22.086401096000696 20.39107113423029 68.31114229126513 86.57608392555247 33.498716192582904 72.39155442727855 100.37793530587221 71.87308055278588 28.080901879859557 66.05276354269282 68.50557906879891 28.749086961497884 46.41786980480416 36.1696853352886 76.96153281337673 65.79664144460429 71.62463567315027 91.24554105315256 117.96685552748296 54.6982543664451 37.748069907005714 47.463264586794736 73.99616977322465 105.32298774934003 40.8154534373706 10.539762165089721 30.840309489101244 64.69942463380204 99.07451318138502 44.103964997660164 19.69219527185976 35.00360984424705 66.76503704009946 100.42278108532977 61.884235337349345 47.48672305825127 55.45385289742306 79.31003332497468 109.08640437718783
22.0702703370421 17.785730592072152 42.76574945861259 51.8611401888289 28.175628674626857 42.70906087131531 7.00449981077778 65.32089456986623 31.342749355663805 23.143628212129673 34.64519199808968 35.59399851996711 44.851828304740025 0.0 47.81392547348521 44.14115076052158 27.235864709148306 36.36034969557029 16.94340396199606 56.48766653868452 18.873202972815292 4.3065102657180265 40.21485379809014 34.310543281528574 45.54060718717029 26.174456487130435 31.79284610935349 17.45865012575056 20.628184964497382 19.33226598769009 43.452830773493254 7.04833675498711 31.353833784306435 54.251939720657454 26.818444514662268 43.26670811293858 34.859654882985716 27.165259044091716 23.50601855041877 41.7724145260912 5.724469741742847 33.74904374585052 33.16809042809451 29.66812017869272 13.170575047265547 15.243407434212541 35.829651966978155 30.026985872993848 42.321655792068896 42.155349058818175 25.9872976489561 30.204077866616924 40.07224113537943 56.984627755896085 14.22703366604649 32.255781614986766 9.06410956346881 62.0187031265602 11.429433886556282 21.217108835518776 43.8580041069408 37.49186220132814 18.870562642844043 17.734109926731914 42.00020228114765 41.640063790798074 14.112268190693008 25.3216064698349 13.98360938075284 55.30095714149983 32.90793104825626 6.276055118315156 17.11664825470817 26.777248131494755 43.61565853708636 22.620551846749095 35.05747629756739 24.62733746441802 31.79785229175597 21.025899439678955 9.463699083683512 60.48124219747256 44.452342713586376 40.53314898788267 27.14510179908682 33.07605929142414 22.975704186830423 47.36126919612124 25.644147065816274 46.91113287402916 19.27624751409069 37.70881308689062 59.2240669747635 31.480060005139812 30.850810865507018 26.347610306234582 26.24007050423795 17.974402676957467 24.706775544586982 14.618122919556939 108.1369948435253 83.64500220743416 68.51372301200921 69.18483356794141 85.28610237767032 93.22621773442317 63.41603799661658 41.79575219569897 43.208804114178896 66.19623425296128 85.29073802210247 51.16632891186805 18.876665353193417 22.12500472371935 54.93227859663964 86.27767777812868 52.780346626603496 22.859157912526758 25.576669334536618 56.39716066746906 95.91194427201843 67.2673737475068 47.38684571290961 48.5895233781936 69.79387850911264
28.331292162945495 30.065942166889347 16.473238217030584 9.97804238337183 23.198951998321014 50.44351132990538 42.13227695720585 40.04900740022265 33.141825503897735 28.831573087695766 23.558565314971556 23.250477958939666 50.59288074667598 47.81392547348521 0.0 53.46293842124159 23.812451492620358 12.222402726487953 33.05378192921838 48.17027624404895 66.33621153032466 45.24135948259003 38.6426053482088 20.256627803809234 2.3572475771810395 54.93909784345165 53.78706919534837 30.46043856227632 43.41041604884132 30.683622744566126 66.43232471529987 44.571958797625136 44.77773907254418 72.45063117236138 65.79950102873218 57.825288473263434 47.164122280476356 21.050681439417197 59.58737483726926 61.32292175347557 50.73139035724145 49.75989622854922 61.13727631581763 40.163510803890205 36.68014219899836 40.38075063715774 66.566752586683 17.838312862248717 60.80354518178903 62.23078537881295 26.98836972245497 24.205434245323374 8.176590361834396 9.434767003401271 37.37903628092374 48.804831009165035 51.18306614327455 35.78071403131406 57.81065703035805 28.74934276150598 65.87160113915354 22.74004089709659 40.74182417963658 61.49495432773699 57.620122062588365 55.498628892794365 34.43518515350853 23.63547477569145 39.14352781066647 44.52199107621201 19.02056996277726 42.377605357102695 57.33759087513256 21.717046189004453 8.046580700593454 52.15752155353321 61.25374314276818 23.201500003117857 59.9884633668198 34.475985099304246 39.63301449583654 34.626024184864136 3.791227008408309 62.71053622670326 67.73746808493495 22.257795302761803 41.68465663719401 33.12303574186318 51.90358684072498 57.790123497513 30.983079483201013 41.25354722940761 71.41423055783707 49.42125312493971 25.111181088275192 45.31939172235982 51.134696515685455 50.131392661919804 24.151272391156777 54.92751220314323 70.52699115193688 39.301995000087246 22.584986914238893 43.24766987752073 75.00323165444264 67.01752972376127 32.65536241151189 6.020790327136841 37.42968014944642 71.8370782674157 74.84825534212675 46.55193178810973 33.56688451272084 49.81186079683225 78.93376700353566 91.1412591663674 69.61833595609738 61.493710210112326 71.49139952147196 93.99651126889218 112.270201537624 95.42070086334117 89.44450377950642 96.38581568023514 113.90710590300307
34.39269098371782 42.780110885824726 37.43569452030852 48.793737663408386 34.601121658916036 81.19929842079928 46.36282185684812 37.407594598680774 21.756342322097353 32.258325073407455 30.31730454296265 30.42669722035247 3.8532358024219837 44.14115076052158 53.46293842124159 0.0 34.71596477322788 50.39314113998922 34.86661878374341 19.06538896205728 56.47792936306754 46.57821172347512 14.995425827418027 34.02762562264345 52.5584716400926 21.531897369110887 73.94253115961303 40.313958464139645 60.72775178783301 48.98849032370873 86.76980484424503 48.950532420044375 13.34988849094602 97.08430260790628 33.90385739070386 84.35413733586745 9.584554881796542 46.547184332249856 67.64642688017705 84.20308949573348 49.80724385125859 74.12033461421295 76.8469479006412 66.581487232068 47.94801443948486 54.05979775195034 79.9105844470373 43.55263041409902 84.5078576074392 84.74917478149973 31.622793477697975 31.6126553897447 46.92433966899693 57.92191794264903 33.3677887283473 72.57521638198475 37.17935091833803 36.85103432601848 43.00979796058402 49.20950260176017 87.00270278718659 30.733130384205847 26.22518961294754 60.66808438482001 83.30394694293584 4.735302731522276 37.93235028897951 48.11701380104363 32.193252095876936 20.788133882629616 36.29361569475423 45.548272764659096 61.175569330781244 39.59232125229753 56.17028042503197 23.455594703466783 78.53197675060254 43.54395996762165 75.43852969352503 28.258038118097964 37.87810958077191 35.94693514549758 52.790712517930615 83.51795828419962 36.73205377124189 57.499291457319806 21.92501605096549 24.069994575585056 68.26379449386228 87.11346016959374 34.386113032362495 73.3589753430044 100.76037134196083 72.19719932926188 30.178141269641813 66.39727218235645 68.52685551867333 27.291695144612664 47.767713132765515 34.414631122869075 80.59467227463774 69.62516572470277 74.79696593826291 93.46800753462416 119.46845046302035 57.872325992251405 41.59615993561013 50.06092331906472 75.34436065163744 106.02957340142794 42.51786160300474 14.245974566863879 31.51155555499416 64.63636423619201 98.78052508359477 43.2582520641693 16.305607533907207 32.48567642686229 65.11232893388727 99.08966371806514 59.49559601545223 43.80652988619803 51.89523664146187 76.56393747163493 106.89141623524412
5.2270411590518515 12.66143170400973 15.538256850753868 25.262615299276682 0.9480064131160244 49.261946635340514 23.620149750051304 40.423720448947435 13.059486273067085 5.0628890419166686 8.74071750602506 9.581514510777541 32.96366169781857 27.235864709148306 23.812451492620358 34.71596477322788 0.0 16.386258704893987 10.451241492197752 37.63108233958809 46.046858158261706 26.103447934724713 22.42556126051602 7.1869607286642925 21.974396471900377 31.39180302513838 45.79543032493079 11.14591744580394 32.4976037221385 17.82656255785829 59.43308336685946 26.66566209549117 23.180997922167425 68.28825534642706 42.00096331191522 54.14869434542348 26.370389134350365 12.064646279135363 45.55417701677012 55.53765532912167 31.65498827898741 44.1054076718383 51.17648410497661 35.05432743821173 20.617822845740847 26.680967855259762 55.746014152567575 8.934351826040436 55.49585506902927 56.279174156030095 3.4416125718704778 4.267839588471826 15.680733257692687 31.86844027681896 14.327851955499773 42.67839588471968 28.36419113492173 36.612825279786115 35.52341210451297 17.08280251553492 59.302915878585345 11.314495382463086 16.935962551490924 43.80542260018644 53.38062877100098 35.328191330821866 13.177214696125207 14.206388926224333 15.83262336590971 35.058136410461714 5.765971109512967 23.42465631223814 41.125298994520364 4.948749433539554 23.264485694833446 28.43580946015339 52.17289499114247 9.579871119814555 49.7940075459533 10.677698883985618 17.915600669732054 35.05809190422611 21.486879736816174 55.76352883848842 43.98772704325283 22.915015130244207 18.250217853306342 24.217089030047582 41.47256601619778 55.98158261363192 8.103960046317281 40.531481084250316 70.17349142420109 42.6965808728748 5.724905392060365 37.071927639031 41.228374351930476 26.32608949610368 14.026236413976513 31.489763927981972 81.48859664035596 56.530331697312405 46.3225401334687 59.08205608030582 85.03183686143015 69.29119759553714 37.06004893043378 18.451889335359603 41.259484294468905 73.88549045138284 67.49629817425657 33.618182991414166 9.973302457897153 38.25707607834677 72.26751380850665 76.83648885079894 49.657802479685515 37.7196925574336 52.67332909313056 80.75277407072709 94.05041359224855 73.352000852824 65.65303854456528 75.06594847752812 96.71732771379324
