0.0 50.57938700143584 54.257584158121134 58.04098407085905 39.87878279470166 50.27790342074061 59.77033634815828 40.646616939237646 65.86591539351555 53.54653901155566 64.29775571532183 47.03255253764133 83.09721446916775 67.87451177551605 34.096505720749896 39.92287312738301 53.43789451515755 43.12861302760035 44.59356712205851 37.14655869413986 43.88319842775329 56.894718197283645 41.78129300541243 82.77332526514417 56.93352265600951 42.77832477456677 63.350118422923295 74.15107679192579 55.61252945098245 67.7432687563756 51.255593984248854 0.7113065980788735 35.68257781099961 57.09141627619786 62.6005378308831 77.70276720104656 49.3356165002883 37.82655663021069 46.95937879409419 54.856841201180416 49.80567110329042 47.08885255063602 34.376465924963775 51.14913002634858 38.8910027400344 48.18218115708296 56.792231163412524 53.57681008213576 61.25649855655061 40.59532498673101 4.706403977547103 39.43659105336803 43.70784385650612 48.94433765782573 45.654177880234805 49.68469546958353 49.715289990477075 31.32304319311268 58.11658555366465 53.53422026457517 63.51472192050812 44.319982187487355 83.80125159354789 65.66903279648379 38.20002363039303 60.84757164109566 51.994780821456835 33.54782071755978 50.840009986502274 67.52113319527967 61.31679848346345 50.37911637855533 50.59406289202116 85.60679001493803 63.92771639025002 37.85848266929543 59.643249823039724 75.84788954816261 59.54964970324357 73.2654518637202 55.655795044981886 52.22193136427724 48.86976416034677 65.50026813564662 57.50189100686038 66.24962023423448 39.477056888831335 10.350293553876051 60.17070748325098 59.33927841887256 40.691541813329046 40.413956383868914 37.45644860000544 54.811656446870444 71.63326616000667 45.0154789616205 65.2994043268732 60.74482186692714 49.01395451182212 18.714518477795526 76.46463429166413 42.208775396096485 10.543922020928449 28.907110039138185 62.88816166913609 78.64024174023234 45.999218752525486 21.03367006009148 34.11376660752603 65.42117022535918 90.06301270729064 63.4451258553735 48.3118126780135 55.114317622156825 78.3323322942351 107.83276872927382 86.65759516362051 76.06519141153397 80.35564478323154 97.58528429514186 129.35905761080795 112.10928892626661 103.91276598728818 106.87318000492941 120.16877160879545
50.57938700143584 0.0 88.28715815946813 20.65310326024293 55.70610206553046 48.69022729695859 22.08399938206864 32.1053775209498 16.412067525747787 5.0174700727270185 61.40102520408439 69.40346172739153 32.99510067171727 17.365305594915228 28.78326809114279 70.81417408869326 3.7162964614737786 78.97019633195006 67.43300510963773 37.719807432890796 44.316193342943855 60.34468774224348 71.87308055278588 74.21598292803878 66.02245693468154 48.405001149015796 20.255971890667688 25.06542282126023 85.2702288242318 58.44403564499022 35.23223213611588 50.10929513511328 31.396240005832453 68.63083063214602 15.05209567195892 44.030631296393615 8.027054258113996 52.93528945180313 23.276667150408823 10.901112576029917 84.5086929008212 42.74130128112068 67.8541490886349 3.2703789770357647 63.8296507056002 53.64269324170249 19.442794330612347 87.59909650785397 40.591644467662775 63.38794024575522 45.888590361720574 11.491069623099476 81.37221091242819 23.284884676268728 64.1668218409866 43.97290785991209 7.403898488203442 69.52389050666102 7.955845061566103 64.26408980718054 71.05241718618234 68.31029244357296 34.02510252662996 32.81931031353029 35.56532990393236 61.39824315847094 1.8581482914902134 71.22670137100893 66.8628202193943 42.828395263120086 54.53536048896653 75.27459773342511 83.83777804728211 77.62935881105146 71.75064969855838 38.41560257459881 19.483411933887144 25.436842415823197 35.44689244848406 59.762526059546104 35.81746325176163 5.187306300571639 17.331026458627626 76.33016071189893 11.531127762304884 25.31567304078526 13.520148890407356 60.91341005197242 47.645872205267544 12.573686613257578 73.5591169826174 76.2815866574451 65.20450516879076 4.562299970222565 31.62792078973276 51.308940219928395 27.445184522095126 88.13715410689646 67.64637101177568 55.30201870627399 118.90035714751043 87.97222788807723 61.12073380720202 46.12145483445043 53.976350052500386 110.99292750491662 77.05819021553174 44.17405782514367 18.962543940699636 34.097752760047676 109.89425751879939 75.48188002714842 41.390013354431446 11.117770227017456 30.478337232912065 115.79836997411607 83.77216312309622 54.96467331490493 37.67336571917005 47.03484698328352 127.73761184967167 99.49207012509625 76.64997202512248 65.1654514705768 70.79989816970998
54.257584158121134 88.28715815946813 0.0 103.82096458984984 34.713201594693366 49.96753612630774 83.23839087578375 58.989160632219 104.51161788689687 92.95637856057013 52.18982343652125 22.31765522942471 113.55721700905417 102.21518356489293 59.75700150239218 17.488001561703896 89.32171873153357 11.12909564799499 23.141702181242152 52.24755156742617 49.36372760525683 44.0889842429013 16.446613038249406 65.7443220038414 37.360755672937756 44.420790392685596 89.43974884196659 113.07347951182757 7.737006436443159 60.02391432237238 63.70005461314151 54.93826813826631 57.68800815209273 34.27769797717532 103.2165827870612 88.83136600589849 82.55919304578453 36.89116102566052 70.1267528033682 85.84597761762356 4.451946798758954 53.25599221585996 21.33919794235913 86.91727089251573 24.90654403654796 42.793110461142405 102.40808965754907 0.7113065980788735 69.33758488085857 26.03542910615657 56.06020037877292 77.70917318962204 11.206592403473731 71.59219440515989 28.13094795808133 54.196189550996316 83.23281610799768 22.938358645949094 93.18525792545708 35.55796855483332 39.885906259116794 21.821560922839424 113.1778041079127 81.75676915417019 54.7082534255979 47.709338088686984 88.78604799876032 20.713357532002053 29.328974161785236 75.16897487192483 55.76689282641776 17.04493919109944 4.451946798758903 66.68209396254967 39.61547905205271 51.86500835192243 85.13228786543058 111.72877421106608 71.95123038221686 66.46249283267701 67.41208330742909 86.80256796664708 75.94536976896308 36.2129469968242 98.91619270774585 89.15237078582959 74.80196903594123 51.43482401804823 61.38238486492711 90.32181557853518 14.990926165136923 13.880176495239844 23.120476634149533 90.86441521082426 91.41446217340551 42.83678586572975 111.66430188119075 12.234641589477985 26.467341898622998 37.250525491767064 34.06416133888261 26.154105505124747 51.01519851734043 83.16193132965739 116.72234688540759 24.492476162802305 11.344257359435842 45.302947057890435 79.81776681827853 114.38640145665522 40.63724772321554 34.21333853942849 55.53874925123204 85.98480275755952 118.73101298195593 65.68729550370492 61.721623697399636 75.49224021133551 99.91686189067433 129.08315809053326 92.68243889116252 89.697047911912 99.47755656207651 118.91470069889778 144.15382667764135
58.04098407085905 20.65310326024293 103.82096458984984 0.0 73.47851767637518 68.58280142481584 41.78700742027765 51.46869557742585 17.497428122831497 16.171753999579668 81.81444419402092 86.83541905735943 39.51544483190643 25.8911762666661 46.649149372344645 86.44908972285151 22.76339190953825 93.67538933985145 84.66615087937721 56.25858803909025 63.65648025724991 80.20341692150893 87.75934145862493 94.86506787595154 85.43718133441767 67.3108922825795 38.288358184908915 21.52516822011848 101.81087178120568 79.07682470789985 55.73819292256174 57.41306019940282 49.73865677796678 87.82158472219508 12.655799864699059 62.66591811578735 28.67301443846866 70.59512242584707 43.69995546413431 30.70044388436401 99.73816447031352 62.590565734162155 82.65301700500335 23.772329198925778 80.39938327936154 72.94808383561528 1.4226131961577468 103.11422905721666 61.20713627527161 80.38006117284908 53.809280926138506 27.283332498999062 95.621997967795 43.86038570227426 82.03736768681811 64.04708490558704 28.05692741978779 83.07864486857179 23.3223478334859 83.38998818541309 90.80967594176163 85.35906950821696 41.468276211727634 52.51095358946514 54.38212463588858 81.56319760527474 21.654689004398563 85.0336758504049 85.30658292522999 63.134653588834475 75.03691671081683 92.47828369642751 99.44034358709818 98.27768688922528 91.49580268487591 57.06522800321901 38.867257591634704 27.151234183625746 56.02128214475223 80.38941263787629 56.46743357191018 25.408138782753635 37.948630085829244 95.8526678861342 10.750448371848027 43.455106957154456 31.2061662166112 67.62758642528402 68.26519674162573 30.324909315552045 88.8372588188346 90.86697408288603 81.24208091244498 22.07841664698844 49.266346502102614 70.3414666678859 7.848558368979857 105.27337651564359 85.68416262988559 68.09935489223662 132.1458110140244 99.20564344995479 67.93993146982463 42.2461732848408 36.72157812864106 127.47703049412328 92.95585046779303 58.53238652714206 24.619986043323063 13.45735697874399 128.86342081018734 94.83094538864171 61.44006619951007 30.84966478259034 22.877247459346208 136.12001582287405 104.39393468990214 75.24851166168752 53.116790487467895 48.73662251791414 148.38771942816544 119.8175134249291 95.33258348040192 78.83596978527073 75.7407585338067
39.87878279470166 55.70610206553046 34.713201594693366 73.47851767637518 0.0 16.985191770785836 48.54402231221548 24.64884810127203 71.40666236413351 60.61846634548081 26.503927728502514 13.747732352784482 78.94733575087605 68.23261073163862 27.03691078084307 18.86716202768399 56.16566233797151 28.31385365144862 11.991810274375904 18.176624236543717 14.77224911499523 17.97076539358733 19.00405254133182 44.75268962373712 17.060495724787398 9.91708995972066 54.79330337830157 79.77458243136957 30.19160255258729 32.25091102673189 29.130693286143472 40.27380294698429 24.314021917589884 17.52616230384068 70.75181480004362 55.545981383831105 49.153163376528155 2.913832751689257 35.69868142309012 51.8222771614661 31.844093773937548 18.878317021880665 19.58503313259136 53.87139385192918 10.37517162560835 10.897784183681411 72.06021383527863 34.10209014638412 35.80730927212023 8.714963676992243 38.566652216826164 46.27291762761931 31.61735911753834 37.05359729649646 8.558863289360925 20.25359459797339 49.85313104233324 25.167399485269065 59.64668395019389 13.689219792046657 23.65623730185971 13.100017149539942 78.51305873992698 47.370051013234026 20.538759552634783 22.304514227096245 55.90501202350708 25.33649463197887 12.44624495870849 42.1092484446653 26.240868921335128 19.705790822248236 30.41156207982446 47.191359816915245 24.092115429685215 17.627171410243673 50.50565813327691 77.79957305360672 37.72287382702184 38.74836470977141 33.075559082478016 53.46328878436414 41.750979910293395 26.20062240692442 66.93536702619195 54.441762329088874 42.68297469430215 44.271931421214305 29.30909796110539 56.13859858110283 22.169831625812183 26.460399866657994 13.256538394255761 57.66909761725226 56.86066441814866 9.21748576960539 81.2414277826613 32.50950153008719 12.238950248885004 23.109389270028355 68.21565696371081 45.81287250051859 44.035024915175654 64.60780334168513 93.8300260368688 55.62763180501663 23.54120318582319 20.218654636985494 51.55822595784273 85.45500718582691 55.987658222352195 24.372193181022475 21.171676111842565 51.93578804662672 85.68116731392394 69.09360984050888 47.09844654003143 45.35877838020657 65.50871888406235 94.44672618333529 89.51126752129265 73.66732559831766 72.36185668308084 86.25750598583664 109.72343399421973
50.27790342074061 48.69022729695859 49.96753612630774 68.58280142481584 16.985191770785836 0.0 35.78711385594534 17.35920939974969 62.672228237323374 53.69161849919165 15.06930587668045 27.67375278586806 66.17839732693353 57.780416924227104 24.001042617237747 35.54312041696669 48.063575756205864 44.935634978462836 26.926774481507195 15.046482925865153 6.671691352326821 11.655226210487074 35.39848636443107 32.88716702764732 17.82710631428746 8.189102776790705 42.30415950129002 70.42209549153768 44.183223479970245 17.480972337603323 15.262072803471677 50.47932461901305 20.602213759336756 20.8664416121494 63.115333633490906 38.98558769736075 41.02190276623707 16.46853673020313 25.728905818741744 41.97172680542495 47.70933392478332 5.9932870253346655 36.56551195422622 46.13458615116982 27.119702408528926 7.190575913817456 67.22795503201806 49.43101023517301 19.374081974480482 25.058891166879828 47.614051309401205 41.945481559470856 48.31880734874735 26.325770184150173 21.837187596383426 5.018476853507355 41.72498022932839 42.009806354372195 50.564249426930935 16.941961864890125 22.371500069604988 28.320201358640475 65.39970504510211 32.151700408548834 15.706369779282413 13.315952960714965 48.34175050925693 42.28917315749499 21.683274360526656 25.3842980805803 11.044216299566799 33.34296377652561 45.94459172208123 35.94616695276203 23.07297195805807 14.10722670806878 38.31957672134353 67.21172666629946 22.265497291257855 23.321620618829318 18.002758088760327 45.16248125329358 32.106204607051964 27.805232898276177 60.211339750769206 40.79166636340353 37.6978393304066 56.95375261529027 12.336647393413166 45.59191148828422 38.83954272028089 43.27253816359913 30.15898095769264 49.399704363858426 42.03881056693767 7.767735987791937 75.9136505809695 44.94532082137304 23.900754487902088 37.032144693359086 83.97291698134224 62.782818531080785 56.80409958345133 70.04656356407483 94.76881509557863 68.10273153656226 39.37480267694632 29.28492314792806 50.59325010951484 81.58790219251154 61.80803579997014 27.205426118393667 7.408882825153018 42.00597924999341 76.60918648821148 67.81040647371266 38.87170041521735 28.61129713225024 50.20998822437035 81.35305080095334 83.49845161483472 62.15265539433423 56.113342178429725 69.4928429128074 94.3641706823571
59.77033634815828 22.08399938206864 83.23839087578375 41.78700742027765 48.54402231221548 35.78711385594534 0.0 24.730060052302377 29.896209717877927 25.733936328545287 44.92127117638723 61.782663769256175 30.5569882498302 23.063424993807306 27.34458910686914 66.65955069946126 19.172575675507407 75.85959060721588 60.39299376323515 31.5214475471279 34.17782960507383 46.57636934978414 67.17794051948741 54.562507768119545 53.46774171784884 39.09733322043694 6.521133396684484 36.331574417385546 78.52325082019955 40.0880755313353 20.531221832922082 59.52347846791855 27.65651600456034 56.61551951752995 32.0739936201888 22.23885876964592 15.376517806289112 46.374972306707335 14.051416470267302 11.23259240650348 80.18446583913658 30.825425698797588 65.40662645701128 18.83076637315038 58.47585832025877 42.427652050912094 40.761162628749716 82.61721204460004 21.222050695879403 57.20301025793256 55.27639388095839 25.103616275150834 78.85714178432423 12.196633201113642 55.95170718297235 30.799292945777285 15.652435261650863 68.94705090874021 18.86947597237839 52.7217514203239 57.073204452963985 61.594464364512156 29.995267035024966 10.771012099057609 29.069533807080898 46.251849299485045 20.595642730873028 70.11890942963889 57.02740810618015 21.62950718271208 37.781988715323656 67.75102120934478 78.89806244934755 57.91383599842819 57.78246647708518 31.715373018078687 3.1047507046057685 32.03271583576566 15.95566246334889 39.911065250538435 18.504466545571155 16.90108450327406 10.946923089986281 62.90808431091664 31.27101965906939 6.626623347975915 22.376277494801997 69.71030054711136 30.037406911983908 12.04336102968688 69.83640190923265 73.54696755200315 60.76724797376662 19.714033403760286 11.997560202838452 41.23399765538333 47.42855489986635 80.07722484847342 58.763254175831555 57.33374341784713 116.35095717113539 89.48031463756054 69.79027319844342 64.26049963665766 76.04548276881633 103.37581423630232 71.98574515300643 45.52103601193802 36.84033947871828 55.10975580907627 97.03725402832059 62.6362062949477 28.726521341395276 11.044670092985102 42.586493942194735 98.62366407933216 65.04490407612255 33.61397102366057 20.586539820478826 45.9625855204538 107.78560445048387 78.1317186029916 54.64618205260517 47.56738179996744 62.72094743624302
40.646616939237646 32.1053775209498 58.989160632219 51.46869557742585 24.64884810127203 17.35920939974969 24.730060052302377 0.0 47.146947582087506 37.118323994963234 31.77323976348739 38.32830072618348 54.62363968642886 43.595469687492134 7.735850140310239 42.09230025873619 32.03296936555674 51.1976452476584 36.64007882095551 6.816005808683108 12.23711085991938 28.831969599032398 42.72133752264046 48.000513649616884 34.015516601656735 16.37203240101238 30.632464861847613 55.360769496041165 54.83289992878932 31.52307900559807 10.646950582130914 40.62401284570418 5.04853026811603 36.54193846772966 46.95034021599991 37.72759243035131 24.926862867303 22.177916908295504 11.139407956144117 27.194795334630083 55.738068370651085 11.440140683244618 40.677494158109354 29.8748771193042 34.09197390855824 21.56799391936134 50.09440392083969 58.34563371932353 20.67241758976316 33.06022723700484 36.88522686347407 24.604856571487126 54.15371195881615 12.686344527533118 32.74468227907035 13.416849703966042 25.63729982218191 44.31553227339615 35.2072762570522 32.162219427566306 39.35763664174601 37.716943146178075 54.34497445329127 26.610583593843952 4.347597617798332 30.63737257609406 32.014841737632175 45.42638467624785 34.94436642072827 26.87451960706543 25.92327392561918 44.31725811893343 54.59061144738569 51.30229093558947 40.03979759292707 7.124597205152552 26.29665534480072 53.16510680154274 19.070431850960397 35.47021112843873 15.011361929789995 29.223272832051165 17.103407978623206 44.40208451386593 43.60700039064332 31.09053703289123 20.392054970832774 49.41177850506837 21.592415321351133 31.49033710689754 45.22180841327554 48.8449010994829 36.20309391099018 33.48344253452532 34.7391695297035 19.215492762637254 58.934692793194635 57.03516437762632 36.01141381866404 33.673570190114994 91.73311574727651 65.03585327582047 49.38793157811563 55.16775551240156 77.73417909241371 80.24205385813451 47.66172135826115 22.34587457558572 33.49451433691155 64.33718072105698 77.7920664600568 43.4512949273654 10.921440744692395 27.301906808286834 61.37070777776961 85.16714071794176 55.48702789054783 36.04176647268351 43.74971837084868 70.17048557015578 100.22089220945293 76.4457786004586 63.54890560400503 68.02754037560364 87.24566237722574
65.86591539351555 16.412067525747787 104.51161788689687 17.497428122831497 71.40666236413351 62.672228237323374 29.896209717877927 47.146947582087506 0.0 12.414038078099443 73.95462348744725 85.15213585529034 22.21521417460208 8.925087504932598 44.80425954050813 87.06510945294865 15.253802688129435 95.32496600002668 83.27337678914192 53.25277538706855 59.090822879664884 74.18814304269911 88.07437761601334 84.45765157840644 80.399417058707 63.501675974876164 24.666847904864184 8.653819624272478 101.26403687126282 69.76709388680484 48.06028407373512 65.34238625284434 47.16324402180802 83.22287197520416 4.934676139989047 48.120202644501106 22.26645190150164 68.71169371523028 36.993138689521764 20.775764505719348 100.79094472527686 56.91810920931013 84.21820273777931 17.611447101165886 79.9046220296134 68.29678659350316 17.32645265329139 103.8284155038347 50.99206670789612 79.33843218460544 61.24236229456326 27.753783353121424 97.75914396668323 36.36128662647143 79.74873967847334 57.73646909717171 21.56222689255459 85.93585938397206 12.107987148881183 78.96487988791172 84.92333349062328 84.2131201669785 24.06938390651705 39.79913692037117 50.96283712708354 74.64466174573928 15.734634354402543 87.63695336427031 82.08751839212309 51.35247102876582 66.85733887931958 91.08317343469035 100.05979599555415 87.80513793192392 85.63238481690858 53.86655717400318 26.793134980356157 10.747253843012736 45.67664950899589 69.80689709319104 47.42397851950288 17.953854021912058 30.592455556648506 90.47397337294217 9.343303530480789 29.395823973952712 29.896209717877927 76.09450852862426 59.36383122499003 17.955391230369948 89.85774406608321 92.65060099789328 81.3992640837709 13.739032807123817 34.35536239881929 66.25685230061872 19.758392045262486 103.91465509609733 83.11306292391964 71.66989190880133 135.30987147120098 104.26190839759388 76.33564249082892 56.378325937978005 54.0805094960999 126.93243893918043 93.2407637989006 60.58612328328415 32.28558436411927 28.440849210624183 124.43325274421186 89.84102568289453 55.26336644817511 20.773148889972358 14.278026005619177 128.1568117670466 94.88567326928373 63.065441915597674 36.68849029220061 33.31181562098418 137.59866304591992 107.18875700639511 80.25120469309658 61.52942997987432 59.38244123611324
53.54653901155566 5.0174700727270185 92.95637856057013 16.171753999579668 60.61846634548081 53.69161849919165 25.733936328545287 37.118323994963234 12.414038078099443 0.0 66.29381281617317 74.2944586643612 31.507377115006605 15.647919099612874 33.63865399598281 75.47143131538681 6.600321550010908 83.50013460806841 72.2993975830032 42.68293049748094 49.33232101760644 65.34481053670834 76.56899515268465 78.8028850029423 71.0396693883083 53.40617755958878 22.858675740031043 20.965976235734814 90.07172001643636 63.16966520428297 40.10394718590051 53.03607177723664 36.32453739657217 73.64714004783237 10.260220131773211 47.13944604077078 12.846427242828476 57.8312898073527 28.208867294154327 14.562617863585768 89.12839844963709 47.74834854100876 72.37480363696974 7.757516517215457 68.60716849446783 58.65942393326311 15.071794631190155 92.26478063649571 45.096171201793034 68.21982614109186 48.90223569443774 15.517449324161753 85.83372073545334 28.130177453571537 69.0983693717816 48.95737991754386 12.179098286979757 73.83892539392696 8.321557808109967 69.27867562865552 76.05736098838639 73.15584172815038 32.833877198051354 36.497185281492904 40.54924657074719 66.35873861768992 5.560723285954884 75.59045142276679 71.84468166609787 46.97095570835587 59.390769976071255 80.14583783921037 88.51108837118092 82.21135071889708 76.75622855087062 43.38970248279856 22.897756000417132 22.386402526932788 39.88281829462993 64.28255945997982 40.50878693778746 9.260615136176758 22.148004558720924 81.3448397955856 6.519981385980644 28.045902188436994 18.167655159153345 63.81274088374458 52.40281786510398 14.820456037275038 78.16782629774848 80.78707970782449 69.91000898803885 6.095761518072671 34.16758483587614 56.317530025493156 22.60755026323198 93.01132417581175 72.59628754211798 59.420497985637205 123.25314742024752 91.91908054855638 64.04460068316025 46.35859007809231 50.90521939594761 115.80669476874729 81.76394070048303 48.52156094203463 20.449698913577937 29.612276629792444 114.90898530746126 80.49926230843103 46.37930509610862 14.724164881803382 26.027187766757088 120.70626863639689 88.50704425027426 59.09159678834035 39.30601832482137 44.64230817425062 132.32118997881227 103.6598333031815 79.853585161359 66.3520865464521 69.4505149002932
64.29775571532183 61.40102520408439 52.18982343652125 81.81444419402092 26.503927728502514 15.06930587668045 44.92127117638723 31.77323976348739 73.95462348744725 66.29381281617317 0.0 31.140710607621674 73.71075890870085 67.92119139058664 38.86808130977634 41.71279093524182 60.208928685297096 50.28313341679491 31.620432011961974 30.11571619508528 21.683755641333548 8.924318172366979 40.90083034732307 18.526097078226 14.829069067590314 21.563522093401193 51.24836609180035 81.07087429333696 45.097451404172475 8.024791226036873 26.196366423327017 64.5633520254546 35.49967156075627 17.995992002507645 75.07961389363767 40.290387454541886 53.44770664231064 27.491162907724437 38.13991741927433 53.26490172079782 51.147928278695666 20.462737323718493 44.54272116524678 58.559245029288036 34.36103477565059 16.28945169785493 80.50775073782204 51.81165596135015 24.257492454263392 31.87132310819958 61.99467869188834 55.95270706138366 53.74159119504382 38.1772610419864 26.600378687085644 18.359512081546644 54.11977012193854 50.69295662227286 62.00008867860178 16.99487604816255 14.262262830754826 33.037623264083166 72.53029201292013 38.03039784181771 30.677742326774823 4.629118898431101 60.779052057852425 50.36862524493992 23.32954990918147 27.55143805481623 7.140785348129666 35.30259966697061 48.918592846031764 21.311031652815732 14.870492927399239 29.176470111686907 47.858011382845284 76.94464385306448 29.163570521225328 14.276805160646715 26.585809488027152 57.30740286459586 44.16634233984136 20.142489355779063 72.74881515067334 48.433425357175736 51.62890970590834 70.0809662257435 14.9374385596521 56.16645282158538 44.72933108884616 49.37245158152491 37.583183529496445 61.39645008632071 47.75516376346715 19.321783595004014 88.8450958229753 43.93672096522853 26.512160288976165 49.261714951542686 85.77045748689902 70.16275378976619 69.88430821797029 85.08575042138082 109.4993935428741 65.50993945350692 43.427280486555006 43.30275433090494 65.26217659379594 95.06838682274363 53.164815419086565 20.840410820792997 20.904534988591337 53.240287173107106 87.33217338800922 54.419585264598105 23.834370178138272 23.864455997878622 54.45912628044323 88.07343371941006 68.53120056342875 47.824517465030326 47.672412935851376 68.21252746937688 97.09816844694839
47.03255253764133 69.40346172739153 22.31765522942471 86.83541905735943 13.747732352784482 27.67375278586806 61.782663769256175 38.32830072618348 85.15213585529034 74.2944586643612 31.140710607621674 0.0 92.30242187347264 81.92340763904222 40.66575321792527 11.381116283205508 69.90853598752193 19.179700022818484 2.479091261205875 31.92221407982232 27.61559818648718 22.492959984891247 10.123718856650195 47.01171085734407 16.782161321812787 22.685466178648785 68.13356930197176 93.52179292473342 16.754457866312684 38.610233341658024 41.7793169555816 47.57078578629529 38.03243663507111 14.53152317184408 84.45436036936358 66.51578607982269 62.90063417572522 16.4687651557567 49.299828279240984 65.52175912095606 20.404518189802573 31.268678196211766 15.934384530129213 67.60744867044272 8.150446886971363 20.488882322761174 85.4137611893081 21.800594102298817 47.03255253764133 6.880722290625528 46.94910408841413 59.75303364359762 22.62534066038248 50.575489127764136 5.893728705407195 32.01960117876739 63.60037368811022 22.183533471084562 73.39109886209924 14.149430192352503 21.471498093938106 2.8972684148162573 91.77580842969135 59.62353483095143 34.27096209135617 26.520876297397557 69.631198569093 21.118245774297545 7.866108761238074 52.85499411092482 33.831499583872926 5.997617090207651 18.42886843726009 48.65971232824419 21.50885892789292 31.357815968682683 63.88841157652688 91.49329364385885 49.77413907053437 45.19905479529803 45.299573035167796 67.2104886000894 55.426862919440225 20.601062810379084 80.57375646832133 67.45200026990403 56.28041493213801 48.67813641709499 39.108704012879244 69.79367836411332 13.959710343592358 18.5288742221683 9.97951741819048 71.41391259516473 69.37885602460732 20.755275797445826 94.63659539197779 18.762564919040805 4.640364279695135 28.392827941983168 56.37005290532862 39.499267794001554 48.34900105959546 74.22859358707723 105.24716985596342 41.91376320106574 12.345477796629158 30.706842833547235 64.2515499423027 98.53154439826216 44.055561630854484 18.298911251761723 33.52098315081741 65.63010731178709 99.42743170721504 61.073392447525805 45.90751265389876 53.66427005078101 77.76259866275964 107.7450849408194 84.40297294000995 73.9611936313415 78.81244933664559 96.6814039075666 121.97513366815664
83.09721446916775 32.99510067171727 113.55721700905417 39.51544483190643 78.94733575087605 66.17839732693353 30.5569882498302 54.62363968642886 22.21521417460208 31.507377115006605 73.71075890870085 92.30242187347264 0.0 15.868175326988329 55.38474286791834 96.70668692778739 29.78241327744114 105.73218465887555 90.8604301138026 61.42191741547893 64.71950295227934 76.55821439689241 97.34248218196582 79.50684528268937 83.65928945077891 69.6247179234978 24.169906909949745 19.80460569092378 109.02614209262002 67.61997913863082 50.99106934940199 82.67381674752112 56.62183503667481 86.88661040410366 27.147305902460005 38.13867482858508 34.08029341679084 76.66891173538902 43.49711736663647 29.105371507937488 110.36044717261971 61.36978712793298 94.99712910945796 31.983112533507843 88.6920477012601 72.93983868071126 39.471967999614535 112.92272960814844 49.47131612685541 87.54561965138191 78.39099911048795 43.68117479459404 108.59284906595018 41.970863491495486 86.48800440342761 61.2362100174374 33.60751974960369 97.95444205402559 25.129461942042386 83.11444175474203 86.77034851755191 92.03408043402798 2.334136245834337 35.70006414258108 58.9485362308957 75.71954175125184 31.375096247269948 99.33072535916983 87.56401554466404 46.946235473191514 66.72279059850223 98.28040287959227 109.17944441749124 82.56690851528387 87.47042702823877 61.73967460491631 28.44172700818782 12.830940109699851 44.83256920114997 65.54662696548384 48.404872488441725 30.881619341283766 38.071967871166024 92.71072099337212 31.147545606983098 25.51110948706126 43.90111821474699 93.44469299183382 58.88436121113056 24.389569215092546 99.81160479637683 103.30067917286438 90.8213673804182 28.518626024588208 26.32562138851619 71.79093258002366 40.05671689994244 110.63419886479916 89.32020757115173 85.0493696437048 146.28410055352478 117.83376042471149 93.62316647970627 77.72094117958503 75.56809701998682 133.932573437582 102.25230840428749 73.26626714656723 51.722028310491524 48.756553488072235 126.66939486597376 92.62909985209699 59.2453512951463 28.891523464698288 23.543057866039117 125.38241866368945 90.87766423267531 56.49426463994201 22.78831175150747 15.55202566383819 130.2489877281786 97.42357129860933 66.42842138002004 41.580615349732305 37.94719308060991
67.87451177551605 17.365305594915228 102.21518356489293 25.8911762666661 68.23261073163862 57.780416924227104 23.063424993807306 43.595469687492134 8.925087504932598 15.647919099612874 67.92119139058664 81.92340763904222 15.868175326988329 0.0 42.68945933563511 84.95241423218886 14.48219780680741 93.61653107035413 80.21758205947262 50.128180937241446 54.96850866304346 69.02209248602311 85.79555050860306 77.19927969203825 75.60740830678294 59.64162566603789 17.09326657602748 13.327292138603214 98.38901802674306 63.125324890873465 42.69648206427079 67.41810532046172 44.53474244969623 78.60156634452389 13.31147572586254 39.55826589475299 20.055279276526864 65.69295520931976 32.72822159288253 16.41361935669197 98.716186299186 52.2967022923528 82.62941801097843 16.86461223038696 77.35333789483215 63.904396628618315 25.502053351243756 101.5509415105672 44.25315882346551 76.52381362649133 63.17467352025085 28.499706854979014 96.2665920340463 31.688515011010228 76.30735969842317 52.7688883247456 19.452830126750225 84.97554735801367 9.841341095541852 74.48984596803969 79.66878609446886 81.26492034740758 17.205355533426705 32.115067784184525 47.71547001296218 69.04180463867202 15.880828605547618 86.52045754439631 78.15105789161296 43.86689324938286 60.78099496665458 87.91269007367785 97.77672257909526 80.49747607069301 80.38007150148461 50.618582622912314 20.070088611325364 9.570563785138342 39.01314795591033 62.60247975945645 41.37253345231207 16.184809111156103 26.499288276270768 85.39338392522656 16.11952213126688 21.334080092389527 29.387709623733556 78.2193278518933 53.079720813403654 12.233841040863457 87.90686947370025 91.04535611292606 79.14859452549604 13.067543527053603 25.793918388601504 62.191322221568996 28.682476659561488 100.61384468086487 79.47823474401895 71.34936014280615 134.0066179571803 104.1931775899314 78.41840916416015 61.94723220805241 62.61195017800013 123.83710549558344 90.87460346925785 59.796257258171984 35.88628118989386 37.348252205686606 119.51702623234057 84.95030898055714 50.434555811851816 16.296865698105872 19.554672864343 121.67130558003167 87.92816708446799 55.259954989746916 27.76340717437017 29.711866727777153 129.97830585369286 99.00801290736621 71.45360407147014 52.94764149354036 53.81535316041708
34.096505720749896 28.78326809114279 59.75700150239218 46.649149372344645 27.03691078084307 24.001042617237747 27.34458910686914 7.735850140310239 44.80425954050813 33.63865399598281 38.86808130977634 40.66575321792527 55.38474286791834 42.68945933563511 0.0 42.36797064978914 29.578250630848768 50.92915630267795 38.66088062224405 9.760776720427 17.932703247799438 34.95626439819303 43.31059923540257 55.56568398842564 39.2641952657149 20.87696239228688 32.33433181479343 53.33093820504479 56.5026854080683 39.13252360134192 18.001721633958514 33.99667866381883 3.4066062019301895 41.40409644605141 43.83116531476584 43.61361696219822 22.82171654416409 24.21683874541093 13.468634013319512 26.561717171360044 56.128811532008505 18.414334173890097 39.94705293745465 27.19311909136762 35.10255487536487 26.83702957897142 45.239731070692514 59.079512296182735 27.931918465631703 34.60607980646094 30.04739225098007 19.366068877642846 53.587257804755986 15.453968574304785 35.56532990393377 20.680806402499737 23.48789797390275 42.58044020451673 33.45144889120132 36.954171978392765 45.09346682122385 39.527440171878936 55.431957436819474 31.72142474801672 8.350209887080641 37.27880419720221 29.123787362783617 44.00496696473142 38.66088062224404 33.841022294178906 33.36794583967975 46.507209079030794 55.30595550494168 58.83810948429654 45.74583112521244 10.641116788985283 28.110522767532117 52.113627969432684 25.593257781203473 43.20037055497609 22.040794626456492 27.047373855914174 17.43864172601159 49.70635951300267 39.91050252442312 33.9671719912114 15.648745157730973 43.406315045080355 29.324647347469927 31.219838941535542 45.26081188662005 48.35729955036979 36.63672883019813 31.11686690440778 38.59043285778592 23.96995320809625 54.346158428838955 59.37280337631194 39.14199004614717 30.073336014718446 91.33681030490446 62.584450732753425 43.42849530214625 47.434956618762115 70.773838309389 82.21478421445754 48.45840386000577 18.221243227581397 26.65822844456861 59.026766994116635 82.24113402451879 48.50268521141919 18.337594588050244 26.737143328873703 59.0621100794984 91.40794722228108 62.687270887254726 43.57516461103675 47.56801377861498 70.86223834355681 107.39928186668965 84.14081510359344 70.84847589866118 73.17168209096539 89.90796591268254
39.92287312738301 70.81417408869326 17.488001561703896 86.44908972285151 18.86716202768399 35.54312041696669 66.65955069946126 42.09230025873619 87.06510945294865 75.47143131538681 41.71279093524182 11.381116283205508 96.70668692778739 84.95241423218886 42.36797064978914 0.0 71.898646555363 9.446744055932692 10.193635939641906 35.28589778177146 33.561948774526954 32.83890653171382 1.9018466614059746 58.22478544694329 27.89827109263869 28.773775130909332 72.70772798779298 95.64277070810971 16.102070611474545 48.78544351647992 47.85983673937078 40.5444486311229 40.429916321591925 25.870461602055297 85.731632528148 74.37236696836744 65.18867166528338 20.487247684741433 53.209622200285864 68.63524355862832 13.765863643444161 37.73085598590897 5.703620179497324 69.48443383127835 8.493232680614758 28.744999341917065 85.03300273365315 16.79426929885965 54.63805530171865 10.502313173709064 40.83567681198472 60.22446600516738 12.781244570211532 54.77237564444002 15.11926076519482 39.104582219413196 65.85586204274722 11.250818999968333 75.81856159634161 24.961937125337016 32.84836293544147 8.86158210741665 96.43473362384421 66.15635622218666 37.75956178332261 37.09259258096642 71.3338201248636 9.879760978284823 18.979399357600098 60.87044703300252 43.46148116106477 11.4332536135639 13.050759394680234 59.96403075656036 32.88997308760514 34.99514225460275 68.37635951905231 94.43368596766913 56.56861314535524 55.41824494332148 51.9051383524245 69.41098056917382 58.8473048901719 31.754751125008884 81.4294151021898 72.78260802418785 57.321190077315194 39.679271611415594 47.69998778779104 73.1687515119796 3.3056920198300963 7.80196022965069 5.89340625973218 73.44418352606057 75.52701267123327 27.87331892546296 94.29665770457687 20.89201139989498 15.78921547681727 21.531301528660148 49.694741498341926 28.460121575218878 39.30940180881404 68.37630425775843 100.99627844510132 41.182268338566736 6.594641552925651 28.033083667349615 62.634436802583046 97.23757492985986 50.2696736899064 29.443571060052772 40.020568532845836 68.7837639239379 101.2699595034249 70.44645176108601 57.27333738335747 63.186696803583935 84.2595573157213 112.25675129524326 94.88323251647013 85.34216541014105 89.21017247384279 105.01588851022268 128.42480715550442
53.43789451515755 3.7162964614737786 89.32171873153357 22.76339190953825 56.16566233797151 48.063575756205864 19.172575675507407 32.03296936555674 15.253802688129435 6.600321550010908 60.208928685297096 69.90853598752193 29.78241327744114 14.48219780680741 29.578250630848768 71.898646555363 0.0 80.26832472207508 68.0213863336398 38.026839780919964 44.10541109111371 59.682077933167236 72.87786828586562 72.33034929676228 65.63089747220715 48.405001149015796 16.768316706090705 23.753501958594644 86.01263595284755 56.82371201889352 34.02498509642444 52.992622803805055 31.90966244816562 68.35693953615159 15.052095671958908 40.810455019604746 7.1130659807859065 53.46201792766268 22.36334891962324 7.968961327756075 85.64267909912373 42.19302739997308 69.18730290305497 2.4676010565216226 64.66782896519209 53.38081946922747 21.672094423421136 88.64149072723562 38.5968985060201 64.08590905872084 48.73411619360028 14.023526292264235 82.77515431799041 22.059424165338314 64.53082066844208 43.22510712541288 6.401759382707031 71.15524708668534 4.679247395584395 64.04502912404672 70.4223164018601 68.95932301843476 30.695070375493927 29.943006712772274 35.76085291104804 60.476983086251565 1.8581482914901262 72.78864325731115 66.96791205055709 40.372896839398805 53.23608449031422 75.83422537497557 84.86989026704346 75.7344815479028 71.12661484027173 38.65704923709214 16.39554894749494 23.17608144865284 33.35646831733443 57.777430696754 34.15860109416862 2.9119149445535313 16.08581803667524 75.83607620554858 12.668941124539911 21.89400795915788 15.132507203228615 63.78709714216644 46.105784009109925 8.932536130323962 74.72998717794223 77.62367277476059 66.2024934325165 1.5515518359698 28.152377005746242 51.217873041810485 28.984303102077142 88.67040962804533 67.92307458047352 57.20920184971301 120.42289849838913 90.00078691877374 63.97980246723568 49.81460546764284 57.13476200364967 111.67864476160035 78.03364860857533 45.83913176811687 22.539892511278648 36.18995129602833 109.62544870435757 75.09359501920082 40.6842815491647 8.13801329873425 29.531296936541146 114.62355111321128 82.15570974367643 52.49185802242912 34.00091198999083 44.176478088998046 125.8352645455089 97.06041576602568 73.49636508615546 61.46127173076228 67.43916544194693
