0.0 9.940897624896124 42.005977827069735 44.53848227176283 52.078476439752684 6.8917602213321905 53.26579941352888 29.4465379616315 15.756626451843303 23.4636206263031 54.30593518117777 26.439954660448965 11.398084583782412 28.590451849452172 55.201061976998446 44.156351645902525 35.248164951160774 68.99806411422136 41.52423472983879 39.02377435146449 16.43345067441989 52.54565143973089 51.48343229104494 44.16007186341452 17.760494413613703 69.53421891372646 41.436505101503705 47.56905300859898 43.29501198073597 33.805483438955314 53.807834846795934 24.15112497017536 31.062059397217325 38.41055629624785 46.906902225691404 50.75789987219437 70.60619787492637 70.41162588823524 29.406744315268178 54.43563920170428 53.530555010905935 54.80262461920668 35.711714168574424 25.631878510293806 9.224471982281495 13.475629635442997 45.77247876519105 34.45997144505593 57.107624112630305 39.969497258965255 36.93632934578839 12.664874626883362 41.934967096226416 46.63214384385793 50.63948561966565 52.569148925387886 63.23507403349502 27.74986912095714 22.13094306429626 8.941524691009974 72.03023520034934 23.889554045024763 7.069140870531152 40.34686535230348 65.16215073941936 13.092973552785542 39.05569990903584 65.07162955704302 45.12097674825392 9.218037038521137 26.321017584471416 39.882160450352124 49.61979754038988 6.496898272726872 36.833370259653385 66.20450003380974 47.06607471372454 22.43850089446961 41.93787531333071 45.89305424218486 69.8913780124336 34.35093748792938 11.479867127199288 19.453118984323922 24.418130254468814 45.52264491449473 90.89133092285867 58.24727714575464 40.37724023827511 5.0628890419166686 49.16796752692842 48.11875895503737 38.96329109836105 19.840549018945516 19.302920345139132 10.316584626626517 48.97006072624634 32.816784360553974 45.89598706810681 48.56986108417305 71.20024243310047 39.88530741646445 22.51767016341501 42.63915674923393 74.32357905584202 67.7263626333856 33.356494696719615 5.7710570583025325 36.72612529125547 71.12780944511842 75.48217348753296 47.04416455942809 33.51985515365185 49.28326618559923 78.28749790360853 91.65972952252204 69.94474755861074 61.46388817661996 71.12054227302042 93.45177184174787 112.68783518776169 95.6548224010671 89.41945572183789 96.10686884985242 113.45447801764413
9.940897624896124 0.0 41.305728581269236 54.06489166527753 56.18430348578821 16.08813472006175 63.13528517544497 38.048175156812526 13.618630645332493 31.437850894768147 62.13082015145925 26.422856571722917 19.18979960550178 26.72775136976584 65.03108171267996 41.11100877285553 44.21999666686926 76.67174848696581 46.849285202214595 48.544757133523504 24.717494342360038 62.45509797690488 61.297492534002096 42.88263916026223 27.58145879656145 79.46545972511439 50.909598127132945 55.247543187211285 51.5518262644643 43.7365741041397 63.391427393627254 15.961468138788073 30.126472192354168 33.730345710424906 56.80106700579382 59.153612179061845 79.56575922742608 77.5196872204468 26.3444588175814 64.26638717889001 47.8079341069403 64.7007096474771 44.257562169989235 35.262335196238354 2.9135465933850266 11.535946961232064 54.47138322090697 40.48726778784376 67.03741600656724 33.431410109697154 43.7019260297635 13.541416219512493 39.654874607349356 56.23689747415364 54.73616821127317 49.06285044651414 72.65335935753126 37.67878099315534 19.206651793117633 1.254979853019074 81.46618357730507 25.67683951562922 17.0066381599416 48.3280252689136 75.09256281809726 14.660283795100048 48.04141253917101 72.83992481959169 55.056145636139014 8.558659545638623 35.07114525883204 49.76918126799035 59.51092778255384 5.019919050470059 46.44740741936839 76.13092731305481 56.72319876488386 32.10438329528427 47.877682389149534 55.833435214862824 77.46388698614797 30.86690347814328 18.874743229914756 29.39185900301817 33.62802313741685 54.60458596124883 99.50632003560278 68.04420803424611 50.23158687322688 14.078306957359024 45.954256474837976 57.47385581254064 47.12927318970206 29.527410011724328 10.44211118935249 10.036847978816143 57.14990407611846 27.61753528364675 53.99026307995683 42.84604628679416 63.47467893404628 30.773681841795867 16.120003004344962 44.35695970293417 77.91069006057579 63.327295630038996 30.47134071211445 15.540578294634159 44.15163959189963 77.79508801650653 74.74900474898698 49.91080727415394 42.303473661344405 59.016093689564386 87.01169446612064 93.59565598952106 75.0645602776298 70.02848320585846 81.04349185539066 103.08668946140303 116.31149773598348 101.77976757690197 97.90068597473122 105.85194464895463 123.36689466764413
42.005977827069735 41.305728581269236 0.0 74.65243568969626 26.477379480542115 39.71025106927272 69.74350815992217 40.42296888003591 54.75358002484865 35.418957520208934 49.06687893908343 15.566109633863844 52.40681310692854 14.701548340119716 70.26083944179985 10.170560901712923 45.76535071932125 59.363124878714444 26.9300311049348 53.28719700248435 36.28210577354209 75.68875652411414 66.9219272631563 3.1143971100012497 45.52796981562655 89.26248604182649 54.31625725457332 43.53259441295238 44.90014777128944 57.447071417576346 64.76304533622938 33.15431663274402 11.201833169067118 17.09195003773485 71.51603596645094 50.77376738327724 71.15345193964669 108.33612005854766 16.18002952384816 79.38173828867086 26.234017557547745 71.93253205927644 42.805641663133166 46.847199156803896 43.95579884537092 52.5128686826118 49.825709024435554 28.204660783742735 75.4064707094366 25.33377636518954 32.63711793288773 29.464120791033093 6.682057210212773 75.7315150151154 25.498926495400184 16.17028289613557 70.09451856717378 55.70914447258082 22.303897243168375 40.5486931844055 100.07167564923374 18.878083773747417 44.15653865166405 41.34387107722962 82.30698812269706 28.918877646467813 48.0284821545685 56.843462726400986 66.13328999795873 48.6644834270141 40.24600780789173 66.05671736495628 67.51489943499111 38.43647850923341 53.02559250388315 86.65058357809835 60.72063008898725 45.736165648290076 30.264903178007984 67.48004071240172 106.71240609657261 13.95479868075783 34.719336860601885 49.08418390126978 59.96056779199626 53.00840847777419 85.65825692057258 83.3260268307674 59.472577405389345 39.552985344628446 12.925629292186956 57.619573878634185 41.84636263474959 44.852056552451884 36.3956241296057 50.202207416984265 47.929894202546684 20.418129542569524 45.33037236539866 23.741272421394523 49.40686984206045 40.13470520124759 56.35045363765654 84.46760312596852 116.14216124390893 31.302191617374532 12.76663358466531 41.72527377218678 75.59009071860282 109.91622702509038 33.59253748343958 17.614053726597486 43.438463456020614 76.54014783563107 110.56553377209706 53.730107472275016 45.305518615656005 60.10881943138114 86.996350024424 117.97658347271518 79.08934634657317 73.41588930068977 83.18298961806813 104.1329706860538 131.00645123060912
44.53848227176283 54.06489166527753 74.65243568969626 0.0 67.83653561933718 40.77946977109678 23.453898534965603 35.65266593872963 50.407547962137585 39.30048892711391 49.81233522252035 61.9237173654998 35.61612861105093 66.39843855326976 25.981099071070275 81.16575497713745 33.01813605603541 60.874797346855715 56.26884187318353 27.05215060108499 39.1617837022126 13.820153723820635 24.457078549814295 77.64563424012876 30.358874185854948 29.22636020033616 28.120039772177048 47.1199124722334 41.038711456680936 17.880295658248457 30.943387993964166 68.50546113089518 66.74352925481958 78.73181653559477 10.017615291116503 43.32951085113877 50.765155177607255 37.99666713362511 68.74755876287361 12.588023110006244 94.29464100573652 23.05821095689099 36.620846533092816 27.8526013343243 52.33893376330743 49.762819145836126 38.305679090350566 49.98311328473438 22.466122506538184 82.52390319203701 47.64293753739362 52.96390510864917 77.83559993936312 2.581580481969238 66.87373446019082 89.49533693811877 39.59311984803361 19.151795077169332 62.81155227092885 53.26685766756323 27.5174866601309 57.16127034965599 37.794162615854596 41.932274672380686 28.58272156002306 52.43102986948818 33.462018274399824 57.31580793482953 15.957776623816097 48.29749453370386 34.85959852272911 9.754787106503533 20.683538181226776 50.981199695720015 25.502569541364455 25.904994018242498 26.460346049080428 28.999288870663474 53.82524469665342 14.974795950585934 34.761123300514846 73.45968799560725 43.00902169821185 27.052150601084954 20.61556131024446 34.30566262333543 70.84656113875 15.353215596729047 20.08153699779764 42.33551437548066 85.88459710175515 31.88599926854298 40.19720756999176 30.267099865372455 63.83982449682403 47.809424103594935 44.18085543624944 74.35891168724672 43.36734101380814 89.60768493047597 114.37977561262757 84.40848784984979 59.679644099097324 48.92171672108558 60.16490806998486 105.2851271234916 71.73134151847063 40.008227628692495 21.231503940344645 41.17937348817396 103.27208950887604 68.7707189039695 34.47539232023697 6.522818620413805 35.935988089096824 108.73479926471597 76.66091578771693 48.22205807379387 34.18580404678792 49.059178040733165 120.66187426142363 92.67023287839052 70.78866666882399 61.87954188565602 71.00633202960542
52.078476439752684 56.18430348578821 26.477379480542115 67.83653561933718 0.0 46.654929022012375 55.060583331685564 33.07306892148562 67.58944468170883 32.97194969498982 26.981693224662244 32.201105534121034 58.99098181252927 35.47647002501918 54.67055833964979 36.49069007011513 34.83631386201373 33.98923998658412 12.086009014826557 41.48947985187116 38.40866039911176 64.0298454249936 52.16731658610527 28.631978625081075 45.6646571863531 73.84684448452872 41.298805801766854 24.0076275798238 28.480087275918386 50.13227336847916 47.881160322490736 54.41973690017743 31.611462640166526 43.085191859639714 61.49234691260214 31.14637632688468 48.2713652463058 105.20876227517294 38.55311121128956 68.33131218043354 52.12143218004 57.24876685065229 31.22647876765338 42.24934143654917 58.03668001631604 65.24173215333529 32.93698748060173 19.556920541056353 60.852624010300524 51.3092442019952 20.417640770399036 42.65612946072689 33.15827995027472 68.024943247881 1.449789020882388 40.31949700895884 50.16376216005261 51.71699837547771 41.27524184797596 55.05832730859785 88.91551518323838 30.916475804997226 50.44471098161412 26.38600776555208 66.17867049085702 41.52406561363365 34.995515283103806 32.12663289454095 54.89967505776548 60.929080949373855 35.02641249799284 58.13762826304163 54.092027738575126 51.71726038729706 42.53209043771099 71.92144754346303 46.30307045703244 43.028015122409876 14.03440590997434 56.31897931841905 102.43942370528954 38.716269494103685 41.027449101095286 48.63564460283194 60.023762939977374 37.12122524951393 60.165864209638116 71.84469008162436 48.69753078284046 47.64960221098344 37.98043265566469 41.56075708219478 27.918863231961087 43.692038370654 55.6302641455403 62.23288586850089 28.591736617733634 44.91476380350653 27.29219569547436 50.11839376657837 74.99972679998096 65.02867442743782 72.29985743998583 92.84708764098411 120.03610035204021 52.225718851905555 36.84942961717958 48.816626763784804 76.17790667758742 107.78641711166294 37.901186150697704 8.871319876409636 33.4028994976712 67.43634070084795 101.8548937121287 41.85636371497226 19.78032285320976 37.754655227293654 69.67362227433316 103.33566722291523 60.612486764768235 47.91184786166938 57.55020575475111 81.99583283339172 111.93487581128927
6.8917602213321905 16.08813472006175 39.71025106927272 40.77946977109678 46.654929022012375 0.0 47.248671902415474 22.554819782972025 22.225225921845198 16.681004909379293 47.463418132728435 24.476725759124232 12.98680339888791 27.74095732506758 49.070470161749675 43.40800447847879 28.403449862398556 62.16706472673767 35.61527018905288 32.45885900176013 9.639727820634176 47.45409398725271 45.31942541404894 42.1880927695646 11.779008017465012 64.204080559574 34.83195706528019 40.76138380622174 36.411322155982226 28.19138732322636 47.303293273241735 28.060442868284678 29.406744315268178 39.03025947172113 41.94299950578237 43.86639930254114 63.778612753554725 69.77706814053109 29.33265510152928 49.71693815102906 54.543790081058084 48.89067965615509 28.820019098537447 19.19146800945282 15.925346104151195 20.037591269023515 38.89164223562527 28.314717323083237 51.38368261648734 41.94059114378356 30.44420875804442 12.492679843642362 40.72027517742789 42.658014301576294 45.23698314411128 51.94071095232113 56.597658333817094 22.726252821523712 22.616296267472258 14.92178040925205 68.2435500262013 20.883853419483817 4.447782149615433 33.49783375981291 59.42835484156847 12.237890295446206 32.21804630482646 58.22876499504205 39.4939546365441 15.91346021621167 19.433363258428066 35.017038506418885 43.68843393367544 11.533618859141598 30.363553363872786 60.93121321562354 40.64466799096686 16.057534276464995 35.73925324530188 40.376075110797665 68.76051061440172 34.28744863201505 5.688756625294468 14.20930931464853 21.916614729751032 38.71751426595622 84.01226082634075 53.62969838599392 34.33860426348964 2.009832386344297 48.40583189952033 41.43650510150362 32.09130802226171 13.507053760396502 24.008366503932084 16.830289235646138 42.08932617760526 34.05447704326347 39.02540900333166 49.68290324423351 73.70913003564002 44.17080633205601 29.392548174656426 46.60065578207003 76.64305464400682 67.51182363760468 32.9227631905 2.19652451180795 36.339998381607224 70.93109771764492 72.6358803536857 42.37260763519888 26.64104256990821 44.93209241866301 75.64972714656699 87.10550596968625 63.918760732967726 54.57694242074681 65.31824539859633 89.15772309091703 107.20031915450298 89.18681154183275 82.53112590488216 89.79535956119044 108.21158402931675
53.26579941352888 63.13528517544497 69.74350815992217 23.453898534965603 55.060583331685564 47.248671902415474 0.0 30.213231634466673 64.2764408061589 36.92228290701158 31.218232017459904 60.875879578777834 48.4833262712424 66.00139364222812 2.589499528365261 78.30823646577423 24.11103390031587 39.28595099396605 45.51842608964138 16.79852208425511 40.84244862894942 11.500571859672247 2.9125609346100503 72.85622220863316 35.55890641919625 19.52881526238583 15.448031573859462 31.30373155253375 26.679096271175773 19.75471953419006 8.671615502030111 74.41718767318574 64.9166103080334 78.7015408463758 13.438292068905326 25.09079948131818 27.369602129671094 58.73355459223445 69.07877804859577 15.744155699713309 93.46902241545044 2.222787482368381 26.938089290509257 28.29075786963743 62.38291420370813 62.9106486704417 22.12989673857562 41.71328403347957 5.824811366171646 84.43468851685309 37.70088401408872 56.85970102177403 74.57995931754286 21.70123788110176 54.49747592353734 85.8032244750371 16.14915145686955 26.51552671015877 65.02417786311089 62.03702702209498 34.50053267806633 55.95425873612629 46.31566144249606 29.423631357143275 12.824166271585723 55.902120556242856 21.748869870658666 36.18624489021165 9.33617607790427 60.0958527264835 31.64947156883675 17.55262699919076 3.8019660108433495 58.77859313258283 17.87263047724257 17.097768699374708 9.086546845231066 31.27274379267164 42.31058907028939 9.442144940069895 54.58720367026453 73.01027583305375 46.56748694927278 33.98108284189295 35.60500185584412 17.956938592347193 47.44558526231412 18.165626366869823 12.911956063371614 49.226876761564306 82.35652454253764 13.529202945602572 28.409373414641816 33.76291262288773 71.04143926542548 60.18387612371429 27.058511587604183 75.86791367044258 27.80420309772973 89.36186067849412 115.64025064109474 90.43973971159458 73.35383142318257 70.54772687367677 83.47417605000244 100.98881475857644 70.9548511615781 47.59475926896384 43.48277045920642 62.538480588361736 92.77711863196247 58.80533879125015 26.521548572176375 18.53558055989879 48.77082626372029 92.73250667246188 58.7355768243685 26.367951654070758 18.317217651152287 48.68904136506757 100.86581847483939 70.78129497275265 47.3380458541782 43.204281493189555 62.347010997291484
29.4465379616315 38.048175156812526 40.42296888003591 35.65266593872963 33.07306892148562 22.554819782972025 30.213231634466673 0.0 44.28349920177922 7.206938136911915 25.279584491697403 30.667225677307638 30.94438871586686 35.80646433172933 31.236703001194737 48.39175662076394 6.6643346908019625 39.9770804747594 21.081341945810124 13.415897170718491 13.332673091474236 35.265928756574354 27.59211092065428 43.52179788967747 14.945510678995781 49.45475667663454 15.064986094551017 18.94553970652168 13.951658447274408 17.793645259349283 27.31973761604262 46.0801395397729 34.735892819532616 48.492135895936784 31.216054712409868 21.315702830378168 41.562608531591735 72.31383752024578 38.930312784947795 38.99606995244218 63.302051209453516 32.301871623024596 6.265236722970322 9.289217126297748 38.33823496498898 42.24299254970954 16.424107788934815 14.350234711655961 35.590350490145156 54.39293378147412 12.705044425783406 28.42933922214352 44.73265618428466 36.276636502011236 31.94867077145597 56.18174061240461 35.51787744478994 18.646558861472947 35.36527301205926 36.808759282273876 59.769724787729196 25.75758689302807 24.173805508935985 11.479867127199372 43.03177295125662 27.298661138709733 10.316584626626597 35.983359364942764 25.716101428568194 38.3088401774138 3.2120654475338704 26.32574722694631 27.51934273596115 33.09709748628468 12.69732154002915 46.64028085270666 21.679986013671282 10.807666349753319 19.202170669704632 27.05775581064878 69.76172280599073 42.79800702860868 19.284738791197196 16.92471403989007 27.592110920654225 16.908247675683267 61.511323816471055 42.92035451086787 19.06542568528649 24.44708719739644 52.65556264030129 20.5108384649012 9.822580052871094 12.418828259884052 43.70750271801191 39.055699909035745 19.63691965641361 45.83253343302005 16.681004909379467 59.15358406140544 85.43496825764082 61.64430045902615 51.92020021737952 63.13632897430005 87.58702138801033 71.68808255016918 40.74192214419135 23.98896435136935 43.42671702747187 74.77387406879832 67.62033455809994 33.14267616841782 4.383881482407059 36.53565307332561 71.03058193150616 74.8274787599436 45.99619823518237 32.04657849108779 48.30269558183937 77.67980351603703 90.65896709689555 68.64026311591188 59.98922231299747 69.86208939862729 92.5067562073093
15.756626451843303 13.618630645332493 54.75358002484865 50.407547962137585 67.58944468170883 22.225225921845198 64.2764408061589 44.28349920177922 0.0 38.87387270116471 69.47988243368819 39.58006212015027 15.8050907490394 40.27539417155002 66.49807608476138 54.70825342559798 49.51000309503127 84.19807503677889 57.248767338481265 52.05590958986637 31.84698097856753 61.13513567263386 62.96496899392677 56.42823966521831 30.651577895578413 78.25676155522878 54.54810617449863 62.874110024558824 58.235155259361306 44.56574176298427 66.3327610007155 27.917980244266577 43.552317839462575 47.091279553742986 55.42451067047193 65.49473191108304 84.4345225437893 67.76725406116235 39.96300642035842 62.031872438646246 60.59534180053255 65.47595290104317 50.48552634389221 38.7954616218829 10.829179496280672 2.3549358520186927 60.227410348847606 50.21659282217118 67.1993460647273 45.95650539137849 52.6238547161728 25.935550455702273 53.27092292156024 52.854976946367536 66.1436774110027 62.586185162601076 76.14485281022614 37.76123794371746 32.80250822565452 14.23850824772495 76.74432433877674 38.14929438740032 20.13314125646703 55.525991278553356 75.09487311040276 26.829624722630744 53.219821050367266 80.22693246644141 55.3437638212209 6.66065614555674 41.08058336267451 48.55779636399008 60.48878829201225 16.534115175250182 49.62606928246552 74.8500118317632 59.44012945852179 35.65337483565847 57.69427521487388 55.80755947529425 68.40412283210097 44.45725767523955 27.230945941141346 30.924424403912653 30.171957814047122 59.41579336774499 105.1218271113455 65.4509904278816 51.84606999245275 20.669687375468822 59.52550702625297 61.40498079546037 54.02557337792642 33.148006327385744 22.272461943585345 5.440866819103273 63.91995662598778 40.905156217702704 60.941491466988154 55.69063492291803 74.34335637592454 40.11681042412026 9.307817497538005 30.963940336218602 65.00576037803309 76.58052819766746 44.08967714354346 20.446725866934266 35.87595578263834 67.46070296458623 88.27656233646093 62.08350773259729 48.070592541809134 56.231763830050255 80.05029744079754 106.35481594935248 85.67751055036273 75.92540009265015 81.13839148477709 98.9795554330355 128.14118143193286 111.36660775402147 103.82448370155707 107.47636327081973 121.31552686738219
23.4636206263031 31.437850894768147 35.418957520208934 39.30048892711391 32.97194969498982 16.681004909379293 36.92228290701158 7.206938136911915 38.87387270116471 0.0 30.872387734616826 24.159953889763603 27.032684697977153 29.19741093015301 38.111215137444326 42.61051000978877 13.867209255499864 45.544560035439865 21.020452131037864 20.2393400589238 7.042263034723234 40.90666197270131 34.40747593008937 38.45054472027963 12.700031798191398 55.88132603945706 22.090391598441578 24.106081906483332 20.114566340174566 22.068838339748606 34.47869159520198 38.87979479797375 28.5328863292985 41.93195638993011 36.353610290441935 27.729279776673437 48.489155682264276 74.41566491500463 32.191434068040664 44.32752511636508 57.01615505045839 38.94450480350282 13.03122922863031 11.44959908920959 31.988240998591984 36.71090672764593 23.265790416183535 13.4349581935085 42.104463710046225 47.51385272027608 14.265297952464447 21.25278650773681 39.07680833276689 40.31855237038595 31.6731508969452 50.68571566540012 42.71586548894882 20.665775257496673 28.26557885994149 30.186257850454883 64.81662767425127 19.203618179531187 19.20691537358354 16.94899492543965 49.73745251074664 20.10913759990609 17.507293689533373 41.63343670739109 31.53398465134451 32.590610616319616 5.294839024700004 30.654706290632213 33.99641322909985 26.43318812599383 19.092666414730438 52.94604506822943 28.655164422123384 10.833730503426668 20.248783288161906 32.79112567375624 72.29411063389463 36.28486311079893 12.563906439223267 15.804665190101451 27.31965426569745 24.07584035703912 68.10798247750334 48.32060632158832 25.055918706543594 18.400978125083423 47.10322602299267 27.71465632938437 15.692799277701779 10.880568983511035 36.603357057647514 33.50245478407449 25.71954462732432 38.946697928913316 22.57656097564753 52.714063455388974 78.81264810726313 54.444076143915524 45.95317971060121 60.44870054083185 87.12754697121818 66.38236911883772 34.2916386769115 18.440778213629685 43.57816407112212 76.50423995511328 64.7814277121486 31.110435885551585 11.573132243106677 41.16877315665178 75.17081016511143 74.70936243588552 48.37352129229083 38.64365200089745 55.14972048043096 83.57318379172267 92.52624603590071 72.74787202213348 66.46929751866988 77.0639350985345 99.26883006860767
54.30593518117777 62.13082015145925 49.06687893908343 49.81233522252035 26.981693224662244 47.463418132728435 31.218232017459904 25.279584491697403 69.47988243368819 30.872387734616826 0.0 46.910026357828414 56.1103591226075 51.80511634039061 30.109364544064416 59.0603257297534 21.277157216359747 14.718216802670653 22.19441329000233 23.58970063500195 37.87595307807706 41.93465629689756 28.580835103179556 51.90640367053954 39.94340704782183 48.405001149015796 21.936172493357518 6.940923910647736 11.485585111312865 34.79929728167403 22.898985686994006 67.08643092948824 49.04028577881207 62.95199821742424 41.18319599834137 6.497189675225368 22.09804491431854 87.65241826347014 55.267511642711916 46.37651041984455 75.19221633545533 33.199820200272995 19.27884936823118 32.69775961084882 62.830858808341944 67.39128104183105 11.80137124888254 23.932975220252175 36.61906666930409 70.46423561171054 19.487792764937023 50.568274434117946 55.30223150247861 49.128746725549156 26.940615833855375 64.78616922343213 23.293929511325075 39.610524451763155 54.4964270462425 60.87584692134802 65.69028829890475 43.04556688846063 49.421355545585435 13.967412573242678 40.58769121226442 49.32029727798069 18.440952742020706 10.765836837412236 34.346185016606704 63.36016476885219 28.490452450268467 40.42709010835352 31.50444288231349 57.11093899029002 25.865463736475633 46.96279988359468 23.9650210892206 35.26813778102591 18.993014216029508 35.617607633861695 84.0335812945138 57.52693223945915 43.34494949077145 41.266104154156295 50.24400582549499 15.519860572300086 38.48402413120963 49.26221220589057 29.86098275501888 49.245463522453804 61.857172163416976 18.408487563054404 15.469775936896603 37.34832077050229 66.00316104994613 64.18931585375611 6.15093183134795 62.49667869103792 8.637843424066231 72.15664789335042 98.3706782670778 81.18707371855021 76.815564531209 87.20470394026256 108.18238878039168 78.22373929388402 55.37303652670638 49.07342668821258 64.38196554644166 90.97627171684576 64.4752149363724 33.50056287706955 21.962884382102054 47.30005362625421 79.9191345106631 61.57273935737317 27.564395719398075 11.101480740231787 43.37675785174204 77.68331000070015 70.86198524739517 44.482789190488994 36.480756528381384 55.477942837797904 84.96815972838974
26.439954660448965 26.422856571722917 15.566109633863844 61.9237173654998 32.201105534121034 24.476725759124232 60.875879578777834 30.667225677307638 39.58006212015027 24.159953889763603 46.910026357828414 0.0 36.955746418205216 5.1941738152836106 61.882260214416654 19.371075475801376 37.012590915995325 59.79622722922058 26.190869381071817 44.082127384244956 22.765030692532257 64.97419299967694 58.25658640977509 17.80449718292541 31.803688442346626 80.00562637766602 45.66244192833749 40.28782613894411 39.435961830292804 45.737473682216574 57.49563913641561 22.24615605945965 4.9791461865507 17.825663826951047 60.222423065984835 46.579254543096454 68.03006849793103 93.89453513174347 8.542641852169437 68.24277663910773 32.88428861590956 62.95031110194209 34.88623650495471 34.86240869854416 28.90237927258174 37.291809852071474 43.94285084980001 23.04542145413509 66.18660706782283 24.134688363681054 27.6899302679481 13.935050590487972 16.36005175580985 63.30587772781007 30.82295375393707 27.856258604519095 64.5594380067948 42.77219610789512 9.080533573035579 25.539477278328913 88.42822434411114 4.956833053065196 28.892710218657776 35.64348640860069 73.69724532192907 13.354016515303545 40.10843921815502 56.53296811156304 55.6726830546287 33.31670627486179 29.439584467729084 54.10650768768529 58.08629564962697 23.098734795068303 43.173945997114004 77.09687549268511 52.286796180682806 33.06807627666299 28.619010369536795 56.91042595645776 92.57254352247193 12.141530986116539 19.9165847462028 35.3088344625962 45.540876780388764 46.13698085027731 85.29459412383696 72.25264085015753 49.215870227316266 24.145326603454095 24.25878876195571 50.39918346578377 35.44091658075858 31.65708896427837 23.64125141148458 34.83745820767659 43.893749010371245 15.768355118061915 40.81346071469932 28.555962307480378 54.76785438200232 34.48240209519109 42.111599460013394 68.93888697941725 100.63093977626468 43.62426184051234 10.131961317954886 26.402479981659564 60.71555935859153 95.23928410728124 49.095454814089514 24.602614525996504 34.56960554319984 64.65037231938311 97.77079155901694 67.24099449183196 51.931717788155794 57.159935918443516 78.9456536186585 107.6679022000338 90.7519633038457 79.8585063087825 83.14790436579338 99.21944242188137 123.16717212210713
11.398084583782412 19.18979960550178 52.40681310692854 35.61612861105093 58.99098181252927 12.98680339888791 48.4833262712424 30.94438871586686 15.8050907490394 27.032684697977153 56.1103591226075 36.955746418205216 0.0 39.62254823722986 50.72337547164436 55.28862263350179 35.26776544102517 70.71907060662835 47.516164764689464 36.86107954125491 20.67285727578166 45.546821628945786 47.218676463344025 54.758924072880035 16.19622238557516 62.70020415893626 39.359211610983564 49.88990560712193 44.644639245590675 28.802425602253372 50.80167645852374 34.823680155380785 41.771091487740534 49.795432184556034 39.822447448911184 51.48900797335142 69.41362371005101 59.062971954280435 40.6658930040261 46.706346766313274 64.92485487614864 49.671118641552695 36.833370259653385 24.01072106797753 17.043997300562513 14.605536200480632 45.96643923727134 39.98623067768898 51.41324088331433 51.26442359989341 41.29755643435582 23.681265541441913 52.8916185644625 37.94302721042133 57.600746601597926 63.756006316268056 60.6995511405548 21.969329697413766 33.45495206226459 18.65122945819537 62.71152879557751 33.71803444563508 8.695472083206838 42.42425111202801 59.332497933288465 23.87938053317126 38.79434605047011 66.69839792811403 39.540191452974724 12.682151640670432 27.77626205299737 32.88427715012746 44.69239979472017 17.479718269333876 34.35231853078008 59.300946692387726 43.9035578068277 21.060373547537207 47.16769318497515 40.01668671052269 58.662531482634606 45.63193707443285 18.57894395817513 15.632438184191452 15.007372703369603 44.65411617605935 90.30627439367116 50.27227846603663 36.14193109270463 12.860793164018801 60.30781395915119 46.22929330699664 40.73815271031068 18.796820160792365 29.5375659855279 12.274272679641653 50.24220815187913 44.21276661285309 47.4727707848494 59.961701537444505 82.2359262537955 49.96209584533493 24.990367659378848 33.877277495239355 63.76257041102048 79.03189727163954 44.54493594961252 10.831241868147455 25.40146120437577 59.73279343447775 85.54378925059565 55.19152569594912 34.1950647286881 41.07716773584132 67.8247615604858 99.888855967439 75.37711631362501 61.48510290563833 65.3751343747489 84.62966742818222 119.27287887190627 99.45308217691164 89.16564241949524 91.67774178131053 106.08395356469207
28.590451849452172 26.72775136976584 14.701548340119716 66.39843855326976 35.47647002501918 27.74095732506758 66.00139364222812 35.80646433172933 40.27539417155002 29.19741093015301 51.80511634039061 5.1941738152836106 39.62254823722986 0.0 67.03556783738772 15.69979987785117 42.185390022411006 64.41779051617387 30.651983084402367 49.215557155774746 27.29020046987629 69.89149579713346 63.398491573644314 16.156418308554557 36.10560508051241 85.07585341779084 50.82380331840244 45.26041865873136 44.57440529391958 50.542346007087986 62.686984086711796 19.37789138875626 4.046419639334143 12.735415761954537 65.05344446085329 51.6605357802271 73.08126609334134 97.49876068123973 3.462497165022418 73.08121213637017 28.030423476297234 68.06479974136712 40.07985656883815 39.677351477241814 29.44763696989042 38.08082475654182 49.11054579311766 28.044466358801625 71.27764656474228 18.966622679410147 32.725598067922895 15.962538214364395 13.353784819966057 67.8656982045054 34.162724597089934 24.21756631289334 69.73748505563611 47.27458870166652 7.605466044032788 26.037135770461685 93.12513912884575 10.048986633919833 32.033469625040055 40.781989948592674 78.82505316869039 15.762430319987219 45.299164914755266 61.245800426334945 60.65032218908592 34.38749167089546 34.48934265241349 58.8214059141072 63.172635469572555 24.24095530152143 48.25864130487101 82.1414729985224 57.44866830312652 37.7307453608595 33.27321352116969 61.86956717599483 96.36734575541995 7.138689597701442 23.774798359993014 39.548664339347894 49.335849624182416 51.3297754747822 90.09611675364984 77.09401969245272 54.2383980819759 27.09542462794418 20.71511025895323 55.5928382016173 40.61071891463004 36.16968533528856 21.91414411669669 35.93882211930405 48.95367029528309 10.703407478241726 45.89734981441043 23.565269061790463 49.64154908141862 30.035689617542896 41.65140004748903 70.44411132525907 102.88218375269467 39.781046640538655 5.336855918354005 29.48366952089271 64.06985159798772 98.66843151284601 48.02125550579819 27.3011409538724 39.74297313018447 69.34331855173289 102.13876854826403 68.07914576094899 55.25135712950668 62.17274182933345 84.10102361349975 112.58467702826337 92.56665854982245 83.36924261193236 87.90331846974897 104.39480172383765 128.31318831801252
55.201061976998446 65.03108171267996 70.26083944179985 25.981099071070275 54.67055833964979 49.070470161749675 2.589499528365261 31.236703001194737 66.49807608476138 38.111215137444326 30.109364544064416 61.882260214416654 50.72337547164436 67.03556783738772 0.0 79.00667584243877 24.922119333440445 37.409149555819624 45.52429146234185 17.874318963198526 42.35216262289818 13.64288143011114 3.774645362479318 73.36796354212677 37.453748843300666 19.319925036414116 16.23235306851209 30.74547541739285 26.51304614059517 21.933570913559794 7.221420273778937 75.99736134542052 65.80943162984845 79.69779161000069 15.975268571131934 24.192488260375978 24.931795621090302 60.86833290009497 70.16618010741203 17.718581502456594 94.31987670727828 3.403017119034768 27.5193427359611 29.98555325787892 64.35502592328554 65.09216538095856 21.782146336024972 42.11432116586676 6.521502798102307 85.59912577666957 37.94937063844105 58.37539044096786 75.2547792508117 24.176230813494175 54.17080751129348 86.37357329113108 13.67678943458011 28.759958632438 66.32264580716287 63.916304172615966 35.63814536165614 56.98849978555058 48.29799690960088 29.487702048141912 12.0474092825505 57.38838020973215 22.250097603467914 34.44267254367481 11.848341822726447 62.20212419785484 32.88155179294612 20.115517660277494 6.225328972115894 60.60362422658979 19.240224269654817 17.251176129898766 9.627007086248652 33.03578687967411 42.2529037949636 12.015674880943598 56.64426903009184 73.99415878541828 48.15991229346152 36.02727101162839 38.04530725818104 17.786230625572532 44.88658524381899 19.79426495932497 14.840676824245755 51.06055345174833 82.9607839108171 13.177734087028487 28.62032877038101 35.564212494411635 72.74750677255334 62.32763808008822 26.34798990421585 77.03313467642394 27.381235335945412 90.2886968927684 116.64220631410845 91.96727155816943 75.5334754864243 73.12581582594707 85.93146165212725 101.43485888948064 71.91721056079068 49.49702545163773 46.07213539777066 64.73131830590988 92.4971958330494 58.77683135355618 27.35963471454292 20.91010187367752 50.20721213076762 91.68208911604172 57.49756407717792 24.51909881848305 17.066178861496383 48.74602175565631 99.19002912377914 68.74485894662631 44.80930489646487 41.045296923255876 61.28934176778786
44.156351645902525 41.11100877285553 10.170560901712923 81.16575497713745 36.49069007011513 43.40800447847879 78.30823646577423 48.39175662076394 54.70825342559798 42.61051000978877 59.0603257297534 19.371075475801376 55.28862263350179 15.69979987785117 79.00667584243877 0.0 54.199222866739625 69.53324483356738 36.87181891008428 61.62107675970588 42.06180553219155 83.46029947797967 75.54871726377326 7.898105451137365 51.16167961244697 97.74227503208927 62.86800041703172 53.34356884580587 54.29723342979189 64.59460330195375 73.84057257661127 29.497143019422772 14.449471896956753 9.623205981414321 78.96153701488097 60.48278388859646 81.11445060875339 113.11325094926701 14.899541169134805 86.93747554064926 16.13428191393139 80.46299506771085 51.49302102161842 53.76598172976874 43.97265209074662 52.644561603662225 59.17158126519154 37.367011483478606 83.85718351038584 17.01536032842161 41.96592115383828 31.607856236176932 3.810414208293466 82.47004138205025 35.56957745387608 8.535679176943654 79.64097020563555 62.0231245664992 22.255618459513393 40.62437335371479 107.37160286385988 24.011275519668047 47.72408468024158 50.64262533680154 91.01602425320547 31.456222908988114 56.77740662737482 66.99626355614994 73.99513128808576 49.26420847957421 47.73710425718713 73.09063734566068 75.84680894705242 39.371382874699904 61.08903427002982 94.99956771415502 69.39635101359589 52.20471331683528 40.14839687458344 75.29418329382332 111.88610302585576 10.254092954879093 39.20308383029303 54.6747771407037 64.83860766116004 62.1227491525223 95.82678796134113 90.92826656704221 67.39729371804273 42.79457859340707 5.019385633844802 66.66783373173061 50.971789897211934 50.92901844162018 33.95335238265199 50.81575460932492 57.64597367594268 15.153553176505149 54.93413880240125 13.628129049062387 39.31898474349684 32.65143074289849 54.599311904324566 85.38670478186663 118.3027024543296 24.255315802263702 10.827611283061794 45.1775194548073 79.74731116872817 114.33771595474919 35.251226915596355 27.668835814164126 51.80078611001045 83.64161582443309 117.0613507656697 59.23623289878563 54.87313408451855 70.05703109765052 95.91512692400708 126.04059957700842 85.94788095257312 82.78646070150667 93.35351811145843 113.88978023822456 140.07714362692664
35.248164951160774 44.21999666686926 45.76535071932125 33.01813605603541 34.83631386201373 28.403449862398556 24.11103390031587 6.6643346908019625 49.51000309503127 13.867209255499864 21.277157216359747 37.012590915995325 35.26776544102517 42.185390022411006 24.922119333440445 54.199222866739625 0.0 35.6123941930942 23.506687025651523 7.540027112019136 19.63473538838201 30.39711383737777 21.37687917606925 48.879566757345785 19.102502489017315 43.560991481466495 8.696028378969139 15.990015015287044 9.934460766522776 15.537342705752351 20.68451358514331 52.72207221092642 40.88740869381083 54.80704268064516 27.03684369910677 16.228287243966165 35.379790615355454 70.65113955049681 45.37320210419885 34.42011056507656 69.40491355137773 26.264132746710548 3.611243614528441 11.4588956101623 44.316974639810994 47.58164777600202 10.737343816702012 18.176774272651738 29.680274580745746 60.89536442963765 14.9374385596521 35.04959199075833 50.47683094091858 33.19724186480917 33.906940947634645 61.75372570063503 28.89708259605439 18.835849746320402 41.99824813583053 42.995118263796904 55.27562824627558 32.15534444232698 29.423903432267487 9.292344347749783 36.859350727219805 33.93170813006144 3.8219296991095035 31.585196775532093 20.86263198914171 43.82411808569352 9.216428116509128 23.302760644128345 21.749550234279095 39.33125592675967 7.824372578866194 40.892202167656 15.299725077465645 14.215657849623353 20.865260330080257 22.270170091543935 67.70484110471965 49.098641153023756 25.658803193359482 20.062699259823596 29.154275981536067 10.407319040480479 55.705480091389255 38.21007220603065 14.280892075067259 30.362895395895446 58.28429320251135 13.847504696942412 7.4236741402584565 16.514554159803172 50.252891340168766 44.44142687190884 15.19641415267145 52.347352772021694 12.80770320715024 65.36870411628938 91.74444093475745 68.30844832692951 57.531167259435534 65.94251832847301 88.21443002123424 77.06034730010447 47.011341023650985 29.608655720937943 44.02403948430278 73.44655785947899 71.07237340180723 36.485593538270535 2.4431897952723816 32.79625256906928 67.38006793136103 75.86862688945898 45.04987854974176 26.415437439814923 41.96307757591258 72.24171364744478 89.73603345007932 65.61177646939754 54.33278180845839 63.19805062541628 86.20169651634777
