0.0 15.84998176425362 41.69566231188725 39.179635762565255 11.592427931423885 45.8718946290135 80.46243584879947 72.55596111876042 66.04711724273335 39.612846379585136 24.387860898657994 42.8577135746872 21.21515811740272 42.5029246374292 39.93726222500077 65.85263134776554 87.9556921883945 38.38721607366951 50.78178987591981 32.69163814511023 53.68328055452294 36.64007882095554 39.4538723144621 31.21256117990473 70.64346782850467 27.747162544247097 55.65274674826686 24.16121014946329 37.794782509808435 60.090375815052305 43.5720924962433 82.45692518139661 31.228028792520032 32.40935858293848 45.7479775190557 78.15105789161296 25.538050232928867 79.54938290492592 73.62068582881523 21.08335172616369 37.035832546360055 48.56066316229237 64.58166592559012 55.98818374746503 40.607959454435175 53.68328055452286 13.876614327317311 26.175252503103856 31.10386616872438 37.327155249404534 14.193760454525798 54.68728870297458 37.233998368420295 34.9641000560786 16.55260622372501 42.265955881503935 78.2807797263408 33.04835917334208 59.06828239023934 95.68159986591326 37.14213299597241 41.72634257280201 43.792385243128564 40.22901212254519 40.52726564233775 60.767198377915264 35.277606279090186 45.24873711741183 53.68328055452294 35.598701485923975 41.92179122729849 8.628605609729245 29.285455566818822 33.92269927894118 45.71920273248037 30.294646751418757 18.471845914595516 18.875330254617253 43.77261909693114 38.15240715103043 35.30900831340087 84.74660709129142 49.93165892804618 33.90567284323665 45.06730604282866 29.6886517619797 30.17614330844836 76.99698919497396 84.65467055341355 32.25279383945002 27.662778732278973 66.86574166749341 50.54119056466076 35.483511288108346 38.48665658429123 52.93337133725302 11.03443540298943 41.52530811809786 30.971259007456325 34.349904002807044 76.32993070907894 63.54921456391899 68.15807686339991 87.44896015199105 114.20986927243229 55.14543107287329 35.760637702726974 43.72022900645552 70.27748013750904 101.79008094356645 43.12476898716092 10.411092946997625 27.420604600623022 61.564939707015625 96.03878169635144 47.77559060390979 22.96241598564909 34.15967449895247 64.81774062264282 98.13582913633425 65.64509532701763 50.35319581657918 56.18199028462689 78.56330982331258 107.62331151594066
15.84998176425362 0.0 47.52409584465506 23.50527661685566 24.780455454776174 30.961918604158296 67.09625853568683 56.935236220294115 51.49903321932073 33.019973740775086 8.55870378738551 51.01095715033235 18.273653870427612 30.741947204902814 27.620023479461146 51.916402220784676 73.08640903922125 25.524013891118354 50.25757837428383 40.68900590399061 49.12118971146668 23.638737624174826 47.56596115539083 44.35616962132968 55.36697610808945 12.87085413296231 49.91481686798068 15.86564595880874 27.868668885640158 57.82858364045817 29.282865891776737 69.21792571611302 24.882904295327297 20.706077409493794 44.088841316338154 63.44200352199386 14.788089761861366 64.81396395340185 58.83755911574129 13.977912159448708 21.348386226362848 41.332915698785484 60.325497506400026 41.06805998170185 27.625093943219984 44.3449166427664 2.2244870427676546 15.05539174603079 19.757942994980578 22.623921908905412 15.553168844697097 50.99237399515409 42.12077506632977 19.161128691886912 5.074366631222327 26.437139492107022 64.71712373355572 22.134214232435014 43.394194915739746 80.7176489287085 26.864047675888155 55.414448910385424 41.64928960241384 29.621962889202308 52.634414343233 46.54977577854466 20.122525227617462 30.450391359608457 49.12118971146668 42.714174149582234 35.6123941930942 24.478177200506423 39.17694086310997 28.511033152901494 36.932765079574146 14.445434704470472 15.228826455113904 6.893121613378881 35.48045550580162 25.727749252814853 20.860663951687748 70.32177556132915 53.598252887957216 18.056530708073648 40.75187437855289 24.850695868868485 17.921620399687953 62.42149317356608 69.00796085655712 23.070565905942274 19.53799056834869 51.248246749543746 41.674599943698404 39.63650702342108 26.87098757403316 45.735490394146865 12.12561920570266 43.120063370010655 35.98391630452314 19.526389853039245 87.82982172097053 69.57332518821546 66.04232223695229 79.23067480493343 102.89889254483117 69.26354075858269 44.16545147719953 38.71128200598237 58.663164163063136 88.1986254365215 58.974717786374484 25.362974555227414 14.261710652284512 46.458207835761314 80.6733322232417 61.28532195052881 30.30845705576649 21.821132951522628 49.28050841023241 82.31538475045312 75.04027092710108 52.692861082988074 48.13360615771551 65.20706678661479 92.63849178278326
41.69566231188725 47.52409584465506 0.0 65.58305193906092 31.77009336654737 59.57115480921682 78.63371337041092 85.61652440816376 72.54433382841522 32.66110286317258 51.82909885798464 7.8243725788647795 30.5654358419877 46.724521806017044 47.17761823861113 69.4124717212905 92.86766879394635 48.05689502361461 20.210567765034245 10.116892129427992 32.16263188177538 47.71435617524465 7.138423086482775 25.099365178449894 80.82560563643301 59.10110887817144 36.363511903574405 36.82039351682448 40.273217695083645 30.082815123814175 55.427081863423666 79.75088636080618 32.014464030373055 43.12897938349424 21.33919794236055 83.39484711494994 40.55378738192835 84.74129267064053 80.02521755786323 36.18611475705357 58.36829215921822 36.92856041696641 38.155291761837155 66.80582864768678 49.41270201820331 91.84546639192354 47.37342630959818 62.53502520389524 42.087799734514554 53.444328723672434 32.07623640837153 30.40578000632131 5.669823439880132 60.95556625405314 43.19103674539697 64.03198909272459 77.69517795933344 69.65694094614058 74.88081794662794 100.37654637294604 40.9534109628185 30.496970694039433 22.193687678371273 42.70787354681664 22.20798853905007 66.83107442872338 64.81690145727403 58.62797122452684 32.16263188177538 6.663800030622802 32.398714864299556 40.92919115947168 15.612168018913087 29.786670601374187 84.30809318400286 56.45224534331603 32.92621620021915 43.02819958918816 37.93235028897951 46.738875236748825 51.47140079157007 87.4165699215807 9.979517418190554 59.02437343967751 28.08793085159389 29.440128468660607 43.852830392627716 81.65074676703766 96.58860374877088 37.69811313080911 35.844887095652034 80.71744419994421 42.31622499738157 8.494127574459828 44.7107122042266 92.71990632693299 51.661627465822306 12.157697730302244 11.540824970538988 52.30560780401403 45.81314680825282 22.166475543397457 35.75900304072122 66.79000974513816 100.18957005398778 41.04391735301435 8.995142998078013 29.530925244831675 63.7031553100298 98.17821524880799 53.62195706446392 35.50629958563256 45.176439404982496 72.2215645107477 103.8548430200325 75.3054442890426 63.48731621879677 69.17473997831112 89.07539463954663 116.09686970630378 100.35552199202235 91.60011053733274 95.41813276251163 110.51402726095411 133.10436029701373
39.179635762565255 23.50527661685566 65.58305193906092 0.0 48.08511524884066 18.004738272873162 53.89108841460961 36.2442566783755 35.90737402235204 40.020588637031764 15.459291811221364 70.64986653447815 35.25624048384217 28.725961399454658 25.610575637721137 38.40310511632607 54.99279199429904 23.14906696519129 61.77246905481378 60.880215867926125 55.55436342245222 22.044991859917673 67.37254928752758 67.210284178916 36.49337182143724 12.092212167336607 54.46033171267409 28.767337843970004 31.140983815298046 66.29257250018557 19.972251299303966 56.212854140631684 35.22982120554052 24.41324216847506 55.144392125044305 46.341791455122404 25.07048493413459 47.546333236230694 41.75381399794204 29.610390175934047 8.77060814005308 45.114942510411176 65.73244820964199 25.3468856723999 23.733546590621966 34.645657492181186 25.325649017459632 18.851866870954787 24.90981686077489 15.626397818327982 36.4941014427385 58.372946272387345 59.914334000021796 4.733246795970942 25.065234126867505 7.0535374812207765 51.13058690988962 18.944938310834736 23.050377148299287 62.0655909170151 29.9132434730452 78.36975942221324 52.543018300991385 30.736784343341746 74.81297598426987 32.79373112158869 5.571114749153422 18.281587025148262 55.55436342245222 62.146770628842894 42.282124322780156 47.75101566424064 60.60477569099482 38.66213901453489 30.351770625004637 9.636530001156514 33.496974386374504 24.002709676099443 38.966309397665356 24.449900932414007 16.486688766055686 53.807866627795946 69.22071420247391 6.572009714821791 49.042300140357945 37.0859211005443 22.607032436747673 45.8452659390404 47.85951729765916 30.091453006497833 30.22491917550741 30.814152476285418 42.471035650120726 57.116489889578936 27.0075922376615 39.8191319662321 32.0333560608435 57.84783475612995 54.58312712859076 14.800611230888268 109.02376875848171 86.46500821436295 73.89832808786477 76.42301945354615 92.81563806689383 92.32877922348072 64.38558980438275 46.48891618749611 50.71241401441362 73.32866421080067 82.16264135459731 48.86612609689016 20.492572304411006 29.100538728351236 60.5688515953455 81.02204710505703 46.94124863499421 15.402652590455014 25.804161822607913 59.07046643660586 89.25374820486485 59.935485218804004 40.163645343063735 45.04219827758426 69.56512088392613
11.592427931423885 24.780455454776174 31.77009336654737 48.08511524884066 0.0 51.40200837464666 83.08857846830044 78.96191196722634 70.48881488438148 38.08222607447733 32.66622491253475 31.89039137661855 20.708003551067208 44.85021150289175 42.97316178061249 69.47475016420348 92.57290286145361 42.04223583746183 44.11266115849177 22.109855409480385 49.603573039355446 40.5639421727304 28.579748174046323 19.906366751824297 76.2355332385802 37.55605132057162 52.32482234813686 26.438515314023768 39.01741561237979 54.13534166338337 48.38513229506065 84.89835924655021 30.624160138222614 35.65412580123619 40.1344597218596 82.62734812029252 29.163570521225328 84.04795698490257 78.28365927753681 23.506880681249957 44.31540505428765 46.76706051458779 59.81214160347364 61.22367654299569 44.21263799972188 65.24173215333522 23.3221104364453 37.26268242025388 34.23523827970982 42.97316178061247 14.281910777444304 49.943051615475895 28.054321146241232 43.54535334202595 23.30985349302245 49.9815743596435 81.18372368165936 44.30226360073931 65.81326432579216 100.38903888842039 38.71249787345878 30.763054866061168 38.65647643108572 41.77202079584147 28.9868960268688 64.87714874949998 44.9004262124162 50.64287638150932 49.603573039355446 25.3035980907788 39.95393645843741 9.29357175345111 18.050174199064404 32.21232761 57.28945570826598 38.63361518851753 19.3699446586798 24.99066480334335 43.15789357469548 41.427607050733336 40.78229533557363 88.69754944680302 40.80966571733775 42.15818439894162 41.36656133918015 28.262886120468576 34.142716707776025 81.28368516987413 91.03151449504416 33.57923526538483 29.010486147030647 73.32841943029693 49.911003386739 26.877782572187968 41.0283573992377 64.5082228916718 22.62408448966565 34.06538766855292 22.245965536356586 40.32568151927989 64.77282116521742 53.032100188528624 61.83921235139689 85.03276993404457 114.15715038401774 44.51661267897253 24.878234159575197 40.63208856428066 71.25902793946595 104.40102422791533 37.072756198692346 4.142408015761552 32.47743862345299 66.98703365785462 101.5607971629636 48.71893172557859 31.735423008263552 45.11734216620401 73.8840089611322 106.19300222203158 70.56278797193895 59.906615147961375 67.77375610907478 89.40103736319134 117.41632309680783
45.8718946290135 30.961918604158296 59.57115480921682 18.004738272873162 51.40200837464666 0.0 37.30203136166175 27.733198150809553 20.60201457330618 28.66541909687846 23.06256479855502 66.0182588555713 32.85951736818576 14.35817736953372 12.664720420408774 21.696283855730425 42.15754725485188 11.514838445794506 50.65024463727218 57.594599781461525 41.75276185509012 12.057035390469427 63.14610310485672 67.93141498612889 24.89573093275208 25.699921345563865 39.7279153324296 25.827944084622583 19.716474431827955 52.917649728772716 4.2197881118804395 39.55826589475304 27.60798261229573 17.089471514046647 44.30353482378312 32.480139229226545 22.480181911729726 33.85265282051515 27.878687418288518 28.306163444071196 11.352608401310142 30.87715974992548 50.7605035192248 10.131704524458963 10.324625906815394 52.34136979833333 33.18591474126376 34.09218385904558 18.40153030037342 8.558438759292677 37.41477456697623 44.89092830269883 54.10121169584628 17.356007899611186 29.330782895979894 11.17735448913211 34.69733637895976 36.228298766797735 15.438191306282889 49.838918673175534 18.827006866317973 78.91278168981678 41.876563820025076 17.882107359671828 73.67727896709498 16.076287651069517 22.682278064679956 0.9456124214322507 41.75276185509012 57.86407739058648 30.25497453578865 54.23751272460276 59.01188890914464 29.890281260319043 48.35423849146051 18.908669852551338 32.74048623827435 27.094669933545045 25.51320428697793 12.84302631995322 10.669598971180275 39.421727862088744 60.70356209840458 16.504465763579436 37.04477702117515 30.330565519237748 17.622124483504393 31.481157047242018 39.711257046583576 21.973995802072594 24.861290483270885 22.22498685564852 26.960596130451933 51.268617973010265 15.044683178904139 57.79151155631386 42.575638595237805 49.50183386597306 50.1104206716233 11.533829341493496 105.10118049746916 78.19580727747557 59.81389326445553 58.61408361958325 75.42089358526428 92.81415203324849 60.869867329689235 34.50583720654768 32.72618180948305 57.84627276031605 88.1308378564617 53.53042259807362 18.94260022513728 15.715993782311795 50.29927648940131 92.21735165062502 59.96439508296825 32.89768460351258 31.042339950847154 56.91956016817227 104.04523400537963 76.78389425427281 57.97342299406527 56.752663295166776 73.99734771780471
80.46243584879947 67.09625853568683 78.63371337041092 53.89108841460961 83.08857846830044 37.30203136166175 0.0 28.577723247306594 18.287264232899478 47.65754207127038 59.92443273853469 86.3604583114287 62.42889425864177 38.2995364098882 40.56529451903886 15.630010720068638 17.713031318067905 42.09205009413984 61.44018098672132 81.17555785793499 48.30899867131357 43.87850458546416 84.52783761961618 95.41575393860066 22.8106821408585 62.98486495119232 44.084015208527056 56.939162623869414 44.135793126339294 56.863515369659865 37.95864017931262 2.3364466934054136 53.08006432637112 48.10448479138537 57.694668888841136 13.665965364174138 54.9723887696397 13.883713349723896 15.71396101106023 60.01967315651733 48.625406884838334 41.721186235626995 49.75353803405693 28.544202781948556 39.87840907525336 85.29172793038822 69.28526436536738 71.32962990410888 49.45385500088823 44.762002862434414 68.95013812332532 51.18013700264584 74.49024324855296 54.375744483808376 64.32606473163493 46.90536740687889 2.8522919561722264 72.80388182146368 33.93174665609879 23.50892542850942 44.380251691626256 105.27524258052854 56.48256686099358 41.3413343912058 98.28806789740518 21.29067940672134 59.19687613418245 37.51274631944471 48.30899867131357 79.96212406416036 47.01209890858697 88.13214050834515 84.64779320751917 52.728600474346656 83.0688234260898 56.19988422926939 63.814613500208154 61.87084586171171 41.96708928664081 42.3189090953698 46.305966345846855 11.193216741490666 74.90930154985138 53.73584819952072 50.54756564199881 55.83019052475413 50.291422072881396 12.35853539209401 30.44370551062549 49.51128134854677 54.0885433912392 29.710566140407238 36.467491054432 72.16913810634185 42.22839824984208 91.88018172073953 79.12144175693932 66.50374623172034 73.307102502595 47.84782080679905 122.9223126815132 90.16587828946875 59.53745112614022 36.801662906063704 39.48225584184279 118.17394056444336 83.63971021486228 49.203411016791584 15.530737946014272 21.36084317680519 119.96572735295229 86.12997043686696 53.28989943336369 25.614458069859698 29.448820849583782 128.02326738725682 96.94417625979098 69.29067088116784 50.98066570824781 52.836227404972696 141.27812739045623 113.73166501709753 91.13184639687789 77.90940048946818 78.92702579513487
72.55596111876042 56.935236220294115 85.61652440816376 36.2442566783755 78.96191196722634 27.733198150809553 28.577723247306594 0.0 15.707258433067489 53.1729081096618 48.43290180577451 92.54111709770292 60.53703023390424 38.89926486816612 38.81050992037469 20.75027994996259 20.537764635624544 38.55299175639185 73.35053549457443 84.72567193755829 61.864892810162864 39.506023053152546 89.87924928813928 95.64072821621812 6.543661387983792 47.99081114033029 58.511510901234594 53.54726967091688 45.442002429592925 72.60596777578886 31.29319822944631 30.58352472841198 54.351577368880136 44.63273887346892 67.73444903192225 15.434920157396485 50.20835507266094 15.884492449914179 12.986654013750888 56.03534768430784 35.58704000930898 51.839806093511854 67.76702033307721 18.87767843658061 36.77722379621282 60.97031693466633 59.091088200418135 55.071709495208445 45.99566185881166 36.002407915126895 65.10563619836348 65.14841709892305 80.39448785296032 39.01454857153417 56.27954241667249 30.89355653050386 26.007108346350602 53.955481255689755 13.571512080650455 26.55495819100847 44.89407023411624 106.58382267134789 65.65430800482045 42.918858446767416 101.14033909095913 20.093603895058912 41.72928770187379 28.569021170812633 61.864892810162864 84.67743395405464 53.96843596868198 81.11064581267715 86.50512595520897 55.95421291900563 60.54801778880958 42.899942169394535 60.472579813988425 54.23491761953913 48.46099233412438 39.65446789980378 38.20829771670841 22.12923489738772 85.17376725513327 39.43678125227383 59.98750559844537 57.213966619646584 45.35157019498272 16.32229556514513 12.107962383896185 48.96998367978556 52.35704015149343 5.690452784629573 46.4895622250746 77.63159690174153 41.266486112044774 68.26309010220953 67.43124875779539 74.57708560693757 77.02918148102265 38.65628529496356 131.42657884960843 102.29297547186029 77.77877577295702 63.48228903402933 66.37199720657063 120.44426219456305 87.88156169716827 57.743814697758395 36.61090063311909 41.72767205053528 115.3835608578861 80.87454106084495 46.50666703719036 13.41276174419612 24.326686743517055 117.01560401789358 83.16542804486195 50.350486001703736 23.424359974103307 30.936645274043272 125.07859501284517 94.07729982443651 66.71754432935141 49.46445258571278 53.263893848931765
66.04711724273335 51.49903321932073 72.54433382841522 35.90737402235204 70.48881488438148 20.60201457330618 18.287264232899478 15.707258433067489 0.0 39.89472456415455 43.66220072458847 79.82410048131165 50.56441655633128 26.78459459461665 27.80366588051903 5.158965962136787 22.085102904537557 28.459065533626408 58.722218457813554 72.87827102967697 46.73549216169074 29.93314936985787 77.42473102553636 85.31375260463068 9.359647903048003 45.72853018767782 43.19084929842205 44.105416221693616 33.4289895516105 57.254240699574076 22.475742672957647 20.622514412726233 42.74219583737368 34.859585543412976 53.47798203197747 12.155362063801189 41.373307379532946 13.571335042982096 7.848825727390337 46.98351163829114 31.503655112740482 37.19204262159447 52.13925555873206 10.802628549814973 26.318344128911246 67.05794113080928 53.7231283554329 53.888440198304814 36.2819827119232 28.895778226024802 56.22444503075936 49.99474655025761 67.6161369469201 36.84152760679962 49.51788256506545 29.036808148524624 15.451539586891569 54.85194278103167 15.93613854116469 29.900367749184085 33.196322117422326 95.89659069230878 51.59201263927102 30.649048157907462 89.76283426456156 5.824087900779703 41.32851490716168 21.05704453379245 46.73549216169074 72.38759269820535 40.250690066515496 74.22358911427317 75.36403298595172 43.60607485471904 64.78804315575366 39.254445761528096 51.21787746280447 47.17186939959172 34.67951104502929 29.17020756267446 30.794003273243543 18.826677757447122 71.10422082960335 36.444231105753914 45.72853018767778 45.654692676731074 36.410056242279396 10.952975635348668 24.46912041501964 37.95060657820366 42.0410846177346 13.79644132900261 31.683266600034436 64.96509402888714 30.036465338527712 73.59806597501878 63.17736929090407 60.99730237513512 64.99560326799187 31.979058334564858 118.22767562836452 87.88912937307383 62.17734552250193 49.01380406655585 57.736393558868166 109.463887094861 75.8116541284254 43.67283830343423 21.495866803199988 37.572241804858145 107.53138901070213 73.01999646956973 38.6741999040352 7.370290632418598 31.74590086601238 112.78199531584684 80.48640824535575 51.29499827412322 34.338364483559786 46.06409876418377 124.30853861201774 95.84240736599335 72.89513433095026 61.93878795211929 68.94857201098255
39.612846379585136 33.019973740775086 32.66110286317258 40.020588637031764 38.08222607447733 28.66541909687846 47.65754207127038 53.1729081096618 39.89472456415455 0.0 31.51833117069685 39.947953659735774 18.438972550188655 14.6247368079178 16.05965174273401 36.935843347279445 60.598566306144924 17.811347925497518 22.171402956303 33.64366815985573 16.41164793267021 18.32370482079951 37.64723221630919 47.86119215084828 48.20260264167627 38.88416271692256 16.897062543429502 17.205295804547305 9.185494989436341 26.457224863191662 24.458953255603877 49.115597665049066 8.501710055366022 15.791312963525597 15.68749568547321 50.951190816136936 18.660272919534048 52.3222551057057 47.43537466972827 19.638061387115393 31.404368504036444 8.950256115009426 27.494204312882832 34.54203542352451 18.410214119534853 72.62984464795643 34.43797839141203 45.795807759718954 15.66564637104558 24.913970231618332 25.613372617493198 18.78119374950969 27.749252041848155 36.22333348561464 28.113786549632106 36.04227665069579 46.301843276665906 51.541616860219875 43.299547819075535 68.24133925551776 10.309983994262126 57.6192886295182 13.21847048574923 10.802935509538903 50.75387811141455 34.170347790398814 41.589657371114356 27.7365254306367 16.41164793267021 32.7474838094098 2.6029931136066633 45.25250488113214 36.99329386149081 5.882456905260326 66.44594744323486 33.23899318700887 21.172666795309933 26.136571877632477 5.690452784629573 16.37404813533039 23.612506937369965 55.45713235955664 32.26334494934764 34.255895830736684 9.023063924753833 10.024802069085933 18.167333267285713 49.25425413962471 63.95697974608491 10.667452714451253 13.482366081782262 48.487302359499374 11.982937133091266 25.151947847155864 13.84947527371539 75.96406898867608 43.65300847701316 21.4100661023399 25.730035695603917 25.22033041508385 78.41847784625895 49.67485854099675 34.35923027000808 47.836733469757185 76.09849317655676 70.63748439293586 36.31033812297399 6.486965531025997 34.0672042140313 68.36608587651722 73.63379868740142 41.794166439745744 21.596612203733315 39.76078771991409 71.34614280100715 86.29182629274914 61.25766969157475 49.53313144241113 59.576558552022625 83.90475404144695 105.17874039108106 85.64797078851922 77.48108665591894 84.05830773562283 102.58175192956878
24.387860898657994 8.55870378738551 51.82909885798464 15.459291811221364 32.66622491253475 23.06256479855502 59.92443273853469 48.43290180577451 43.66220072458847 31.51833117069685 0.0 56.2451337006651 21.296369564168472 25.58461878290489 22.204274866622463 44.493172817904984 64.96739536520792 19.769769292437097 51.30220374021852 46.194319364924894 47.92693062454298 17.915600669732125 52.87975682187667 51.765175637813556 47.04964223841117 7.651693623773995 47.979359767561455 16.07209387707039 24.447135196869166 57.64954340894081 21.97895996675174 62.11200718476685 24.48516566142901 16.656213741908804 44.79905745782001 55.44443663304357 13.180004911257756 56.79571815844618 50.81092862239409 15.782017985092367 12.864500537205027 38.84584064760369 58.934212923282104 33.046253258855664 21.605844503548894 41.716350374356715 10.669598971180275 14.439279323865716 16.22828724396625 15.167834428539766 21.295375283773463 50.23307122526914 46.22153316701898 10.879206197246786 9.648605285681766 17.88128301831523 57.43582932027699 20.067144020909097 34.87633613221675 72.53179117942365 23.26448569483353 62.91827990449416 42.225462652350274 25.492493230584962 59.51224795306185 38.98403675839626 13.158727361917252 22.657656307672518 47.92693062454298 47.7697602961094 34.08733849568926 33.01540712790713 45.48648117261614 28.240226222038903 35.095788874893195 5.992491322370321 18.973047044636 8.94254944096221 32.63048439800783 20.36927774716167 13.8052030517869 62.473297284069865 56.672006550280365 9.579871119814555 40.12255014720952 25.440755683812565 13.827050579529093 54.51039393023562 60.48980091040116 20.866160259665026 18.85667948819403 42.75108942328121 38.07342396917203 43.52970112457376 22.138579329686934 44.522802490677165 19.531820528219118 45.59749654688349 40.47368928870754 12.10594874857288 94.10008629830244 73.41509477691838 65.72286945286217 75.12645689958738 96.76385178101793 76.87138860312483 49.71129095683469 37.789428933423146 52.72282103243274 80.78475848657007 67.50653857197096 33.63854952260358 10.041106769142761 38.27464151996831 72.27672577640685 69.27243740381415 37.02528351566359 18.382615047879696 41.22884104218484 73.86854548708341 81.44820493709774 56.47262654122934 46.2527560238486 59.02787275448307 84.99455579189835
42.8577135746872 51.01095715033235 7.8243725788647795 70.64986653447815 31.89039137661855 66.0182588555713 86.3604583114287 92.54111709770292 79.82410048131165 39.947953659735774 56.2451337006651 0.0 35.396065114724564 53.66568592944073 53.85738700284331 76.8407200638252 100.39183350446143 54.52995996230968 27.754452152631806 10.397373612318294 39.9571514431354 54.02411962388718 3.466890611022747 20.336691825316684 87.93200368815366 63.198075190561234 44.172648894131996 42.12975363011337 47.09992064407877 37.27657649141576 61.942522544932515 87.50564400711015 38.4263585609138 49.233966352069615 29.163570521225328 90.84594529915192 45.91978508281339 92.20430314221888 87.38280880155531 41.039531352325284 63.907990244731664 44.639932201758334 45.54120391687148 73.67672886729278 56.02663103458229 94.93832609646567 50.54251664755901 65.75795502802816 48.09361658750944 59.4349430473646 35.482301173708535 38.12222274459521 12.209174022129837 65.9509679180121 47.10939148915822 69.68481665915219 85.37738381791802 72.9578445756511 81.42206265597903 107.94445834462596 47.68404838225471 23.61168374373303 29.98093755922792 49.648328163810405 15.223566808388941 74.07029074841964 69.38408405270627 65.08227856052007 39.9571514431354 8.5039726105407 39.87195601727564 40.49285102532364 13.930381549208253 36.58709524084605 87.20927827281206 61.26597213247229 37.309555342405666 47.31219220639628 45.35418948611426 53.26625464538104 57.37625132035663 95.01829795958861 15.811425487335189 64.08053484233702 35.83719504938242 35.69039412819075 49.64879282633207 89.1219962228639 103.69356331195064 44.044763100215825 41.678067311789846 87.52103510161149 49.97670724741628 14.91653376047892 51.384918874756934 95.20794582538443 53.460858285469754 19.956495254289862 16.169083115554137 58.032457785701766 39.08659116444136 21.488810428254876 42.315738721879846 74.2584669826199 107.85575320020001 33.35643210904043 7.104028000534069 37.190541313144266 71.48887333725312 105.98601397068562 48.019370477367154 35.110239102002325 50.541350135768006 79.18937739348088 111.27586056363225 71.46550766516778 63.31260895780712 72.83151611578904 94.84275747190415 122.80327017481426 97.55443886122409 91.5291281881794 98.1477648032704 115.25222699132375 139.02466533930757
21.21515811740272 18.273653870427612 30.5654358419877 35.25624048384217 20.708003551067208 32.85951736818576 62.42889425864177 60.53703023390424 50.56441655633128 18.438972550188655 21.296369564168472 35.396065114724564 0.0 24.313822692145266 22.77042869147615 49.143612751126234 72.56394170057098 22.271867018713447 32.1587799179237 25.787446913962018 32.81393178656791 21.089037649258543 32.138888589884914 35.114976758647344 57.071988195641126 28.702207095515682 34.523092300673305 7.12990720168993 18.31599467187746 40.33710553919634 29.27345801837035 64.21406568839267 10.235393135266813 15.959687237138759 26.221434264235516 62.607380361585804 10.835407415502218 64.02971330542154 58.410356705733705 5.654712917998375 28.735389921327698 27.387620779353036 43.90531773123256 42.047798420516486 24.31382269214526 62.19277722898742 18.865252198194753 33.14039515181111 14.567601632094158 25.12959953629246 7.194192504663331 34.14751923471939 24.937931805720144 30.56546721148768 13.362709551954977 34.58726123402993 60.576145859418524 39.99164700699087 48.1032163818486 80.38725501510913 18.056740329665786 46.05516619657128 23.91728609138785 21.08903764925856 40.99661358132315 44.82971916041456 34.252815570943575 31.993926124867926 32.81393178656791 26.89474234095434 20.710290023689623 26.985816635087453 26.351743703365393 12.707637405602718 55.00317541404459 25.9423760077424 3.2214859585971842 12.67180275185207 22.93349101702467 21.42181420768718 22.935050386400594 68.38750448156698 35.6145871481203 28.685667765530262 24.176745201241364 8.473549775301258 15.304872142111662 61.17236743476473 72.3962217807131 12.941060475271584 8.535679176943654 55.07911654359838 29.747092040865066 22.233749568042448 20.637405495719438 63.95997089563053 26.570634759461857 24.887793897040122 19.348671919631478 23.20404664158252 73.99241339320837 52.14173006401275 48.55361685690296 66.2643065862914 93.91098905677744 59.958433389308496 29.260135894411114 22.630614323691365 50.625894469618586 83.71776998320202 57.559022723238904 24.01607163639902 15.3412871958394 47.84131357729991 82.07971900988075 68.03657415027013 43.36616705402646 39.07813677710156 59.73612315204314 89.46806888611799 86.84895851347598 69.04809291660506 66.2367537396158 80.01091692272868 103.97575186706544
42.5029246374292 30.741947204902814 46.724521806017044 28.725961399454658 44.85021150289175 14.35817736953372 38.2995364098882 38.89926486816612 26.78459459461665 14.6247368079178 25.58461878290489 53.66568592944073 24.313822692145266 0.0 3.4306104869857266 24.895730932753494 48.51173221380928 6.011186806627001 36.34714177060794 46.21424652768841 27.600940717637155 7.735850140310239 51.06911750241476 58.601351428397386 34.33753575126789 31.485231792888673 25.961331004115504 18.65310668342365 6.670500161869607 38.70759562506935 10.285224261419804 40.18164051560824 15.958264829826618 10.222210870836019 30.084445279031172 38.59082310757902 17.007272604813636 40.00695859481827 34.597596150054976 21.746803178379725 20.029695891315672 16.790771068987617 37.189036638149105 20.087777971474818 4.993816124813168 63.07468519917613 32.7611806446691 39.62502172930729 11.43746420755842 13.188253961318848 30.66007849308031 30.67166652213246 41.50096610154759 25.961331004115415 27.041142632371745 23.357526846357242 36.33812646653497 43.901812535273045 28.675367210174837 56.31599028840148 6.432173971786479 69.12020193374823 27.721860371400986 4.019858067933255 63.009802424102176 20.96327185356978 31.749546752951662 13.468634013319512 27.600940717637155 45.921725630341356 15.982924927716065 49.91630781519312 48.58035807250846 17.094820627664497 57.88302921307175 24.648323129912526 25.525941949531084 24.574734568572115 11.166016613738167 5.215689785263627 12.987052567811126 44.11846427924011 46.884803810792164 24.25327205531452 22.712231690587956 18.871283791142314 12.852960219790708 37.07127726432888 50.07402238523298 11.398064687189173 15.847534181135169 34.022105488442364 13.75006750272063 38.749946050169875 4.019858067933213 67.52087255122107 42.7983588570634 35.924352581694684 38.384847574106296 14.98611490423211 92.52968093778199 64.29717919161976 45.840250903379165 49.632105615970964 72.25080737841273 82.68234914478836 49.24031521556292 20.191472955687942 28.02912187319212 59.652467854183314 81.84418739506701 47.83278986133099 16.50249588311325 25.525296546221803 58.52863372837021 90.26655080582742 61.02652311423902 41.173374483992134 45.39912911003906 69.43874275903647 105.75928083168307 82.05673908081371 68.38389321642155 70.81080957320337 88.01562435848112
39.93726222500077 27.620023479461146 47.17761823861113 25.610575637721137 42.97316178061249 12.664720420408774 40.56529451903886 38.81050992037469 27.80366588051903 16.05965174273401 22.204274866622463 53.85738700284331 22.77042869147615 3.4306104869857266 0.0 26.501591677246594 49.79532449696514 2.5974119249394176 38.168490882384226 45.924132294035275 30.22720486799451 4.312815928806961 51.11617589785625 57.5824612199102 34.70736268891996 28.054912325155808 28.877131725395337 16.550482011957282 7.055725016933114 41.21962671697514 8.444937151690503 42.53069426417511 15.54123372968527 7.539706343905902 31.74021065845307 39.838010982206626 14.411794864993738 41.26045541486424 35.652091001658015 19.569228000537265 16.86064690997966 19.573903508588415 40.14301750515269 19.94739350217232 2.3520463523983426 59.805816634970846 29.68229507647325 36.19981483270816 8.894475737895265 9.991500157402944 28.699801240019326 33.20155197274558 41.79969835360984 22.668817146740885 24.132340112981872 20.58081737431484 38.46648573562522 40.484826741140445 27.727212803626234 57.61916532154405 6.232939675749519 68.28474820112251 29.277117168029328 5.433750380707188 62.47652004571146 22.059292129344364 28.439410067149545 11.725628207935213 30.22720486799451 45.88942066902505 17.80869547032837 47.57601755022741 47.912565118453706 17.39538467590957 54.52445862128617 21.229423909130553 23.606492465248664 21.656644173094257 13.593684550953975 1.893219037468523 9.609675899721655 45.73041805746915 48.04175658553925 20.921926872904198 24.67197009914347 18.40749306170296 9.89309530342512 38.41557904800646 50.31331261971385 10.26761325508729 14.239884193133738 33.67862263431397 16.990287013217717 38.99499652422289 2.472724359536089 64.1638614579093 39.72041689310518 36.866324717366 38.220922207268075 11.599163703307289 92.87751835954948 65.53154829994075 48.55249249378069 53.05766232868017 75.28410745745303 81.9898885534599 49.07121438739008 22.101431804421203 31.045280546437503 61.919242167704645 80.04079270906598 45.771959214248525 13.359230249482161 25.626526201683127 59.412302490519195 87.62882801441825 57.92811307615166 37.78028066242697 43.518518664787415 68.95797172177826 102.66020676364512 78.6746073952668 65.07720892718434 68.37518462989863 86.66061448379718
65.85263134776554 51.916402220784676 69.4124717212905 38.40310511632607 69.47475016420348 21.696283855730425 15.630010720068638 20.75027994996259 5.158965962136787 36.935843347279445 44.493172817904984 76.8407200638252 49.143612751126234 24.895730932753494 26.501591677246594 0.0 23.764170802562145 27.603776066560094 54.749886254062766 70.35704733793085 42.449248387978884 29.264406842225664 74.5830754380894 83.41398085179385 14.284586189268168 47.36042623659318 38.75358101763512 43.04585417067042 31.35318343460065 52.74535981753457 22.638173063257273 17.91363003796956 40.66412631237076 33.898087074236486 49.774420513157686 14.015597859973745 40.64914634349482 15.391820346168144 10.796428623539592 46.03794244902615 33.00168464971944 33.35325813435619 47.34473713235979 13.135724193907516 25.38831163564691 70.6874643219376 54.12588759757544 55.69965232384207 35.30207099602914 29.383580601234794 55.199903389414835 45.674863813495016 64.66382287953986 38.75358101763507 49.47005164847491 31.379440081975094 13.00113705351271 57.26571620657041 20.304846690533275 31.51589514410638 31.303683333013996 93.79048149990095 48.02341141569158 28.513467571632166 87.37475874655657 5.662913890097886 43.64111205589812 21.94300269792765 42.449248387978884 69.65396086785073 37.01390111119056 73.80384241130092 73.15863190850615 41.120347842396875 67.98290067230398 40.60435126459874 50.10738937399461 47.05300373822854 31.491562273711654 28.08093923386294 31.056194277818282 19.245054753279135 67.42957774397401 38.10661724178885 42.08041514924395 43.55076371300563 35.78248083403686 12.343067939738916 28.680788379864047 36.28198686821018 40.6210928343471 18.927694983252 27.787857865028982 62.08739315117468 28.51346757163216 76.99852926620332 63.839786837091324 57.65218539006854 62.43711722913557 32.488192064577255 114.89877518803068 83.97170665922403 57.40716829418531 43.98562149153604 54.48580823563853 107.18226977687016 73.16635158893219 40.16765217630014 16.38336913691205 36.30755449853648 106.54141323904398 72.23301295497488 38.45770963324897 11.629038830142088 34.44307625954024 113.09658586766561 81.51156232293104 53.77970040439904 39.181652413095705 50.724470656957514 125.72689209275902 98.1468942206719 76.50582312747876 66.84486352982219 74.01416938724311
87.9556921883945 73.08640903922125 92.86766879394635 54.99279199429904 92.57290286145361 42.15754725485188 17.713031318067905 20.537764635624544 22.085102904537557 60.598566306144924 64.96739536520792 100.39183350446143 72.56394170057098 48.51173221380928 49.79532449696514 23.764170802562145 0.0 50.53703886614808 77.1077085507501 94.1050374920931 64.23481792120542 52.017953934356804 98.22071142076142 107.1070722590047 18.502919559079952 66.02600054378063 60.1747879754613 66.17779230292292 55.054698509785645 73.55516930707842 44.4523190997347 18.35673655142505 64.3814996222826 56.93499807761287 72.67018456115817 9.9582923731014 63.45552866387242 8.535679176943654 14.346122301250313 69.06675857266067 52.337598133251504 56.25677386281448 66.8788917038942 32.02878011118132 48.38474545676517 81.50804597074188 75.30740948980457 73.73447442320564 58.356879981608174 50.6531313434874 78.30563099595592 67.29259310509377 88.25609496820334 56.94033932072569 71.40399554982588 48.75762358110992 16.95003688047267 73.46820007374639 32.06291808637277 7.8243725788647795 54.942640785477394 117.53898378052135 71.1226775004891 52.224720337678185 111.13553859971415 27.74095732506758 60.56390453864638 42.73296808094225 64.23481792120542 93.34456944506007 60.520202817640595 96.21177751468119 96.91667244786943 64.88337283418811 80.9487463086703 60.07084397976854 73.28835358168577 69.09869326952017 55.06693856507275 51.21783186239466 52.6467837003878 6.521283322929681 90.24044960375704 56.92353286153977 65.13165140967305 67.27768186803335 58.48887008494368 11.447600016385266 15.551255355510838 59.83039288119185 64.02965682950197 24.828043696017403 50.72124039236269 85.72492393253411 51.95872667999565 88.78571332563888 84.47254764697684 80.94978676431245 86.18214087717585 53.68310619704213 138.0585472284985 106.21704456707555 76.80344391637361 53.947083218058914 48.13124690700976 130.94643875315901 96.88380692308752 63.40994356909625 32.403958417484304 21.77289087821446 129.6161405293974 95.09487657452483 60.6677877952873 26.701660276988473 11.841879389638521 134.23972799812177 101.25102900291247 69.84316193111803 43.57974021792063 36.26500160812868 144.24556068306103 114.07282032613699 87.25372243775814 67.88661876348895 63.23567919400815
