0.0 50.56239840524971 39.201630111467416 15.51987099736533 11.12790659073111 16.559621522776293 33.46502911781004 48.55461679136772 22.753183774630607 19.890030976144025 47.723195414775226 54.89932759209107 57.296206056785024 7.5368082307589495 76.01534868454911 34.40273775429961 65.37460179790969 25.799378950705584 61.02563366033948 20.531221832922082 15.073322320407629 57.70202199570592 45.09039655149803 86.83805404703877 33.649748691111135 4.84492586928181 16.990760084404638 58.184033371917074 73.05022127296814 81.99749774867065 43.36779576806777 29.808814332056418 48.94407877947584 52.61714731925129 46.74872786944757 17.07135835388872 37.88649328719319 20.531221832922082 34.830885510008855 51.358179700255185 38.11626907205381 5.690452784629573 15.397800999635379 61.696401932721855 10.956271188767845 60.421322739548835 53.48008803111993 25.823698341735213 33.52473140799072 31.126363348104633 7.033602581003306 30.82542569879756 36.99321812697531 15.147453508747779 11.674431904212302 65.93255888274166 24.40585108954861 47.20139791887136 12.447994244850712 21.665549230122366 53.065483055813274 94.08102486410273 24.520011302309697 7.848969360109076 80.5871622115858 36.17559051672406 29.981268238777186 1.552423855737421 50.28925419403058 6.521548998996656 23.769412006637406 55.75490088918528 41.86779194904479 86.84839158146649 28.788962465619104 6.8020497892932665 19.48856743971682 51.606297770927036 70.2865611018674 60.42143095966101 40.463345081440316 39.48207818803376 30.111601638202437 33.35043539569743 64.92298555868778 15.845857077209775 28.684092721781937 30.7721439338984 31.14280460731526 52.43850804581963 33.576868613321935 13.572088726031142 16.486687378787035 27.74095732506758 16.069623641392816 57.40907250298949 37.11959387672986 22.39778060992624 10.26314724313091 29.00118521565828 115.31014958713834 88.13528507793811 68.07352661521156 62.40961664948093 74.50298081171483 102.72125333991495 71.05128065880511 44.04252878580772 35.01478922126658 53.91806608644406 96.88934344202237 62.40892731705405 28.232199957339258 9.70018501626755 42.260899583741065 99.01597975897118 65.63279623238012 34.72764347106892 22.34278602181847 46.767900742195486 108.63466363723542 79.2882712436084 56.272347429061675 49.409832322674085 64.11624826882668
50.56239840524971 0.0 16.79613799832454 66.05527333545253 43.23039233029299 53.11464743923731 20.005485952388582 34.05877405962071 34.14679626700012 60.27951830742308 19.51949976119487 15.025826961862286 62.65383714169755 53.00209097315802 63.89474384815361 28.884392677415676 53.41748414740094 75.5989860796521 41.85443283533635 35.37809010436443 35.48938595344253 49.74292673811133 52.259969621062766 60.93740600691521 44.73480368416597 51.33857947321788 33.876669751374216 56.16954616746399 53.894424373661565 62.67273732740738 92.3445214996337 52.38581446456277 99.50501261352166 60.31884620103327 27.779184958713994 34.959422510219575 85.12873311780243 30.193008516944243 34.53692716802 64.30488989987225 24.73091962603974 55.954259355643124 38.711195996552284 26.671271014392165 41.77702456363679 82.60743481062842 14.404654471729716 32.97113169440548 23.45245162360186 19.5679912848503 56.59398047690022 19.742373695790043 19.5214302939071 52.92655042925828 59.39103453907734 34.22370579727757 26.792715820523096 62.33339438417813 38.852715334156336 53.81523582414117 60.15210990124741 65.43003927398267 54.57868160841058 57.81218040990383 64.39725043629562 37.364691856819036 39.3943463112813 51.70425967204471 30.864501647495164 45.07510440036351 31.84072822634459 52.405546164042704 49.768325841096555 62.93699688174154 44.91018279396975 54.93940110590324 31.91936514052347 63.275288973555604 51.42896829541685 50.472124795811936 89.93446428910701 18.924249872976933 51.04533851759775 30.68081573324713 27.91670101034218 35.10681177854453 78.96676680678006 41.87849328976775 42.40677217851796 67.36193087353014 24.633627171154433 37.566482934917126 45.38779738657558 26.156234257455537 41.415700433207455 79.73920760447682 22.774156271135393 37.312435136673855 59.38063174474631 22.285321937152546 94.15040120585688 81.30793820810187 82.17294297662734 96.37703705972493 119.24513808718599 71.52301656977214 53.82038863092892 55.43039145742622 75.12139570965401 102.99864863083623 54.47854725532108 27.725748825995407 31.05423647469782 59.62262553948652 92.41316338740798 49.209055921140944 15.078173807040582 20.688776914110516 54.986850056979165 89.52058920888614 58.961260887071084 35.673067458668996 38.256224927820554 63.63445055004182 95.02621424960759
39.201630111467416 16.79613799832454 0.0 54.05778520053878 34.95755296560846 38.0336920904475 19.886923335854238 20.51582220758881 18.91612893930188 45.128461192517996 9.908270864478455 15.699315484170068 47.183504234162015 43.55120053619896 52.7188466171374 12.093824751457346 41.46779902870755 62.42250915275399 31.477051534638555 20.62468839814113 25.021378379685675 36.239940619966546 36.00316012366473 55.06955923587255 27.941432437474358 41.298327503504915 24.83232389918909 41.70475905177009 44.63740505207965 54.034375310518335 78.28606669906921 35.74135408602584 87.36566220263364 44.4006277124027 14.67396494997972 22.19237633437126 70.47829791751418 19.368128054121495 17.80078994061354 47.96095052379755 8.288217600034935 44.88186218952245 24.981867412021945 41.16341266701127 28.889355244335626 65.95658605407726 14.28171930206162 17.053984577973797 24.59579510938635 11.174679098867406 44.14272253805632 12.48377804963096 2.846654955943129 38.08898550050863 46.0094005998281 29.742415478088247 20.11450594582071 45.765325357131935 29.59007449329132 37.98360394127979 44.30785632940049 61.08389943845624 38.431472844430424 46.98356947508606 54.65543889447498 20.71539725371367 22.657031128696424 40.58777494379399 18.787175510477645 32.93458666875264 16.857687878169212 37.95511794509368 33.30808680571857 56.25001544600717 28.23736060407781 44.82971242187182 24.174078448256672 47.01975356563413 41.86129236690137 37.62556547098857 76.21617170470002 24.14844084496499 34.36369017288956 13.884941016328167 26.700995433113512 23.473117736595754 66.18889323268957 25.10989544837805 25.629023030813496 50.93316689657933 8.01866627986035 25.637629701920407 30.335099262245343 11.65418569588259 26.835586042665827 63.05440263353376 6.041695533356141 21.662303995197952 49.080155267428125 11.121071321682022 87.36443495588563 69.34072147045855 66.1702163763466 79.64690916326892 103.45788256257468 68.6683732888841 43.79178271550799 38.92200137214261 59.2195184249413 88.84710320474773 58.27239180779913 24.701468869941575 14.81574342266335 47.15615244598013 81.38029211871479 60.61021613190319 29.75798254858481 22.188378492706594 49.93954489084237 83.0086714538306 74.49234579750028 52.38157449888677 48.304867034758935 65.70922370093629 93.25693028690537
15.51987099736533 66.05527333545253 54.05778520053878 0.0 25.086773564083053 21.986208492311725 48.802141431906605 60.68472908508557 36.28197232593982 19.714033403760286 61.99696684662629 69.71760523330879 63.219557408579945 15.903510785282489 84.78788175977184 47.69419819475429 74.9892520355543 11.273006922658121 72.56193804482722 34.1653749409971 30.572928476066185 67.21079363807061 52.50776283612277 98.04111189275442 42.765524895138306 16.0428799661523 32.4796053661618 66.1251247544233 83.61894237577582 92.0464448703331 28.918775024485914 35.82482783477434 33.49374338524728 58.49441699632971 59.909306762683904 31.90919039005148 25.251338075826382 35.931768696901464 46.835570539773606 55.6569059517228 51.929125431285314 10.548997806338635 29.269376728807547 76.37257674872794 25.173239847298568 59.80786065766735 68.30972605513563 39.1268145388759 48.4807236169832 46.56583990006361 9.97757347906557 46.31298280110153 51.6712504829276 20.83191453936192 10.21459534667184 79.20266475796925 39.88020241369214 51.45095787871794 27.778676620711202 26.54799347407756 59.06880666501133 105.56629479388248 29.081690717323923 9.351350399794866 90.01269522454305 47.432698180782126 40.91303726186957 14.507827117869283 63.041902759985604 21.217506705739765 37.7813496909255 64.3705203129355 49.75989622854922 97.63883194310391 37.889273018334165 13.085183731056244 34.89006608418942 56.31593779429678 80.99053648231528 70.08011754743266 25.681378737459365 54.57366468615158 36.73943148183823 46.339765457179944 78.96495259401253 31.116866904407807 13.357898757642234 40.870441198441675 41.054888404162774 55.83492761000278 47.75929516537609 28.725985177656728 26.783695008847037 42.42655418648624 28.479407730824175 57.11449655640166 51.30886669128568 34.942740333934644 9.666245273678667 44.28829964629457 124.4364217225417 94.75377858575155 69.76336876360743 56.12815914035109 61.87573384631014 114.46827737854017 81.35565335345832 50.2925158590028 28.89240355545776 39.17963537573187 110.88774092425474 76.2841219597722 41.68090513323359 7.083985879554706 27.53038817055865 114.29690732940584 81.11657879436181 49.90847068498664 28.22501192372589 38.69479178762095 124.12098250605202 94.34296389791695 69.20958338272699 55.44486527689971 61.262507284112644
11.12790659073111 43.23039233029299 34.95755296560846 25.086773564083053 0.0 25.531228677560534 24.382412539616578 48.662919933630725 23.12322453456641 30.267691733202692 44.477074425018216 50.184220795114705 62.74357295389183 9.970844796544904 78.76320788131314 33.73223896156544 67.61410170113264 36.0883323552692 61.38663049771077 21.146590061973377 10.505370101661757 60.27957115959005 49.968380170152 87.01043009604312 37.93154967816267 9.05062287768249 10.132307140687375 62.104628787792514 74.15668531604341 83.44806154072158 53.80522883203072 36.71745057710971 57.4165552811369 58.25905128277366 45.50164933122346 15.675550480064892 48.82556168863887 15.748704051106595 35.97404931156295 58.0398489468876 36.261439376883615 14.585072914612963 16.9463200551424 51.28682045231313 13.696015099300753 69.2769103397384 48.77291089551274 26.088679067064113 23.504729253359155 24.92704448474953 18.083606373371698 24.184424334674624 33.354002683116555 24.274019828539643 22.801143810015446 63.87711793269031 16.46673778724926 54.07265875575798 5.5676458472670065 30.101057747074645 58.605404947419714 93.83472345257663 32.767842621121524 15.836318173124374 82.65722694533868 38.107549802155425 32.86931834629377 11.31344707243918 49.48427896556759 11.295532327857373 23.032030852288475 59.20033391331074 46.55985083592952 87.46428744838882 33.574282212427896 12.347749716583733 11.397965319268168 58.03302754368593 71.31578217767007 62.76705656837403 50.70180088286731 29.671903238844845 36.60461249866496 33.25114781492783 61.61828189034016 13.030277986540035 38.43069364219619 34.42985082244167 34.940796378755245 59.59531255308609 31.332110547809364 12.205109657789098 22.344928252152304 24.857401163978377 19.748237679836528 66.194626100548 34.59622470596447 24.393251302255695 16.693836732206005 23.87658788487819 117.1933982062613 92.39939312793462 75.73476939001978 72.99736240715272 85.5349444516446 102.07135772305404 72.4733876697036 49.81001470601815 45.8748188285746 64.208848557569 93.19656034678715 59.45886024007809 27.92780522121392 20.479687275279275 49.535057487861245 92.38778167742838 58.19483576289712 25.152088155199483 16.536870642087294 48.053725825142564 99.84127749219444 69.32711596985865 45.15574999335565 40.82473439452987 60.73796631080635
16.559621522776293 53.11464743923731 38.0336920904475 21.986208492311725 25.531228677560534 0.0 40.81187766712811 39.85283481044244 19.165251595052577 7.165299752072886 43.97844010689757 52.785260222195376 41.98108465186783 23.92945348699497 62.827494196314056 28.736569019848805 53.019111504720094 26.318344128911246 51.15591867111426 17.743149171276944 22.2683705922067 45.24373411876857 30.662977619202053 76.34305453191197 20.87189408757962 21.382683636796003 25.42710056513502 44.24077238091405 61.779577883797955 70.09683150520024 40.55221591724087 14.187766242672051 51.929060242105336 37.24079207541006 40.146658616572374 19.300132001665595 32.4636735033266 25.021220293706236 26.385000281058186 35.28053650676417 33.53568980244875 19.261043814105378 15.025471260146638 70.25370754989669 13.997595857301373 43.99160649042513 51.46376339414045 21.099775878636738 42.643410830641564 34.32547473420109 14.075135814987869 34.73657088905756 35.266896337868914 1.4338217476734634 11.7716180993025 59.12176490558621 31.597146965291106 31.068210131310813 23.43894024739596 5.205756325210157 37.7619089569936 83.95150497553571 8.072321356738264 21.063325491837052 68.02662096828057 26.34798990421585 19.9165847462028 17.66543756700166 42.71971495146079 14.337296981938776 21.37305375401258 42.39693034784946 27.81543366363448 75.81634193613336 16.090201589868713 22.378514409304803 28.274800947136736 35.67988066718472 59.1960773481144 48.12169499337442 38.82694664069426 47.62671697372629 14.914149428495255 27.049742813667965 59.99453267515493 20.639313938154494 30.611302634791993 19.36687904571698 19.457189733465118 36.114002791723266 30.42620890746514 18.556575556274822 7.746326099241894 27.01667383672774 11.76886086446179 40.949928705555806 33.70277194254783 16.438117152036057 23.86241392599826 31.126989019507153 102.47161101650475 73.35899899045877 51.55061708033151 48.25143760456025 66.28535329657716 92.94023591238702 59.46525922501202 28.79573096822494 22.74024304015594 50.98912285293939 91.42490209338246 57.09036645896586 23.557588751423584 15.667254351472192 48.27855171627888 98.29711529816349 67.46211749045786 42.834326427021054 38.90050834030093 59.88778992759971 112.02340492670565 86.09021379460812 68.32700033420981 65.72979114525691 79.7935105097316
33.46502911781004 20.005485952388582 19.886923335854238 48.802141431906605 24.382412539616578 40.81187766712811 0.0 39.95884050259741 25.060705503540493 47.60171243304916 29.198182655841062 30.95449284849096 63.8995366917974 34.352457267871 72.35518640102944 27.54503721083039 61.00063132639724 59.24899210537222 51.35331221280821 25.02789979660574 19.281938307056425 55.210640111832035 51.50242445786265 74.6317510629007 40.75225675912004 33.140830189714755 16.640027294728466 59.822465828176924 64.52412495846785 73.91928187227518 76.70598171240054 45.22711167588487 81.71731762933898 60.368681052305604 34.45039254642507 21.582958834306417 70.54057489819775 15.832138796269417 32.86370405012772 62.62545782392031 26.40751665148701 38.3074513710598 25.89385710708122 29.44275160387297 27.25337950109742 78.57273693371107 29.71888205550153 25.824818902098286 4.712183119244568 10.248041812362102 40.19897530733654 8.884277961043672 20.400930263345874 40.162899281480236 43.92423772397651 48.56440016225356 9.39999133225912 59.573708464440514 21.04025030482197 43.22846674295832 60.43727426985103 80.30989591627791 44.90558508067214 39.894506364341915 74.5063883717569 35.9726611405753 34.50147667655886 34.318604851302155 38.626685270018015 29.23486255447597 22.9336778436623 56.1966681542317 48.284508577493035 75.96692801936798 38.70297396169788 36.626935607066784 13.985959447954599 62.01125958377565 61.74527520532471 56.89281085483912 73.89677495285896 6.8810244824840385 44.28888011357594 28.520065781111473 44.04725184906328 20.26075728280716 62.10178726959619 37.04565293045438 37.66986690598757 65.16949593136572 22.662791924543168 22.55444635793825 33.83396670753047 18.788443392015605 29.529696273986964 75.49043408144856 23.81576960106867 28.43383316368203 41.032498193468946 13.172405358729117 107.17256160236327 88.60990574588254 81.3154180261575 88.13287354571261 106.38295900557266 87.46588264448434 63.64956413318783 53.357771912859434 63.542387859783275 87.30988894703228 73.53324935800542 42.76361925224075 25.399945474522674 43.08629778675601 73.90901576925604 68.96854754672613 34.412543621399 2.5768300876683323 34.9844427585275 69.54161850262881 75.49094758442523 46.01947459201631 30.52109126083502 46.261410241038526 75.78611507868354
48.55461679136772 34.05877405962071 20.51582220758881 60.68472908508557 48.662919933630725 39.85283481044244 39.95884050259741 0.0 26.047745030902217 45.63089994575403 14.634469658054977 22.756193106809597 29.159636472546058 54.900383890970936 32.40674805211131 14.952866077609377 21.043067546025576 66.16327179211116 12.72384851576981 28.243507595942454 38.21726071716705 15.881034379035272 21.188319457455673 38.45850758198306 20.53970375306381 52.18380843919494 39.54636216308586 22.122299180936768 25.67163950333948 35.09291026669161 79.1329371005301 30.280596773467014 91.76065555913277 27.644046619388696 6.293000953739378 33.10608765526118 70.22777388910602 33.7267205865772 13.874973879633185 32.720193218709774 13.75718590751526 53.92205584807518 33.29741583856904 60.417318848453974 37.71374885272377 51.94764188276649 22.212454664423923 22.941811773412322 44.593167499800664 30.129377688138188 51.046796324135826 31.569872751180565 19.560714877921086 40.621687880093546 50.88803103288536 19.70654691766136 37.6482739243455 31.99874848485394 43.1445923282192 37.12020486583128 27.32398873243607 45.55459803086935 36.00919933424696 56.14281748039633 34.9686740505806 13.514825363494356 19.956099714725656 50.10482684049464 4.243037881541257 42.13572126661036 25.687163535467487 18.368808983792203 20.065448924680837 38.80292758988777 24.314221243458945 55.21035773461993 40.13940503646666 31.41321354631789 22.81636583757764 17.113130999812796 77.9538423815095 44.65060884556676 28.743011735921467 15.474799086820791 22.63945198247592 35.637266599508195 70.46347357406631 20.666038932823263 20.713624621424007 35.99228755144393 18.36490184037483 36.80677351696924 33.90350147160509 24.566972145170467 32.678507433818034 49.44934575257126 16.250835605624914 26.19685500748106 58.76322299569767 28.325035504143866 68.88662255911268 48.82758776064709 49.170244799987785 69.61397639187886 98.33265750364868 54.1692797426879 24.283777300831016 25.297055839609484 55.543032419074855 89.02226737344733 52.18811315740101 19.51728277717066 20.81109821553311 53.6668575633619 87.87498906015456 64.13457453005502 41.92627739592331 42.39348031658465 65.0494193775634 95.18651217267742 84.2802768891502 68.70435404922377 68.79083375813578 84.49163688766343 109.27150565315827
22.753183774630607 34.14679626700012 18.91612893930188 36.28197232593982 23.12322453456641 19.165251595052577 25.060705503540493 26.047745030902217 0.0 26.30272330503358 25.798523784665484 34.049464501062666 41.3673262926354 28.858319653753092 55.66814072459924 11.653354173778819 44.491705244864185 43.822183776529066 38.69909384423254 2.223602066627514 13.190334888177883 37.19864732863028 28.46602437160819 64.4973643439311 16.65031446051112 26.15967957112323 15.475234130742491 39.498009906366086 51.2096458235209 60.42698680641344 59.38974505562339 20.18832952953612 69.09271613033167 37.2549940332964 24.003583392686135 7.511430216177515 51.57295808120426 10.839398371029567 12.86190511996104 38.493246813526305 15.648745157729559 28.301842326928757 7.355819212040714 53.660020790035645 11.801281540348006 53.57423068273073 32.684244057918924 3.108150498157791 28.293420560840758 16.386258704893987 26.318344128911246 17.188795783495543 16.19838423878772 19.175903013962525 27.48532813751621 43.23548150941998 17.521563981639503 35.09261760062232 17.835189917965447 19.716474431827955 37.46818216520582 71.5856074498841 20.74456567577479 30.51708433265566 59.54280861430726 15.039963231998316 10.622925031378665 24.286612560130173 27.553761045782533 16.24689637870248 2.354646894010938 36.38851950442519 25.040986611227467 64.73189630084836 13.773977847842199 29.27244683134243 17.213395250594107 38.093151890483085 48.3859544817175 39.65336866250875 57.38159064191333 31.8412769053877 19.228176703532522 10.643418821545215 42.683029696259446 10.341651476728899 47.74525683438818 12.830580409608716 13.44127768727559 40.76042408297399 11.6533541737788 10.957251021871071 11.434788831314203 8.006421119782525 8.045650643338222 50.48011119483394 15.14624590409831 3.434462001650993 33.01620651287553 12.957354515265047 94.12215764473028 69.73190503500403 57.10418157139268 63.67124531595543 85.09969659612672 80.113924482986 49.439049950063776 29.41150157916585 40.99623387398269 69.93699993537082 74.61702482936023 40.01864826618568 5.489847092435321 29.217101679028328 63.81217781368758 79.41918965053553 48.31567615379517 27.499846862523366 39.66003946999286 69.1696177666252 92.9371856365269 68.1389366134754 55.16615010333565 61.955538720901146 83.83596283977069
19.890030976144025 60.27951830742308 45.128461192517996 19.714033403760286 30.267691733202692 7.165299752072886 47.60171243304916 45.63089994575403 26.30272330503358 0.0 50.77481561824284 59.71643537980511 43.69727854113592 26.437134720086153 66.11008845523243 35.47399963191332 56.964024838697995 21.07922235066873 56.31873738340162 24.908162710978424 28.686859535587296 49.27263723086566 33.69559874752272 80.96635194410992 25.67531545613982 24.32764352513676 31.759503712720527 47.27051108202207 66.18254569179244 74.08425824672304 33.84743340994022 17.102279094775284 46.38319253627168 39.00275441446089 46.480208095479554 26.246787979989854 25.48046923008817 31.909028429577383 32.61189569812711 35.95282720852735 40.344969144550284 20.6731163749982 22.030936883935812 77.02875586097957 20.43568082196235 41.403948045761425 58.41254131915725 28.1306820032584 49.177214059004825 41.43294296027187 14.911410988392117 41.80605976108882 42.34491608648345 7.491881030982926 10.564100981243131 65.1647790027468 38.28970640184685 31.755272362292455 29.14038988267861 8.535679176943654 39.60247110384909 88.67854916277777 10.264790271514242 21.932719615178765 71.65504453609451 32.16063194196028 25.97660165969715 20.5568793826338 48.77182508986063 19.730670382834766 28.527747529781884 45.911227564168435 31.307283826257954 80.19631948498787 21.348301291874964 24.27730325347632 34.63248102084688 36.64083824317507 63.71803640478184 52.18486377234511 32.38938004488362 54.36040425673782 18.309727176457912 33.72230744408848 66.45526167375004 27.34458910686922 25.5123015141319 24.96594069522621 24.92695968611608 36.13788365761732 37.44167467371116 25.117994091486562 14.906219234007745 34.17862123142372 18.908240259501742 38.51593230244921 40.65220279315338 23.481728863304497 24.46423906927062 38.262614044764305 105.68167868591831 75.23014391368997 50.45147508346178 42.73110770171151 59.17231815195944 97.75890973870945 63.73835505440104 31.03549101857967 16.083402208384367 44.14748324158694 97.59975588874933 63.496233159312865 30.539839931922234 15.11432904853047 43.80701980282926 105.23945429325417 74.61338676741319 49.53577957910763 41.65633999500515 58.408296456471916 119.18727625699624 93.10557041112521 74.3400895518987 69.13039739113768 80.16443119541252
47.723195414775226 19.51949976119487 9.908270864478455 61.99696684662629 44.477074425018216 43.97844010689757 29.198182655841062 14.634469658054977 25.798523784665484 50.77481561824284 0.0 9.503633175318205 43.63281748667578 52.658009281782874 44.9732794768105 15.309283652632635 34.15284726283599 69.53073989122097 23.070195152279698 27.854207507455254 34.26714146694077 30.22369294756956 34.30884485204115 45.43859103105048 29.410403755657537 50.264489223877426 34.41185305453436 36.74792712450578 35.87707916490269 45.11732074248484 84.52673943633427 38.587919603783895 94.88321256669792 41.725619155287184 8.456904333696315 30.688856744827003 76.23914998404126 28.744149994498656 19.308009726055527 46.29184578030759 10.4428375589842 53.40656204552845 32.744115262510796 46.080469199675356 36.987943100090106 65.22010460423115 8.490548110027005 23.18206481941773 33.89049593631522 21.072856970087674 52.01940321245129 22.356796149795073 11.123116104262746 44.30491628422198 53.2604343951664 19.834186071567974 30.01503506656921 44.91017202138063 39.00896393826821 42.8728008316799 41.47981696441037 51.27330441574587 42.697728801936485 55.56983336335932 46.183875845962675 21.301024676351737 25.691065918528945 49.179694064606736 11.357293493326068 41.27478482724239 24.21697632322519 33.000631807732596 32.33865639035294 46.78759387372652 31.299114241177914 53.71299202338654 33.954424745670366 45.11387642719361 33.20323912370238 30.996027722692084 82.76173844947567 32.48802340857182 37.07124584933887 17.10714331740727 17.25699882720636 32.39935977821558 73.51395884438942 27.647355650748533 28.008434124147815 49.486218897055146 14.240006510585664 34.349189496579335 36.63136104254524 20.074359141387745 33.80539715354284 62.52854770217093 10.688109141241322 27.74816449607919 57.83220879973152 20.86863970292698 78.04731048469087 62.1572030006787 63.48571403745778 81.19197423212933 107.46450698558219 58.774018356251226 35.36559114887015 37.97234277853127 63.465790549288286 94.9144261883086 49.17935447893296 14.981851372543224 20.619333524641757 54.96100472442425 89.50486716650622 54.627033362765474 28.01373071603758 31.309240599592748 59.75459052551897 92.49754988209075 71.76952402500343 54.1445536505704 55.74228060684322 75.3496652307152 103.16367237576507
54.89932759209107 15.025826961862286 15.699315484170068 69.71760523330879 50.184220795114705 52.785260222195376 30.95449284849096 22.756193106809597 34.049464501062666 59.71643537980511 9.503633175318205 0.0 51.86494283711852 59.091497258457345 49.66391964337466 24.458394954194294 39.74447130177745 77.84370214221754 27.79983703999018 35.94549647065723 40.563889854815194 37.240814774412165 43.37489494151757 45.94142292570193 38.91393113443593 56.9079712352323 40.07460796579902 44.31931320500999 39.188829644800215 47.777878434179094 93.30293495844937 48.05022088376372 102.94937258063011 50.370356482600506 17.19076065088324 37.886883878553974 85.19493062459895 34.87663971748386 28.778774647218405 55.2376689491443 19.508179642806265 60.57750875045603 40.538606558729605 41.09665737741457 44.54465563182422 74.32291601296221 1.4226131961577468 31.727034534338475 35.324572005232326 25.39879098355555 59.78013386967259 26.3675145309632 18.05894444146199 53.00395290669272 61.45882262614307 19.207561626859732 34.41388648037015 54.085871129300294 44.96997595809092 52.011761823556284 50.06699618588469 50.6411760893574 51.97827155824631 62.67307121004593 49.70526396587706 30.80361800360076 35.071166192028905 56.28034771218975 18.77425368063093 48.628034550045804 32.192573698121215 40.678271135745874 41.59656287935405 47.911925128131635 40.71380496619774 60.461060836687274 39.026025983477695 53.995407778274675 36.83761392161543 37.44371289796714 91.39549162999049 32.279645263498495 46.540589210739775 26.316182582000817 13.318518576003624 39.14199004614718 81.69613601029461 37.096279660802495 37.47218204538616 58.473706519098656 22.433065820077154 41.332031891681915 45.255480740498456 27.291495010572028 42.08798591382865 71.6939729305484 19.08272258485359 36.37940584439626 64.74098234604696 26.385826568570042 79.14290413346208 67.23471845687962 71.91788504603436 90.65662548689657 116.87528408039923 57.115958843397216 39.327903403558416 47.18008390096742 72.80152297000694 103.77373595848844 43.187072139505624 12.743445561580304 29.23217200486967 62.78133979131177 97.07381543096743 45.523073811529535 19.176047055707446 32.525982727441566 64.3661911590026 98.09649237505644 62.32096027882592 46.50428337958136 53.25605753832816 76.84126473082047 106.6197227257485
57.296206056785024 62.65383714169755 47.183504234162015 63.219557408579945 62.74357295389183 41.98108465186783 63.8995366917974 29.159636472546058 41.3673262926354 43.69727854113592 43.63281748667578 51.86494283711852 0.0 64.81341231610298 24.903696829881024 36.50531338906398 20.48526487356076 63.71085577542584 28.776648082393702 42.716347439993115 54.136511160892226 16.49888852818623 12.91708562567013 44.55024185931114 24.960961151964867 62.03055382841171 56.74201081326867 9.087070812275405 30.40207295637411 35.058838560142604 70.72640923211857 27.80841508385565 87.1105794312086 4.742427652339085 35.17685141691061 48.42403881801522 61.4419234348277 52.11503116388928 31.035838498357478 9.268214885742855 38.95263771630732 61.03305682106014 45.941050414151476 88.32048107806968 49.11538088148286 25.741180062074204 51.36612626615421 39.290129663174305 68.02172384297822 53.693499459123764 56.05293044215053 55.02130335872882 45.20632160168005 43.35575623609853 53.2751223763147 42.92223275212367 58.32621105114028 12.66336759489973 58.2053796764308 36.93784500900052 4.2354340158354855 52.20298885432553 34.233366947345225 62.9541253307512 31.30383807221258 27.93214853876408 30.74463858581496 58.67794157164972 33.09704499249998 52.47261931852162 42.696545685741164 11.807906015084894 16.35726674028447 42.537707375034294 29.172793986641864 63.804097448332335 58.58045165429314 7.924244935790497 29.17866456575393 18.180889090830302 70.95472123616936 69.85568098420575 27.267398707839778 35.39081103749091 48.841669684344645 51.27984883398673 68.0800503789863 28.678926318342327 28.104730619203902 11.535185966356822 41.511736457162144 51.03935803610573 41.04281986907949 45.328112566983215 43.008215272644186 24.13079590161586 41.44014436879241 38.9834785232608 65.77540938546794 50.771494160191914 63.08316537890279 31.54021450256965 20.122934063248685 47.00986904466739 80.06104588126688 61.20657738750326 27.63487109827483 13.26572904837419 44.53229743908928 78.64555896323628 71.4799160716239 45.98155183773511 38.91084578833756 57.52069917383073 86.59118805833171 89.82654272127643 71.03913564097031 66.47615095173471 78.65346359831504 101.72720807673231 112.35819620156356 97.77671084387136 94.29149914371 103.03479575746147 121.39247158919332
7.5368082307589495 53.00209097315802 43.55120053619896 15.903510785282489 9.970844796544904 23.92945348699497 34.352457267871 54.900383890970936 28.858319653753092 26.437134720086153 52.658009281782874 59.091497258457345 64.81341231610298 0.0 83.1896305464267 40.33902770106531 72.41363126218032 27.160489019828955 67.51512489310751 26.657018253254382 18.53581827200973 64.79919464204157 52.54473893946005 93.33176993134946 40.98061446969232 2.832771760349933 19.295852648874973 65.53947637338553 79.80676172910573 88.86929117756311 44.81980085785915 37.34370329220776 47.48688941935488 60.14101647721138 52.57382725823355 22.229053005844165 40.726066453609924 24.21648942128523 41.407816878153334 58.88521218338127 43.61169781228724 6.368098288202255 21.63410975929052 60.81963757184252 17.29111268831534 67.52479337085019 57.670171911669016 31.966408263507844 33.36395296252002 34.23375298282605 11.795904691371192 33.640186407781435 41.636680198430334 22.501409429055478 16.77604457654 71.512224150058 26.213739117092256 54.722095648846405 14.280427242897307 29.09002073303577 60.58465885668811 100.44392663525818 31.95543549962718 6.621103538345165 87.61598641920345 42.99889721098139 36.99373767480541 6.272179815970215 56.31164097929509 13.019446229634502 29.478525753338978 63.02475357777474 49.292254322934475 93.48497246915984 36.16890442209447 2.8615459385830584 21.0832455341212 59.14109352492521 77.01364747946805 67.47269581596082 41.54289126790154 39.56022412475281 37.646433401112226 39.487828786846755 69.91274285837429 20.263808497587217 29.03230453974363 37.96645285785879 38.368534512604214 59.932200822769126 38.843959956561044 18.46649845100626 23.899596987950886 32.610507019988155 23.011418470614817 64.54716324985526 42.30536410811204 29.040065836306606 6.799660856478198 32.72604574138252 122.33398255825202 95.5721512830276 75.48000972932853 68.2289571610288 77.51072365441404 108.95139353570033 77.8928408566698 51.565544216133006 40.56523431713596 55.01720923255542 101.7546182673068 67.56353874510992 34.212752148727986 13.07838920959729 39.578116832104286 102.06115205241096 68.02009862908356 35.09756250478615 15.224782008756218 40.33111823225156 109.80815921937612 79.07589548632619 53.31961427055825 42.75258927061404 56.63395728239981
76.01534868454911 63.89474384815361 52.7188466171374 84.78788175977184 78.76320788131314 62.827494196314056 72.35518640102944 32.40674805211131 55.66814072459924 66.11008845523243 44.9732794768105 49.66391964337466 24.903696829881024 83.1896305464267 0.0 46.36151728215987 11.431756282139899 86.91424451403255 22.04174623733354 57.61692051999499 68.7578105500335 18.488291887280745 32.418721243919705 21.40127428913136 42.501803077541986 80.35989900198324 70.6202599095486 18.867143240761894 11.923331930569665 10.899017826819126 95.28354244135895 49.11388133476665 111.16192928634395 28.701893553454475 38.05102380962197 63.171786679367855 85.96313203708533 65.03564325726836 42.908123121709636 34.16588835792633 46.10930798784084 80.64578256918448 62.09423797683661 90.52324926192557 66.1221330774001 48.25517765951053 49.85796408939193 52.797262011952746 76.99810544622467 62.51701651404035 76.41746093725251 63.957983948865525 51.95444730609743 64.04748958850092 74.58304444633255 33.06885847638845 69.70223655479805 37.24892701467615 73.498369463832 58.31443039834474 27.996978935692262 28.440893901459365 55.976251907133644 82.76049956857801 6.5255433675741275 40.6558143199181 46.24570374687078 77.52771894754187 34.04270475973913 70.19906770986776 56.064679468443565 20.44438048124666 35.02912103854917 18.686960850415876 47.44295685404856 82.80523407977789 71.64777534364619 32.774500739071 13.349531978505198 16.049861631770238 95.29657049358728 76.83672455386822 48.088549262153066 46.23728406253641 40.61999317249128 65.96145364137577 91.34774713890813 45.24630320617348 44.87329613646879 36.29843334904942 50.48708690345962 66.55943341379226 59.64946369101629 56.29713902785447 60.195787026098145 47.45158210004921 48.6413693770596 54.52236418339432 85.56985197746847 60.56228882747206 39.64891584220723 17.621130583908858 37.99763525208218 70.51230142662808 104.37910397216406 37.057084700934446 10.65454394587815 35.33643001443835 69.12784869297823 103.45775873698307 52.740016354228686 38.84430646407477 51.29401259349316 78.40979578162231 109.81776351469875 76.13673026523531 67.05599907591342 74.77284502801147 95.29016590955271 122.32832503345604 102.07317403154275 95.26924562141343 100.63896591956501 116.51115721372919 139.34193208428613
34.40273775429961 28.884392677415676 12.093824751457346 47.69419819475429 33.73223896156544 28.736569019848805 27.54503721083039 14.952866077609377 11.653354173778819 35.47399963191332 15.309283652632635 24.458394954194294 36.50531338906398 40.33902770106531 46.36151728215987 0.0 34.9493234264557 54.57319112934915 27.667921767183536 13.872653869370561 23.269022536686595 28.339141518541187 24.548501514511372 53.29509917345936 15.850630025078928 37.69286735797833 24.630476221436414 32.34746218150168 40.57709840524503 49.95930891568038 69.2588756752122 24.01922256561207 80.07359015039258 33.2484640142214 12.350596721002164 18.271512283297305 60.93154204319995 18.855309547100696 5.8206734197005225 36.29112520743123 4.951441665523663 39.95380716691654 19.005499668149884 52.601608625746906 23.447222913954686 53.94832659870534 23.226438462975885 8.627163188758285 31.864091461242932 17.297124006716004 37.781796835046826 18.673914139267453 9.478262965233357 29.130261446939812 38.49156225139541 31.60656003722314 23.4048013687884 33.8629574868402 28.2014877758018 27.583900979271963 33.2440546978415 60.22102867822453 27.5280556908168 42.169797034629475 49.55606784308442 8.894293409471432 10.851553996408251 35.93311897796904 15.97261831959784 27.890137266456275 10.880909762747413 28.785345997754046 21.610810722603144 53.73803208069685 16.531149194379402 40.87843431601958 25.37498994156684 35.45348101464317 37.72426943425256 30.39475103292129 67.55848028957298 33.35283119579079 22.577015432992155 1.8965718239531975 31.45555840168085 20.721483417617772 58.658138620453066 13.166085267268441 13.64915093436776 39.15934342533327 5.017987061864246 22.016288377648376 21.567117048283095 9.938322887276884 19.215465204910203 51.02084882036265 6.152508167675145 12.81882090658532 44.665797580434415 14.661523157441682 83.76146211665507 61.72289752935932 54.75623875412356 67.6873056460586 92.5186093058174 68.6339881439966 39.05800289639942 27.115889950225238 48.37205826993917 79.61960305396131 63.24855038768339 28.667131187543344 6.171228781084603 40.610566218383944 75.20110692171359 69.89483167167785 41.213915859595204 30.111849577716253 50.09687982373546 80.66912984196144 85.82131956389509 64.4656862546372 57.802593561089736 70.151580499178 94.31934041170943
65.37460179790969 53.41748414740094 41.46779902870755 74.9892520355543 67.61410170113264 53.019111504720094 61.00063132639724 21.043067546025576 44.491705244864185 56.964024838697995 34.15284726283599 39.74447130177745 20.48526487356076 72.41363126218032 11.431756282139899 34.9493234264557 0.0 78.00132398542276 12.07287930951812 46.49114093973175 57.506770793137 7.779880680389163 23.68278556189303 24.92789664286028 32.27433261319665 69.5940712284732 59.295363221759885 11.808659359963801 10.13701680822432 17.124099030774637 87.75902935255051 39.86480952361434 102.83084220072081 22.765570627222523 26.846092751821228 51.97305061610062 78.44513401988463 53.67078274840655 31.664785390518052 28.919199563719832 34.701552840099254 70.19669308213848 51.09568538825852 80.0877038657882 55.2231553750602 46.105284092639565 39.76233459174827 41.56796649087679 65.628059397919 51.11394809744618 66.24156632432184 52.554783476849266 40.60377085226571 54.15817055124673 64.78104269936017 25.406226245689016 58.27330994051102 30.99639985599756 62.29072576560049 48.81927158646511 22.07745436388578 32.74463506813763 46.706995803916875 72.34930005915345 15.212568699110562 29.56522537130687 35.424054389272264 66.90499284460384 22.971400836208513 59.3953314705857 44.78837882741549 11.398323936936096 25.677431436686412 23.54977213200509 37.205973452784214 72.17662105869402 60.26813082111151 27.378110153295097 8.693600480701727 4.957323632752236 87.42423807590482 65.6139165034507 38.67525588244314 34.86923444354542 32.5161586834663 54.73448039813494 82.4435391822774 34.670290548103374 34.35571649043943 31.727034534338475 39.055834802981 55.42630022401112 49.19191227547339 44.880723933894046 49.40649138080684 44.60785627534102 37.24579482623698 43.529961302113094 75.13292443305225 49.132826148297625 49.93613961827917 28.020040901127864 38.359710524415945 67.47334390800086 100.14328200880938 41.9060036850957 7.374666661598211 27.340677799380245 61.93136529525674 96.53149611802458 51.21475439151084 30.2203384861032 39.98029741062159 68.39895493170954 100.7633237930709 71.37284074528448 57.98036760625225 63.436213115172464 84.15089254155322 111.95258714848511 95.75680794859656 86.02097536733879 89.5799105128532 105.09149709012507 128.29105728115508
