0.0 67.75083898665164 18.19706088717325 55.162385998920236 84.68394292912065 20.045511470043014 25.624357356094105 80.43162571854056 48.7246847316829 28.820661039128574 14.658950064945042 90.41282907768293 36.75143569460018 39.81664301769446 26.56740486453131 77.04971891340726 69.97933581319538 43.22700790510767 27.747948236066648 51.62540497980592 74.52338948232592 32.16629133451311 7.548639495905986 27.08744130439946 67.6205330297059 26.34779514636898 22.480908418298007 42.198826913508356 49.38286756451156 14.994665917937198 58.10247998876429 94.4408504331932 64.30439716229695 28.70373282810642 58.80799244238451 31.294050002107813 26.230031089442097 52.064575338402754 56.07401677531784 36.99319975944491 23.058210956890907 18.839050701088222 36.13449742836823 84.5182578488518 45.728272807825576 86.62944180845352 92.51608672044611 34.70712386269902 38.99444133266054 23.690190334408953 68.75621951726384 47.29424735392565 22.140551908416544 34.864692463682786 35.811282766149304 70.36253915739321 36.667292646090615 69.97933581319538 25.866578039300325 28.56202146479873 34.8538175256169 83.51230178349617 36.98652355479058 51.18647733888254 27.823878815685156 62.64707694885437 78.06921262710556 49.96648432924003 76.37042500309448 44.74223409155852 81.12218306995402 41.5473742776365 3.399631693320421 22.222959217429676 58.27721433723588 17.613221748314597 86.65490824205031 21.54591850007951 35.84440584086582 32.74383831356039 60.03448210236876 89.80332412831329 61.10647689845798 8.961356015387565 69.53001604705459 28.92364712401634 22.770213572240888 42.44657294404096 74.77019765445127 25.820517909851894 8.95289365806433 35.117586481509406 35.599058257441605 55.198540042417136 42.017465959022104 66.73994477872925 80.90710309962898 21.54591850007951 46.98365427265026 31.81209044251024 124.08914275609968 97.05095163315708 76.38338915140153 68.1521835984006 76.48386226452803 110.926665686343 79.71159238556454 52.89586929870728 40.457758787265576 53.57713815312018 103.87110569767387 69.658833589001 36.19876809555577 12.774965476915376 37.56194737920106 104.17123665260803 70.10149051093545 37.03567766540697 14.96375256180119 38.35409213746341 111.767801362726 80.86737307250097 54.60623846086611 42.64937486418712 55.235095007067976
67.75083898665164 0.0 71.88155065659072 19.57072118674596 26.43856126398997 47.89830530708173 43.27465148612425 31.375793282431378 70.46179648487858 79.10494729056408 63.899948548193365 41.97765939568805 88.26631190875258 31.869794376084574 79.28793012028333 19.998495802634157 32.06654543961244 47.74120427104188 56.57991739071636 20.747999831355664 29.924568914087217 73.27139983508268 67.55195311370447 41.34458804476443 58.83729888692245 55.09160785320629 45.309747123054706 100.36071288801227 21.030501506637638 52.76414805021828 50.15554152474837 36.99331644599628 11.804003604577371 75.34078250787965 50.406308198930844 69.26078240318338 65.16464931678875 46.47671521575198 48.85812579337607 54.044450954497634 45.560441628916706 53.26623527179288 41.355823496268705 47.2456835146164 32.00055556557845 37.94911330236507 41.781791520479146 61.13747413666334 29.818725861357148 77.33023126991404 24.07663016588699 23.72533747968655 76.56108090839722 34.12205897781184 33.25239449276947 42.005884529248505 32.12494620778126 32.06654543961244 70.12791758740197 83.03110649579159 64.72695137954842 34.63580363420747 80.73158090814427 16.599045684428436 42.969333853237266 7.222675762847481 41.13287706733666 46.02092022415502 14.919324153041828 28.536188175803467 26.698127619025666 72.17463378873077 68.02320607622745 45.590005107504076 48.97489438251975 52.54093118223383 30.998593629471035 52.131190497321036 34.741965456180836 53.84099181876011 8.357307597911447 31.303830790583234 13.5293258063489 58.80042161999209 14.008812133066558 62.726458613779926 82.87750803449288 44.55290727374629 38.42195040335521 50.08601478967191 76.69630103553416 34.67898381850956 39.77834306210132 23.75591597659187 33.50418276128461 38.41960552234052 25.84071642707821 52.131190497321036 21.26525641313538 40.88570080831756 64.1671894379085 31.403586511136638 15.804830500778321 43.68352623790214 77.21113027248083 64.02142841084392 31.107425425607374 15.213522761932094 43.475066077533114 77.09450177155219 75.33596576329104 50.29868350844563 42.18089176730303 58.50912698500216 86.38419122105473 94.06184919380536 75.31900608098 69.95021642500032 80.67138140087496 102.55471550918523 116.68304647098621 101.96311678724679 97.84011320655661 105.56308558004763 122.91911583146872
18.19706088717325 71.88155065659072 0.0 63.670877257406296 92.80712894060373 26.845497650462097 29.309685990033564 90.4475562409055 32.81929544834278 10.95122293587097 8.413294083645239 101.19324834957261 19.9165847462028 49.7574670632825 9.246985775022527 76.55169447489567 81.2386719329306 58.38030939706243 44.51456671075809 59.909310540834 84.94625403530836 50.35358332315965 10.859167353736174 31.4816335922778 83.5062213219286 42.737428694640975 30.94421688308985 56.370244581478495 51.289696747139566 25.018919193001675 73.28849249910967 103.22863132538326 65.56739864931436 10.532625622934386 73.99957377898855 14.725001753912434 11.738303365969418 66.8628202193943 71.1416012483967 53.352757592412694 27.541456651313208 33.57512905050921 49.27288586700367 97.14677952116418 57.00122911546065 97.14666195432594 102.893243240173 52.16337021266788 46.98407475885349 6.431448682502913 78.46151419600871 55.65110849105461 5.129964192100949 43.66059767808935 44.53797349631039 83.45239534980786 44.969335955977286 81.2386719329306 8.780097695207811 12.34131823401778 20.077558034306406 93.78948957973878 18.792070709158672 56.30725610290798 39.5192381743579 65.60795295026989 90.30672539746244 64.72890042515769 77.2656654361081 54.57541834287039 89.97942944539211 59.68349867673819 14.80158182633815 29.25913422128587 73.26723697612614 31.32208197948572 95.55834600064536 36.4092288716731 45.819531166707215 49.039886679768856 63.586835069252366 98.10727846479173 62.28447332045511 20.711460925186945 76.93918409210181 15.463016880455786 11.19190453434092 56.90793408150642 86.83437329390551 40.62055860510459 19.821882806509887 44.62901861004382 48.06153701002394 64.94231677908996 53.25416302458531 79.44053104023773 89.59564507518483 36.4092288716731 50.70030712581593 43.83253859654748 132.80815733418206 102.89345548455505 77.01237951298197 60.576702680965006 61.6680963821335 122.82397994024504 89.76783173910955 58.52890465012977 34.46501476039819 36.672568825070556 118.76279491486784 84.17933142832013 49.62431266745584 15.291800417127238 19.999002389203696 121.22160370105537 87.58314813318627 55.152347325881834 28.41826772138859 31.116834854487323 129.83036399804283 99.05641795482734 71.85559299150329 53.93589098766577 55.224416851866735
55.162385998920236 19.57072118674596 63.670877257406296 0.0 29.563878499343144 37.105275169677846 34.59979204963621 27.061782521422725 71.30430343625555 72.7317931137169 55.26507576072369 38.22354354306315 82.28258682440124 15.528778103471783 72.2255177947105 38.53442504311931 20.271466932720543 28.24784419939111 38.70661301612195 3.77141855159503 22.131251663084342 54.894992719715006 56.88175083083414 32.37979955046715 41.13951242943426 37.57124304847989 33.40785447962893 82.96656141615895 22.664411886065828 40.64758638659954 31.44960399382992 39.658324662302554 26.295752416856864 69.58775057439988 31.795916806234345 65.10020021989334 59.91461215170096 27.143617332907393 29.917226706384344 34.96469102251587 36.147640262824574 38.05232281406393 23.23541013370367 37.63328135734762 12.868278077187558 34.020870995863625 39.55946144358483 42.2533427713381 16.72245508170092 69.80499310016886 15.147847023642647 8.04699322380274 68.7297620842326 20.457583258503433 19.519906003145497 27.564401946995158 18.865825737552036 20.271466932720543 64.29107562878502 75.7733520924189 62.13671893123968 30.532457245666254 76.41440052535444 12.702147038570159 27.75336135357811 20.39780835547179 30.53245724566627 26.542770482301254 34.14305733578261 10.866551131251933 26.34653976159029 52.92820369567535 56.26390591422301 34.63646719973335 30.34845228374794 38.12954361967755 31.93092474068561 36.26360360501435 19.37752683827541 35.28604593331634 17.66096572052604 34.755561300228315 25.4298644072305 46.651039049403 14.611532752237299 58.47124147691675 73.8462659269727 25.14465391549849 27.061782521422746 33.32154379383451 63.79483482676705 20.045811180918342 22.168120888180148 4.721430429210208 15.210875425099902 23.23115667414702 26.013226130578886 36.26360360501435 18.474870479539987 24.500510321503253 69.33506034650281 42.60338629272876 34.893816089835 54.90847135458068 84.89484082537861 60.664468161841945 26.423953359546363 10.541664238181031 43.805043301567096 78.2399559838885 64.41570071608471 34.104572821667944 23.910373396400473 48.735353744704895 81.07655723557977 78.83487937358197 56.65431689344394 50.98323007470487 66.20930889768336 92.53572353077764 99.38172303668973 82.69145835829 78.70045459664452 89.13124973543071 109.95331582260114
84.68394292912065 26.43856126398997 92.80712894060373 29.563878499343144 0.0 66.53780540051117 63.515136891321234 10.954064271249152 96.0488826810344 101.37517964828825 84.44430026804137 17.275421196419966 110.84503079989067 44.895895932601526 101.0941984814528 41.80838741371894 21.271032968365116 51.39013954388167 65.70946977246548 33.20840450666659 15.309061478507042 80.3283233258883 86.40454278165245 61.32963214686248 49.92414488587099 65.07333653551235 62.93775679476785 109.38524902747814 45.44159547557491 70.20997956253186 45.74840512836832 10.837135851517235 38.12141660509437 97.97791885589385 45.614159206039076 92.75935822969987 88.00799666082474 45.64064848320578 45.60337098078771 59.625893051891246 65.29361953593978 67.14315311871883 50.889943077165974 27.246401457817665 40.07568596032326 14.183248451693153 16.12725362054431 67.02984469644709 46.16647541109193 98.7966794390845 17.209462371426007 37.55825194117905 97.79949964950666 50.014875847047946 49.074579782089174 30.327830529125723 48.37765787665307 21.271032968365116 92.66817683825455 104.72216674323819 88.95575789033421 12.162611373516844 104.24570064599212 37.322950927738965 57.06247398399634 33.45506991490003 24.077642417614452 46.40422258448943 35.94595692805212 40.01348788013937 5.10397808546582 75.70051297581072 85.82707153925135 64.06798260726184 44.51311263686761 67.46924864858428 4.960759785803975 65.10481623609382 48.843298009219225 61.32629234058263 33.484621161486665 5.328188316093258 39.956914107334605 76.21381611753543 15.979162727748252 86.0999203575802 103.20934284582286 49.35028431207457 23.48157533105627 61.70423738645154 93.24453301166673 49.589389126284225 50.449770272648514 29.792834644514574 43.42982670954643 29.35940144785828 4.645181452525682 65.10481623609382 43.63173753440547 53.47295450561273 40.01156217608302 17.04017780282743 37.076393691222975 69.66921153919976 103.57503493313375 37.922877803733 11.36137092580997 34.854967597392346 68.52378208764057 102.81537134770431 53.68564268447229 39.49475054701243 51.30639544350972 78.1004539553154 109.3701943108202 77.02501897664986 67.69453154326014 75.01339906033901 95.21677825152018 122.06647395518027 102.90814741584651 95.90125559782032 100.98855645959391 116.59759832192046 139.23356281849405
20.045511470043014 47.89830530708173 26.845497650462097 37.105275169677846 66.53780540051117 0.0 6.221696796232882 63.66721953534111 44.404575704618345 36.70200967169948 18.462845442298764 74.35452656338357 46.22773315262734 22.91653649927152 35.77146212402609 57.22907290629932 54.4120275348215 34.401687863230556 25.364397230446645 33.38077183679357 58.115252026906305 38.871837036082724 19.976433585326006 7.170736675346767 59.54880057362393 23.03254121256518 4.267839588473241 58.48333300345232 29.39939738598456 5.6439844248237145 48.69936265110035 76.76240532254775 44.302320040760634 34.193221300623044 49.39586377510325 31.790232141541768 25.87582053096361 42.04992492432316 46.48203845265152 31.85716806642087 3.7998251386652817 13.671429499040197 23.769983534038893 70.52099948425553 30.29000975128072 70.32128442953112 76.08683358057903 33.87544619136919 20.39120814357383 33.16275941196934 51.69900386049878 29.058318193854525 31.96688088945276 16.845129710409505 17.73976757100564 57.073529420973394 18.258232091282824 54.4120275348215 29.163570521225328 39.140115657147 31.450581630583148 66.98246094869295 41.98532079857301 31.43859040991361 13.742886165116863 42.62301204281679 63.605772224319466 39.957960841077764 56.36288879734776 27.73214306027071 63.449912587574914 44.63953540860009 20.125018941648985 2.4704045112373154 48.457195779869544 10.93678225225292 69.03410165714305 15.479828819899003 19.002383266856825 27.95361347732882 40.055004326130174 71.78978926954191 41.12745382401964 11.124440991051022 50.88928257506263 25.98382452713435 36.74599735577821 32.18309282012713 60.10806404257837 18.31541724563023 28.981798123483102 17.78541594596571 22.129835330921384 38.13223974526275 26.58365909038009 52.93794952659776 63.11593484648863 15.479828819899003 26.96016090496807 17.88082690645274 106.42973947569418 77.82497360349612 56.40006212649702 51.96162931214873 67.92538741389569 96.00911814597002 62.9807677291368 33.32037395528435 25.470795389409584 50.81455889355809 93.2225782337462 58.686642062330165 24.34437952885052 11.663175675474966 45.54409416302782 98.7188665933384 67.00291852866714 40.350976701378094 34.08585205395149 55.5906742171763 111.27707280508655 84.27528970118053 64.93724014120359 61.04219067915007 75.03489929241222
25.624357356094105 43.27465148612425 29.309685990033564 34.59979204963621 63.515136891321234 6.221696796232882 0.0 61.5947551740702 41.64485049272496 38.13590306012989 21.000747189900327 72.58238215642368 47.6929687153099 22.05050454043942 37.65131132419141 51.42642731245776 53.17108369215117 36.81468290413012 30.130647006152785 30.828561094449594 56.330118494579835 44.55863517181066 24.32644284688025 2.222821378623769 61.43376134042253 27.777141375422627 7.547791791284822 64.704809484013 23.857102294841244 11.841452923265123 50.361934344948715 73.99041019998778 38.77540709648073 35.078945594697345 51.036059956146616 31.30362083528512 25.72684333274588 43.69349228279192 48.138795146777305 35.55909848159994 2.588102531281145 19.114193842810664 25.50920515838334 69.84654913769899 29.900991766311666 68.44696286263984 74.08982908979935 38.50514117972726 18.172131524418056 35.29270536568727 49.60881615051054 26.680560282057957 34.28443217066998 15.648745157730973 16.371930872917883 56.935606562642974 16.466655303330334 53.17108369215117 29.814664397308043 41.23725657125214 29.692055245725363 65.01385544367044 42.25784956065031 27.188228938227404 16.08731058723852 37.57078386242046 62.79593281733291 41.683120696304954 50.837016642527225 26.436590622506984 60.79262687092633 49.68417387048032 25.228130030100026 5.41684098639427 49.97110171658842 16.5738347977625 66.35988075442341 20.450135966389432 18.588395816595426 31.98274548183581 35.18810282496215 68.82241005607993 35.54829395716682 16.91482455209158 47.63048957826523 24.926597134539456 39.947314886593254 34.18317690786149 59.251260398928935 22.504927485658204 34.451449866608435 17.116859679631254 23.495493854697386 36.34798774781465 26.436590622506984 52.64041804478301 60.37944476122442 20.450135966389432 22.04250382726245 19.543806065800258 103.524228559401 73.83975796976779 50.81504634421288 45.90036093237908 63.453388037932356 94.66850737606472 60.93686994467163 29.314275219759352 20.005002574071316 48.3313801547781 93.75093771500512 59.51473092536626 26.260620157245683 15.234475517105889 46.57693009252152 100.98817703879612 70.27391360983162 45.530858038506786 40.03149012327588 59.386921434605064 114.84844929687148 88.89590035826689 70.77827059277848 67.16705867582445 80.05018207414533
80.43162571854056 31.375793282431378 90.4475562409055 27.061782521422725 10.954064271249152 63.66721953534111 61.5947551740702 0.0 97.45699149442446 99.72574229920647 82.034965417599 11.380905569259147 109.28655720428658 40.96754095805999 99.14186714883219 49.413459788442 11.963359524083575 43.509919606271865 58.95999359012147 30.81557278428164 6.1462011944308435 72.47678130677586 83.04031284483828 59.37200105147334 39.21412412666343 58.64923542750923 59.736571821214 101.67966352347855 47.05119458080495 66.62387693366763 35.93598178719538 15.267290889905833 43.057758962136525 96.6320545962896 35.72019437365653 92.13331126630727 86.97594524475173 36.75322021900547 36.07276942978215 51.948558767212575 63.02960334826074 62.12094743532194 45.06958896732142 17.046910709196577 34.74769225918199 7.11306598078732 12.499825492445838 59.17500092643705 43.512510383098125 96.66369410804423 11.994547997862536 34.91499752019696 95.54167729540018 46.82263558881335 45.92894708094352 19.708221818198716 45.479430325461905 11.963359524083575 91.34026777104471 102.64381374642791 88.99695782659569 3.5565329903929532 103.46995289748126 37.704496491133966 52.619422272400136 37.52061917106224 13.140326133184052 37.82395510702496 43.5653898904477 36.038786754820045 6.35953859909652 66.94246819476567 81.9569778771737 61.22242587038381 34.740821681976335 62.86971750999113 8.49329449085985 59.80496750430466 44.986205086532955 54.1949742781449 36.63987694372433 12.964725522181821 44.18708626766148 72.41308413718569 17.80148882394915 85.49287883235606 100.33243507627385 41.96778024524606 12.643851629392234 56.032013190056325 88.63233763822902 46.0096590470385 45.091949892928625 25.547181487920835 38.42231162595965 19.404280446456305 7.251043252799312 59.80496750430466 44.118916186434305 48.646128767802864 43.99794204259371 27.72178199346111 44.67678138892508 74.95579830101867 107.8682896284234 34.069861829139924 0.7380028329873229 35.14524466089817 69.74730250938174 104.35055631554658 44.6475225619622 28.732408004378176 45.30496056483851 75.32838652778308 108.12506815925487 66.58610090410711 56.95146985615809 66.69349015976304 89.70710097642869 118.49682242249656 92.09527224054413 85.17137093631158 91.76871707663902 109.46937556953041 133.9414151158438
48.7246847316829 70.46179648487858 32.81929544834278 71.30430343625555 96.0488826810344 44.404575704618345 41.64485049272496 97.45699149442446 0.0 27.793069776985973 34.109000929973604 108.8370836793656 30.963593071706 62.578155128930334 30.3890020980544 66.06683374053826 91.4644948513733 78.39073318953226 69.16509018695359 67.8591965739346 93.2333007853943 79.59415801582396 41.40166833257009 43.39796211420065 103.06144138279214 66.92338002690988 48.149986689107315 89.15259276577392 50.688853432098966 46.86895470260543 91.96142935326745 106.87169979399609 60.17850297553987 24.39949711421474 92.62857700111678 18.094821645380314 22.49954975404856 85.3037917373819 89.74178220440236 76.24872833732974 42.02244275394812 57.069671154466256 67.15339908137653 108.76827665438121 70.46733007110528 104.56952836444383 109.6285137587484 77.64933403409884 57.54678813985324 31.466318204982308 86.10415671479299 64.60534696370502 32.389839182520724 56.41312051037235 56.92346107387319 97.01597278238214 56.59810660682914 91.4644948513733 24.04024515376331 32.63871682331315 13.975518447103319 101.01325061594078 21.22087047609219 59.7529780967534 57.544300783280214 63.24228909318933 101.62844831492488 83.3111701985346 69.19962403100111 66.15548795045298 94.85216185080641 87.42123291541405 45.56241499437248 45.68244763996666 91.5300515173504 54.24653588003578 100.02189826848509 59.405473994708366 59.6814662903127 72.274176929298 62.675934876345075 101.2296989473265 57.444709079804866 46.38892408003424 80.618285154691 20.044088926060446 39.2293811069657 75.82380212626458 98.09388831021795 62.660286520633406 52.480832780189274 58.13721147804379 65.12780764721235 74.4864731622415 67.3575026262573 92.58964953411974 94.19017016239488 59.405473994708366 53.347994855899955 61.18079204300192 134.61692529617983 101.04300195498567 68.50181501861594 39.625090881382945 29.028188784293267 131.51723409546892 96.91411443464601 62.311818256493176 27.713430272326807 6.939751129427487 134.30381935338917 100.62933159429915 67.89587033268917 38.578185377579146 27.596085119605004 142.63194974049054 111.40644654163893 82.90787750387825 61.08054152854052 54.614517634884855 155.61401568837556 127.46613544442145 103.31617780511641 86.57697511026315 81.92457359182619
28.820661039128574 79.10494729056408 10.95122293587097 72.7317931137169 101.37517964828825 36.70200967169948 38.13590306012989 99.72574229920647 27.793069776985973 0.0 18.50427963899343 110.66581013165762 9.568812141730024 59.50834551479396 2.845559902965534 81.45723561869521 90.99001208135866 69.17584599175275 55.465789296121876 68.96119327810658 94.4032877234073 60.7993214492018 21.718290726134494 40.3578970928751 94.35775301234038 53.68310619704215 40.92595732948557 63.91337480540987 58.131531361200125 35.56532990393377 84.047428963892 111.96939349248332 71.63300400953115 4.268655290248767 84.75780666608384 12.161373543107173 14.123244662429423 77.57239982747886 81.8855976259502 64.28667926476322 36.757405445724665 44.452319099734716 59.77879668223594 107.22296978748925 66.99020175637835 106.55246417081167 112.21752553728955 63.08712299895593 56.24148257561894 5.264180547289312 87.73586975794117 64.81104626112878 6.7869376879821495 53.2465091898349 54.079635592516816 93.71428741274612 54.3777897244923 90.99001208135866 9.021678337572071 5.128177144779009 18.672442703792683 103.13426593117073 8.844243621657487 64.30607947395023 49.88793792582736 72.45808206012731 100.29838396670431 75.43958725482844 82.87017779424147 64.20537637168758 98.8483769698252 70.36527597515675 25.470664012266244 39.009883949238485 83.9919784678288 42.13140211832043 104.39859906712125 47.27666311731353 55.66352385999007 59.97488828460451 70.74780415580625 106.70023178788102 68.40440876251698 31.595671873076316 85.40907329347279 17.2448330977545 11.649358785297304 67.5998623993972 96.79288835792745 51.453957296691065 28.673249038783737 54.380925450580904 58.4460059994464 74.38516985618423 63.284940439128455 89.61885577556558 98.40573589117201 47.27666311731353 58.32778583725751 54.187380446636084 141.3603648014341 110.4362332844539 82.4885648786303 61.70379146454799 56.61400233131573 132.58327044801533 99.06491185250792 66.66504634620824 38.333256260403026 29.82427122936606 129.38483830963693 94.78227303513775 60.18119786887027 25.587658550294158 9.084842385570493 132.17087134639166 98.51739461242283 65.85632399184087 36.92254512751473 28.00596058968125 140.58588218886197 109.45231116696152 81.17895998055846 59.958616103769415 54.725174519106545
14.658950064945042 63.899948548193365 8.413294083645239 55.26507576072369 84.44430026804137 18.462845442298764 21.000747189900327 82.034965417599 34.109000929973604 18.50427963899343 0.0 92.79212182663116 27.911839910134542 41.379251896385604 17.348474442144045 69.59475461026891 72.87360278874753 50.81349132613263 37.889273018334165 51.505373322555634 76.5418270176674 45.896288096593935 7.732154704162943 23.147625435065283 76.05984693317332 35.931768696901464 22.603252840983956 56.260034444269266 43.563181283648014 17.082634804441845 65.63075012346523 94.84049575095 58.09912612361244 16.64906790012257 66.34004980159071 17.1178754680965 11.670151244976344 59.12086939301549 63.45704245344748 46.349031863439436 19.155100109118354 26.3500272123221 41.27457259230264 88.88175121146534 48.689434121614816 88.73995593852331 94.48266769542187 45.93712182875674 38.572702281005355 14.701319319348249 70.0484478677472 47.24175773742448 13.51470437874808 35.256230655079214 36.130438405203506 75.27414569462144 36.55630360311812 72.87360278874753 12.408928550617702 20.677283336904196 20.201468742345913 85.37920603325328 24.959253813928335 48.11571560137543 31.396163241868923 57.79264079365296 82.00866872567262 56.989986622886285 69.95299238510138 46.18098108146993 81.5817435844747 54.467011219591285 11.65021055602135 20.86178137725059 65.54745567992396 23.872410492353705 87.16202443222727 29.12327028415993 37.458047199918376 42.0647109496226 55.6569059517228 89.7388407280643 54.81165644687031 13.73135001181348 68.6016651261352 14.269863153069746 18.998454026744604 49.143440767577395 78.52443294833566 33.19540294389435 20.023399538917104 36.24744772004729 39.954596168057165 56.533789220453485 44.954908740476164 71.21666069863112 81.20361896219664 29.12327028415993 42.65463637178903 35.70111786020809 124.4364217225417 94.75377858575155 69.76336876360743 56.12815914035109 61.87573384631014 114.46827737854017 81.35565335345832 50.2925158590028 28.89240355545776 39.17963537573187 110.88774092425474 76.2841219597722 41.68090513323359 7.083985879554706 27.53038817055865 114.29690732940584 81.11657879436181 49.90847068498664 28.22501192372589 38.69479178762095 124.12098250605202 94.34296389791695 69.20958338272699 55.44486527689971 61.262507284112644
90.41282907768293 41.97765939568805 101.19324834957261 38.22354354306315 17.275421196419966 74.35452656338357 72.58238215642368 11.380905569259147 108.8370836793656 110.66581013165762 92.79212182663116 0.0 120.23388480913324 51.48517602926204 109.99497269306241 58.85982633664885 20.461522450855274 51.238189476369634 67.4557275952368 41.944069489429964 16.26358418688539 79.67627416710415 93.43049853286296 70.36110701096403 41.28357259083449 67.4213084129669 70.33062508270173 108.77969000920588 58.41191122831038 77.01253427045843 41.030614028324294 12.992912118326279 53.76789123991874 107.65803563433546 40.64306533556852 103.32126452980347 98.09304997636023 43.453929100190486 41.73489415901731 59.68133672090728 73.91547746142183 71.81945879173858 54.52212292243701 13.334210929170437 44.74182862267205 4.267839588471826 3.2496970960656113 66.56967826995778 54.42888510201812 107.46634970740435 23.07570017139243 45.93311206128017 106.30664920799234 57.53657378691694 56.66841745252929 23.826048741796193 56.30359291181765 20.461522450855274 102.38129075394545 113.44955466920776 100.28983780216063 7.824372578866194 114.61311144476993 49.08419782166503 62.742757519124716 48.448829733827374 14.890519659749408 44.90731132652417 52.97972907858542 46.62385624434667 15.324158144441647 73.03346385349353 92.12206657573306 71.93411869845403 39.98479360884278 72.79973012173487 12.381239589303856 69.36062843508722 55.473492589087364 62.428256600024 47.767913764864524 15.275276006117108 55.11673151523238 82.66700109625683 28.89758940300339 96.69466382379056 110.85912611048208 50.252148417449064 17.025836558861975 65.39553130777182 98.36828652662604 56.592806697118505 54.83384568737014 36.28752102818779 48.49541398320325 25.54974271385494 16.22274477879702 69.36062843508722 55.496192994028846 58.6263951489417 35.9485494795542 30.209334583336773 54.108675787659784 85.66056798761122 118.92247993001932 22.690871373608886 11.929432220501162 46.52527779015238 81.12796068394265 115.73134816011245 36.74310611259147 31.14212285691952 54.63008209249964 85.98777824010854 119.15615060514757 61.62622247880439 58.267641515996345 73.39778630896943 98.86426178052609 128.6694979865702 88.64503773267748 86.12799547394864 96.81338426005483 117.14240058337542 143.06139774887146
36.75143569460018 88.26631190875258 19.9165847462028 82.28258682440124 110.84503079989067 46.22773315262734 47.6929687153099 109.28655720428658 30.963593071706 9.568812141730024 27.911839910134542 120.23388480913324 0.0 69.06303332366281 10.669598971180275 89.71824772581547 100.55080846990082 78.28315065585896 64.07825582660777 78.51270399980018 103.97156244166928 68.03120347499177 30.185410841272013 49.91548484997545 103.36697125972812 62.40578233109386 50.4367755933949 67.67876523719943 67.24831064181978 44.880493749529734 93.19986401360646 121.46477152862526 80.42498919657712 12.938074577067216 93.91103253522944 19.642096979457342 23.101943295665084 86.77940496559711 91.05574586548676 73.0715824706007 46.32618130502268 53.43768067591147 69.13321632935764 116.74302673354595 76.51726582518893 116.11886829877743 121.7797816937451 71.41225605010592 65.80833927881396 13.528836470563752 97.29804578320577 74.37156371884505 14.988105762844096 62.81038298250173 63.64559024479634 103.1833927886848 63.94653250474761 100.55080846990082 18.213670300660166 8.202062972856321 25.611746147091218 112.6983706863894 9.882753697986097 73.70130669059219 59.30106694112768 81.52100808045381 109.83295760086166 84.64548517136049 91.43056038985262 73.76956186885995 108.36797342935536 77.97355382661705 33.547853277035614 48.55205111472803 93.18324227424722 51.2290243576232 113.91215629237666 56.27843921736816 65.20685077036356 68.7597713195615 79.9124012782356 116.17196046012273 77.23166483585233 40.586823625542976 94.87131523025356 25.744819044883407 15.433149708437293 76.82362190081054 106.33210276099179 60.51182671240847 34.828809058214226 63.933553973833334 67.85808805003732 83.95386946298589 72.80288970111064 99.11169298561133 107.91713508302928 56.27843921736816 67.65436107400039 63.60895263972494 150.81077455833733 119.6441552014247 90.9964046184421 68.12308761146768 58.274798266206226 142.1464409906789 108.62691818653835 76.08442500113418 46.61231389418857 30.844960557971625 138.671781211824 104.08189259870855 69.50591353406188 34.985109007979126 3.4202156692293473 140.77181002702855 106.83856366733175 73.53297182768146 42.36225061176768 24.018028231995096 148.20963435381907 116.37907358458416 86.69996644436699 62.32561237188185 51.44785805547392
39.81664301769446 31.869794376084574 49.7574670632825 15.528778103471783 44.895895932601526 22.91653649927152 22.05050454043942 40.96754095805999 62.578155128930334 59.50834551479396 41.379251896385604 51.48517602926204 69.06303332366281 0.0 58.66998972063414 47.60363496914925 31.50235208903949 20.006772093992666 24.767161175513273 12.291612408010256 35.28329360141999 41.58173758403427 42.073964225773196 19.926364550367254 41.498806490445595 23.223613381421302 18.847055603732038 68.54326703055699 22.905377952244553 25.664303325340068 30.37102893127657 54.645983778718445 33.90607622086935 56.7703845961983 30.973945758386765 53.351613363787656 47.72241110095878 24.02439035615108 28.238368002030047 23.703488325295528 22.898246632858385 22.54656600639191 10.117163122525305 47.86111437622427 7.924092065080831 47.49444205136722 53.30271083863497 30.12842294147016 5.683487257583002 56.07810480923098 29.097359513322523 8.313784701516203 54.88147566224529 6.401759382708446 5.72472034845769 34.905046055964064 5.991809776006539 31.50235208903949 51.58985923387905 62.05639972883901 51.518671177075966 44.20839087724 64.20972995763168 16.913147827979227 12.225702900555143 29.45819419165366 40.85589004179237 22.35262833758337 44.54813235631931 4.948749433539554 41.316207693723335 41.73214952762168 41.1118160612479 20.53310360418454 29.714472780582604 22.61465688916995 46.86231673564587 20.874079715883266 4.021380510153844 22.546469693517217 26.33210038967029 49.99074109614907 31.66860600099112 31.51979014010808 30.11897665631037 46.96270999229913 59.39841592050616 16.60125271156142 37.328715448644076 18.320697095224357 48.34973211929454 5.133895215262235 8.136953536555431 15.468451804002886 4.948749433539554 30.592640605231527 41.09147195577428 20.874079715883266 17.746098545867515 9.184103699953601 84.31965912917681 58.05870865608734 45.01818556299083 55.473192245460645 80.76340588381981 73.10344115462819 40.26586321629422 17.12936331672686 36.88277578995691 69.44142803471767 71.90400346739142 38.06586220059566 11.076375165055362 34.513973689454296 68.22459046537399 81.16669683257156 53.42128700437384 38.91606157775382 50.69428474357127 77.58985678367429 97.96720343611517 76.39195842723943 66.84800910912685 74.13735886036285 94.43943181886054
26.56740486453131 79.28793012028333 9.246985775022527 72.2255177947105 101.0941984814528 35.77146212402609 37.65131132419141 99.14186714883219 30.3890020980544 2.845559902965534 17.348474442144045 109.99497269306241 10.669598971180275 58.66998972063414 0.0 82.32811573817007 90.17232684166014 67.61990783068927 53.565371837144866 68.45476901827514 93.73339821615656 58.38203045942555 19.68625779109284 39.863204208209254 92.72430529092593 51.845600006180085 39.942339041545814 61.07577188645902 58.39745458776661 34.23241603694352 82.53274499803017 111.62401088248974 72.16303688677488 6.203792966808662 83.24387464585236 14.022200954263997 14.931260555279252 76.10980599441683 80.38730375452634 62.49233021278894 36.11239944091411 42.79078182297803 58.48899616405949 106.23022167548078 66.03250706787448 105.9120756378465 111.61747391566803 61.047104730522726 55.62939188973753 2.9112452211226323 87.1473417825533 64.25336477729654 4.442431255412406 52.48063269553244 53.33580972164494 92.60333522336872 53.69562540346722 90.17232684166014 9.831470555103092 3.7638146375939745 20.538820638673982 102.52116839721566 11.656236504824086 64.20101713272335 48.689997099705685 72.75137263357358 99.35320728756035 73.97588620018021 83.55097133233555 63.431614617853924 98.44305867809557 68.06185928851886 23.264579115741764 38.13690191188493 82.51391893684514 40.563413699546345 104.00827670823783 45.62908265820236 54.77357727565694 58.17888458501735 70.93877900544791 106.41228927100907 68.91230103317004 29.932493644789282 85.15520289969906 18.361836725064524 8.889649656803984 66.15443626692341 95.86547826908695 49.85327631515299 25.981231898852087 53.53610564425124 57.24243768746119 73.70969395729466 62.301385992712355 88.55992891009642 98.02470659117624 45.62908265820236 58.33945497826701 53.00139215607821 141.10257459953866 110.54005640930076 83.2049206266191 63.417669451477835 59.29021858128584 131.77312582094038 98.47206765763792 66.51447303241842 39.32477249304172 32.611898685164846 128.0059588799001 93.41906294605836 58.852113981791106 24.39006978246299 11.001539589027788 130.28468540191506 96.48979011344377 63.571243073560204 34.163859562594816 26.22744096065199 138.31067961059608 106.9868651781353 78.4686982090724 57.12517773294507 52.5741126346405
77.04971891340726 19.998495802634157 76.55169447489567 38.53442504311931 41.80838741371894 57.22907290629932 51.42642731245776 49.413459788442 66.06683374053826 81.45723561869521 69.59475461026891 58.85982633664885 89.71824772581547 47.60363496914925 82.32811573817007 0.0 51.8427869248196 65.80112467168544 71.94871608423743 38.701291207035226 49.08907772075971 88.83818690499696 74.9609354487181 50.06734970663835 78.76877048159777 70.11773565614996 55.917246432880354 114.0432947521074 27.986302665719183 62.74799005275047 69.79557055498151 50.81341121691909 13.779289390206323 77.30729395022998 70.08692861850315 70.07616020407349 67.4226107786414 65.67214722067918 68.37571798688137 71.11174630620478 53.998965161476654 66.06617244168257 57.68818974440621 66.0863882371072 49.86353042216463 55.23201993429051 57.93515359686012 77.72983805206007 43.828022343615295 80.95731786913694 43.80910756864013 40.46845700599667 80.54476838723832 47.70572539938384 47.028466556833145 61.92591896284895 45.781660351555 51.8427869248196 72.55606937671979 86.05768283763562 64.35861854391541 52.282733133286115 80.89627483761255 30.691117949356013 56.613718940612756 18.49507131626977 60.430508159198084 64.99301418871663 5.881170528050121 45.53125859670913 43.78414100088034 89.26484983679654 76.47903067334978 55.353386396415324 68.64506706178337 64.64305708033261 46.76293940880447 65.63000446839732 49.4295634728722 70.14612739233938 21.57434724093732 45.51400985719783 16.505267331332874 68.28948237719017 33.407853229585875 64.22517780322676 87.72512761534975 62.44441850212051 57.95840971582711 64.58019464129275 85.83885839104374 48.85715073199362 55.73104900615067 43.064264451244895 50.49511512544744 58.40649453078493 42.841711640199314 65.63000446839732 31.6506993577602 55.698801449382984 73.23499055444995 38.672432876684134 4.754426445817173 30.732822197018617 65.27834581769925 79.41564596253622 49.2987994007559 30.801534206345035 43.15012729112905 71.90249334702588 94.02729786358448 70.29495331343912 58.62094674592406 65.77414045560471 87.24016807987509 113.86870824716132 95.01810131146468 86.51880789110922 91.30868713488933 107.6278600446904 136.68013358507596 121.20773312440203 114.43674113450795 117.87628420451858 130.72286156700892
69.97933581319538 32.06654543961244 81.2386719329306 20.271466932720543 21.271032968365116 54.4120275348215 53.17108369215117 11.963359524083575 91.4644948513733 90.99001208135866 72.87360278874753 20.461522450855274 100.55080846990082 31.50235208903949 90.17232684166014 51.8427869248196 0.0 31.61073714904806 47.339907173130015 23.60762252928215 6.069121440078723 60.538773594265656 73.16139314034235 50.97125960294779 29.473933845540326 47.166956901245 50.2972648356303 89.74463163760834 42.633199836198266 56.7739531265152 24.477817473940632 27.228454486488005 42.59040173388911 88.16908013355552 24.345347745978064 84.32519289210953 78.87900937304764 24.818292445811462 24.388986693548418 40.0680655903956 54.2817669447256 51.3589487616443 34.06364896750342 17.361864422013117 24.406743105306468 16.881484772512056 22.771644536466503 47.24861054511688 35.05720143218302 87.57449094630745 8.03544988361427 27.02965072699012 86.36609419762414 37.74775118852436 36.92856041696643 10.389135763030506 36.714329305543835 0.0 82.94464862194303 93.55030485436812 81.82168482790155 14.191699450503707 95.42083695088229 32.68633184915739 42.3903083399984 36.53223894979512 10.27411248219563 25.861040733345856 46.32160865528301 26.794889000007732 16.18093076423881 55.016371694658105 71.74099054362286 52.03542537607141 23.24423830139405 52.36731684160721 20.213688132030295 48.901151226972125 35.419202555505244 42.45958030869679 34.72999496167585 24.555660893922493 42.83148662432479 62.336296203514664 18.509522916348303 77.78351297305353 90.66488203045675 30.21842998920639 6.88231373526717 44.954474722577366 77.90684465818217 36.63622472479858 34.386113032362495 17.07135835388872 28.17620532331813 8.2044107536059 16.65983306425555 48.901151226972125 38.71057839464148 38.228357383725125 55.494096244282986 38.25053187905326 47.343827707078816 73.58396032109019 104.79783762982927 41.60135865775765 11.24987708001072 30.286944918620204 64.0538128195486 98.40394020014388 44.57242574946013 19.49970314806482 34.185133220326854 65.9685975932856 99.64906436113644 62.029544661235164 47.16062712042103 54.730215685391606 78.49509338989014 108.26991401587209 85.51875114562456 75.22043133265639 79.98445960885418 97.6302118396312 122.72141924396519
