0.0 47.44065744554642 3.7671720702384652 55.17096993172274 38.91037980961281 19.5028244484122 33.86369653513079 29.40776429996617 21.44349199166456 24.903520592069945 30.020061951647552 38.23940434524153 38.45116315199338 89.14306464157953 51.43554547183958 95.9078006889803 65.43859833852954 11.371627063682157 15.661103651582707 29.948248355365052 24.665313737202347 31.10353317386408 32.15301527240637 32.68379978189826 85.8297798600071 26.10372803049304 38.651617588153215 23.643512175745965 35.72465677272416 77.00431182234595 73.60256448565582 27.178433136323243 25.97560567000471 42.96966841581552 71.74333299864985 44.63275072485358 40.47908884752403 29.94141613223794 10.925048217683688 64.11526283044064 83.12780880234413 83.36464992014642 87.20131653081992 53.442054974868235 68.24101414672248 64.52242378770129 65.68256673413606 25.989032295096585 33.66949528925953 23.359172945689163 63.15660297710898 32.77078427120643 11.51799369504647 31.300616337749187 48.79473544947522 43.445437286674306 29.701005701370818 58.380806017468146 21.287081555154266 48.056779412070796 42.65324906670586 28.037752307970333 33.30167352284123 80.12603131708451 76.18878760320464 87.75349867404503 59.65137994207356 18.303281723139463 55.86354053033026 37.73793939879462 41.60161191751221 37.745686678573385 26.40072969277584 58.149083513929604 59.929248477106874 60.64232595543935 19.077080464325597 38.91039733897471 31.12754318157179 75.60429506949838 32.89135522218318 43.67154595004417 24.471386694025117 20.263674615807403 85.0129443922871 43.97836272656812 33.020825945120016 31.097426540388053 11.223403161962654 66.28760419240655 41.29826167078598 77.87247085852778 80.76370316183569 38.39094230632485 39.947768685138456 15.43819130628293 79.39811300897668 24.169578641500546 24.463383694441575 36.43242473120465 127.31729800915684 101.5814212395063 82.59913944632392 75.63856466733189 83.75266577991128 112.65365767123168 82.65765965707139 58.03912532096766 47.95415198254603 60.211880667242696 103.68435811118835 70.06944808107008 38.260362991704405 20.318208159574436 41.91241074127461 101.92450238419043 67.46267300510429 33.296750896503504 7.809500631489757 37.52540857276931 107.72809074287281 75.87333785776987 47.98974146534021 35.27176208566506 50.79379038904674
47.44065744554642 0.0 43.677390618959784 17.644047293532058 16.093302943114494 63.591140608355396 51.69240570280629 31.81551491271841 50.59902330458371 26.439036033897278 26.36119312058097 17.64362594087819 20.729923728505195 43.20714733492756 4.267839588471826 51.46237867496925 18.020330790739205 46.65447905210582 33.09108746553555 17.643625940878234 63.333853747161974 35.48015020850114 54.395890081926176 19.569784825311565 42.266960511635745 46.35514787482244 11.805126000660396 50.107145301707526 11.80512600066042 40.86788485368348 32.53407551818269 20.967551237030193 22.697994749677406 22.65604010633901 25.553456499551906 10.6796383348766 58.958496930937756 43.10614142974372 47.44571277769378 51.65195347983852 38.216361772238876 40.01744576055573 39.9703679737953 33.50612667910507 46.952308284241596 17.117845782996884 41.92163376103644 32.500051336252795 37.578256497170706 59.7497542386084 39.74611845035818 16.36005175580985 56.314140124482535 65.6796882044131 21.08995376060453 6.632960799172142 51.18339973864524 20.75032070195682 47.09539389638166 70.90525153691881 22.225350220042234 58.7286536268738 25.05690456551334 33.548234196452974 32.395007899653905 43.47179810812766 12.351382955469038 63.25121676737726 27.927274899671602 12.305799452357965 76.67900518353066 16.94738260135277 51.852230399735234 21.369044338438176 14.71886239515734 18.89816932551406 36.276636502011236 66.03344165068202 19.246119808564277 41.079542896890516 21.384540698747223 3.77174002354214 24.22094298019808 32.21989815438316 40.104731611160894 7.053970033770239 53.3577734553305 27.547723953415822 51.95345797088165 22.040950922475353 15.955048643992107 34.36972254041737 34.987082699453744 12.664228612870827 18.93292355874202 39.51880341363506 42.08376926029196 24.47449728613332 47.97679269401859 69.62534561554178 82.70602284153917 63.4283165455448 60.006687371621766 74.65413440051984 99.70187109477605 65.42863845403248 38.565141571953525 32.991956391390005 55.53830980703371 86.46024608551281 57.6114329596145 23.114310523232145 12.013315494261304 46.359706667121856 80.9257641931922 62.88761844302543 34.120514848223465 27.72018137780266 52.60655206165443 84.62465436179993 78.6650905682684 58.11237921711222 54.41230976569577 70.27907926002067 96.50076269119246
3.7671720702384652 43.677390618959784 0.0 51.65524872089281 35.413480794830136 22.60048548573268 33.380578337293805 26.805153318303244 21.659621303135836 21.42092543615816 26.93477591507434 34.79895691270677 35.161583393964186 85.46870929556381 47.668732351939354 92.31662668856153 61.678573460916496 11.447860768406555 12.108216844531503 26.181733834210764 26.8521973553332 28.87643861792924 32.13574374265926 29.205771006467103 82.26454500369981 25.330061224753365 34.99230402192095 23.605224579455037 31.97057143301061 73.74889937654369 70.10709436323708 23.49317077037448 22.269577172057907 39.61739168906123 68.03976835103313 40.93251686490601 40.41317627552001 28.58680227470132 11.299967151353815 62.03803083181052 79.49501818808368 79.80373333223977 83.45677633924464 50.64647517679071 65.67626629493961 60.75636716921854 62.93462678698672 23.385097074654194 31.347363380550295 25.068535124692104 60.385102496206585 29.113198481016198 14.560089488728245 33.007072145007164 45.4953590679116 39.68924977898824 29.41520050437417 54.784914111843804 20.870882663710642 48.74902135555708 39.45093139253281 29.01954867462662 30.199059762245994 76.41343295301742 72.58999813374437 84.15791921812085 55.88436179490393 21.562836260903698 52.724428496621634 34.00906743756565 43.6748456609341 34.14842242702386 26.444069336592715 54.69526772399895 56.18318380189628 57.050128915468974 16.71774452475021 39.85115387397889 27.56421699763489 72.41614728050887 29.532173075007236 39.9088850441984 20.777907951796262 17.10171484516226 81.38325380602092 40.22821966875028 32.80417107305281 28.139609772742645 13.010288239378866 62.642351852323124 37.70442219941579 74.29049090000342 77.08842697963793 34.75509438968743 36.58484962467132 13.230194811582559 76.10161816314412 20.5611198656011 23.694032592429288 38.123462838078225 123.74771444465493 98.33840412590025 80.13820561601052 74.6228360070957 84.31932572138928 108.91281696168872 79.06121198439041 55.0832121716148 47.03675975233378 61.52694332855502 99.95247236745557 66.30516057292903 34.59912183793406 19.81593986298992 44.53191036493175 98.48395387310227 64.09091624800047 30.18368482148119 10.455478095715414 41.26053954982247 104.82268700298344 73.37918994535185 46.6480819367699 36.910835880328364 54.25499321040204
55.17096993172274 17.644047293532058 51.65524872089281 0.0 16.2645062965251 67.54760375871082 47.673875143806875 30.449904682794738 51.13415163062979 39.89104621761277 26.67995475741392 17.051986566456904 17.752649130422082 35.306962395524515 18.49395382015145 40.926267220366434 20.43676967374932 50.7018499576391 43.75821185761303 29.372312140794605 64.82444697402536 32.49967452488769 51.350572464470304 22.498235146118276 30.7439220929654 44.958527034220296 17.527602338384952 49.80002174210588 22.9664417525551 24.18909357091842 18.465269245033262 28.67651605883559 35.126764361824144 40.19006376476136 19.9165847462028 28.299919410745858 53.526186772222935 40.14533315882052 51.62184646379212 36.66112163883779 28.658899048350644 28.266904232278016 36.3259997772521 19.290202383686943 30.15188359067566 21.788083665921004 24.968822881304046 32.8130620152319 53.752730596039314 60.8797443261751 23.06720433794754 23.04448335743929 61.474912838202556 65.10103595519948 9.26823122764838 23.871232632536717 48.69363121185378 36.27265588808223 47.54906932426553 65.23271870813356 15.146325867030788 57.882093404224364 23.72880959142222 27.919407318568886 21.40167320745274 32.83533673778817 20.26388324432075 67.72643442683624 11.76222243812782 28.189800269140616 75.12305703887142 33.63067812424611 50.66283303157818 3.8347464483760403 26.50806130788396 6.43253878057097 39.00073776578693 62.60736591149964 24.11475692759845 23.93897468751359 22.593441788618303 18.95423587723891 36.37259737849529 44.99595830599187 30.471003232438143 24.490895780705802 49.85392908315668 26.606929468607145 56.26229342112594 12.865183556701844 33.306445232855545 22.91564694516783 27.216000007262824 17.440038880345426 15.808720069538634 51.57115316551169 25.904594699376993 31.163459583493978 61.96627606784299 68.05650745009318 72.20394946099775 48.106936726068454 42.543685733554 60.831519969682084 89.36332155095243 60.469485224442174 27.779850092689188 16.784886925593835 46.76104914481673 80.53763055344987 60.80040463254863 28.486526110717385 17.919969012269682 47.17646195015738 80.777236818169 73.03286730737511 49.33114006306918 43.91060821034659 61.786245295834355 90.00976148349794 92.56239348052411 75.08571634467603 71.4331069641799 83.4402097435743 105.90847129325516
38.91037980961281 16.093302943114494 35.413480794830136 16.2645062965251 0.0 51.839861560585945 35.92818018764885 16.407645433107593 36.53757973470317 26.119328579427194 11.449308544690695 1.5541239200122234 4.736039979967584 50.95154188928409 19.967569478760826 57.122194892000394 30.58618371738307 34.82039853037546 28.20885208159051 15.706495282082216 49.95799383103953 19.69599385291921 38.911751052890565 6.234685439885091 46.97896331461206 31.32229355135082 5.224912875922943 35.61436843191615 11.016443304652592 38.99278233669914 34.69614019836919 12.947898032876372 21.07600015749817 32.701105302485054 34.23084286211647 23.08699992505092 42.99697920467036 27.486030627531584 35.72018909638303 38.79402870296645 44.587432364569054 44.50604894011617 50.51850009677563 21.458373628520402 36.925260007523185 30.689291359575545 32.620726424562804 17.881016868437737 41.93027705952036 46.13129185802055 30.077720522603805 7.804792980196408 45.44922290789422 51.247995261664336 11.2221873584993 18.340923874719174 35.83150543845283 36.34545067000636 32.93293604258823 54.96317077697367 7.804792980196408 44.10539571138568 9.331093644609854 42.64339725635217 37.47239464531225 48.99581228035361 26.79362092997847 51.88634550311516 19.435257260110035 18.92673331135627 61.91166611368168 24.464077160380214 36.993183450736396 19.31040003514369 30.61693544530397 21.96842698944371 23.286922809867423 50.54610551451278 7.993832075016145 38.047496863122525 6.670907966056222 13.813794131490083 22.00904231324607 30.42365724844525 46.443274704243834 19.2826046004335 37.73506128114037 12.108341466300095 40.37553652621737 27.99085441466212 25.832395368698826 39.081184946847635 42.65023284484338 4.319750919370163 3.436662488898041 36.357808449516675 41.1359785567397 15.02366629189156 47.606806899917395 54.80229581072228 88.4565942831053 63.48793041970858 51.29978918228281 60.22808527907914 83.77337863058695 75.51659635182298 43.91348189325505 23.428086062376398 39.549972166612335 70.52920769003264 71.91930639301069 37.455249817814234 5.315903962450472 32.380177889057585 66.80978217654744 78.9524560145394 49.54041766157759 32.708548908399 45.610074324010256 74.06444562893435 94.26561784326545 71.29099056645167 60.61011725206948 68.26089393250257 89.6676938295505
19.5028244484122 63.591140608355396 22.60048548573268 67.54760375871082 51.839861560585945 0.0 30.393464074989062 37.66364482183322 18.67210064315198 43.924552237859196 40.86765201936354 50.74648646306732 49.810790757428734 102.72647185689532 67.79737052278962 108.28880888251047 81.14562695212639 17.092985469439675 34.59636319820067 47.048986534476185 9.289803514858503 37.10566700051712 26.66567497056693 45.87999032219164 98.03897954627962 26.149737770258966 53.17409182894078 21.046182136814853 51.84829855821806 86.44586294912332 85.28584964339765 42.623842102466774 44.14038094601223 62.19092945842057 86.0259306574537 62.59807958936996 33.687339092086496 31.769845764524774 16.237358390409398 66.08424264822602 96.19991810944464 95.56277515837917 102.15963568194277 60.44962200100851 73.01951928930488 80.6059780109565 71.76799632864648 34.869624003224715 52.91710467164425 11.478709739955285 69.5080682381337 47.56903855096889 8.04118657543253 16.90873079174072 59.5884797916862 60.665933539358555 26.227647702141486 76.91231329569976 21.575670222947004 36.59140219176605 53.09435075890425 18.421073667066402 43.87793486518657 94.45559409061937 88.9445082888998 100.29195013293344 75.93791771233539 1.9847135354154668 65.1090286366131 55.495871358014206 24.421814487597537 56.361827583733074 22.29767637795398 69.8458735512823 77.18526874695775 73.65075802053309 28.585336488350755 27.204587431525518 45.133650066726695 84.53632866314938 45.19386081801793 59.872885935413585 42.75066652380669 39.67417454788815 98.0182497294248 61.32749508136001 28.361919062281274 41.063041384690806 11.646730810362039 79.80637377737851 59.908504633567944 90.4017057142991 94.4648553172483 52.66182116269493 51.74161753256356 34.79631834204936 89.12825312438261 39.1263635704318 41.82630995264425 21.344175328460203 139.14287609991396 110.4473521342887 86.20473193271305 71.12421961688219 71.27982899269459 127.32424034210939 95.28016440755492 65.87850804707914 44.68183589796291 45.25235508150952 120.96558237638934 86.6835779151909 52.82294804644624 21.478724362792857 22.962098337743125 120.93163540973688 86.63663509686505 52.74659605036436 21.292040884405186 22.78923806009674 127.22746409415862 95.15199304439281 65.69472544992279 44.41298387017282 44.989446918425784
33.86369653513079 51.69240570280629 33.380578337293805 47.673875143806875 35.92818018764885 30.393464074989062 0.0 19.9408663267283 13.09219068191155 45.43514814089832 25.49482339830437 34.397548527778426 31.795024573805026 82.05200088270301 55.76338930005332 85.54178071386536 66.02335443315546 22.504514755755846 38.87080353526733 41.3212623555652 22.896728279504135 16.241667387948688 4.334823045289826 32.36454691137738 75.48069758681078 8.248211759455684 39.90533521918574 10.560699595634887 42.35925594239273 61.00058288394075 62.698889758601304 34.72842442320116 42.32515770715116 61.38043072462175 67.58570897483521 55.936429839129666 7.965906226604531 8.665047822055666 23.040824951899104 36.06993800628769 75.02829616326463 73.11049813316637 83.99269826601116 34.345432066202136 44.171213628613216 66.40142081380426 43.91559232273272 20.074769461191277 60.912226353500515 19.308579489072436 42.007089276022576 36.50592835532009 29.66185925462906 19.447253845299915 38.456019541170654 52.04167698167723 4.396571202764944 70.60424124847891 12.583244833281523 19.428801681749324 32.74379225961542 13.104958621610448 26.672825251252195 75.52582810573996 67.70316269913077 78.10398627078446 62.69888975860128 31.775994375570917 41.06241330450171 49.46551593537334 27.870212752507424 53.22170243449542 8.33374916798991 48.62574619344191 66.39260799435696 54.091750902839664 20.60551554086546 14.9374385596521 33.401261534234145 58.642886763483126 30.355286589165846 48.758651824140834 41.747829228751016 44.86085783455397 76.64692041466286 52.95414639497658 2.4677228357988357 24.154544714568104 24.8790707613369 60.512723204887344 56.12261108120508 68.72267976954733 74.42234525842956 39.03029000079896 33.897906941628015 44.991639632564244 63.8704096890346 31.873898703260622 56.794357933509374 21.045382965535747 114.83891446080446 83.60492470719198 56.44829694221944 42.164637470103266 52.57492474272042 107.61296107090301 73.465208572213 40.10704051529904 14.658201649967406 34.87121163309812 107.46879505632145 73.25581549852929 39.72578556329708 13.590898196482797 34.440353219740075 114.43319279781024 83.0519000623076 55.63364093014325 41.078063643406054 51.71589729532018 127.34481487852676 99.9532870266416 78.48171161518914 68.72306957495026 75.37309393943545
29.40776429996617 31.81551491271841 26.805153318303244 30.449904682794738 16.407645433107593 37.66364482183322 19.9408663267283 0.0 20.686696309039053 29.14518525557943 5.568729337762497 14.950478382387503 12.939693070459109 65.74479885329032 35.938889737567536 70.7682934549666 46.96298015514637 21.621784517011655 25.640046439073302 22.52203433534545 34.376985782726386 4.218000826919417 22.603465896386886 12.427542741857145 60.51480449566044 14.9374385596521 20.01118925662883 19.454961851493987 22.576523346470903 49.00594994612226 47.70083157759123 15.96401329798729 24.96545824311652 42.76220287702269 49.859375570848556 36.21656132503164 27.475972943571435 11.303673005382016 22.56458400912192 35.78791496152242 59.00610509523237 58.047127698845344 66.30683948042784 24.11601046579138 38.876227233296305 47.09672327827308 36.29456652047629 3.424005947045609 45.83383120335054 30.429998485061773 33.786563583205734 16.695979269282674 32.515017188732664 34.99163090040371 22.010881244011717 32.16895148514101 19.454961851493973 50.749198883437934 17.099177312347308 39.30779078409611 15.53539833490039 27.80337349740334 7.11306598078732 58.14139130501916 51.674802672054774 62.85203210541353 43.13597506333136 38.09130646621472 27.594257382655 30.042632031213053 45.52783218158153 34.338863010501 20.637244574354117 32.388793208398226 46.532797541585985 36.78415231714443 10.408671244276173 34.24970031138488 13.623227098253867 47.26495253559285 10.435407473254042 28.821890694269836 24.866584565693095 30.607830328138512 60.77653541153578 33.09135817891004 21.543122408396837 4.313126185253857 26.983398226996044 43.14789075836835 36.93784500900052 53.02496102968143 57.658531577927995 19.15708761033073 15.05439035316487 33.64280796438732 51.619693672295824 14.018342403113914 46.11292900803544 38.41555555838319 101.4889225619796 73.3156569060381 53.34018599512836 52.05738263971847 70.4951947549494 90.87669099656297 57.90092823158116 29.005292113624478 26.92473599263322 54.80347437086894 88.32629275662461 53.84866390642501 19.816078117792898 16.749001001135458 50.62839966070984 94.49291319406386 63.37740051370544 38.72094046003793 37.10471192666324 60.40728554615065 107.89179015308956 81.87491812149833 64.50694579235156 63.352741838604494 79.12505132096105
21.44349199166456 50.59902330458371 21.659621303135836 51.13415163062979 36.53757973470317 18.67210064315198 13.09219068191155 20.686696309039053 0.0 37.7780199248694 25.08907118629257 35.20809797056588 33.56171960949708 86.41854424429648 54.85947754942341 91.21991633297654 67.00593190868864 10.232365388320593 29.694393216864942 36.6113291710569 13.726448198846628 19.15817881260597 10.744568492151517 31.303676110880126 80.97954433014083 7.478853926547088 39.12186289432673 2.578783946706467 39.61472471752595 68.39005060314864 68.11920733308584 30.64875071980361 35.8662269705486 55.343976570338675 70.48048538301964 52.334806470096304 19.06173917238469 13.119141384813034 10.537196193205252 47.627831114556166 79.64724190254972 78.52500947578355 86.8987955853025 42.059264955825 54.34743157492363 66.88912899729401 53.15961576536562 18.66014970572336 51.58058659542534 9.750933767167291 50.9378147786353 34.2843047459478 16.656820326163903 15.140831686968813 42.547013447458646 49.265390996291664 8.704711452713136 67.21947711548381 3.610157613659705 27.208804138481792 36.133449542990256 8.660988692468967 27.60311291600152 78.7961597508487 72.30279762758674 83.38294630932766 62.598100087300494 19.704114328494548 47.26101416611615 45.32107717931325 26.340904402086156 47.902262762023774 5.007296293198057 52.97636207644405 65.09310532654679 57.469636512921355 14.560864156573059 18.743962401888883 31.3531185379571 66.35334496977404 29.978353709200917 47.14874848405279 34.89636054986835 35.788875114499156 81.40236355369541 50.08467003417078 11.793194016318973 24.690516543773896 11.793194016318973 63.82496326782753 51.1986937268765 73.60820512836258 78.34505076691808 38.41560649928129 35.645745602411026 34.3277304914637 71.13819632886026 27.192783961628475 45.35217753496864 19.499361110673853 121.62801654442497 92.11281528309911 67.60888909051647 55.244437229971986 62.671593426991066 111.55883168619873 78.4752202708042 47.60448643992948 27.728211729759327 40.821072821908984 108.04232538346078 73.43862943327673 38.83522790344964 4.239336515327684 30.374717058270537 111.6992933703831 78.67293720197506 47.92670467292904 28.27270872224401 41.18934523966643 121.88556532453693 92.44950326896547 68.06264681007457 55.79364430803153 63.151652541507964
24.903520592069945 26.439036033897278 21.42092543615816 39.89104621761277 26.119328579427194 43.924552237859196 45.43514814089832 29.14518525557943 37.7780199248694 0.0 25.17928485150847 26.500385559287636 28.788480357993663 69.64437239050586 29.690873321399312 77.78856239420696 43.90643612235664 29.505232915145506 9.330866994775393 10.617458077478211 46.96541239092775 33.14752090657224 46.089783828112026 21.873310013001284 68.34421009619437 37.54510346095949 22.664381872655955 38.66256177291906 16.931185109466078 63.99022704464964 57.57479893010915 14.441361642138682 5.050445526403127 18.315387140046848 51.99200063556333 20.624688398141167 53.37736588124092 37.66085593385372 29.91902999394861 62.8379036279414 64.56096448250938 66.0120620911032 65.94749541051264 46.933265980018525 62.67624228624964 42.482255498414574 58.6094075252146 26.943281718049043 16.809013544125406 44.36995781070402 56.03553072482648 18.352510619767465 35.91165334924305 51.90897552086594 37.27948403576412 20.810567548875383 42.75371866807018 33.578445762446066 35.27590539909839 63.978342115185335 33.257121580760895 46.35478287140917 27.19428303565578 59.9356701438409 58.421926015251735 69.72817862515508 37.52965561602706 42.9668611566856 45.5336887577371 14.575465447572142 63.107323844740804 13.046106630164171 41.32208219014039 43.58853944538429 36.41627355504516 43.67350446067157 24.867057660434796 56.34871144113405 19.373509311522692 63.43476752283783 23.786144132409422 23.039454232202036 4.431701295662206 5.877313679397826 66.45798531290751 21.056545318177115 45.957530585828636 27.170161667566926 33.34178386210128 48.02460142946621 16.55077455500703 60.33768980001166 61.420585523777305 23.020921131451203 28.98070533979867 13.290490007313506 65.79383672908567 15.202667511782545 22.09261543004484 56.78966684752508 109.115742930538 87.9607319308793 77.21835195791132 81.13566360824171 97.9696710787027 91.2570591735596 64.74233225815316 49.49844206921218 55.70843197375953 78.43194797408927 79.6156047914405 47.12363897570332 22.304168693735924 34.192986106400134 65.08218207402666 77.06322174052193 42.71307436369031 10.243376865592506 27.93385560717047 62.05261702786584 84.42843463187985 54.7987265410842 35.671709277438445 44.00990583431556 70.68311917765134
30.020061951647552 26.36119312058097 26.93477591507434 26.67995475741392 11.449308544690695 40.86765201936354 25.49482339830437 5.568729337762497 25.08907118629257 25.17928485150847 0.0 10.133111669806917 8.962845124406847 61.90237024012425 30.524508549444768 67.48965862147824 41.985845211604 24.08975574671737 23.24874062365913 17.48188620311097 38.55298338679901 9.627007086248652 28.039871887562935 6.871731437626098 57.25391786833919 20.071467807582074 14.565394350706994 24.192416559294752 17.038008284217025 47.070552220841506 44.59837591982951 11.160821054962787 20.623952697473374 37.60144873178187 45.52489300207605 30.68274072730409 33.042879288509326 16.841548295916816 25.02003430002034 38.05850152278846 55.33420056839195 54.77423861182935 61.88702357082083 24.050806943513916 39.576203255525506 41.985845211603994 36.35585840034866 6.432033140270161 41.988124098311246 34.70278239629321 33.76885281969232 11.159098246541186 34.95088183736753 39.83800154121691 19.08408746294403 26.601978065142653 24.823458647677832 45.182770590636984 21.483771147263898 44.874736108707665 12.727271295769627 32.72599739000181 3.28398233438175 53.89847112674671 48.07824911096918 59.455163838685856 37.88652396687548 41.06480165090831 25.84520100232303 24.62632559903047 50.59768391441411 29.122398007830338 25.674866264687896 29.077490136510093 41.07796084449267 32.820550516474206 12.35506935013421 39.67320385121366 8.120049220032106 45.600761512146065 5.0181302771237695 23.293929511325047 20.773682690605966 27.492113813164444 57.150684301402386 27.525571248257855 27.045736584032376 2.0020330382202856 29.636747608572907 39.055837713259 31.58849609398431 49.55164310393874 53.68753385447074 13.744116656835063 10.876141868124128 31.56709267772443 49.534197054465245 10.084605712382103 43.85298912340784 43.50035859611166 98.54563486622557 71.61423887511032 54.22874582869162 56.10450201028649 75.8252861818525 86.74619253127675 54.427456500006535 28.189302521344608 31.96510887927859 60.36341812808931 83.21714292650726 48.66261659672255 14.347885570218647 20.94105001534464 55.37190190219538 88.94857698264322 57.84237219863691 34.27048157212641 37.39019931088558 63.37525789683408 102.3968498869092 76.78125554887968 60.83085783030032 62.4516697164439 80.59041234248573
38.23940434524153 17.64362594087819 34.79895691270677 17.051986566456904 1.5541239200122234 50.74648646306732 34.397548527778426 14.950478382387503 35.20809797056588 26.500385559287636 10.133111669806917 0.0 3.2880283256827396 51.98940429172581 21.52118129183653 57.97350157238048 32.01496213646823 33.77576137544707 28.068914095143366 16.26447048450913 48.683887315406025 18.17258006354094 37.40970677650147 5.639606278975915 47.79570867942794 29.88137256043382 6.579366692331506 34.233435741917255 12.047801985337776 39.270981495909545 35.391206374461426 12.878967148888764 21.450226784751838 33.84626756227181 35.42016598578939 24.46565522208412 41.44761180427567 25.976174700731146 34.684518330273264 37.76796605972783 45.54876727763885 45.31831805910927 51.759582544640985 20.688337237169364 36.292639046610624 32.162572937561364 32.11624717689414 16.549459256321622 42.54769918355187 44.835689434817034 29.54975883456433 8.162506332097793 44.4755419257975 49.853445330917914 11.185063529282 19.75902384814891 34.346497567553 37.849296801974575 31.599754609299328 53.41451207288848 6.9171318610499535 42.696517332345095 7.849286337019447 43.81263736912473 38.38024120114492 49.86853260392342 28.310711898172592 50.836463578628766 19.25241622544463 20.06792219066505 60.47379110039738 25.53413722408041 35.56532990393236 19.909787262054955 32.17018213231503 22.94012096526997 22.16466652285133 49.03884873298464 7.7429376609879785 38.21672684281983 5.571765727543231 15.315286971838077 22.294085726837306 30.58231488324003 47.39263516321651 20.70397118526389 36.21856803987712 10.669598971180275 39.33709147501936 29.060687396043452 27.03629119021079 39.94773329633201 43.71838660545402 5.6428899788880456 2.5022282152012707 36.3026176898181 41.48736610345257 14.621805204394402 47.745652551301674 53.36245049154257 89.24587227931661 63.821022501780284 50.75651902534813 58.94174794516674 82.26079986549398 76.67765551261532 44.79860947592107 23.004614695718608 38.03095468201475 68.98071513884128 73.38209155727475 38.94774030037463 6.616302207215249 31.07214673149672 65.43726016055302 80.50627000071796 51.021409267479555 33.465528873444704 45.07251676093552 73.06130738360231 95.7516820963122 72.56463534984823 61.29966468574366 68.15021927147585 89.02829208353378
38.45116315199338 20.729923728505195 35.161583393964186 17.752649130422082 4.736039979967584 49.810790757428734 31.795024573805026 12.939693070459109 33.56171960949708 28.788480357993663 8.962845124406847 3.2880283256827396 0.0 53.03161073125886 24.492084697091457 58.526813592133664 34.28684015103002 33.04947589048788 29.467980588130867 18.882218424241206 47.18908525480048 15.698408936988363 34.99259863754579 7.0214358084479995 48.291604127760216 27.803812243020182 9.867392717396699 32.393838196831055 15.181950240820559 38.58833287864782 35.65360323511169 14.652792315148034 23.76569712055478 37.0198978507539 36.929057260898844 27.753350911033923 38.645495275544356 23.547454338520303 33.97826173555443 34.78470611874441 46.41092208795533 45.81182702416376 53.36970602618794 18.14631933894543 33.89306871924399 34.60749864932779 29.952289617956385 15.076524804148644 45.12091768662836 43.277095989373436 27.358396006956486 10.725125041545187 43.89576317232411 47.91588794246134 10.343573005207226 23.04424277413293 32.03299759086199 41.0770171370446 29.957195934532674 50.613442836726044 4.602582787207558 40.715728062310106 5.991128678555611 45.23449092623131 39.13656762771176 50.49504875784325 30.969354869249504 50.02534408424817 17.824609400044533 23.253575117620418 58.34032928152807 28.655641544493026 33.52396422902598 20.122525227617462 35.11594312234596 23.97359091406056 21.317118871802556 46.571777651519355 9.48341108197744 37.31185321154223 5.752522599658714 18.548087070616237 24.468692061370575 32.49391402122702 48.218456370625766 23.98861113938674 33.71405463246884 8.89366026861239 38.59877442766966 30.283555826491455 30.255808235669466 40.59497348982688 44.86443363522109 8.930253353234582 2.1339197942352057 37.807787677730246 40.94998579015484 15.728686174842784 49.55829640592523 51.22912410048534 89.60274140018106 63.17901586922112 48.46992726123807 55.6946018450778 79.05221390816841 78.01885150269794 45.47213371082107 21.05552525645864 34.83965827558439 66.17488102714442 75.73076377972087 41.46268160689196 9.900130046560879 29.524979413913137 63.56327138674515 83.50624862973486 54.27637704232052 36.24066792639571 45.559590443151905 72.33806683511352 99.00154203841576 75.81528865370076 63.94830351042475 69.4664517010691 89.19958051074872
89.14306464157953 43.20714733492756 85.46870929556381 35.306962395524515 50.95154188928409 102.72647185689532 82.05200088270301 65.74479885329032 86.41854424429648 69.64437239050586 61.90237024012425 51.98940429172581 53.03161073125886 0.0 40.159993646500006 10.239429520981043 26.590820896554305 85.76011400186374 75.89785319622163 60.4237458629072 100.12166658731348 67.60167733679752 85.97022508881629 57.06553600417059 9.678536139709305 80.08667933588292 50.495047678067564 85.02290473573875 53.989238864782195 27.368171862622948 19.956647728736975 61.97562541941522 65.7912426389225 61.58860416889963 17.671040599870988 51.03386478891717 87.05238394966005 75.05856770637881 86.6647740223013 60.40757734997552 7.1130659807859065 10.899017826819126 9.924747112713897 49.08015526742671 49.514987990704284 28.674355693679345 45.53515063971789 68.10642956196583 79.04494973905538 96.16819259926973 45.67158918398137 56.37481540856913 96.39031275581273 100.15793097580904 44.00174931047057 49.125540199459884 83.5318149473885 47.688439202740376 82.84149848387617 98.21008152018271 50.31258560287747 92.9543845425175 59.01926369944435 10.00654926041768 14.352092804344558 7.103063038644063 33.18340996531842 102.824031254345 41.33270735806754 55.29663735457419 109.83758110688879 58.97888777418265 85.7527528202583 33.58444656079641 37.37252112982403 29.082577895168228 74.14135630714188 96.83768064766699 58.21966595806413 30.22294433513222 57.55458799360775 46.70269552788728 67.28272213728947 75.42279009593234 5.82964823131073 49.096389167722464 84.35663251970144 61.90688640659482 91.31934083841715 22.972298410441883 56.74387688716245 13.514825363494356 8.380433374835617 50.790909893447306 51.03524604931726 82.69113565293416 25.10599440973365 65.01538996070688 90.91756479144712 102.8470608029638 39.713317947887255 31.609913568900275 53.06658072263703 83.83181784610547 116.7660983181967 25.61136208067693 9.296791506927146 43.7238279674638 78.30689795312556 112.90270916616132 36.68944798513573 27.753804671621243 50.88489566965886 82.48098201340349 115.80929596944101 60.39560843686619 55.23293957818699 69.63132634185206 95.08502247176386 125.01438830399108 86.95028837707326 83.23167634340287 93.21690148762008 113.34014723200323 139.27421403929773
51.43554547183958 4.267839588471826 47.668732351939354 18.49395382015145 19.967569478760826 67.79737052278962 55.76338930005332 35.938889737567536 54.85947754942341 29.690873321399312 30.524508549444768 21.52118129183653 24.492084697091457 40.159993646500006 0.0 48.81591524232211 14.260728651998198 50.88758563442295 36.82965188058585 21.521181291836562 67.59998279856818 39.52945983829387 58.53746294114603 23.772617138147602 39.99579808784609 50.55370810679619 15.960280514805172 54.35053645386664 15.960280514805188 40.36768435726586 31.2172442607874 25.178205190253095 26.295850184333535 23.329013933707245 22.664800563524178 11.506545440010024 62.94738303185486 47.20889909731931 51.672841403259 53.97279131810721 35.59734583882515 37.85074453938851 36.315049011319495 35.88243558398124 48.50278003178234 13.100388230193738 43.36716291761644 36.71132215485562 39.4868592424788 64.01759382708023 41.33869397544861 20.627891344281675 60.474780919541885 69.93317363084387 23.546856413343615 8.970537469933872 55.34547001062717 18.100371948339472 51.350995863458785 74.90774132095169 25.535970286394967 62.969716864580846 29.094854805986053 30.32411590003896 30.277194493304304 40.97109027788659 8.219681934709438 67.43402461918289 29.628990135980295 15.181510232424573 80.91744958109656 18.98303071297508 56.072195363942306 21.941917378106893 10.651107820847518 18.254803976659066 40.54447609048306 70.18095374861576 23.506583893060725 40.88078008842823 25.5269026826461 7.924627441542082 27.84042415981235 35.54278490139055 37.45682357554855 8.95382257391473 57.46887972163873 31.651427763991357 56.16592579964729 20.181296155316023 17.243783608240857 32.28932398050502 32.10147067569848 16.787754842307976 22.591451527751214 42.915575009698884 41.30597668837656 28.69951636738478 50.7603707999822 73.8575513396383 79.82120991125706 62.04534709061466 61.013199768105935 77.39755747326006 103.21307651996092 61.7179171210518 36.20529083439624 34.74738061056617 59.15043041650012 90.47100066575577 53.34946219619607 18.887208351461982 16.19081271970243 50.62027704647952 85.19117756271275 59.0141675168257 31.42276843250545 29.781717504407094 56.4034833353818 88.7163856355606 75.62132983812644 56.59309315761382 55.51368680772849 73.18168634346956 100.12066505550769
95.9078006889803 51.46237867496925 92.31662668856153 40.926267220366434 57.122194892000394 108.28880888251047 85.54178071386536 70.7682934549666 91.21991633297654 77.78856239420696 67.48965862147824 57.97350157238048 58.526813592133664 10.239429520981043 48.81591524232211 0.0 35.93536656848308 91.57099587685184 83.42385309830694 68.11253897677234 104.93722411476304 72.11297336641094 89.6425816131213 63.34771406871201 10.254092954879093 84.49905115537894 57.427812623975626 89.60786028261536 61.56469743537972 26.348646012544492 23.1012049875999 68.94541416611183 73.65998501444678 70.9766581995426 26.186943415418618 60.02391432237238 89.80866063592609 79.20096196276783 92.4970123131692 60.01715712409772 13.24705980244965 12.726824071228922 19.705350712954814 51.49759511967753 48.6998020090514 38.18030882791032 45.54105662718395 73.42563264752849 88.13924419027462 100.93920512581673 46.25209179743657 63.27042268876238 102.38277104801054 104.28029092577172 48.75759551644375 57.68895330621551 87.47818047942562 57.665199050036705 87.71266395396867 100.44515713868857 55.24190311887271 97.15476185706511 64.41884934846372 19.69437930427478 19.731381908863437 8.164182712534798 42.4182593225912 108.54638234933246 44.500933021253964 63.73301473363485 113.40555208430484 67.79007858733837 90.04293082724244 38.44299285729471 47.08741705579964 35.2670784832282 79.84315316293535 100.01729302694193 64.78227188579602 29.225021647807562 63.51969328285434 54.750411566877766 75.10422235602861 83.45939145320344 11.366585053273576 57.758454925924376 87.93132195786185 67.22605355169581 97.12400028159384 29.92065787211819 65.78526378498309 18.043779793792133 16.879759740007547 57.59436771529474 56.67303452662801 90.59213727417432 23.54953930485766 71.75567573809049 99.43168132269788 106.5587301562302 31.484562633427103 22.7266073063266 49.36158503597239 82.16738937613307 116.02258434542883 25.4447366983174 13.259308645388291 45.81524885051979 80.1069154946448 114.5864386137917 43.767328842470675 37.84603784629675 57.826416347865376 87.46596260508211 119.79784280172937 69.25055134581775 65.46729633826038 78.55613904873314 102.22983486916414 130.86475213657198 96.37141737068742 93.4696703437029 102.86103619671789 121.732865582184 146.46526090926017
65.43859833852954 18.020330790739205 61.678573460916496 20.43676967374932 30.58618371738307 81.14562695212639 66.02335443315546 46.96298015514637 67.00593190868864 43.90643612235664 41.985845211604 32.01496213646823 34.28684015103002 26.590820896554305 14.260728651998198 35.93536656848308 0.0 64.09047540374505 51.053157731747504 35.65477776572124 80.21463348887077 49.98437359295777 69.27932991326811 35.76435265553866 28.26545276323069 61.89632608552646 28.08779851047399 66.17811036805978 29.728219417504313 34.05015183308036 23.100188809838475 38.67589079245639 40.550225554934364 35.05943710442107 10.32169229429567 24.515705134188668 72.56830113519325 57.833129083782694 64.92085859264324 56.49316149927909 23.112073592412685 26.508196482318237 22.056085569951623 39.67088275444298 48.5160753332806 2.523952499643541 43.334504706476665 48.40539462370663 52.45719465129128 76.47784764652403 41.96007080911104 33.57728354188401 74.0597838694595 81.82167652392859 29.0659654587824 23.103505667707083 66.29618902254352 22.80906824262595 63.417467194177135 84.47225227526327 33.57728354188401 74.68980460121847 39.85294119068693 16.58973014117363 19.61599935034875 28.60381804873628 6.608070249594662 80.91062697958681 31.805428930442055 29.34560214953343 92.48874896280155 32.554977736587944 67.57701918674267 21.982946937084396 11.553307258823986 15.628096166059642 53.17087869901205 80.85118525038536 36.115462844760366 35.51019109746424 37.03586937847453 21.778185312174404 42.09230025873619 49.77091766006275 24.830274674462036 22.93111296993771 67.98936098284861 42.68300660439683 69.50190883928722 12.394297829116395 30.184274358584148 21.565547746597744 19.072776854777377 28.701132052447637 32.162572937561364 57.15713931714985 34.02123447345114 42.08856915716256 64.62176588758467 85.37729718498623 66.2734253728252 52.105039436912826 58.58758677956463 80.90041705744656 109.7818363818033 47.46356013238995 24.396516276530615 36.502521175776046 66.81707624277698 99.95725527660349 41.4491182963173 8.083138904457913 28.416524129684955 62.80537026983831 97.34672160833753 52.80072908857748 33.547083566861204 43.10138988374067 70.60372493244762 102.5030502398196 73.907992212372 61.443782726732046 66.95570706249585 87.09521301288423 114.38035975679009
