0.0 28.717693728491263 53.078004561993275 16.027857714154006 90.88618342158777 43.92268737596059 64.39937623234434 78.63057456410517 56.964033843188105 45.343896456831196 61.89653105258712 44.37925151326425 74.10421157471907 64.31895836569439 48.109950267675664 11.447704741453279 55.242184460705374 22.37572113017104 94.10968980743176 12.341901031380198 43.74721255810967 4.651754215968835 104.36089216057549 46.43843794148618 61.234880737394775 52.64035066325027 16.400382596050814 20.72312408090726 52.162407735419386 35.24102125734681 76.67809738534774 66.25672948486529 46.30147917284618 90.86745260375719 75.55759598891414 50.43087733541832 20.258999246954687 48.563529183412314 51.24506678529687 92.25588052770448 44.52727178474674 33.482997775558395 98.56211126928079 54.918816649474266 62.302258472238165 19.197605856533258 66.05858729083849 18.621699196458657 86.42784780173122 71.3275800746279 13.253459913518098 31.321976421907777 48.74781962496443 19.35231205396137 87.70034329897472 105.98226663975358 67.26246465486477 73.16918698510013 16.04556628425757 59.05153050453354 54.93221697051199 42.04031089471466 64.01759382708023 52.3166852194521 59.333778379095484 50.34548975725966 6.587979806407083 18.974324941198873 45.055205788609406 18.802832459407444 52.69525619740275 12.598437795663472 100.60182223980237 35.297063084019776 71.43654269948301 34.86901423923455 10.739523660179076 16.92209710683004 57.9930516163694 24.685450182166733 40.71473033849495 74.47535134059964 34.77125187262262 57.96152571127585 74.76674124605655 100.56631379868547 59.84312292518132 52.815847444731006 56.159349152964886 87.5827008757678 53.21131815066138 49.08337186494602 94.61462754253442 16.41069359422155 70.4157313917136 21.012301482419637 68.77272379538392 35.07930741719821 32.09602814781928 73.91002670983211 140.0866667758769 109.68680941933403 82.66138075312325 63.47753409003741 60.172057974670096 130.54646484123356 97.3296286306679 65.56346968676473 38.973264265311826 33.67635550797865 126.60271160001234 92.02311856438502 57.472743199620574 23.08315763098034 12.54600399748302 128.77085764116623 94.95708130297308 62.02099945460837 32.72926869793645 26.280206588521427 136.76040820341223 105.44573871030421 77.00001056528366 55.98216411730721 52.285820546115495
28.717693728491263 0.0 24.903532704210587 41.96708928664222 65.00654956970558 21.210715325760145 40.48882283149524 53.02259764240918 31.456545680709752 16.653582371470876 33.17922089766458 20.559653467948774 47.73613333629607 38.789440947818825 20.188664599491357 17.49477515831828 26.59351289374846 44.24251177162655 65.4464045430996 18.52692863720033 20.39094247792292 24.125568961145177 75.6436396351583 21.955393090804705 36.232207953649315 25.82263782782908 37.500736096406094 36.313010770653385 24.312579818408224 6.804041362191436 48.31205105015776 40.0214244651977 19.153305904227633 62.33857859692638 47.1297587540787 21.736295581492683 13.637483158103791 23.782422294423462 27.93901232336377 63.602686216892735 16.067597357814755 7.980421850391345 71.12280039885675 26.214438234010625 33.715589186649474 12.651781597537163 39.200252467105514 13.33316781671053 57.77933719948776 43.99002591128414 16.37178830148735 7.160697532549384 22.496664224013983 42.96339266260343 59.07847950515121 77.27903707581993 44.2150417743131 46.10448298274507 35.828663575071424 31.91320658622843 26.57698211958413 17.365364321584416 37.04206588626346 23.59935888537429 50.065119476839335 22.050504540438006 31.352449424193622 35.72397449765781 19.376912277175233 20.247483474373407 26.81900652095627 26.411264679328404 71.88545971265691 7.353604113308032 46.511014113304256 18.313676239610054 34.16510210911236 11.795853516252468 34.6495171395711 4.337874266195376 13.336824806784033 45.78246683145479 19.903214654267895 36.89116919396968 46.11629724098554 71.85513605906996 40.43429973915275 27.569075245646683 32.131054283736916 58.98217766427799 24.60623559842162 22.070312480953838 66.49641238344378 12.344041696062519 42.041429364519296 29.63236847908647 40.12396400381224 16.81032241991652 7.48899211028166 47.53757036630336 112.0110780307199 82.95132204584824 60.08463297932296 52.28963067991313 65.21540384571583 101.83049488914894 68.73065563487822 38.38227601173127 24.846286508538544 46.43618791814739 98.85440968227441 64.2817088341494 29.7814717346619 6.048819535308002 39.762979867018885 103.70510932170194 71.4539085386668 43.02798817122236 31.4958705526478 50.273326257889835 115.39956474098278 87.43235057663581 66.07994113339315 59.021077786833715 70.67674961915465
53.078004561993275 24.903532704210587 0.0 66.86569208081589 41.34384797867568 16.563731873837693 21.608175035606823 41.481344373315835 26.247271565014504 9.322407746849901 11.780452842182635 14.61993993105013 24.141972576759652 17.3943736211257 15.131519194444959 41.63374588968775 10.00697604590079 68.9150013154243 43.03603809659485 41.60405142707953 15.542893686958832 48.623563600930936 52.15738165258685 12.94222375218238 30.216379982553686 6.254361202639492 62.258520704612316 60.458847062673094 2.0064422507376567 19.695430487973212 28.698707892663368 17.20795242254178 7.753484802000061 37.87980112727701 27.28119747845079 8.630043556089843 34.389640049314806 12.033561119151939 15.77634337574329 39.54605695750061 13.407326850396483 19.84305676105184 53.26388593235527 6.29528004755992 9.897008038241012 37.24355571015772 27.24562269700283 37.950022690985676 33.743050716925886 29.300485245481013 41.255782688561936 22.064957365576788 21.020466761915948 67.80386781666319 34.909990554832696 53.49213386021754 25.935463848336152 31.901471437982536 56.781941072101624 8.52774432713034 13.208449026455057 14.19853559879853 13.30424480752814 7.20123449538442 47.62412749151173 2.913105084747449 56.206928986374564 60.085279259410456 22.055449881181257 39.72173120046338 9.381540392959842 47.85216446450441 48.38509422853183 17.82639308841764 37.71221184284462 25.544404005028955 59.06777683584105 36.3619488764989 18.643217209792315 28.513586535239423 12.48874349215809 22.301378557201513 27.32794787256886 23.9453561262203 24.65331120186653 48.74402504133242 42.64785752942788 11.257847130537714 15.898598948527573 34.7342933507651 10.229130922565309 18.688846396083054 46.74371770698692 37.03502462091956 17.356724126022854 53.16884902939108 19.276373229175146 23.795126341375376 25.506066867497392 35.05733484087597 91.28737491092036 66.25729475225522 53.30546346237853 60.72655761795999 83.23915066235834 78.1404081179945 46.72289330546013 25.592501243713578 39.009812409986004 69.1621051717321 73.95254993905486 39.394616954767216 5.454017929674705 30.040157159774466 64.574995445852 80.14106324592467 49.967855274361035 31.07762830024515 42.774843992856866 71.33296190469643 94.69266068889459 70.83450230636323 58.848451747601345 65.60137694954533 86.82584793821596
16.027857714154006 41.96708928664222 66.86569208081589 0.0 106.0066403263251 59.34841899558363 79.88378263637435 86.83306528653802 65.99684565063538 58.40919711818641 74.4838989033942 59.62648787089798 88.98900380486712 79.42629438087032 59.501050059719944 26.338060813137883 67.50590993241597 8.711791663958675 105.98776872190662 28.10489924786459 59.06372527954348 19.306081294161764 116.74128078759732 61.59496761104046 69.67945066284972 67.20942444775703 7.908769357208957 14.572819312636659 66.19793320235165 47.80161895463208 87.93165699414004 81.15082001599322 60.66363170106828 104.11935690404742 86.94841618445922 62.96465362027183 35.90330903625164 63.691540482208914 66.70305032726607 105.16146725173556 56.68174806409862 47.98110663915404 108.14934185873184 67.80395757911552 75.52347891406563 30.10306785468678 75.74839076302361 29.397237515945157 99.37187386257082 81.32350708845462 25.614451037641174 45.941069771588104 58.803891458407655 4.963068133798706 100.72799759909087 118.56853247075765 82.91151874277328 82.83779910300082 27.746011282664156 73.52666532328081 66.60316019679826 57.05882148022786 78.59742405701428 65.02471225079884 74.93423491839135 64.01759382708023 10.827918672362076 13.054654574144221 55.038461246766616 34.82410563917696 67.59403379283353 27.993586571299534 113.03140698064516 49.1151844756961 79.35392592130565 50.70266791643438 7.920370589452386 30.741193053389274 73.52289680674016 38.489842712847825 54.89626366043875 87.27854574470736 50.70520267019302 73.78212342143459 86.758403240821 112.74286231579214 64.91781330119757 67.89166788766228 71.54739729793728 100.67219476524181 65.39259509661706 59.65744436531547 105.19944197849658 29.976509681531684 83.97094541213124 20.69220655318658 80.82854150867881 50.777623369608314 43.31725095473165 82.91083233366335 150.22646358809246 118.31418166821248 88.4494380328657 63.58587011978573 51.55409738752072 142.88445005826497 108.93130833338306 75.57074051338168 44.16657931852408 24.192553741190046 140.80330728062532 106.21237949709109 71.63394427143905 37.10294572570577 4.085264662786521 144.21109577282402 110.64989023154992 78.00507728516226 48.17698379058871 30.855911323883152 152.74068417605943 121.46176498772944 92.57965202862478 69.16510286297671 58.23588935813098
90.88618342158777 65.00654956970558 41.34384797867568 106.0066403263251 0.0 47.051073741715825 27.095550688959012 63.34377720166964 60.88597373047922 50.665701924266955 40.422043143511075 46.50700043459686 17.31604812332775 26.588068302406857 54.85050270941914 79.75272787590067 46.388623239918616 109.16450511615119 39.17609920126859 78.60253517128079 47.15149916676964 86.88210013389885 38.21799183595187 44.46180782503992 62.631540560615505 39.18466838504018 102.36104863578049 101.26223511353922 41.26676640472788 60.766447612799666 43.53725063240854 24.990968684898604 45.85513294664439 25.280812746628435 42.733376125843634 48.59625168410072 70.69689734822313 42.346292396725566 39.85299445208002 29.064177453113377 54.49759485281192 58.13809844627822 58.88097967471414 43.69441509798546 36.54750317821682 77.65567717907098 55.28313270403351 78.33947123881863 28.35615228833394 52.60212842065762 80.738763345138 60.10683946813845 59.79304239393392 107.6346332173378 27.486506567814082 37.09012622053715 25.53267662547933 54.404526189622 89.84171653662679 33.283496438885145 49.40284717485316 48.95186951485658 28.180342859752677 46.443279300485976 55.19086566314789 44.19762485285394 95.17880831649414 100.72516053176949 62.000884507864136 73.9785307832275 38.446563770241696 82.51156537712528 36.12338019718402 57.65442535576508 64.49510885310171 56.90452784629432 98.52983238707476 75.36190949033025 33.45506991490003 67.83717803465656 51.67035022732756 32.41668014131844 57.64652371632174 35.53386740847573 38.528475080689994 38.47850787431048 77.65119719768923 38.12141660509438 34.87670929920608 26.862877988367764 48.134490209148844 57.54298347931555 50.06798781985413 76.18076133254978 28.845094649258638 94.232436595581 40.139189630436746 56.2246992598326 66.76608337087205 58.38426858762497 79.70295243580958 70.69940401105637 77.71104837343317 97.33634758565906 123.71126985949387 55.952591343730454 42.498224920712076 53.63137818534498 79.63271495841809 110.45919073109533 38.92957638226366 14.34357517777973 35.92791118303635 69.07055723350062 103.17712620757726 38.82152708441047 14.050419097651728 35.8129609726377 69.01139511376802 103.13790633152954 55.726924374887325 42.203411958818066 53.40023702041951 79.47868958739383 110.34925615448849
43.92268737596059 21.210715325760145 16.563731873837693 59.34841899558363 47.051073741715825 0.0 20.53569393948775 57.3655835730927 39.48281075912146 17.484348707249165 28.3345806317183 2.0023722896949314 30.688659392427592 20.637376169252846 26.2144319694448 33.01158028312429 25.474209524019255 63.32273943961295 58.46457907090652 31.598119327045428 1.2477283387790694 40.07480562644818 66.55824737508733 3.785161407735476 44.072991576986645 11.903516620429235 56.465689433824494 56.47164156315334 14.618074660655108 20.63009256066282 45.206613111736296 22.975868748625842 9.78440844733316 51.190295032597106 43.77912221227085 21.80192634134561 23.678156805407216 5.570247051970115 7.355634382434733 53.54030247959568 21.877282172822937 13.238008465841625 69.78843957934184 22.33373476943401 25.849670816931578 33.081796225550264 42.814568440878894 33.67955271427879 47.96530256082162 45.53108487650863 34.80364118250529 14.552682126076533 31.842596952647487 61.40133681879416 48.88750563010583 67.51936102624738 23.726935203772566 48.105178496571114 43.680621638084375 17.633478701605377 27.971326235025888 4.592118055022743 21.74554074399139 21.800509050625823 33.0755442096855 15.723605053667717 48.55549601696653 55.618810969354286 30.951618066990854 27.14375430526566 10.228681482508405 35.700537977059994 62.84602248438612 15.10555895847467 52.82085908921985 10.434142314179393 52.14534029221972 29.253629814738872 14.205346077346574 22.552385280944776 10.976732739379226 37.6429330216384 11.77612321968677 15.69033889007486 40.90309846364894 63.56449335553854 53.91136239982374 9.578608647756937 12.236666074612309 48.584552378325256 24.77291926104124 29.94539712091988 63.067243725341214 30.149638115151536 31.279711927434885 50.401860019555016 35.764489162463775 9.33057588152364 26.418956052750534 51.003726935288284 107.03631966547692 82.813597646436 68.22153048199925 69.60624632825562 86.2012115622037 91.94090334045939 62.30607411082461 41.30119655063494 43.86747774749348 67.36280259369977 83.88065189839344 49.7785336968853 17.739592100000966 23.373829286989725 56.32788581151741 84.88437422077855 51.43674942996359 21.931032712745615 26.665520785335485 57.75793106253949 94.66414150103301 66.22346685227484 46.95327960997342 49.17812928089402 70.90261886671948
64.39937623234434 40.48882283149524 21.608175035606823 79.88378263637435 27.095550688959012 20.53569393948775 0.0 58.960726866327775 47.351609879998804 29.598786017800997 28.435809460153305 20.40101479546709 13.063664253568994 5.690410722290847 36.705892733501905 53.54726967091688 30.723793729804417 83.74690572407809 48.6493179440472 52.05935650417366 20.87587566067572 60.60457953940352 53.85288720998639 18.65006146798837 50.8607896408261 16.454841645324038 76.89169329162527 76.57151183335748 20.382809231493074 37.7725770597498 41.55730771263366 8.639325530922667 22.329329004165434 37.753164570173645 40.188955939950404 30.238157806950134 44.140410452919035 16.719848711116043 13.180743859120701 41.01405294502173 34.33111605802278 32.884527913950954 64.54680914963535 26.962435511428538 23.92387332092914 52.942441912253166 46.194882266058364 53.58266850902617 36.46208118417106 46.41706077772271 55.184751237363805 34.59140912885085 42.62630090951563 81.90115188511776 36.82039351682448 54.078245403725596 4.327314842968997 48.92502015500482 62.7461788123047 13.83911581978283 34.14972575184541 23.310380670945175 11.94006832642968 28.68812112508716 34.079499631682644 23.650844704389836 69.0905215849439 75.81922721612898 43.467875068042396 47.012381071599286 14.216494187587818 55.51333674187821 50.4769572452274 33.40075995539434 56.84422534872264 29.933603035904895 72.66062715420719 49.664174198595425 6.4323620818842056 42.594568452842275 27.613114811730462 30.333245884890317 30.586183717381655 9.292344347749829 36.02295757386924 51.89725655086001 64.09348808854111 13.051134305711049 8.42828486562665 36.32792625447661 31.52078811649102 40.296845791209584 56.39005484286667 50.54061795212429 22.886256892278887 70.11569647182768 33.32205040077261 29.403499920883934 43.993199304883966 52.69748258236411 96.31049402558537 77.77334954752648 72.22484966482527 82.33417448474223 103.61542373219648 77.26578269664881 52.66250863228499 44.40151730914141 59.70314855811724 86.9037021078096 65.26355925535314 32.83868976448295 17.0960898044077 43.60071547776999 76.84151128190548 64.3723693693258 31.046903300469996 13.374231464434287 42.29280702896628 76.11402355597477 74.9894465165834 49.29440486837611 40.389139623438155 56.8106489462456 84.9614033155588
78.63057456410517 53.02259764240918 41.481344373315835 86.83306528653802 63.34377720166964 57.3655835730927 58.960726866327775 0.0 21.791261109539033 41.05462777123717 30.925473902001567 55.36346555365794 52.60160862574682 53.325530094916985 33.56454282183174 69.01703557964431 31.901471437982455 84.60678150821164 32.029567149352424 71.02266427937646 56.194007942045836 74.11113282101704 43.05874897360871 54.080065915542356 17.3987235338194 47.56121392061328 79.67053844528046 74.6520335191112 43.47664510015931 46.48054981842054 19.81928920424194 50.9058545344517 47.59803281136901 41.51230447173324 20.72242732747226 35.81452931096327 66.58554744452539 53.4591312484578 57.179630661270046 39.15532023816747 38.376813305894096 53.99604033777817 22.79656766474936 35.2610153364712 35.18041180723235 59.43910951237146 14.635195676661052 60.008875465601946 36.46208118417114 12.563906439223267 65.46050926032115 55.70457544168081 30.57023493031606 85.36372771777063 37.81749314093035 45.848330472951076 62.77847734363556 10.035971809738783 88.6758006936645 45.960965954867 29.51793138219837 53.820038910285355 47.05321934884922 35.57057760214104 89.05403054700719 41.695168144403695 78.443410111922 75.33915072133566 33.98210970115502 73.14509938781707 50.6179140065423 79.29220032207759 40.64649530006807 50.10121316442727 7.5417925682402895 64.21960254506682 79.34426230108488 63.245942943323605 58.63345825279194 57.25323473403016 48.78218481948237 31.531839768953112 66.20480794903222 64.38791828758028 25.11075256443394 38.719147793273635 25.607037530830954 52.45617381440066 56.31166192099858 38.32180895092518 32.669094142660306 31.01180810306178 23.981331546494633 63.3605801547978 37.588699270728014 66.93177028788456 25.81291415165117 62.23496531440309 47.206692077620936 6.430608732852703 64.58999266564383 31.491549699935778 14.367299890704533 42.614222549657626 76.29138663399202 64.99727626793761 32.311171704086995 16.069466221356556 43.21219394487614 76.62381940031727 76.63266570889277 51.737789182515 43.31108834390663 58.904329943180265 86.36207481579639 95.47529326944023 76.74623891747275 71.12801288402989 81.38279125376914 102.86825882032012 118.12433790931429 103.3604701217242 99.03573244163398 106.43038925784066 123.45623172961216
56.964033843188105 31.456545680709752 26.247271565014504 65.99684565063538 60.88597373047922 39.48281075912146 47.351609879998804 21.791261109539033 0.0 22.032399389747816 20.699328587508372 37.56137442520877 45.8042367403057 42.39567125666326 13.413981858993267 47.226478514492904 16.627818457335586 64.63160255441197 42.84445124744953 49.25541454249309 38.239735182746436 52.41034268393945 54.424050162102574 36.84681216649767 4.865472687598403 32.37647069800275 59.18837752339275 54.76973357691012 27.94238880067638 25.135339515875895 24.474831206826984 41.07940960066319 29.979963297784238 46.15975116957719 24.002170200235334 18.16886851632639 45.086139195803476 36.87809761566035 41.387775230673014 45.53717360327048 18.168835740751838 33.39904183954183 42.1525643594045 20.40557976945897 25.07376918904845 37.76879905054992 10.036516366514329 38.35915656756307 40.59746062482734 15.760958863938571 43.74998205696915 34.86582036685898 8.992785586580457 64.97821251770131 42.1525643594045 56.785457200171 51.630522071399625 16.936483508726997 66.93468860770737 33.53099862985525 13.205306534923299 35.29934497943549 36.7529414167081 19.077560099118426 72.46503770526493 25.149842083479538 57.11073247573623 55.22043817294452 12.211165390369114 51.685992271832774 35.456812199157454 57.571285106969846 51.063245162949876 29.408883558551285 15.054468991474486 44.48791554613772 58.31739778013404 41.45600942681899 44.890259515595986 35.61432372433556 29.405752770335223 30.019057870668913 46.48158235102449 50.12210285382203 25.946193922167204 50.044830217844016 17.06682743980649 37.30855793442562 42.13619304740239 42.39030833999844 16.019065459973536 10.015250387631779 39.72665957011578 41.569887492331844 32.04088625160891 46.87408077295995 21.656644173094257 42.49417590272445 25.42077735818046 17.008775275017594 84.26378384735503 52.74992219761223 29.31830465065322 36.488509914169455 64.79274184883216 79.5913002563828 44.98864361800206 10.39400999438614 24.226994118737284 58.82782891952932 84.60062244654405 53.281439190490595 30.25552483820507 37.23869468333948 65.21412851206107 97.81517748165541 72.30012899270272 57.28525580550731 61.0793302843461 81.08366554326165 116.47432364381314 95.85943705152383 84.89116848162418 87.28519069134768 102.10589480934932
45.343896456831196 16.653582371470876 9.322407746849901 58.40919711818641 50.665701924266955 17.484348707249165 29.598786017800997 41.05462777123717 22.032399389747816 0.0 16.629961474292934 15.599616849660476 33.44551216799563 26.116110931950793 8.735789952013196 34.02100154073161 10.577528574186184 60.00880414887921 49.029647271247185 34.56544738086661 16.237615102995512 40.76966927786353 59.035929412945386 15.131213555810037 26.69358435133555 13.14401340138633 53.43782120141401 51.35102086167163 9.63462469263565 10.687776526028495 32.56472424549726 26.333089268824526 8.390069399138891 45.73527178691772 31.28147514129468 5.678699156733023 28.09800003825248 15.580271897482334 20.391343570557122 46.949952573995866 4.860147158094653 13.781595693333847 56.381941201555605 9.578734829198734 17.117124420257795 28.459052302241524 26.43516603066235 29.170192072092178 41.12768828655642 30.11792673008064 32.93170083189507 15.85022566721139 14.505297300591629 59.067639460929875 42.433678847478326 60.63838683545524 33.855235004074444 32.54626423019343 50.931918960398626 17.637713673114188 11.763115518977704 13.272535625027402 22.578861999902767 7.1227409951523 50.542397042597216 6.490784438029956 47.914883472372736 51.04727392135746 14.27660198123221 34.13568225803231 15.651313816592374 41.663014118706606 55.271767854337604 10.505370101661757 35.851365147482625 23.16497593285849 50.53697194268509 28.428890656958707 25.34867464495575 20.689055079722195 7.7275801067101915 29.133635684037106 25.150844411329935 29.759953945829782 29.7907912595797 55.30395583249812 36.72171940973718 17.25250711244212 22.46902035556343 42.34542246443996 8.943499343519898 12.498743834579125 50.936473146071194 28.99697396349268 25.614691952485384 43.962019538486786 23.84406853785371 21.18105717885226 16.244393811555813 34.89474456080365 96.28184039944463 68.8458322224519 51.030493352168534 53.50963187873105 74.27824022131395 85.21234413577444 52.43242330517213 25.140005831308592 30.161668255206315 59.852134714184906 82.69788884971278 48.27872736282413 14.750721745705548 22.342462911527917 56.35282678422546 89.46288967558209 59.03221265667334 36.88938614426428 40.39409197476486 65.55432632691814 103.70670364454493 78.80985106960837 63.73133548704474 65.62889511850744 83.35105806149697
61.89653105258712 33.17922089766458 11.780452842182635 74.4838989033942 40.422043143511075 28.3345806317183 28.435809460153305 30.925473902001567 20.699328587508372 16.629961474292934 0.0 26.39882468593614 25.13288430221962 22.972137010233357 15.958027962760495 50.62372592091548 7.1405625765314005 75.39849939633797 32.416847977921016 51.18676129228213 27.323126346741127 57.29610347858118 42.46986017946498 24.672144736990195 23.242945974084158 17.19154600416486 69.04140308720984 66.2563613251129 13.717881758059528 26.78819850268636 16.94350922868901 21.066247991779036 19.287629621589357 29.90136655565626 15.538256850753934 11.53465465369864 44.54707884134412 23.576189657098027 26.687503310870902 30.689568246252794 17.82656255785829 29.98168946148135 41.488519982188436 7.126189189775225 4.612236986771906 44.38164001940143 17.768542612096283 45.088465795107936 24.92746962089136 18.400978125083512 49.261946635340536 32.15542096143575 19.819635953394585 74.77985416798703 26.325856483775212 44.15664246700763 32.48567643293535 20.99266870938105 67.30771351437112 15.054822289200164 9.325326297357357 25.84440707691074 16.8515571560192 9.579871119814555 58.412853558814646 13.26369940182796 64.18115537597257 66.17774112215417 22.618146210865895 50.34870639572849 20.08304212855965 58.13065414987163 38.71672468232693 27.065043769641044 28.408843959607797 37.15375255628673 66.56991352331883 44.97505712818935 27.708131959965616 37.29469680285029 22.915015130244157 12.81889769710242 38.986567319100956 33.46608289061634 13.311130126957977 38.68605891592163 37.72816236062876 21.849537536921915 25.412175921627504 26.318344128911246 9.268141398597713 17.746977280692356 35.129306933743045 45.503908655643016 11.770380590613438 58.538783375517234 7.586286030555474 35.33895289200066 31.322360996721926 24.53911661389509 80.066353603882 54.479520682058926 43.82045309905661 57.159975402288026 83.72042885579084 68.6605963046055 35.87831612137722 15.971197884712874 40.22131608308613 73.31629344414733 67.90832409806026 34.43051085582656 12.418984252210278 38.959642683517 72.6383358996204 78.11796105820213 51.60080947258154 40.22056603289383 54.47537995791911 81.92840048764316 95.84789188602014 75.62221422737449 68.15704883526816 77.2451321690024 98.40223928896454
44.37925151326425 20.559653467948774 14.61993993105013 59.62648787089798 46.50700043459686 2.0023722896949314 20.40101479546709 55.36346555365794 37.56137442520877 15.599616849660476 26.39882468593614 0.0 29.8814458777319 19.95585695205302 24.33537600935694 33.30455450557156 23.471868212875528 63.34655722323708 56.7611304343572 32.10511484941908 0.9461707307680788 40.41387819436449 65.01217989285999 2.2233302900593124 42.1303942885333 10.22101348968078 56.491824977811206 56.25754501637078 12.692862627140332 19.397936056584356 43.2933892576833 22.08600312109429 7.788046904281696 49.75983557693416 41.86904288771923 19.819719467819063 24.216389846292778 4.313266169133363 7.417805739674563 52.02858560574583 20.075427101081324 12.68130660511419 67.8706879782714 20.341600721625763 24.01233679337915 32.721457100472854 40.81454406940403 33.341043228920526 46.411522469954576 43.53339937706643 34.7837376500275 14.238325369743476 30.018435275497787 61.52945208211582 47.36714702746439 66.0260485308476 23.84406853785371 46.10631978579595 44.80317202591434 16.19324699418966 25.97638719317755 3.283246782652201 20.53592959050431 19.799362680994513 34.9430360070465 13.724634334543744 48.8088300122389 55.46359436871038 29.240031836629544 28.080150638390535 8.89393202981965 36.61511418618349 61.28707401119394 14.062265414537464 50.83473585547193 11.776533010969304 52.31042538219934 29.26607568617905 14.247864562502057 22.26666603982941 9.42809486090562 35.91919046561878 13.284994060649401 16.447454718778875 39.04933570716519 61.95576076952373 52.13962712742492 8.558509334108157 11.982710112975939 47.07944572076634 22.7766553851176 28.085549867805117 61.20771937659202 30.14022515314656 29.69097409739051 50.002698384898096 33.855235004074444 10.434322990142476 25.335410433009418 49.00135759457494 105.30085379437347 80.87719457264808 66.24759043212168 68.05246299683883 85.25434914047902 90.50230907571701 60.581702749842435 39.29942807216708 42.586088864633695 66.91436663348344 82.94491742089177 48.69679717632722 16.054581216806433 23.2158113025707 56.701419774080485 84.59266483847814 51.42860282605972 22.994149602585804 28.41492788194867 58.999430678544044 94.96752607239146 67.01265857271412 48.55279042738636 51.17481956116001 72.63031395614175
74.10421157471907 47.73613333629607 24.141972576759652 88.98900380486712 17.31604812332775 30.688659392427592 13.063664253568994 52.60160862574682 45.8042367403057 33.44551216799563 25.13288430221962 29.8814458777319 0.0 10.135060824580599 38.2009450246581 62.846181637777875 30.169077128753955 91.94055508918419 36.89345525624572 61.91196180268534 30.61183479745248 69.98598408369054 41.08073515746385 27.74095732506758 48.29011942116124 21.921252916989108 85.15489382115003 83.96053326085253 23.97354620514274 43.45652098330135 33.44844996112616 7.8495659993193945 28.584677761145564 25.035340141767314 32.263144020794 31.771094850421314 54.06290791017826 25.60703753083237 23.88000195456724 28.49160990040555 37.43740628299755 41.024296932579794 54.29032890426502 27.092867306824246 20.74871781012461 60.37781640746833 41.917697288898665 61.06485103010996 24.494569595513603 40.57056541984547 63.59383076523398 43.04798590785063 43.487262580073896 90.4827109604823 24.59995570306026 41.16334246867932 14.169484108002695 42.80884444440858 74.21403884595209 15.970311256375993 33.41084088641547 32.06390105023805 10.886025403392232 29.69301818162254 46.55976337016922 26.959363090402437 78.169408413876 83.44021843067839 45.37091348362002 57.83179091546116 21.422005070819466 66.38902653977267 37.8238739607267 40.382587406328405 52.07849706297288 40.933563792604005 81.43270247611127 58.274673474847184 18.41445879689909 50.66585097402469 34.40830720350793 21.431140021319337 41.93313649337074 22.350015234517315 27.813817990614478 39.41650228530829 62.854491232414176 21.33919794236055 19.008426660885576 24.053246039745773 31.710180681941242 41.17392400539081 45.733161562128316 59.07358619689345 15.076689873822588 76.91638942632932 27.138920396355 40.00967327708368 49.477343893920285 46.8069741894357 83.70903160322409 67.29117859438205 66.66164989633924 82.1840648961904 107.04876263938992 64.20215558075094 40.85711748562779 40.14373390573849 62.837590256239174 93.16884769372344 53.2569605173944 19.886999831349517 18.695846247097016 51.94641043768997 86.26805569651346 56.12874944657392 26.584615257889975 25.649442807565407 54.807781913023035 88.00419816063949 71.16387334846958 51.01992994785794 50.36446578719821 69.74908857055291 97.91884945218284
64.31895836569439 38.789440947818825 17.3943736211257 79.42629438087032 26.588068302406857 20.637376169252846 5.690410722290847 53.325530094916985 42.39567125666326 26.116110931950793 22.972137010233357 19.95585695205302 10.135060824580599 0.0 32.47657975641448 53.164740801141015 25.820358676501677 82.73933084165242 43.57248624590268 52.05972702951304 20.637376169252846 60.29488211464841 49.42685214897011 17.88151133492047 45.71017639995741 13.30424480752814 75.91263542322187 75.09940837424027 16.53263215621681 35.235409110769844 35.878494244198016 3.2946506510553824 19.82412141936338 33.37456675851881 34.50618397512808 25.916946410286645 44.17149789479533 15.761045247136371 13.744996874385427 36.42638100494106 30.63493759185578 31.646179124142567 59.01721763960636 22.158274289476886 18.407898730814647 51.42058537555143 40.73855071752568 52.08966454895572 31.575706014888755 40.79575225384222 54.237613921001824 33.567545641511146 38.266489330791934 81.12054777014643 32.06654543961244 49.855001278714056 9.51924836406945 43.289904323876804 64.08366572860488 9.02179398061962 29.254355623112307 22.36759857812723 6.27369108812245 24.170505528616037 39.219739300959624 19.802716071261624 68.59843959091751 74.47217817783522 39.4495032240595 47.759334646669906 11.985436000094348 56.31724083696117 45.940456907664405 31.487747388397324 51.36213908699106 30.81503808021694 71.98100438359697 48.82131091196848 8.7027067325909 41.386338111518064 25.51678548513493 24.757378518163677 31.798484371860688 13.650753490705291 30.35966199605869 47.20659840401195 59.296220698115775 11.535008796684842 8.896108343076289 31.6126553897447 26.823591436595997 35.91788273700281 50.95249003618508 49.65277223606546 17.287529739371294 68.31684820443252 27.646118814298834 29.933625749905403 41.41860169324766 47.08716178459751 91.60987248618254 72.2625110198863 66.67938183785395 77.87924709275897 100.39413326427892 73.53652089846017 47.58707433898189 38.93924505871829 56.239002399232746 84.87762602139294 63.389633765920074 29.797876849862263 12.346398454551785 42.56531380255427 76.59001643594986 64.99481037542131 33.0469488773306 18.83413372034302 44.85751513922717 77.87500911339899 77.62633094940936 53.63841945761604 46.07739461095259 61.35133261501647 88.31567924080049
48.109950267675664 20.188664599491357 15.131519194444959 59.501050059719944 54.85050270941914 26.2144319694448 36.705892733501905 33.56454282183174 13.413981858993267 8.735789952013196 15.958027962760495 24.33537600935694 38.2009450246581 32.47657975641448 0.0 37.35145460510143 8.89393202981965 59.82982759335009 46.48753613631895 38.695731137893766 24.967072656368657 43.45824579103621 57.32335424040342 23.814088170612393 18.17860696499235 20.59353704059466 53.6384863028771 50.506569994071114 16.35939381255917 13.395906752338565 28.615594435009818 31.97584401816831 16.987047171752423 45.735271786917735 27.548652168489753 6.5698028668714885 33.3826159140986 24.105985994615914 28.82365211930235 46.23919230525502 4.860147158094732 20.450135966389432 50.936473146071194 11.159775168279817 18.648309908704555 29.577390189903586 19.25145159250982 30.262051401623907 40.588144001520696 23.82071277503782 34.99939670752999 22.141272921853762 6.006098440042806 59.42971583554684 42.042091613499245 59.25248872913348 41.030158195696444 25.99413890500257 55.970524167008286 23.492733281604824 7.140435544451648 21.937130169975784 27.800572811246816 8.519124782739162 59.277943970545216 13.158918200483118 49.57054430580749 50.517972869005746 7.171483260027229 39.839711750708275 23.471868212875528 46.55714135343427 53.64703458145022 16.537244988108338 27.771270881608423 31.167683580370824 51.58975361547307 31.498146847249824 33.19688020523348 24.525934677773265 15.992531581653825 28.562375751168872 33.16462711806089 37.99176511517237 27.289596205708996 53.26692046158898 28.168414932689046 25.22688342827207 30.338338630083957 42.0842216786809 6.87190727723663 3.810525817354535 46.52410328092061 31.84183707589392 27.275202740290695 42.71895223017848 21.421623489575612 29.17042405727333 16.244393811555838 27.721821730786232 92.02935301011414 62.81970634463164 42.63861409655301 45.65752442569298 68.89114514192036 83.41438051237427 49.48494733958142 18.286947293596153 24.797503113847913 57.36088537740794 83.86524732600468 50.23432955621918 20.210043622538553 26.234589780168196 57.990614577504054 93.25052277859552 64.57936802403289 45.1679910466948 48.006436252666674 70.4549948105128 109.2918324168491 85.96328405083968 72.31475055807111 73.91830264253538 89.9620095173997
11.447704741453279 17.49477515831828 41.63374588968775 26.338060813137883 79.75272787590067 33.01158028312429 53.54726967091688 69.01703557964431 47.226478514492904 34.02100154073161 50.62372592091548 33.30455450557156 62.846181637777875 53.164740801141015 37.35145460510143 0.0 44.08828502913553 30.809740619247087 82.93618007154421 3.7783962582297685 32.72989017312294 7.139845315872109 93.05671248030528 35.29982380376692 51.736414008254066 41.26047001020853 24.033569517109555 25.665617713312212 40.7157946461545 24.181042328715545 65.74649330287218 54.99694909673143 34.87617190246246 79.44283240887673 64.58416640832465 39.22345940214358 9.868697668873516 37.40856516352957 40.36679758525888 80.87174206466281 33.498843297000036 22.05922729296815 88.16775406100531 43.59921029477495 50.904111543503 10.781127421132929 55.85213667954003 10.518934256711685 75.04289571506425 60.928500453349216 5.565711291831227 19.9165847462028 38.63161517917359 28.559824775397395 76.30275474560139 94.63823668582516 56.61582889084182 62.90095915574091 20.317119929053142 47.65754207127038 43.98463489872705 30.812307484093427 52.65142790076287 41.050484478464135 52.45463631609142 38.91039587829258 15.549568890998533 24.364911315985438 35.070312799984734 11.63902849463383 41.424192109172786 11.680576363561297 89.29180150455947 23.87148408361472 62.05936299089124 24.71611486755835 19.26196757764583 5.862241242338225 47.19419164854601 13.332153342693667 29.26912987988916 63.12768645089444 25.00013085517546 47.64905306364853 63.609904522344806 89.30976443599735 52.39657553488869 41.63374588968777 45.21052211824435 76.17733267175201 42.09652107789395 38.693348658986196 83.84777339023235 5.656702133834174 58.97640337532177 22.12923489738772 57.61813108874322 24.590393857370554 21.84948887971053 63.94924721967981 129.36490918816708 99.65506573632017 74.3086314029838 59.221629953624344 62.349165097566924 119.22973953099424 86.22503495621659 55.214298202377414 32.51641136037226 38.22108709711911 115.19057994122517 80.6015150809327 46.0346936490555 11.689143050907358 23.429327157459472 117.87599766794604 84.3607069443549 52.28335541675656 27.298570643658344 33.9369561546668 126.85952162075193 96.4110724011061 69.94034565973561 53.69366290918986 57.17663280928062
55.242184460705374 26.59351289374846 10.00697604590079 67.50590993241597 46.388623239918616 25.474209524019255 30.723793729804417 31.901471437982455 16.627818457335586 10.577528574186184 7.1405625765314005 23.471868212875528 30.169077128753955 25.820358676501677 8.89393202981965 44.08828502913553 0.0 68.28824433743466 38.868211924406666 44.8956824071751 24.314357918252455 50.615155707950535 49.28198247602217 22.18980855773085 20.31795650458215 16.261327856924986 61.96130757544608 59.11988169813356 11.903405792656233 20.009049866578 21.998830972733447 24.702177458581406 15.733766967578209 37.03597993089822 20.73203462183797 4.946303975253411 38.636742359438955 21.676757072452073 25.724058476657486 37.74639030857593 10.832851280708793 24.35118411879464 45.874320374993616 3.8197922736482037 9.897008038241056 37.4095436271579 17.4272151776451 38.11290214705047 32.01495976812768 20.166163597784074 42.43884164219139 26.427715121996222 13.40732685039643 67.71319909415693 33.43141010969857 51.06495756269876 35.004659485890144 22.705917868758544 61.47771300949452 16.908247675683185 3.4350121493302956 22.105749243158083 20.385515492585217 3.7851292801510774 57.485314332215765 9.800028996845628 57.292922039069175 59.05148463699507 15.79656326274313 44.71249754679804 19.388499642314443 52.17850454409173 45.55277408037611 21.032109099503575 27.761179347047555 32.989957715572935 59.58677500587384 38.3525548981931 28.482435512127868 30.816410193678525 17.837056943716675 19.9165847462028 34.92708112005847 33.90607622086944 19.52794063743463 45.379510328260274 33.47714638113381 21.264801070013156 25.810045278873137 33.43731301890979 2.1339197942352057 11.159098246541186 40.36353199086083 38.831683026977984 18.411472275846933 51.39826560248743 13.533813003888595 31.06043458091498 24.256623095492134 25.52985776376414 85.74518017971575 58.46274802234791 43.3401412342246 52.2844215062117 77.35484196950647 75.46378220691761 42.138633754938205 15.855484690985044 33.495943712644255 66.23752717257751 75.01913176292221 41.344489372458575 13.627717083753947 32.510209855483666 65.74925107740809 84.5665587924811 56.73626484723718 41.00398097008291 50.38324112473721 76.09492322787426 101.31926530685931 79.40081054868925 68.83418987546938 74.60941270256512 93.75364003099422
