0.0 47.62575810869024 12.196072895247887 21.56571632945479 58.73962566160763 26.857817397025737 13.453169242862918 29.858709834975986 63.106059642753735 57.32147584622976 15.95672622321878 40.43299114317862 4.661496062372759 52.584584391720306 55.876604834544416 60.70229453893562 36.35578498130804 37.167517576288354 36.935945037391555 51.00070425777312 29.163570521225328 29.9132434730452 32.52721178187864 51.47127379400418 49.144697330220225 53.71118291497671 52.5489626645367 65.14814208411963 70.66326057201938 12.236388308596876 38.595262686182984 33.31588745733546 19.343090515517876 51.95877879151955 22.07856048189608 42.36763662762404 25.637876151228237 10.436311767675496 16.416735711865158 54.19651289853037 30.19641777081535 35.65211962770937 22.588828499908942 49.140045531204805 35.08836725219911 21.927968238867724 34.23506104321094 76.5503591802351 14.833773669809549 53.80981207126605 13.745173046907572 43.15654211196354 12.864665175413556 14.079316778700791 46.369254634149385 24.384371286610467 59.314231240816135 62.54354489677955 55.377818241376254 52.43556815674268 52.72201234496376 21.996103076309385 12.064844339934712 51.874464133892275 51.799954719070314 59.26420369276479 33.57861507387185 17.36176184673038 30.306166680485124 58.33020772261886 43.92517433038974 47.751764417062965 36.89673994785909 35.90551093052781 43.139313181777496 25.878543682323073 43.664246249654944 67.63743628518696 60.41499736638282 16.090370460671643 28.421897969624435 25.670547574683038 18.628139268311273 46.733335479578066 2.0061031620460605 28.59955391885397 32.869707426251445 15.269181839640265 19.859981688990583 47.44564451120979 34.13798382111602 16.1112265361297 48.93241329405896 26.677294202613922 42.26080954824686 18.027859809472318 31.213638283926684 40.91398645172983 22.753183774630607 42.338486466391274 99.3409123009488 76.56957782004875 65.20701749377571 70.96324053184586 90.63321342610078 83.45569269642839 54.642567900175315 37.437885548531774 47.03411301088469 73.60467215902236 75.17483846989361 41.03998795487391 10.590451847068485 30.57593033689425 64.43966285020161 76.99287661348754 44.25365579983429 19.588683153245668 34.69718169263923 66.47495604207124 88.28803405217661 61.709892450311465 47.077129925754264 54.947365404759964 78.84783595332728
47.62575810869024 0.0 59.783662940915065 32.245567955368294 89.57752319835035 33.75208372868707 38.68953909166642 20.003177020166152 19.30827895268588 67.33360380696445 36.275729714068156 61.05867295999396 44.76430459361777 54.542588019098915 8.477530581987546 64.1244032192653 79.44145141737394 14.482224695627611 76.31704785058778 3.395654226841271 25.017377846274332 37.85923320134514 44.809701002521116 10.724932533923168 94.79001355662199 6.529365538495015 15.922668123944895 87.79657943126908 101.13943010908915 36.13442387138505 82.95528797781508 51.03577946654895 29.573520686016977 24.63951685379929 45.52787017269526 7.351211508241025 42.899684110073494 37.34637187731047 60.152993290379165 79.53780974396965 74.48495040957522 74.8982903475862 33.437175227373785 74.08692668615598 15.547003137246092 41.2604645351641 80.40357867550468 111.19270330669609 32.8467876436757 14.02449707948489 60.9737816206988 48.54062329789926 59.84029800280278 35.0580964320777 86.21336218253258 30.430026615141085 80.9179871864232 71.15152011533269 9.430579159288458 58.38590413072768 6.664405580874899 44.81663016061465 57.84742780285563 77.15447665976589 9.834885497899647 62.23496600098899 79.91167587816567 32.320973255434566 17.324155509992256 11.208773176366766 14.231496035787284 45.84816150431491 44.751963467429405 59.981058499270276 89.68098163337203 30.091220128524206 6.94708639486635 99.12705052563243 91.68019532945225 36.69237011589648 70.81623393439538 48.512681544465366 36.46756533637444 10.881262016513725 46.17974902812125 19.57995487595932 51.59902571778297 40.31500043722988 61.957228614612305 82.62748254219228 77.45325867070348 57.557254006506426 79.483164459441 23.396023394175025 25.970269137662136 63.829809469870966 19.156672564275844 64.2159295954936 25.799378950705584 15.469078000092997 125.22078668217331 93.50229248198174 64.8068649730747 45.29899075807616 47.946690692345236 118.35162907999252 84.17203185703539 50.57275385744737 20.618573264265798 26.220170465229387 117.9227567191339 83.5735092005718 49.57961177168197 18.071965647517175 24.287971445976293 124.00103456423739 91.87755961005455 62.46229986786314 41.90960998426658 44.78968043313874 135.7146409155288 107.0313534139094 82.99230727412382 68.66222485499405 70.25699098011972
12.196072895247887 59.783662940915065 0.0 32.74393051100374 53.808504859672354 37.17700689563714 23.520168874865224 41.57638642107004 75.22586532855883 59.774909749780164 27.058533924555967 41.72421883271714 15.847763232687893 57.752637867627854 67.99272198527802 64.64352787020681 26.978645620727903 49.26037464791737 29.858160616477026 63.15117717393693 40.77893222098666 37.86016871046136 38.46348049336192 63.60345036693453 37.746661865283095 65.81612034162436 64.51635761313679 62.848173508228655 65.17685459059311 24.291586418240765 28.241449773035235 37.23153921746743 31.016733210984622 63.35513384357798 27.66370025697315 54.36868916399186 32.14364505392697 22.620551846749066 12.970592204418383 51.824859076239974 20.48236026809424 28.82082549464174 32.42677424000529 47.4692852663193 47.19994205482436 29.249792937236172 22.839938944438984 69.23628211579654 26.944163366156932 65.87779147780444 2.845456717898209 48.78275415194377 3.4443620076904393 25.512062630500388 38.16709347312017 35.58723490589897 57.842346872362505 64.90542001263641 67.57262143441964 56.58038217318403 64.91804206616862 27.888986238974 8.465500377236255 49.76404808920294 63.95530308904062 63.458388474345966 22.08637360249508 28.716812114142844 42.45950814261576 70.4102409559895 55.90528902790941 54.46109945018893 43.06297512686889 36.74368951506941 31.354486628498826 36.99320792014977 55.853953064677334 61.91213625379633 55.196124474818376 27.03687441914576 20.47253938705207 30.002468687677077 28.21108919918893 58.832392597508736 13.617519298094948 40.78987486861082 36.53625918647242 24.062874503920593 16.636730239620412 41.508890799160575 24.78829712251242 13.34769401841609 47.114637710747694 38.69832053361604 53.35162889443562 10.755663567243829 43.28565199870008 41.08645341540497 34.89222875747047 54.270366070576266 94.41654213549442 75.43727995829107 69.72691258762441 80.17269375597989 101.92270925217086 75.83980968548349 50.56698734956177 41.918780895765636 57.89791602404277 85.6853177242027 64.68325580832062 31.68064741302316 14.773424775829005 42.75155622066756 76.36745288077152 64.89463397193977 32.10610286851819 15.656961881923253 43.06192471648727 76.53998011554386 76.37961100920269 51.365688133109174 42.870056843340166 58.58385910203775 86.14588926605163
21.56571632945479 32.245567955368294 32.74393051100374 0.0 77.99120054228652 6.551417051949558 22.589614785104988 22.42145405045295 43.94001169041037 68.88134199785603 5.690452784629573 54.9601579198262 17.116789168261676 60.26611671058148 40.660343552429445 69.76570290604428 57.89265461291889 18.650417197486675 57.90398576430206 35.526572857305744 8.417981443808767 35.97818323476392 41.82712342467493 32.69192901439836 70.42215019213778 38.77480845823406 32.552852201172534 81.95297480111597 90.08053729147892 10.502614067412381 60.14617747605707 45.55231275140455 17.67408335940014 30.61123392477456 34.74716358417352 29.689989287969563 35.74845994778036 12.972844797993327 29.126717199719902 71.49958614188047 51.76210849996443 56.5590445796062 26.57372313006679 66.04796761536055 16.991595916503442 31.912810363114556 55.48545042808322 97.09441908390464 13.594674841672912 34.3836159451756 34.85962017738316 51.14102052490243 34.194093534103665 18.273016744349924 67.58565702015787 2.8452263923140793 75.51289944591016 73.88717011909633 37.84451972089875 61.85287388547415 35.58995315662993 34.254137744674935 28.04761359535474 69.04655606343664 33.319329700041564 68.02168485207086 54.7706080520577 19.003910035035645 17.711429185767628 43.44224215290536 24.177859203790085 53.05418184239117 44.916662540141495 51.43700812997742 64.09433458286283 4.3128291877711895 26.420184785474813 87.27538766091374 79.83396660090082 5.724364404592459 49.80878367396668 38.97480143321613 25.411368582337282 27.761640060876367 21.222278180931223 13.665181652359802 45.52162559254307 25.85946955477523 30.312043490047536 67.62802431399354 55.679829015779276 36.81925022413318 48.5865130001956 8.964982675278407 20.711558876241373 33.470158465784095 13.124300044625658 56.60803914830164 8.7317654929748 22.379324983284384 117.91985401821852 91.75436926814471 72.98904682248948 68.04926159190191 79.55355065523999 104.12055325687727 73.36911146633207 48.1641620928996 40.63704701033745 58.11863519038603 96.73693014434296 62.55879494221349 29.39427672957112 14.467055448057808 44.15222974310964 97.24201285655256 63.32991115520566 30.987027296277574 17.451753658015225 45.208198174628585 105.52255791803645 75.32758728108952 51.071499240252386 44.01327206483563 60.50500520992442
58.73962566160763 89.57752319835035 53.808504859672354 77.99120054228652 0.0 84.24583536164775 56.140912056371924 70.50764474905863 108.78430270999847 35.026146382608744 73.18849676399378 29.163570521225328 63.23813349313272 46.154259065699584 95.130754576826 43.718191835435576 31.33731706891442 86.7216321541154 24.65706737924333 92.08051718739264 83.33789093833194 51.766744737499714 45.02825828185483 98.22848384683722 40.05821000054874 93.07854511233958 101.59773867441034 15.621998767279942 12.099271396979875 67.5047119719395 34.26528272698219 38.66270728547098 64.33841071911286 104.86403174606858 45.27285049072052 82.25058154687868 46.911145653788346 65.03394242619277 66.63858434488799 12.45367167702536 36.3857965819451 25.381559394059213 57.15542084800143 16.554002042734734 84.71464372124834 49.31399854434654 41.4147701249878 22.087035347855476 65.37158691715607 101.44627647730024 51.00429744318694 45.25192039911413 50.484327617582494 60.797562401765354 20.992929633908826 80.43599086264597 17.041675091554108 36.79616953899474 99.00643373888826 41.2773590619537 96.20852699857546 45.94352824698018 62.26244143833657 14.036551941056581 97.93386785120975 44.28568569867919 42.217351629768864 61.70871079043316 76.17030931087216 96.3186775108594 93.84486704401634 51.62146516809466 46.23492887511263 29.596633128456403 43.75520551833587 81.97797981118403 89.65452637058554 9.588239656408593 2.13391979423662 73.53504439983165 33.904209960227206 41.590911113729476 55.46165761648367 94.75884360916004 58.12749988816656 77.61902802679239 38.03447947905636 53.142132524132876 70.0862201983542 12.728766250949342 32.65765341372868 42.76792053426566 99.49855944364045 78.89226097007725 97.01191821083307 63.23945242963267 82.06848791688516 25.63810300964156 74.49802742627196 92.91371456716084 40.721254716222525 28.89908827257966 49.0604992482016 79.83449402299206 112.84945215037675 29.087211031208103 5.518386702886844 40.12098894228478 74.72475715107358 109.32858420624888 40.543330932601336 28.650148944428736 48.91563384344799 79.74638726722429 112.78773061611443 63.64953010132999 56.62373608173121 68.9639337702504 93.27696768659717 122.6374865391465 89.82444973847372 84.7736144291698 93.27064446567124 112.28078204076864 137.510902796445
26.857817397025737 33.75208372868707 37.17700689563714 6.551417051949558 84.24583536164775 0.0 29.11683909121305 27.48045944285427 42.61741586847106 75.36444427543887 11.131608249915008 61.506827541793456 22.229392105698363 66.52123270082855 41.861620101030375 76.08970986924868 63.143393551137244 19.332234018892247 63.65004987663511 36.81533081766888 8.81759279453907 42.33626919726085 48.306378138556454 32.0572512884211 74.90025343795587 40.186179445330175 30.84525919390256 88.45696900678342 96.32093331830555 16.784729800836832 65.1144357801064 52.09905845175922 24.01366926507396 27.035820379455593 41.289858440107324 32.56534107313834 42.284551761385984 19.24448376235637 31.48817140650491 77.96243955738575 56.875495374746244 62.33103885664352 32.9729325047891 72.52833681768318 18.24569581742087 38.45996676351764 60.01480539508763 103.05461960898555 20.143714748020848 33.14216283515561 39.52325498105597 57.480603432197896 39.01945897439446 24.824135578766285 73.19909003178947 5.168286148894665 82.03755559274181 80.34964868008176 37.86501599928144 68.23475957344745 35.95378912189128 40.800842499299996 31.396739455260327 75.51482497317734 32.882992349512435 74.3281980445212 59.25044280412278 25.492386238960297 21.775794324441282 44.70369906932605 23.178404402259464 59.13524612088766 51.30603159767497 57.95476209755895 68.31131380241261 4.346709421176369 27.248110011009533 93.47024633593163 86.0619174979414 10.867983554062677 55.278996859924106 45.518530074744966 31.944151070611195 27.236061576968705 26.817566671607917 17.44154351715781 52.071944487726654 32.39234496775198 31.91335269238304 73.6677398371056 60.919849606003694 42.59844439089044 45.76013958189864 12.438308120893236 16.650758182065008 36.2215916422552 15.11588021765897 63.129454957405045 14.122891854552341 21.294094198240177 124.30629100142943 98.30528054616282 79.186825119365 72.60805226467482 81.65816632666365 110.03942793372548 79.6949599313449 54.66911798338998 44.9550127256267 58.71974764143597 101.70730605343498 67.84693538104518 35.45258571731254 17.476088955149176 41.81853887964425 100.79313623517722 66.48149132374726 32.78983480322014 11.198662669052085 39.62952215341984 107.48640347445487 76.16458053000963 49.43263332580462 38.48314778527354 53.97356394945279
13.453169242862918 38.68953909166642 23.520168874865224 22.589614785104988 56.140912056371924 29.11683909121305 0.0 19.057280061493312 56.27857268504386 47.315878608005 18.890676482199495 32.4335381572756 14.381768421460542 40.63194309526418 46.35415972357009 49.42996220908661 40.85446408812066 31.598703022728003 38.53857426780428 41.896393023196964 27.200054840702965 16.874013016726007 20.792291299871355 44.81661336737293 56.127766647118996 44.134095737702786 47.14671307611393 59.37512882455743 68.23094000488719 12.770128894681035 44.2718922402721 23.38493848301616 9.26799467774308 49.06727937663088 12.212655755064096 32.361613914826904 14.03559125703773 10.602557093563451 29.84922260862712 49.00107186143289 35.79568598801487 37.12081678674853 9.167405768550063 43.51386426091001 29.486778394184974 10.02372998331414 41.92287366528252 76.21256743628362 9.280364068094618 47.67369183728438 23.82802661734694 31.14680863332288 22.49172336850936 4.6604752186949385 48.51565458024266 24.724342383426585 52.92346827108898 52.460692578612 47.439755311033814 41.21962671697514 44.62641609421002 11.768894484897187 25.4803092824395 46.53729193011633 44.850980048765614 47.8398394167918 41.49267731144402 6.432091793837774 22.08563391700521 48.50931098392183 38.81529332700997 34.970129244866484 24.73929660520504 28.84942539096145 51.25186095331911 26.222928743928186 36.32450009227102 65.59555736714678 58.07096404183963 19.40844760914908 32.229240104691186 16.44012656534865 5.193427729455987 40.58725668132975 11.447452928225454 22.269153978585322 23.23764312625069 3.285821326222026 33.20155197274549 46.71415019896332 38.82380268219532 18.87157237263474 61.207308153735795 22.822832699675626 40.874868511861564 31.32344096979661 26.352313427696636 34.018653457213645 18.395574855256196 37.6140605396187 95.57809450518276 69.27226500312483 53.45018007358956 57.53257602420964 78.4721183648651 83.34697141146414 51.28643555771597 26.62183185625424 34.38005266411787 63.64037037584993 79.66384730257478 45.1156890554435 10.925951652612468 24.457751915408807 58.92233045856048 85.63900550197282 54.90047006813456 32.99877479754566 39.479258314248035 66.50668921488334 99.54794439563744 74.60664153084255 60.143946315577416 63.74341682414866 83.08993735842819
29.858709834975986 20.003177020166152 41.57638642107004 22.42145405045295 70.50764474905863 27.48045944285427 19.057280061493312 0.0 38.5892112454495 52.37641515357721 23.49624947802515 42.85482275327056 28.119821972604562 41.37628880787686 27.34712807864468 51.236276680224506 59.52894106867406 17.530341694282797 56.318689014877336 23.06330773348081 20.284490280886377 19.76761257131457 26.877355919089734 27.72967513719448 75.12419585476415 25.125796183362116 31.2192083306868 70.28375928464098 82.30433375223033 20.432789696502237 63.14638975370523 32.622255895110726 10.562540956833406 35.96358065096938 25.72824830984188 13.333573771880058 23.599998075687367 20.637605252101345 44.60770152687681 61.207999706707085 54.73819927663684 54.89927797940792 13.572066511516633 55.65359530770692 15.945551402854099 21.48433248902218 60.98010298511656 91.80463941093736 15.458426221990608 30.939292822232904 42.35298485225392 33.35011851055494 41.10411856830543 16.081797908623273 66.22576697632968 22.41275022588275 63.434099350159144 56.88684261409871 29.163570521225328 44.10560751714961 26.318344128909832 25.02036382775478 41.30669622540122 58.76176579605159 27.4797207778574 49.37433355497528 60.546468322563754 12.971682866227184 7.032735924194054 29.456298271470985 24.064759065318995 33.19737953188518 28.121639992693115 41.068853747034375 70.30807015947843 23.159825919046614 19.147268995818898 80.09442947556556 72.577470129125 24.089841836917422 50.914826017903415 29.000974407381715 16.466407977620374 24.35818343511595 28.121639992693115 10.81497985279265 33.03459788274103 20.38864752527478 47.181513533211 62.90796395740207 57.57194880523976 37.79830573484123 70.38094016158232 15.325734128149145 30.87304255990861 47.42668392549444 15.204139079365609 45.66792975701478 13.691562223129443 23.553660548210246 107.63441873116733 77.6166010427954 53.46325403134155 45.684969294111156 60.91574033938245 98.9781472318997 65.20953064180173 33.20753708233828 18.65600512702901 44.589246587529644 97.92133000926424 63.6090319160221 29.974712239672588 12.071046703587173 42.282257807686996 104.69441122692947 73.52432775392836 47.387338734645084 38.47231530712924 55.762929353633794 117.95589690011151 91.27627417250278 71.72093382419554 65.96359588120782 77.1574307916683
63.106059642753735 19.30827895268588 75.22586532855883 43.94001169041037 108.78430270999847 42.61741586847106 56.27857268504386 38.5892112454495 0.0 86.22107903056025 49.162792599621376 80.36008543408215 59.49140700172921 73.12263409892421 16.4053160043931 82.47417249085744 97.07621878933017 25.973426072383667 94.60377754446331 17.30794402611254 35.538281055852316 57.131912400375896 64.10887749082109 11.644466022523996 111.72870312203086 17.665864494977658 11.83603219684451 107.07428876015783 120.4013714420587 50.93475875930871 100.28467210856402 70.31179095449741 47.011459133011435 19.562484650473486 64.31743736364483 26.65619178678485 61.97170444381482 52.6902914242926 73.06562998508753 98.84093708885494 91.73436227686403 93.18116434830556 52.16120877902274 93.38207623109442 28.025982568821707 60.07053256310601 97.01204913277081 130.29437133330816 49.03366684110587 9.56180922746636 76.82926236083038 67.63234771885696 75.85323532071985 52.16120877902276 104.56393024689115 41.374904528430505 100.19864235524504 89.8296122543841 9.9575588156434 77.19374619619428 12.644310270923663 63.609425297364425 71.7631805553766 96.45358496422973 11.44736458596386 80.60433990905707 96.43172050735745 49.853011032154456 34.19298428923225 17.244664372501973 19.76600458488505 64.47028236829725 64.03079034033786 79.19822779295212 106.1200574999281 40.395846072759994 19.954725667020824 118.34806938200373 110.87920020740731 49.39974683999472 88.46730138423341 67.50766380312818 54.802135288425134 16.406895140021902 61.98068072653803 34.69715470800064 70.85922483234931 58.330434516057124 74.09200405444534 101.49688868349243 95.00485929248892 74.99915452169192 85.51321408620889 36.58537339996969 27.978181758468967 77.36451396874101 31.95790090756098 83.4942259428097 40.352972726368044 21.590510923786056 144.4843465435159 112.487700209613 82.6198958381636 58.25306745868205 48.534531419613685 137.46222701326144 103.40136034010014 69.87606530445942 38.31883874406147 21.186033636727505 135.94040842994744 101.38836855150286 66.88992088310879 32.61556926971137 6.938501760374647 140.0983322037586 106.84936287932825 74.83890603678768 46.687998615950136 33.96333938849942 149.46251030122943 118.75744582883121 90.89774664290115 69.39920896314939 61.35862223160461
57.32147584622976 67.33360380696445 59.774909749780164 68.88134199785603 35.026146382608744 75.36444427543887 47.315878608005 52.37641515357721 86.22107903056025 0.0 66.04029067670751 18.2268286970111 60.370772453002814 13.745437386150757 70.52934990715853 8.705490899182855 51.83295825856468 69.88031239951279 43.46148116106477 68.92582037980205 70.8865320081275 33.38316404171737 27.058066177565216 77.5968465228577 66.97382056027709 68.83625377378361 82.12101345211994 24.478065469469154 42.465521458216976 59.97759679063508 56.44435050183043 24.140308308127242 51.46281428532263 88.1592524094441 35.60642110642839 60.28566460929192 33.3513401552823 57.90973989015325 71.65623735663667 22.73331830006018 52.91137943096484 42.892043219905695 42.481354697847735 20.736889730768354 68.3189987364851 37.336840711260386 60.79809541535133 55.50246848544835 55.405200200382936 80.99049815936809 57.795659930258694 19.102678680218318 56.56687236701991 50.93433857755127 47.924754067249 70.43141469738474 18.863922061328292 5.222252291463282 76.31546745089231 9.093614170324267 73.81468414202439 35.865366813781705 66.59621972394963 21.844540432632574 76.93509687532374 9.328539979975767 61.182234651173786 49.87863718121682 59.32434775714012 70.90167819312462 76.06731129399377 21.954031833728674 24.45060108311149 23.248073873339848 67.42026525239346 71.74639440798362 69.84676932597333 42.1851997563709 36.865656344220106 66.59156136553032 47.91237568384762 31.706448250016948 43.559233766567914 75.47866557810327 55.71514275616948 62.43909606550141 24.49371826903871 44.149643709734995 75.47544787819622 38.232050409325055 51.62867433918499 46.50526651524813 105.84959708503371 65.72020337420106 83.04906875547644 70.5077945848539 67.13299869629601 19.940432173677593 62.106619572190915 75.77795549301527 59.80868864531144 26.324331155201396 14.272843192759316 45.92722682233711 80.06096891175007 61.715273258600966 30.373323763561235 20.76416679713867 48.31780657702525 81.44272972605897 75.08291559026412 52.29166217426122 47.18266879958235 64.13114001837444 91.6199464482775 95.19969860023957 78.28476254738443 74.75808822585063 86.27737674734207 108.13670049885836 118.68106240114575 105.37837890442086 102.56051862883595 111.02867330796484 128.57185416021875
15.95672622321878 36.275729714068156 27.058533924555967 5.690452784629573 73.18849676399378 11.131608249915008 18.890676482199495 23.49624947802515 49.162792599621376 66.04029067670751 0.0 51.248786108179566 11.449044764659783 58.32699593542436 44.751985513939616 67.57084899573262 52.311491209661256 23.460931638813577 52.55913763810952 39.633513497655635 13.867484910217787 33.916791513594866 39.15229290972395 37.75394420079835 64.73194801644372 42.76237094751667 37.95209588633236 77.8273767685023 85.25118823922209 6.122557866485759 54.49781223336152 42.25579496744358 16.254512524608227 36.29779270071421 31.072097932042244 32.81526593668942 32.69182233525659 8.438680976539432 24.11353906458751 67.20343606971126 46.14024687993469 51.23189773381733 24.531528997061013 61.82852946366896 21.610315721171773 28.72469734380579 49.79540783090039 91.92474253607438 10.964811618270845 39.63740959772079 29.17026964601154 48.99128682698838 28.513991585919094 15.131306030691995 62.16201937220618 8.535679176943654 71.52233398910901 71.13894299453288 42.58476359091178 59.48985529475279 40.19351283050981 30.652096045822343 22.616703451519555 64.77382940460654 38.29935252235897 65.88977068321051 49.080155267428125 16.75122624432414 20.279963538570986 47.467192904185694 29.462827208562125 51.62269270261649 42.633355265949824 47.44472002737214 58.411489271920516 9.977686579195586 30.944241199130893 82.37725587852407 74.98737395068818 0.6226540286121169 44.306149201526424 35.284870646324435 22.55605410111002 32.84235578998443 15.749317412114042 16.85590455305927 42.12592900939311 22.16131894359865 25.6939608382404 62.53820672850216 50.09432826559065 31.489480017955174 46.92510788426759 13.019446229634552 26.384074751839822 28.225131547244075 17.60689579397912 52.627573443842664 10.809177465503115 27.71456244828848 113.37009766143713 88.09265041878302 71.15205660938138 68.99042942308381 82.77383423997118 98.9141841481868 68.70047513797863 45.28043430747825 42.13909309890139 62.417237944666546 91.09695666296652 56.99163129384211 24.336969033289968 18.203889307319756 49.65205544686168 91.63396289889376 57.83832510025771 26.241382596219733 20.659092118386027 50.59481821491001 100.39120049571312 70.79143407468656 48.366088096191305 45.40866829230528 64.64853574140885
40.43299114317862 61.05867295999396 41.72421883271714 54.9601579198262 29.163570521225328 61.506827541793456 32.4335381572756 42.85482275327056 80.36008543408215 18.2268286970111 51.248786108179566 0.0 43.971617545415626 21.165959252451653 66.19383605634167 24.49795195003945 35.28187793292135 59.94574144205417 27.378385283289802 63.38240531591392 58.555404154809864 23.295799896738057 16.2521392850907 70.25296787682647 51.48003693798867 64.1852252013638 74.04207726530284 27.58624281384615 40.23654402466242 45.13491572516319 40.01211301042365 10.236650370279403 38.73578591916494 78.43032380896959 20.22505921890262 53.70755006183812 19.8722027893782 42.83488638376592 53.89358630096818 18.482221152230746 35.40153868875159 26.511371638516366 30.340674755548946 13.048522594425497 58.08513882918805 23.28869751738543 43.46841448039317 51.2296914918664 41.4136537116674 73.56165332258996 39.65669093937393 16.857238754391624 38.459917385051796 36.69877298368969 34.10788335053743 56.938519619675276 20.84472808719125 23.2525377671807 70.47319510254765 17.66837429663777 67.72171158601144 20.706077409493794 48.845459724282605 16.097990321407856 69.8436771174867 23.82355990296902 43.75776794392571 36.53691088812149 49.15686830693173 67.2786492254932 66.81512203824056 23.847735788798143 17.071358353887305 5.024747926726175 50.835022236972854 58.38721084352705 61.82947779768335 38.49348365693904 31.297490315461953 51.738643594828204 30.249033564819396 15.99514305234108 29.914580331426308 67.1850442938653 39.02396413728659 51.35613603236045 9.901902430570333 29.14784152116362 57.7163626828325 26.06943896387627 34.70659335514348 28.396176241434294 88.25126388929041 53.62699779399221 71.72864042580738 52.478158149727854 56.027768787577266 3.772061631945463 49.51133279921342 66.1266525222782 64.79938040792096 36.8456727123861 30.184206244601864 53.47343105023574 84.86794543484484 58.250640761430915 23.64697877519341 10.957941273443573 45.56125288433896 80.16503893537345 64.68858888315387 36.65227340640749 29.950022544448494 53.34283124681267 84.78649969542798 81.07615965633522 60.91130690088758 56.93701601015612 71.89056347118016 97.41393780868472 102.75792512365409 87.5182183599247 84.58369576042128 95.10036964805767 115.449013414706
4.661496062372759 44.76430459361777 15.847763232687893 17.116789168261676 63.23813349313272 22.229392105698363 14.381768421460542 28.119821972604562 59.49140700172921 60.370772453002814 11.449044764659783 43.971617545415626 0.0 54.76161587246764 53.13694648597991 63.25071015640785 40.93173838546735 33.51955949698629 41.59586463710784 48.15806544018277 24.965668851898673 31.25574503663926 34.734317375314085 47.8990239518773 53.35170403433066 51.012064218776274 48.68072198610879 69.26183358493472 75.19559686843398 8.673807620036877 43.05126236211971 36.238946198699864 17.9795112810176 47.65754207127038 24.79932787555379 39.979846830401286 27.827073711845454 7.570321800761169 16.576974844775098 58.36832872597718 34.71452897476081 40.309536279422005 23.015013200801768 53.220479070497966 31.489112212157046 23.91342859659368 38.41568717922027 81.19768710539134 12.66606109389088 50.093079745115425 17.7936835021979 45.27527363123556 17.082833499682824 13.439688914053592 51.02523981410347 19.95550885078636 63.30051882571084 65.58168691914008 52.118631223852304 54.98800497896813 49.53386992148305 24.60252947891271 13.260346906871987 56.01470294598236 48.29951935331997 61.73635245935157 37.72015207049667 16.579054833730574 27.57550278053797 55.68350965221324 40.07701325377648 49.342580297234406 38.906029425092676 39.61632518795709 47.15197193557292 21.42083039941858 40.36292296696039 72.19494327355127 64.93832040665895 11.533652675519377 33.06410265596564 28.678162972891684 19.4739085125021 43.085147885147585 5.167840039555409 25.371495108924655 35.882092470850914 16.92706349230805 19.47860034221702 52.050046676790025 38.710194634071456 20.724647921355746 46.84392404541687 22.912915398942104 37.827054446355916 19.36719306207473 27.53382570594978 44.70478130708073 19.29060133454187 38.42957851242607 103.78126498473702 80.41886388013614 67.51742892906438 71.02661182780592 89.02652864731935 88.1102799601892 59.056680318306924 40.084738720837905 46.05112158797763 70.91861570594132 79.65306641419792 45.628017053176336 14.631231748984915 27.222821236803647 60.52225294045243 80.71059892700718 47.4336133854856 19.50752071013277 30.0996318186404 61.856940539109765 90.95153162195305 63.180511747734414 45.89322348547412 51.141116497971396 74.29303176490886
52.584584391720306 54.542588019098915 57.752637867627854 60.26611671058148 46.154259065699584 66.52123270082855 40.63194309526418 41.37628880787686 73.12263409892421 13.745437386150757 58.32699593542436 21.165959252451653 54.76161587246764 0.0 57.19946066515292 9.871807313272514 56.26219659694334 58.550435200166156 48.5160753332806 55.89984279667688 60.97720707436032 24.41324216847506 20.06828807911927 65.02339950269979 72.62266906361597 55.5895604233691 69.76231839019441 37.720224444341476 54.99176207331226 52.54397163788459 61.00096477087272 20.644638034227874 42.59678291050667 76.43194724054104 30.6693404611893 47.71927434919377 26.980812598768452 50.80690244601182 68.2835621366279 33.74434956897942 55.74980517743637 47.60524623263953 33.831812875955194 30.075032008738546 57.18324174362193 30.849018840496374 63.893647839064265 67.62296548657233 47.37363537198086 68.40798381018911 56.306309955281286 9.490581993578898 54.93185314717382 43.37504683631859 55.07884609631094 61.41069392949835 31.52373056281903 16.725062382712704 63.292007871630126 5.018356191670047 60.88681320702189 30.658129943811737 63.32315624669501 32.171032911677436 64.28320261650559 7.99950619462394 64.08322732519504 41.601523084033445 48.4086088897811 57.435814194951945 64.28613312597122 8.69491582355995 15.892653227012161 25.106611287192106 71.69988496811199 62.582118311287886 57.63798567290573 54.27452542439077 48.16732229462531 58.92173479560801 50.50693605649555 27.77172627249825 36.02306315150629 63.291138154485274 50.73976338243255 51.956915856512985 21.432516557364764 37.84410335915218 72.0042881167862 46.39467068668653 55.52818102473001 45.317169720655414 101.47060828724614 55.79060763896508 72.23934741331313 68.0950212541907 56.52623879419091 24.55572846327094 52.65376507330801 64.19109896769058 73.55314249826763 39.87612348244836 12.845118153440069 33.68590626030812 67.0770816640517 74.15087611329665 40.9582949576981 15.863830059015202 34.936942672974034 67.70796484444604 84.72186265121488 57.8065494047994 43.59148523277419 53.419615346310685 78.75220829022258 102.21689446878199 81.12986802711738 71.48826245408458 77.67780934163316 96.70504987547928 123.7322269134251 106.76502747994168 99.41095852000312 103.73507952025082 118.46541790216553
55.876604834544416 8.477530581987546 67.99272198527802 40.660343552429445 95.130754576826 41.861620101030375 46.35415972357009 27.34712807864468 16.4053160043931 70.52934990715853 44.751985513939616 66.19383605634167 53.13694648597991 57.19946066515292 0.0 66.37615951636296 86.82852160820698 22.532501369406614 83.2723989490302 5.134710954723842 33.23156006457755 43.4606655821094 50.10434294267323 13.590315418196393 102.46478769472253 2.2213673911844674 18.71886991699819 92.18853993875946 106.42973033009332 44.534779634347984 90.48918496779524 56.47112587642766 37.42732428988751 28.511052214354162 52.162777051973144 14.014441445424394 49.09587380254426 45.67381118745493 68.62015237022521 84.55960886274373 82.0850102066433 81.862713530621 40.31332091080413 79.23145000006004 23.814127781373394 47.9157874370043 88.23931303208774 116.98386817073235 41.05424239342969 15.821224113718106 69.09040178940717 52.34536969422165 67.92306886057878 42.97467159098761 93.07784121877754 38.76610591415453 85.35252153125482 73.9239383108106 7.928652989097402 61.45033656839909 7.403470532135038 51.454705851068475 66.26328665895633 82.2421323747837 12.358386643530038 64.521849538714 87.77873928338771 40.09214138832914 25.59507513394155 2.8480846030146467 20.561219565992445 48.62571462565759 49.37904490173619 65.62942568612841 97.54945984588146 38.35123048893369 14.622040014773873 104.60208380793297 97.25340626433112 45.16638702250839 78.22749670004605 54.80234525726621 43.68178357691059 16.438087400788433 54.375518182430866 28.043914844788805 57.12152649627559 47.716170890076754 70.43473800518828 88.92209632020305 84.8928942547187 65.14428784327713 87.46324228136392 31.851303725799504 32.288825141118515 72.26375028658822 27.54372621506874 69.54549402291754 34.262259361343276 22.169211300025754 129.4472406029324 96.85172734128034 66.3230938563076 42.56847624854666 40.25200944111305 124.10760478271655 89.65947857448639 55.405767594033186 22.262715878914833 17.785117518931997 124.97140826840028 90.84050876745178 57.27994012286544 26.548698780411105 22.880638816364016 131.91679840366197 100.09881423708643 70.93883243125474 49.39309372933722 47.34819845599835 144.06651774841993 115.50776590217049 91.23418814542829 75.49874733942285 73.96752852564993
60.70229453893562 64.1244032192653 64.64352787020681 69.76570290604428 43.718191835435576 76.08970986924868 49.42996220908661 51.236276680224506 82.47417249085744 8.705490899182855 67.57084899573262 24.49795195003945 63.25071015640785 9.871807313272514 66.37615951636296 0.0 59.35216372568344 68.4210240304934 51.12143003985785 65.34365592783064 70.74248053700086 33.79255492955822 28.637961041056215 74.67757641404299 74.93468316598329 64.85748245701458 79.48158554860923 32.51431610187171 50.825133015187305 61.67712007904777 64.03233303717997 27.608971386784557 52.09730824820381 86.26957109652857 38.62450583296208 57.41066720946321 35.47429492737945 59.822389516912246 75.88411054211441 31.438575901383203 59.8742404499853 50.43637878056934 43.21867262503326 29.252268983937668 67.05450853728492 39.458177630077586 67.9058645989113 63.9732604752395 56.6667542329201 78.05348313630127 62.915371295837794 18.627657879696375 61.60579981109553 52.49809582618747 56.19455855388717 71.00883942487755 27.348375625610007 8.535679176943654 72.71872162486565 8.269660898429997 70.37997568323507 38.73205284601192 70.85324154535644 30.510650114935498 73.90740918906035 1.8959329583243771 68.22034695230451 50.93530603351144 58.26900758646493 66.43504602238674 74.12446122446792 18.417618452154414 24.938887151884394 29.29835034393726 74.9685601291736 72.21378431452507 67.41139736369124 50.703214335153554 45.54122006868134 68.15451753025687 54.74151167261468 35.20037219392345 45.08015457131132 73.0622078009042 58.945312126868224 61.7849437033386 28.210622667732263 46.47228993513883 79.66601599196375 46.66815147896252 58.967016115726246 51.66946009741188 109.61413961494989 65.55130620741892 82.104171468433 75.23848262054864 66.37049654379815 26.997523697139712 62.32306757337708 74.04793031391934 66.26084033215614 31.856059932888417 5.828557956117825 38.05245802478864 72.50421350571771 70.05262423107457 39.07599044725041 23.266711213112004 44.165491342043005 75.85964245709037 83.77432776647616 60.15244270422598 51.120425513843124 63.26991874126428 88.24777901461802 103.55038321678283 85.37469587509426 79.05521569503529 87.20864156763061 106.56312120322374 126.573259910865 111.97450449277991 107.00662805965221 112.94767152870763 128.29093428097082
36.35578498130804 79.44145141737394 26.978645620727903 57.89265461291889 31.33731706891442 63.143393551137244 40.85446408812066 59.52894106867406 97.07621878933017 51.83295825856468 52.311491209661256 35.28187793292135 40.93173838546735 56.26219659694334 86.82852160820698 59.35216372568344 0.0 71.84468692478498 8.478137567793741 82.57790702931116 65.16310655166754 46.743067735654755 42.97201342499023 85.54137793874328 16.883794254215907 84.61050682791681 87.49293588872857 44.424986102806294 41.01745261448926 47.990776818051856 4.738771016776881 37.97920312520953 50.110323063235505 87.98976745945639 35.771672928494056 72.82809935152113 39.9614104443886 45.73502822060606 38.42807838085495 34.7466118131705 6.506235059262087 8.94138765397474 46.7098565983112 32.801825327724764 69.71085205239599 39.70986500765456 10.199363846369009 42.87953106472253 48.368848669349255 88.2813977670843 24.24175703536013 49.97727943190725 24.407962256753095 44.92202931931104 11.81146924078193 60.690848137109185 41.711548778141854 56.04064899209025 88.29005092534096 52.94817610934572 85.47208356205564 36.42288111758011 35.00061071530751 33.63401453526399 85.63238481690858 58.90002352202129 10.940002806067923 47.28454872438443 62.90724215527349 88.79582558173107 78.95750298236507 57.085298986656724 46.77523610163568 31.17673575057486 15.616886329381595 62.20194514768264 77.12793120798402 37.56248324681814 32.08715059820518 52.44283720855241 8.628358829864611 34.67715076104565 43.152384263091164 81.14903500620329 36.71466384503183 62.62314793543319 37.03128956011652 39.1430367880194 41.3563857063607 18.810161678930026 2.2253062328877298 22.08641484535287 69.14297058073996 61.962798528268976 78.53274624306178 34.18706590350395 66.16334943109985 32.38299738830402 57.646476440644975 77.5550684578805 70.15746965784406 58.190126462994606 65.15289232295844 86.5938579174916 114.65985072649642 49.21237111663734 30.146637929506767 42.31570674118254 71.18465597605116 103.62783605845516 39.07890040494974 4.725725055816075 30.20527871965291 64.78610663209903 99.3829700066523 47.30782697039371 26.95699526022081 40.12691394962008 69.91780446725762 102.7699862227077 67.48649544949124 54.971091134477874 62.32182682795377 84.50440688821055 113.10514980179676
