0.0 13.952204287981049 21.08436358289989 14.962054346274568 88.57822819435398 72.07024986791828 49.301034993157685 51.350837037852955 31.693276004964517 34.904070970851706 47.43545591413237 41.29814654529613 57.259978367689385 37.82775153574226 29.966417656627556 32.1618763677301 75.82954497425915 52.85836179830823 80.93987237090205 86.70918354440957 14.56112250576534 29.68924272775201 54.94479171890431 29.97674957642544 21.950010022708113 43.92849612693604 58.49297119062955 17.149551271629154 46.95038033829172 39.23670652393639 79.3740471883646 79.0444761885154 69.96582964991026 34.19274531322949 47.751753844296424 38.63674235943891 73.66227676178946 17.38248218480608 29.749580164914626 28.692429564916623 56.7229003839027 51.29226395680285 82.5469667232929 73.25769770599469 15.781544812477977 52.93575151619986 4.718497606891755 32.159810946600935 24.660764229456127 49.10972820946519 20.048788628244278 44.337362973526076 10.803192448378708 14.203360845341484 78.9765964996215 59.09133350877549 42.72174447202185 44.82967200890627 26.697396173442094 34.1928462062509 8.795653031722495 54.97153981639061 39.8380450209464 20.637255517085812 16.680218638068684 22.519014878707633 35.397583656535744 56.86155068500691 73.86399267243713 68.53649369579821 9.977618692542462 30.68736001811111 62.84734967998813 27.029650726988706 40.52920710885139 49.151356701386995 54.651157484057094 19.95534273271452 85.24407789682903 51.0170367247674 60.98227921803131 43.01012610534303 51.95914433472911 37.59554080559637 28.65701554205667 37.704985397137875 72.5271946327964 11.121660734075368 12.074245132352827 27.286209577424785 65.39281716259505 91.36657489953866 62.555955045024305 17.098332047735564 53.33035595743982 5.5788092695125515 19.447253845299915 33.454599678490574 17.005114259584655 81.40369388635526 118.39220627295312 88.37930394646253 63.2446995542265 50.82997614605389 59.68487854289084 109.15565845836872 75.68665913102345 44.00939587376071 23.238490444606548 39.218259898568014 106.72207488832241 72.1660897762533 37.698033846824146 5.403054270574552 32.12628568949899 111.5377743992297 79.052854081412 49.52641992541096 32.422410695910436 45.214965142290495 122.75226697461288 94.08845911420677 70.93617508219988 60.0502076640006 67.63798973262347
13.952204287981049 0.0 7.849094068719361 28.6215652104466 78.53877382794543 58.57899525194656 46.492456997092546 40.07284993003569 18.661312538036597 25.506932532259412 39.573964037091216 31.500759669333565 56.932580079361756 28.615198953469246 43.91434422140473 42.682872378370654 70.51920924228862 45.76903791071035 74.25973329580829 79.83585470786127 11.55271510107045 16.54887562710543 43.5517002414815 42.573649196169534 35.728087191204935 35.344297145797015 45.544341286560325 3.2777309836693966 36.34708963335576 25.824405556175254 69.51589280609863 68.61791370329172 64.64472628738427 22.10710825239243 35.57081803543817 35.752925518497406 65.21763816594303 24.468618610997126 43.67216363342968 40.06769304073793 57.45852560579314 47.44113159639445 74.08730408230265 65.04300260545389 3.105332691224474 43.48891917121195 9.268923621605808 21.222505693088234 38.573080743201665 36.46987281464417 33.9822926997584 42.60574742155483 13.841220807734926 0.9448151470740025 70.10637824248202 48.83069936284816 39.96490883263134 34.71958278729894 21.12336751437183 46.584818524570366 19.500288418834568 41.566573700239765 29.764127067881812 12.707502442116414 26.325635651797526 36.394040858808836 28.689994340306374 52.39047375227339 64.32607372746362 55.00934118757029 8.819090366840527 21.935583161541704 53.03429855828753 39.243158571523914 28.459110584822223 40.654912346018456 42.134492846884676 10.943078084398223 78.98083287815128 44.29604540569138 58.22692791427157 41.170037394067485 41.02374408858748 23.904857448332773 14.723814372350024 33.76523511684282 64.78801388572293 21.563184716744903 14.988105080599375 19.622923398222692 59.90698896944972 83.23605743172813 56.53638225496402 5.87121407440109 48.019002838372046 17.7785482586012 27.851390915773067 23.093091124021676 17.648206993529215 67.88304045908303 112.42250541648991 84.92473330509463 64.65591190514608 59.526041176936346 72.80864117058996 100.3497285806123 68.31595887910542 40.729690661605396 32.33543595231428 53.17037133776535 95.30270845424745 60.7345453251477 26.260577568992257 9.241485483210303 43.31335076961549 98.3691563880905 65.39962403582105 35.673148395795636 25.746436766551128 49.4775433223314 108.86545859412915 80.20170764195448 58.375858403175364 52.706440625084106 67.40176574979446
21.08436358289989 7.849094068719361 0.0 35.05855661806964 71.0559134998372 51.01024585232791 42.60160554931627 32.398014351825154 10.832600352739957 18.909824007630643 33.26424964169246 24.47690538906493 54.07945146006327 21.975236708003344 50.88968962225163 50.51793124500917 64.90458779729444 39.68852545762114 68.004887671635 73.46246421671017 12.83658468536568 8.738459373390747 35.83439705998958 50.328746229687454 42.204347220508794 28.79540984325564 37.743706159246734 5.989201352327479 28.908134205185505 18.178071547224025 62.11049764128164 61.0563902932504 59.0927240923805 20.60869858308125 27.74095732506758 32.30428990319456 58.31650928575488 32.15875755073629 50.38374028968657 47.91418111774044 55.172474678897544 42.962447386531366 67.12927106804422 58.23144852270121 5.318068787705066 36.39977154071863 16.619300986971826 13.98185944732866 45.691949743685676 28.623665042804994 41.05424239342969 39.45499176521816 17.436168614218435 7.221211478144165 63.02122040988387 41.39876255987057 36.36342464790094 27.492178700016364 25.32187587368578 54.37453734952029 24.883163746414887 33.93333223851414 22.657656307672482 9.456504824110166 34.16524278678761 43.58538829194083 23.47379362562789 47.462067558848986 57.041923151825344 47.46564432708033 13.1397800900367 15.991413590056696 45.722070043788705 47.040552102354475 20.665716745295473 34.02004357829759 34.28590142633625 7.512134748568227 72.86915986621432 38.42832451884977 54.05405830823627 38.02360540007861 33.436640717380165 19.138928295326536 9.424957382727303 29.832912336569894 58.167717160538096 29.40036189044908 18.099218772485848 14.726604287022761 54.341784977022826 76.35606472659187 50.76935484502256 4.697158121733914 42.766622954515775 23.941094894548023 35.61394992771192 16.078410385298664 18.732552173778394 60.33764544396243 106.26901983558938 80.04525834778129 62.57928137056588 61.80512759649812 78.21998085603505 93.184616536266 61.81823448441579 36.802851338019806 35.80837911735721 60.040524314802965 87.51174729053427 52.97024840301496 18.66125948800953 16.89651097876809 51.16244373178162 90.65297965198005 57.96862089852564 29.96001726576104 28.804298240272267 56.183768977650026 101.79543771789108 74.06081050028678 54.795057337336715 53.988842471235905 72.26267404649701
14.962054346274568 28.6215652104466 35.05855661806964 0.0 97.52148226652186 85.39890875943219 52.356067014146745 62.437529650919174 45.069940897824274 45.21009556457038 55.4959039550974 51.47577796090258 57.13790180173163 47.74772989256081 16.408647563240418 29.178114646789112 80.0462229797406 59.8667002747359 86.4381247547898 92.26693851825455 25.027979151741334 43.227263868148114 66.03961846631711 22.606059667228937 7.147289612218676 52.87193816262791 71.20737589949943 31.884909330962998 57.55830199264828 52.802511458468814 88.28189071657363 88.57635074625672 74.40368172317098 49.07362389446329 59.8366714459505 42.86059513604959 81.20694621843164 23.751278560647197 15.410841382209746 24.62728402338426 55.49040595443953 55.237741526562026 89.88866201382007 80.57428806234236 29.954440094395512 62.19701718762059 19.61893966529842 43.871835419663846 12.107956194700972 61.63434667091801 7.921277687240962 46.762476452078964 19.505135290381624 28.721015346734386 86.83576703877347 68.92409841910553 46.34492270056951 55.086596251308926 39.845326469766945 26.77665719877362 11.109705738548268 68.31112260383877 50.34278675480761 31.896521806051094 19.97944872386522 10.740808870790069 43.46097038328096 61.06021693453093 82.54946307954256 81.94421164438104 22.211674259914627 40.91013721668756 72.11277681338028 21.296716558610417 52.73710937255763 57.700027093424346 66.93028108553293 31.94457831497422 90.18977151790095 57.78073661200997 63.18897988652054 45.68710792665742 62.69131191857638 52.46599541619605 43.31828377173397 43.043868193836325 79.37195378726389 16.70735543589957 19.83528247415512 37.16512060187637 70.18676783973936 98.17337796471224 68.01738896795574 30.600197784677697 58.58171585501387 11.128010683611334 23.346554839048196 44.631994650989036 23.60388485211376 94.72958316656117 122.40476767629045 90.26173022936848 60.87903956929868 40.74505731778281 44.82060525523256 116.42884708521348 82.05520416708899 48.013420556119726 16.50371174886273 25.185479445993796 117.0506445462312 82.92706559190722 49.47516735414385 20.3355678560053 27.823148881941474 124.17105009949861 92.62125400231992 64.29432418758314 45.646905413228836 49.278151821353624 136.77853170071688 108.8042003240131 85.80847859723536 72.68142618109621 74.81201873930516
88.57822819435398 78.53877382794543 71.0559134998372 97.52148226652186 0.0 41.37684320891319 51.7560593191625 38.88655452489405 61.311747229653655 53.71905857576269 42.042987269973295 47.36820293124854 58.796456984979734 50.7540697827367 113.43590990486365 120.51545656551906 33.653091538961846 38.45367725602042 25.064588498789508 23.914882711102113 74.14658355274618 63.34357072533733 35.74117005987513 118.21069206788617 103.46004775369327 44.830084324975914 40.4020718315739 77.03028542937317 42.19197752589942 56.92397750697937 9.246985775022527 10.257007382407364 34.69424682850373 79.8904561343079 44.638663869311586 56.895216072339615 18.31570808087242 102.9741547065863 111.53330681807095 117.25688139919455 63.1468025695674 47.74781646040983 13.321091178605842 19.537113531189224 75.49826806386392 35.655012365786895 85.3960540288017 57.32625707838852 109.62868268469104 45.29996488748277 105.30313759228541 56.81373572279022 78.99499716501201 77.7140501697642 12.746271546334631 29.71371547991994 54.945180688663925 43.94163996142079 93.62289562111019 122.50395206809131 86.781673234956 46.64950305935631 48.95745133637339 67.99449416628438 104.32015767927903 108.14755827197045 54.07399481842568 43.112735481974134 14.991088843351754 42.78834388508916 78.60600229167261 57.8941050100975 25.73178425022108 115.51775033143727 50.87420411262503 39.83817432633363 40.29469077851986 68.93422858773528 27.83609961131232 40.67024387051227 48.35414628275505 57.06541352082229 37.65860007015084 70.29433738625788 70.34250385360129 55.58034348606023 22.06356701363264 99.03796711264106 78.25381167509344 61.33094085549938 35.496474153957685 15.87100193332675 34.72371061915869 73.04514210261627 42.398296679738266 88.23770443356622 106.23470576976395 55.58034348606025 73.9865663240278 41.32613990443178 47.52610910685912 46.51810530869106 66.81282844991863 95.7015716584045 127.46938627374062 24.008135397371632 22.29396810087407 53.03302024155204 86.73425639230813 120.9463145425482 22.54935860302832 20.729853617592305 52.40067930531273 86.35268759735524 120.67557011151008 45.3319306255299 44.29509468647135 65.29891062642122 94.66076737813594 126.69725674453335 72.22072891641496 71.37169834865354 85.82985463249902 109.70126501674736 138.19091909708692
72.07024986791828 58.57899525194656 51.01024585232791 85.39890875943219 41.37684320891319 0.0 61.28935926765102 28.072546877076935 40.43245114042344 43.132700162526504 43.03455088044895 38.63985233785979 73.68912206597051 41.968400360551634 101.60610992485837 100.04118595026397 61.86973923383355 45.84726257011972 57.51202864180449 59.897140092822845 60.62718970600686 42.39151700397666 25.7086578622037 101.07143807139245 92.44746237274305 41.2981298672126 15.121592022247908 55.78080176385931 33.102484343146735 32.83554828641628 37.41397694942579 33.25655707551002 58.82509384372897 49.14420358563603 27.01803336993127 58.70291313503972 43.8671448659934 81.06363992412592 100.80592758625043 98.06348920644781 77.33931069148711 58.131365832275314 48.10054961987323 45.04528996204484 56.328146127666756 35.71652421646331 67.62582391240856 42.24660372778448 96.55824571114547 24.436982618994765 91.90734950292101 63.35965733052844 66.1838209006996 58.112748342455134 43.67589942742766 30.651983084402456 59.76407958354876 35.892959989768144 65.44020702323655 104.98718902051836 74.52646848780137 17.114120367215786 38.68330088490712 53.84681589038017 84.05810557572195 94.5070297782076 48.981620332154 57.388346970353545 37.19759043203914 3.6120626791605126 63.227528950523705 46.77165519933262 33.08145624673594 97.64174181668085 33.327644558962476 40.37515182217305 20.281142960621835 53.52840653795681 62.36910673527011 47.21870710579884 66.0401918660151 62.64227146035757 29.293141993962948 39.83811714154395 45.094209835769576 55.75108234709204 47.445326307110435 79.87175227149412 66.19836493396568 50.33006556749628 56.03821528641233 55.53839865590239 52.516592861508165 55.06363618617678 53.06947019077668 74.35500381808305 84.79013583150746 42.207058378078095 63.968990914009204 9.339961273242533 88.63918215712906 79.02708161429938 83.8354753992612 101.02587061432895 125.61368722610486 64.58120995985873 50.92085215649685 58.39467187085645 81.37411280718844 110.58190982029939 45.71295520116463 23.04280819132096 36.97448112764113 67.80927671853482 101.11344258962029 40.172727018942965 7.714336782755764 30.000462604650924 64.30706251741654 98.82116469337417 52.37633975609245 34.330454215848675 44.81864564582295 72.34413382326555 104.17997979115653
49.301034993157685 46.492456997092546 42.60160554931627 52.356067014146745 51.7560593191625 61.28935926765102 0.0 33.74240579930826 40.243219810613006 26.912271246356696 18.46179553662023 26.336232337697524 13.180004911257756 25.221895331231494 66.3885377914335 80.07922080460624 27.751989749371088 16.02264577633952 34.87677024107275 40.622762792063995 36.28640420754024 40.85012649075517 35.61872541224507 74.87731401442024 56.72672013775815 21.507233762835114 47.26025088087953 47.21840206883828 29.55770922947123 43.431746673891745 43.379880450883036 45.59694231197422 22.273397868060215 61.826106264163606 37.5606218291365 10.847536585521096 33.50444013580254 66.57138797276568 63.901161468308565 75.91552400307872 16.231201335900856 4.023412278015477 40.93924663687204 32.40345252678586 43.769676510013205 25.632035390246937 48.37702185137695 32.44483225475383 63.80428087751615 40.77660362563266 60.18928686470581 5.72481282945945 38.52692643716481 45.563081696220685 39.28208288496214 31.71256126220989 6.634367203796974 27.302060866876435 67.3817011514782 79.10170945783595 43.635161754974234 49.49399261885481 27.58412597100319 33.95715877635758 65.84326392352115 62.91635311054547 19.847411276388762 9.268255748284725 37.779449909672145 59.24302676639188 41.106338425511154 27.52704137058123 31.597097624763883 73.12424685776158 35.729123370859156 20.965072518854754 42.172799381861935 35.89463099190316 38.12319076360765 14.25954416663164 11.80679311791575 6.671724130011883 32.20871328688601 56.08093509437849 48.98491289009729 12.802579669755897 30.289057448547826 60.32307465673089 37.22719056972689 27.891957995331932 18.493971550045053 47.86165900196484 17.482525659003123 41.00141728270666 9.649241222532167 46.33969608364874 68.73752372745372 30.27689640648149 32.306079445985304 68.69177771210022 70.06222703602035 39.09304501504574 23.295076890186436 44.18030074210372 75.8681834989605 66.2586834266187 31.851614516547286 5.804438921311669 38.04880577725188 72.50231497652806 73.92994506817529 45.60781458589713 33.0051797696102 49.93439895461953 79.32452125926837 90.19381998238593 68.73752478240725 60.90608391397855 71.33748241504868 94.14511846593288 111.34597336370597 94.59755523053622 88.84913261515607 96.09546565024574 113.8824302065991
51.350837037852955 40.07284993003569 32.398014351825154 62.437529650919174 38.88655452489405 28.072546877076935 33.74240579930826 0.0 22.425296500000165 17.306463143116492 15.281456835732786 11.449248869123636 46.598784030882065 15.175115272824002 78.8296605647973 82.59579144411805 41.76510348694357 19.496951480897145 41.25501842140233 45.796613541232 37.62231007729259 24.464101028586168 3.611705175053195 81.32688446582533 69.08961238008362 13.235021502817427 13.529499409273294 38.32172373161012 5.29912999646523 18.725001650477463 30.220218963751062 28.755554003238796 37.04563943675705 42.14065097177452 6.593348295347113 30.659142213226538 28.85048876958247 64.52805304221228 77.4758631973083 79.6663389848112 49.96034028600353 30.970500007982434 36.967543103481866 29.255217490281996 37.11989925452672 9.537150772283619 47.66163378482478 19.215508521004946 74.33591651077496 8.908314977528349 69.77142930215636 35.37021566066518 43.00148441223264 39.301319122389664 32.41566924130321 10.040668684693642 31.72659569704101 8.137920009335627 54.88908051655388 85.53973619875488 51.333281010327674 16.342970182253353 12.19941887072144 30.898462173254288 66.25701612934728 72.55729814078838 21.560857168337876 31.454872497327894 25.71971074362872 25.68950547609365 41.487155400412774 21.559234698642165 14.788416595660804 78.33264602023176 11.987710305770378 12.884760319855808 8.447799559304277 31.39747092115787 46.511792933323996 20.30700249527525 40.27367099105844 34.60576541325919 2.0155924605124786 33.069626532848154 31.611607032878222 27.762810561849808 30.255698813774107 61.18507031013822 42.6022625187969 25.32607933610457 33.03120239346007 46.26728005616095 29.02507097026834 34.876474744842405 26.542944202288307 52.062943346598985 67.9205196381825 17.958689988780588 39.25059328466232 36.334598204538366 78.5122000823617 59.14990371083904 56.81594064526409 73.15863290922462 99.35348248032409 61.79103828391054 34.266835644935 30.416106784141203 55.41572874736191 87.2439473367708 55.41282372588295 20.821325526236418 13.83215673160575 48.41470771171134 83.01502084296274 62.622313039673166 35.730774290171844 32.041539946255725 56.31580810692855 87.81297234949507 79.81856310135132 60.857617883849436 58.57547900714321 74.520562766227 100.35104511361926
31.693276004964517 18.661312538036597 10.832600352739957 45.069940897824274 61.311747229653655 40.43245114042344 40.243219810613006 22.425296500000165 0.0 13.462154425981417 26.85427518792549 16.918469156464845 52.8868219985813 15.832138796269339 61.19369960673899 61.250795321835525 58.87816020899633 33.441411132835555 60.761189904310804 65.9380734100995 20.811340821772912 2.13391979423662 25.673298399349587 61.151192691833295 52.167834185402285 22.135460129284418 26.916859677456813 16.36005175580985 19.795960715519247 7.755872652290296 52.583794289341746 51.168590132887005 53.28623912489367 22.28393054627218 17.174477596928945 31.388842977932057 49.91614959573124 42.69648206427079 60.4779003217827 58.72446510582568 54.79294980006678 39.58774034684273 58.52450380462563 50.017946228243346 16.089863908624142 27.99563336838328 27.358614525618673 7.799212070038834 56.12579608315254 17.826749224876234 51.47493305083491 38.471314210238994 26.2307024053521 18.053810309739863 54.18743035650042 32.00184648414324 34.86635080196037 19.096956927237862 32.733904020829826 65.20546807229648 34.37960387565416 23.318411778062714 15.035073803529901 14.551000570401762 44.91980200994478 54.07919167471462 20.460132609452376 43.10244007188266 47.82591630066244 36.93209680797183 22.858864235771637 13.1445278430062 36.564662143827476 57.87269455480895 10.438302996086813 26.81877579951711 23.506583893060732 13.667726873933502 65.8348455379782 32.677367822829204 50.766273312228414 37.13947412894419 23.73256008780977 15.874811903966064 9.887502616564102 28.36028513291341 50.34453006780384 40.224048307519844 26.48043926309556 14.647336212736356 48.618236272130275 67.83964851352538 44.761583168172876 14.634547944456092 38.00834438089285 33.97621367762995 46.23492887511263 10.030512437938643 25.359783028580132 49.7723183194948 98.91948357734442 75.06927471228076 62.29371679386636 67.23390269057816 86.91989163816196 84.02953129579237 54.187815162105494 34.734828990911936 43.26117461571655 70.22379912967928 76.98130073296645 42.56645591148482 9.619739589185683 27.713342007948746 61.95460414946688 79.87868756803609 47.562717338401015 23.209144577638224 34.784503187366994 65.3919252694766 91.78446673862435 65.47686778204883 50.44658242797885 56.54467903947404 79.02246111882873
34.904070970851706 25.506932532259412 18.909824007630643 45.21009556457038 53.71905857576269 43.132700162526504 26.912271246356696 17.306463143116492 13.462154425981417 0.0 14.370817336988104 6.401759382708446 39.76473347100233 3.1085397898058504 61.578750398145665 66.8023386174121 46.2487567150423 20.86226222774729 49.09552702757263 54.55940244769314 20.66561442123872 14.385500533211207 20.881675743546445 64.73187220153358 51.80302923007383 9.898475951820373 28.046808244162307 24.720492309813594 12.349418775898146 16.959586377286662 44.54806027323378 44.14142910263916 40.51127934539304 35.580130094249846 16.11745364419421 18.889424198789285 39.71592732066961 49.581560686687446 60.181442684991225 63.55203617216901 41.960510752476125 26.127759660309394 48.59441651932745 39.53690763601767 22.401742179751523 18.1766242365437 31.692012696868474 5.756725661238195 57.17628705575653 18.818463347437916 52.64902432371219 25.65769823157554 25.878963424025283 24.610374366144395 44.67829526398245 24.19257270314043 21.916585708973532 9.97798925542741 44.031836540999215 68.99674001363093 34.126458258606746 27.37734815035284 5.134248773982244 14.280870917879797 50.656807183224466 55.45660036631553 7.542474373314225 29.734039255494974 39.145269069752274 40.10843921815502 24.926959686116085 4.313423818792426 27.995808138496095 61.91166611368168 10.63138617276136 15.172699407558294 23.07648172933586 15.260339126680446 53.97460235980281 19.763077379137616 37.30429847999523 24.414115316796916 17.481277188501164 29.19881446898137 22.832772759592654 15.706495282082216 39.33537127520255 45.331587717261726 25.390782251637823 8.04598870588284 35.78045476623158 57.729401596681996 32.07456329347627 19.727529707518702 24.71218795411197 35.053785225392026 52.700564632544626 3.4366624888982016 21.945107287054096 52.10030094591531 87.36197073396522 61.96797494139995 49.424209079414474 58.65391296021695 82.65964617105779 74.94824162989384 42.93788518319569 21.562245976267093 38.484338712555825 69.94285959067012 72.06810570292572 37.7375697703265 7.020688039501798 32.700298542258025 66.96403934035263 79.76124962864307 50.80787871317782 34.58113905274044 46.95850145818048 74.89444293229971 95.50553599373788 72.90778232887219 62.48647735804432 69.91675616063732 90.92262392604756
47.43545591413237 39.573964037091216 33.26424964169246 55.4959039550974 42.042987269973295 43.03455088044895 18.46179553662023 15.281456835732786 26.85427518792549 14.370817336988104 0.0 10.095594305917144 31.39180302513838 11.378468153581183 71.40179237820962 79.59714378526262 32.05688134905744 6.59261231562453 34.755561300228315 40.275355392277156 32.875739266123 28.200437790441402 17.330668961707353 76.537068641586 61.428392675601266 4.719118528162889 28.804823262863607 39.01394683273576 11.32261206504191 27.563987498169684 32.8171546910316 33.44706567871712 26.432257474115634 49.10299138672192 19.474516544705963 16.82728848988322 26.227065420863088 63.1510472913772 69.54379510675841 76.04214803138434 34.68510020558602 15.833203493263925 35.11314693602257 25.841783147199163 36.48039038130531 8.139112438052477 44.83258032864765 19.80826381451549 67.59988245285066 22.647366135414114 63.306287229001356 20.393634201966083 37.323912304067484 38.6530118242419 31.607031180611845 15.190602441174532 16.944417564507216 9.521039092763349 58.39082593286639 80.8462521078404 44.85138826308057 31.17957793324952 11.903099565642641 27.493586585645293 63.78056022537602 66.15151362131685 12.15699908479898 17.32583832269413 27.05900432115476 40.85858941793382 37.628177381479524 17.64072546442429 17.11671044634493 74.02240998763567 19.282152865562797 2.8464152875927766 23.712034688648995 28.877204299627266 39.60650622054714 6.040679173772226 25.90356493059173 19.791284034779682 13.792833245796157 41.63389320604331 36.65869799867481 14.541135101508958 25.30237158163744 58.31130892676199 36.46972366914689 20.402809063455987 21.7699602036215 44.011138249585 17.911729654432705 33.716405322658005 12.119670767997652 46.50346150382889 66.07514202293379 17.483941171279525 32.0331954758065 50.798483035749186 73.00815679359248 48.30205131038396 41.6029709635804 59.3577969201005 87.81065280960848 61.722713133264676 28.749812562839786 15.43571773070379 45.219711354013484 79.0331225599575 62.33430818278672 30.028781561532465 17.68443532692258 46.02825837395092 79.49409833634947 74.55068481485495 50.582722877329594 44.20674752000076 61.193779295131996 89.0502001536486 93.94846310656565 76.13874972059715 71.85164492460756 83.20434320863878 105.25217697750591
41.29814654529613 31.500759669333565 24.47690538906493 51.47577796090258 47.36820293124854 38.63985233785979 26.336232337697524 11.449248869123636 16.918469156464845 6.401759382708446 10.095594305917144 0.0 39.51164613560022 3.7708563049061596 67.81090201779853 73.14819052836557 41.98633321447003 16.618908532509735 43.97239671596456 49.2665924107325 27.058500421283966 18.419260688641234 14.902782198061308 71.13336884346181 57.98618745351422 5.451537757105691 23.557682714026054 30.423229455382472 6.219221976441245 17.63212719297173 38.22215161271932 37.746607512894464 36.44828827906098 39.079354205794644 12.088391700588343 20.6331458180329 33.83969240834644 55.765791415092316 66.34003369378661 69.93169051583368 42.26710806856471 24.622870912901117 42.661912975078316 33.765515410845644 28.408852277332908 11.988165463834322 38.02798207285224 10.516408446164643 63.48051104666392 15.21569525952227 58.97339730768207 26.465901791880874 32.22712838435696 30.630648073252555 38.613496848526715 17.793764381850867 22.650514494969936 3.6114113115619686 49.08414390932369 75.39849939633939 40.419290455892394 24.122031629226285 1.896092664247495 20.665745997645452 56.962723127595375 61.78839024662263 10.347784724535824 27.11073425412688 32.88834498942635 35.87154606863699 31.322380278048797 10.687946122413603 21.67003902320971 68.31084642152153 9.508501718321092 9.911539828196677 18.35890684518708 21.566854199852333 48.994773746845304 16.08992228703733 35.39087861296664 25.439608340220495 11.314977590630917 31.54533631428452 26.79165864773627 17.501889967418283 33.80202558659402 51.66983784996242 31.693384108065423 14.349427575069608 31.82428577751148 51.87936588737029 27.914434397771746 25.826882096853797 21.894769651360097 41.42497816122778 58.943373179486976 8.427611419821464 28.049551832429497 47.30930132500713 82.21040732322011 58.39078009475776 49.55019372866441 62.41607619935028 87.9267752628128 68.84898272924997 37.54530696761852 21.770693681663815 43.9672776869389 76.07315746451899 65.69643195733767 31.454475920110834 7.589500101427384 38.99577593887721 73.3388992503531 74.06815476466771 46.35417159776711 34.729783463657405 51.56003738567871 80.65697745093004 90.8313091157033 69.91108027427873 62.60646227254549 73.11878442580192 95.74926473297624
57.259978367689385 56.932580079361756 54.07945146006327 57.13790180173163 58.796456984979734 73.68912206597051 13.180004911257756 46.598784030882065 52.8868219985813 39.76473347100233 31.39180302513838 39.51164613560022 0.0 38.27362526167803 69.1129660766134 86.03760308348024 28.590772985861033 27.854021465520653 37.523540824859225 42.6238461420282 45.899176655337264 53.315143311443954 48.209721410053 79.62472613649018 60.156207312179404 34.664857138111174 60.04984871208114 58.12483714118201 42.62311195652866 56.48235538859901 51.431907691853446 54.397960752067306 24.884666121066296 73.96122042638204 50.68110308658552 21.849537536921996 40.72221651261321 74.61349796893657 66.2645592716272 81.61370471868729 4.350379815861687 15.641654197268258 46.45810566307291 39.38744231400028 54.47694660372889 38.00228402054855 57.23639814634858 45.12776743304361 67.52164075972418 53.891775756725295 64.54756316457774 14.649025174080807 46.91213017913428 56.04137479025857 46.05423846667942 43.429891270763626 18.04775694924763 40.43979781243783 78.05183280805973 83.66398147548819 50.26046294160734 62.549155351392265 40.73168880262484 44.936323418242864 73.16659431749171 67.06389638679863 32.437154782323255 17.021718156835973 46.349396130029476 71.83476212384194 50.379900586027844 39.889648004876385 42.44741377674057 78.42251068826538 48.87791737399578 33.72124478220454 55.046576255913514 46.93199091057638 39.14722407013755 26.506637176897193 10.52147521056603 16.06915379491401 44.9654329064502 68.7616338921263 61.19679312488608 24.638007873467416 36.74399122312372 67.82651542540773 45.5053955937647 39.65691704535879 23.300572742683375 51.49211899112317 24.573719325050998 51.84211284237278 20.666141679189995 53.373314738256944 76.29916934730285 43.05321790770122 40.86551253983248 80.67195680030359 67.53344370391562 33.69201560356405 10.217156615791412 38.32076643508246 72.30092992476962 69.22407519356562 36.93555380479932 18.20290344305597 41.14977840936319 73.8248660203917 81.34359966644958 56.323041983619305 46.07170139225827 58.887443821185045 84.89801628768419 100.17528447538587 80.98887613361305 74.01388536042617 82.41152302411159 102.4695552786968 122.66497672812292 107.35352814493035 101.96819815298443 108.0041518006989 123.80197945702196
37.82775153574226 28.615198953469246 21.975236708003344 47.74772989256081 50.7540697827367 41.968400360551634 25.221895331231494 15.175115272824002 15.832138796269339 3.1085397898058504 11.378468153581183 3.7708563049061596 38.27362526167803 0.0 64.06825608794595 69.79812829071109 43.370652168458726 17.926691090062818 46.04551178659416 51.48730805757873 23.473117736595754 16.98509557829846 18.659411727148626 67.57697567480228 54.23209964568231 6.820798693443418 26.848613131453092 27.811491337225707 9.983105818036332 18.21429999082676 41.56227619024323 41.26058915911013 37.675147404983235 38.09880752210795 15.081657941638174 18.217677236982897 36.610082040956804 52.662644940622954 62.58059333572386 66.50285180154533 40.725131941003866 24.059816671739483 45.49090313010814 36.42839035369546 25.509962851654393 15.146885882253635 34.70712386269901 8.458346717567151 59.769341926990364 18.047197724140638 55.276216559354616 24.580754617188706 28.561486694277093 27.7179852891573 41.590911113729476 21.3484394434175 20.771205588370396 7.357484613501269 47.01898261844183 71.85267161504105 36.70765585745389 26.862204231754546 3.2913392436890594 17.253343831757526 53.68756227441747 58.09631018274228 7.199583995875328 27.2902176926107 36.11777318648871 39.09172494549042 27.852991327338323 7.1405308003175865 25.022298633088656 64.8032699942103 10.86155612458436 12.070742111120092 21.72016084963407 18.31255481884382 50.95031383394869 16.950329076787426 35.13814549611579 23.432692402988707 15.085831567677738 31.269189773043017 25.466300217595105 15.01543510937619 36.235032635528974 48.33911485943009 27.9924032715517 10.687910746704288 32.962941321800265 54.62149543141869 29.198182655841062 22.831211380304126 22.177966894578415 37.78154122510796 55.762522706176135 6.116489116462194 24.28909832928976 50.76068212687791 84.31688812150658 59.289900330918066 48.1254174513389 59.25899251488669 84.27342076689955 71.86276350852577 39.85066964466131 20.167830340629695 40.2523702126595 72.30913947972344 69.36752460948216 35.19814151692392 7.798594965326278 35.74325421704781 69.92278299671044 77.79555150997543 49.67707904813814 35.75340271803805 49.836018144769355 77.99859536093675 94.26064393333269 72.62722955481394 63.71133756845915 72.3763026241774 93.87384306734802
29.966417656627556 43.91434422140473 50.88968962225163 16.408647563240418 113.43590990486365 101.60610992485837 66.3885377914335 78.8296605647973 61.19369960673899 61.578750398145665 71.40179237820962 67.81090201779853 69.1129660766134 64.06825608794595 0.0 24.827341810097103 94.10315147213188 75.40876147077684 101.06796600734047 106.87169979399611 41.4238930279814 59.28774974528744 82.42873160524798 14.999974201401793 9.977355449585732 69.00547651311703 87.54360457902699 47.083954570338534 73.92093289810278 68.88033704091704 104.21802380382888 104.67528690438408 88.656433782947 62.620285174385295 76.23002364548587 57.735999880885466 96.73970858828672 30.835783826974865 3.2589891295573685 20.614517995580844 66.7433625359561 69.62364185093476 105.2900470843658 96.0284165008041 45.647676485445466 78.337114612083 34.65075946563835 60.26877376728332 5.589065760231451 77.98731218941445 9.960012417689807 60.67432037271484 35.91210350363548 44.16396577968235 102.4452706254715 85.1474493832326 60.845421561969296 71.41884055531506 50.628293893190126 17.413880542407423 27.516749769429076 84.49701358171933 66.71295548464286 48.28899773822915 26.023035022221233 7.921049796643751 59.50634392181025 75.43188273885747 98.44543096279574 98.12226643270728 38.38584906521134 57.28707059601646 88.20651754718587 16.753259931377958 69.11296607661338 73.70920393908881 83.31497220807512 48.27866604868706 104.50795012345525 73.26721845206305 76.44669733140469 59.76792576479549 79.05583828739285 67.27958115407009 58.590183520906464 58.33044224904479 94.65515004923789 26.25469886385529 36.232045033758084 53.53300878632138 84.67934165014516 113.30663087867535 82.84913421615636 46.600497144890284 73.47801935278092 27.266041018520507 28.430832445105555 61.040420155851926 39.82067444209778 110.94445276595236 135.93248336901928 102.77322844594595 71.00609079167911 43.77471152423179 34.42989695647598 131.67036064106532 97.11990390427407 62.62843793175683 28.41162405742124 9.325940479326517 133.27487434727036 99.26465710033578 65.87562324897236 34.93664122868149 22.27971353545615 140.54515425076391 108.74696062654144 79.33265594280576 56.1804854571453 49.12872264505293 152.6735543538935 123.89289689085935 98.91625703927639 81.32737684976082 76.4107247667642
32.1618763677301 42.682872378370654 50.51793124500917 29.178114646789112 120.51545656551906 100.04118595026397 80.07922080460624 82.59579144411805 61.250795321835525 66.8023386174121 79.59714378526262 73.14819052836557 86.03760308348024 69.79812829071109 24.827341810097103 0.0 107.31865520067218 84.97061955154058 112.86045224996823 118.6578399106564 46.721715369162794 59.11965922255758 86.1242360296453 9.936722816776209 28.555996421313456 76.04005396687688 87.92291441184166 44.91884018926789 78.54150113329014 67.9828144365364 111.35016221368687 110.82289654476372 101.51473654756764 53.64492204947063 78.25358771448411 69.83239961885666 105.82370160795104 18.99017068776858 27.79878754361766 4.658454026667232 84.5760862349634 82.51770336144732 114.70883193090073 105.41779701198934 45.52782228978622 84.94330132394785 35.12102792787209 63.454831712596445 22.06678706394877 79.07469254338788 22.830581651776768 74.71309024514386 42.57076840451734 43.38970248279856 111.12217680262867 90.88278434035193 73.70385657325271 76.60472364999085 37.905381770660824 9.643523965456565 36.44464094895729 83.44263425008027 71.58667617940807 52.54509538791909 16.36005175580843 21.16899886384221 67.54792594735756 88.24023915433048 105.9080187648811 96.42960972554705 42.03085213194847 62.67317086236208 94.79806449001309 8.52405270691158 71.13065980786614 81.28747963413718 84.75728384932363 51.586653250420035 117.02232271702172 83.09087257805554 91.39069201040142 73.50932715727765 83.41068103385744 61.21631065912426 54.95940002415377 69.31747690863233 104.65996081341677 21.481142508088656 43.63601202375871 59.383438993461915 97.04780144385838 123.51315355526053 94.40363536660004 47.72173056179705 85.06492492952226 33.875083619676815 15.251469875943917 65.02517449598268 48.48898692096797 109.16188786783017 149.91297443591762 118.72083704523678 90.05644561544337 67.23450492551582 57.66786729289476 141.31569459119564 107.76783940159041 75.18327816993336 45.67252850588267 30.236911898338242 137.94633953398002 103.35199287403505 68.7672199021394 34.22105926089178 2.843505344553853 140.18257801277366 106.29145119117736 73.07142049294893 42.140655768528 24.638987884610525 147.7700156661213 116.02838512516011 86.510091132407 62.45163466285571 52.0693630613221
75.82954497425915 70.51920924228862 64.90458779729444 80.0462229797406 33.653091538961846 61.86973923383355 27.751989749371088 41.76510348694357 58.87816020899633 46.2487567150423 32.05688134905744 41.98633321447003 28.590772985861033 43.370652168458726 94.10315147213188 107.31865520067218 0.0 25.466225417501327 9.315841118436039 14.037528279888093 61.87262621941362 60.256948567720265 41.12028640151432 102.49818941271477 84.47450722494438 36.76365017987811 52.313724392242335 70.41815696590298 40.84843914916843 58.704887521137486 28.892956252498283 33.007349936931945 5.894373665594318 81.05961179357628 48.090794477461976 37.495602794124196 18.81016167893011 92.71513547266359 91.56744054056514 103.27598193729413 32.687376093017065 24.858126923408033 20.344819297209785 17.42144656166347 67.50858768791358 32.60649586594719 74.2193584156303 51.8279959910918 91.55427711235416 50.67264988995006 87.90524629462354 33.44267047619058 65.05590583173598 69.57635230860124 21.98287379193554 33.27523381141743 33.745648701342624 40.38469926554948 90.19994728829191 106.74560366803487 70.95177308512595 57.195878357378966 43.85451695710003 57.89303963588349 92.50812510867748 90.64577801894809 41.82934515769078 19.084648390595618 25.905909614447786 61.353767251222685 66.81243437879967 48.93430104828073 29.44661795900952 100.6227817589263 50.45332909374338 32.17819017029744 48.75208638386299 59.5794159480455 10.688315362033626 26.50166522211782 18.590228458646706 34.41537593872201 39.75095279687445 73.16673895001968 68.70960360016807 38.126644908285904 14.68110076278036 86.95013383954503 63.86959181618619 50.896655445777306 10.612574475843978 23.266780189273906 14.175225161103135 64.6772488943343 22.627331613177837 73.44642593579961 95.20831034054082 49.48634458337081 58.945962028748184 66.19245376161804 42.60039321225715 17.530721986444796 34.56454384673749 66.90992404487176 100.76714219553888 40.64648896196986 12.089760360533925 32.172029443473726 65.71733853195454 99.98674722747188 55.63308867834442 39.696671598016856 49.511965877086354 75.64302772091816 106.71046981574663 78.37998308009493 67.79553652301617 73.78219514039932 93.19954071111127 119.6798269410923 103.90912816763684 95.95424293518477 100.05998462624609 114.94110784896569 137.1334750598984
