0.0 61.4342862873838 87.67409102539996 49.47948622098654 84.95230555800883 62.61718933428163 62.829263504544535 64.53095728107859 50.263832928827604 53.64075783641444 67.72761222475404 32.700985058555105 68.2505834925694 102.73052755117439 60.86475852447216 88.75813081453303 57.736656954706866 80.5486555471063 62.19014407814627 103.1698512394302 51.671699089052524 44.668908215157025 91.10601577433704 36.42173792004957 54.157317528468425 85.0957936823135 16.72496561714034 74.41874206839626 85.56078309258181 40.493163074025766 21.961196821610752 20.195336874867294 38.56221204249828 29.659596290447382 76.9164352660333 96.02639074061963 77.30713831658564 28.014464569002907 59.97887928479515 54.65838662808582 54.92304780476994 86.50835510369305 39.53737868482839 91.66514403247119 73.66128628341953 49.53830112476251 34.68180333960846 34.60452697867912 57.28725067096669 46.004443315785316 9.970538251947763 46.66507745287368 93.48701147659729 54.509767152773335 46.92066998068909 45.91498563417888 24.464775232525486 43.118965553801324 86.252612044564 57.29679889387815 92.86619200721991 36.79701362311787 60.39706676675191 63.418739577758295 42.79359108002992 72.27778835954214 90.37052008334717 33.523669325327596 91.59479889118431 86.2514809554199 79.9352872296228 40.64832578633731 61.68118755697388 35.795338614402226 67.26736621734632 50.4489266122139 47.543801682936355 54.28776451336008 77.77627725041846 47.342743545491 26.09162757292013 16.196237068537034 25.55129117997692 16.110090733148756 78.32018753093816 99.61437352020391 66.19471063603297 28.73400375595931 56.2506818855789 59.312134072904065 16.022574707377416 85.28029060129748 67.6878072717841 86.77940496559711 63.85502105407953 55.78335860595945 41.69016345508848 28.73400375595931 56.51578482700978 81.07490730968469 125.21031244486781 91.9461107343655 60.21120721162204 34.518530204403625 33.94857346578545 121.57338249848095 86.97590974269362 52.38687582049531 17.855390785822237 16.973495256372832 124.3081927334408 90.7252027823935 58.347575793800054 31.18747063465527 30.58951766434797 133.022186395262 102.2389824576054 74.86999307664531 56.1517681290692 55.63564628437676 146.65293873569794 119.28923772123184 96.6823994399072 82.82376966798431 82.26052285832502
61.4342862873838 0.0 42.90381752859048 18.910719972428186 26.36924136390109 7.043564108606957 37.4647911267457 12.721587977377634 11.44335389954944 14.661523157441513 6.432468061111938 49.10640042000594 13.875235931488554 43.6822823773898 29.905936587297703 40.940805404889886 23.21681853560176 19.36931750619876 8.639325530922752 47.941999547162844 9.763100749748915 42.95709910718991 29.81825748544218 60.87392002802171 29.260653898895264 28.410715962035926 59.801556797400984 19.310554884633905 25.634945138492082 22.08594834326609 51.95898751036585 51.92538165974221 30.65500444433584 60.67862286717012 21.56283766631549 42.46389586971851 44.92767299617701 39.87711292971219 8.811079551343425 41.54065951055959 8.005180660777928 28.85371816650546 38.788498851813415 33.88807651719163 42.516961393595835 38.537085565265244 29.881407920732638 45.83005681014904 36.53625918647242 47.818951741999804 52.169545384273604 55.91647450464549 34.610518291570266 7.9240920650808455 17.355743140108274 16.372018539350147 54.28829746183215 36.25362541661856 30.33080852398998 5.766811515840887 33.24162786813983 27.769095223867584 17.290332708640953 8.89429340947152 37.80516110532307 22.594281194976844 38.8676954977176 48.5728587188011 44.129354058942376 37.46712858277697 21.75733947749254 34.1374185323115 25.924117347685897 54.39179106623472 8.049026650399707 13.046199411716925 18.653106683423704 24.818220691117535 30.773900570463013 15.698736212630939 74.6975143199188 56.27934148205974 47.09493241839125 59.83067602476646 19.328333688457864 46.790787868620576 30.354146382154415 45.24389291435752 5.688756625294468 38.98931759609973 47.0512128132446 28.704812969614046 41.05462777123733 34.50414423134148 2.4755373007145485 40.001300634190585 21.33919794235913 45.24389291435752 38.55902041078366 23.74445171863833 80.53308344485032 57.30778054113323 49.77541769913608 63.76369671871267 89.7152837934288 66.8284717732135 35.82169487756728 22.252828437447064 45.84788204822891 78.12626682674602 63.573883978744966 29.371502028132145 8.864824338781986 41.101565197157456 75.46486457068266 72.1968421946752 44.97421179173925 35.040067968654085 53.17672361048471 82.59874356194558 89.3208467734448 69.01529646223766 62.79160834181069 74.2781156606024 97.3985025983048
87.67409102539996 42.90381752859048 0.0 60.73561998938667 26.060820475384613 49.15211107797545 80.19074902114117 54.15654292535904 46.61387234596441 38.08725353980633 39.49838197331784 87.80830723487914 53.33070907295467 31.06095214645297 72.64086996439785 75.36392553764195 30.466482300407126 35.931017597055174 35.052222378341995 22.333382983792546 47.51901281735864 84.52751061324561 44.890867960306174 99.82928629318155 33.579123390674326 21.590004889750837 92.95811985834766 24.443988255975658 50.10091158783777 59.13343571530175 87.18026420259746 86.47120432338914 70.09807400798253 97.89365395437545 56.23618811982788 15.675094271985902 16.305062965898948 76.20055125694246 36.227444095764085 84.31521315253632 42.228205142169834 56.69109753554595 79.25800384004641 23.786019560854882 83.93084073135749 80.9037784567788 66.82386191238817 85.08043471585881 32.31054490442846 49.12863012586968 81.15316826341744 97.30275639796903 27.169797494637255 49.26771618261537 57.532347756165684 54.725861322112266 90.37722323198707 77.53542524099414 60.21190887787371 41.37673833908549 54.44812564330337 65.29155372063254 59.942139728906845 50.66481234168103 79.0381533747183 61.40804534821116 10.724844321435903 87.51054021079847 4.961250962690814 6.98842728191407 26.44055781280264 74.70861467946584 68.50150174536543 93.69167762589056 35.492938147727514 53.82556880955304 59.64958557875204 33.58021164202504 68.53254593437406 55.26169029718806 108.29992478274112 89.39244726538438 83.40666022759589 92.76280379633347 50.050396433843346 16.326563663758986 21.487602287109404 82.61380120982533 43.27264506008138 81.88722722315227 78.1929896812082 58.36902521961136 83.40901114717383 12.641442845407036 42.50844989307823 82.84777859253761 59.19832224557487 82.61380120982533 34.01841498158607 24.227657566588068 39.01429632603734 17.6014334509842 38.630996945766064 71.2021468372116 105.0808537599838 36.37675721659908 10.620168517374635 36.01610322539998 69.83110769696489 104.16553994093647 52.26680005376669 38.838315657877594 51.76713137458109 79.03215655892528 110.48598282543672 75.81348723759818 67.05677487048783 75.10195241247979 95.80585288245187 122.93081641334246 101.83661444233496 95.27437267718972 100.88801744832496 116.93696578073232 139.8741998616429
49.47948622098654 18.910719972428186 60.73561998938667 0.0 45.056060402035264 15.698697672729399 23.361950469198376 15.56616350303937 15.47995920148312 25.006197675889556 24.647079259556378 30.812835144482328 19.33288807627659 61.88918709409939 16.87401301672592 40.503790022229275 35.30596645179429 36.713493316346586 25.721784446805792 66.81148815638649 13.703588911258597 24.094759826572414 44.319621045805484 42.29373781073354 38.82791827714869 47.30364742657192 43.963502620886835 38.059780548276905 37.32494007464951 10.60095514652526 35.403581468161164 35.777855044803026 12.864054399961459 42.75055389002971 27.594786359547395 61.36551963317096 59.896259501595146 23.597442208407706 24.530999556821563 24.09036457364618 18.79121817343866 37.31408839102043 20.00630173932717 52.60426351929817 31.98079835888799 20.193886164461375 14.82791204869371 27.378130159013228 46.42079774503432 51.84932486459627 39.54961421477962 37.04498020055391 53.04881592457735 11.523564623273032 4.9947837105345245 8.77060814005308 37.11812119365645 17.342911408232904 36.81369256833374 19.36374901512622 44.18210257284906 12.683465399062353 10.960587700617602 15.66124822344859 18.894517246249784 22.878608655464536 57.61047292716085 30.190287343019907 62.461950555321586 55.825251022040725 40.59638552166806 15.398153559943795 14.988781027637064 35.777855044803 26.954294216612126 7.058738415742694 2.596481401627186 34.95203155005374 29.150690261915127 7.014923432120179 58.017325479305065 40.68748506962464 30.19028734301992 44.11659699239557 29.967568759074194 65.68420444998385 44.692589863780235 27.803641497832842 17.4683148088588 23.188778158346217 33.65154106867959 35.921711314273104 28.168371344693266 53.25798496602796 20.402360424781484 22.966330070229635 9.166014071136372 27.803641497832842 47.83118523204362 42.634675093016696 99.03626542762422 73.60223824801993 58.490912361468865 61.80512869009585 81.32251093904496 85.64838740904635 54.47449550252379 31.52986505897554 37.6248781692455 65.05357684265834 80.31720563237272 45.725343352203545 11.207805078375383 23.56431901387841 58.13599343277495 84.58046021117049 52.795349001825684 28.560187986228044 35.19745210309635 63.6936242208842 97.18337428267935 71.11298224300086 55.356128800259654 58.875652819079505 79.14025992268688
84.95230555800883 26.36924136390109 26.060820475384613 45.056060402035264 0.0 30.087264820345446 59.6312843580247 33.5544769100827 35.570884009182805 31.503739212690732 20.417190569707927 75.47564177079136 31.475620849176547 17.827686459244468 52.41430732869894 49.90175603418573 31.327362922754638 10.91026805169773 22.84005860576026 22.016358702241597 34.99546108972705 68.79473403325102 19.00463207179951 87.22366122828187 38.0559031988247 4.478404994958431 85.43894293662152 11.163754461105738 24.210458675394175 47.92123316495445 77.9569511735474 77.78390147275168 57.022265030372566 87.00523302150664 31.883133512425367 17.964117096904 37.306075663712704 65.94429824906378 25.0227353086297 65.92531513396122 30.58618371738307 30.85482989354956 65.04826645540281 7.549197732754039 61.2184935209389 63.79110094434 55.90877557128791 72.19073003907066 41.98089555260224 58.53985343156788 76.41978031282478 81.70804344428734 8.559067621943747 34.272236836451725 43.70550157209244 42.34600234740079 80.45621992026716 62.31418546385984 34.4875317439007 28.480076615256365 28.427698140821125 53.87604271085515 40.281924555504176 30.962963520047687 63.86482549162957 38.1869109459328 17.050711479226152 74.93992290728603 24.448694047363762 19.072868153718282 5.018991006883955 60.41416825118384 48.0702456242962 80.73093045384898 18.6648819701133 39.40495172316681 44.9999295204497 35.00425703802144 44.32219289011028 41.938596040391 100.57248874410047 81.85985398524389 73.2400585902007 85.41384957555573 25.33995714196352 22.254107089000506 29.755983691711098 71.52222134600052 29.98065393040796 62.24338639870166 71.8855160024622 32.69355492974572 61.890802494243964 13.570084497446654 24.659034007648337 64.12152513674805 47.363876160622546 71.52222134600052 44.323203375082635 4.361805349048743 57.66433466636106 43.60395301058669 53.59338743559225 78.98110450085109 109.53810200553482 40.63791410853496 15.586109303250169 35.060852308321074 67.9002926883754 101.91411065600026 39.797870050964086 13.265639436687357 34.10183361094771 67.41471692779814 101.59431183897237 55.8790706354444 41.23663061403871 51.70367543410941 77.72323707716654 108.64324317862115 79.16534985394553 69.39947554523616 75.89586122048668 95.38782023904034 121.7877280415165
62.61718933428163 7.043564108606957 49.15211107797545 15.698697672729399 30.087264820345446 0.0 31.04337737919632 5.687175658440859 15.157478483811825 20.984812217481576 10.030844446473507 46.50283856895806 7.463350683689071 46.38734834561085 23.503556760346704 34.53385930207595 30.107549967832533 21.09220667642853 15.650019258376553 52.081235102662916 12.714192491032057 38.78661495710511 29.01069810453307 57.879082594872195 35.8986477522694 32.864775685863606 59.06870324519899 24.97172445138597 22.950270409786985 22.17157585469511 50.74786503422429 50.96516174900469 28.452263923147875 58.446423328424295 16.103238152984723 47.23716942092393 51.90661888370576 38.733314205706115 15.824229971817811 36.07474830633886 13.632881440502802 24.68031213245499 35.52355743532085 37.599270934932704 35.55862787288439 33.708001401169035 29.12974280038048 43.04557024376163 43.30333623583542 53.69479720391326 52.97240039364858 51.658594821147 37.73142555063515 8.530618528889235 16.09273675917198 16.71854587551961 52.66980801156993 32.49514069727322 25.43872306200964 11.995487580429796 30.343282321092172 26.912306692266824 10.812397550728063 1.8810206829176574 34.03346240685464 15.824229971817811 44.23864379983758 45.86775803222809 50.00444261274776 43.371958049702926 26.0314920085714 30.991399628782066 19.35143825005605 51.35926383920555 13.665177259412676 12.195464943934656 16.407829651282896 31.467065791810644 24.0046134546571 15.300465561472665 73.47727259396355 55.668370796609864 45.630113939846936 59.17014553037962 15.79030701144088 51.60350895467292 37.395431165454546 43.39417926259963 11.028348486388662 32.950985764063255 47.44331951645743 24.02572442004052 34.358048098582586 39.89492958131505 6.672610893980455 34.376426527287 21.070910703623195 43.39417926259963 45.2624142901353 28.253471343746845 86.07423222370228 64.04774423308024 56.4822594831006 68.36058614707355 92.47100003027762 70.69058635180001 41.384121580208095 28.687465177613003 48.25074524765195 78.91854531504238 64.65321743688116 30.050437740290985 4.568753159203283 39.16085566073095 73.76398945512514 70.40922317094682 40.906109607019836 28.000005095490106 47.84903503902497 78.67591378187963 85.61176985816189 63.43062638701482 55.78805544700618 67.79353537706285 92.0565765605458
62.829263504544535 37.4647911267457 80.19074902114117 23.361950469198376 59.6312843580247 31.04337737919632 0.0 26.34276130745091 38.367569685064346 47.647920352457376 40.885186192833075 33.19225178775388 28.161615027545956 73.6873631588812 7.5607720579752025 29.772089224185226 57.94274202769137 49.18180580958549 45.880397107239695 81.425911409066 36.1947599028216 20.083440472625863 51.24387201566533 40.094864323047446 62.01316337434489 63.029567482382745 51.506129287506454 55.970916973397074 42.364187028896545 32.45943803545235 42.797319342627794 44.08919713591853 25.995491307471433 44.15512902628805 30.603306746601373 77.42826242177613 81.81824297619251 34.98225969522943 45.36721347407399 10.433961658590995 40.637973625416755 38.57018203438023 23.422212273976342 66.80351119968903 10.833765233402886 13.779450903977041 31.894634471889965 29.98155589956811 69.64453499205497 74.87591559954619 53.27027570821987 28.78275542621089 66.1385200833129 32.61038960301952 28.30629938700937 32.11415825260676 42.39914583404451 19.71240423453747 35.91703586144946 40.38983113519513 46.486802540283165 30.744686419214755 20.25066987180693 29.592164552716714 20.147456557050454 23.066418418508047 74.97853073814522 32.25352079599697 80.99206752755538 74.37968638506592 56.26693721411056 22.410842070734564 11.731935935423854 34.66575076647423 44.70851555679542 29.769350666682374 25.741065290375822 57.991746411814404 22.05937768480046 30.37083839395094 61.68915535121332 49.29859373410886 37.95330700982512 51.911799024206225 36.55065768114957 81.77904082205545 66.76652618676893 34.68810683125072 38.64143613982154 4.446219257938291 47.308988084646955 36.227399303760585 5.189705172884557 70.6790389567185 37.68340436541549 8.421783532783376 31.19215226398862 34.68810683125072 71.12481628108162 58.596271670533696 116.78136537368376 94.71550283958634 81.84676575093299 82.59229418404101 96.63751063685098 99.26353398578796 72.25762549574338 54.624901604271976 56.0481532213483 75.45668462728098 87.49119334488401 55.161814334882884 28.736475987259197 31.679437929425788 59.80159669080062 83.91896276661821 49.357223193918294 14.991092983311795 20.203575774838825 54.648790445717864 89.53398469637717 58.31919436133212 34.362158494332725 36.8133526363714 62.64601678273629
64.53095728107859 12.721587977377634 54.15654292535904 15.56616350303937 33.5544769100827 5.687175658440859 26.34276130745091 0.0 19.77424923450252 26.47235842452592 14.664707089087434 45.527885069964235 3.771257866881083 48.82923976795275 18.946534738098837 29.360465383741026 35.76755574071483 23.591246199950024 21.2915442195117 55.5254365110243 17.19704618519651 36.478306528419644 29.163570521225328 56.41317007115178 41.456072732097745 36.76506877503329 59.51810957011711 29.77289288602702 21.788274851184244 24.20431235249287 50.90411154350301 51.32505013471626 28.304649855924936 57.64604029270309 12.486399750327054 51.18444313699847 57.48913917109861 39.1617837022126 21.511303819252063 32.453856692598414 19.01340423532307 21.977399992431206 34.16551619059189 40.90694364894168 30.07567962361242 30.827306731109122 30.172201054059144 41.96708928664222 48.908032660260204 58.820328963004734 54.69447049945662 49.083512207680556 40.61697966723057 12.629821774076209 17.64060663564104 19.36547100440857 52.45987113746324 30.745045443455417 21.966234067917046 17.56551181765254 28.629891838116393 27.967194574643486 6.874547053433108 3.8283397479382133 32.227128384356966 10.429633166366397 48.63622352095888 44.8123156789563 54.731488169629394 48.152717316958324 29.96807839125198 29.881400338129726 14.633998387154573 49.93141381597393 18.757137211155083 14.633998387154634 17.094820627664465 37.036960380747736 18.532890055123207 17.59294296486933 73.40842665142361 56.253192826296356 45.653397366275684 59.6771362906487 14.446273855694365 55.54632229517941 43.05833365450694 43.13107007067688 16.43345067441998 28.710621623337126 48.92602440298161 20.831582667474912 29.262194806438824 44.341016732570814 12.070172358381607 30.60259681826643 22.917653417160512 43.13107007067688 50.83748595826814 32.28236238993025 90.44209008988305 69.40930796659231 62.05087680336261 72.64812110124328 95.39374504527876 73.80555363955405 45.9372836659488 34.176600536732984 51.192555407761176 80.42479185592448 65.6423250785014 31.34235130331151 7.115113418780049 38.907073944771845 73.29222112308821 69.02754501345707 37.868767240627434 22.318825997892432 44.238686186084124 76.2288502919204 82.5523778670213 58.866881915155865 50.10518698861094 62.85344081443868 88.23483191386033
50.263832928827604 11.44335389954944 46.61387234596441 15.47995920148312 35.570884009182805 15.157478483811825 38.367569685064346 19.77424923450252 0.0 9.540160335933532 17.520195849520512 41.53171970026207 22.511028417406987 53.35171542044557 31.287477010895575 49.10821677573772 19.826061736187075 30.284824712982406 13.046570650389876 55.93291325159322 2.6015981305574853 38.1397853567092 41.237259782503706 53.5557114574248 23.690375889236687 36.62356418695073 49.88827718536115 26.222847340847373 36.90093649219254 12.858201590353454 42.625622488763845 42.33877462772057 23.50216002649923 52.346341632086265 31.260325308201548 49.62951823082528 44.51140435320021 30.796118013264465 11.119879803903403 39.499342539506614 5.018341117438993 39.55640233733342 32.65002156135084 42.79417930861905 45.83800760259799 35.25886623724235 20.870809054445377 38.62344644538792 31.339653288901125 39.21661782954977 41.22600490560243 50.76799380732885 44.101009080877425 7.206314099154848 11.275925162418002 8.123025627509394 45.35013024271599 31.107358694534742 40.552391832740035 7.14057317129275 44.492281230701686 19.06159064940934 20.696295542925643 16.7435523460342 32.57456945059994 30.142307110811156 45.04199526188721 41.15699881086822 48.91885369606106 42.439830903143964 30.61197337064101 28.127949079752863 28.282597055118206 47.27718932407934 17.174675945585722 8.612637689575255 13.701802293410609 19.624328213836765 38.078714665251276 8.925130583098046 65.08722068997297 46.30173917914503 38.147996595825575 49.853445330917914 30.247705296108908 53.768846150603785 29.31069269843573 36.80667164320731 5.992377700193582 38.592228876837936 36.40990097998054 39.0831161873386 42.868602949939785 40.82577746893504 13.91858364134633 38.43666672374571 12.693464290050045 36.80667164320731 32.92946456686999 32.16257293756138 85.45948952669848 58.46107992272256 43.89633530846338 53.20616048975784 78.29252612505881 74.89938905247317 41.711472741237586 16.267297390913527 34.41296992398595 67.07256937044386 74.21158528419171 40.475053209848845 12.804373490236145 32.93213529134356 66.33212340505509 83.64001998516797 55.792944137666765 40.30973943458724 50.31620391871277 76.37662250834273 100.37287509786375 78.50879212284607 68.17118348395387 74.33541220585919 93.8027728291492
53.64075783641444 14.661523157441513 38.08725353980633 25.006197675889556 31.503739212690732 20.984812217481576 47.647920352457376 26.47235842452592 9.540160335933532 0.0 18.377551941971372 49.73320878168427 28.318655447807902 49.16766452414047 40.41245177976741 55.46166617483339 10.324834244413841 29.186869396511845 9.647333529978255 49.89119586643155 11.466522627293203 47.402607164234986 41.50567416584578 61.74740467348397 15.033660144287799 31.455136006256065 55.902232675941654 20.780353305086848 39.155588656051314 21.15789472387001 49.45766322831193 48.90235350081802 32.314272795643255 59.897834293582115 36.22257024952265 43.05340422428861 34.993116014938465 38.180105101309024 7.585008243154534 49.03936161223794 7.516833975271911 43.13062955625033 41.626022389649 38.03422390294648 54.59143020683592 44.756968616488976 28.73959467720001 47.06724791502367 22.59963943785823 33.21045234073319 45.5278784467967 59.856833196997464 39.96917613431783 15.294831682121629 20.76844665868086 17.379025632963646 52.509969937378514 40.370779752585044 44.86111425835415 9.027994160459736 46.665408510094856 27.252800722750727 29.019328024088935 22.839942819897217 41.80189961760153 36.801838473565006 37.882509679171385 49.45206737084663 40.85308914439043 34.62460357622262 26.52409862360821 37.22033291222822 37.12650830574025 55.64588907941965 15.716240098567201 18.05288962530296 23.23138944022456 10.673600808251686 44.97090242114023 18.417307639602637 71.28072584289114 52.29438101045307 45.44620416589711 55.78109539245572 33.549152999868646 46.955416043908656 19.805627984995564 44.54361164291287 10.048617451344697 48.05126223220219 41.5556337817267 43.180846200223904 51.998938404423036 33.90766606376521 16.644592198117316 47.97026704652691 21.371018972815584 44.54361164291287 24.429669985643383 27.493604186411922 77.09578871686575 49.07904616917425 35.61705192216575 50.23171789225239 78.56657086133677 68.64345753063164 34.4707095380529 7.706402379703751 36.40605343230403 70.61349787877812 71.22564358990527 39.320234346347874 20.34491696001581 40.94626669260107 73.03508854520378 83.82865935545722 59.01089136096469 48.2921839110115 59.806298271096 84.94857359980927 102.83126018280278 83.64647176276073 76.24917361037913 83.82052723431445 103.11433055453972
67.72761222475404 6.432468061111938 39.49838197331784 24.647079259556378 20.417190569707927 10.030844446473507 40.885186192833075 14.664707089087434 17.520195849520512 18.377551941971372 0.0 55.21280988930055 14.094910206964476 37.42200100869265 33.390155794237536 39.61806418026229 24.89169729624193 12.942009723421267 9.48452975816523 42.285977067875514 16.094598742416093 48.41856313339948 23.85010874730486 66.87751669544552 31.606376583254708 22.918868331410536 66.22474016592547 15.112475853643636 20.77835536854154 28.514158628548092 58.34046352569947 58.33047194855041 36.81151527100022 66.89756112849999 19.533972737396027 37.24547512166563 43.76780647552866 46.251790486909705 11.003443111559436 46.09559365057436 13.309752643880856 25.03955739881428 44.64913315289271 27.966355834859755 44.53921239258834 43.58828809242918 36.27663650201265 51.87588457031681 38.33764308479201 51.30433681661877 58.534342919690054 61.353273229042735 28.448843138707613 14.239947966186541 23.606441172836583 22.796261804220194 60.61822242485593 41.898952176150836 27.167098777681783 10.835407415502171 28.296606793617872 34.14844455124221 20.763808403616007 11.304945058662598 43.449998031614264 22.699612595815573 34.21872319104033 54.64866408171473 40.10909780442854 33.50891268393402 16.107544821287835 40.02448232071023 29.154203009937426 60.37312927440443 4.45590672975227 19.297085631036982 24.697950350678482 27.27095566465031 30.548222415673273 22.0594016897792 81.09133310323568 62.70648992807126 53.43908924243702 66.25693420436237 15.54199411980881 41.6086390817247 30.17127538715704 51.52104159024495 11.538198294957095 42.945017385670084 53.46201792766268 25.382427306679 43.92669660016448 29.88159025062896 4.313792355323447 44.40653275159503 27.748018995279885 51.52104159024495 40.52746059238128 18.278113713047947 76.05858722319707 55.00859069712443 51.59250262444329 68.50133225182277 95.48760982011036 61.04173857602774 31.401150027070926 25.314331763733975 51.86948387329681 84.46843266417265 57.141599485636284 23.007228524092348 13.724301817243884 47.352234158613996 81.79832163724495 66.34862945854272 40.692409930739956 36.116969983911005 57.860439988369784 88.23863785214017 84.48055199826447 66.07258659856308 63.15843936344994 77.50592851658703 102.07902906814203
32.700985058555105 49.10640042000594 87.80830723487914 30.812835144482328 75.47564177079136 46.50283856895806 33.19225178775388 45.527885069964235 41.53171970026207 49.73320878168427 55.21280988930055 0.0 49.11576339549503 92.60690445396399 33.91222394110427 62.17983694583302 58.49441699632977 67.51645660015932 54.30022338740515 96.86281346850602 41.21291212249871 13.210114218237777 74.68981168386239 12.03325309479234 58.82200353299808 77.32612846911908 18.663596767688198 67.39140040702854 67.04939199974585 28.7395536422711 10.781127421133009 12.507416706708387 18.46284544229879 12.155238614403386 56.07151280510344 90.92074339127066 83.01873467543263 12.631936012270735 52.55994864145005 23.490054532473735 46.342349346942044 65.69810108638079 11.531948322295944 82.98936157013998 43.60100143872274 19.466221711589846 21.000747189900377 3.610074367048199 65.15537523308139 62.206406113901224 24.91882290584683 14.92440148548791 83.6574533886639 41.21503121869329 31.80063597038853 33.677691624781204 9.342602048408802 15.394280013910034 64.22152534739722 47.86478905367558 73.2397943554004 22.540213546247113 39.24546657498905 46.339765457179944 14.195202626746486 49.51568082612045 86.53892850502095 0.9430624513977892 90.37270271842802 83.94613865184184 70.81225314473627 15.648745157730973 36.42319017976544 6.080770554809927 56.947440508962025 36.08157655785879 30.514862346529206 56.45867297730405 52.521597218701665 33.70937990684547 28.99241916004832 17.121305921641927 8.08097592043635 19.138612979294678 59.83121175525646 95.1350198694336 68.51825712776034 6.258573174666431 46.09890536841506 29.025905649739208 20.48505963402559 63.828704028249405 37.378410821024524 82.28653384556225 50.906680057524675 25.086773564082996 28.84512223700273 6.258573174666431 65.60141592468263 72.69565956162265 126.79708957017975 97.80543589235722 73.81793073149231 61.04959253388077 66.33099459935045 115.81852696523045 83.22756442491746 53.24055643179231 33.7211995107813 42.83123652543488 111.01749277136946 76.47087743057645 42.018571523195064 8.841915788246714 28.029492697532838 113.18313451580096 79.5541842378331 47.35144260907624 23.458358882460953 35.40161977655471 121.944733575222 91.48780902490579 65.30180418774822 50.531547954842445 56.8977532651208
68.2505834925694 13.875235931488554 53.33070907295467 19.33288807627659 31.475620849176547 7.463350683689071 28.161615027545956 3.771257866881083 22.511028417406987 28.318655447807902 14.094910206964476 49.11576339549503 0.0 46.03936367968155 21.051887893605194 27.143063667691493 37.07252916605734 21.081018973667717 22.012358969395443 53.28340326718116 20.001254593483388 39.71974711605036 25.637984458218277 59.86633757208438 43.11008214194556 34.967263351935834 63.27571408459951 28.892794698824687 18.058629224413455 27.862916481088803 54.64517584311717 55.08017387853693 32.04328497837305 61.25144024474654 8.96800141019524 49.32397573827179 57.73355927867449 42.92543059935417 22.598626013017743 35.086291788234 21.05888444486669 18.271572005532192 37.69924969816898 38.65409795326291 30.60232628469584 33.868792690831626 33.936737135392995 45.54070418044195 50.41148260222569 61.15128750696688 58.42971394026971 52.170820269796515 38.10955005557419 15.575941572716092 21.33656949976793 22.880357494437433 56.16276643260031 34.194093534103665 18.458693567497665 19.29180554308797 24.85864305581867 31.72959988936025 10.036847978816143 5.768492283516776 35.65293693421471 8.812764524793765 47.173642374905825 48.384913536623635 53.572203267916144 47.08459202199042 28.281703776784166 33.48388856793145 16.711056785215884 53.406154969074244 18.481092305203124 18.15115695082954 20.85759907698694 38.668235295245736 16.942213268993623 21.17075478151276 77.11646821493716 60.01784199326292 49.38646562997794 63.43767304083193 10.743363579821517 53.66295259683727 43.701926029763406 46.83649818028372 18.45536208407885 30.934268449995624 52.67772964082351 17.2295728028336 30.54424234573854 42.94998135592527 12.571139781933597 33.15288129003701 26.59882495955635 46.83649818028372 52.42841869191157 30.637326275712127 88.83193026650997 69.09148402499308 63.64691794716696 75.65053095403623 98.94367676532433 71.30562165355803 44.640617064857594 35.9987175056133 54.716182157762724 84.18220402875953 62.237978879217735 28.159868880160367 10.355858130986162 42.61880760674635 76.94371389467622 65.25644791759494 34.26780515223607 22.022871804655413 46.80360277369078 79.31578354923245 78.98723720853195 56.00603192124477 49.28666358240368 64.15981942561741 90.54610580093426
102.73052755117439 43.6822823773898 31.06095214645297 61.88918709409939 17.827686459244468 46.38734834561085 73.6873631588812 48.82923976795275 53.35171542044557 49.16766452414047 37.42200100869265 92.60690445396399 46.03936367968155 0.0 66.95587380664243 57.72994877407475 47.745137623548544 25.347655771366945 40.667106694004936 12.143298951922732 52.670622630745775 85.07478746790555 24.1247575921236 104.18275320564153 53.97741345391833 17.997302606765597 103.16982777639087 28.45231954285687 32.78768142195317 65.5489527300506 95.56386770740949 95.4467529478937 74.23095639472935 104.31925125764771 43.62481854934124 15.655519564228188 46.48695031614797 83.50863330562609 42.84598238967027 81.1252599769908 48.38528286687878 38.76119299697142 81.86243034408497 11.326823409162278 73.31532805778673 79.63844543686622 73.48251810151446 89.23549732226996 56.551955460370166 73.75834156779852 94.24514641610523 97.83789259918561 9.268682244495054 51.600414369607975 61.0122984127433 59.912031564174875 97.96284441827092 78.88184591770484 42.5285644545506 46.23492887511263 32.90860500891029 71.40782533515663 55.703786642914906 46.91191658061471 80.4187490316187 50.91389230158189 20.547864126146745 92.02548767891335 26.91893295818023 25.60359859008232 22.840807842602633 77.28261221089636 62.65493493168827 97.66599617169842 36.298617552936804 56.69920243022581 62.10107155535575 51.51048331050067 55.272093387547194 59.37318698188366 118.24192678993515 99.60063596595924 90.76127461229551 103.156541540378 37.262205154275925 17.261720174487117 43.84743448619163 88.9213213027105 47.67422468168773 76.82958272141279 89.70354052550107 41.13852990269849 75.12013371765029 20.864224634096967 41.735692730510415 79.1883217930749 64.92425605483831 88.9213213027105 58.78919334296637 21.674332685684934 49.24969777671107 47.236094851804644 66.57160992322687 95.01118093677151 126.55941063681422 25.913994011571436 22.21117291369524 52.057528732616284 85.56567870442043 119.69892825400807 23.05097105928191 18.826417163291847 50.718560914296205 84.76533832144737 119.13355724430019 44.77697230860976 42.597534278988505 63.39515357326314 92.83406679783586 124.9488107593002 71.36064184424836 69.81117895320044 83.96203134049199 107.79799257133551 136.33031280481734
60.86475852447216 29.905936587297703 72.64086996439785 16.87401301672592 52.41430732869894 23.503556760346704 7.5607720579752025 18.946534738098837 31.287477010895575 40.41245177976741 33.390155794237536 33.91222394110427 21.051887893605194 66.95587380664243 0.0 28.47774222413581 50.663377832221535 42.1327626691784 38.34007664406152 74.30799340028257 29.01366586502146 21.779770229072177 45.171794547438154 42.62333370686941 54.977835262491006 55.70568589990411 51.27082781684139 48.454144613425875 36.48881502431789 26.81798712440202 42.3505989560699 43.39101851048915 22.56989579834814 45.67839160191918 24.69834255264212 70.12179349150726 74.35038280590213 32.88508059871663 37.865993527863395 14.563450485833 33.27826042977152 33.484335864962205 22.8545887652544 59.67540441726485 15.142707886981936 15.144010945429045 27.813600305945396 30.40338858658735 62.626541278043604 68.72289379112073 51.022115313832224 32.77321361093921 59.15806117661955 25.244177873586768 21.86583719076134 25.603175209276113 42.61982701350319 18.841485151446243 31.322612041304172 32.93055424845431 41.375089254495556 26.284633996420865 12.698956604189304 22.086471208096043 19.80619432075732 17.253974746173462 67.54179080587977 33.018160341471315 73.48339320867032 66.86210106966993 48.914152485872805 20.399093129084953 4.346763309895917 36.613989171242146 37.16734134936135 22.771182243900768 19.40697756592705 50.87184011967547 18.653763537583327 23.74273393105988 62.898328863750606 48.65979002551935 37.182675821860975 51.60420028259004 30.168428364541015 74.48111935585924 59.3413993623015 34.02608994863352 31.21043912522733 9.88723086911198 44.94853096411555 31.303772637017843 11.590722496170685 63.22868936710438 30.132427181130346 12.487534710463812 25.45352404991877 34.02608994863352 64.18524800527727 51.22859089669368 109.36765183188514 87.17105508590154 75.04031266542735 77.83347807806383 94.23268116075005 92.34673891916546 64.78405546996397 47.548287967211024 52.14899544806867 74.65258170910188 81.74675584517013 48.667649367176196 21.198957873853985 30.415444290192625 61.608850047636516 80.15749830623537 45.97386779546521 14.029297033107111 25.97880867653424 59.563650787146955 88.06822490530438 58.5846204021737 38.77022450525221 44.37262579625253 69.49501121045311
88.75813081453303 40.940805404889886 75.36392553764195 40.503790022229275 49.90175603418573 34.53385930207595 29.772089224185226 29.360465383741026 49.10821677573772 55.46166617483339 39.61806418026229 62.17983694583302 27.143063667691493 57.72994877407475 28.47774222413581 0.0 63.984139387078564 39.449582204555306 48.62310459776982 68.35611644299271 46.517181952694386 49.47147307661928 33.73026950362011 69.84927183959446 70.20023846912453 54.28832690026679 79.74856965806799 52.18710556307353 25.92464366014947 50.98717281717883 70.82701597442698 71.84869762682199 50.197404043429735 73.6417104397768 20.114416445702215 66.98512431227836 82.79919871174238 61.01219658193687 49.495281325567134 40.206024263575145 48.166737151767926 19.34576743827103 51.31822337834284 55.13383369228193 22.05050454043942 42.86035206791155 54.52915512133572 58.74039765007724 77.40823905032852 88.16497081651497 78.81399086596647 58.39252645024044 53.03869622393617 41.91953438411955 44.56354056706797 47.36346117409227 71.04861374246879 47.30991117436801 15.562611208830033 46.43442123710684 25.00493422336756 52.62205021599887 29.9504458390714 32.72316231290205 48.22136806437813 18.96747513962587 66.95153039699217 61.265155407760055 74.29983316951358 68.50551949062879 48.929135330298095 48.76637786335855 27.08410011339275 64.27558011344618 44.00160736757217 42.89479207212202 42.9260676212472 65.75813658252724 11.389827930937448 45.38876859909933 91.06609243592112 77.1153441102558 65.64504882134908 80.08104485677394 25.516918637747825 70.88672321054041 69.76786525757777 62.50083753875012 45.56213455332325 34.21781243417217 72.73981959908951 17.263021018405716 27.289596205708996 63.33342788922023 39.355177682217914 38.173685192800754 49.55917265479586 62.50083753875012 79.47277952114574 51.14109091095248 106.0744175939834 92.41006101313788 90.67608598862199 101.48586921188144 121.53726429220019 83.28682386640135 65.30044581507768 63.13779299518971 78.12421565638074 103.03001856230347 64.96084798095461 39.65232414004163 36.32539025838461 58.8353063526594 89.43424790201253 55.69189663263514 21.546444221034562 14.891775097114612 48.72509077939497 83.19469800599647 59.84802082886378 30.660055636643776 26.327493611663527 53.30177597272489 85.92942579440023
57.736656954706866 23.21681853560176 30.466482300407126 35.30596645179429 31.327362922754638 30.107549967832533 57.94274202769137 35.76755574071483 19.826061736187075 10.324834244413841 24.89169729624193 58.49441699632977 37.07252916605734 47.745137623548544 50.663377832221535 63.984139387078564 0.0 32.57835497460433 15.472596308077556 45.95881984964302 21.786555718315615 57.235331112179814 45.353449811199894 70.39354004892166 7.0734754424809045 29.81723898756173 62.50577025708675 20.25480328558647 44.90264252333758 30.567205593730137 56.95088622575641 56.158845075986235 41.82686234698967 67.92642038086824 44.154406566178004 38.59632494449985 24.96352671416494 46.40159206582715 14.49667650115993 59.291940813415565 17.452518716905846 49.80169150525354 51.193015360934595 36.43610774899421 64.65144845647188 54.899499895718485 37.60230822655655 56.084071843798576 13.46855674936445 27.715918675934567 50.779054786902265 69.4517764558456 39.06465643975534 25.44865594786162 30.957004276249627 27.430347296529543 60.25690254202958 50.2318543495146 52.05532943713502 18.30622842417365 52.044487034867466 36.392467136197986 39.00686981510039 31.988240998592072 51.61847264375571 45.81093573558828 32.74434686579133 58.30470442388039 34.019754224690864 28.514876211962363 26.884182876711023 46.92992841485856 47.27757328605889 64.51476548021428 20.97548989780721 28.375567992160306 33.46309468352501 3.7710169039916894 53.99026307995674 28.616384911272544 77.8371079405827 58.94837263904865 53.439143307942096 62.30422917894708 40.403172989840336 41.98604042236129 10.031599921682952 52.94604506822943 19.754365286151497 58.375792708468275 47.72716457723163 50.2604096364181 62.23827886575264 29.407208953648652 24.632226892675302 58.25905128277366 30.99858540568428 52.94604506822943 15.636076787394911 26.970926563970146 69.20258769542728 39.430753424162866 26.74717479558149 47.65374356438516 78.87450832717765 63.965469784753886 29.38999589441301 5.551283449295278 39.9088460440445 74.49476218212449 70.6329350856474 41.86837672102065 30.1951556537169 49.65250130712799 80.08639929659297 86.49414700189575 64.97923281562487 57.94957078781405 69.9199087363411 93.88409527676728 107.5551802977005 90.9486093799677 85.84807577171355 94.14268164240727 112.918141701748
