Dataset: 5, TotalCost: 8510.874845417842, UnservedRequests: 5
Dataset: 5, TotalCost: 10377.234651141353, UnservedRequests: 7
