Dataset: 8, TotalCost: 25164.498888072383, UnservedRequests: 22
Dataset: 8, TotalCost: 16208.714591203658, UnservedRequests: 13
