Dataset: 3, TotalCost: 22206.134714694963, UnservedRequests: 19
Dataset: 3, TotalCost: 18140.53329112235, UnservedRequests: 15
