Dataset: 5, TotalCost: 23116.07269597975, UnservedRequests: 20
Dataset: 5, TotalCost: 17215.504480939122, UnservedRequests: 14
