0.0 15.092657930030493 46.12402168807797 48.54381305841446 91.18861355690349 13.701398095724086 79.70989312363231 20.7562827435816 19.933272241991922 50.13115491561513 57.50808615123081 20.27376125703759 72.98076142934414 21.389656265672237 21.348435892445384 39.09340787117609 28.233732883845875 57.163775068586794 55.879490908003476 32.52306936914934 62.60843258299514 24.322798390774363 69.70784502192191 70.49581019628505 60.11183893604741 8.484284765663338 50.638028056986705 39.286035501496 80.48589934877069 55.50940191751673 16.49347782526731 13.318020669296386 78.5677493865704 16.40868006871346 22.62209973668684 30.85925885617753 30.11480615326642 62.80438736363711 6.652264324841214 31.654257224525622 58.771868003090106 36.042578828041364 39.2279892571192 64.6021317470593 95.93158157423159 48.571144891278955 14.633573118467552 21.540211229191463 55.75548249995019 90.26749608365282 53.53284630096721 26.760064082648437 31.004523571438177 60.01086559624989 92.93100425905244 70.5261095253294 52.96147156610397 55.051847772884074 75.17511252368902 103.27967984237934 93.18548893564996 80.50137431596534 81.68315799532792 96.22128895382168 119.33007042297409
15.092657930030493 0.0 36.26503796660224 34.352736951131995 86.0883042708435 28.791273902981917 72.44705395959731 27.77770396435826 10.743307115517755 38.04639811751168 47.74055234740211 26.457382857903617 63.479215371959825 12.71519751232852 22.766493440487892 24.632912124479077 23.60992446213022 42.87607769209063 48.56626734129929 20.474378089888347 47.786370505510476 12.731791649833037 58.460753946495466 58.73515851799674 52.87330824874139 20.803633399076666 42.430646524879776 49.98123293037851 72.81035715445472 42.11987572317565 27.77396977764224 10.366742938867167 69.7913949139315 24.515097786355987 27.970026137313653 16.91227962190163 38.75024070994129 48.88788179530279 21.036568888990004 27.05449543132962 71.21153370416759 51.085777111630755 50.43054989123992 69.79637347477316 97.95221684966474 56.15358457637379 26.636529738822688 25.702747171377876 54.83251359973737 88.0194565018499 53.24561122362638 19.85686604582256 18.664087254641235 51.93509590093747 86.26130783092441 64.16159946491213 40.79394444532419 40.080033888650455 62.797296798765736 93.14193474989808 83.6540442975208 67.22339141513287 66.59385755028669 82.12960280938239 107.00735364487475
46.12402168807797 36.26503796660224 0.0 20.672168409247913 52.54612190256089 56.88221102239876 36.993138689521764 39.54948151959832 26.67444503884615 9.590215591003222 11.524393764206614 62.571570765695895 27.24842696875761 46.44281712053127 30.667859373179642 39.69371697216308 20.23806087010285 25.196611122165486 14.628287201061909 16.407663844318918 34.051725171788526 43.39422976565594 23.94122462304426 25.31408601708764 18.464932144505422 45.37032660777059 8.034139322599419 58.53949024828101 37.03467716409468 18.426248816638104 46.601372790985 32.80689237091891 33.55622886346784 60.14868888401155 64.19841323855235 39.62025431603937 74.57639376417875 26.266196174153897 52.691750931918094 18.329227822376822 104.85540505113187 78.17632269291548 60.19309669358906 59.41102885279395 76.36047281936825 92.34121225363393 60.551290361076425 34.65336131204411 33.616804404632916 58.772110978525 87.42892497495626 52.83456607140106 18.27621918607293 16.47432455763645 51.02588478049312 91.35348293626829 59.04816250959813 31.980510225996444 30.881409627496147 57.26613986089477 103.11054787465167 75.84194891809987 57.15780189093614 56.363324851727434 74.03668975420416
48.54381305841446 34.352736951131995 20.672168409247913 0.0 69.8302202889955 61.70813686415862 52.53930985465619 50.68555627151544 29.814013298694636 12.689224495133669 26.291518538300597 59.29480990212125 39.015249273102434 39.33628097495246 41.59757666914484 24.257548659842513 32.52092742715716 8.628782594186363 34.17928606019299 17.874666867174746 15.64753571636212 34.970480011050284 29.881367514203806 28.696673530469145 37.199069381696916 51.35451397021845 28.194050255933583 72.6575426557932 51.799954719070314 9.434885936490222 55.51537863394753 36.985914490851656 46.347496416976234 58.23541503754415 60.22153049957031 28.16862644719911 71.82502002638006 14.616800295461394 54.98887676464094 32.77647175472577 105.38827983586383 84.19976125048647 73.94090675338254 78.99153890822895 96.98874355593868 87.77413798323343 60.979212034286576 46.12420744461346 54.14087121167951 78.29328559649251 76.75959028404864 43.85028151497533 18.668364212044406 34.19088476341749 66.21460204930035 75.29939807576743 41.26562068087185 11.426109359335717 30.872527032064664 64.57958114546517 83.89401613729717 55.30361382386086 38.38749159091771 47.78635129490819 74.08304313447971
91.18861355690349 86.0883042708435 52.54612190256089 69.8302202889955 0.0 97.29793417853293 18.03258961556172 75.05276797476061 75.40105506228184 57.34854192074122 43.610940845953124 110.5977815124258 33.093915755180475 97.73503328535944 70.21547677955942 91.98797315772202 63.45477368262902 69.40351697129566 38.20180847914446 68.39155456228261 76.74564442169145 95.26485306017362 44.40805445564501 47.50210352975544 34.11392973945933 86.67514750976925 44.82718983091474 80.65284832123952 19.642096979457342 62.312028420967806 83.45098114211187 79.15266327808276 26.583119402028842 107.28448496080101 112.63554193326661 92.11953951996226 121.30263125585495 65.35641065837005 96.78550263213084 59.906904422680554 145.93768944008428 113.49869257910944 82.83062388214088 56.874302703955806 44.7579644828074 139.74799067527783 105.49843834116434 71.5904225313266 38.92692147467741 17.32831049120738 139.00993755218653 104.52787162813524 70.16581478275073 36.26650781975205 10.105939991786297 143.80753302150205 110.7719790454122 79.0890816565739 51.327975240626216 37.53486322996081 153.62276622907154 123.13776478182581 95.50201747829 73.98062577251402 64.96462160479912
13.701398095724086 28.791273902981917 56.88221102239876 61.70813686415862 97.29793417853293 0.0 87.7514322795729 22.370645316128073 32.241669427467954 62.08642295985063 67.85445654350056 23.635114460578006 82.80726481092061 33.61495907148817 27.887037543000726 52.59028649581666 37.2975911903642 70.33535277947702 64.61911574563001 44.94423132707503 76.10034112402694 37.20294435217052 80.80462300371127 81.93060174889631 68.64812703124892 11.552958260191362 60.18656878114211 32.36926097706747 88.82607192921752 68.15428770875744 14.240038478341248 25.06819163496694 87.76731122477207 19.361567002975114 26.036293296685667 44.2487811498879 27.976760951963616 75.71678535139195 8.940984564825886 40.2601621866333 49.08274525533714 22.511015858033065 31.61047735106346 62.342162394051215 95.75340534700477 45.466091130058736 12.958922329125526 25.759561891071208 59.61568187401173 94.01785552407799 57.69167717562871 37.650012001978396 43.60671759084536 69.14041409414455 100.27001809715506 78.69267114368476 65.23376094990182 68.65219306713944 86.9803232181698 113.19365091739067 103.24544909294384 93.1747381570708 95.38410285594786 109.13023640906717 130.82574704228622
79.70989312363231 72.44705395959731 36.993138689521764 52.53930985465619 18.03258961556172 87.7514322795729 0.0 66.37297253146386 62.07960001482867 40.36059428851008 26.780281689696977 98.08673566461334 15.074341148371579 83.30701391620867 59.89401038916761 75.47229683491761 51.47707859374828 51.55964122115522 23.989505211392625 53.351613363787656 58.750658293053846 80.37764558288866 26.393429572261354 29.532248278162395 19.68719126543127 76.5020643447063 30.034962594174885 76.83876385731814 2.4673382137928166 44.61084901667172 74.7361787980806 66.87423030206523 9.088031178356179 95.16493939620452 99.93576682281834 76.41798705794189 109.50299456842023 47.345976373869036 85.80876944969722 48.095683426254425 136.83416456394548 106.21467113429951 78.95768990588508 59.84872503491267 57.656011350711914 127.73352508531215 94.3184633047928 62.216798793586726 35.22394111032738 31.70741941971653 124.40584450549659 89.80340973766077 55.202763080964196 20.612911024785955 14.046122167291388 127.30482683550504 93.74243385070345 61.34826317414251 33.68108381565616 30.001032351462545 136.03281178421454 105.18985395006717 77.58660762511981 58.04528241810238 55.79986344257047
20.7562827435816 27.77770396435826 39.54948151959832 50.68555627151544 75.05276797476061 22.370645316128073 66.37297253146386 0.0 22.84853325864877 46.92756001574099 49.27768001721591 40.62443301263615 63.1169936249731 39.10458221941313 9.219645886145555 51.050516066520956 19.493811381886445 58.81267349001767 44.19886685346507 32.8450177177594 66.27262210925323 40.347734788931106 63.01774856671195 64.7429200726598 47.9335505046991 13.182610781616066 40.83492102700216 22.9464997950688 67.64205170834373 54.626556731987485 8.429632372155643 17.792156794011763 67.31827176761594 36.460377994217495 43.05651464815324 44.25493296746534 48.70081307142729 62.79147240320177 24.005806508141276 21.285571258199205 70.94346660229927 40.03779070388211 23.831014876126254 43.905047664241465 75.38058440619342 66.92441300729219 32.465597212877526 4.899694616591273 37.26731907738317 71.75341938906472 74.28592464208725 45.65073717189181 32.31740995236416 48.98646900130082 78.42045193457507 90.28555084911106 68.50467179570174 60.24186698291451 70.42768015578865 93.19772980345815 111.25633865470509 94.23675626745008 88.1921824927722 95.23579870823478 112.9449208160091
19.933272241991922 10.743307115517755 26.67444503884615 29.814013298694636 75.40105506228184 32.241669427467954 62.07960001482867 22.84853325864877 0.0 30.20135203697826 38.18875240517173 36.11317250545445 53.868939368967 23.11092764893475 15.201234870992462 28.767899613390743 13.088901740869693 38.38587501976912 38.11530618767768 12.71723982509765 44.86912181228873 21.980392462266785 49.89835277985292 50.5930819177326 42.42797627019102 21.553382469557242 32.182416812544346 45.78723835009464 62.551479854504684 35.9132323945393 26.08350596466925 7.213240959179486 59.889548598198374 33.50771280014406 37.884881753257865 23.08311958555521 47.941999547162844 43.521717869843606 26.58550232482076 16.43035970354275 78.61350057706497 54.60303993074989 46.665979990532236 61.39012648388617 88.06017143243582 65.87254603483116 34.02214517239727 19.25274581155107 44.482332432323545 77.34038656506631 63.97996865127616 30.23255116700688 11.376751813294874 41.70978762712025 75.79468883946309 73.77552922106632 47.44479196809443 38.13153990538628 55.243523276931164 83.93155467364028 91.58216103453786 71.89181568111168 65.91163516191584 76.90919115305427 99.40056973132494
50.13115491561513 38.04639811751168 9.590215591003222 12.689224495133669 57.34854192074122 62.08642295985063 40.36059428851008 46.92756001574099 30.20135203697826 0.0 13.737663043907588 64.40256779218855 27.74095732506758 46.20948479678128 37.760734973085604 35.21249093786135 27.46697916826478 15.715982757602879 21.62980855870102 17.752984591358164 24.583720387898698 42.45797087423701 20.60411947564783 20.688827054523554 24.519435064574264 50.847185696211675 16.01606498988475 67.11860269042135 39.82339095644483 8.845852227287809 53.260830888196246 37.14216960475093 34.90370208383364 62.5497166219938 65.7370774351339 37.12040873615312 76.78291773934914 16.834517902227894 56.7830782726536 26.374535018000135 108.69013492601398 84.06664872722527 68.6704053157206 68.98416373526508 84.8337920187179 93.87036011260821 63.975661225120035 42.058896638719126 42.89336988595996 65.61673879653436 85.995935815296 51.860934070499134 19.459292075259523 21.508688314705903 54.23500122162291 86.97468538753046 53.45367860728453 23.34190267358785 25.044797657499394 55.717933957495575 96.53765888563113 67.79449403133557 47.61808829571449 48.30824277431826 69.2438111454819
57.50808615123081 47.74055234740211 11.524393764206614 26.291518538300597 43.610940845953124 67.85445654350056 26.780281689696977 49.27768001721591 38.18875240517173 13.737663043907588 0.0 74.0854371257415 15.739519942475402 57.575753984546225 40.852614850713145 48.69657963763403 30.677657357041383 27.23562088042132 10.336569475731764 27.606209701478228 35.638905742972625 54.290700809241976 13.96881396565725 16.301466752309135 11.716889535278336 56.30389946808545 8.829123499458376 66.25456740133752 26.43458531590311 19.747271157623302 56.83403903748889 44.195506112360505 22.26695769933774 71.6723043685711 75.69453631293153 49.826813970227484 86.10059954710088 25.26831789020331 64.03478756777429 28.13275699623559 116.16017290008807 88.69534564351586 68.0832075389468 61.63247683199594 73.18867053308162 103.85021909151291 71.99613357649908 44.4617881583551 34.13341581032217 52.42291155658153 98.268011728215 63.761658302789456 29.484737284089817 8.246460974809393 40.76165142899466 100.5408016136477 67.18069702945418 36.23374649915883 22.524825979703614 45.78969593248387 110.18345653766646 80.7868087514824 57.51025117867854 49.831271941197755 63.66858319901035
20.27376125703759 26.457382857903617 62.571570765695895 59.29480990212125 110.5977815124258 23.635114460578006 98.08673566461334 40.62443301263615 36.11317250545445 64.40256779218855 74.0854371257415 0.0 89.81951641243816 20.832697855866996 41.49055523427217 41.66511345076869 47.15236618137668 67.4096054392763 74.09723408447552 46.92863090198638 70.68956187117578 25.56701752824486 84.8908469209959 85.07654127135474 78.40204411987824 27.525340147802794 68.28682904269688 55.75876171942714 98.62677852864863 67.79636217458179 34.702969651685095 31.45586033805443 95.97634140963133 4.365434167844527 2.481546864671881 33.67429798122123 12.531913178718984 73.88319408969883 17.04717808576652 50.69425515235364 46.94525436123105 37.744425386798014 55.13849384772223 83.96840164402975 115.99982137604457 29.776316178459332 10.931452169127422 41.799726242883075 75.95913643200589 110.39572694181405 34.34461965453644 20.241876448978395 45.10832887155232 77.81154293112851 111.66628050178235 55.52127441769542 47.909663103029416 62.472951650286085 88.91126767750139 119.59250525537408 81.21390092373437 76.00128764373952 85.74051051356794 106.40214264928136 132.9892408083347
72.98076142934414 63.479215371959825 27.24842696875761 39.015249273102434 33.093915755180475 82.80726481092061 15.074341148371579 63.1169936249731 53.868939368967 27.74095732506758 15.739519942475402 89.81951641243816 0.0 73.14536995212076 55.26947227569297 62.79377455351449 45.51415977214103 37.01586838924172 19.170218624707452 43.28011378566331 43.84745784958064 69.71677295919196 11.319133803945862 14.495676400011622 16.254320730488985 71.26912818013504 22.621646060931052 77.66069408416232 13.58261105578912 30.432905754340933 71.06504635499122 59.70218036306027 7.35084407457635 87.37168479503359 91.43396590270916 64.8041131565506 101.80413566869288 32.41627679584692 79.44321537143185 42.60752170329229 131.45456871496367 103.02597355910058 79.6440033793918 66.83376226985818 70.6052741934473 119.58713931596351 87.53588438286354 58.47053532292353 39.6219791248748 45.99808954390419 113.5580978806485 79.18217090522243 45.15576241459938 14.252075789432775 27.605299210435412 114.29548287246192 80.22647190208171 46.94640638600193 19.14398708191338 30.39520193145441 121.67629876629273 90.34341861346833 62.55845713281872 45.38726142099543 51.00256962990392
21.389656265672237 12.71519751232852 46.44281712053127 39.33628097495246 97.73503328535944 33.61495907148817 83.30701391620867 39.10458221941313 23.11092764893475 46.20948479678128 57.575753984546225 20.832697855866996 73.14536995212076 0.0 35.21073575779649 21.046316737218344 36.16817177864315 47.10949524244377 59.76286571581143 30.039674016499355 49.92780799058975 4.734724691338033 66.78400113184587 66.52131588927706 64.02064985748947 29.391176756918686 53.3516727821114 60.11047421561742 83.45639008889292 48.2858191026248 37.25130597947432 22.731845431179625 79.84092471677769 21.088547833715907 21.292680935329294 12.86234888239234 33.11392853290427 53.75413474697348 24.69381531641063 39.541211595807574 67.77507138674876 53.9850101866974 60.25031451204689 82.10126383259579 110.66134237147604 48.43821309940798 26.226002572766852 37.7384114026358 67.4938066856154 100.40658318914365 41.27556885937363 7.1492697417232245 28.167459813543104 62.69412881751084 97.27567036701737 51.63073907100055 31.691391122665646 41.6868189331628 69.75724350424754 101.92737962069894 72.33524417265728 59.560434398540245 65.24790238111159 85.80161890788197 113.40781485362146
21.348435892445384 22.766493440487892 30.667859373179642 41.59757666914484 70.21547677955942 27.887037543000726 59.89401038916761 9.219645886145555 15.201234870992462 37.760734973085604 40.852614850713145 41.49055523427217 55.26947227569297 35.21073575779649 0.0 43.96689949919016 10.445565965277355 49.64764574522852 36.784736465134145 23.83199424323378 57.21976367062891 35.4430284679201 54.388995589049394 55.96171704814328 40.77378719750739 16.63659497715106 32.710470726109406 31.33423956984066 60.942424069936045 45.40746134231901 15.993433670741288 12.481156802774265 59.96794483799407 37.746498869638636 43.75840403493408 37.96341703396659 51.31100666977133 53.57215565683695 26.587040808832995 12.734251589950835 76.95627238461094 47.86232444293649 32.46798472690699 47.03585497282227 75.93027698644035 69.77997033027627 35.319259428700335 4.528789030172621 34.47352302511439 68.9288884694739 73.54328019139464 42.21215471389392 23.451259121318362 41.38720463860578 72.59947290258899 86.8351682265848 62.40207705196566 51.40519872961046 61.528628699769364 85.57950864280625 106.13349881076081 87.08495071390357 79.3598657575416 86.06345640293017 104.45371867186883
39.09340787117609 24.632912124479077 39.69371697216308 24.257548659842513 91.98797315772202 52.59028649581666 75.47229683491761 51.050516066520956 28.767899613390743 35.21249093786135 48.69657963763403 41.66511345076869 62.79377455351449 21.046316737218344 43.96689949919016 0.0 39.55518653540347 29.96641097842277 54.320154634595966 25.91793259315134 30.468176114699734 16.418584529109854 54.11704290870373 52.93632942729664 58.09398776036524 45.4357068163739 47.68767031066258 73.86424652992041 75.0182276447182 33.64212738786251 52.25455321802118 33.36723151380335 70.04460172582687 42.13467102459441 41.804698779699976 8.458421515600028 53.59306740250976 36.830368367758574 44.04946937084844 41.874023065815045 88.53679654928341 74.14648263242732 74.50764451839137 89.44176294052586 113.32705097624475 67.24303078525435 47.021385845169455 47.908373842504005 69.0958020537663 98.2245562857011 52.96264553121952 22.58725792364748 24.70173975043049 55.72267940638219 89.41312756508313 51.85665017942225 19.88262317023502 22.279515642572306 54.701796197586695 88.78652923717651 64.6052849318982 43.202091977146054 44.20205231768164 66.60364010160642 96.50435786789922
28.233732883845875 23.60992446213022 20.23806087010285 32.52092742715716 63.45477368262902 37.2975911903642 51.47707859374828 19.493811381886445 13.088901740869693 27.46697916826478 30.677657357041383 47.15236618137668 45.51415977214103 36.16817177864315 10.445565965277355 39.55518653540347 0.0 40.150725512815 27.710904502618213 15.608181327608717 48.1396277109652 35.01287696786195 44.04251116808235 45.54674824512635 31.907993132408418 25.755174100714978 22.899193346831535 40.26228393462717 52.279907429875955 35.39040700820857 26.36660042536673 15.698832605291178 50.652445700265005 43.93766524375894 49.180926424560276 35.22619146456368 58.14987127269341 43.60765185610372 34.38414281724316 3.5565329903943677 86.03853134805937 58.063038593309244 41.65123182582053 49.93150170813007 75.14190376282312 76.50262333694067 42.843638499993546 14.606652703942148 31.400353618638505 64.44735116649694 76.76330337034264 43.30316048732785 15.89254110636597 32.01300061340288 64.74520634400498 86.73227019231445 59.07684169678898 43.04042907317865 51.08524858602017 75.90616239461752 103.64460442494729 81.73257171491356 70.8023958665974 75.76610041410085 94.14234654479831
57.163775068586794 42.87607769209063 25.196611122165486 8.628782594186363 69.40351697129566 70.33535277947702 51.55964122115522 58.81267349001767 38.38587501976912 15.715982757602879 27.23562088042132 67.4096054392763 37.01586838924172 47.10949524244377 49.64764574522852 29.96641097842277 40.150725512815 0.0 36.644276911093044 26.205485423011776 8.86801744708652 42.58855743367395 26.506503092157512 24.471164925582737 38.887157178281 59.93746138122372 31.574024617990748 80.41256795313296 50.44161848341623 7.5065419887792615 63.929980532152356 45.57447931449654 44.30338750924089 66.5304675719668 68.22384851087446 35.269054709867554 79.9195066353778 6.871204028281488 63.59322513622363 39.973555459105484 113.75244200401674 92.82420333509047 81.77880205238436 84.58095107837252 100.07410846366322 95.46874862829739 69.47043489311113 54.15532667412157 58.60252737315016 79.56451310718109 82.92881092040761 51.08424171785361 27.145047792071995 35.48167532886661 64.62110139382408 78.9206130852205 44.349015667669335 10.003074494708043 25.062763130111666 59.59091356741205 84.66490145085982 53.83200276032626 31.975923738329556 39.266666158662005 66.75416569760704
55.879490908003476 48.56626734129929 14.628287201061909 34.17928606019299 38.20180847914446 64.61911574563001 23.989505211392625 44.19886685346507 38.11530618767768 21.62980855870102 10.336569475731764 74.09723408447552 19.170218624707452 59.76286571581143 36.784736465134145 54.320154634595966 27.710904502618213 36.644276911093044 0.0 30.19187756115811 45.31038086492308 57.12423204669525 22.62053984031905 25.536142913618498 4.312707080595622 53.18441329236341 6.6676507515278205 58.66893918483823 24.61976298852055 29.165201854724867 52.305929404936855 42.92733533568496 23.193208115213583 71.19299656321571 75.95092823685036 53.96082608136513 85.5509621867122 35.37946304932248 62.09328503773247 24.459968531656262 113.60030974749053 84.21643011601017 60.618365348864444 51.4933755421915 63.429895345109216 103.75274612449508 70.51018844860776 39.66843046193653 23.881487171250484 44.29345140942156 101.01035085995696 66.44778247264381 31.974657330246927 4.929881177795892 37.697252508057126 105.92657134546427 73.64307470122361 44.95554488296034 31.836052055664673 48.99900035661693 117.5441050295977 89.41818992146412 67.5972905830281 59.48075021013941 70.00936040074257
32.52306936914934 20.474378089888347 16.407663844318918 17.874666867174746 68.39155456228261 44.94423132707503 53.351613363787656 32.8450177177594 12.71723982509765 17.752984591358164 27.606209701478228 46.92863090198638 43.28011378566331 30.039674016499355 23.83199424323378 25.91793259315134 15.608181327608717 26.205485423011776 30.19187756115811 0.0 33.427968963991205 27.036950007342238 38.00195848298667 38.386399550350376 34.3467346227832 34.0714901280647 23.60541668618659 55.080414477990736 53.438384041194674 23.218881853095542 37.726198233335616 19.879199136315055 49.84601421037712 44.89469519185677 48.39037257205303 23.97632127419046 59.20593845437231 30.950387477880327 39.16299893546344 16.923467695882408 90.95023272939838 67.247893932813 56.27971096042541 64.86389378176989 87.41873820865113 76.58004781610809 46.22716273558102 28.359056744992916 43.20139231987523 72.96110725000919 71.05488922431596 36.45183646943756 1.878801458863463 32.75939287382443 67.36230519818879 76.32084993006373 45.800469441780734 27.66465807966237 42.75304727122364 72.69905249632431 90.5134460718976 66.66143069946388 55.58419305686888 64.26704011599963 86.9810101386624
62.60843258299514 47.786370505510476 34.051725171788526 15.64753571636212 76.74564442169145 76.10034112402694 58.750658293053846 66.27262210925323 44.86912181228873 24.583720387898698 35.638905742972625 70.68956187117578 43.84745784958064 49.92780799058975 57.21976367062891 30.468176114699734 48.1396277109652 8.86801744708652 45.31038086492308 33.427968963991205 0.0 45.226285761380986 32.769911294605265 30.15955884469235 47.350278291134856 66.23146509449904 40.39961974356434 88.30461465584534 57.42284891651573 16.17401213595745 70.83812736953917 51.90979170430372 50.94506601386109 70.32174359149123 71.21818106175142 37.3158480864448 83.04163007183567 11.434253888359814 68.80499180965857 48.24761035857891 117.52227702250023 98.5966488095522 89.58688688107983 93.40781034197065 108.71488100029386 97.56827964885055 73.95140281715727 61.74812591157651 67.46578703124626 87.66535277147145 82.5673905416953 52.83405943139517 34.063676525922084 43.86413852575652 71.29252139086273 75.53181099227709 41.10153652535652 8.274777536260851 29.025185397704625 63.33486115110839 78.62998326417498 46.50342568875211 23.17989502857961 36.15094834885843 66.8679235483837
24.322798390774363 12.731791649833037 43.39422976565594 34.970480011050284 95.26485306017362 37.20294435217052 80.37764558288866 40.347734788931106 21.980392462266785 42.45797087423701 54.290700809241976 25.56701752824486 69.71677295919196 4.734724691338033 35.4430284679201 16.418584529109854 35.01287696786195 42.58855743367395 57.12423204669525 27.036950007342238 45.226285761380986 0.0 62.94548958634616 62.54257483382148 61.32876166418621 31.821963710461112 50.59973272134408 62.10107643501333 80.41634635307125 44.05257524689375 39.43427316463217 23.096931833303497 76.54089657554803 25.750785389174595 25.994530766731526 8.14010643468397 37.82384326609266 49.28410166554318 28.38432815249044 38.222161108744146 72.50979514457607 58.118899846817 62.39176662736879 82.47695715786351 110.03160580016295 52.88389930493332 30.650093996221027 38.431594374143316 66.40319539066157 98.67430768619678 44.03542652824417 9.471570584843137 25.20231946133741 59.79512990358968 94.39604128993406 51.8165536999135 28.787189525850046 36.97687418182824 65.57984498032582 98.12738053434545 70.95191066171952 56.18149953504183 60.608105012674876 81.14874081528662 109.04901703507811
69.70784502192191 58.460753946495466 23.94122462304426 29.881367514203806 44.40805445564501 80.80462300371127 26.393429572261354 63.01774856671195 49.89835277985292 20.60411947564783 13.96881396565725 84.8908469209959 11.319133803945862 66.78400113184587 54.388995589049394 54.11704290870373 44.04251116808235 26.506503092157512 22.62053984031905 38.00195848298667 32.769911294605265 62.94548958634616 0.0 3.4124421844930035 21.717597786692796 69.3053657036152 22.78676025434765 80.19840059894237 24.840221027007473 20.665366304436088 70.37776743817314 56.445734371483255 18.19520416975909 82.8913737705493 86.27809974017622 57.18886312731401 97.20567959714641 21.35073012957197 76.33098371307433 41.75997111229408 128.47525337188216 102.08199711756556 82.03855865781296 73.72017123066023 80.83161359118215 114.43671634226166 83.91638675448388 58.16331013576592 46.0303605109179 57.00377439165125 106.1266319153114 72.29047229830282 39.79711767529294 18.345478254158078 38.52467230919479 104.91565984797667 70.51734425307795 36.509569883181456 9.383722024966271 35.1854014967702 111.03638024896077 79.2611184334757 51.287420212528154 37.05808238369311 50.11018748079288
70.49581019628505 58.73515851799674 25.31408601708764 28.696673530469145 47.50210352975544 81.93060174889631 29.532248278162395 64.7429200726598 50.5930819177326 20.688827054523554 16.301466752309135 85.07654127135474 14.495676400011622 66.52131588927706 55.96171704814328 52.93632942729664 45.54674824512635 24.471164925582737 25.536142913618498 38.386399550350376 30.15955884469235 62.54257483382148 3.4124421844930035 0.0 24.903226191744984 70.48913520879927 25.101411795018848 82.49139622135871 27.87897038935228 19.295747221213542 71.91296842956122 57.31580793482947 21.088005415004755 83.23581648912867 86.38080857941777 56.47079958616434 97.46967848053546 18.83905070108825 77.14029375501961 43.457670244289126 129.20184936685288 103.4503903046057 84.29464350702571 76.83702813965817 84.24374851361046 114.47689714588753 84.5388394541321 59.86215577486747 49.14210959154211 60.3425480078215 105.33103926675682 71.79809392439749 40.12667596115939 21.451790854776203 41.292298468776124 103.25810711728782 68.74991303800205 34.43425685687501 6.30390300763475 35.89726990001779 108.6637535009305 76.56103948574943 48.064601756238304 33.9654361115393 48.90733577062572
60.11183893604741 52.87330824874139 18.464932144505422 37.199069381696916 34.11392973945933 68.64812703124892 19.68719126543127 47.9335505046991 42.42797627019102 24.519435064574264 11.716889535278336 78.40204411987824 16.254320730488985 64.02064985748947 40.77378719750739 58.09398776036524 31.907993132408418 38.887157178281 4.312707080595622 34.3467346227832 47.350278291134856 61.32876166418621 21.717597786692796 24.903226191744984 0.0 57.257040371318254 10.74164779931404 61.44544654097625 20.374639130350904 31.382725493553224 56.1296066466407 47.20313932996197 19.398708786393744 75.48238364986028 80.26032704266953 58.0056901498724 89.83104006989434 36.9224151888757 66.28939379892913 28.6032413249701 117.67544770831756 87.97124445406207 63.444227148898584 52.021162217631556 61.49824331916767 108.04762663803265 74.73754393955792 43.49659894922587 24.352629439803675 41.09732102842947 105.25245668879938 70.67511866304095 36.14857326183475 3.64972485674903 33.38825880498839 109.81309225003815 77.24499724430208 47.63926332611799 31.0973417377751 45.38089199451619 120.89971114279498 92.20138926279861 69.13927072096844 58.77216925052168 67.252386951176
8.484284765663338 20.803633399076666 45.37032660777059 51.35451397021845 86.67514750976925 11.552958260191362 76.5020643447063 13.182610781616066 21.553382469557242 50.847185696211675 56.30389946808545 27.525340147802794 71.26912818013504 29.391176756918686 16.63659497715106 45.4357068163739 25.755174100714978 59.93746138122372 53.18441329236341 34.0714901280647 66.23146509449904 31.821963710461112 69.3053657036152 70.48913520879927 57.257040371318254 0.0 48.651426435885206 30.87155630340624 77.50946850906107 57.26039550478135 8.017476474334012 14.369755152787308 76.29566384266873 23.31313914601173 29.977188901947862 37.562081449487266 35.655012365786895 65.00923712054347 10.835556542388296 28.767413575587028 60.419688955016284 33.24437539085343 30.897869138697377 56.55977616640969 88.53348735286166 53.99469369963741 19.41198298524254 15.266879508621864 49.84159434901746 84.44019087722779 61.477249327839274 35.11293803585472 32.88194476601928 57.657296218255965 89.23196156059583 79.00990582495683 60.6087410247855 59.152883740795225 75.62736090402058 101.65983314250859 101.51170122322937 87.7393217575521 86.5243482757238 98.3333527940728 119.361404402546
50.638028056986705 42.430646524879776 8.034139322599419 28.194050255933583 44.82718983091474 60.18656878114211 30.034962594174885 40.83492102700216 32.182416812544346 16.01606498988475 8.829123499458376 68.28682904269688 22.621646060931052 53.3516727821114 32.710470726109406 47.68767031066258 22.899193346831535 31.574024617990748 6.6676507515278205 23.60541668618659 40.39961974356434 50.59973272134408 22.78676025434765 25.101411795018848 10.74164779931404 48.651426435885206 0.0 57.425455815701675 30.390494088325365 24.27024811458307 48.59995971012431 37.467256076838076 27.931386405499474 65.54538097014084 70.06536871641144 47.306863484307044 79.95775912829149 31.287859426561724 57.012387248633885 20.006576402313428 108.90048985686566 80.54725423310367 59.25539633958026 54.12339776210921 68.86421955324742 98.02496569311009 65.25429069753919 36.08590462289547 27.22322672926715 50.743050142964755 94.55203231341405 59.962177820790515 25.41049092747181 9.527730846787948 43.939920195121786 99.26194511253243 67.08143696238118 39.26501555020179 31.279394682370253 53.00845632207422 111.11877613106999 83.49514795281763 63.168711045054195 58.3431348239091 72.19657685792792
39.286035501496 49.98123293037851 58.53949024828101 72.6575426557932 80.65284832123952 32.36926097706747 76.83876385731814 22.9464997950688 45.78723835009464 67.11860269042135 66.25456740133752 55.75876171942714 77.66069408416232 60.11047421561742 31.33423956984066 73.86424652992041 40.26228393462717 80.41256795313296 58.66893918483823 55.080414477990736 88.30461465584534 62.10107643501333 80.19840059894237 82.49139622135871 61.44544654097625 30.87155630340624 57.425455815701675 0.0 78.6464261855373 75.44789806282498 22.89000027399332 40.498716912896604 80.18985153694794 51.407018825383425 58.21054363549555 66.78283283519697 59.79363267014764 83.67808605650106 39.16299893546344 40.773867070291125 71.06358783162565 36.468633920969324 2.1779335109297824 32.777735102546245 67.3711424297189 76.02719783961315 45.313977870259556 26.859238099456686 42.24122458096885 72.40209761276424 90.01097487876143 65.9838706431906 54.77738834070938 63.57710959555774 86.47734360942611 109.61488569685193 90.72691517581794 82.71664347722233 88.58573858487568 106.05443438847068 132.36409566921347 116.9856406188599 110.66002083533691 114.89235886933358 128.64478945759595
80.48589934877069 72.81035715445472 37.03467716409468 51.799954719070314 19.642096979457342 88.82607192921752 2.4673382137928166 67.64205170834373 62.551479854504684 39.82339095644483 26.43458531590311 98.62677852864863 13.58261105578912 83.45639008889292 60.942424069936045 75.0182276447182 52.279907429875955 50.44161848341623 24.61976298852055 53.438384041194674 57.42284891651573 80.41634635307125 24.840221027007473 27.87897038935228 20.374639130350904 77.50946850906107 30.390494088325365 78.6464261855373 0.0 43.63421148527394 75.9699086675676 67.54267557525112 7.005006788797646 95.78613747669155 100.43505080933299 76.23475671430224 110.1590518445561 45.99449821918416 86.6568427333202 48.95317355882865 137.89807718089182 107.56931881762162 80.75409656920498 62.17778525326916 60.04762236365137 128.32614946878738 95.11216351954124 63.40254110144209 37.25958057569145 33.93384784438646 124.45082862703987 89.86514346047672 55.30220119835537 20.875274623406213 14.424801864690117 126.79574237133953 93.05630206123948 60.30450567427668 31.75900562020443 27.847413770482778 135.0371112296368 103.91094287101687 75.8600595584533 55.73881211021737 53.41988082587471
55.50940191751673 42.11987572317565 18.426248816638104 9.434885936490222 62.312028420967806 68.15428770875744 44.61084901667172 54.626556731987485 35.9132323945393 8.845852227287809 19.747271157623302 67.79636217458179 30.432905754340933 48.2858191026248 45.40746134231901 33.64212738786251 35.39040700820857 7.5065419887792615 29.165201854724867 23.218881853095542 16.17401213595745 44.05257524689375 20.665366304436088 19.295747221213542 31.382725493553224 57.26039550478135 24.27024811458307 75.44789806282498 43.63421148527394 0.0 60.440261984623575 43.09579968773663 37.77986079536571 66.4448041244597 68.86318917338822 37.50602975161379 80.31689114250659 8.230958972149025 62.10014365004574 34.688241326573404 113.3272832636923 90.46278628547229 76.93309404734407 77.77293170456171 92.59211381679755 96.65732578625247 68.66764683155189 49.826326399133926 51.42849280582016 72.12438513323715 86.18776709825053 53.08981199065084 24.567699803594703 27.990398476253517 57.94997615917441 84.26304282632334 49.934675636739016 16.77904587937431 21.551195683928803 55.15636677028788 91.4245315477782 61.15631988760936 38.94322620839572 41.08385553058224 65.22285194140917
16.49347782526731 27.77396977764224 46.601372790985 55.51537863394753 83.45098114211187 14.240038478341248 74.7361787980806 8.429632372155643 26.08350596466925 53.260830888196246 56.83403903748889 34.702969651685095 71.06504635499122 37.25130597947432 15.993433670741288 52.25455321802118 26.36660042536673 63.929980532152356 52.305929404936855 37.726198233335616 70.83812736953917 39.43427316463217 70.37776743817314 71.91296842956122 56.1296066466407 8.017476474334012 48.59995971012431 22.89000027399332 75.9699086675676 60.440261984623575 0.0 19.478256304685473 75.47866557810333 30.378613450939255 37.182064550701234 44.68478842979923 41.496902360129084 68.45937996370577 17.65814338645896 28.70197680383861 62.51949982082396 31.961450890864118 23.00493158627189 49.31293400930869 82.03139699434938 59.4329277739262 25.467144898804662 12.638487685465957 45.45041923704179 79.7909968782076 68.94089700679507 43.103863366086166 36.84926730748522 57.03177774076622 86.84588965599909 87.00770828475122 68.18773923398304 64.21502495069501 77.41024637672554 101.27140872153018 109.47417094514155 94.99099859386688 91.96018296193927 101.4137585076389 120.44714734542393
13.318020669296386 10.366742938867167 32.80689237091891 36.985914490851656 79.15266327808276 25.06819163496694 66.87423030206523 17.792156794011763 7.213240959179486 37.14216960475093 44.195506112360505 31.45586033805443 59.70218036306027 22.731845431179625 12.481156802774265 33.36723151380335 15.698832605291178 45.57447931449654 42.92733533568496 19.879199136315055 51.90979170430372 23.096931833303497 56.445734371483255 57.31580793482947 47.20313932996197 14.369755152787308 37.467256076838076 40.498716912896604 67.54267557525112 43.09579968773663 19.478256304685473 0.0 65.39057994297758 28.31483703731125 33.48490696253612 26.46688256104497 42.62900045935468 50.73351012471342 19.89813977763175 19.246072623733596 72.06643591211312 47.39374374452404 41.153195770197556 59.46281958655022 88.16400126352757 60.897825275647065 27.83479995666933 15.357689012376568 45.73612022064924 79.64030594922463 61.80773989655167 29.755714028797644 18.586492955184088 46.908019785268095 80.31261617378662 74.3540151817829 50.774401975814264 44.9708411139383 62.14120643616379 89.9749901686685 93.98625522498413 76.50223052054851 72.57078440438653 84.11419972365965 106.20089835331743
78.5677493865704 69.7913949139315 33.55622886346784 46.347496416976234 26.583119402028842 87.76731122477207 9.088031178356179 67.31827176761594 59.889548598198374 34.90370208383364 22.26695769933774 95.97634140963133 7.35084407457635 79.84092471677769 59.96794483799407 70.04460172582687 50.652445700265005 44.30338750924089 23.193208115213583 49.84601421037712 50.94506601386109 76.54089657554803 18.19520416975909 21.088005415004755 19.398708786393744 76.29566384266873 27.931386405499474 80.18985153694794 7.005006788797646 37.77986079536571 75.47866557810333 65.39057994297758 0.0 93.3678319542925 97.66890927485782 71.85279320730398 107.79677137510991 39.51392221583666 84.92125580423777 47.52921638310037 136.67817690019936 107.35481015162023 82.24329769406376 66.31469145875268 66.5288668744768 125.74997121457747 93.18566249525318 62.84033939973769 40.113301351035894 40.79306023700085 120.48110676618583 86.01246233527804 51.724685528647875 18.643908813848626 20.36173876363832 121.60972006123005 87.57201176519358 54.255304815413226 24.76421978819342 26.033491661177838 128.96790433991043 97.44584550246566 68.94546964032627 49.05176129855805 49.532669162442694
16.40868006871346 24.515097786355987 60.14868888401155 58.23541503754415 107.28448496080101 19.361567002975114 95.16493939620452 36.460377994217495 33.50771280014406 62.5497166219938 71.6723043685711 4.365434167844527 87.37168479503359 21.088547833715907 37.746498869638636 42.13467102459441 43.93766524375894 66.5304675719668 71.19299656321571 44.89469519185677 70.32174359149123 25.750785389174595 82.8913737705493 83.23581648912867 75.48238364986028 23.31313914601173 65.54538097014084 51.407018825383425 95.78613747669155 66.4448041244597 30.378613450939255 28.31483703731125 93.3678319542925 0.0 6.841613490854365 33.876990429478404 14.434370983169634 72.85217996947294 12.721492205701134 47.45266021982048 47.25995123338339 34.78279042700205 50.803668911221614 79.66814787051759 111.83847969211412 32.582988422672514 6.981489241993999 37.82439486240998 72.16288588017412 106.67301883582601 38.709480918897256 21.943268545932654 43.121169230481755 75.04804139255312 108.62700804724237 59.52979465882771 50.08108737726561 62.1871318611956 87.29930480914531 117.3452302574914 84.83897847036667 78.28441890591866 86.33644752641507 105.70831590018736 131.48858458413082
