0.0 59.307556980007114 3.420702765202264 49.22375925642098 30.683831440694565 26.332727998038585 18.725783532327267 30.03672096589126 74.10312429424846 32.0087969135394 68.53894286296463 44.27987019011145 64.83852745739087 55.60920801674574 43.94300524432201 11.841190003464845 33.42258829507447 36.43562799471071 14.226131961574639 25.82954038085517 30.708276933380663 62.7711855421842 20.642915281093302 46.98378662881304 6.838101027088029 25.800285047397587 15.692429546586267 18.714629401891443 75.43676754765893 27.575991330994626 26.735378433683763 41.988500978250364 56.30456139194385 56.1122081101661 35.651842494001016 12.709827518820862 26.265656904351832 22.232445756733075 17.082634804441845 40.13945130505062 120.65417221502312 106.2659491983667 92.87717071154958 80.98505982254129 71.34202958046399 64.9575603779975 62.83293970069296 65.38475486090816 72.118293244981 82.00990469630837 113.8508809111368 98.51067676827431 83.93679536027373 70.60537953002157 59.35954385993871 51.58190672675064 48.95439287336639 52.25967745201743 60.533602394830275 72.08510231671167 108.45727737251543 92.25401606706205 76.53321831748858 61.664990811719015 48.44085298541775 38.58975180738751 35.07889980690538 39.63075875241118 50.09363659610166 63.614899009572675 104.69154799577679 87.8169641530345 71.1479413884034 54.8721362265708 39.47891214152881 26.550500433572534 21.212850875574578 28.173611960004603 41.66810745733926 57.248767208202466 102.7329167744958 85.4834020436969 68.26042194214521 51.090818404769685 34.05541938689969 17.54949562720042 7.410219074060967 20.013776242572533 36.67293927482286 53.739846049501246 102.68487098755888 85.4259197878561 68.18875423020384 50.99547063549547 33.91287715913856 17.272574767414074 6.731554871830136 19.773700030625097 36.54309763582291 53.65174877625697 104.55004536189232 87.6489964218218 70.94147378936493 54.60540608943576 39.10907293901253 26.00000652514139 20.522978187496065 27.66037724409144 41.32447030638743 57.000340035118285 108.22954506421058 91.98740629900757 76.21311702427143 61.26910552446762 47.93824332800615 37.959911109738194 34.388113150759246 39.0235518273342 49.616939293888926 63.24200762969054 113.54707766552778 98.16101891694446 83.52804665850053 70.12122130994169 58.78553336735442 50.923416466389384 48.2633599334924 51.61600174069813 59.98144309242109 71.62428045868951 120.28552853904804 105.84912801888078 92.40217555785159 80.44240680646924 70.72831256098368 64.28609649698123 62.141812238338126 64.72404556354712 71.52268129970871 81.4891429986475
59.307556980007114 0.0 57.670423879916584 10.136746614548926 36.55240834190197 54.12264618699505 55.49681073291703 72.10970375725668 24.88566574002009 27.61753528364675 22.298068567696635 63.584302496185096 56.455782112303304 4.030029880618029 24.63504642993825 52.819700142983926 42.06143249047583 48.97941802602111 73.48076490186757 54.19085853826958 87.22866356143614 17.710615314880705 45.79251013787846 12.671130433531106 63.01919230042714 45.0596211682058 61.98915443963723 71.66854542285682 33.295032260048615 34.71758706297244 44.595591154075436 60.31566962607255 46.741844448159675 21.430884449797727 24.258167857704613 49.89032105259455 48.31343924461963 37.70449447863463 76.27417003844648 98.87358381326369 82.32103264395381 74.50476375900256 70.17020069178578 69.96745059480276 73.93051505044072 81.4535929450232 91.6643026840493 103.77230268191715 117.1909853835306 131.51978231286722 70.66345560029669 61.44660599844396 56.1849207724396 56.004497657771736 60.95047740430875 69.94366401512282 81.6576394335904 95.09217907675743 109.61648355337303 124.85080261073738 60.10510816841432 49.00304199763805 42.29275865225992 42.12792371071422 48.57521683220553 59.52349650961207 72.9742885911218 87.78469209434874 103.37196306876994 119.43231783276947 51.32905877500329 37.7864740416751 28.629930695023265 28.464683522721955 37.41007150278081 50.867461672112654 66.13768841869617 82.21678032489964 98.71025311360265 115.4406303583656 45.381522824617164 29.244790130332923 15.80334289222989 15.586734882361586 28.893939207698498 45.00539859283221 61.764268335082754 78.75834269668294 95.8626152708155 113.02706857049418 43.440341046050705 26.146255433418315 8.882776318084769 8.537819158319206 25.79919758013145 43.09311353931593 60.39162087725111 77.69165276132294 94.99237624317907 112.2934716659869 46.015395001536874 30.21467916292857 17.525683325557164 17.322955708579546 29.861890299843303 45.62995364249605 62.21868952234521 79.11352894192396 96.15325307388309 113.27249520947613 52.445584913103154 39.28301125019417 30.56926513790438 30.40582791947598 38.900619199122765 51.968369022570066 66.98413234335868 82.8959950466881 99.27400166071426 115.9207411058138 61.53391439039316 50.73758073447249 44.28189184085234 44.11546394308673 50.30076282239638 60.93327243596173 74.12330946825703 88.73765091925786 104.17860021118568 120.12782841680365 72.28451816682505 63.295762244468165 58.19237789922686 58.00904713132247 62.7888814095644 71.54393813744755 83.02604359806645 96.26427230483525 110.62998555694578 125.73732405663618
3.420702765202264 57.670423879916584 0.0 47.66165757747126 30.924360286868794 22.932363285402356 15.359661943178223 27.62060116994815 73.42728950179345 30.74535252864822 67.92578254172895 46.724535703834746 66.29395228742038 54.06293588477432 41.30911493087329 8.468319927231647 34.391620968895985 33.02611785476062 15.953774237950109 27.97335292209385 33.72069162585842 60.339255710879456 17.441764144597144 45.54084354326599 10.258801234951608 22.507371166422647 12.93817704245892 17.540070195845146 75.22168347653874 25.04744297728562 23.44743817112207 44.29471185473319 57.42886378334812 55.68640467486721 33.716577120580716 9.625738052639871 27.780661549375775 20.159469344037905 18.659891660271352 41.29752340577197 121.16655749967305 107.06863445689567 94.04649127543026 82.61043981931223 73.50455239406496 67.6760362909537 65.99897547327042 68.77772785647862 75.5220440978066 85.29639294923012 114.00217476444321 98.92709770199009 84.70741253597285 71.85277369571537 61.22905117415902 54.16523422349278 52.12915460918845 55.6751757344767 63.88037176491883 75.23548944093866 108.20429928883462 92.21792671882005 76.80382846383115 62.387631465894636 49.842867976543666 40.928142535545916 38.27036255158285 43.04456857027439 53.28935683696114 66.5235496335495 104.00181098690304 87.27220007564067 70.81813203920979 54.8879717886487 40.11086848654899 28.35109868390582 24.441737348483844 31.459862600373267 44.50570847924674 59.75369379209627 101.59295015540089 84.40056914922883 67.26438653569407 50.24193856949209 33.50701655349201 17.88577639681861 10.760804255611351 22.592075846388028 38.77785380573669 55.639509994359884 101.10603329140899 83.8165292295682 66.53348570777783 49.26370279357606 32.028637960613686 14.948860507175326 4.4516014519237395 20.36856952963702 37.5320401530943 54.78268883137575 102.5684427125689 85.56694345304659 68.71557539717591 52.16005091374596 36.30734966097978 22.68233864543057 17.591630180290398 26.51706124988411 41.177126432162574 57.32947814192845 105.89943190480751 89.5149459242204 73.55181986785756 58.35686475521123 44.72008406145363 34.53920915650836 31.380516505893247 37.08403240658019 48.625331867305015 62.86755232350972 110.93075653483007 95.38800691646264 80.56559164678085 66.94371387479443 55.41489577322026 47.52750883598977 45.22854292617634 49.30600035277383 58.44010457558514 70.69733765270226 117.44402511754754 102.8568189792941 89.24487572839936 77.1263050843756 67.31257302652914 60.92778100725579 59.094018048827536 62.215013457767874 69.62764745120623 80.14990417403753
49.22375925642098 10.136746614548926 47.66165757747126 0.0 27.26521679180938 45.80630569768654 46.3963360971872 63.46559697649272 30.18094055372673 17.48346278794629 25.991895181162008 55.78967424690184 52.59028649581684 6.401759382708446 19.159346134920597 43.136150558421726 33.44877146925249 42.15990645851278 63.41725264235114 44.834536243706935 77.1331597679947 21.641229066282886 36.638068606684016 2.8509707404484197 52.88245006958566 36.563261133848016 52.57717466676713 62.08873211826 36.4975413509336 25.52660514012583 36.21824676294278 52.42474874719432 42.1696494258409 19.568267088151657 14.718491068998595 40.14774444428005 38.97396985814037 27.854468679119 66.22522445599965 88.92204879815324 86.40268775544156 76.78729931255613 70.18436758673171 67.48401888653912 69.14500264217106 74.87764158559318 83.85095266006905 95.15248051319176 108.05414414270035 122.04955066372348 75.76759067098237 64.64890252653629 56.718012945248915 53.41427692980828 55.56920514427254 62.62178322054437 73.16924558776903 85.93421238747352 100.07166836701187 115.07688018374849 66.46570033395983 53.50227111728614 43.65779099020835 39.3474067667369 42.29822845109864 51.27151106247384 63.77383137924675 78.12900419479959 93.48736294026268 109.42732185222611 59.12975452467089 44.10606958464893 31.513066336512278 25.288570488426814 29.7432465691436 41.575474829470636 56.31243175171519 72.19674718375451 88.61354924391313 105.31411295156374 54.55874418360978 37.78955887734578 21.866822907942208 11.268456803280143 19.352294025946943 34.93933943427679 51.630578021491054 68.62498615115842 85.7424856901864 102.9216788197316 53.46665140783093 36.20243848187191 19.00694225427412 3.259557981993216 16.08412711886474 33.24886666746024 50.50731320038864 67.78793256420896 85.07721480215963 102.37077081965128 56.05718765739554 39.912960616009414 25.34546802575709 17.042689371067745 23.17813538233968 37.184820099755484 53.16867422773033 69.784075401424 86.66855616262644 103.69075302140024 61.86945087592503 47.70042295893408 36.35300006906756 31.087935640930233 34.78631535038903 45.303692937070686 59.105586170975315 74.38564985414678 90.3973913145112 106.81226836476256 70.10659770111184 57.94363290969884 48.97650195477091 45.151240162100116 47.72080079126169 55.808769594508426 67.45862653934088 81.15058484559047 96.01495790799414 111.58418552013242 80.0231908440387 69.56602418263998 62.24025022166581 59.21960954154806 61.14549812075608 67.59643560249326 77.44985894946878 89.59006404498365 103.21324953073182 117.80605485361319
30.683831440694565 36.55240834190197 30.924360286868794 27.26521679180938 0.0 42.69610712436235 38.6538548305301 55.801726795680075 44.85222420942687 13.843941133084321 39.167500550621995 30.373637939445864 38.497070662848735 32.52825477221429 35.16236385707174 31.464888061724242 7.653117955240659 46.1530251214343 43.960257560193114 17.63964224335598 52.871573251288005 47.62290413455326 31.228562493290777 24.41908942009056 31.347302389232667 35.0654645578113 41.43679843372469 48.36308910096197 45.012714267848864 25.221895331231494 35.44045897949598 26.944470961944802 28.32285898829682 26.385904204878713 21.89100122779506 28.6502287008192 11.762016679067878 20.441158943892002 46.86111281568466 69.93264686940877 90.27319269895563 76.49224454029726 64.43274687878245 55.23400679715499 50.484783692864426 51.43279598998979 57.798381148214034 68.07844346376788 80.79230969885758 94.96747542818598 83.1713982633107 68.0068586437602 54.139554238603615 42.848069044812014 36.59958860157295 37.97117232839175 46.29035695937803 58.67274958669091 73.08141431183455 88.53249046859747 78.00699720312998 61.61454664134843 45.89470875499653 31.85918100565368 22.85610915663127 25.07004639014947 36.514708201240246 51.35028522623213 67.37277535736858 83.90495286091921 75.18039352208763 58.01149820635861 40.95472565828183 24.24785472857846 9.866136008035088 14.333042109725596 30.203391003466695 47.09317185849808 64.20282017849671 81.39379999506497 74.9565710327839 57.722471208926855 40.546186768725406 23.554538374864254 8.022015468245407 13.137831778671138 29.657477186512153 46.74657976625661 63.950237874195906 81.19566839453061 77.35812823996064 60.79475397520471 44.79325721136747 30.258574766782544 20.57762077758185 23.021887009107793 35.14666073323967 50.391268237309085 66.64820885092483 83.32706190714345 82.15511999389689 66.76588953077768 52.57958021182133 40.868673731255775 34.27233165102512 35.74415935529755 44.49050602323272 57.270178202255636 71.96561320026085 87.61811252253709 88.96082188272888 74.94610381375627 62.59801512861147 53.09243725595643 48.14358383202533 49.14778539606949 55.78447211552192 66.38533138971376 79.37770148309285 93.77275263128406 97.3547926463087 84.69763253375686 73.94671798026609 66.03968565348252 62.07300460345992 62.79785472464923 68.06451390956273 76.9459575777333 88.35880012317955 101.45230193719908 106.96366151489191 95.54042700231037 86.1011432898575 79.35695267120676 76.02848398076041 76.56252473254962 80.88260250675724 88.43560346803152 98.48046461371514 110.33872047961286
26.332727998038585 54.12264618699505 22.932363285402356 45.80630569768654 42.69610712436235 0.0 7.722853770015846 18.170040506709995 75.61963688557887 34.30701724192668 70.84962634554466 66.6217815733087 81.1592720426757 51.56641314361066 30.993584801377487 15.111091787256226 48.96846690312225 11.518010929743824 33.70813478850461 47.605032160488925 54.328593768715166 49.82706008032493 11.491589731568352 44.868070000206316 33.14188914923666 9.281925572791032 14.179393125154276 23.178157404102645 80.30271605769528 20.97275277918426 9.589113620290183 63.72666679837979 70.99665444705104 60.69983136341498 31.61683602244263 16.22818747828806 45.27839673868922 22.69425961528539 35.25448265815543 52.27205286656213 129.42068897399542 117.31323030535322 106.64777953101196 97.8967790994898 91.61050945619586 88.31685645249159 88.35114278126107 91.70963599391226 98.05134289527588 106.84638486442587 120.16133478356059 107.06076904113328 95.30979404062235 85.46690643026359 78.2554409113603 74.44409078493219 74.55613963051675 78.57480476371988 85.95387492013857 95.92092559328765 111.91523570061831 97.76014181031097 84.78069666722322 73.60151889847667 65.1559398476517 60.59789820933439 60.807975579992934 65.74047746762194 74.46278747053091 85.82714555753562 104.9216989521604 89.70804011361355 75.40029931542347 62.62252740621074 52.50390334885602 46.80215722965283 47.14792786803345 53.42392169771091 63.90623477584688 76.89344187321475 99.44544657953367 83.26758844958326 67.64831275395218 53.08300709515599 40.71885997570454 33.12029536228694 33.68368839341592 42.08249344345049 54.826910698607655 69.56832979687873 95.74725993919351 78.83487651286555 62.13734526108914 45.88979788355541 30.812487337447294 19.79032982279927 20.7994443562069 32.74581758049498 48.06945188941924 64.40316601929462 94.03720568325468 76.75859662592963 59.49354391561122 42.25866642107125 25.11616045754964 8.634908972657135 10.817360962721027 27.535113070851583 44.69969925900977 61.94075624546622 94.42338844723658 77.22906911041741 60.09654819459863 43.0995853066007 26.500312484095915 12.069466822205658 13.7036731008875 28.78580280286798 45.477108406521 62.50140394014173 96.88073825467694 80.20148126097929 63.854433312595326 48.17894370455743 34.11368471661064 24.596488755021007 25.395707095811893 35.8274688528858 50.20940166526278 66.00811626156711 101.25854437286428 85.4149922302671 70.26276206975645 56.36219758486389 44.891487462405756 38.111687495126624 38.58059807791542 46.077446973062074 57.93536431403964 72.03185756247984
18.725783532327267 55.49681073291703 15.359661943178223 46.3963360971872 38.6538548305301 7.722853770015846 0.0 17.72226473476134 75.34072142721975 32.547142361069135 70.2699306408223 60.3492164263925 76.68446390660884 52.522457604183465 34.19429246256962 8.223211782113518 44.221111419976175 18.77174063386455 26.333186969705043 41.279600120776294 46.766082875090454 53.583596690609596 9.758649032571682 45.01696436590018 25.49714274022808 11.533770445499952 7.536022494272068 17.473811429299428 79.09856661849358 20.87297948566921 12.347067982217634 57.599073661172156 66.87610216754463 59.27340340003862 31.710477616039974 10.276968457194286 39.56766416897073 20.207540807940703 28.08170682747804 46.65998049489037 127.41876064031678 114.5889120884108 103.07462513792129 93.36390782879474 86.06939983195748 81.83975351165309 81.15559307609917 84.10348795100404 90.32853618136019 99.2157929798271 118.83756995927652 105.01011435956875 92.36109400106153 81.44145588188192 73.03109797535497 68.06660922458602 67.31475912348486 70.90967342379355 78.25457340547618 88.41982932026976 111.38252655299532 96.53332859964777 82.64381128036273 70.28524211326454 60.404723976806515 54.37044971768435 53.500099349272574 58.026503964684295 66.8624662899794 78.56718996041451 105.29322234785852 89.47246215685682 74.31477860444014 60.3221118366399 48.51323589254815 40.82911902215144 39.739223527393094 45.717620630102694 56.56590676936561 70.0571823881362 100.81752455293214 84.18465889005012 67.88704419093783 52.2394026258318 38.052201587511654 27.67120065846622 26.117639391764193 34.60169461472542 48.07425396511719 63.43264900379592 98.17643387406288 81.01791535152404 63.93673440242422 47.01725600950076 30.52952141401418 15.88061558542217 13.078577272648857 26.241520041404637 42.48409729756686 59.32868303600089 97.51916182204135 80.22385196729131 62.93218175966213 45.648287505214526 28.386376624233485 11.248118870018882 6.779937532340309 23.751389482260436 41.00003690609062 58.280280754557566 98.88528383561098 81.87154619342377 65.01009984862868 48.4601731111473 32.69825626890549 19.714863365984677 17.51821913061482 28.70213328194533 44.03917798746675 60.44665607066372 102.19366732476702 85.82045057629477 69.896086699534 54.81318488983632 41.499598103803386 32.22820427816842 30.883762116230734 38.31012238496226 50.79599684098363 65.50961926433042 107.26470181054736 91.77393923206213 77.05776797519907 63.65569341535158 52.58230709047467 45.56813305090215 44.57257561121272 49.95676390223067 60.02787717881203 72.8678106817149
30.03672096589126 72.10970375725668 27.62060116994815 63.46559697649272 55.801726795680075 18.170040506709995 17.72226473476134 0.0 92.84379035501013 50.25820200860617 87.85474300083163 74.28856740139095 93.16082491692121 69.40270898317247 49.15286217125927 24.348709428069498 60.75364176245632 27.20841948778656 28.95354631700552 55.592302942420986 49.00102055959731 67.8087316469788 27.175748610540367 62.29352196349191 35.3612345678525 27.050103847766398 14.856199880260748 14.546286346380707 96.80174691273841 38.065854545118555 27.535213413049387 71.90892161975309 83.72111865079218 76.98593798066318 48.94206773602734 27.170837322038576 55.04625176200404 37.929459936805785 28.967944360454418 38.55854811389514 145.0993446997928 132.0915022556026 120.17147250849635 109.69445448005791 101.11002218160087 94.93298968877495 91.6514112342025 91.57708521091055 94.7175622298788 100.7727312228791 136.55689714435042 122.69130093797854 109.80532169322262 98.28502529611399 88.66435530959077 81.6178521384678 77.84769652018998 77.83147242631563 81.57141979482589 88.59310997596073 128.98474000444955 114.24379644321434 100.32407820598938 87.61786393749088 76.7303933619952 68.53400777559358 64.06996917508847 64.12258144006226 68.68146564471161 76.9498263005388 122.56296185015663 106.97505679756337 92.00188809638645 77.99829182241191 65.58826967429734 55.84451798051437 50.33985236547729 50.48061768683693 56.224427663373596 66.12700846244744 117.48046085201304 101.13966404404836 85.17929268177876 69.86057155980362 55.71529694592963 43.89301159878297 36.711114380369516 36.980030683090774 44.56508406848296 56.59750935452698 113.91671439777491 96.99674758856654 80.23983735500413 63.774643764169426 47.90292379680712 33.47963951280379 23.362226951802068 23.862360885231098 34.52161813292137 49.12008960321075 112.01682390765052 94.76859579973761 77.54429664297174 60.36441347652867 43.281868806667234 26.48567916735232 11.330291922266081 12.408590156143338 27.897741571925696 44.73598261460223 111.86562423981492 94.59064907616627 77.32772685625 60.08724682394866 42.8962767968945 25.85376833691711 9.770238146185655 11.00959634498596 27.307111014495497 44.371825004920844 113.4701081719835 96.47425539718313 79.61036476035807 62.984522837969344 46.85084603326693 31.96349711826252 21.143326113386085 21.705461233690396 33.07454569180749 48.11897562481832 116.75789629326874 100.30331387039664 84.1891400677714 68.65548734729204 54.20377003624007 41.967005315958225 34.396489502589624 34.694604060421476 42.69684669400682 55.14557090260558
74.10312429424846 24.88566574002009 73.42728950179345 30.18094055372673 44.85222420942687 75.61963688557887 75.34072142721975 92.84379035501013 0.0 43.27972931546954 5.690452784629573 62.10376163301275 44.4081636921525 25.53335206064726 48.66574345237846 70.77076678786396 46.58177396783441 72.32046209127986 88.07427171284043 60.225042062516884 97.49926421190602 41.158994759264814 65.68686723552459 30.774565834693945 75.90927036036074 66.33773165637946 80.77796798360319 89.63074069164702 10.247055177070498 54.82545381865709 66.07796629050183 59.52026606125793 38.1153813150219 18.493971550046467 44.01715622050835 67.66787081583077 54.94769592188034 55.51312448080584 90.98382098173985 114.15074379129247 57.44643774958845 50.53052652228587 49.043622243573644 53.4408226600912 62.49214384239272 74.52057721825331 88.31798620421183 103.17712351308859 118.69992761757045 134.65707811590207 45.91020919618085 36.96535422348331 34.98335611130924 40.98707947969405 52.29487404357446 66.24405411525267 81.48928302146547 97.42401899062392 113.75888269606729 130.34352686292814 36.3264724703161 24.122698618910356 21.045382084252577 30.043687479731556 44.283741255366664 60.151374494916496 76.64226966571879 93.42696975274818 110.37151528621119 127.41214866574386 30.5892185596783 14.133181012672633 7.906119374470498 22.890610436844344 39.80159259828816 56.94793152632658 74.1665722645308 91.41666906195638 108.68324492699963 125.95952317271997 30.919505726624127 14.831368896441973 9.090460812806946 23.324166817268114 40.05134633358511 57.12195054464455 74.29964623328648 91.5241549112898 108.77323999734323 126.03681149672909 37.15587356365395 25.349011700947017 22.434283646995134 31.027939117815276 44.95420073407101 60.64436128734221 77.02797013288304 93.74214123922015 110.63715985078538 127.641233423662 47.003442174751 38.30860820486048 36.393440905756464 42.191501648864794 53.23974336753426 66.98899109747866 82.09315912141365 97.92729860730941 114.18814317630623 130.71654624758585 58.671099904929875 51.91231997525831 50.45969821956353 54.737322748377466 63.59928487735085 75.44709901667416 89.09748391971046 103.8419939572068 119.27555891397213 135.16234451982564 71.27036256742045 65.76148896655413 64.56295744921121 67.9033924851653 75.18017784114724 85.39286130628992 97.62435954315542 111.21053719042901 125.71294594997974 140.84885220418138 84.38483369446 79.72816103201967 78.68317737907846 81.38911708853281 87.49867196345473 96.36664384998817 107.31134951434582 119.76478888947086 133.30478916945506 147.6326935569614
32.0087969135394 27.61753528364675 30.74535252864822 17.48346278794629 13.843941133084321 34.30701724192668 32.547142361069135 50.25820200860617 43.27972931546954 0.0 37.996513622111834 44.18991330824974 49.71098853049014 23.775028257091066 21.320502568315487 27.492178700016364 21.459421134632006 34.96513458376904 46.23492887511405 29.605407705520445 59.70055940680385 35.1500081420719 23.279338243431955 15.056064428155421 35.40911825627869 25.42376980832032 37.54383060974941 46.37564957703557 46.552838972077154 13.873120092331305 25.498613917314515 40.76578168699558 38.99294382726643 26.72775136976584 8.052205288872916 24.388485756561963 24.068916810588203 12.373399332413053 49.08411300183089 72.01372728460987 95.17204575903631 83.06759483593284 73.08506128964301 66.19154711831773 63.40275617534472 65.24716029010334 71.3664361990078 80.79503920378535 92.52676563149676 105.79820513697224 86.30407265094314 72.78917578539064 61.21141139811647 52.85935374010784 49.39723969055402 51.81471720528704 59.39818320324706 70.49982294512661 83.73175933441783 98.23691579764136 78.9866437060763 63.986682925751644 50.48176654880091 40.01536417659662 35.394313678781494 38.768453228465866 48.496762211284455 61.64078502493915 76.45877494558052 92.14667442679512 73.68328393884809 57.344022841255786 41.787066659847376 28.331824602302596 21.399462409661123 26.68132415047541 39.5545254843341 54.917567999755754 71.17604529995873 87.83411031510983 70.84782177837793 53.66935548886719 36.6073616182391 19.962752037724353 7.459044939276009 17.648698878638267 34.14716871172788 51.17904872268381 68.34672094182856 85.5684920811702 70.77752670411003 53.57695128899327 36.472380217653026 19.71529138279302 6.772318371664129 17.37093158693669 34.005111652816744 51.08482513518768 68.27652953915911 85.51270665212535 73.48033601491728 57.08421033623951 41.43145982799171 27.807124306495094 20.70309073270301 26.128744220773765 39.185661767998155 54.65375016220533 70.97365870740532 87.6709732962994 78.67091439731638 63.5983195845691 49.99087346888699 39.397161075440415 34.69715933476059 38.136034475221244 47.995094328172634 61.24874470613216 76.14457348315422 91.88738274656635 85.89939460621363 72.31110585297594 60.644769109354925 52.205190985500295 48.6998754239294 51.15345268687771 58.82495671270569 70.01983502978591 83.32995270407572 97.89630581493859 94.70017146290053 82.52902202971902 72.47517344261192 65.5206558305424 62.705312391754426 64.57282981761591 70.75336589831642 80.25659790850177 92.05921201107186 105.39150729689246
68.53894286296463 22.298068567696635 67.92578254172895 25.991895181162008 39.167500550621995 70.84962634554466 70.2699306408223 87.85474300083163 5.690452784629573 37.996513622111834 0.0 56.9970699852981 40.876094751124086 22.124612919964328 44.92612246734829 65.47562096560809 40.93896241239405 68.08745422558579 82.47112176363375 54.583367010268304 91.81184537864978 39.525605794076085 60.67901412103425 26.221774535353113 70.259361251179 61.57643100526862 75.53815880664855 84.26972750532964 11.001659433439151 49.94706623440048 61.361932369111976 54.3219952036983 33.708744967649395 12.803518765416891 39.24354007715121 62.369629331302015 49.27739736760135 50.304357832457924 85.38181288552956 108.55001400550447 60.57451012798367 52.20742543241187 48.792019537261766 51.32649391899065 59.049629065105776 70.27097775438446 83.5934437820408 98.16526513406825 113.50628449894049 129.34309362584267 49.78687449805019 39.24944288609261 34.65562532832498 38.21274227780933 48.14688653830827 61.43890786524811 76.35485460225323 92.10915235840123 108.33667790769853 124.85304688641367 41.131410229539895 27.516828621269216 20.52487138681638 26.15485369289707 39.314042480028526 54.82538680849809 71.16715309331583 87.87727725753217 104.77967157333977 121.79431361849201 36.17267715607136 19.3803430899872 6.437874580902844 17.493089067961613 34.19478770727709 51.2959282276458 68.49798832306959 85.74024703169475 103.00251901277463 120.2761875437653 36.45198648197771 19.89446465894908 7.8450899317986345 18.055870358388287 34.48473255149575 51.48876003831311 68.64183380271476 85.85466552081654 103.09732849085343 120.35700228307469 41.86462536044904 28.59635723547056 21.944650361542667 27.278103922997495 40.06661290355188 55.365000020389054 71.58173109588903 88.21177057396694 105.05903078996245 122.03358011139309 50.79522772205558 40.5151509671953 36.076404587158784 39.499920119948264 49.16998700951767 62.24017004301643 76.99803323977454 92.64050242639948 108.78665114748117 125.24182790422599 61.73540685921185 53.54395787284473 50.213062095469674 52.673038654119274 60.21833286319589 71.25129781409015 84.41533322205312 98.86278744283071 114.10720491624315 129.86823669044915 73.79664797897337 67.03855677021025 64.35125631625736 66.23211864305215 72.32562578494247 81.69450412983521 93.3578123092374 106.56483231918057 120.81034354986073 135.7678459090267 86.51119172054904 80.76566281274789 78.49000965288123 79.98096192343891 85.04063883920217 93.08893364414004 103.43051874684653 115.45076083460346 128.68009742520255 142.7828424408537
44.27987019011145 63.584302496185096 46.724535703834746 55.78967424690184 30.373637939445864 66.6217815733087 60.3492164263925 74.28856740139095 62.10376163301275 44.18991330824974 56.9970699852981 0.0 27.896044146060316 59.79899615408347 65.503881023225 52.12637878683197 22.923340928657545 73.13209006782358 51.205263533870486 19.07043185096031 47.228267383459645 77.13798554250238 56.25846540045264 53.00669915309242 39.83432241929276 61.232801190603 59.654934599456936 62.27350507209538 57.16349751638163 53.8526073102005 61.86768494206356 3.4333616546695147 25.88190750776392 46.01062170676109 52.2419296810918 50.44179798723811 21.919523246084502 47.779178844987015 53.425237000508275 72.54531134001061 88.90433677263694 72.25974362601143 56.01491990859984 40.651976673234536 27.680433778287014 21.875577078704254 28.099583316561365 41.22309479237394 56.637547242049685 72.9039863281292 86.47919352387284 69.26822905977389 52.1175354057183 35.115534049952345 18.672901799740742 7.935180325445099 19.389951189671635 35.88435066492575 52.897224249588284 70.05183323180366 86.32199963695619 69.0727777150657 51.858683428056764 34.73198667189235 17.944697688524442 6.0354683133281 18.69639018802494 35.516145061606046 52.64932610852905 69.86572797155529 88.44485067767587 71.69626300153347 55.28949528130823 39.651154985289814 26.195639675917636 19.97299746077637 26.652229930832014 40.25510819980199 55.94030528363447 72.36624501383025 92.69119474068997 76.85049638140532 61.79844620374971 48.27841194531447 37.964063460624395 33.9181826855446 38.18800946266486 48.63037080381934 62.21101036013432 77.29304369198795 98.78752221727369 84.07122969689931 70.53843717306792 59.009091793310375 50.86430034190791 47.86421966270606 50.926342282241436 59.11601722226333 70.67260420944348 84.22133232528564 106.4162855227612 92.87764051487224 80.78849676186184 70.89429546265107 64.21772238409228 61.81039901483034 64.15473329161546 70.78014552247684 80.63822304342553 92.70335403692941 115.27354012488944 102.86316070678112 92.04540180570716 83.44200106940391 77.7911593800071 75.7564967477072 77.62289937867757 83.12801936174618 91.61826283227089 102.35345598331283 125.09850589592111 113.71747826244939 103.9825350148419 96.39369458343835 91.48658461742026 89.70239694131936 91.22455213232892 95.89573425878216 103.28958722222819 112.8723165780313 135.68099887469634 125.21472582079073 116.39064590564675 109.60610444961175 105.25623306023402 103.64801904066285 104.90762551818558 108.93561731740603 115.44257592407939 124.03898072013878
64.83852745739087 56.455782112303304 66.29395228742038 52.59028649581684 38.497070662848735 81.1592720426757 76.68446390660884 93.16082491692121 44.4081636921525 49.71098853049014 40.876094751124086 27.896044146060316 0.0 53.70552097983792 68.6991268555656 68.99517173896348 32.47898667104784 84.27046530022726 75.0461372488065 39.94974232640218 74.55766545878873 73.43233914228111 69.71349080969318 50.50277760706982 62.40093071456796 73.50555811017 78.38007195887674 83.54961260520035 36.27624994356667 63.04643328656658 73.83877336669615 27.50344989566489 10.792272702646862 35.069554303169184 56.60076915357284 66.45404848190402 38.577523496917095 58.88089646926799 77.63036706113655 98.61029997038074 61.008570798960434 44.45273837452581 28.788168897269465 16.738693776272875 18.174750387127418 31.291719597246942 47.18828626347741 63.82013386866124 80.73411357612379 97.78393111438103 59.086754391730366 41.78876073927076 24.49632834065234 7.249364020117519 10.185777029433725 27.452876482519173 44.746892619596444 62.04532189882458 79.34527798440088 96.6459409690245 60.510569712708886 43.76992235857954 27.727169597623977 14.84919320449096 16.459462872984858 30.332195298453158 46.56053048976373 63.35958255584446 80.37227866681812 97.48683207902972 65.06071619284387 49.84536354654459 36.53674522412085 28.000307945131993 28.841129441412967 38.44885250398102 52.18742932209995 67.58292172243564 83.72624944832363 100.25681220539632 72.14803972371546 58.75844533051412 47.94241818927643 41.75046501057125 42.266209884430985 49.2794984757287 60.57401047165647 74.22033293980859 89.14488320198883 104.80299558037822 81.11007164567283 69.42460787468663 60.49303505361188 55.65731808907094 55.98897640829104 61.40433663131967 70.74544713568034 82.69245841641691 96.28014189038757 110.90711167691354 91.39687892427267 81.1554347828213 73.60509343820414 69.6268987758577 69.83402003473063 74.19141286727762 82.04042418279691 92.49641465742174 104.78183199378225 118.32822137603912 102.61067980913968 93.551135390356 87.0250411929781 83.62762819029489 83.74056447924896 87.3502353880072 94.05490229455411 103.25340289205147 114.34546476000622 126.83526698835675 114.47925191398818 106.37939782004759 100.62962046579729 97.64595139039774 97.68218980123066 100.73507660874786 106.54561552536215 114.6954567048543 124.72687946755582 136.22484430350255 126.81874971825697 119.50084529949768 114.35279376281235 111.6750801343911 111.64559226698108 114.26638040224744 119.36300002691665 126.63687664939258 135.73843945404744 146.32703792433855
55.60920801674574 4.030029880618029 54.06293588477432 6.401759382708446 32.52825477221429 51.56641314361066 52.522457604183465 69.40270898317247 25.53335206064726 23.775028257091066 22.124612919964328 59.79899615408347 53.70552097983792 0.0 23.152222707701007 49.4794031449545 38.10864145028363 47.12252781037932 69.8090104289043 50.1675449482005 83.29754706382215 19.788632124857312 42.77621359789706 8.742905166640002 59.18223155554446 42.393934690470104 58.832865194475445 68.40620926217926 33.04820042533977 31.65992297572056 41.988853868213965 56.50753511095128 43.741373850850266 18.99381944076916 20.97106540293055 46.50668756587409 44.289953811671666 34.23516737170766 72.62060209286385 95.32323633144972 82.64864905448835 74.04834630230923 68.80557496457268 67.70485845930172 70.93926788814404 77.97116617469183 87.89378213030437 99.84899736965541 113.19460574520926 127.49473094525655 71.43626165762365 61.34653848463842 54.97595504445219 53.66575282921705 57.761318934888294 66.2678387160772 77.7507715433563 91.09137196974206 105.58784571633453 120.824864255049 61.46403841277597 49.43830913352943 41.342118734189796 39.65981760435818 45.11471448352493 55.64602207664045 68.96613707032984 83.75489437133582 99.35865628637953 115.44742875366215 53.43111145398951 39.05665470910798 28.18991564042691 25.74161749920224 33.605071939412674 46.84742585813379 62.11901657208772 78.2404856263758 94.77914023120832 111.54957514729354 48.31479666665112 31.7370207136375 16.69941254048189 12.21536995766226 24.865098748942902 41.06146608403728 57.9010176657027 74.95148220712288 92.09578987075956 109.28978601557048 47.075929572794216 29.826203545311227 12.71909010597239 5.715037247101614 22.411193871860316 39.630482374083165 56.89993161733052 74.18451904086332 91.47566384019262 108.77023879303599 50.00356045309853 34.24201741511678 21.056771777383176 17.691006220112723 27.951170759822666 42.99158493207883 59.27897591429539 76.01598370242596 92.96007074728601 110.01559848805765 56.4531156790308 43.08102211475372 33.52168718185691 31.46651243947627 38.14823911027182 50.19107229207756 64.66612851328317 80.26818463338958 96.45187193649143 112.96749348331096 65.39058041810777 54.22147916763464 46.93307106730082 45.43303949260342 50.242537319729216 59.859565619258746 72.39286012334293 86.58515091108086 101.74455307422436 117.49733342715298 75.94248988196148 66.51678969872714 60.666310043387774 59.455995130567786 63.15319358438159 70.99530042914026 81.79875198399897 94.55387506058412 108.57500205452187 123.43145130862912
43.94300524432201 24.63504642993825 41.30911493087329 19.159346134920597 35.16236385707174 30.993584801377487 34.19429246256962 49.15286217125927 48.66574345237846 21.320502568315487 44.92612246734829 65.503881023225 68.6991268555656 23.152222707701007 0.0 34.21837828000127 42.75645763720027 24.438247709859215 56.96418273102102 50.07322061977258 74.45499871665058 19.462152516387235 25.395353695503196 19.857877404302897 49.50319885587871 22.76181113851688 41.48724466141483 51.52139767442507 55.59895757401321 16.398938987911492 22.059411984218784 62.08217881399338 57.93164016159917 38.30987135625774 13.271629802632479 31.930222811456865 44.889801607341376 22.508005537705642 59.42855259060005 80.35362238676329 105.47030957145368 95.91052913245427 88.72627696548713 84.52546408399631 83.75819459664622 86.51586833999956 92.4837013535871 101.09477625492642 111.7396607475705 123.89523400493202 94.53756567083315 83.7985589942156 75.53631877086355 70.62550683085942 69.77735144487856 73.13333803485503 80.16720830475668 90.02092667920358 101.87955138368103 115.12518636995283 84.56519099459524 72.41746939387711 62.737601562715525 56.80160083514502 55.81698214968644 60.027889905013154 68.48253841536737 79.84401668395337 93.05361015802735 107.43174650499842 75.93268255398337 62.170162760316984 50.627967804269595 43.12723314786969 41.89785773407248 47.43003115264046 57.81427467552624 70.95123667677231 85.5825376120498 101.06121229496976 69.14385967710807 53.70973818031476 39.841040517672276 29.809242417311165 28.08172443624286 35.87876044391143 48.83336507462337 63.881292471523324 79.84767623977761 96.2766491087374 64.78108306130206 47.99087815011534 31.754885656680564 17.672969613394727 14.66313954399108 26.7655409446812 42.62034041717985 59.2900106841058 76.24191780760796 93.32238428928785 63.347665972421765 46.04674443440465 28.747037485387665 11.454049837968082 5.89168511721335 23.172014406940225 40.47080617131277 57.771477867211864 75.07272980312516 92.37423595109816 65.03760553731554 48.33501265149002 32.270254344290024 18.578959505786656 15.73844689428623 27.366626361792413 42.998585089019905 59.56120343250198 76.45199894325356 93.49327186438252 69.62381545967298 54.32341692928217 40.660805973181034 30.89139404045689 29.22267744445422 36.77446255449734 49.49208909706334 64.38386628680644 80.24840908480422 96.6076686961957 76.58769232156685 62.96486664434628 51.59630697578955 44.25480766263883 43.05231416258668 48.448118168199734 58.64847141291136 71.62939961880971 86.14292324927793 101.53393623517131
