0.0 56.82628815296892 57.93407185194408 32.728432467170656 23.306911801867244 58.53486006821981 19.335107280230396 60.58075019965286 37.74682504519817 25.49209329709011 19.551306818413767 55.75447569567757 27.212940271661484 8.683532731114061 60.21351307066099 36.988475879922255 42.627714167108216 66.96710059781662 20.63751205525622 13.34518286315383 5.576762374615673 61.09052339453504 52.46902399226628 39.11950020725795 22.28422044052017 38.845166912040035 9.329417031807099 50.50190147946379 31.808522252797378 25.186214923016568 4.953646123237492 50.088671390445214 26.09908912817863 26.985816635087453 79.73982777986062 31.031973799549174 38.30600363507306 58.661022983945074 25.638067428576793 47.153131279738915 62.70013967165333 34.48712551638386 29.02166359581045 53.75865427396874 85.63042497002883 56.85552382777405 22.293949178956815 12.503763649210114 47.01619291196396 81.60609684093433 64.27834177998493 37.25479410950908 32.233074388322066 55.54151081117853 86.75012795255792 81.41695208481862 62.14506701371701 59.07695992871964 74.2492667159987 99.65243897245492 103.55410493329695 88.9895921202523 86.65766920751481 97.44057178287069 117.79001525414041
56.82628815296892 0.0 5.6225344264901125 27.213359839870293 39.956745016668314 10.933081503962743 51.400995990685125 3.7784633852946636 86.07732843236896 61.02921518359272 63.09432851642794 29.772519128562095 76.12649234761714 48.849148602432116 5.775303198682582 21.026296543619225 15.114417629890847 47.296935372072895 72.81625561684207 45.874686855511584 51.63589037375584 5.596257658553823 17.294785870473053 21.275582510817507 38.06971628766041 18.642391953115908 54.49535086404593 7.597508057582549 84.46874659099596 31.97191478883098 58.08552406347168 28.577956666349323 73.94385209471758 67.10522658446025 29.170145673395425 25.804938204894885 19.490803811492246 30.5259925345678 75.89718844916811 10.262104819248206 117.34569142661317 91.28528942376373 72.73761865157707 68.14163635294305 79.94103063520303 103.46696930263717 72.77757870096879 47.776157863607665 40.784428811766006 58.64299686789415 96.03160777151089 61.86167255373004 28.749171795732224 14.866564319114492 44.83710626594615 96.54047925005587 62.64152161418765 30.37607538495326 17.78486184728894 45.877514051806074 104.87798363345924 74.75193294598172 50.70630085069884 44.15001531735617 61.009312396311444
57.93407185194408 5.6225344264901125 0.0 26.636696404703823 42.886844772071896 16.471878648770677 54.298394762131856 6.668057248460161 85.17911165260604 59.71908566199372 62.44296157732386 24.83701286659078 75.53222617107538 50.3501109859272 2.4702825124242485 21.105612008097182 18.279733273827595 52.91663394105375 72.73462362000114 47.836397697209826 52.973795582159674 3.767891449486688 12.864101310827678 20.20214590536909 37.87059571686315 21.328652043974593 56.47817928201701 12.013411004843872 84.21956380847607 33.78250657172625 58.728400238189465 24.3130764938877 73.28623046396262 65.90178149799036 32.930632241008574 27.10699765174076 19.693937879425132 36.14026738271479 75.47795905270442 13.712846342605028 117.1933982062613 92.39939312793462 75.73476939001978 72.99736240715272 85.5349444516446 102.07135772305404 72.4733876697036 49.81001470601815 45.8748188285746 64.208848557569 93.19656034678715 59.45886024007809 27.92780522121392 20.479687275279275 49.535057487861245 92.38778167742838 58.19483576289712 25.152088155199483 16.536870642087294 48.053725825142564 99.84127749219444 69.32711596985865 45.15574999335565 40.82473439452987 60.73796631080635
32.728432467170656 27.213359839870293 26.636696404703823 0.0 25.83341051126658 33.19724186480915 35.290075205376255 30.8967216560868 58.86757862963157 33.94996228077011 35.93099211559316 25.20749004922961 48.998545334955374 26.47070801192712 29.078265209129825 6.522798572377347 17.82646085009618 58.4787895911263 46.10833563725081 25.70700037449585 28.490591519522255 30.202722360324586 19.74850234950221 6.5771594684236625 11.29475085454072 15.40044723746447 33.683383242330095 23.302760644128345 57.5860954414496 14.047459838559881 32.71162824847161 19.735946924706813 46.78679657503718 39.950384422056814 54.92062956664439 8.949411416477453 8.046073246559954 43.77395644592866 48.87319986931493 20.159656580053934 90.5571302204936 66.72018887593016 55.65399332202199 64.32685241582082 87.0247925026748 76.34661047504343 45.84298938057791 27.734343012203283 42.79774821340589 72.72509941312467 71.0545757702745 36.451231067699545 1.867128619007552 32.75873176240319 67.36198674738145 76.55378396598334 46.18404087522659 28.289365051958267 43.1561058270015 72.93455639630577 90.90624753108233 67.1889404328812 56.20990988838797 64.80390883668312 87.37466227926055
23.306911801867244 39.956745016668314 42.886844772071896 25.83341051126658 0.0 38.437381682651285 11.447452928225536 43.381697135844206 60.542952549564625 42.6347677313024 39.527750744827074 50.70282580654322 49.82716964395334 14.989771763234849 44.70522851285355 25.69935839538488 24.859964199230813 44.11847791657947 43.75643742444367 10.036516366514329 17.958083092472645 45.170331052423286 42.47372034781459 29.675504849768924 23.074627650424127 21.561751520093342 16.70662020763675 32.564784609739306 55.10683170976673 11.794858049533655 27.145667815409404 45.423549187771016 48.368848669349255 46.48900385450224 58.26526857375898 18.240095254847603 26.239822550895024 35.45634629951826 48.51565458024265 29.700955600184873 85.58233244389251 54.81283725668504 32.85413201750562 39.35957589184781 66.43638912017254 79.65735967131637 45.10433768418156 10.879421612328207 24.437196236063432 58.91388218162997 83.39277009988963 51.36014772679404 26.762248177379025 34.48787561053501 63.69812936282216 95.66335898661488 69.38878144280628 53.59970070401681 57.67020920690148 78.57212185691783 113.73891906927727 92.5477768836718 81.16876019971721 83.70407153939 99.0913865344652
58.53486006821981 10.933081503962743 16.471878648770677 33.19724186480915 38.437381682651285 0.0 49.47876618613911 10.913520435339327 90.94464300105528 66.89809166648101 67.84674042139112 40.47628235030641 80.58337761918176 50.02932981628616 15.922415293946742 26.676740307306584 16.428126612162902 36.78983235380441 76.41825195266883 46.22581427909414 53.04535752528827 15.07160988615391 27.834943007638643 28.459078773645803 42.80405767623945 20.080693123234095 54.50010023986329 9.977648854558273 88.22053648090146 33.44473747152431 60.64726253326124 38.78284835840678 78.53832776290868 72.70698674351286 21.92287138095665 28.854547119380673 25.174316831912694 20.207228255829364 80.05291796652942 13.04258931612545 120.65646711359352 92.40456280347117 70.09996687602248 60.69752421869038 69.63587795494391 109.03766891937654 76.77480580498913 47.899492307720436 33.00280162293188 47.73721254455253 103.91361815790165 69.377446384568 34.97533355022585 5.307702799132608 35.04173687209488 106.22864961829318 72.76842161250764 41.240816266407755 22.38774725396424 41.18813040738129 115.53632864242478 85.67603187368293 61.04856037193721 50.08269257462637 60.699510330216725
19.335107280230396 51.400995990685125 54.298394762131856 35.290075205376255 11.447452928225536 49.47876618613911 0.0 54.80992619643052 56.6993953409952 43.42770741963963 38.49065070920855 60.49561816141707 46.36762943082227 14.214099018257418 56.14084366035895 36.31336370404109 36.30736445099147 49.25781900976928 39.44364885859708 10.975542926685375 15.778142154258457 56.61576026928282 53.23430375210478 40.012246367735095 29.51793138219837 32.98741451379053 10.133850195046676 43.988106008168685 49.79146186550559 21.89121634090285 24.177782735078832 55.00853118530853 45.378543704770195 45.89957247803161 68.52240614546847 28.829610534187587 37.03962345177784 43.84745784958064 44.64034350720784 41.147300340081706 78.12597093863819 45.65399697816695 21.441867173444145 35.07229702544832 66.29648929085563 75.68959249107446 41.388127077633676 9.586086803777011 29.422141375632933 63.51602232303914 83.331263214835 54.009250663137216 35.84311384837798 45.24697104599147 72.1434535663259 98.73779876032525 75.47373490547122 63.546772402118904 69.10047591554064 88.9175749056039 118.9281902713978 100.25305058118956 91.38996137247739 95.12237965088674 110.17758557015267
60.58075019965286 3.7784633852946636 6.668057248460161 30.8967216560868 43.381697135844206 10.913520435339327 54.80992619643052 0.0 89.76341347401834 64.63367568289627 66.80582864768674 31.498305542189446 79.84915217170744 52.56992112161104 5.279845410167455 24.7671012596481 18.63145960728951 47.699793213670056 76.58121765716162 49.53026245264352 55.37261103067756 4.213533378278172 19.456220300676307 24.85040519834412 41.81309543551064 22.244300109155766 58.13705113691342 10.823884821491157 88.22487120867976 35.67457957766342 61.86205122000459 30.896425053255584 77.65850238458269 70.73374712000255 26.383792814154678 29.56845784698334 23.237518857423755 31.10365849431317 79.63776182169016 13.79231808569296 121.11105306868612 95.03034787471934 76.0815654460509 70.29082393236008 80.54783053008036 107.07060024293264 76.52741095230417 51.4159014255277 42.72662301786182 58.329690661618805 99.19855171550847 65.17369454939066 32.39935899083515 15.705943715251495 42.877559120820536 98.97826981750974 64.84101321648288 31.73116973942603 14.290847086541238 42.38443732341699 106.45727611882602 75.67487505375759 50.150208376326155 41.209485522630274 57.23828793053332
37.74682504519817 86.07732843236896 85.17911165260604 58.86757862963157 60.542952549564625 90.94464300105528 56.6993953409952 89.76341347401834 0.0 25.837262231821725 23.10572788384435 72.20970610857592 10.744637722781112 45.56294526928218 87.64833511700067 65.12491401768645 74.54291542261217 104.57892222575907 17.25826944451154 50.538169687660215 42.683061732462846 88.85909671542028 75.38345438486012 65.04380107807863 48.24418633954987 71.00701160873454 46.582170507768566 81.52181457805294 9.944687391474147 58.71973177487577 33.43738118038925 67.64921017735848 12.500435391238174 19.58655976285249 112.85700389038898 62.13310272777215 66.67666013291073 95.08957842112785 12.10880533817005 78.1664905653965 34.35455518292308 32.34726240885735 57.50907572333211 89.2360951469454 122.53042905411277 19.129065052408073 15.475742606776937 50.07924225023056 84.6830373519825 119.28687078480826 34.142907194435516 32.12446079486705 57.38521252360338 89.15706935736189 122.47343459169477 59.83010039091041 58.512795862818194 75.25054937070682 101.47085598400578 131.62376524554207 87.22093913761256 86.108425942283 98.06397169286792 119.21886091864125 145.61745697379723
25.49209329709011 61.02921518359272 59.71908566199372 33.94996228077011 42.6347677313024 66.89809166648101 43.42770741963963 64.63367568289627 25.837262231821725 0.0 7.707181107038126 46.70010744030193 17.767128593253208 29.41310793025991 62.18815488253613 40.41245544040491 50.792386634122686 85.85404686739162 19.160128127166278 33.83257312266422 27.67135101234256 63.44200494186593 49.57587703063365 39.78471529740893 24.38824984324414 47.54601691016793 34.31458871660116 57.14287324942186 27.57383859137409 37.03592464417603 20.757477986614692 41.943508143733695 15.406920578746957 6.257854906820255 88.75884789322582 38.73781318687261 41.95931243402253 73.98644761810932 18.772621032071793 53.89028972262997 59.548643041176554 44.97430021635749 53.79730052024535 78.4883843485844 108.72680663866383 42.43841430469304 17.13703925633801 34.368390343284105 66.80975549719409 100.70128916115719 40.76209725843901 12.469460852153716 32.3152917996478 65.78693231441926 100.03206781624655 55.92528523526237 40.10141641497962 49.834053446342025 75.85226022731338 106.85748028837244 78.73501335202033 68.20193181049724 74.15233047438414 93.49008590796659 119.90407684756762
19.551306818413767 63.09432851642794 62.44296157732386 35.93099211559316 39.527750744827074 67.84674042139112 38.49065070920855 66.80582864768674 23.10572788384435 7.707181107038126 0.0 52.02550145623994 13.09043437153497 25.154866889443074 64.90443042979952 42.09406131077837 51.45629370556389 83.50545528942705 12.141283855855916 29.972158277544743 22.853618685315293 66.0746911836663 53.362181890007015 42.244012025081034 25.1496382088269 47.94801443948481 28.793882634847137 58.42002357645437 22.21385409569333 36.01175482284446 14.605319969268683 46.92433966899686 10.855825548153343 7.4394818777706755 89.76364296514937 39.06204490035153 43.642167380591864 72.82190446316226 13.241833941793088 55.06195170082277 55.06186012863637 37.62652546008328 46.84580757263108 73.26753201397146 104.5780096301764 41.458842783397046 10.71592092472192 30.094503051972307 63.963896871335855 98.3459909110723 44.84209288751837 20.102967895182783 34.52958872459387 66.14607193447635 99.76552672432105 62.51179687497365 47.7873827293644 55.26620484813431 78.86623547996962 108.5367359383146 86.07823123355604 75.85009813725952 80.57142801085624 98.10715959760698 123.09758991048562
55.75447569567757 29.772519128562095 24.83701286659078 25.20749004922961 50.70282580654322 40.47628235030641 60.49561816141707 31.498305542189446 72.20970610857592 46.70010744030193 52.02550145623994 0.0 64.35170035923328 50.887130069556214 26.5116674509915 25.508457942354305 33.373532724031676 74.92542114246521 63.94879354181389 50.748394630528395 52.428418691911666 27.887843504903756 12.695707475449927 21.25129172602463 33.59269984633859 33.80075355191767 58.346746162291986 32.47653382211294 74.02254347590431 38.963545430579615 54.40048328011048 5.6828613085902715 61.97943687801598 52.79927638855088 57.42095003365755 32.6188945311058 25.48437072295284 58.339652177465126 65.04927718932358 31.556240994847123 106.23720529143336 87.76256586884121 80.70265466425991 87.85382914571176 106.38796192932992 86.51938601509545 62.741020295289836 52.74530127030608 63.42316368847979 87.50844693803192 72.6478523394531 41.81889193944564 24.79458283636186 43.307797157423614 74.37204846372813 68.2846163636497 33.757157080735105 3.340163552261512 35.743837889633916 70.27760253270421 75.10575504673378 45.92002118653738 31.165005679250598 47.20913196618906 76.687561126793
27.212940271661484 76.12649234761714 75.53222617107538 48.998545334955374 49.82716964395334 80.58337761918176 46.36762943082227 79.84915217170744 10.744637722781112 17.767128593253208 13.09043437153497 64.35170035923328 0.0 34.85971578882793 77.99310432617995 55.10776978948614 64.15862945911734 93.89455040345693 7.441691756236337 39.83814380078919 32.01500007078706 79.16010010318479 66.34476404170987 55.33209340946406 38.09898913738845 60.57240248443996 36.23398397658997 71.29181827683992 9.839616534085634 48.08469418479111 22.770555289496517 59.450498639740495 2.372275964413874 12.159552984563355 102.46672924848197 51.73201007280611 56.651333087797056 84.35402771206802 2.3722759644139453 67.9149238337097 42.11881744295795 30.017088764669428 49.22289691331165 79.62159675886431 112.47729053865535 29.831026532778218 5.00311848607885 39.43382587343753 74.02618745613718 108.62587451159277 40.19116948337981 27.27299820107273 47.61452489104521 78.64674025922062 111.79587089303452 62.85120014034476 55.293220831246536 67.52186199723108 91.95573984932963 121.4384988320928 88.85148821833153 83.4593946845135 91.82086844433272 110.86654553532358 136.1852696406577
8.683532731114061 48.849148602432116 50.3501109859272 26.47070801192712 14.989771763234849 50.02932981628616 14.214099018257418 52.56992112161104 45.56294526928218 29.41310793025991 25.154866889443074 50.887130069556214 34.85971578882793 0.0 52.55129985233 29.80464936912118 34.335515782832346 59.038447640529526 28.791376464624758 4.9791461865507 3.1095136798864553 53.34694422166172 46.05768590818755 32.481229726035885 17.617091150174065 30.56417634720657 7.556907766187412 42.27257817063434 40.24813125669383 16.92025747134688 12.157273260722123 45.216425852046186 33.45513345444414 32.40480678942489 71.11079209215235 23.247023517523957 30.99290963312395 50.10633555018674 33.52620276541865 38.969178644174676 71.38341101476995 42.54613924431708 30.324796415244933 49.232604108930644 79.51692935153173 64.6839415381572 30.11587761619548 4.9773700955554725 39.210160396712205 73.78992804167727 69.76369863435457 39.79517162111615 26.366244652739283 46.92060491365647 78.1200909451793 84.52476807576458 61.96937943425574 54.13657425646144 66.45397259044202 91.08396889192788 104.9584227646837 87.61553335102214 82.0452018450892 90.44927249421524 109.66060791957466
60.21351307066099 5.775303198682582 2.4702825124242485 29.078265209129825 44.70522851285355 15.922415293946742 56.14084366035895 5.279845410167455 87.64833511700067 62.18815488253613 64.90443042979952 26.5116674509915 77.99310432617995 52.55129985233 0.0 23.473298088262506 19.928657142174202 52.65926734092138 75.16553485404195 49.93427838135099 55.2088153142403 1.4226131961577468 14.937438559650685 22.661256431927743 40.296280208219734 23.15688310155886 58.57939993911398 13.063015044174064 86.6640858227369 35.89267302902365 61.07826879146097 26.34794404035822 75.74916544037112 68.3717371180353 30.985022132235787 29.305726050822365 22.04019032281621 35.95838257751238 77.931005687788 15.203571762963117 119.63484964077995 94.69154841729075 77.55791497065859 73.8831492996957 85.42223404816379 104.53629249379553 74.919548261213 51.89272216851496 46.557321193399986 63.53839264425434 95.52494560474688 61.8602294248508 30.384353645835716 20.361191490375735 47.96660819595082 94.36173410857397 60.065296081404654 26.57809565662875 14.135168559026198 45.69533080889252 101.31739235311305 70.40175219762381 45.19320498872104 39.02910693331044 58.300454073847945
36.988475879922255 21.026296543619225 21.105612008097182 6.522798572377347 25.69935839538488 26.676740307306584 36.31336370404109 24.7671012596481 65.12491401768645 40.41245544040491 42.09406131077837 25.508457942354305 55.10776978948614 29.80464936912118 23.473298088262506 0.0 11.651278847556302 53.38960124197195 51.855680189444186 28.01125846019445 32.230936698434 24.483817851980085 16.92706349230805 4.314707419970146 17.045994199017038 9.888696450243447 36.48425911026661 16.782241636688365 63.467420856036114 14.444129031809503 37.62623948351856 20.697703631419902 52.93577760765652 46.36483034145748 48.4054334867133 7.497979423837191 1.5537348180143011 38.105418230374084 54.871876488920925 13.643727948229225 96.37999514140546 71.38466603421301 57.42150012988569 62.3977392349402 82.97299619658943 82.76621919581218 51.76214368930933 30.053785539832237 39.01254359998593 67.34660435250277 77.46200874534021 42.86307246847035 8.305273109209285 26.373595485016335 60.967285601406225 82.0944538049909 50.691116002690336 28.187218690611697 37.60704074414521 66.54998038744618 95.2240222231544 69.83062569319948 55.49606723058995 60.647390623814424 81.67737641845171
42.627714167108216 15.114417629890847 18.279733273827595 17.82646085009618 24.859964199230813 16.428126612162902 36.30736445099147 18.63145960728951 74.54291542261217 50.792386634122686 51.45629370556389 33.373532724031676 64.15862945911734 34.335515782832346 19.928657142174202 11.651278847556302 0.0 42.418430287796475 60.02841505386584 31.017451588167788 37.25102338741821 20.327248844625696 21.749674918621963 14.886021731672106 26.514080578354555 3.7826090203825062 39.580734055426845 7.971139281077567 71.82349193569159 17.449571292792868 44.437321284000866 29.670748730420243 62.12165399350741 56.483769632065865 38.316418246204215 12.427154039558884 10.435226675244817 26.64145271496436 63.62597320571844 4.853298577174684 104.35064739771823 76.88144550383522 57.68234200006456 56.022721830950225 73.1070106834703 92.73434741756826 60.35228172691008 32.86301042883676 30.205923685763214 56.032660328238116 88.85004739188913 54.25450762198978 19.68823616961673 15.051779298158426 49.601812940800926 93.66489836005346 61.759678276483555 35.358733464230355 32.87947230972671 57.5040595293737 105.99979089380535 79.08518631860622 60.56209974222179 58.95641917197808 75.3574216939219
66.96710059781662 47.296935372072895 52.91663394105375 58.4787895911263 44.11847791657947 36.78983235380441 49.25781900976928 47.699793213670056 104.57892222575907 85.85404686739162 83.50545528942705 74.92542114246521 93.89455040345693 59.038447640529526 52.65926734092138 53.38960124197195 42.418430287796475 0.0 87.59980598364803 54.059301453978826 61.89618462240229 51.85835178618913 62.42054729284402 57.145924017751334 62.92010681367646 43.50135073075855 58.802633835142736 42.5905392614924 98.60734482315468 49.24936293920992 71.14157155680243 71.84350906018103 92.478300030779 90.2513066582665 38.25394214032724 50.08123859890024 52.4802170856744 16.79867322928351 92.50362224858634 43.397099229946356 127.2809131494071 93.96391006227127 62.071243055709296 35.65528451518474 32.93321564560406 123.70700648637371 89.10926600549007 54.51929439712635 19.977486688617507 14.856003047219602 126.39409642819226 92.77026880673561 60.26623842619284 32.44314675299127 29.460780817569105 134.96860644865959 104.05172987684172 76.36621758404736 56.847469799605655 55.01153874737245 148.41316005661105 120.8372976542 97.83437744692081 83.2838808083654 81.82646689133236
20.63751205525622 72.81625561684207 72.73462362000114 46.10833563725081 43.75643742444367 76.41825195266883 39.44364885859708 76.58121765716162 17.25826944451154 19.160128127166278 12.141283855855916 63.94879354181389 7.441691756236337 28.791376464624758 75.16553485404195 51.855680189444186 60.02841505386584 87.59980598364803 0.0 33.720098801168284 25.799846810528425 76.25552979577608 64.507550760471 52.62407906641062 34.87245826961666 56.338110904892254 29.3328491661681 67.469503284787 11.80944071547765 43.29659204212923 16.660965916328863 58.737146037437704 7.561159768207407 15.317649897298935 98.15887569803756 47.66671852644585 53.36566234025364 78.79089242819535 5.328188316093291 64.06798260726184 44.529857422372544 25.86205703370439 41.82852021597524 72.2858598222933 105.3361631821483 36.28028157329357 2.883269109137997 33.09413774555513 67.65341800777226 102.24285933887934 47.50158334657586 30.656628507518516 44.923193484901866 74.10258932410937 106.57922014062899 69.30569535463796 58.85014568100832 67.21745509505976 89.26264210868955 117.52548091654938 94.64011143203889 87.05573694936517 92.71115076282014 109.5751756114701 133.46455047818924
13.34518286315383 45.874686855511584 47.836397697209826 25.70700037449585 10.036516366514329 46.22581427909414 10.975542926685375 49.53026245264352 50.538169687660215 33.83257312266422 29.972158277544743 50.748394630528395 39.83814380078919 4.9791461865507 49.93427838135099 28.01125846019445 31.017451588167788 54.059301453978826 33.720098801168284 0.0 7.924168491019669 50.63125115398983 44.74198802524211 31.181750446789852 18.6789938261042 27.30957152413828 8.64517339724394 38.9881962024548 45.10177946045898 14.054933033998708 17.117442778949133 45.146838592429496 38.43117835660084 37.138864005887 66.96657837900997 20.909493194360632 29.02863235609056 45.315941475344864 38.49297824751318 35.779719390898435 75.91427395757484 46.18413424064258 29.963449147208582 45.359443101075094 74.91319400668353 69.66078381426856 35.08537118825525 2.048433114065163 34.23832972028213 68.8126783583716 74.39534235803198 43.66647644122289 25.955664820891773 42.842421491293486 73.4308572295723 88.36891139595731 64.50014878897909 53.90984285005587 63.61658894474532 87.07850993040131 108.05409492398975 89.39450857884674 81.8644705613297 88.35681954562025 106.33337304162747
5.576762374615673 51.63589037375584 52.973795582159674 28.490591519522255 17.958083092472645 53.04535752528827 15.778142154258457 55.37261103067756 42.683061732462846 27.67135101234256 22.853618685315293 52.428418691911666 32.01500007078706 3.1095136798864553 55.2088153142403 32.230936698434 37.25102338741821 61.89618462240229 25.799846810528425 7.924168491019669 0.0 56.038578807387914 48.19898010765508 34.68465853841997 18.874743229914756 33.472235026623956 7.210089632615666 45.16422736664823 37.19125287411059 19.80456525446018 9.246985775022527 46.74583728817 30.689845376071883 30.21204754956218 74.18577259124149 25.920125047313885 33.47743930320411 53.1815889657543 30.612132041766724 41.839345384499296 68.27502921472193 39.66934450476519 29.67612361631426 50.818558349695465 81.72648024182143 61.81170245778182 27.213678903472086 7.438849576740101 42.011225302551416 76.61203576886821 67.64362624277994 38.58270957577276 28.221101777325757 49.990754078388534 81.21921079007446 83.22473989870734 61.78784278308246 55.7127636221904 69.17283336350816 94.13099409935337 104.27197032475321 87.9078324107348 83.5323183352738 92.8559498274061 112.52344036953289
61.09052339453504 5.596257658553823 3.767891449486688 30.202722360324586 45.170331052423286 15.07160988615391 56.61576026928282 4.213533378278172 88.85909671542028 63.44200494186593 66.0746911836663 27.887843504903756 79.16010010318479 53.34694422166172 1.4226131961577468 24.483817851980085 20.327248844625696 51.85835178618913 76.25552979577608 50.63125115398983 56.038578807387914 0.0 16.36005175580843 23.83504077588248 41.383220149821064 23.67154978075524 59.27480952312002 13.137722437684353 87.78307699747509 36.613184006345705 62.041695348626256 27.769029948723894 76.92431067141858 69.61530372926238 29.581434003120076 30.119219745974814 23.025898421798736 35.21399880255506 79.07290843228034 15.529999923467622 120.7448079034386 95.57647393758839 78.0074671232621 73.69000141637255 84.67595004662479 105.81097279029547 76.0435082307316 52.57453752534525 46.26405213489952 62.54163985776219 96.92182779263567 63.22229559677683 31.545599272845795 19.698711168988527 46.645490942555924 95.7760308780643 61.46784140100184 27.899738525449592 13.166158919122237 44.30747701230325 102.63331220993184 71.59845188958133 45.977235867239386 38.68204352196876 57.21469332511113
52.46902399226628 17.294785870473053 12.864101310827678 19.74850234950221 42.47372034781459 27.834943007638643 53.23430375210478 19.456220300676307 75.38345438486012 49.57587703063365 53.362181890007015 12.695707475449927 66.34476404170987 46.05768590818755 14.937438559650685 16.92706349230805 21.749674918621963 62.42054729284402 64.507550760471 44.74198802524211 48.19898010765508 16.36005175580843 0.0 13.596135299213207 30.59360398119308 22.968602267208855 53.06006145129202 19.861185892675607 75.53399528411504 31.370782469163736 52.24412997108145 11.449466973433873 64.01927671470774 55.832881397988935 45.79364130060437 24.405174836613693 16.23932379044452 45.756596713634806 66.59685361980296 19.240224269654885 108.42206237631082 86.27246764588955 74.33223805146896 77.47497939356793 94.20303141667343 91.41603490414536 63.841280870190296 46.79038527893356 51.94020092927881 74.84011021510467 80.91183103208665 47.77208913401112 20.309326898092333 30.62046991078667 62.10962691650155 79.52952935417451 45.414002858340055 13.955991611361792 26.86931666511934 60.36557863707776 87.70159085143582 58.450827347313314 39.195095526161644 45.2861780851035 70.42901713210455
39.11950020725795 21.275582510817507 20.20214590536909 6.5771594684236625 29.675504849768924 28.459078773645803 40.012246367735095 24.85040519834412 65.04380107807863 39.78471529740893 42.244012025081034 21.25129172602463 55.33209340946406 32.481229726035885 22.661256431927743 4.314707419970146 14.886021731672106 57.145924017751334 52.62407906641062 31.181750446789852 34.68465853841997 23.83504077588248 13.596135299213207 0.0 17.865067794547663 13.79232299141187 39.46531024945051 18.493971550045053 64.04535104449508 18.142816230468974 39.255927484058745 16.38381669099561 53.09104823038103 45.89957247803161 49.73967911616031 11.450821097901686 4.734044759324841 41.52745313935476 55.28096607394366 15.76026858233493 97.02649120611781 73.24171820755322 60.904358612217756 66.70168538245343 87.08427579162407 82.22047851690422 52.29527789130994 33.2297842457785 43.22585455211279 70.90531652697062 75.47286367825357 40.99410632998606 7.728798930731297 28.87569720640181 63.267143309330024 78.87990257635687 46.92090952911275 23.998923163520296 36.676541774452964 67.15082249334712 91.31174433663455 65.55860884850009 51.50563851249883 58.33123921125169 80.91377634118618
22.28422044052017 38.06971628766041 37.87059571686315 11.29475085454072 23.074627650424127 42.80405767623945 29.51793138219837 41.81309543551064 48.24418633954987 24.38824984324414 25.1496382088269 33.59269984633859 38.09898913738845 17.617091150174065 40.296280208219734 17.045994199017038 26.514080578354555 62.92010681367646 34.87245826961666 18.6789938261042 18.874743229914756 41.383220149821064 30.59360398119308 17.865067794547663 0.0 23.178865015981795 25.1732506440486 33.28038572087997 46.433997215497335 13.74856338443737 21.655445794455616 27.91114367856226 35.9559508756295 29.974915854941834 64.72503690782005 14.349569886451956 18.57894395817513 49.982077434904724 37.827664189058154 29.93455280024247 79.37178170070275 55.679342194490374 47.90937768134543 62.33167492138379 88.71288988973174 66.23845044957619 34.71890642862092 20.44797037910305 45.00759274939605 77.6408024230338 63.799031058561624 29.85128860253475 10.331288198180031 41.43940899467903 75.64764858997964 73.13173036570458 46.44672279362598 36.89409758569347 54.40477112966511 83.38712198464711 90.67116518039964 70.73843224696786 64.6634684663143 75.85232539506498 98.59289597495419
38.845166912040035 18.642391953115908 21.328652043974593 15.40044723746447 21.561751520093342 20.080693123234095 32.98741451379053 22.244300109155766 71.00701160873454 47.54601691016793 47.94801443948481 33.80075355191767 60.57240248443996 30.56417634720657 23.15688310155886 9.888696450243447 3.7826090203825062 43.50135073075855 56.338110904892254 27.30957152413828 33.472235026623956 23.67154978075524 22.968602267208855 13.79232299141187 23.178865015981795 0.0 35.89928134701809 11.71427605938138 68.13986741593946 13.66896965443613 40.67558814795256 29.609222223858136 58.56041145404751 53.14069863168224 41.90094165933097 8.893252743003 9.062760221466949 28.393764550082476 59.997518605463476 8.470474050381993 100.61819839954377 73.11015034046093 54.41477997391155 54.51279153387521 73.3288658470788 89.30219293309767 56.70716751683839 29.178198982530205 29.696380371424542 57.508486170999376 86.08743691782074 51.54657274704314 17.259942857633526 18.265163331737032 52.57547768898415 91.82891438969546 60.57363370892767 36.06404235769223 36.426634072860445 61.22106383263973 105.06822243029217 79.06954251004616 62.12437617788969 62.1423209620048 79.11183457552407
9.329417031807099 54.49535086404593 56.47817928201701 33.683383242330095 16.70662020763675 54.50010023986329 10.133850195046676 58.13705113691342 46.582170507768566 34.31458871660116 28.793882634847137 58.346746162291986 36.23398397658997 7.556907766187412 58.57939993911398 36.48425911026661 39.580734055426845 58.802633835142736 29.3328491661681 8.64517339724394 7.210089632615666 59.27480952312002 53.06006145129202 39.46531024945051 25.1732506440486 35.89928134701809 0.0 47.5451445955101 39.87801878548295 22.6956794879796 14.260607977592896 52.68599897135469 35.26275600347718 36.23303405966853 74.85337547813464 29.503712292775468 37.55705945516816 51.90057579866286 34.512440882226485 44.368217992642414 69.1827733412974 38.14840320654428 22.785734407062137 44.47384852995424 76.36426650505358 65.60002455335766 31.254477238701398 6.721256657162581 38.837637056952154 73.25573445679366 73.58466326588966 45.58482132720493 33.70580874510158 50.88240846642249 80.22960662788219 90.11221326685283 68.98288431516603 61.577964687369374 72.24841313383489 95.09259026521684 111.44385849865091 94.9667094415398 89.51153662639597 96.95695673763234 114.82022779899627
50.50190147946379 7.597508057582549 12.013411004843872 23.302760644128345 32.564784609739306 9.977648854558273 43.988106008168685 10.823884821491157 81.52181457805294 57.14287324942186 58.42002357645437 32.47653382211294 71.29181827683992 42.27257817063434 13.063015044174064 16.782241636688365 7.971139281077567 42.5905392614924 67.469503284787 38.9881962024548 45.16422736664823 13.137722437684353 19.861185892675607 18.493971550045053 33.28038572087997 11.71427605938138 47.5451445955101 0.0 79.2298411321134 25.361895344742805 52.151944503727314 29.980357099223934 69.19178110695663 63.02960334826074 31.628473659971263 19.838908087029445 15.25910258394182 25.89616301072947 70.87761386113262 3.403017119034816 111.9079672462746 84.81644806377831 65.2613946775603 60.98403442354209 74.6581430285389 99.41217291341724 67.65713527728518 40.82927214009283 33.9323540687182 55.05100836042407 93.9365027945595 59.40122425539348 25.05590370199729 11.042878208944915 44.843572443363136 96.68150327468395 63.61558457424055 33.78484976043525 25.114408087613647 50.148727416984684 107.0163058029776 78.31200188544972 56.63791265156203 51.74688628159066 67.39755863912227
31.808522252797378 84.46874659099596 84.21956380847607 57.5860954414496 55.10683170976673 88.22053648090146 49.79146186550559 88.22487120867976 9.944687391474147 27.57383859137409 22.21385409569333 74.02254347590431 9.839616534085634 40.24813125669383 86.6640858227369 63.467420856036114 71.82349193569159 98.60734482315468 11.80944071547765 45.10177946045898 37.19125287411059 87.78307699747509 75.53399528411504 64.04535104449508 46.433997215497335 68.13986741593946 39.87801878548295 79.2298411321134 0.0 55.09736019792771 28.24827083875465 69.03631895829074 12.175275938640798 21.978444653651355 109.9681932262708 59.447542554001174 64.98973952100508 90.34807463317333 8.993803086232822 75.83020525324913 32.98314406676417 22.68070505566749 48.329978983688655 80.944457825108 114.73042113397503 26.609805389574433 11.751254097637998 44.30525385846187 78.6299712745566 113.12489806557356 44.041482789486416 36.85602066306766 56.319708551313106 85.90856850403232 118.25178210663442 69.15583191109019 64.61553656685884 77.21774261918858 100.72122772302822 129.31251052775366 96.10697465849837 92.67327045249908 101.66024925030297 120.31610132870101 144.95450642678472
25.186214923016568 31.97191478883098 33.78250657172625 14.047459838559881 11.794858049533655 33.44473747152431 21.89121634090285 35.67457957766342 58.71973177487577 37.03592464417603 36.01175482284446 38.963545430579615 48.08469418479111 16.92025747134688 35.89267302902365 14.444129031809503 17.449571292792868 49.24936293920992 43.29659204212923 14.054933033998708 19.80456525446018 36.613184006345705 31.370782469163736 18.142816230468974 13.74856338443737 13.66896965443613 22.6956794879796 25.361895344742805 55.09736019792771 0.0 27.22682821455633 33.64224967470179 46.219868741618484 42.009440751059955 54.95169950962131 7.020133480267584 15.2634800629904 36.99317123034894 47.285672682859555 22.0494446858013 87.27300794000509 59.4563774066651 42.99258959253145 50.561682647320886 75.22914189891222 77.4318322591124 43.92108484101113 16.040106607373886 31.31067910738224 64.01782964261218 77.2296670788432 43.566980107341585 15.053003571116392 30.82133935576026 63.7821909717834 86.73395063734053 58.66960693246505 41.90809248346812 49.65153076892235 74.62627991303394 103.29893360030462 81.00059375029544 69.61524899639664 74.33861580189783 92.74123628033404
4.953646123237492 58.08552406347168 58.728400238189465 32.71162824847161 27.145667815409404 60.64726253326124 24.177782735078832 61.86205122000459 33.43738118038925 20.757477986614692 14.605319969268683 54.40048328011048 22.770555289496517 12.157273260722123 61.07826879146097 37.62623948351856 44.437321284000866 71.14157155680243 16.660965916328863 17.117442778949133 9.246985775022527 62.041695348626256 52.24412997108145 39.255927484058745 21.655445794455616 40.67558814795256 14.260607977592896 52.151944503727314 28.24827083875465 27.22682821455633 0.0 48.79860329180771 21.487885274695728 22.036150095878178 82.16226414617803 32.370284709460506 39.03892775729589 62.14060068823902 21.376466734653757 48.761055524359094 60.05021989015347 34.031631230234126 33.2432398900216 58.71040905537084 90.46297211016052 52.565551367391585 17.97213848170346 16.664715341988742 51.25702018289648 85.85863907264363 59.32954791309313 32.755275020072865 31.94777856080817 57.9935582247637 90.00380415903298 76.6587236959792 58.376706311762135 57.740053605524956 75.1982830283909 101.83537586995993 99.15995519996356 85.60174941702499 84.95492694559437 97.47685388150487 119.08338167470663
50.088671390445214 28.577956666349323 24.3130764938877 19.735946924706813 45.423549187771016 38.78284835840678 55.00853118530853 30.896425053255584 67.64921017735848 41.943508143733695 46.92433966899686 5.6828613085902715 59.450498639740495 45.216425852046186 26.34794404035822 20.697703631419902 29.670748730420243 71.84350906018103 58.737146037437704 45.146838592429496 46.74583728817 27.769029948723894 11.449466973433873 16.38381669099561 27.91114367856226 29.609222223858136 52.68599897135469 29.980357099223934 69.03631895829074 33.64224967470179 48.79860329180771 0.0 57.0812725301457 48.122860008252864 57.24309516685338 27.51780302076669 20.888269101723548 55.50453258638954 60.04580324368777 28.54205399880066 101.47189443247522 82.27941869668678 75.08664108715142 83.07134371737476 102.75425135469371 82.56043759999449 57.63286292698275 47.13468660917516 59.301106523657566 84.89036781731158 70.20748975298703 38.10176001873191 19.21571814344924 41.00720350405644 73.40834327783028 68.08267378474054 34.067603348727104 8.98919405407105 37.36124335648405 71.45468692890958 77.03712872946343 49.478642069771425 36.829073087370816 51.56988475249455 79.73301190509918
26.09908912817863 73.94385209471758 73.28623046396262 46.78679657503718 48.368848669349255 78.53832776290868 45.378543704770195 77.65850238458269 12.500435391238174 15.406920578746957 10.855825548153343 61.97943687801598 2.372275964413874 33.45513345444414 75.74916544037112 52.93577760765652 62.12165399350741 92.478300030779 7.561159768207407 38.43117835660084 30.689845376071883 76.92431067141858 64.01927671470774 53.09104823038103 35.9559508756295 58.56041145404751 35.26275600347718 69.19178110695663 12.175275938640798 46.219868741618484 21.487885274695728 57.0812725301457 0.0 9.903991509671007 100.43747924160103 49.70041174553192 54.48220689847213 82.65961434628483 3.7960472063235944 65.82214844710555 44.4695520698139 31.702441188526226 49.26848232451828 79.02250806424608 111.60898291438684 31.395182057846046 4.718101682942591 38.12765025044302 72.66380905809125 107.24362350794931 40.033812760188226 25.17237639160497 45.380976964780096 76.68154781417371 109.97967379219806 61.876102383809865 53.283900002872144 65.14978670217924 89.6917731395185 119.3295117820651 87.5406667960206 81.47828474272848 89.4917727952626 108.50607301711658 133.91445900442696
26.985816635087453 67.10522658446025 65.90178149799036 39.950384422056814 46.48900385450224 72.70698674351286 45.89957247803161 70.73374712000255 19.58655976285249 6.257854906820255 7.4394818777706755 52.79927638855088 12.159552984563355 32.40480678942489 68.3717371180353 46.36483034145748 56.483769632065865 90.2513066582665 15.317649897298935 37.138864005887 30.21204754956218 69.61530372926238 55.832881397988935 45.89957247803161 29.974915854941834 53.14069863168224 36.23303405966853 63.02960334826074 21.978444653651355 42.009440751059955 22.036150095878178 48.122860008252864 9.903991509671007 0.0 94.60586716019134 44.27289939932529 47.916587734729916 78.99465979025965 13.582449780653453 59.7420601520679 53.44493443973322 40.99504490780978 53.84837752335269 80.70640111901129 111.90272545774842 36.40154260131441 12.780998916903851 37.369596885407766 70.8835017328304 105.10616572204691 37.436391860006125 15.461695464541256 38.36006174489629 71.40570262059543 105.45569740643023 55.54808781659736 43.677450254450584 55.89871339515716 82.07575497759443 112.88494074551944 79.85797548821888 71.89732598658537 79.7239454000213 99.68621873790126 126.14883942699834
