0.0 57.16601722345159 48.94200111599577 51.34918122411923 18.386569147111505 17.984346356417937 37.82980022075922 17.30362845739683 57.12026210634278 54.7706080520577 15.682416858542615 52.651307780860876 48.70482257967232 44.711273572506045 4.867754748122578 29.759342072591824 38.81576455426793 32.77988672044086 24.414590028913192 35.22346019804301 10.669598971180275 54.59061144738569 56.36056845242325 40.90180945332103 23.756512729891973 21.105612008097182 41.77202079584147 36.42199489848668 47.51511058334079 50.94424645320896 25.091379473405688 51.845354869391784 50.16898312796932 12.622109777550081 3.4068057301568113 12.496628521334104 10.508587277868598 23.33858585473911 33.18570146975299 42.81548824815602 89.12909359509021 61.343457149553046 44.4619062134935 50.848003234907296 74.75957946212232 79.07305810248394 45.684920129747454 17.79114601444794 30.67225726127827 62.92773151969923 78.42262476769834 44.56021299802394 14.695870247367429 29.003036654815638 62.13883794400075 87.38809905832201 58.80924692275552 40.92918358186431 47.81936315709837 72.75306038682601 103.49965625040937 80.65836750387925 68.51371611022107 72.64468312338505 90.85776973085154
57.16601722345159 0.0 11.288856490042361 9.312830367294117 73.72670197351405 73.12577062765037 25.25767046897178 39.99175768595672 112.55550846014816 109.30335217441512 66.45899251977532 107.50640112400447 59.81511538011796 12.455628283024943 53.47793577480304 86.92513281310087 92.14159045299886 81.84985589242224 69.99157253595584 71.56331035223019 66.99389842112903 2.8452263923140793 6.19033905005537 17.560596036874703 70.07233852886971 77.08011597668046 17.979388307918676 93.36470142097457 104.20915417883963 108.03235326587921 49.80737171808891 107.94991540375715 57.117674816917656 59.657944610622 59.02920223467534 63.46742085603606 67.65884091758255 77.66510863515674 53.42935409656879 55.268531696220194 32.58432198703532 22.10213741838743 48.063679903060184 80.78723031085134 114.62060130950717 26.795996503497527 12.163241904766624 44.41527441106191 78.69143454481063 113.1672225633875 44.56106781725145 37.469728601388105 56.719491517718645 86.16872538368308 118.43912406397469 69.7470852350741 65.24217259762942 77.73801128492197 101.11690183726459 129.61801340001003 96.72002361324567 93.30307147386081 102.22938794467436 120.79286735599038 145.3467243288909
48.94200111599577 11.288856490042361 0.0 2.4811782878950086 64.45004135040564 63.81622455445359 14.17548833025341 31.664380993890834 105.52404490456176 102.63934163658244 56.6800542576033 100.70374046544677 48.73449936108065 8.158805870071347 45.79474638936913 78.51609944939736 85.74325253093792 71.43085520665106 59.533322737146044 60.48180104284061 59.24862818702769 10.349975870009015 15.256429599937368 8.050908466052041 59.67704434563124 67.91245898731201 7.441323373521364 85.36377362134566 95.09018572448527 99.82461437707967 46.220400658171485 100.56367737318398 46.180905354901284 49.86853260392342 51.20367591114369 53.86484008226877 59.267509666457414 68.07870466074264 42.18449314954392 44.04537732668423 43.06912207921439 30.53527311423388 49.037668379061635 79.19481879576773 111.95437515163533 30.577237298190507 4.56733876117111 38.75058788267739 73.3294611630958 107.92435324340447 40.3016649597527 26.52912363731714 46.67124910177417 77.76540023428728 110.95742581317242 62.63130449270574 54.600048950287835 66.59163942676783 91.0083709893465 120.52135407856328 88.48844485152273 82.78190214480958 90.94064883128429 109.91942381484485 135.23711651560248
51.34918122411923 9.312830367294117 2.4811782878950086 0.0 66.92453715624691 66.29159132216077 16.547042171324488 34.058993131337445 107.8498662944704 104.92598187317617 59.16114039905599 103.00448870689962 50.50628467885379 9.341135071709054 48.14924071702263 80.95054495801239 87.99266536669553 73.88319408969889 61.98426175817414 62.80084345071294 61.62182413111344 8.864183515145319 13.946253611447814 10.448113216951725 62.1336334359118 70.38388717991042 9.922500370135008 87.77059547671364 97.56266352883327 102.250002634099 48.01339785052144 102.922241504158 47.83878795821055 52.34968599757854 53.577780942148905 56.345170972849445 61.69401344274355 70.55945336835761 44.39971096796247 45.96978577284336 40.67103515028576 29.66412736600202 50.00625610574164 80.72254141137338 113.6946330233954 28.385881034532 6.274369049891166 40.839093727355454 75.43971003787568 110.04236697452134 39.5921682146713 28.180870369792444 49.148984333311475 80.199273078327 113.32724155338062 62.76491342437265 56.074045580920966 68.87638244618712 93.4794457054125 122.99451498728084 89.0017242883407 84.20002898796433 93.01988156613723 112.29633733640108 137.70603441365543
18.386569147111505 73.72670197351405 64.45004135040564 66.92453715624691 0.0 0.7113065980788735 51.674802672054774 34.00609472075149 47.28402078419257 46.5379084445644 9.268002820006478 44.12420199957796 49.681170031212616 61.4046147248914 23.200119952563966 16.547928480518813 34.48260757317885 17.06681857311495 15.291948727856788 27.871334585108727 14.95240130262882 71.31881225076854 73.60750395202588 56.62703745161252 14.347084505564661 3.610637094215844 57.03150698277311 24.571935874447668 30.650234869133726 37.11756403306556 41.94443345723013 41.113258566446504 52.394099430393396 15.260091697998979 18.568426165363537 10.957592756798592 10.071189983469461 5.182257840272285 36.22588269397737 45.163743524801525 106.14365020118301 79.57874619421563 61.59436989163984 60.41310411845789 76.81410734088702 93.42495361311228 61.78875707575677 36.08760148620415 34.37463306351199 58.78564240238322 88.17217255419261 53.59782276670766 19.130484972503478 15.939841993751374 50.36899768547423 91.67801945722452 59.13932223481936 31.383144591952554 29.448026116533246 56.07417290919138 103.0522565387075 75.445431351455 56.20550021508252 54.96274198900075 72.64672992948265
17.984346356417937 73.12577062765037 63.81622455445359 66.29159132216077 0.7113065980788735 0.0 51.01024585232791 33.44473573730302 47.97997586367332 47.21296984526867 8.558447577177281 44.801676480774965 49.020549937464935 60.81445096485364 22.81687434075574 17.251525185363537 35.05855661806964 16.9643627262871 14.736489664972638 27.350318822325946 14.970761281094063 70.72603611613367 73.04078632999928 56.003878761427586 13.790177086729717 4.313038766828802 56.39470778526376 25.272410724808324 31.2960146704227 37.82645794733917 41.73651644963907 41.814998831102294 51.71909906369072 14.564616382993295 18.2815870251481 10.266318393912007 9.996514694902809 5.421291891045985 35.527933076741384 44.4811578181301 105.55704758812192 79.10635272595842 61.38507107031169 60.60714498540356 77.28591243292766 92.75530171804584 61.17516595292027 35.72242700976534 34.707615642064184 59.3968122515686 87.46125565255777 52.88755741412847 18.4274381189748 16.640356952716974 51.079220245501006 90.99516822706525 58.497416384318015 30.96153983802779 29.83501830860101 56.71403555247047 102.4473430467216 74.94616088651178 55.97495469582007 55.17484629241376 73.14459215999548
37.82980022075922 25.25767046897178 14.17548833025341 16.547042171324488 51.674802672054774 51.01024585232791 0.0 21.487206398024234 94.94997732430917 92.52236457564095 43.42067511472164 90.44131303458262 36.66281181217986 16.04108720182317 35.58751555188485 66.59224418345082 76.15081910674466 57.50342268872301 45.60561449330535 46.32730982385079 48.47037528384066 23.764701397809283 28.02766086883352 8.952645057539483 45.79866484327352 55.22539719710574 7.506303283479149 73.8448627337272 82.27045832479665 87.9534549627194 41.813023615042376 89.61912856870535 34.753233438579656 36.675672422586466 40.56391227107041 40.83799696738829 47.64910779760829 54.93055754559695 28.271126554120915 31.307936098686138 57.21767886413603 41.28308572100989 50.2945824573398 75.8262378603941 106.60447052591935 41.772069331321894 13.761037944097263 32.073006916304124 65.29043267016591 99.45780332387073 42.67552642896929 16.277618126931202 33.22003734769069 65.85613596650039 99.82655028050364 59.1839738934874 43.943974609808066 52.48066363277082 77.27990824274602 107.63347709395596 82.39803743222474 72.02504472133015 77.33389051653938 95.75075580815907 121.4522001042164
17.30362845739683 39.99175768595672 31.664380993890834 34.058993131337445 34.00609472075149 33.44473573730302 21.487206398024234 0.0 74.02211608710643 71.35027100723063 27.73758574031281 69.33484125874244 43.48357688354245 27.56318692499079 14.281188558872872 47.01105241350466 54.7706080520577 44.64991826095533 33.57065071752362 40.020372959596955 27.609311769705627 37.48064555906964 39.60387935676461 23.61634730605615 33.33629864226648 37.24360497818322 24.58278639130748 53.71648148420297 64.27571764233623 68.2434485483529 24.071937976598505 68.94502464745118 43.56228080159841 21.3078513515337 19.56908883652557 24.442790919632674 27.72664833397087 38.29578283263369 28.934325589565425 37.13473260428342 72.21481614402583 46.58862472937358 38.99802526447831 57.14908338689765 86.05820835912391 61.9497627778912 28.38906772286889 12.998369393580612 43.895653889705535 77.97147963632024 63.69170838301219 31.98109065351596 19.590680188940585 46.2563237775876 79.3117165161308 76.62603342534321 53.11346826995528 46.53326830328633 62.4856994898475 89.65708703836042 96.34529212105714 78.74380744049697 74.252987513071 84.97748023911707 106.41233569440658
57.12026210634278 112.55550846014816 105.52404490456176 107.8498662944704 47.28402078419257 47.97997586367332 94.94997732430917 74.02211608710643 0.0 5.365156338725712 56.473709174960156 5.643813250520373 96.62575295790754 100.28682743694189 59.76679348051462 30.780645157356687 21.258949912313998 55.839277128111036 61.413092586963586 72.70588300226596 46.49942099482754 109.80399630629148 110.53516605247151 97.48974168004105 60.54399165584724 43.95559904271718 98.5907847183295 22.738995235088357 29.37175887149481 15.899839296117118 66.11818498731151 6.469616959344905 99.53038008999259 61.551768471190094 54.48742597102352 57.388789406031904 47.65754207127038 47.210221522185655 83.50676684842352 92.38582877868525 142.93664754800966 110.93987280566071 81.11248277027605 56.970375318026115 48.0293846282949 135.96059543006118 101.88208254887495 68.33359489725149 36.79467150847549 20.81013513335188 134.55144886133635 100.01137760901267 65.53863252351907 31.356059958820577 8.120719213770597 138.87884565703828 105.71011247559001 73.86983816553463 46.19208920748626 34.720256689987124 148.44170445787307 117.88531638420243 90.29803384548727 69.32027783199358 62.061629277090255
54.7706080520577 109.30335217441512 102.63934163658244 104.92598187317617 46.5379084445644 47.21296984526867 92.52236457564095 71.35027100723063 5.365156338725712 0.0 55.55431856183952 2.463709475656182 96.18388649402111 97.13348044803305 57.06996619468433 30.36876083489341 17.276471134815495 56.58729530320336 61.17892279150349 72.89940110829178 44.101009080877425 106.52577309460146 107.06185934994893 94.63672924641837 60.2801225673757 43.39688085281659 95.83582897601259 22.51131663980155 32.22230114720292 19.23088464695475 62.07915113101059 8.759895383157994 98.93178261788539 60.20411763205803 51.9586745958337 56.157407640896636 45.792485784538364 47.0527803106463 82.58957484750587 91.68323277215076 139.2819387219603 106.9026206770887 76.49640663533206 51.67250930244818 43.39601683621935 133.1660572646015 98.8799472444535 64.93180122734572 32.401903313598744 16.687646639418343 132.78660997913104 98.37305316690124 64.16449943541005 30.85060753309323 13.464344824692827 138.19087959034505 105.49036420311688 74.52877624609965 48.740987379612626 39.89552639908114 148.7495239160883 118.86983787366945 92.34945681656693 72.94910777201845 67.15272749599744
15.682416858542615 66.45899251977532 56.6800542576033 59.16114039905599 9.268002820006478 8.558447577177281 43.42067511472164 27.73758574031281 56.473709174960156 55.55431856183952 0.0 53.16361052517066 40.95157358612333 54.35790293688453 20.310338320566665 25.79544830629845 42.59731666313539 17.442435100544277 9.198725076613032 21.415531122511695 18.130439809849086 64.18818731325862 66.87552139392302 49.065605357409375 8.397672009010803 12.803518765415477 49.239157727008454 33.79939279952297 39.02025114909307 46.30153114692047 40.77318944848941 50.344844462139996 43.47829338406464 6.815207386096241 17.542891227180043 3.4322612389873832 13.18040508160654 11.528240133983605 27.05449543132962 36.16438929657242 99.0262139306608 74.24078148547093 60.09976395660086 64.0863091691999 83.64755717359701 85.00571046537381 54.361553901210144 32.85150459586157 39.97623352760708 67.17002472071107 78.95631957738145 44.41194244738421 10.27594481589809 25.171881752045184 59.63645193325358 82.64766510381853 50.63078404052922 26.289897886210795 34.837965816841965 64.27325794342902 94.95022447957206 68.76271962918493 53.25296909337275 57.77756008259532 78.96464275896037
52.651307780860876 107.50640112400447 100.70374046544677 103.00448870689962 44.12420199957796 44.801676480774965 90.44131303458262 69.33484125874244 5.643813250520373 2.463709475656182 53.16361052517066 0.0 93.75597700306659 95.29494836020503 55.05458785937977 27.919192838734396 15.762536149876029 54.13048074695223 58.73178331179834 70.43782649398331 41.985370868332524 104.73891427129453 105.35841705774084 92.68841316291561 57.83445329745753 40.96520847775745 93.85512854357349 20.049522824072554 30.107261922160777 17.36875002831094 60.654967474260665 6.923558676754958 96.51777611238663 57.8745719843341 49.88790025495233 53.80800068034368 43.548647597916045 44.598719645404195 80.20710219166455 89.27843541689934 137.66685817938045 105.48708753862269 75.48313284425745 51.60132714234035 44.97228585621865 131.20501882518204 96.9850799957909 63.18467705968883 31.198557422626358 18.6881099178368 130.55119966452457 96.10691589786896 61.84104606816796 28.40673899242448 13.580235918520703 135.7893588735698 103.04773669216499 72.0676609104146 46.513278964133164 39.09025647046304 146.28766022462736 116.41699324622185 90.00290293385746 71.01336633799326 66.18189560181129
48.70482257967232 59.81511538011796 48.73449936108065 50.50628467885379 49.681170031212616 49.020549937464935 36.66281181217986 43.48357688354245 96.62575295790754 96.18388649402111 40.95157358612333 93.75597700306659 0.0 52.632623030866746 50.37407222222368 65.91089078898437 83.49755414418009 43.40782971529194 35.25642940054413 25.614754063110663 56.93613997938017 59.07902372126944 63.85910703863905 45.58283167530712 36.104187722064516 52.79239803953838 43.84236628525769 73.9250126972073 74.14442747468291 84.55858056349139 67.29709278919556 90.29159407088149 4.0291802563199575 37.89118080796895 52.063227498735266 41.16020488086822 52.956248662159005 49.44195217462533 15.569863214590196 6.348872357046965 88.47702023968274 77.91490929993373 81.90249923067142 98.69165099840575 123.1535662389479 64.93058562260484 49.91672863192454 56.233310382795956 78.91449262880745 108.10927641340595 46.98916244146281 22.40775006127526 34.51200865087891 65.3826874777992 98.76010583552772 42.477039502778375 10.105902220648629 28.192429621464814 62.30850960918399 96.77159244806226 54.8174831041082 35.941183342067035 44.42309049268922 71.06253148028533 102.57283214226776
44.711273572506045 12.455628283024943 8.158805870071347 9.341135071709054 61.4046147248914 60.81445096485364 16.04108720182317 27.56318692499079 100.28682743694189 97.13348044803305 54.35790293688453 95.29494836020503 52.632623030866746 0.0 41.04017891485034 74.47007946218143 80.03841412219714 70.16928045639108 58.39920334465073 61.05829895867839 54.56275917274347 9.922500370135008 12.790389585632418 7.091651621404284 58.413865677841606 64.72409613161115 8.84395303986294 80.92335806287531 91.82017014830508 95.58123076454568 38.92127040177332 95.59961228690972 50.54688443155055 47.58991890315118 46.585310023304 51.28974649247888 55.20620251948265 65.44392477940033 43.8612943474188 47.34821688782589 44.746691816992175 25.28390236166388 40.87941981553177 71.39902076288651 104.4957191589563 37.036842594087446 3.810829559916199 32.43719115048108 66.96771276317882 101.54817561593724 48.45279919996094 31.3291205755791 44.83513210614173 73.71363221904866 106.07565841059892 70.21430727632041 59.49953420269699 67.41754323763533 89.13383556869405 117.21493543476507 95.49191673371266 87.6950311841423 93.0421098805867 109.62642614794227 133.3183250202398
4.867754748122578 53.47793577480304 45.79474638936913 48.14924071702263 23.200119952563966 22.81687434075574 35.58751555188485 14.281188558872872 59.76679348051462 57.06996619468433 20.310338320566665 55.05458785937977 50.37407222222368 41.04017891485034 0.0 33.662964611557236 40.56353979230165 37.55631240381594 28.764885996162047 38.97076718671649 13.528338378355619 50.83659397027511 52.341556557642875 37.74861886469159 28.164192103306718 25.809267511439188 38.82475170239703 39.88710752062111 51.856453672848254 54.57917403675106 20.63138919857726 54.77302797568601 51.48575609163611 16.3991850212888 5.571114749153422 17.009721890903528 14.73764232038248 28.18848850747699 34.811661559141754 44.278678229838086 85.13898167301183 56.73401356024258 39.79540732831046 48.40893151190031 74.14849230779858 76.19387015846706 42.29497510580961 12.925782690329013 30.661680753602372 64.0940975801702 77.15114426152425 43.98078742106433 17.639991602192417 32.907111474487586 65.18769598431005 87.68704260163318 60.45720950383677 44.899292756817864 52.64631390765315 76.95542745449295 104.95504600827155 83.37301585571035 72.67261742910642 77.50038927421502 95.53042872882862
29.759342072591824 86.92513281310087 78.51609944939736 80.95054495801239 16.547928480518813 17.251525185363537 66.59224418345082 47.01105241350466 30.780645157356687 30.36876083489341 25.79544830629845 27.919192838734396 65.91089078898437 74.47007946218143 33.662964611557236 0.0 21.261096005868602 27.211680609799984 30.813760632453533 42.63002360106488 20.547925409507233 84.34321108286342 85.99561696666667 70.51058437350704 29.919029993948644 13.175017425576085 71.23238378547968 8.042110730252485 19.214629937814987 21.365693137633624 47.39685023337315 24.568490107313206 68.7642361767694 31.30368814933646 28.102254427390704 27.029650726988706 19.284412782513442 16.69578433847395 52.76393329402327 61.60554688533236 118.7908274951604 89.71132388884402 66.17987546420476 55.73350470676239 65.01895512832061 108.28499688759435 75.39519854008626 45.14499233528536 28.045385746392032 43.93012575923759 104.4860162748584 69.88243668474045 35.27940944316996 0.7569134538169422 33.931747950111635 108.10350678429793 75.13670659042063 44.71600255452433 27.356110856539306 43.49749909653786 118.45977462783324 89.27654395481703 65.59481110175253 55.04409174384665 64.4346155304327
38.81576455426793 92.14159045299886 85.74325253093792 87.99266536669553 34.48260757317885 35.05855661806964 76.15081910674466 54.7706080520577 21.258949912313998 17.276471134815495 42.59731666313539 15.762536149876029 83.49755414418009 80.03841412219714 40.56353979230165 21.261096005868602 0.0 48.20090020381847 49.77073614429635 62.265826812782926 28.297747058761168 89.35247388650183 89.81373517148192 77.78380432919869 48.82708698416933 32.08974444533907 79.07614123340103 16.471974459878957 33.387601301675566 25.221302770619506 44.892458213923 18.662836534892126 85.85099433202436 46.09424952843375 35.76017057572495 42.42963472301552 31.01422140226422 36.60510983631227 68.99772219212052 78.45015477268731 122.00551915909037 89.72456190600491 60.087219055774185 39.56358629337983 43.75965504202124 116.31223813513388 81.89118668721066 47.73519264313282 15.683852173582837 24.661108329844808 117.23547246370458 83.18535053043315 49.90287982268075 21.34574007223906 28.562775721152573 124.62821559046658 93.22764057439505 65.15679599678286 46.842687962128025 50.377386005359604 137.45014538975667 109.63957192900963 86.8555076259728 73.90313179311191 75.98826742667909
32.77988672044086 81.84985589242224 71.43085520665106 73.88319408969889 17.06681857311495 16.9643627262871 57.50342268872301 44.64991826095533 55.839277128111036 56.58729530320336 17.442435100544277 54.13048074695223 43.40782971529194 70.16928045639108 37.55631240381594 27.211680609799984 48.20090020381847 0.0 11.90077550755796 17.88124498241845 31.91320306624487 79.7816342191296 82.89367333415817 64.28983979060453 11.77752675732503 17.416100432915833 64.09085469835348 34.302818653428595 30.812219580160075 42.104521588948984 57.68116544380307 49.36973549111762 46.95042865680094 23.358452260902542 34.05773909773076 20.871263059051227 26.843012631698496 12.585349015751955 34.220076197511034 40.78129385193305 114.37413159895763 91.23292753295664 77.20229871277616 77.40597885515666 91.74921783952055 97.88953998662855 69.68874086520896 50.25424549412202 50.884848434769424 71.04826833560594 87.57165854074849 54.4108238364477 25.438689511471523 26.991904346517035 56.61135645015286 85.67876936647637 51.338166706362635 18.033754669566044 20.240512847240353 53.74935831506101 92.7283625942502 62.30367636661029 39.49399802231929 40.40584862329972 64.03372750608213
24.414590028913192 69.99157253595584 59.533322737146044 61.98426175817414 15.291948727856788 14.736489664972638 45.60561449330535 33.57065071752362 61.413092586963586 61.17892279150349 9.198725076613032 58.73178331179834 35.25642940054413 58.39920334465073 28.764885996162047 30.813760632453533 49.77073614429635 11.90077550755796 0.0 12.687516153607907 27.176187120982025 67.953992041069 71.15345193964677 52.43140873955588 0.9468888169355125 17.920315159271844 52.20142028785991 38.771558119303 40.007432657049954 49.47131612685541 49.39033592690949 55.05414471325391 38.327460653084906 12.82586586315377 26.58263071360453 11.9590113647955 22.095898977719617 14.203001356001492 23.60674902422784 31.454472988006245 102.49547047554496 79.98291662720825 68.43957789282778 73.24921896785594 91.87863583739724 86.16648665903067 57.83519112261222 40.742827409699295 48.68130424638733 73.99042860631317 77.02951228364965 43.214461434635005 14.010177328029076 30.33037978227868 63.548645020865536 77.66629741181995 44.32936652724058 17.116696490695386 31.8703536203405 64.29080151985157 87.86456488938475 60.31345548263234 44.15949627315101 51.54829153668804 75.88945025333872
35.22346019804301 71.56331035223019 60.48180104284061 62.80084345071294 27.871334585108727 27.350318822325946 46.32730982385079 40.020372959596955 72.70588300226596 72.89940110829178 21.415531122511695 70.43782649398331 25.614754063110663 61.05829895867839 38.97076718671649 42.63002360106488 62.265826812782926 17.88124498241845 12.687516153607907 0.0 39.543910781131686 69.91448237863166 73.76597513910617 54.39496342667016 13.62875351342028 30.21323163446662 53.61745118326285 50.38830814092119 48.692125805418684 59.67477018899343 59.348141320639314 66.2641699637161 29.27189716995948 22.63823513309722 37.879131796106655 23.48846624768463 34.570356999695115 25.982179690124568 19.11555706638876 23.613455221114183 103.37373622469913 84.59260434882599 77.59139194557551 85.3210145449719 104.56415717559268 84.04210094458543 59.71707201757713 49.638580179061286 61.29155396323159 86.27935167141463 70.94498770383888 39.43206474621836 21.71242449618085 42.223408465607754 74.08811149492567 67.79819299172905 33.50076285675761 6.5468222226741855 36.85477283397575 71.19368869682621 75.8505817723598 47.627656155464535 34.326488248212726 49.83024432238474 78.62970171562084
10.669598971180275 66.99389842112903 59.24862818702769 61.62182413111344 14.95240130262882 14.970761281094063 48.47037528384066 27.609311769705627 46.49942099482754 44.101009080877425 18.130439809849086 41.985370868332524 56.93613997938017 54.56275917274347 13.528338378355619 20.547925409507233 28.297747058761168 31.91320306624487 27.176187120982025 39.543910781131686 0.0 64.34011212866615 65.7273134932939 51.19779716374697 26.301211475499166 15.968934949241364 52.18846250183567 26.38788178974455 39.36497717372432 41.12469477815874 28.055998962845553 41.33672312855193 58.84501329180179 19.07408220113492 8.04497499994131 16.418057696814643 5.184119950428504 19.983352977943397 41.773065730307046 51.41026280204078 98.51419513366774 69.17874193987235 47.551731891699454 46.16766457501275 66.3065341852785 89.5460761372408 55.80905389614178 24.60997378877557 22.169814861696345 52.651686963865814 88.97390665692001 54.894858493491974 22.480801631140658 19.803507889776085 51.70902181736665 96.94648747075726 66.94840644077276 44.27617731981648 42.81931448526326 64.04241227338518 111.64770932190653 86.7207994926846 70.50210848221458 69.39280731069783 83.99369192298586
54.59061144738569 2.8452263923140793 10.349975870009015 8.864183515145319 71.31881225076854 70.72603611613367 23.764701397809283 37.48064555906964 109.80399630629148 106.52577309460146 64.18818731325862 104.73891427129453 59.07902372126944 9.922500370135008 50.83659397027511 84.34321108286342 89.35247388650183 79.7816342191296 67.953992041069 69.91448237863166 64.34011212866615 0.0 5.114471803294166 15.604558400217437 68.00776564160093 74.64459696911322 16.323111571082734 90.72124878954483 101.74249113015031 105.40908824096786 46.963096385608615 105.23115231603472 56.52708424121726 57.40202796869516 56.39595425347381 61.153220598924996 65.09285301414285 75.32730820183043 52.032346848824616 54.32658151890743 34.85400519747337 21.086939216043096 45.490248989424366 78.03148672832997 111.81819846932707 29.518638141676124 10.215566195862792 41.619931667268396 75.86127309488334 110.32905294353031 46.23906338741995 36.870575821633224 54.54957506342757 83.58649003921907 115.72629300560254 70.81548220450411 64.883218405895 76.15512979042913 98.91485129463186 127.1356128990103 97.47579611033079 93.0342571485153 101.01435478024543 118.94163034964761 143.1258455774827
56.36056845242325 6.19033905005537 15.256429599937368 13.946253611447814 73.60750395202588 73.04078632999928 28.02766086883352 39.60387935676461 110.53516605247151 107.06185934994893 66.87552139392302 105.35841705774084 63.85910703863905 12.790389585632418 52.341556557642875 85.99561696666667 89.81373517148192 82.89367333415817 71.15345193964677 73.76597513910617 65.7273134932939 5.114471803294166 0.0 19.414404547834174 71.15262590290364 76.83969541578996 20.52136065352352 92.09271323782404 103.78770239724683 106.85096776142205 46.38875410013444 106.18122208241354 61.39592731374128 60.149774160637776 57.9109220924147 63.73789972373644 66.85870354450184 77.80803434186075 56.246354428948706 58.967633379820505 32.79747746168016 16.060978749640523 42.83789775045123 76.2041066060404 110.3353804455365 31.949363916973766 14.266957902921922 42.204043968455295 75.85293384641606 110.0954350784944 50.75125430016761 41.76374509956361 57.51131765454377 85.2391551658137 116.69916944213624 75.7652286588798 69.85599467381837 80.088132815071 101.70111577606157 129.10028576670507 102.54083016958982 98.03221790168507 105.35974278034637 122.416097001781 145.82658179744345
40.90180945332103 17.560596036874703 8.050908466052041 10.448113216951725 56.62703745161252 56.003878761427586 8.952645057539483 23.61634730605615 97.48974168004105 94.63672924641837 49.065605357409375 92.68841316291561 45.58283167530712 7.091651621404284 37.74861886469159 70.51058437350704 77.78380432919869 64.28983979060453 52.43140873955588 54.39496342667016 51.19779716374697 15.604558400217437 19.414404547834174 0.0 52.51238393706018 60.05771186650272 2.3693856494290815 77.32359459247948 87.23824090093215 91.80385755164826 39.27100492970431 92.51477597693261 43.571190990399955 42.251787645126065 43.15283390342125 46.15897972786641 51.24899989029932 60.38017397713051 36.8877209430488 40.26047697064289 50.10932389916281 32.33902067098742 44.44675822027579 72.801445840345 104.97342929405362 38.53540249581362 5.40917762742054 31.119050020504435 65.5925716848524 100.15602708153355 45.440978311369236 24.573225123745896 39.21284357796132 69.75882478403494 102.90667128006046 65.19683343524106 52.626343053585295 60.689679135449964 83.61664069194408 112.67230503790225 89.67768079738327 80.78490682266583 86.0525559546061 103.33736052372673 127.85501260134383
23.756512729891973 70.07233852886971 59.67704434563124 62.1336334359118 14.347084505564661 13.790177086729717 45.79866484327352 33.33629864226648 60.54399165584724 60.2801225673757 8.397672009010803 57.83445329745753 36.104187722064516 58.413865677841606 28.164192103306718 29.919029993948644 48.82708698416933 11.77752675732503 0.9468888169355125 13.62875351342028 26.301211475499166 68.00776564160093 71.15262590290364 52.51238393706018 0.0 16.996010703298744 52.32482234813686 37.88751952609113 39.36310459080312 48.69049755326601 48.776128392802356 54.193133176465274 39.143315706072414 12.400783387749868 25.856376891070497 11.27052326998401 21.206689991766005 13.339470693044197 24.257464356812488 32.229578595930604 102.5996690451269 79.81359990391755 67.88589290972573 72.39850322558462 90.93600589715876 86.49985144876656 57.91123817972443 40.249502472308876 47.761460681828865 73.05556473595556 77.6337108244841 43.724694295782236 13.840393682072083 29.42984666066043 62.73377896179874 78.49255745518226 45.218420985171925 17.977174546710888 31.567407255204717 63.75478636743068 88.79460676757151 61.25580789901074 44.88743473435263 51.694347647267776 75.66072525457983
21.105612008097182 77.08011597668046 67.91245898731201 70.38388717991042 3.610637094215844 4.313038766828802 55.22539719710574 37.24360497818322 43.95559904271718 43.39688085281659 12.803518765415477 40.96520847775745 52.79239803953838 64.72409613161115 25.809267511439188 13.175017425576085 32.08974444533907 17.416100432915833 17.920315159271844 30.21323163446662 15.968934949241364 74.64459696911322 76.83969541578996 60.05771186650272 16.996010703298744 0.0 60.50428182979918 21.217052907068418 27.181230619709343 33.52313832977227 43.723038477514315 37.727021372159776 55.602676528148 18.869121658471517 20.83718505586947 14.563838977384142 11.700506419236104 4.852537522351203 39.619108627049016 48.43131151818066 109.44174757885946 82.44390815861485 63.33471207288018 60.169422447469174 74.99479265690539 96.98582509693964 65.18730021061174 38.566217897982035 33.468753082175624 56.105230759537044 91.74873136492097 57.18433277487552 22.740279320055496 12.611378712034611 46.859658804788076 94.93308710995001 62.1212175466184 33.17594135896143 27.14927761983575 52.61526622752153 105.78090655090328 77.56509225943785 56.902441792004694 53.42502434464516 69.75227286918586
41.77202079584147 17.979388307918676 7.441323373521364 9.922500370135008 57.03150698277311 56.39470778526376 7.506303283479149 24.58278639130748 98.5907847183295 95.83582897601259 49.239157727008454 93.85512854357349 43.84236628525769 8.84395303986294 38.82475170239703 71.23238378547968 79.07614123340103 64.09085469835348 52.20142028785991 53.61745118326285 52.18846250183567 16.323111571082734 20.52136065352352 2.3693856494290815 52.32482234813686 60.50428182979918 0.0 78.17098492592781 87.67710349673057 92.56633306158352 41.265707728384804 93.52518553774706 41.70903062211858 42.427354713164455 44.15112282656798 46.426335343212365 52.018979616369414 60.638699787378556 35.75573050446836 38.66272322719998 50.30771859392698 34.1031630499446 46.79761288352616 74.91220911607915 106.90413106334314 37.3705531037872 6.255007833604436 32.81075674757645 67.14774862440768 101.66586587400067 43.22884770509589 22.515945029556903 39.243430577162805 70.48383121313435 103.87848014527488 62.82805704133862 50.66090171120077 59.83722294883679 83.60181586064485 113.10542893869534 87.36323162149236 78.85229830206447 84.83966041635622 102.82306810393199 127.83634462736683
36.42199489848668 93.36470142097457 85.36377362134566 87.77059547671364 24.571935874447668 25.272410724808324 73.8448627337272 53.71648148420297 22.738995235088357 22.51131663980155 33.79939279952297 20.049522824072554 73.9250126972073 80.92335806287531 39.88710752062111 8.042110730252485 16.471974459878957 34.302818653428595 38.771558119303 50.38830814092119 26.38788178974455 90.72124878954483 92.09271323782404 77.32359459247948 37.88751952609113 21.217052907068418 78.17098492592781 0.0 17.681995397957685 14.79501146854177 51.23714625480135 16.545458704914655 76.79868581152691 39.141650313413585 34.33841275056611 34.90391553873199 26.210014794362948 24.59314624833874 60.79618048846181 69.64684121559986 124.86557433677736 94.8089989634948 69.14389716120735 54.47759491156505 59.577980694228025 115.39785622045335 82.06655774453704 50.47787217603032 27.494585993918896 36.86095412419827 112.32030526181103 77.72098017304458 43.128933617649245 8.632116885157899 26.149117381466905 116.14219356317683 83.10041411095482 52.12663653591842 30.38965876351651 39.04758885453729 126.23822549776332 96.59324151956446 71.54865520823108 57.47135672666358 62.30164246697351
47.51511058334079 104.20915417883963 95.09018572448527 97.56266352883327 30.650234869133726 31.2960146704227 82.27045832479665 64.27571764233623 29.37175887149481 32.22230114720292 39.02025114909307 30.107261922160777 74.14442747468291 91.82017014830508 51.856453672848254 19.214629937814987 33.387601301675566 30.812219580160075 40.007432657049954 48.692125805418684 39.36497717372432 101.74249113015031 103.78770239724683 87.23824090093215 39.36310459080312 27.181230619709343 87.67710349673057 17.681995397957685 0.0 13.53224408178736 66.60828733705937 23.537301377585177 77.59534183764372 45.63888503240033 46.41446708886178 41.4346095369319 37.122308351938585 27.526894281362303 63.61274074967687 71.13339957096835 136.48283274507082 108.43566810426697 85.34506346205917 72.13889976194736 74.29008765518408 123.97150812810068 92.35603531111514 63.91523333761965 45.11645167588237 48.79189212149654 116.97277298672476 82.81812636144264 49.29405636830525 19.89511090906176 27.505933698836323 116.48495524240573 82.1340653912474 48.146819975451315 16.884298211937164 25.43411989497076 122.58583481294015 90.50487106108194 61.23561341277 41.270969105267625 45.29469404850893
50.94424645320896 108.03235326587921 99.82461437707967 102.250002634099 37.11756403306556 37.82645794733917 87.9534549627194 68.2434485483529 15.899839296117118 19.23088464695475 46.30153114692047 17.36875002831094 84.55858056349139 95.58123076454568 54.57917403675106 21.365693137633624 25.221302770619506 42.104521588948984 49.47131612685541 59.67477018899343 41.12469477815874 105.40908824096786 106.85096776142205 91.80385755164826 48.69049755326601 33.52313832977227 92.56633306158352 14.79501146854177 13.53224408178736 0.0 65.6876331140681 10.484215904885351 87.76338357979209 52.29555052186417 49.014595574791585 47.98389623587772 40.557117658108986 35.613892952171014 72.64945894077123 80.91996513575052 139.63341329028916 109.54789850933844 83.05886684302668 64.74248984305126 62.2831113485159 129.650282281773 96.62908837961989 65.26866159837924 39.719618504530374 35.91838587077796 125.25682152991287 90.705897846924 56.220122745874555 22.10652012065067 14.544689583658224 127.03456762678167 93.12327075324914 60.00792401833913 30.410582700887037 25.367328232902413 134.7393781664561 103.29717357998646 74.70420985958613 53.72093385694835 50.852387967813996
25.091379473405688 49.80737171808891 46.220400658171485 48.01339785052144 41.94443345723013 41.73651644963907 41.813023615042376 24.071937976598505 66.11818498731151 62.07915113101059 40.77318944848941 60.654967474260665 67.29709278919556 38.92127040177332 20.63138919857726 47.39685023337315 44.892458213923 57.68116544380307 49.39033592690949 59.348141320639314 28.055998962845553 46.963096385608615 46.38875410013444 39.27100492970431 48.776128392802356 43.723038477514315 41.265707728384804 51.23714625480135 66.60828733705937 65.6876331140681 0.0 62.673768284191276 67.57126454429164 36.95866897849103 23.646651857603125 37.561285790100534 32.051411070865576 47.125134052598675 52.25225420308837 60.96181562943537 77.64441311937236 44.83262285025132 19.649957333165013 34.01654220299972 65.74935005261023 75.8995500317797 41.767355383259336 11.096620595940445 29.943458949659874 63.756875796715924 84.15916244059981 55.266540892875256 37.69408062647335 46.713211612715654 73.06320426013332 99.97323681392378 77.06831149856097 65.4153829771517 70.80671690482704 90.23735990716487 120.40027225738314 101.97915849013393 93.26283484771554 96.90638964966564 111.70686970144945
51.845354869391784 107.94991540375715 100.56367737318398 102.922241504158 41.113258566446504 41.814998831102294 89.61912856870535 68.94502464745118 6.469616959344905 8.759895383157994 50.344844462139996 6.923558676754958 90.29159407088149 95.59961228690972 54.77302797568601 24.568490107313206 18.662836534892126 49.36973549111762 55.05414471325391 66.2641699637161 41.33672312855193 105.23115231603472 106.18122208241354 92.51477597693261 54.193133176465274 37.727021372159776 93.52518553774706 16.545458704914655 23.537301377585177 10.484215904885351 62.673768284191276 0.0 93.23738840689117 55.606814019533026 49.37631531775209 51.39790703905283 42.08130812494106 40.853824074418526 77.33232951194175 86.12893519035111 138.75760481099783 107.33745800050147 78.63707817692087 56.93025046635459 51.89527871946678 130.87983662275462 97.0398546314433 64.02170460438923 34.28800746107035 25.444051815728287 128.73327189145738 94.15192327017368 59.59671236743484 25.17549801888383 10.521282334275753 132.59666620218658 99.32228109496533 67.40022318429935 40.193277785155985 32.90963390761488 141.98005284852243 111.43459214453212 84.09391917122839 64.19261761254803 59.70245448496112
50.16898312796932 57.117674816917656 46.180905354901284 47.83878795821055 52.394099430393396 51.71909906369072 34.753233438579656 43.56228080159841 99.53038008999259 98.93178261788539 43.47829338406464 96.51777611238663 4.0291802563199575 50.54688443155055 51.48575609163611 68.7642361767694 85.85099433202436 46.95042865680094 38.327460653084906 29.27189716995948 58.84501329180179 56.52708424121726 61.39592731374128 43.571190990399955 39.143315706072414 55.602676528148 41.70903062211858 76.79868581152691 77.59534183764372 87.76338357979209 67.57126454429164 93.23738840689117 0.0 39.93017352137386 53.56029664657225 43.42381761046875 55.07999605882818 52.44330508412821 17.08098464522099 7.4372730050547755 85.17847732244064 75.80703533111458 81.44189341714757 99.56705876452067 124.85655034876653 61.217811949060355 47.65648858984498 56.47540507282432 80.63877429441617 110.5014141446384 42.9605799247239 19.66174691617416 36.36487659917293 68.21342464818167 101.87534268917024 39.363106655655194 9.651139739762494 32.119895551841054 66.06878038471937 100.46557943900416 53.471165969289636 37.29394452883425 48.13874084628676 75.09105009990743 106.55900056849774
12.622109777550081 59.657944610622 49.86853260392342 52.34968599757854 15.260091697998979 14.564616382993295 36.675672422586466 21.3078513515337 61.551768471190094 60.20411763205803 6.815207386096241 57.8745719843341 37.89118080796895 47.58991890315118 16.3991850212888 31.30368814933646 46.09424952843375 23.358452260902542 12.82586586315377 22.63823513309722 19.07408220113492 57.40202796869516 60.149774160637776 42.251787645126065 12.400783387749868 18.869121658471517 42.427354713164455 39.141650313413585 45.63888503240033 52.29555052186417 36.95866897849103 55.606814019533026 39.93017352137386 0.0 15.47995920148304 4.31338877021259 15.160030140120158 18.26172465278387 22.94012096526997 32.49608552594594 92.23108386641782 67.89619807384167 55.74951357735002 63.25279824450296 85.37340556223504 78.3336122182898 47.55259711061912 27.94966119340124 41.18199861551162 70.75005186751198 73.188479086219 38.5850910476973 3.9899180239651244 30.624892734353775 65.22808504484314 78.53542769183652 47.88128327874259 28.500174449298505 41.55407764145196 70.96521375471488 92.57369075745483 68.35662006638142 56.30416718106986 63.73761390683883 85.72980846884555
