0.0 66.50460482600985 51.110902670008024 32.67354693711254 85.80947670096704 89.42644018032212 36.40979750514842 77.907718184732 13.07045039077098 38.386515581093775 68.06077850133431 20.441715393485445 73.64338898071884 25.659179335815157 70.88489418123578 44.81858327020744 74.42999383243215 50.27471518444426 19.295361001890388 26.406012873229635 9.287100931696413 57.1448722669309 53.5319520851089 29.250161200498184 49.20032747255365 71.22812308964905 40.49344745852423 38.816864781686874 22.12342665477631 41.86754742949817 68.26824945623176 66.935761721944 74.68981168386239 22.74781902938771 70.17488126077392 88.43890403259198 64.67260758178014 51.929125431285314 17.27916506608159 30.771669625797077 130.95447724821543 103.09035804991147 80.6283481442998 69.05795334339822 73.70097089551342 118.43583486856255 86.8003739376967 58.62068086890785 41.63273846120569 49.24435982945465 111.71171346283778 77.46609822804757 43.78740386557805 15.117143009631578 30.57074093303793 111.83265946451391 77.63880819068875 44.08940630481079 15.962999598709969 30.99369873007247 118.77775812109515 87.26206427729495 59.29586601633509 42.569371850522145 50.03121967210044
66.50460482600985 0.0 83.15463416186056 59.08057233926191 34.75985104667294 24.99036095651728 43.87826216915064 18.48090682580847 54.44915751728184 49.47436146089529 26.59717501904835 50.669127907528804 29.718926158179546 45.70025804417637 12.63952805937492 26.132165858279954 20.391564304610245 58.98204166255808 52.45890420924366 61.63501308999527 60.58972334487489 12.156949275387216 89.90498529249504 67.71963642712727 28.36914715076661 20.35849879946978 27.567756153885785 40.89109680484858 44.38183989060304 24.908847534722636 33.05205630236563 45.74076042755713 52.61631578426127 47.769439281118025 15.165465733977914 27.029650726988706 6.496898272726916 45.912340437758296 49.77973007814182 37.70721304231032 66.51437467483865 36.58576854318506 25.45029690175845 48.49494299347986 80.31590197687525 61.915861819226706 27.447283415993788 8.245419610284769 42.16010765776973 76.6930020693468 69.5611369902195 41.824649133640186 32.475921573855246 52.48718319994214 82.76447323218675 86.25333697142311 65.77465414953835 60.064602889171645 72.69107451695305 96.7213136279742 107.87068410377255 92.10981104997039 87.90365938365059 96.7708252226406 115.74469807694719
51.110902670008024 83.15463416186056 0.0 81.34796071554017 80.8548622099604 96.28735281427771 40.0224359825413 83.32480699607272 47.899593908202135 83.25865913260083 66.62979011742938 64.38393846004088 69.83851382604009 44.377276991906314 93.57815782714755 57.70868347308872 100.17698189488316 26.474297650565404 41.99343843758863 76.10664371087121 58.17681938458697 80.67660272352391 7.190127352567734 80.00170640137078 54.891084697467676 74.08906162411105 58.77350610980708 42.6244879856132 55.203461866565554 63.18353027689031 62.05108714523263 50.93251472490241 53.47295450561273 44.53494797026167 94.59675776531806 91.78835560860672 85.47378509847304 39.85430571589783 49.96730766417144 65.84194446871375 131.0666363432017 114.2687440437914 106.44651839984806 109.53998999636806 122.72648553083972 109.20273181999873 88.61364513126517 78.57641822596422 83.01122112256137 100.01102987026181 90.89330965226375 64.97992497068293 50.77393122709163 57.69227044868605 80.45873837340149 78.66221434012948 46.55740248742757 23.28699186737603 36.21906620298383 66.9044245581402 75.52354530804716 41.08648437743793 8.200386010444552 29.004263351698512 63.325366829227306
32.67354693711254 59.08057233926191 81.34796071554017 0.0 88.93310543231706 84.06069580381929 53.15492327604592 75.83371872420025 33.689470354309485 10.914771634502497 73.0770386458686 17.913630037969444 78.66352558050811 42.01109687931832 57.31376233363091 49.64687051573424 57.49870312018739 72.82307054469496 40.6858796040559 6.830994075078745 23.84302567055546 47.03045338107037 84.8481579992063 9.832119357457687 56.77061154982201 72.55595487503834 43.82086442430401 53.7185996329469 29.99744283727432 41.63286704791436 76.17390651226911 80.67857688164472 89.33849265872583 40.177343829975115 55.307326759362205 85.65651647918713 54.38617115757833 68.58863316694607 32.81295437603873 25.51301708169253 125.19254013415446 92.6964509886585 62.50535566898377 40.19993147660122 41.472605859182565 119.80348480454347 85.349163996127 51.097331637421405 18.227657234906783 21.175702073423622 120.84481818273234 86.79153059274852 53.45013932427783 23.998185668419342 26.263212818535727 128.1598339911016 96.63067675349494 68.15310379541886 48.44601791544947 49.436838243517045 140.77353904037616 112.68775256615262 89.3007194803621 75.13624999144335 75.57143818955126
85.80947670096704 34.75985104667294 80.8548622099604 88.93310543231706 0.0 22.640891984930256 51.73532847648216 16.875712214006533 72.74516102906796 80.8539332302706 17.773325876227105 76.06162912910962 12.400361394155961 60.3975615219438 45.46939890564696 41.62899016626828 52.50180832972473 54.49613864535188 67.37678851768175 89.76405725146024 82.98936157013993 45.54362316233884 88.0330831421109 96.15630511654375 36.615569354368006 16.408717154836854 46.95213637584218 48.61524397213201 65.7642922662493 47.806618228761224 19.449930213770717 30.337497000543678 31.50148018812152 63.258100935023364 48.51432163203938 15.766996405358938 41.24964116842115 41.99563900211072 68.8272990213104 64.1281564634391 50.25152156302951 39.956480019780074 55.34120061037923 83.2081725987993 114.80145818363077 32.62758187466788 12.217341187835975 40.358636741624046 74.18374148543005 108.50109330787846 34.83007311303498 17.21845984502138 42.1267804921255 75.15121302128364 109.15856773996535 54.50625323323226 45.14584906192066 59.16230516270129 85.77309388660478 116.65626230150065 79.6106271263431 73.30880519061468 82.49399268735793 103.10715631342535 129.8139494627478
89.42644018032212 24.99036095651728 96.28735281427771 84.06069580381929 22.640891984930256 0.0 60.90736002862884 13.038645218753558 76.74986882227354 74.32441848654454 29.854400836599318 75.11232471217947 28.003429833084848 66.18602441946156 30.29576849635949 45.46243836854539 35.5017186052831 70.03880598470784 73.31982825353853 86.58069988032025 84.39852530547303 37.0523611929907 103.42275005239675 92.69532963869901 43.91505699109285 22.20299528345328 49.01473980345926 57.625165836841184 67.5242440255453 47.69858224399077 35.42566169958987 49.01026193903101 52.45088299898574 68.69779890779589 33.31884551192169 6.929387201783688 30.039989704263 56.45926482434319 72.23349010037195 62.18212774053325 41.84152977843524 18.47402131571038 36.42407447361797 68.60746917934847 102.38214854730727 38.93637361625996 10.429299632839331 33.11120427999726 66.92373169875052 101.27226835422638 53.735856822182996 38.31040443497829 49.423249804792526 76.23945112620264 107.59682126946485 76.58419432646025 66.46775291547577 73.24993731782186 93.316194940215 120.18751573248144 102.21869232233739 94.65424931810914 99.3220585966898 114.73880898914685 137.33097174835103
36.40979750514842 43.87826216915064 40.0224359825413 53.15492327604592 51.73532847648216 60.90736002862884 0.0 48.04107775249318 24.256595109088238 50.73329482896153 34.248790293235984 35.526870609821394 39.3362809749525 11.801281540348006 53.676072245658 17.874666867174746 60.16381887836888 20.789674388921863 17.116894948938217 50.45258171734312 36.80638997177989 40.655440341623354 46.44269333238557 56.289184147501246 16.998021084235763 39.58958796748184 18.875011755821113 3.2883961808331197 23.174633899200316 23.397329920868824 32.913470952292435 30.586183717381655 38.595262686182984 14.44350855185779 54.60052697915683 57.97350063902843 45.62380812562376 16.094090689713212 22.064680396141995 30.480726743226032 100.17939756564749 77.64443505499639 66.45429377377833 72.10032105248484 91.5177999027771 84.02924568542527 55.50665987856824 38.67673802018764 48.016835067850195 74.23050888144297 75.33975697300423 41.338544157336386 11.684339667008622 30.968123320635208 64.62490107284614 76.69084317251199 43.7309366500528 18.388924995125663 34.04054425477605 66.13783404600547 87.61918581881623 60.758014941649016 45.83410051561861 53.89626049614838 78.12594162956327
77.907718184732 18.48090682580847 83.32480699607272 75.83371872420025 16.875712214006533 13.038645218753558 48.04107775249318 0.0 65.02388176428312 66.87449620675238 17.253354559150967 65.0375504506007 16.644397132785826 53.91990340579561 28.601148140186663 33.31451902121885 35.649296861065814 57.162411772809975 61.08592697523013 77.5692519079658 73.53863491975268 30.11153632679215 90.44670200526696 83.85731200563532 31.092090058709985 9.27108948734221 37.44316456231402 44.75343636991393 56.373223267027555 36.82886931439482 23.33729681962322 37.19970010398995 41.765208472165234 56.53479058904252 31.656244343079095 10.53624134566376 24.854515527845688 43.542633267148766 60.63160161249419 52.34808365331145 53.11154089100313 31.037651186703073 38.73852172504379 66.5796335112211 98.79200063685516 44.04648554737502 9.52238464024849 25.221282828849272 59.8030499553557 94.40101079186532 51.602077582000085 28.40290506570789 36.6812752326821 65.41519105128727 98.0184616207914 70.63171482054386 55.780305286435855 60.239861371634234 80.87666201609359 108.8486248811699 94.43598071266749 83.69406379448122 86.52142470329035 101.79359659269936 125.0305340081379
13.07045039077098 54.44915751728184 47.899593908202135 33.689470354309485 72.74516102906796 76.74986882227354 24.256595109088238 65.02388176428312 0.0 35.60531365832352 55.00355893914076 16.505597380416972 60.600014394884916 12.863866876793296 59.970510554379835 31.820979515817612 64.28390870301953 40.8257948440596 7.762846060755167 29.123854419951147 12.84786033240452 45.97025086752375 51.93330364866492 34.08377417644046 36.143244839420916 58.19475006097544 27.735140139559483 26.32572715885978 10.822103947526392 29.565509740008842 55.35138476618552 54.80277901266379 62.84842195481298 9.977701675921823 59.611660034899245 75.54159837427433 53.22110819504169 40.22784444290862 4.690224416904664 21.55978910628837 118.1193791391979 90.95991111102533 70.6399127733941 64.03954460135303 74.87925893314242 105.37012602606322 73.82800726969255 46.83070108646108 36.475788957623 53.50402326112489 99.16286451077619 64.75072189356834 30.77159883415894 9.796919171044388 40.495937784555004 100.7149005791953 67.08220124223448 35.37512302118854 19.940511896489536 44.03062322242035 109.6973025383547 79.8289058076324 55.73707121381562 47.280005295504516 61.31058295730382
38.386515581093775 49.47436146089529 83.25865913260083 10.914771634502497 80.8539332302706 74.32441848654454 50.73329482896153 66.87449620675238 35.60531365832352 0.0 65.89424648884682 19.242278707734844 71.30387045167322 40.785150009030374 46.76308807628785 43.73325149051749 46.64889362875051 71.276109370512 41.35544082025046 16.448948433307187 29.099512989026458 37.321454468416384 87.52499264668555 20.727205756693124 51.119690763848304 64.45481957511167 38.04997171691417 50.631286225120604 28.699776145257147 35.00455888144301 69.6716855376748 75.75597369747587 84.44430026804137 39.6174031173302 44.63969416161293 76.3664693294526 44.38407115008103 65.11073378933426 33.316010202669844 20.534738021743703 115.05815742239058 82.17597150222157 51.59687416213229 31.087312252236167 40.809814651989555 110.91861217804293 76.32857743392019 41.7614561723149 7.539296595006088 27.649901403692137 113.76328251793345 80.36989451864875 48.69699707434733 26.04452316924021 37.14941364687524 123.10881645146094 93.01966719670683 67.41169123233648 53.2053905026836 59.26289629713681 137.63684189238887 111.3819605358054 90.89944750960903 80.71062833077605 84.6193183556523
68.06077850133431 26.59717501904835 66.62979011742938 73.0770386458686 17.773325876227105 29.854400836599318 34.248790293235984 17.253354559150967 55.00355893914076 65.89424648884682 0.0 59.12109297000932 5.725276453851072 42.62431332057481 39.16996918059336 24.314520420205145 46.905313324128834 40.25871934213137 49.61303622601581 73.28847396115759 65.47557284670698 34.054535478615534 73.7963490678374 79.68827502545393 18.860703592048406 8.190307396581858 29.901224535502376 31.060700662074552 48.34729603728317 31.454292323537633 6.6535244861147484 20.368154578783347 26.242143697651485 45.48527992437683 41.76245849904711 25.180166301277477 32.512587552680195 26.786581780167246 51.14743711899302 47.76020452129858 66.24569350774651 48.18780871967046 51.48251895788987 73.30515981376978 102.42878013175734 50.39315560107654 22.136256020784757 28.903378512925094 59.79669311878959 93.33129960459158 47.88140186431347 15.666457654272271 24.353638338568267 57.75477520658791 92.04879668901795 60.39852253517669 39.85412269396515 43.85825916512331 68.21707211693854 98.88587962183952 81.2739286446093 67.22110236810515 69.47424359648602 86.77230685092424 112.36976790971889
20.441715393485445 50.669127907528804 64.38393846004088 17.913630037969444 76.06162912910962 75.11232471217947 35.526870609821394 65.0375504506007 16.505597380416972 19.242278707734844 59.12109297000932 0.0 64.837598631693 24.16052655392922 52.74535981753445 34.859589868726644 55.33859584141853 54.9261342139907 22.954622442318485 15.062778975358144 11.65021055602143 39.80570377564243 68.4159343241921 21.212520961331123 41.373398541597595 60.10072328580044 29.22329603935069 36.371225753368805 12.417836705815729 28.430480270816137 61.252179457454275 64.14486838357678 72.70358724478285 22.26488489007129 51.5963691920809 75.40945632522465 47.560049917749076 51.263426666642566 14.968282318338165 12.964715465010885 116.94180450212993 86.72110128234387 61.323083705656806 48.9417940476379 58.522519055026414 108.07019358867782 74.44921364300684 42.4387753705378 21.31336367839062 38.75970667056771 106.11154626345359 71.60332529967147 37.27285512049125 6.807999341907816 33.14039185948523 111.43110077431496 79.20622236704399 50.25129427720619 34.228510999656635 47.04062954639598 123.08854655335583 94.77546023386343 72.17177187362182 61.88635288920077 69.61218226149754
73.64338898071884 29.718926158179546 69.83851382604009 78.66352558050811 12.400361394155961 28.003429833084848 39.3362809749525 16.644397132785826 60.600014394884916 71.30387045167322 5.725276453851072 64.837598631693 0.0 48.13032810449413 41.971670257950244 30.03967401649937 49.5988625404923 43.36423391142796 55.060267379549366 78.9649028284552 71.17499650336052 38.40208594529917 77.02783586565748 85.36590589566059 24.471596894768066 9.467134976686049 35.61518986091664 36.21541736982745 54.064086840941435 37.07310253708635 7.796061282698657 21.008187408218152 25.12328217325173 51.00774866168773 44.74818560182281 22.406004866492236 35.97151989175535 30.313495052744173 56.79588894838487 53.40681127897887 61.90119054892595 46.472231431563344 53.687913569225444 77.45920667449394 107.29528507175193 44.898224273893725 18.984870195045353 33.163959933022625 65.07011118211378 98.80910225566863 42.480282919708635 12.291785004561108 29.8739655688282 63.471820184633856 97.77393515023346 56.550341428482106 39.136534221432036 47.54177847883854 73.37300788208796 104.41169026583218 78.71385620936775 67.09759572159224 72.13231195096384 91.09786158885981 117.4280086902765
25.659179335815157 45.70025804417637 44.377276991906314 42.01109687931832 60.3975615219438 66.18602441946156 11.801281540348006 53.91990340579561 12.863866876793296 40.785150009030374 42.62431332057481 24.16052655392922 48.13032810449413 0.0 53.306585009524426 20.725234448269486 58.772400870862526 30.845791560020235 7.168906272410879 38.88707868069951 25.088771129793074 39.36743108623367 49.80498497228389 44.606299389615856 23.83948633333733 46.464100670129405 18.138244267633198 13.529247581987763 12.200265742839376 21.44757920546538 42.60995892365332 42.08399669693911 50.26776870637219 2.9126644758139637 53.562672968833915 64.32341938933133 45.77385256823423 27.892104847388378 10.26490773571152 21.676231948683782 106.95293184114578 81.53477039221343 65.20494331399823 65.1937664218332 81.50795314544803 93.00887377039685 62.33186989876206 38.91919432080955 39.22978007988245 62.913256795968294 86.29969994786043 51.89705514883495 18.270847012030398 19.2144935754778 52.90957447944594 88.48706865017616 55.426656079182195 26.62917831855385 27.22054591480898 56.281872304090754 98.98281688808092 70.86374156471445 51.38628157235213 51.5192996461563 71.15289716614892
70.88489418123578 12.63952805937492 93.57815782714755 57.31376233363091 45.46939890564696 30.29576849635949 53.676072245658 28.601148140186663 59.970510554379835 46.76308807628785 39.16996918059336 52.74535981753445 41.971670257950244 53.306585009524426 0.0 35.87123919395917 7.752386120343577 70.39325019393888 59.467767842057455 61.1385376153602 63.75441244447192 14.061388637784672 100.10943717234379 66.7167852066175 39.58840072682239 32.512587552680195 35.6360805573415 50.95760228193668 49.27387864513274 31.86867603800297 45.66892627419633 58.35250021398933 65.25010877204924 54.91644913244538 3.1087344923755427 34.625313842848875 8.144807064450958 57.713687669113156 55.31060636913457 40.352928516670495 68.77200820372371 35.412904956157064 13.168508797161051 38.56937220036306 72.08768536551975 69.15422637504211 36.142877455416766 15.005272380139232 39.22829146052547 72.43900569327319 80.17684464463333 54.19603245860723 42.90584695761928 56.03063201722063 82.66057099420112 98.3237165524748 78.4008124124866 70.8560317207014 79.30462010872044 99.7628387920775 120.41512527465058 104.56842726497715 98.81281267957019 104.8239013968484 120.85855799892492
44.81858327020744 26.132165858279954 57.70868347308872 49.64687051573424 41.62899016626828 45.46243836854539 17.874666867174746 33.31451902121885 31.820979515817612 43.73325149051749 24.314520420205145 34.859589868726644 30.03967401649937 20.725234448269486 35.87123919395917 0.0 42.56229815977881 35.506544025167024 27.859138560532198 49.272736078870885 41.37925189638563 23.324232427365583 64.25333978989238 55.652046422154044 7.423674140258502 26.435810229320847 5.8263138928992735 15.086384515684308 24.135424838582534 9.070183434318402 26.58683546186058 32.24910699474699 40.88977792145146 23.255014693126743 36.93951728018481 43.792047185664366 27.782271902732496 24.507112656171582 27.5730267380416 24.13542483858255 86.42011835847042 61.042211133460796 48.77165107662537 58.53207739134506 82.87425381021019 74.08661483995398 42.00861745897658 20.867853411029568 38.74347163153831 70.43785775394024 71.42109129293051 37.15416739955851 7.399015858325768 33.52479862785789 67.7342765314864 79.40337760180435 50.7276868890719 35.1643318701903 47.90190425419069 75.81216790704092 95.39669787419301 73.09756310109495 63.09321463719327 70.80275398710883 91.8699213411858
74.42999383243215 20.391564304610245 100.17698189488316 57.49870312018739 52.50180832972473 35.5017186052831 60.16381887836888 35.649296861065814 64.28390870301953 46.64889362875051 46.905313324128834 55.33859584141853 49.5988625404923 58.772400870862526 7.752386120343577 42.56229815977881 0.0 77.54701778463956 64.55195229884399 62.02576953849133 66.72957175008605 19.603566235739052 106.57716671426222 67.18657796658863 46.79789798002937 40.13193027989817 41.66894135166211 57.59047428867586 53.46943894550348 37.57287435276021 53.41630663019458 66.08775155301053 73.00171703537696 60.13425905580726 5.678545895235462 40.604401386761246 15.444385675529162 65.08089976711491 59.707945991474254 43.658344660515176 71.32586291726005 36.97246882459952 6.434426953457995 33.327074858166675 67.6375609859313 74.37906371322427 42.51757003793872 21.865211867365385 39.28455553012539 70.73408090459188 86.99922515076905 61.85189908030995 49.77203482711433 59.36041838171628 83.45578996212444 105.81645659785731 86.14283906612111 77.70965669924493 83.97457087934619 102.27121858741602 128.12809863630088 112.21555835815698 105.6526786722376 110.12393283116377 124.44560157072031
50.27471518444426 58.98204166255808 26.474297650565404 72.82307054469496 54.49613864535188 70.03880598470784 20.789674388921863 57.162411772809975 40.8257948440596 71.276109370512 40.25871934213137 54.9261342139907 43.36423391142796 30.845791560020235 70.39325019393888 35.506544025167024 77.54701778463956 0.0 33.08421998839158 69.34630581766326 53.58459537590275 58.741453921957124 33.66364306836258 74.73250707660979 30.806120959252592 47.89441195760232 38.421724899601436 21.826342105318716 43.013711784479234 43.013846660913266 35.57776026107127 25.10757173316399 29.45274627359462 32.68333857352989 71.87038416022311 65.37086179657346 62.2663570654931 13.652467779325187 40.28813626564481 51.21253669543185 104.74530635330733 88.18954953495818 83.53401653251552 92.591495380254 112.08548497072542 83.79776145980355 62.162285056706246 55.68688123978553 68.79463643595598 93.59043467645203 68.32154006779858 39.134840586375624 28.10833308972762 49.431374261993746 80.57098028769761 62.52213762836425 27.922902469718004 6.7241116781373735 41.29882904151504 75.90011389552745 68.88877072328707 40.107991249385286 29.43598848309378 50.1910559724766 81.03483822877392
19.295361001890388 52.45890420924366 41.99343843758863 40.6858796040559 67.37678851768175 73.31982825353853 17.116894948938217 61.08592697523013 7.762846060755167 41.35544082025046 49.61303622601581 22.954622442318485 55.060267379549366 7.168906272410879 59.467767842057455 27.859138560532198 64.55195229884399 33.08421998839158 0.0 36.54785299063889 20.599384694048098 45.427741258883614 46.68187621852711 41.714349686385056 30.90938628152804 53.613159241865866 24.928696032601614 19.566864513978132 13.371764564607275 27.821849792354932 49.29452083659706 47.674008313892145 55.538590944876105 4.696002461548738 59.512736656857136 71.49231429949592 52.156126436775985 32.81552872288256 8.064410278750342 24.430817763512692 114.12163207901982 88.50781193029756 70.98087380178127 68.10067495808492 81.43638759968226 99.95811702515742 69.49373296588381 45.40877302106038 41.101805280049476 60.922771700309596 92.42453769560215 58.25263463397968 25.284293700088824 16.73539263520506 48.1217520258309 93.14418894093346 59.37749427379854 27.755773257244595 20.246686203503312 49.440093907678246 101.94239455347879 72.29331555419668 49.550090181012216 45.59512800422551 64.01121976877006
26.406012873229635 61.63501308999527 76.10664371087121 6.830994075078745 89.76405725146024 86.58069988032025 50.45258171734312 77.5692519079658 29.123854419951147 16.448948433307187 73.28847396115759 15.062778975358144 78.9649028284552 38.88707868069951 61.1385376153602 49.272736078870885 62.02576953849133 69.34630581766326 36.54785299063889 0.0 18.013335833261475 49.85270859956 79.27623799528754 6.401759382708446 56.06855802495826 73.52963625480706 43.50074764549086 51.405933625500204 27.459878205978352 41.985471146486816 75.83355049300056 79.18143430466615 87.75466786040919 36.73157606302778 59.3684459775984 87.66701591238014 57.44837495599069 66.28709658085205 29.05896008253271 25.637018020432144 128.10032377071607 96.30533217167174 67.3391255326974 46.7890523558485 47.314794558528995 121.25463502706661 87.08279409871204 53.46951287565918 23.008995048721278 24.386229026483182 120.69073884581462 86.30316312885263 52.20219682230851 19.91869986612712 21.52421241182022 126.49270558620356 94.17639621633427 64.28691314958826 42.32310671408782 42.94773665599595 137.85882104556927 108.84026874961098 84.15533865233844 68.64987480519154 68.83499810965374
9.287100931696413 60.58972334487489 58.17681938458697 23.84302567055546 82.98936157013993 84.39852530547303 36.80638997177989 73.53863491975268 12.84786033240452 29.099512989026458 65.47557284670698 11.65021055602143 71.17499650336052 25.088771129793074 63.75441244447192 41.37925189638563 66.72957175008605 53.58459537590275 20.599384694048098 18.013335833261475 0.0 50.3933022208087 61.26291553130786 21.987134072737806 46.835570539773606 67.64686581532443 36.33867118250054 38.591665989333805 17.28702439359399 36.777318521697644 66.57496912096627 67.15411081284567 75.35465636523436 22.36310664268662 62.78501511304062 84.04874381940685 58.08420493381032 52.87513528744941 14.950317103324391 23.417090421967988 126.19228501208097 97.02732235909752 72.79350886400262 59.81867388242188 65.21071784840349 115.46192088430841 82.73517954139552 52.47474959210568 32.5103584740812 41.893700291982725 110.96371267885335 76.39349913982126 41.878896620278596 8.159126510039263 27.823637444727655 113.44171321987142 79.91826880277954 47.95498468965321 24.642948345421235 36.18995341702277 122.4730728510171 92.18441929345389 66.2652515219998 51.75908395699394 57.98038288698659
57.1448722669309 12.156949275387216 80.67660272352391 47.03045338107037 45.54362316233884 37.0523611929907 40.655440341623354 30.11153632679215 45.97025086752375 37.321454468416384 34.054535478615534 39.80570377564243 38.40208594529917 39.36743108623367 14.061388637784672 23.324232427365583 19.603566235739052 58.741453921957124 45.427741258883614 49.85270859956 50.3933022208087 0.0 87.01734708117223 55.83574729034461 28.470938236355053 29.802989928535336 22.06597417578324 38.18531868850971 35.33525697814965 18.01487810896414 39.74305958960612 50.58250117405254 58.423236243247686 40.899256748179965 14.218232197626577 39.14206752567425 7.757783510008736 46.93604831363819 41.29856742685395 27.027153985458522 78.27369814699254 46.94343074556265 25.98925046695407 39.268793854813424 69.30711928068558 73.9382105734385 39.36793956016544 5.259719816919145 30.005815183442078 64.55917860399965 79.98437584488717 49.718481375594976 30.67883248358811 42.488710222254106 71.16337956790395 94.43856629933359 70.49759557368007 58.44627372737849 65.24423804851341 86.55889347065465 114.1496479087762 95.09806608071635 86.32410277712023 90.85575250876714 107.0158553772118
53.5319520851089 89.90498529249504 7.190127352567734 84.8481579992063 88.0330831421109 103.42275005239675 46.44269333238557 90.44670200526696 51.93330364866492 87.52499264668555 73.7963490678374 68.4159343241921 77.02783586565748 49.80498497228389 100.10943717234379 64.25333978989238 106.57716671426222 33.66364306836258 46.68187621852711 79.27623799528754 61.26291553130786 87.01734708117223 0.0 82.73950489962448 61.73731222026234 81.2209469040852 65.01039441085867 49.17852449592836 60.03763578595753 69.33880809006733 69.24088284139812 58.06269204084997 60.38405292608578 49.660266991512586 101.03375791157424 98.96124950950886 92.03524965022207 47.01386769969482 54.46446178448881 70.92837363688082 138.23524789600867 121.36316227123346 112.88780658454095 114.68610605784022 126.32005104969492 116.21168122438782 95.7949564735064 85.10526839698251 87.7716009034557 102.75950240159432 97.41312331548858 72.09528697457078 57.453770255202905 61.63548112110844 81.80293914717018 84.03391396578294 52.84331205162812 30.29803301511618 37.92577256570355 65.98178452318533 78.88244429567413 44.281682157719914 9.703047720323294 24.94564689674599 59.54221919629882
29.250161200498184 67.71963642712727 80.00170640137078 9.832119357457687 96.15630511654375 92.69532963869901 56.289184147501246 83.85731200563532 34.08377417644046 20.727205756693124 79.68827502545393 21.212520961331123 85.36590589566059 44.606299389615856 66.7167852066175 55.652046422154044 67.18657796658863 74.73250707660979 41.714349686385056 6.401759382708446 21.987134072737806 55.83574729034461 82.73950489962448 0.0 62.40924506337463 79.90973446292034 49.88808865861674 57.38537037862526 33.506921578780535 48.38477032002082 82.20072908428824 85.34818908704523 93.8901457838604 42.31141423835531 64.81708075064743 93.90766782335922 63.35848362244058 72.2290242747199 34.56287842813988 32.03274396133014 134.10939384105694 102.01632661139753 72.27827595564335 49.353666103368184 45.191110237321865 127.59832448723301 93.37564799225206 59.59479967896288 27.909101465636244 20.028605184668436 127.06353079708003 92.6502732217277 58.462443248876056 25.426232250417662 16.431103906992497 132.57738374552895 100.01261491405553 69.44860163128689 45.14995085390744 40.604833745140525 143.44377166453387 113.90469671978177 88.13178715949066 70.39113263117498 67.36006882976754
49.20032747255365 28.36914715076661 54.891084697467676 56.77061154982201 36.615569354368006 43.91505699109285 16.998021084235763 31.092090058709985 36.143244839420916 51.119690763848304 18.860703592048406 41.373398541597595 24.471596894768066 23.83948633333733 39.58840072682239 7.423674140258502 46.79789798002937 30.806120959252592 30.90938628152804 56.06855802495826 46.835570539773606 28.470938236355053 61.73731222026234 62.40924506337463 0.0 22.91710396677662 13.088161891871458 13.723241525812751 29.933557616654305 16.455472358146103 19.916584746201387 24.836475591613475 33.46824401349188 26.67260915930825 41.11947276696189 41.170896810030996 31.467065791810732 18.46822839142607 32.33279308425018 31.30891174475934 83.61772667326747 60.73789874662949 52.73576146782944 65.32862155900493 90.27401129330191 69.24301287819782 38.8836924416377 24.982609509320213 46.164516162873475 77.67262620570152 64.74388775986327 30.24323964866121 5.691245333864256 39.30624873064679 73.84054639504494 71.9964385112379 43.55757787396985 31.715501569173664 50.093098397732064 80.04747960967595 88.14582605565823 66.78107792363423 59.53589771910978 70.88101930272722 94.33185945453839
71.22812308964905 20.35849879946978 74.08906162411105 72.55595487503834 16.408717154836854 22.20299528345328 39.58958796748184 9.27108948734221 58.19475006097544 64.45481957511167 8.190307396581858 60.10072328580044 9.467134976686049 46.464100670129405 32.512587552680195 26.435810229320847 40.13193027989817 47.89441195760232 53.613159241865866 73.52963625480706 67.64686581532443 29.802989928535336 81.2209469040852 79.90973446292034 22.91710396677662 0.0 31.32249892272073 36.30917490279866 50.35990334241536 31.69735458739832 14.650933228736355 28.504207516936553 33.90002319852404 49.20293953840762 35.30925421288459 18.41087423859151 26.707008827504357 34.28220748400827 54.00442475705521 47.91991874163194 60.702064282539496 40.308470534156555 44.26771398586491 68.47856396172658 99.06473872273409 47.98174145162158 15.967732467688833 24.546727169154078 57.83569413774527 92.09910740684919 50.219002734377085 21.740578505062473 28.60428939535296 59.654053423458066 93.24084355941605 65.90774042349226 47.726440930895 51.054958580759326 73.00833611892419 102.21858052391168 88.13506480951192 75.30170275113973 77.25056276079331 93.05750199513533 117.24544394771526
40.49344745852423 27.567756153885785 58.77350610980708 43.82086442430401 46.95213637584218 49.01473980345926 18.875011755821113 37.44316456231402 27.735140139559483 38.04997171691417 29.901224535502376 29.22329603935069 35.61518986091664 18.138244267633198 35.6360805573415 5.8263138928992735 41.66894135166211 38.421724899601436 24.928696032601614 43.50074764549086 36.33867118250054 22.06597417578324 65.01039441085867 49.88808865861674 13.088161891871458 31.32249892272073 0.0 16.80901354412549 19.05919537682581 4.599363534010915 32.40025755954085 37.752334033416766 46.428452160037196 20.233017354287142 36.22333348561464 47.97931553636256 27.86026100630695 28.720057384712433 23.241812039222804 18.31033270445211 90.46103121417967 63.62582636049534 48.042727049260506 54.431348466781415 77.5387000182374 79.23279235896703 46.47996167463498 20.92331780353627 33.31712107945382 64.63066473874208 77.212550926449 42.979448089448866 11.293401753482893 28.331994562137194 62.231149243563316 85.05906271127851 55.75663285251021 37.113185820159636 45.17525333387553 71.40761138040274 100.486620785742 77.10396819712177 64.7090118779436 69.45692102140092 88.63433245584788
38.816864781686874 40.89109680484858 42.6244879856132 53.7185996329469 48.61524397213201 57.625165836841184 3.2883961808331197 44.75343636991393 26.32572715885978 50.631286225120604 31.060700662074552 36.371225753368805 36.21541736982745 13.529247581987763 50.95760228193668 15.086384515684308 57.59047428867586 21.826342105318716 19.566864513978132 51.405933625500204 38.591665989333805 38.18531868850971 49.17852449592836 57.38537037862526 13.723241525812751 36.30917490279866 16.80901354412549 0.0 23.95367002121585 21.401756708724164 29.955843145775805 28.562969773438162 36.81748042821732 16.36005175580843 51.989693304132444 54.68878380593881 42.86478211888638 14.897697766535344 23.679350663230927 30.165925872736786 96.91767032154148 74.40759311917931 63.8335301376968 70.76527248487187 91.29897355999655 80.98682229642446 52.23364483045149 35.95373616595363 47.45332298249421 74.87184921855113 72.90945928266042 38.687151110887584 8.512066228699013 32.296564587002024 66.39679283660486 75.25873691386789 42.913710734951884 20.350482655492897 37.16912976903817 68.87519698262842 87.1958151202259 61.3433500770472 48.14262256415431 57.159659736257666 81.31144064448418
22.12342665477631 44.38183989060304 55.203461866565554 29.99744283727432 65.7642922662493 67.5242440255453 23.174633899200316 56.373223267027555 10.822103947526392 28.699776145257147 48.34729603728317 12.417836705815729 54.064086840941435 12.200265742839376 49.27387864513274 24.135424838582534 53.46943894550348 43.013711784479234 13.371764564607275 27.459878205978352 17.28702439359399 35.33525697814965 60.03763578595753 33.506921578780535 29.933557616654305 50.35990334241536 19.05919537682581 23.95367002121585 0.0 19.837676109372847 49.826882277310204 51.88535032805376 60.39581404683176 10.933680903042674 48.83885229775646 66.90105643495015 42.721557369907664 38.845715377833116 6.378726018655827 11.19469189566614 109.21462065202047 80.96756791364405 59.82021219806707 54.735414190101224 69.34169302519464 98.19360972685732 65.50503329040895 36.53319928266503 27.807926602558556 51.05612385181225 94.53967648612752 59.94287163267198 25.365323959771192 9.40775372459702 43.91430713613473 99.07153991085595 66.80196529393628 38.79011036065575 30.686809947907612 52.66427153381362 110.78895929693769 83.05975894188008 62.59747608819611 57.73001710865915 71.70673709013698
41.86754742949817 24.908847534722636 63.18353027689031 41.63286704791436 47.806618228761224 47.69858224399077 23.397329920868824 36.82886931439482 29.565509740008842 35.00455888144301 31.454292323537633 28.430480270816137 37.07310253708635 21.44757920546538 31.86867603800297 9.070183434318402 37.57287435276021 43.013846660913266 27.821849792354932 41.985471146486816 36.777318521697644 18.01487810896414 69.33880809006733 48.38477032002082 16.455472358146103 31.69735458739832 4.599363534010915 21.401756708724164 19.837676109372847 0.0 34.73134721617495 41.29107659698395 49.9105309675666 23.186244459992047 32.23275959048343 47.30797502841552 24.357738944653143 33.07878327484505 24.914009415476418 16.36005175580843 89.43736533784933 61.39502972785359 43.98266783633221 49.9441538459227 73.8185611837262 79.64613451446613 46.14134283923406 17.58949162546561 29.742340746500638 62.08601590775642 79.22544967323225 45.41808739003582 15.613604846228865 28.628968866504206 61.56543078990051 88.3093513713747 59.75525838060856 41.6852751921339 47.95263633370309 72.49876133065074 104.44629572787665 81.56348282362124 69.21659317203112 72.96597709234499 90.83992986527534
68.26824945623176 33.05205630236563 62.05108714523263 76.17390651226911 19.449930213770717 35.42566169958987 32.913470952292435 23.33729681962322 55.35138476618552 69.6716855376748 6.6535244861147484 61.252179457454275 7.796061282698657 42.60995892365332 45.66892627419633 26.58683546186058 53.41630663019458 35.57776026107127 49.29452083659706 75.83355049300056 66.57496912096627 39.74305958960612 69.24088284139812 82.20072908428824 19.916584746201387 14.650933228736355 32.40025755954085 29.955843145775805 49.826882277310204 34.73134721617495 0.0 13.888025819370544 19.624538374593865 45.52058072546017 48.1984517355253 30.100229372840793 38.80044963035063 22.643776737861682 51.85666311931073 50.66954408920211 69.48681241281137 53.887323512432474 58.086742444016636 78.98794298062525 107.2330177671109 51.17877777628679 26.7388961547479 34.720487420733555 63.960130801095325 96.80458059055286 44.86870426806049 10.698790267289132 24.709953217620242 59.17392708950555 93.74102458746913 54.86576017390482 33.20187675410781 39.86618126507528 66.86624713082776 98.73050394655955 74.90235974901947 60.651575261027 64.35563649799586 83.66281490546399 110.6890668774484
66.935761721944 45.74076042755713 50.93251472490241 80.67857688164472 30.337497000543678 49.01026193903101 30.586183717381655 37.19970010398995 54.80277901266379 75.75597369747587 20.368154578783347 64.14486838357678 21.008187408218152 42.08399669693911 58.35250021398933 32.24910699474699 66.08775155301053 25.10757173316399 47.674008313892145 79.18143430466615 67.15411081284567 50.58250117405254 58.06269204084997 85.34818908704523 24.836475591613475 28.504207516936553 37.752334033416766 28.562969773438162 51.88535032805376 41.29107659698395 13.888025819370544 0.0 8.69265539725211 44.882374314660964 60.66516664957818 43.29513886782404 50.97829303056171 15.40717190020005 52.23021817742973 55.564000781977256 80.27673156583408 67.48035989426451 71.11688368247769 89.19859948564616 115.10836627039149 58.69161097226269 39.76782260588544 45.96824299403363 70.98946503391906 101.7877893438077 45.25920228317756 14.07069226161445 27.247488749126088 60.677171807329074 94.95190881107318 47.492144801940476 20.079643873015595 30.752701110497252 62.31463231399826 95.99659588964836 63.76534066676935 46.8731386841196 52.18214873494128 75.12439829788478 104.68613493668387
74.68981168386239 52.61631578426127 53.47295450561273 89.33849265872583 31.50148018812152 52.45088299898574 38.595262686182984 41.765208472165234 62.84842195481298 84.44430026804137 26.242143697651485 72.70358724478285 25.12328217325173 50.26776870637219 65.25010877204924 40.88977792145146 73.00171703537696 29.45274627359462 55.538590944876105 87.75466786040919 75.35465636523436 58.423236243247686 60.38405292608578 93.8901457838604 33.46824401349188 33.90002319852404 46.428452160037196 36.81748042821732 60.39581404683176 49.9105309675666 19.624538374593865 8.69265539725211 0.0 53.009224958184134 67.72592402516601 46.15413101284399 58.205706665910206 22.761811138518294 60.48482845523968 64.25444143927803 79.70295243580958 70.69940401105637 77.71104837343317 97.33634758565906 123.71126985949387 55.952591343730454 42.498224920712076 53.63137818534498 79.63271495841809 110.45919073109533 38.92957638226366 14.34357517777973 35.92791118303635 69.07055723350062 103.17712620757726 38.82152708441047 14.050419097651728 35.8129609726377 69.01139511376802 103.13790633152954 55.726924374887325 42.203411958818066 53.40023702041951 79.47868958739383 110.34925615448849
22.74781902938771 47.769439281118025 44.53494797026167 40.177343829975115 63.258100935023364 68.69779890779589 14.44350855185779 56.53479058904252 9.977701675921823 39.6174031173302 45.48527992437683 22.26488489007129 51.00774866168773 2.9126644758139637 54.91644913244538 23.255014693126743 60.13425905580726 32.68333857352989 4.696002461548738 36.73157606302778 22.36310664268662 40.899256748179965 49.660266991512586 42.31141423835531 26.67260915930825 49.20293953840762 20.233017354287142 16.36005175580843 10.933680903042674 23.186244459992047 45.52058072546017 44.882374314660964 53.009224958184134 0.0 55.03097375339471 66.97065510910829 47.53843962058655 30.5225261232033 7.7638163282670645 21.313252658251766 109.60732689311135 83.81604243000031 66.5677632097136 65.05521117502707 80.17399313762206 95.87579024266863 65.03430417036974 40.76252852484869 38.58155250547882 60.91238055558556 89.18858912809992 54.80210939766308 21.137435302689042 16.886810264740312 50.18357065475967 91.11064037005299 57.85007187619916 28.052796684830042 24.94262508471289 53.405582563273036 101.15226338851157 72.52254728421352 51.788694003454765 49.99427242932642 68.64106068625794
