0.0 17.47555163672746 33.10696099753465 48.666419429097786 118.83128576801693 105.95168378023476 54.26482021140404 32.41996366069753 61.311053248305754 65.6998375585907 98.90951159530425 51.80297789466189 95.71128484399435 66.83287686441828 106.69051801596218 72.49495703273766 49.64945426080708 63.345311650016264 50.304357832457846 60.08962898094991 8.511133997459579 22.27761155041123 78.77584428502207 64.11117384559344 92.90538231980136 104.67950747027055 51.63986375139154 37.307678849174124 63.767742375644474 66.5078473472434 102.27331342147639 55.118840137118205 92.18754820933022 61.30938594870786 102.68933150564155 75.92694572868038 108.58222367502721 65.92804452203085 40.76737076530202 58.83721678204555 29.242842873079336 13.639434316247186 43.723865119026534 77.66833651299316 112.01703672036538 31.88539822121926 18.603420175652985 45.501039700410615 78.67306231734372 112.70938560613797 52.810651975171005 45.84885085351518 61.72587326630749 88.95427971191577 120.04356904346156 78.56145366305 73.85136110243653 84.44461596342505 105.84191459661895 132.92432694288624 105.66596975419309 101.98830844962234 109.69313365152607 126.72096389487771 149.9282242034367
17.47555163672746 0.0 15.633101168817328 47.21600798548132 116.30012230992799 103.1504502812019 46.466584257644435 19.9920458047247 58.84263093352766 51.653585176745 93.30089851043849 38.1381162794155 93.64827171149174 56.609922730294706 106.01668938216397 58.106441739909435 40.664818488897176 57.17177001899196 49.27777487227188 50.41327993213943 14.191009171136255 5.266794503730773 71.8161460128552 60.57672783508822 91.79180346436176 105.10061876898222 45.12601033536993 24.59932263558958 60.78500163948448 51.43549873535738 96.2587331248823 52.77717288769333 88.83265312244407 53.03161238685892 100.2440606420806 61.557779937887396 101.77834498712288 60.01866967678105 37.52207652586482 48.750400909819554 36.88902889405924 30.52131104292926 53.82507706191763 85.19134892267542 118.37580605312628 23.396826641259075 11.208100607921855 45.8114173243777 80.41520261103587 115.01903355686228 36.692227749816816 30.285349011391276 53.69286687424344 85.10866196952063 118.31687762644759 61.29828083016667 57.499980660352605 72.4555587664675 97.91914977261827 127.75485689927054 88.20857813101632 85.39684636220949 95.9124733037939 116.19163805179724 142.11440467575872
33.10696099753465 15.633101168817328 0.0 51.4998607686251 116.55187043848065 103.43466701423338 44.746037505614325 18.591222855016916 61.25326155960307 41.631625698904166 91.1908172097904 29.836663437088635 94.85447570637677 51.23387042631481 108.14753589883885 47.29105508497054 38.33369446796928 56.178345336016264 53.71565074957497 46.16763201660372 28.958323711331083 11.302682409348277 69.14564668971519 61.89647298248421 93.90083360268241 108.20718575285238 44.92316977460271 20.782635471292085 62.598143642879634 39.89852075139017 93.66986237647455 55.7707797421871 89.00309404048602 50.148292826501226 100.92529492020357 50.641483513853125 98.27178142865604 59.08685060746645 41.49618378517018 44.16975274978262 48.087726902103405 46.03458081945865 65.73243234209878 94.43060716183406 126.1282813311721 25.114260034687064 21.28148056658287 51.67133199826348 85.33347211437676 119.53462323844269 23.724139259513205 19.637534013942734 51.02236574539452 84.94575902219248 119.26077834224218 45.921231692505565 43.78790302355136 64.19363087072972 93.37604028299059 125.3481887119605 72.58382964466873 71.04968070737006 84.98506330416711 108.58924390760254 136.95088844969155
48.666419429097786 47.21600798548132 51.4998607686251 0.0 70.25128942821055 57.30576732909705 18.675816414052836 33.03594108836528 12.693546013629462 44.943352931180094 51.270585707991565 36.7678702127339 47.193107089673475 32.23026133384881 58.939796712708386 50.829889204444726 21.228198167255833 19.41773631282913 2.223806061334359 26.658828485476096 40.84960462039096 45.52362227703376 33.82367562252239 16.003651478358424 44.81242415791301 57.886382185509824 14.334837623704102 32.41216641716095 15.300836235957682 50.02834533499792 54.906110000301496 6.631014265016668 43.54796389606759 23.268221281929854 54.09366891300185 53.1748058385942 61.839535363822264 20.906018375950637 10.036908321081674 27.3127346879955 77.86807784900745 48.8094409884374 33.10767889416889 46.95431997845318 75.55217282121936 70.53336664271437 36.1092407078321 5.258575535949061 33.85678464466999 68.2624714899437 74.01729856053674 42.460057048958866 22.847244499255766 40.44726067551123 71.72732665672476 87.03001088264577 62.28378972044495 50.78505551739781 60.61169029796673 84.63590179119223 106.12173650695661 86.79285839034316 78.73315788350907 85.20300821616648 103.51293466333763
118.83128576801693 116.30012230992799 116.55187043848065 70.25128942821055 0.0 13.168892155990813 71.82137367605353 98.64791620407337 57.796947069982274 86.87645770338007 28.878634626675872 90.34452123794192 23.139734611450987 69.13348285780563 16.397932930004306 87.37419371976894 78.2491955353873 60.37712025033266 68.53728624844189 71.86612623703142 111.10084200043136 113.62326138461593 49.14260764207634 55.72685387612035 26.69393645082409 22.69039483059394 71.8531877033806 95.77813448230664 55.61802691712283 92.86984198336624 28.813147268461805 64.00330257941933 27.594734238501722 67.00383648267263 16.1588360097025 86.71255489159566 30.835286806979582 57.472225876839445 79.11513011462337 73.99936291512671 148.06878457983174 117.21742984256191 89.16429440085712 67.49371513148661 59.6264741534528 138.9730923512385 105.60828141139659 73.39980893597858 44.90867339753434 32.2626732743358 135.1545113745266 100.57814953855313 66.03060181139433 31.606495817120894 5.723178435244232 137.05506118048402 103.09486341004549 69.77002300457183 38.75571624077251 23.043418923967973 144.4490713114282 112.65362679637178 83.13212241382948 59.37899161757774 50.354585069395704
105.95168378023476 103.1504502812019 103.43466701423338 57.30576732909705 13.168892155990813 0.0 58.727255842921906 85.4892948173488 44.76711455338621 74.77668212805487 18.62952747262549 77.55499835799566 10.779331811587568 56.68671455328908 13.026204635284321 75.7625418710186 65.15876805348607 47.27795164193487 55.65125195932322 59.05156111292902 98.13986590478176 100.4553410216579 36.70366778910229 42.58788117639004 15.532099455855231 19.356700501892853 58.693867414648615 82.65532419345183 42.52661882910046 80.86441979225621 20.072072081764105 50.98119005591051 14.439589576046997 54.07360310550858 3.7526779024885624 75.37258504431233 24.995351167873995 44.37990225417514 66.03025295610307 61.185030878281 135.17048390573524 104.76656828651683 77.9474127811821 59.752453578097466 58.8192441303153 125.80441664793145 92.48898145029409 60.63423006187556 34.549178649859606 33.2508550366968 122.27861410183357 87.67876909680461 53.084159605741185 18.5241415136829 16.22387141360561 125.08810737787714 91.52129990928715 59.161670109951956 31.920200929141764 30.537458782354534 133.8343631462493 103.05298337744428 75.65048620484251 56.75273386889922 55.79917203755232
54.26482021140404 46.466584257644435 44.746037505614325 18.675816414052836 71.82137367605353 58.727255842921906 0.0 27.291451976945634 20.113830596397023 26.58669244543891 47.005652503683166 21.126473795359317 50.50660873762089 14.576799774244147 64.21047997015668 32.214625237511186 6.432456279713099 11.449599089209572 20.07109317526562 8.184411363387671 45.756160089632445 42.91992609681663 25.349566133819227 18.851064561731505 50.17955391242954 65.09811178925872 4.446730295027521 24.006615633976384 20.202966384349043 32.04744852113617 49.84043137264382 17.390536415503266 44.31636013357974 7.0734754424808335 56.317144490662734 34.502363091224225 55.33229320176298 14.349522443384497 16.696343702330736 8.637843424066231 81.8738789027822 58.749798658048704 50.93672056257807 64.28346618642432 89.80524712625791 67.91718673310866 37.15035615689415 23.289438615814465 45.82020535954447 77.79092984970535 64.163647852075 29.814946960617643 7.46607549484136 40.217003478384235 74.65873236744098 72.22221763585404 44.47373705736523 33.68397944810094 51.82798733560065 81.4401785785846 88.93765523854111 68.16915168297918 61.47308762246203 72.83974397227993 96.0577776153021
32.41996366069753 19.9920458047247 18.591222855016916 33.03594108836528 98.64791620407337 85.4892948173488 27.291451976945634 0.0 42.69686417116342 33.284632097200465 74.28470742390651 19.384489533191303 76.61109011131559 36.62065054272745 89.73094506225178 40.10917952656613 21.132811009264472 38.49939313300892 35.25853705598862 30.50132990243146 24.679131535406512 15.820372544971102 52.47342872385036 43.50309145619568 75.46323935121255 89.65935990064496 26.795432785306087 4.9072801507699095 44.11887494535076 34.438333121623536 77.05124957583898 37.17957115556749 71.0534471414982 33.47160493357312 82.84482350739523 43.53066790952621 82.26104276263649 41.40646880952105 23.112517413440695 28.78911178054934 56.71034720995566 41.76674947059605 51.64958526317669 77.36742447516383 108.15996253888996 40.62701413564099 13.90384623530316 33.62931004118721 66.80864419129422 100.94904791288242 41.12065174474892 15.27417383637829 34.21319743075118 67.10168012820543 101.1413771856996 57.76783143067856 43.178807469059166 52.787446803166475 78.12450143529871 108.69764931594646 81.17329311558929 71.32005876144811 77.32239525119108 96.25855593809872 122.259646368818
61.311053248305754 58.84263093352766 61.25326155960307 12.693546013629462 57.796947069982274 44.76711455338621 20.113830596397023 42.69686417116342 0.0 45.68778209790086 38.87485745297872 41.160084469670934 34.87839708916484 29.139585698258262 47.27692068950643 50.3909629308374 25.522096187396713 13.16306175430178 11.362182456365442 25.857566959195662 53.39650408993973 56.6175537089901 23.611655048898662 4.42668805016142 33.0080010764984 46.96262026516591 17.515444462849537 40.93611014188898 2.8733191164488403 51.53378308369848 42.60544825133699 6.214938940274936 30.877040228011293 20.69439015905209 41.646733642228234 52.04731592422644 49.75477107001832 12.809360871133505 21.383394296566657 27.372697464680876 90.47805622542796 61.33607218221578 41.6265783061303 45.80669679380755 69.70335787951521 81.91342125452036 47.95006976141939 16.836311631249743 25.740341476668522 58.62184371108864 82.58823699570613 49.083577487152354 19.809788547556845 27.75801362206181 59.526770219371045 92.30003918165743 63.96930986840104 45.38352947082705 49.21456756143873 71.96734915220277 108.65151835219505 85.71894591401391 72.69853149480619 74.94777395602235 91.34557847353442
65.6998375585907 51.653585176745 41.631625698904166 44.943352931180094 86.87645770338007 74.77668212805487 26.58669244543891 33.284632097200465 45.68778209790086 0.0 58.44744551671515 13.90180980347049 69.18943189740693 18.661751547066817 83.37476803935503 6.962049842169591 24.197222117808344 33.48659973379984 46.525887636958366 19.83786149009576 57.89135813457017 46.56949143347626 38.16313824439692 43.20163199573092 70.55966293937107 85.82173229913647 30.68081573324713 28.41865419482399 44.97665307468719 6.223709413381304 59.74975423860699 43.899554838808974 61.57453390748164 25.20857079568088 73.39349249843762 10.295272410867312 62.33560974844496 35.40213954046649 40.00337439793672 18.370897166380843 88.27232263724181 74.4884439756738 75.4970424076142 90.80654339174754 114.83293523494319 66.61630131073323 47.17038742372317 49.06296145770112 70.59828476768124 99.77913771984976 51.813369700217564 22.09141331182243 26.19703650498313 57.26593942536545 90.92491315284316 50.326771995092024 18.373430748137334 23.178304511475456 55.961920152467954 90.11709648432488 63.104804575762934 42.1154520864267 44.27222580789097 67.38822138260682 97.5558225481327
98.90951159530425 93.30089851043849 91.1908172097904 51.270585707991565 28.878634626675872 18.62952747262549 47.005652503683166 74.28470742390651 38.87485745297872 58.44744551671515 0.0 63.293252304079736 19.889589025210466 41.42491261054688 30.79507575743305 58.586183940235465 53.19391611564717 36.15278168414302 50.1919244856774 45.21521761399598 90.62922801434432 89.91268759571228 22.0602533127726 35.27072040420232 24.9829151662182 36.13052838436378 48.2188166245618 70.75378568588324 36.082645618533476 64.32212550444746 3.980641159801125 44.64545324758377 13.651625393744855 41.05856061445813 19.1414592896541 57.84845315435034 11.703455788633251 33.350203630774445 58.144475248104634 47.299504224499195 127.63408656397907 100.07951857131724 78.3334111207194 68.19897240816277 74.5710376618521 114.89423165692921 83.39391985931042 55.70663850980311 40.57998993269457 50.84352364450189 108.10613656338789 73.85605865237983 40.21628103984456 13.222418304488361 33.57330271418572 108.39420533315204 74.27321799040102 40.97033199672994 15.345205433279698 34.45624164521867 115.7055826344343 84.49806416486639 57.33134021678572 42.76284630912857 52.585722476148774
51.80297789466189 38.1381162794155 29.836663437088635 36.7678702127339 90.34452123794192 77.55499835799566 21.126473795359317 19.384489533191303 41.160084469670934 13.90180980347049 63.293252304079736 0.0 70.33451691469784 22.076340892778923 84.34492609790719 20.764613746460856 15.907041150937404 31.500272611194475 38.71484431950602 18.50465867138204 43.99846232185867 33.18745639879626 41.4268827766109 39.93398413551245 70.60587170778928 85.72684010544263 23.895153500501944 14.51790752017178 41.32780662184043 15.826705146160993 65.3488878987026 37.66037822549758 63.45727579454749 23.682465259900365 75.56354718540304 24.16744583196669 69.28970136351727 34.136640569640186 29.63143321840942 16.3721388502267 74.95910903033611 60.72100180617325 64.42046422184559 83.71222417866716 110.72606223247388 54.9067461634875 33.26894142540967 39.92153395813795 66.89895368522119 98.75244733589169 44.87420311400991 10.72161679242865 24.719753294166836 59.17798166513073 93.74355977740169 51.14445323377741 26.6737436996629 34.67080304581648 63.933426618504846 96.78710641734168 69.43269705939156 53.818165629124934 58.023185925061576 78.94165491246221 107.1992503537643
95.71128484399435 93.64827171149174 94.85447570637677 47.193107089673475 23.139734611450987 10.779331811587568 50.50660873762089 76.61109011131559 34.87839708916484 69.18943189740693 19.889589025210466 70.33451691469784 0.0 50.624583477952775 14.18898268174905 71.06341554166211 56.90452784629291 39.166318601638764 45.43840321644911 51.951181262272144 88.02874296784374 91.2049994921477 31.29813467465196 33.194484345422836 5.612604795477611 17.497014069817283 49.93146816401986 74.10505991133363 32.86549770559487 75.39020771415213 22.999704678938805 41.051218259173766 8.093893304881169 46.65205370113102 7.148317740367518 71.13515724294554 29.916247660572775 36.36175002047717 56.25905507335606 54.05641766038013 124.95241077514268 94.16477514025307 67.19904197107104 50.58877399604956 54.749824802641655 116.56038323271675 82.81825678974846 50.26180924200641 24.258614377528115 32.335064057210644 114.59739533130461 80.05796058265304 45.616278162675414 12.135335142926708 24.66863655567489 119.381117562734 86.70796354860164 56.38725970242511 35.15121012821953 41.06731660768332 130.16959456002255 100.92463271171101 76.30347761262395 62.07609019932253 65.41744664368439
66.83287686441828 56.609922730294706 51.23387042631481 32.23026133384881 69.13348285780563 56.68671455328908 14.576799774244147 36.62065054272745 29.139585698258262 18.661751547066817 41.42491261054688 22.076340892778923 50.624583477952775 0.0 64.81327844565537 21.82616069925669 17.31050228696137 16.072105079531323 33.18671672668908 6.885423929703953 58.3709900453402 52.29916856946867 20.004668744527773 25.90105350440783 51.898994022497455 67.16328269795643 18.860292696229067 32.18463640518494 27.829945018772612 24.88544647319554 43.328497782865725 29.05383740550703 43.13533714853483 9.027994160459736 55.08422387418602 23.072815694397818 47.24050397727813 17.4023093779592 31.25741590279945 8.008018020399055 93.15431006015407 72.54421210255023 65.13348634905017 74.94565021952505 96.88189220379593 75.94236038743962 48.774053029048815 37.22098515491976 52.78941714536935 81.1348921761891 66.71286401865079 32.77748952366142 9.642312608928515 38.81285024976399 72.90235439022499 68.75967623428356 36.73015363335293 19.109231207150472 42.14342973830295 74.71159243497222 81.23476355977988 56.596056423925155 46.92495777399366 59.96333037025246 85.9305625674037
106.69051801596218 106.01668938216397 108.14753589883885 58.939796712708386 16.397932930004306 13.026204635284321 64.21047997015668 89.73094506225178 47.27692068950643 83.37476803935503 30.79507575743305 84.34492609790719 14.18898268174905 64.81327844565537 0.0 85.16651913009085 70.55391348057151 53.00139215607821 56.993655047045756 66.03250706787448 99.36890792506041 103.89403149585331 45.41373177339449 46.251562423183 14.279627463954702 6.778499849245576 63.309338867809196 87.49071156367599 45.62908265820236 89.57296947038489 32.78271204767252 53.25158145286854 21.967753659140826 60.676112293950695 11.653771546557468 85.15520289969906 38.02046680004565 50.25704692423115 68.49522793316781 68.12632975094502 135.8660470191312 103.8368676672445 74.15808941353754 51.103465148975474 46.02739252196884 129.17449032436807 94.99936657104713 61.30708624145501 29.783996951718766 20.259876655014388 128.37329481696554 93.91715557083496 59.63232173204652 26.200150308393958 14.551094586239078 133.5685449641039 100.84029083397814 69.94139583105353 44.82923143688903 39.01727409175079 144.1129102541261 114.32321885684523 88.123985165999 69.68964113496023 65.89557141515975
72.49495703273766 58.106441739909435 47.29105508497054 50.829889204444726 87.37419371976894 75.7625418710186 32.214625237511186 40.10917952656613 50.3909629308374 6.962049842169591 58.586183940235465 20.764613746460856 71.06341554166211 21.82616069925669 85.16651913009085 0.0 30.575266151595894 37.652369770387686 52.284863901333914 24.75222776498623 64.75759558774756 52.958204830966835 39.765402883085855 47.50468786578006 72.9358508817037 88.09741358790362 36.49531760878991 35.271123841103964 49.37632805270836 7.7740462509352115 59.43676788947553 49.21902727750323 63.2089615761323 29.696572929567925 74.70572874429931 3.4537067921242786 61.175553270662284 39.200863128563206 46.5020860462394 23.659998534269505 94.51603566487555 81.42939216435919 81.9935353555017 95.96803005793548 118.7076862065159 72.00862318386555 54.010281036252046 55.17047085315178 74.60062333788383 102.37932848497064 55.11826159770523 28.09983576551736 30.594479909089916 58.968525961848194 91.72456230143764 49.91739507042466 15.758762425240446 19.994621277349946 54.27785175524833 88.81013189150057 59.552024998992536 35.96324374183441 37.88270944213964 63.021250417461836 94.35618627531478
49.64945426080708 40.664818488897176 38.33369446796928 21.228198167255833 78.2491955353873 65.15876805348607 6.432456279713099 21.132811009264472 25.522096187396713 24.197222117808344 53.19391611564717 15.907041150937404 56.90452784629291 17.31050228696137 70.55391348057151 30.575266151595894 0.0 17.881777923203646 23.049634318935514 10.469685773642178 41.15948112894748 36.889658224656905 31.34062078760987 24.832323899189074 56.47263937053906 71.30438659557196 8.048348725616526 17.631176859504617 26.004711446029827 28.917998900451458 55.92194776948334 21.75604842317054 50.74881628753781 12.377070560608672 62.746649587599144 33.31609965140559 61.17320564559333 20.779536752360542 15.955048643992018 9.48296314870795 76.58830683030422 55.29539927303983 51.421771205101265 68.01191706347572 94.87806967965153 61.7037168511387 31.907051152649732 24.97230369721633 51.22515777767314 83.78103857838528 57.848989606803606 23.69489222071618 13.08602154470589 46.64647603069514 81.0888230027972 66.95719398342337 41.08249434017738 35.876295306361115 57.28243620272311 87.58012410355482 84.95625029399909 66.30961985240276 63.01702677913502 77.07207277393223 101.50784155062368
63.345311650016264 57.17177001899196 56.178345336016264 19.41773631282913 60.37712025033266 47.27795164193487 11.449599089209572 38.49939313300892 13.16306175430178 33.48659973379984 36.15278168414302 31.500272611194475 39.166318601638764 16.072105079531323 53.00139215607821 37.652369770387686 17.881777923203646 0.0 19.596151897573932 13.91660982970546 54.93189193192355 53.91782908684223 15.49561438592599 9.857460964401449 39.128856736505824 54.22659129655648 12.066169646210257 35.41552892635698 11.763115518977704 39.55137526380477 39.23571217031177 14.379462769181778 32.86776342647282 8.353757671255668 44.88119024820653 39.109085218379555 45.26296559227765 2.9130532015755173 23.039332563964592 15.806981945661786 91.71040149268877 66.10766993154833 52.196283043261275 58.93624998307147 81.34686729674175 79.09120118179658 47.272023422860514 24.6721197034021 37.11638426708464 67.3897742214291 75.43173273164157 40.91902885033173 7.324045191004183 28.771000167178943 63.21988105043956 81.94153202576442 51.85965996365253 32.546402935453045 42.70768910308115 70.59362170097408 96.58553012449094 72.66194467450666 60.21242185288473 66.07645007946165 86.61086959792347
50.304357832457846 49.27777487227188 53.71565074957497 2.223806061334359 68.53728624844189 55.65125195932322 20.07109317526562 35.25853705598862 11.362182456365442 46.525887636958366 50.1919244856774 38.71484431950602 45.43840321644911 33.18671672668908 56.993655047045756 52.284863901333914 23.049634318935514 19.596151897573932 0.0 27.888986238974 42.59818851601936 47.661702112773575 33.45325688015772 15.049031605614148 42.915916772633764 55.82830210935308 15.84600746108129 34.62227071361674 14.110757652177316 51.72028211862749 53.88541349730007 5.755885077892691 42.03967893844619 24.169286058391037 52.388728193784985 54.54592935955969 60.93335538640309 20.799733443281642 12.23750040920065 28.674269682689246 79.53471135667846 49.9739897470158 32.61690839464307 45.001772152346646 73.35727640745957 72.61926644206555 38.14252453191336 5.567810481516887 31.654428856968135 66.08978162902473 76.2398333055155 44.59659182874759 23.66523704078247 39.065003609041504 69.90671778142097 89.12127957655609 64.02640474368582 51.48748461615027 59.97786405992979 83.29783802235103 107.99864334626425 88.24003997186453 79.39542251221039 84.94523148128316 102.57915168139245
60.08962898094991 50.41327993213943 46.16763201660372 26.658828485476096 71.86612623703142 59.05156111292902 8.184411363387671 30.50132990243146 25.857566959195662 19.83786149009576 45.21521761399598 18.50465867138204 51.951181262272144 6.885423929703953 66.03250706787448 24.75222776498623 10.469685773642178 13.91660982970546 27.888986238974 0.0 51.6090908378966 46.29912981910785 23.178865015981813 23.433190502162862 52.495811069310626 67.71735879385788 12.622967813366637 26.318725935611738 25.16793241428252 25.769528238817927 47.54446029009408 24.485681136537327 44.96816067066443 5.574805944807843 57.07106486086916 26.76203537221294 52.155367209424405 16.196048429495335 24.63690444619557 2.13391979423662 86.73003683269131 65.65961636005629 59.119010697813955 71.23002109759284 95.11656353399033 70.47444486447381 42.18055990247707 31.409991621125755 50.880361623718144 81.1533764507322 63.29529090706154 28.769164427798692 6.624956462375699 40.68131671633578 75.23897438701994 68.12557196765839 38.16589189283824 25.82671160559088 47.66806835991025 79.19793198183503 82.8915570915745 60.54812171118873 53.440983440564544 66.63783641846916 91.76089927744488
8.511133997459579 14.191009171136255 28.958323711331083 40.84960462039096 111.10084200043136 98.13986590478176 45.756160089632445 24.679131535406512 53.39650408993973 57.89135813457017 90.62922801434432 43.99846232185867 88.02874296784374 58.3709900453402 99.36890792506041 64.75759558774756 41.15948112894748 54.93189193192355 42.59818851601936 51.6090908378966 0.0 17.655782611642195 70.33453468863345 56.0238928523496 85.43343101496302 97.64988769100476 43.16991626803305 29.48667935711289 55.77275759784843 59.07170733637548 93.95094801394184 47.18401231429609 84.23593878583999 52.798856825806915 94.943256562134 68.16589039319209 100.18850517760602 57.54474765366479 32.54186594704372 50.38364779583885 37.12712159674561 17.714417247635577 40.54659437734621 73.27414530045787 107.18685898903111 34.34330738259165 10.801179406018404 38.06205967987171 71.94183409870283 106.28916593761214 50.88041847917428 38.89845791603751 53.21830315112069 80.90803588239096 112.4938107957238 74.87593444229726 67.1043549156042 76.12062288748551 97.3677045939706 124.74516604976547 101.15362879123133 95.3216025079187 101.6613737624301 118.23086588194931 141.48044421069088
22.27761155041123 5.266794503730773 11.302682409348277 45.52362227703376 113.62326138461593 100.4553410216579 42.91992609681663 15.820372544971102 56.6175537089901 46.56949143347626 89.91268759571228 33.18745639879626 91.2049994921477 52.29916856946867 103.89403149585331 52.958204830966835 36.889658224656905 53.91782908684223 47.661702112773575 46.29912981910785 17.655782611642195 0.0 68.20787088555832 58.01964593131461 89.6248651869342 103.29270333493079 41.97526374236452 20.121413052669123 58.3829001583209 46.21800972049415 92.75380150103793 50.69462196704649 86.06455063206356 49.25591329587288 97.6597276429415 56.406430350015135 98.05570079446247 56.80217267409933 35.587694759447146 44.54905626218337 41.773873388113245 34.84903246116992 55.48590799331212 85.66066346070735 118.28628364528537 25.360919874769735 11.076156102851888 44.6882545632858 79.1596667664752 113.711562622241 33.9555587787976 25.056118031877993 49.974814197132396 82.23137467790761 115.85059271548148 57.22271078350032 52.24758055978001 67.67557311831665 93.9412539627331 124.35729841779482 83.71040253068286 80.17832058523565 90.79881191513276 111.6020382860763 138.05917282060366
78.77584428502207 71.8161460128552 69.14564668971519 33.82367562252239 49.14260764207634 36.70366778910229 25.349566133819227 52.47342872385036 23.611655048898662 38.16313824439692 22.0602533127726 41.4268827766109 31.29813467465196 20.004668744527773 45.41373177339449 39.765402883085855 31.34062078760987 15.49561438592599 33.45325688015772 23.178865015981813 70.33453468863345 68.20787088555832 0.0 19.1928001392795 33.4163529184527 48.43058517436827 27.208473561794897 48.793893171689845 20.886527831882624 44.30984964489693 24.59658833666448 27.730498943379786 23.484104307237292 19.06494613120644 35.23039639469231 39.89734056480281 30.019365557510312 13.182060033163765 38.5193668287376 25.277820882325845 106.95293184114578 81.53477039221343 65.20494331399823 65.1937664218332 81.50795314544803 93.00887377039685 62.33186989876206 38.91919432080955 39.22978007988245 62.913256795968294 86.29969994786043 51.89705514883495 18.270847012030398 19.2144935754778 52.90957447944594 88.48706865017616 55.426656079182195 26.62917831855385 27.22054591480898 56.281872304090754 98.98281688808092 70.86374156471445 51.38628157235213 51.5192996461563 71.15289716614892
64.11117384559344 60.57672783508822 61.89647298248421 16.003651478358424 55.72685387612035 42.58788117639004 18.851064561731505 43.50309145619568 4.42668805016142 43.20163199573092 35.27072040420232 39.93398413551245 33.194484345422836 25.90105350440783 46.251562423183 47.50468786578006 24.832323899189074 9.857460964401449 15.049031605614148 23.433190502162862 56.0238928523496 58.01964593131461 19.1928001392795 0.0 32.0087969135394 46.57060024182792 17.174200118611388 41.27487288032457 2.0027115276596974 49.19706921151906 38.90422778745442 9.391231262643672 28.362214702180175 17.993902131805655 39.67417454788813 48.95845410320119 45.89065116102874 8.862257563429315 23.572332728882195 25.15386647928689 93.15100992785362 64.80949998301499 46.024427141801276 49.30558252790233 71.6843707650724 83.37909307296323 49.9107550064541 20.61414383763724 27.452714698380113 58.96786684078752 82.54816755789166 48.52295381212313 17.017812316633783 24.89149725089218 57.8309531711694 90.9037895536885 61.56671074779958 41.37927881366952 45.0427961427179 68.84973623662795 106.30092758890329 82.4557428345514 68.50384921489486 70.57882614980834 87.54844119930581
92.90538231980136 91.79180346436176 93.90083360268241 44.81242415791301 26.69393645082409 15.532099455855231 50.17955391242954 75.46323935121255 33.0080010764984 70.55966293937107 24.9829151662182 70.60587170778928 5.612604795477611 51.898994022497455 14.279627463954702 72.9358508817037 56.47263937053906 39.128856736505824 42.915916772633764 52.495811069310626 85.43343101496302 89.6248651869342 33.4163529184527 32.0087969135394 0.0 15.272938673441587 49.11570812328261 73.275237378727 31.352945603849587 76.78297891204583 28.299969145024605 39.01501567677831 11.9651496737202 47.03507867777618 11.780893159954973 73.25845101735848 35.391577947404016 36.47201953170193 54.271788728938205 54.55291232686741 122.131159231407 90.68664075047192 62.66522322152774 44.995669004958344 50.17077729827241 114.9173854447266 80.80704969158126 47.4173209989666 19.02300266136545 29.49908775808883 114.32118343009667 79.9647657341591 45.980935093866265 15.132114212111054 27.176593315433397 120.44090006358978 88.41848247130476 59.367247972111386 40.3229051180198 46.06764243167646 132.34785724552407 103.92348239496796 80.49218671545873 67.4734103823077 70.85970049262522
104.67950747027055 105.10061876898222 108.20718575285238 57.886382185509824 22.69039483059394 19.356700501892853 65.09811178925872 89.65935990064496 46.96262026516591 85.82173229913647 36.13052838436378 85.72684010544263 17.497014069817283 67.16328269795643 6.778499849245576 88.09741358790362 71.30438659557196 54.22659129655648 55.82830210935308 67.71735879385788 97.64988769100476 103.29270333493079 48.43058517436827 46.57060024182792 15.272938673441587 0.0 63.74421892444805 87.75923740989091 45.67540808163236 92.04437958038991 38.49720834647539 52.65132492063328 25.588815030623984 62.230749530151016 17.293640463167314 88.32716229889702 44.19689311945522 51.62861488015792 67.71423340618252 69.76156460939437 133.70529920582715 101.01969501808712 70.19741004255921 45.22388553202166 39.465796839150954 128.41225117145441 93.96990740549344 59.71459579462376 26.385121003903294 14.878456784399022 129.11043490515289 94.91305140040579 61.17449665799767 29.512701458185642 19.862750169522823 135.70737325641 103.63107641502616 73.87235236874386 50.69185826974622 45.57433654026873 147.41291033738358 118.4186714622426 93.32818447755025 76.10565642871329 72.58611796698953
51.63986375139154 45.12601033536993 44.92316977460271 14.334837623704102 71.8531877033806 58.693867414648615 4.446730295027521 26.795432785306087 17.515444462849537 30.68081573324713 48.2188166245618 23.895153500501944 49.93146816401986 18.860292696229067 63.309338867809196 36.49531760878991 8.048348725616526 12.066169646210257 15.84600746108129 12.622967813366637 43.16991626803305 41.97526374236452 27.208473561794897 17.174200118611388 49.11570812328261 63.74421892444805 0.0 24.192604052190017 18.17437585046249 35.94496256416976 51.28448012933594 13.808424299211914 44.25849819146452 10.639321669395533 56.06855802495824 38.85862756305604 57.18108932752748 14.893633655363974 12.661004088877247 13.040524209454649 79.75694546322046 55.35459199007882 46.49627526701323 60.45236660339582 86.84403201432185 67.23829031548024 35.22565789313279 18.856141881780413 43.18690799989979 75.95730235918072 65.38597861945259 31.582296322689672 10.696226144424468 40.326537642042965 74.3834833439127 74.99466600267502 48.3107462505837 37.92733811943359 54.2020686848008 82.65634894872855 92.56096271880973 72.45847552630492 65.7852501907447 76.15731889577127 98.32062301758369
37.307678849174124 24.59932263558958 20.782635471292085 32.41216641716095 95.77813448230664 82.65532419345183 24.006615633976384 4.9072801507699095 40.93611014188898 28.41865419482399 70.75378568588324 14.51790752017178 74.10505991133363 32.18463640518494 87.49071156367599 35.271123841103964 17.631176859504617 35.41552892635698 34.62227071361674 26.318725935611738 29.48667935711289 20.121413052669123 48.793893171689845 41.27487288032457 73.275237378727 87.75923740989091 24.192604052190017 0.0 42.08422167868089 29.78689587123344 73.38816398611941 35.79783281957629 68.22206874166042 29.728956881534586 80.14435969452319 38.682453589324275 78.36391801210615 38.3267426222199 22.91349978153777 24.498692634160967 61.433612952009035 46.38129258274684 54.0663726674917 78.03802826405956 107.9421507387898 44.24743574493721 18.752006204379086 33.76815200362641 65.75550645464382 99.50946364338394 41.791376664481795 11.927298352204312 30.542659121186816 64.17398151998664 98.4814605888843 56.03705581758614 39.02697017241998 47.96751359714829 73.98300821161627 105.07575281656398 78.34955981917788 67.03797915989627 72.41750220698626 91.59293341399211 118.02119777214736
63.767742375644474 60.78500163948448 62.598143642879634 15.300836235957682 55.61802691712283 42.52661882910046 20.202966384349043 44.11887494535076 2.8733191164488403 44.97665307468719 36.082645618533476 41.32780662184043 32.86549770559487 27.829945018772612 45.62908265820236 49.37632805270836 26.004711446029827 11.763115518977704 14.110757652177316 25.16793241428252 55.77275759784843 58.3829001583209 20.886527831882624 2.0027115276596974 31.352945603849587 45.67540808163236 18.17437585046249 42.08422167868089 0.0 50.936708493384955 39.79057769127157 8.692691146836617 28.46709373542813 19.78792494414095 39.501208983968844 50.871564420150136 46.90764701919766 10.863048762613436 23.50364486406173 26.83461146470234 92.88629643190504 64.05717575776471 44.425202715082946 47.314846255914524 69.99006990854451 83.72449105132058 50.00115300157955 19.62881798013315 25.793719842594008 57.79439216341933 83.53788089913085 49.69093714229518 18.832201612959178 25.198517728742676 57.53372635657869 92.38088157558506 63.32886655301694 43.378385945438964 46.342684065653806 69.34281027139606 108.05855171262742 84.40435502059262 70.47198182213646 72.1336663889971 88.51548994702456
66.5078473472434 51.43549873535738 39.89852075139017 50.02834533499792 92.86984198336624 80.86441979225621 32.04744852113617 34.438333121623536 51.53378308369848 6.223709413381304 64.32212550444746 15.826705146160993 75.39020771415213 24.88544647319554 89.57296947038489 7.7740462509352115 28.917998900451458 39.55137526380477 51.72028211862749 25.769528238817927 59.07170733637548 46.21800972049415 44.30984964489693 49.19706921151906 76.78297891204583 92.04437958038991 35.94496256416976 29.78689587123344 50.936708493384955 0.0 65.48795015901875 49.435897439953834 67.74929267394626 31.230133744721552 79.5336740583334 10.8796916660384 67.75877538254869 41.537634253438256 44.316386650032676 24.161451627598897 87.48820231406727 76.16420759741288 79.63999990794241 96.32660454274009 120.87117931037479 64.4291333422073 48.27072572432039 53.88713100175657 76.63154050338228 105.99893064376643 47.451468431946736 21.166564008846123 32.237433536631094 63.445472049389174 96.98582803352907 44.22532908533422 12.448918250914723 27.366480628280044 61.13694318312929 95.50591732960807 57.13005963173119 38.09115543816908 45.08720403019246 70.77855075732141 101.88806584660965
102.27331342147639 96.2587331248823 93.66986237647455 54.906110000301496 28.813147268461805 20.072072081764105 49.84043137264382 77.05124957583898 42.60544825133699 59.74975423860699 3.980641159801125 65.3488878987026 22.999704678938805 43.328497782865725 32.78271204767252 59.43676788947553 55.92194776948334 39.23571217031177 53.88541349730007 47.54446029009408 93.95094801394184 92.75380150103793 24.59658833666448 38.90422778745442 28.299969145024605 38.49720834647539 51.28448012933594 73.38816398611941 39.79057769127157 65.48795015901875 0.0 48.293490151123 17.362370410353 43.65986562254301 21.243272303768805 58.47553590431157 7.73215470416286 36.49403103303771 61.53516753421277 49.59259624865578 130.88610375605336 103.69792780465556 82.28062611124028 71.9839966051555 77.38244784539222 117.60478917714143 86.50620213590297 59.41864799511237 44.41446390151356 53.00499628186362 110.02724823718476 75.98877137106291 42.86537632098603 17.18827195567264 33.88630979631255 109.34622921435358 75.00846393094946 41.11925856884237 12.254351692618345 31.692219735813755 115.68363096221488 83.90030026744824 55.593551852160765 39.20268283511864 48.76353542575379
55.118840137118205 52.77717288769333 55.7707797421871 6.631014265016668 64.00330257941933 50.98119005591051 17.390536415503266 37.17957115556749 6.214938940274936 43.899554838808974 44.64545324758377 37.66037822549758 41.051218259173766 29.05383740550703 53.25158145286854 49.21902727750323 21.75604842317054 14.379462769181778 5.755885077892691 24.485681136537327 47.18401231429609 50.69462196704649 27.730498943379786 9.391231262643672 39.01501567677831 52.65132492063328 13.808424299211914 35.79783281957629 8.692691146836617 49.435897439953834 48.293490151123 0.0 37.071778661872024 20.076261718654454 47.84987067605488 51.22921754229865 55.26982818337408 15.266331033580009 15.262320710388638 25.6119448209426 84.27243009540739 55.437290160984844 37.9416748624236 46.911353930009625 73.18884101233658 75.931150687357 41.824225642624874 11.306842896390593 30.021262161508233 63.79310548210338 77.58332721781458 44.72772015890135 19.411671498799816 33.88074352174471 65.6798623947188 88.67201939793787 61.8642709960759 46.759611291469675 54.22680786798099 78.03489191270253 106.28309986189906 85.02363378304887 74.54317770203691 79.24076248226488 96.9342952285847
92.18754820933022 88.83265312244407 89.00309404048602 43.54796389606759 27.594734238501722 14.439589576046997 44.31636013357974 71.0534471414982 30.877040228011293 61.57453390748164 13.651625393744855 63.45727579454749 8.093893304881169 43.13533714853483 21.967753659140826 63.2089615761323 50.74881628753781 32.86776342647282 42.03967893844619 44.96816067066443 84.23593878583999 86.06455063206356 23.484104307237292 28.362214702180175 11.9651496737202 25.588815030623984 44.25849819146452 68.22206874166042 28.46709373542813 67.74929267394626 17.362370410353 37.071778661872024 0.0 39.85265288907315 12.108024320960332 63.190480735914434 24.938100503888922 29.978353709200917 51.91165264339976 47.095105417049936 121.34055193637381 91.73640571362688 67.09994687165798 54.626310119242554 62.132606538917045 111.40387230793557 78.25680633294449 47.246936757115115 27.1156532696558 40.411441394335796 108.04578009420565 73.44366514809111 38.844661214204216 4.324102166978214 30.386549894608596 111.86051717390845 78.89957401181059 48.294395449809876 28.885859185460326 41.608598468834636 122.17785712365489 92.8309883890121 68.57512881926144 56.41184658933873 63.693302908032734
61.30938594870786 53.03161238685892 50.148292826501226 23.268221281929854 67.00383648267263 54.07360310550858 7.0734754424808335 33.47160493357312 20.69439015905209 25.20857079568088 41.05856061445813 23.682465259900365 46.65205370113102 9.027994160459736 60.676112293950695 29.696572929567925 12.377070560608672 8.353757671255668 24.169286058391037 5.574805944807843 52.798856825806915 49.25591329587288 19.06494613120644 17.993902131805655 47.03507867777618 62.230749530151016 10.639321669395533 29.728956881534586 19.78792494414095 31.230133744721552 43.65986562254301 20.076261718654454 39.85265288907315 0.0 51.95889614225971 31.413213546317962 48.80036939075907 10.64213964691493 23.300325758207343 7.542274417013741 88.75919242690439 65.76792573188143 56.27999641464597 66.36450907723219 89.64290412633655 73.95199866638174 44.0255775222855 28.327433613353104 45.40345982162114 75.59989075348697 68.20969973340542 33.606753405022026 1.0578396567210286 35.60447427868527 70.20749650993632 73.68334940685283 43.57698491083356 27.631696716870625 44.976739861650834 75.34681817516532 88.3112238209922 65.16768051118707 55.58394167245206 65.7808195401181 89.21575827753954
