0.0 30.592529360226077 24.021053793848143 7.576066878679745 12.596559762680483 17.972019751805924 8.740093790333706 14.565821352939466 8.627128098707992 28.88584137740957 18.588505448405115 12.858489420154381 32.076544507364 21.509433779142263 25.399796968010943 33.52410811557308 14.929886495182236 27.686978847453446 45.317169720655414 45.65016187937841 38.680972607385705 23.84062500408406 35.60161110812106 9.871807313272514 9.450050746395464 17.793615545525984 8.875929013447056 18.304967273963676 52.28607797784841 41.29798226133133 53.97094377050537 58.35719440717231 32.11171198563209 27.98364194509068 48.543208479494815 26.85924123448843 43.428704591378505 27.391757382890866 39.04825324842241 34.16542787519922 100.21153146260788 86.70950820520748 74.78919402608138 65.32231799349559 59.491880692443175 58.397426861394784 62.28910029201467 70.34416480218471 81.3349124511831 94.23975488130661 92.63119081746594 77.8679434299894 64.38167210540432 53.15342679131274 45.87240830669144 44.51935417035321 49.58197187829045 59.44303964799701 72.16149927353862 86.48579640389043 86.70294761435257 70.74706084148933 55.602169134875375 42.151689283874376 32.56743325333624 30.71188060366582 37.74268954379645 50.04508687219803 64.6778163538738 80.37809551552694 82.78258909887926 65.90708581143295 49.32791462500015 33.48812716808981 20.2083759886042 17.146852710410045 27.899156878921865 43.14421919721239 59.52475656906121 76.31305221218211 81.16165842994502 63.86875684521633 46.582560902250385 29.31493538924487 12.145347707855056 5.862344447356531 22.802154970525248 40.052753183591754 57.334294983691514 74.62528594499742 81.97669268337651 64.89663183414969 47.97583184493662 31.472225798427985 16.674366252015894 12.817211897125189 25.4801940619821 41.628266787899285 58.440549619195224 75.4744726481215 85.15776647992645 68.85351287028476 53.183434047031454 38.921195501685396 28.283416366422287 26.148694102874956 34.150653655121154 47.407704718747624 62.66916441229551 78.77860273782635 90.45556009797501 75.27888658305937 61.23984880291016 49.31970500153973 41.391465610578685 39.909641107336725 45.50836610143364 56.106588036276655 69.45209111888514 84.24928844942762 97.52565990629171 83.6054613628711 71.1842082838129 61.18177308896375 54.93565980154217 53.77121523322759 57.99534436322379 66.59035859805569 78.12676403599299 91.49866758117736 106.01398103774234 93.32563702589415 82.33514483756542 73.80493766205221 68.65823162747803 67.67147047555495 71.01826709842699 78.14378929978206 88.13626126337016 100.14110290667418
30.592529360226077 0.0 51.99970896803528 25.274308756206185 34.12863814230231 14.400733302873572 39.14175048826565 19.943584999751987 39.12683574052595 4.840357920984068 12.155930966032322 18.866819739012392 54.71363019239242 44.555749597971186 48.86252025220488 3.399631693320421 27.175748610540367 42.84888141982662 60.12685114256247 16.345992220085673 68.40748756646006 17.34127887737146 63.631353564658525 37.86596014637496 28.216084888293317 12.803518765416891 33.01813605603539 22.642175979234935 78.963306649232 10.741311836624956 80.3393001941545 84.08091325815927 49.32478750940302 51.967655586670595 72.68607023756192 8.961356015387638 49.48122608464239 34.195088223997 51.58513042614399 4.013780317530282 125.85121902468492 110.71029713731066 96.30009363682403 83.00207080042922 71.44002422104086 62.583607641088605 57.69260274384368 57.78289070954929 62.83300157998465 71.80395043212081 120.02729277000283 104.07378403445264 88.62763930447862 74.00722117652455 60.8110478138937 50.175718218120295 43.9991621945144 44.19224209769739 50.682212482384834 61.50710101465939 115.62847443246326 98.99239895942107 82.63023273340335 66.74372651575287 51.77261877421043 38.79165423440143 30.461289857182688 30.817158845843032 39.62592253740356 52.8151451060041 112.82164439742651 95.71422191940911 78.69188984796698 61.82497226198248 45.28745168052876 29.635987944214488 17.445420612539827 18.1412799019133 30.86392375934634 46.6344289165253 111.72689124460396 94.42729137138313 77.12873702007447 59.832135035546955 42.539866966604286 25.260834708809696 8.080399053261239 9.54932026686219 26.75443470311576 44.03548143295554 112.39427017350272 95.2124035811372 78.08357381623644 61.05243713817905 44.23198545736928 28.004461624847806 14.517027268324103 15.360702032795551 29.32355929266752 45.63446031953639 114.79304214338325 98.0197707712558 81.4678996642791 65.30598874229943 49.91428584912156 36.286498514226956 27.215699392685337 27.629493098444193 37.21281715691706 51.03830825021442 118.8183575590768 102.68362369037392 86.998602545444 72.0575666067622 58.43402053301188 47.2808882751883 40.68336056293202 40.90837380666018 47.859795847090204 59.214279187582186 124.31225686479947 108.96578227299437 94.29870424693698 80.68239557731636 68.74410307094072 59.50255352253173 54.35122319029029 54.463349757863064 59.80933781107907 69.1863912185949 131.09015499673112 116.60489607090624 102.99255311175516 90.64723583232758 80.15652120025503 72.33191258034294 68.09871088438791 68.12968832171387 72.4193730822403 80.28803101592652
24.021053793848143 51.99970896803528 0.0 31.58130401012205 32.31264630109322 41.437701452910005 19.505667269428326 38.57266271246268 18.98303071297508 51.44398946606901 41.05985961092777 36.503855092409886 13.50572833775909 11.154175356622575 9.891676551127736 55.27102451939892 26.348173595432602 45.11626981720756 58.95045747669679 68.04711158236442 31.374345907182803 39.14186628426098 34.67568399630837 14.547436622445446 32.50073907141672 39.92088166808064 29.24293451885356 42.11623747470954 50.57283525335742 62.59849985239198 52.58402678988701 57.500529486851256 20.82416965003544 9.492361915499924 51.773775388827914 50.14567033817064 62.53810331566271 48.884023433336104 55.40311112839129 54.935762510784336 96.157236905083 85.89564632142194 78.15751619514252 73.74157614267219 73.25114469946777 76.76149934142138 83.77119311524629 93.4964450870647 105.18671553289671 118.26069692586908 85.81320431790479 74.19140742824331 65.14230861886085 59.84456820424799 59.31206327863501 63.66447904957099 72.02157642204462 83.18500816353458 96.18253599752292 110.36807243567337 76.69632533795962 63.478839016692504 52.68304646946491 46.04505910148056 45.42571133219751 51.04455634483627 61.20704138268075 74.06592196864004 88.45294443376162 103.73422607994264 69.29282923801485 54.34774432603192 41.28640659629589 32.46792806428258 31.661873962478868 39.36357579949252 51.915478072361836 66.63071029218695 82.35772684648761 98.613628445622 64.1983725055134 47.71502098858748 32.10494727046029 19.581732974054276 18.2995384923904 29.74918767868426 45.09841950424785 61.493356809798414 78.2796949239465 95.25072471480321 61.98500270109192 44.70693918806067 27.458948080938175 10.391862888593304 7.791108092953278 24.74116979396673 41.97931832067701 59.25465734438059 76.54200960104991 93.83473566312738 62.95735657866561 46.03957898744295 29.569746332935203 15.093374107227012 13.415027565555091 27.03384852598764 43.363670815116905 60.23869110368057 77.30268329161693 94.45328348524929 66.97681586335723 51.376247106413 37.30756120917597 27.256190730635655 26.318362336292612 35.22957439619021 48.870237172996035 64.2976492855929 80.49090494588465 97.06747296254514 73.54541768734443 59.65174590534481 48.02540062816878 40.660219019591665 39.98466837776545 46.29254787950519 57.32305175380771 70.90536315945508 85.83655850661386 101.52322402607614 82.05314978050696 69.82883203885126 60.150742026477 54.39537973351695 53.835884817231495 58.62121833812586 67.62611605330716 79.42817820474302 92.96816121992471 107.591923931124
7.576066878679745 25.274308756206185 31.58130401012205 0.0 10.33936173695484 11.397985177481734 14.566302688160905 7.121945842269996 14.713486491399312 22.76181113851688 13.177734087028464 6.432115265762429 39.34232478544985 28.620404887133038 32.66880258858002 27.852428148850795 18.16886851632639 24.079293257346585 42.409386875738726 39.29910810076472 43.13843397121899 23.007014425284815 38.59789556768168 17.4023093779592 4.314076933677576 12.856187643996984 8.04191424202556 10.832399204126652 54.51762717354977 35.70090689808257 56.036408377460035 60.10083897485314 38.48816101651085 35.35855512201263 49.388699771788346 20.15872086809548 38.11751386944495 21.340925082569154 35.21719993183647 29.1248218981225 102.09727048090456 87.78242843459726 74.74193322734679 63.762513767880144 56.06834651027747 53.10706674143858 55.63956626801094 63.00683986836052 73.7744003355829 86.68426707496344 95.43034372468138 79.9680039786943 65.43331629571212 52.60097115950589 43.02222119851733 39.16205984515964 42.60432384549449 51.916239789500956 64.60781347405427 79.06800385916625 90.48821415706455 74.02874206905476 58.06119944751101 43.13538672912754 30.8047199847059 25.21726465154635 30.357875053944433 42.49707280721415 57.35078285996894 73.28665547119553 87.56349102931844 70.44066159624163 53.43333819381812 36.70244453045638 20.922003203663774 11.274040144036952 20.376229382757653 36.08310471842114 52.796810016793756 69.79777094818846 86.86024478033201 69.5685671798685 52.2836735933534 35.01561192053974 17.81339947120507 2.6934906848617746 17.20192292204495 34.39870609718113 51.66574666935615 68.95028169224942 88.43149970473411 71.51190529973861 54.83144448998352 38.700571776593584 24.24238958003349 16.62422614785447 23.74339030623077 38.07682388544622 54.172434843849466 70.83906494539002 92.16097371611815 76.05513830939579 60.61214449690617 46.49719419660366 35.33914382463221 30.568449663982335 34.910086708212944 45.84438028364818 59.86158420615014 75.25835723786561 97.80203121279537 82.77119267391127 68.81574839205707 56.734892084534295 47.966577906513606 44.513380859027635 47.54780140229333 56.025437295107906 67.93827855609179 81.79898303292589 105.04709195755089 91.18111731875686 78.68797611890025 68.32492824485983 61.1840735623151 58.45838434204705 60.745134342844715 67.53707720191142 77.66105234722524 89.99954505546674 113.58955381717885 100.86198780978515 89.67933020554007 80.68650308723664 74.67883989676838 72.40327554740215 74.20395761365538 79.80543950676861 88.48885160172496 99.45015522324941
12.596559762680483 34.12863814230231 32.31264630109322 10.33936173695484 0.0 19.72799282612817 12.80770320715024 14.204824825894764 13.333260937353616 30.797175948284753 22.567253346107613 15.767610615599684 42.82903604547051 32.899631630455495 36.30835338197614 36.2511734076928 27.016724735720615 15.092159142989125 32.88231558655279 46.385292066605345 35.587566705513204 33.31840703638822 29.706878287632087 20.65214254995192 6.235121945138762 22.57290029050147 3.755517617547119 13.572466809073621 44.86230088969033 43.96993547912136 46.28190795944195 50.173532465505325 44.2156361835783 38.472898533210255 39.20088420001813 27.37988416289278 31.304872047824155 16.572560558358237 26.45217971320995 38.11403084848744 92.11980791227892 77.57287924967886 64.40300860605633 53.63438055263067 46.94943422951525 46.15793874515412 51.532170354656145 61.475826071701654 74.17339912865206 88.44666428185505 85.91285622028948 70.12538363556973 55.252408560118496 42.27051607201975 33.45852749299098 32.416943883406795 39.761188302418 52.05530324005917 66.61280470951215 82.24041319628003 81.69959220937766 64.919999334769 48.50877564474554 33.01981783694622 20.645277424729457 18.99627975260641 29.9032082471398 45.01396602204053 61.29457125314616 78.01604865452785 79.79650745847532 62.51937538517052 45.261192298374795 28.056947298808474 11.158968990255913 7.7824430523545365 24.39925786865421 41.57877683336649 58.8300868188716 76.10438279764587 80.36791000313798 63.24374878026836 46.25208811005602 29.621827130655653 14.641131235052349 12.246873004752963 26.159552102746613 42.63064070952466 59.574608531268005 76.67861194136763 83.36292417855758 66.9918158774761 51.236123922108085 36.892927881276144 26.377008812060136 25.082180791069437 34.07632206896881 47.87469468720382 63.415201569803116 79.6850043730688 88.53589164296254 73.30116112595539 59.213366641675066 47.308475023308226 39.606404563795635 38.70334881388073 45.010416459410244 56.14830739884925 69.84292169610372 84.86543142884905 95.533602497343 81.57959049377031 69.15555088489202 59.23217964546081 53.226987960774366 52.50212989731617 57.258495393233325 66.32719804223954 78.22249906465552 91.85271783582083 103.9882398526835 91.29289757028621 80.33632056380955 71.91764590776592 67.00047254012931 66.36769534143285 70.13537471155692 77.66571137563552 87.99799314391795 100.26975120737265 113.57479688514151 102.03198956053276 92.30656205746456 85.02445532699494 80.84860362697793 80.26529457632232 83.34998751443294 89.7251660570903 98.75562024021886 109.78807646234118
17.972019751805924 14.400733302873572 41.437701452910005 11.397985177481734 19.72799282612817 0.0 25.880118801218924 5.568295882338154 25.978026004448623 11.397879356125026 3.99761878595501 5.132777256375509 47.08568205388386 36.2997260755628 40.61408811405953 16.65245164221995 21.19387413425607 29.56971155506515 47.58060783132446 27.913856271988656 54.35335436168603 18.89145490467013 49.278779239027905 26.890977737041375 13.870202480819815 5.032241217238894 18.75559051224628 9.50933661838335 64.57215372571994 24.469503444214887 65.96199480049957 69.75133610252868 44.08959258867868 43.5731497751148 58.47297000925501 8.8909460745303 39.33289894711301 22.55969616308597 39.384892649520644 18.388636149389875 111.5943175235775 96.65254764943796 82.63678585840968 70.10464987097747 59.99321325742992 53.68807584036455 52.57692920944482 56.964529577009 65.75927251636809 77.47455298875617 105.63255216493799 89.73622713482162 74.46912911933329 60.31101285219148 48.24823000820086 40.21282724314416 38.793782996711094 44.6267864836718 55.46935093222389 68.99894247064152 101.29175505941237 84.60784642375425 68.232443596918 52.4552732460006 38.028353538362474 27.193129717322922 25.12941671201953 33.49954498543908 47.0283116180491 62.448501363066306 98.785906124335 81.6052659047861 64.48950804798535 47.5088089038363 30.886732571949253 15.798943787739512 11.997335161442026 25.23843353845971 41.578047745214874 58.47394831421966 98.25553452608197 80.96538056645923 63.681623615502325 46.4114110226448 29.178802420445187 12.144937177397837 6.504616681073567 23.14809124022569 40.3493713549183 57.61096215288067 99.73216926496158 82.74303262071456 65.91680710514657 49.42017423406021 33.74009387157767 20.8121694777367 18.072382605960517 28.614467993011253 43.69984776590865 59.99398104611693 103.1296156846913 86.7897750061645 70.90783673256007 55.8756335516866 42.602351928532464 33.26474417868544 31.572691857487804 38.546535348993984 50.730116835077936 65.26839182287878 108.26715264777607 92.80921192210893 78.12827236027293 64.7549821704702 53.67580590434426 46.558352772394414 45.30973334904246 50.368316522790415 60.163662890214226 72.80844048004876 114.91155810572027 100.44724125910388 87.02486377581299 75.20440214914623 65.85418619284366 60.1376930464943 59.11858388213699 63.02514057871624 71.0494636087232 81.99134565555758 122.81842676528701 109.36516482365249 97.13804686381302 86.65765152936123 78.62559721619017 73.84516271166696 72.95833827398418 76.10136490892731 82.81668858203747 92.32809769243673
8.740093790333706 39.14175048826565 19.505667269428326 14.566302688160905 12.80770320715024 25.880118801218924 0.0 21.555023412749755 0.6271276691681729 37.119288732997376 27.029650726988706 20.779012581411088 30.52591836828618 21.336224091735307 24.223501974239767 41.97172141157898 21.69002702846476 26.31499433606964 42.12969121385944 53.78576128181185 29.978364731632414 32.16083175753466 27.453120042210525 9.643261489925475 13.915951999093943 26.34800137386994 9.904141432549412 23.80533097453355 44.37888556251315 49.79146186550559 46.1462583080481 50.69219424429925 33.261689682559975 26.09726744509958 41.61705563505537 34.70864591991894 43.46871635169422 29.380114090972558 37.22445992513534 42.79210152529332 92.29352256525111 79.31345781948761 68.27776222404975 60.26424293787423 56.572105132266685 58.032104227348405 64.29420738077523 74.1516218567253 86.38216763097188 100.11989155180953 84.30067770006146 69.89702290250011 57.12519677012907 47.32533303645908 42.60036306980508 44.593715544518474 52.546291440550775 64.28320751083653 78.11692221998932 93.11756575271146 78.06865799928241 62.27628359702536 47.54645371072734 35.237829775689185 28.661012878111034 31.62138985211189 42.15543331806117 56.151210541994786 71.60688484649569 87.75444771872884 74.04351456482445 57.17398053524324 40.6693819587732 25.255608983368745 14.846060719637837 20.041901861447958 34.375321367476026 50.60000183362838 67.36297372851062 84.34389634734184 72.59334031989778 55.29184546893056 37.99074749098113 20.691041962432852 3.4139629557077744 13.924965767961007 31.222873077585877 48.52364926304774 65.82503228553563 83.12664323779745 73.86996294189304 56.950073740532986 40.35545904077636 24.74930203198431 13.97159722783449 19.406076586339328 34.01027475929787 50.35389231503335 67.17918468302474 84.19788559928752 77.73914380759908 61.86460669439119 47.00845153273098 34.51187248120177 27.767859864416113 30.817991715781044 41.559031003916736 55.706977796258506 71.2607294726103 87.4735710214146 83.84267322540494 69.34649102710429 56.45336924192618 46.51596604067431 41.703625881371494 43.74191175142548 51.82877957979469 63.70082463181294 77.6406648714521 92.72030921696731 91.73557365600146 78.66648357659096 67.5286179110853 59.41810557620833 55.67411192207811 57.16118124379266 63.51293552388611 73.47845773574852 85.80776746932912 99.62710775238831 100.99910676413894 89.25048632034732 79.55607377985369 72.74186049365908 69.65829087123674 70.7945374477229 75.96147315611557 84.42223700989393 95.30358138727841 107.8754882911272
14.565821352939466 19.943584999751987 38.57266271246268 7.121945842269996 14.204824825894764 5.568295882338154 21.555023412749755 0.0 21.74469935099797 16.653243005663917 8.933367725040169 3.7417330733399883 45.638470927850626 34.82322112924092 39.011648108016566 22.06080624135878 21.79391878714268 24.461921472478775 42.69206757910997 32.72599279202606 49.18042517506706 22.579496337300082 43.84247334536963 24.213992839228247 8.55848286005747 9.396625326675432 13.529258748282698 5.6125993055304795 59.01975622941184 29.8176906249483 60.401186993799534 64.18307469041153 43.82318477459401 41.82304333297707 52.91878863585024 13.51482536349577 35.67291919069006 18.592022261870945 34.7213280386351 23.94162941338173 106.0301812572649 91.12794696194888 77.23281337440866 64.99395026008713 55.51775431123608 50.38779496981843 50.9346648653851 56.99518973424035 67.09146432684676 79.70432160700632 100.08393005433167 84.16833502822547 68.92409904319035 54.91321769613444 43.34857284865022 36.625719102865645 37.44990084283849 45.41204782896513 57.625691704361394 71.95758363242064 95.8570130013247 79.11937203090187 62.688869286463515 46.88949612807572 32.650674951573805 23.069883298094624 24.43529555664019 35.505760595286816 50.228932050169696 66.21135406606982 93.58275929349163 76.36107483195507 59.18621411160929 42.11550084129534 25.360129341948742 10.548468526319324 13.346066654479781 29.04613710849372 45.91243780924208 63.01538771703068 93.40394478073348 76.14283235318344 58.90567354792924 41.72216764164312 24.704526073454783 8.865742130648478 12.06659014624705 28.483631285441962 45.56034837299523 62.760551907596465 95.33236391900716 78.48583958228875 61.89108266403596 45.82244979919581 31.106259688186924 20.837791915540286 22.35037910168384 34.111244685713814 49.257753460363226 65.4811975442164 99.24523043039827 83.17389524695062 67.71178612894664 53.39085271819352 41.41241806821171 34.32348510387882 35.21253941800574 43.59417711137888 56.2111169334064 70.83526733798405 104.92070565285607 89.84057866098931 75.71662406655332 63.193253062594906 53.40851797348351 48.06511040904007 48.64917648039162 54.972105588916754 65.38979202090883 78.28422507158534 112.09129841100862 98.08317220721756 85.29274990237415 74.35114475870989 66.18177463331793 61.89230070189101 62.28949754738013 67.29042390416078 75.99155097472669 87.29333030366607 120.49028023409456 107.53981569317857 95.9708390419107 86.34047482378253 79.35766439966416 75.7580745877802 76.02380213974854 80.11639519203658 87.50051842943927 97.43064370106862
8.627128098707992 39.12683574052595 18.98303071297508 14.713486491399312 13.333260937353616 25.978026004448623 0.6271276691681729 21.74469935099797 0.0 37.1769337981227 27.036871624610445 20.863537243942208 29.919537539283375 20.70939776547301 23.60609004960125 41.98561471998349 21.261492897666262 26.927149065811108 42.75563872489145 53.86857067206125 30.18257992206817 31.874395123871494 27.83239842177579 9.032923599231284 14.23621230061476 26.325761572421335 10.349890752130106 24.123563592864535 44.78398042820936 49.795357759114886 46.561629633147206 51.12523497037021 32.635273789124405 25.493880511340887 42.122963893484446 34.826322640555276 44.06409177507981 29.901890123465034 37.84715239063174 42.75120233547898 92.68590940010517 79.76763709196099 68.80241014975945 60.85527871207958 57.19839020046571 58.63995502797918 64.84080813480544 74.62381699616736 86.78591657623251 100.46678136559471 84.62438653333345 70.28531929465876 57.59748173598501 47.8917339236569 43.2258133076252 45.18880587091604 53.049881225124416 64.69355533526922 78.45334146911476 93.39861859298625 78.30387064918722 62.56954514969221 47.92816759932153 35.748845663590735 29.28412762628717 32.18461966695026 42.57756220232297 56.46731187828986 71.85384656406528 87.95511735474973 74.17088770212766 57.33808675267892 40.89870766767668 25.62157044025424 15.457617581156 20.496914335376474 34.641327049962584 50.780233051933514 67.49781540417023 84.45111358851584 72.60006239266251 55.30063028254529 38.00347297513976 20.714289874270058 3.5515137780929273 13.959165216241281 31.238068686305592 48.53338207114665 65.83217308865878 83.13227081093935 73.75530407324226 56.80195253270784 40.147123521737115 24.40971170609816 13.36373103035506 18.975177772647335 33.767413565878876 50.19095385945397 67.05772336331476 84.10147120567854 77.51480909242463 61.583764848426625 46.6399463729535 34.010573987942536 27.145233999616103 30.260838643377912 41.149520319233496 55.403589506221174 71.02494264950167 87.28251409650453 83.5276193485189 68.96699546644714 55.98870515008369 45.953553902884536 41.07832152752464 43.14896585154273 51.33169956184911 63.29896426488253 77.31286920845281 92.44731464167506 91.349787950462 78.21833000507081 67.00842718579516 58.828991613219955 55.04788796925168 56.55429657345151 62.96987952451283 73.01179198598244 85.41040092246791 99.28670695133901 100.5598717368962 88.75540934661757 79.00283428636921 72.13919333552026 69.03165113181332 70.18094295487154 75.39264488804233 83.91321293663025 94.85512089562783 107.48139777231933
28.88584137740957 4.840357920984068 51.44398946606901 22.76181113851688 30.797175948284753 11.397879356125026 37.119288732997376 16.653243005663917 37.1769337981227 0.0 10.432156225618307 16.37188021704687 55.34583715358592 44.87250168597264 49.221648017505125 5.563316845927267 27.953741809947328 38.514231161306185 55.53799949902629 16.77691208815596 65.7392981151966 19.944181423510123 60.48359593458819 37.01960700115292 25.174748006626686 11.52311269246681 30.108100694186998 18.534731232970255 75.42069612873166 13.173162224569214 76.73304329746821 80.34636883007528 50.735969381243414 52.29571108981867 68.79452519391461 4.2117467086525915 44.65897124743536 29.5566659578501 46.9533609335718 8.41813250695541 121.9687672344349 106.63352283301228 91.99856581624917 78.45676479746926 66.67752007090346 57.74962626232956 53.130470490425665 53.93861665041837 59.954997692498296 69.84646763352704 116.48012448432488 100.33914194427722 84.65797995154563 69.74747228527337 56.22412621293823 45.346455255862665 39.37201795509506 40.53044225269284 48.31132225775652 60.19931166622384 112.49207166350806 95.70252724639347 79.13401147448354 62.961260623718296 47.58948857960636 34.11904195486529 25.732647382440568 27.54886160002724 38.13687095659813 52.427212342407756 110.16775216364519 92.97210426901778 75.8248225508579 58.768258820460694 41.91331246729837 25.660402694773598 12.605544741289005 16.064128899031658 30.918048186092758 47.46059583779688 109.61308817223578 92.3172039552398 75.02410787741432 57.736305291573565 40.46058210003165 23.223910701207885 6.352552390545985 11.835260230541117 28.95695800334784 46.21310439824634 110.85465429163287 93.78132747596159 76.81036811929555 60.0286613257445 43.65501085787584 28.40408470564485 17.508179387579805 20.12443602973129 33.19882178790958 48.969815940333206 113.83367487739517 97.26881296749829 81.01263779829901 65.29611058110228 50.62435874311945 38.22013090653045 30.942530312649826 32.44704955902065 41.79582437656832 55.13329223629023 118.41905669708072 102.573438912952 87.28259697495142 72.89648195962933 60.06868079826197 50.0129955822747 44.643667244107235 45.645572693983205 52.656277610380506 63.722467157167245 124.43328127513611 109.43119922700117 95.21255300720819 82.18497519039686 71.0070915847446 62.676478644426595 58.424069586521796 59.136282016754755 64.64924443792685 73.89618916986115 131.680636857547 117.57054098885159 104.42491198899629 92.65517001461464 82.84978556746691 75.77520411556763 72.23824680361729 72.75668489025536 77.24891095423845 85.08784544974047
18.588505448405115 12.155930966032322 41.05985961092777 13.177734087028464 22.567253346107613 3.99761878595501 27.029650726988706 8.933367725040169 27.036871624610445 10.432156225618307 0.0 6.869798408070921 45.59648356468886 34.94222424028379 39.2929140268231 14.950352325666977 18.800166679510113 33.32602465997382 51.44303128965656 27.188430892539248 56.27398501238165 15.005463680668495 51.71414990256596 26.600536926718533 16.438117152036057 1.434031979872349 21.0670059461713 13.458521051199162 67.3790660208486 22.76181113851688 68.8300198642451 72.73962296397848 41.856285226062106 42.327064944915975 61.646476564849245 9.448547399871849 43.32463136774093 26.552146943630913 43.307390500329944 15.95401006223044 114.67007409433167 99.93258828368162 86.15402878998601 73.87292684197648 63.9577996161319 57.64277154653219 56.1558212459031 59.85784473627085 67.90541260834434 78.98117949713745 108.38842446599419 92.69177032992182 77.68000315416387 63.83812628711029 52.106954627166296 44.20031615445472 42.31909794434244 47.189501253339955 57.10951655604079 69.96320182003315 103.65112724561992 87.13134049445529 70.98517096086267 55.53942905120317 41.58210607230088 31.180516266073827 28.53221559912699 35.42117647033785 47.895112916091925 62.70513235024482 100.67649738066658 83.58741026557662 66.60830111519245 49.85166990687932 33.651520026321 19.45181740090551 14.934329340837095 25.814875131807135 41.33393225697798 57.87307427561475 99.62259828512875 82.3208778528989 65.01926925828818 47.717894152094495 30.417150963851736 13.119539863265315 4.213689916028269 21.496549542002114 38.79641355504159 56.097552266335924 100.54985873477854 83.43553699420626 66.41849358355819 49.59895624708002 33.27776053462951 18.800929395177143 14.080243626194573 25.332672372911787 41.03593587405442 57.66163795004598 103.40498284558164 86.83972718168401 70.62857696121608 55.0850567497173 40.976102763919 30.371507131105933 27.650060040322654 34.717907802472375 47.37985174355752 62.31434431474835 108.03519295362626 92.28037048246394 77.19090540108994 63.24484340652889 51.3818041642267 43.347140871297356 41.43144560855075 46.39892229006022 56.46114181518521 69.43749938840612 114.22476703833053 99.42364180450562 85.56589478097678 73.18936265151424 63.1707362388378 56.77234964960082 55.2662293700847 59.02805425501195 67.1786046722521 78.36017686535203 121.736002331429 107.93192260563441 95.27662747465192 84.28915553626715 75.69925965307877 70.39022841476513 69.12221621137141 72.10871975795651 78.8678916268546 88.53988574273708
12.858489420154381 18.866819739012392 36.503855092409886 6.432115265762429 15.767610615599684 5.132777256375509 20.779012581411088 3.7417330733399883 20.863537243942208 16.37188021704687 6.869798408070921 0.0 42.76574945861265 31.940636165404058 36.2005145898105 21.42057714766577 18.16883574075175 27.526423588953904 45.873855091163435 33.00744252192241 49.56357648537433 19.11728599223687 44.85380070094787 21.980201233061457 9.589499447733148 6.808824068439561 14.204824825894764 9.354330551994325 60.525332042813965 29.269212141521148 61.98817339343153 65.93169076350696 40.48455396777296 39.0917998412565 54.93389919827323 14.02139224089281 39.35010940905844 22.25254492712558 38.070018453219625 22.749427114404135 107.88691768783764 93.27203019165684 79.73992527962629 67.94070363994143 58.92471636576496 54.101798924310394 54.594748422793785 60.27327703288859 69.88453873040356 82.05808334958365 101.5242440432978 85.86825967508514 70.98062946633715 57.46170331769658 46.520434068921546 40.3132741524957 41.047231441501665 48.40760471568644 60.00352513592765 73.86647217918971 96.80977877472624 80.26581333074479 64.12315217945314 48.78182893083483 35.302483693436045 26.675348333813663 27.849477468513292 37.925227943153025 51.95924139671109 67.52712752052258 93.991934702106 76.85969849746023 59.825208967496025 43.004777801004145 26.804460641086177 13.647718404550044 15.898246314869706 30.29787393488631 46.71060912580186 63.59649169307056 93.24286236829099 75.94605370283288 58.65226634002756 41.36528984543726 24.099785155892153 7.01610066285666 10.787273791394318 27.968168809875596 45.24141068416079 62.53051733510175 94.61172259395175 77.61296443480971 60.785514678825976 44.32491050703307 28.86570523026071 17.334143640093092 19.14232178572225 32.110695745776255 47.90070385199269 64.47146987658668 98.00979604922212 81.7026138753403 65.9046532345825 51.09049552935015 38.41566556145607 30.65937375918098 31.66923191023276 40.79941803462182 54.0828437290032 69.16664421008899 103.23685501606278 87.87734828215154 73.38741455982867 60.39620069049288 50.083866339114856 44.35978409287401 45.0099032410937 51.79475361933518 62.755125550431956 76.10794459676343 110.03248315732246 95.73448143915265 82.5937754359717 71.25355965268189 62.698524734929954 58.17076123988719 58.61115202024698 63.91708721199678 73.03573202686195 84.74514432130738 118.12618994325358 104.89654066247905 93.01322539699571 83.05615159930589 75.78836917756293 72.02859051350896 72.32597849272054 76.6333141870044 84.33843066044815 94.61482597124977
32.076544507364 54.71363019239242 13.50572833775909 39.34232478544985 42.82903604547051 47.08568205388386 30.52591836828618 45.638470927850626 29.919537539283375 55.34583715358592 45.59648356468886 42.76574945861265 0.0 10.82659327577357 6.6790474239383935 58.11122224635874 27.542586115611428 56.832851786585366 71.76758070643922 71.05420063422193 44.18322807416554 39.0240653534981 48.116093712877635 22.41683329287631 41.45051516770961 44.25074726391194 39.32416210554094 50.166898746912274 63.71209098415501 64.64088969326235 65.73427474111261 70.65309753331896 9.984471611409576 4.45590672975227 65.2617288993585 55.04437778263235 73.95495305080026 59.04953290583569 67.59690119295458 56.90093696153072 108.33972160276409 98.79846286100967 91.5612058043813 87.2034959816494 86.16334587970569 88.55773141691112 94.1249094174509 102.34843677468186 112.64805193727425 124.50960548155608 97.36504672516462 86.68288154163255 78.40012529546483 73.33433988309754 72.16619175063411 75.07783376927033 81.63388439289534 91.05047558519276 102.54255308275066 115.49220469723879 87.30868121368067 75.2680020496102 65.62343703870503 59.55078407705997 58.17949225391454 61.823197854779785 69.6997798154716 80.57734085185446 93.4133472798015 107.50858607452058 78.52440532719264 64.92467331778685 53.50745982515329 45.93024479222519 44.213466214400746 48.97732006765548 58.66369614663769 71.29365110807763 85.57361865120312 100.8048005186154 71.48288147926883 56.247363310282175 42.619697283619345 32.67752279784569 30.2970556054627 36.969066028561876 49.134725909231676 63.72158127171782 79.40634566412905 95.65042982635211 66.7381541079234 50.109332163642755 34.15584104803146 20.518531555310034 16.556302375800914 26.942986308467333 42.147956365151884 58.529379733320845 75.32356012446398 92.3054791401886 64.79682237738363 47.50537232485354 30.225919256624543 13.006366739482868 4.841336828273082 21.827164141880093 39.09124239951119 56.37853275730678 73.67269687655438 90.96981455367582 65.90710822684142 49.00219585669956 32.5176316342961 17.67174071252777 12.880114786158478 24.86397350356927 40.8564546216688 57.61072360677169 74.6153734099404 91.73126679634875 69.92378220952781 54.26147347938065 39.97486632407745 29.161320596869533 26.485572452842494 33.93079317134858 46.9022616745171 62.02463883783629 78.05766934465876 94.53916602011107 76.38969578521017 62.338026598059336 50.35254883554644 42.230728913317236 40.37567870811558 45.55943452261773 55.85547773633822 69.01240749648477 83.6916725834266 99.21988413131037
21.509433779142263 44.555749597971186 11.154175356622575 28.620404887133038 32.899631630455495 36.2997260755628 21.336224091735307 34.82322112924092 20.70939776547301 44.87250168597264 34.94222424028379 31.940636165404058 10.82659327577357 0.0 4.353163803296237 47.93573146010072 17.51630794815852 47.43649101658324 63.40552507274691 60.88879378235387 41.48846579458163 29.825275647509237 43.357932908858466 12.248177816108404 30.949660138972998 33.623420489747474 29.261690415422724 39.422600508328784 59.96065655526865 54.76421595269159 61.93220571896464 66.80525888450487 12.103863359881567 7.427712963944545 59.85200214542469 44.37687873640612 64.1992136862091 48.768401517072974 58.506430984550335 47.007002276549976 106.46224661149328 95.48820505624462 86.60524531391204 80.50853114483839 77.85539492425359 78.99357765756844 83.76868128387576 91.61376794606447 101.82169145347466 113.75814293040266 96.50764323540886 84.30159310363808 74.15177408730565 66.99930003082706 63.85937999219916 65.31330818047523 71.07974143208999 80.23418637063668 91.76825860133127 104.89993095397837 87.7090954742456 74.11704244008072 62.389806472841066 53.76189490768074 49.86878941003801 51.78950078193132 58.95854514909573 69.77656570580241 82.8258994389393 97.21209561766311 80.446962390841 65.40452967760274 51.79284271994395 41.06034488415928 35.890285557373616 38.58731116816377 47.83885324075338 60.71934194262187 75.39116926249581 90.9918987038389 75.16799593749572 58.8219817562916 43.22655126906403 29.593161438666307 21.94736762607272 26.197899915129714 38.59642790049149 53.77499238344396 69.94659846923238 86.55642518820308 72.30794365473729 55.13770734864127 38.08684989017341 21.44208022227221 8.223793575498686 16.5593497487052 32.85584657622457 49.83487284213061 66.97936812891577 84.18830242680062 72.1550627657594 54.93798507338767 37.79847534553614 20.927988109327217 6.778646435430858 15.894427389030946 32.52735786825628 49.61994166752166 66.82036834393149 84.06246518795756 74.72597292659987 58.258665867618895 42.460391654999306 28.46768628326095 20.41188519400074 24.931757741011232 37.75250485687524 53.175391807609216 69.48888081414168 86.18873715083576 79.75767780728799 64.55874250976227 50.72556695102087 39.7119993639745 34.34691379794702 37.162964418934074 46.702989244276566 59.83276967717788 74.68238944354543 90.40832982365366 86.82332872256521 73.07152936753961 61.14988604941533 52.32466808192174 48.323238532866554 50.31005904553294 57.66949684576184 68.69601049587668 81.92200568728144 96.44682648770953
25.399796968010943 48.86252025220488 9.891676551127736 32.66880258858002 36.30835338197614 40.61408811405953 24.223501974239767 39.011648108016566 23.60609004960125 49.221648017505125 39.2929140268231 36.2005145898105 6.6790474239383935 4.353163803296237 0.0 52.246897135419864 21.760445106879345 50.524231201202 65.92627406769326 65.20186307249504 41.22396429166656 33.87010439448543 44.02954043523921 15.784556678246283 34.784024099007574 37.97586481743237 32.757853610571665 43.4961190392044 60.24952296603039 59.019462442416426 62.249779205273875 67.15712565047237 10.997243638265296 3.1101959623690587 60.893275321753734 48.725330359710846 67.52226266149391 52.43699346923738 61.42659007502092 51.2618232528042 106.04789227177946 95.66157518249399 87.49171576073066 82.20185847556762 80.36275628000199 82.20633495719959 87.50012724146433 95.67311470402318 106.061771323683 118.08274913830623 95.66635204084561 84.06315677005165 74.69852540149776 68.49683953407167 66.3510083821644 68.64246177651981 74.96539709975055 84.41875338977181 96.08294876355161 109.25214926728941 86.35954163735705 73.35042818413865 62.460390115797786 54.963765226507675 52.33957181983997 55.28603987159519 63.02667504343656 74.07345992462142 87.17851397565501 101.54806383258531 78.51075197436984 63.97010257219256 51.17730213034193 41.77038264628029 38.32909942051905 42.33416163424038 52.09557565716746 65.07244537940228 79.70949551325073 95.24437298268693 72.59457693929924 56.58885802484998 41.63334964567763 29.37828197029544 24.3216323260225 30.310243238138536 42.94869718601051 58.04464689734163 74.11128237654545 90.63384586395517 69.10923569679133 52.06411927087659 35.26998235527541 19.39030371785711 10.330013758185018 20.884146457623284 36.93641895645357 53.769541567963756 70.82895762725038 87.98313451859222 68.42723721269707 51.15957422449681 33.92684501971923 16.836660210531136 3.824784567886347 18.560667090107465 35.680264636938155 52.918595429077534 70.18823074919587 87.47063087178378 70.62984454703539 54.057272818002474 38.138099132715595 24.198192568286427 17.756759244809956 25.372515274993297 39.63506807199713 55.649121897295835 72.25941441751026 89.13323304527367 75.4648695395007 60.21069912496178 46.415715986319064 35.80806806997605 31.760438194447918 36.523167671135965 47.51701554369713 61.48577398550163 76.82345140585967 92.85415238971602 82.47054928477729 68.75107725698773 57.01520020113774 48.71815667101624 45.769944618961325 49.142854790980465 57.739551688102964 69.65195465122673 83.4723729723429 98.40011492686311
