0.0 61.95852898147555 20.778024103314127 52.21652899738309 19.22293109434813 8.210695877736354 72.22958161136509 15.953067115734598 12.486477960124072 13.176589477646127 19.565892739927286 40.58987937211467 43.642650809357434 40.14569446524442 64.10564911239138 31.903534805078493 44.84393594015559 23.43862496745708 23.500404134760547 4.689646636658143 11.302962703961915 60.54808797773373 27.887188491319773 52.090596560632825 16.17414915108973 7.491881030982992 80.25888989346114 13.139033685307375 25.090272944234762 8.625937641065976 34.99362257808023 33.99721622183311 50.22607551142612 41.824809469331825 14.28055388498303 28.992773112750353 23.234445290567034 22.617249280035633 19.324658279478346 31.42880074416878 111.05886022169082 82.5488620203242 60.740068478015736 54.39847726817929 67.99874890327418 100.24746206469241 67.45960032573566 38.037909851307674 27.162628371914817 49.22981879761617 96.6733123928322 62.07610684568725 27.495656453865845 7.30982743566941 41.781699355677105 101.10706104620627 68.71892602510387 40.209219865371814 30.101652750829338 50.89474631640022 112.60652202796408 84.60077423207113 63.475536046966646 57.408943837674855 70.40753134040783
61.95852898147555 0.0 43.95168074366215 60.22630939857725 75.06308140925918 53.7478621572924 33.863180897432784 76.30523058827205 51.83095151646266 48.825089904798624 45.80539038386537 21.392580200897946 61.404603134415666 30.690285595113988 40.454331829696024 93.71939821955546 30.94747850635407 44.10547794384604 52.06155602871741 63.68311216292536 66.11048646825628 4.737614913479035 41.101837400117994 63.61461368363464 75.02547383858673 55.63965552278443 45.99381136323844 67.35607382535567 40.61902973345763 54.345822632952284 32.716572803012625 29.271938651199385 63.893558851921306 21.43691382402071 48.13649839544978 90.81346878952053 53.40747291905085 77.73618245220081 57.61924254273638 45.791020190564005 83.16465419476978 73.8886820597213 79.98413769672177 98.64144436311915 124.32841236767986 59.29465000855389 45.71908940893029 55.31209880006637 80.1463344832803 110.37325358681271 41.48988942645937 17.67075671025944 36.02705677219253 68.39949163131764 102.24422012897708 39.155180623194795 11.211622876971486 33.363526946796235 67.0477553538904 101.35349125933432 54.32327293980069 39.122631998583536 50.04964739099124 76.64319011499194 107.88055661065556
20.778024103314127 43.95168074366215 0.0 38.14205742303161 38.771558119303 13.74222988163 51.49684026296923 36.7059926939155 8.55848286005747 9.633354687832858 1.8936978154423791 23.69812290836409 32.082253379180585 19.36819058676173 44.06960403618221 52.05873759097874 24.142020966312877 21.38252545184092 28.381277707877828 24.285991481319094 29.506155175529994 43.5439599676217 7.756350318685156 39.34108261536489 36.61600459693584 17.62479098704103 59.91375502697162 31.31298623618571 4.313423818792426 12.15645187404373 14.239910753346098 20.929289009727558 38.05196664811496 22.669670235534156 7.417805739674607 49.1782371825663 12.816435215622688 42.09652107789398 29.0683438560079 31.264279054881115 92.29262942319342 66.54421178050964 52.279407757057 58.59131768910735 80.79325603339359 79.76819945155842 47.88491143659828 24.8557245966628 36.571745237706665 66.72346856040313 76.141991946774 41.62686240009449 7.927326523020593 28.06676745203378 62.509986893984 82.59463455094551 52.41809844334615 32.684473250317595 42.23419110909436 69.95722525401729 97.13763034827495 73.05813192978044 60.28304941457053 65.76766262998453 86.09012047770182
52.21652899738309 60.22630939857725 38.14205742303161 0.0 71.23540236458366 49.01762283939863 42.08118640887476 66.04719131046035 41.97058866756817 46.78614905886757 37.65890685304522 50.25757837428383 9.764069988799587 32.15877991792362 28.265224727038103 74.77873273053702 29.77110120662742 59.334916920681074 66.49297485102011 56.87000994951428 63.371262786887634 62.80814420654368 31.70094473466603 3.794421475632123 67.42861693570661 53.212117718101474 42.18441591794111 65.24863123148754 35.94352747162812 45.6115448966433 33.96122324265207 53.78802602718639 5.323054154605355 44.18134599077453 44.45073384630588 72.45994410073092 29.141480275137393 74.58668668589561 66.53651441459895 68.9593171067193 62.220937120532014 30.597063129485704 19.89381645057699 47.43623086468611 80.61933061664358 60.6129025162985 27.211629871812228 14.208232721706056 45.36658662322885 79.43067867358893 71.22557485246386 46.11707470581324 39.69019769082065 58.469343703924395 87.50338085002005 89.82672661232326 71.37952231197406 67.20118127441481 79.57215902535542 102.67533971584226 112.5212326712135 98.20925445550384 94.99350410320865 103.9093464815797 122.33240392837918
19.22293109434813 75.06308140925918 38.771558119303 71.23540236458366 0.0 25.030923791818303 89.98308216565512 8.045667935824227 31.20469597488887 29.576529949171416 37.91499588075202 54.09165042956266 62.38588473058307 57.80246758488709 82.76527330223875 23.321367500462102 62.802684934692074 31.340899719864268 25.357066919767384 14.808157096319981 9.432011196133798 72.71741483205048 46.3396135348476 70.8989618053 5.002494738542338 21.370818909264514 98.68527685299722 7.848864001935226 42.99697920467042 27.18676415398569 52.49733084548731 45.79543032493079 68.95481123622785 57.07177705179929 31.48605116744997 21.027986060600345 42.421060084543235 3.397045671936172 18.880369944295932 34.26421144582229 130.2065395258853 101.678653545175 78.21844953914231 65.51698042029365 69.72514046960876 118.50926234665498 86.34817209141751 57.11738351148322 38.257173053995224 45.38341323291259 112.73436929049151 78.31271162314987 44.17664741916134 12.85006403404911 27.81231215216349 113.78751173910779 79.80756025201191 46.75193643344252 19.927079282603234 31.674618527556703 121.49119721110819 90.3608921742006 62.96732588622925 46.47032263412028 52.430059170440664
8.210695877736354 53.7478621572924 13.74222988163 49.01762283939863 25.030923791818303 0.0 65.07711640638843 23.481328030985 7.048336754987181 5.0180099641738005 12.978657432125845 32.38182347165269 41.339902470786214 32.87739468730445 57.78350894886602 40.07186464293598 37.80524002045466 17.133773302806926 19.94340334122857 10.741872062832082 15.784430129178753 52.36504835372848 21.368208140504827 49.46593640685792 23.064715838152157 4.217554032764431 73.65488944546847 17.611776756983176 17.972360057035935 3.8048199347621265 27.609090018892925 25.983586836254744 47.81372926689341 33.71712645613636 6.522057584950476 37.160674501974235 20.10437648063824 28.354544840437374 17.981628490423073 26.35047583514924 105.69530205796859 78.68036785113574 60.03744777673093 58.422439437182966 74.94437382520182 93.48891231031016 61.494911067671936 34.8985612497546 32.388781941014045 57.22757152113854 88.84209970466894 54.24161072608538 19.65299941250181 15.006093268331337 49.58810020529507 92.89656209158223 60.59895409418765 33.30969039294931 30.68677172801413 56.290857982199995 104.64555530419132 77.27758321640965 58.20440853216498 56.55508076953458 73.51188225509476
72.22958161136509 33.863180897432784 51.49684026296923 42.08118640887476 89.98308216565512 65.07711640638843 0.0 88.180328480332 59.786690603201805 60.40757734997552 52.66731228561479 41.708703294058935 48.38812681248249 32.200384794839856 13.867565400357728 102.6185854929489 27.38856050034427 64.08726360294614 73.04637086333763 75.75268919980523 80.57854544900097 38.434188138584446 44.46388147825519 45.85991624935058 88.09504986017144 68.61271463677754 12.189747116796688 82.29172956017244 47.18991993342895 63.60847494441768 37.48939924100351 50.420549755035225 47.237169420923976 35.71085332152475 58.561862425054336 99.82005857760316 53.40731079603643 93.22710083256491 76.7073634165299 70.06149309017502 49.57823040463541 43.266159777060004 60.66909730658022 88.79379081810676 120.34431577750567 29.172438292761953 16.72513773092931 45.86152889404722 79.50899293172964 113.73183637624085 29.2477308338741 16.854924812488633 45.90857937491967 79.53588666900674 113.75046072115478 49.711130430366985 43.41699100533842 60.77575671139642 88.8660169901126 120.39711052188134 75.48668347819108 71.29150492226462 82.83401361438747 105.04867820667751 132.67905492025383
15.953067115734598 76.30523058827205 36.7059926939155 66.04719131046035 8.045667935824227 23.481328030985 88.180328480332 0.0 28.428096284426825 28.452263923146457 35.518934309627944 54.972019842665496 56.84994971898797 56.07105790868302 79.92174268353816 18.18499763648973 60.79618048846179 34.02939432043076 29.807752095993745 12.818520889596117 11.131384885479884 74.40856008368655 43.82526412363992 65.38028948331932 3.175482798269185 20.77674806639608 96.14318136918153 10.79335944454995 41.01932878282489 24.571935874447668 50.8858057296631 47.36490239602834 63.34989406781841 57.02745262187032 29.932990864027943 15.451208427690952 37.983610071734375 10.299279618628553 23.485726083762646 38.863876172302334 126.27024685813582 96.63470189614905 71.60409799487792 57.53971638407238 62.36410784572368 116.16007142412296 83.12516886502206 52.16572472966541 30.45602743544929 39.09877249822294 112.32128563282669 77.72238394298458 43.13143971782973 8.644511858377676 26.153172755747644 115.38176894231962 82.04414316388672 50.44176167809795 27.428858632668145 36.812420754881806 124.83495665609215 94.76904212013775 69.0896087080988 54.40932334524968 59.516154544207204
12.486477960124072 51.83095151646266 8.55848286005747 41.97058866756817 31.20469597488887 7.048336754987181 59.786690603201805 28.428096284426825 0.0 6.277257233858539 7.140403816799107 30.942528681625337 34.38926526913249 27.804447789950796 51.68096720725617 43.50027220274036 32.3986121342935 21.40132483850129 26.03171126033413 16.43145486295501 22.289090419891462 51.05387785540495 15.400800423276756 42.45412395919121 28.591255190665898 11.254912940238722 67.78705777723886 24.163543504754518 12.803518765415477 4.018167866564673 22.76181113851688 26.3015485872048 40.82978820508557 30.836092999851154 4.860147158094732 40.62029195940001 13.152702432538549 34.58639150808997 24.82724175297158 31.263001279328133 99.0803563480556 71.67313657793206 53.40377497737338 54.42142078223136 73.93390346269949 87.76369845851 55.15448836483297 27.864174803644925 30.094031292891668 58.563922620342055 84.69909916920095 50.18311230734979 16.05011257746434 19.79195439504038 54.04341584254062 90.7268381448166 59.7164139252582 35.99409239821623 37.681997646833274 62.762447923270244 104.2816931754547 78.64523783238081 62.37193426802943 63.1682339869438 80.52935015087942
13.176589477646127 48.825089904798624 9.633354687832858 46.78614905886757 29.576529949171416 5.0180099641738005 60.40757734997552 28.452263923146457 6.277257233858539 0.0 9.388311685286393 27.495698958329083 39.786078177291216 28.22829446515529 53.578650287255094 45.07085930863073 33.26652348585195 15.125465347339064 20.141562412273807 15.661118083488601 20.18772869837203 47.54961321075799 17.388708904771136 47.58986890022905 27.91439529403516 8.21172397396964 69.25677379479693 21.93669430742741 13.610855309440469 6.103768234575254 22.92082189710036 21.536083299721465 46.091595620406416 28.6992316014395 2.3508906044365596 42.15964347884014 18.77314967665651 32.83717793495912 19.791656526250232 24.995035698295357 101.92531750674237 75.84039079298452 59.24144896879493 60.51548191286058 78.80030267204464 88.98665091124225 57.48317908639094 32.93698656942183 35.499459995341866 61.8903514686131 83.87303675675045 49.27981606778273 14.736641902430673 20.017275625279698 54.58084277810525 87.96026202236695 55.89604934702294 30.10929808736727 32.918265316799776 60.46069312405409 100.12765877173088 73.42942267847037 56.15166102528952 57.52334148321864 76.54839941692391
19.565892739927286 45.80539038386537 1.8936978154423791 37.65890685304522 37.91499588075202 12.978657432125845 52.66731228561479 35.518934309627944 7.140403816799107 9.388311685286393 0.0 25.59180944281422 31.216286435723056 20.665921669095905 44.85036551593225 50.56372515106718 25.279580843582657 22.269164101706426 28.85556708744794 23.28319060097476 28.752264274518758 45.428172390662546 8.42626514488117 38.68755409472162 35.563209680649194 17.026037851841885 60.83290808265656 30.58776181589077 5.724707143560578 10.957592756798592 15.661267541972324 22.68885352669228 37.31654197258219 24.489404273291974 7.052983851317403 47.693913929941075 11.334422327013753 41.266486112044774 29.122362934970692 32.231636488071864 92.76169152400023 66.46567338648879 51.239089527180276 56.81555320372447 78.90103997561765 80.75754493157213 48.516709410356306 24.0999061044156 34.6782959536499 64.95542548524486 77.63904739220398 43.1792728533805 9.794457453125457 26.875026659368967 61.18379350420729 84.39716531947805 54.30883310723138 34.217685019627055 42.273908717347894 69.26867635344635 99.02978308619728 74.8919761577417 61.688729323829826 66.30966473851085 85.92569481138474
40.58987937211467 21.392580200897946 23.69812290836409 50.25757837428383 54.09165042956266 32.38182347165269 41.708703294058935 54.972019842665496 30.942528681625337 27.495698958329083 25.59180944281422 0.0 48.23362527709893 18.2736538704277 41.069302550065515 72.32684044936836 22.116163882564955 24.001564908730945 32.67329845756991 42.306167420069734 44.96858361592434 20.134849759850898 23.070565905942274 52.90141673098434 53.787118432958714 34.26300859590094 53.06805786246571 46.30228629433856 21.17448816139743 33.15891103434013 16.705544915830504 9.093822417280414 52.478158149727854 6.897519514749605 26.951253994172703 69.42089421325198 34.92730574173717 56.90452784629291 37.512176786216266 28.47161968328873 89.74049209023282 71.94866795884008 68.51736938516103 81.28599621250456 104.47468898130693 70.66553856350997 46.31377930447213 41.12344091347449 60.267172307248494 89.26337518217302 59.422961262491626 26.37923807484325 15.984111552731155 47.01033064527298 80.98951967446885 60.546258094318404 28.799096420423936 19.692020596532796 48.38401110771022 81.78690923137788 73.470359868565 50.45324336770399 45.69443458389376 63.444846412096 91.4184408011751
43.642650809357434 61.404603134415666 32.082253379180585 9.764069988799587 62.38588473058307 41.339902470786214 48.38812681248249 56.84994971898797 34.38926526913249 39.786078177291216 31.216286435723056 48.23362527709893 0.0 31.287305132919315 35.05549369172492 65.05928207836607 30.494428056470394 53.446857387861286 59.872533458267824 48.33015447212688 54.916278188255774 63.332625833724386 26.936866844934755 8.532774512076312 58.38990487316462 45.444761859278664 50.23666455369494 56.77150984560021 30.807558425287382 37.73455102283955 31.53013143230735 50.16208927999856 6.58378147023924 42.96363710822997 37.52548383392111 62.76793102951021 21.241927871800325 65.69797811619196 59.21333537296617 63.34590016683872 71.9792467347332 40.0584219182255 20.571545071749846 40.45424403913623 72.4206417321472 69.32249618215194 35.11013427824579 7.395128336403606 35.65820605643707 69.87975913795073 77.6073644904218 49.384572161708334 35.34966409749542 49.5498877503233 77.8178246939269 93.98311569791045 72.26998921262974 63.30760015756503 72.0245008867144 93.60545288971122 115.04441289320282 97.90254359873595 91.26494266560772 97.30550904204532 114.02686100997609
40.14569446524442 30.690285595113988 19.36819058676173 32.15877991792362 57.80246758488709 32.87739468730445 32.200384794839856 56.07105790868302 27.804447789950796 28.22829446515529 20.665921669095905 18.2736538704277 31.287305132919315 0.0 26.341662260290846 71.14154612836349 5.300561006087317 34.009515918676804 42.75726509318407 43.56528708331441 48.41393370614019 32.177084126043425 12.941060475271572 34.99745157017907 55.90922247543338 36.43935308944764 41.27287997695457 50.14792004704804 15.05543008318202 31.521827981515823 5.323566622983538 23.544277865035742 34.78549342726626 12.025097886699898 26.361480104468203 68.28827078329977 24.22173629648437 61.064283846186875 45.49319838373232 41.917122897901336 75.63926975273382 54.43270608444119 50.98378176589336 68.04835533156582 95.16626225320364 60.81343963506767 30.95913797681317 24.769080365252012 51.60805938899268 84.30967666499795 57.211316407965136 23.178259296766655 14.006507484855609 47.43402121706185 81.84524454544227 66.67761431549512 41.22176672275313 36.706875444422245 58.22702302478988 88.47716410228159 84.95007989420095 66.66639879801771 63.77365107699503 78.0033691791595 102.45364718735445
64.10564911239138 40.454331829696024 44.06960403618221 28.265224727038103 82.76527330223875 57.78350894886602 13.867565400357728 79.92174268353816 51.68096720725617 53.578650287255094 44.85036551593225 41.069302550065515 35.05549369172492 26.341662260290846 0.0 92.97260796996457 21.045922039563354 60.31164121493639 69.09489268462372 68.0849637940956 73.56578305346524 44.40819771846229 36.42728829352008 32.031560728572146 80.26299177927432 61.687807422675824 16.469970858324608 75.38035584031236 39.967795182665455 55.67169861343356 31.450757163660008 48.58877915102352 33.46824401349193 34.25021947319571 51.464784797994554 90.27249645853742 43.13825819398997 86.11553013734854 71.73179401761182 67.80995101552989 49.35666472144945 33.43441648665399 46.8451977242781 75.27228828901023 107.38805663743383 36.57247869325134 5.422664718361213 33.408356372771124 67.80623235669073 102.34307942048788 42.96279542522661 23.086739873030456 40.187526836517655 71.35769794809207 104.70744380059087 62.93503138280336 51.26995435674344 60.75525538785434 84.54937425620794 114.0210292340962 87.64972819597816 79.47400521416155 85.70000273090902 103.76701663564738 128.7844218869226
31.903534805078493 93.71939821955546 52.05873759097874 74.77873273053702 23.321367500462102 40.07186464293598 102.6185854929489 18.18499763648973 43.50027220274036 45.07085930863073 50.56372515106718 72.32684044936836 65.05928207836607 71.14154612836349 92.97260796996457 0.0 75.42163205813212 52.17887431565711 47.82709593731562 30.124898618095372 29.30474790176048 92.0737326198381 58.33044869786135 73.26934952041155 20.499606720021205 38.13732471910135 109.42909428175851 28.803017041761052 56.27894008249107 40.14040908476932 66.2245410623158 65.13464668879786 71.08069109886529 73.72109925435512 46.127768681741586 2.9112452211226136 49.84275943293862 23.02498452227877 41.40919137622547 56.88202369965276 136.72958482829557 104.95392236805101 75.69995103062293 53.29586913087113 48.42754446411004 129.5416344241743 95.49341223521333 62.06283254113012 31.29609013600148 22.404062240148928 128.19622820933358 93.67721289377269 59.25724228602292 25.343136557213985 12.96077301773307 132.87103870038635 99.92312509348965 68.6249153420425 42.76630868271632 36.65194929425315 142.97651876604533 112.90063872135985 86.28789399383743 67.37524917280606 63.46672261525957
44.84393594015559 30.94747850635407 24.142020966312877 29.77110120662742 62.802684934692074 37.80524002045466 27.38856050034427 60.79618048846179 32.3986121342935 33.26652348585195 25.279580843582657 22.116163882564955 30.494428056470394 5.300561006087317 21.045922039563354 75.42163205813212 0.0 39.281787849177185 48.049233645323895 48.42511052217058 53.44659840638549 33.1575712290102 17.117442778949133 32.951365739805176 60.75798926418725 41.473165586046036 36.06307700117784 55.20320891235778 19.850371738129933 36.225882693977354 10.524701952555185 28.318788188885847 33.064019625595414 15.357474948892675 31.31814692247923 72.59603804480534 27.20655660993597 66.08965282849822 50.781095096211956 47.04201532097831 70.36291708867012 49.90708447129866 49.24739625605715 68.95438328331088 97.35974469663127 55.720245711346706 25.719068152216416 24.75970377701058 54.40094829740471 87.75381017403095 53.46290073237306 20.427161366028457 19.264180436115684 52.15171074782489 86.39065794158363 64.89654907491118 41.9300181604722 41.2251995783885 63.527427571639414 93.6310703936816 84.64342589311501 68.43950774687181 67.80996939778964 83.10948642772703 107.75412090656226
23.43862496745708 44.10547794384604 21.38252545184092 59.334916920681074 31.340899719864268 17.133773302806926 64.08726360294614 34.02939432043076 21.40132483850129 15.125465347339064 22.269164101706426 24.001564908730945 53.446857387861286 34.009515918676804 60.31164121493639 52.17887431565711 39.281787849177185 0.0 8.959130402845567 22.831424795236646 23.0490956135443 41.48903225146282 27.775624377534967 60.68621439984307 32.12436876300337 15.954558269131775 74.53070346850504 23.95498145455832 23.466134586231455 20.362863441254365 29.144174210507124 15.05479684613095 59.4296379918924 28.631453841993743 16.86422461221051 49.380727028904175 33.21242608503363 33.79882260818463 13.572133163631799 10.010031382671384 109.64459216314977 86.68543480898312 73.49519879544576 75.38882879208865 91.43390175268235 93.25880184774941 64.96291357245302 46.23820648771647 49.50332232296077 71.81922921567114 83.42383413872844 49.98477604928102 20.791069828166954 27.584567174872557 59.02878214528345 82.51685858151053 48.47016106080213 16.86810557519683 24.790348273468137 57.78790235614672 90.80583833737592 61.42332397400856 41.16762621364842 44.850266854536926 68.72513146216188
23.500404134760547 52.06155602871741 28.381277707877828 66.49297485102011 25.357066919767384 19.94340334122857 73.04637086333763 29.807752095993745 26.03171126033413 20.141562412273807 28.85556708744794 32.67329845756991 59.872533458267824 42.75726509318407 69.09489268462372 47.82709593731562 48.049233645323895 8.959130402845567 0.0 21.14901004116702 18.789884080024066 49.080155267428125 35.46947452271491 67.52681552635052 27.328178084591986 16.944911187015112 83.45847667532327 19.041234791241337 31.166659605737106 23.71272318974051 37.76863602912083 23.603516277777107 66.10545506340391 37.555151924103036 22.356630327476992 45.19559605337652 38.9121227386982 27.246563507218763 6.4855526276910265 9.05938751799543 118.38269509348655 94.65397840298314 79.36641653174969 77.67509148595582 90.34683680458821 102.2179310693313 73.66268313966202 52.90259079295688 50.655553586166725 68.76113638519273 92.01202597196045 58.83974929378657 29.2038541516495 25.26776453806849 53.09331953546655 89.82036778434717 55.382886011624066 21.486813049871543 15.841580891137186 49.34654712590755 96.19243673630561 65.12800828665675 40.31328271567354 37.463245797184946 59.80517979638542
4.689646636658143 63.68311216292536 24.285991481319094 56.87000994951428 14.808157096319981 10.741872062832082 75.75268919980523 12.818520889596117 16.43145486295501 15.661118083488601 23.28319060097476 42.306167420069734 48.33015447212688 43.56528708331441 68.0849637940956 30.124898618095372 48.42511052217058 22.831424795236646 21.14901004116702 0.0 6.622943502863898 61.95413196897107 31.70015107911981 56.77325858841134 12.343944266073107 8.043625648037454 84.11599704851727 8.45001046035657 28.576039409075012 12.421328105389547 38.31957672134353 35.01834072264606 54.91334723613955 44.211525401415855 17.252014234777533 27.237875398212072 27.83231632959068 18.201703999380793 16.111601739794015 29.679706788232306 115.3995991911575 87.1578562084194 65.35063370511452 57.790204845293374 69.30728136819506 104.02914642675064 71.58508525383225 42.680467962084386 30.22676050860433 48.99518901996499 99.53145537521526 64.94065294229108 30.37960697742158 4.838073553218828 38.97111380732065 102.8127514962487 69.82217390273281 39.68188093118149 25.865208057258357 46.4565163291878 113.19840564315139 84.2492095221613 61.455497924172036 53.38937911207951 65.71812562919231
11.302962703961915 66.11048646825628 29.506155175529994 63.371262786887634 9.432011196133798 15.784430129178753 80.57854544900097 11.131384885479884 22.289090419891462 20.18772869837203 28.752264274518758 44.96858361592434 54.916278188255774 48.41393370614019 73.56578305346524 29.30474790176048 53.44659840638549 23.0490956135443 18.789884080024066 6.622943502863898 0.0 63.9595481052779 37.15235178201978 63.34138511526618 9.080745980470196 11.97613745223602 89.39114645095694 1.8876381329985115 33.68753595516076 18.29876007779893 43.10193698903969 36.91939052940563 61.49778933415433 47.72296738750565 22.15719111200557 26.582584355358136 34.2685936682769 12.650498648841129 12.648688303969626 27.820128549481378 121.35802767991764 93.56658586004772 71.94732086617068 63.189428356896656 72.13991003027704 109.16553076456017 77.26506083611162 49.16803623125418 35.49551507536399 49.97196251072137 103.36512555430453 68.90906860705469 34.748000144090774 7.825631863624304 36.192688991823715 105.02166335577108 71.34764578828904 39.32263933446893 19.922348967383716 40.52624621239732 113.80990772968582 83.6417983268095 58.60047432631242 47.61187447247996 59.11493403868853
60.54808797773373 4.737614913479035 43.5439599676217 62.80814420654368 72.71741483205048 52.36504835372848 38.434188138584446 74.40856008368655 51.05387785540495 47.54961321075799 45.428172390662546 20.134849759850898 63.332625833724386 32.177084126043425 44.40819771846229 92.0737326198381 33.1575712290102 41.48903225146282 49.080155267428125 61.95413196897107 63.9595481052779 0.0 41.51452319988826 66.08124416159256 72.963467109589 53.937391661481186 50.59406350356677 65.11191930554907 40.539349274273995 53.28239096221798 33.48223416188196 27.05925756472043 66.22085647999373 21.704017659177115 47.07944572076634 89.17978365844272 53.79990565216469 75.27279026050904 54.86009763577547 42.34542246443996 87.82560338193562 77.80953396226089 82.40174002708233 99.60173773957914 124.28073774940776 64.02933774324974 49.738346644482924 56.94608570145498 80.04134394703915 109.38548037937107 45.72734760562244 21.990238942172223 35.65103777086089 66.73281033489806 100.1518100266783 41.074977553446296 9.13454002177263 29.573287178844627 63.72261969244274 98.19072593221425 53.74262269513193 35.6866031271983 45.31697116448073 72.30872832692359 103.91490072266099
27.887188491319773 41.101837400117994 7.756350318685156 31.70094473466603 46.3396135348476 21.368208140504827 44.46388147825519 43.82526412363992 15.400800423276756 17.388708904771136 8.42626514488117 23.070565905942274 26.936866844934755 12.941060475271572 36.42728829352008 58.33044869786135 17.117442778949133 27.775624377534967 35.46947452271491 31.70015107911981 37.15235178201978 41.51452319988826 0.0 33.35885167198353 43.95647569694483 25.340027846763643 52.4195446854139 38.977967792308355 4.319750919370086 19.32940427532674 8.681334307344825 23.35085772770523 32.34126793254232 19.82121079654891 15.164465185937571 55.495833360309746 12.312661399063712 49.68824740872264 36.64061574643749 37.272040491613545 84.53663511412151 59.192341797454844 47.49562125321357 58.33305074526516 83.33346050673993 72.36990427799041 40.15255273675931 19.5422323902832 39.32451031925759 71.4547569189965 70.14795632209257 36.034270856725364 8.429388969864272 35.192236968846274 69.28770099778454 78.71758994343784 50.62089360837643 36.37745413919684 49.7894754605577 77.64980978971327 95.20766623303419 73.51308459694437 64.33211128680797 72.57989058642968 93.76477766630484
52.090596560632825 63.61461368363464 39.34108261536489 3.794421475632123 70.8989618053 49.46593640685792 45.85991624935058 65.38028948331932 42.45412395919121 47.58986890022905 38.68755409472162 52.90141673098434 8.532774512076312 34.99745157017907 32.031560728572146 73.26934952041155 32.951365739805176 60.68621439984307 67.52681552635052 56.77325858841134 63.34138511526618 66.08124416159256 33.35885167198353 0.0 66.92078038370562 53.61673804135248 45.72288172235093 65.20388231352956 37.49968064546688 45.93591059832886 36.39771824227544 55.96603789614995 2.224180411437824 47.01090347298889 45.28369429781832 71.03775114129398 29.3879440508654 74.21685969907209 67.21227676859468 70.44604077686554 64.31263803780651 31.69701658120285 16.3748686555456 43.891021877211834 77.32759723343155 63.888133478214286 30.83470090974255 14.65315761817362 43.28397328485177 76.98792584269846 74.98481251110309 49.77606496400345 41.56215156297047 58.06883419958054 86.08941764833035 93.59013262398842 74.73450990772183 69.32634150939228 80.13611478655919 102.13820425128405 116.14941636203238 101.35764262104713 97.2148426553551 104.9892788201332 122.43137187348682
16.17414915108973 75.02547383858673 36.61600459693584 67.42861693570661 5.002494738542338 23.064715838152157 88.09504986017144 3.175482798269185 28.591255190665898 27.91439529403516 35.563209680649194 53.787118432958714 58.38990487316462 55.90922247543338 80.26299177927432 20.499606720021205 60.75798926418725 32.12436876300337 27.328178084591986 12.343944266073107 9.080745980470196 72.963467109589 43.95647569694483 66.92078038370562 0.0 19.926254875023922 96.37124737045711 8.33117784654971 40.912622820023195 24.62767385779422 50.66149279556799 45.90694975148655 64.93076003217607 56.196683353442445 29.584362089862683 17.901530858468416 38.955790441659175 7.679114923556113 20.91402885133924 36.382425935253686 127.1146516423119 97.96949127986154 73.70679424000154 60.515663687652854 65.47047675193346 116.32000512957164 83.63250898277902 53.416134305888654 33.271671591195165 41.89938827680764 111.69946620462814 77.13956699314612 42.65101202914047 9.086189744669912 27.218795836628733 114.00647603963627 80.41411573352416 48.27242989799442 24.26662350957756 35.24705085930969 122.85125642498645 92.42358198769686 66.23148708216088 51.243588167628886 57.09645216514964
7.491881030982992 55.63965552278443 17.62479098704103 53.212117718101474 21.370818909264514 4.217554032764431 68.61271463677754 20.77674806639608 11.254912940238722 8.21172397396964 17.026037851841885 34.26300859590094 45.444761859278664 36.43935308944764 61.687807422675824 38.13732471910135 41.473165586046036 15.954558269131775 16.944911187015112 8.043625648037454 11.97613745223602 53.937391661481186 25.340027846763643 53.61673804135248 19.926254875023922 0.0 77.4407179508646 13.734505029321705 21.7488698706587 7.71812699833492 31.12969224537671 27.065043769641083 51.9409988609885 36.298199649581136 10.224341727429131 35.24240238182789 24.233868696431596 24.62547476744602 14.140943265733707 24.266033150689598 109.78712416504987 82.89763933991667 63.91876886081556 60.77815271961224 75.47942179415125 97.19318044241409 65.49258052754301 39.07526489261566 34.048626872015674 56.44976616917046 91.77493661956879 57.225981846636884 22.84384148140203 12.795439714304782 46.90905616059327 94.7715424953447 61.87634093207611 32.71943198913023 26.59481631622969 52.334029491241104 105.46801002526291 77.14176555817713 56.32943382079407 52.820076708881714 69.29443094875927
80.25888989346114 45.99381136323844 59.91375502697162 42.18441591794111 98.68527685299722 73.65488944546847 12.189747116796688 96.14318136918153 67.78705777723886 69.25677379479693 60.83290808265656 53.06805786246571 50.23666455369494 41.27287997695457 16.469970858324608 109.42909428175851 36.06307700117784 74.53070346850504 83.45847667532327 84.11599704851727 89.39114645095694 50.59406350356677 52.4195446854139 45.72288172235093 96.37124737045711 77.4407179508646 0.0 91.1735607286528 55.70378664291494 71.74421555702452 46.572530232795735 61.500366966382884 47.506125201800764 46.732701310067775 67.23411458524578 106.72079581735609 59.603060943160514 102.00581967081109 86.65782723060323 81.12156085336545 37.409523063677184 34.85108222955685 58.51972477078266 89.6066581201057 122.59275226657874 20.113988437031484 15.126858269739433 49.4765131468102 84.03501095972598 118.61996030435925 31.99214995314391 29.018461028107613 55.276456069117 87.54281354696762 121.10674590771097 57.063233272669265 55.26581813350513 72.437608543425 99.17107452727886 129.68190053221736 84.27686704531327 82.85779572594767 94.98927035499185 116.51279683457653 143.25580385310735
13.139033685307375 67.35607382535567 31.31298623618571 65.24863123148754 7.848864001935226 17.611776756983176 82.29172956017244 10.79335944454995 24.163543504754518 21.93669430742741 30.58776181589077 46.30228629433856 56.77150984560021 50.14792004704804 75.38035584031236 28.803017041761052 55.20320891235778 23.95498145455832 19.041234791241337 8.45001046035657 1.8876381329985115 65.11191930554907 38.977967792308355 65.20388231352956 8.33117784654971 13.734505029321705 91.1735607286528 0.0 35.474858308871724 20.177885719874617 44.83095052238686 38.11450433682147 63.35392089502045 49.222930002610404 23.94375272779985 26.154984546590207 36.15138343090322 10.953414348017743 12.692393872208191 28.10061726115501 123.22421011136383 95.45261483579168 73.70868492124961 64.41670297381911 72.53155070459545 110.92333725923996 79.10413770880055 51.046746777035686 36.72742859606924 49.86848270463906 104.88585020243889 70.4733938059328 36.42539923357483 9.053894032067802 35.09970224947001 106.1858989368625 72.37665246615282 39.9519971654646 18.67597117112829 38.68164018390294 114.57391368495493 84.10166900281467 58.42783516091561 46.36103187169116 57.26858469908205
25.090272944234762 40.61902973345763 4.313423818792426 35.94352747162812 42.99697920467042 17.972360057035935 47.18991993342895 41.01932878282489 12.803518765415477 13.610855309440469 5.724707143560578 21.17448816139743 30.807558425287382 15.05543008318202 39.967795182665455 56.27894008249107 19.850371738129933 23.466134586231455 31.166659605737106 28.576039409075012 33.68753595516076 40.539349274273995 4.319750919370086 37.49968064546688 40.912622820023195 21.7488698706587 55.70378664291494 35.474858308871724 0.0 16.466944088796787 9.9582923731014 20.04121945593907 36.406443678202756 19.192500736874866 11.5314490388871 53.40583901003345 13.845534093617403 46.30638245172928 32.485285415574346 33.01602310230572 88.4565942831053 63.48793041970858 51.29978918228281 60.22808527907914 83.77337863058695 75.51659635182298 43.91348189325505 23.428086062376398 39.549972166612335 70.52920769003264 71.91930639301069 37.455249817814234 5.315903962450472 32.380177889057585 66.80978217654744 78.9524560145394 49.54041766157759 32.708548908399 45.610074324010256 74.06444562893435 94.26561784326545 71.29099056645167 60.61011725206948 68.26089393250257 89.6676938295505
8.625937641065976 54.345822632952284 12.15645187404373 45.6115448966433 27.18676415398569 3.8048199347621265 63.60847494441768 24.571935874447668 4.018167866564673 6.103768234575254 10.957592756798592 33.15891103434013 37.73455102283955 31.521827981515823 55.67169861343356 40.14040908476932 36.225882693977354 20.362863441254365 23.71272318974051 12.421328105389547 18.29876007779893 53.28239096221798 19.32940427532674 45.93591059832886 24.62767385779422 7.71812699833492 71.74421555702452 20.177885719874617 16.466944088796787 0.0 26.385103382933508 27.594257382655 44.24102222247889 33.71628940872651 6.212995143722726 37.24157567328791 16.548281335350566 30.56822384379589 21.736352826361898 29.851853548107083 103.08872988016226 75.49478569344419 56.27111665526808 55.029209860510996 72.69655268097671 91.69743264980963 59.16913572612546 31.438768574885756 29.50674152897534 56.10473688601135 88.16990963180062 53.59413423173845 19.12024447622003 15.927665831071561 50.3651823588215 93.40162729094446 61.75380614120695 36.02828313506628 34.312939530983336 58.749931691338055 106.10446655032973 79.52695529824626 61.52806485254118 60.346137076668086 76.76195089910725
34.99362257808023 32.716572803012625 14.239910753346098 33.96122324265207 52.49733084548731 27.609090018892925 37.48939924100351 50.8858057296631 22.76181113851688 22.92082189710036 15.661267541972324 16.705544915830504 31.53013143230735 5.323566622983538 31.450757163660008 66.2245410623158 10.524701952555185 29.144174210507124 37.76863602912083 38.31957672134353 43.10193698903969 33.48223416188196 8.681334307344825 36.39771824227544 50.66149279556799 31.12969224537671 46.572530232795735 44.83095052238686 9.9582923731014 26.385103382933508 0.0 20.06661140675575 35.86605104893517 11.914501760785617 21.08780709029248 63.3551718875928 20.80662964169231 55.752411159167394 40.290565896862844 37.47488104814237 80.63267831887836 58.28300828269833 51.836202036320934 66.12017222033126 91.93239392242482 66.13693145414904 35.90139092517078 24.465684908990248 47.990345959952656 80.01512714513372 61.98623760048416 27.60422080860076 8.749076973543687 42.26054514773379 76.74773606645903 70.04469310175742 42.61676487960005 33.4806163499554 53.108832589059595 83.15634631133639 86.98234925057179 66.719085757945 61.08785220330016 73.53092498378547 97.3480874473484
33.99721622183311 29.271938651199385 20.929289009727558 53.78802602718639 45.79543032493079 25.983586836254744 50.420549755035225 47.36490239602834 26.3015485872048 21.536083299721465 22.68885352669228 9.093822417280414 50.16208927999856 23.544277865035742 48.58877915102352 65.13464668879786 28.318788188885847 15.05479684613095 23.603516277777107 35.01834072264606 36.91939052940563 27.05925756472043 23.35085772770523 55.96603789614995 45.90694975148655 27.065043769641083 61.500366966382884 38.11450433682147 20.04121945593907 27.594257382655 20.06661140675575 0.0 55.20140961650009 14.769940380832535 21.681994071417673 62.25330515468419 33.53663537178714 48.46889449394424 28.622939139054704 19.64790932850272 97.72925098494356 77.9715507034851 70.73100466784042 79.50436092296653 100.16869706235943 79.4975195452533 53.64779941757131 42.79177077341102 56.3826516310398 83.19669259616072 68.42674540873396 35.43289408739032 14.953615290560933 39.83191393625202 73.10541878719691 68.10427067103619 34.81187327771652 13.431021546881201 39.29082767944368 72.81481251013841 78.66240981899475 52.4139150958963 41.24904022349356 55.2319580488882 82.42861218594282
50.22607551142612 63.893558851921306 38.05196664811496 5.323054154605355 68.95481123622785 47.81372926689341 47.237169420923976 63.34989406781841 40.82978820508557 46.091595620406416 37.31654197258219 52.478158149727854 6.58378147023924 34.78549342726626 33.46824401349193 71.08069109886529 33.064019625595414 59.4296379918924 66.10545506340391 54.91334723613955 61.49778933415433 66.22085647999373 32.34126793254232 2.224180411437824 64.93076003217607 51.9409988609885 47.506125201800764 63.35392089502045 36.406443678202756 44.24102222247889 35.86605104893517 55.20140961650009 0.0 46.75205869169648 43.80343310504297 68.86031123146215 27.710715386080434 72.26143560605374 65.6315704095422 69.24916313155144 66.534446470877 33.875603308209534 16.221284627940893 42.11357612082062 75.35798667384036 65.85382154651279 32.53117290099879 13.216655902608313 41.06012860557353 74.77994192191193 76.4274215411671 50.48650047616043 40.63797488747139 56.11439727549014 83.91083640249319 94.55168683502731 74.96198798328686 68.507957299419 78.49931972308066 100.12846044964981 116.76112773595594 101.33775207797572 96.43749664109524 103.56501937656937 120.60641539260894
41.824809469331825 21.43691382402071 22.669670235534156 44.18134599077453 57.07177705179929 33.71712645613636 35.71085332152475 57.02745262187032 30.836092999851154 28.6992316014395 24.489404273291974 6.897519514749605 42.96363710822997 12.025097886699898 34.25021947319571 73.72109925435512 15.357474948892675 28.631453841993743 37.555151924103036 44.211525401415855 47.72296738750565 21.704017659177115 19.82121079654891 47.01090347298889 56.196683353442445 36.298199649581136 46.732701310067775 49.222930002610404 19.192500736874866 33.71628940872651 11.914501760785617 14.769940380832535 46.75205869169648 0.0 27.61108673962048 70.8115471374436 32.123587224964524 60.074167748242026 41.74953149146006 34.40946171972409 83.11898233831523 65.08820810340404 62.92030253570503 77.95020292711541 102.89938691820042 64.84367481697866 39.46184025641038 36.11930138044116 58.70948348598302 89.35231050676671 55.66955011621653 21.489149921957313 14.809529559058811 48.700252713103644 83.18029159623708 59.933448632627005 30.824953166134236 26.517569757112216 53.39503319046844 85.9867543767298 75.38854286752711 54.976280282404105 52.49908724606566 69.89077692917395 96.9953143554257
