0.0 20.5770290020685 19.994590612388553 67.52226266149374 68.3916987466936 14.894141501726923 54.28306775706202 21.405602374414983 26.33708378119458 58.22209962629937 32.87023482628174 44.748809460157915 33.82064725280575 45.18073827883121 38.71241311816164 23.219394449146893 72.19902608919544 17.384780866994614 31.189983111778808 31.928455951157662 12.471549470807112 14.713671568451227 62.314474932687475 58.78934360808023 44.61799754705456 22.212866045595366 38.464002446659485 20.652100037521894 43.984847693117175 43.590494414119185 13.339759124044921 23.302037150990632 28.933975695204797 32.93607580145114 22.578327681124584 16.458240887875643 65.19791212203704 17.793585858569084 37.775714465675144 25.569025035351856 107.40148096492507 85.5634944071741 74.17474523537001 77.9578211731667 95.11939196908278 90.19597075539633 62.869547027343756 46.5259069809537 52.64554465635493 75.98197153581295 79.52639093568354 46.458042906309544 19.674877403385583 31.791508391799628 63.47556510665276 78.11902984087114 44.02867172608801 13.012204772086529 28.19509603663343 61.76942476989914 86.42762135501836 57.385669855459994 38.87573241180965 46.0907380171788 71.63948482387035
20.5770290020685 0.0 8.626462217593618 53.253055660433745 66.33391711646004 25.349566133819227 37.24878977681549 41.84158446989367 13.036948308863488 43.35461987185506 44.13215486972689 33.575073051375576 22.477077220386587 41.69272070333637 23.67783882762522 14.71145206195147 58.96615150574768 20.6958487406927 18.753479581802303 14.582714044145275 21.646461930485206 32.013341306284616 49.90718109286235 41.354263655683944 46.50647905207597 21.348354345143566 23.610882685784922 41.19506935417331 35.37804989260347 35.891127596853885 24.450924423226937 12.19121281626943 21.94956742499157 47.024785716486186 5.017964878280888 5.786919309975452 50.89172361891512 20.28536838367114 22.89714052063722 5.6558725674876635 102.29089231169023 75.3749295038623 57.39450136237348 57.46018637351667 75.52491437955537 90.2039114234414 58.104039630172956 31.784482989913116 32.23767127437872 58.84829387600897 85.9962829238682 51.395595006284964 16.807977136735918 17.84274095702433 52.431604155712876 90.77066820097524 58.97207362519451 33.3306902252116 33.749111628772496 59.681725361938625 103.28871147620572 76.71131764866182 59.12263603492484 59.17041007859668 76.82174345095079
19.994590612388553 8.626462217593618 0.0 48.47570154121079 57.959607208949315 19.295218847083746 44.81304670905986 41.041682122839084 6.604372539929664 38.855024357557724 36.847631981864325 42.1918026129702 15.558445374142183 33.30343326000651 32.06315930294061 6.215911553038786 67.27430199686465 13.300804119674439 27.37866954817483 12.05866356174851 15.992381503184662 27.718597218717484 44.13223023130388 38.80934120742477 37.88709993415053 12.940481417511721 18.803581609627265 40.03916486651929 27.907937809249162 28.180564926150367 18.799730784762417 4.2264919498672775 13.61585264208817 40.48920118757474 13.643727948229238 12.094615725264337 59.063544430405365 26.26013612101559 31.32221654589454 8.961606573806256 94.53545861492125 68.89742508430325 54.3282179406646 59.59071387907872 80.90333077780276 81.70709110810678 50.067170292822496 27.059854525963566 36.77759229590762 66.08924455162075 77.48629997680003 42.906552981176446 8.524800189038002 26.442890778164458 60.997008550048804 83.19390123900743 52.437063422806006 31.19138818455797 39.887296638077395 67.85224262278932 97.09424208320053 72.33733064639135 58.5907446086105 63.46534245649826 83.77119088711704
67.52226266149374 53.253055660433745 48.47570154121079 0.0 42.19808229667525 59.137618342064464 68.00657415169009 86.72026397138738 41.87785535718782 9.944759715730848 64.04815402598928 77.39755797590387 33.70909518498612 34.536654585767764 65.80766433541324 44.30591541155439 92.47381608213297 52.458264213315815 66.62174911059662 38.70401792854255 58.22876499504205 69.12108026732332 8.122034951402998 16.856340643470364 46.07622798012602 47.31957866922422 29.837492608838463 85.30570756212947 26.532864306401525 27.96889485741657 59.87044818614958 44.55912892399839 39.31074020384684 70.7957461446864 56.374567462387716 58.86227526041094 83.94660856283379 73.5295083732017 65.68673283448227 48.05886196563767 60.31302569144404 26.54322652120745 12.894867587961532 44.97627458927102 79.21051616789548 62.77611807888942 31.700774103813572 21.537971541908625 48.14225191213086 81.03280620674455 76.42437648053986 53.73396864765481 48.25768066520822 64.5374185287605 91.63058074323416 96.62859592782043 79.69715163262637 75.90078411745972 86.97680556048824 108.46079016839096 120.12427753131043 106.7596853727542 103.73072286497114 111.88002229773141 129.10793928725556
68.3916987466936 66.33391711646004 57.959607208949315 42.19808229667525 0.0 54.073516936959315 96.42508330415127 79.48405499642497 53.76598172976874 43.72927220672428 44.84931274227793 99.04009443305577 45.238787816515604 24.656760031520417 87.82567614311952 51.744030015800135 121.13886842118218 51.369818760034526 84.77923383893845 56.50346173110405 55.92939127827662 60.89136250240532 35.05080646802695 53.765981729768704 24.596604906057458 47.41699906390651 48.56932450112263 77.6335992641873 32.93848200790675 31.70225875834714 55.54530408048717 54.14284725719168 44.39214791798319 51.12364270934013 71.20988338123979 69.858691978364 112.44212444151502 82.63731521140018 87.28585229821235 63.83138893949543 39.82324679613823 33.251440904731545 54.956896217061185 85.61365162012115 118.46505403351354 24.33355617457101 11.000177730846332 45.2188021335438 79.77048592646234 114.35372746769339 34.78999254749333 27.084227063231094 51.49377876118504 83.45361147189331 116.92836869159676 58.65595178531724 54.25198326560856 69.57609675121357 95.56771071571997 125.77893290538186 85.33771929610091 82.15865598355369 92.80240646845935 113.4427256909695 139.7173605716519
14.894141501726923 25.349566133819227 19.295218847083746 59.137618342064464 54.073516936959315 0.0 62.50983420263024 28.051174898189952 23.043671691983022 50.80707838035218 19.460884547619248 56.261900695799284 26.66780515550091 31.968401369142388 48.11623355148269 18.069878724983784 83.098072448757 7.219008872917885 41.60975905210261 30.0532427855563 3.7710169039916894 10.060183705403118 52.80568972339863 53.81424468532766 29.920591150166455 11.93548756159508 33.067082883412056 26.475513975519267 33.407933040655976 32.532232540043346 1.5546594298178198 19.992978140377765 20.114566340174477 21.680586602967168 29.52184752398384 24.45961160865035 75.42668333820879 31.798099569744934 47.243262449862435 28.0036572034426 93.49613599860517 73.96632539582258 67.78843265220108 78.1939279873441 100.14026966789194 75.40879527577118 49.43714126766133 39.95496201661711 56.06773193462663 84.17603970180157 65.00923993214593 31.577770663085097 12.765644373189186 41.51649678398089 75.35999659543677 66.03601647468741 33.62252501089928 17.176788282962377 43.06343082844305 76.21499357096951 78.03935741179342 53.32897019291758 44.63891280178077 59.46513035749661 86.45453509316808
54.28306775706202 37.24878977681549 44.81304670905986 68.00657415169009 96.42508330415127 62.50983420263024 0.0 72.5583402216909 45.4284275930644 59.412298487322396 81.36132962683585 17.925186310550227 51.940279655267084 73.26723491575633 15.872165092767915 49.646379091187036 24.955354768508467 57.82670712925541 23.81202988929359 40.587256681329755 58.763499936016125 68.06355241112973 69.13948649836911 51.24355013159743 80.99607012036249 57.62165998801506 47.85577155467868 72.61194534459013 63.50213174525627 64.83676013836721 61.51249617452514 46.73333547957805 55.27719758047359 84.18101964103987 33.02722575498121 38.596406389669184 16.23238112983334 41.212399679095164 16.809462928464438 36.07547448247395 126.642118319032 94.37514108804643 64.57501233937546 42.75536251144194 43.36973219489677 120.73719948586205 86.3675267719383 52.30754890348402 20.190624422851446 21.773713685257185 121.19116345167772 86.99520771950405 53.32807696846472 22.681511853980865 24.080442827204724 127.93631268577032 96.08907557278276 67.03236794980299 46.35066160186062 46.88546554317777 140.0663445271005 111.59787910755638 87.66041327325034 72.86539079441346 73.00094509506009
21.405602374414983 41.84158446989367 41.041682122839084 86.72026397138738 79.48405499642497 28.051174898189952 72.5583402216909 0.0 47.0465463340174 77.92840102972674 36.05900376526133 59.762730805093895 53.33681414337555 59.46225714505099 56.687986607664996 43.17986877149924 86.83344367318435 34.29450557501273 48.74734348790015 53.09051124509087 28.498564714455853 18.94763110233042 80.69968704460439 79.51609709240844 54.91680496522581 39.4827988061059 58.82308090543587 1.89497487024838 61.41485786113444 60.57866512748564 27.074064583780913 43.88107151050951 47.40955895938844 31.909071419115183 43.2015980333834 37.1752223807835 80.99976713407376 31.635681832497202 55.75317233437459 46.961181223317745 119.30690035245978 101.8892062877404 94.46355612725817 99.29751109174622 114.8534160343167 98.24949218493092 76.43504828730931 66.53148166927143 73.52092936766233 93.69623050995189 81.62723939528357 53.66398873451098 38.619507955153374 49.979339082221216 76.80642881817128 72.55644612569999 38.65360882331834 10.89115645887356 33.73403794772016 67.47003451002341 73.87379540143341 41.051546008751885 17.549065621686708 36.4082198212182 68.83310053104528
26.33708378119458 13.036948308863488 6.604372539929664 41.87785535718782 53.76598172976874 23.043671691983022 45.4284275930644 47.0465463340174 0.0 32.25176237616276 38.40646162452234 45.34869080953672 9.47407353457758 29.277838664508746 34.419466745778124 5.170471868435525 69.00785621057003 16.07210507953125 31.02544616223499 7.059605257725703 20.34083022106701 32.39962748886769 37.667131969523886 32.510004638338025 35.65398966334836 13.419707632690626 12.219152753695502 45.9403968291098 22.34188113377439 22.890975334344184 22.934117505183167 3.2061733994886534 9.9582923731014 42.9365877701488 17.625514611528043 17.833322938360045 60.54048792968613 32.40613235090458 33.80010594473229 10.132910426295066 89.26226477280031 62.69966610047019 47.84928988245968 55.16041291107847 78.6803530722719 77.85662226270061 45.19579273240651 20.457582062445297 34.48496164518474 65.99060105907819 75.79890674248482 41.585872520264765 10.399439874452924 29.694526981755253 63.641453017390106 83.78085635056429 54.69407130565343 36.857556322353496 46.047214437511016 72.64324424190593 99.41254286951792 76.34629799726703 64.57115489919683 70.03487818577399 89.63876153617902
58.22209962629937 43.35461987185506 38.855024357557724 9.944759715730848 43.72927220672428 50.80707838035218 59.412298487322396 77.92840102972674 32.25176237616276 0.0 57.86375145234088 67.89058160307103 24.60415546431058 30.204936262298645 56.236583496879184 35.03848496098128 84.16287362222951 43.88330796652965 56.78194111793752 28.78774764198788 49.555283164180345 60.862257233846314 10.037119637708937 10.13385019504666 42.038814023841255 38.87701185242342 20.08982199105904 76.58916272518711 20.10279781412311 21.859662280157007 51.40424696149793 35.05104126528025 30.717331494495966 64.3714238431782 46.43123427160447 48.99311906965019 75.53251069380647 63.638456881509725 56.07533189821449 38.12561007332897 67.53229733412151 35.09598133955042 17.253795963125327 41.93456676929911 74.9277728955088 66.32573312336504 32.73687199611222 11.796383729633943 40.018227314502944 73.88243588939147 76.36636333217581 49.91256496687147 39.31324349316636 54.72314287397337 82.69545270024749 94.12058786136376 74.09676521656759 67.2067106769812 77.0578944275022 98.76164242791745 116.10133843803601 100.34306322460671 95.14523841946252 102.1331432918905 119.18228907533589
32.87023482628174 44.13215486972689 36.847631981864325 64.04815402598928 44.84931274227793 19.460884547619248 81.36132962683585 36.05900376526133 38.40646162452234 57.86375145234088 0.0 75.72273026950353 37.72617352593946 30.324911004287703 67.38872860252702 33.31233190228467 102.49365242254427 23.590423036972528 61.04448560232479 45.252395332317505 23.18302627027459 19.74516246668126 56.4119569054914 63.69646915483928 21.403812013284348 24.986754148588048 44.793426091072 34.16405171348694 37.85656061472999 36.22808880256295 20.78058686779098 36.00220843284365 31.08874970245658 6.934239151164431 48.618034773073205 43.840704629854066 94.72792435278384 50.56482307008318 66.53337381483364 45.80630569768658 84.393314993059 71.94863585410366 75.00490444972701 92.03053887604914 117.08227611977652 62.22398302318918 44.22702645238408 49.34626368446863 72.86216902817385 102.84724437441093 47.16384447654301 17.99314209189363 28.59944367057555 60.88475403225691 94.81997916115489 46.69194827327765 16.729299032285997 27.828974087950254 60.53003462386205 94.59476372583899 61.147003293713716 42.71277595998767 48.00653180399742 71.97008829063586 102.22319094702853
44.748809460157915 33.575073051375576 42.1918026129702 77.39755797590387 99.04009443305577 56.261900695799284 17.925186310550227 59.762730805093895 45.34869080953672 67.89058160307103 75.72273026950353 0.0 53.89757125791862 74.62627959208142 11.722879226662428 48.14575597346488 27.506056197941554 53.406019487556335 14.9374385596521 42.98177007410367 52.5513836997349 59.41391582924918 76.76968639541641 61.50984711060427 80.07883877195383 54.82714893216799 52.007874433631855 60.17924238455085 66.70430727423432 67.63046309394163 54.96850866304347 45.42866620526255 55.08461914856888 77.1516553110976 28.560178649677862 32.10485241662687 21.248024724733625 28.39219527390584 12.03476812209577 35.2308147699672 132.88633083971433 102.76172395724663 76.52422250432937 59.554437993496144 60.268526418225 123.19646179836704 90.00771542697582 58.48287317626604 33.67404128025648 35.24872537207071 119.4437289366626 84.8481050679604 50.2638220399555 15.76569058499142 19.118486192627948 122.17666614696682 88.61975040054924 56.3438046112644 29.843428462929865 31.646135220428132 130.98981026415566 100.3201317719338 73.24429360619776 55.31838317406236 56.1277093186155
33.82064725280575 22.477077220386587 15.558445374142183 33.70909518498612 45.238787816515604 26.66780515550091 51.940279655267084 53.33681414337555 9.47407353457758 24.60415546431058 37.72617352593946 53.89757125791862 0.0 21.348442994839704 42.593044644728195 10.630213209397402 76.27119702743232 19.540949371311033 39.99028212977271 11.398077950732958 25.068578958008366 36.69511500910744 28.736879173126727 27.228973588695194 29.78306040868943 14.846486675634772 7.068273970877342 52.01975585352577 12.99554183805036 13.752439637879169 27.095452631196487 11.36287132569838 6.882124396655814 43.3513562354794 26.914442262188928 27.27553681434042 67.64534004802773 41.75753640384743 42.0664528426484 18.905990419484894 79.9063279955011 53.34754683768224 41.2519237422545 54.335095754182746 81.22625811721693 69.5129781294365 36.156000742617614 13.315765033797806 37.97648949900022 71.42806772098848 69.80031918189873 36.700397447638245 14.717471323838277 38.48556776250612 71.69744810148548 80.65426371088343 54.45132532274263 42.6567936455196 55.39924096310791 81.93514749165276 98.64602325822916 78.49360872321638 70.61311257256416 78.77774480254841 99.09798603495537
45.18073827883121 41.69272070333637 33.30343326000651 34.536654585767764 24.656760031520417 31.968401369142388 73.26723491575633 59.46225714505099 29.277838664508746 30.204936262298645 30.324911004287703 74.62627959208142 21.348442994839704 0.0 63.596908082298896 27.08765611155648 97.60949842637235 27.806410087420065 60.215813850305764 32.74414301607272 33.00061918903503 40.53724035903325 26.57977397367695 38.36216227623759 11.835361693512537 23.318662141097636 26.094994178863846 57.74059767900125 11.455685712752288 9.605347713963402 33.26640689332584 29.502807155762373 19.743767864613744 37.24310043125704 46.59199269065084 45.23129821004616 88.99171883346024 58.29964436712411 63.011826849665084 39.40005202981201 62.34429376567994 42.71988422829423 46.454145599282015 69.89855770811687 100.04224450972514 48.58775325488627 17.69049482362624 25.690244808585014 58.32559455340028 92.40461304538162 49.3651602700972 19.70796739024417 27.10606316447734 58.956959668401815 92.80063188213704 64.150249172441 45.29166928537376 48.80812738920743 71.46991287612592 101.13595180495788 85.99814134037238 72.81244711389223 74.84903501663449 91.09257422163162 115.70691231831276
38.71241311816164 23.67783882762522 32.06315930294061 65.80766433541324 87.82567614311952 48.11623355148269 15.872165092767915 56.687986607664996 34.419466745778124 56.236583496879184 67.38872860252702 11.722879226662428 42.593044644728195 63.596908082298896 0.0 37.70439018271039 35.292760709226144 44.25783019665551 7.95034317903465 31.48849986690315 44.345467586823915 52.82756650523456 65.05472318132956 50.136654009728765 69.73328175761692 44.96803989897274 40.37427460660473 56.74142953381244 55.266045407128935 56.264922047162194 46.98275871155892 34.876241002336734 44.31619334294385 69.61454922793405 18.865526896411545 23.703865337204014 27.340412815292847 25.44797471965148 0.9432217120715755 24.311835996515597 121.22100688290985 91.0561704325268 65.44251271296756 51.66257253371204 58.737747373414955 112.06754030904656 78.58412083760516 46.76150029603331 24.34451021694013 37.32982522451035 109.53950783056709 74.96923362081007 40.45642478352236 6.921901869797279 29.22254690110495 114.07837305698517 81.40039273981652 51.31283854229347 32.168705030157355 42.79577655161523 124.91593029766186 95.87658749444223 71.94050100662965 59.6098700836046 65.77250800739341
23.219394449146893 14.71145206195147 6.215911553038786 44.30591541155439 51.744030015800135 18.069878724983784 49.646379091187036 43.17986877149924 5.170471868435525 35.03848496098128 33.31233190228467 48.14575597346488 10.630213209397402 27.08765611155648 37.70439018271039 0.0 72.72239392525874 10.983293630378324 33.4300809825293 12.212655755063961 15.622130807804954 27.66370025697315 39.31509576520066 36.45256640531501 32.03346962504005 8.355976125236838 15.659610260422458 41.960510752476125 22.11193515653992 22.23123701544824 18.082369988602284 2.913182932852778 7.423307147459206 37.76889442934431 19.695993852919226 18.23798416685488 64.38022706452868 32.0572292479203 37.00890005041506 13.644126350033567 88.4565942831053 63.48793041970858 51.29978918228281 60.22808527907914 83.77337863058695 75.51659635182298 43.91348189325505 23.428086062376398 39.549972166612335 70.52920769003264 71.91930639301069 37.455249817814234 5.315903962450472 32.380177889057585 66.80978217654744 78.9524560145394 49.54041766157759 32.708548908399 45.610074324010256 74.06444562893435 94.26561784326545 71.29099056645167 60.61011725206948 68.26089393250257 89.6676938295505
72.19902608919544 58.96615150574768 67.27430199686465 92.47381608213297 121.13886842118218 83.098072448757 24.955354768508467 86.83344367318435 69.00785621057003 84.16287362222951 102.49365242254427 27.506056197941554 76.27119702743232 97.60949842637235 35.292760709226144 72.72239392525874 0.0 79.53284976273967 41.52146063404485 64.87373315939516 79.34132169842309 86.81804810246877 93.97554071985215 75.62637274638963 104.62870956229493 80.2076592547219 72.60985947449657 87.36496338940835 88.20153727126228 89.46671530532308 81.8839652886822 69.84273733520081 78.96477306875212 104.32419795943899 54.1473253158116 58.654406478726784 8.732271265336966 55.80448215277736 36.09563989508875 59.11937348331869 151.53228583631184 118.9615600205494 87.9572960606832 60.95845434951216 45.71864437235755 145.4701673125297 111.21134437069543 77.26062878621823 44.33164230487165 18.87411889339205 144.64166218853674 110.13544674785435 75.71839585309009 41.61234145565407 11.169203328297183 149.13406743818157 115.91991653690889 83.83741241910116 54.9074137613855 37.35992700048013 158.49533911311522 127.63510056239673 99.27456121826276 76.25569719205714 64.5693227958092
17.384780866994614 20.6958487406927 13.300804119674439 52.458264213315815 51.369818760034526 7.219008872917885 57.82670712925541 34.29450557501273 16.07210507953125 43.88330796652965 23.590423036972528 53.406019487556335 19.540949371311033 27.806410087420065 44.25783019665551 10.983293630378324 79.53284976273967 0.0 38.491436778848794 23.128033892782383 5.816457282613095 17.166598782788324 46.434421237106925 46.62242415549672 28.407627343571594 5.212958951737195 25.853924230892847 32.85124687754938 27.340689404189565 26.703305879114428 7.55546483562595 13.160198894248204 13.182537770697168 27.265216791809326 25.392304585101208 21.33919794236055 71.55237025767399 31.723885898269423 43.44037150764891 22.25889532477108 90.08898725084622 68.60117595100967 60.75359264523669 71.20855746982917 94.04839314825203 73.86094009098849 45.49690211278912 32.853174830574616 49.83500230854768 79.26258371705694 66.24738966841996 31.828330130378735 5.67648965571685 38.02967848474496 72.49237429831626 70.11362967570106 39.18424946482186 23.446397040679237 44.25952384072835 75.9139062045315 83.88695749123114 60.307765558525745 51.301406824933814 63.4148634336835 88.35076837380387
31.189983111778808 18.753479581802303 27.37866954817483 66.62174911059662 84.77923383893845 41.60975905210261 23.81202988929359 48.74734348790015 31.02544616223499 56.78194111793752 61.04448560232479 14.9374385596521 39.99028212977271 60.215813850305764 7.95034317903465 33.4300809825293 41.52146063404485 38.491436778848794 0.0 29.69213322331802 37.86528671684082 45.56213347260969 64.89672405095762 51.929272374650886 65.23799919445608 39.91119720282423 39.08319335212119 48.82006817928973 52.960001081173004 53.725662736983004 40.37396716262383 30.795412932387077 40.532556861065025 62.81539805317822 13.741482493343263 17.251525185363537 34.1191841614723 17.539923727916115 7.0240697420040155 21.086463320046757 119.70013075931375 90.90098082654404 67.76905286474116 57.59418320477391 66.60573965185228 108.79574631831457 76.12023652719905 46.3346872126704 29.905733697887896 45.12914153750933 104.50936974887601 69.91702832414188 35.34724394320588 2.3062479086050844 34.00094446903278 107.63482507929872 74.46705136123022 43.592081268955916 25.495862469817403 42.363310774243466 117.58238820234088 88.11983483893083 64.02648963985519 53.183420988699666 62.8677975605407
31.928455951157662 14.582714044145275 12.05866356174851 38.70401792854255 56.50346173110405 30.0532427855563 40.587256681329755 53.09051124509087 7.059605257725703 28.78774764198788 45.252395332317505 42.98177007410367 11.398077950732958 32.74414301607272 31.48849986690315 12.212655755063961 64.87373315939516 23.128033892782383 29.69213322331802 0.0 27.226877420544824 39.24623362443212 35.73935691082002 27.204553419685237 40.660776268381156 20.313430373639775 9.469284577214852 52.09764634649563 23.78187519242882 24.83306438838097 29.882021002080954 10.066176466114797 15.300065208754724 49.937843201907306 17.823610980159184 20.28392309623727 56.24786108895418 34.86582036685898 31.021234601156817 9.404715318130679 90.0812201900863 61.54248126281303 43.071428074480345 48.14186307946397 71.93712666619173 80.81381114474586 47.098550228207614 17.3356693382747 27.88598331117711 60.41176487288726 80.84062796065058 47.14412649660637 17.45797094953182 27.96146256520781 60.44631155366191 90.15337572694007 61.647079753248825 43.21936633313117 48.27302256977774 72.02413267302013 106.33932978454388 83.37604112236086 70.63875765798885 73.64008834565875 90.83308767792788
12.471549470807112 21.646461930485206 15.992381503184662 58.22876499504205 55.92939127827662 3.7710169039916894 58.763499936016125 28.498564714455853 20.34083022106701 49.555283164180345 23.18302627027459 52.5513836997349 25.068578958008366 33.00061918903503 44.345467586823915 15.622130807804954 79.34132169842309 5.816457282613095 37.86528671684082 27.226877420544824 0.0 12.064072336709819 52.24961383684988 51.9130427776209 32.2010192397318 11.028348486388662 31.08027595673696 27.079954629551942 33.13610989208067 32.45880040730858 2.844019176063093 17.188795783495543 18.921839111493625 25.417798766889625 25.762503594944583 20.695257272476287 71.65773909304257 28.577956666349344 43.47295191168551 24.515268195105186 95.04581027620573 74.28769443822821 66.3203209698973 75.31849930676567 96.654723819794 77.80084552240389 50.64881390864655 38.37262876076677 52.6729572673606 80.44406577128315 68.30421621024368 34.5041965899769 10.51025749013946 37.75240048905636 71.65803704277472 69.79447323885437 37.342362539689674 17.67721444019012 40.315804664061154 73.02802630501338 81.6723174197596 56.3651313817285 45.59059350121793 58.09294254466292 84.05885621557404
14.713671568451227 32.013341306284616 27.718597218717484 69.12108026732332 60.89136250240532 10.060183705403118 68.06355241112973 18.94763110233042 32.39962748886769 60.862257233846314 19.74516246668126 59.41391582924918 36.69511500910744 40.53724035903325 52.82756650523456 27.66370025697315 86.81804810246877 17.166598782788324 45.56213347260969 39.24623362443212 12.064072336709819 0.0 62.65305534543426 63.7781461152242 36.29766412826429 21.995489444411497 42.97931000633371 17.205295804547305 43.16692231673868 42.17414611633517 9.645028178109383 29.236139294722125 30.174693816851182 18.493971550045053 35.325660373263666 29.492800604870496 79.67053844528041 32.3059512693328 51.9050649252373 35.75164386051958 100.67414553944666 83.0684825214167 77.84727193071438 87.26258337346727 107.5362958096627 80.67246441566739 57.50169012166893 49.99648087122978 63.93479266611807 89.83581249894604 66.90156794244454 35.95662963107942 22.467394416842563 45.951426371717766 78.18649842153528 63.55092042842634 29.322221969177996 8.701697736194717 41.06701856908267 75.44623326039033 72.08862991009615 44.80189327615992 34.820682868141446 53.033777022970796 82.50766201098264
62.314474932687475 49.90718109286235 44.13223023130388 8.122034951402998 35.05080646802695 52.80568972339863 69.13948649836911 80.69968704460439 37.667131969523886 10.037119637708937 56.4119569054914 76.76968639541641 28.736879173126727 26.57977397367695 65.05472318132956 39.31509576520066 93.97554071985215 46.434421237106925 64.89672405095762 35.73935691082002 52.24961383684988 62.65305534543426 0.0 19.926448027319232 38.01476227444949 41.22879815461158 26.34683941364506 79.20595564021987 19.533972737396116 20.742990342791074 53.661051506234756 40.018325390458095 33.52722185343991 63.224613064026876 53.55080561473423 55.272657383515096 85.31371310502368 69.96294478182841 64.81923876386536 45.11471561236694 57.59582556362103 26.037681503638307 20.820475813268086 50.83181274934584 84.43402028130879 56.80622539640214 24.25815898616557 18.569347881104804 49.960328799842735 83.91721871291011 68.81228725278092 45.63765867596582 42.72333141060611 62.949125087094934 92.1668258972562 88.55362185608735 71.83932165679727 69.81972700845073 83.56711299529884 107.17692111033433 112.0116473077355 99.10882290101564 97.4329473138963 107.51032726920428 126.5639463467562
58.78934360808023 41.354263655683944 38.80934120742477 16.856340643470364 53.765981729768704 53.81424468532766 51.24355013159743 79.51609709240844 32.510004638338025 10.13385019504666 63.69646915483928 61.50984711060427 27.228973588695194 38.36216227623759 50.136654009728765 36.45256640531501 75.62637274638963 46.62242415549672 51.929272374650886 27.204553419685237 51.9130427776209 63.7781461152242 19.926448027319232 0.0 50.02483206881832 42.07171801647119 20.834556139113012 78.35905166552136 27.28160576105135 29.171175381464327 54.13670496159061 35.64648594120317 34.04303538454797 69.83244244730433 43.465568624309974 47.14108008410364 67.11740302373252 61.3099008160232 50.119568540882234 35.75378533995925 76.81254981109718 43.38959894616086 16.12441719657705 32.12765799453912 64.80143541257318 76.45870947655159 42.76589695028066 14.379176589058417 31.296175279495746 64.39713926234262 85.91642422276928 57.883610875684234 41.403071833131854 49.72663068611656 75.00721788123757 102.50450276474535 80.2953386996405 69.15396593490567 74.24258785552117 92.93230846748725 123.37900526347524 105.44776588628186 97.00904143563386 100.48356737526943 114.7946466772869
44.61799754705456 46.50647905207597 37.88709993415053 46.07622798012602 24.596604906057458 29.920591150166455 80.99607012036249 54.91680496522581 35.65398966334836 42.038814023841255 21.403812013284348 80.07883877195383 29.78306040868943 11.835361693512537 69.73328175761692 32.03346962504005 104.62870956229493 28.407627343571594 65.23799919445608 40.660776268381156 32.2010192397318 36.29766412826429 38.01476227444949 50.02483206881832 0.0 25.53147237613378 35.77055127649617 53.074744655008466 22.801014621694783 20.902694127526956 31.440605796442146 34.85968530880291 25.73036588604533 28.19852906237603 51.523894055811624 48.83562654084395 96.18995789380978 60.12972324748055 69.04206716626598 45.52794483291857 64.4036893518997 50.69759185182526 58.201897706638874 81.2371862694234 110.48214528578808 45.602094692929334 22.824124715516852 36.83985618684766 67.73665215241493 101.06521553714445 40.205715826621 7.882781843957739 30.043811860420412 64.32710726932986 98.83408594803718 52.52339693847127 34.55234857396734 44.98726317808736 72.44773560713465 104.25126584501967 74.20315941722582 62.578395574855605 68.70793512059014 88.99597257364361 116.25215674427434
22.212866045595366 21.348354345143566 12.940481417511721 47.31957866922422 47.41699906390651 11.93548756159508 57.62165998801506 39.4827988061059 13.419707632690626 38.87701185242342 24.986754148588048 54.82714893216799 14.846486675634772 23.318662141097636 44.96803989897274 8.355976125236838 80.2076592547219 5.212958951737195 39.91119720282423 20.313430373639775 11.028348486388662 21.995489444411497 41.22879815461158 42.07171801647119 25.53147237613378 0.0 21.516031286537913 38.019512270069555 22.141668602112315 21.54662222192053 12.559083437593921 11.14722039718577 8.181283259542447 29.67925811502462 26.318344128911246 23.304627432114263 72.00339209337933 35.230366972754304 44.21097048755135 21.554672728315424 85.65803385704788 63.492481641306384 55.85772170120994 67.85033758823778 92.0980180874894 70.43719416657032 40.95379395692312 28.068976954000654 47.88904891022489 78.70002448593775 64.65287234868937 30.049702097517546 4.563957036373218 39.16030165840069 73.76369813526766 70.66208419497582 41.33586409822868 28.618453412757088 48.2101315896201 78.89395665680104 86.02767341430189 63.985734862470224 56.412588135065086 68.30357308556921 92.42926080770229
38.464002446659485 23.610882685784922 18.803581609627265 29.837492608838463 48.56932450112263 33.067082883412056 47.85577155467868 58.82308090543587 12.219152753695502 20.08982199105904 44.793426091072 52.007874433631855 7.068273970877342 26.094994178863846 40.37427460660473 15.659610260422458 72.60985947449657 25.853924230892847 39.08319335212119 9.469284577214852 31.08027595673696 42.97931000633371 26.34683941364506 20.834556139113012 35.77055127649617 21.516031286537913 0.0 57.61798740228201 15.661301373197027 17.08287337730058 33.33430274847852 15.162816267307974 13.863268560371894 50.39931415554399 27.219107690282243 29.10222201890281 63.89908476439673 43.80265935881362 39.98203438663129 18.781472190985475 80.88690906497825 52.080023842278415 35.73227177362314 47.287325432016814 74.76775096527491 72.88537853731071 38.64216687959536 8.307164841984957 32.243668901468354 66.37132400884008 75.31951482468254 43.019232182007144 20.570018794466243 37.288648682480684 68.93915635931863 87.32081173921883 61.51926702740174 48.36450074316017 57.344906601084446 81.44053264816412 105.67805530393325 85.41079435297624 76.26858164229473 82.05808696067683 100.22426383232667
20.652100037521894 41.19506935417331 40.03916486651929 85.30570756212947 77.6335992641873 26.475513975519267 72.61194534459013 1.89497487024838 45.9403968291098 76.58916272518711 34.16405171348694 60.17924238455085 52.01975585352577 57.74059767900125 56.74142953381244 41.960510752476125 87.36496338940835 32.85124687754938 48.82006817928973 52.09764634649563 27.079954629551942 17.205295804547305 79.20595564021987 78.35905166552136 53.074744655008466 38.019512270069555 57.61798740228201 0.0 59.873030413557466 59.00640879757117 25.548371359460404 42.759375500008254 46.00178026942369 30.039555996033876 42.76132815704166 36.69172041250002 81.39067551803873 31.91263207773496 55.8029139857839 46.21425654955836 117.4568448549804 100.21980920524513 93.20189690192223 98.60963792912682 114.69878584615151 96.35599228197493 74.6579962729433 65.25278765423084 73.05345246599457 93.86404140170345 79.77897092194819 51.77684124121782 37.30717696553709 49.976361355858316 77.44853137613856 70.97110779060164 36.949298635319494 9.405099702382119 34.73490799406326 68.69806742883026 72.80930541288856 40.337575247721794 18.651879270345557 38.25588615027864 70.52645355661515
43.984847693117175 35.37804989260347 27.907937809249162 26.532864306401525 32.93848200790675 33.407933040655976 63.50213174525627 61.41485786113444 22.34188113377439 20.10279781412311 37.85656061472999 66.70430727423432 12.99554183805036 11.455685712752288 55.266045407128935 22.11193515653992 88.20153727126228 27.340689404189565 52.960001081173004 23.78187519242882 33.13610989208067 43.16692231673868 19.533972737396116 27.28160576105135 22.801014621694783 22.141668602112315 15.661301373197027 59.873030413557466 0.0 1.8983292773346436 34.34094047041641 23.702115564500012 15.179443138882615 44.47175951850884 39.8960951346495 39.921076797281344 79.50364598248103 54.12182043860402 54.78526062480163 31.886937794975683 66.92931783394266 41.62396708052567 37.15381388415074 58.50715629436507 88.66001911560157 57.2686331635219 23.31808485568326 14.234579732208742 47.50123030899971 81.88384421523804 60.64460379428071 30.62923477380921 24.359347433037627 51.414504986411806 84.19246147700406 75.3241378192254 53.99798954545359 50.52372790751098 67.70759454110738 94.92521637908176 96.26762549212852 80.47681897986328 77.97639729572336 89.88245737994592 111.67869635309314
43.590494414119185 35.891127596853885 28.180564926150367 27.96889485741657 31.70225875834714 32.532232540043346 64.83676013836721 60.57866512748564 22.890975334344184 21.859662280157007 36.22808880256295 67.63046309394163 13.752439637879169 9.605347713963402 56.264922047162194 22.23123701544824 89.46671530532308 26.703305879114428 53.725662736983004 24.83306438838097 32.45880040730858 42.17414611633517 20.742990342791074 29.171175381464327 20.902694127526956 21.54662222192053 17.08287337730058 59.00640879757117 1.8983292773346436 0.0 33.52722185344 24.01604967995865 15.06115411348516 42.89368143744083 40.50854439786525 40.25324481354713 80.78296287908675 54.28846518081905 55.76064336592089 32.63961709739328 66.41933707051284 41.97813978669115 38.8281923146819 60.39802341448322 90.46017002667178 56.03232217924683 22.403880587682867 16.096573048293237 49.1031416951893 83.41456975058377 58.87473495865561 28.732362545198825 24.07715994981468 52.23712604969022 85.27937486469395 73.42580989598412 52.27800749567168 49.69346039544981 67.82845548932957 95.5341204531359 94.41851874234754 78.89327528638267 76.99468974703575 89.59328531378564 111.89491702171246
13.339759124044921 24.450924423226937 18.799730784762417 59.87044818614958 55.54530408048717 1.5546594298178198 61.51249617452514 27.074064583780913 22.934117505183167 51.40424696149793 20.78058686779098 54.96850866304347 27.095452631196487 33.26640689332584 46.98275871155892 18.082369988602284 81.8839652886822 7.55546483562595 40.37396716262383 29.882021002080954 2.844019176063093 9.645028178109383 53.661051506234756 54.13670496159061 31.440605796442146 12.559083437593921 33.33430274847852 25.548371359460404 34.34094047041641 33.52722185344 0.0 19.820076871246947 20.68721504174387 22.6809498685756 28.492517508616995 23.29112545585177 74.2664684577924 30.289531007369618 46.10197221184049 27.35777752043824 94.92283831553873 75.10391476554474 68.30529737936307 78.00892350030698 99.49840952804138 76.94655890355392 50.78778141428811 40.40850300719149 55.50781972195815 83.21184738689902 66.52323334985442 33.13154899144054 12.841727377114257 40.33573906245097 74.05325914224018 67.26168008443774 34.57723699125677 16.182910092578283 41.50948555656767 74.69295652334887 78.84888319313521 53.60084392621297 43.86081840832868 58.04575046198278 84.90973875125361
23.302037150990632 12.19121281626943 4.2264919498672775 44.55912892399839 54.14284725719168 19.992978140377765 46.73333547957805 43.88107151050951 3.2061733994886534 35.05104126528025 36.00220843284365 45.42866620526255 11.36287132569838 29.502807155762373 34.876241002336734 2.913182932852778 69.84273733520081 13.160198894248204 30.795412932387077 10.066176466114797 17.188795783495543 29.236139294722125 40.018325390458095 35.64648594120317 34.85968530880291 11.14722039718577 15.162816267307974 42.759375500008254 23.702115564500012 24.01604967995865 19.820076871246947 0.0 9.762519458208025 40.266170106468756 17.104537374469714 16.238303718471748 61.48584538409942 30.486497792096667 34.19373610803778 10.74243372567768 90.41061911746517 64.68330247092726 50.87812243807141 58.20688295062225 81.13139502166662 78.0353848296818 46.02737951965976 23.288675003473184 36.89240354849496 67.63564765616113 74.80093902188607 40.35740157708843 7.557321826077726 29.670865035420384 64.01922538075311 81.79905801693542 52.101423215396316 33.65803695030945 44.11350522948286 71.79116921840645 96.83581397475454 73.32102497566662 61.39667339099331 67.51230457709276 87.98324840787161
28.933975695204797 21.94956742499157 13.61585264208817 39.31074020384684 44.39214791798319 20.114566340174477 55.27719758047359 47.40955895938844 9.9582923731014 30.717331494495966 31.08874970245658 55.08461914856888 6.882124396655814 19.743767864613744 44.31619334294385 7.423307147459206 78.96477306875212 13.182537770697168 40.532556861065025 15.300065208754724 18.921839111493625 30.174693816851182 33.52722185343991 34.04303538454797 25.73036588604533 8.181283259542447 13.863268560371894 46.00178026942369 15.179443138882615 15.06115411348516 20.68721504174387 9.762519458208025 0.0 36.551346877610605 26.86399081597124 25.661170798547705 70.48774478500387 39.34164376853104 43.6751807386406 20.004702745261262 81.0737955615475 56.79433790864203 47.67644352603795 60.95325810491544 86.90434993018525 68.27675565396636 36.495254593888006 19.923321640502156 43.09084328085748 75.57479537622403 65.91420392845293 31.902695145885588 9.259300978797553 39.35149769282658 73.52685975688759 74.97919170247957 47.78336393423744 36.5984820165627 52.82495849250105 81.46368473100368 92.15873874547812 71.61169472564909 64.4826284029909 74.71650929194443 96.96327658128935
32.93607580145114 47.024785716486186 40.48920118757474 70.7957461446864 51.12364270934013 21.680586602967168 84.18101964103987 31.909071419115183 42.9365877701488 64.3714238431782 6.934239151164431 77.1516553110976 43.3513562354794 37.24310043125704 69.61454922793405 37.76889442934431 104.32419795943899 27.265216791809326 62.81539805317822 49.937843201907306 25.417798766889625 18.493971550045053 63.224613064026876 69.83244244730433 28.19852906237603 29.67925811502462 50.39931415554399 30.039555996033876 44.47175951850884 42.89368143744083 22.6809498685756 40.266170106468756 36.551346877610605 0.0 51.17035502217534 45.91090168145769 96.84239781031486 50.69257077403738 68.72483224667947 49.39407252301019 90.38373743817672 78.8288371375763 81.5689015302232 97.4049300083331 121.31236392205895 67.25973317524081 51.01071706498557 55.453766315023884 77.09054764163918 105.85646067009063 49.814635966099104 24.051270608738506 32.71504795891277 62.904134932190935 96.11675766207202 45.19087511790344 11.967138402608175 25.27969995179871 59.41184796179457 93.88996616929852 56.62197864642734 36.00506217262541 42.20795590234801 68.27510222565981 99.68098428887816
