0.0 36.796665259611416 38.862369917166085 56.59557432227286 12.08855725148818 47.14702759523855 77.85082425721744 97.51524924617203 42.796063333221724 60.23452946610562 50.835427158933925 11.450738705885904 83.01792314899717 38.58117117133869 18.02055749281906 50.67492472098091 68.8754172595699 32.55777452934797 23.559080153474934 31.807066052309686 13.58492241382563 35.57089680844932 38.195886959585216 46.73160792772006 10.51319038164919 18.812323424047 73.57566213526565 51.55366366351713 56.50035753033918 44.64008545384047 48.30819559891908 28.948341311366967 83.46087590143316 46.40059757636634 13.696975736960026 52.87477294915421 63.09061443686617 60.460813282808104 16.30745093718092 20.224494803511806 51.5542742033801 38.72408811337291 30.659029210509175 31.290675998086478 40.21126704133695 53.41811350151539 68.47446942720991 84.39621044112198 100.77398955290852 117.41713190148174 44.842265920985916 29.24890888919808 17.2881732898365 18.465524807262085 31.333411613367403 47.13069240385618 63.714472891141355 80.60073418584888 97.63265362031386 114.7453884071089 42.03257029455518 24.74919737839031 7.551302484725643 10.011751125097842 27.242645704845682 44.52866405409071 61.823585248011454 79.12157137233423 96.42097288956342 113.72114386755275 43.88132996435869 27.7602370619753 14.642514291696948 16.027741842875887 29.968093251568764 46.23848546866463 63.060457376047275 80.08718905818361 97.21114770802993 114.38867709203349 49.873129184887404 36.46670249254999 27.767280314552305 28.476892577532922 38.073022668223416 51.835188711074316 67.25272196486026 83.41271200447457 99.9557028158204 116.7189556840125 58.7537459121891 47.85481886856588 41.55562679469615 41.980494837844525 48.954664481855545 60.24501474272237 73.89905159872056 88.83345795307731 104.50072763041935 120.61561381969753 69.4231829156835 60.42687293015288 55.51517241505319 55.777777964855645 61.148061386960826 70.46778738005986 82.40771477896324 95.9950655068523 110.62446608959785 125.93328051980062 81.17904014497326 73.57833132203145 69.5427585326502 69.69440315822006 74.00753030523188 81.82670343527762 92.26480580868505 104.54027706557774 118.0814752983162 132.500906522385 93.61277779212551 87.04682749682728 83.60399372255455 83.67069339649753 87.23887710492345 93.91026568692025 103.08411081066703 114.15870259702213 126.6363471978324 140.1427809754798 106.48706129735913 100.70508503587997 97.68419081809124 97.68088438956215 100.69546300657913 106.47189497918096 114.59327914683132 124.60193371205342 136.08207522241105 148.69326669494743
36.796665259611416 0.0 18.903833064612993 26.673899157446613 25.17961359832048 26.044429724334222 42.1404857353737 60.786941386439686 9.812173634233838 23.497123019822727 16.48251239233733 26.43829664965862 63.918680206156374 46.4123262768548 25.398217586984295 14.226131961573223 52.253833252797534 20.716609357495855 35.526425613614606 64.80592633026153 38.59582897667434 10.020510899985924 21.303386898850047 23.977269846172156 38.415714825571186 30.287363780274394 37.803390515367546 20.659135412130023 21.248322974270017 14.557560146660645 14.941046857603338 61.93520736756619 66.41305191541778 44.45320186300498 26.32584783895123 17.46519027067465 43.90406316929417 31.2691897730431 22.770478591453326 54.86137672341657 86.93070864780121 71.86793144499376 58.06683411041459 46.66070152079471 39.766708421596505 39.80285568243512 46.75307189669932 58.19053473330326 72.00786847767934 87.07947003800005 81.53480188511979 65.26971639264568 49.70974154400814 35.786750309113806 26.24947919399812 26.383505930746125 36.081216434751425 50.06325539334129 65.64689991663339 81.92320772292544 78.34526470557086 61.25786810507669 44.33717774558029 27.888300034052605 13.727426919275869 14.065569435710378 28.38928072300315 44.863964370935456 61.79249437322737 78.88322030270398 77.63456147556377 60.350463197704954 43.080682879805394 25.85392858238164 8.922979627652401 9.461874247131577 26.422492684112623 43.65183537442039 60.922334984869934 78.20673004927548 79.46923556986188 62.68248133151324 46.27677277134709 30.865807924791994 19.041235990605077 19.265290180492894 31.280126468991124 46.73813631900289 63.15989732175462 79.95376189556498 83.68201232583215 67.92103853514593 53.127814023627145 40.380324772022064 32.206916850933304 32.29100828409953 40.58129861865297 53.38242442725985 68.1999526129982 83.97316650895566 89.93928328859698 75.46317416835974 62.44205521437626 51.981087812170834 45.86676735835978 45.87145989351067 51.99350867853361 62.45928820980346 75.48313751796502 89.96081948364943 97.84952921794327 84.69561702671403 73.28615962432751 64.55285675566756 59.682308201382426 59.62869261828428 64.40404124495531 73.06761627487897 84.43085361050271 97.55489740804815 107.0468357795438 95.12737249477094 85.077002441802 77.62514470873006 73.56573412791107 73.46331591224698 77.33361321047578 84.63335087140489 94.57170732900009 106.41193059956291 117.22854525473483 106.40616615817893 97.47147775128468 90.9823178360571 87.48458006035392 87.33840932713156 90.56003613737127 96.81383657490049 105.56227623925535 116.24347629839866
38.862369917166085 18.903833064612993 0.0 44.345974219906246 30.95025906347306 44.9369470926048 53.53550299397414 64.86978830230403 28.172576637097777 33.423667217416096 32.83378778850345 27.55608532334028 82.61474596261297 61.33349964742708 36.06203977498102 22.308316684483028 71.15249736579835 37.61822237733738 47.792968216730706 70.42195850274248 46.44539289849861 9.021420335912385 2.8800441852655077 42.88110290033559 44.994310190307274 41.35299413351592 49.4216201145284 38.47862552598289 35.76453007673684 33.173628327441065 32.28646698825292 67.52034897719135 85.23847781424229 61.625525490433056 34.48088765620905 32.43089010460206 62.77269853008217 48.89047053568947 31.604348694118432 59.04879272076763 82.23675204911741 65.5916402327737 49.39994716498257 34.30973509161958 22.642276716622458 21.13998813814839 31.302350275422192 45.950917267821644 61.98264348530264 78.55521001020172 79.94009397262951 62.7017012403051 45.51155321286756 28.4572141400783 12.12592350010123 9.109139816527671 24.852127856877626 41.844874395580725 59.01755832544429 76.24870026142669 80.10501016759804 62.91086200525291 45.797966754465804 28.910971200475124 13.15097140831173 10.429052618902915 25.363271168989918 42.14901192877673 59.232560176527365 76.41443881798315 82.71677640921898 66.18974657872542 50.18776000494133 35.42952449652065 24.29819761613823 22.8968307492358 32.50905349206285 46.77738245298097 62.594885645242876 79.03687214379697 87.55666673300635 72.12083795078931 57.75264433072237 45.4755744429054 37.408489650969386 36.46189255093618 43.10744021865085 54.641929681878175 68.64354914913892 83.8858777351071 94.28210464864125 80.1171827436653 67.43227774525535 57.220298763613805 50.9893567030088 50.24308709825454 55.20437032640307 64.57072558705896 76.74591911067245 90.60460802208136 102.52260112218681 89.62760877894907 78.44760265566822 69.81144649839236 64.7452187811078 64.10103151278446 68.00466690001983 75.75632509863952 86.32554927475258 98.81231560516758 111.94396895209856 100.22189398550262 90.3110610731319 82.86393268270096 78.58408742795022 77.99468010113972 81.17613763450683 87.71912213575278 96.94538320512035 108.17048641065733 122.27343021880748 111.59163742068209 102.72909799099689 96.18998821963342 92.46854774304231 91.90768759125886 94.56366101061651 100.18094208770624 108.29971634069614 118.40653777864127 133.29991692783935 123.52275230846854 115.52286133273503 109.68979584233851 106.38058940833605 105.83225861561664 108.08682988435824 112.97662278058303 120.1804079892625 129.31203463799767
56.59557432227286 26.673899157446613 44.345974219906246 0.0 44.71222702125922 13.529309032157089 25.637288062824883 52.31459786639414 16.891469360010394 21.152780637039015 11.889647682412717 48.96058892936743 39.290644960136994 45.67957399069507 39.61140217935247 25.463013651130584 30.44288573085746 25.52513252162822 43.46405520495501 77.20172023452051 52.23243365233616 36.22765388145919 47.062465846258505 12.156799922586211 53.595868319793254 41.98622130222049 22.364925201718012 6.015256768365328 12.392421267586155 12.790624452190222 12.063185920794565 74.66672510196567 42.64674588111347 37.13178129398845 43.17661556877384 13.586331554111663 21.951056847274806 4.597753685655355 40.29041085702539 70.0162330208326 108.13772494160506 94.7093220843166 82.7323241694994 72.92539252149362 66.25920257406715 63.72711053140477 65.80806141553184 72.10375106375412 81.64492958592987 93.4426657146735 100.36792986091604 85.77427600745143 72.38392725548773 60.99459685739777 52.91455553428383 49.78213484596046 52.490695681489534 60.25766953072128 71.45209417614718 84.72613650816055 94.08363223679126 78.36344467795146 63.47153975519867 50.1512766168921 40.00465003112844 35.8371426369339 39.584553188386906 49.480099033129896 62.67639779005799 77.50541122953567 89.59804989958927 72.94300657366172 56.6768481678246 41.26208037119552 28.134759337892433 21.892495005967756 27.67145172053212 40.630633654925056 55.98838084998427 72.23060595961604 87.18930662123985 69.97711339770188 52.82358283496415 35.81310795284441 19.327177565244682 7.95073441352922 18.751049476519356 35.19521031201284 52.19690694878121 69.34727575618687 87.03005152687388 69.77949628599804 52.56272217107962 35.42901140441345 18.609227902034508 6.00876893242233 18.01723264029885 34.811628328815345 51.94027039541311 69.15524085379762 89.13234531441495 72.37283821002912 55.94454475446348 40.25503835443073 26.643118924057344 19.94881217156027 26.168035388366192 39.62686832299166 55.26773885407353 71.67613878356441 93.34347987558984 77.47735120740515 62.37934451006704 48.76815815235214 38.264759693498014 33.89333822510872 37.84221022233874 48.10421322291405 61.601182958157345 76.64270422274535 99.39572250348337 84.63984803113127 71.042244127373 59.40369836959291 51.08131422445986 47.83831413723371 50.659750194853736 58.677241191148234 70.13080158812683 83.62022711287062 106.97696745009333 93.38791607104504 81.22332798772065 71.21692207008535 64.38296209077123 61.78330247653968 63.93654636571236 70.40797040345294 80.15845226938217 92.15295699309328
12.08855725148818 25.17961359832048 30.95025906347306 44.71222702125922 0.0 36.03878965631486 65.7820653171094 85.95706200807054 30.71752601392243 48.43187564029418 38.75422131625949 6.971285740982839 73.29194875080285 34.75266145500369 8.827082182377294 39.3024280196062 59.402364520396034 21.693253118181794 19.3273172874584 40.438815968104336 15.49528303814522 25.67654522157535 31.068354018546668 35.37357611159295 14.21972529671558 12.723603854512099 61.515142566481714 39.54875173080039 44.43574291290302 32.5960075633565 36.2197721017161 37.526743617545485 74.2028839327477 39.75474584470671 4.637955180109617 40.83103788069772 52.91681330942103 48.6917094565684 4.901203127412587 29.881583124263784 63.55525818170489 50.100641397166584 39.74399536148365 35.324262756045535 38.91952446165044 48.78896086683905 62.005673076267485 76.86190056040301 92.57163439569698 108.76566877594844 56.851714413701146 41.3111638300623 27.925229962727276 21.25408351890175 26.87684970886866 39.89618303295609 55.31507188088791 71.59972290453875 88.27227678615242 105.14837499525099 53.16703443457438 36.09823175338869 19.445937173460315 7.205550712349379 18.011352011005037 34.5776082623081 51.62873750827404 68.80519916350998 86.03195731141341 103.2838480954242 53.13308735977043 36.048443250585684 19.353783050727188 6.954203414855764 17.912742421894187 34.52658549853507 51.5947404342442 68.77981349158767 86.01175278161035 103.26709959300658 56.75642473422295 41.18053039291407 27.73250542265141 21.001406366207995 26.6784130051302 39.76339787232185 55.21982740810717 71.52651470836818 88.21318899316928 105.09901311134236 63.413154854319004 49.921079214611396 39.518446981379725 35.07148006913021 38.69130829048095 48.60795738120461 61.86402237827747 76.74821541431805 92.47771317478673 108.68612542053108 72.26979285650069 60.73148361131841 52.46336796633276 49.144670004470186 51.736775470679945 59.47176655444111 70.68090147101343 83.98446512826118 98.53777279419614 113.86262198599313 82.62178215579524 72.69398788636764 65.88753163158525 63.21876094817046 65.19778070491611 71.43936900286177 80.9636352920202 92.76492331200251 106.08602978374601 120.42364549279417 93.97613076135175 85.32525828198112 79.54854172320853 77.29311432047079 78.8616814060799 84.04039688583151 92.2230777230712 102.69414813775447 114.8292832826544 128.15664156163788 106.01111828152895 98.36786114474195 93.34231402761202 91.36745397133762 92.63858957186332 97.02823035546704 104.14278308657028 113.47084923712218 124.51594499430574 136.862997415834
47.14702759523855 26.044429724334222 44.9369470926048 13.529309032157089 36.03878965631486 0.0 39.16657843895169 65.5942801928479 17.77200936736526 31.601838342492336 18.94813123620158 41.54880387318155 38.86681759656623 32.16328075499923 29.2579163369682 31.616091029335447 26.346373869971988 14.597622484100576 30.86335079343829 64.60163528905453 40.64191609953826 35.97266114057521 47.256525560499036 2.3581145011332563 42.432918856589446 30.497427611850675 35.83253698482733 12.989132580062051 22.877050810708667 12.966810173871107 16.92025747134688 62.178537086972234 40.838770573137985 24.23774911657519 33.45139810109739 21.927827047371554 18.30274967187428 15.40203722735099 31.21206836760144 58.256020118378345 98.11822729400836 85.85162709294585 75.58115054338923 68.21445489427407 64.75033970491275 65.80801033074579 71.18619986953178 80.01842897903407 91.30780906716167 104.25917759406636 89.34933293476442 75.72411492101165 63.903684448225206 55.062884164887365 50.7825025003024 52.196790409246454 58.896929623186175 69.36780759211028 82.18052179289778 96.40583288809837 82.0910067755621 67.0482384607662 53.39200490763588 42.48120897088875 36.841648490171835 38.84157607025309 47.526161427809214 60.062559292352624 74.53182580340793 90.00656701853363 76.77300682326347 60.4524083745416 44.87319771547344 31.16769419631173 22.977326720409874 26.138114284086196 37.90983496199213 52.81875849307979 68.8563577602615 85.3890265348725 73.81597998458524 56.66776678632056 39.65332173097757 23.070528740058077 9.530262781721047 15.751690745138122 31.687834483769493 48.567841083444705 65.66783657951386 82.85172040968263 73.50546048231034 56.26454441739039 39.07759789351276 22.071062879050572 6.776314407521648 14.262486394155646 30.977928597511195 48.10986450921982 65.3314589371058 82.58664208850581 75.87395263427196 59.31175117067551 43.33154417426377 28.91493332449937 19.830173293573335 23.43309479375252 36.106728534124805 51.54603296385921 67.88963792959414 84.61515299933723 80.68584606622255 65.32828915916993 51.22570737785542 39.737500565638015 33.65669218814623 35.84947740088325 45.12543909816663 58.19049407475986 73.03882577390397 88.7801479104121 87.53907225951805 73.58935285420367 61.370995588515925 52.116292177326216 47.58696550500947 49.108382447015984 56.19118909632326 67.09671230680998 80.28194340814466 94.8003936535284 95.9973462499792 83.43074908116654 72.83257772408531 65.17034559070753 61.550455659315716 62.67725520785128 68.31627280486644 77.48859929312756 89.10975250516672 102.34895232955985
77.85082425721744 42.1404857353737 53.53550299397414 25.637288062824883 65.7820653171094 39.16657843895169 0.0 27.79710091346066 35.07035643948398 20.132029608751754 27.051345464323784 68.32647351321015 51.13400477669369 71.30694584554799 62.62635215328453 31.37450727715825 48.72873149150965 49.85283408529155 68.3125594098776 101.72155300328706 75.95843502652353 48.45319979962137 56.38605049110962 37.69924969816898 76.84476483186704 65.90141486002926 4.337319330001248 28.081333754957353 21.35152380879409 34.02897234816666 29.692176837417367 99.06987042022094 55.795824091479425 62.31624741052886 65.40439593028634 25.019827796317177 42.02593900742385 24.824687644762157 62.0866170969043 93.60344693742805 128.86668537984278 114.00640362596089 99.93493990869146 87.03573428100908 75.90876464557199 67.43705761255823 62.70620073269041 62.570545489061935 67.05798533249846 75.3469860869312 122.6101957900126 106.91728807585996 91.80443917394432 77.61124789385914 64.9435041598885 54.86814969557681 49.01092893559357 48.91145719537369 54.60121171322605 64.56745450918979 117.70805140090641 101.28489262371455 85.21021879620686 69.72546955934213 55.32819017331058 43.12173413895288 35.4466794951032 35.385844968331774 42.971580909171884 55.133141687432094 114.33466329853324 97.36244574538775 80.53066490354175 63.95030630497084 47.883263272788156 33.08600406966839 22.254706636226498 22.238970483426932 33.05424613257455 47.84669377441212 112.62753181651347 95.36124353824934 78.1107291087445 60.88939662455239 43.7317347857732 26.760493644873794 10.885623525393532 10.935399655820358 26.821307171819072 43.79378332426611 112.6624515442385 95.40229446292298 78.16060989238919 60.95307570456267 43.81994164856448 26.903726200425595 11.231519487601457 11.278161449634919 26.962198918457005 43.87979904810279 114.43782728432184 97.48301794715132 80.67572552122294 64.13203578941335 48.12457549415199 33.432662837528476 22.764501933196183 22.74672675532302 33.396347612461774 48.08253233313111 117.87501909078779 101.47799766606063 85.43860668127442 70.00310442976662 55.676039415138696 43.5650745115616 35.9821856840415 35.919733757374445 43.41018863121483 55.474041658748156 122.83455535179243 107.17332715903387 92.10112942977688 77.96034859163187 65.3583643115286 55.35627824644647 49.55422504818208 49.45327918381557 55.08479233889098 64.97494744143236 129.14109649788782 114.31507282336179 100.28530942631495 87.43594822275777 76.36518277141164 67.94800645619623 63.25279730433653 63.11573097243544 67.56455409057814 75.79602091491586
97.51524924617203 60.786941386439686 64.86978830230403 52.31459786639414 85.95706200807054 65.5942801928479 27.79710091346066 0.0 56.93500996997677 37.82620968129941 49.82622834824183 86.7221386395565 77.19206239793948 97.60410487084765 84.87464368180741 46.87148233957057 76.30389894213847 74.07007784070909 92.50353081305039 124.74490263939167 98.44587273567457 63.372612987672994 67.29561666600404 63.816890094379495 98.73258326260685 88.96798432410175 30.12426089661242 53.25134275684762 44.20977845265298 57.69943958753337 52.669602176821876 121.94912475156421 82.04432327596322 89.43603640030821 86.71809681977187 46.950330606163284 69.81086866054105 52.27264751629243 83.18871064703795 115.4212573065514 146.21496138921987 130.05682519019734 114.23415548549656 98.90808074823978 84.3497258583855 71.03270883932751 59.79228090269619 51.9931692055898 49.29669452040025 52.49514449326511 142.0138375776683 125.33732579015833 108.8561794389013 92.67468781275498 76.98204410055189 62.14965696060553 48.965620598355635 39.13299802944948 35.550787093202004 39.937861549140536 139.10302719523307 122.04474351909717 105.0661598057315 88.21330807770096 71.57505695268576 55.34528980583368 40.02405151646461 27.193005830855313 21.81067863878532 28.4721462046853 137.5645049211157 120.29635090951197 103.03952812744299 85.80087387637577 68.59408754276845 51.451151788475194 34.46746990370351 18.097105554092188 8.106618529510609 20.0659558756783 137.44438399451573 120.15959883539674 102.88057705940915 85.61080844741312 68.35730650863903 51.136539053507484 33.998284409464986 17.191116960997274 5.822293801550459 19.26076714520816 138.74635015520434 121.63992495808074 104.59782380944722 87.65757176112254 70.8922193757496 54.4635234685633 38.80149158044737 25.368244890355065 19.500043294180983 26.751958205822586 141.43111687920094 124.67972309347087 108.10186887962865 91.79162780840747 75.92167010929613 60.83753138330091 47.29713134762914 37.034311374262366 33.23808027869658 37.90393012170275 145.42207987380363 129.16889891921394 113.22689756892504 97.74844740701705 82.99331515577884 69.42423570743689 57.881442619796886 49.794588554031115 46.98343806283174 50.33973190824543 150.615386754039 134.96284026414938 119.76492493964051 105.21882772895712 91.63548243625576 79.50985501360371 69.60795872529941 62.98741352401871 60.731014136676976 63.30713518098442 156.8916154189673 141.90173628501157 127.49867786981622 113.90526451120608 101.44748412864922 90.59503914269814 81.98790476424419 76.38886219550297 74.47943566638723 76.53627072629102
42.796063333221724 9.812173634233838 28.172576637097777 16.891469360010394 30.71752601392243 17.77200936736526 35.07035643948398 56.93500996997677 0.0 19.245805584542914 8.041575877321604 33.68329799579387 54.44399848654114 43.713415103638184 28.087269307903888 14.743406481568968 43.311850567677716 17.98053861303499 35.83667619395497 67.86856428112192 41.64271858145145 19.614686061871144 30.74707142295811 15.487741950636687 42.18597593189362 32.03346962504005 30.819060561294144 10.87906185884741 13.744339739154325 5.057147101636889 5.683008351252785 65.10029314201695 57.13970859952517 39.329387957290784 30.461112077164387 10.267259944887762 34.80010647141463 21.480010166963417 27.074192169209862 58.98033536399486 94.01941023160785 79.6582121208249 66.70767723443652 56.15246950665192 49.54783191500087 48.53429354010964 53.43098200096713 62.87180776684719 75.16356013498361 89.13450240102316 87.54066179838541 71.93422632884571 57.30973924966105 44.64288693857857 36.059344720091275 34.731443609480706 41.36396807469643 53.05082827507583 67.20499053267807 82.56717852915114 82.98102709057007 66.33683152030139 50.13991586215028 35.01654889585671 23.173644899227213 21.132641261706162 30.900984173957156 45.407760422364824 61.380535820741585 77.92295705428626 80.66666454686049 63.43160665514474 46.24651431740366 29.19974075382033 12.85391160685086 8.74840768542994 24.218993381057764 41.17399730023062 58.333094182390035 75.55736304308485 80.79079534445175 63.588669032472886 46.460718459018565 29.536269290745917 13.597696900087936 9.803919208350033 24.618074989472 41.40888448165907 58.49833438077718 75.68439634502863 83.34252276390993 66.78641516240931 50.73052037848995 35.8532766086494 24.413940431372062 22.47965367435443 31.83300911593747 46.044081134759466 61.850510457075536 78.29192281522793 88.11115283322592 72.62425230809599 58.16954664362411 45.736393101787414 37.39848279139964 36.11347034251411 42.52559616525207 53.95718007975324 67.91933155559214 83.14686572266916 94.76253688450674 80.52997894692628 67.7415539554166 57.371249474982804 50.918600839232425 49.926436561115516 54.692739327360776 63.94250474984727 76.05717325289778 89.88573192414482 102.93225034764325 89.95995993530036 78.67168716136028 69.88825416166421 64.63896285265851 63.80216851847014 67.54207308605548 75.17872242782232 85.67638364682865 98.12104189819865 112.28927591445414 100.4858680465406 90.46890028478094 82.88858914810073 78.45443616599572 77.70690412332138 80.7484451486027 87.18339228569508 96.33410838166309 107.50935324506959
60.23452946610562 23.497123019822727 33.423667217416096 21.152780637039015 48.43187564029418 31.601838342492336 20.132029608751754 37.82620968129941 19.245805584542914 0.0 13.080771584624543 49.90854786244555 58.776310231309935 61.89354870632509 47.0506310579953 11.263052115981083 51.41578242411832 36.92359858591488 55.06069474724774 86.92557196186112 60.62048346598641 28.532698622872932 36.282777910438966 29.38811798162491 60.928379711200755 51.21407506166333 15.999460622550144 18.68702349980437 8.933367725040169 20.871894087579587 15.749010714713554 84.12524100851884 62.644303038943306 55.67531515489105 48.94986424344779 9.974653292768698 43.03878251904869 24.060795975339893 45.4382351537933 77.65101178777051 110.29032936988199 94.89871244421829 80.28871264515638 66.9738159038766 55.887472114122595 48.58013942036479 46.854596756268194 51.277474709618765 60.515357325769656 72.75672076236701 105.02065548273531 88.74876627168499 72.95243153139634 58.021369623164766 44.82867067694842 35.37581676169771 33.04535404065036 39.13119920236104 50.68741849377607 64.85280526902824 101.44659008587392 84.50914612861305 67.7561271478439 51.36829372442442 35.849996954987326 23.03160460410993 19.349397589432343 28.58418113182588 43.10943611718635 59.148147909717274 99.75061400434322 82.47504435433883 65.21345236293858 47.98092618714824 30.826249647048037 14.037789629134789 6.524943592582272 22.06362891606992 39.111967910734776 56.315200679725145 100.02832609621575 82.80917742980976 65.63358078631636 48.547782671487134 31.69732943105714 15.851416311118655 9.824831822626718 23.248665701178755 39.78928007257195 56.78544158288981 102.26364421696941 85.48377485944681 68.9623785152955 52.94199266554584 38.06061711276987 26.32636726439309 23.157195478338593 31.275307228798884 44.93044661284802 60.48186731672685 106.33315215287708 90.29105263201335 74.81253979779652 60.33295139253428 47.76945597068626 39.01901858184029 36.90194691133746 42.423231230275675 53.25799843753346 66.87155773902599 112.03710471725847 96.91410126463029 82.65031300038758 69.7746836548703 59.199997841212365 52.33998504984817 50.724839586618394 54.82012123873696 63.53096142503878 75.27165105031172 119.14090763039539 105.00983056899616 91.9688334444433 80.54912351180471 71.53145767206513 65.90926141233625 64.57557749151805 67.78401612515847 74.9535432178645 85.08870433098751 127.41053672013071 114.26554704196882 102.36439331820242 92.19005479925441 84.36958453641218 79.59981653676485 78.4392643874322 81.04313055260202 87.07435459960031 95.88837705818123
50.835427158933925 16.48251239233733 32.83378778850345 11.889647682412717 38.75422131625949 18.94813123620158 27.051345464323784 49.82622834824183 8.041575877321604 13.080771584624543 0.0 41.64463256793286 51.137442235697115 48.831882694305094 35.79604368815886 13.786007943380348 41.578841975087315 24.25738008583138 42.683019033731675 75.36624713365667 49.2795568938287 25.1927977551668 35.61682106981613 16.645278416167763 49.976412652061164 39.443033718208184 22.823390866058716 6.865622042466288 5.825743349472335 7.92367205972058 2.845226392315494 72.63752796792055 54.37616410191543 42.73833670236306 38.38721607366951 3.1071779332132143 32.95387923971893 16.253323793379717 35.04337924057693 66.76962981778838 102.04465536925673 87.58433935430827 74.34797710179816 63.11043722481042 55.108377430870306 51.861735685594006 54.2314150887595 61.572343837564596 72.3875752983734 85.3666736971719 95.56213521117114 79.9743162790827 65.25616739325332 52.149305286994746 42.18340007151225 37.92143169703826 41.1744734394924 50.510851158680154 63.29345501043787 77.84268334320006 90.82469252492567 74.27608609009162 58.16751618090762 42.99643815117218 30.209902846573687 23.985277726511374 28.92506951680901 41.1914618191102 56.17405262506024 72.20126474719605 88.11432099518778 70.95185818856184 53.87867766473357 37.01851893208812 20.89360408096955 10.071134474615134 19.10565147455873 35.03337262490745 51.84941260252278 68.90645171181633 87.61937566772482 70.33907747309327 53.07287608000313 35.84115036263102 18.739249491556116 4.055171016665125 16.746428894534795 33.81057346071676 51.0350899190189 68.29875150116321 89.37667648159082 72.50653158135044 55.90094792957801 39.89168925142916 25.62205685932404 17.898177520338272 24.143565475691506 38.002510228756776 53.89046156751344 70.44774621430149 93.25896761045558 77.22043548323357 61.866508723797864 47.860660006187274 36.77674917612518 31.82961534365778 35.67111121242446 46.156695793381274 59.89291767132447 75.11718336653226 99.01655964504066 84.05338376292744 70.17383324496623 58.158969514948595 49.388945224607305 45.768694524355475 48.466299624265325 56.585283535468605 68.21663828523323 81.87691052774478 106.34522374511317 92.53706473050903 80.09747916681867 69.76245461271519 62.58346477578684 59.70993333019355 61.74591726190256 68.25347276111418 78.12304957223286 90.25841395573082 114.94475248219267 102.26135778919011 91.11070966940022 82.11957429552683 76.05770503603239 73.65196165291505 75.25380629905793 80.62472459987966 89.08559938639692 99.85403730345597
11.450738705885904 26.43829664965862 27.55608532334028 48.96058892936743 6.971285740982839 41.54880387318155 68.32647351321015 86.7221386395565 33.68329799579387 49.90854786244555 41.64463256793286 0.0 79.4787077287208 41.57591483893057 15.777174360001416 39.862612724745574 65.742494638278 27.665528870618356 26.05122217006411 42.87520283715483 20.33232281228987 24.192585237982787 27.090082549234232 40.62688536237533 18.210655571300848 19.568267088151572 64.00307176479448 43.44414128572731 47.070998231942596 36.386366024393475 39.35127750702974 39.978176342847235 80.5798774737305 46.71036608508981 11.549042733009548 43.33579524940884 58.95880317129216 53.17152177361283 11.433612439255239 31.515207395138766 60.55244628460666 45.98736271140174 34.08498134901909 28.41555954625073 32.43164722079977 43.53032397004393 57.76396900094064 73.32920816981353 89.53423408433429 106.0862621709689 55.29506609661959 38.84029598612445 23.62848807155198 14.378974351893396 21.305326960363267 36.05262277521032 52.38681952223477 69.19305390661798 86.19565625226443 103.29770666927448 53.38713623394085 36.085439068263895 18.78417190029274 1.4983053603161272 15.822715559231407 33.12378813068317 50.42544949058121 67.72724840321192 85.02910090055259 102.33097980271847 55.17723848040754 38.673135831914344 23.35396937391727 13.925408348246117 21.003303823910997 35.875802528692944 52.26586174868442 69.10195412048986 86.12289175284471 103.23728767317114 60.337099365433296 45.70474154350864 33.70446575436144 27.960121540409222 32.03522364327802 43.23716553774898 57.544410554931424 73.15719828525076 89.39408206453584 105.96857047093982 68.10500397509477 55.516541158931794 46.09323219712303 42.02131248437349 44.78504535976656 53.33211798961514 65.43419799297348 79.48370059911379 94.61705972456748 110.38941188690288 77.70258332547209 66.89608430202065 59.25520135687754 56.088945740690754 58.13311392289896 64.89719707368121 75.11678637374013 87.59061111470957 101.49087086384682 116.30725142689265 88.53668897558029 79.17008769203507 72.7719018556974 70.15900539904197 71.7461622800557 77.27500882977188 85.98855506148736 97.03260089959551 109.70555636107594 123.50701185923194 100.2069230686757 91.98103519842896 86.47700844958231 84.23012462220804 85.49756456623206 90.13119298538146 97.65300353919793 107.45820117630457 118.98361083669971 131.77865169444388 112.453130187518 105.13267316561296 100.29315815807648 98.3016902629674 99.32971948434599 103.2871248804672 109.85778665112717 118.60818916760078 129.09584778116061 140.93345740748012
83.01792314899717 63.918680206156374 82.61474596261297 39.290644960136994 73.29194875080285 38.86681759656623 51.13400477669369 77.19206239793948 54.44399848654114 58.776310231309935 51.137442235697115 79.4787077287208 0.0 52.64668071336237 65.23739294876412 64.74014859660542 14.244200167922125 51.8177061018582 61.607006316022286 91.20543888130938 73.15423335484009 73.9263052791432 85.15812980130009 40.4837692933568 75.77327177196518 64.44757165738751 51.05272716932654 44.6103122461441 50.98549182135316 49.447622382117565 50.83937644209735 89.53696258691075 4.948504800639767 40.61800462383637 69.8353482895515 52.81784979300399 20.648390392250317 35.26128222998774 68.39832913147397 88.7309260946412 131.26101063900322 121.23048628137686 112.97287512992489 106.89982248941057 103.39697966641945 102.727603803014 104.94592695884404 109.87718785229661 117.17937983195733 126.44239608147348 120.41270768480966 109.44905452127819 100.28781508560866 93.46053247146803 89.5029125879185 88.7994738190035 91.42536134099757 97.11087374203034 105.36186149622431 115.63043229497237 110.3070951387392 98.27615726660059 88.01952686241604 80.22067878325291 75.64366248094339 74.88161467631181 78.04636399909404 84.69887734936245 94.10234263039854 105.52387467243526 101.1671458852223 87.94422467117876 76.36934838134835 67.2983176939304 61.84290767720825 60.98132803517226 64.89680255094859 72.82281968651142 83.62671000350588 96.34513821560095 93.27730848589525 78.78498429825355 65.66729839068552 54.91827801142297 48.151254359974864 47.114458376410035 52.150780768276135 61.792706173956894 74.26759719195704 88.3839142811516 86.97857069280025 71.25227169114848 56.45537175927401 43.54583904171802 34.69840793645168 33.32307379197769 40.194319234384224 52.14832373727887 66.49827333522 81.99573990457782 82.6356706450988 65.90629884385096 49.571546821002414 34.201581013071284 21.928745883369793 19.766221462635183 29.987480528927286 44.79404345107939 60.930087244023426 77.57033322762238 80.5655863633808 63.30360381340751 46.07159964444887 28.923205565403833 12.215761740751091 7.785328379961337 23.889565282980342 40.98200591947653 58.19838294407703 75.45390800860899 80.94291515043972 63.78094633983665 46.72232778918362 29.944213250039024 14.45853019437902 10.961545452018111 25.099303916818272 41.69541738148347 58.700543432018485 75.84004854228377 83.73457239227982 67.27278751812295 51.36621701106304 36.743156403261494 25.697116916734718 23.860743410860525 32.81827718416416 46.72744955026204 62.3584857777792 78.69191787196262
38.58117117133869 46.4123262768548 61.33349964742708 45.67957399069507 34.75266145500369 32.16328075499923 71.30694584554799 97.60410487084765 43.713415103638184 61.89354870632509 48.831882694305094 41.57591483893057 52.64668071336237 0.0 26.557919033713027 58.18425687161292 39.01924603642267 26.05125231649345 15.582470107591975 38.561621092153075 25.394341733207312 53.27783361294356 62.470142509990254 33.80869854735272 28.54744293717278 22.030320502708875 67.99128351058917 44.40285328510809 53.896982837572146 41.04604623939104 46.14912044289143 36.96080701965434 51.393023581424835 12.142289218959395 30.115579578249143 51.92884056179895 37.336324222867 46.950441573125765 31.45885256682751 37.24910864786437 80.1401221880326 72.60360350182005 68.69365301000362 69.02929343159859 73.55242623367326 81.56939452573722 92.17300855831542 104.57940310898151 118.22237633613453 132.7211348723276 68.36735512752257 59.421649131069394 54.648592758175994 55.14258030043203 60.775314072986085 70.32263224451538 82.43546310535095 96.14903907577772 110.8709566065638 126.24895836376851 57.694988896902146 46.81559216072298 40.66193925385829 41.39797878437659 48.712397805857975 60.255360438108156 74.07580530729834 89.12040793806229 104.86360187739737 121.03308884206133 48.84984969719271 35.40627313257984 26.825563007971628 28.005852533414956 38.04937599255645 52.056628228991215 67.60725082066286 83.8468751727317 100.44185820962504 117.24139873158998 42.97553803755004 26.770492644096993 13.60641753921886 15.88467296334605 30.30221092775063 46.72085245497027 63.60947284934785 80.67344627109539 97.82104960259302 115.01488369964676 41.358029214359085 24.10129910230687 7.069104241435134 10.852899592660592 28.005574495002612 45.27198421160901 62.55802494126212 79.85094860476288 97.14707962693824 114.44496382731994 44.46435526084446 29.090310037378934 17.723590757594202 19.51198305107069 32.342256844533075 48.06285421165919 64.59695514565365 81.45064490308378 98.45994504393913 115.55616073074899 51.44579673450097 38.894421886796486 31.26645377842478 32.266317353902046 41.27164117185433 54.44529842102988 69.45460172613718 85.33640434936325 101.68269832704847 118.30109634391442 60.985657272190785 50.79815811738892 45.17033487990584 45.814509143984395 52.500315741315056 63.342725451308084 76.59649072881514 91.21648823467929 106.64228462039411 122.57002007523414 72.07499429682413 63.63380678956208 59.18120111000512 59.617651730452714 64.84451299543159 73.85156713298157 85.45170393147703 98.73515116558968 113.11040217542167 128.21073558038745
18.02055749281906 25.398217586984295 36.06203977498102 39.61140217935247 8.827082182377294 29.2579163369682 62.62635215328453 84.87464368180741 28.087269307903888 47.0506310579953 35.79604368815886 15.777174360001416 65.23739294876412 26.557919033713027 0.0 39.442296054258264 51.193873450722464 14.67371847080339 11.802627371754685 39.8785342257984 13.573740454008682 29.107481522845653 36.77150795143558 29.015273215963106 14.219725296715609 5.307004742466496 58.50083198131732 35.11480132443223 41.621203014938295 28.62512197211155 33.03283770815401 37.07467740041038 65.91470011400536 30.93334206600798 4.637955180109701 38.32554648416324 45.131649832257956 43.17127660095154 4.901203127412666 30.987596531649032 68.92386126207447 56.727853560216985 47.794394156215034 44.15045731351824 47.04174395449701 55.45531978627113 67.35253028552891 81.21661285684553 96.20092045625341 111.85615769230769 60.75665700121226 46.516296770363134 35.14071029714962 30.077937676693285 34.25207014659765 45.17117934601111 59.21465812948268 74.63930057891072 90.74350557462405 107.22150706114262 55.08182166096549 38.851099468223964 24.15618200466268 16.010829927266347 22.975738674658707 37.39164087196449 53.545283576657084 70.2479346760294 87.18462941311326 104.2413508749453 52.71067383424894 35.42576601487001 18.173283835404202 2.065230962041765 16.64258689127264 33.888048097860796 51.171647376988034 68.46450739331037 85.76102632247606 103.05936194786449 54.079563476438 37.42326012018331 21.797121081440444 12.183655201015611 20.505640635687687 35.93374484944592 52.54236021655886 69.4901294611961 86.57811181304491 103.73704099713721 58.92840694240643 44.11294996957778 31.90701781453936 26.246398556710094 30.958024955904712 42.73915536982967 57.38973527415051 73.20681831942377 89.57457788070252 106.23879694775474 66.50023465329907 53.77111667098606 44.26161297664061 40.31815217448467 43.48243349312387 52.48424779331436 64.93978847005455 79.23674401869843 94.54339053956143 110.44070536907654 75.98524759599273 65.08939092857231 57.429947195816936 54.39180014252625 56.72244771685829 63.83653571128913 74.37385005835596 87.10071708909821 101.19436410256004 116.15835225321042 86.75809948600578 77.34223060280952 70.96029881537476 68.46603498586875 70.2746216699446 76.07981020226786 85.06728604564357 96.35060640597686 109.22053890561533 123.18077547519573 98.3965759630629 90.14922940288722 84.67916557203803 82.54040660002491 83.98783531687639 88.84635254442861 96.60265192593351 106.62621852416187 118.34233694115883 131.2986940759498
