0.0 31.908758540082715 36.98125025757656 78.97644431020512 75.0843177367538 38.122346190466295 66.45721465408892 55.03114324828691 29.22865348824059 64.29784047099274 64.96078767345801 51.01451747731905 40.36737131402179 20.186982486212756 55.319680828089105 54.708040390378684 42.01442924348132 50.54330641951879 42.13790116982446 6.364554560159658 68.60326958319202 31.09559258673324 50.618187721344 87.21179521538599 22.274683103931483 28.23627227873946 40.12012275778983 41.084118250758415 25.33690143317098 53.444382294967205 65.71766726020711 44.77244690644135 42.425967038906194 32.02064913070174 29.294132981057018 33.67775907260874 45.098983768057195 48.343597417159714 40.7657471767263 8.939128869574596 129.21132485269868 102.99837807300727 83.16555320349427 74.96063324258245 81.95381489924488 114.95557744118302 84.6161234836796 59.159127846861026 47.270783249364975 58.0005342921473 106.35424256473081 72.62114449207574 40.38914736844061 19.58526755549532 39.12453281054805 104.80933160035512 70.36050867897075 36.20855551361331 8.146835153400508 34.87886858087733 110.61698208613763 78.67794230873217 50.389976023538416 35.81773247851285 49.20873332038622
31.908758540082715 0.0 10.630356698786894 56.33286121808725 49.34221402430488 15.154199434768277 49.43129309345398 24.482878524718164 56.90452784629432 33.104676512790036 33.528021591854575 37.75450949860715 54.377732418914945 11.781043286369565 24.241313591865595 24.037587948098306 16.94657968682382 18.654734789054547 13.46889241622099 33.372403494340695 44.877149975057094 5.6731501345435085 27.13556784624076 64.55248600413046 24.851182221724038 12.305399442014801 15.632871177342775 10.977093106786917 52.63668825782249 21.55993712976674 33.88105296027058 39.72409575997337 50.91983148127278 27.75614876916033 11.276634167128643 21.254935511148375 20.751370818890504 18.056740329665786 28.30832717667933 37.70251025292571 98.9250526453983 76.03424777877981 64.583439913332 70.39607708848432 90.19405584561912 83.17462731756959 54.21629303843036 36.818780525437816 46.5474718483991 73.29761277771783 75.10021174807973 40.90438965865102 10.05730505167695 30.397083401136094 64.35579986694887 77.15120631397444 44.52603113766751 20.19091986926827 35.03749455513287 66.65152501941573 88.62731671854307 62.189900721305754 47.698810719702585 55.47593754472 79.21359137516832
36.98125025757656 10.630356698786894 0.0 46.105954691124616 39.823278271701994 4.8685153935216094 38.81682551058186 18.410974697971337 57.87382087167172 27.951087659062843 28.916098126454134 27.735075991241107 50.43482295497929 18.90814970524273 19.16188722475135 18.185557790372297 6.41411418165978 17.356615074427292 5.321262190549644 39.940123349492836 34.74196545618075 16.27530751483627 16.65031446051103 54.38835946836909 22.7703457379774 9.578482480955886 5.002522153901482 5.826469626441845 53.68432088986913 21.089741289515583 32.77431326528721 31.463394872019677 45.53668614585352 21.7461490847753 8.213635435980338 13.906090966711709 10.23291395000217 22.5031199341952 19.253776972622415 44.21786904308076 92.23100404115547 67.18149677360697 53.99024594502736 60.92074813000543 83.08144314371606 79.01840343512295 47.66013287694171 26.342167947239638 38.87380506944803 68.72610123521676 74.64226139389955 40.06525176556003 5.816866582965939 29.279716518704742 63.840598264365404 80.55602936608827 50.14578867885913 30.57389424321572 41.83016290212972 70.42441820669971 94.85397012802892 70.70758995758823 58.28069314527037 64.71864799068295 85.8787278075354
78.97644431020512 56.33286121808725 46.105954691124616 0.0 11.008092498563267 42.71634743999304 17.110191998543762 37.15932652231771 89.35643468445812 36.634682166269236 38.30893510701369 30.805156418975535 69.0928109022669 64.43629462900131 39.174783322772385 37.785478400766614 39.71867737064092 47.183504234162015 43.01092475855334 83.50052054638304 11.495694025188198 61.650866856741054 29.572111264641244 8.333438136475854 57.745873759880986 51.91391285381588 41.3673262926354 45.94404214838462 86.01798877082537 48.79851685765804 49.52140068058837 42.03615449125248 60.568802089868136 48.88790216896415 51.29447301633822 45.327165582465135 35.937385153914136 57.88781607331612 38.99379280670202 87.45125521154854 61.21130745005113 27.645249648108766 13.287135383632394 44.538618922752384 78.64910460139578 63.07480445675528 31.523642223296005 20.09719057477139 46.99895857595415 80.05470088373887 76.19972717686082 52.96152444333435 46.8856090471206 63.13802511284773 90.38458225227845 96.07612697951767 78.7255056399329 74.56228710793376 85.53426469884776 107.08609887755037 119.3771614937789 105.6971720086793 102.40862700825306 110.443699833649 127.68219926388755
75.0843177367538 49.34221402430488 39.823278271701994 11.008092498563267 0.0 37.30250060138354 22.482819479474422 27.79797354950297 88.92645170097504 25.97090770527155 27.566789643245837 31.81737862196632 71.13489040949058 58.68767208313901 29.577238974509687 28.42319683279837 33.740598929438725 37.814362871824976 35.88304880314382 78.99613292827536 8.048020434753983 54.30152531564466 24.4662229284253 17.103556039773583 55.19672703381668 47.06979372235995 35.56824137458422 38.49208459883063 85.28058495761861 38.98926067107017 38.70613937812244 43.61544968702873 62.97589284244371 47.370462171276934 46.20759030613175 42.22756472051081 30.241115594344528 48.442404859422915 37.43157954407797 83.13407425163497 58.077798418722296 27.959069898768448 24.191641738226494 52.75991366880281 85.88846529360411 55.38778871971709 21.892649999443144 16.9003563398017 49.867914539364214 84.15966190667213 66.04097279516165 41.96445278546313 39.4391730565923 61.19403001272674 91.26224909809464 85.16904184362596 68.02071544938876 66.29209290751963 80.97676978114052 105.4258256542116 108.37300803493999 95.27083156901574 93.82450965139421 104.519044491503 124.25822908195086
38.122346190466295 15.154199434768277 4.8685153935216094 42.71634743999304 37.30250060138354 0.0 34.37226982439774 19.368128054121485 56.75762778012283 28.891535046126886 30.111173910451132 22.87579913052815 47.290531347063634 21.7225111088137 20.637409163641568 19.29705032684147 4.020872897172036 20.624688398141167 7.540347949141326 41.72736108419658 31.5647521160032 20.826652701580056 13.17549101000709 51.043772050671734 21.221823237945028 9.887502616564102 2.223602066627489 9.6397063162345 52.65358860515769 24.395173577664448 35.41510081834248 26.895262793497565 41.86990772555593 18.31033270445209 8.920008176022856 10.266436039222478 7.063072679892878 26.961337810667715 14.55112421158149 45.905906715647376 91.47796305316572 65.05048520044336 49.8970960221643 56.059623839909065 78.67940852209641 79.72490796751461 47.306381989849534 22.6841802753561 34.439740474737704 65.21092580632062 77.02730114662026 42.64882819466096 9.974645302267996 27.83735133829209 62.009646735395556 84.25956575133361 54.540590096136306 35.277593744238516 43.694077150653236 70.48877386416387 99.27437806195002 75.53203121774965 62.84545613437312 67.74063028555163 87.3087203184024
66.45721465408892 49.43129309345398 38.81682551058186 17.110191998543762 22.482819479474422 34.37226982439774 0.0 37.28272052515797 73.49104287772015 40.975081644493926 42.87031695309075 15.642799807045265 52.19421794309982 54.973919327490506 39.63303457707706 37.82114517321028 32.70708527394084 46.165207297328195 37.58687967265185 71.63858379895245 15.543180379091536 55.09011506725332 23.223613381421302 23.531729233118167 44.350291194359244 41.816149932708846 33.82449464582927 40.796643831594224 70.38808059240642 48.878075181476525 53.67078274840655 25.67608491286475 43.61025769786854 34.80987207023045 41.60570237720055 33.35072116003269 29.07931664922703 56.27943602421005 25.721871204964536 75.26879309657093 78.20749244784007 44.726348578686 16.713189036049858 30.871753542210932 63.416478096800766 77.86012617581005 44.121782134344286 15.037126126727603 30.005828741950562 63.00345583941388 87.16251701091275 58.887472186483826 41.6291473273811 48.918901789726355 73.81025345860992 103.5453497618773 81.01461082394046 69.28099455356596 73.69604180047608 91.96259173465236 124.23777939059632 105.98798245677595 97.09041952716743 100.07156063183697 114.00331343510581
55.03114324828691 24.482878524718164 18.410974697971337 37.15932652231771 27.79797354950297 19.368128054121485 37.28272052515797 0.0 75.99765186264308 9.58316034907311 10.743533057065036 33.49752480725871 65.8653492943145 35.73785115025588 2.361582333962456 0.6282142367439197 15.661296538312156 10.051424713094459 13.091862616006564 57.40021180418878 26.216574896289572 28.382055269791866 16.46581726909125 44.612896362838775 40.5326936381875 27.94316410999373 17.174596591156682 14.000581044727843 71.8524970785472 11.859142437769053 17.96001087454722 42.12562773746592 59.644154039990994 37.03544637567434 26.608208780164947 29.163570521225328 15.262816702802192 20.745232199113566 30.27679574761384 61.73117888342887 74.53721714950113 52.44478151855679 48.37276521826839 65.75868505045932 93.2914564244254 60.632447530197005 29.80282155143841 22.247920984190156 49.96577969575998 83.0243074632168 58.26126606116591 24.67545225481298 14.772730334003006 47.142782858896666 81.3726193902314 68.62985591055667 43.73191533874768 38.85525746474507 59.176084381953316 88.81843394841437 87.31130846188931 69.274388817574 66.10134801071439 79.5902404446438 103.41467710165259
29.22865348824059 56.90452784629432 57.87382087167172 89.35643468445812 88.92645170097504 56.75762778012283 73.49104287772015 75.99765186264308 0.0 85.57492869412025 86.68297035949495 58.55686536345691 26.089689168512088 46.49983447046181 76.98535652906004 75.85757656110673 60.68608282611685 74.35135308603262 63.11721112853687 33.301666258297374 81.2364635446332 57.88585585664307 66.09099771376873 96.79541666505821 35.54805397851659 48.33359073536219 58.98072555283397 63.28413778914605 4.267839588471826 77.78167032086205 90.04831180785386 47.85036426149162 33.49412022439614 41.665911608993575 49.73712423936371 48.05162979624079 62.490031295093964 74.7519055061346 51.50854831095658 31.78928854113565 146.45964027775292 116.22291871251923 89.21817648766446 69.33090782458493 63.62736933503814 136.47935120806522 103.488834658245 72.02842257314454 45.399092346769876 36.45395290369119 131.78919032599188 97.27946579178342 62.87329551472021 28.942376531568488 10.822387722577824 132.95048210667213 98.8327142592447 65.22903751073044 33.71344647123351 20.327636932215846 139.81743686696544 107.81351569150682 78.06026096987694 54.38626835098967 47.086512872214364
64.29784047099274 33.104676512790036 27.951087659062843 36.634682166269236 25.97090770527155 28.891535046126886 40.975081644493926 9.58316034907311 85.57492869412025 0.0 1.9002474454485134 40.41724954619634 74.85351901555855 44.68088399143206 8.978559962017465 9.767175065543348 25.092759256330787 15.612879588874902 22.63066960014587 66.38202815033425 27.2631966161948 36.3021571618562 23.786498745090228 43.00233958077661 50.09046146489196 37.50602975161376 26.68243079320448 23.227093232026395 81.43333511100239 14.968432060415841 13.027306222401657 50.1216180741642 68.30774481059123 46.23916446789269 36.1606088324122 38.49222204033202 24.19256957042659 24.790910162562863 38.82222254403027 70.71821783902203 65.94420430887097 46.747863896684336 49.16200506783407 71.01589943105154 100.32162512152743 51.06801031377849 21.462607710985743 26.61192295407791 57.884319276203335 91.58517049109771 49.687191033246776 17.966518037252282 23.90870867122058 56.70369205435385 90.85066206210647 62.69985520808992 42.093080048980596 44.801856011910814 68.09852116859594 98.2976817474273 83.63744936031995 69.33725890767703 70.81561902607918 87.2743502465923 112.31000137682896
64.96078767345801 33.528021591854575 28.916098126454134 38.30893510701369 27.566789643245837 30.111173910451132 42.87031695309075 10.743533057065036 86.68297035949495 1.9002474454485134 0.0 42.229651427465306 76.36478787335433 45.195190328163505 9.767563574891794 10.835241249441818 26.385645531371754 15.558799169073268 23.61249184838756 66.87837250174378 29.08725314110189 36.46828716933809 25.525099239572068 44.54059495802564 51.25689300854329 38.492566847370966 27.917912381441987 23.97923520193052 82.52307182586011 14.459032007345282 11.249089465757613 51.829991800675124 69.90538493281633 47.661652815268354 37.128243489775464 39.85288037865813 25.676216783341243 24.168205146764247 40.42517197321876 71.21266766295216 65.79919743518894 47.57781531487824 50.9173411556047 72.91306977243106 102.15120581214146 50.163723338665235 21.61375922505219 28.508915171136554 59.608808982956276 93.21217828194776 48.015054940371755 16.066646093948723 24.61058791463432 57.86257221474777 92.11582814077197 60.8003741651043 40.45501272426597 44.39995376713468 68.56332123322264 99.12278963869127 81.79266343455039 67.84164310466929 70.06928312275281 87.24498544924468 112.73170664424936
51.01451747731905 37.75450949860715 27.735075991241107 30.805156418975535 31.81737862196632 22.87579913052815 15.642799807045265 33.49752480725871 58.55686536345691 40.41724954619634 42.229651427465306 0.0 39.31784039291862 41.150863804685564 35.73836964545761 33.85228750572561 22.826413487613973 39.97974613258979 28.436547521658113 56.368768096784606 23.778796273019715 43.35941033564649 17.03501472356832 38.315690849388304 28.804810588263713 28.098965785824653 23.20396597186891 31.45887094251289 55.26301828338292 43.391905364467256 51.42166747496322 11.798884163663796 31.210019193291345 19.18834460286589 28.21221130220642 18.75541656085697 20.192801468730224 48.625581811958384 10.692519762891346 59.88206047498969 89.84800504620334 57.97150364945527 32.304264418451204 33.48544167021102 59.94850413532196 85.28024698034743 50.676448371075445 16.07291913961401 18.53184975970135 53.13543635888387 89.76871675155341 57.84967240192441 32.087162544852056 33.27802153186101 59.833993245346264 102.12602503750388 75.4724921667341 57.941892389852185 58.42279050968096 76.57660050881636 119.9437045280978 98.06378005055515 85.09544848507852 85.2096440806038 98.36081146562914
40.36737131402179 54.377732418914945 50.43482295497929 69.0928109022669 71.13489040949058 47.290531347063634 52.19421794309982 65.8653492943145 26.089689168512088 74.85351901555855 76.36478787335433 39.31784039291862 0.0 48.03846598892202 67.5121809493726 65.93887943341306 50.44231563416776 67.7225841292831 54.77742423967811 46.552037721147656 63.0961562017394 57.753904349480926 51.958843969331554 75.66854208747256 29.60750364616673 42.557160859265714 49.258162744223284 56.249008409646954 25.03493570162727 71.48274213406683 82.6957537424514 27.522279945781104 8.661053661177384 28.993402573796722 43.86975379670319 37.032106549649676 50.689725902484824 71.84141474346363 36.28193706433707 47.439873962665985 129.14644908269779 96.69955492939852 66.46523432068571 43.35061316046105 41.662318568897135 123.50848695241567 89.1035882599542 54.94910797591487 22.23086658328099 19.07538534199606 124.09367161000554 89.90555860739518 56.22836278928532 25.201136368693003 22.436910339168357 130.81848471165702 98.90134344948166 69.60094897466867 47.97838086349129 46.415240313755824 142.817918068062 114.16983136150108 89.81813389167868 74.1255561477692 72.91538308857761
20.186982486212756 11.781043286369565 18.90814970524273 64.43629462900131 58.68767208313901 21.7225111088137 54.973919327490506 35.73785115025588 46.49983447046181 44.68088399143206 45.195190328163505 41.150863804685564 48.03846598892202 0.0 35.73836964545756 35.346625434510244 24.98027356960349 30.434158322692625 23.472669660951446 21.70183620721507 53.2662352717928 11.398024916983443 34.89194549633649 72.76516914192715 19.219897114508985 13.173101076317344 23.203965971868833 21.776575280990812 42.25910065137762 33.265049524205224 45.530729695615754 39.64305355065538 46.30825597426245 25.98666779164767 13.404051958572524 22.486697647673516 28.630479901746874 28.514158628548092 30.57865123943118 26.03802478274031 110.2719070098817 86.08348755814022 71.10274726341652 71.3834364014116 86.77758813393426 94.95230149256668 65.53856121632 44.37890673452273 45.14966920633955 67.09932045672149 86.35699937524699 52.452025829408285 20.970206232789288 22.872143508817125 54.784771710144355 86.51449597798903 52.708552451295006 21.59803992685634 23.44375174608397 55.023576794474096 95.38143435798077 66.15308701222763 45.27320577870981 46.02080770360659 67.68297911481568
55.319680828089105 24.241313591865595 19.16188722475135 39.174783322772385 29.577238974509687 20.637409163641568 39.63303457707706 2.361582333962456 76.98535652906004 8.978559962017465 9.767563574891794 35.73836964545761 67.5121809493726 35.73836964545756 0.0 1.8981694743511817 17.11735427293975 8.29130910358871 13.874018017788265 57.43947852121628 28.360059182649497 27.759657299616073 18.723690988156136 46.5063843268309 41.63741493330587 28.740357323628885 18.493971550045053 14.257950809904452 72.81255280319564 9.667986222467231 15.822642138141145 44.16000959965893 61.445818608236294 38.593285146292814 27.370139599118037 30.64375734988798 17.11189085811641 18.865252198194753 32.183657145701616 61.77549159651181 74.69015197236622 53.57275359303336 50.55955300852612 68.09775488551013 95.46280629988775 59.92498055710769 30.011203709218705 24.600553963126607 52.005269121927796 84.84547501990633 56.58251214457155 22.689753921596655 14.930592222193074 48.22731211504474 82.60555721143272 66.41064061054325 41.38260232602675 37.54325963278772 59.17180825459229 89.3752729761453 84.95476335653711 67.03497815872396 64.53557451747372 78.93521433365517 103.39957130440712
54.708040390378684 24.037587948098306 18.185557790372297 37.785478400766614 28.42319683279837 19.29705032684147 37.82114517321028 0.6282142367439197 75.85757656110673 9.767175065543348 10.835241249441818 33.85228750572561 65.93887943341306 35.346625434510244 1.8981694743511817 0.0 15.648745157730973 9.423211018963933 12.864540922875802 57.022082084784465 26.833201060815398 27.872189277680267 16.831895131350713 45.241080633020175 40.42177648712523 27.73908638340751 17.117318886243027 13.64478977773419 71.70414938480125 11.261134613511928 17.659596503448096 42.36133644854263 59.77750824034449 37.0723512840478 26.39372771844526 29.17028260430059 15.403805849223017 20.11734096257145 30.450878091265263 61.35469842222396 74.94123146362547 53.012187965123985 48.98168781394409 66.20369459648552 93.60268363323304 60.835036040382086 30.209107225819157 22.78432726506844 50.20465953162139 83.16692232206876 58.16526556701374 24.450021621996463 14.396597140512291 47.027369416298455 81.30644471541562 68.28686429079798 43.19664678067482 38.25745649591219 58.78897760720471 88.56344067543723 86.83617734240916 68.68011171454276 65.48409195456985 79.08316734783679 103.02864125809592
42.01442924348132 16.94657968682382 6.41411418165978 39.71867737064092 33.740598929438725 4.020872897172036 32.70708527394084 15.661296538312156 60.68608282611685 25.092759256330787 26.385645531371754 22.826413487613973 50.44231563416776 24.98027356960349 17.11735427293975 15.648745157730973 0.0 18.256632589943337 5.642889978887976 45.46023429812376 28.39240653806602 22.529075291299478 10.23669655298414 48.01299663325444 25.13811852950443 13.79554226352523 1.8943362860183113 8.638869681040816 56.599339012826746 21.966433889527167 32.345446758390224 28.527747529781934 44.631994650989036 21.48455722617427 12.728434568615093 13.529241999919106 3.820504790007237 25.88713047174664 16.09558411757163 49.673492332609946 87.47669254524934 61.346074573627966 47.637381725857225 56.30372594787804 80.40963324724443 75.79558251868538 43.28577454278106 19.929705218492927 36.270855330948976 68.0353119102761 73.67908780039168 39.49939110562194 9.3085359341177 31.748209550835657 65.75790297023902 81.87247873160075 53.13181440073946 36.57465073284558 47.40515687329499 74.50920189572643 97.81810595435576 75.24592527470524 64.4227435259756 70.94648470931433 91.16628048421065
50.54330641951879 18.654734789054547 17.356615074427292 47.183504234162015 37.814362871824976 20.624688398141167 46.165207297328195 10.051424713094459 74.35135308603262 15.612879588874902 15.558799169073268 39.97974613258979 67.7225841292831 30.434158322692625 8.29130910358871 9.423211018963933 18.256632589943337 0.0 13.091862616006633 51.923673460187786 36.12873154182887 20.998183115905658 23.675436331160565 54.66402029895591 39.91149988186442 26.325787417582426 18.91612893930188 11.535422294215905 70.10684364198188 3.7721420553331866 15.699315484170068 46.76441965311034 62.4936174026618 38.84781409543508 24.903602470810483 30.834209105108595 19.91146428678842 10.704323617934573 34.34821280883797 56.23844643571932 81.35254706789316 61.669609521998545 58.162143415272794 73.1937120174136 98.62349818393956 64.54614444243165 37.062397089022994 31.239008346771364 54.52492875707326 85.81898343654107 57.54762480030542 22.956278605925366 11.709258384482524 46.28257915892279 80.88202477989037 63.677772931039236 35.54289760069087 29.43766939692182 53.52284740670265 85.19186589437822 79.97219064644571 59.853986000341486 56.25160157404745 71.69923566947308 97.53006093912471
42.13790116982446 13.46889241622099 5.321262190549644 43.01092475855334 35.88304880314382 7.540347949141326 37.58687967265185 13.091862616006564 63.11721112853687 22.63066960014587 23.61249184838756 28.436547521658113 54.77742423967811 23.472669660951446 13.874018017788265 12.864540922875802 5.642889978887976 13.091862616006633 0.0 44.86424828819141 31.524365594523005 18.6432172097924 14.469027744362336 51.17956463998706 27.852947972547135 14.88356384846639 5.880527481732531 3.210887297596882 58.940307449112986 16.85993417918969 27.996100675199347 33.97705698276266 49.40846390191994 25.824759224888368 13.530526801136899 17.78786082254399 8.620053080318739 20.244240514053878 21.529893348032026 49.16940080426144 87.12159424991648 62.79639584601746 51.878742975253964 61.92109583678535 85.8594301254177 73.69848384662407 42.47950770868006 23.924752714115627 41.65479772135695 72.75090183200282 69.75042745065481 35.26139272376103 4.057536179981666 34.41533784013589 68.90008311469735 76.75396651273289 47.53936501575499 31.994458370434405 46.713314982260165 75.73279683541791 92.24725264798195 69.67299706811538 59.94898805727342 68.76205034676458 90.86991645238474
6.364554560159658 33.372403494340695 39.940123349492836 83.50052054638304 78.99613292827536 41.72736108419658 71.63858379895245 57.40021180418878 33.301666258297374 66.38202815033425 66.87837250174378 56.368768096784606 46.552037721147656 21.70183620721507 57.43947852121628 57.022082084784465 45.46023429812376 51.923673460187786 44.86424828819141 0.0 72.84505080939495 31.47389905347549 54.61047753424328 91.7911655834071 27.908394930570353 31.928286622903908 43.5820659579669 43.407733397864476 29.744080350718573 54.51846767803207 66.57747969138339 50.70785452424063 48.78285892743986 37.63149240324538 32.8075477464927 38.47576975234126 48.78587732214342 48.41393370614016 45.921531804281294 4.336209682274433 131.90449827895094 106.77627955283194 88.30784723813203 81.17944750298832 88.18534070841449 116.4614198904822 87.18316380194341 63.50861306904946 53.48440871131217 63.89536896285934 106.32745392634662 73.23883468082074 42.62824993585435 25.792437273043934 43.68264288277031 103.08114038655152 68.4862838859967 33.9098068614177 2.0574902164328432 35.404037543057854 107.34935225068418 74.70124034432023 45.07221264655551 29.62381745951016 46.02688272336252
68.60326958319202 44.877149975057094 34.74196545618075 11.495694025188198 8.048020434753983 31.5647521160032 15.543180379091536 26.216574896289572 81.2364635446332 27.2631966161948 29.08725314110189 23.778796273019715 63.0961562017394 53.2662352717928 28.360059182649497 26.833201060815398 28.39240653806602 36.12873154182887 31.524365594523005 72.84505080939495 0.0 50.16699721921768 18.39323147229017 19.676348943948405 48.062020144069656 41.01859730843747 30.095152587769892 34.448520358331066 77.65832983534088 38.0276743580069 40.283479183282424 35.5746086979774 54.92788775400697 39.849476797241266 40.30272978729819 35.24456249969939 24.6553534167653 46.807918755233004 29.85701277764858 76.88861082344799 66.08338072705048 35.1209114443276 22.243857172447726 46.378286859960426 78.75244346053832 62.89056031256572 28.73097780930187 9.516780364272067 41.83924765462041 76.19271417447051 71.68604806718871 44.70197840527781 35.39032183725511 53.865698796747736 83.33896300237797 88.98284295583834 68.93333439683403 63.090726081527045 74.85887870104982 98.09200068546866 110.8703495776273 95.32011581685607 90.96321692767938 99.28434660228011 117.62290770100249
31.09559258673324 5.6731501345435085 16.27530751483627 61.650866856741054 54.30152531564466 20.826652701580056 55.09011506725332 28.382055269791866 57.88585585664307 36.3021571618562 36.46828716933809 43.35941033564649 57.753904349480926 11.398024916983443 27.759657299616073 27.872189277680267 22.529075291299478 20.998183115905658 18.6432172097924 31.47389905347549 50.16699721921768 0.0 32.6593155488309 69.82167828992166 28.176374391207933 16.970016012676727 21.27464047477743 15.824364893340078 53.639848518356295 23.208757993177308 35.11822704316115 44.86022349283618 54.93295379685886 32.37082343829781 16.17853195706876 26.4116834647677 26.311827139014472 17.254536152572744 33.74088074104215 35.7168394977794 102.23633499317707 80.55711391357771 70.15259937553431 75.81611956240901 94.70764995697593 85.22298765800588 57.701253915691865 42.31703506189147 51.447525546348295 76.79703111701998 75.26020599553517 41.77633888826894 14.87537822163744 33.047568224259976 66.01406786265355 75.20493698179185 41.677605741022774 14.59841623013552 32.92499589771011 65.95337455793916 85.07649452483085 57.486660750055904 42.026688706644784 51.211220640722345 76.6404320936771
50.618187721344 27.13556784624076 16.65031446051103 29.572111264641244 24.4662229284253 13.17549101000709 23.223613381421302 16.46581726909125 66.09099771376873 23.786498745090228 25.525099239572068 17.03501472356832 51.958843969331554 34.89194549633649 18.723690988156136 16.831895131350713 10.23669655298414 23.675436331160565 14.469027744362336 54.61047753424328 18.39323147229017 32.6593155488309 0.0 37.89093712881612 31.244474467120543 22.700250341636046 11.809382094257815 17.660204525650034 62.21736335628544 26.83373626122863 34.38898146514616 26.355746853427256 44.920137233747894 24.63824678935978 21.93245385815834 18.238915899572834 6.417649799934021 33.294326821864395 15.698524364796246 58.71374212701717 80.49091239135716 52.398393411909524 37.51297252487609 49.63548533524977 76.90881953523336 71.70033139056805 37.68328960859705 9.694108808737074 34.099469367592135 68.01782496062262 73.4497385376202 40.8855057018848 18.526543056977445 37.54582206799954 69.79249564092305 85.09143419418461 59.16384021412193 46.4217613540929 56.60752590236308 81.53929220416319 103.3339066958636 83.10313891699695 74.35800512601885 80.91254513296145 99.79635663432745
87.21179521538599 64.55248600413046 54.38835946836909 8.333438136475854 17.103556039773583 51.043772050671734 23.531729233118167 44.612896362838775 96.79541666505821 43.00233958077661 44.54059495802564 38.315690849388304 75.66854208747256 72.76516914192715 46.5063843268309 45.241080633020175 48.01299663325444 54.66402029895591 51.17956463998706 91.7911655834071 19.676348943948405 69.82167828992166 37.89093712881612 0.0 65.83165121570475 60.24281511618145 49.676542549321326 54.06308888232957 93.56569986241617 56.015060277275964 55.56115890559206 49.123186646634096 67.05236042591265 56.817119801369316 59.627498773780225 53.540876273331335 44.24211088923449 65.34598473263254 47.00954233818351 95.72317313716513 56.88001269628566 22.355756602737717 12.612619213235908 47.04498671210082 81.62253173756412 62.423278771957634 33.98585131918099 28.42977203746793 53.44443167743942 85.43537971645623 78.45934788084507 58.25375367877431 55.00843659687284 71.08554077720329 97.34052521329842 100.06406695654509 84.94137305057765 82.53471540713971 93.82773934858643 114.84786948361283 124.36756104169577 112.33623797969271 110.30044376844626 118.77526188889955 135.8070512995451
22.274683103931483 24.851182221724038 22.7703457379774 57.745873759880986 55.19672703381668 21.221823237945028 44.350291194359244 40.5326936381875 35.54805397851659 50.09046146489196 51.25689300854329 28.804810588263713 29.60750364616673 19.219897114508985 41.63741493330587 40.42177648712523 25.13811852950443 39.91149988186442 27.852947972547135 27.908394930570353 48.062020144069656 28.176374391207933 31.244474467120543 65.83165121570475 0.0 13.64328022636165 23.443048792127495 28.459102627386905 31.473213464938553 43.551512792248005 55.49604550229487 23.006596342619694 27.119750925058742 9.749672032105233 15.053804013010156 13.023611183048482 27.058594606288228 42.615193729478186 18.86571424867359 31.19345796957329 111.67589967202142 83.0814515284456 61.06018131014854 54.30433711971616 67.56014693341076 100.93281768786261 68.11351497682037 38.55267886798059 26.98162454397796 48.626617895985945 97.38452712606735 62.78719558874074 28.205887804574555 6.615637112614463 41.0708603828033 101.78646372548016 69.36072868173802 40.6961268775284 29.937875291559756 50.31118748162298 113.2148297485681 85.12013425048066 63.78140275861352 57.31917590221112 69.98356249912635
28.23627227873946 12.305399442014801 9.578482480955886 51.91391285381588 47.06979372235995 9.887502616564102 41.816149932708846 27.94316410999373 48.33359073536219 37.50602975161376 38.492566847370966 28.098965785824653 42.557160859265714 13.173101076317344 28.740357323628885 27.73908638340751 13.79554226352523 26.325787417582426 14.88356384846639 31.928286622903908 41.01859730843747 16.970016012676727 22.700250341636046 60.24281511618145 13.64328022636165 0.0 11.902602868152652 14.989650729320669 44.132048302509546 29.93389854497758 41.971777248776526 28.00432919834871 38.69096634580955 15.476672236030911 1.4226131961577468 9.775727450294486 16.90058826697908 29.284539640481324 17.68834740861828 36.06993800628769 101.21351737803182 74.88991426820033 58.0311560438842 59.34242613401468 77.91164651095997 88.57249365937665 56.84588091095395 31.822327114489642 34.47761031017084 61.31549156347437 83.8582729196641 49.25491516724999 14.653935062841635 19.957038135656852 54.558989571831795 88.34926444883155 56.5006457282055 31.20725795568843 33.91610934645957 61.004520651691955 100.82256766863316 74.36557730382589 57.359238109163165 58.69173262754619 77.42190216417177
40.12012275778983 15.632871177342775 5.002522153901482 41.3673262926354 35.56824137458422 2.223602066627489 33.82449464582927 17.174596591156682 58.98072555283397 26.68243079320448 27.917912381441987 23.20396597186891 49.258162744223284 23.203965971868833 18.493971550045053 17.117318886243027 1.8943362860183113 18.91612893930188 5.880527481732531 43.5820659579669 30.095152587769892 21.27464047477743 11.809382094257815 49.676542549321326 23.443048792127495 11.902602868152652 0.0 8.45834671756728 54.87719058256098 22.67117326326873 33.44157297779237 28.12374290590621 43.664246249654944 20.265014178412475 10.835487821600216 12.236388308596862 5.439977372349054 25.881259179584386 15.684175955622667 47.79029713490643 89.35416400336611 63.21203010842362 49.01186276621057 56.598343170354624 79.99618755607348 77.50137639810012 45.12454645269116 21.46699747729576 35.78107332262605 67.0416614858213 74.95987438669668 40.648536314109585 8.970933600838384 30.058363289749675 64.19802307263942 82.59386812893399 53.32934657539481 35.512273691731494 45.53080476634328 72.66234929940218 98.05451253274556 74.9086339874104 63.26686218145078 69.20162312079145 89.27379135026953
41.084118250758415 10.977093106786917 5.826469626441845 45.94404214838462 38.49208459883063 9.6397063162345 40.796643831594224 14.000581044727843 63.28413778914605 23.227093232026395 23.97923520193052 31.45887094251289 56.249008409646954 21.776575280990812 14.257950809904452 13.64478977773419 8.638869681040816 11.535422294215905 3.210887297596882 43.407733397864476 34.448520358331066 15.824364893340078 17.660204525650034 54.06308888232957 28.459102627386905 14.989650729320669 8.45834671756728 0.0 59.0669823368202 15.263437027615876 27.036958422127046 36.492095211933986 51.240993257603144 27.48514363799645 13.572533614922941 19.549681110973356 11.81560522332234 17.424910666405857 24.085063537775902 47.73671942632508 88.50496364246861 65.05717188779658 55.0139757730307 64.92637629664902 88.31266069662024 74.13259655681878 43.77690481820808 27.05610722375365 44.073671282826034 74.48344837627258 68.92614709087164 34.328269104472845 0.9490872078729429 34.90309260294692 69.50111783183226 74.82437299687358 44.92789681627107 28.864910536074692 45.1961086636123 75.14673277242765 89.66165593513996 66.60800848916728 56.822811949712204 66.45169700410587 89.42938568898735
25.33690143317098 52.63668825782249 53.68432088986913 86.01798877082537 85.28058495761861 52.65358860515769 70.38808059240642 71.8524970785472 4.267839588471826 81.43333511100239 82.52307182586011 55.26301828338292 25.03493570162727 42.25910065137762 72.81255280319564 71.70414938480125 56.599339012826746 70.10684364198188 58.940307449112986 29.744080350718573 77.65832983534088 53.639848518356295 62.21736335628544 93.56569986241617 31.473213464938553 44.132048302509546 54.87719058256098 59.0669823368202 0.0 73.52861053858892 85.80207286644067 44.85131438265911 31.741703776982874 37.933897826615635 45.53175022260746 44.10244588202363 58.478893707627556 70.48806523195853 47.8498079900571 28.578552812710814 142.65682498879795 112.71041517298258 86.31964465196289 67.77388739847063 64.26736319057744 132.37758989705085 99.51133864417615 68.38139979296082 42.94594584966385 37.51695351830207 127.53085789977074 93.02897535384872 58.64736854352706 24.889565319675274 13.939875522801545 128.73197862986083 94.65390024423625 61.16899978905862 30.31137465663288 22.15309293957006 135.82053025242107 104.00673377511247 74.71543659337655 52.3660560341841 47.92517865877574
53.444382294967205 21.55993712976674 21.089741289515583 48.79851685765804 38.98926067107017 24.395173577664448 48.878075181476525 11.859142437769053 77.78167032086205 14.968432060415841 14.459032007345282 43.391905364467256 71.48274213406683 33.265049524205224 9.667986222467231 11.261134613511928 21.966433889527167 3.7721420553331866 16.85993417918969 54.51846767803207 38.0276743580069 23.208757993177308 26.83373626122863 56.015060277275964 43.551512792248005 29.93389854497758 22.67117326326873 15.263437027615876 73.52861053858892 0.0 12.35187473156184 50.43937262735594 66.26471242772796 42.618321951675725 28.51425414855711 34.60616323617991 23.455390504659096 9.848582829827611 38.042575906946766 58.806499716401106 79.82574559143997 61.6588542478731 60.21848835210806 76.45590726754098 102.27185612750054 62.017197817564025 36.041461077652365 33.86262477976632 58.216871663289666 89.59111163540119 54.02962134035445 19.50803631395921 15.387699540186356 49.878386412544835 84.46170660580458 59.92832407812665 32.35114490755546 29.943787563596313 56.04913502726686 88.2112348144634 76.56831328307608 57.41992751872362 55.912313604337655 73.14453368580959 99.84415887560547
65.71766726020711 33.88105296027058 32.77431326528721 49.52140068058837 38.70613937812244 35.41510081834248 53.67078274840655 17.96001087454722 90.04831180785386 13.027306222401657 11.249089465757613 51.42166747496322 82.6957537424514 45.530729695615754 15.822642138141145 17.659596503448096 32.345446758390224 15.699315484170068 27.996100675199347 66.57747969138339 40.283479183282424 35.11822704316115 34.38898146514616 55.56115890559206 55.49604550229487 41.971777248776526 33.44157297779237 27.036958422127046 85.80207286644067 12.35187473156184 0.0 59.9687119830037 76.96330153550228 53.70300231932628 40.549330402981134 45.664102627388175 32.83304674382536 19.137034562573717 47.90390336733723 70.83298586343703 70.2253754417664 56.57503899810516 62.16638443681352 83.20682847253867 111.25145341663355 50.40929759825009 28.84729154986226 38.962472958994596 67.81461119993547 100.37134954085654 41.89139869657375 7.29198733769935 27.31869851143989 61.92175636908704 96.5253901818286 50.724985683313044 29.390476890000294 39.36260400499233 68.04313013935597 100.52442005135508 70.67853501932976 57.13143646725438 62.668478089420084 83.57910415745783 111.52751475788362
44.77244690644135 39.72409575997337 31.463394872019677 42.03615449125248 43.61544968702873 26.895262793497565 25.67608491286475 42.12562773746592 47.85036426149162 50.1216180741642 51.829991800675124 11.798884163663796 27.522279945781104 39.64305355065538 44.16000959965893 42.36133644854263 28.527747529781934 46.76441965311034 33.97705698276266 50.70785452424063 35.5746086979774 44.86022349283618 26.355746853427256 49.123186646634096 23.006596342619694 28.00432919834871 28.12374290590621 36.492095211933986 44.85131438265911 50.43937262735594 59.9687119830037 0.0 19.453802034366873 13.84385349059059 28.686859535587296 18.474024673923285 27.211141351031205 53.85620911317108 12.447994244850712 53.69192865915197 101.62963907506833 69.47850504674571 41.482253144634484 31.766767641380262 51.88750586548487 96.71651790686126 62.1427529390957 27.644400159147843 7.8459026226151 41.87789066159193 99.8013949833895 66.80106836193931 36.868545155795395 25.515467932561837 48.34905562797423 110.21456174065263 81.41996755632145 59.21125994553032 52.70233565727577 66.66258137398395 126.15368831799297 101.79431397271938 84.87720628411716 80.25538267563083 89.84676545969572
42.425967038906194 50.91983148127278 45.53668614585352 60.568802089868136 62.97589284244371 41.86990772555593 43.61025769786854 59.644154039990994 33.49412022439614 68.30774481059123 69.90538493281633 31.210019193291345 8.661053661177384 46.30825597426245 61.445818608236294 59.77750824034449 44.631994650989036 62.4936174026618 49.40846390191994 48.78285892743986 54.92788775400697 54.93295379685886 44.920137233747894 67.05236042591265 27.119750925058742 38.69096634580955 43.664246249654944 51.240993257603144 31.741703776982874 66.26471242772796 76.96330153550228 19.453802034366873 0.0 23.80107829789621 39.87819473237393 31.696316512965126 44.38139704004229 67.65224216948862 29.485527540733738 50.38179594762788 120.87819721984482 88.19981436471947 57.807505952283265 36.04219798327985 40.635011105622745 116.04331844680976 81.51230694948471 47.08836635467111 13.60977374375899 23.40921336688367 117.86856139159885 84.06708819060927 51.345869987076945 24.502385772846257 30.970646562853542 126.06487252153825 95.12223871093151 67.8154547133608 50.442431421725274 53.70986192123477 139.51344007084793 112.19196528345174 90.0267377191928 77.57144613888421 79.52725527568019
32.02064913070174 27.75614876916033 21.7461490847753 48.88790216896415 47.370462171276934 18.31033270445209 34.80987207023045 37.03544637567434 41.665911608993575 46.23916446789269 47.661652815268354 19.18834460286589 28.993402573796722 25.98666779164767 38.593285146292814 37.0723512840478 21.48455722617427 38.84781409543508 25.824759224888368 37.63149240324538 39.849476797241266 32.37082343829781 24.63824678935978 56.817119801369316 9.749672032105233 15.476672236030911 20.265014178412475 27.48514363799645 37.933897826615635 42.618321951675725 53.70300231932628 13.84385349059059 23.80107829789621 0.0 16.49113117139651 8.044215671244125 22.085770509471857 43.90539998988269 9.999150691209223 40.94274447667465 104.80170756254749 74.96660947606547 51.49176938973627 45.58099653168287 62.439309143883044 96.06736999861023 62.30297359955966 30.483278166630782 19.278194000584236 46.99910709575479 95.16364179950394 60.91328392638295 27.560654888732792 14.268964160404572 45.19368406817506 102.2983149112405 71.45841653336821 46.28704401111104 39.667375562628855 58.30382505325943 115.99714831880924 89.82879112744766 71.25905397272496 66.94222578954127 79.24290616603245
