0.0 46.76372206681608 17.520616756457226 58.70232912645248 58.098987633303985 71.13683276393485 38.64949207719805 36.17291476553476 32.36699979509749 31.17382375740798 43.10323342237657 19.45510974910697 46.32619613576511 12.206491951468834 37.18624466534014 75.21311916029968 52.05413606667031 22.696021962756326 32.331877102527194 57.574209215843275 6.862839116074053 47.75766007643907 37.029491807829594 58.654329156086405 87.20052876258178 33.00979084277913 33.21841514963709 38.97833148830666 25.633922262036812 75.51649281491422 48.54554018514842 15.16930606040192 40.520804329017714 24.27730325347632 48.75435509397035 48.76391830922775 24.488144489568164 17.1213315482743 23.06512540595676 20.49365099132595 124.92866584422487 98.3560210150819 78.32878424156341 70.6515836026902 79.01044453390423 111.22853674761022 80.42554654989762 54.40191018723204 42.961439347148634 55.91619492173098 103.51120661880586 69.47148481961618 36.50827794940433 15.305925754591486 39.12209370948632 103.12911360414704 68.90614836908593 35.430944841540644 12.549811982177857 38.13784299572566 110.15863309001918 78.95304475608809 52.22130583419577 40.19165293532828 53.837680341377144
46.76372206681608 0.0 64.27099166243927 77.71550842093842 54.64364483307977 71.04206886699907 52.029775415367624 82.74296592971167 58.82560804598626 62.01832789556123 78.22445229526473 59.81268630081378 48.42866705692497 58.750419174804705 57.48754422764594 73.41407696006588 8.884277961043672 68.89477761691445 73.55893256793479 45.86528005470327 52.071053841051565 3.410399637212254 61.12164692689702 74.77131612674114 92.80020496400508 27.017072535191893 51.294435096054286 85.56299875120389 46.21460487672641 71.05216307330747 49.47583638979694 56.17269307144391 53.25367227000006 62.17856060192047 68.32303950108341 68.9751304644416 26.3858684590778 61.4686887694318 68.00432191792632 65.62974420629045 123.63354322690958 108.22565658159569 102.64004916085912 108.40578333706873 123.94876057295863 101.16792742508164 81.90770798775951 74.6829328089984 82.71005390002699 102.4651663543206 82.32639907761006 57.30018698735387 46.731128575207684 58.98386926043076 84.6711686071183 70.09643285788307 37.89862135574334 18.813522025934333 40.822043439009775 73.30605267728602 68.13719832490827 34.17544017997107 9.385966521017131 37.45777307452255 71.50472641706621
17.520616756457226 64.27099166243927 0.0 60.78212175593146 68.76569630223257 79.36321730537169 47.16755353018312 18.795656729675 36.35588559002115 32.71057285096276 38.04916210974599 18.235917770960082 57.12245527632274 6.520303585886855 42.992345234681586 83.63903460926134 69.33706762735255 8.164259495382767 23.933888232637706 70.46361066647162 13.517697350685271 65.2748032709345 40.876312225247844 62.08811112800598 92.14331574175387 48.78154498233281 41.3422576720062 21.569760390020782 35.614140008003794 84.75774038556213 59.30435691728847 16.777234482297743 48.81774060333819 22.859699183099085 52.183106225684085 51.87306914527133 40.90150306290558 11.411293566399095 11.959708620877796 10.28117473191726 130.5701807888083 100.96447772471711 75.72228709885026 60.5697046222401 63.23210282178203 120.24590966149349 87.33927953130916 56.498277968042615 33.92338108296748 38.78621999734632 115.93947252861959 81.36576240900696 46.8366030730716 12.720124814853943 22.908292298822378 118.3100925032027 84.67937418470214 52.333147663641284 26.490824539983397 32.55169325553902 126.98423922617238 96.32624477067306 69.47875073966931 52.636974953773255 55.756689432565885
58.70232912645248 77.71550842093842 60.78212175593146 0.0 32.74160538780422 29.17033693610771 25.93000517188245 70.88382277445938 26.33533970614097 28.405396250994823 27.99279164412829 42.865157890757295 30.9423001552953 56.46765731323655 22.63251303651456 32.8405536583484 86.50509477322952 55.28436699397099 40.786293035971184 42.98373683167748 53.959356280898255 75.86522478667935 21.69892193453543 4.74122962231387 32.51431610187168 50.86760837472013 28.461110289544816 72.24704510069401 36.07760156972091 36.30841411282279 30.910315833954048 45.72565834440566 24.529730526356705 37.95265595197416 10.319884630440733 10.083828408120977 73.56560380390282 49.44767370378646 50.35126399489018 50.9947504999872 70.71569644097933 40.24196067575506 25.15876040069151 45.18133686449767 76.44988768304584 66.14453761230142 31.61567439655325 4.342363086286582 37.85519257406798 72.4018599932791 73.09868007255963 44.260314272382075 31.134696704982414 48.72985518958939 78.57902877288512 88.91347434515748 67.06440240223372 59.02921517152024 69.75706733658349 92.96469581267228 109.82495230842764 92.81907843956212 86.97096201152539 94.37807416773707 112.45087492591408
58.098987633303985 54.64364483307977 68.76569630223257 32.74160538780422 0.0 16.479017126511007 22.086249967604143 84.65464560925442 35.413389426186114 40.657313293274946 51.71157959492059 51.92538165974221 11.807373482234981 62.58893241757074 28.44190614452486 19.378052514175696 63.36897769182188 66.8628202193943 58.39879975463671 10.92191538695392 56.87336858375446 51.90661888370576 32.68111411573373 28.17389237772942 38.17711657435306 32.492581325451006 27.74095732506758 86.8352019343058 33.31566024937745 18.205240969622057 9.583287052954086 52.10964645989244 20.780353305086848 49.27521251236686 28.762241154463936 29.708035537019516 61.38200684754522 58.38068171824885 62.64481540508506 61.883674032843594 70.86562088923189 53.861706974591364 56.34741869342366 76.44462420247403 104.43816546141016 53.38869972901775 27.375759556567843 32.30099367587607 61.09107301539336 93.89210424826416 47.75594704714245 13.59921159969064 22.002289104177674 56.3747903538493 90.92297476971764 57.55693160107733 34.75104040510929 38.69500344672932 64.66688350916174 96.23482946331971 77.11552426510532 61.78561692390422 63.89760353524071 82.11655082340621 108.61922022161441
71.13683276393485 71.04206886699907 79.36321730537169 29.17033693610771 16.479017126511007 0.0 32.66212707728657 93.39174476714325 43.45125156415601 48.06845090049316 54.76649879342665 61.46077588518371 26.069447351605483 73.64635290525626 36.49092121242615 4.314320491502629 79.71756294599628 76.05736098838636 64.7409963606869 25.863592843197893 68.78863411472707 68.24303695612338 39.443033718208184 24.6414949628364 22.045736515357063 48.613069295109185 38.388260869384055 95.26639151039547 45.53063226074038 7.138689597701403 24.095010251021336 62.63287300140472 30.858911892196453 57.780342903225225 30.74726079783377 31.523903784071372 77.15141568676036 68.27389883752286 71.41429465959298 71.17611998992103 54.9800471086966 38.15153635382284 47.78179803433427 74.19896947772308 105.46421321828838 40.909982401366776 10.896839799066893 30.963013104122144 64.75745400109254 99.11205840966983 43.92839150783115 19.299436125632052 34.786211510217925 66.65238487712156 100.34863193025683 61.57127371805265 47.081913422655056 55.110822879561745 79.07281724896119 108.91569885857241 85.19081571114309 75.17546599561794 80.24942522105451 98.09859205220698 123.29412486870667
38.64949207719805 52.029775415367624 47.16755353018312 25.93000517188245 22.086249967604143 32.66212707728657 0.0 62.59498063092389 13.745395160020749 19.06398717256252 32.58875650167844 29.90090086984249 11.53723324464142 41.2160882603594 7.578620989103481 36.84082624995427 60.74698336556429 44.829598000095935 36.81036879007916 26.96950769705012 36.13449742836823 50.37302079393726 12.31266139906377 23.658137841955806 49.11244878255972 25.046403838072177 5.826417709045643 64.75567285629519 13.043622123351081 37.64774832666264 13.345182863153806 30.397515905438645 1.8954538826277387 27.20904323566214 16.294142853424443 16.96283753626437 48.715782790596045 36.46875514914939 40.56359922716881 39.85263775444967 86.36780652516374 61.756086887509774 50.62642146527294 60.885621067332416 85.12277705887894 73.29410070741662 41.78053609432403 22.67257164371992 40.95512329932816 72.35636153638491 69.83564320378629 35.42811735283075 5.304696295991804 34.58297229235183 68.9831719225951 77.29425517277265 48.398938975713065 33.24673500205176 47.57169500810664 76.26020998312248 93.08123842605806 70.76346688856349 61.20130971889206 69.84635383111593 91.68536819933543
36.17291476553476 82.74296592971167 18.795656729675 70.88382277445938 84.65464560925442 93.39174476714325 62.59498063092389 0.0 50.03768461367415 45.327170827818 44.09521529738116 32.74346155824062 73.39372138017444 25.06542282126023 57.12051478728413 97.70592810474932 87.37621949291284 17.825431298390896 30.122637797086348 87.58259533825321 32.17692023462261 83.88188141078295 53.953485989287614 73.20972462258355 103.31113430251675 67.34078421048237 56.91805104395969 2.8215490672134917 52.455532847910725 99.3742054245214 75.4907719194659 33.189900020619774 64.02963802387295 35.699538311901904 63.95368470180264 63.42642564197349 58.39713920364345 26.578054040928603 22.085048595601815 22.795283855307893 141.5992780471659 109.87755759621656 80.56429420040155 57.47120197329331 50.10068196719485 134.15819859565755 100.19993398038464 66.90647158637488 36.16309945735523 23.106454437031577 132.3322271443798 97.76451650275237 63.23635756203048 28.88991230705587 8.079049029587258 136.34724707868986 103.08601852044713 71.11762129092993 43.39975020823019 33.22941460851406 145.72103683597246 115.0932001631417 87.48172448185242 66.74161193776654 60.420333193669165
32.36699979509749 58.82560804598626 36.35588559002115 26.33533970614097 35.413389426186114 43.45125156415601 13.745395160020749 50.03768461367415 0.0 5.3189620913079665 20.30973603614732 18.17101435327944 25.281469393478808 31.179414809458233 7.11306598078732 47.76230841522108 67.01497828295929 32.60611629402378 23.087955046784987 40.679321585342784 27.82012854948144 57.84424236521229 4.732049985378301 26.525120257867098 56.057852711503045 32.621064823956665 9.466092651576458 52.0177010852282 12.664399711161993 49.33673428907954 27.06596732548579 20.085609056405573 14.712376479957658 14.348291015380394 16.516322741387665 16.447454718778875 49.00375187028937 25.036228139424786 27.990561182388113 27.735368931308134 94.38161940182054 66.18742202808852 47.418070090826625 50.109736489098296 71.89097157657676 84.33326441816534 51.0047483356424 22.039000526494593 27.655000665796038 58.640676203643324 83.08528056445452 48.933306139673014 16.751877455589685 23.69883313798026 56.89900114411027 91.00052259579768 61.31671067231669 40.412977394725836 43.6062417092943 67.5620139568485 106.04628444510453 81.83653013181839 67.40467118264593 69.1688553187266 86.13965527212038
31.17382375740798 62.01832789556123 32.71057285096276 28.405396250994823 40.657313293274946 48.06845090049316 19.06398717256252 45.327170827818 5.3189620913079665 0.0 16.255850642983557 14.547430288012135 30.59930279773163 28.08590832013391 12.236332776184787 52.382199053585 69.95642701683246 28.208867294154306 17.78107572324756 45.98593580280846 25.80570688801416 61.26604276469733 8.626392216841293 29.3961516208338 59.440351984919715 36.48409724694832 14.562316220547347 47.20679295619013 16.012670833688468 54.15033384484249 32.383173116520545 17.350185124421962 20.011495023236225 9.972476335825064 19.47321288746581 19.170293499813198 50.0649793537231 21.2997412633876 23.438362381147982 23.483020927931868 97.88033478731023 68.63261962997792 47.277163387791674 46.41811113297322 66.85034829209258 88.84641965370285 55.127711191116035 24.068493161725502 22.67972114278358 53.33194826076944 88.26960297663344 54.201844110368995 21.886263474829892 20.372252734969017 52.40133932248198 96.3020008066539 66.38349479549306 43.980500816358166 43.08855500608633 64.60484302783956 111.0912195785991 86.28884991276377 70.32095209850907 69.56343237654161 84.42671425121524
43.10323342237657 78.22445229526473 38.04916210974599 27.99279164412829 51.71157959492059 54.76649879342665 32.58875650167844 44.09521529738116 20.30973603614732 16.255850642983557 0.0 23.691379922780094 43.6334066693904 35.87048112659862 25.01071723926032 58.89389621097896 86.06704402575592 30.85843329188427 14.581109127958513 59.015101234927485 36.59914388104184 77.51450517275529 20.277407901959318 31.303724311646572 60.35571495796098 52.68600577701514 29.570795379223913 45.11854229616353 32.25781481627211 61.62413399774108 45.00151176640667 27.93448687024571 32.864154343532434 18.86990865441482 24.135678160214027 23.302760644128345 64.72044516764052 28.187220378980147 26.21345462588497 27.790985107427783 98.1605904536113 65.82159363005592 37.739916251830415 30.182093876090196 52.84368197079886 93.81888052934688 59.21675619149522 24.61951439266407 10.023530767310804 44.60578722745402 97.72627343020493 65.17811876294213 36.61679757662453 28.779030853051193 52.062610593100565 108.99901455366215 80.9760979247451 60.23509826153741 55.62554321309173 70.39126665256175 125.66992810326268 102.14360164034564 86.42002220648813 83.0556769867138 93.39588364306613
19.45510974910697 59.81268630081378 18.235917770960082 42.865157890757295 51.92538165974221 61.46077588518371 29.90090086984249 32.74346155824062 18.17101435327944 14.547430288012135 23.691379922780094 0.0 40.66454396502041 13.627983617647727 24.9743072023526 65.75964961513273 66.67770198868591 14.9374385596521 13.95244508675045 55.09570654763531 12.914885153036177 59.86667595349064 22.644911707045953 43.94039518402543 73.92762585634932 38.13232617536424 24.184424334674624 34.990772590956716 20.189594960528016 67.1063725330949 42.751484871077295 4.3475575256086785 31.396777909098894 5.1972412552687945 33.99043998914451 33.71152774852369 42.255658954189045 6.866114256943654 10.95418261078261 9.9582923731014 112.34298594950528 83.10698166740323 59.89488008569312 51.602570377788325 64.28884996393641 102.37048165196671 69.17531238264264 38.54316434558481 24.099181264508186 45.50614137543876 99.58893334372524 65.02790344190012 30.563947855058675 5.876707570096038 39.112281654038554 104.57389290751073 72.367227023946 43.96779083438634 32.002380062106596 50.09962718086987 116.33093951697785 88.37605918743411 66.95187133827028 59.578210830549686 70.79094736164647
46.32619613576511 48.42866705692497 57.12245527632274 30.9423001552953 11.807373482234981 26.069447351605483 11.53723324464142 73.39372138017444 25.281469393478808 30.59930279773163 43.6334066693904 40.66454396502041 0.0 50.88639873052378 18.867630862375933 29.744530321157455 57.31265998070822 55.56935787934907 48.32904105180622 15.480445035753371 45.08401947674541 46.158560725015825 23.527869525152365 27.22311053968131 45.94184475245334 23.28191575533597 16.65732366272697 75.65423543970537 21.56764304008159 29.42403191820095 2.2244529573395933 40.56371083418873 10.833708378098338 38.4374895355945 23.6146070534292 24.507112656171657 51.18414968026298 46.950381945899984 51.52068564198281 50.59894872982631 81.04289158573806 60.468011431123294 56.03217920487661 70.83519165585255 96.38691932388372 64.99358041899521 36.52554444134265 28.96386092142059 52.331013978020415 83.86301181058788 58.968894709887714 24.37493724128948 10.285863480686627 44.858832010937455 79.45870015953699 65.78364582552763 37.90104607597671 30.664775731705564 53.28231966840896 84.45425181160134 82.30789453292844 62.137929937839054 57.8138888298377 72.23959936750184 97.41388125531456
12.206491951468834 58.750419174804705 6.520303585886855 56.46765731323655 62.58893241757074 73.64635290525626 41.2160882603594 25.06542282126023 31.179414809458233 28.08590832013391 35.87048112659862 13.627983617647727 50.88639873052378 0.0 37.51996214527504 77.8960398905931 64.23742244887653 10.535246380033598 22.86181514639825 64.02978874382896 7.112685429987883 59.57794558323869 35.8286115714339 57.40624879869504 87.22216972580247 42.33020669969016 35.39566742139864 27.788468627373984 29.328853348910993 78.86197995503245 53.082127237075895 11.12598313499802 42.9197203285669 18.715322886941795 47.407670925083075 47.1797390687149 36.51910803011567 7.6885750059311535 11.788594594449847 9.290739027319491 125.56075460053759 96.7075396157185 73.03407099120457 60.91292982433827 66.94457933537743 114.45912966099412 81.92826683947575 52.138493577846845 33.45799126268021 43.76396814682065 109.59662247297271 75.05189390076356 40.60797658533062 7.751297329813984 29.428070305768514 111.79064125865628 78.19237777409103 46.10632277383524 23.073418617207444 36.52145784329796 120.65673602314402 90.31055701065584 64.41079649825465 50.36179051220278 57.607937148647096
37.18624466534014 57.48754422764594 42.992345234681586 22.63251303651456 28.44190614452486 36.49092121242615 7.578620989103481 57.12051478728413 7.11306598078732 12.236332776184787 25.01071723926032 24.9743072023526 18.867630862375933 37.51996214527504 0.0 40.79362771778053 66.01277543832865 39.61301270297624 29.957195934532674 34.347672661823275 33.446766002801084 56.11989577751048 4.734044759324841 21.712582825063517 50.167542317253805 30.566798123978874 6.251943562378718 59.11981811283389 13.450922733950083 42.26744803200774 20.470027581806114 26.402726911584708 8.043267994196084 21.420988814352143 12.312775630398217 12.628594232465575 50.97151075191588 31.803886048985643 35.05339822772702 34.70516886726409 88.260068548021 61.27781215830596 45.988199039746455 53.56932204903186 77.58378505993349 77.39881862885527 44.40986486489235 18.674671937428407 33.46787936511819 65.4698619897291 76.0344496244659 42.00975520202522 11.968870949045566 30.274420699846022 63.91149789253404 84.62761300909864 55.97081797330461 38.70991829182448 47.52903126255259 73.58250865645158 100.65924818460194 77.94803674111583 66.44002634503906 71.74556608810052 90.96891715795608
75.21311916029968 73.41407696006588 83.63903460926134 32.8405536583484 19.378052514175696 4.314320491502629 36.84082624995427 97.70592810474932 47.76230841522108 52.382199053585 58.89389621097896 65.75964961513273 29.744530321157455 77.8960398905931 40.79362771778053 0.0 81.98864938312947 80.36822484610676 69.02229936571035 27.725488448144276 72.97532207449049 70.51870935620451 43.75657778367178 28.430789436859584 20.86850210567677 51.8343910993477 42.59408471849452 99.57879066434111 49.641264581360645 4.351886092141008 27.68880886773971 66.89875284673734 35.056359674231764 62.09330918009514 34.94471365363602 35.70408269303311 80.58953268057088 72.56765637178357 75.72791837085231 75.48439915609565 51.53125881992921 37.20212172652844 50.07346907667387 77.62431299867897 109.26363919184435 36.61618974161757 9.018600438299773 34.88234207542628 68.89900765308877 103.30644488390294 40.411789328167266 19.26188101993776 38.7785319521849 70.93219407606095 104.66052220587045 59.4353100145506 47.46615663030301 58.03728203909727 82.93627867066809 113.06341876787485 83.8985531567406 75.67876512201957 82.52469683595393 101.43035794578245 127.1245501937591
52.05413606667031 8.884277961043672 69.33706762735255 86.50509477322952 63.36897769182188 79.71756294599628 60.74698336556429 87.37621949291284 67.01497828295929 69.95642701683246 86.06704402575592 66.67770198868591 57.31265998070822 64.23742244887653 66.01277543832865 81.98864938312947 0.0 74.62189915776997 80.57044619130359 54.336509891811424 57.89243475286478 11.476054774874797 69.51390077736363 83.61145335215699 101.54364524292772 35.7015846681471 59.78819254418445 90.19350738756263 54.35607079443537 79.50705343576186 58.35114314601267 62.83042407890704 62.01125958377573 69.42250773870246 77.02957526612393 77.6643924082026 29.26662599442269 67.70136515286872 74.1830285035059 71.72638880683421 131.85681036726263 117.03753070406987 111.37306335400838 116.20991948189327 130.3845927479797 108.80517097289894 90.55983713169239 83.41654837275989 90.05706277375961 107.96733829636112 88.7874322994867 65.4374144078071 55.45895959402774 65.30031485126192 88.58532590071859 74.29921396011218 44.05589150272621 27.501081779810963 44.3456532722641 74.64317765994919 68.9216616180653 34.319344776966815 0.5420548735364098 34.894478544492586 69.49683341087388
22.696021962756326 68.89477761691445 8.164259495382767 55.28436699397099 66.8628202193943 76.05736098838636 44.829598000095935 17.825431298390896 32.60611629402378 28.208867294154306 30.85843329188427 14.9374385596521 55.56935787934907 10.535246380033598 39.61301270297624 80.36822484610676 74.62189915776997 0.0 16.38139482367844 69.80842391993767 16.823749355575615 69.56080728569135 36.76706852265415 57.06656012991109 87.27526410502267 50.669618458918784 39.12186289432673 20.15396708868585 34.703649825341195 81.86660000550754 57.66977375502933 15.554769820293657 46.30192138535131 18.30468954595426 47.41821319580486 46.99216229688671 47.05380872886465 8.887832489533318 4.9338627047540395 4.9791461865507 125.7207202595614 95.17262250838148 68.59124886864323 52.40699899355446 56.41835200154363 116.93253592138329 83.33642351462862 51.103272367949124 25.94172016240653 33.60423603111079 114.51529819762355 79.94148204542356 45.41345269242859 11.356800728653841 24.2986885171459 118.85848014104687 85.99362294364792 55.292882439943185 33.384686413216095 39.58038027260882 129.28230401207682 99.78822365027055 74.80809103872554 60.246135563875065 63.700303587819576
32.331877102527194 73.55893256793479 23.933888232637706 40.786293035971184 58.39879975463671 64.7409963606869 36.81036879007916 30.122637797086348 23.087955046784987 17.78107572324756 14.581109127958513 13.95244508675045 48.32904105180622 22.86181514639825 29.957195934532674 69.02229936571035 80.57044619130359 16.38139482367844 0.0 63.63975643637432 25.47415936409571 73.47190585736966 25.877914466360618 43.28615583012612 73.26180952837157 50.66257578362764 31.96120658204605 31.467110946242 30.935809227935398 71.15546685393772 50.14792004704802 18.07756759156272 37.79253440172746 11.695360968372745 34.420217916031625 33.80096231329235 55.99174210029971 15.567879452027103 11.974217392912518 13.93580213446438 111.49286502589005 79.89350490784267 52.250461999811925 38.367628424575265 51.077044961661436 105.04415497319854 70.70662344975162 36.87046084351528 10.690525878488168 35.55272116067386 105.90201540759527 71.96335966957605 39.205383811815175 17.036661125122954 37.92469172431453 113.90142973840065 83.19169081278619 57.12262461011334 44.72075764164286 55.9617117846066 127.70696993377184 101.12231830575587 80.85250569225843 72.41052012636786 79.65042690160689
57.574209215843275 45.86528005470327 70.46361066647162 42.98373683167748 10.92191538695392 25.863592843197893 26.96950769705012 87.58259533825321 40.679321585342784 45.98593580280846 59.015101234927485 55.09570654763531 15.480445035753371 64.02978874382896 34.347672661823275 27.725488448144276 54.336509891811424 69.80842391993767 63.63975643637432 0.0 57.64637015890621 42.88704075194187 38.99698577277195 38.568583085825445 47.90932889318294 27.548614488205715 31.72358169998325 89.96238483164244 35.1295425830534 25.187565483044768 14.01613250629597 54.42015258305694 26.30982594677191 53.37163737606542 37.66699530153598 38.606608001874015 56.43112793464495 61.004744291048624 66.04509897256729 64.89277756452385 77.93403942300861 63.945852916722366 67.07612279537243 85.46412658250614 111.82041026953385 57.3637613413263 36.48974823707309 42.03846986735995 67.80704080163243 99.11199335195064 45.937240588481124 12.726502626559602 24.668830754887985 58.736633356097 93.20024962769929 50.32562647103405 24.094095408568986 31.987927799947144 62.13513461637157 95.35810253923653 67.51216814707946 50.8641570971808 54.87474916156585 76.3552205335782 105.08952039771319
6.862839116074053 52.071053841051565 13.517697350685271 53.959356280898255 56.87336858375446 68.78863411472707 36.13449742836823 32.17692023462261 27.82012854948144 25.80570688801416 36.59914388104184 12.914885153036177 45.08401947674541 7.112685429987883 33.446766002801084 72.97532207449049 57.89243475286478 16.823749355575615 25.47415936409571 57.64637015890621 0.0 52.76460273940498 32.55187648269336 54.34467866410399 83.59529359126383 35.263849329220285 30.409336789317827 34.9010034003914 23.59744220840768 73.6596985314055 47.30195553691153 8.819034295019799 37.929879002995136 17.9480186909037 44.334792840960056 44.23833348724937 31.09283835947028 10.323522173057013 16.489849045379916 13.953734875296245 121.69138602085114 93.99459349693882 72.4979180058143 63.80977166602034 72.67874615226165 109.37455742083378 77.55740029315706 49.62192698423718 36.11578192548857 50.41024241071469 103.41511214799426 68.98333816816563 34.89368844986259 8.443403760854405 36.329955479429486 104.90253074654069 71.17378501559564 39.00924874202279 19.302393613154358 40.22798042245486 113.5444523409967 83.28356903713484 58.09280569996826 46.99155526830843 58.62123718741368
47.75766007643907 3.410399637212254 65.2748032709345 75.86522478667935 51.90661888370576 68.24303695612338 50.37302079393726 83.88188141078295 57.84424236521229 61.26604276469733 77.51450517275529 59.86667595349064 46.158560725015825 59.57794558323869 56.11989577751048 70.51870935620451 11.476054774874797 69.56080728569135 73.47190585736966 42.88704075194187 52.76460273940498 0.0 59.91206313148373 72.78392332140517 90.08350622619207 25.553110878277483 49.98741847451383 86.69637179983654 45.33237867558415 68.06824984485893 47.10174676084911 56.372523381781875 51.512306079330706 61.97006948118586 66.6539484500766 67.33563347801172 28.579235594268333 61.89307087309714 68.43378617416433 66.11273768208133 120.53185678873783 105.62144867054255 100.88858589438688 107.68369206329369 124.12776778106668 97.88185179143727 79.08381661937347 72.954734040022 82.37284998329588 103.16457549053617 78.91778923584182 54.149799057004856 45.0688234385064 59.37180966482424 86.10249443289027 66.85507965099772 34.49540333607527 17.467479611170347 42.604479261394175 75.63080905781091 65.61790920367056 32.05536194856002 12.009764171965346 40.691210669154245 74.57993564212094
37.029491807829594 61.12164692689702 40.876312225247844 21.69892193453543 32.68111411573373 39.443033718208184 12.31266139906377 53.953485989287614 4.732049985378301 8.626392216841293 20.277407901959318 22.644911707045953 23.527869525152365 35.8286115714339 4.734044759324841 43.75657778367178 69.51390077736363 36.76706852265415 25.877914466360618 38.99698577277195 32.55187648269336 59.91206313148373 0.0 21.793097205114194 51.39362040168359 34.41050409885834 10.025425698947716 55.82708992367998 15.676395361039454 45.56264526888235 25.057931930305095 24.764154188239296 12.695707475449879 18.468065851084436 11.787278988362855 11.740767906736956 52.87789031069631 29.502466682245462 32.03644792595401 31.977468153178528 89.75477391275719 61.46138827442301 43.51900915529445 49.042075491393184 72.87774200931463 80.22643837726693 46.61270399209626 17.437236545773395 28.813548019517167 61.24731967027385 80.03148368835309 46.279457379827996 16.53447480615471 28.281450221945665 61.0011711688893 89.23111636162828 60.70120287571851 42.44880256682615 48.10391412514266 72.25574838582193 105.39285357711815 82.46938348759022 69.92499686113051 73.29782743381912 90.83170247133918
58.654329156086405 74.77131612674114 62.08811112800598 4.74122962231387 28.17389237772942 24.6414949628364 23.658137841955806 73.20972462258355 26.525120257867098 29.3961516208338 31.303724311646572 43.94039518402543 27.22311053968131 57.40624879869504 21.712582825063517 28.430789436859584 83.61145335215699 57.06656012991109 43.28615583012612 38.568583085825445 54.34467866410399 72.78392332140517 21.793097205114194 0.0 30.211140050984366 48.16197282925902 27.02416207710883 74.70969484414712 34.90971994490603 31.76777932230701 26.97672371514926 46.44504475263592 22.060638098274172 39.24879894961425 10.024802069085986 10.230597247136537 72.08770330646844 50.68330698167803 52.1570389178426 52.5838765302894 68.65460012340029 39.70816171764128 28.893960345207088 49.87807765467719 80.84320110576847 62.51847076380414 27.91476644406757 6.6905605363358145 41.29343084117975 75.897204669617 68.55016019771409 39.52897716108727 28.649515412258033 49.738200179645105 80.75779532907345 84.17306455943988 62.66267452986934 56.239752337384836 69.2387296893307 93.91425140155474 105.1967866431278 88.72040899586305 84.08908382603727 93.0878781585384 112.491991245102
87.20052876258178 92.80020496400508 92.14331574175387 32.51431610187168 38.17711657435306 22.045736515357063 49.11244878255972 103.31113430251675 56.057852711503045 59.440351984919715 60.35571495796098 73.92762585634932 45.94184475245334 87.22216972580247 50.167542317253805 20.86850210567677 101.54364524292772 87.27526410502267 73.26180952837157 47.90932889318294 83.59529359126383 90.08350622619207 51.39362040168359 30.211140050984366 0.0 69.18563220852648 54.108729389203475 104.72886259355289 61.99922981819765 24.69648522577771 44.31728297214212 76.14327457861312 47.22107465056428 69.36701465907565 39.970988385241085 40.325756838412296 96.78496759486768 80.73268156872662 82.36774539681122 82.76570851740992 38.45537548078336 16.33732863467801 38.07689427943998 70.90585741994302 104.88222214561256 36.769251732592856 11.884190544690515 36.40524324691729 70.03071558849302 104.2981886454046 53.221565005747046 40.10246004066 52.71339877908555 79.64935850266814 110.92412270256074 76.94415435894493 68.32089302682463 76.22236275607827 96.67841211660978 123.60560172012107 103.03109090840356 96.53844056473012 102.07157528065773 117.95004710726535 140.71422066498488
33.00979084277913 27.017072535191893 48.78154498233281 50.86760837472013 32.492581325451006 48.613069295109185 25.046403838072177 67.34078421048237 32.621064823956665 36.48409724694832 52.68600577701514 38.13232617536424 23.28191575533597 42.33020669969016 30.566798123978874 51.8343910993477 35.7015846681471 50.669618458918784 50.66257578362764 27.548614488205715 35.263849329220285 25.553110878277483 34.41050409885834 48.16197282925902 69.18563220852648 0.0 24.447203079092258 70.01445956102992 20.502167607072643 50.57300280992007 24.87457815333931 35.58423671143602 26.342235068753848 38.97087969795542 41.328563429130135 41.968602306039635 29.082631624416116 42.00916427808799 48.247908073487885 46.332652561746556 103.3537367954209 83.70670530385318 75.67279521709345 82.7083622158253 101.73355515737053 84.66416783348761 59.37266857492983 47.71808751070485 58.51262787980238 83.45806737736876 72.43141409726562 40.26229489083815 19.764659600904196 39.434475855666975 71.51475889914958 70.12110976364917 35.9824612999945 8.207198233105261 35.140173297772265 69.26152287432352 78.61310956466474 50.459764913000946 36.15499230748578 49.62869912436762 77.54779686651723
33.21841514963709 51.294435096054286 41.3422576720062 28.461110289544816 27.74095732506758 38.388260869384055 5.826417709045643 56.91805104395969 9.466092651576458 14.562316220547347 29.570795379223913 24.184424334674624 16.65732366272697 35.39566742139864 6.251943562378718 42.59408471849452 59.78819254418445 39.12186289432673 31.96120658204605 31.72358169998325 30.409336789317827 49.98741847451383 10.025425698947716 27.02416207710883 54.108729389203475 24.447203079092258 0.0 59.11981811283389 7.98910391462001 43.46631672125919 18.66312664720913 24.574639494018427 7.54066885519968 21.780788063448156 18.21116715323271 18.636393625619675 45.14279928352298 30.687399312277286 34.94277482933783 34.142716707776025 91.71040149268877 66.10766993154833 52.196283043261275 58.93624998307147 81.34686729674175 79.09120118179658 47.272023422860514 24.6721197034021 37.11638426708464 67.3897742214291 75.43173273164157 40.91902885033173 7.324045191004183 28.771000167178943 63.21988105043956 81.94153202576442 51.85965996365253 32.546402935453045 42.70768910308115 70.59362170097408 96.58553012449094 72.66194467450666 60.21242185288473 66.07645007946165 86.61086959792347
38.97833148830666 85.56299875120389 21.569760390020782 72.24704510069401 86.8352019343058 95.26639151039547 64.75567285629519 2.8215490672134917 52.0177010852282 47.20679295619013 45.11854229616353 34.990772590956716 75.65423543970537 27.788468627373984 59.11981811283389 99.57879066434111 90.19350738756263 20.15396708868585 31.467110946242 89.96238483164244 34.9010034003914 86.69637179983654 55.82708992367998 74.70969484414712 104.72886259355289 70.01445956102992 59.11981811283389 0.0 54.85273034756991 101.33042488590195 77.73406016888406 35.63450555223505 66.15442602715997 37.71952833204142 65.58942521348945 65.03432462771441 61.20147574180912 28.99004817937607 24.192298568840528 25.086301550244762 142.93664754800966 110.93987280566071 81.11248277027605 56.970375318026115 48.0293846282949 135.96059543006118 101.88208254887495 68.33359489725149 36.79467150847549 20.81013513335188 134.55144886133635 100.01137760901267 65.53863252351907 31.356059958820577 8.120719213770597 138.87884565703828 105.71011247559001 73.86983816553463 46.19208920748626 34.720256689987124 148.44170445787307 117.88531638420243 90.29803384548727 69.32027783199358 62.061629277090255
25.633922262036812 46.21460487672641 35.614140008003794 36.07760156972091 33.31566024937745 45.53063226074038 13.043622123351081 52.455532847910725 12.664399711161993 16.012670833688468 32.25781481627211 20.189594960528016 21.56764304008159 29.328853348910993 13.450922733950083 49.641264581360645 54.35607079443537 34.703649825341195 30.935809227935398 35.1295425830534 23.59744220840768 45.33237867558415 15.676395361039454 34.90971994490603 61.99922981819765 20.502167607072643 7.98910391462001 54.85273034756991 0.0 50.13443483119108 23.772043977762504 19.295922956582537 14.92902934760584 19.48856743971682 25.76000736922718 26.074871399600767 37.530435433370634 25.87770483363876 31.117341207519075 29.81920541198686 99.40696014400659 74.09571827259883 59.10495360240441 62.38111852478097 81.75696111190994 85.86993327204858 54.818981322942996 32.11592425800649 38.11274161583208 65.33426482940475 80.33235861308133 45.75171012041471 11.313904569287645 23.6144915957174 58.15615452474367 84.38437992541536 52.48354592931368 27.985051077336635 34.7367967306823 63.44263931444844 96.8293058129431 70.63280829167029 54.743682904259146 58.30562663744833 78.72114992766953
75.51649281491422 71.05216307330747 84.75774038556213 36.30841411282279 18.205240969622057 7.138689597701403 37.64774832666264 99.3742054245214 49.33673428907954 54.15033384484249 61.62413399774108 67.1063725330949 29.42403191820095 78.86197995503245 42.26744803200774 4.351886092141008 79.50705343576186 81.86660000550754 71.15546685393772 25.187565483044768 73.6596985314055 68.06824984485893 45.56264526888235 31.76777932230701 24.69648522577771 50.57300280992007 43.46631672125919 101.33042488590195 50.13443483119108 0.0 27.263214529655798 67.98143049362737 35.95045957363869 63.68078670998104 37.51924199785385 38.32913707135348 79.55151002936684 73.84932303302071 77.31902969723133 76.93892470708292 52.99742302503905 41.01444654508455 54.31817519107711 81.32382700628656 112.56769906498901 35.73718969329985 12.831835874379365 38.03967013424693 71.58371465061148 105.81252813142959 36.7909282300477 15.504210016723198 39.01331021534708 72.10094269229639 106.15980038389966 55.11805069944514 43.696155982296304 56.351800910972216 82.68321333426884 113.54434794557763 79.56338432638118 71.9130113857883 80.04613045062015 100.19000701099966 126.7416455517805
48.54554018514842 49.47583638979694 59.30435691728847 30.910315833954048 9.583287052954086 24.095010251021336 13.345182863153806 75.4907719194659 27.06596732548579 32.383173116520545 45.00151176640667 42.751484871077295 2.2244529573395933 53.082127237075895 20.470027581806114 27.68880886773971 58.35114314601267 57.66977375502933 50.14792004704802 14.01613250629597 47.30195553691153 47.10174676084911 25.057931930305095 26.97672371514926 44.31728297214212 24.87457815333931 18.66312664720913 77.73406016888406 23.772043977762504 27.263214529655798 0.0 42.71952382703291 12.438441833707104 40.42200265778589 24.19614893699204 25.113179600081743 53.073467724171074 49.080155267428125 53.58088721576825 52.69580532271694 79.07351780172328 59.07083441752235 55.86503018390054 71.74423721630501 97.81802189022793 62.79551742924532 34.65864147621227 29.223388524316672 53.86679898465866 85.6977141861388 56.84895591981008 22.27734781750548 12.474415096339134 47.008469532773184 81.60168964693696 64.17353168662783 37.075331899997444 32.027417954918555 55.42353259479274 86.67535767696047 81.25602470051845 61.936024774802185 58.85906777752382 74.0776459842867 99.52584834305573
15.16930606040192 56.17269307144391 16.777234482297743 45.72565834440566 52.10964645989244 62.63287300140472 30.397515905438645 33.189900020619774 20.085609056405573 17.350185124421962 27.93448687024571 4.3475575256086785 40.56371083418873 11.12598313499802 26.402726911584708 66.89875284673734 62.83042407890704 15.554769820293657 18.07756759156272 54.42015258305694 8.819034295019799 56.372523381781875 24.764154188239296 46.44504475263592 76.14327457861312 35.58423671143602 24.574639494018427 35.63450555223505 19.295922956582537 67.98143049362737 42.71952382703291 0.0 32.04071875787744 9.15201071396 36.42553839058075 36.240118569721304 37.973093053430155 6.666939834934677 12.66405344940127 10.86357257643491 114.45484348134467 85.91467826561328 63.69886863621741 55.93346914411723 67.7816587059499 103.49414604124972 70.81256981355297 41.38406382030958 28.384861270835245 47.891532414207525 99.50690019256801 64.90335824413597 30.300545382031277 4.319097495969215 38.91067423677019 103.30398029812906 70.53690982508031 40.915017032348416 27.70309114835102 47.49445829833874 114.11074275143994 85.45996366471965 63.08996633796472 55.24560617906733 67.22056856961838
40.520804329017714 53.25367227000006 48.81774060333819 24.529730526356705 20.780353305086848 30.858911892196453 1.8954538826277387 64.02963802387295 14.712376479957658 20.011495023236225 32.864154343532434 31.396777909098894 10.833708378098338 42.9197203285669 8.043267994196084 35.056359674231764 62.01125958377573 46.30192138535131 37.79253440172746 26.30982594677191 37.929879002995136 51.512306079330706 12.695707475449879 22.060638098274172 47.22107465056428 26.342235068753848 7.54066885519968 66.15442602715997 14.92902934760584 35.95045957363869 12.438441833707104 32.04071875787744 0.0 28.51377703692784 15.180045225876375 15.910488309861694 50.49626990112229 38.0274742267579 41.96708928664081 41.33094941328628 84.47888671259494 59.92260309726572 49.39191096023913 60.68945394217188 85.56672960823643 71.55324038799223 39.905202095095795 21.44363514056012 41.49794225616167 73.34285462470798 68.5275946507021 34.241535409106994 6.617238089259925 36.19318315499296 70.5050264027003 76.58460403045035 48.279552737750734 34.51752956629134 49.465497866407546 78.08355849795106 92.88331625931208 71.18747183821118 62.472229959777806 71.64272851101038 93.58076320938432
24.27730325347632 62.17856060192047 22.859699183099085 37.95265595197416 49.27521251236686 57.780342903225225 27.20904323566214 35.699538311901904 14.348291015380394 9.972476335825064 18.86990865441482 5.1972412552687945 38.4374895355945 18.715322886941795 21.420988814352143 62.09330918009514 69.42250773870246 18.30468954595426 11.695360968372745 53.37163737606542 17.9480186909037 61.97006948118586 18.468065851084436 39.24879894961425 69.36701465907565 38.97087969795542 21.780788063448156 37.71952833204142 19.48856743971682 63.68078670998104 40.42200265778589 9.15201071396 28.51377703692784 0.0 29.39828887812522 29.052030891067282 46.21979070254998 11.495028023516236 13.64238631507269 13.520148890407356 107.81670336579978 78.17422091506052 54.70636904585555 47.635863816312856 62.7724058645452 98.63763234262115 65.06588672919493 33.65417859085088 20.65151027624321 45.991445249116886 97.03109970020242 62.626759116775986 28.706108208620535 10.991968982663751 42.57298625152548 103.35093090567037 71.95033523587475 45.4655401239048 36.772390654750026 55.0647879125742 116.31187295278674 89.42995500812377 69.72629448370705 64.19166348743755 75.98787672983136
