0.0 69.84670872687558 47.72068029564669 22.84074781808691 62.318422348527776 48.82679872799749 77.71161109658863 74.81645163458819 52.73082444714109 86.78846372282902 47.607149093422045 57.64569332692242 39.167640276215536 92.4783458229931 17.103395323289117 19.59357481150985 3.250284018229853 104.83107003680752 56.20732698155711 48.09350695333671 40.23593153569499 61.433877658930776 50.07088176379176 27.71425369664603 61.09941812868395 44.167600677039715 75.80794966882489 70.0523735786072 63.04847373526397 82.66424228795248 63.33925558829394 17.21803568620092 41.491452612725304 83.85453629841177 13.769404767793691 25.534369088670434 54.3753736568581 96.09985736968447 57.68268324957718 45.283481573027366 48.68444826512996 45.59033597815891 64.66528336415467 93.16402694172002 124.7889813374257 26.250889463214737 20.318205269224357 50.31301535374119 83.93342208788673 118.12319396862414 24.92475967304237 18.58995170384736 49.64655146149257 83.53936166677013 117.8461748688644 46.546564914887064 43.32150839321006 63.10106465918798 92.09536643968714 124.00076436695112 72.9728611216676 70.75480498714668 84.15584069477757 107.48454652255543 135.71443946358391
69.84670872687558 0.0 53.5991935361975 47.01307535425653 14.063815387032081 27.512247283515546 12.896819219992706 4.9791461865507 17.116912586992907 17.35150472372742 24.457742820729212 35.73828099217503 31.2184740871527 22.972339792054687 64.87149199364295 53.417798888268294 69.40754593315086 34.991416154800554 14.634130264979168 41.839345384499296 29.90102208858628 8.626217291897214 54.020060665432524 51.047847335041794 10.224703186050792 34.77733544653541 15.3511820339114 27.72292654141178 7.765515222914518 14.207175233638539 17.059810763539854 67.96559757958383 29.76711120117776 25.37140060644356 57.67735799092942 69.5837466060699 29.100253918690015 26.32565278015442 13.741175446068835 33.25333110689215 102.76321112818844 73.76204444864146 52.11728516094417 48.85073383753353 66.71871966053419 93.07133459186942 59.66807191009578 29.20841119043569 23.255768301939725 51.21891477396779 91.3643068810625 56.99417152398928 23.325686310458252 15.319684537805168 48.16794437343146 98.06011083548513 67.11950138732644 42.297733896801795 38.314459629756456 59.51240239069009 111.65682688235071 85.61706754467188 67.73545229452262 65.12046313865659 79.29711167989052
47.72068029564669 53.5991935361975 0.0 37.85358008535089 56.73451657234105 53.65131793543144 66.20878392902954 57.131040478526856 42.57331878888387 64.71727289319247 47.771193315259325 20.2118270805924 33.291467368765055 69.52676914680008 31.659706832374624 30.38814594558543 44.96235285556573 83.07693996430149 40.677426115242746 11.771058842432916 40.82985886715235 49.159739888548465 2.3624493244055897 21.35399079371304 51.361410668565 20.685934146810187 67.35163650698571 72.22633025874461 51.508974738662666 67.41956237318809 60.041350922359406 33.235335882807284 31.33341493108526 77.73226790961536 35.70461853130708 28.188625523337198 24.657464200476333 73.85001872347136 50.09721769863214 21.8663253236732 54.69027420417454 21.253945891150952 17.529611080833217 50.5736812841801 84.87025472965642 57.39922857664896 27.433338284162257 24.60389596480971 53.41312931205961 86.57609432186771 72.09321917367818 51.360306827708335 49.730676033139545 68.57994834298198 96.58203065013066 93.26950164482724 78.15050538176271 76.88007105797287 90.04627388545407 112.69809152475511 117.47244212517958 105.6468198159908 104.48621844735041 114.31593320244473 132.7160078826803
22.84074781808691 47.01307535425653 37.85358008535089 0.0 39.93455807175534 27.659350598806274 55.0967620017714 51.98573796183233 29.901265086945674 64.02064513459774 25.295621812730587 40.10461116727584 16.78986870482765 69.71084446439998 22.673655906475464 11.256007314217959 22.623391873532626 81.9925188201458 33.57838933949643 32.896386592512016 17.483619040630778 38.59448496287304 40.05275992162687 17.654151942465347 38.32554648416324 25.53714769729305 53.45990514769876 49.552238575454794 40.23104241685739 59.88063180410154 41.329142701884045 25.537207157494592 19.534150464709118 62.034845403126674 12.1407728010539 31.17670910484513 34.8352295888814 73.28851104186015 34.963475818349934 26.171025541916702 63.35891836530032 46.32385086202852 51.693905268345574 74.78926785192577 104.44818518925628 47.283669318895804 19.58609187220046 30.435723037109735 62.16027759046635 95.89742235668066 45.3932350077686 14.492179455013403 27.465483485097852 60.77445464666312 95.01351445386615 59.06575764128932 40.31294951709065 46.43628267097936 71.29058194583983 101.99602970474321 80.74848469299884 68.03576969443354 71.6392315142574 89.61170895531342 115.42574507095847
62.318422348527776 14.063815387032081 56.73451657234105 39.93455807175534 0.0 15.145446815755827 15.661132521032266 17.734547076497986 14.217346292053808 29.66182936286626 14.712561428139468 42.266551800411094 27.220625638806418 34.8057343754531 60.67037154578227 48.58882246892066 62.47345430207609 44.72486232952389 16.787730103990118 45.290749431087626 22.663660979289237 9.387668567202427 57.709911301779265 48.641889071816074 6.241060325335045 36.17924961340131 13.525878689119473 16.36177798628991 7.785254917377369 21.564842309012246 3.7446364839679593 63.77071661753724 27.296833071214035 22.64804515848947 51.72300128531026 67.01557031009668 34.385818055080705 37.280947515027826 6.650539435549354 34.8997364272896 100.55304583846733 74.97267347153384 59.37741061555653 61.84852787717769 80.74399231380121 87.19969118767375 56.00721839969863 32.629243031604595 37.247323493389466 64.06945709643578 81.75441435637806 47.17265735721304 12.711776298432774 22.198496127386864 56.73457079338287 85.73775151191234 53.72436460184301 28.574361795243277 33.78642382649421 62.140101390040165 98.00653689697634 71.55357309428979 55.03948112007786 57.73710465481576 77.66981484626004
48.82679872799749 27.512247283515546 53.65131793543144 27.659350598806274 15.145446815755827 0.0 30.64342446938616 31.973694871737397 16.060026063399295 44.32292339683873 6.306085692746079 44.1988621815911 20.469610588171015 49.65904247118179 49.93874403843567 37.87634103902773 49.406082225786335 59.870309121885434 21.592415321351055 43.55293848095038 13.20448432893678 19.647909328502774 55.160802506706425 40.347734788931184 17.314192789597875 33.50418276128461 27.804105308586546 21.922820832186996 19.786178092964608 36.70815521406467 14.989711234708151 52.92898442006487 22.356352224772397 35.07300071219648 39.799867916342805 57.54931462861264 36.14182889018076 52.325738945567295 13.988699872931932 32.72190327469247 90.6079978863065 68.9251983135192 60.71522569758191 70.82920505395913 93.49864134205836 74.4965358802068 45.98953452340084 32.78984728788813 49.29649335214944 78.61264402349445 66.9568308214514 32.53175803534275 5.3167041643946575 37.323898249805545 71.78254239740123 70.78361549063466 39.75647763071943 23.359764502597436 43.65344744781558 75.23571055587091 84.44532448585338 60.67778877633379 51.25795645503901 62.99019745596223 87.76647809321808
77.71161109658863 12.896819219992706 66.20878392902954 55.0967620017714 15.661132521032266 30.64342446938616 0.0 11.278234155191576 26.579252507744613 17.819593180685576 30.192489877555953 48.63342968023658 40.91389699095909 21.703226195839296 74.88294948904688 62.9969179994134 77.71531648743972 29.5683676839735 26.071806520072688 54.438063994237616 37.627663507700206 17.955404342261698 66.72497971331619 61.851217972993034 17.082525510536787 46.79196057860015 4.691379990851957 20.61342740754994 15.753046079377908 6.801651561376315 15.95554434023399 77.99734653831634 40.17505676862242 12.745639570628205 66.59977053784705 80.44370481276036 41.87601811917185 23.137070476636932 20.190715218761106 45.3143001101361 113.89886008243086 86.01954329098992 64.96584375779041 58.62207273447629 71.04450364441286 102.18166611949975 69.9341003249497 41.65693117995789 31.219504684472025 51.07691318623272 97.41460998387457 62.83341607982229 28.307673386457378 7.033123573375307 41.13951312537909 100.59097815866268 67.61061585658257 37.66547590530508 25.710367233788578 47.93954631582269 111.03095424661517 82.22052160357627 59.894535887373905 53.00279777350036 66.52847210891116
74.81645163458819 4.9791461865507 57.131040478526856 51.98573796183233 17.734547076497986 31.973694871737397 11.278234155191576 0.0 22.085743176845924 12.484065818513526 29.26877248195967 38.534562037584976 36.109805124926986 18.050994555959456 69.63363721975561 58.26772311639325 74.35866990719295 30.034837576227538 19.325924796560713 45.4369652851428 34.87640540278152 13.572110943403233 57.40104818837586 55.65637885126753 14.879338960488278 38.949286180060625 14.99099863101136 29.380423258392796 12.486628870991442 10.302532980360638 20.189935221885616 72.71946139572016 34.55581917192711 23.992821799946224 62.594097905414635 74.13486774338408 32.48227470174066 21.348199015207516 18.46832719053379 37.406345851701715 107.18152545013642 77.61360049106575 54.35690623144294 47.75234256811246 63.25116503703903 97.94106481561299 64.38840405178372 33.077605591229094 20.91019902770777 46.63895229925227 96.32259804681516 61.92210702822809 28.02685899601518 11.468014371781777 43.27099402799485 102.68724147491855 71.33954843545247 45.04244161861959 36.920735237526536 55.60835010752262 115.7249308279686 88.94237432820611 69.45506808474948 64.28095528330259 76.38619076846277
52.73082444714109 17.116912586992907 42.57331878888387 29.901265086945674 14.217346292053808 16.060026063399295 26.579252507744613 22.085743176845924 0.0 34.193755943203456 10.353997476292212 29.43550078500532 14.414482284493886 39.876857672336875 48.38509422853186 36.64343064101518 52.30595856938281 52.107022243912986 5.638949563315858 31.251439459730413 13.046477823862626 8.89393202981965 43.616104535838765 35.31877650255423 9.635259755338977 21.969658429249282 26.238477805177396 29.818450398410743 10.875801553388955 30.43969718608235 17.469461752153173 51.49772631637647 13.639195542651995 36.24977940906964 40.66329766265177 53.89314566793114 21.31643427417508 43.39415668480787 7.568759706430374 20.713065722296424 87.38936651301752 60.82716062440946 46.45210463445341 54.867704947552575 79.1071711856751 76.16638954045234 43.37305966898567 18.86726187409332 35.00818036481369 67.00760904913992 74.54040196707473 40.47747379559347 10.743966924630223 31.42120854859851 65.22272954260788 83.07691182663135 54.512091630057135 37.89709260270847 47.91281415898927 74.49773508191572 99.18541843608645 76.68489156023827 65.71276886268366 71.76721692824572 91.52960665811683
86.78846372282902 17.35150472372742 64.71727289319247 64.02064513459774 29.66182936286626 44.32292339683873 17.819593180685576 12.484065818513526 34.193755943203456 0.0 41.75208855433073 44.893795892089656 47.759453121130065 5.6904527846281585 80.61675433122451 69.63168711366167 86.17989719063137 18.826279337969936 30.687281445000533 53.446972757412574 47.14874848405278 25.974326389003483 64.5968966908705 66.2046862857477 27.35583837829258 48.53647126804009 22.51087666632154 38.4102815142889 24.97068619223568 11.657664222909053 31.556895794508133 83.66029007120608 45.86815764019826 27.79643863004613 74.24018372234579 84.38124941614127 40.4655393475177 9.57256928093816 30.950381791703858 46.984929095470314 116.86368051395463 85.78440741846893 58.78457115722217 44.12599658622746 53.22967088446868 109.29058668057995 75.24643483608278 42.12444428565556 16.78573470800745 34.40787999214572 108.66253360584629 74.33975080185792 40.49818188552025 12.192570278305098 32.43557693638502 115.09330689512954 83.37919488833417 55.249754293193696 39.34215196079344 49.37508334186396 127.51909291207842 99.69462726433423 77.53505744929494 66.9262156810332 73.08432350274617
47.607149093422045 24.457742820729212 47.771193315259325 25.295621812730587 14.712561428139468 6.306085692746079 30.192489877555953 29.26877248195967 10.353997476292212 41.75208855433073 0.0 37.89442324784317 14.967826981699831 47.295830595640524 46.636847541345475 34.49145674858463 47.776649745941285 58.446237788536315 15.992381503184525 37.42834592477402 8.534211991576301 15.962247834800289 49.2024797252891 35.796516313292486 14.444345340181801 27.414591213321486 28.22150675429019 25.842206326817347 16.784509075864317 35.57079468854886 16.083822577583515 49.703783343242584 16.445519468930605 36.79972715285889 37.22113193707502 53.62613121769756 29.844932246492466 50.34828887599162 10.833416321557458 26.565766164240372 87.00818967526426 63.78729881327468 54.42435211755994 65.19200036636684 89.06615470655373 72.57909529575772 42.27608743212279 26.48869062084031 44.84277601589985 75.59721594349838 67.51517473943811 32.92957135576788 2.2954060911201806 36.34605175865834 70.93416974656061 73.77117895224876 44.273322472096446 29.5449592900355 46.696032533643084 76.70053185798227 88.99066604016734 66.44191907345764 57.48485047180564 67.74420206769845 90.9331361463545
57.64569332692242 35.73828099217503 20.2118270805924 40.10461116727584 42.266551800411094 44.1988621815911 48.63342968023658 38.534562037584976 29.43550078500532 44.893795892089656 37.89442324784317 0.0 27.26910708806387 49.51187661592267 44.84412956339723 38.07719985901611 55.621875418343954 63.015641321230675 25.500961244573453 10.687981520734644 33.92470223200265 33.386041363370694 19.801833994459002 30.389805878432178 36.194926986336434 14.581118895674797 50.59502538014178 58.58873575968004 35.602284117730676 48.785877322143484 45.93233419440859 47.31957495955908 24.08354012561035 60.91161247004649 43.96165529616687 44.85208701824921 8.133811415260938 53.84330142536434 36.08740583576487 14.141741725085447 74.43469166480716 41.46523200423754 17.11889232711977 35.51895763307034 68.00724296432948 73.34388618155316 39.49238462255465 11.611340268284726 33.239283674551274 66.85602973753942 82.51841422956915 54.55709587559054 39.223578738985864 49.95323756808401 76.46559457308516 99.1480242888914 77.26428035819866 67.11164911770183 73.70850701070846 93.57713766627262 120.1760335485542 102.66135453971076 95.03212921472745 99.58681962773454 114.88533803678743
39.167640276215536 31.2184740871527 33.291467368765055 16.78986870482765 27.220625638806418 20.469610588171015 40.91389699095909 36.109805124926986 14.414482284493886 47.759453121130065 14.967826981699831 27.26910708806387 0.0 53.438912770777776 33.982001348708756 22.248443379181246 38.43128116408602 66.10226412655597 17.082842357408186 23.891555596383267 7.565563439943609 23.294397031638518 34.905286006604115 21.429252872642838 23.844985226811453 13.970037707273013 40.21234152773079 40.630371908314025 25.28012311518394 44.83258032864771 29.698479198893242 37.095792779170665 3.2946506510553824 49.84747047133677 26.506158687310986 39.82212349971166 20.291020546591078 57.17998899403053 21.054216435822863 13.647571953621158 73.36570901777756 48.835887509288 42.21589007725936 59.78494508207798 88.09721197962006 61.85687563720562 29.03410468322266 15.954195017702038 45.39762521692713 79.13408459517049 62.18028805636735 29.71070611380336 17.143921640983017 45.82523537475508 79.37783381690221 74.18133489388457 50.04180353638198 43.59257097282779 60.75574767373075 88.75262246637519 93.4645723859487 75.54637308377515 71.22947856086441 82.67272029951792 104.83641867887754
92.4783458229931 22.972339792054687 69.52676914680008 69.71084446439998 34.8057343754531 49.65904247118179 21.703226195839296 18.050994555959456 39.876857672336875 5.6904527846281585 47.295830595640524 49.51187661592267 53.438912770777776 0.0 86.19517337339911 75.27324195806912 91.86326120631757 13.578194516283217 36.36178315239362 58.42971394026971 52.81710533662972 31.598236036467977 69.29647626941411 71.71872042650166 32.86582748265916 53.90572554168859 26.313961215876002 42.208748442907144 30.513875584063094 14.99251960912736 36.431733392468004 89.22951151113746 51.52009269736924 29.882404438655215 79.91143541229185 89.81267505454575 45.54145456043462 4.332051188520474 36.47201953170193 52.35898675228019 122.131159231407 90.68664075047192 62.66522322152774 44.995669004958344 50.17077729827241 114.9173854447266 80.80704969158126 47.4173209989666 19.02300266136545 29.49908775808883 114.32118343009667 79.9647657341591 45.980935093866265 15.132114212111054 27.176593315433397 120.44090006358978 88.41848247130476 59.367247972111386 40.3229051180198 46.06764243167646 132.34785724552407 103.92348239496796 80.49218671545873 67.4734103823077 70.85970049262522
17.103395323289117 64.87149199364295 31.659706832374624 22.673655906475464 60.67037154578227 49.93874403843567 74.88294948904688 69.63363721975561 48.38509422853186 80.61675433122451 46.636847541345475 44.84412956339723 33.982001348708756 86.19517337339911 0.0 12.146081098240856 13.983407479415865 99.31797725289636 50.30893451503228 34.42968493974348 38.17359626602473 57.23786150687301 33.95056231695483 14.950792752564317 57.80244897990767 33.43734933960048 73.98231330032843 71.84723948542762 59.25835015951114 78.73181653559483 62.63133055273925 3.114397110001177 35.1060556771316 83.25313611713734 11.280213682126728 9.603295040587026 43.50365811879776 90.17609748341836 54.86680735158239 34.8540233058549 40.721254716222525 28.89908827257966 49.0604992482016 79.83449402299206 112.84945215037675 29.087211031208103 5.518386702886844 40.12098894228478 74.72475715107358 109.32858420624888 40.543330932601336 28.650148944428736 48.91563384344799 79.74638726722429 112.78773061611443 63.64953010132999 56.62373608173121 68.9639337702504 93.27696768659717 122.6374865391465 89.82444973847372 84.7736144291698 93.27064446567124 112.28078204076864 137.510902796445
19.59357481150985 53.417798888268294 30.38814594558543 11.256007314217959 48.58882246892066 37.87634103902773 62.9969179994134 58.26772311639325 36.64343064101518 69.63168711366167 34.49145674858463 38.07719985901611 22.248443379181246 75.27324195806912 12.146081098240856 0.0 17.806139639220532 88.17015015216658 39.02696596155266 28.787044127189294 26.038546966633 45.533950941580734 32.73029778243406 9.061673510190374 45.92052248117784 24.658147261988326 61.95503680170593 59.75896584563141 47.47915672484465 67.07753474316213 50.4976001744945 15.215951678403949 23.77491330154278 71.13998336145012 5.896631746957137 19.995056450556707 34.911102781443425 79.13878898819279 42.89218693940567 25.840005480793142 52.731806118225094 35.55718586921033 46.29053386371796 73.59445326673537 105.28201909573258 39.68699797372806 8.354060372721362 30.9737997957519 65.14457502652652 99.61480045393743 44.44138341901561 21.58932344265893 36.76964591615464 68.06438483070471 101.53009283546008 63.09165427427424 49.52995554851349 57.6253656733906 81.13541554536229 110.63469236763427 87.12923937964374 77.65970353156175 82.85705216104678 100.47033877980867 125.37154060625664
3.250284018229853 69.40754593315086 44.96235285556573 22.623391873532626 62.47345430207609 49.406082225786335 77.71531648743972 74.35866990719295 52.30595856938281 86.17989719063137 47.776649745941285 55.621875418343954 38.43128116408602 91.86326120631757 13.983407479415865 17.806139639220532 0.0 104.39350656969684 55.51404806805864 45.852628236433084 40.10660094559758 61.09917464901003 47.30237126159708 25.420101410350497 60.93382183567958 42.461939439974955 75.99470463726249 70.89637758991283 62.800636215773714 82.47482373996897 63.678360977672234 13.978866200585255 40.56409940520557 84.3011860808001 12.240516755623753 22.286452614830207 52.717221612880365 95.56358025564568 57.58616532498771 43.64429924151222 46.17498788489099 42.351737502078514 62.04862610551356 91.11101196851413 123.07405562938698 25.139917472483333 17.530357375046375 48.75923408223246 82.71918692921788 117.0568937030354 27.291050271984947 20.471077806933362 49.88163913062227 83.37949455461889 117.52000508777576 49.70393356999348 46.140200275484396 64.66970468564847 92.89907900267534 124.39100693381148 76.21650757307191 73.73448987569392 86.36749534729195 108.98010731581897 136.7067430915706
104.83107003680752 34.991416154800554 83.07693996430149 81.9925188201458 44.72486232952389 59.870309121885434 29.5683676839735 30.034837576227538 52.107022243912986 18.826279337969936 58.446237788536315 63.015641321230675 66.10226412655597 13.578194516283217 99.31797725289636 88.17015015216658 104.39350656969684 0.0 49.14324326500335 72.00749693931989 64.75579839565886 43.429586744489626 82.81315494545004 84.99125946138815 44.11845746191351 67.35921691327638 33.4360276919302 48.13100519845129 41.96708928664081 23.16994724426263 45.49264931447164 102.37595945173514 64.39979842804537 32.751708327599395 92.60431363834019 103.2041700802404 59.11448910240253 9.304667049648298 47.69389973618378 65.80831960430429 135.65734906148631 104.25282971733706 75.69144071853142 54.630956780842084 51.32927261927148 127.85676471240127 93.97872385787397 60.92202729561045 31.39794418070979 25.593221858943334 125.93604472103998 91.37297459596584 56.85954181875072 22.624066565868002 13.621422941263612 130.15586652098057 97.05534597189698 65.52681981008686 39.53000618503947 35.01873792683848 139.96169794140724 109.74560548191909 83.02832016623066 64.32797972396136 61.459409383373014
56.20732698155711 14.634130264979168 40.677426115242746 33.57838933949643 16.787730103990118 21.592415321351055 26.071806520072688 19.325924796560713 5.638949563315858 30.687281445000533 15.992381503184525 25.500961244573453 17.082842357408186 36.36178315239362 50.30893451503228 39.02696596155266 55.51404806805864 49.14324326500335 0.0 29.003942077578454 17.75110164726856 8.483399043188466 41.44750589586201 36.415172668945544 10.864828241515294 20.748375533133505 26.732305477874817 33.088034416491176 10.833765233402886 28.752264274518758 20.433645486120632 53.39371134739045 15.261948872358563 37.0833836898019 43.553265094745775 54.96266656490642 17.60082893652403 40.14220758459312 10.644899651516562 19.29521884708381 88.20734348754793 60.00884546928668 42.61933518441652 49.26026833817036 73.69912109320707 78.71380697086596 45.0660356685816 16.151853314014993 29.76017123102063 62.492430337803725 78.74135493875713 45.11369295840852 16.283124856971664 29.830949799586683 62.525846854200964 88.28107331867031 60.11617463200528 42.768923945007565 49.38853223156854 73.78409878762884 104.765514692732 82.26168293276915 70.3769454718639 74.38819123759859 92.24451259201537
48.09350695333671 41.839345384499296 11.771058842432916 32.896386592512016 45.290749431087626 43.55293848095038 54.438063994237616 45.4369652851428 31.251439459730413 53.446972757412574 37.42834592477402 10.687981520734644 23.891555596383267 58.42971394026971 34.42968493974348 28.787044127189294 45.852628236433084 72.00749693931989 29.003942077578454 0.0 31.38548203451214 37.47488104814237 12.448749813569584 20.432966094460166 39.76575231664843 10.064038140336757 55.62069626480103 61.05152362242068 39.82011113312063 55.71054745457037 48.69093903883829 36.80130950115968 21.344430743152017 66.00873422263916 34.66354634212803 34.16598615933749 13.052804271394532 62.729113163305094 38.690497090900465 10.875649260163447 64.26892787654735 32.36584732718608 18.959152612031485 45.4554647333009 78.53532639626611 62.71433456308355 29.18824094846344 12.871335988368864 43.29250975728914 77.31535256666291 73.01671503247314 47.30186147229461 39.22138070031936 56.868202804560134 85.58325453498097 91.24403529432412 72.13880208713354 66.91268059546998 78.39243682352479 101.03568055450008 113.64425493712768 98.74920485784989 94.77590804149965 102.9962064187198 120.9489265430229
40.23593153569499 29.90102208858628 40.82985886715235 17.483619040630778 22.663660979289237 13.20448432893678 37.627663507700206 34.87640540278152 13.046477823862626 47.14874848405278 8.534211991576301 33.92470223200265 7.565563439943609 52.81710533662972 38.17359626602473 26.038546966633 40.10660094559758 64.75579839565886 17.75110164726856 31.38548203451214 0.0 21.33919794236055 42.465023474114204 27.365561891645964 20.863899661785574 21.382005547049182 36.14662866036798 34.2951351320943 22.83907320050276 42.42850992023059 24.459104681141675 41.25368559052094 10.140124593812779 45.117614357837255 29.073512021936974 45.093077202080345 26.392354165017657 56.22427592660961 17.479874077591912 20.897748949829655 78.47913967552245 55.72995296450783 49.472087322164555 64.6834960733542 91.18787955316401 64.60671341671264 33.7506434234489 22.338986579113815 47.47420971662667 80.02135172476494 61.52338939321711 27.454997751732417 10.82957811034037 43.30861373834113 77.64564177851062 70.6561932430067 44.157249018562425 36.08680760884998 55.22212211859621 84.80293570459011 88.29195369785329 68.75532439182041 63.67021273761956 75.99521801925023 99.45564914126352
61.433877658930776 8.626217291897214 49.159739888548465 38.59448496287304 9.387668567202427 19.647909328502774 17.955404342261698 13.572110943403233 8.89393202981965 25.974326389003483 15.962247834800289 33.386041363370694 23.294397031638518 31.598236036467977 57.23786150687301 45.533950941580734 61.09917464901003 43.429586744489626 8.483399043188466 37.47488104814237 21.33919794236055 0.0 49.9126641406118 43.93373683749865 3.200278112450722 29.141174462632875 18.277009983019525 25.617909474982746 2.3508906044365596 21.545918500079537 13.124240976760847 60.348421560443555 22.290951671813307 28.607375650713298 49.53333180108116 62.53209638954666 25.747296665738865 34.903779668324525 5.678699156733081 27.715918675934567 95.95737989058554 68.39552388957487 50.4270228570388 52.93986772487609 73.87274578300067 85.05476189095158 52.17829500652461 24.61061548165352 29.726020492094275 59.63586311521473 82.75055434894826 48.36805640280438 15.037849858481636 22.531275809936044 56.42723867028783 89.70989941503689 59.40246550694953 37.4735918901132 40.92331360102497 65.87864167591329 104.09072615538777 79.30988777326203 64.34294089763382 66.21741845956647 83.81083277655016
50.07088176379176 54.020060665432524 2.3624493244055897 40.05275992162687 57.709911301779265 55.160802506706425 66.72497971331619 57.40104818837586 43.616104535838765 64.5968966908705 49.2024797252891 19.801833994459002 34.905286006604115 69.29647626941411 33.95056231695483 32.73029778243406 47.30237126159708 82.81315494545004 41.44750589586201 12.448749813569584 42.465023474114204 49.9126641406118 0.0 23.68792575786024 52.21407912569593 21.909841668746914 68.02226529326886 73.36569250056806 52.25570736772111 67.70250768307525 61.07835416529404 35.472317222994604 32.8068938742816 78.41539889812255 38.06324891444513 30.22021896375103 24.943632232803445 73.62646148710753 51.09462686320246 22.990195630732998 55.829296489758185 21.895926124969883 15.388512508115207 48.877751130451664 83.2833494518849 59.39575605671127 29.775902310592382 25.302142558065082 52.807556433014895 85.62664978506618 74.41303425054554 53.643268529084395 51.11465007321092 68.86669185729582 96.26703300332258 95.63015813685742 80.32624282375673 78.44883763110838 90.8343088491282 112.88161895999448 119.79621176263038 107.75209865223798 106.13450438078387 115.38278520646524 133.25343171974558
27.71425369664603 51.047847335041794 21.35399079371304 17.654151942465347 48.641889071816074 40.347734788931184 61.851217972993034 55.65637885126753 35.31877650255423 66.2046862857477 35.796516313292486 30.389805878432178 21.429252872642838 71.71872042650166 14.950792752564317 9.061673510190374 25.420101410350497 84.99125946138815 36.415172668945544 20.432966094460166 27.365561891645964 43.93373683749865 23.68792575786024 0.0 44.94165412341741 18.493971550045053 61.48373778250413 61.63465945954717 46.098535896509766 65.13779981071029 51.1035934500478 17.793892483526342 21.683830821252442 71.24688766389288 14.641153096200417 18.598686266315468 28.562969773438162 75.77724996871638 42.378532067650106 19.926508885545854 52.071106366808756 29.23874940743262 37.32624012068092 65.77561342999392 98.25708029507194 44.02729060381551 9.434021043358218 25.18836237580875 59.7893038619647 94.39238594514117 52.61966383769389 30.19613094208476 38.07390044493922 66.19875932345812 98.53815426537626 72.12927898106379 57.647845747477724 61.95729430814699 82.15186840230645 109.79045318021063 96.12322897055027 85.57608435567533 88.3264953930854 103.31788747056882 126.26287838672572
61.09941812868395 10.224703186050792 51.361410668565 38.32554648416324 6.241060325335045 17.314192789597875 17.082525510536787 14.879338960488278 9.635259755338977 27.35583837829258 14.444345340181801 36.194926986336434 23.844985226811453 32.86582748265916 57.80244897990767 45.92052248117784 60.93382183567958 44.11845746191351 10.864828241515294 39.76575231664843 20.863899661785574 3.200278112450722 52.21407912569593 44.94165412341741 0.0 31.0544889636257 16.616410321948486 22.56238987331492 2.4719913932149424 21.56484230901227 9.985694643550369 60.91682479428906 23.270455634779605 26.729317890680605 49.62063792770951 63.502911895361606 28.416873793592238 35.910714200436715 3.610929625884787 29.688300407580495 97.01242781667801 70.19846858963611 53.282648910603555 56.0808184655868 76.45833876491157 85.20431145476574 52.8768175740617 26.96264490097255 32.44770932739088 61.42936348637719 81.82472071366969 47.29328268998769 13.148321306462027 22.44896916620687 56.83210516896333 87.85200131646496 57.008309437319866 34.30386240429622 38.7091336582448 64.9220571377308 101.62570455022306 76.3922636963205 61.14373468882302 63.53045603431002 82.02722480453046
44.167600677039715 34.77733544653541 20.685934146810187 25.53714769729305 36.17924961340131 33.50418276128461 46.79196057860015 38.949286180060625 21.969658429249282 48.53647126804009 27.414591213321486 14.581118895674797 13.970037707273013 53.90572554168859 33.43734933960048 24.658147261988326 42.461939439974955 67.35921691327638 20.748375533133505 10.064038140336757 21.382005547049182 29.141174462632875 21.909841668746914 18.493971550045053 31.0544889636257 0.0 47.41474241429025 51.541199734452185 31.481326723287314 48.96402130746821 39.41141111102657 36.28211415024397 11.292640921317671 57.70715918848381 30.399906618583454 35.953772122423175 10.268791853345016 58.072762362270346 29.52897459261928 1.5547568565014307 68.39559349201969 39.26279602428113 28.284565211982724 49.53085545389062 80.63147145929992 62.52038817326849 27.919021021387497 6.708125169787028 41.29625361747511 75.89872590122063 68.81206914343817 39.97731951336783 29.259352710497012 50.08863939665746 80.972046422991 84.59796560972167 63.227077015903646 56.86213455074441 69.74046901801542 94.28125628417975 105.70622216156562 89.31833988003898 84.71387248036524 93.64736226856635 112.95100993103887
75.80794966882489 15.3511820339114 67.35163650698571 53.45990514769876 13.525878689119473 27.804105308586546 4.691379990851957 14.99099863101136 26.238477805177396 22.51087666632154 28.22150675429019 50.59502538014178 40.21234152773079 26.313961215876002 73.98231330032843 61.95503680170593 75.99470463726249 33.4360276919302 26.732305477874817 55.62069626480103 36.14662866036798 18.277009983019525 68.02226529326886 61.48373778250413 16.616410321948486 47.41474241429025 0.0 15.933628612959323 15.933628612959323 11.332517095680734 12.818667708940897 77.09102945623664 39.84947679724132 10.395898598811183 65.21940422405503 80.00327968349809 43.44042202014854 27.537947261793214 19.160211630867632 45.99288243348115 113.53745843756026 86.65920188403362 67.25814937694231 62.70788331615657 75.73425373478274 100.71931240182154 69.20033574603889 42.753061645639 35.5217303844593 55.5931076284191 94.760700434375 60.28767039374424 26.162370392127603 11.36616100223061 44.37074684621162 96.93530088463638 63.621016873194314 33.07053967174787 23.119969214008247 48.685222961963056 106.74709665699372 77.63861470871447 55.275433994406335 49.77750470066143 65.53650591097878
70.0523735786072 27.72292654141178 72.22633025874461 49.552238575454794 16.36177798628991 21.922820832186996 20.61342740754994 29.380423258392796 29.818450398410743 38.4102815142889 25.842206326817347 58.58873575968004 40.630371908314025 42.208748442907144 71.84723948542762 59.75896584563141 70.89637758991283 48.13100519845129 33.088034416491176 61.05152362242068 34.2951351320943 25.617909474982746 73.36569250056806 61.63465945954717 22.56238987331492 51.541199734452185 15.933628612959323 0.0 23.70220008086657 27.21700005971725 12.659630367942073 74.84638964555444 41.55410423366542 16.653356113611327 61.69039762604178 79.2872577798083 50.64698429748425 43.17399541015596 22.576809422234184 50.38525573349876 112.48256067717045 89.41208954748369 75.7064291309836 76.5712179768333 91.5946821009836 96.03615924229496 67.79860477171593 48.63301373801592 50.28420757743051 71.32072159104796 85.90515252404323 52.63401054177636 23.57606059281912 27.132451647769415 57.54439124473175 84.39600690349413 50.15666821683438 17.422669882357233 22.051307420213515 55.35181628405684 91.934383352755 61.908984239201764 40.10412610812605 42.17566415778428 65.9094794262941
63.04847373526397 7.765515222914518 51.508974738662666 40.23104241685739 7.785254917377369 19.786178092964608 15.753046079377908 12.486628870991442 10.875801553388955 24.97068619223568 16.784509075864317 35.602284117730676 25.28012311518394 30.513875584063094 59.25835015951114 47.47915672484465 62.800636215773714 41.96708928664081 10.833765233402886 39.82011113312063 22.83907320050276 2.3508906044365596 52.25570736772111 46.098535896509766 2.4719913932149424 31.481326723287314 15.933628612959323 23.70220008086657 0.0 19.692804139991132 11.43157316199386 62.371385449695296 24.42595014415125 26.25720209123762 51.35096427622062 64.69223256452214 28.027731144363177 33.63833185858651 5.9906748636639 30.06029816950277 98.14730088428561 70.73070562047086 52.60776721368384 54.10292074269735 74.03701305789839 86.91123219820939 54.24581573884734 26.953648300455317 30.087109815088937 58.981468158372245 84.0265514405197 49.5382527745055 15.571432152976461 20.6338164436494 54.80778350887977 90.29738690929169 59.473949354879444 36.270043719662254 38.58386115718588 63.69258561985316 104.08155424292008 78.68851785060406 62.813828751137 63.984784580374395 81.46968496119993
82.66424228795248 14.207175233638539 67.41956237318809 59.88063180410154 21.564842309012246 36.70815521406467 6.801651561376315 10.302532980360638 30.43969718608235 11.657664222909053 35.57079468854886 48.785877322143484 44.83258032864771 14.99251960912736 78.73181653559483 67.07753474316213 82.47482373996897 23.16994724426263 28.752264274518758 55.71054745457037 42.42850992023059 21.545918500079537 67.70250768307525 65.13779981071029 21.56484230901227 48.96402130746821 11.332517095680734 27.21700005971725 19.692804139991132 0.0 22.41021338833438 81.83817838112238 43.669208922174754 16.387492989623624 71.03880719734947 83.70648342477985 42.7780848367597 16.345992220085673 25.019978046198485 47.43413863514191 116.94687781065845 87.8246672392689 64.37832018866776 54.50467902478706 64.74370975010135 106.58662353294052 73.61114338197582 43.25890461620778 26.81241340170903 44.286775471376785 103.0668237052152 68.46493161097663 33.86706324009116 1.167683484783071 35.363871353864724 107.06446670449668 74.295043660431 44.40208695803159 28.603766752837302 45.38330035766931 117.81659393393244 88.96894134364663 65.916517845144 56.29648489423226 66.24494836878746
63.33925558829394 17.059810763539854 60.041350922359406 41.329142701884045 3.7446364839679593 14.989711234708151 15.95554434023399 20.189935221885616 17.469461752153173 31.556895794508133 16.083822577583515 45.93233419440859 29.698479198893242 36.431733392468004 62.63133055273925 50.4976001744945 63.678360977672234 45.49264931447164 20.433645486120632 48.69093903883829 24.459104681141675 13.124240976760847 61.07835416529404 51.1035934500478 9.985694643550369 39.41141111102657 12.818667708940897 12.659630367942073 11.43157316199386 22.41021338833438 0.0 65.71276130681238 30.081003600286056 20.717733000802372 53.300869700425636 69.31166849297264 38.0103865955675 38.562582188530776 10.018642429207079 38.177508579902096 102.80484502461114 77.93981955464359 63.048983800491825 65.3491608230416 83.43039528850277 88.59128180180977 58.13080015606983 36.12196774827531 40.314204610973405 65.88251319536812 81.94575811841244 47.50047172516649 13.868528079633098 22.87424413095314 56.999822232281616 84.6698127307943 52.01917512520213 25.25583016850616 31.05743579953299 60.713397726541125 95.96873963305877 68.76236919257379 51.393905895968366 54.306624149941996 75.17905962956918
17.21803568620092 67.96559757958383 33.235335882807284 25.537207157494592 63.77071661753724 52.92898442006487 77.99734653831634 72.71946139572016 51.49772631637647 83.66029007120608 49.703783343242584 47.31957495955908 37.095792779170665 89.22951151113746 3.114397110001177 15.215951678403949 13.978866200585255 102.37595945173514 53.39371134739045 36.80130950115968 41.25368559052094 60.348421560443555 35.472317222994604 17.793892483526342 60.91682479428906 36.28211415024397 77.09102945623664 74.84638964555444 62.371385449695296 81.83817838112238 65.71276130681238 0.0 38.203064745682006 86.34535719085359 13.819709786194059 8.356145749857813 46.27349218349168 93.2231450086992 57.97871141196299 37.720321071169025 37.82241344722999 28.373023191206556 50.73816962983168 82.08858139748118 115.31499668217666 26.266630179854037 8.439335874948863 42.98096450112843 77.57808079165028 112.17935781423938 39.50203291289357 30.556714839020007 51.97934617833476 82.8542661911651 115.85613411426618 63.576014675680135 58.24474646706774 71.67831100312463 96.32185096154835 125.74898250695918 90.19030838556809 86.29771143017638 95.68180226898717 115.14090752770457 140.5509121094319
41.491452612725304 29.76711120117776 31.33341493108526 19.534150464709118 27.296833071214035 22.356352224772397 40.17505676862242 34.55581917192711 13.639195542651995 45.86815764019826 16.445519468930605 24.08354012561035 3.2946506510553824 51.52009269736924 35.1060556771316 23.77491330154278 40.56409940520557 64.39979842804537 15.261948872358563 21.344430743152017 10.140124593812779 22.290951671813307 32.8068938742816 21.683830821252442 23.270455634779605 11.292640921317671 39.84947679724132 41.55410423366542 24.42595014415125 43.669208922174754 30.081003600286056 38.203064745682006 0.0 49.745659609244804 28.45923298339877 40.26955770714107 17.00448388612339 55.36559502918411 20.84645201339015 10.75769847114003 73.75208372600555 47.916469449892915 39.33740007196978 56.51282026040871 85.05757739408925 63.458301839435705 29.94234266497679 12.687940021134953 42.664691320817916 76.64476547548338 64.88447993883267 32.83142967135889 18.456933582621797 44.7019306741776 77.78634456218705 77.38525954001403 53.292160062860766 45.6776142539165 61.05447365808843 88.11167489456177 96.75899168168566 78.63140324305347 73.47272708849191 83.71579672688512 104.94368280982746
83.85453629841177 25.37140060644356 77.73226790961536 62.034845403126674 22.64804515848947 35.07300071219648 12.745639570628205 23.992821799946224 36.24977940906964 27.79643863004613 36.79972715285889 60.91161247004649 49.84747047133677 29.882404438655215 83.25313611713734 71.13998336145012 84.3011860808001 32.751708327599395 37.0833836898019 66.00873422263916 45.117614357837255 28.607375650713298 78.41539889812255 71.24688766389288 26.729317890680605 57.70715918848381 10.395898598811183 16.653356113611327 26.25720209123762 16.387492989623624 20.717733000802372 86.34535719085359 49.745659609244804 0.0 74.01859079975098 89.65869021881629 53.824484178487445 29.583152456493174 28.902460835518873 56.3028686829872 123.198628167141 96.9138615735666 77.46900853704402 70.74852748564024 80.02510318072976 109.27318234434797 78.64339908374996 53.13904553301956 43.09930629380611 57.32504119782748 101.40238209973587 67.39319693578157 34.58457364255456 15.658618013368832 41.09916964394502 101.01208424548803 66.80993444626141 33.444653881488335 12.97589154297875 40.16284358695374 108.18330329453669 77.13599524221598 50.90303576374862 40.3373149409424 55.298296016666676
