0.0 37.259323398117814 34.50147667655886 16.453692218270014 28.734036281828157 39.68193123201035 55.800405740812295 66.25101652475398 57.408603723317704 71.44029733154456 67.96226915258723 22.835952347367627 34.207093322513025 12.236666074612309 40.805831038491746 63.18529986744466 20.53310360418456 48.77961464001448 10.417529256428404 45.442704089572 4.87231830843081 32.404022438773865 20.646345419283783 21.218508975633032 16.65539444311504 36.96152394038266 53.212596060030315 57.12042509018061 49.982841749717196 67.46158077075081 28.4110607918779 42.599573450820664 36.59628797594117 23.324232427365494 47.86697019244697 61.11325361381757 8.50063292141934 30.04957844781892 24.446384178914467 42.71168039273025 105.23542047699557 85.43469042103615 76.93124907341583 83.26155171821537 101.69214845681951 86.54810582493141 61.22161357092389 48.993924247194315 58.715675566634324 83.00279392924514 74.15050402963544 42.12015790037432 21.08942614933244 38.86213876293725 70.50257798993157 71.39870779065855 37.11151722079118 7.183830120789184 33.478404808386024 67.71154429156527 79.30341854732889 50.57251969733863 34.942206371493405 47.740614850661295 75.7113288017166
37.259323398117814 0.0 70.96516355631614 39.5392089926591 23.843331492435908 48.25289697181836 25.891517990242665 42.040339502557636 43.248408006296664 57.413955744330295 47.80235390569021 15.611293523882097 3.2836145552820475 33.06913400146131 28.50094364772325 34.94605777775881 30.744686419214666 38.57627353704832 28.525341334122544 27.701473538651754 32.414105844675206 5.67774179450702 57.874845291500364 26.45627987201456 38.1956489516927 54.499819896581435 22.606434893561616 36.70416563587861 44.261418976191 60.63717557724795 10.004239249516225 35.24973980432643 14.551806666118857 58.93363757756719 30.349550422898055 36.99314885119059 33.284757569864055 13.084464874216048 13.742094334375341 30.28008652118056 93.86228782977085 64.71189390211404 44.27131774607379 46.1203877381315 68.47664552800063 85.01888635264228 51.18834630047804 20.17754202138549 24.266648962460295 56.262402601545716 85.0443476555711 51.230235619815815 20.2825929459934 24.353247690994728 56.29945231628097 93.93145864623602 64.81126213994943 44.41509263734571 46.25712037727913 68.5679363475294 109.54384319335571 85.72073439295683 71.35120129483418 72.30976730525109 88.09750206055266
34.50147667655886 70.96516355631614 0.0 43.34043832883917 55.67209693320013 64.13009049655469 90.19388097543745 91.35097558625861 88.61936249979898 101.39634124649885 90.38138567922152 55.606310480495786 68.1090326225187 38.945326649995835 65.41882570582843 90.90422635289153 45.096028796247325 69.4031423515883 42.46274453681181 71.21350178749039 39.0408061240615 66.5247056238384 16.92781768144383 54.285306544813025 36.299769100086635 55.79222540750621 87.67205728041473 81.52769297538838 79.13275995967838 94.68695998741505 61.39743659688733 63.72341475244314 66.8569230908267 12.316754915938475 72.85254585821905 86.87246012516798 41.44811874218817 64.54408240122014 57.42107397088162 66.68180018253126 131.85681036726263 117.03753070406987 111.37306335400838 116.20991948189327 130.3845927479797 108.80517097289894 90.55983713169239 83.41654837275989 90.05706277375961 107.96733829636112 88.7874322994867 65.4374144078071 55.45895959402774 65.30031485126192 88.58532590071859 74.29921396011218 44.05589150272621 27.501081779810963 44.3456532722641 74.64317765994919 68.9216616180653 34.319344776966815 0.5420548735364098 34.894478544492586 69.49683341087388
16.453692218270014 39.5392089926591 43.34043832883917 0.0 40.53323052119264 23.49470614166073 50.41085871239161 76.0895109061937 45.285683911547366 58.2222723819945 79.20482739037327 29.789775324461335 36.26356738786691 27.489900508545546 52.56887200711459 71.35345022456076 34.90449923931644 61.791497852525055 22.761811138518294 56.13543563116605 17.254606367556438 33.88073820154225 26.528362620552507 14.09581043681051 32.860106527679676 20.867169490039192 48.54715550605306 67.83252137102906 36.04804295225276 52.606452427989794 33.751081830149516 55.83140629417741 44.57310289758356 34.954642177663395 58.844014666260115 70.78786452034747 9.9582923731014 27.987346525140758 30.62691469658738 54.6491626421016 90.3564536833725 73.70190685233028 71.3751405081904 84.56717773014377 107.71982951960796 70.42450812128432 47.50489951474823 44.143390793071696 63.524654762083664 92.28729009447275 57.90551563922714 25.785701488398416 19.277098462266164 49.73088691227577 83.48392758513515 57.833317501965965 25.624655875857346 19.063157928145955 49.64912504371198 83.43571100503627 70.2463055013211 47.24275303675215 43.86378708075263 63.332501485509354 92.15638608267804
28.734036281828157 23.843331492435908 55.67209693320013 40.53323052119264 0.0 58.733012510772156 49.65768716017732 37.64680336145361 63.59559855162431 78.33816086169172 39.292466381600256 13.738716378890654 22.993226058063943 17.86250081881102 12.18212210208012 35.554729862968536 10.57692184056818 21.37517949142729 18.637228629350727 16.769799767592026 24.852736498359505 23.466269872707745 47.04508996558438 33.80267698934108 19.40555863297392 60.620054882931974 46.38745600529721 28.39067099824019 61.27449300413024 79.06599011198266 15.542501929606887 15.697852292857663 12.433701112694106 43.427913609502696 19.13504119230938 32.61185345018904 30.799645924621938 28.775733006218665 14.521006311490462 14.195721722914826 114.71788588063437 87.64024680391664 67.79536135625227 62.501102613842534 74.90889987131176 102.05334545325026 70.43252023928207 43.605340846830835 35.17019829675728 54.47284829163329 96.17976979028646 61.70174464817703 27.54116986154737 10.236227385100527 42.96391781303092 98.32216657869431 64.96133706459109 34.16939812751769 22.582422512358107 47.40495151000737 108.0044555443397 78.73580025794352 55.93297206409667 49.52247756169069 64.58530407413161
39.68193123201035 48.25289697181836 64.13009049655469 23.49470614166073 58.733012510772156 0.0 46.176746854935715 89.68199960891523 29.583361387807454 38.973895465711514 94.42106493943635 45.562555416635995 45.52597169590805 49.50820379440823 69.7529548081795 83.13685559095242 55.78355448854688 79.86454172471812 43.71182242468852 71.91000105881524 39.40708875566225 43.15328359635648 47.35806844587635 24.967250390037325 55.4780213066361 11.570360350999524 45.81530325969602 82.91006076041114 17.807776426288914 30.640829682426826 47.09701278882468 74.42114312986018 58.5991512013131 57.50891218987592 74.7525868454035 84.4532196980986 31.920858669266433 35.25895873274641 45.52362227703517 71.8855160024622 67.7929984370008 56.21708128614634 64.18428399953723 86.45043024238758 114.98923408723373 46.93238007979607 28.09052134415215 42.07547465755009 71.73878194269649 104.48635886931574 37.623667846258236 3.03177065270663 31.58634671531425 66.1895564178652 100.79321342834541 47.27168002884551 28.648691751362616 42.4466937684785 71.95508704064278 104.63357852997623 68.26284261151014 56.77762514745243 64.67126875015425 86.80920765631433 115.25664975082587
55.800405740812295 25.891517990242665 90.19388097543745 50.41085871239161 49.65768716017732 46.176746854935715 0.0 60.36896271330618 25.530268832975253 36.47271374443481 67.78075581460165 39.21398184614136 26.792696847609896 55.79752414861818 53.683143932575426 51.477079252569695 55.46683282250205 63.20298392085526 49.941373858251 51.6913774591861 51.570866142715545 26.916379484235893 74.8148781359935 36.8018384735651 61.78818492078457 56.392439786362836 3.2906034413180865 58.12608208991599 33.13278049023368 43.939756056799574 34.72132803863502 60.627061550368886 39.91971375360529 79.069372151 53.98239692949532 56.27320958276309 48.919767799237825 25.915284895748844 37.48680246619925 55.25040432772721 71.48569851744216 39.78508220698866 21.221357544535156 41.384596676467034 73.27939167480525 68.54959829139645 34.28514610171701 6.837293065907376 36.23367805896882 70.5256250652246 76.6869931230092 48.44031813862653 34.73995714156204 49.61950742393179 78.18028591317743 93.03590717981554 71.38462843625983 62.694716232406726 71.83499721651226 93.7266414684171 114.11942953634025 97.07325023279988 90.6525256841382 96.99091558532878 113.97933053131408
66.25101652475398 42.040339502557636 91.35097558625861 76.0895109061937 37.64680336145361 89.68199960891523 60.36896271330618 0.0 83.44877626790056 96.4032979117331 8.386886400436014 46.31365092962798 44.37935993509804 55.418734299976535 26.190536895329743 9.25231677039189 47.46291301991828 23.231097515727974 55.93404863558027 20.882336231183842 62.081354427158836 46.64947174596803 84.50446374266906 65.82564286042407 55.66597975911437 94.4191620075988 57.6151250739837 9.835332500743194 86.0771424163456 101.63037501514901 43.07956176988123 27.980697156733484 31.674750741519233 79.52784455535671 18.733371536404583 5.312088220674774 67.06659189169245 54.57080627612368 45.62327868356991 24.725827994716056 131.85404732966234 99.30048713095964 68.77869273954751 44.66828058311516 40.67956355609205 126.34139416856583 91.92573181781967 57.73546915841989 24.7240887938403 16.853150255559317 126.91306962519164 92.70268337055874 58.95334556520324 27.423631955624025 20.578226676852918 133.490896931948 101.44417420339315 71.8111274350342 49.16881325246019 45.53156048634765 145.26089096508684 116.36855803086841 91.5276483942659 74.88480364046114 72.33886568073065
57.408603723317704 43.248408006296664 88.61936249979898 45.285683911547366 63.59559855162431 29.583361387807454 25.530268832975253 83.44877626790056 0.0 14.808063250961458 90.16102299822475 50.31198946718421 42.236680588970586 62.60416978627794 71.24138140669483 75.06192197018828 65.62316560034441 81.55652536771336 56.037111074118144 70.9410261669011 54.72423384590822 40.87079081108742 71.80461480211416 36.31473425417782 69.16691750949042 41.152965283853774 27.211615003907518 79.53367405833338 11.900565972111302 18.53714228565956 48.28330919096309 77.6002080169614 57.50950804736639 79.58974739492773 73.59784876251784 78.84960530421581 48.98868237651526 34.83745820767659 49.185064347040424 73.16100387132627 51.132648543742405 28.418284107050948 37.356258569980646 66.1681289994603 98.77141587520734 43.328100487855906 8.782997231034201 25.919339873919004 60.50898866535173 95.10897765075418 52.38159428199258 30.589149773351252 39.01792271612884 67.11138537611593 99.3997753791238 72.20816941889564 58.16540982868233 62.82674267211367 83.1021889796861 110.72279599941953 96.37296508138708 86.1368533889115 89.14077049670388 104.24637526955183 127.21339113425842
71.44029733154456 57.413955744330295 101.39634124649885 58.2222723819945 78.33816086169172 38.973895465711514 36.47271374443481 96.4032979117331 14.808063250961458 0.0 103.46665253908421 65.10974411157623 56.64930513204351 77.2203337811842 85.68111649395016 87.70787681777112 80.41201181259353 95.92427840118819 70.65168383064743 85.08795676669563 69.03835911171834 55.4178762800371 84.4749033694624 50.606145736716236 83.7847510256053 50.07407810663975 38.92263499979014 93.16468744346413 22.27202086917121 12.901618383574542 62.95960756910078 92.14636309458413 71.84434822644519 93.02860214170093 87.6828957566684 92.03027695418676 62.95342940067797 49.60966324370116 63.96322777497145 87.5592719171097 36.504103804029235 17.808830427955563 41.189896848364874 73.96559387954693 107.88910449026085 33.668254392408976 10.953620500421419 38.74615394312424 72.64571070443672 106.99713228442246 50.42988848857608 38.94447654267501 53.712154681168116 81.53614888196392 113.16411221807753 74.57436700782371 67.13528133365531 76.47039715648273 97.89312099433216 125.35218580747406 100.9349649583148 95.34795324153126 101.92778266519943 118.66755758813822 142.0189466779479
67.96226915258723 47.80235390569021 90.38138567922152 79.20482739037327 39.292466381600256 94.42106493943635 67.78075581460165 8.386886400436014 90.16102299822475 103.46665253908421 0.0 49.781457961161514 49.806892484847985 56.46188802703066 27.15691304227291 17.490076198705882 48.16532075880533 20.98057435029857 57.92637692977287 23.07298549513155 64.14142216512286 51.92538165974362 85.0433683298837 69.9998465021974 55.72556903786942 98.3403088105743 64.91673948112165 11.530250215918175 92.06297642943984 108.11997348823826 47.353360914020634 26.779821512252873 35.828008032566316 78.95486266432098 20.370185560200007 11.509374748175922 69.78040953236894 59.762648627641006 49.3747566161328 25.273437855009202 139.2133643596797 107.03621061908608 76.99321277265143 52.85805621266006 45.3299930012404 132.69728135771504 98.49498536611489 64.7209725873706 32.72911442741842 18.66638845884948 131.91825106194042 97.45263238109817 63.13840790692304 29.508540262060844 12.243436780458834 136.97423887560623 104.13463596151527 72.94470026341172 46.82587731277606 38.199775869383075 147.26520904160722 117.22715140210616 90.51043777083488 70.97073169605801 65.39358733438638
22.835952347367627 15.611293523882097 55.606310480495786 29.789775324461335 13.738716378890654 45.562555416635995 39.21398184614136 46.31365092962798 50.31198946718421 65.10974411157623 49.781457961161514 0.0 13.18067822388558 17.46818032142318 24.192416559294752 41.743943636932656 16.330079884633285 34.34539251492093 13.19386284882954 26.784054776156804 17.998851296970248 12.380975967233981 43.380564129386805 20.627891344281675 22.848141365148493 48.57930467647052 36.094433457760424 38.29802779713285 47.551144422735256 65.38696198863535 5.791141690373055 29.12301179215756 14.824982652983655 43.470829974915716 29.584199244293305 41.00767622482675 21.16218062207972 15.567738345622946 1.8715924968902935 26.325684217230936 101.34411123396974 75.38465376479796 59.07497789407591 60.75894874864176 79.29840189230575 88.31763511461358 56.87638368287987 32.629415130552246 35.906431253497956 62.51961485490155 83.16186573001019 48.56889739341912 14.029755604430349 20.726424115611355 55.291858685640435 87.28317815947528 55.271517301289634 29.771948472567413 33.35622974959878 61.10440300437416 99.53560323250633 72.95814938895577 55.97538430947004 57.778824590819085 77.06061464623885
34.207093322513025 3.2836145552820475 68.1090326225187 36.26356738786691 22.993226058063943 45.52597169590805 26.792696847609896 44.37935993509804 42.236680588970586 56.64930513204351 49.806892484847985 13.18067822388558 0.0 30.6082609879629 29.03318531882524 37.61278712301991 28.942892980254946 39.32034101892205 25.755851759991632 28.89445672489681 29.384392476060114 2.4723578324053403 54.78642426491375 23.270455634779605 35.998912988211806 51.466693659514966 23.55872446565276 38.535782246189754 42.43385741813944 59.207331911651515 8.008808976055292 35.54961718110336 15.290868464987279 56.15188561486999 31.63530351283891 39.244795106557945 30.040551981182205 10.267259944887739 11.321463753854058 30.929862620123227 93.15100992785362 64.80949998301499 46.024427141801276 49.30558252790233 71.6843707650724 83.37909307296323 49.9107550064541 20.61414383763724 27.452714698380113 58.96786684078752 82.54816755789166 48.52295381212313 17.017812316633783 24.89149725089218 57.8309531711694 90.9037895536885 61.56671074779958 41.37927881366952 45.0427961427179 68.84973623662795 106.30092758890329 82.4557428345514 68.50384921489486 70.57882614980834 87.54844119930581
12.236666074612309 33.06913400146131 38.945326649995835 27.489900508545546 17.86250081881102 49.50820379440823 55.79752414861818 55.418734299976535 62.60416978627794 77.2203337811842 56.46188802703066 17.46818032142318 30.6082609879629 0.0 29.440540223968924 53.324879185143864 8.422007394185593 36.77425267633461 6.5690672764292675 34.546249961335796 10.267024473959012 29.550550223637504 29.184528042629413 27.062189372032954 6.5646540048282 48.35153083491245 52.82085908921976 45.9782756235332 57.03935111331041 75.00708224689161 23.122264698544896 30.57213066730229 28.008635572135656 26.642149586261677 36.75472885276052 50.44278288229639 17.789220171365933 30.333295119755217 19.33976694447223 31.214563223749643 112.38156784419184 89.55533639503906 76.19346591271048 77.365849742677 92.52161721716111 95.72898118431056 67.72313389674213 49.026717414512966 51.1431941362361 72.26648409012522 85.35160386823691 52.19719964160863 23.644159682263606 28.078322474756593 58.417337907148244 83.61997160485606 49.34206630774032 16.48733636371082 22.44722499079997 55.95334177478899 91.02892225064363 60.96486756250712 39.268224790735886 41.97737355510692 66.15915895750531
40.805831038491746 28.50094364772325 65.41882570582843 52.56887200711459 12.18212210208012 69.7529548081795 53.683143932575426 26.190536895329743 71.24138140669483 85.68111649395016 27.15691304227291 24.192416559294752 29.03318531882524 29.440540223968924 0.0 25.823056316370156 21.316298932549397 10.428011521030234 30.810229140953794 5.970451735909077 37.024480410861145 30.40338858658735 58.37686665124932 44.81665370803111 29.49151869221265 72.37425742649148 50.415918437848816 16.56924208344044 70.47595376285831 87.82436470785159 23.595526875320736 7.020603472006893 13.95129311587893 53.456881360698205 7.473969982105245 21.48505006265992 42.921623094853445 37.29011008675293 24.311984646195125 2.1339197942352057 122.18071782493541 93.09191636227915 69.27388596711911 57.675185007504716 65.18260472656566 111.52785618133275 78.73584259760536 48.528754159272395 30.092921379584734 43.022839521883725 107.35394353985879 72.76084160872658 38.18723962451854 4.152684571903055 31.1621345329777 110.39655642118227 77.13999255993609 45.91948275940205 25.71888419761923 40.114396103734755 120.10835165413727 90.38036450248853 65.62014425246397 53.27471512380078 61.361112341853065
63.18529986744466 34.94605777775881 90.90422635289153 71.35345022456076 35.554729862968536 83.13685559095242 51.477079252569695 9.25231677039189 75.06192197018828 87.70787681777112 17.490076198705882 41.743943636932656 37.61278712301991 53.324879185143864 25.823056316370156 0.0 45.99393460036269 26.582931621111594 52.76810569970308 19.867964968349032 58.70681453137052 40.00494226774988 82.47042460882805 60.07466894841861 54.65755721762101 88.67972558137879 48.816402629948065 13.146974989332607 78.33340861908769 93.3910723292683 37.67992543289457 29.7647368757293 26.95037101604941 78.77623302472311 18.815082039747917 7.366199812024857 62.88538504480694 47.878482218687736 40.748556746176334 25.010458835228008 122.9223126815132 90.16587828946875 59.53745112614022 36.801662906063704 39.48225584184279 118.17394056444336 83.63971021486228 49.203411016791584 15.530737946014272 21.36084317680519 119.96572735295229 86.12997043686696 53.28989943336369 25.614458069859698 29.448820849583782 128.02326738725682 96.94417625979098 69.29067088116784 50.98066570824781 52.836227404972696 141.27812739045623 113.73166501709753 91.13184639687789 77.90940048946818 78.92702579513487
20.53310360418456 30.744686419214666 45.096028796247325 34.90449923931644 10.57692184056818 55.78355448854688 55.46683282250205 47.46291301991828 65.62316560034441 80.41201181259353 48.16532075880533 16.330079884633285 28.942892980254946 8.422007394185593 21.316298932549397 45.99393460036269 0.0 28.352245440018866 12.236055218235567 26.694100070833358 17.793611302885566 28.553141549352578 37.06072034572567 31.876902759532307 8.843532680483719 55.708360851461784 52.30865171933982 37.88492077707518 61.39022684449081 79.43083226805261 20.94097425528909 22.150299747027965 22.335836504623515 32.861399018589346 28.733592131602517 42.607479085346796 24.966158421900932 31.498727783732544 17.993405237202406 22.992406286251445 116.24882471593548 91.47243303217385 74.93581691649928 72.51414487474301 85.41650692398728 101.15766506740866 71.52932197128092 48.93701519243588 45.47566234502 64.31218493499361 92.38525156459797 58.602129541844114 26.985809326148587 20.423213783132454 50.00830786566532 91.76257943848285 57.62464482883507 24.812900609410807 17.481762505178487 48.89167252777046 99.44289116592496 69.10586619121177 45.356105834181626 41.63598668794918 61.68271958376322
48.77961464001448 38.57627353704832 69.4031423515883 61.791497852525055 21.37517949142729 79.86454172471812 63.20298392085526 23.231097515727974 81.55652536771336 95.92427840118819 20.98057435029857 34.34539251492093 39.32034101892205 36.77425267633461 10.428011521030234 26.582931621111594 28.352245440018866 0.0 39.38315006047448 11.672671668197722 45.49907977672765 40.773208140082914 64.59684670130964 54.897891401346286 35.20121318127356 81.99341394899486 59.97394002796232 13.886326748404352 80.90349598139461 98.23935859916207 34.01950866309617 6.205045721888485 24.080127891212275 58.039310836678624 9.988171910265008 20.08520316717271 51.95004375871745 47.71797443352078 34.59706760877929 8.413740051269912 132.40689104224745 102.8444908065899 77.57046008262672 62.06565687396456 63.88973116315308 121.95365997168109 89.12102076955306 58.37165971479721 35.59182667408434 39.001778778273476 117.41193140590485 82.85784368205135 48.37495993630693 14.481198296063804 21.774464985447796 119.45813730101786 85.70676205097084 53.065018478150044 26.095745675109757 30.67448989352931 127.77606251339456 96.86696596981267 69.53057953292631 51.77450468701299 54.050926295844384
10.417529256428404 28.525341334122544 42.46274453681181 22.761811138518294 18.637228629350727 43.71182242468852 49.941373858251 55.93404863558027 56.037111074118144 70.65168383064743 57.92637692977287 13.19386284882954 25.755851759991632 6.5690672764292675 30.810229140953794 52.76810569970308 12.236055218235567 39.38315006047448 0.0 35.19678440588752 6.215522450923512 24.366986855400835 30.435942454294725 20.600744975995234 13.133715132487435 43.50326571499419 47.053669255116475 46.924826037201186 50.55678735101431 68.55166274947042 18.972531805145262 33.30568467817399 26.249729826318692 30.410921389892525 37.6924509419477 50.76680995987453 12.803518765416891 24.201069939833044 14.978115755546366 32.7898091815006 105.85949221299293 83.05944885257952 70.61352875665013 73.9488153570945 91.35284664963932 89.5613044714522 61.18111467118235 43.12597935007795 48.69693180023051 72.64813836425957 80.15314567194903 46.48760600356297 17.103180267365943 28.614516440562937 61.15482678848823 80.10132288557071 46.39901913638715 16.863175798496954 28.47305904998821 61.08939480596245 89.42210707860426 60.979042786627836 42.84150245241626 48.447551585529716 72.48280089619632
45.442704089572 27.701473538651754 71.21350178749039 56.13543563116605 16.769799767592026 71.91000105881524 51.6913774591861 20.882336231183842 70.9410261669011 85.08795676669563 23.07298549513155 26.784054776156804 28.89445672489681 34.546249961335796 5.970451735909077 19.867964968349032 26.694100070833358 11.672671668197722 35.19678440588752 0.0 41.38542992543484 30.648155951451923 63.67088678851425 47.21036403998073 35.120412053903394 75.362440267452 48.487302359499374 11.760988612042935 71.17611998992108 88.10178726293292 24.903487316194724 11.348050591073553 13.74086926507871 59.18112390456071 2.845226392315494 15.919584452559073 46.7656161990924 38.11338259196368 26.501236434712133 5.574444388444208 121.49238242827691 91.41382254196184 65.93463649697057 52.27874333759057 59.27528234843782 112.20391621327235 78.7766971559518 47.081419235328724 24.947843219162237 37.72230834940942 109.51806238392582 74.93818387234961 40.39939366117899 6.583677289559361 29.145030407874074 113.9030055409135 81.15670683205674 50.92899902803286 31.55868036717384 42.3435137616442 124.61431966968546 95.48691610767224 71.42520797137644 58.99284895155515 65.21915999026098
4.87231830843081 32.414105844675206 39.0408061240615 17.254606367556438 24.852736498359505 39.40708875566225 51.570866142715545 62.081354427158836 54.72423384590822 69.03835911171834 64.14142216512286 17.998851296970248 29.384392476060114 10.267024473959012 37.024480410861145 58.70681453137052 17.793611302885566 45.49907977672765 6.215522450923512 41.38542992543484 0.0 27.627424324015674 25.516857756046427 18.43622372062724 16.078410385298664 38.121577793448054 48.89479701921389 53.123117726297984 48.08468889185063 65.8639028016345 23.54475109740885 39.386148170273415 31.970510041319873 27.530977946677822 43.897257445735995 56.89338151257709 7.541150343389104 25.692159003179217 19.587462029693864 38.999501981537044 103.49905511887059 82.43249567541666 72.61493936390524 78.3931989313261 97.01963204412868 85.90465870804974 59.104002970728786 44.74115943643723 53.898747016776035 78.76035750047018 75.08603048580257 42.042636876636365 17.091039917721588 34.80622019092647 67.2732582161881 74.07468352848107 40.225809561504576 12.001027772587769 32.63105082649497 66.1845766488257 83.22895715365205 55.18051337957507 39.4657184509086 49.648977203637244 75.94289348007082
32.404022438773865 5.67774179450702 66.5247056238384 33.88073820154225 23.466269872707745 43.15328359635648 26.916379484235893 46.64947174596803 40.87079081108742 55.4178762800371 51.92538165974362 12.380975967233981 2.4723578324053403 29.550550223637504 30.40338858658735 40.00494226774988 28.553141549352578 40.773208140082914 24.366986855400835 30.648155951451923 27.627424324015674 0.0 52.9031206482701 20.805317177406025 35.189943430298925 49.001007624089766 23.757324681989925 40.587256681329755 40.53941409058313 57.53347064728763 7.983430458761769 36.73770762574813 16.931457381378713 54.66733883617316 33.427080831507496 41.484127290555584 27.891957995331932 7.9236339057738725 10.60105301125262 32.36082236830583 91.91587008843912 64.17406210912425 46.721590734125854 51.403478037146726 74.13866594541841 81.55579442905147 48.34916868414802 20.464235548336827 29.912807916643942 61.36461142271088 80.2636303745512 46.15697047736302 14.612796735398623 26.295514356780718 59.70114458041139 88.43781658712501 59.13369233608285 39.58744158078019 45.08174007380282 69.94559915161236 103.86654826590264 80.22809138136049 66.92982986654344 70.12436301409248 88.03419297539656
20.646345419283783 57.874845291500364 16.92781768144383 26.528362620552507 47.04508996558438 47.35806844587635 74.8148781359935 84.50446374266906 71.80461480211416 84.4749033694624 85.0433683298837 43.380564129386805 54.78642426491375 29.184528042629413 58.37686665124932 82.47042460882805 37.06072034572567 64.59684670130964 30.435942454294725 63.67088678851425 25.516857756046427 52.9031206482701 0.0 38.26934924770185 29.396151620833756 39.617229796038394 72.49336638990295 74.94474254491415 62.208514560746494 77.83790411767586 49.023347615272556 58.47198066178807 56.53398840471422 12.196376918055101 65.7858311719077 79.5864282495298 25.95453297766042 49.740253975431635 45.04046263113067 60.02369138578043 115.14441621487791 100.21504854012153 96.03410297951187 103.90724484110251 121.5136030955472 92.70454752607932 73.63275185161476 68.14833056044267 79.12882895324067 101.35734795171491 74.33183894337391 48.7960256680472 40.39436978320657 57.24667019566959 85.54227338233322 63.65280282187142 30.348642411711634 13.610750641053539 42.94550753498166 76.79995019179047 64.60331545404372 32.27738710483263 17.46196892659841 44.30417913839269 77.5606182880945
21.218508975633032 26.45627987201456 54.285306544813025 14.09581043681051 33.80267698934108 24.967250390037325 36.8018384735651 65.82564286042407 36.31473425417782 50.606145736716236 69.9998465021974 20.627891344281675 23.270455634779605 27.062189372032954 44.81665370803111 60.07466894841861 31.876902759532307 54.897891401346286 20.600744975995234 47.21036403998073 18.43622372062724 20.805317177406025 38.26934924770185 0.0 33.562663419493866 28.632278287939346 34.73466351748471 58.47025144051952 29.977811142733373 47.95344269908079 22.75775378417549 49.474209009950506 34.261103280200146 44.089319955811604 50.040380417504494 60.53029455722512 13.03587695321642 14.105675912662335 20.71309841142751 46.950373909942776 85.35043399892047 64.22125642824635 57.95543195083614 70.62636568911788 94.93220786281846 69.28363713242328 40.77633634234636 30.332062362006795 50.71681751952816 81.35843116575475 62.53924726625495 27.960840275443918 6.878524159786522 41.324011975531164 75.91368916288697 67.95257598148686 38.493079845139526 27.21621782548853 48.93432877745844 80.26989009752538 83.18273518475385 61.33836750023315 54.774258638257 68.06496660239651 93.06049717415536
16.65539444311504 38.1956489516927 36.299769100086635 32.860106527679676 19.40555863297392 55.4780213066361 61.78818492078457 55.66597975911437 69.16691750949042 83.7847510256053 55.72556903786942 22.848141365148493 35.998912988211806 6.5646540048282 29.49151869221265 54.65755721762101 8.843532680483719 35.20121318127356 13.133715132487435 35.120412053903394 16.078410385298664 35.189943430298925 29.396151620833756 33.562663419493866 0.0 53.57153998441974 58.74744358791403 45.9475279593159 63.53703955875846 81.4783746620241 28.195960332407857 29.0799414591977 31.07109961998233 24.11921615398339 36.96527000133964 50.95720461624307 23.565763639218556 36.609726402689105 24.688186097813567 30.968154344457744 118.9058097575655 96.05509383696227 81.91031755322872 81.15878760878608 94.12187368274277 101.9465830297047 74.26651540489205 55.07019504842149 54.265449501357935 72.46760097568169 90.73140078579698 58.09005647673752 30.192139667957598 29.043398520238178 56.305557106789244 87.49833818921437 52.94829603808612 18.599436917503297 16.828849836376833 51.14035053495805 93.08305468042037 61.666443635199556 36.54969537592477 35.550597090557304 59.88860020816924
36.96152394038266 54.499819896581435 55.79222540750621 20.867169490039192 60.620054882931974 11.570360350999524 56.392439786362836 94.4191620075988 41.152965283853774 50.07407810663975 98.3403088105743 48.57930467647052 51.466693659514966 48.35153083491245 72.37425742649148 88.67972558137879 55.708360851461784 81.99341394899486 43.50326571499419 75.362440267452 38.121577793448054 49.001007624089766 39.617229796038394 28.632278287939346 53.57153998441974 0.0 55.66303516413235 86.8327008838991 29.364884604362476 40.66160897710057 51.3406736272052 76.17402810063295 62.78494859654497 50.848944149591595 78.15617180537774 89.11629508843107 30.747630998946825 41.48447584060039 48.979384685703934 74.49262904423671 76.56187381267277 67.53391888615383 75.19777017231789 95.62083369769613 122.58363590422894 53.0962066841628 39.32215795011872 51.65347110018073 78.6432074399351 109.9829582436825 37.19814822149508 11.130943639930383 35.481623085214714 69.20148294956513 103.5065065742464 39.43713352526877 17.14377111329465 37.78066870354333 70.39671597262894 104.30179751048004 57.74039485604705 45.345951691424716 56.332685653367975 81.76369372800892 112.21428496756535
53.212596060030315 22.606434893561616 87.67205728041473 48.54715550605306 46.38745600529721 45.81530325969602 3.2906034413180865 57.6151250739837 27.211615003907518 38.92263499979014 64.91673948112165 36.094433457760424 23.55872446565276 52.82085908921976 50.415918437848816 48.816402629948065 52.30865171933982 59.97394002796232 47.053669255116475 48.487302359499374 48.89479701921389 23.757324681989925 72.49336638990295 34.73466351748471 58.74744358791403 55.66303516413235 0.0 55.113263750418334 33.83138695611911 45.73665372751393 31.511353950301103 57.35295655878787 36.63698184863439 76.42150540963216 50.80445910921829 53.418931711455436 46.5495625138012 23.202640792491426 34.347954072659796 51.99508603999244 74.29756442885295 42.942313037364315 23.723401819929663 40.943872739783835 72.00586789938193 70.4738442246166 35.993905913484404 4.406116843446237 33.736041972764276 68.20323489362487 77.49247868926271 48.213527135138236 32.23101240790232 46.34615560914769 75.17930656314121 92.92810837592576 70.22059570974645 60.174862265001344 68.59941171458567 90.47390661398994 113.39338424943897 95.47028551385846 88.12373695596814 93.87072168962476 110.690259466962
57.12042509018061 36.70416563587861 81.52769297538838 67.83252137102906 28.39067099824019 82.91006076041114 58.12608208991599 9.835332500743194 79.53367405833338 93.16468744346413 11.530250215918175 38.29802779713285 38.535782246189754 45.9782756235332 16.56924208344044 13.146974989332607 37.88492077707518 13.886326748404352 46.924826037201186 11.760988612042935 53.123117726297984 40.587256681329755 74.94474254491415 58.47025144051952 45.9475279593159 86.8327008838991 55.113263750418334 0.0 80.92143431845619 97.26818489418142 35.829651966978155 18.201123682318148 24.311093611748117 69.73521013780798 9.256464680001223 6.215855057464505 58.51539489676201 48.37284357432018 37.85788977870309 14.979488945328978 129.22331304944268 97.7805219789594 69.41330987958398 49.7010660587433 50.16966828956709 121.72002968227066 87.72372510602237 54.49757224729941 25.285686253515262 26.525338678879717 120.43020586941302 85.94180517188133 51.60820018957792 18.32134923062481 20.069638977854506 125.54556602427947 92.91218483614122 62.43787423181575 39.48583660284116 40.18212976589542 136.3468274942213 106.93652690936956 81.70164906695426 65.64810271376642 65.87080216800058
49.982841749717196 44.261418976191 79.13275995967838 36.04804295225276 61.27449300413024 17.807776426288914 33.13278049023368 86.0771424163456 11.900565972111302 22.27202086917121 92.06297642943984 47.551144422735256 42.43385741813944 57.03935111331041 70.47595376285831 78.33340861908769 61.39022684449081 80.90349598139461 50.55678735101431 71.17611998992108 48.08468889185063 40.53941409058313 62.208514560746494 29.977811142733373 63.53703955875846 29.364884604362476 33.83138695611911 80.92143431845619 0.0 18.04269912696448 46.88998685363234 76.27658916356975 57.43993022882549 70.9579051617847 73.96380243226906 81.14901174089871 41.49327676479069 33.19620107992091 46.81247982880006 72.52292439160217 55.420269953395994 38.77749988416508 48.27844320460701 74.51675693730152 105.68590944360916 41.064238757931825 11.4573177217779 31.162812987117192 64.85232498860903 99.17348213502855 43.66225151732343 18.691462513462174 34.4557311635951 66.48211883572095 100.23669445516146 61.08809446445816 46.45410587395005 54.58044682560931 78.70755335013794 108.6533261675256 84.63011820985426 74.54533030932424 79.66493231502335 97.62552133976962 122.9216384361676
67.46158077075081 60.63717557724795 94.68695998741505 52.606452427989794 79.06599011198266 30.640829682426826 43.939756056799574 101.63037501514901 18.53714228565956 12.901618383574542 108.11997348823826 65.38696198863535 59.207331911651515 75.00708224689161 87.82436470785159 93.3910723292683 79.43083226805261 98.23935859916207 68.55166274947042 88.10178726293292 65.8639028016345 57.53347064728763 77.83790411767586 47.95344269908079 81.4783746620241 40.66160897710057 45.73665372751393 97.26818489418142 18.04269912696448 0.0 64.3486217487406 93.83657982402295 74.44613429252216 87.46889900956025 90.83625342394623 96.92079810247823 59.03509235330007 50.6052952025207 64.55630055809578 89.82922099623262 37.80322792920981 30.02300287658818 52.61668833714767 83.84801495025422 116.9927427648796 24.819419798567935 9.785591574441153 44.38880964230811 78.99259114711496 113.59642118695774 37.611283664297886 29.783184628648808 52.481485565527976 83.76403392990703 116.93314006348591 61.84540218326971 57.22915670449767 71.55620663266784 96.74810986121433 126.47092368078256 88.58104629421423 85.2058467690388 95.22701321549951 115.20002138458352 140.95608876869824
28.4110607918779 10.004239249516225 61.39743659688733 33.751081830149516 15.542501929606887 47.09701278882468 34.72132803863502 43.07956176988123 48.28330919096309 62.95960756910078 47.353360914020634 5.791141690373055 8.008808976055292 23.122264698544896 23.595526875320736 37.67992543289457 20.94097425528909 34.01950866309617 18.972531805145262 24.903487316194724 23.54475109740885 7.983430458761769 49.023347615272556 22.75775378417549 28.195960332407857 51.3406736272052 31.511353950301103 35.829651966978155 46.88998685363234 64.3486217487406 0.0 29.495094091276446 11.533181889428173 49.2578039254505 27.747912945915605 37.77928548845633 25.898727057433415 13.744339739154258 4.003726646183104 25.65976602809457 99.41044907845475 72.12459234213225 54.00257565680162 55.00364949993869 74.35944232370817 87.93443600242465 55.423282173453536 28.38764930397855 30.574831376414828 58.81007778379195 84.6664741635861 50.12853459972263 15.880246008424495 19.655750909541393 53.99415683853897 90.50033205719436 59.37489559420562 35.42994218851275 37.14859126379958 62.44669178594461 103.91391301901372 78.16141514723405 61.766468549516205 62.57611987242711 80.07015200047213
42.599573450820664 35.24973980432643 63.72341475244314 55.83140629417741 15.697852292857663 74.42114312986018 60.627061550368886 27.980697156733484 77.6002080169614 92.14636309458413 26.779821512252873 29.12301179215756 35.54961718110336 30.57213066730229 7.020603472006893 29.7647368757293 22.150299747027965 6.205045721888485 33.30568467817399 11.348050591073553 39.386148170273415 36.73770762574813 58.47198066178807 49.474209009950506 29.0799414591977 76.17402810063295 57.35295655878787 18.201123682318148 76.27658916356975 93.83657982402295 29.495094091276446 0.0 20.763991473494247 52.18837145244449 11.163928467439518 24.100767371635726 45.947779796664456 43.232900737892415 29.57696004449905 5.967394037707809 128.64856986559417 99.93364352035145 76.27442517720135 63.58945681678514 68.29514151858108 117.2448978470267 84.90248760635671 55.36540878569473 36.291243254336365 44.31263863715661 111.87709080039266 77.39418762585538 43.10557201148168 11.007889285453855 27.912544537136537 113.40580767269036 79.56812720245159 46.863025667585674 21.355236801722054 33.32860271671976 121.5710805103657 90.7308796867843 63.87070911868619 48.18352915709204 54.393451128162276
36.59628797594117 14.551806666118857 66.8569230908267 44.57310289758356 12.433701112694106 58.5991512013131 39.91971375360529 31.674750741519233 57.50950804736639 71.84434822644519 35.828008032566316 14.824982652983655 15.290868464987279 28.008635572135656 13.95129311587893 26.95037101604941 22.335836504623515 24.080127891212275 26.249729826318692 13.74086926507871 31.970510041319873 16.931457381378713 56.53398840471422 34.261103280200146 31.07109961998233 62.78494859654497 36.63698184863439 24.311093611748117 57.43993022882549 74.44613429252216 11.533181889428173 20.763991473494247 0.0 54.54051952035415 16.547128263729835 26.36347920298584 35.93760167551327 24.384680675664917 13.976613774905534 15.739309683490342 108.32761462217881 79.17444852994116 56.54308505363708 50.204119286029936 65.10447510004698 98.4773857773375 65.19387696377753 34.605385055447044 23.230771696715962 47.71425185410239 96.13392134009678 61.63090990907675 27.38359030888212 9.80850234217396 42.8649758684201 101.81701324013912 70.09280744943598 43.059624993622975 34.497726463587114 54.04523231501822 114.33569486280904 87.14399197581577 67.15861728356718 61.81637918781899 74.3439971977483
23.324232427365494 58.93363757756719 12.316754915938475 34.954642177663395 43.427913609502696 57.50891218987592 79.069372151 79.52784455535671 79.58974739492773 93.02860214170093 78.95486266432098 43.470829974915716 56.15188561486999 26.642149586261677 53.456881360698205 78.77623302472311 32.861399018589346 58.039310836678624 30.410921389892525 59.18112390456071 27.530977946677822 54.66733883617316 12.196376918055101 44.089319955811604 24.11921615398339 50.848944149591595 76.42150540963216 69.73521013780798 70.9579051617847 87.46889900956025 49.2578039254505 52.18837145244449 54.54051952035415 0.0 60.9190695879869 74.94069638053324 31.05459731735973 53.219821050367074 45.30361359943285 54.807403377886644 125.12114703040628 107.91054867357468 100.14354441308065 103.95879161996113 118.24038699161733 103.71217097504604 82.40511379781138 72.24779221565309 77.74082910514586 96.24074952409386 86.298199331637 59.26349820270254 44.40451947493212 53.16179643501647 77.94490342604094 75.69005887254957 42.538839483147754 16.881053517057076 33.98876758615927 66.48572724329186 74.84069792250995 41.02282736104535 12.627999836809034 32.107820092961724 65.55310487232211
