0.0 7.231095224072989 21.460120355386902 69.71256720593568 60.02348529846923 28.070687812168423 21.780475639940235 48.62145037391739 49.98751858102 27.029650726988706 84.1240458159675 34.547470471719656 59.79271942170516 41.364081239653196 30.448084457593843 28.494588591226176 40.86722817383035 25.731547490410403 49.48762342909425 70.8426775436466 13.64582400822214 19.9165847462028 18.704604914629897 29.690654759501058 60.09258401324581 50.244369330773075 32.03414438774647 51.05826432452671 59.3959624267366 33.43497735709251 79.87062926103941 40.62977912462405 36.46512649860117 47.53253304370582 34.82980027887937 24.65283084048893 42.26266923876327 20.714746335514818 49.17489009316058 28.351785835942305 61.96201728014778 46.7943466812497 33.74671096229822 26.204588220450553 28.865735923945543 39.73023157056606 54.05980220495687 69.75058029688371 86.06122827689136 102.69682028515658 57.46849484588239 40.68785832286385 24.639169078999103 12.545453912265245 17.504316547302928 32.467317485013 48.99556341663336 65.9220500841791 83.0035003058481 100.16066274571718 56.279256892164554 38.998043407199205 21.749795424742583 4.896262923897102 13.175991742376064 30.3636905586871 47.63417080694917 64.92140117680975 82.21481625125442 99.5111916814688 58.595853795857856 42.25812971267811 27.1429044270856 16.9244581553619 20.8530476468877 34.37985162370814 50.27734169939394 66.87570760907104 83.75930836159253 100.78489715884571 64.03891071629259 49.499539862541454 37.391654998253635 30.73721419537021 33.01705416257634 42.82737968576993 56.364457701487375 71.5431952684184 87.5135106275554 103.91106462403721 71.90180288073844 59.280710754808084 49.570555338814735 44.70996672568686 46.25393141863358 53.652354074987436 64.93402731130975 78.44096242898527 93.21075661832822 108.72998478041578 81.48693373197786 70.55302266399251 62.562244230015736 58.72849868187985 59.85595601188939 65.68965779392416 75.1413572559285 87.04029387253162 100.52113559955218 115.02904591564374 92.258953351334 82.70890266908975 75.95063121464185 72.76621384468517 73.62087385388449 78.38259979758165 86.40786150091144 96.88907472501829 109.12082645520083 122.58019588866786 103.84904864962915 95.41109371087347 89.55783264306653 86.81365479970637 87.4716675224514 91.45846743800591 98.3701509619397 107.64477981388025 118.72989231076474 131.16727000361882 116.01215143655179 108.467688217037 103.29725664827211 100.86659909607232 101.37298522702424 104.77383830375153 110.8029602043649 119.06174248954903 129.12306066602082 140.60047938098154
7.231095224072989 0.0 21.307343799156325 63.20508233590477 52.818674510173814 28.191388651013362 21.139153530696916 41.39664925904296 42.77262592807205 24.296881270186176 78.44593460740955 27.32398873243607 52.85604679351443 34.1558775516216 24.984594487178438 22.420923150952284 33.643345620614966 29.40888402052885 43.97616462047669 63.6116400549673 10.886708046642573 17.523654797352762 11.512260355475746 23.986668948977137 53.08037386116826 45.312178459942565 25.08554429816351 43.883319219425914 53.484522715113584 26.46070866901422 74.24543721037993 33.469364030874424 29.6973082599294 40.83663940879201 28.229981244424145 19.956099714725653 35.086488545860085 24.58490726686134 42.56150609654193 22.216856713089484 67.98175040950343 53.358943958538575 40.88451968937665 33.08503496115384 33.412627326332824 41.676088223737516 54.370005818493794 69.09419131879466 84.79755629396257 101.02451371261526 62.49580821518382 46.202368409747926 31.02101949956412 19.714473283724814 20.340335908389584 32.21040320806511 47.53948765736838 63.884330633915575 80.62955113513138 97.56922329205133 59.92443527890672 42.67681684696286 25.502881681810898 8.842894161916002 10.23279558267292 27.017345519316144 44.20268473270139 61.453488439965994 78.72673415362992 96.01030999190608 60.6395792530996 43.67077880761853 27.126156736664765 12.776264904638984 13.760473047859552 28.533864092757813 45.1411706715718 62.12875571828766 79.25245985181422 96.43980301706226 64.53205948361602 48.90947043274123 34.908403645664094 25.37257855367875 25.838916195328583 35.91994137171868 50.115322371913116 65.81458527555912 82.16011492053809 98.83177668472136 71.08175143739962 57.23898935453134 45.81151459464508 38.98453910043448 39.237738984587715 46.4554892849262 58.09760116448607 72.05037466685386 87.21174330486221 103.04963028955672 79.63561999499287 67.52496659672639 58.10430680955775 52.83275536950586 52.96404274893096 58.46178087389156 68.03726946139444 80.2437565334337 94.06248510012972 108.88132051591451 89.62152688581833 79.00680739112885 71.06915774785517 66.77025376730862 66.81616892450948 71.19849793205982 79.2006554399726 89.86074544823096 102.35162606705504 116.0838024006182 100.61386398970332 91.2339924955893 84.39677165129696 80.75066973556065 80.72922754253544 84.33520982235584 91.13906391364183 100.49334428241386 111.75946240586495 124.41914863420368 112.31739315550914 103.9436805067347 97.93901414607623 94.75485280253285 94.6762041419256 97.71056746940623 103.58472967956065 111.85216722529988 122.02740784369834 133.67549916842884
21.460120355386902 21.307343799156325 0.0 77.61336322665692 58.09047045835611 6.884615007908322 1.4514684813875964 48.481757693487985 51.805417685087875 45.54281665917883 95.43443669930689 36.247250375275144 65.08299556500775 44.29280675281201 44.11894369795364 40.56400202161422 41.577852125887084 14.680503737253527 62.14075728618551 69.94013448471276 32.18465701121616 38.830990440722395 24.389106366015422 21.250953522332 54.906764165102445 34.9617808921259 39.55384305383044 53.8795130069822 70.36121179411819 40.55845018679947 91.43911968766129 44.72348881434253 44.687823648579155 55.30195659607065 44.15344534976395 40.32718664962807 41.29689927527266 12.762419047961961 57.33531034350065 22.41004135607708 56.530510928918105 45.9129070653439 40.236764231527275 41.577700126632685 49.367184355323666 61.19018243007361 75.1669059605323 90.30279546385502 106.10293010259065 122.31015687482765 47.532649726470595 34.29183154793612 26.291005653675498 28.376303355860273 38.96052556748967 53.19154875835162 68.84380518647542 85.13699849159087 101.76373547606862 118.58379969503059 41.54700144345152 25.400153351474415 12.763040079469308 16.71333402767612 31.535516755386848 48.04534358489944 64.96871711676148 82.05014508114289 99.20802060464409 116.40854494899104 39.95131871943883 22.709399715532403 5.834327431834711 12.291277022694969 29.441894949885913 46.70426574474603 63.98800881724542 81.27949113496715 98.57464004015169 115.87181370830837 43.23445680646645 28.063832431981073 17.454265113161608 20.50454327624803 33.68877355662823 49.47871135122099 66.03078474948921 82.88967629742294 99.90017308853254 116.99616649220812 50.45275619567193 38.2197525223458 31.22062319208099 32.97596240688079 42.41237832683451 55.757640987622864 70.8359243329168 86.74820331299605 103.10907978540354 119.73480214388371 60.20702039401371 50.35096444517803 45.21346746105424 46.389647149444535 53.464425452290754 64.52591664334109 77.89381715953195 92.57431224597336 108.03362220538924 123.98075442738903 71.46619474656323 63.33224924855563 59.27248172467102 60.11802455502585 65.67970123756547 74.91439063661092 86.65567024480733 100.02470163765396 114.45249311574202 129.585886242198 83.62448552054919 76.73324559200496 73.3594894944063 73.98598338941497 78.51703061575677 86.34008208561868 96.65910599251472 108.7660015188046 122.13022033574136 136.3826443103241 96.34194954034331 90.36727520850769 87.46081295656839 87.92735276730367 91.71543552481268 98.44236409845765 107.55813856494674 118.51279880081377 130.8452902190908 144.2025403700269
69.71256720593568 63.20508233590477 77.61336322665692 0.0 33.922021785660206 82.84296106333254 76.50807252741484 34.193875008226755 29.170220480759145 50.40103235648765 21.721215809947427 41.90834662976962 14.28034286932652 34.12699299947517 40.375752920334975 41.34459965541991 38.02785508723501 90.57449468778398 24.22077299634738 30.130517826755494 58.02355039876551 54.854473701619696 54.153911983564605 59.52481292682092 43.00783550727864 69.33971509611428 38.63165439203003 26.318344128909832 14.109993998758737 37.42697803486388 19.43227782437496 33.176101086963115 33.66459708100558 22.549863001476346 34.97572808298429 46.934618360276 39.9112274531918 86.37732926373644 20.687774956574447 57.01348912668083 131.07791326120287 116.48872549659228 102.74492167001837 90.2336224975419 79.53858352075171 71.47977229777898 67.01508313098276 66.86835444775382 71.0663368004869 78.91871492870429 124.4351403237661 108.99580189270787 94.20597405289729 80.42478659505578 68.26585592645257 58.74527987021615 53.29623592710929 53.18523908338907 58.44271198455015 67.83164119476162 119.08849749253201 102.87864996116302 87.09000657725011 72.00019526799208 58.15576701425047 46.67830974785703 39.67798143075268 39.6046217702764 46.49103318232234 57.905202812488085 115.21864543209018 98.39429415123894 81.76948427243846 65.49634009069622 49.91996737657726 35.957562362343964 26.31729488001273 26.28619978573879 35.88926244943732 49.837983403724614 112.97749861702415 95.77243490587752 78.60990008805227 61.5254947638543 44.60907564683093 28.164974067932228 13.974079879960248 13.999895099644442 28.2034080773212 44.64952857099788 112.46250208388436 95.16717090868785 77.87477143735775 60.58781393928656 43.31281488574321 26.07355427587376 9.076017611955143 9.14502721012187 26.145793419228713 43.385332408930594 113.6971216062752 96.61641771508198 79.63128226081862 62.819282778572855 46.36912437240549 30.864888356751564 18.81220889378728 18.811414238120904 30.86343532076111 46.36751239755109 116.62578812030112 100.03089803194129 83.72273097290955 67.90817194030755 53.030679472558866 40.145922940999114 31.778079028134638 31.728638469841584 40.028436218261184 52.882453871579116 121.12564424583495 105.2194181440962 89.83058569278438 75.27712938360273 62.14871037915634 51.5459223096372 45.27919967520531 45.1899729063684 51.31047934784392 61.82314163848435 127.02976760377427 111.93548622790769 97.57684775955912 84.33045880822927 72.80596314737332 63.941279155338485 58.94881689752609 58.82291875374049 63.59249524351637 72.29503478997955
60.02348529846923 52.818674510173814 58.09047045835611 33.922021785660206 0.0 61.21048753557009 56.69816452198292 11.620258923214056 12.690621061622485 54.45953222519311 55.60081820699062 25.538416516108178 20.786951729639416 20.140832404660948 42.00047778526204 39.427744848041 19.25572086951211 72.69299221611313 40.57435456755012 11.90534426866337 53.85391994047297 54.69736685976787 41.31889926954877 36.89918751207882 9.092157053763147 38.220165186290664 31.424953774203004 14.042712691906585 38.573739004423715 30.116851540439228 53.29370442837156 21.912358160761592 30.09949167973684 26.326074210077014 32.595642551587765 46.95614536630338 17.835217611630977 69.7759744556621 27.310434833800723 35.77671816341197 114.61646989107474 102.9512390340019 93.05730565263865 85.55143903507484 81.09942894979685 80.21139632616021 83.00181259975115 89.1258422602398 97.96026077713223 108.84710236432525 105.11929448655539 92.31273528388928 81.19056733915993 72.53183757181564 67.29427023115662 66.29375730948549 69.71296736165807 76.96509264803953 87.09790618519428 99.23284307418454 96.75659589609067 82.71119401838185 70.13661391211863 59.96538864200612 53.58405815080026 52.396135066603186 56.728818787557465 65.49551909243417 77.20017739775145 90.71257899531656 89.84585470086058 74.54852926545777 60.34397448716815 48.20802558557724 40.06667739644385 38.54049788406992 44.31825526294993 55.1502670415729 68.68553408608298 83.62152631490316 84.74314580541555 68.34240451091078 52.52312315842774 38.01819823453044 27.03329514550789 24.797689703035854 33.132499174602565 46.683083737595304 62.12542822119103 78.34882305913635 81.78765819636969 64.65877678534058 47.6550824585695 30.98337359820839 15.736743041756188 11.57729719084329 24.88243608602736 41.266821146656426 58.18486500942008 75.27761680213514 81.21419489161552 63.93519927119223 46.67319890645813 29.45808586516364 12.485338837226946 6.534683258232311 22.98334225160811 40.15569067003328 57.40590998915881 74.68005789058392 83.07210934932115 66.268714009967 49.807847064008065 34.18790531204711 21.34282497646661 18.46433194605974 28.723840243633536 43.67949759728483 59.912019580601324 76.61405705183138 87.20611431657706 71.36001206520957 56.376457416213576 43.163262861548816 33.86057075965342 32.07363285909498 38.85365206376871 50.884214781042544 65.32617415937065 80.89822883019114 93.31413862444352 78.6754490314851 65.35156822725435 54.318800021565586 47.21165087669275 45.89173452806055 50.81206543990275 60.46804170204003 73.0041472583437 87.18675554816042
28.070687812168423 28.191388651013362 6.884615007908322 82.84296106333254 61.21048753557009 0.0 7.224905028591706 52.36309498143116 56.08361225805275 52.41268700285183 101.22024652372373 41.05681240207482 69.90043126696523 49.051767511785314 50.64379289561386 46.9631287189794 45.92158686855086 14.235197800506704 68.35757624032715 73.11577991015542 39.06925480477339 45.71501454970136 30.592695224421245 24.528779289356066 57.11210513435975 33.77976370537777 45.34491164247268 58.345633719323565 76.23937756695864 46.25421974071556 97.29154333662503 49.719774081024354 50.45953603728872 60.783680956449324 50.11277456233753 47.068236286041 45.22845605423517 14.727683290752289 62.85741510282492 26.3642423425525 54.21869022679172 45.5248725556845 42.47430293887601 46.198739557791825 55.34695475758642 67.75656427749901 81.95927855864345 97.17200943810636 112.98752245983418 129.1846189825952 43.924433542181234 32.66223027293922 28.33719061223251 33.73249350680081 45.51346532144779 60.03148835318208 75.7284182003172 92.00280818081075 108.59534872125684 125.37979293012442 36.37140810344767 21.520147143172537 14.21501864922718 23.23207682994473 38.42010735232661 54.87433389649481 71.72860662718269 88.75531597162183 105.87129844388323 123.0393033609907 33.47006704781562 16.168146384678717 1.134077088428429 18.435750816381372 35.73767325218696 53.03960100520471 70.3415301518094 87.64345986666329 104.94538986871359 122.24732003601402 36.351848990305626 21.48722485386541 14.165357823110547 23.201864494587664 38.40193085279318 54.861668711769155 71.71896344665393 88.74755977078667 105.86482719031173 123.03376174906231 43.89203888401571 32.61885197669279 28.287410733619897 33.69087981355873 45.482775135889796 60.00833242414616 75.71014965873186 91.98784287633435 108.58273061266407 125.36891645061547 54.17932487171105 45.478196956640915 42.42450131378196 46.15316872616805 55.30909883217621 67.72578978591318 81.93395845940964 97.15075529067852 112.96933086484889 129.16878468130287 65.94017804379585 58.94503553348151 56.56522979745403 59.35849648092849 66.67784385615744 77.24724261994481 89.92794892288275 103.9501485148194 118.83992859427686 134.30905313150296 78.51505908905668 72.68233572626437 70.70727241691172 72.9040728757227 78.92514386579856 87.98887344160372 99.2652728166269 112.08851835596481 125.98716811046555 140.6427606751751 91.56907604578923 86.56127764471019 84.84982081432845 86.63029263600086 91.6995164507678 99.55638220237046 109.6030262421385 121.29654442399595 134.20714667850396 148.01669821824942
21.780475639940235 21.139153530696916 1.4514684813875964 76.50807252741484 56.69816452198292 7.224905028591706 0.0 47.15186213623018 50.52535888255448 45.26898768855196 94.47566399399325 35.035894473895375 63.89254308533345 43.080536066830426 43.46255675373944 39.833169492405595 40.29934588915239 16.11346458853064 61.329789488428496 68.55526922247184 32.02483837597753 38.64153511996519 23.549219544617696 19.83810383718836 53.4682641687109 33.633054215948576 38.576825540405046 52.62704970040456 69.42635833652122 39.55341121900925 90.50033217699772 43.55491362041089 43.708624986983544 54.24796966834415 43.23548150941998 39.843871999035116 39.96732494981389 14.194429191805082 56.29264382751983 21.05547856932517 57.93248554372203 47.364365595389344 41.58483697066773 42.59013376576571 49.972448540902924 61.47582470193397 75.23306269792803 90.21893212292576 105.9131861198233 122.04284315194832 48.82511649859797 35.71480334105499 27.675121932469512 29.240170826798067 39.2781469229002 53.19086463954428 68.6620226628336 84.84331824473517 101.39533502529983 118.16238529408544 42.5990603820917 26.625877509055865 14.209417622191747 17.134483754849057 31.368556011976768 47.6769846713283 64.50516426423466 81.53189777307055 98.65443365859478 115.8302939424278 40.602275944467216 23.314410307854743 6.10673730974759 11.390186546877807 28.6512487513241 45.943066472349145 63.240416311013696 80.53973398225638 97.8399756802392 115.14072489228477 43.422217398749446 27.918142106704014 16.49450810066089 19.063771405684683 32.45764019249381 48.39712674783703 65.03674186132274 81.9511204945594 98.99953006227145 116.12295293614696 50.25444289366325 37.63664151457929 30.103718529820142 31.538235287523577 41.009706554411316 54.4760599637735 69.65770249936922 85.64729567558526 102.06582349750558 118.73548217112065 59.737725995724546 49.546291765031775 44.0429154990254 44.98250816877396 52.017092711497625 63.141381712782994 76.59369747155912 91.35129532348775 106.87482434659027 122.87433115824797 70.81479191875805 62.40482828569372 58.07484529621149 58.73423144144604 64.22950610015504 73.48364572220875 85.28165187825432 98.71560833493912 113.204592370577 128.39192093407368 82.84868737250076 75.73030417007051 72.14527822891212 72.61881025317312 77.07613291578613 84.8920323620348 95.24322696226085 107.39914168962986 120.81625394951854 135.11938065871337 95.47816679331837 89.3138171149229 86.23521785934861 86.57219501225943 90.28651271142954 96.9909329992514 106.12023873047987 117.10869450802201 129.4838401757727 142.88583092453985
48.62145037391739 41.39664925904296 48.481757693487985 34.193875008226755 11.620258923214056 52.36309498143116 47.15186213623018 0.0 5.134013040573957 43.461844934680556 55.457398406545245 14.074298416158513 19.926372129417405 8.794223935471514 31.181750446789852 28.249743330675873 7.754747952689171 62.84218026476977 33.369718350563375 22.314412991043884 42.24553589117401 43.2700360091343 29.94450669823146 27.854909902312944 15.495494969127133 35.21552127268514 20.037136946494766 8.046242357926719 34.32969305628662 18.79646980512978 52.422771546870976 10.853500369576809 19.421240865813346 18.936957240492973 21.849953405012418 35.71251284635085 7.18489554392095 59.57404963729253 20.586061775994352 26.12478677886822 104.75307448887976 92.420317514525 81.90551776912221 73.98785623277534 69.55991788703224 69.29395183391334 73.23531677312805 80.77042628722837 91.01100032289875 103.15441276997197 95.95012392868955 82.35788591539664 70.41246513086884 61.087706637710276 55.71534207002389 55.45619501076519 60.37614240356769 69.38203197722066 81.12430544638323 94.58931382501565 88.53595294881404 73.62927770654758 60.02192495172646 48.812885416363876 41.96986369965801 41.70067749871204 48.11578657077156 59.07636328802237 72.5507398294428 87.38368479620716 82.88420953422242 66.75988351949205 51.40702226269611 37.77819293350096 28.46773292324458 28.148566701418385 37.053769443694975 50.52060852459707 65.80571384332937 81.89726549847134 79.37236162336897 62.36721653058234 45.585966946646735 29.414347583293807 15.844244432991918 15.348911888813886 28.615570714306468 44.730587465986574 61.49400620712178 78.49148310701112 78.28896408815476 60.9888645295494 43.690215085762524 26.39586692848665 9.130294989875377 8.288328017616303 25.548856629656655 42.84279831975832 60.14133569918404 77.4413891309133 79.73308568946723 62.82356385283888 46.20549639405873 30.361293107064817 17.5322799863538 17.078233637836675 29.574715334879723 45.347260229978524 61.941881904366966 78.84118186320362 83.5737859532259 67.61022249227442 52.5015823822231 39.24792478816454 30.382437823918032 30.074822302101783 38.530595963655045 51.60841205205694 66.64052103725395 82.56633317513293 89.50302329452215 74.78408052698437 61.426629086964375 50.52234516712267 43.937324690637226 43.67120539207647 49.825338929778574 60.47031633892907 73.6848590707804 88.32305641088455 97.13902791394761 83.73371551084838 72.00956297628048 62.913566777789924 57.702290140424246 57.44292270047228 62.19744470214442 70.96515035333888 82.47594000541265 95.74552977821938
49.98751858102 42.77262592807205 51.805417685087875 29.170220480759145 12.690621061622485 56.08361225805275 50.52535888255448 5.134013040573957 0.0 41.89589994547303 50.34613529846977 16.018953427580605 14.950468282806028 8.636348040227045 29.395508156261133 27.048949911992217 10.227601169969574 65.91454403758226 29.09016789781146 21.218487896378225 42.30992525388472 42.53533346891586 31.5869379831437 31.7515348603331 18.94559116744156 40.32624577063762 19.42124086581326 2.913079141604884 29.344993648370753 18.03131973649545 47.291753503331435 9.805234343762056 17.50881236856014 14.556043818189503 20.01006549926723 34.59214789558442 11.119539542999767 62.39835330540205 15.9944727532987 29.719705741834044 107.6879493642516 94.83422253018911 83.60057574834703 74.72130851618039 69.10993275905562 67.58537448595318 70.4135928763206 77.11716059290563 86.80282272292442 98.59561240576188 99.33776906203832 85.2803683708971 72.63738421811932 62.27629912113822 55.490402487227314 53.653812484006906 57.244894181723964 65.37525308220583 76.61311252643073 89.79929730198106 92.39980273338881 77.12692133400516 62.91348288860207 50.65921978730964 42.11071900859698 39.736313959916664 44.53473391156427 54.64811330456452 67.73622322339062 82.39345526747239 87.21185118600698 70.85909257702772 55.08924922582322 40.58756121805551 29.30162515932271 25.855960905259405 32.820520375307176 45.656902732000326 60.75055014090391 76.78161422947329 84.09848986454745 67.00821977532213 50.06355928085754 33.48628598010396 18.303433013698537 12.141371500378526 23.633092777126176 39.60235064980792 56.363837788407686 73.37663915677713 83.29272593357453 65.99879649690816 48.71054981870392 31.437362600050083 14.234164881024265 3.953316516574447 20.67267646211103 37.91838566897004 55.199293205448186 72.49023070750367 84.8603293744291 67.95757342776515 51.321539165851334 35.33102446927039 21.479630101471187 16.528159005336526 26.14761714725643 41.14520672462595 57.45320271221716 74.21270294831801 88.6754991918295 72.64481884752568 57.35768808002715 43.603304765762495 33.33618333405439 30.332543254363113 36.43534505796136 48.3085363772117 62.75829931157014 78.37220620946029 94.46626225003308 79.57980566073411 65.88414272977106 54.288111832983105 46.39377047182501 44.22972778480182 48.56809374872339 57.96684112452319 70.42835819849941 84.6100268051879 101.89628056945911 88.23402957621754 76.06794969309203 66.22778102865247 59.87154586187499 58.153091425790315 61.46266423992218 69.08135177531705 79.7841102295499 92.50660701407256
27.029650726988706 24.296881270186176 45.54281665917883 50.40103235648765 54.45953222519311 52.41268700285183 45.26898768855196 43.461844934680556 41.89589994547303 0.0 60.38198595764532 32.73010278355551 44.987072076424404 34.675795975984016 12.525305129637358 15.280583417588309 37.299953108789154 52.696931731539294 26.756417574493167 62.25331275458908 13.644874431439645 7.1130659807859065 25.60043358273108 41.486272009909 58.59141086116429 62.69025811170503 23.681633040142106 41.35263134860017 37.51610010541049 24.771804315807547 56.052707535453614 32.653054603280516 24.387252741802577 31.968398606172492 21.8860038460879 8.307231628914828 40.26489128563953 47.69492639860284 32.641261733169124 38.60212900740148 87.20565747805226 70.85150425328834 55.07953326597879 40.574433893477774 29.283523659766658 25.83554143599589 32.8045121265205 45.64545105071236 60.74198513837833 76.77487015027367 84.09556193835648 67.00456187458994 50.058685750837526 33.4790331256398 18.29022230030126 12.121540224190786 23.622958660285967 39.59633249643714 56.35962962359348 73.37342222000528 83.29329848223769 65.99951576363668 48.711519875330254 31.438858672710985 14.23745339829599 3.9650854269330056 20.67491968945369 37.91960290451325 55.20012539165665 72.4908613593495 84.86435480904184 67.96257701318082 51.32813399699374 35.34055903920124 21.495236566732032 16.54834085922303 26.16031887430615 41.1532415526596 57.45892972583828 74.21711546824082 88.68266572331468 72.65352661661885 57.36866550465427 43.61767710161798 33.35489247113766 30.35300759200574 36.452303220880296 48.321267289083586 62.768052835692295 78.37997935135762 94.47610044591043 79.59143051674786 65.89811899993525 54.30499409572248 46.413432321410724 44.250254645120165 48.58669975071702 57.982357397239085 70.44106874606672 84.62055650227984 101.90828537667858 88.24782949030084 76.08388261128393 66.24599594781131 59.891600143154136 58.173641446182266 61.48201650365 69.0984887706021 79.79887812509786 92.5192831361309 110.64939932786214 98.16906304792258 87.34831639525187 78.87318862741952 73.5589522870988 72.1078852085299 74.74531976867954 81.07321762274573 90.31920324132284 101.69040467148216 120.41461641667617 109.0102102702878 99.32496796540326 91.90402494976672 87.32655704651252 86.04755982893433 88.21062726676116 93.57737010787885 101.64158033353687 111.82117300138755 130.97494884254644 120.5231524960867 111.78500709396577 105.18844896422976 101.15333035444299 99.990235274678 101.7976547916736 106.42435038099265 113.52614962471722 122.67393938453257
84.1240458159675 78.44593460740955 95.43443669930689 21.721215809947427 55.60081820699062 101.22024652372373 94.47566399399325 55.457398406545245 50.34613529846977 60.38198595764532 0.0 61.28611145165591 35.77323653003606 54.059301453978826 53.67751666690625 56.04983560456122 58.3569612424416 107.28060521604523 34.64950717604879 50.663102000580366 71.09501526371534 66.3865825110117 71.16553886678517 79.11244529116783 64.69251775901232 90.67129904109424 55.9013599152842 47.440330817989334 25.1243497163434 54.96605342757076 4.329281235897751 52.669679314413486 50.773358574381206 40.714929727916946 51.31741943002709 59.66483063866263 60.61761317419255 102.72681426302462 38.590332030196876 76.36459029574792 146.07756340072356 130.44997636725046 115.3014939156576 100.84824750398361 87.43569014466284 75.61962152086164 66.25972206858472 60.50678259701752 59.41790196558696 63.23448244333405 140.87090949489723 124.61943978230487 108.69268534500029 93.25716256592679 78.6028010886915 65.25799380292035 54.198843332860854 47.06513496671441 45.73229370695637 50.660259508071675 136.90737500429083 120.1418689822586 103.55296568842607 87.24146601073072 71.39775030909905 56.41730918333521 43.207585799911854 33.90555757941411 32.10898422350777 38.87281273520073 134.29712913227496 117.17253866404656 100.108944490488 83.1439098388808 66.35307638621073 49.91256129366934 34.32941639854929 21.551471226976076 18.685155077008627 28.853356041902373 133.11984069818106 115.82754552267775 98.53863270661319 81.25526130138068 63.981922151577876 46.72974165193085 29.535820068071708 12.640177962512038 6.7747361829137525 23.03765442413515 133.41346682770774 116.16334465185895 98.93131606714707 81.72882664775659 64.57948637178768 47.54084731327513 30.797198166191837 15.346524522537523 11.012600209155499 24.61203080255052 135.16841791132472 118.16560292290131 101.26415525822631 84.52490448878382 68.06761880837583 52.159878205784686 37.507545527372635 26.299999266435577 23.984888247412876 32.5203118061634 138.3290621423262 121.75210379841812 105.40838172456587 89.4258682304961 74.03885258772907 59.70949915339204 47.40678958577605 39.09334881587176 37.52176645128884 43.43020615648727 142.80204979227483 126.78842798291443 111.16153275153383 96.11018731236933 81.9521244106308 69.23751970267377 58.90855984445386 52.39564448206242 51.17704121867891 55.601945870504146 148.4687547320787 133.11004394142273 118.2890082968636 104.23525406384776 91.3037782154695 80.04039395432267 71.24073577649459 65.89926574347761 64.87585867771723 68.36471220540892
34.547470471719656 27.32398873243607 36.247250375275144 41.90834662976962 25.538416516108178 41.05681240207482 35.035894473895375 14.074298416158513 16.018953427580605 32.73010278355551 61.28611145165591 0.0 28.87342445253712 8.045638186748059 21.81790889245382 17.837869529174597 6.319766747777645 50.076321596779216 31.92101609294209 36.3413870666567 28.94046431064381 31.01239362547272 15.876051184804002 17.82707226493279 26.97840489026775 33.47180108327751 9.876222201092888 17.76651598300565 37.11933957400825 9.479662260097381 57.62927690761186 8.740171722294924 12.990297462907197 20.627891344281675 14.366687661584772 24.468312176008784 8.184411363387849 46.440020061129346 22.76181113851688 15.147526486979094 91.73850997777947 78.82319406137306 67.88914172655475 60.02893585751319 56.539443308575045 58.212044224588865 64.64730055958728 74.6230713655618 86.92887911249923 100.71422541285497 83.69105662813642 69.33826529314688 56.65776072381335 47.022477697332576 42.55384482779034 44.824666789240304 52.97524457890846 64.82443263032978 78.71938983244047 93.75490572371733 77.408718082712 61.64692274841887 46.98176408907775 34.8272716845353 28.588479718033305 31.943279664699457 42.68670381309542 56.76835273835262 72.26234625501561 88.42939060803918 73.34656556401578 56.48676367259086 40.00628497506918 24.67719153313376 14.701608877349745 20.543208181032597 35.023164881560604 51.28287561583797 68.05848339245345 85.04524424713125 71.88204804622872 54.58056341308628 37.2794927093026 19.979911257056433 2.710485938073534 14.635922150821392 31.93410877718597 49.234926552043184 66.53632304824895 83.83793997934426 73.17132719585405 56.26007826727587 39.68705570654549 24.15866460838968 13.817831293922836 19.923266516259858 34.66487179683084 51.040012007232335 67.87654245531932 84.90041169890388 77.07631859829917 61.230934358773744 46.43711476110805 34.09243029455605 27.692812255951832 31.14802993952566 42.097714412926535 56.32890216975632 71.9192794154339 88.15061063131684 83.22960864700579 68.78315421725246 55.98019262342065 46.207648088933254 41.65593152750252 43.97717174544778 52.26348392336687 64.24684414502693 78.24670809033489 93.3602848366298 91.1770566012162 78.17203668855724 67.13551532643993 59.17926955472001 55.640748564680116 57.343685664863436 63.870197270555195 73.95406913731276 86.35800491664597 100.22426908056114 100.49379481805987 88.81690522198511 79.22482140042912 72.54923718047671 69.63405145520358 70.94434611593594 76.26263296452113 84.83848150734991 95.80102566710408 108.42875499333665
59.79271942170516 52.85604679351443 65.08299556500775 14.28034286932652 20.786951729639416 69.90043126696523 63.89254308533345 19.926372129417405 14.950468282806028 44.987072076424404 35.77323653003606 28.87342445253712 0.0 20.850249584042924 33.15801098472307 32.722187655407836 24.290342084332085 78.63936205402368 23.30442276001817 20.850403673497837 49.607506599351375 47.85829281403088 42.70565090636432 46.02171832096914 29.676302457988648 55.06091762040943 27.774437806377748 12.15640220340701 18.34637330004353 26.395712557892274 33.025166766608784 20.39594576642929 23.465677198413 13.138196944282617 25.440449741392005 39.55318794916801 25.880118801218924 74.73119118910516 12.361159928711158 43.698071137588634 119.89482135349475 106.08671631815814 93.44894604249805 82.52097066687507 74.06353103685413 68.9912574626746 68.06520057905537 71.44676619997193 78.58180589598989 88.5677762053018 112.40682096716655 97.58526080424272 83.72079865424611 71.37338722183871 61.46420059793599 55.319388846635746 54.23394587604282 58.49022366106128 67.0789901400126 78.59246050342061 106.26681833587706 90.47859157733266 75.35794644680958 61.400084332299926 49.59663621623979 41.813729762362904 40.44323644430979 46.061138243927566 56.6242637330477 69.92633077000517 101.71930607822975 85.11690635663864 68.85977417941473 53.264993063606234 39.13260412834572 28.71014035986257 26.756192683953362 34.730761123865534 47.908954521814756 63.111174226877175 98.98408244293276 81.84395673968129 64.78989732314618 47.913893581082256 31.50340400157989 16.967633656937682 13.49257509862543 25.979057648722378 42.029586632315386 58.794334176744634 98.21272104443369 80.91365696207666 63.61615189598882 46.32195237879634 29.0369652919586 11.801738244967678 5.842113392626699 22.97157250244849 40.24884580496152 57.54093868786631 99.45093965482475 82.4053991022927 65.49444726947803 48.85803786519042 32.915126065927126 19.452907310949485 16.49660876610504 27.650913506389635 43.07807277154402 59.54477398300086 102.62600813810158 86.1935004483353 70.18013136961117 54.953539513151966 41.39132176579799 31.70648004114865 29.93442136225171 37.22294500175566 49.73665683891496 64.50295945901719 107.5665089269832 91.99467315589716 77.16340005981114 63.59296425044213 52.274700088440774 44.943607003057274 43.65679472372074 48.89384434321358 58.940687794843164 71.80602840056349 114.04316478711071 99.45720739057883 85.8855416796821 73.88920041588882 64.35525703233098 58.500271611470446 57.46009007101004 61.47958705761568 69.68869922705622 80.82071192676945
41.364081239653196 34.1558775516216 44.29280675281201 34.12699299947517 20.140832404660948 49.051767511785314 43.080536066830426 8.794223935471514 8.636348040227045 34.675795975984016 54.059301453978826 8.045638186748059 20.850249584042924 0.0 22.455553345435945 19.455566961226985 4.663247703900317 58.07151138579881 27.248012708831983 29.764869323761125 33.88108589114049 34.56269834095509 23.057361073727662 25.397835436881312 24.05120038146736 38.16298837369398 11.292236634946908 9.895820700969097 30.65202451252234 10.016644422993524 50.563963272000734 2.3558027363741183 10.882619646068814 14.025266459285024 13.221323445194773 26.926478983936207 7.760172800892718 54.35890272221453 16.091384107448388 22.9270966199897 99.64760664251644 86.47906174672445 75.00870999130044 66.12624949142456 60.97336313950816 60.51047014273109 64.83809701763312 73.11044040606163 84.17238271069468 97.0749162711206 91.72446518164332 77.26124681419424 64.21780241761108 53.640051987668535 47.21532959844195 46.690712812757575 52.24424483966184 62.27040000467466 74.99631628601618 89.27483037158848 85.41671167707888 69.69255091312513 54.92537839853427 42.133730574788274 33.65135706952327 32.989163882547544 40.53226560776144 52.87866013316085 67.43996856577434 83.05934350350199 81.10223686780412 64.35758079572852 48.00974448712531 32.660142444765185 20.66751611293024 19.65501256746027 30.727915561576296 45.834507191266475 62.097594825640186 78.80439388587479 79.10791580977691 61.83728765830385 44.5909347643312 27.41470952667413 10.653386821189946 8.610256683016484 25.169265118165793 42.326833215876455 59.567971516872575 76.83644427117557 79.60833971240635 62.47329043563864 45.46481517218126 28.80798420802375 13.837038134246965 12.318296523473375 26.659526793713926 43.22537961891786 60.206724310823276 77.33032390967905 82.55814868933629 66.17463784638514 50.40861340151074 36.078868440536155 25.7109319705359 24.882325647185368 34.29167637208495 48.28476819001976 63.918928666316084 80.24058123179546 87.71052390664984 72.47313546885648 58.397614113110635 46.55012258153747 39.016062071022674 38.42263519944318 45.0449919611282 56.396013288330685 70.21877197522542 85.32026822115803 94.7065968851843 80.76334281211668 68.37248025505676 58.52841221094707 52.67878587693766 52.18461835554197 57.184917332083224 66.45070062450999 78.48552046332249 92.21148896304587 103.17189618840548 90.49945337249446 79.58991368686645 71.25763161505583 66.47885505252903 66.02968028049918 69.99351105601683 77.697856501926 88.1675372392968 100.54235298187594
30.448084457593843 24.984594487178438 44.11894369795364 40.375752920334975 42.00047778526204 50.64379289561386 43.46255675373944 31.181750446789852 29.395508156261133 12.525305129637358 53.67751666690625 21.81790889245382 33.15801098472307 22.455553345435945 0.0 4.348432088303112 25.521298338778518 54.29106290171337 19.060153335571048 49.76050176518185 17.7702078959194 14.761448376314277 20.394276509303193 34.347672661823275 46.49759681621704 54.108729389203546 12.063032728707041 28.829610534187676 29.04156140678715 12.887440044239217 49.43044307791282 20.329382108424358 11.901113139772331 20.020346178607415 9.405755251620203 6.5771594684236625 28.655641544493108 49.53775769391572 21.0144232969784 31.252003903602656 92.40817095086547 76.98072397030498 62.541986847457295 49.95672953799764 40.97018409779512 38.211825336000096 42.90032234905973 53.09838200372175 66.31097297370866 81.07748487380354 87.46237839294864 70.99649179879509 55.04586078275443 40.22813019446577 28.377259498790178 24.30938054525283 31.23033519585742 44.25417967272521 59.49993049279065 75.63571753360668 84.60765339308018 67.46508642203082 50.431476764787824 33.672583817255294 17.974010200766234 10.535666755505689 22.308038792967583 38.50986893137527 55.381264927299206 72.45600109230463 84.05735667000938 66.77684458495942 49.51129437624604 32.28471936711685 15.229953188737449 4.507036650050225 20.18387525513495 37.32529701128594 54.568125397176516 71.83937887716685 85.85581839854501 69.0168851068792 52.480009274444036 36.65630073648522 23.06359600303143 17.85739634382228 26.54347027904857 41.096679810032285 57.20166461761708 73.85009035393513 89.86210366718701 73.91944200056112 58.75098993331975 45.14401857392185 34.97134098537451 31.72878267634762 37.27123948080752 48.68555861069268 62.85006463380871 78.28592666676968 95.79956953371492 81.00245289571558 67.4087576677348 55.903374035948644 48.0118446860005 45.648555454017334 49.60995246201093 58.62770279354352 70.7952757578894 84.76696283037691 103.33578929429756 89.75107319548347 77.6590052676583 67.86223712557153 61.468215571635895 59.582681988357955 62.61426858009702 69.92634293441654 80.35879797410325 92.86590093534883 112.1488284279943 99.72780869777306 88.95279072500144 80.48757151649767 75.11715117472936 73.52285817306233 75.94288635989918 82.02268189178781 91.03189409120053 102.19871907022306 121.96209862891007 110.60068893813992 100.94031544926305 93.50966886339904 88.86982085029682 87.46603880578098 89.45080676140273 94.61110778078852 102.46830046287026 112.45852338713469
