0.0 34.27319328908937 54.89008932223842 11.986371911163541 8.428958516523634 70.26642230748189 39.55090603461986 47.683179913278366 44.99026135571479 58.200050522175005 25.844512775578654 49.284410087766176 30.48752072627247 27.27305875590793 52.79717083850522 28.184820358388176 49.039753200722295 65.13541972673501 31.45503568331172 22.216926281802923 11.476054774874713 38.17386269732433 8.046315647098565 50.231228277602966 3.790121401715843 64.87881218410936 34.14013469128144 44.29240903858781 55.90708229290047 69.06840240068524 25.25326878358355 50.679667253355824 43.1475847950034 41.328784347195004 59.422591374124664 39.97964462954473 57.42750185092124 66.74753102241581 24.599475875672898 23.79867939986953 83.77752886323228 68.03814682462263 53.27676121578529 40.57518859426325 32.44976663758994 32.53210048235613 40.77249747489098 53.52722971014743 68.31281630884389 84.06441699710248 79.5247496594429 62.752525645857055 46.37116849295736 31.006502315296608 19.26741368813748 19.48782698545199 31.417028773956666 46.82943646177091 63.22716716434317 80.00665810955415 77.6452359559455 60.3641313450275 43.09973999899399 25.885524361684983 9.013695331865891 9.547072019746027 26.45297739996264 43.67020713316394 60.935437286863554 78.21688815201578 78.31008322105508 61.21307263856965 44.27555125387295 27.790675865070835 13.528929760716672 13.872824699265365 28.29472811383435 44.80447591664014 61.74952254485118 78.84972451494241 81.45700541128703 65.17295240898784 49.58320631790802 35.61159361510722 26.011295217056045 26.14765737050926 35.909930675196975 49.94053347979691 65.55380443100317 81.84898468789048 86.81646893864509 71.73033939016929 57.89723813722784 46.45045816538916 39.52095935933142 39.55848428193354 46.54618581345334 58.02523101141507 71.87498688027898 86.97014619389127 94.0107595179207 80.25092533038483 68.12561300855239 58.65737208230354 53.28203704791863 53.253766674232295 58.580302821474106 68.01499917578519 80.1194631005054 93.86648306136016 102.65474191621291 90.17983972279518 79.53302949853204 71.53526336450058 67.13997961669563 67.05931446302398 71.30791179520041 79.19202452159021 89.75871570886349 102.17910343038764 112.41438701969163 101.10289225304375 91.68029756909502 84.7787758278325 81.04496546878856 80.91856247775382 84.4157734535398 91.12032479384085 100.39166350561048 111.5918471030348 123.0243392718485 112.73134049474996 104.30911708340142 98.24000399528066 94.97617893502022 94.80780794483289 97.75088762578368 103.54043325109535 111.73484821392175 121.84991175029896
34.27319328908937 0.0 87.20778440629377 32.31042978573777 25.983740917417943 83.5684877295553 20.06092161671219 45.674066933893066 77.01435279746266 80.25264530218301 45.256114426057906 22.70302191164056 45.12589224983399 42.999666707341845 80.70713838372424 59.10114075443907 82.93970862295686 98.38310037183663 49.57882145257882 42.043175185620804 29.332913870484084 4.030709834428155 26.58817112118696 60.84306749642478 31.605971432845497 77.28991184109317 14.534886749163173 49.20264705955969 87.80408783738065 103.29195637465472 35.17394237320813 27.25382631591721 36.67368416119454 51.85457041305639 87.08515482158285 69.85791167206625 90.77146007982513 100.63412306394036 44.336563218119814 45.90325033441638 50.31893734303108 36.07327282939476 25.87039500186103 25.218731731292095 34.66125055984801 48.63672396707403 64.25239539295863 80.56004268105957 97.21204353014537 114.0576744688745 45.25161245245666 28.621813606267587 13.76303453643262 12.583606246537391 26.944132824469236 43.501017943633904 60.476474364598005 77.59627866059327 94.78224566512012 112.00392334918091 44.340907587665896 27.16595150760453 10.419945988153595 8.824689509905932 25.414337153743723 42.57482164905786 59.81685265374978 77.0857302087505 94.36671690641269 111.6541904051674 47.8248845779354 32.52113607904948 20.65770935858431 19.863775500100036 31.001776649032042 46.112500374286974 62.37248739000462 79.07593586363991 95.99162483890598 113.02430005390767 54.87271050007769 42.16763889430578 33.821792119132034 33.293031017699114 40.885775601172725 53.23134244608935 67.78062725142686 83.38800562653844 99.55708901839861 116.0533364655353 64.32332472571512 53.84640272180968 47.54033061061826 47.11086869608518 52.7018769142261 62.72355759565583 75.43012986001574 89.6876093439205 104.86530891861096 120.61634103508733 75.27702699080933 66.4949942285129 61.44292683816482 61.053892551259096 65.41114483878326 73.67736069323148 84.71590537943328 97.590528769027 111.66796103532366 126.54742697043093 87.16888586332789 79.65259310032987 75.42773139037918 75.05222107378837 78.58126534900562 85.53292225674498 95.16003607388532 106.74113682547208 119.71046013101403 133.6645217952115 99.66350496530309 93.1034997547574 89.45604462499307 89.07963281422822 92.01441655369406 97.96325603991708 106.42190104749531 116.84655458727484 128.7605856701311 141.78904869924824 112.56018944464824 106.73672924940973 103.51001886993949 103.12410074732242 105.61012175150988 110.77489332183147 118.26799092169347 127.68014674983426 138.62100699926904 150.75811353772554
54.89008932223842 87.20778440629377 0.0 63.83161911984489 63.04758751906348 59.23773654137423 83.99459322103871 72.65013221693351 10.213874396331668 36.191579808589715 46.93852261826117 94.95742964132621 51.39955835465329 51.05343165567318 19.22293109434803 28.19522079243114 13.687203877268896 12.818415477361743 46.30199952446948 48.41498070848703 65.01854707713278 91.2384798915429 62.83788268738875 56.778261149949834 58.501560146035395 58.40759891516628 81.392055606324 63.55510931312353 2.5759865920741754 26.50141498667934 58.255789114986754 93.66457911989129 75.56425093941901 55.765061836220745 20.64904592271964 19.29529083920141 8.09033176612859 19.035312192754503 47.16935103793831 44.518465268368885 137.52234865347813 122.50071036466169 108.16258563855108 94.81855860718494 82.94978247935241 73.27664705432451 66.76047353864075 64.36728893074395 66.5434307438229 72.88073613540458 131.42315768483027 115.64424699598074 100.36851293192407 85.86492852705643 72.59775858780729 61.37413291833711 53.49612013646129 50.552809878550455 53.367024859945936 61.148942239208075 126.59406225648219 110.15131638532388 94.01742057375662 78.38332226043475 63.618566577039005 50.491640750545386 40.62261101622608 36.738184953215594 40.59432114649696 50.44611533924813 123.18459687101934 106.23372232477327 89.4174123518945 72.82894015812202 56.668743038688206 41.44091421350549 28.671646698290935 22.923531539216427 28.768460027817305 41.57488793504792 121.3145642738029 104.06958155464234 86.84725269705767 69.66438109365109 52.5596792358297 35.64585481751012 19.428001597180856 9.109375529878474 19.678094296069567 35.91917682520942 121.05535489127112 103.76869071512007 86.48813151329252 69.21824981641058 51.96969133727861 34.77420053427874 17.786363399154936 4.709343712128203 18.07524850437716 35.07085390825844 122.41720522642979 105.34702065083654 88.36701478253882 71.54142688131361 55.01212717176818 39.15615441866074 25.274228750335933 18.522439530927407 25.418237755999865 39.34215007152186 125.34727087328348 108.72273832485439 92.34737573069559 76.38160931809786 61.147127013618764 47.35504729639861 36.67067396941919 32.33704712628029 36.67886812439496 47.367737749174395 129.7393043086029 113.73586947697231 98.17388684949907 83.30113590574635 69.56112102395376 57.76783710785808 49.337608184576155 46.151698668270285 49.23882746296429 57.59902864828933 135.45110696771303 120.18161790078477 105.54115834936627 91.83107781564395 79.53397716002803 69.40501506678498 62.507236650099784 59.966232787156805 62.31724833166601 69.06247699310018
11.986371911163541 32.31042978573777 63.83161911984489 0.0 10.865185012753019 82.12437960576352 43.455452236172206 56.900989323752476 54.389723535916545 70.07495044801442 37.62541348474897 51.608924836110866 41.87840326724886 38.66823529524583 63.83797573539896 38.82648093751639 56.0876474217355 72.95621043573026 43.26162242477528 33.90915778449795 3.1091240107777374 35.65436420764473 9.940897624896124 61.663477348388255 8.80096746439419 76.64798442866326 37.16050928864588 54.72288196299299 65.14851464939292 74.62232909313396 35.38996293824689 54.21218175597587 51.06547799858337 52.54344957349673 70.43423252082206 50.653165593352895 65.2552905714443 73.49394294754302 36.373067164260725 35.733157251686016 78.63673744328432 62.01854611564708 45.90833690439295 31.10566637836486 20.6460967948902 21.992541767670172 33.76083859232959 48.93493946063215 65.17801873373557 81.85616470701068 76.3465672733166 59.10149197194171 41.903315270356906 24.84960294319308 8.822197043435972 11.69927405287779 28.189152603575582 45.28903944777563 62.50023457672985 79.75070538018284 76.63617388897703 59.47342599137072 42.423895329852186 25.71378299219663 11.014700249642438 13.422438393201904 28.943277773242496 45.760004907193554 62.840719401968784 80.01654345073756 79.47735705925177 63.07618860835135 47.32094633147388 33.14588152722495 23.595297644149035 24.769694948002037 35.62370857896089 50.2321664494449 66.15288041834951 82.63079170134924 84.61343518583831 69.40844006412657 55.44670177966258 43.930046350798975 37.203067812086836 37.90771141892261 45.701509423089036 57.783807335391856 72.02788255123643 87.38289527906346 91.65937216424359 77.80651871388008 65.61226461436279 56.1674749843297 51.022566471961525 51.483205006144075 57.41462854592254 67.38738612968042 79.90232232247202 93.94894081488438 100.21304222594769 87.67871065215901 77.01397230121167 69.09009130471824 64.91858487756494 65.22344492403322 69.94616524331194 78.29129872365003 89.24842877206679 101.9790653968495 109.92292739760619 98.58303118746407 89.17881720822261 82.37591984211109 78.85053095563464 79.04241662096351 82.9257761477956 90.02415456473209 99.65287648160147 111.15631564178675 120.50974976036834 110.21342262490529 101.83353497697394 95.87393152298884 92.80207016273015 92.90483996319722 96.1720641972701 102.30099782681519 110.81784134911817 121.2203173810416 131.76216629955783 122.36288264380833 114.81611184055792 109.50553381806138 106.76536069971999 106.79363494233642 109.58821375194682 114.94751251090847 122.53547478524716 131.96822510572096
8.428958516523634 25.983740917417943 63.04758751906348 10.865185012753019 0.0 73.51084053653382 33.48466855964821 46.14270826652055 53.04920511153689 63.64769031601791 29.277077593259282 42.463372013436 32.6356487548889 29.503361510103172 59.81451848765181 35.79919328832312 57.46453734582168 73.48686396202334 34.85270903061814 25.450280013003386 8.325577809337044 29.83644999215601 0.9485654693263278 52.23750995836349 5.690452784629573 67.7828923855 27.51827128923475 44.424393482972604 63.97264261850888 77.46521707113696 25.147871491576545 44.48311568975766 40.200712572391346 42.914652325341265 66.42934189734332 47.42473447876011 65.78835244416086 75.17386248591373 28.041796018696193 28.07112717830234 75.34905009737119 59.66248145772894 45.17138162413818 33.46648208363661 28.25361586402364 32.79082000893368 44.169204491853655 58.52613993005615 74.15125869335941 90.38926350763927 71.21166218758104 54.369180785026245 37.94242235765042 22.84643554097414 14.24796220265891 21.97184207960269 36.894875921366626 53.276772627156625 70.10213792242611 87.11439369254309 69.74707050337811 52.44526177366258 35.1435730249113 17.842353296341965 0.58482569239222 16.76448850321027 34.06563858498675 51.3673144458258 68.6691186654869 85.97097374670996 71.12061116384275 54.250415846899074 37.77282855125606 22.56497737504373 13.794292337438915 21.681777330952297 36.72368589001606 53.15892599029066 70.01304442383253 87.04305851982636 75.17686171315862 59.44587015642654 44.88621421300198 33.08236358332046 27.79969676704294 32.402365756671756 43.882949754061855 58.31143162169633 73.98271853978426 90.25171484982906 81.51627440595932 67.2503429006657 54.76330212674685 45.54267132988382 41.80855865064796 44.94976366569156 53.77464033640209 66.04277133414678 80.18907880772974 95.38151858063151 89.65575570161397 76.87317423551895 66.17789353382871 58.72172134099776 55.81814947855158 58.15315429540668 65.16602786035112 75.56541079654973 88.16093080015942 102.14336208918219 99.15288838182148 87.71784626797982 78.4616815363713 72.22700341068938 69.82788991966642 71.65066668518443 77.39761946611767 86.28820659975659 97.46592909129248 110.23724282118079 109.65536760871697 99.38505937952034 91.26422883561268 85.90464456125359 83.83755426360342 85.30265006551996 90.12784124234162 97.81713797196713 107.75915854244175 119.39245818959003 120.90134969717117 111.6170334143828 104.39470524233451 99.68356616083217 97.84701726876746 99.04509458000719 103.17213421431178 109.89865486859928 118.78386233185353 129.38378609017732
70.26642230748189 83.5684877295553 59.23773654137423 82.12437960576352 73.51084053653382 0.0 67.79375165597675 41.54170071471478 55.358914639699464 23.04948481531877 44.51004127885235 75.83196831219591 40.993700494972316 44.0467197282485 40.03714521570248 52.64852613305692 69.437879947181 70.11295995566502 38.86952472273451 48.26988776088765 80.87761107489935 86.67886574665748 74.09235136438896 22.72606822142485 73.34413523397214 6.320737301565645 70.24010424448925 34.8623708802237 57.17724390608385 85.5961220725788 49.965066831221044 71.33204856841849 50.34424072378468 31.915407247382763 39.86091672993269 47.125920487984494 67.3280212168149 77.63986409747478 45.76351360834013 46.50311618672733 126.48379978180391 116.9964761837518 109.43885129254792 104.2315298100853 101.73605232623211 102.15135721866203 105.44305630327196 111.35636203408032 119.50273431869626 129.4613091011129 115.32114074644144 104.88728349548778 96.44892370239245 90.56557533938309 87.75265180655241 88.30406712672952 92.15945178134058 98.93329441279772 108.07823482476728 119.04910268598462 104.87679232700958 93.338327649538 83.8071133036033 77.03186395808851 73.77581502376965 74.50181671009025 79.10030023253059 86.95907826991916 97.29127444326241 109.39830832374648 95.3871722312464 82.5851782746011 71.69802554467272 63.71497638415565 59.810414784720365 60.77556556995492 66.39841245463866 75.64737361628949 87.37847129448235 100.72817633771307 87.16481971892297 72.9806417171065 60.44291291137489 50.786029221779266 45.867190825891406 47.19195918469503 54.305305600802924 65.34336085866693 78.6711305834947 93.31260447088977 80.59865073565474 65.03577437813586 50.61491968121634 38.63673040780967 31.97549805436442 33.92309997649778 43.33393179913408 56.60027628253256 71.6104852812255 87.47137032160394 76.11858155213545 59.4202069493004 43.19948624169494 28.290321851839373 18.253796611015403 21.558570274032856 34.569566024337306 50.23992355942695 66.72148847769229 83.53547875811113 74.10400587843692 56.82878838614898 39.57691538962796 22.402384118507428 6.0095704292690755 13.002945797459867 30.01252742098065 47.23495046143361 64.49994440391384 81.7805517909669 74.75454841187522 57.67067574858029 40.77112026462082 24.44125052601531 11.45330870242698 16.238685491984604 31.542425494852154 48.21687856965942 65.21904035793385 82.34617261727001 78.00354824421741 61.80571633524472 46.411747279977845 32.967630796583045 24.867443696953284 27.36102177620676 38.43919809500268 52.96441322856726 68.78660384100054 85.18612180471523
39.55090603461986 20.06092161671219 83.99459322103871 43.455452236172206 33.48466855964821 67.79375165597675 0.0 27.279734167409487 73.95295499009467 68.99225653699679 37.506376831070526 10.9664511998967 34.69602728621062 33.84562813276092 73.3966345543283 56.38430675782797 82.91144721966043 96.2645197658368 39.94843488711546 35.59858063659691 40.39519638965775 21.520616785040847 34.4040446565881 45.56521790270729 38.64266697943988 61.48307130552804 6.618378179934456 32.97676635934759 84.00154900069538 104.16689626564987 25.968548245384998 11.12995174824934 17.992732247492814 37.75367412469029 79.1879881524333 65.05899306996812 89.1043055357159 100.0001923864767 37.05966776018552 39.550906034619906 59.29688157279934 49.264101605916125 44.005539223868276 45.21866307555126 52.45637931556553 63.69709729644418 77.21187026295001 92.00396647564746 107.54762208905511 123.55952581039543 49.71332889563418 37.2427514959538 30.022313750177698 31.849103938422477 41.54636970041543 55.10485971031281 70.32566819344449 86.3340197412705 102.7625205854866 119.43792372572335 42.776785453069 27.356786488542994 16.29866854132545 19.53488831358999 33.11026370465419 49.0884884643379 65.74026371087074 82.65952626136635 99.71020372369621 116.83477482043031 39.8929091686346 22.606956673415308 5.423870752840731 12.102720919970569 29.36404143171037 46.655456278475555 63.95255950871426 81.25171832454585 98.55185025903904 115.85251936872453 41.90693195599445 25.982072461588686 13.880130660678097 17.577279631477186 31.99962946121839 48.34981495712204 65.19314167480417 82.22712223329391 99.3537434341667 116.53216651313463 48.20882971266574 35.21891861698635 27.483872113781988 29.479895789037588 39.76776730774939 53.78286352616183 69.29954929852092 85.50420275219702 102.06968146770069 118.8451980214392 57.403284509200915 46.9784935176004 41.44304454919873 42.740827524223484 50.34616212801086 61.97902106473084 75.80743611754849 90.8341400387834 106.55336658006338 122.69924274151744 68.33238297633562 59.79025164034808 55.4899309959972 56.410010773542155 62.319698425079 72.00068701617823 84.16146191877948 97.8820874114644 112.59375214278744 127.95507660325876 80.29074782585005 73.10293258670939 69.57128212452629 70.24939727550779 75.02321184886706 83.1906051903237 93.86991661181257 106.30679975433515 119.95582553278531 134.44833379302187 92.88154100247839 86.68591194764048 83.66954866156479 84.17492968976138 88.14149746461317 95.13730989513815 104.55606756272712 115.80809196668214 128.4123687017465 142.00928869278766
47.683179913278366 45.674066933893066 72.65013221693351 56.900989323752476 46.14270826652055 41.54170071471478 27.279734167409487 0.0 63.8269363282482 47.950531411642395 28.904651385018674 34.34904320192479 22.854180051267512 24.790281277303883 57.39881831503071 49.49583810324964 76.01710541946375 85.46845937385383 27.05953798497723 30.050601713718606 54.46447925943128 48.03309712319645 47.02741688943986 21.088018229376377 49.008320634939125 35.35997343116914 31.240736024683404 9.438426575528162 71.85284365563749 96.8985840870778 22.65178615881179 29.797526920047947 9.28714977016298 17.17558995029062 61.87406394875665 53.645318408872676 79.4376141788836 90.95567220073755 29.44706275748705 32.277744923477606 85.01470776062793 76.35074728894506 70.92293413258392 69.4937296379713 72.30065166157931 78.89283808408999 88.42774151578874 100.06768177677613 113.16495173080384 127.27042689132858 73.80005540214887 63.69088371049425 57.14287095202727 55.432709440608875 58.98272114537465 66.96145199992122 78.02185114730565 91.04768531389689 105.31216115582018 120.37574554248425 63.777643199464904 51.80707952412811 43.57825650739858 41.38672041076864 46.10164907287138 56.00507747363249 68.89470656766196 83.39722847766035 98.8049597782332 114.75385688455755 55.596213451881354 41.373791780813065 30.518065428116365 27.379261561873367 34.15560839634687 46.71506375049783 61.617357558588225 77.52296626636551 93.92354241527356 110.59911082687113 50.164884289029544 33.7637972217923 19.03116268384178 13.531040851762217 24.55006605154827 40.262081204343794 56.904106932921145 73.85006670211011 90.93019345138083 108.08089828183111 48.418239811068304 31.12220608526061 13.840920336936188 3.6419828229095055 20.824759324906356 38.11549241380643 55.41321613029363 72.71294163219477 90.01351475561981 107.31452555670822 50.73827345839657 34.606158652416774 20.482004837100735 15.496816123327642 25.680782311250223 40.95810460232494 57.39636371270234 74.22823778439775 91.23613584539683 108.33718736277388 56.627305093348774 42.74311936207105 32.34201967783134 29.389583771987166 35.77986088787959 47.909901580153026 62.52382191645724 78.24197951197154 94.51505606019433 111.09947659306815 65.12414921389285 53.44854390459977 45.50871644475555 43.405576734869854 47.91397816140306 57.499207882420585 70.10900728978056 84.39840810858385 99.64744889468797 115.47658309272957 75.35162275572212 65.47434086061406 59.11521791832889 57.45455671438255 60.87807983426209 68.62909398096761 79.45100311582925 92.2695435690453 106.3652803469396 121.29375282426322
44.99026135571479 77.01435279746266 10.213874396331668 54.389723535916545 53.04920511153689 55.358914639699464 73.95295499009467 63.8269363282482 0.0 32.93074205978899 37.176714561554675 84.91934427770688 41.96708928664222 41.37358093612889 16.79352281916535 17.981613977554947 14.149511310120916 22.360687233434824 37.035226173298646 38.43494374446434 55.39745648652009 81.04501179297368 52.87436916676457 49.46707149647376 48.65545284179045 53.521885316200034 71.23513662064715 54.976590857059094 10.923923763603575 33.32301279387671 48.344125399768465 83.76407148632298 66.15447620243137 47.30195553691153 21.295248210982933 10.263733723425979 15.660988399959498 27.142513989572254 37.32287670660677 34.60059498278494 127.33214510576883 112.3832631177788 98.2100619690732 85.20053114076944 73.97121422227998 65.44498722462201 60.77045305750973 60.841970460976846 65.64402918093597 74.26457807937602 121.21443789047306 105.43447875463353 90.21430991217292 75.89148279892103 63.080231895392274 52.89061539430036 47.05764320464317 47.2242460776287 53.33423007469932 63.69971604405272 116.4807796928106 99.98208139514782 83.80793265653759 68.18966905747715 53.61530350789353 41.207753984896485 33.47036929788312 33.78106966400091 41.96146003895603 54.580912449089986 113.30484342980743 96.2807133486489 79.3767968424748 62.69041303775585 46.45655812243245 31.385467882720057 20.26315108187071 20.853174464364546 32.524242875743774 47.744211795289274 111.81948365304038 94.5363275041468 77.26157520250544 60.00248560551443 42.77802059675302 25.658006640881442 9.2423511436622 10.546198168761578 27.12447286565399 44.26019941139288 112.09194871088941 94.85697517507519 77.65178499620419 60.50179242810034 43.47237353909412 26.79441799018786 12.031110087948411 13.048662179369959 28.186889853294623 44.91600087649115 114.10964374280046 97.22222202814807 80.51100011545722 64.11390524439372 48.35158295690319 34.11552910171839 24.26054616187123 24.738429558066382 35.12999739070565 49.547498010201814 117.78288447988582 101.48918588696843 85.59210703106726 70.36099543533929 56.338597160892135 44.677873050882 37.64165391702283 37.899641658860126 45.32745884265642 57.19686329997764 122.96334417808146 107.43145147398923 92.52972780816326 78.61733459716145 66.31983925516587 56.69795293907341 51.28055835557562 51.41434111450325 57.060268912934454 66.8357323122672 129.47015617415244 114.78906041559067 100.94170899229984 88.32113003091513 77.52875968651682 69.42253467298987 65.01508467929334 65.06248784782827 69.55563663500311 77.72733768751537
58.200050522175005 80.25264530218301 36.191579808589715 70.07495044801442 63.64769031601791 23.04948481531877 68.99225653699679 47.950531411642395 32.93074205978899 0.0 35.42410736305123 78.95441685716246 35.24092052152519 37.255738330176456 17.01598462464549 34.41026973208272 46.80394357905264 47.20863927545755 30.687563592812683 39.049241875847386 69.61558919009249 83.94109216178232 63.97832380355166 27.36934353735489 61.79739426066005 22.83624492361912 69.27902423869858 38.744247511755184 34.13116541812884 62.556759091929194 45.15593228950334 75.707290801796 54.46820837622495 31.879645357095395 17.292314267549067 25.995491307471433 44.28142779698335 54.646477485070186 36.511021151866444 35.768835468277096 127.96672142526448 115.92191207005268 105.35166688590705 96.74054913107706 90.64860776784917 87.60298195987494 87.92082188208414 91.56710930626664 98.17166702707222 107.18905270811688 118.66516320957989 105.61407858398124 93.94643869580302 84.23906579258512 77.23466955677519 73.70790508303745 74.15661451484743 78.51266646374879 86.1856207750986 96.38656947623522 110.38458762502897 96.2619070870754 83.34655683147692 72.28857810478512 64.05719883496701 59.830653768514345 60.4548240246982 65.7917971713636 74.84004016430185 86.44188138806393 103.37077722047475 88.17017757121549 73.89956861680776 61.21287176591276 51.29901068589115 45.98765839250717 46.87050619639345 53.64258921215163 64.47413282231926 77.68528579078774 97.89649424662078 81.71432758925302 66.10179849580685 51.57880261251394 39.37012416957332 32.223425624770734 33.54698681801164 42.557727545553924 55.63837440816588 70.5606542155763 94.23052023245197 77.30539321480845 60.59347125348445 44.33650593660132 29.301788690796947 18.71298864439794 20.987356414031684 33.60765353623317 49.164943657861286 65.60198972010835 92.58795669027555 75.30383596593434 58.03033027434096 40.780930418233694 23.6085339076451 7.096125296588936 11.91891977682491 28.852726674144872 46.06096566382529 63.32028752855316 93.07601363793673 75.90037799604964 58.79883964835422 41.86230771099997 25.422729370469924 11.78518685722445 15.171657415702255 30.334482805595393 46.99888939418635 64.00252698405451 95.66207932039946 79.03620395082476 62.776750535463705 47.26341120226235 33.54773356056794 24.814946575668507 26.5485117849484 37.31723650506821 51.75943933885934 67.55896490365039 100.1837814339576 84.42880562980682 69.41442853014902 55.742345365471465 44.66275580642139 38.484035084522 39.572549417081014 47.43056914227296 59.430948349465986 73.57392788854054
25.844512775578654 45.256114426057906 46.93852261826117 37.62541348474897 29.277077593259282 44.51004127885235 37.506376831070526 28.904651385018674 37.176714561554675 35.42410736305123 0.0 48.38622627024409 6.241235697873439 4.3136694032342 36.19249513329134 20.965993087275013 47.98593000510877 59.50798293894816 5.640887510698152 3.8276276854773705 36.38706788055953 49.08186776878756 29.782296353712347 24.736415511391865 28.837128016637397 39.04032299069183 35.94429415739606 21.964563249004147 46.738925661765585 69.22263848426353 11.538841822388797 46.76887518234048 29.33278446990146 16.616701594388157 42.28992945598253 27.741621614441637 52.728564748698176 64.02965212717082 1.2535306739043575 3.4100000908662524 94.35638590967966 81.24956358656249 69.98966503570638 61.59799062157702 57.34779240386917 58.154309787274414 63.82613734444734 73.2415556765559 85.16790918802928 98.6991268483617 86.45554099074462 71.96848223819063 59.01752956213499 48.84034856551789 43.432648928180356 44.56584825193137 51.812538641521805 63.100459451978644 76.66486351655983 91.49884756211007 80.28302173111625 64.45909981774358 49.63161263484123 37.01793955114038 29.59844889498816 31.31322337108121 41.03263568553264 54.64014894931766 69.9008155570455 85.93841752227449 76.25976187286334 59.39735320658012 42.8865053690454 27.370999349506068 16.056255971538086 19.108835497572418 32.729257861105104 48.74395894889915 65.41754531988272 82.3507706407054 74.73374514989793 57.43414883854914 40.13656487283183 22.8455646697064 5.622224530254737 11.832691602661447 29.105486952859188 46.39999729813078 63.69853786449338 80.99852653712702 75.85585683590462 58.88027243802178 42.170780551688175 26.240727242443395 14.053098733208493 17.46757526738163 31.803389306180645 48.130112621061116 64.96362593311684 81.99238032726137 79.51404860724361 63.50321450419217 48.38948876996192 35.343132842652594 27.485296060783746 29.333530382179937 39.54972255945365 53.5407802433491 69.04896659796825 85.25030482059717 85.38292148626944 70.6823080815377 57.449451263730225 46.94247123851981 41.29718080267409 42.49734179160637 50.0529355511015 61.670690250574566 75.49806020916309 90.52814775096626 93.04501744771831 79.72994407793217 68.22793772006986 59.59813571485037 55.204373633680525 56.051821990112366 61.92567658931729 71.59937769342818 83.7666469625429 97.49835994800937 102.09730841532702 90.08476408692061 80.03348883378683 72.76087017747348 69.14925453739312 69.76951237688166 74.51604251203462 82.68123490830428 93.37249541451462 105.82697894741321
49.284410087766176 22.70302191164056 94.95742964132621 51.608924836110866 42.463372013436 75.83196831219591 10.9664511998967 34.34904320192479 84.91934427770688 78.95441685716246 48.38622627024409 0.0 45.29480645009019 44.63493738889462 84.10725824562915 67.33649512662824 93.78791403107955 107.23001210024476 50.59198092884084 46.553661634936674 48.500228682574146 22.152492814164244 43.33146453455775 54.31484457129762 47.92397309379371 69.59687087791178 15.150658337967776 41.59321147197932 94.95170447810443 115.01169893407612 36.86159467118876 5.71031701592067 25.550483382977184 47.270711921064795 89.79395084618143 75.99729075364043 100.06077341091894 110.930800666413 47.973531067399776 50.49507369238548 50.66704940442259 42.99025956627898 41.567778143495104 46.971301685098965 57.30123405437216 70.42204843784212 85.05177028103839 100.5338131637122 116.52895258191592 132.85198993412945 39.898777341239345 29.620631860798245 27.59639882660777 35.2767717120317 48.22914071899538 63.29580874250676 79.28038087692092 95.72412536699478 112.42574242639294 129.28533149748156 31.95261307099602 17.579764095741353 13.99426713455668 26.102561234102147 42.01857537682861 58.72384893532395 75.69764180084184 92.7927168368764 109.95251886626521 127.15084465068469 29.228909578787242 11.96533862956063 5.542842074611852 22.737424313169793 40.024635250295674 57.32072911111585 74.61952922077229 91.91950768372214 109.2201045636501 126.5210661722345 33.045329786823864 19.48712039926108 16.31607609226355 27.41155328508522 42.84022181090328 59.31178966238252 76.1525089404427 93.16240271530766 110.26320500609857 127.41831859456686 41.640846549048085 31.91833857060825 30.038473292383998 37.209524630318406 49.65376998293927 64.38287294462899 80.14687198138459 96.43960365332417 113.03266130509459 129.8109286422301 52.727780856546254 45.390061243720275 44.03408504636562 49.15737821073205 59.09821672192563 71.88501100540158 86.26131575047609 101.55431346215875 117.40633190029473 133.6185584311402 65.04425624526081 59.19598808257544 58.10569562248965 62.024800254599924 70.11830683598153 81.14662768325545 94.08331700579393 108.24630717266848 123.21344332913063 138.7246890057881 78.00992678309655 73.14698777522653 72.20874628843387 75.34196929078321 82.08172579003582 91.63566530806709 103.2253296412305 116.24340960832058 130.26235046710556 144.99212976645327 91.34863290266962 87.17328619026982 86.32767791421011 88.90686801246791 94.63123925125545 102.97761291177189 113.36835156042457 125.29586810817847 138.3633009448096 152.27747234693553
30.48752072627247 45.12589224983399 51.39955835465329 41.87840326724886 32.6356487548889 40.993700494972316 34.69602728621062 22.854180051267512 41.96708928664222 35.24092052152519 6.241235697873439 45.29480645009019 0.0 3.217365511925725 38.84206877016063 26.68423011207398 53.460112821588275 64.1263328084132 5.322798000016371 8.652737121519557 40.30478370899921 48.75001969317351 33.267658738807015 19.78750477040709 33.103283963304285 35.16808845710209 34.20145375707355 15.728583452125246 50.966056856255925 74.56058618546435 9.952483834997405 43.06398496563825 24.19261974162292 10.916406200916049 44.50885617009109 32.106242257428505 57.61919927819072 69.04154262071636 7.068750291207609 9.646697711203023 92.95661944744282 80.68150519282977 70.5462461186891 63.5825116140164 60.888374140486235 63.01386996903773 69.5183205501126 79.331843267487 91.3946453603242 104.9338669100911 84.27903751602591 70.55895291236031 58.76119731101386 50.2582688201278 46.878690919267285 49.67929691514101 57.7681246346389 69.31798257070699 82.89458361941216 97.65625469406062 77.23264709605445 62.01370036280687 48.22058255502046 37.46276051382691 32.86944725498883 36.82459768359846 47.227213769533286 60.85619722284266 75.99507914634361 91.90068368855982 72.29610067018336 55.77563137928488 39.922772896696905 25.98935151461012 18.86204773983269 25.195617756586692 38.89181558804051 54.6721075295149 71.16331372318821 87.96651041581697 69.91780801888076 52.67107748358788 35.47813998873719 18.489670616378856 4.873490597945266 17.445555032128713 34.40432180430633 51.59148007096549 68.83616608784423 86.1038221921226 70.35771258570703 53.25098952558078 36.32961934108137 20.068078840353603 9.183002019025357 19.095561125180414 35.265657149042774 52.16709580264836 69.26657480824579 86.44665451997346 73.56526910342089 57.40380322483736 42.15750697141853 29.292065929304936 23.184171794227588 28.560418067424738 41.14122144036402 56.28688733637929 72.40537434049682 88.9695101911782 79.20490254341321 64.4423933103322 51.29263425961549 41.32497317839893 37.19246284315391 40.712553122402014 50.30359307636159 63.26213540676647 77.9259320197179 93.49604692716044 86.8037944803376 73.54272176727541 62.29659566249966 54.331394745334826 51.2019120401375 53.75938853778628 61.296073553788595 72.27064499449345 85.36734938017389 99.75381330895786 95.8972224367782 84.03754096727717 74.34401127829389 67.75284816719184 65.21163667228376 67.18154047914416 73.29975379038963 82.65011271040899 94.27577131365965 107.44065190854836
27.27305875590793 42.999666707341845 51.05343165567318 38.66823529524583 29.503361510103172 44.0467197282485 33.84562813276092 24.790281277303883 41.37358093612889 37.255738330176456 4.3136694032342 44.63493738889462 3.217365511925725 0.0 39.57052817329261 25.277674335814993 52.297855241429055 63.67504609245044 6.586724896489213 5.650114814426301 37.11671247862489 46.71295836351449 30.119433302889565 23.002035806550392 29.889717444322535 38.27964110629224 32.767876974814115 18.389454112165485 50.78019529058378 73.52748377749265 8.137920009335627 42.79058787191731 25.022783858413884 14.094910206964476 45.47551687520348 31.798676808460037 56.9590031639762 68.28826306132945 4.664124289955372 7.542113783619078 91.4372064067301 78.78108243382553 68.19715829828122 60.77781723018257 57.75578716902351 59.80147199495079 66.44846402269013 76.50671804497611 88.82485382845893 102.5920495240549 83.14226706236376 69.02868456723411 56.709665995146175 47.599551941256465 43.75103057474853 46.48970005653131 54.83735907177295 66.72094043203391 80.59116600296863 95.58709320052456 76.57898104420673 61.003769862806905 46.66142730926494 35.09739194051365 29.750198402351323 33.71988953736902 44.58359403765737 58.62654710666094 74.0618421007422 90.17732612105782 72.2211116415692 55.46148025885822 39.176204620291294 24.336939302314256 15.76421932655171 22.437624597277452 36.8387808481732 53.004310592624705 69.71750496546977 86.66208193891512 70.47901609537159 53.18379528557711 35.8950420238111 18.63077004611687 2.114410754446029 16.141544624753784 33.396733112903945 50.68380108144132 67.97843180905751 85.27602406351026 71.5440571482535 54.580988802259064 37.92531376117177 22.277508141560563 12.367626044678135 20.207469877175722 35.53080865338415 52.108039189302666 69.04179888008468 86.12203607021988 75.29719795126988 59.394262468101786 44.546593692531054 32.24639213614411 26.34332558225859 30.770472866431003 42.40735076448703 56.996973586494946 72.78486654413437 89.1365738531412 81.36726347863942 66.8901373078429 54.09856730448664 44.47162142459667 40.34229607174555 43.31261023130399 52.18399342938988 64.5682719905277 78.82677170700126 94.1114431925884 89.28286054496556 76.28176045389594 65.30760953933044 57.53225047486529 54.346434298534696 56.53148762043642 63.53567784726861 74.0030723797438 86.68809709967711 100.7566212741585 98.60041385392213 86.95693605581761 77.45751411756052 70.96840781423876 68.35242476811864 70.04486908642342 75.75753459949591 84.68066521509883 95.92245161089276 108.76630467866046
52.79717083850522 80.70713838372424 19.22293109434803 63.83797573539896 59.81451848765181 40.03714521570248 73.3966345543283 57.39881831503071 16.79352281916535 17.01598462464549 36.19249513329134 84.10725824562915 38.84206877016063 39.57052817329261 0.0 25.090051109291903 30.111190698670526 30.78819006129748 33.52714422993118 38.89683958798397 64.12120865996039 84.65077894813612 59.89736156659639 39.30111145453293 56.58470024885298 39.24879894961425 72.13648255846036 47.988988444712916 17.278312188449416 45.683735080176696 47.6047599081768 81.86175802848737 61.93114988039148 40.22830078288045 6.626623347975915 13.534829103935913 27.309574440626815 37.94197455451095 36.87495408801038 34.922231958496546 130.4098352619162 116.76805451531264 104.21860345932352 93.20376274043713 84.32704668010437 78.31887094365918 75.86386242178001 77.30130030522 82.42779730048198 90.61941203802289 122.63761207725301 108.06038458836986 94.40764941023782 82.141685798781 71.9750203465529 64.90181269826955 61.990174696875215 63.81232605256699 69.99956345112945 79.53967274337738 116.05721756559062 100.56607643518196 85.77001775221962 72.09825515450493 60.32017144481935 51.74543463742497 48.11817914761832 50.51564667676695 58.197974104418485 69.43255761131283 110.88114886153453 94.574140252411 78.69316797165169 63.558392174489676 49.85410309873574 39.11395947002117 34.2502540835738 37.616031607553744 47.49273220969853 60.78537028978584 107.31288356567744 90.3839604304628 73.62864386620132 57.199699847794406 41.48669302853362 27.73440651799334 20.395109268673437 25.718383113611 38.802339473187175 54.30027106659687 105.51571594329127 88.2526131889694 71.00841187547147 53.80128974491092 36.68346218807088 19.886865432826323 6.634141552350209 17.066037919925268 33.72240894695997 50.812060367984124 105.58015269234247 88.3292916128981 71.10325031148355 53.925819294746965 36.865011896083914 20.218247978695683 7.565668133139071 17.447476924122753 33.916115660234645 50.94020696542287 107.50284544626972 90.60838910096953 73.90270595468368 57.55042219620032 41.96669653581207 28.44411216689502 21.34579095473861 26.475072081079333 39.30556535151729 54.65927980843451 111.18740871628886 94.93138124362997 79.12017414571538 64.08388481735027 50.519245384876285 39.95436822005259 35.202506305077 38.48101980412179 48.17747237939947 61.319298179415895 116.4666962878461 101.03619731283894 86.31822965494705 72.74656111805716 61.09000997632306 52.6366627376615 49.0708568334419 51.419660613224096 58.9806390755802 70.08674521494585
