0.0 58.83386831128945 65.09802996694556 86.97594524475173 52.07530983581511 38.11130198006975 66.48331788629905 45.22590287800911 50.34785794253559 71.02174499642608 91.71888818815724 83.58148358207362 17.87091984269802 28.0412926479616 57.88058762682042 54.75703757433446 54.94364792889945 28.781602879601557 7.395866727128269 8.658838081104287 24.29189977250535 65.01615046439737 77.91091858423641 99.58489267253444 42.57224902049688 29.43001227692205 57.86641335251652 58.07110704483073 3.401422334226535 57.66855701756267 89.39423587094957 93.73616265521424 16.733101331066628 24.10501860091876 47.803373593124796 53.57980632619447 59.68349867673816 56.133794714817846 24.133392659105883 7.9314427752021075 136.93046063102074 120.95652542941583 105.40262155170568 90.4856110499717 76.57859084395841 64.33985495730094 54.896765734701994 49.86375870702802 50.57504887565346 56.815299851961285 132.4225754145325 115.85264067507059 99.53209322772554 83.60710599196521 68.35470811687526 54.34419408373157 42.812662835406044 36.211381182663004 37.26005253533856 45.43199602035476 129.2873228359471 112.27229821563408 95.36056472267161 78.61880766704797 62.18446583328881 46.38544944516986 32.17177811070163 22.740887201669768 24.453708348363914 35.742565808928475 127.62594922717615 110.3639278088961 93.11671972078493 75.89442473993515 58.71896803040138 41.64833719869053 24.89907751689014 10.200853684274321 13.669822804446829 29.46835557072628 127.49610900279488 110.21444233143355 92.94031540866466 75.67889137902743 58.44142721325985 41.25796494446359 24.24360472925424 8.485193660374991 12.448216535575376 28.924576412725653 128.9024321154823 111.83089748051486 94.84289106989335 77.9930129623611 61.395096585190466 45.32678488280858 30.63313076230969 20.517594941681427 22.411301468061133 34.3841954130585 131.7957333462281 115.13891785385283 98.70427359850338 82.62448181148179 67.154929146978 52.83438434478614 40.888482189714296 33.925977198220856 35.0540158661938 43.64979122806663 136.0811594689261 119.99864513268254 104.30709658089326 89.21305203363285 75.07775703930398 62.554562136403874 52.80321561622761 47.560368040879226 48.316667211676446 54.82439918673026 141.63234250718912 126.23092531178898 111.38881422657278 97.36213192973415 84.55765431289578 73.61592519427903 65.47753318616155 61.269940696140296 61.80128869689045 66.9588553306925 148.30714299524794 133.64379288264746 119.68710985113317 106.71471936776722 95.13014544572923 85.49938007671508 78.5444434262658 75.01334129174731 75.38872150049983 79.61534692702035
58.83386831128945 0.0 47.4891342594794 44.873040671024796 46.17909299397284 28.20282601326376 39.870415339104504 25.059910426636986 10.353050002065029 12.238336291071544 32.89000781747787 50.92784665201153 72.81879757258145 54.92849307261927 25.727035188994037 6.8876234434669446 10.875649260163534 30.371805322816193 65.9998040308526 64.78658523488915 40.66435828202944 7.072865132576826 48.654606830003196 45.50134428239938 32.151700408548834 38.4363577275953 33.94170181885309 13.77084091756428 56.72959736776781 3.793615783989203 31.00905217393312 52.39263064615251 70.59464446057824 44.456846850040606 20.952053445417203 20.382675012496623 42.171604811347876 60.92029594453927 37.00901420719013 62.49374743108354 96.45972815345716 84.53317107533982 74.7390629603031 68.00507860561343 65.2851174783764 67.06933037005976 73.02832500116271 82.25977201861595 93.80243385024883 106.91031644833154 87.41522501052027 74.09729710919584 62.7542667973663 54.63046083457197 51.27940315738561 53.60380408945046 60.95784711597213 71.81261118029659 84.83480306590951 99.1742768304945 79.8635303735535 65.06113894545672 51.83075245550242 41.69662793922982 37.275963369718056 40.485712183942844 49.8737919070462 62.72482865279321 77.33123509907738 92.86841495540217 74.26158453018722 58.081856591871784 42.78939286056259 29.783773528976816 23.27928559755985 28.204397854000373 40.5926338975531 55.66638791238769 71.7526480883036 88.29976908294321 71.07202150134232 53.96362211505498 37.03546905259063 20.73385175988581 9.320538307777856 18.508523565761003 34.59727792056298 51.47903475326748 68.57057374285927 85.74654122700204 70.62250354253713 53.372930720642785 36.173401178491496 19.159166577554586 4.934153128005337 16.743104916736286 33.69021741445115 50.87674742581302 68.12172634220617 85.3897491685478 72.96369744299459 56.42069333911859 40.51666322837413 26.431368323708057 18.824089188827244 24.673615587173124 38.2353259241145 53.979670811456586 70.45836673730726 87.25634587589978 77.84418320296972 62.57749148120345 48.69164548756337 37.74279479897871 32.81568370433595 36.44074578737772 46.66578113453819 60.217693604186024 75.3216730815115 91.20990388746621 84.82673310231293 71.03944450171079 59.129802465979715 50.44568606569205 46.81777209703784 49.37350670327847 57.29123303576108 68.74249369769792 82.26468461670699 96.99551055830037 93.44120242918638 81.0879718987061 70.83752883126131 63.713006713816696 60.82297582001484 62.7552147653566 69.10640348335258 78.81540746532787 90.81154846468723 104.30868441277852
65.09802996694556 47.4891342594794 0.0 92.13906027789216 13.652817268291695 61.909093538363265 85.60780628167342 28.146659101767057 51.41348113259723 53.13000201628264 65.03054237706182 98.26324941135452 68.00118117307701 40.906095358403604 70.92382615493506 51.80298606743694 56.11615744023979 51.954147812849506 71.62663300458273 65.02955195801611 41.608055300110884 46.124084901099884 14.888557834345196 87.48264370096386 25.28821323156828 36.490808873833416 78.0114784123937 33.805483438955314 61.71473366467951 43.707177439027504 58.18939027215693 99.54706124385886 65.61579043441104 41.00546662235404 61.63568231480182 64.42398632960594 85.50078992768005 98.62215257526935 44.42518533209261 62.74753835531514 142.636640724076 131.68684629095353 122.21414838619518 114.58546599580637 109.18799541240656 106.36195767534277 106.31261502221888 109.04373690945687 114.35628263965361 121.91325019111201 132.35640449060992 120.52957251441237 110.15992833940535 101.69421662205328 95.6393721180452 92.47019642304453 92.48381954031368 95.67888194308908 101.75613959664743 110.23995357160912 122.83493914399254 110.03957975933898 98.62899938701317 89.13660019671138 82.2293806238012 78.5919343817852 78.67907492524235 82.47899782025237 89.52014801548061 99.11413768264414 114.26223966341038 100.42636064254478 87.82790969766536 77.07608476848048 69.03909962036671 64.73611836954005 64.9139898546181 69.53833797451198 77.82048656791375 88.74214964056935 106.86701214952352 91.96543491233341 78.06039522120454 65.78685686735064 56.2236331271369 50.9213556263271 51.220827277375946 57.033875779916244 66.93918118147367 79.42006118814965 100.9085837457834 85.00173141565159 69.76212080871173 55.739750106580985 44.111144514915225 37.19372911149139 37.67838885077007 45.32830874769062 57.34419977457803 71.55952772267622 96.65313795407974 79.92766062925544 63.51176196330117 47.72596775845972 33.473918296245266 23.70547469632501 24.53786812089122 35.22748259701814 49.785090189508054 65.68748737050491 94.33149375335935 77.11720282772568 59.953385832741205 42.90066685099383 26.177073983350812 11.345678958239677 13.07374859566382 28.492711634508787 45.29304110848835 62.368243297704495 94.08694662314105 76.81924744900313 59.57141509080285 42.36771974910124 25.298365976605258 9.14901245852087 11.230093516026761 27.699080044721182 44.80040774145791 62.01312357725294 95.93538538256773 79.06220974908295 62.42419107833218 46.27567430814158 31.381654084934077 20.66132070088765 21.62600084801743 33.27445614621455 48.429399444317376 64.67098119549827
86.97594524475173 44.873040671024796 92.13906027789216 0.0 90.78890012853867 49.11935390844949 23.185432928047184 68.90039087322273 44.512086232216944 40.376748533752284 43.22464842114443 13.410490161285281 104.31605535576296 94.30495963579506 29.30558389692019 42.122124410919824 38.67211591399528 61.28952803058694 92.48334597640378 95.09647041781633 78.2483010739978 46.31562376521797 91.18314031416269 24.67271421111788 75.66747203660098 78.08975459456047 29.901407179096225 58.355962501524 86.3768690530804 48.6595234539619 49.31068655685979 7.61570527836288 102.62550898348896 82.56685923423882 40.44259527503064 34.753557522092535 32.05443722114971 52.75024497619711 73.0411534019621 93.38424053187202 52.500896514160644 39.66443096545133 31.446766258708717 31.67396735123848 40.203114092378435 53.17940985921813 68.10666603544298 83.950553060177 100.27752407596765 116.88531723624799 45.731895410680124 30.188893060796985 18.167129060705008 18.63953325803132 31.040813931706868 46.672736867436775 63.18123860391285 80.02565691078102 97.03120592932447 114.12587958818149 42.77048021422209 25.50441633426972 8.387497191600447 9.43072359458859 26.57518706777126 43.84354193775026 61.13088706536451 78.42466524595126 95.721389805365 113.01970799550952 44.385482128044195 28.11741038706143 14.48514437419373 15.091817178312526 29.058895049217302 45.38489522682816 62.24042854561475 79.28849900107355 96.4270402928461 113.61511793289114 50.13656742349567 36.49257198919632 27.357823062331786 27.638802615159058 37.12231932753905 50.90127728709298 66.35151634714416 82.53979445406343 99.10510516739025 115.88587630348458 58.822779182374006 47.6846376869687 41.06379970381845 41.198935363891586 48.03305693316839 59.29335962608259 72.95845452881198 87.91402238924874 103.60270378630892 119.73667268020068 69.34976157166064 60.14088395624021 54.983283927931645 55.028140033223735 60.26383637876741 69.52742516536426 81.45609136498015 95.05170112014282 109.69619886715083 125.0215393451707 81.00287915874645 73.21879829561372 68.98702048117188 68.96460066723243 73.15540906056157 80.90736791922001 91.3180216130094 103.58885334583518 117.13671747853608 131.56770577561568 93.3612629821737 86.63717052855688 83.03224261989264 82.95412839462631 86.41239278522974 93.01341807376595 102.14974479660033 113.20920849036985 125.6851602855151 139.1972494267202 106.17879142198174 100.25924411992324 97.10079294663 96.97360272885047 99.88925336368949 105.59599388533452 113.67423888863867 123.66009430528628 135.13131736796714 147.74232506494735
52.07530983581511 46.17909299397284 13.652817268291695 90.78890012853867 0.0 54.23203639899714 80.94946145851273 22.256494465863476 47.3104400208525 54.53723846057474 69.86429626495746 95.14598909998394 54.348663891156804 27.253435003782606 66.48358934852612 48.849148602432116 52.75090809732983 42.6033750803194 58.38206044356974 51.54210229714949 29.447154628261234 46.88050051625098 28.181394956636755 89.84629917467866 16.565307183419574 24.609132531126566 72.65436850798764 33.82224213967074 48.67553850845065 42.481413955189375 63.81740683289222 98.37304991384798 51.96494647579818 28.175928988612696 56.02141610718888 59.81486834359984 79.4980943682379 90.09980061605033 33.13102422794539 49.29853078150585 142.63860498735028 130.4085718358003 119.439053570155 110.10743554554075 102.86046443245303 98.16094366377523 96.3822313289592 97.68401152887954 101.94834789306302 108.82753835687822 133.38897316766761 120.27026841977396 108.33252931381874 98.00824704544127 89.85530708110257 84.50453285588758 82.50294586792174 84.0900482924702 89.07421909811427 96.932847554 125.04243285925074 110.98562930713824 97.97295678219702 86.47705510605476 77.1787037380981 70.9472621996522 68.62336459854747 70.59397124658881 76.52804607580634 85.60528808476317 117.79124780589261 102.7863985396153 88.62284276003153 75.77381910948888 65.02333377915816 57.55949165032787 54.74353927574603 57.265294690369274 64.50171881137942 75.1021194990473 111.84877064311658 95.95136280649638 80.63427278821185 66.3009295981262 53.744264596975555 44.494764666060654 40.86352386302611 44.25580726348689 53.34820301360854 65.81937744423665 107.43248041404745 90.78926302776631 74.44697937646436 58.6576953133604 44.02053753402693 32.1496540302066 26.983380217062177 31.95802537431386 43.74057598971373 58.34269975041166 104.73568149599544 87.59644005947817 70.5366741741829 53.63227811530146 37.09626487879176 21.78433473689116 13.10321990041306 21.622771872475543 36.90673265134867 53.435777587660006 103.89240142469474 86.59105194787783 69.28999265490444 51.98951324854492 34.69048132487569 17.397215360793002 0.7812241004651833 17.241552160629645 34.53470040043127 51.83371049437163 104.94734227973522 87.84824807666534 70.84770480604121 54.03880466889115 37.67890777924304 22.757862827652755 14.657868098340058 22.594212125193337 37.48141264132029 53.8323946455181 107.84479847962186 91.27456604133093 75.03533735838518 59.39921631282471 44.99935048852471 33.471268126265215 28.538038394165913 33.274961767385356 44.70722677231323 59.06740869973617
38.11130198006975 28.20282601326376 61.909093538363265 49.11935390844949 54.23203639899714 0.0 30.624953303208432 33.76584061460993 17.850127407060807 38.58537639346254 58.50580375244124 47.42146242174605 55.21899844253167 47.86841732568047 19.84719878000741 21.78758916238937 19.79009021274268 13.601770418864069 44.140273569897204 46.03670946940732 31.855216195843578 35.27340759992391 68.75009700722921 62.08821884821031 37.76368972869396 33.57240104596394 21.54227466374806 35.79419452681522 37.30431648746725 29.26965597844591 58.28990207545379 56.128811532008505 53.507153224424215 36.09000933275143 10.133312987315545 15.661243395366055 26.405444794635848 36.832542957317735 26.246335364264667 44.27725080353341 100.25946949926977 85.08471162224849 70.89117733300404 58.39874861622528 48.92823929838086 44.45486819744266 46.44568824786467 54.192919758211325 65.69054035159249 79.32418027297238 94.79208661496115 78.59942320711987 62.999270115888926 48.565994325723125 36.70303308580956 30.5659701913052 33.46869422277616 43.64329863123935 57.34135157994029 72.59499121641741 91.19697441375232 74.24472548274761 57.501153504217534 41.221333301741474 26.281671495595376 16.762054367421253 21.67761401124416 35.462426657128916 51.41945869203074 68.03712245906281 89.69958836196463 72.40612874201001 55.11798598678753 37.84244775133773 20.611232304833653 4.038380266080343 14.370375985396665 31.550284776660586 48.81646039763124 66.10133670929946 90.40424539879504 73.27330919283389 56.247142661275966 39.46159194214002 23.439419430280882 11.845188534862693 18.16379814917186 33.44026911613764 50.0528979929149 67.01527109534811 93.26103489657298 76.75459944372176 60.69288991747804 45.548827453140355 32.62629190206161 25.553172197096497 28.985595397307808 40.3246242000918 54.86981263260084 70.66843570411893 98.0820461930066 82.51976787799626 67.80591724215283 54.63038305564908 44.38491984931981 39.42422459347143 41.680017719954236 50.188487594612354 62.44398061010161 76.67022341973868 104.59596488002266 90.13154476208706 76.84903729775661 65.47177549649564 57.14920752413487 53.331136643161045 54.96442514723416 61.617088611484775 71.90926829772508 84.52171203929117 112.50904858416774 99.16551586280134 87.22387571222244 77.33628441797987 70.37392071387707 67.25152772747407 68.49626765584301 73.88775825474201 82.61812387668073 93.7592630168138 121.5482359601875 109.26939249987699 98.51044559213622 89.81924585607086 83.84132181680752 81.17831511309308 82.15322104535267 86.64332573555006 94.1470198335003 104.01412440016342
66.48331788629905 39.870415339104504 85.60780628167342 23.185432928047184 80.94946145851273 30.624953303208432 0.0 58.809331559322814 34.201581215787655 42.114722551814666 54.475173215872914 17.113046412363413 84.24370794855894 78.3823822353717 14.684012835023722 34.17420512299947 29.73875326560886 44.10796535067315 71.30846728262209 74.94255506152201 62.25339368126604 44.611510144756124 88.43085239966149 44.689220614467494 64.57659640529847 63.3763854515367 9.083691531648789 53.157944039708894 66.38807589220801 43.2740751447073 58.20683032869452 28.459254343268853 82.79395177166315 66.54576796811135 25.11317960008182 21.245931924808627 8.897197975864716 30.815479527226024 56.688825243205685 73.49427231080932 70.4490301137833 54.712983307220625 40.28232342624107 29.16386391988406 26.021273542326647 33.20230014175309 46.112787082753755 61.22986093598811 77.26909438937608 93.75841490239104 66.54123393501904 49.604734969126795 33.049002639309194 17.959853726902722 12.312150205319593 24.069371944735185 40.0723497601025 56.841575375048 73.85695020285664 90.98047274954372 65.51945386643986 48.231837097934516 30.960215810420973 13.764933509310518 4.373260146099038 21.153982896774025 38.40013227568911 55.680902502431266 72.9717015457456 90.2667664635085 67.51486378654897 50.8974812355024 34.95086058776226 21.24344631303836 16.72476195398229 26.586906727084006 41.62597568756138 57.9421469250521 74.70324774949621 91.66553525740753 72.27797741996255 57.03820137753592 43.37413850972868 33.28640030421708 30.55097506910481 36.843571879641715 48.78775029375301 63.25938228636987 78.87942313658705 95.08357597371348 79.31164418924855 65.6864453654132 54.201339768328175 46.471123162117635 44.49774455653178 48.98200874512791 58.45621453855155 70.94874757829943 85.14120315575848 100.31464545921476 88.07345957082289 75.99076590745393 66.2642857605807 60.05007471667007 58.47875017204348 61.90487712620459 69.59425439207106 80.33183378120103 93.06848894513892 107.09332655056366 98.10136205690775 87.36702903075009 78.99877282901143 73.80584176245199 72.47403860131193 75.20876336771047 81.60219192220929 90.88545091793289 102.27463259789508 115.14653090469042 109.04649995249864 99.44790765977136 92.1265998188331 87.655070139824 86.47652351541099 88.7222846219346 94.14762518910186 102.24765884648995 112.44584928080592 124.22653166950667 120.65938708976107 112.00549092612795 105.50088287612387 101.55937457312862 100.48303750450715 102.36229322894916 107.0415868266642 114.17717605325356 123.34349491438073 134.12483710297522
45.22590287800911 25.059910426636986 28.146659101767057 68.90039087322273 22.256494465863476 33.76584061460993 58.809331559322814 0.0 25.057347840513465 35.28328392569133 53.64692006957064 72.8963962117517 54.69623337909634 32.0087969135394 44.27363916184107 26.794370028383206 30.558071754936694 24.728887870542803 52.55435156809082 48.4567866922557 21.632326433897497 27.548188035066392 36.20107308935172 70.25777005301873 7.120091341987123 17.292667237309306 50.69078053256003 15.661228914838473 42.22145066660539 21.656428025982287 49.08417308527356 76.5095083909482 52.266601195642785 23.954075836190523 34.086321245150195 37.61374775086142 57.83412062743055 70.52358485527785 21.21071532576021 45.992986720127796 121.07951039201586 108.41828374258132 97.19817058602936 87.97231487350274 81.42146957028918 78.2206298488224 78.77919690651831 83.02132557860202 90.43009919557268 100.30627539658505 112.3958690858716 98.67315379830093 86.24757736114765 75.76009073726023 68.11190442494585 64.3239079076458 65.07374402147536 70.21618489890581 78.89693600341882 90.09902234555847 104.89474588584385 90.07736077332976 76.31287819886867 64.28126538934654 55.129012573009575 50.448352012597915 51.47393185537176 57.903336232515606 68.22556910216552 80.96518670310304 98.84584015720785 82.98895353314916 67.84202133084075 54.00574474730669 42.77158204935827 36.618344503878646 38.093375215926656 46.47595587406395 58.886593307471216 73.30726039153721 94.52844127404084 77.82104662388586 61.44359647854853 45.75179735814052 31.778129861937522 22.91687754277167 25.282962205337736 36.76933834348803 51.60863754564201 67.6286171612524 92.18621333013442 74.97192467167793 57.80998452208351 40.76655973418353 24.094475203515277 9.893853585108435 14.626899974173641 30.474863865245048 47.351892391048885 64.45463023766722 91.97022084829702 74.7073973234531 57.46809861363193 40.28253906041798 23.270088085575953 7.682740223190722 13.238785693347152 29.83655220367052 46.94558232294092 64.15815617164357 93.89514131448358 77.05409166351038 60.47379810139036 44.44703822153588 29.878251148556075 20.213666463964987 22.87326971239835 35.163793281630156 50.4827691767666 66.77753622825568 97.83466120381378 81.7875166030869 66.3738120268348 52.15818330434282 40.424959617773474 33.861286840581776 35.46412616772446 44.35684676702138 57.23690747481088 71.99517630557067 103.55906931531617 88.52558353839895 74.48341845976141 62.10863781807948 52.59171740391941 47.67596007632916 48.773027185000394 55.52766674595143 66.23094404812056 79.29979007799675
50.34785794253559 10.353050002065029 51.41348113259723 44.512086232216944 47.3104400208525 17.850127407060807 34.201581215787655 25.057347840513465 0.0 21.3905040561881 41.93850514102199 47.83942228020389 65.45198019717593 50.59092455076951 19.52168291689267 4.4480543735852125 5.8831002358342595 21.56641633802051 57.295900698813874 56.95879156984035 35.071135474746825 17.424910666405857 55.16446693290406 50.461571437948756 31.443861603327452 34.05234998294041 26.788348962155194 20.095288027178196 48.564516498641744 11.760065342815839 40.89621387562178 52.116060204524544 63.35498176682567 39.23447120309866 11.470059037119565 13.026581036122684 34.64503230928493 51.62788812210101 30.51906148333496 54.78471574659238 96.99061979050236 83.70641224770223 72.14598987367532 63.26153284616738 58.28976326215752 58.24146928336129 63.12795155417815 71.95071278652303 83.47076825619484 96.7291606265147 89.22911715681445 74.61925815182053 61.42423190514151 50.759659994688725 44.484313416727474 44.49572380954764 50.78965420545826 61.46554116759784 74.66686525743573 89.28030590887812 83.15980029046389 67.27956184383538 52.30904106817895 39.30192604884087 30.85054753124241 30.944796864488406 39.52358664353885 52.58665826525027 67.58186614724418 83.47436681044925 79.17288911355661 62.308070157345966 45.770702831877635 30.105336131377914 17.78813324450626 18.033760006009086 30.540591193904845 46.248797993825214 62.80037671974154 79.6714234293238 77.59011886977434 60.293543541424754 43.00127706358181 25.722011102909658 8.535072994385965 9.098718405519953 26.29523667869453 43.57528952418078 60.8677733452262 78.16443818423271 78.55696311072117 61.52715117174918 44.70679000051979 28.469574561462615 14.867721479771804 15.175456204777491 28.952593368811893 45.22083277943367 62.05084716965354 79.0847925607993 81.98325399952877 65.82651649376623 50.4352736165832 36.78333304144892 27.586601246243973 27.70808114689335 37.05624329594945 50.76714279330954 66.18270636175167 82.3511303447411 87.58076925691186 72.64931790084734 59.02678444768206 47.84459024903346 41.14309168191303 41.1716991806891 47.91836054096893 59.12643557349345 72.76267678836298 87.70167915232064 94.96628099434571 81.36311311758638 69.42634209795541 60.156270902587174 54.92026977141877 54.8852829615381 60.06040035592564 69.28786507837083 81.19768441409916 94.78406412439617 103.7585892203461 91.42871233700585 80.93988373675089 73.08906112785833 68.78551934509508 68.6991646566705 72.84499650219028 80.57234354343622 90.9730856368495 103.24239833336723
71.02174499642608 12.238336291071544 53.13000201628264 40.376748533752284 54.53723846057474 38.58537639346254 42.114722551814666 35.28328392569133 21.3905040561881 0.0 20.710976660920615 49.27494781714893 85.0312042011772 66.39699746402177 30.182748504271576 17.02456856157345 18.981673887345003 42.43406703915064 78.15204961122878 77.02489955520143 52.65153112225247 7.777196179474488 50.849269386777245 35.33819585842597 42.35662458025542 50.10848846581741 38.5368434595464 20.74153765870272 68.95349206573184 14.281528042128663 19.711879949601112 47.37775718779754 82.79519919486357 56.318109074180065 29.74009310895363 26.987580177946764 46.67602392552725 67.60495047620252 49.17965563416695 74.73072722431111 89.53036853824187 79.21034692998569 71.63492531027836 67.73136113475363 68.13371655619542 72.7706031030233 80.91729922381418 91.64250784750524 104.15267864189792 117.88088472795003 79.33029464313056 67.52604241934533 58.52295952605228 53.74762142577773 54.326572288478395 60.105288741831124 69.80411623399256 82.04439762623088 95.8574532856483 110.65585907916106 70.51259232051883 56.96086522047034 45.99739866001735 39.82068842092346 40.6733302691972 48.18359046497186 59.89743743261017 73.84073169859829 88.97140175545148 104.77629993679639 63.654503385913365 48.25576771600442 34.69946562197908 26.042219396818417 27.40532699787452 37.71759781181442 51.89309107763425 67.54168415515453 83.84256541522082 100.47876856424833 59.438364179742365 42.56778512801364 26.264548680224188 12.897662438758946 15.543032771397312 30.25780942865813 46.77816998820195 63.714773293147594 80.80631458287311 97.97173883032144 58.43888325519346 41.16720998851797 23.939274070665473 7.081812655672456 11.221802912976175 28.291680993062734 45.537052263806316 62.813538405403705 80.10100903112435 97.39361504362778 60.814877286550086 44.46109911209903 29.220567416643952 18.15505376137329 20.10180551707401 32.82181262595415 48.46826151297497 64.95987650187598 81.78698507203973 98.77827944523162 66.20388031385016 51.557373607468094 39.14180189314431 31.69711998099711 32.803095162914644 41.7862126421056 54.907567412614725 69.87348015382229 85.72324291457878 102.04584459943055 73.95002859971962 61.14613455210352 51.066588231237596 45.557071007204094 46.27959189800846 52.979790071729056 63.80140522030097 77.02651544918383 91.62015323244391 107.02394356461402 83.3989970740636 72.24150401524452 63.88249773763188 59.51309568149277 60.011165824900324 65.26536535863333 74.27309225203919 85.86100963360933 99.12835186237355 113.48763692670268
91.71888818815724 32.89000781747787 65.03054237706182 43.22464842114443 69.86429626495746 58.50580375244124 54.475173215872914 53.64692006957064 41.93850514102199 20.710976660920615 0.0 55.52617690324168 105.45932533537074 85.54230803375552 46.2617447995325 37.508337026766135 38.723825770888 63.14247063837028 98.86114115519197 97.60653156437135 72.6857913116376 27.147098600695664 58.168431975605685 25.764301882055907 60.39280051369097 69.70804661170838 53.80235437623528 38.034351683138745 89.61334816552699 34.42635927321515 7.630655700074457 48.131412015356474 103.18602553072867 76.1330037326797 48.998545334955374 45.089154022394915 61.16440328073025 83.47796278849667 69.55294703597359 95.28782884055225 83.21268550931809 76.60496817689484 73.55935270597722 74.51390939422095 79.32436017649064 87.35601091468838 97.81859879089244 110.02077529431642 123.4477655654885 137.74185184192189 70.92360812663006 63.10932929242493 59.44840634214516 60.69707495769172 66.57967496999903 76.02807145105169 87.89982079934563 101.34685817898529 115.82179909980667 130.98430802166556 59.49137773373232 49.986687274129864 45.35214833895777 47.04964811401885 54.49059543360378 65.75320652295933 79.22402993755347 93.9580398103404 109.4462568759872 125.40955552398424 49.513328921800365 37.62959839321516 31.29077303409165 33.77790914855583 43.606085393650034 57.10291663099089 72.24060049312911 88.17808400499788 104.55024392702632 121.18102730495588 42.03820653332212 27.10638632227984 17.349747793223777 21.586651330204436 35.066586388476026 50.91227400483637 67.47715173184655 84.33851175714561 101.34848456198606 118.44305922510127 38.550706365354664 21.3304271412202 4.74666711981135 13.740019702544926 30.882988846077414 48.13983199666995 65.42049690447372 82.7100536316338 100.00389039545175 117.30011416302868 40.10501460614077 24.014235121933805 11.986148313308577 17.58877441020205 32.76850912207569 49.36495078368191 66.32295615109645 83.42232093574044 100.59098229421981 117.79864506194788 46.19496482915322 33.163889174613665 25.776398661770575 28.769989988423468 39.87119678503927 54.31779409510591 70.07027608588851 86.41744522486329 103.07675053375095 119.91817449772631 55.342905806885454 44.9939978136457 39.80940024739272 41.75910379296547 50.01562799611687 62.112874919473256 76.24409032992367 91.47141237634442 107.32932099955514 123.57529244272091 66.29469305957896 57.88366953329901 53.89574639264097 55.296321484032134 61.71964249698379 71.83066740595298 84.31295689017456 98.26700376230991 113.1496034734583 128.63887791978158
83.58148358207362 50.92784665201153 98.26324941135452 13.410490161285281 95.14598909998394 47.42146242174605 17.113046412363413 72.8963962117517 47.83942228020389 49.27494781714893 55.52617690324168 0.0 101.35383923204085 94.83716435858321 29.269212072928905 46.59926535857847 42.47063631035607 60.70712609363394 88.30819374699963 92.05265224629892 78.65087823044513 53.95108825571345 99.09430061277435 38.05028235101191 79.17781077094335 79.37563664166916 26.007388936739577 64.6971302835676 83.50098937518185 54.65981351232493 61.04781000924458 14.278708266764314 99.90690620007338 82.97498579884808 40.707819809770726 35.814088034931814 24.58187853586351 42.08856915716254 73.15436468721836 90.60704336606679 53.35083931526 37.67881959205208 24.326665974952338 19.0418420977813 27.05750662781307 41.23514788093111 57.160108624850096 73.7084151004065 90.5389128306305 107.51916507196245 50.06857385344992 32.89066375742709 15.982581941017498 5.272909729098231 19.971923215704344 36.995477362362365 54.19563139235171 71.44495130638461 88.71476292441402 105.9950505575694 50.69018211718408 33.825165533122885 17.81859332635725 9.464454418390837 21.456064673354096 37.81352548515508 54.75468831508463 71.86795015761295 89.05415100787322 106.2779118542405 55.08365084066218 40.08404594799805 27.89200277710803 23.407431042919924 30.274787644173372 43.40424674522697 58.73674687847579 74.93192351658251 91.53300945314953 108.35359434166786 62.457966278212425 49.6946266123118 40.45764452905153 37.45387579107227 42.04130524799209 52.25759855140244 65.52059668472305 80.33521828896984 95.98569023066025 112.12254405022117 71.90166275178483 61.095049245672826 53.79648265697133 51.51910925444353 54.89149532204764 63.01297062647358 74.3430779810462 87.64617839962807 102.15435624576595 117.42177387147446 82.70879752455546 73.45651850978936 67.45122309451179 65.5909090060065 68.21553821158652 74.85482232066856 84.5684436271825 96.43179637323318 109.74995902935953 124.05526237319881 94.41219203344943 86.36722411587442 81.26263104300772 79.66564763105396 81.78201530220694 87.34221801152216 95.74816172142424 106.32704408567055 118.4983229392202 131.82164912647934 106.7172434042838 99.61369124670176 95.16236298051086 93.74184536748997 95.4874977078734 100.23403246761994 107.58499296432308 117.05071788374933 128.16349246847847 140.53313290403227 119.43799249924928 113.07782816452257 109.11651038603547 107.81876878358557 109.27953793877116 113.39225885816069 119.88430994933042 128.39527880911726 138.553613857949 150.02505340235294
17.87091984269802 72.81879757258145 68.00118117307701 104.31605535576296 54.348663891156804 55.21899844253167 84.24370794855894 54.69623337909634 65.45198019717593 85.0312042011772 105.45932533537074 101.35383923204085 0.0 27.10005520324074 75.06611266658098 69.7080466117098 70.55344283185306 44.313281455820466 15.402957803301287 9.30118991867208 33.32351905275788 78.33586848442052 82.25093859606363 115.61224327840142 50.046287320803415 37.412758095743115 75.53636773320201 69.40820357855544 17.950657120241154 71.03298324423945 102.26027850612974 111.21379778563123 2.463345177275873 30.776752228642195 64.5112248813768 70.33628584440591 77.54637685051172 73.1574406889378 35.90750063345592 10.950457216416803 154.68781857763767 138.79118795886097 123.27353185161627 108.29787909920886 94.1232954280685 81.17053671249678 70.12000058200204 61.99733943312685 58.04500732937862 59.10560733924228 149.91164502993945 133.47226679418023 117.28126335234411 101.45761433722639 86.20385330100265 71.8836920630159 59.178797632454774 49.35280172326355 44.361830787840354 45.81428890648401 146.32382349302608 129.44836942638207 112.70230007813714 96.15324024212931 79.92366261488172 64.2561059602991 49.685123843782904 37.51113142021537 30.728935881125224 32.8657738578855 144.01325112404027 126.84286383281763 109.71380931708948 92.64901536465003 75.69195720070854 58.935701959082316 42.61776378080288 27.528945815199567 17.26627259959235 20.90736054704742 143.04186968679403 125.74398945121246 108.44740128428936 91.15284071340639 73.8617320236355 56.57724019020883 39.308094842558084 22.090316778293985 5.436122991833956 13.032050245555162 143.43690347636834 126.19112755287117 108.9631547565408 91.7630129366494 74.60995254807192 57.546090419387035 40.68381807569123 24.44394835566575 11.770862184124264 16.68270988922858 145.18719385730307 128.16809218677383 111.23627594902908 94.43870476087262 77.8623109380008 61.68565968016091 46.32939017177589 32.96080725939411 25.002557363483568 27.614336354007232 148.24472055313353 131.60593145826883 115.16271797674007 99.01256699298776 83.32605611389461 68.42281218175039 54.94394617053241 44.21198490690452 38.59104031752049 40.280808966105475 152.5308497601009 136.3941782021744 120.58102612821209 105.23733260174673 90.60192481892767 77.07932074039671 65.36386530910069 56.58929570289646 52.25860872575821 53.462849546336585 157.94553369612595 142.39660583385313 127.3007754716118 112.84003661566265 99.2922586961329 87.08457818088979 76.85822808126119 69.49347478630233 65.95597925449171 66.85605214582365
28.0412926479616 54.92849307261927 40.906095358403604 94.30495963579506 27.253435003782606 47.86841732568047 78.3823822353717 32.0087969135394 50.59092455076951 66.39699746402177 85.54230803375552 94.83716435858321 27.10005520324074 0.0 65.8609672760733 54.06624930892555 56.417220437365934 34.290219945215505 33.03239455067857 25.216055676824524 16.191933665396665 58.88738934884226 55.25709958647526 100.25799199571155 25.79435389063337 16.61306729976345 69.31365522707866 47.66160687553831 24.821067053947836 52.174374166260336 81.09136287112979 101.78243367999082 24.729383700799147 11.862446061583082 54.32942697784904 59.73416207679373 74.03588920588551 77.75467017785142 21.69956232303551 23.242951589466795 146.65315678237872 132.2649518849867 118.6573673286097 106.13109048663769 95.1143003839668 86.18779571925948 80.0538965234731 77.37958898033406 78.51916617992148 83.3162790156489 139.63306306467726 124.47278061947611 109.94656750742217 96.34166324104092 84.1063506749051 73.92384020392804 66.74042145732467 63.580872449693175 65.0343340556721 70.81734003806186 133.72234820819483 117.83527843889672 102.4077181625535 87.68255296344462 74.07982795529209 62.3386973445868 53.6945707179168 49.787569973740894 51.70298622511698 58.87526566115399 129.07359872389316 112.55700680327477 96.31652476540705 80.51939750686007 65.48725888776984 51.8892671784915 41.171814266899965 36.006218932540804 38.68442301127876 47.90854449582015 125.82683436943543 108.83598386619386 91.96119684845804 75.28056371036061 58.95910467802534 43.40391666090938 29.838484274594702 22.259413993911853 26.44502002566471 38.75445603045718 124.09219699504882 106.83510417755912 89.59530613150561 72.3851610730753 55.23239514061716 38.21435161020779 21.65107691635192 8.71291345764838 16.786120958633738 32.95976515980077 123.93322163802928 106.65125539970992 89.37701374064264 72.11604777141777 54.88088520843095 37.70692549749205 20.746719109501665 6.144422777461747 15.6139348933195 32.381313261849364 125.35590542248092 108.29369477862843 91.32172469262983 74.50169286963504 57.96601459192796 42.05148300080641 27.844341708078357 19.51920273620968 24.19510184887124 37.26282865285994 128.3076266891061 111.68185424182262 95.2970842895798 79.30283846359467 63.992611369617656 49.99876637250368 38.773794953230514 33.25125439536241 36.146823790799736 45.893877902814076 132.68633998270644 116.663688826922 101.06369543941778 86.11636054704917 72.2280232665755 60.13692633889271 51.13428641838048 47.02853771048908 49.06479638745207 56.58381308785818
57.88058762682042 25.727035188994037 70.92382615493506 29.30558389692019 66.48358934852612 19.84719878000741 14.684012835023722 44.27363916184107 19.52168291689267 30.182748504271576 46.2617447995325 29.269212072928905 75.06611266658098 65.8609672760733 0.0 19.651737560580088 15.205876879577337 32.16489109218353 63.67504609245044 65.87922055580444 49.67758568663396 31.16790059081187 73.98934228854777 43.85665292274433 50.23725281256426 50.15934000028544 8.429581377520268 38.66823529524583 57.14848624249845 28.934924970301754 48.41520276104325 36.43941679382762 73.34497482484248 54.01382247333911 11.53388480947326 6.671691352326897 16.690208700426474 37.620074798773835 44.28307505235754 64.12342393228546 80.97609810779136 66.41594650909714 53.51386133806044 43.76179473821906 39.56212735652006 42.59031676480186 51.58889572523537 64.09055438189257 78.43781026076793 93.78745606194609 75.02294921769706 59.04779373327947 44.08572762004776 31.609669634997868 25.563674398090303 30.108837285647272 41.93200587035893 56.64586966019006 72.51156033619947 88.91461417978313 71.41152275783423 54.40794523421704 37.67700064890339 21.854088918707056 11.591332034038611 19.744105587982723 35.270573909470734 51.931782307367214 68.90950293398821 86.01652240621168 70.50265263638309 53.214971124357135 35.94100511106075 18.71876381198287 2.7824382352184833 16.242086689998505 33.445214473623416 50.71560840565891 68.00203728090538 85.29475239648681 72.39820500424192 55.69084054589073 39.49875466631792 24.850468532875496 16.542436914206057 22.98849535018921 37.175285937242116 53.237628771379576 69.89421017865003 86.80361963871293 76.89102610578708 61.39324359270772 47.16714802016482 35.76392562679131 30.530082386452612 34.40672194828448 45.10286166460311 59.02052842710249 74.37261896421117 90.43151639548812 83.5631730109773 69.53276584797703 57.31937747493741 48.3210141320105 44.531265920198834 47.22129548494687 55.456034073723245 67.22794469639877 81.00941455094323 95.9383020922451 91.94132248027549 79.36296363459174 68.86544841092673 61.523302443854796 58.53614501574425 60.55196589720398 67.12151403010829 77.08924366082844 89.32470039855491 103.02305317080601 101.60422041465891 90.33345369345578 81.21290447980658 75.03083766055879 72.54243650740234 74.12065391843144 79.52374066014745 88.05036665499098 98.89588745453433 111.38498009197602 112.22036215669392 102.07711547408978 94.04648914976539 88.70413483491144 86.54930242413428 87.81695030810542 92.36627398929791 99.74927156403793 109.3937044878379 120.75895321665587
