0.0 23.58398809395151 28.625119875652608 24.790374146246453 29.67376065478324 37.40424915438006 8.312474163597777 18.163831508322396 49.61472215323744 33.43721351898325 16.78353685082349 48.95388979717616 16.949190308476833 34.97680144335509 41.372942966373955 45.35109015326038 40.992399575047266 40.55240060906563 24.595909675358467 30.651428954914934 47.80131008804989 18.780578154740805 2.0077984691035016 29.465478059038567 30.595292991787673 50.34699640237569 27.99085441466212 10.416651359015576 46.8519569777137 31.995713162810862 2.8452263923140793 42.86162850743971 19.476766605184263 46.26602859780424 39.4172716831387 50.5844379967853 30.658687621896828 44.544790374723405 23.85782751546735 44.977259484823996 87.00321271829941 61.465840871734294 48.79905643088448 58.13307120197617 82.29439695446176 74.76850972585554 42.6262861410411 20.940783648278337 38.142869525234545 69.75734009792916 72.1287082330778 37.85211483633789 7.60710529829249 32.82996971814383 67.02685416755024 80.03900738473821 51.238838857935185 35.20546402835123 47.41583040811898 75.17930190410483 95.92360344657624 73.44957394907307 63.111951280946336 70.47108018774748 91.34552073069325
23.58398809395151 0.0 21.212921300040882 44.41885112223347 10.652200005227884 37.02939852389089 28.425316503333963 13.529364971158824 63.06720597071118 51.435523518827985 34.07278705656413 62.333517928940935 7.427345654410163 39.44023853316953 57.629837183171375 58.88717287531635 52.817455269701796 61.89410508978392 7.193675763180517 50.99407159989268 52.11253030942568 26.680623369788748 21.66336748627482 51.88724738324371 14.157346531501668 64.9915730023005 32.27374966905216 25.056841657444508 62.874992517536526 34.1318115337321 25.396450958378338 57.07164978660324 4.35399934586719 50.86545503639065 40.88376910617235 60.48994664494053 48.66877218753542 65.50558878469457 10.836058818577014 56.24852496994459 89.28542947496325 71.72421803017204 68.6411184266004 81.69214758689117 105.02559195646549 70.08254693794689 45.95798744033075 41.322309325936445 60.809154745165614 89.90437568515271 58.72608291664265 25.744055335605548 16.480646194925324 47.70030142862287 81.69380366470665 59.862673760243005 28.218890463074107 20.09778548280693 49.05492143285521 82.48453664339094 72.91033106498442 50.12760859363168 45.87432282046218 63.96049897335738 92.04484204240295
28.625119875652608 21.212921300040882 0.0 36.73966705971476 31.652145452477136 56.599847331745444 27.09170056817432 31.57405147026074 46.83415153845828 61.997317834672494 44.81669924161595 76.54106326292465 23.838614093890357 20.298288845297293 69.70804661170838 72.93919228556442 67.80242122079824 68.58951771721819 14.192026380871257 59.179940768279785 31.791554941593656 42.08681962632687 27.76940050589239 47.323245953609884 35.34012754972862 78.36553279179306 14.775389053393104 36.47151590946075 48.74346573618051 52.7260439221274 31.45459346881499 70.64338121158933 22.153232346754297 30.707103685350045 60.040630645950074 76.70523623991383 38.29174974361103 72.71175506511021 10.380440413718397 71.63058358244031 68.09682951981317 53.02515620150322 58.145996661041856 79.65580583288032 108.1847429823862 49.62967734146414 25.64265617993594 35.31047665147595 65.04580470043842 98.03023339228788 43.50550244744343 9.612706311908624 26.209418025894028 60.63264100345381 95.18694662621884 54.09327424037666 33.410693365082054 41.246824678240195 68.4190080506338 100.27888501734508 74.5862365751399 61.06634249169476 65.49711766785725 85.12008810204026 112.23087414045791
24.790374146246453 44.41885112223347 36.73966705971476 0.0 52.897906046479235 60.89323211176432 16.929445106579415 42.73109759306669 27.419966036557696 44.52245086040032 34.87027226681203 62.877599589818544 39.64965858160535 27.3785091534901 53.13142045587816 59.61839510524449 57.557325793768825 42.99476968797366 41.95425966587837 38.34864322977683 35.61543908778277 42.06941296893723 26.54062592553281 11.533375942934065 54.536136745130506 62.67688233959343 25.089210537911217 33.53099862985525 22.905894841139524 55.201061976998446 25.426035248388455 56.801805271003644 41.258827080392855 34.16591501757398 62.17856060192047 67.50918674932385 6.585253159482972 47.16863190246467 39.09086681739191 61.44334898682335 71.82642308415672 40.98262748580968 24.391786017340674 43.64843023081315 74.90163192471589 67.59700097716383 33.095480889882026 4.015137094852329 36.49364263516695 71.00918768728266 74.65244587563608 45.71352796592831 31.64333065080917 48.038618653951296 77.51743133869223 90.38737251390123 68.28444997802019 59.58556641338119 69.51904745276732 92.25042444199737 111.17497227991012 93.88440647542087 87.5408064874854 94.37800340577344 112.00770489808825
29.67376065478324 10.652200005227884 31.652145452477136 52.897906046479235 0.0 30.03778404629044 36.18262909829607 13.167556921040173 73.20351807350332 51.426179234458374 35.358457793508464 59.33487846436956 13.248808979869713 50.07485370723286 56.317454536584265 56.12595309598884 49.591123737060805 63.67088678851438 17.461056446113798 52.45697380308209 62.762977995139295 25.392106161795695 27.66852635346038 59.07915939624339 4.023412278015477 62.5083954347636 42.856917002906044 27.28222238029888 72.56515671513031 28.561867427233157 30.669739396452147 54.73456747366665 12.006878988690987 61.517640712100075 34.23396468105594 55.98274546007393 57.71620682899861 66.86362130288724 21.34962523890246 52.56420873124434 99.74111413424137 82.24052505839312 77.2881342044021 87.05254178024714 107.59912632008312 79.7250744601327 56.60642899090401 49.470144419271485 63.91486255411063 90.09845282622892 66.02428016658705 35.010605223635196 22.070910370947978 46.2963647710168 78.70468472212428 62.910715433397755 28.774664950854035 9.646659207184026 41.868701780994215 76.2087383960482 71.77581806786417 44.8444777679508 35.568478808082325 53.98181689059978 83.41334902854204
37.40424915438006 37.02939852389089 56.599847331745444 60.89323211176432 30.03778404629044 0.0 45.643025596962175 25.042619534707192 86.94177023051158 34.170476712092345 27.727135988705676 33.529190769142474 32.76193967897163 70.36294098391521 34.71673422702236 31.144619872906436 24.43667398505662 49.01076005761361 43.923607307659346 39.02294313640501 83.58964613611312 18.86315236679192 36.273583253771356 61.52270217229994 26.347966969333434 37.486402150253966 62.856086690386434 27.477097893925833 83.66964179300666 5.779528012705715 35.90318301721531 30.89173334465651 34.705820257573315 82.12156255940545 4.312916473684841 27.692054173011233 67.2537535263399 50.631080717796195 46.77372241315686 26.021373856499665 122.57677994922716 98.83588898766955 83.10673180606517 80.2474594285617 91.4730046096444 106.2292833739954 77.86209116580073 56.87839248772261 52.939583691691666 69.02788718570753 95.53361948785715 62.64464219697819 33.41965041196258 26.537482280262843 51.83093663427127 92.4728392087961 57.915400845175604 23.495009095455686 12.028773144357633 46.17598345403256 97.76683598508866 65.97018548560233 39.25062216416847 33.525991721158576 55.697465965013755
8.312474163597777 28.425316503333963 27.09170056817432 16.929445106579415 36.18262909829607 45.643025596962175 0.0 25.829742830339512 41.32155020722495 37.6179383612091 22.871699168896985 54.507906199344355 22.96359226330513 28.627506398790253 46.04521522681465 50.960400860888036 47.290855014103194 41.927432015447124 27.394293212267186 33.43722479737684 40.89750502489129 26.89809738155487 9.81390824727103 23.48474458069325 37.65539743502374 55.396254136277186 22.3704012343561 18.342664975671365 38.580675022493544 40.16818053984727 9.86849633878143 48.31532338592213 24.865315706074938 39.34348314466511 47.52150302380943 57.12279115975788 22.496790855430405 46.1324677286104 25.45201118540047 51.30294812497129 79.9063279955011 53.34754683768224 41.2519237422545 54.335095754182746 81.22625811721693 69.5129781294365 36.156000742617614 13.315765033797806 37.97648949900022 71.42806772098848 69.80031918189873 36.700397447638245 14.717471323838277 38.48556776250612 71.69744810148548 80.65426371088343 54.45132532274263 42.6567936455196 55.39924096310791 81.93514749165276 98.64602325822916 78.49360872321638 70.61311257256416 78.77774480254841 99.09798603495537
18.163831508322396 13.529364971158824 31.57405147026074 42.73109759306669 13.167556921040173 25.042619534707192 25.829742830339512 0.0 65.85944002352238 38.9236592899254 22.309625603478132 48.85004676414269 7.77232250195642 46.16340539948612 44.54576463838106 45.429859715870904 39.29979807008972 50.63964791031432 19.57089928323316 39.46066569334328 59.38334738438807 13.341100888957769 16.273897150673353 47.434659350132414 12.900147118366574 51.596494475411944 38.61435186904103 14.124403981753398 64.03814866487377 21.278647217070393 18.488192612528103 43.68721159938872 10.134253444639777 57.9700855320298 28.48403663355552 47.01209890858697 48.258559223036336 53.93672826263365 21.959990986525273 42.71920594290024 98.01574493345572 76.4536280179535 66.91782036244916 74.19972096245104 94.48793024905746 81.20079444459247 53.47260417708076 38.98582284275291 50.74735436029968 77.62421125331153 71.91484394666499 38.08614722364557 11.145244816135483 34.535929043758095 68.23559444328147 73.08689900580194 40.23609884470246 17.059931302280415 36.85088362240411 69.42465522652336 84.28172627515437 58.00411073626353 44.94840497181039 55.417110408796646 80.7252619168681
49.61472215323744 63.06720597071118 46.83415153845828 27.419966036557696 73.20351807350332 86.94177023051158 41.32155020722495 65.85944002352238 0.0 71.59446029404252 62.05898301865324 90.03462379114455 60.6975801209309 27.241542991341365 80.1049701547545 86.85261393219838 84.96887962419387 67.96803536170441 58.074243914551815 65.09767502875852 23.1376644443242 68.12805526063771 50.939726844047215 33.81834633795427 75.80431829634989 89.57514413737692 32.162589587040166 59.51476192052865 7.84963365773612 81.40887265870431 51.04789440537099 84.02749614172221 61.24104002478198 22.68582611040859 88.65850884225392 94.91290311147887 20.88335215624574 71.86905451520036 54.225145333466116 88.84248398719893 47.91014800978323 14.126392418223237 22.328937472488427 56.50187377430507 91.00107602006285 52.71580187709549 26.051680045393038 31.19725490931743 60.520176879982166 93.5251801390667 69.74520420506285 52.392621262690525 54.958019760460324 75.43596641599484 103.70916083364578 92.47473476480269 79.98954262994572 81.48502696549481 96.31212092872104 119.61175519839091 117.64478165120462 107.88188682656612 108.77195418954612 120.07832522229218 139.28711358005248
33.43721351898325 51.435523518827985 61.997317834672494 44.52245086040032 51.426179234458374 34.170476712092345 37.6179383612091 38.9236592899254 71.59446029404252 0.0 17.617091754763234 18.456909502344775 44.10324370040231 66.05121570252092 8.662237116345088 15.429345272671874 15.683800197673907 14.87936422352309 55.414288833284466 7.1512351202047855 77.63432401888653 26.041356307795375 34.23354144796491 38.92382781178566 49.63569160039536 18.230349582182992 59.987241735243714 26.673638669993117 65.8404217407896 29.721261331420937 30.59252196683726 12.616478061145685 47.20824779755349 76.08314742201148 32.193913975044524 24.635108303026957 50.83585710629826 16.607232531032867 55.91316024105266 18.775697710638838 115.76925443519546 85.42857060210713 59.90301189696677 47.68134595143886 57.90907034252672 107.12869865246533 73.41516865862516 41.20512683429887 20.01960389281425 38.71115055198027 105.4875281877084 71.02151696597696 36.815029348342044 7.8415651822613555 34.09526577002271 111.1562947585825 79.12564192051124 50.60476579843257 35.43511255661069 48.428110130442455 123.1291900474158 95.07970873670071 72.89911338187014 63.11249163063948 71.04131627705631
16.78353685082349 34.07278705656413 44.81669924161595 34.87027226681203 35.358457793508464 27.727135988705676 22.871699168896985 22.309625603478132 62.05898301865324 17.617091754763234 0.0 32.170612790602895 26.673527055680953 51.30356298624601 24.903472206600796 28.568702598933008 24.44839751961683 28.331232666561224 37.805818303718766 17.15842868258471 63.76263041638318 11.424559848857138 17.173843721440857 33.934834098276504 34.27885244197835 33.63784896386159 44.57993012669184 9.087584556399879 57.72819975832626 21.98200644180925 14.024103251272352 26.084250562297417 29.782666463390193 62.2096743344999 28.086850622533895 34.2514032859233 41.442878262044005 31.66401731733615 38.32339526729164 28.458631777682754 102.76302618031185 75.05352849238626 55.68326032432274 54.433625404169966 72.25105135647374 91.5251882276012 58.9043085823752 30.94216773419122 28.982073838114175 55.833199345752014 88.19219523737584 53.63045255690608 19.220868134707185 16.047189535023097 50.40274795903745 93.6124110504599 62.06923422373956 36.561337979773675 34.86700871030843 59.072162832799044 106.45686578664181 79.99221641537264 62.12270930054574 60.94664261646114 77.23044343571446
48.95388979717616 62.333517928940935 76.54106326292465 62.877599589818544 59.33487846436956 33.529190769142474 54.507906199344355 48.85004676414269 90.03462379114455 18.456909502344775 32.170612790602895 0.0 55.60744768709894 83.13448977485804 10.275005568859529 3.6098248797929764 9.750356512256799 27.82160059731264 67.64598033563816 25.271880517509963 95.19056835426079 35.700485301392234 49.25988205615347 57.29376286371761 56.519383348941275 4.275597919833546 76.62995910487335 40.06971453348354 84.29083931252455 31.82683633144702 46.1875389537333 6.204465342164518 58.53944228544708 93.63397786289667 29.78350519366423 9.375641548014698 69.24321722858122 26.57935348254802 68.99955741507434 7.539084772004455 133.72300624754968 103.83152445374711 77.94173481670511 61.34841538805135 62.0252174935389 123.67247627874137 90.65219835329879 59.460873587475234 35.329939913953524 36.81913315577414 119.4937594107426 84.91787284261864 50.38041099069119 16.130114337942604 19.41724643235063 121.7929890708633 88.09492401955376 55.52245148061331 28.277431434555975 30.1881958489169 130.2273799303486 99.33177205454548 71.89738833283835 53.539434201920706 54.39219279821345
16.949190308476833 7.427345654410163 23.838614093890357 39.64965858160535 13.248808979869713 32.76193967897163 22.96359226330513 7.77232250195642 60.6975801209309 44.10324370040231 26.673527055680953 55.60744768709894 0.0 39.33621538835523 50.48712307989107 52.10801372112834 46.239128533300274 54.473390982426906 12.108516475463336 43.567057108442874 52.464689073262974 19.926402465175656 14.956669417202505 46.06573163429436 15.197267901151426 58.09761677142816 31.832692858970756 17.637101290595027 59.63149184617657 29.041867879434438 18.431494698744427 50.17955391242954 3.1096111206705097 51.0968744844358 36.25232351499804 54.34885000107502 44.53576253937835 58.078307743556124 14.212394215675987 49.8070436114155 90.7644829363954 70.51456167394078 64.04053127674221 74.99900051212795 97.68973693124495 73.46746530805851 46.45069479979776 36.23112949748554 53.502818157928914 82.50598442251372 64.43227434140498 30.383517152591082 9.468444904602157 40.632474449204146 74.88122399777119 67.08510329656026 35.620883572163514 20.787738212045273 44.61232144720335 77.0923786190806 80.27532530583508 56.5218093777915 48.37469268269223 62.292180277766946 88.40435186961656
34.97680144335509 39.44023853316953 20.298288845297293 27.3785091534901 50.07485370723286 70.36294098391521 28.627506398790253 46.16340539948612 27.241542991341365 66.05121570252092 51.30356298624601 83.13448977485804 39.33621538835523 0.0 74.5726943480361 79.583230928982 75.74582501144648 68.3111842427359 33.26179390587195 61.2846428206123 13.240540652071934 52.9658693439634 35.32650411969614 38.86398635776324 53.332508692613715 83.98239098314271 7.549741449824884 45.21454678394714 30.58983981774704 65.54041255782249 37.487318011732015 76.94277639940087 38.8467564282992 11.807679728820508 73.09983079762229 85.47023997906118 25.387781358798257 72.57748118725512 29.23011298386419 79.7529071074941 52.31044866550341 32.77721417836733 42.51050072559554 70.24794479113895 102.26064245341416 41.3666302761846 7.653006943468654 28.298286963879182 62.75246361573477 97.31292026000408 47.86085319172133 25.153810873504284 37.00824202476782 67.09209042105263 100.13955291997185 66.89349381482636 52.884307676539294 59.27529706260095 81.39515983564654 110.14346828206408 90.90274115450752 80.93548149854612 85.04423940176314 101.53432827676316 125.62103188198925
41.372942966373955 57.629837183171375 69.70804661170838 53.13142045587816 56.317454536584265 34.71673422702236 46.04521522681465 44.54576463838106 80.1049701547545 8.662237116345088 24.903472206600796 10.275005568859529 50.48712307989107 74.5726943480361 0.0 7.949048997095725 11.499867807410212 18.30217084770269 62.19485927653068 15.09472212862285 86.25578607387358 31.234026778623846 41.985542886468025 47.119364706429494 54.04669745777045 9.569482569547663 68.38791632462464 33.63881512685675 74.21197924328854 31.39195188081999 38.53627059610544 5.613687769896401 53.54913266694499 84.70330700013082 31.815910283640964 18.01556412304679 59.4027573089562 17.9568309492885 63.0413853351907 13.012478710914657 124.43136165857773 93.98797531411898 67.66918040273364 52.14690004751837 57.046324414102024 115.54154487472802 81.97587510178641 49.850607138492315 25.39616885704628 34.63655843932425 113.0936136680846 78.52075043938571 43.99664930285781 10.037736471060446 25.70333169690633 117.49104842466863 84.6768201704433 54.138858956104045 32.965178376937075 40.462633176768556 128.03020515665395 98.66079842805878 73.96592636808882 60.0229021827252 64.25982194633599
45.35109015326038 58.88717287531635 72.93919228556442 59.61839510524449 56.12595309598884 31.144619872906436 50.960400860888036 45.429859715870904 86.85261393219838 15.429345272671874 28.568702598933008 3.6098248797929764 52.10801372112834 79.583230928982 7.949048997095725 0.0 6.7944884327882065 26.167419482334918 64.12688308234846 22.433649083366678 91.68643559208363 32.22493928873668 45.650808657443974 54.35316325444305 53.40039905122422 6.474823796678788 73.05132004922682 36.4677139290236 81.22296553410513 29.00868616405343 42.5884430414573 2.827754218802513 55.056803581598516 90.12964421413913 27.61110913425146 10.117342007878571 66.0238042699453 25.44697414856548 65.44020702323797 5.961277579832774 130.28183045272567 100.59473554674926 75.23319132630417 59.96292288860511 62.656667272603244 120.07947571875602 87.11210786605889 56.14974312333976 33.34521611217161 38.286403480869694 115.91886709320859 81.33666880444042 46.786513229143075 12.536192882852822 22.80764406451577 118.43868236208169 84.85729135806811 52.61787948201173 27.043770333194512 32.998980511702435 127.24252351196384 96.663355330955 69.94104974501624 53.24000675051547 56.320936630947955
40.992399575047266 52.817455269701796 67.80242122079824 57.557325793768825 49.591123737060805 24.43667398505662 47.290855014103194 39.29979807008972 84.96887962419387 15.683800197673907 24.44839751961683 9.750356512256799 46.239128533300274 75.74582501144648 11.499867807410212 6.7944884327882065 0.0 29.11675220351868 58.32714104245064 22.74217465855146 88.18790935948986 26.318344128909832 41.0556226811615 53.538649993506425 46.77053402609457 13.258251073290259 68.95090626729801 31.483344944403665 79.78997945679932 22.220447081802117 38.33718981664092 6.609143113671113 49.11577721802979 86.6335156932692 21.044001000572507 9.974299537643885 64.087867096169 29.30755537623163 59.867063352296384 4.012095509617755 127.10814460525475 98.44764156523696 74.9811546457154 62.82664000890663 68.31528057056771 115.70034542826698 83.35166438517393 53.88191322709821 35.409769624662566 44.71323732121335 110.41504718964045 75.91707778312616 41.5953862966142 9.581389880226041 29.125303633822657 112.1217513317055 78.35633029018177 45.85834743361838 21.473418926962626 34.84355851357154 120.52369714042918 89.86886943735928 63.4166749220803 48.59778253058775 55.64731009534005
40.55240060906563 61.89410508978392 68.58951771721819 42.99476968797366 63.67088678851438 49.01076005761361 41.927432015447124 50.63964791031432 67.96803536170441 14.87936422352309 28.331232666561224 27.82160059731264 54.473390982426906 68.3111842427359 18.30217084770269 26.167419482334918 29.11675220351868 0.0 64.65636386543765 11.23364099715502 78.34679341718117 38.84757221765536 41.92843385208433 34.15860109416858 62.41093767945295 25.332896594900113 63.417166860137705 36.963774454628826 61.20649150270631 44.39723316275472 37.91957323897562 23.906707571643793 57.54456606235472 76.84979043691365 47.06905963130048 36.281526307093934 48.4065111797897 4.267839588471826 64.3497233742196 31.243710324497094 114.57819675492895 82.09300176404402 52.39457267328781 33.85194371713232 44.0630171732523 109.61725812628823 75.0817474589749 40.66261306333344 8.030017315421622 29.50200048040715 111.70910279816063 78.07683202825048 45.91192315679966 22.68617670537738 36.28037315645369 120.48683629901213 90.08553290246044 64.09785312863343 49.9647109007446 57.26443851269591 134.64876006798704 108.14521358209498 87.49413060350965 77.5228714674664 82.21377837146291
24.595909675358467 7.193675763180517 14.192026380871257 41.95425966587837 17.461056446113798 43.923607307659346 27.394293212267186 19.57089928323316 58.074243914551815 55.414288833284466 37.805818303718766 67.64598033563816 12.108516475463336 33.26179390587195 62.19485927653068 64.12688308234846 58.32714104245064 64.65636386543765 0.0 54.135565769915445 45.58688850612164 32.00879691354081 22.942735815835444 50.635711272479526 21.1860832158236 70.0443411033109 26.43579650777019 28.74263240341942 58.59307278919465 40.711506954683045 26.94861146663957 62.13789870210249 9.43719583499987 44.402254639591504 47.67087607766504 66.44473004477699 45.42353489805814 68.4794896015496 4.034910144080157 61.91197277408419 82.28145163666092 65.89279406042935 65.63732611808389 81.66659106383108 106.88957318379582 62.89732002562793 39.414831718914556 39.31685234418364 62.71308175237509 93.3535012344438 52.3630808104943 18.721484898160373 18.813536029926112 52.46196389231122 86.86437445370906 55.92642179801599 27.07072732722786 27.068982113842264 55.923887553466635 88.97796635720523 71.50991623598229 51.96631524558038 51.789333786091376 71.12369254684513 99.14550701657849
30.651428954914934 50.99407159989268 59.179940768279785 38.34864322977683 52.45697380308209 39.02294313640501 33.43722479737684 39.46066569334328 65.09767502875852 7.1512351202047855 17.15842868258471 25.271880517509963 43.567057108442874 61.2846428206123 15.09472212862285 22.433649083366678 22.74217465855146 11.23364099715502 54.135565769915445 0.0 72.36395645921512 27.63671706927476 31.806673927361825 32.03127945464284 51.17761626857043 24.48209503005269 55.65437082772605 25.95827443264768 59.12564725965718 34.03973647987193 27.884897160746707 19.652662202583937 46.6602090746172 70.82474719056506 37.59938682261998 31.783889418400946 44.4967546360823 14.529940255620248 54.121959285669554 25.921588982687688 110.00076580884055 79.0382254530891 52.80846754239847 41.536104341828135 55.28636579016693 102.59583883070269 68.46350787955753 35.262563124718454 13.946163857997528 39.24784447458029 102.61683693105121 68.4946813385604 35.3224874591539 14.095583271267449 39.300679562518525 110.05950872421325 79.11920891148127 52.928473308306245 41.68714029153676 55.39884796591481 123.58987066982822 96.91308103727107 76.84135762123978 69.36716103641594 78.19061097526766
47.80131008804989 52.11253030942568 31.791554941593656 35.61543908778277 62.762977995139295 83.58964613611312 40.89750502489129 59.38334738438807 23.1376644443242 77.63432401888653 63.76263041638318 95.19056835426079 52.464689073262974 13.240540652071934 86.25578607387358 91.68643559208363 88.18790935948986 78.34679341718117 45.58688850612164 72.36395645921512 0.0 66.05472171297393 48.29363963685849 46.30325386002923 66.15911591666129 95.76673977848722 20.784045546547873 58.144892173142864 29.37196746035685 78.72942747822816 50.191538498550514 88.98610308018375 51.82873195131057 1.5568560377024157 86.2883986286733 98.01230303987072 31.455558401680833 82.57165105059406 41.56864506793716 92.1999724248284 39.21940791414294 22.82280708024577 43.57113027975141 75.30505009292155 108.80304246469204 32.41773354832418 6.172361752514146 37.68475099368241 72.09047559808143 106.62451262766322 46.60774813162175 33.899606849231546 50.20872874925575 79.29364085378067 111.57454214736664 70.01582898267762 62.08118016099265 72.11593624306563 94.56279552352274 122.79379071605935 96.12781253817279 90.29181728903117 97.25925312747925 114.7205582709029 138.76939423636043
18.780578154740805 26.680623369788748 42.08681962632687 42.06941296893723 25.392106161795695 18.86315236679192 26.89809738155487 13.341100888957769 68.12805526063771 26.041356307795375 11.424559848857138 35.700485301392234 19.926402465175656 52.9658693439634 31.234026778623846 32.22493928873668 26.318344128909832 38.84757221765536 32.00879691354081 27.63671706927476 66.05472171297393 0.0 17.89120708419907 43.445681782116935 23.676169591545918 38.31219972849326 45.62837623458779 8.619955259955596 64.8111645763107 13.281756794021632 17.083199080880622 30.39349969557069 22.83907320050276 64.54454023334645 20.640073880877107 34.70256560674625 48.400166826190485 41.77223877075476 33.642127387862494 29.932945603153655 105.25604245855739 80.22149463872749 64.706402588215 65.82648006138825 82.91024680973909 91.04359399449065 60.590636176560324 38.05712319032732 40.252879495678265 64.70760572567109 84.17377805800717 49.78528408783128 16.33332498458488 21.20928788571416 55.02493684144805 86.41626045768282 53.45656763956703 25.34334655031423 28.667260827820854 58.27679221432628 97.14190441454232 69.34186160370437 50.74294167845638 52.30876286865976 72.74871406831284
2.0077984691035016 21.66336748627482 27.76940050589239 26.54062592553281 27.66852635346038 36.273583253771356 9.81390824727103 16.273897150673353 50.939726844047215 34.23354144796491 17.173843721440857 49.25988205615347 14.956669417202505 35.32650411969614 41.985542886468025 45.650808657443974 41.0556226811615 41.92843385208433 22.942735815835444 31.806673927361825 48.29363963685849 17.89120708419907 0.0 31.455150896653556 28.621760739085907 50.811689240281495 28.17333441527269 9.893095303425076 48.388953897397734 30.97308515882494 4.021380510153844 43.22384112781815 17.520745046099528 46.7702814574767 38.45707498630008 50.51778729256615 32.2913753178465 45.86650797224517 22.42158554348283 45.01433705474987 87.51304710610343 62.565981559521916 50.64854135209172 60.09036105923385 83.97161604608588 74.64559284986579 42.97788213468333 22.7393160019504 39.773093296874244 71.00398388240464 71.25410191564212 36.83511568535101 5.599850165211804 33.17747372496718 67.56467324158153 78.57550012273519 49.43391895708843 33.28885950563264 46.55552266931574 74.97678250439701 94.14238350668407 71.46814550354752 61.21588105989504 69.15094496805658 90.61513730648977
29.465478059038567 51.88724738324371 47.323245953609884 11.533375942934065 59.07915939624339 61.52270217229994 23.48474458069325 47.434659350132414 33.81834633795427 38.92382781178566 33.934834098276504 57.29376286371761 46.06573163429436 38.86398635776324 47.119364706429494 54.35316325444305 53.538649993506425 34.15860109416858 50.635711272479526 32.03127945464284 46.30325386002923 43.445681782116935 31.455150896653556 0.0 60.048814794467035 56.391319613545136 36.512897138122355 35.62989543807688 27.281550049645777 55.74482709025885 28.96966722830899 51.538506246878924 48.207116113455484 44.92236682793909 62.01890146498437 63.212714425724194 14.950549152347271 38.10446177741544 48.27199258155716 57.169860328844244 80.71099139975952 47.939672128789226 21.84048596195642 32.41370269789804 63.39665646050882 78.58362538364196 44.299520016022676 12.01507084420649 26.85385521081053 60.76800400308141 86.16970783268411 56.57559226447004 37.02979639200984 44.005034833543476 69.97506305490218 101.30986999153622 77.54477167013412 64.47842970113678 68.53115064858125 87.3518388497384 121.20493990919061 101.97778204013093 92.21164670780546 94.87463695688501 109.06005169822754
30.595292991787673 14.157346531501668 35.34012754972862 54.536136745130506 4.023412278015477 26.347966969333434 37.65539743502374 12.900147118366574 75.80431829634989 49.63569160039536 34.27885244197835 56.519383348941275 15.197267901151426 53.332508692613715 54.04669745777045 53.40039905122422 46.77053402609457 62.41093767945295 21.1860832158236 51.17761626857043 66.15911591666129 23.676169591545918 28.621760739085907 60.048814794467035 0.0 59.83050508291974 46.01161651467855 26.804282765657675 74.82844006866172 25.27679543552841 31.238606161341128 52.148682014060185 14.669020674389344 64.88256548384267 30.592551557681016 52.75782040247244 59.63291983079427 65.43194127971479 24.979919968331785 49.58744394144019 103.4317687509957 85.23211302433195 78.90264551908176 87.07165971867191 106.4521134488221 83.67967198191809 60.02175804750653 50.968017936119516 63.14799872660643 88.16123927743104 70.0015797333381 38.985249599638266 23.11541258832853 44.08672139784185 75.81424536094536 66.27255741765885 31.880200727034907 5.957888936979715 38.072294299791004 72.51452720926096 74.01221952702448 45.739838557471394 33.18568900650205 50.05277225333781 79.3983815779081
50.34699640237569 64.9915730023005 78.36553279179306 62.67688233959343 62.5083954347636 37.486402150253966 55.396254136277186 51.596494475411944 89.57514413737692 18.230349582182992 33.63784896386159 4.275597919833546 58.09761677142816 83.98239098314271 9.569482569547663 6.474823796678788 13.258251073290259 25.332896594900113 70.0443411033109 24.48209503005269 95.76673977848722 38.31219972849326 50.811689240281495 56.391319613545136 59.83050508291974 0.0 77.68553195081964 41.97168192100886 83.57727029840784 35.47835044595657 47.53458064017621 7.921391271729788 61.08582964084752 94.21299307495114 33.83914903654006 13.448870351312564 68.9198939069371 23.58330946996069 71.19891024541869 11.66511077160342 133.9968902915736 103.49241429583235 76.55708289752587 58.361699647107464 57.84447207819576 124.82270007791023 91.42244222159027 59.41597875360198 33.125416585067924 32.544846292222495 121.55729013562653 86.95362166587661 52.35020792876564 17.748538904235364 16.86212946109547 124.66602503939183 91.21038247430727 59.09221428800677 32.54666733886384 31.96124477675013 133.7048673057597 103.11752472980938 76.05426796186171 57.706800730126936 57.18997668915026
27.99085441466212 32.27374966905216 14.775389053393104 25.089210537911217 42.856917002906044 62.856086690386434 22.3704012343561 38.61435186904103 32.162589587040166 59.987241735243714 44.57993012669184 76.62995910487335 31.832692858970756 7.549741449824884 68.38791632462464 73.05132004922682 68.95090626729801 63.417166860137705 26.43579650777019 55.65437082772605 20.784045546547873 45.62837623458779 28.17333441527269 36.512897138122355 46.01161651467855 77.68553195081964 0.0 38.06045486962607 34.00790786792256 58.08347231929406 30.613726576445302 70.46607205310038 31.444932585428653 19.35740967662499 65.64113784984137 78.57524472471351 24.976832957596653 67.67789290916002 22.451722821819867 72.94523517131148 59.7522911241636 39.4973337510241 44.097266352885896 68.73081458526087 99.48923205021929 47.15371650544198 15.01790763966488 24.94904268785976 58.43136592421856 92.74075117235108 49.79066574114933 21.882155595418094 29.553252232969122 60.52113967078547 94.05886253741267 65.85767959023772 48.16532398543742 51.936253797843136 73.95716349784108 103.13467484667076 88.30480008787676 75.81979512083687 78.06592905699105 93.99298676114788 118.19398534377044
10.416651359015576 25.056841657444508 36.47151590946075 33.53099862985525 27.28222238029888 27.477097893925833 18.342664975671365 14.124403981753398 59.51476192052865 26.673638669993117 9.087584556399879 40.06971453348354 17.637101290595027 45.21454678394714 33.63881512685675 36.4677139290236 31.483344944403665 36.963774454628826 28.74263240341942 25.95827443264768 58.144892173142864 8.619955259955596 9.893095303425076 35.62989543807688 26.804282765657675 41.97168192100886 38.06045486962607 0.0 56.21581179198501 21.895243777978536 8.48770746032987 34.193597334046764 20.741499930659277 56.616010318397855 29.187584384039532 40.76930048983768 39.81596867224662 40.48433391180413 29.405166696448454 35.3927947498573 97.36093542105958 71.69006897516532 56.52056363496127 60.36949659450033 80.55539712380946 84.33769872967655 52.86683228437343 29.526190353577118 36.65418544090992 64.8852998477874 79.5901943354642 44.98670503389938 10.38569399395764 24.223461027366106 58.826387812202874 84.52485483796607 53.16216002691871 30.046934218326328 37.07101397659741 65.1194342930992 97.68498991650694 72.12552113315571 57.06677672821807 60.87639836939394 80.93236321335532
46.8519569777137 62.874992517536526 48.74346573618051 22.905894841139524 72.56515671513031 83.66964179300666 38.580675022493544 64.03814866487377 7.84963365773612 65.8404217407896 57.72819975832626 84.29083931252455 59.63149184617657 30.58983981774704 74.21197924328854 81.22296553410513 79.78997945679932 61.20649150270631 58.59307278919465 59.12564725965718 29.37196746035685 64.8111645763107 48.388953897397734 27.281550049645777 74.82844006866172 83.57727029840784 34.00790786792256 56.21581179198501 0.0 78.0134520388085 47.90416487458923 78.39596386414621 60.56421573326587 28.644130503019635 85.05645181391448 89.65924257565553 16.425324031841196 64.99935089779095 54.948424243952616 83.58151249193848 55.627560079148104 21.381138855083442 14.653828675402897 48.65357364761089 83.15323024535306 60.10646642714606 31.15695921003978 26.899234209403232 53.58381647374539 86.10299569418382 75.69440311424064 55.391131240977224 52.92934018180641 70.21150588568304 97.22447705714916 97.18472457832058 82.15410488243629 80.30226707900854 92.42479179696596 114.15323503316853 121.4835764196923 109.60795556292761 108.00081696073379 117.0857675595261 134.7167599839512
31.995713162810862 34.1318115337321 52.7260439221274 55.201061976998446 28.561867427233157 5.779528012705715 40.16818053984727 21.278647217070393 81.40887265870431 29.721261331420937 21.98200644180925 31.82683633144702 29.041867879434438 65.54041255782249 31.39195188081999 29.00868616405343 22.220447081802117 44.39723316275472 40.711506954683045 34.03973647987193 78.72942747822816 13.281756794021632 30.97308515882494 55.74482709025885 25.27679543552841 35.47835044595657 58.08347231929406 21.895243777978536 78.0134520388085 0.0 30.3649145894696 28.264150992928105 31.31162615717548 77.24238102050647 7.559476384254152 27.4812955822692 61.59068858534925 46.31710842803611 43.238325881014674 24.591769910477648 117.83469105576006 93.46132529307056 77.32897908789126 74.96178668391353 87.48436828443485 102.28523034257955 73.10082595447086 51.18599043188971 47.86536254082011 66.00752002138655 92.85788437713136 59.33765176694735 28.533750211453064 22.410726068487577 50.8444111245034 91.46624949191909 57.155949086118 23.714613982728014 15.900188596652537 48.353921858709064 98.45175138127462 67.6851693536007 43.18152580375477 39.27891815863581 60.131937216667495
2.8452263923140793 25.396450958378338 31.45459346881499 25.426035248388455 30.669739396452147 35.90318301721531 9.86849633878143 18.488192612528103 51.04789440537099 30.59252196683726 14.024103251272352 46.1875389537333 18.431494698744427 37.487318011732015 38.53627059610544 42.5884430414573 38.33718981664092 37.91957323897562 26.94861146663957 27.884897160746707 50.191538498550514 17.083199080880622 4.021380510153844 28.96966722830899 31.238606161341128 47.53458064017621 30.613726576445302 8.48770746032987 47.90416487458923 30.3649145894696 0.0 40.07922249614689 21.16481886040286 48.648750288458764 37.675278570993605 47.99434574032674 31.558717289043233 41.87301553193128 26.43166778760529 42.332434424678915 89.35416400336611 63.21203010842362 49.01186276621057 56.598343170354624 79.99618755607348 77.50137639810012 45.12454645269116 21.46699747729576 35.78107332262605 67.0416614858213 74.95987438669668 40.648536314109585 8.970933600838384 30.058363289749675 64.19802307263942 82.59386812893399 53.32934657539481 35.512273691731494 45.53080476634328 72.66234929940218 98.05451253274556 74.9086339874104 63.26686218145078 69.20162312079145 89.27379135026953
42.86162850743971 57.07164978660324 70.64338121158933 56.801805271003644 54.73456747366665 30.89173334465651 48.31532338592213 43.68721159938872 84.02749614172221 12.616478061145685 26.084250562297417 6.204465342164518 50.17955391242954 76.94277639940087 5.613687769896401 2.827754218802513 6.609143113671113 23.906707571643793 62.13789870210249 19.652662202583937 88.98610308018375 30.39349969557069 43.22384112781815 51.538506246878924 52.148682014060185 7.921391271729788 70.46607205310038 34.193597334046764 78.39596386414621 28.264150992928105 40.07922249614689 0.0 53.16514927515691 87.42951318698897 27.613120454608264 12.498750443943596 63.20179882452481 23.508851094580677 63.333960949271884 7.42385940989891 127.53213196052315 97.77571204236797 72.46051316556715 57.75597798989388 61.77192681668048 117.53462970049206 84.4545302136839 53.34401385035428 30.87778488976946 38.15925879813247 113.74375079659082 79.14469529916963 44.553104376022105 10.046382030677897 24.733273966379475 116.76579119111479 83.39115798222872 51.66005756514899 27.897651282911934 35.8139278531502 126.11176252333014 95.93297270080703 69.97779394930919 54.63923346404795 58.8965008711089
19.476766605184263 4.35399934586719 22.153232346754297 41.258827080392855 12.006878988690987 34.705820257573315 24.865315706074938 10.134253444639777 61.24104002478198 47.20824779755349 29.782666463390193 58.53944228544708 3.1096111206705097 38.8467564282992 53.54913266694499 55.056803581598516 49.11577721802979 57.54456606235472 9.43719583499987 46.6602090746172 51.82873195131057 22.83907320050276 17.520745046099528 48.207116113455484 14.669020674389344 61.08582964084752 31.444932585428653 20.741499930659277 60.56421573326587 31.31162615717548 21.16481886040286 53.16514927515691 0.0 50.50734100527917 38.35696263747625 57.07125899455582 45.851745296493945 61.166268686859034 12.076335468242592 52.63668825782108 89.72362405675318 70.56779758540074 65.60541350528331 77.60861672436418 100.68215025837137 71.665385330092 45.74028435066858 37.990091297564256 56.472539589042626 85.6146931579457 61.78607639484267 28.03339559541972 12.209671396369009 43.670741432608274 77.84628452007364 63.99358831621196 32.57271642844184 20.53367399961644 46.65971584582981 79.54541973036325 77.25860422662097 54.01379095859512 47.5489058892923 63.2385834754033 90.17843189531602
46.26602859780424 50.86545503639065 30.707103685350045 34.16591501757398 61.517640712100075 82.12156255940545 39.34348314466511 57.9700855320298 22.68582611040859 76.08314742201148 62.2096743344999 93.63397786289667 51.0968744844358 11.807679728820508 84.70330700013082 90.12964421413913 86.6335156932692 76.84979043691365 44.402254639591504 70.82474719056506 1.5568560377024157 64.54454023334645 46.7702814574767 44.92236682793909 64.88256548384267 94.21299307495114 19.35740967662499 56.616010318397855 28.644130503019635 77.24238102050647 48.648750288458764 87.42951318698897 50.50734100527917 0.0 84.80074006175114 96.4598095708282 30.112896991735017 81.07786971225975 40.37653180390698 90.64556107135587 40.74512222333814 23.327244173767287 42.69659702550323 74.13961299674475 107.54166064183212 33.720613590019454 5.086657982065647 36.18732285775872 70.62594791885425 105.17309846574175 47.1381835403644 33.17904636520792 48.72907424820657 77.73692189276188 110.02894238219969 70.10626855445662 61.3923772381831 70.83741508130879 93.06790567674784 121.24401451311903 95.99775012284546 89.61164112856767 96.12294681580072 113.3300139555273 137.26783926312126
