0.0 34.52328825061174 75.97738341734251 12.238782724057609 28.311145683227053 67.60011344284831 36.38969995712071 18.274375170822438 52.74591577895286 24.210385589602225 48.69233955676932 28.087269307903917 23.591246199949985 37.534053389643276 73.47968193274224 33.18305776163939 47.69458312238714 46.34094745970823 85.46985240540734 32.169331438760835 22.839789452183624 41.070555732836254 75.7231290574875 23.97203288138248 41.23515723597001 65.45214145430947 81.97901024711722 69.88688334651819 30.46013637715033 16.05480660388701 36.61697863684214 48.648186029069656 47.21302721546917 39.16708221875283 46.62394547623951 20.866077940031392 31.656684290767956 46.36727006395728 61.25221030764105 37.02531151869377 86.472783084086 77.02350983279615 70.61438043605631 68.10911236197427 69.92855249570597 75.76176163829308 84.78429927600904 96.10203476190264 109.00236497911467 122.98829562244998 75.72661243523832 64.7886582752996 57.090453718327886 54.034885259457596 56.3818853788709 63.53553672825876 74.11687466628007 86.88243232965641 101.00743655156477 115.99632185342858 66.28145545543461 53.50155111953813 43.93525195200854 39.961262655638215 43.153266609395665 52.21314089529423 64.7219089817132 79.05912141684948 94.39528384879036 110.31455163802912 58.76815325076847 43.899627631202314 31.612799430052128 25.889596008351635 30.65752089099349 42.52300912346107 57.229706749594 73.08202704034377 89.47310394688624 106.15366359787902 53.99932138046552 37.30774160909576 21.59910594523304 11.827429583150554 20.296988020545214 35.815642868957944 52.46204098937192 69.42970642784945 86.52985290501523 103.69696076583182 52.72505680731957 35.44706534595693 18.214577857741173 2.4001729148400774 16.6872523830863 33.90990316651713 51.18605524963266 68.47522581097341 85.76954253287379 103.06641490476412 55.18797414920298 39.000766790014694 24.395069578237173 16.36738584072438 23.22445927916586 37.544267050707525 53.65147489066622 70.3285277643231 87.24927029499176 104.2951619512748 60.93656989350162 46.7499723610308 35.44803710610495 30.434779565219703 34.56439401023931 45.407355274209415 59.394170978762986 74.78112216995561 90.85963885651263 107.31934013284184 69.15620931700451 57.00864214661649 48.125805355358644 44.50735750738192 47.375315017392666 55.73724018282845 67.58375013870435 81.40755795191437 96.36141120620577 111.99355569150667 79.07998780621604 68.66091113062858 61.43039720669711 58.58125487424657 60.733268332532745 67.40914685752762 77.44774377362089 89.72741882392228 103.45319279392118 118.1220269320712
34.52328825061174 0.0 89.12026950606501 41.47494391090756 46.978963314612166 84.03501444311719 37.75064465173965 49.747068293955 44.85164010587258 58.55358257263894 28.495950738295157 47.71442264351595 39.22095190936362 43.63424761942162 92.19079719026924 44.45725767523955 67.76857942460043 67.21089207846194 97.51524924617206 45.546953063998025 45.48648117261614 24.304686601059107 87.6687811144043 13.316278833563661 55.078803921713046 82.29112893657488 91.28321615234879 84.95830959230473 46.45271291519014 28.855883241640438 7.9261236712144445 40.326622053274555 68.82354712287041 60.601055845167025 79.13470632385672 43.073455374812276 58.073910509664664 71.15981982581013 77.63658605416894 29.17037094072323 55.06978605220607 43.27446641502158 36.21304998251633 36.72598497609366 44.55242298446468 56.74280794043012 71.08643717280584 86.51892443015609 102.54986327002342 118.93751328402062 47.151008808752906 32.6636875285734 22.568267717907787 23.461634771775614 34.50045330273909 49.2831170236191 65.31524586606969 81.86603957073967 98.67485445071064 115.62922096118547 42.62245222936648 25.733848104708727 10.319970578425208 12.226446639815293 28.12798521697184 45.07321219446795 62.21510036090592 79.42642078383867 96.67009503648602 113.93143368010739 42.57997800794505 25.663759982114932 10.144752018149857 12.079601749604258 28.064763159117714 45.033969975486464 62.18681001750692 79.40436761522732 96.6520626805746 113.91620697799019 47.035741330497544 32.497837600828504 22.32866680477313 23.23232016325346 34.34564696430908 49.17537653085878 65.23437188174717 81.80183566962414 98.62184742359157 115.58420603917338 54.90525529348849 43.0658552788488 35.96465276895387 36.482216661751615 44.35262722981816 56.586804801559026 70.9625601205948 86.41765401661202 102.46484488887847 118.86456778951344 64.95938271064468 55.26565409882971 49.875498096315006 50.195017326094906 56.12678402511655 66.17849856400815 78.78878807150035 92.9217641112928 107.98118832110603 123.6289670039724 76.33968067561574 68.22731307431003 63.88176188736903 64.07407122425379 68.76618030386616 77.14131417542869 88.1559470506575 100.94975728691671 114.9301085003784 129.7139161026062 88.5360972136486 81.58839536804749 77.93186819677953 78.0305707765665 81.87092245698695 88.96971386480304 98.62583890160367 110.16889890078261 123.06908849252618 136.94341484817616 101.25400625324478 95.1806914463384 92.0055792097512 92.02913412137607 95.24898313591899 101.36098060578058 109.88357624985862 120.30554687117821 132.17836897138082 145.1464438976107
75.97738341734251 89.12026950606501 0.0 64.29199502583137 47.803316881217114 10.783338912191446 51.48347589065422 62.60247975945645 52.21216017238748 79.08358479849035 71.36223825412509 47.916390664191916 54.06288279478546 45.49747129785199 14.981535254334732 45.79437748427569 29.901908547679145 31.69157131344156 9.570563785138342 45.59146183142793 53.16351599854974 69.10485991721251 3.1695708553897157 77.45171140906163 35.58698926274204 12.799379700088561 10.759736016579005 7.148831851445941 46.239107347392164 65.51435823751729 96.41194079890043 54.692066420765414 31.82683633144706 37.95851287459446 60.99895554604625 55.12303700609185 48.07248262414604 37.152251303520465 15.514061030475036 61.1584114553687 140.78172938980904 125.18522738557773 110.09942941424197 95.76599049684879 82.5776173763378 71.17371863861842 62.53823579228518 57.922888612573125 58.290552344074705 63.55480578259067 135.55921126399656 119.30951877810303 103.4017747155436 88.02157115519803 73.50082444606086 60.46196847113377 50.076264839257945 44.25290048006374 44.80748077493079 51.53450977489699 131.63093718156082 114.84762303606374 98.24438216415015 81.93076316497552 66.12148285617603 51.28508802595657 38.56136964711771 30.7002837257895 31.571265878968813 40.616393908481264 129.11515007196286 111.96875413044867 94.87883935225473 77.88259589965547 61.0582972516873 44.60095194589339 29.139088827616327 17.539681096346115 19.10253020570858 31.951294803158948 128.09513742227676 110.79642053888749 93.49889280256238 76.20336399699782 58.91159471353627 41.62827016590026 24.371363121468974 7.329896443507826 10.592686223398818 27.737991979645873 128.6065089545164 111.3845365232834 94.19187205960645 77.04813756510607 59.99529312370832 43.14125457555963 26.862863777392615 13.445148155221307 15.448091213347773 29.92036079298643 130.63127434926662 113.70578059789148 96.91331026217004 80.33732216106795 64.14586050233567 48.72379263528492 35.10035583306766 26.244474697467087 27.28040297350919 37.394903160181315 134.10087166373518 117.65758791307069 101.50013943161225 85.7901784272578 70.82610552311277 57.19637953386296 46.10011430941338 39.720540609791236 40.359983310221835 47.73721042058319 138.9070293410649 123.08294845059538 107.7142584094858 93.02693479353866 79.3999974610706 67.47894830415066 58.31944100869276 53.36296283913428 53.7843311246163 59.46934180075335 144.91676258143463 129.79714325320728 115.2927598841959 101.6672726737254 89.32379274821274 78.86657933661624 71.13245735450806 67.0701678115691 67.34745800193873 71.91414712304795
12.238782724057609 41.47494391090756 64.29199502583137 0.0 17.36423206781976 55.60798470184375 30.493413386924974 8.334748054420517 47.65597867038432 23.617633877562493 48.42383780286049 16.858586262229203 15.090721636830821 29.631896653364166 61.28655421154694 24.123243840852684 35.56532990393377 34.165631171370855 73.83348652029163 22.504748378230566 11.314495382463116 40.8516784647665 64.2146869159973 28.812204400598997 30.436146630691507 53.439124550439644 70.81302855906894 58.02266343970641 20.125787044945923 14.615254544624458 45.3220908576849 44.186096647580534 34.994054456302045 27.02965072699012 37.66190361836707 9.90337149681839 19.527552878433273 34.21724665172903 49.333593373269046 34.50618397512808 95.63699468657852 84.74626996278965 76.26346090646659 71.0562477441746 69.86096832233902 72.87529844763492 79.6225660856972 89.26021853776817 100.96390381450726 114.09961792096611 85.762794284323 73.47752899244806 63.571502908112926 57.29243430977889 55.876725104308846 59.671535255486695 67.80762614313646 78.95412933145381 92.0235472336432 106.30903199518984 77.23021270417179 63.36054732396619 51.60733680608334 43.71247555924728 41.915974033292585 46.92357926623942 56.9684189307254 69.91197516882399 84.43146830794669 99.84170702249521 70.5280170940716 55.03439937101408 41.01315484974975 30.56276271994841 28.01420884470712 35.13145552196848 47.77397068227514 62.68329299049538 78.57956479375157 94.96847173560418 66.21447973136145 49.41295189802222 33.130574890532685 18.77079801207766 14.344455778520665 25.649496160619385 41.33693969249982 57.950851599570825 74.87704926879366 91.9432243364244 64.76868500275994 47.467161759012406 30.166105768094308 12.86740192323073 4.456425763149325 21.745414049801706 39.04586965478761 56.34723103477509 73.64885984698299 90.9506034697994 66.37830660692624 49.63126732895791 33.45382472153903 19.333045892459545 15.069423400625993 26.059949404077052 41.59166968784389 58.13196706680025 75.0166433921516 92.05639879828314 70.83534011580424 55.42590159974747 41.53462838067088 31.25587575323196 28.76532306992593 35.730483923023904 48.21411390093971 63.01780466593486 78.84539465493604 95.18749098122221 77.65095814727796 63.870387240470976 52.229169709737896 44.441542595543076 42.672239048613015 47.59720580069326 57.52193279147959 70.36161056593623 84.80238480128529 100.15406847217668 86.26785516009099 74.06372732023182 64.24505029298443 58.03546486313498 56.63481075168509 60.37869084511461 68.4278360003062 79.48489846042015 92.47717198667341 106.70006328726846
28.311145683227053 46.978963314612166 47.803316881217114 17.36423206781976 0.0 40.00783933738987 19.455566961226985 19.301218994249687 35.47685920603752 38.15305258617503 42.933834226796485 1.251597560170132 7.759216988916305 15.427451927444151 46.879802826907515 9.014845096745674 21.278136297865256 20.454819899515766 57.24230624237825 6.610092738311411 6.237741514016503 36.436945316540424 47.441866576848774 33.785033393893194 13.084464874216081 37.95031457864258 53.694644224372475 41.97170165212216 3.4366624888982016 19.074546643524798 52.95505711359432 33.191318795076356 21.941548023682287 13.628813496728709 39.63274531688411 7.541471421474027 14.053282045707144 24.434407083798643 33.52414409882945 27.893773050731035 101.92692333641381 88.81321205592138 77.36388240528551 68.4196513917453 63.055704128807385 62.205222295120286 66.04280634107427 73.8411104260089 84.51071907874653 97.10977509948331 93.91392450203769 79.53425183656995 66.56028467609471 55.978103383966 49.35105776229176 48.33433590744752 53.25027168520151 62.71903317975093 75.03642510711975 89.02783465815081 87.46028606096344 71.83683923038632 57.18801637535834 44.48724398049095 35.86737306771991 34.533026777057984 41.19829292340858 52.922364412453895 67.10411227285606 82.48548373185155 82.93095732179371 66.2744752196754 50.057767392448284 34.89936552955841 22.99702110744032 20.939719976182936 30.769991760839943 45.31914099637936 61.31531876882184 77.87184162549394 80.65086712846215 63.411607667771044 46.21920626355118 29.156671456818938 12.75622888780172 8.60492199995652 24.167776314817548 41.144034361863234 58.31204967521645 75.54119494198969 80.8106615638566 63.61379209280075 46.49493912770981 29.589820590609772 13.713092237524204 9.96261074632178 24.681402413322303 41.4463862758882 58.52476009010983 75.70472541332572 83.39631451900682 66.85322258944537 50.8180353881168 35.97642736208271 24.59360050333229 22.67373592196102 31.96971489652734 46.138251976260925 61.920313106544434 78.34681429316656 88.19468841677453 72.72511547751184 58.29484600149304 45.89491270730494 37.59127887579276 36.31215740906137 42.6936599153255 54.0891089895302 68.0236879225131 83.23172363200037 94.87056779872466 80.65649369389423 67.89121244797273 57.54706675990082 51.1156969060095 50.12649459413125 54.87456480926113 64.09736093052567 76.18678957615059 89.99490844369619 103.05965521531877 90.10504222077476 78.8367829579703 70.07318798327576 64.83794116716409 64.00280594843281 67.73074145164074 75.34746923187677 85.82378758384569 98.24916042400176
67.60011344284831 84.03501444311719 10.783338912191446 55.60798470184375 40.00783933738987 0.0 47.25009397243912 53.12409924446221 51.50253425757261 68.94722328184845 69.32501368842225 39.91089491400757 46.93879407191413 40.79585715647382 9.352715725918511 39.70008721204841 20.261802014655686 21.90956933139732 19.724728735727027 38.99161576858113 44.8123156789563 65.98305875104089 12.693262698236085 71.7015422103858 29.072981484322167 2.2219413508011465 21.110107606977866 3.7586690996408825 39.01571655309387 58.58394907164079 90.96253860313615 53.13493334516046 21.728748091517662 28.695539412257272 50.2198427798047 46.9627677607713 38.304065451049496 26.54662170274096 6.520579982382969 57.47722838328631 137.20199463995237 122.24011780514078 107.97961982999637 94.73775924467533 83.003497431002 73.50245557997926 67.18879518588923 64.9980788384867 67.33393749688442 73.76761387552509 131.01926372253754 115.29053146336715 100.08229886807707 85.67220769685379 72.53749733928136 61.50081782190787 53.86755414339773 51.18375631236416 54.18986210864553 62.06453193800094 126.10370297119017 109.69865756178511 93.61705922322992 78.0590726534211 63.411281399740346 50.47245915825094 40.898097728183224 37.370394722623345 41.46257523745828 51.38531530071303 122.60789027454638 105.68032426971473 88.89700779827987 72.35838535283906 56.28058940674699 41.20660668929306 28.76065026272365 23.56006048507443 29.693244592505156 42.5089634857837 120.65534588606526 103.41917360375854 86.20934743652411 69.0455707525314 51.973485877229926 35.12703754239217 19.11249427393256 9.76622991918143 20.59573244377223 36.765503961633044 120.32125294537603 103.03099461311399 85.74544485496337 68.46816995927968 51.207546353647665 33.98895160698798 16.94102656030929 4.178690259730493 18.61821810623482 35.700534455528455 121.6189548129078 104.53665976265181 87.54066669913915 70.69324893671069 54.133303904965395 38.236183981682906 24.337398519385133 17.925517992848523 25.476488206716606 39.69245186167297 124.4974167181788 107.85686409741443 91.46205853453732 75.47331862983857 60.21498280275324 46.41309231543114 35.79406065406685 31.73268147285346 36.488628699168 47.48247709161292 128.85070258346926 112.83149127934607 97.25271563130802 82.36467311057699 68.61844840444796 56.84845602422405 48.5150064358738 45.545231945030615 48.9257995614527 57.54826651466621 134.53566338807136 119.25361357080104 104.60258244622624 90.88824147273488 78.6024229964386 68.51792206051061 61.72330731576535 59.35927870671147 61.93526904190328 68.89940068011184
36.38969995712071 37.75064465173965 51.48347589065422 30.493413386924974 19.455566961226985 47.25009397243912 0.0 36.09489274685346 17.177794035364393 54.01170642994929 24.510684354401466 20.704252836158396 15.838128387854034 6.631014265016668 55.97280539388754 11.216342221743314 34.29040215385626 34.43873095005969 59.76750337242364 13.613287021804858 23.445948951496707 19.31419589718491 49.942521053302265 27.0588472432626 19.72862901919019 45.721387316818394 53.64041673228682 47.741666756236015 16.517649405365553 20.61837589205811 45.252759344875265 14.058489737830024 36.379201849777445 29.767106094651663 59.07642067166338 22.654607186311264 33.434322260338206 41.22453067478425 41.114062793639384 10.428067063602857 89.95193579250875 75.15814957628102 61.68345673216974 50.593032258193084 43.73974947101448 43.190058423345064 49.15588776085008 59.71537614864916 72.89894160797729 87.52879479559348 84.11570189055534 68.09917664309552 52.89852546672428 39.467958090996355 30.26375749098904 29.54284856579421 37.79384033937941 50.82005919026925 65.84597213837604 81.7766180504213 80.36464443787166 63.42985551247511 46.76461928954775 30.809498803675975 17.613442822407066 16.43027911742595 28.78171864203172 44.55932154319689 61.16691505272701 78.07664445916531 78.99641684668977 61.69523776094199 44.39464440738918 27.095758776137586 9.807621381726712 7.544026285520565 24.826373676850025 42.124801829861795 59.42526929164392 76.72639658865691 80.13318797152573 63.13769348978761 46.36940365184823 30.20906456594115 16.545884684244168 15.285867627940801 28.147147802457738 44.15403538526073 60.87370929471545 77.8482553233006 83.67290668198544 67.55399267244738 52.19806968825812 38.52849558771664 29.03379763742591 28.287590533631406 36.82559016630169 50.10758768814287 65.3002797592968 81.33998198416998 89.33033130372928 74.4164959497055 60.78179724454888 49.494889751584 42.470773188948186 41.910550790555476 48.040890795522216 58.80531725788227 72.15891293244151 86.91638120433282 96.73454489161746 83.12143669240913 71.12997186043613 61.71281190183451 56.17978289286376 55.7006593869165 60.39584011819905 69.22030156064007 80.83279897205705 94.2079148896629 105.51837705790355 93.1536226935825 82.58181997434146 74.56947502413036 70.0010447531322 69.55843567745629 73.3164083100307 80.69018234686449 90.80311323238145 102.85035373613127 115.36702254342835 104.13002511366707 94.73781686636092 87.78453926778003 83.87893835853643 83.45002601512645 86.5495058321585 92.82460155354869 101.68911408258366 112.53277196972009
18.274375170822438 49.747068293955 62.60247975945645 8.334748054420517 19.301218994249687 53.12409924446221 36.09489274685346 0.0 53.168788902276006 18.852946134648974 55.90715258594988 18.340923874719174 20.263813368430814 33.90084712628956 57.736938923774765 27.73830084974121 32.87607027170024 31.218716186179226 72.16457203681519 25.618776158576733 13.344295769578157 48.44647570672598 62.93416966055054 37.14621260187093 31.39910324589813 50.90753664530708 70.12780901272171 55.92751125078547 22.64859815956564 22.715971732892207 53.35307623869944 50.11264587029748 31.601978552881853 24.645311198294973 29.403603746050724 13.500326145989993 14.989913086294125 29.270655160732165 47.20313932996195 41.519686387443485 103.64521755406261 93.00332234561988 84.59071517612543 79.12170689713685 77.22424614398014 79.15559465169149 84.65409865269275 93.08978974278787 103.74866635865587 116.01959691630842 93.47633845259146 81.57379852353634 71.89879914061505 65.44680273094622 63.21253526993332 65.62818906968013 72.22871827453811 82.00981797398998 93.9836512480068 107.41944477846637 84.45916497903661 71.11364681442306 59.8301987318352 51.969763326986765 49.2012359932736 52.33897829851176 60.470466993604475 71.92140022577172 85.36626936435499 100.00406882938272 76.99953313022677 62.11472656946791 48.8493390806919 38.8970965217658 35.191161169553084 39.52921765669742 49.85386434441694 63.30058490226496 78.2766109712954 94.05423498435229 71.5861417396909 55.2952729751081 39.86565110677511 26.826935410770087 21.185140771540595 27.868392779313254 41.269793351831574 56.819501679371726 73.16028362053375 89.86161487693512 68.70447425043537 51.52810952251405 34.47753924284735 17.915599511778513 7.207638437053449 19.53573009030617 36.19465155008042 53.26513121966538 70.44862638268435 87.67871501625984 68.67402090201372 51.48768375283902 34.41737035502962 17.800071871279552 6.916871231744907 19.43082677595952 36.13840510183714 53.22710766100013 70.42001866761852 87.65584088282522 71.4984254603524 55.18218729524206 39.70937178069614 26.595226656904504 20.89232911499158 27.647499199281324 41.12165450587703 56.71250468643375 73.07761194419574 89.79464353862284 76.86358191452157 61.94688927295245 48.6367307159994 38.630993738878225 34.89818617327589 39.269845142945854 49.6494279456793 63.14046461245585 78.1477988550682 93.94757196678246 84.28562118230384 70.90839264147327 59.58721507198718 51.69114138198367 48.90821852316778 52.06491549288073 60.23453208789816 71.72408333820044 85.20088761084956 99.86360804876236
52.74591577895286 44.85164010587258 52.21216017238748 47.65597867038432 35.47685920603752 51.50253425757261 17.177794035364393 53.168788902276006 0.0 71.18949748341154 20.01577940352462 36.711830155123224 32.96489711932072 20.113909190506114 60.838872387005324 26.495354131845332 44.728630582787716 45.50025735831023 58.62991339100371 28.97518645388096 40.235995248757575 20.71336138324465 49.83714554594402 38.11794646971775 30.641900426444604 50.60234711568912 50.82619404429588 50.713996910771804 32.16917124134196 36.696296869250624 52.77620190215469 4.661787860446479 47.49201055293859 42.83507260978611 74.38169993595413 39.67750656816292 48.838323983375 53.62566612491996 46.52338451413129 17.319328462063332 90.29579671882664 73.95727694965842 58.17849066485065 43.571834846103435 31.795956681757982 26.873239187482813 32.125833237823095 44.0531201129688 58.71963620277064 74.52532464515309 87.09365546007587 70.03037338809924 53.121693827101325 36.58262286888318 21.29260481031575 12.929598833360645 21.901753699629527 37.294931116554345 53.85953714610169 70.77782406176313 86.11297293229997 68.81257237492983 51.51319952513079 34.21641320510739 16.930142904740336 1.1000653494082624 17.734264789290982 35.02158977411022 52.318571767979286 69.61801313037867 87.42854905178402 70.44453132163635 53.664003753314326 37.36216142644309 22.599765839504947 14.975988364047259 23.162977807213863 38.045753458819405 54.379662315296656 71.17252624931844 90.94076536902719 74.73978574918101 59.16551219797864 44.87526696785854 33.55191245302929 28.9202621900768 33.848807853591225 45.318997265416876 59.670685643846156 75.27336467329843 96.40980244251502 81.27713046048902 67.19969072686018 54.99390421559815 46.16887628359691 42.866132821988636 46.28336762128866 55.18604409656387 67.4355498013749 81.53718084524775 103.52592986387886 89.56688274675382 76.97748079323227 66.53973510177481 59.39897204186738 56.81229748973173 59.37789274431167 66.5020968215554 76.92867703689774 89.51095772849276 111.97547463901388 99.17045404504354 87.91893980326938 78.88846546255137 72.90904591736926 70.75844088860316 72.77687767639996 78.64400726393575 87.58981002024983 98.78136841796082 121.4804111417617 109.74335246682239 99.6413310648326 91.71621791728283 86.56796595289156 84.70442230015061 86.3385424541389 91.2826763237829 99.04235663633617 109.01801753073364 131.8125053331821 121.03168280396952 111.89935512766752 104.84716910863783 100.31479362189573 98.65015218615315 99.99656489647175 104.23741753087874 111.04157416562641 119.97370099077487
24.210385589602225 58.55358257263894 79.08358479849035 23.617633877562493 38.15305258617503 68.94722328184845 54.01170642994929 18.852946134648974 71.18949748341154 0.0 71.25010925273858 37.190382314534084 38.31030685049734 52.48570368255632 72.01824704584598 46.46059953886824 49.24605569100478 47.419048484167675 88.52308847481275 44.41439815143648 32.1305841387013 63.587066601714156 79.80422389175091 48.089548283476454 50.04506040480272 66.73708427673145 87.42400854624304 72.11534735951113 41.48736610345257 37.05985654399707 59.80835079005027 67.7941023892621 47.28202832129242 41.7885985180444 30.171641728711062 31.964014260416192 31.253519150562994 42.93814118229769 63.57537089349911 57.90773632413354 108.3874285817466 100.30992401882236 94.73647165389433 92.12268607303335 92.71920804507847 96.46650099890392 103.02131872780184 111.89133314203511 122.57495981582169 134.64116434446558 96.55726615105712 87.45651248718562 81.0719511905275 78.0728168259407 78.84638196172594 83.2875917154287 90.86020956849089 100.8613711749385 112.64607614368235 125.713740330674 85.44051370864959 75.06444841731671 67.58664817416435 64.03071269848388 65.0430848596597 70.42703436570142 79.29706812355894 90.63540377872387 103.63503936694063 117.74701657306605 75.35377037188468 63.40504014434504 54.414234710093716 50.00320169272932 51.36567761722849 58.09687523204936 68.63499401463737 81.51674252507512 95.80134465145342 110.94826442295486 66.76568529871444 52.96458923893628 41.85147573933233 36.007661107110266 37.95081848670786 46.71921358253543 59.36170937765672 73.91648998111515 89.45495945068483 105.5435425673489 60.31995394704264 44.60756153067783 30.657520176503237 22.105289800770322 25.221328813791896 37.179272629266784 52.22252862015707 68.34323648926716 84.93005797850242 101.755308552607 56.751411541659735 39.67330649925094 22.93323145286991 8.752615656835498 15.033189165337888 31.210552571270263 48.17586249154246 65.31800809483363 82.5268680843828 99.76792595727996 56.606892590051196 39.467249156099584 22.57655027287885 7.7750168827205295 14.488428205252854 30.953055022403607 48.010228885195495 65.19651784430309 82.43120282670482 99.68918626865944 59.91118266033859 44.05578623186683 29.852744051847168 20.980273795488202 24.246009647831308 36.52776496514965 51.762899619690195 67.99433413808657 84.65088721827316 101.52353162130778 66.14942013377774 52.189188665486014 40.87034093683026 34.86783400628067 36.876207147405445 45.85467461612533 58.686927334491344 73.37824896343466 89.01284810052104 105.1708826524527
48.69233955676932 28.495950738295157 71.36223825412509 48.42383780286049 42.933834226796485 69.32501368842225 24.510684354401466 55.90715258594988 20.01577940352462 71.25010925273858 0.0 44.12572846191378 37.08284178166807 30.84680630671328 78.48431899775991 35.589816320558604 58.612949875155174 58.866781845204244 78.29106761142383 37.857547374606966 45.353374727639924 7.6716267373730735 69.18867599318203 27.13782940589456 43.915504763696795 68.11469122196094 70.70310330458528 69.07149572858928 40.46710016813761 34.203786285376665 36.053355527893665 16.7244104703698 60.825309549259856 54.2496040499396 82.14872377849929 43.77137861963433 56.924287582530276 65.72112498146191 63.70473413610957 15.05539174603079 70.28690627390047 54.05952183027995 38.7727477531354 26.132956147690525 21.476689377161087 28.953002212050343 42.59126493158766 58.21053788384385 74.5763297153838 91.28801973806694 67.30998260787081 50.14669083964125 33.12794567814199 16.7016258710968 7.690329500161345 20.929676731936546 37.62545557975568 54.69928506169656 71.8822787905978 89.11130995100083 67.24030846298268 50.05355949519893 32.98745122849328 16.422498087652865 7.066705937087865 20.70969837152659 37.5041099741519 54.61628244159429 71.81943842022588 89.06086989648047 70.08655575659502 53.7999691610202 38.41171126504723 25.596756427330547 20.824020111779998 28.474500598976782 42.26897268479934 57.976257347270504 74.39447746193636 91.14023060260182 75.5197115424738 60.67881537702955 47.53228498165464 37.88700663281232 34.78850533811751 39.79651507087984 50.556827392081026 64.24119127243043 79.35096843857801 95.20992282290196 83.03344146326604 69.7695738241851 58.64926584682488 51.0918903514816 48.78245645365346 52.419240535250054 60.94692298684973 72.663470790755 86.27939774647359 101.02965349698623 92.1199490744933 80.32461721774628 70.82864873247141 64.65326803830342 62.786040579349 65.59590651946263 72.54138990534463 82.5855785432048 94.74806886455673 108.3176327276763 102.36113511856433 91.84034029171447 83.60728942739162 78.38618631281398 76.79384209006624 79.04984997029868 84.8477931161735 93.53128798299088 104.38266276111713 116.79924381648496 113.44458952187554 103.99796648356951 96.7478797826112 92.21388464600903 90.8037547147164 92.6602195598652 97.59704799402311 105.18138777707158 114.89011254654365 126.23400752187904 125.14659256836397 116.59672767230232 110.12076899742704 106.0991527503451 104.81477116142018 106.36682698364343 110.63601177288095 117.32609218946031 126.05219674435993 136.4241924541434
28.087269307903917 47.71442264351595 47.916390664191916 16.858586262229203 1.251597560170132 39.91089491400757 20.704252836158396 18.340923874719174 36.711830155123224 37.190382314534084 44.12572846191378 0.0 8.52989993095217 16.647244474052005 46.598445227048884 10.23480530456794 20.871532369290605 19.953383830916056 57.39029887738448 7.804792980196408 5.573719715808151 37.584351769193596 47.63705194715875 34.47877425493272 13.610855309440428 37.82755223871748 54.024396606480515 41.97170165212216 4.604996838379205 19.563409193114158 53.58036084499806 34.44155328912083 21.365822677760303 12.98331109269473 38.389400425245604 7.222550005419102 12.830580409608805 23.557188346095504 33.45461770633144 29.079036782125247 102.70911175706357 89.70572950523866 78.38219271184884 69.56372850160531 64.28958292369249 63.4498430480801 67.2109265970704 74.8827662819658 85.41804656290925 97.89663238059231 94.57358904583486 80.3085712055324 67.47941283069567 57.0629247930554 50.57257457469994 49.575143929036564 54.373763667442674 63.6711798099391 75.83029595442704 89.69476079238046 87.96540788619637 72.44816918227986 57.95057323560337 45.45886212953152 37.06015166283148 35.76463370227424 42.23115785619369 53.72652837558292 67.73711313633198 82.99879895533095 83.24918366465282 66.67043501284316 50.57844008698103 35.638766411940814 24.09929696127051 22.139149252747885 31.594605840090477 45.880362680366595 61.72930919818545 78.1966682241789 80.75714249396273 63.546102675464546 46.402711195870296 29.445362742809632 13.40001893389361 9.529164047723665 24.510462401085174 41.345300898978465 58.45355750834931 75.64995838713041 80.69564591331438 63.46828985823828 46.29658468080613 29.27861123934445 13.031261893029825 9.005769504534701 24.312699760352725 41.228924826247116 58.371692646697014 75.58702368772896 83.07009292960164 66.44770126206315 50.285834813464476 35.2242087064557 23.484805542422855 21.471814548605558 31.132829375607102 45.56510535615792 61.49647228539567 78.01387631176317 87.68277893249416 72.10631862764038 57.52460670714342 44.917115822110254 36.39672975696319 35.07997016140954 41.65566470906701 53.27750204784955 67.38321580909346 82.71161373836132 94.20543598351594 79.87668717416818 66.96721702633211 56.45912836784795 49.89348868824082 48.885470935761 53.74867757862537 63.14074304239897 75.38758876613338 89.322593252396 102.27319659251755 89.2085871259339 77.81536919403122 68.92739469185481 63.60372776702742 62.75808333197624 66.56135704709112 74.30306770995519 84.9127309699581 97.45815656284952
23.591246199949985 39.22095190936362 54.06288279478546 15.090721636830821 7.759216988916305 46.93879407191413 15.838128387854034 20.263813368430814 32.96489711932072 38.31030685049734 37.08284178166807 8.52989993095217 0.0 14.575118722775457 54.20702272652426 9.59529097303848 28.870590522112547 28.141332635623236 63.33373598575694 8.739937954311321 8.271207792488587 30.10538964928926 53.40604206047398 26.030081324232636 18.504539988745314 44.955566249289156 59.068416336828655 48.62475334257751 7.92397746151583 11.654705799041098 45.231270073766645 29.849834764693046 29.673369528317394 21.387084205309517 45.09859485139939 6.932996208047095 20.37595281154987 32.08318831619217 40.41929045589241 22.13307437331524 94.18770065140744 81.20321809954478 70.10919735272161 61.93007125324563 57.91429137841345 58.919384032893326 64.71182065332859 74.17845305819773 86.11598755236967 99.64025779772714 86.16604458685416 71.79030413320558 59.00688533353122 49.0762823324859 43.9756146071583 45.36443644868491 52.73247320441937 64.04841596678631 77.60405702657461 92.41906712072343 79.8579835045654 64.11981641561466 49.43797583461268 37.08888407382986 30.09595419441498 32.166082536343445 41.97923942169663 55.57486382267574 70.80666427062425 86.81768938996932 75.69325444438371 58.87687830627098 42.45252904502101 27.14148186970068 16.42605389004938 20.0420270249921 33.649113520223395 49.614062791401 66.25375464961559 83.164158001993 74.03452033612656 56.73856545841414 39.447851765223334 22.174643114104818 5.100017188144411 12.610279264770332 29.845296123280903 47.129373515586295 64.42303613608637 81.72019892135015 75.04815369227246 58.04901742696215 41.30211056510717 25.313101574507918 13.204345754728973 17.511974291981318 32.2132985224765 48.65631327063825 65.54303854545049 82.6017908021568 78.63085988072243 62.59197625083181 47.44901541214261 34.40600010796406 26.736619654748548 29.062536451553466 39.66264523113008 53.854712289046994 69.47118000991703 85.73721406348743 84.45627628084367 69.73849852891458 56.50450759476643 46.05177746555276 40.58914466678053 42.10578047841409 49.97019574179844 61.804933484759744 75.771926010485 90.89348363425492 92.09974618791902 78.78313884037792 67.30454521057041 58.75133844856002 54.51822499112148 55.60083691929535 61.72008100538166 71.59596954881174 83.91243313662712 97.75126156147867 101.14986308073046 89.14993357248576 79.13796310103679 71.9486931433694 68.47702081718145 69.2840602791514 74.23038684608088 82.57548272639723 93.41285273989858 105.9806702159078
37.534053389643276 43.63424761942162 45.49747129785199 29.631896653364166 15.427451927444151 40.79585715647382 6.631014265016668 33.90084712628956 20.113909190506114 52.48570368255632 30.84680630671328 16.647244474052005 14.575118722775457 0.0 49.425185554718425 6.412935512575551 27.784181733954224 28.02223593045751 54.050956062329696 8.86924806397704 20.626545391757883 25.930639597884927 44.13550484747318 32.16239614926833 13.141070910865112 39.215539386749455 48.38479519633893 41.43801691221678 12.072229054885495 22.84296365680441 50.92815671034148 18.260987815954145 29.985553257878998 23.805598884562947 54.39081232233353 20.522399112558244 28.77044522268156 35.15204628884922 34.5898445771889 17.059069750019543 96.43901002756692 81.75426459734015 68.30622004317723 56.97738503580053 49.25249137653502 46.945672862446834 50.800465417928024 59.633725066158334 71.62665590524442 85.4592142440842 90.33840078691043 74.49510037723861 59.470341964452054 46.072024443309104 36.155906420624696 33.02386972764022 38.37460937116802 49.531339441626464 63.504368347479925 78.80967124216811 86.1391499677442 69.3674199602683 52.93804472270493 37.3061126165379 24.07835813448946 19.14420159636295 27.42162306446895 41.66655974074261 57.61050965025686 74.16570148028073 84.12652816803471 66.86349712955493 49.627565273393074 32.46192695024169 15.600373311857233 5.628505432656757 20.462208559474597 37.47582373540011 54.670707238432826 71.91695610243796 84.4570322989762 67.27696299266945 50.180697545999166 33.297571605399796 17.264627287122988 9.280067232834991 21.745922658408286 38.18853058996074 55.159367263475474 72.28734977240966 87.10398986701163 70.55654230379128 54.47987978824169 39.45377004074241 27.27368086565923 23.017784306143557 30.240604320021628 43.564675297538145 58.99134467664567 75.23820564404856 91.86735270616597 76.33366569605278 61.74749771754246 48.96310203322112 39.7583221188059 36.915713800400376 41.755509861584784 52.18220207025734 65.58314381477618 80.48616168560899 98.44030909795495 84.09510199446197 71.07868049383261 60.25838015919561 52.99685703542994 50.84252402780839 54.40550120246525 62.718863113950235 74.2027892807382 87.61936430435925 106.48821094134522 93.34709867370756 81.76989410107946 72.50960847645936 66.54069470190353 64.77945485628918 67.55578792120305 74.36319104144833 84.22990485521778 96.21934603546478 115.70359016817187 103.69131586371992 93.35491599448109 85.30577262282334 80.2352322443312 78.72098381094757 80.9628139298167 86.66974290377385 95.22076758035982 105.92935367369508
73.47968193274224 92.19079719026924 14.981535254334732 61.28655421154694 46.879802826907515 9.352715725918511 55.97280539388754 57.736938923774765 60.838872387005324 72.01824704584598 78.48431899775991 46.598445227048884 54.20702272652426 49.425185554718425 0.0 47.73358787375802 25.876029684804493 27.143310816539394 20.689579120405917 46.75171798696828 51.0519432348152 74.92112187600236 17.976246503581432 79.58279569701475 37.12492847924152 10.37018022984514 25.51615434539892 11.097321440140037 46.36188913543064 65.83719870195627 98.90850342656836 62.40084310702149 26.32565278015442 34.34539251492093 49.84326245934191 53.35331125012835 42.750779216369516 29.12094499337985 14.877506459198942 66.30011230563738 145.8469874866802 131.10260448181694 117.06036876926076 104.00507133434681 92.35620002603122 82.71014688012912 75.83506448037491 72.523330776758 73.25979732223018 77.92977733147252 139.29786425455205 123.81035544051363 108.8706113167461 94.7381267968943 81.83221918224241 70.82660722340884 62.72958833539439 58.756199522411045 59.73506072338947 65.4443331743678 133.90389942741507 117.73749707573867 101.94452374910404 86.72921881650187 72.45641890270593 59.804779522238334 50.01994039560316 45.01200940568352 46.355919950126456 53.57579125149024 129.80925536604977 113.08075114521296 96.55453734166859 80.35552242344089 64.7298245613197 50.21552840262247 38.10455745795972 31.321305954992386 33.298648857786944 42.84022322706536 127.13959241885775 110.02015150452172 92.96829392174376 76.0295059395291 59.30075912824058 43.02774051797943 28.01615669792882 17.80830646979404 21.167869134297902 34.318125665818286 125.98556926688534 108.6906637973824 91.39841726892311 74.11069093693335 56.831609975198745 39.57250084258313 22.379618022642976 5.867310464216942 12.911890282554586 29.96200992248156 126.38872606606016 109.15557903499214 91.94826729245358 74.78462641132259 57.703638556584366 40.80922106167298 24.490573910467333 11.528094512347884 16.27018074661681 31.547641208006706 128.33438253545177 111.39242521723502 94.58087418231769 77.98411272046177 61.77550180271562 46.363931236419035 32.889608191629165 24.749732219128507 27.241198091636054 38.34484597234218 131.7541936687241 115.2980884298359 99.13040565295243 83.41901424479798 68.47870496541074 54.94215697965007 44.12090975037483 38.384570138116054 39.985025397907826 48.19684399773458 136.53738956001564 120.71063796634267 105.34874405005439 90.68824627460873 77.13014026264969 65.36405317096354 56.52044535018763 52.10913954401618 53.24344552432261 59.607608108522115
