0.0 39.009456297468674 48.47033622341385 51.97056219947174 4.659455076620584 43.32031210594899 31.695792328107842 47.060341175069034 30.533073201009287 43.92325215510315 10.634733689638878 34.283152240238664 50.95485890458192 32.51767429979833 6.668463933219942 31.350510090168218 8.440468348101987 48.43879306139486 10.132575185135188 47.798327559398466 13.610694952725021 29.41302570417794 51.229436486393666 47.040790737306786 6.522057584950476 35.28191079846548 27.92427162467297 61.4329775027624 19.174024988104954 51.6735701492433 12.09221216733802 19.46688919982635 47.24690875950168 9.628910941549295 3.7746453624792453 33.01192089829453 34.16394947676577 49.732506187484816 22.918513581006717 27.387788172466884 101.18590992271243 72.5690380060697 51.853172927624335 50.06043512235215 68.68880653453553 91.12627904808069 57.87447252141701 28.10261393016169 24.998115000432872 53.431274561314176 89.18237593967436 54.7920900023909 21.111686566119904 16.854872493832133 50.17293471767152 95.84936498884977 64.99569903639005 40.701481097436776 38.517655435959824 60.87231344007179 109.56615298232863 83.76268663990464 66.5011948038103 64.98773417318286 80.11977110039423
39.009456297468674 0.0 85.86815563962574 90.47497639844795 43.65148328782059 72.49550983959615 15.113208807672276 85.88155722152626 41.76484714217857 82.43197264650894 31.456776882019092 9.68010072292611 85.64105525742103 66.17784351715243 32.34683581282999 67.80584529079245 46.55802654117094 58.40956701146963 48.117031810952035 80.72501529923325 45.561660690331955 15.509708179571708 88.91443304204353 85.98635095406858 45.484982456206374 72.26100662805072 16.60757664304028 99.81906984713893 28.077264239119966 90.66488203045675 27.801419491675514 57.56102617391086 77.72188148413481 45.32897624542672 36.071724023102995 70.1762112782942 68.99066517110815 62.49490105340066 61.91355236193831 59.15613506216693 139.7185563173859 109.43820934578547 82.62537526560754 63.81197302924792 60.924276434148794 130.01442839411604 96.86733577379549 65.2506239774715 39.074814910460844 34.5090195887032 125.91384112489774 91.34265138306532 56.81125351227974 22.503579241820127 13.422280762542112 127.95689374487606 94.11365070693452 61.12802934546455 31.7920874460343 26.07070783872021 135.86660960032236 104.52248078426886 76.05896948168183 55.13428293511841 51.85957904873259
48.47033622341385 85.86815563962574 0.0 29.86042108067048 44.38567217814946 58.4151989543084 74.63341954085604 12.176072531500692 55.067809511936495 27.95457947353783 58.73238886997315 82.51156537712528 48.37199776218533 22.29855384348208 54.78493620937893 18.17947797887965 43.7039409733229 58.84250813560715 38.43107571788069 17.74154922051943 40.539144880758485 72.82680208774444 3.418001450607461 22.013808082750547 42.196362865198104 36.77568778876724 71.30448096140702 15.564854528247198 59.239966524060705 21.457664335679773 60.5420136731382 36.937228018081996 57.49186490679989 40.62213516444982 50.50276846358587 15.699354180121322 43.81962547739467 55.744225267932656 27.95780072034363 29.445926354768318 65.83771880564221 52.02496680777066 58.93548227504648 81.45542901527365 110.41460367598545 46.84890354275981 24.216673495417023 37.0529130141853 67.48505779825764 100.64984483066134 40.742577555197656 7.516197696335031 29.11842735573664 63.514772906943506 98.05724820249088 52.249873585601016 33.41803898794575 43.56965150521542 71.23690684614051 103.1790309282567 73.51893474039558 61.377544419776996 67.2618262777735 87.61212650355418 114.98868320615541
51.97056219947174 90.47497639844795 29.86042108067048 0.0 47.34881067637655 36.9308143026357 83.39732184944451 17.71474185683504 72.09556214433964 8.054793665713813 59.22355626001585 84.22216115802061 21.241204753798833 43.788076557471285 58.45333973697627 36.259996345787926 43.969446379092304 81.84146338143911 44.8582611774776 46.669905411835025 51.829566695695 81.17613854163642 28.494495164747864 8.3175720743909 45.87869277705489 19.956251691977133 79.65100833823122 26.504180893554455 69.19189063103393 8.938512819028457 62.67882165659377 32.91458556153311 33.78314604451781 48.90609433404623 55.416681541743976 33.13006256508432 26.438056130153115 79.89463672086266 30.375739459152975 48.42562004673239 49.259856876468994 23.93015204655622 33.370882179547095 63.635087026335576 96.85080147794932 44.46090463957427 11.27024151902544 25.925244677849125 60.10051534298834 94.58794448836993 55.950271674979824 35.63834481454762 42.4803670300672 68.80336318849405 100.28985606514556 76.72972242040004 63.259834261782466 67.16353634960603 86.10953637545875 112.75434159298032 101.23076141736341 91.22503565074099 93.76054672795446 107.95724170304898 130.05070113282056
4.659455076620584 43.65148328782059 44.38567217814946 47.34881067637655 0.0 40.57860649593993 36.18888464999726 42.530365724974544 32.60705499166648 39.30691084416971 14.348149187820674 38.7298291132093 47.01107079610494 29.74021532538494 11.304872890423646 27.73855193059728 4.592118055022743 49.631292593315834 6.812014821717906 44.85537401789399 13.189284668025977 33.926290078866636 47.05099320780639 42.38185104507561 2.223228437772982 30.99858540568435 32.42181562160778 57.029315156094874 23.05153295222852 47.02080699694679 16.466202017540315 15.051933148558666 44.163623657059965 8.288877969372168 8.1135040648703 29.13285654792516 30.40153564725954 50.477905442851394 18.313161351952225 25.39442588428967 96.54738122220719 68.16209782747502 48.637013143101335 49.79818494205934 70.6326561040947 86.55128829586644 53.222347706267286 23.8528610265019 26.460301532073597 56.799507299045494 85.12806332286142 50.897201552680215 18.141545640984486 21.50718071229374 54.68870594312663 92.67359808595444 62.60835383462975 40.57145495080214 42.03696877326347 65.44461269124712 107.31204302668134 82.58561930271019 67.22845361437491 67.92433996563064 84.27655349320858
43.32031210594899 72.49550983959615 58.4151989543084 36.9308143026357 40.57860649593993 0.0 71.63190915462957 48.18566408130316 73.15624702269645 32.71891029328875 43.584886488754385 63.80583528190864 18.504576774236607 59.10846810059579 47.11658677259324 52.502324357208686 36.03976435004212 89.34277113860301 43.752631954684524 69.88716281924277 52.54219301056778 69.31737187700188 58.868862549107725 39.9152156137768 40.89061560313089 21.64043281040292 68.09205087297734 61.72760982645151 62.09484328818589 44.017398418342125 47.87838953341509 29.595687941224597 5.571982759413288 47.596960888350566 46.89446228025572 51.04554162229523 14.936582850948685 89.46266993347093 37.22859761015262 59.16303645818967 77.70479790444568 43.29630132538271 10.293564556329027 27.05917415285974 61.264133162334325 80.51167947253552 48.110132208518806 23.27840690670505 34.11786559311428 64.66079488075621 92.27794254782175 65.7951012348934 50.37437809836273 56.044326640397344 78.35279883678695 110.16888757897289 88.98137847458324 78.05718312892455 81.62657753985958 98.12037853126019 131.71111839065642 114.36979510473799 105.86650656875037 108.30337138827156 121.02131694110544
31.695792328107842 15.113208807672276 74.63341954085604 83.39732184944451 36.18888464999726 71.63190915462957 0.0 76.29581876783274 26.80462144247221 75.38906874806959 28.05405185073446 19.963069394582487 82.04136051593561 53.71088348612282 25.73919381946136 56.46173864564123 40.07844337733825 43.362766835354485 38.904489775496806 67.57701247824745 34.198047988729485 2.339046153606227 77.84929819386763 77.88074247895771 37.529940610617636 66.90876949964553 3.7717719043030407 89.31424604547193 15.393752592866674 82.25044725172764 23.76069067451709 51.16265275330959 76.36254853871267 35.31356270269507 28.075405477363514 59.16930646026482 65.10806208947113 47.392973656134785 53.428707008032596 46.43994725983656 132.4270285771026 104.25260389736637 81.20995321544113 68.67511301196626 72.3342889570344 120.21631863322577 88.3856482510315 59.723569644415186 41.43198197061739 47.55140265192376 113.75665882456929 79.46406053830982 45.64370319673586 15.716539055692902 28.38173342884143 114.03002720578304 79.85132380684956 46.308430862705634 17.537322216151953 29.41928990350959 120.9907795065201 89.4265634753848 61.23945316859574 43.5689090430254 49.40696193957408
47.060341175069034 85.88155722152626 12.176072531500692 17.71474185683504 42.530365724974544 48.18566408130316 76.29581876783274 0.0 60.266754225335994 16.277942514964185 56.41591047930735 81.24701750494896 36.587954355002616 28.871714734488403 53.70259508819215 22.19207543142978 40.6220456392908 67.13427893330379 37.8133419268216 29.142425827109125 42.422659449672 74.2728870384628 11.259465949424936 9.876298103151072 40.53833744655488 26.884182876711076 72.7219878922202 15.268038897546136 61.13123117046745 9.70151043397897 58.98142355673402 31.52355738466736 46.63371183708541 41.03236147214036 49.81262221368877 18.906647758867898 34.262386970261126 64.6132289000056 24.31481982199769 34.88971533076552 58.34499780001062 40.479761020928095 47.62254561200799 72.7463137407013 103.4938113525105 44.13846615729777 14.001341756970348 28.960710822752926 62.25961609095712 96.48133832104983 45.785355780028645 18.51413302143149 31.37031054314378 63.40558800281901 97.21774395963746 62.03558779936283 45.59396136073348 52.000186031550484 75.65741376510421 105.54091169926689 84.87903370237636 73.51222254985615 77.44929303562193 94.80236676438774 119.88049932482123
30.533073201009287 41.76484714217857 55.067809511936495 72.09556214433964 32.60705499166648 73.15624702269645 26.80462144247221 60.266754225335994 0.0 64.81313774734923 35.840816561918 44.26169886815271 77.61757394165978 32.771294082319606 29.501217408209083 38.178062198921275 37.11831188118326 19.21411647501018 30.14800763912204 43.98780144800752 21.4367663828056 26.271857601232806 58.478692391585604 64.88765252479082 32.303602968533326 60.660192664883255 25.30907199789633 70.58887127886636 16.92693299927554 68.28913404368079 33.05470774999618 45.35992002971874 76.53711853220655 25.93916163286631 27.54935485900498 41.41542213741606 61.93712643449861 22.055449881181122 42.595431463320196 25.727194599516178 118.577162577389 95.40004445330418 80.84879102894442 79.79109646701504 92.69004625953387 101.91541207101041 73.89951382068448 54.13251473819421 52.861368178483644 71.0853249585465 91.08911339003704 58.230712541860306 29.6521399330382 27.613893909821265 55.14208089932449 88.2728111475858 53.76170194376334 19.580753825423404 16.47255782673878 50.53848354314609 94.18793959114916 62.92599640040752 37.984566194319974 36.342904436938234 59.946804125281474
43.92325215510315 82.43197264650894 27.95457947353783 8.054793665713813 39.30691084416971 32.71891029328875 75.38906874806959 16.277942514964185 64.81313774734923 0.0 51.215949144532324 76.249963038575 20.41776672030076 38.055430176860916 50.39913999475492 30.39274938683493 35.9160117274569 75.49770602701577 36.9783226321962 43.20137682152597 44.20602720068384 73.16024744657982 27.506023047472276 7.198327458557235 37.86112200811446 13.04777841553318 71.63821183048577 29.00877823516718 61.28474041363592 11.545606576051416 54.64001693705312 24.876866713974916 30.62174725958859 41.085038369312 47.38387655736703 27.49626529609543 20.20493742556386 73.85877377392822 22.61552530221058 41.96120392975407 57.31330708623391 30.61027164854187 31.368833478967215 58.53084758873624 90.89861355905892 51.19407300341186 16.706334405759666 18.227024206637374 52.72761626638764 87.30998182563552 59.64237690778264 34.740268247682856 35.37506876807712 60.75146813433938 92.33050637723248 78.06344717789153 60.994176093182475 61.16750916810244 78.46926638444256 104.72905176180898 101.1471916223915 88.42605722878888 88.3305581751204 100.89655150013414 122.28101808882711
10.634733689638878 31.456776882019092 58.73238886997315 59.22355626001585 14.348149187820674 43.584886488754385 28.05405185073446 56.41591047930735 35.840816561918 51.215949144532324 0.0 25.12507286461861 54.6902957894274 43.110674703159205 6.628463227883723 41.91199110662727 15.845628738159784 54.822584211839 20.69053042632248 58.40693151850791 23.392248336310256 25.73492448468258 61.37726757307355 55.25509358971078 16.5485111563507 40.80624255839538 24.510486014489288 71.1555434599851 20.513935031985643 60.07869785180663 4.293895831749326 26.380822347041413 48.319570569975234 20.086601814296237 10.392963123407892 43.44448250477073 37.83868348774665 56.85226619486787 32.105941189418864 37.72503703074687 108.39525317572351 78.04676418490116 53.17781692646261 44.26374760734674 59.03807938616486 100.16237791037321 66.25747334651649 33.800189434635314 17.020635813215087 42.79953840071941 99.47496585183892 65.22331800291147 31.74500630736611 12.500458941366206 41.22656129488263 106.47929105087988 75.38826518033996 49.231756412954866 39.483735404320576 55.57867480500273 119.83376426394662 93.15523903465241 73.41956412585124 67.06513677762273 77.45837000668031
34.283152240238664 9.68010072292611 82.51156537712528 84.22216115802061 38.7298291132093 63.80583528190864 19.963069394582487 81.24701750494896 44.26169886815271 76.249963038575 25.12507286461861 0.0 77.79259894708832 64.2900954753228 27.768606897246762 64.83659269926764 40.90599854591023 62.35218176604002 44.11848473659016 79.33981870659312 43.32349133693265 19.19020331520738 85.37733697321893 80.37959921334406 40.77648802789125 65.33906153603651 19.596890711436398 95.71604402897216 28.378955009184168 85.19604288718273 22.266620457447296 51.47890587539686 69.14179309061765 42.04045397139717 32.0087969135394 66.87441946786984 61.44454804015875 65.98782859855098 56.962128095098926 57.69063731751069 133.27069411546438 102.0936823574486 74.02679443127147 54.14440748461674 52.707415823911134 125.17487810569182 91.37855794307475 58.533542915450624 29.952537333508246 27.62204538869054 123.0680724358562 88.49775467360702 53.97044295177122 19.713417854827927 16.102266163680902 127.24821798383007 94.17316508395277 62.76858417383295 37.497191799148375 35.59519241892514 137.14140729418227 107.05222297492325 80.66830624365872 62.84391110595838 61.53148005905272
50.95485890458192 85.64105525742103 48.37199776218533 21.241204753798833 47.01107079610494 18.504576774236607 82.04136051593561 36.587954355002616 77.61757394165978 20.41776672030076 54.6902957894274 77.79259894708832 0.0 55.888205632030825 56.34755358132009 48.363442181810946 42.58485652485322 91.13251001043001 47.58190330176211 63.11676267446072 56.18110568893358 79.70627885581096 47.846874803660626 26.916251690796454 46.43247935921748 17.059109882917 78.3101494574893 47.66121856993213 70.03627718794026 29.74200385564514 58.81751769970014 32.468404486639876 13.873472164900386 51.87664250784001 54.72882892935433 45.94752004335495 16.9345654459619 90.2347022584447 35.989959985251616 58.239773885964944 59.360049328444376 25.298172082005795 12.297685508756237 45.357713024625376 79.73872770824593 62.722939280552076 32.35397436859686 23.54225474918695 49.56350891260875 82.18084100592893 77.08232711198235 55.09868818175573 50.24790959734635 66.39763619209083 93.20539929342624 97.70391478143443 81.28432157338615 77.86503597893352 88.95798810288389 110.26704126546487 121.43751789147278 108.44538529754607 105.68050291836971 113.89017546370548 131.02752267626883
32.51767429979833 66.17784351715243 22.29855384348208 43.788076557471285 29.74021532538494 59.10846810059579 53.71088348612282 28.871714734488403 32.771294082319606 38.055430176860916 43.110674703159205 64.2900954753228 55.888205632030825 0.0 37.696874605465496 7.668780143372257 31.265673698371014 38.34561929842117 22.92821032080102 15.311290506053778 20.967161485112427 52.10843918874167 25.711893769222982 35.6705083910891 27.621670764290315 39.76138046913256 50.64115653475207 37.83794750313785 38.49171918295917 37.950997281347355 43.68342748670663 30.470447829884733 60.2904055187086 23.06898879478112 33.25915681178487 10.6611739472336 44.55538628057391 36.13057523734994 21.887232636745125 7.3577625178242325 86.91286843628957 67.71093505690615 63.32828662633715 76.36065860442844 100.23076180154423 69.14745674049323 42.86900141712643 35.9021250669314 55.99111250248715 85.8829294266663 60.04590945755714 25.936234128758183 11.606842426595911 44.62737829619809 79.01481220755093 63.45341002583005 33.00982175881439 23.40527350927519 48.99806863989752 81.53931591307793 77.74200119762679 55.5752433701307 50.28123864791288 66.0500159230457 92.69203096911463
6.668463933219942 32.34683581282999 54.78493620937893 58.45333973697627 11.304872890423646 47.11658677259324 25.73919381946136 53.70259508819215 29.501217408209083 50.39913999475492 6.628463227883723 27.768606897246762 56.34755358132009 37.696874605465496 0.0 37.324300922047165 14.552682126076483 48.34534279018038 16.36005175580843 52.997949172400816 17.297946013100077 23.414749344301576 57.61924254273638 53.670301256320144 13.176875527655792 41.23777288336097 21.986995932091634 67.99240632634348 15.186441847926908 58.32383015484009 5.987956199826872 25.711665340820772 51.46374881958416 14.709051101207423 4.445541020745532 39.201691794969925 39.42646439187975 50.277113692420855 29.586866010408617 31.86938120463428 107.70037064493187 78.62769835437086 56.21446431469742 50.325172503898514 65.57427786016318 97.78495562571817 64.52573720027672 34.06007882155588 23.48301878543469 48.349357463518345 95.42402358685366 60.922987081748076 26.68951423583459 10.387671686697582 43.56984064400784 101.14809024447652 69.47272631182409 42.62411771627241 34.66991910062587 54.60790546607914 113.74273048298042 86.64903193811007 66.88408648796745 61.9167797006251 74.75743766192363
31.350510090168218 67.80584529079245 18.17947797887965 36.259996345787926 27.73855193059728 52.502324357208686 56.46173864564123 22.19207543142978 38.178062198921275 30.39274938683493 41.91199110662727 64.83659269926764 48.363442181810946 7.668780143372257 37.324300922047165 0.0 28.153176461056244 45.639534870911156 21.227745925628323 18.398549707518058 22.368328943823236 54.6476671412489 21.39258020089797 28.236724317980553 25.517076005502833 32.50992870120926 53.12501954713402 33.08500929294787 41.06805998170185 30.829433778432122 43.22764197270546 24.947839614287588 53.33637154420885 22.79623524991295 32.93450403804875 3.2968585205092813 37.732719146316235 43.64155215829014 15.6981365408124 12.70495418275692 80.5305504607187 60.18988926624838 56.171794785526245 71.29174451796189 96.97705754304751 64.35009761688929 36.05706181179935 29.225473235165826 52.94322243049891 84.53804618477793 58.25767600074723 23.664144680408594 10.994592930705181 45.569998944239096 80.16996278939686 65.14811931766853 37.45003694254035 30.912311762553884 53.88390024139742 85.12471043615977 81.80371894019329 61.867633111566654 57.94954846101913 72.68759765439648 97.99803101802584
8.440468348101987 46.55802654117094 43.7039409733229 43.969446379092304 4.592118055022743 36.03976435004212 40.07844337733825 40.6220456392908 37.11831188118326 35.9160117274569 15.845628738159784 40.90599854591023 42.58485652485322 31.265673698371014 14.552682126076483 28.153176461056244 0.0 53.85241997970107 9.16879743491407 45.987376555595404 17.089365558020287 37.78127814653223 46.142610467806456 39.537061395828815 5.041825037816977 26.850711643757613 36.30726176751057 55.4854750069417 27.455023137332773 44.31231801399765 18.840250325131258 11.159098246541285 39.576203255525506 12.04735535660722 12.190380828716298 29.05014253209553 25.88629139350647 54.50945918597304 16.36005175580985 27.82642471237888 93.22919171636572 64.17481927285355 44.04489621846331 46.43617718327674 69.04711749330967 84.31760251935043 50.50466765679615 19.66813308090432 24.8555850059094 56.952747048832876 84.34328049025152 50.54713177525916 19.775911041256 24.94015525930857 56.98935506949429 93.2988453734015 64.27503721616954 44.18943577349684 46.57200901045385 69.13767263175667 109.00469629630922 85.31960273681987 71.2151968946653 72.51574166662989 88.54501777705573
48.43879306139486 58.40956701146963 58.84250813560715 81.84146338143911 49.631292593315834 89.34277113860301 43.362766835354485 67.13427893330379 19.21411647501018 75.49770602701577 54.822584211839 62.35218176604002 91.13251001043001 38.34561929842117 48.34534279018038 45.639534870911156 53.85241997970107 0.0 45.59476899102964 43.35642120730652 36.87096791090304 43.45940591230587 62.1468161316791 73.87579846939798 48.82377363809028 74.11912170771298 42.82451022774336 74.03124627108335 36.06380740783292 76.29653734846671 52.210633164986945 60.20681821686005 92.11498945653194 41.88952815623932 45.894224853868444 48.85594914807026 76.76308421518112 4.9791461865507 55.1446778868163 33.53663537178714 124.62007137538228 105.7500652926395 96.076353169353 98.3510558145046 111.84752984815154 104.339242845256 81.13108780501874 68.35637365387146 71.81712073912338 89.65248710686575 88.49482152486497 59.6236494122352 40.90781253869327 46.76261444461481 71.37827763445189 79.77659100957003 45.84134047632574 15.277571544314283 27.57229696696554 60.678749162131744 80.53368623452884 47.1347387085535 18.77609924351916 29.63527539355574 61.63445893041945
10.132575185135188 48.117031810952035 38.43107571788069 44.8582611774776 6.812014821717906 43.752631954684524 38.904489775496806 37.8133419268216 30.14800763912204 36.9783226321962 20.69053042632248 44.11848473659016 47.58190330176211 22.92821032080102 16.36005175580843 21.227745925628323 9.16879743491407 45.59476899102964 0.0 38.062128739352374 8.85755257638266 36.77582568573293 41.26056341238776 38.99698577277195 4.732049985378301 30.77943102499336 35.22782746352163 51.76716683781887 24.338690912208566 43.34762719431361 22.129497870433998 15.21317875564946 46.7004522822023 4.311554881068867 12.156352545448168 22.899355705102224 31.807046396319958 45.896535131936865 14.57283451812214 18.79547441338586 93.60609157847061 66.91184743890642 50.86350144115901 55.603972295242826 77.40357353449708 81.94834685030449 49.49170423779167 24.045185264749954 33.19274001703656 63.40496790141395 79.10336112899392 44.67044269428449 11.331764679515674 25.616851146510307 59.82383276112857 85.95089970081487 55.8146966539634 35.18288696695192 41.89537776486892 68.31867819750921 100.52916570596929 76.21587938647532 62.50109608121606 66.32264606482086 85.35677699719713
47.798327559398466 80.72501529923325 17.74154922051943 46.669905411835025 44.85537401789399 69.88716281924277 67.57701247824745 29.142425827109125 43.98780144800752 43.20137682152597 58.40693151850791 79.33981870659312 63.11676267446072 15.311290506053778 52.997949172400816 18.398549707518058 45.987376555595404 43.35642120730652 38.062128739352374 0.0 36.101826538390995 66.16330830688027 20.481273985969477 38.44598835760636 42.69351490153309 48.89800020367052 64.7560290612628 31.41913666767797 52.72960266811714 38.79258690369489 58.98245452964966 43.306108438851595 70.10057977704753 38.37990540970671 48.563701053430684 19.010484925512298 54.95762478139638 39.657068705928666 33.94193830182479 21.669787002017678 82.6369840368818 69.55068632591593 72.39120578463582 89.65733238272662 115.0267346791778 61.01372465287807 41.94770219086606 46.81203967489534 70.83746617554397 101.18966540679413 47.108340737472744 16.429531409467558 26.74910588993128 59.631797371477106 93.76160876274321 48.15101633325424 19.192251860894622 28.513403645671424 60.43620886364941 94.27038768565471 63.408538487504956 45.33037808299354 49.8383389400913 72.85391757785978 102.59796786726663
13.610694952725021 45.561660690331955 40.539144880758485 51.829566695695 13.189284668025977 52.54219301056778 34.198047988729485 42.422659449672 21.4367663828056 44.20602720068384 23.392248336310256 43.32349133693265 56.18110568893358 20.967161485112427 17.297946013100077 22.368328943823236 17.089365558020287 36.87096791090304 8.85755257638266 36.101826538390995 0.0 32.32412110800794 43.705501572092416 45.248852916296606 12.049617261198664 39.239972260735875 30.792594285262155 55.11718206711498 18.84185043539154 49.19810049954085 23.184731744125052 23.990861785043183 55.55436342245213 5.044699055633775 13.031111584941522 24.982473182711065 40.62640774415436 37.420135090881466 21.63024032521031 14.640399881081475 99.78026914492239 74.59122380951608 59.719227471992795 62.95798990845561 82.19378175702673 86.09553540601675 55.168469706168956 32.70343621710159 38.60447239979479 65.61959841560308 80.35246597852812 45.78668193773767 11.453207139262943 23.680918933936876 58.18290252479156 84.19257396496496 52.177443412109604 27.412110209090212 34.28124948656053 63.19672809335922 96.47806608926045 70.1549727184572 54.13152992922047 57.736680225450655 78.30469545207563
29.41302570417794 15.509708179571708 72.82680208774444 81.17613854163642 33.926290078866636 69.31737187700188 2.339046153606227 74.2728870384628 26.271857601232806 73.16024744657982 25.73492448468258 19.19020331520738 79.70627885581096 52.10843918874167 23.414749344301576 54.6476671412489 37.78127814653223 43.45940591230587 36.77582568573293 66.16330830688027 32.32412110800794 0.0 76.01944374689172 75.72406308631678 35.299335453508 64.60213414025866 1.5515034367052885 87.41400818403176 13.642287118215574 80.12180518350984 21.44105481802243 48.87868016885947 74.03621561986165 33.255393600299634 25.813945352422223 57.30654334376178 62.77262616925225 47.33347580270854 51.2717672523755 44.881512508391246 130.24023059820792 101.95590560926557 78.88132921319999 66.66550756815423 71.14129667603603 118.246073247233 86.26721246254742 57.41737813838506 39.323071322894336 46.804677378425694 112.14250896059815 77.77385384300885 43.777328154895415 13.378664822614159 28.92014830177563 112.88943163751986 78.83722508081331 45.62281476432048 18.504682688388844 31.59516136488031 120.35933106178939 89.11582077505196 61.57683076971941 45.12868600925733 51.733027679811784
51.229436486393666 88.91443304204353 3.418001450607461 28.494495164747864 47.05099320780639 58.868862549107725 77.84929819386763 11.259465949424936 58.478692391585604 27.506023047472276 61.37726757307355 85.37733697321893 47.846874803660626 25.711893769222982 57.61924254273638 21.39258020089797 46.142610467806456 62.1468161316791 41.26056341238776 20.481273985969477 43.705501572092416 76.01944374689172 0.0 21.065723710064407 44.88261733425394 37.30084998330389 74.49234446943092 12.14759818277898 62.4564359651221 19.777544103629747 63.318674091464885 38.82247630872921 57.62516583684111 43.61175266165941 53.38115088898474 18.760334847241367 44.51526364316845 58.983939450998506 30.124852692392867 32.840298814918484 62.61185181756987 49.90904810099607 58.79105224385335 82.56311653721107 112.12383442393319 43.436760906882874 21.819253337998752 38.21325259527327 69.56486736162009 103.02006652740704 38.20226206821488 7.256826045346488 32.260870750488046 66.5110486994603 101.0026186630378 51.36390001406876 34.93826568931667 46.88224825665238 74.63269123573924 106.47517366531393 73.64236023543509 63.087841191564756 70.22628124633896 90.98440434902635 118.40341834090205
47.040790737306786 85.98635095406858 22.013808082750547 8.3175720743909 42.38185104507561 39.9152156137768 77.88074247895771 9.876298103151072 64.88765252479082 7.198327458557235 55.25509358971078 80.37959921334406 26.916251690796454 35.6705083910891 53.670301256320144 28.236724317980553 39.537061395828815 73.87579846939798 38.99698577277195 38.44598835760636 45.248852916296606 75.72406308631678 21.065723710064407 0.0 40.679321585342784 19.744697551232854 74.18091167061658 21.814582409897397 63.2350791037833 4.9791461865507 58.372278710950084 29.007944633116622 37.76535366416105 42.813599508132214 50.25904635537905 25.043485974092878 27.089273657864506 71.80098117683777 24.452795532309665 40.62123762979803 54.64297506733739 32.08663640090708 38.315614037839914 65.58549271638073 97.61999775807224 45.49227309176822 11.02969117576418 23.84566207463008 58.398899373959026 92.9897931623022 52.4981053642719 28.31709142707987 35.24918813528529 63.859172079673066 96.47965303642286 71.03047266167923 55.40870026310213 59.07382332400507 79.39839833466752 107.30000573730182 94.53701556202174 83.22453682315121 85.49924361103066 100.44221571012811 123.53897215808928
6.522057584950476 45.484982456206374 42.196362865198104 45.87869277705489 2.223228437772982 40.89061560313089 37.529940610617636 40.53833744655488 32.303602968533326 37.86112200811446 16.5485111563507 40.77648802789125 46.43247935921748 27.621670764290315 13.176875527655792 25.517076005502833 5.041825037816977 48.82377363809028 4.732049985378301 42.69351490153309 12.049617261198664 35.299335453508 44.88261733425394 40.679321585342784 0.0 30.117926730080715 33.77722626817787 54.94708675929766 23.89424533119383 45.25837072875412 18.53581827200973 14.117469178018013 44.24824079361905 7.011015124485091 9.586028241580156 26.915037172411136 30.041595692893516 49.469012424397576 16.42888697298729 23.482763790649077 95.00249072234388 67.0617447847901 48.61988795315059 51.237885566647115 72.67434108240373 84.6084879400591 51.45438636562494 23.051224537140936 28.460700287325835 59.02127922024188 82.93715398836407 48.6836941246694 16.01516324840535 23.188826026109485 56.690481294554765 90.47328393595157 60.53873248151833 39.23377160712311 42.52607692779479 66.87655256847802 105.25707691593006 80.82071347789929 66.17926589619215 67.9865778303368 85.20226709685866
35.28191079846548 72.26100662805072 36.77568778876724 19.956251691977133 30.99858540568435 21.64043281040292 66.90876949964553 26.884182876711076 60.660192664883255 13.04777841553318 40.80624255839538 65.33906153603651 17.059109882917 39.76138046913256 41.23777288336097 32.50992870120926 26.850711643757613 74.11912170771298 30.77943102499336 48.89800020367052 39.239972260735875 64.60213414025866 37.30084998330389 19.744697551232854 30.117926730080715 0.0 63.139739272446675 41.20257372470184 53.98930764297459 24.471972128653945 44.62129414518256 16.001838568823548 21.211652088577495 35.09054851547564 39.0022567452732 30.52591836828618 7.424041161963448 73.32682719412111 19.020569962777433 41.47197919055061 68.05575280729997 37.40076443415347 23.683175160917568 46.01969476850195 77.9074819433166 64.1309894612413 29.745245696163423 7.185361454243355 40.16631850681321 74.63170111290465 72.03351949140703 44.16947437503511 33.28498377754276 51.57199788653658 81.27905590651645 88.65470315064054 67.80298345043494 61.070567780485796 72.5035546997835 95.8055225386492 110.11410732479364 93.93366968713248 88.97556423064034 96.97663028345116 115.2691705163643
27.92427162467297 16.60757664304028 71.30448096140702 79.65100833823122 32.42181562160778 68.09205087297734 3.7717719043030407 72.7219878922202 25.30907199789633 71.63821183048577 24.510486014489288 19.596890711436398 78.3101494574893 50.64115653475207 21.986995932091634 53.12501954713402 36.30726176751057 42.82451022774336 35.22782746352163 64.7560290612628 30.792594285262155 1.5515034367052885 74.49234446943092 74.18091167061658 33.77722626817787 63.139739272446675 0.0 85.87465712447064 12.15568340879525 78.5744880309825 20.21973370859335 47.39115784075654 72.77186996073318 31.70391383403975 24.308371025546663 55.77429913460835 61.37899912944677 46.599989526997554 49.728293155558134 43.42993000314173 128.70413482244513 100.4811299767791 77.60754194391652 65.91034500960711 71.1349880223089 116.69823987594752 84.71880882431877 55.954446771782116 38.462316961477654 47.144731482934695 110.6662277428799 76.27859038384943 42.24553334610468 12.074732840553159 30.02941237190654 111.58152764751482 77.58850444044594 44.54619170631734 18.536419154808275 33.13129849615741 119.2842720934058 88.2152083360004 61.07309482315142 45.527325410002966 53.01288829659598
61.4329775027624 99.81906984713893 15.564854528247198 26.504180893554455 57.029315156094874 61.72760982645151 89.31424604547193 15.268038897546136 70.58887127886636 29.00877823516718 71.1555434599851 95.71604402897216 47.66121856993213 37.83794750313785 67.99240632634348 33.08500929294787 55.4854750069417 74.03124627108335 51.76716683781887 31.41913666767797 55.11718206711498 87.41400818403176 12.14759818277898 21.814582409897397 54.94708675929766 41.20257372470184 85.87465712447064 0.0 73.95153413811315 17.99434780832322 73.48159917702863 46.75033703515728 59.424230794613905 54.5352165821275 63.913671417640316 30.189668019132355 48.62300879949169 70.705580488132 39.126934432305475 44.90712495779977 51.233775217110825 43.48200622328528 59.59268511901743 87.21645192210477 118.56200471614233 31.349210292186914 16.2364099346726 44.037702026136856 77.52333559904244 111.69273071858163 30.839846689748665 15.239249634358293 43.68322451430692 77.32440926017038 111.55606312376773 50.29782301411836 42.385467122346924 58.80480094202115 86.68507006024123 118.1753700834373 75.62412101502137 70.40178231823612 81.17001872824052 103.03150313382228 130.5264993890611
19.174024988104954 28.077264239119966 59.239966524060705 69.19189063103393 23.05153295222852 62.09484328818589 15.393752592866674 61.13123117046745 16.92693299927554 61.28474041363592 20.513935031985643 28.378955009184168 70.03627718794026 38.49171918295917 15.186441847926908 41.06805998170185 27.455023137332773 36.06380740783292 24.338690912208566 52.72960266811714 18.84185043539154 13.642287118215574 62.4564359651221 63.2350791037833 23.89424533119383 53.98930764297459 12.15568340879525 73.95153413811315 0.0 67.4483908596189 17.00879803146066 37.990725182393355 66.25084478771625 20.422865365345913 15.420880038435953 43.78843311883133 53.31393960280857 38.960303156617535 38.89152524724171 31.30370983829046 117.87657661523573 90.91134776065785 70.91989519685372 64.72373958879668 75.78565792558793 104.92673201754775 73.5263781520696 46.87712963988432 37.19717852289447 54.44834896250899 98.51086172252099 64.13187604594589 30.269753556387048 10.69912346597172 41.322358511008446 99.89631855553387 66.22125949366145 34.43956299054307 19.538662475304946 44.410389617905636 108.78537168156805 78.88717057002367 54.8354473071932 46.74910582833689 61.309408119752966
51.6735701492433 90.66488203045675 21.457664335679773 8.938512819028457 47.02080699694679 44.017398418342125 82.25044725172764 9.70151043397897 68.28913404368079 11.545606576051416 60.07869785180663 85.19604288718273 29.74200385564514 37.950997281347355 58.32383015484009 30.829433778432122 44.31231801399765 76.29653734846671 43.34762719431361 38.79258690369489 49.19810049954085 80.12180518350984 19.777544103629747 4.9791461865507 45.25837072875412 24.471972128653945 78.5744880309825 17.99434780832322 67.4483908596189 0.0 63.12734167591168 33.90621618411598 41.4863238585128 47.03963828759148 54.815228416017106 27.548258611896678 31.72841617801137 73.95493292665215 28.903703678392283 43.46239019511755 50.58955255352013 30.782880047296036 41.60174353084179 70.0618363292462 102.37896873140164 40.518760623988115 6.202617263222333 28.81022900078523 63.37539321372569 97.96788234243785 48.26170257275642 26.825107595937563 38.79203295989177 68.44631623396637 101.29074761116443 67.98183262095358 54.689016909917136 61.27841331607631 83.15043998653368 111.65905141555241 92.29654491642364 82.77831306544222 87.0664492063309 103.45822631798426 127.36311536796879
12.09221216733802 27.801419491675514 60.5420136731382 62.67882165659377 16.466202017540315 47.87838953341509 23.76069067451709 58.98142355673402 33.05470774999618 54.64001693705312 4.293895831749326 22.266620457447296 58.81751769970014 43.68342748670663 5.987956199826872 43.22764197270546 18.840250325131258 52.210633164986945 22.129497870433998 58.98245452964966 23.184731744125052 21.44105481802243 63.318674091464885 58.372278710950084 18.53581827200973 44.62129414518256 20.21973370859335 73.48159917702863 17.00879803146066 63.12734167591168 0.0 29.764408226755425 52.60856776271589 20.689645115608442 10.432156225618307 45.025126976976196 41.92776957275695 54.52856631437416 34.70777601193531 37.798411511303414 111.91755951902593 81.95368014054102 57.46373552502584 47.77620501815931 60.480247067691295 102.94331671315149 69.3247352088381 37.54141610731575 20.190183032080792 42.43554659046959 101.23230250830899 66.78160834074609 32.65640206839935 8.243253095821235 38.266370212429415 107.1331787882668 75.35262763668817 47.67964655735161 35.545866290607314 51.463562211981106 119.52352388863711 91.98127367866614 70.92258184672325 63.200051346312804 73.16595062913214
19.46688919982635 57.56102617391086 36.937228018081996 32.91458556153311 15.051933148558666 29.595687941224597 51.16265275330959 31.52355738466736 45.35992002971874 24.876866713974916 26.380822347041413 51.47890587539686 32.468404486639876 30.470447829884733 25.711665340820772 24.947839614287588 11.159098246541285 60.20681821686005 15.21317875564946 43.306108438851595 23.990861785043183 48.87868016885947 38.82247630872921 29.007944633116622 14.117469178018013 16.001838568823548 47.39115784075654 46.75033703515728 37.990725182393355 33.90621618411598 29.764408226755425 0.0 31.935012269752146 19.466213114983486 23.125264524229078 24.551231559915035 16.653384275950696 60.04120897302112 9.475670137179527 29.66323415566406 82.16100711782066 53.1188869202726 35.88357230323907 46.35164432649329 73.51291491310721 74.3000118527056 40.037167550306755 8.961644961312723 30.86260919321886 64.9580132304227 76.68835375103544 44.27498306739623 20.839648941771205 36.099226146276116 67.57857357609815 88.49997736187166 62.397865960482825 48.47215756332572 56.57221173873261 80.28753902408188 106.64805383035893 86.03791351990623 76.32809549873537 81.51180396967018 99.28298259881905
47.24690875950168 77.72188148413481 57.49186490679989 33.78314604451781 44.163623657059965 5.571982759413288 76.36254853871267 46.63371183708541 76.53711853220655 30.62174725958859 48.319570569975234 69.14179309061765 13.873472164900386 60.2904055187086 51.46374881958416 53.33637154420885 39.576203255525506 92.11498945653194 46.7004522822023 70.10057977704753 55.55436342245213 74.03621561986165 57.62516583684111 37.76535366416105 44.24824079361905 21.211652088577495 72.77186996073318 59.424230794613905 66.25084478771625 41.4863238585128 52.60856776271589 31.935012269752146 0.0 50.71919424483713 50.909532696677246 51.574349189756084 15.791312963525685 91.96549999992162 38.617216046911906 61.002926207261766 72.57065820897009 38.05075001905526 4.906411527509549 31.545844798973096 66.03833679781052 76.50985588206805 45.05244730430161 24.50572983454562 39.575009881347896 70.19027600139344 89.62225878963577 64.71556823744223 52.334129242803634 60.69940860704055 83.81393760420511 108.63493717659885 89.01056733150476 80.24301048565717 85.73055746106861 103.2242430240865 131.002837662241 115.03841880809148 108.16911242149435 112.07988543710223 125.76911112247186
9.628910941549295 45.32897624542672 40.62213516444982 48.90609433404623 8.288877969372168 47.596960888350566 35.31356270269507 41.03236147214036 25.93916163286631 41.085038369312 20.086601814296237 42.04045397139717 51.87664250784001 23.06898879478112 14.709051101207423 22.79623524991295 12.04735535660722 41.88952815623932 4.311554881068867 38.37990540970671 5.044699055633775 33.255393600299634 43.61175266165941 42.813599508132214 7.011015124485091 35.09054851547564 31.70391383403975 54.5352165821275 20.422865365345913 47.03963828759148 20.689645115608442 19.466213114983486 50.71919424483713 0.0 10.265730375892502 24.927226453361175 35.99967059932833 42.46347219385129 18.536306231582284 17.760364252110747 97.45621570509938 71.14421827736132 54.95528684272434 58.081539698108635 78.24094132428858 85.08226899008939 53.13690880038253 28.335685353381397 34.309364020892595 62.81874928736711 81.04146546217612 46.45885511280154 11.999401552079917 22.89978999699287 57.4427493360731 86.5097235343661 55.37346285733537 32.30085456080967 37.62056240918725 64.66919607218487 99.93787823240906 74.4772749929058 59.16872477989282 62.04675666023189 81.20006496344917
