0.0 52.16763361973989 38.49965067065269 10.859590529497801 42.44553177572103 17.008023908175197 13.867307732493854 16.741161682672086 35.89179625763497 23.178385716070093 42.444297403334325 54.09152498441691 39.52232685551129 23.497350197904286 14.571303569464947 30.072421339362265 68.4964019015935 18.66368350367649 52.69553054590434 30.072421339362265 38.258972233961885 53.25518458794347 48.137176346319386 1.8806583529604395 9.404858893387672 21.163609430150753 48.85153976727682 27.329903857183023 55.76939308524096 31.953179317410406 37.119187070531 58.941262926732875 38.49146814092045 47.75298374705496 35.13522093596108 27.76686798830616 57.98848803259465 35.26835779162026 27.818062420106063 12.424980697549884 85.78176793875035 63.27664750401652 55.17382807905292 66.92655129251601 91.15355180980569 70.8433147157593 41.05708790087658 27.33923344882959 46.94702222779903 77.8167854524776 65.36994915517673 30.773139271786036 3.9492212653256504 38.458562069270016 73.05737501540013 71.56758581167126 42.283346048471735 29.1321363030336 48.003326724656425 78.45250401348687 86.97582432149798 64.8715811048512 56.979301894611076 68.40870153035338 92.23692772507144
52.16763361973989 0.0 56.51416915140424 58.596226640535654 80.69137258723673 41.36596518954874 58.4225559603522 41.985514179231366 67.5263695486049 32.73473030364491 24.701950798717256 11.678495849339583 21.78668516000709 29.93287773396907 55.583319384814004 25.876238892025444 119.63461850412781 55.72742769134758 10.722338061103436 25.876238892025444 70.80996037863734 1.8847715116237531 96.45718694930223 51.731157220168086 44.53753342214618 42.026144487297174 19.905822734153904 35.232907396255825 36.479020879434515 45.88692256953178 21.024679100128925 34.86597023512376 19.645494159115703 33.5638291451185 84.93920402833145 28.69497300373399 109.82935215871345 67.08048866455782 26.32565849261251 46.962729240929576 134.52944569173684 105.98948752258727 82.24437074197994 68.478222248977 70.77543838105001 122.68188767827955 90.63373361536262 61.42414183395179 41.54756501401173 45.544467779892784 116.51549779594264 82.17697775238028 48.21930794746653 17.08798367316515 25.568501203979398 116.93290128044197 82.76232001605948 49.20111289588869 19.665886436378724 27.342171675618875 123.86753609131972 92.21770945109837 63.717056036896096 44.83791230355514 48.53690746578781
38.49965067065269 56.51416915140424 0.0 48.98485703048086 28.740357323628885 25.83181920748451 28.235166501892884 49.113205909139666 15.054661297228028 29.607994353659638 32.80861142161274 50.1662475941282 34.76937322959824 44.94684449212981 25.361387053577165 50.88299278305985 78.2462648448486 21.130193366256744 49.62156681641759 50.88299278305985 17.62338489025762 56.32042491980151 51.929180777526234 40.15507022756853 42.37195676602312 21.259004593067257 40.074971092603974 55.56974914190436 33.515534895396485 11.179304704630173 35.65712519815563 38.14514960421094 36.93261287577231 28.404591243956997 46.06465790926527 50.623377683296965 72.73091593633133 14.989650729320678 47.70793859267225 48.00852663634468 86.53272887209926 53.64291781564672 25.73048286418608 29.006870154975804 58.44300586940331 84.13380594200363 49.71829360075625 16.129899516725203 21.054503600235165 54.966026860847364 90.85889101959503 60.31530469690841 37.62133408692571 39.84500559949199 64.45707919904062 104.96841499570644 79.8472133700991 64.24612507842433 65.37835622188967 82.55829520351394 123.96543628350406 103.36670677204218 91.63305572542333 92.21307876118688 104.90272183239048
10.859590529497801 58.596226640535654 48.98485703048086 0.0 49.03040857234714 27.62680570323851 22.280288816296153 17.753681041475247 44.75119349774312 32.81472552557925 52.097613461723256 62.13711198613876 48.74198238190543 28.698946942310304 24.11048546670577 34.03845680216575 66.23432759830445 28.415898217194467 60.66617215445714 34.03845680216575 46.72614067710074 59.908751299391525 49.39172700071812 9.64987719866199 14.239942648030604 31.956246895678746 57.99375195036613 28.14769766634205 66.12950377438453 42.80668202506138 46.052317420789755 69.1024496546178 47.301546861399075 58.106290408980804 35.97657948213167 31.314342084959474 54.706863013504055 44.14486737135297 32.61421242565935 12.198505956168495 85.4752825018875 66.96725293916965 63.70226886740481 77.62810185114677 101.9266519571249 67.31977255458342 41.6654568698548 36.53627760609669 57.69419062871459 87.8474271034007 57.9259463957195 23.880447725371933 13.416029682072491 46.739249806144876 81.14171950100759 61.453084125992525 31.424133801725493 24.35808322195695 50.93134248975263 83.60342381561404 76.1257288212881 54.65882920274077 50.74302843283408 67.5050262049507 94.5188261356529
42.44553177572103 80.69137258723673 28.740357323628885 49.03040857234714 0.0 41.073872367805414 28.709535980455325 58.56267927295691 13.99324621856065 48.86208506942393 59.36693002170856 76.52355460744579 60.04971861512613 60.471298712706975 29.283985359098814 67.45453787602148 51.16821139847686 26.858343228532085 75.71301894799699 67.45453787602148 11.12141192777268 80.92192739328769 25.159250367622242 44.285185140432624 50.76070862077413 39.018410443153556 67.05000738963594 68.24001528257682 62.246885329818554 36.17846747564348 59.907590948054995 66.86727390457976 61.39934004091705 56.75113392731973 25.00237925237333 66.0798870181373 48.00609653942668 14.257950809904413 64.40895603547499 54.84135425725188 57.79618823512172 25.541518459324756 18.952299729820112 49.607064759397865 83.41092729441321 57.94377321099866 25.870713626354974 19.38961503868928 49.77419911334015 83.50949048779437 70.51785982920457 47.641913212906736 44.289438000565625 63.62527663168238 92.35592248478842 90.47745730453077 73.84884385206159 71.52545022485612 84.69288727729514 107.81761040199756 114.00659020731766 101.09802690189233 99.19064026456391 108.8642219892867 127.5096787674866
17.008023908175197 41.36596518954874 25.83181920748451 27.62680570323851 41.073872367805414 0.0 17.30221203079451 23.389225481069122 29.774699546093526 8.673181153904373 26.384434167450515 40.36393332869766 24.3121829350719 20.159553280433297 14.249455965702944 26.85460722147266 78.83228000647244 14.626059738606333 39.15010402104697 26.85460722147266 32.9252638344918 41.99104111761962 55.10183949820127 17.98121930846516 17.260073015795406 4.862429651192369 33.45450960965528 29.996568584633124 38.80929774254095 16.573809798932988 22.605811214869096 42.11057240584654 24.132134407730593 30.808463934764045 43.92140309201272 25.943815637955694 69.80642338242072 29.197850245254045 23.702748247145212 23.020136158235047 93.16384186145245 65.56659960460212 48.096444859049264 52.176321299362634 74.3389566263973 82.53206301521654 49.4790974246286 21.901327856799377 30.099878164020293 61.05067233634772 80.8167944271447 46.58935671674185 14.305064611480212 25.170506635483676 58.799036994818266 88.53787870989495 58.87407023990786 38.576987641131744 43.646757651872306 68.67839966594595 103.60633058783422 79.59190094250933 65.8045711102373 68.70505359568207 86.63312950064139
13.867307732493854 58.4225559603522 28.235166501892884 22.280288816296153 28.709535980455325 17.30221203079451 0.0 29.890239878739468 22.49266812808803 25.938322719699585 42.84203639825472 57.62247728050331 41.34718759713847 33.34255471014874 3.611348405955192 40.375779088968535 61.53017838272974 7.184895543920894 56.430255573306404 40.375779088968535 24.613513769932847 59.14018233944526 38.164926176572614 15.739583316915448 22.104390690679406 18.536241778598843 50.26067249114667 39.84789416041722 52.872579347996194 25.27675862126459 39.84781063878424 56.772626202491786 41.385156392893535 45.243726187255845 26.624864024265914 38.590983540649155 52.67268552339239 21.881954008685856 37.574486601447326 26.172827936734507 76.30876657067898 50.78699167814811 41.598438353907994 57.23951873593779 84.95360980040334 65.33197980614138 32.230972918556944 14.291766321925094 42.00624350486498 75.62833689558379 65.63797861106003 32.8411973492307 15.607511497379509 42.467572942307086 75.88310255039596 77.09251272774895 51.94653147809419 42.99357282023471 58.25178995285172 85.6324314652214 95.77529977997354 76.8012790466968 70.8429319180256 80.83168727297644 102.1937300214838
16.741161682672086 41.985514179231366 49.113205909139666 17.753681041475247 58.56267927295691 23.389225481069122 29.890239878739468 0.0 50.31530997512709 23.517527338324165 40.746516925381435 47.190361404086175 36.506716099493985 12.48874349215809 29.498040176969695 16.54938627068317 83.45119499101887 32.8200972574339 45.65541690038312 16.54938627068317 53.065812867071884 43.460914932381925 64.56148027402101 15.155481653867993 7.804792980196408 28.186005633863687 45.09959300299909 10.836491684875378 56.569875643216854 39.82058271902258 33.37417475375035 58.625948389686634 34.28343985714428 48.85557760264 51.34516398117749 13.743589043673195 72.20868370787387 49.69257573639139 15.661185506790916 5.573068211224333 101.80087630649977 80.0088432349593 69.52820633016722 75.24418819625345 94.25478311732671 84.91013382293055 57.242439120168214 41.6951261917304 50.94203530968951 76.46253380701958 75.14318216989568 41.56709501307184 14.282849516419885 32.78760488539525 65.88554560168281 75.32468912968504 41.89132942888524 15.192382461083684 33.19011604557574 66.0848654088747 85.39123000644548 57.94717909411406 42.64865870563626 51.71807939031209 76.97681796467079
35.89179625763497 67.5263695486049 15.054661297228028 44.75119349774312 13.99324621856065 29.774699546093526 22.49266812808803 50.31530997512709 0.0 36.664691171266206 45.53920423652388 62.794688358851836 46.474270058735634 49.874552518810965 21.34512994052564 56.62911757956753 63.35668247905039 17.54861314923319 62.039322861290714 56.62911757956753 3.291339243689127 67.64072441343468 37.00935791253977 37.76273342316903 42.66548696397057 26.78883475668096 53.17890483466729 58.92502833450101 48.41217069599389 22.31885242709364 46.56838229557298 53.010181170875406 48.02230472909717 42.768829687704596 32.41403876617975 55.63866240619493 58.427417901761764 0.6262821232309492 53.47590937546656 47.59711092976755 71.62484045295393 39.423982644894075 19.319164626302783 39.83788288572152 72.08141771893807 69.46988132309713 35.39759297383527 8.646832521346356 35.936037399733635 70.02058841763845 78.19659783535008 50.29709418370389 36.6021245416079 50.44265482939593 78.38389757371262 94.84711189929534 73.37984395223171 64.56005579416549 73.11752562618635 94.44107552412233 116.05903637012034 99.08197301010392 92.51735466126496 98.47015049789194 115.01289601764952
23.178385716070093 32.73473030364491 29.607994353659638 32.81472552557925 48.86208506942393 8.673181153904373 25.938322719699585 23.517527338324165 36.664691171266206 0.0 19.32118706045574 31.906360490532084 16.407222628569862 15.725412690404191 22.922386111859925 21.28362465279679 87.452516937852 23.03996303564201 30.64459036797515 21.28362465279679 39.922323905031384 33.3288366419196 63.76263041638318 23.604156432547057 19.848766907303272 9.90356338087929 25.727170674095447 26.960596130451933 33.7600940573363 18.705838577124858 14.280385050657593 36.41716077502544 15.759493689515324 25.821231213801678 52.56302759138755 21.196549308324844 78.26816838615424 36.134079620355685 18.119900558598008 25.15168791752614 101.80308762835782 73.74595489800772 53.92464742629808 52.650487752785864 70.93013919028245 91.0326994300802 58.14323768382553 29.48159125700668 27.43240364673277 55.052281776012826 88.28603466966878 53.78321178628362 19.639187713575414 16.541323698847446 50.56072544012628 94.2672345145367 63.043534428458145 38.17716416744114 36.54226861402057 60.066728128245195 107.52931048702239 81.40106909892017 63.9100695489848 62.750628949578065 78.6483781268714
42.444297403334325 24.701950798717256 32.80861142161274 52.097613461723256 59.36693002170856 26.384434167450515 42.84203639825472 40.746516925381435 45.53920423652388 19.32118706045574 0.0 17.38248218480608 4.836550754938078 29.533086520288638 39.36432401699067 31.325624738102842 103.64699836546933 37.86427687813547 16.814819988547917 31.325624738102842 48.71618924143219 24.148433109329407 78.57844636277974 42.92225749646699 38.69873457443798 24.31203420885105 7.75775851359739 40.32400005279813 16.462193428391913 23.220354982911708 8.047456217666005 17.91211738557759 7.966716035779375 10.14200479683458 68.83932355774215 32.909594014789505 95.43351366846913 45.19263223291953 29.13535903134147 43.552205625641456 115.7969831320466 84.90416172507736 58.33787331814505 44.63982144995816 54.56129824500879 107.9827591419992 74.00088286088032 41.07108327196527 17.099295978403394 35.95534438354694 107.18220968930875 72.83861822290874 38.95837075241629 11.175737789932235 33.569207542834334 113.5438267195796 81.83353479453854 53.81523512297274 38.603846056228996 49.79216418623505 125.98698061758483 98.23359898446708 76.30025547667151 66.24489669005665 73.14240921428353
54.09152498441691 11.678495849339583 50.1662475941282 62.13711198613876 76.52355460744579 40.36393332869766 57.62247728050331 47.190361404086175 62.794688358851836 31.906360490532084 17.38248218480608 0.0 16.682162449462833 34.702972154414056 54.38617115757833 32.74211371524004 119.10697377903057 53.62131330137573 1.550971368202288 32.74211371524004 66.00042417438816 10.113546171718962 94.70498041227361 54.059301453978826 47.916390664191916 39.64844380885809 10.35757703227914 42.614402963078426 25.585834390103564 40.501945681044575 17.775391361147854 23.48043427336053 16.237584939047274 24.137007809816513 84.16970786780816 35.3025163093025 110.15353531593816 62.427066856950205 32.115067784184525 51.47390438085107 132.34049596681592 102.06142051263113 75.59003062886875 58.3606408109497 59.100495384035774 122.89412800644826 89.59727521643978 57.855122094222324 32.58215735928495 34.21720624940816 119.42686340574139 84.8245796477249 50.224469332403764 15.640963041316889 19.01674335495635 122.44787513279172 88.98985480767668 56.91877437411607 30.905338986315932 32.64006072034108 131.5106231861721 100.99299416029204 74.15471924569198 56.5071372866394 57.28863241991504
39.52232685551129 21.78668516000709 34.76937322959824 48.74198238190543 60.04971861512613 24.3121829350719 41.34718759713847 36.506716099493985 46.474270058735634 16.407222628569862 4.836550754938078 16.682162449462833 0.0 24.977738800440132 38.00357759552761 26.511948028764753 102.66702405712117 37.01553092568038 15.72962465310967 26.511948028764753 49.72104063493072 21.551399795935602 78.06510960340815 39.83101520503894 35.01230830341082 23.08795504678496 9.32960790499143 35.60203356002257 21.261096005868602 24.381122356359594 3.2729518596263323 22.445771616934646 3.181982263751385 14.882035488516793 67.74530607707044 28.148200407027474 94.0117851960744 46.07554885066339 24.378820639680377 39.61603890419997 115.6591352572317 85.56078147922797 60.49021796699345 48.91107233768796 59.33234287054344 106.67726349817298 73.08906596415424 41.21686724859192 21.22485087352385 39.96253257824242 104.69177872883368 70.18689449383061 35.87318461802294 6.513384779737635 34.537176761406094 110.08201300703124 77.93097604535683 49.22657739654139 34.17756973357638 48.03944295902344 121.8729475126677 93.71796092469422 71.46940764121085 61.86659376642919 70.29831995045353
23.497350197904286 29.93287773396907 44.94684449212981 28.698946942310304 60.471298712706975 20.159553280433297 33.34255471014874 12.48874349215809 49.874552518810965 15.725412690404191 29.533086520288638 34.702972154414056 24.977738800440132 0.0 31.600012948738797 7.046603227556599 91.9910545995926 33.61400183985657 33.167201400280675 7.046603227556599 52.979055617405436 31.303644847655335 70.8783956407807 22.65915704452012 14.88281769132058 23.96526872133477 33.07414223223511 11.430284079124645 45.83899417868302 34.3086372478248 21.732549587679234 47.403818560826736 22.43643289856649 38.51704354952954 58.2623638341649 5.786919309975452 81.41507775730997 49.28794075690124 4.342872036742322 17.08278924514568 108.85729645973343 83.99478258979804 68.22832850922067 68.18984470660976 83.90097634807437 94.25549185961164 64.16045474289682 41.75950131682269 42.02349031922581 64.6754769441256 86.62296333873988 52.427952742075256 19.715349375033355 20.580381298621337 53.41592935609756 87.79698232957186 54.32845357261442 24.283739721125805 24.953307357436497 55.23118201961369 97.45975072396512 68.74026636820183 48.44439508220305 48.61387246098542 69.09827611946567
14.571303569464947 55.583319384814004 25.361387053577165 24.11048546670577 29.283985359098814 14.249455965702944 3.611348405955192 29.498040176969695 21.34512994052564 22.922386111859925 39.36432401699067 54.38617115757833 38.00357759552761 31.600012948738797 0.0 38.644082189986975 64.72080262836107 4.321642050704174 53.22369306256944 38.644082189986975 23.820778653213967 56.2339163567233 40.87438619898912 16.43345067441998 21.7130183122373 15.054751657475292 46.83464336339028 38.958381162744296 49.26160243253013 21.75295305326916 36.61666756289577 53.16331195523194 38.161542042958104 41.63506540974876 29.783559733578915 37.04987491517409 56.08544159140459 20.720164383376925 35.72595430757191 26.34730192150573 78.97208449292884 52.41406832358429 40.65342472953918 54.341414055408585 81.53587906999383 68.69506540346022 35.26462640717887 12.768202936579783 38.43580885833776 72.0169914998688 69.24405380550962 36.31288170667512 15.406543134820476 39.38207165749237 72.52160621356722 80.39755426754995 54.51903121104463 43.30935653539704 56.33731916376384 82.86678625884137 98.6204840783725 78.76926587808647 71.25973041921792 79.66213453267527 100.04457377775306
30.072421339362265 25.876238892025444 50.88299278305985 34.03845680216575 67.45453787602148 26.85460722147266 40.375779088968535 16.54938627068317 56.62911757956753 21.28362465279679 31.325624738102842 32.74211371524004 26.511948028764753 7.046603227556599 38.644082189986975 0.0 98.50556184020482 40.59768839847172 31.194492692728442 0.0 59.7705025310952 27.4814706703182 77.78419089032353 29.062511689309826 21.018540209184053 30.322801524577894 33.27502093300005 9.885765640966039 47.77294973744083 39.966556078633474 23.278978030509204 48.68907329468451 23.534031581972442 41.045912728668576 65.06205783429688 2.8452263923140793 87.71356488942949 56.051192583273355 3.1937895694502023 21.916173600177956 115.69742892589082 91.04137213145624 74.7390237774297 72.65029779439837 85.81936683009283 100.52035982198299 70.97279937905756 48.62870144853745 45.68566294083782 64.84154403714703 91.68519499492466 57.91871338900881 26.416456538486763 20.878946995066475 50.684130804129246 91.05761375703536 56.92930185910498 24.192011794892863 18.01147125461415 49.582500908958636 98.79418723327653 68.52918303217456 45.02254842650629 41.8644748107282 62.23393029709742
68.4964019015935 119.63461850412781 78.2462648448486 66.23432759830445 51.16821139847686 78.83228000647244 61.53017838272974 83.45119499101887 63.35668247905039 87.452516937852 103.64699836546933 119.10697377903057 102.66702405712117 91.9910545995926 64.72080262836107 98.50556184020482 0.0 65.78756263734874 117.93916517850842 98.50556184020482 61.38082868880155 120.4672248410842 26.348946853648613 69.44305364887232 77.51677519072322 79.58862687643897 111.28715087330545 94.18815445526303 110.65369520360214 82.41906387050744 101.33623614485192 115.07553400138596 102.8799047971601 103.97973480244954 34.93731075822538 96.08193786873271 12.571876906291577 63.33463949173466 96.31446255964356 77.94755384782289 22.911408724329164 36.45980830745927 67.29448209281254 100.61124064634664 134.5791250307957 8.398781461274751 29.649447199989886 63.8943937925395 98.39080773407223 132.94307873885094 35.15794152704718 45.09930191981172 72.29553219838412 103.99120962011408 137.10043814507998 63.41522216593778 69.23744468279104 89.22406152579572 116.28765466195796 146.55879419798592 91.79656821778765 95.70037909781406 110.83864288254955 133.44113504172316 160.38253597580322
18.66368350367649 55.72742769134758 21.130193366256744 28.415898217194467 26.858343228532085 14.626059738606333 7.184895543920894 32.8200972574339 17.54861314923319 23.03996303564201 37.86427687813547 53.62131330137573 37.01553092568038 33.61400183985657 4.321642050704174 40.59768839847172 65.78756263734874 0.0 52.54432926662974 40.59768839847172 20.245790574021672 56.23955963946332 41.09726592342747 20.49795332085069 25.129918038101508 13.984922280589197 45.501761850548725 41.79577833489606 46.57282537969777 18.471465621434447 35.97825969311429 50.64040631996325 37.530006695316736 39.16645711859139 30.99702626687713 39.240740571586755 57.7849111607912 16.922926823485763 37.56255450196143 30.066973831303834 78.94165396942877 50.965441046244955 36.85098839237228 50.13324470972068 77.86858686032703 70.20745945895382 36.14890811581512 8.902393681198904 35.307428815587386 69.3457230612387 72.24112387016828 39.92211754326705 19.06877628964826 39.09358333857874 71.32913539538906 84.26651778039384 58.80948443269532 47.02207821303969 57.95176580630982 83.06954568634904 102.83568411096266 83.07211698553864 74.97679104765628 82.07804611464739 101.2266565378263
52.69553054590434 10.722338061103436 49.62156681641759 60.66617215445714 75.71301894799699 39.15010402104697 56.430255573306404 45.65541690038312 62.039322861290714 30.64459036797515 16.814819988547917 1.550971368202288 15.72962465310967 33.167201400280675 53.22369306256944 31.194492692728442 117.93916517850842 52.54432926662974 0.0 31.194492692728442 65.2601683386617 9.2970641276011 93.63959707083542 52.64036782795855 46.439390764292796 38.56145830626891 10.209223693918728 41.0683226504463 26.04808012401494 39.78429561380578 16.611602236323755 24.186330521105962 15.063735874176967 24.116901341254096 83.00431614022759 33.752165787636905 108.91053981330045 61.660776412962754 30.564954158884124 49.95935055082206 131.33749753846007 101.24153247242023 75.13287299052105 58.607511309362145 60.16247362721481 121.66493288688224 88.46002125292864 56.9458735148549 32.4858022223445 35.53392558397339 118.01116769872095 83.41169113380901 48.81842993096402 14.276636543166996 20.475838639395814 120.92323165147378 87.44656902633729 55.37344154088429 29.67110942395289 33.00564427281678 129.96035051504597 99.46513113625805 72.74427703291246 55.54228385491617 57.20977781392133
30.072421339362265 25.876238892025444 50.88299278305985 34.03845680216575 67.45453787602148 26.85460722147266 40.375779088968535 16.54938627068317 56.62911757956753 21.28362465279679 31.325624738102842 32.74211371524004 26.511948028764753 7.046603227556599 38.644082189986975 0.0 98.50556184020482 40.59768839847172 31.194492692728442 0.0 59.7705025310952 27.4814706703182 77.78419089032353 29.062511689309826 21.018540209184053 30.322801524577894 33.27502093300005 9.885765640966039 47.77294973744083 39.966556078633474 23.278978030509204 48.68907329468451 23.534031581972442 41.045912728668576 65.06205783429688 2.8452263923140793 87.71356488942949 56.051192583273355 3.1937895694502023 21.916173600177956 115.69742892589082 91.04137213145624 74.7390237774297 72.65029779439837 85.81936683009283 100.52035982198299 70.97279937905756 48.62870144853745 45.68566294083782 64.84154403714703 91.68519499492466 57.91871338900881 26.416456538486763 20.878946995066475 50.684130804129246 91.05761375703536 56.92930185910498 24.192011794892863 18.01147125461415 49.582500908958636 98.79418723327653 68.52918303217456 45.02254842650629 41.8644748107282 62.23393029709742
38.258972233961885 70.80996037863734 17.62338489025762 46.72614067710074 11.12141192777268 32.9252638344918 24.613513769932847 53.065812867071884 3.291339243689127 39.922323905031384 48.71618924143219 66.00042417438816 49.72104063493072 52.979055617405436 23.820778653213967 59.7705025310952 61.38082868880155 20.245790574021672 65.2601683386617 59.7705025310952 0.0 70.91696543133774 35.058136410461714 40.13800231586313 45.361767668913906 30.036321610815936 56.33066657390929 61.86566624418699 51.12556887922312 25.503529179625154 49.844323757385176 55.746014152567575 51.294476337967524 45.69159551986062 31.582353337959656 58.73145230527614 56.99897445735587 3.790121401715843 56.626431181307176 50.16208927999847 68.90934854939745 36.34776642245372 16.99031431659075 40.63287200758697 73.54072779658784 67.72777955073543 34.0763351066284 11.41021800313873 38.65283307388616 72.4758021931605 77.58363028717427 50.795781770562954 39.19218679041662 53.72771973612559 81.43790599695085 95.1047800513626 74.68683476806007 67.12744031476383 76.34676847238367 97.705325982814 116.8930183850989 100.77083065667102 95.0800689873438 101.58914987014865 118.30117441131877
53.25518458794347 1.8847715116237531 56.32042491980151 59.908751299391525 80.92192739328769 41.99104111761962 59.14018233944526 43.460914932381925 67.64072441343468 33.3288366419196 24.148433109329407 10.113546171718962 21.551399795935602 31.303644847655335 56.2339163567233 27.4814706703182 120.4672248410842 56.23955963946332 9.2970641276011 27.4814706703182 70.91696543133774 0.0 97.09096239542053 52.8718494845142 45.794693194639024 42.44269044047841 18.88838525254773 36.927489194077936 35.26424382506679 45.82870139550955 21.072641892845155 33.48249529898005 19.633471576018966 32.69146352718978 85.70754882987048 30.284594462107698 110.77656739642119 67.20729627492884 27.803324811318713 48.368848669349255 135.12196919208796 106.28579338455546 82.03756364441863 67.51609054284856 69.14804247159748 123.62127514929317 91.3691086305621 61.71898981680655 40.80415110045343 43.76698689220158 117.80587992032375 83.41003325370306 49.306125901301655 17.314922926160104 23.735441033692098 118.51600809161272 84.40088199352981 50.949214826680034 21.51708634378551 26.925757579195928 125.64102246835283 94.05918423765546 65.60037735894292 46.41664183428187 48.99403564599009
48.137176346319386 96.45718694930223 51.929180777526234 49.39172700071812 25.159250367622242 55.10183949820127 38.164926176572614 64.56148027402101 37.00935791253977 63.76263041638318 78.57844636277974 94.70498041227361 78.06510960340815 70.8783956407807 40.87438619898912 77.78419089032353 26.348946853648613 41.09726592342747 93.63959707083542 77.78419089032353 35.058136410461714 97.09096239542053 0.0 49.51376748219867 57.54132670307124 55.08217632615659 86.30712587597507 75.3451091133622 84.60483541786559 56.621153369079664 77.07333692404939 89.08343088293475 78.6252696215236 78.15873110917498 13.416005157464413 75.68767099344628 23.278416714579645 36.99329796543113 75.201376854237 59.47646050503448 38.14451861392206 20.94005138167291 42.62409095811811 74.76621185126935 108.43433803597743 32.80010771273866 7.9250798516973155 38.00815748889446 72.25847009926726 106.73708955547549 48.01368198431444 35.79098191102288 51.492761238435044 80.10520506660035 112.14728102649656 71.71704161520593 63.97639128456457 73.73870918428307 95.79451877888107 123.7358332358588 97.9272517704499 92.18784627826561 99.00575073946011 116.19107397448074 139.97599783860292
1.8806583529604395 51.731157220168086 40.15507022756853 9.64987719866199 44.285185140432624 17.98121930846516 15.739583316915448 15.155481653867993 37.76273342316903 23.604156432547057 42.92225749646699 54.059301453978826 39.83101520503894 22.65915704452012 16.43345067441998 29.062511689309826 69.44305364887232 20.49795332085069 52.64036782795855 29.062511689309826 40.13800231586313 52.8718494845142 49.51376748219867 0.0 8.129576635954368 22.323954304209238 49.148348550279266 25.85119046992434 56.58697930146901 33.33530075428495 37.323006099165625 59.656156398726516 38.65781396083917 48.56343986103667 36.41304079755052 26.668926009847812 58.75680108002533 37.138989311085155 26.941125911399137 10.637500134334504 87.02237960551687 64.93341343008267 57.0490354111137 68.46624962549558 92.27921146232185 71.59634518992777 42.331558533242614 29.20142068397742 48.045010261585986 78.4777737377702 65.370972861265 30.77529385423732 3.9658199764851165 38.460254050671416 73.05825725052168 70.816139454094 41.010610661755685 27.27003543451353 46.907137458631865 77.79295805234764 85.73609989302992 63.215292189933386 55.10410544334921 66.86962416216794 91.11216034345247
9.404858893387672 44.53753342214618 42.37195676602312 14.239942648030604 50.76070862077413 17.260073015795406 22.104390690679406 7.804792980196408 42.66548696397057 19.848766907303272 38.69873457443798 47.916390664191916 35.01230830341082 14.88281769132058 21.7130183122373 21.018540209184053 77.51677519072322 25.129918038101508 46.439390764292796 21.018540209184053 45.361767668913906 45.794693194639024 57.54132670307124 8.129576635954368 0.0 22.11559893937279 44.143176748809545 18.003686178854586 53.60886047167758 33.81338406481512 32.17043767746913 56.19003511164532 33.34534421470898 45.66112222083645 44.5074102333431 18.566442771088276 66.70182967220065 42.04087113604276 19.06254910879554 5.760087848701967 95.13608398637376 72.4276103668198 61.93078539079705 69.42524601560731 90.54880760307034 79.51787443671383 50.428484141870534 34.02651114111848 46.55541534570697 74.64477024779255 72.01887134521192 37.64432629564517 6.505880981414436 32.59465270748887 66.91300318756034 75.11202205212325 43.2205179711512 22.11459751911504 38.79358975528257 70.11187290042889 87.68329614102605 62.41602175179929 49.97964157951321 59.11831210476193 82.98668888405163
21.163609430150753 42.026144487297174 21.259004593067257 31.956246895678746 39.018410443153556 4.862429651192369 18.536241778598843 28.186005633863687 26.78883475668096 9.90356338087929 24.31203420885105 39.64844380885809 23.08795504678496 23.96526872133477 15.054751657475292 30.322801524577894 79.58862687643897 13.984922280589197 38.56145830626891 30.322801524577894 30.036321610815936 42.44269044047841 55.08217632615659 22.323954304209238 22.11559893937279 0.0 31.793105801877154 34.329754052408816 35.25138724652614 11.711677987940377 21.99545196021601 38.832173045311066 23.546905159175527 27.355441969969185 44.68242877672493 29.727270256815945 71.13697850806695 26.250982936307537 27.130933678348786 27.87546397119696 92.88629643190504 64.05717575776471 44.425202715082946 47.314846255914524 69.99006990854451 83.72449105132058 50.00115300157955 19.62881798013315 25.793719842594008 57.79439216341933 83.53788089913085 49.69093714229518 18.832201612959178 25.198517728742676 57.53372635657869 92.38088157558506 63.32886655301694 43.378385945438964 46.342684065653806 69.34281027139606 108.05855171262742 84.40435502059262 70.47198182213646 72.1336663889971 88.51548994702456
48.85153976727682 19.905822734153904 40.074971092603974 57.99375195036613 67.05000738963594 33.45450960965528 50.26067249114667 45.09959300299909 53.17890483466729 25.727170674095447 7.75775851359739 10.35757703227914 9.32960790499143 33.07414223223511 46.83464336339028 33.27502093300005 111.28715087330545 45.501761850548725 10.209223693918728 33.27502093300005 56.33066657390929 18.88838525254773 86.30712587597507 49.148348550279266 44.143176748809545 31.793105801877154 0.0 42.91344175034038 16.83455155055184 30.87488756063747 11.972746149241042 16.156977546284615 10.861538678945557 13.92153315159739 76.4344139648239 35.34583190735957 102.91847154859103 52.84636027356272 31.69320776886846 48.547431425893954 123.5547050156045 92.57750946719695 65.34703782243764 48.628031138753876 53.4223309186059 115.51756430452795 81.65053276406984 48.82783989874005 22.278981321913474 31.676405722509354 114.00080850212069 79.51030036589714 45.19341367570628 12.564022658038548 25.84797751007315 119.25357494341097 86.8092748746824 56.96591221331022 36.73159386550845 42.98993725913822 130.4604528113514 101.53140717320038 77.40865616976362 63.799294458265734 67.40457265005686
27.329903857183023 35.232907396255825 55.56974914190436 28.14769766634205 68.24001528257682 29.996568584633124 39.84789416041722 10.836491684875378 58.92502833450101 26.960596130451933 40.32400005279813 42.614402963078426 35.60203356002257 11.430284079124645 38.958381162744296 9.885765640966039 94.18815445526303 41.79577833489606 41.0683226504463 9.885765640966039 61.86566624418699 36.927489194077936 75.3451091133622 25.85119046992434 18.003686178854586 34.329754052408816 42.91344175034038 0.0 56.76318337498675 45.25965577724311 32.329800553095005 57.99949590381439 32.788763862458985 49.66083488901379 62.16174501438722 7.567769181016654 82.82460733879842 58.314948596732755 11.265315460163935 16.247828228702833 112.63725337233068 90.40722733669911 77.81080571612405 79.56327698206627 94.87279603866025 95.46513476100515 68.06425037445435 50.464838986503295 53.43655434804855 74.55895840788429 84.42199765492317 51.618563421754736 24.427940592323466 30.39437881900038 60.380112920815094 82.02261702250125 47.63172737750785 14.307574102784914 23.140556917749276 57.106195340198646 88.96922416949546 58.699923158608584 37.02255702861312 41.115557884330876 66.37122186882006
55.76939308524096 36.479020879434515 33.515534895396485 66.12950377438453 62.246885329818554 38.80929774254095 52.872579347996194 56.569875643216854 48.41217069599389 33.7600940573363 16.462193428391913 25.585834390103564 21.261096005868602 45.83899417868302 49.26160243253013 47.77294973744083 110.65369520360214 46.57282537969777 26.04808012401494 47.77294973744083 51.12556887922312 35.26424382506679 84.60483541786559 56.58697930146901 53.60886047167758 35.25138724652614 16.83455155055184 56.76318337498675 0.0 28.45903379284006 24.505267366996787 4.653059007157252 24.281973761862716 8.024021876211501 76.82365330594635 49.369337012871455 103.8583354996882 48.26397054761114 45.594404747017286 58.839132129312205 120.02107959855023 87.03233511330856 56.027055051737214 33.14015956968088 38.10964695784138 115.91236469568842 81.32748673330596 46.77069723670223 12.477594091375433 22.77579419615366 118.48513657595277 84.92152128004237 52.720438934230586 27.24091233122039 33.15920153455575 127.33490816087291 96.7838157422729 70.10589416103751 53.4543455494868 56.521668205458845 141.2866064734767 114.36941304553514 92.70140203722559 80.63167536496825 82.48705377470735
31.953179317410406 45.88692256953178 11.179304704630173 42.80668202506138 36.17846747564348 16.573809798932988 25.27675862126459 39.82058271902258 22.31885242709364 18.705838577124858 23.220354982911708 40.501945681044575 24.381122356359594 34.3086372478248 21.75295305326916 39.966556078633474 82.41906387050744 18.471465621434447 39.78429561380578 39.966556078633474 25.503529179625154 45.82870139550955 56.621153369079664 33.33530075428495 33.81338406481512 11.711677987940377 30.87488756063747 45.25965577724311 28.45903379284006 0.0 24.882204301601607 32.74361752807432 26.241577167429742 21.564143887672895 48.368848669349255 39.88064647839697 75.40112723368311 21.975236708003344 36.81618014585011 39.57114818826475 93.1072487079689 61.70262204772555 36.61013583847339 35.61214958534188 59.92481141822943 87.50145249525312 52.95339505544259 18.613812865596365 16.844587655367373 51.14548229853436 90.71258110006343 58.06092767630654 30.136579174972905 28.98617972962407 56.27634454623748 101.91040941220717 74.21730817290226 55.00443448743834 54.19934031340094 72.41858092956578 118.85814336940334 95.99662418298774 81.84238078910147 81.09086609728537 94.06387015331052
37.119187070531 21.024679100128925 35.65712519815563 46.052317420789755 59.907590948054995 22.605811214869096 39.84781063878424 33.37417475375035 46.56838229557298 14.280385050657593 8.047456217666005 17.775391361147854 3.2729518596263323 21.732549587679234 36.61666756289577 23.278978030509204 101.33623614485192 35.97825969311429 16.611602236323755 23.278978030509204 49.844323757385176 21.072641892845155 77.07333692404939 37.323006099165625 32.17043767746913 21.99545196021601 11.972746149241042 32.329800553095005 24.505267366996787 24.882204301601607 0.0 25.712909488789943 1.55203609696061 17.923566118419153 66.39960505361852 24.88220430160168 92.41132254740175 46.136556000105266 21.111177149378996 36.626935607066784 114.86148972201218 85.3351707478395 61.36630461258308 51.423319113859726 62.59148973927602 105.13608695381772 71.84843174426433 40.81226372605576 23.747167396273596 43.093600579838615 102.4318015716416 67.86777601391313 33.38637701753647 4.2566913290124795 36.282816500627376 107.28105880107206 74.92420822211224 45.96610733115203 31.732691574575032 47.91533211916782 118.76191855194601 90.47068627492162 68.26625703657784 59.417199738266305 69.24817976443049
58.941262926732875 34.86597023512376 38.14514960421094 69.1024496546178 66.86727390457976 42.11057240584654 56.772626202491786 58.625948389686634 53.010181170875406 36.41716077502544 17.91211738557759 23.48043427336053 22.445771616934646 47.403818560826736 53.16331195523194 48.68907329468451 115.07553400138596 50.64040631996325 24.186330521105962 48.68907329468451 55.746014152567575 33.48249529898005 89.08343088293475 59.656156398726516 56.19003511164532 38.832173045311066 16.156977546284615 57.99949590381439 4.653059007157252 32.74361752807432 25.712909488789943 0.0 25.21540169282099 11.531186325273815 81.09856842476975 50.49626875880915 108.12041914392603 52.85308045806291 46.744884178052565 61.24298382311233 124.62945037645268 91.68202177616995 60.60956856000615 36.55516316891339 37.334616340278096 120.24440114478077 85.68364343851636 51.18116265458154 17.093565456586063 18.966350754474764 122.29276545452144 88.50944145012578 55.741962847732914 27.8434206212787 28.951514215464258 130.47177780469949 99.40959805387025 71.66907744348339 52.77736479713509 53.190684394582334 143.73827000967077 116.13186321504053 93.31272628733369 79.51513045384459 79.57878428534937
38.49146814092045 19.645494159115703 36.93261287577231 47.301546861399075 61.39934004091705 24.132134407730593 41.385156392893535 34.28343985714428 48.02230472909717 15.759493689515324 7.966716035779375 16.237584939047274 3.181982263751385 22.43643289856649 38.161542042958104 23.534031581972442 102.8799047971601 37.530006695316736 15.063735874176967 23.534031581972442 51.294476337967524 19.633471576018966 78.6252696215236 38.65781396083917 33.34534421470898 23.546905159175527 10.861538678945557 32.788763862458985 24.281973761862716 26.241577167429742 1.55203609696061 25.21540169282099 0.0 18.057993761388275 67.94375515009365 25.28122210949463 93.93406641825896 47.59567139948772 21.530177978754956 37.68724636968013 116.41009457134912 86.84000197858508 62.65670736625283 52.01289477644126 62.28660112267516 106.66415438152617 73.39691114953914 42.32982503651312 24.317984997195904 42.25822389236125 103.83062891883917 69.25422761430511 34.73256073017655 3.3775285275142055 34.8040057276865 108.45283457616273 75.94961723186445 46.577964899229976 31.07257146970329 46.436386688131584 119.66970817225709 91.12430851085102 68.41949022350788 58.767339390600014 67.976173856861
47.75298374705496 33.5638291451185 28.404591243956997 58.106290408980804 56.75113392731973 30.808463934764045 45.243726187255845 48.85557760264 42.768829687704596 25.821231213801678 10.14200479683458 24.137007809816513 14.882035488516793 38.51704354952954 41.63506540974876 41.045912728668576 103.97973480244954 39.16645711859139 24.116901341254096 41.045912728668576 45.69159551986062 32.69146352718978 78.15873110917498 48.56343986103667 45.66112222083645 27.355441969969185 13.92153315159739 49.66083488901379 8.024021876211501 21.564143887672895 17.923566118419153 11.531186325273815 18.057993761388275 0.0 69.77814878691406 42.41634148596572 96.7702724704527 42.54599268364938 38.65052797306844 50.94927668521926 114.27979783022158 81.97193869432617 52.66646133956356 34.970622573927635 45.463871515688695 108.98099044147264 74.47993935131319 40.156194079926 8.522437988602457 30.45648444328734 110.76708480976072 77.04636903125426 44.6965866438391 21.31367419547207 36.1331777087216 119.32025007964782 88.80327248598844 62.68595312020888 48.66050373731817 56.577105979985376 133.34417274402674 106.75572044200483 86.06764789959443 76.24458612183426 81.32388666708798
