0.0 58.37549605833113 15.698408936988363 55.80566382298418 22.593194312641366 63.51642079926491 67.74583795953285 42.003891539364005 30.09028459080095 11.167748377056984 65.54468289846164 28.888955322216468 40.2185159222529 63.84372460500623 88.2262841087531 31.221117918107687 15.266331033580009 55.88915967283834 36.98664175664022 51.287874083230385 13.637597689903233 55.61167681970422 13.870338530944586 52.0014766740826 66.23119383406816 60.46690454774976 47.37210139969444 56.83781902931162 31.016529116119187 72.98014077676513 61.29670227960194 26.373757106858996 40.7801322247861 62.46671008172133 83.07975558498545 26.40171091948916 24.714386689105307 7.535254274310885 26.45739771192273 50.65244570026496 106.3328136930396 85.08519938113052 74.61273946661514 79.30558921429737 96.98679251679413 88.70921448839967 61.91708268883807 46.82881181042048 54.28593000466572 78.07559715473876 77.60024326883821 44.75678640417957 19.477931199659434 33.91839293448911 65.69910696118777 75.92227584811616 41.80825942116202 11.248191296873486 29.999428742180612 63.782931165259576 84.24085771494939 55.38972511948516 37.87278939261798 46.8561809336664 73.15382556325474
58.37549605833113 0.0 57.59441992859787 50.415248577725805 36.20502296294235 54.93308774562325 44.92219803096331 49.163702248236646 35.44459874198296 48.07505933748699 9.459710524608154 40.890235333653386 58.87869997283618 61.458008386515125 65.74252712368944 87.47225810058045 43.18194392703417 2.4969082067995214 28.26796861471338 48.44772043059621 53.4773680897926 4.222469361501075 61.607185428721834 48.92468042639981 21.55677742650594 43.152384263091136 38.057868326367895 54.8566575465682 36.56924900568882 28.237701082196516 7.768916532193183 46.27754313955412 53.01511845166932 53.57061304052885 63.318808166909534 84.34945138584997 48.08841747237128 65.7761264718451 37.323018313410216 51.92932699917571 82.63780620046421 49.166171840539754 20.011676345453985 27.90109717972661 59.59299081659255 81.87637366229008 47.88733573892393 16.658481075580692 25.625471056355067 58.571974949681916 90.3656618790844 61.171682087050655 41.38623081807581 45.590449475362355 69.56278915744845 105.90354200411943 82.24088158707946 68.60269592528336 71.02015251197435 88.18253300820902 125.90626743062514 106.57291990098749 96.21778428235693 97.7374669712838 110.64374618103366
15.698408936988363 57.59441992859787 0.0 67.28602359493333 22.85506834371281 75.06733416734538 76.86947689937486 28.321670897405212 38.18863281851348 13.78481329744391 62.96382172136006 39.13072741650779 24.820598704246972 76.47619357521793 98.58758779925584 30.9282076790804 18.765902303287792 55.14021306541005 31.190555527316494 38.052623663046305 27.74243845415218 54.05938468259323 4.8532985771746056 63.524809307569384 70.15564455146469 70.05046174716063 56.858256957614906 42.76635931174158 39.77081069268842 77.45723942913702 62.28682329668464 38.37179712351469 26.267856648927214 73.88083288173604 93.7364108662351 30.279422762321094 12.559900581427373 17.303073903103755 20.557867815109642 36.725543083805555 117.03765849355558 92.4637168699804 76.13156200390323 73.73764910616997 86.44777281938046 101.71520169126067 72.30846014990331 50.05855818210529 46.66925937084609 65.15362597917898 92.61329320472572 58.95769018385232 27.742476704912335 21.403958140996693 50.41291960370539 91.60586367365553 57.37706051185599 24.237823265140978 16.66341112764696 48.60780445893737 98.94053479630885 68.38769988263175 44.26455617131691 40.45552792855394 60.89970374420775
55.80566382298418 50.415248577725805 67.28602359493333 0.0 49.034588846886635 7.784108830184788 17.121891676458297 79.62582947953524 30.39918465413653 53.58670805538454 59.5034685978335 28.19325426002283 84.69952969974757 11.451111055435275 32.8208612060843 84.96274779308025 49.22636927575083 49.46719372009101 58.599569844305954 84.60380269819063 42.452848798401746 51.925647573567446 68.09871743591201 3.80561289529055 36.81880782851282 10.97148259211805 13.529544454015438 91.8166551500543 28.4130332318199 38.195517103022986 45.516109336829246 29.45995338841836 81.41850081938958 6.662902206554984 27.484195699834263 77.92103821712898 67.007592073558 61.704711273611345 57.82987120197219 86.5579578981816 50.583623427300246 36.563474050298765 50.09890653201093 77.95987020230214 109.72880393257113 35.77332969135051 8.34566207367091 35.41782151000641 69.52731213264518 103.96405739978934 40.101851951353 19.876223117439988 39.709150180673085 71.78729426443543 105.47445792395854 59.53122280450095 48.09481831177002 58.96664765924991 83.87984532211014 113.97105023697944 84.18458718758475 76.3130550724369 83.39700190073037 102.37762144771695 128.07042871910082
22.593194312641366 36.20502296294235 22.85506834371281 49.034588846886635 0.0 56.57767809017825 55.82143617122467 31.352988820502098 18.653106683423676 11.882766654717916 42.99847564710032 22.13035779631546 35.6665381436502 59.56126574402496 78.20640117387553 51.393241109440964 7.435094470070128 33.7081430211391 16.076753926047505 38.111301980069754 22.327537350778524 33.19326484273697 26.140855919527162 45.535562095639506 47.30108990214179 49.56249418142423 36.84013798451539 45.02225625119368 20.6979199469813 54.60843226648174 40.001689706728776 24.386307531886224 32.60657799062137 55.255137900779914 73.71968645482197 48.16786767392563 18.22587829368867 29.777714674357576 9.246985775022527 39.16618022899144 96.76034559099816 70.19680926243483 53.7347199291973 56.93899161120211 77.40463778051179 84.70510980266086 52.53648793554464 27.203899390537465 33.389584592534284 62.32591127446686 81.08513149037245 46.534284122792165 12.285554023914852 23.049604451638952 57.50206850129288 86.96049436332086 56.06868341043722 33.46792685284788 38.61789980876697 65.24888836406862 100.68210484162371 75.46389470934034 60.39452142430883 63.205875334766766 82.0807698596649
63.51642079926491 54.93308774562325 75.06733416734538 7.784108830184788 56.57767809017825 0.0 14.87413510329776 86.90689554883583 37.994209626557584 61.36096280819488 63.665226116133034 35.96330897734267 92.23788714729785 7.5701332348662005 25.626054775986088 92.40864460836204 56.96453569319015 54.26712248149709 65.50327054971461 91.57456733540882 50.100902635177256 56.887744064566995 75.8765540146836 11.571261771817493 38.87727312547628 12.092126566003481 20.273761257037574 98.79386530692136 36.04849747402192 38.744076122573254 49.282870503027205 37.202200054828275 88.821625957165 1.4226131961577468 20.17224186759681 85.23571507649883 74.6300576272245 69.31196523711267 65.2603942471638 93.65658282902493 43.00475532304887 32.76347158063097 51.88752444691922 81.89028849451242 114.51880866767428 28.647956651013626 7.360555375773755 41.01834033054157 75.53598363939045 110.10776320551848 37.445392361917975 25.10569911927903 47.468701381216285 79.19028890340931 112.6222396561431 59.947742615664254 52.93172229440545 66.3671800896494 91.66372209251455 121.63335598146334 85.99595314777498 81.04607976932849 90.20175125156781 109.99532082969195 135.85400644693956
67.74583795953285 44.92219803096331 76.86947689937486 17.121891676458297 55.82143617122467 14.87413510329776 0.0 83.77959765889334 38.702290194521616 63.16556466835713 52.77135224994815 38.85908936310049 90.57995430848533 22.378955447979738 22.711861482757676 98.27132188008578 58.1203296363199 44.81671614598792 61.21761568072273 86.97063843538045 55.301111950760806 47.65754207127179 78.57821745595925 19.63462561584407 25.963939576907066 7.50752967138409 20.376773172911122 94.11138734024836 37.249233735085674 24.44593279883759 38.21976819056294 41.96445665227593 86.3321260005313 14.175357166520666 19.0180239260271 91.82400048275562 73.96960338496775 74.40446332361321 63.462661990030455 89.55701027120651 41.15750450861228 19.55835628534023 38.28792720734057 70.3153495692619 104.00662645219872 37.245093156733056 8.865692624199951 34.13000099683277 68.16132592055898 102.57645273292681 51.83860212318835 36.96912330088121 49.40667043844231 76.8774979323176 108.5085613685903 74.79302927873144 65.16749493253016 72.76248035587128 93.47045352997591 120.72217608887658 100.5350736401238 93.37395165829675 98.61425736574948 114.56671310927699 137.55353442619898
42.003891539364005 49.163702248236646 28.321670897405212 79.62582947953524 31.352988820502098 86.90689554883583 83.77959765889334 0.0 49.64638302042867 33.518409283715584 50.28514282934992 53.47896923507837 10.732444495101305 90.50764206871708 106.49108159744263 55.68174686691165 34.50318348433674 47.27285623475133 22.866275498693362 9.800109107633753 49.94795293338217 44.94581509401031 32.84430631925597 76.30523058827205 68.22520909592242 78.47905683523727 66.70120946426682 14.85971871023502 51.75727507092154 75.68273310906544 56.22711215082153 55.4959311387659 4.389869909138978 85.5326076517946 102.51652528022183 57.29663501111996 17.328527095310317 45.44171191442541 22.129007872791227 8.659116958683116 124.86557433677736 94.8089989634948 69.14389716120735 54.47759491156505 59.577980694228025 115.39785622045335 82.06655774453704 50.47787217603032 27.494585993918896 36.86095412419827 112.32030526181103 77.72098017304458 43.128933617649245 8.632116885157899 26.149117381466905 116.14219356317683 83.10041411095482 52.12663653591842 30.38965876351651 39.04758885453729 126.23822549776332 96.59324151956446 71.54865520823108 57.47135672666358 62.30164246697351
30.09028459080095 35.44459874198296 38.18863281851348 30.39918465413653 18.653106683423676 37.994209626557584 38.702290194521616 49.64638302042867 0.0 24.463486508187223 44.49851009135144 5.691631897258613 54.3062679730046 40.94091727277671 60.485011718359424 61.28647051341084 19.49016710197496 33.303151030306026 30.29000975128072 55.48191465013516 20.0825937187161 34.39407056941214 39.92259584225119 26.882564556783933 37.130918968472464 31.877021935662796 18.73811242273369 62.607337028265896 2.13391979423662 43.408773823986444 35.46534856722866 10.87338176511467 51.179142691275864 36.69235791595976 55.752345928906735 55.86763335876636 36.636430117004615 37.32925429079905 27.608646597684398 57.02692897371739 78.99101830579306 55.14022219901216 47.28761261662001 61.85954721624649 88.38495306292644 66.05272260832086 34.36652341816551 19.849459897634837 44.74138512782178 77.48825321637082 63.88643218021758 30.035925250038336 10.848511239657519 41.57013817878575 75.71865940347529 73.45161133896278 46.94418712968763 37.51268588080119 54.822202606934525 83.657477818149 91.12560621672505 71.31467629074102 65.28752682525077 76.3800394249389 98.99561022568672
11.167748377056984 48.07505933748699 13.78481329744391 53.58670805538454 11.882766654717916 61.36096280819488 63.16556466835713 33.518409283715584 24.463486508187223 0.0 54.82110740923862 25.39931338082081 34.14837165005042 63.00819011447951 84.80660618643041 39.71304650437342 5.432860687342348 45.57824828730346 25.83332422374489 42.163741477862914 16.550408898873325 45.07153826939448 15.632156977874102 49.84295761507224 57.99211352749338 56.29198510226145 43.08806090116969 48.29741410555617 26.0009810011984 65.08877756151833 51.639076045069885 25.057496443003256 33.194851715728475 60.158499120515835 79.95182750946363 36.28535949347559 16.548729811305332 18.005011016855182 15.476022896848994 42.110572405846504 103.25294710697266 79.1355904317532 65.25707311938181 68.18579650671546 86.22582810336202 88.30317163386141 58.523769878030414 38.04525737088566 43.181940949270036 68.38674497165267 80.75546790020564 46.48387387219003 13.96096242124911 24.97837906058299 58.71782843787459 82.66335649385401 49.69578345284655 22.382097426751255 30.44819672261438 61.22151654668851 93.44938211625562 65.9679846720597 48.637161008532985 52.67050699016815 74.68334237572829
65.54468289846164 9.459710524608154 62.96382172136006 59.5034685978335 42.99847564710032 63.665226116133034 52.77135224994815 50.28514282934992 44.49851009135144 54.82110740923862 0.0 50.0348150458181 60.636733796355315 70.38852593750448 72.55327300402388 93.50161592513922 50.2808500005592 11.261478788590573 32.140186834018834 47.70071042039845 61.80865548064488 10.27861971970616 67.2821299003659 58.164961315539585 27.740957325068994 51.718109016204615 47.394611538633605 53.39139117900736 45.73519658569679 33.20129554051674 14.56448677631662 55.36807030572244 54.45366206187599 62.33056380562373 70.59889285627726 91.00441147334054 52.35022732966451 72.77563196252335 42.406306855389005 51.479431531405154 88.68976733776766 54.43737838072476 21.35026929136915 18.522751739908163 51.236736474732574 89.97636442583051 56.49059233859937 26.105094799651305 23.803634399930182 53.35352032634074 99.54906460379394 70.6313267408013 49.62222899338639 48.277946764899355 67.77881614417856 115.36282456666174 91.41179801824636 76.14722788226966 75.06951302864891 88.69730116363264 135.24513549139994 115.29523467577447 103.38949608461726 102.37400531551407 112.54393955468024
28.888955322216468 40.890235333653386 39.13072741650779 28.19325426002283 22.13035779631546 35.96330897734267 38.85908936310049 53.47896923507837 5.691631897258613 25.39931338082081 50.0348150458181 0.0 57.30375757308621 37.953530082106504 59.73514868179383 59.656533604228756 21.112410253153378 38.80471961129356 35.24632963117201 59.8665188764723 17.059109882917 39.987854056343494 40.19659139154581 24.465117253159026 40.834968053581214 31.61804307878539 18.48351375731327 66.9091330580954 4.329205570755321 46.62784274911961 40.460364749923016 5.459538004861908 54.66331463593726 34.75949664222245 54.74978358827398 53.661317065701034 39.34081232603717 35.6756156789536 31.3536601125995 61.17236743476473 78.06983198658848 56.45947395241984 51.722813717667634 67.51022475400215 93.99369745059413 63.25740025801851 33.36904287882076 24.90645719874341 50.21966198696854 82.57446059246082 59.20355774403874 24.932181223774755 11.533426835217368 45.158388717036054 79.62659148445174 67.86467929387341 41.37707437968151 34.833065183065926 55.76248858548044 86.02557987835796 85.45815462708693 66.21764447622837 62.138852801129694 75.71312934379472 99.99249582535417
40.2185159222529 58.87869997283618 24.820598704246972 84.69952969974757 35.6665381436502 92.23788714729785 90.57995430848533 10.732444495101305 54.3062679730046 34.14837165005042 60.636733796355315 57.30375757308621 0.0 95.12530919057579 113.22016123237542 47.87168799894076 36.70549415329162 56.850282717992016 31.340021878120293 18.427920366481978 50.537320423795116 54.69421688559199 28.45757448026428 81.18264308752977 77.00113312968553 84.77074598629076 72.36388227302344 20.187934788809056 56.32483061011595 84.52032822483757 65.64191658195817 58.36977774136225 6.348009575840259 90.90956500696105 108.95781758264813 50.709172860786886 18.05089045163716 41.91926339230793 27.183443732277404 15.31177037703321 131.7297424359356 102.91076297285049 78.8878856751769 65.19773889995808 68.35908931029742 120.33438335895973 88.0038740488194 58.342333869428884 38.18117390421447 43.66467916087219 114.80842035449334 80.35696722189377 46.134193388511605 13.940525093648539 25.596200928358538 115.9940873861009 82.02670448460663 48.95896028459763 21.457561358575532 30.3104221458479 123.69847568532886 92.50989375164711 64.88189568713737 47.49792339378368 51.93512740954253
63.84372460500623 61.458008386515125 76.47619357521793 11.451111055435275 59.56126574402496 7.5701332348662005 22.378955447979738 90.50764206871708 40.94091727277671 63.00819011447951 70.38852593750448 37.953530082106504 95.12530919057579 0.0 29.00042221230429 91.42646921329265 59.03392736740633 60.628141975941055 69.84654913769899 95.77629291609838 50.22101002746579 63.15156018218709 76.81149649430375 14.282315707258295 46.244994152960025 19.353869685833427 24.967798439659205 102.97818261467404 38.868526541307084 46.30327142585662 56.157361209390444 38.114087683576976 92.11998079022563 8.572349843161307 23.539391121191755 83.90492858688974 77.24695041333001 69.0532126660003 68.54212826990896 97.62609813906212 44.67594846950466 39.50778536320286 59.334778513856236 88.74228350709313 120.9321955700177 25.31497506437634 14.771629150977283 46.80178076170806 80.97817561882516 115.40959994712162 29.967436872531653 21.74951540377036 49.425531158525956 82.5080141718772 116.47793454924071 52.607258687350374 48.22210835330954 65.4066573509972 92.8735750423119 123.96685878938403 79.0516967701711 75.99398808674643 87.72539353816097 109.59537443899573 136.82576695047274
88.2262841087531 65.74252712368944 98.58758779925584 32.8208612060843 78.20640117387553 25.626054775986088 22.711861482757676 106.49108159744263 60.485011718359424 84.80660618643041 72.55327300402388 59.73514868179383 113.22016123237542 29.00042221230429 0.0 117.76943931033223 79.9696119473202 66.0314520891758 83.9012077275184 109.56325402052641 75.09255464071899 68.9352196572023 99.91783978425906 36.541687259303735 44.81231567895489 28.672945578125884 41.75162056377913 116.67613566023593 58.82512631705024 40.23715681175842 58.41223628163155 61.88162882932412 109.03265842306615 26.362096332873513 5.511032910287026 110.73619477379714 96.41506899092171 94.37902220934951 86.06617103899822 112.20947931762952 18.553989365376264 21.51823935674067 54.55887784366923 88.79842397790759 123.24163855255011 24.055238306089155 26.368338231905955 56.62836624971468 90.07276113675248 124.15426116269292 49.28183085404365 50.28289812257475 70.87208500422251 99.55976405654691 131.1344821166083 76.7742040593383 77.21510087470632 91.78675790206094 115.24838296262482 143.29799142269073 104.76257007768976 104.86419431583587 115.81211788461643 134.99273418414487 159.46245370091916
31.221117918107687 87.47225810058045 30.9282076790804 84.96274779308025 51.393241109440964 92.40864460836204 98.27132188008578 55.68174686691165 61.28647051341084 39.71304650437342 93.50161592513922 59.656533604228756 47.87168799894076 91.42646921329265 117.76943931033223 0.0 44.99250994412264 84.98137999423277 62.06293489682505 65.2671361486004 42.97760633808328 84.20602002070333 26.32594888878525 81.22784676700849 97.26182353058978 90.8588249290122 78.00985126423726 68.05325894715011 62.125679972010055 104.12064338869918 91.34075703202438 56.32786243158209 52.25153116082542 91.51755571465993 112.44564155458569 8.423575071529152 43.048564709462646 24.01037277800397 51.2649416839526 62.82631022370583 135.39705859434858 116.09481361926024 104.96805358735128 104.65764690157594 115.25102208917372 115.04930315373193 91.80857391709424 77.5630613918057 77.44665843123309 91.51329670488171 98.6170624199416 70.35666965939203 50.69128678031819 50.832684082591484 70.66205921385777 88.31485137805034 55.15383626994993 26.061944858097394 26.67116265914795 56.02074168290384 86.36559676076372 52.0055561512342 18.573976797599574 19.500270108581407 53.013032655077794
15.266331033580009 43.18194392703417 18.765902303287792 49.22636927575083 7.435094470070128 56.96453569319015 58.1203296363199 34.50318348433674 19.49016710197496 5.432860687342348 50.2808500005592 21.112410253153378 36.70549415329162 59.03392736740633 79.9696119473202 44.99250994412264 0.0 40.689869641190406 22.974962288284313 42.405605721802196 16.08720710725123 40.35355559772934 21.002335846095605 45.536071102295466 52.56996721298071 51.36555267196024 38.218113550681906 48.94940682906922 21.172184113364054 59.65694807939783 46.45160217740916 21.667773037575 34.8595682534274 55.72272918339391 75.20068811236662 41.230697186643376 18.66118320326036 22.597064808973098 13.902806647881212 42.858529534684635 98.46408422138538 73.82344301566853 59.995091224772445 64.3716286880998 84.15929874343567 84.34724227054691 53.78560530739162 32.65211281478613 40.4260396026585 67.80268400463841 78.24573656050727 43.702899341122134 9.609667570633064 25.876672697512063 60.34660593643375 81.96979111686406 50.01113228391934 26.03886973790081 35.352154257926564 64.93357815953355 94.36300785330485 68.31081352801503 53.13339667454587 58.09259026800832 79.50560263392093
55.88915967283834 2.4969082067995214 55.14021306541005 49.46719372009101 33.7081430211391 54.26712248149709 44.81671614598792 47.27285623475133 33.303151030306026 45.57824828730346 11.261478788590573 38.80471961129356 56.850282717992016 60.628141975941055 66.0314520891758 84.98137999423277 40.689869641190406 0.0 26.036624324177122 46.927364378844985 51.11190620204349 2.912845793628967 59.1340690452198 47.816174086165645 22.412317972932424 42.63787249527452 36.840137984515344 53.46377505895716 34.496451890330064 29.381740693250244 9.067483567071516 44.16116866842708 51.055485044076875 52.88775597656413 63.41888666825137 81.85320018093864 45.73968319529849 63.2850729186985 34.91250139336148 50.33094875487047 83.17282433330531 50.05206373120454 22.080467604827717 29.40633614377372 60.30560298169249 81.54887541316091 47.3304044408087 14.998934140864584 24.589054550330943 58.130266810636144 89.27598360670858 59.56527195526226 38.99576045646426 43.45278335052035 68.1941842461237 104.29568397183519 80.17915778012063 66.14058044235753 68.6675091553582 86.317139891788 123.98474940317834 104.31696418766539 93.73646497396126 95.31896785803681 108.53373355759628
36.98664175664022 28.26796861471338 31.190555527316494 58.599569844305954 16.076753926047505 65.50327054971461 61.21761568072273 22.866275498693362 30.29000975128072 25.83332422374489 32.140186834018834 35.24632963117201 31.340021878120293 69.84654913769899 83.9012077275184 62.06293489682505 22.974962288284313 26.036624324177122 0.0 26.0829590977795 38.40314322800252 24.257976987127833 35.739967644288065 55.57037782109817 45.67754486976193 56.2842323307809 45.24739903025414 33.30116820736022 32.39681967609636 53.18948767479556 34.5287345944953 38.79698127632527 26.025441420071527 64.09754661416339 80.09620014715799 60.47643910744818 20.21503599038478 43.40920901162709 10.956862174105515 28.388573282344343 102.18620963949441 71.96940487650149 48.08315125721139 42.88594211494561 61.32894118786033 94.1492608536203 60.13451820775186 27.62404576727673 17.46041788764687 47.344430980542185 94.17219577449009 60.17008991021481 27.700678032371915 17.580272695448926 47.38834238080354 102.24958976070226 72.05854086495538 48.21522754466142 43.03258270185069 61.43059768690615 116.72069609662677 91.28006758887298 73.72340170665474 70.23523731368175 82.61716857545233
51.287874083230385 48.44772043059621 38.052623663046305 84.60380269819063 38.111301980069754 91.57456733540882 86.97063843538045 9.800109107633753 55.48191465013516 42.163741477862914 47.70071042039845 59.8665188764723 18.427920366481978 95.77629291609838 109.56325402052641 65.2671361486004 42.405605721802196 46.927364378844985 26.0829590977795 0.0 58.28005749698969 44.28142779698335 42.620185393763265 81.49456281011362 68.93511834599462 82.28913363362099 71.30884069075917 7.219379713534595 57.61583444437178 76.17985641566071 55.9900143972195 62.49540221498985 13.053180439509882 90.17102140669775 105.93621387363584 67.06942882763802 26.597223583250557 55.06802178064919 28.99466220275694 3.969766832328011 127.67291711599401 96.2379057251895 67.95518814713974 48.67127551297973 50.146693720961366 120.21617808512593 86.19914731538955 52.948126419839255 23.90737865430744 27.10108828623131 119.0574213652312 84.59068182811907 50.31252500005736 17.377276582247784 21.6204107450326 124.37286685020027 91.85652769978445 61.65599369903132 39.49847647184245 41.3959652065886 135.40190717796838 106.19008359665098 81.32505691647873 65.9239679915989 66.88010074704732
13.637597689903233 53.4773680897926 27.74243845415218 42.452848798401746 22.327537350778524 50.100902635177256 55.301111950760806 49.94795293338217 20.0825937187161 16.550408898873325 61.80865548064488 17.059109882917 50.537320423795116 50.22101002746579 75.09255464071899 42.97760633808328 16.08720710725123 51.11190620204349 38.40314322800252 58.28005749698969 0.0 51.536598583393115 27.068270278041403 38.66176042234559 57.2061773655444 47.88128911948181 35.10361148388 64.63441322872337 20.27640399935443 63.3619775362483 54.77260279115051 13.35165195597853 49.74377361689918 49.096424050622716 69.86313476544362 36.67133898391186 33.09913122816438 19.287662969131723 29.987020040783488 58.47640276622778 93.03568132166224 73.38880418225548 67.1636902119823 77.6580460127367 99.72637093996134 75.07540498713918 48.93180640132636 39.333845636698875 55.63097733149382 83.88852338727374 64.89802499316056 31.35028937054968 12.197527260032118 41.34695552224657 75.26761470034033 66.19691088676453 33.93455988368783 17.77431962327223 43.302970587581946 76.34930795579452 78.40369121900353 53.855855235743526 45.26126495577305 59.92933909004028 86.77144621178863
55.61167681970422 4.222469361501075 54.05938468259323 51.925647573567446 33.19326484273697 56.887744064566995 47.65754207127179 44.94581509401031 34.39407056941214 45.07153826939448 10.27861971970616 39.987854056343494 54.69421688559199 63.15156018218709 68.9352196572023 84.20602002070333 40.35355559772934 2.912845793628967 24.257976987127833 44.28142779698335 51.536598583393115 0.0 58.18156084883038 50.162310326774026 25.28012311518394 45.34086259364139 39.12086048301579 50.744862413771266 35.720861512815524 32.17707543709358 11.754945786436837 45.26602431788807 48.809527697742745 55.50063490117136 66.29803671618275 81.34711438946674 44.23369453270569 62.928383929345635 33.64407965060012 47.73882575784402 86.08534650694448 52.92490859065726 24.212644451503532 27.682223346333082 57.8031656875344 84.30814499198945 50.01004795582269 16.999983528819357 21.72203817167239 55.22270731859733 91.60401027847436 61.42184748796736 39.355054043741674 41.47077874267497 65.4649446727431 106.11742364210382 81.33811104546024 66.07300599809824 67.15779211516974 83.9611164099591 125.36561649341078 105.02655167241429 93.48423802547829 94.03571880706431 106.49327449702687
13.870338530944586 61.607185428721834 4.8532985771746056 68.09871743591201 26.140855919527162 75.8765540146836 78.57821745595925 32.84430631925597 39.92259584225119 15.632156977874102 67.2821299003659 40.19659139154581 28.45757448026428 76.81149649430375 99.91783978425906 26.32594888878525 21.002335846095605 59.1340690452198 35.739967644288065 42.620185393763265 27.068270278041403 58.18156084883038 0.0 64.30530596240277 73.28148485114407 71.57855390882212 58.35095007580652 47.07997972069336 41.330330145373566 80.48147150758754 66.00074467258194 38.781609496419264 30.525014576553367 74.74255292119146 94.94579687071553 25.42749929901748 17.4126885246524 13.528064959815076 24.95154271518081 41.11935579381466 118.26564919429892 94.76283272965166 79.79951468238922 78.42619468106507 91.25848384134444 101.90504403232757 73.55931418981477 53.21760949014974 51.45932148559524 69.70520875729434 91.46846548228632 58.40686441118653 29.173425352287296 26.18512912380943 53.99146721192943 89.0640548023994 54.60106799270086 20.615553189060922 16.235118721677182 49.97009871705903 95.30183571614009 64.193004687683 39.41922584673801 37.17311445136618 60.03862977988697
52.0014766740826 48.92468042639981 63.524809307569384 3.80561289529055 45.535562095639506 11.571261771817493 19.63462561584407 76.30523058827205 26.882564556783933 49.84295761507224 58.164961315539585 24.465117253159026 81.18264308752977 14.282315707258295 36.541687259303735 81.22784676700849 45.536071102295466 47.816174086165645 55.57037782109817 81.49456281011362 38.66176042234559 50.162310326774026 64.30530596240277 0.0 36.837840898907245 12.709267459913397 11.125846741371593 88.69735792729777 24.859159242831655 38.95060644341066 44.497452291712456 25.654368290215526 78.00727483251211 10.46851255005968 31.237225297960812 74.2353471918511 63.4269517931158 57.922005204404584 54.414721487609434 83.36047739783801 54.37437325851737 39.192905647306766 50.104088142746754 76.67841843426811 107.90534957534017 39.17485671166521 11.279520142618017 33.38619244239309 67.05893088780326 101.36081428547543 41.46008695029923 17.60131276542188 35.99336215471434 68.38191671978454 102.23257531766966 59.23993756212868 45.64876039924012 55.254521049579814 80.10698167618777 110.34495264935204 83.10151356637353 73.81826003566876 79.91969090353821 98.58968502994811 124.28774079427463
66.23119383406816 21.55677742650594 70.15564455146469 36.81880782851282 47.30108990214179 38.87727312547628 25.963939576907066 68.22520909592242 37.130918968472464 57.99211352749338 27.740957325068994 40.834968053581214 77.00113312968553 46.244994152960025 44.81231567895489 97.26182353058978 52.56996721298071 22.412317972932424 45.67754486976193 68.93511834599462 57.2061773655444 25.28012311518394 73.28148485114407 36.837840898907245 0.0 26.893724166847772 28.4741338167896 75.64827098657496 37.03926665500234 7.53343457193342 13.873199335159997 45.98386648502854 71.6504919092179 37.71218111257078 42.976215417287825 92.5245006057618 63.27623978679391 73.71516998250138 51.959879159951925 72.165915976544 61.21130745005113 27.645249648108766 13.287135383632394 44.538618922752384 78.64910460139578 63.07480445675528 31.523642223296005 20.09719057477139 46.99895857595415 80.05470088373887 76.19972717686082 52.96152444333435 46.8856090471206 63.13802511284773 90.38458225227845 96.07612697951767 78.7255056399329 74.56228710793376 85.53426469884776 107.08609887755037 119.3771614937789 105.6971720086793 102.40862700825306 110.443699833649 127.68219926388755
60.46690454774976 43.152384263091136 70.05046174716063 10.97148259211805 49.56249418142423 12.092126566003481 7.50752967138409 78.47905683523727 31.877021935662796 56.29198510226145 51.718109016204615 31.61804307878539 84.77074598629076 19.353869685833427 28.672945578125884 90.8588249290122 51.36555267196024 42.63787249527452 56.2842323307809 82.28913363362099 47.88128911948181 45.34086259364139 71.57855390882212 12.709267459913397 26.893724166847772 0.0 13.227609732253704 89.48492906520615 30.29408811438299 27.45529791774165 37.26849632534057 34.53299636650156 80.80101914649715 10.85696147755955 24.191886445955607 84.35412778839667 67.78332054386024 67.03737146435397 57.587640052809945 84.66680050846887 47.22066066424658 26.80513946387592 40.02600278593901 69.86048228773407 102.73136697522834 39.08562628910169 4.780520768851629 30.213820178596784 64.79005197790929 99.38551753332331 49.30667897108639 30.298937992808163 42.42333633762032 71.2480881046842 103.67100568913403 70.28603370682308 58.34364678395898 65.28877120723153 86.69517928218768 114.73566364902209 95.15501578809466 86.49033291207864 91.11194333836129 107.31683289865937 130.8706494830551
47.37210139969444 38.057868326367895 56.858256957614906 13.529544454015438 36.84013798451539 20.273761257037574 20.376773172911122 66.70120946426682 18.73811242273369 43.08806090116969 47.394611538633605 18.48351375731327 72.36388227302344 24.967798439659205 41.75162056377913 78.00985126423726 38.218113550681906 36.840137984515344 45.24739903025414 71.30884069075917 35.10361148388 39.12086048301579 58.35095007580652 11.125846741371593 28.4741338167896 13.227609732253704 0.0 78.52774796714537 17.08782497123528 32.25299998845647 34.14967186356896 21.86477757729088 68.72648588163015 18.87793869743843 37.02691470151073 71.74798848146254 55.04605009266064 54.085337657379775 45.244953157738536 73.38457939651708 60.252910952246644 38.38919492287812 41.37482937258963 65.91549085391622 96.81248149323686 48.907489126617925 15.704359495391332 22.274751996748556 56.04065935315066 90.44224499529021 52.48862454556041 24.625337817714296 29.19940108248305 59.10709762357101 92.35550422223342 68.70030720316794 50.527722764039396 52.736869338956005 73.51266604857217 102.08748607055603 91.02669906976816 78.01567816676149 79.25762405139248 94.19041742487455 117.71421889504425
56.83781902931162 54.8566575465682 42.76635931174158 91.8166551500543 45.02225625119368 98.79386530692136 94.11138734024836 14.85971871023502 62.607337028265896 48.29741410555617 53.39139117900736 66.9091330580954 20.187934788809056 102.97818261467404 116.67613566023593 68.05325894715011 48.94940682906922 53.46377505895716 33.30116820736022 7.219379713534595 64.63441322872337 50.744862413771266 47.07997972069336 88.69735792729777 75.64827098657496 89.48492906520615 78.52774796714537 0.0 64.74085645853002 82.81315494545004 62.49490105340071 69.39985996008413 16.55877244679938 97.39038206121194 113.09037818654225 70.63378451030965 32.1870770601134 60.025526130846416 35.828829575284814 6.202725265546945 134.73972662274807 103.06703122405258 74.06512121631637 52.37634675072422 48.94621007827105 127.43516869316895 93.40963930596517 60.048695849452834 29.684637341506537 23.48097481171667 126.06647389914104 91.55100526519351 57.142545854748604 23.319686672536527 14.737648534553163 130.8201617765811 97.93625623272493 66.81269256614166 41.60758990436911 37.32662902908845 141.07844883110332 111.15332721922493 84.86325829858924 66.65778349125947 63.87115645384145
31.016529116119187 36.56924900568882 39.77081069268842 28.4130332318199 20.6979199469813 36.04849747402192 37.249233735085674 51.75727507092154 2.13391979423662 26.0009810011984 45.73519658569679 4.329205570755321 56.32483061011595 38.868526541307084 58.82512631705024 62.125679972010055 21.172184113364054 34.496451890330064 32.39681967609636 57.61583444437178 20.27640399935443 35.720861512815524 41.330330145373566 24.859159242831655 37.03926665500234 30.29408811438299 17.08782497123528 64.74085645853002 0.0 43.08752395652705 36.17376906442404 9.772766549845864 53.258250758257084 34.761110091695606 54.029506873306175 56.49045157580783 38.59522438639284 38.1232286956921 29.701304333116553 59.15650180817087 77.30182838527843 54.07503133741011 47.61781576471235 63.28992624556067 90.21410184277165 64.01462453638479 32.61364650928858 20.59793856391266 46.687766683881506 79.56172065163152 61.775593528006006 28.01049591772699 12.157491809415957 43.65631835559038 77.83827116101094 71.62851498155172 45.68302560895106 37.92177300284869 56.427034968265886 85.58496977398423 89.67194491039592 70.50268204542081 65.53601841356965 77.55051454559313 100.63779590458667
72.98014077676513 28.237701082196516 77.45723942913702 38.195517103022986 54.60843226648174 38.744076122573254 24.44593279883759 75.68273310906544 43.408773823986444 65.08877756151833 33.20129554051674 46.62784274911961 84.52032822483757 46.30327142585662 40.23715681175842 104.12064338869918 59.65694807939783 29.381740693250244 53.18948767479556 76.17985641566071 63.3619775362483 32.17707543709358 80.48147150758754 38.95060644341066 7.53343457193342 27.45529791774165 32.25299998845647 82.81315494545004 43.08752395652705 0.0 20.47147748306329 51.55257597048206 79.14239898544919 37.761469300501 39.199235690273206 99.14812152966942 70.77347455545245 80.41533497635568 59.458442472931615 79.47038755692253 55.57458497820808 21.24420476404281 14.455173070378633 48.594669181043116 83.11910592042179 60.35479924173028 31.629036659836995 27.43963268436803 53.85456560968475 86.27014747442439 76.12726758956289 55.97581880998105 53.53527167630798 70.66512532230352 97.54945494682646 97.70562353822658 82.76402062843586 80.92036996137789 92.95729322475577 114.58071118192976 122.04741577234088 110.22683709088244 108.62304006113666 117.65457640350961 135.20672749587413
61.29670227960194 7.768916532193183 62.28682329668464 45.516109336829246 40.001689706728776 49.282870503027205 38.21976819056294 56.22711215082153 35.46534856722866 51.639076045069885 14.56448677631662 40.460364749923016 65.64191658195817 56.157361209390444 58.41223628163155 91.34075703202438 46.45160217740916 9.067483567071516 34.5287345944953 55.9900143972195 54.77260279115051 11.754945786436837 66.00074467258194 44.497452291712456 13.873199335159997 37.26849632534057 34.14967186356896 62.49490105340071 36.17376906442404 20.47147748306329 0.0 45.91915216386724 59.9404449278164 47.970453741490914 56.2250149645325 87.61222536039965 53.69560415554409 68.8101277610266 42.58271169351234 59.3982760870751 75.06314780391943 41.42356995438578 13.863592981824665 32.60885379897298 65.79761815513199 75.4128818999886 42.04825002224042 15.615952157015428 33.38428750234561 66.18166967297475 85.61700180640251 58.27632235157148 43.09068196747202 52.07976935103496 77.21797884059161 102.78077125755769 81.24064268993047 70.92921221234901 76.5285587411278 95.27351939370114 124.04743328257288 106.6752473930146 98.82365181071825 102.69996572332929 117.14569907593072
26.373757106858996 46.27754313955412 38.37179712351469 29.45995338841836 24.386307531886224 37.202200054828275 41.96445665227593 55.4959311387659 10.87338176511467 25.057496443003256 55.36807030572244 5.459538004861908 58.36977774136225 38.114087683576976 61.88162882932412 56.32786243158209 21.667773037575 44.16116866842708 38.79698127632527 62.49540221498985 13.35165195597853 45.26602431788807 38.781609496419264 25.654368290215526 45.98386648502854 34.53299636650156 21.86477757729088 69.39985996008413 9.772766549845864 51.55257597048206 45.91915216386724 0.0 56.27964294252749 36.1227871736775 56.711143092975824 49.90193392762141 40.320425206989874 32.58314882361284 33.577374943416054 63.50213174525627 79.95916436704792 60.24049387945983 57.08904771334869 72.69246704045227 98.5090010529446 63.34464869945107 35.63499676497713 30.364464698041125 54.48841789577732 86.08608423719203 56.82858528811748 22.22579138422279 12.382968703884432 46.98451276376126 81.58802228167515 63.59515252767564 36.074367009830425 30.874182025263014 54.77142418067938 86.26378920493944 80.35585830213031 60.761247684046616 57.633205484499236 73.11658790308536 98.81941294800438
40.7801322247861 53.01511845166932 26.267856648927214 81.41850081938958 32.60657799062137 88.821625957165 86.3321260005313 4.389869909138978 51.179142691275864 33.194851715728475 54.45366206187599 54.66331463593726 6.348009575840259 92.11998079022563 109.03265842306615 52.25153116082542 34.8595682534274 51.055485044076875 26.025441420071527 13.053180439509882 49.74377361689918 48.809527697742745 30.525014576553367 78.00727483251211 71.6504919092179 80.80101914649715 68.72648588163015 16.55877244679938 53.258250758257084 79.14239898544919 59.9404449278164 56.27964294252749 0.0 87.46538356562574 104.9295870564248 54.314306885206484 16.651322316632488 43.561588337979096 23.592975194859925 10.73201910089267 127.47708820425864 97.94859615610099 73.02215458013713 58.867059817399614 63.191886395568545 117.17244276729723 84.23827134744812 53.456782188878464 31.843444411149818 39.56284279305153 113.05735237568169 78.4689947795889 43.90507507032062 9.632359619529268 25.549233774228416 115.79383889411997 82.32783165641895 50.42194877245258 26.489927984716 35.4387071623367 124.93234172612594 94.64415891178966 68.56926405798536 53.29888820080786 58.09130181943685
62.46671008172133 53.57061304052885 73.88083288173604 6.662902206554984 55.255137900779914 1.4226131961577468 14.175357166520666 85.5326076517946 36.69235791595976 60.158499120515835 62.33056380562373 34.75949664222245 90.90956500696105 8.572349843161307 26.362096332873513 91.51755571465993 55.72272918339391 52.88775597656413 64.09754661416339 90.17102140669775 49.096424050622716 55.50063490117136 74.74255292119146 10.46851255005968 37.71218111257078 10.85696147755955 18.87793869743843 97.39038206121194 34.761110091695606 37.761469300501 47.970453741490914 36.1227871736775 87.46538356562574 0.0 20.956841109258814 84.40177923735969 73.32827764721759 68.33455432643326 63.911706765620984 92.26251291462025 43.951918810050095 32.516990306664226 50.771765768177914 80.57930124185135 113.1508260068704 30.05758518306407 6.202822826513906 39.602344729806624 74.11525159018503 108.68601309064414 38.53166897084855 24.78657409033748 46.248262333584734 77.83490254843801 111.2316731521767 60.62533573472842 52.77328392020264 65.49356981835808 90.49086090667707 120.3436086955638 86.46131589638357 80.93384177155752 89.553002371702 109.01339190356641 134.69530385508176
