0.0 68.58714059113264 9.400092418253198 18.323751518080545 6.230170786826004 30.28443553828285 28.942385750989917 21.3483437262672 55.7225684616381 27.76409707066829 30.64276063975458 33.932610119026606 27.058143861521224 38.57065508264426 27.209876009429305 42.764112398731584 34.14540958496978 19.606280896477973 33.54023036087596 63.82739181999806 9.87272157262613 74.61735769650593 37.24673429574801 17.354545623169034 35.24705570851156 36.07359880744363 14.243622963911218 25.637547120463754 61.10384640127316 17.731540355801684 7.171483260027229 29.959024704805902 3.1150856752456746 30.794370888484956 24.216713842343598 4.445812222030402 19.728919210445675 13.61046863788769 22.190036755591024 66.13208882040395 114.51821951063921 100.23859697457067 87.06219439175383 75.5683181429611 66.6334102962295 61.385239877207134 60.78634409391847 64.965431025159 73.10766358344827 84.06931287421602 107.64605944538593 92.34727816891821 77.89138858270015 64.84458346523095 54.23351872889067 47.71196980095111 47.01374831428178 52.37228234991528 62.242448105556846 74.86048151956201 102.26391604728867 86.04317567312638 70.33957638342042 55.593095822249936 42.80463727121662 34.24310167493376 33.34143704662311 40.6130669608428 52.78161955821474 67.23902059029135 98.61613453226568 81.69465903813638 64.97387569181512 48.66110984454104 33.36037442909842 21.369076598637644 19.97679076327849 30.662987225885317 45.607864277055754 61.79520745234788 96.89883893752483 79.62284809612376 62.36124101375526 45.130525290047466 27.987814053262518 11.339517112754919 8.518512286046377 24.80441382357851 41.91260346293668 59.13363850885559 97.21441415193945 80.00484196396425 62.84600507047235 45.79496878295849 29.042230892769613 13.727213173601477 11.494989547112466 25.97203081688907 42.61069327888297 59.6280904905072 99.54352368921998 82.80668353587474 66.36031622388381 50.48908101659154 35.96267559506705 25.222842257258808 24.037065308647193 33.43770696848764 47.50885167519438 63.20453092285494 103.75061832386426 87.79696866508004 72.46469150537575 58.24656408170158 46.18332863667278 38.36462387369573 37.543252261742964 44.111836509300964 55.50602989259914 69.38797801462447 109.61962949302227 94.63004358676275 80.57250171877506 68.02728733724844 57.98445065009463 51.91706961652121 51.25688854844915 56.19480434618629 65.4762884792232 77.55729221711759 116.90043756406816 102.93950316102269 90.1446799536169 79.08399548504276 70.57752025420406 65.6261182324664 65.04676340220284 68.94975322486329 76.65343120929255 87.15573169929051
68.58714059113264 0.0 60.62588895359499 50.865802403729916 71.2414871432803 98.29444935804561 41.94328672175713 49.955502191364744 12.877843231603 92.10046763309083 97.01209540920922 34.769926572072734 93.7426172000785 33.4849478322779 43.13374142834958 62.30395368601401 34.499684048462285 87.73166565133991 35.06935998524511 8.50844331674051 73.05886650416485 12.063526324388292 34.368801582008814 54.89937272937963 47.2158020687327 99.60197266544016 60.18237204560879 46.80799361156463 9.621867099913466 86.31858957051533 61.67675855403049 38.79275086439211 69.8562937302789 92.87808033375228 47.95809641537363 73.00545451648588 48.88255320145204 82.01203481827619 88.6143995523473 2.4817926285719865 48.43916424516122 38.49561162360462 34.87376126371231 39.35929323545437 49.807994661541045 63.33424294370376 78.36021921261346 94.17074497670977 110.42935340004003 126.9640209015897 39.40980619392489 26.31193316006562 20.741608505771584 27.69155673863626 41.257021223302885 56.8873692502985 73.27288212276729 90.00205121688448 106.91367866729082 123.93309341449067 34.11381446931428 17.456146570857353 6.662969347931601 19.56493444742766 36.33031174246375 53.43884200323383 70.64164147268524 87.88336917316114 105.14487641560812 122.41779644982047 34.325161450563115 17.863798948310635 7.663369924938426 19.926175895802125 36.52521121823612 53.57091510066342 70.74113482538891 87.96298476924515 105.21111416626638 122.47442067693864 39.95654804274053 27.120331872733505 21.753398659243036 28.45381500818869 41.77008626704484 57.25881511099137 73.5602813477533 90.23507831683263 107.1089865907878 124.10081361886981 49.180010770747714 39.41956859211443 35.88646810477261 40.25521176899869 50.51566917862154 63.889677311499184 78.8077164856507 94.5416773945563 110.74433903129686 127.2367704957249 60.37092184332414 52.671373827027665 50.0259966388023 53.19425120144763 61.28097326510627 72.66215183918516 86.04022453158049 100.62183394618081 115.9538183817818 131.7745188908261 72.62528854659296 66.30692815904037 64.16757957061624 66.61111900217102 73.17989780079303 82.89901730423134 94.80448332245399 108.17682933883128 122.53675413018598 137.575358179627 85.48686030903364 80.13042237177338 78.30995687336582 80.26641610082594 85.74164223919557 94.1235588248121 104.71648814367494 116.92101993712468 130.28503508470865 144.4871595672797 98.71844579039447 94.0588772934725 92.4526085793398 94.05620046357156 98.71334476726808 106.02241084434188 115.48095229664028 126.60813820821626 139.00382207610969 152.35870836818663
9.400092418253198 60.62588895359499 0.0 9.760389677503477 14.850512696499269 37.67126580822732 19.85863103126958 17.634203092352855 47.75899947470321 37.09785966465879 36.70449763904398 26.585194514063605 33.30455450557156 29.505880802521045 21.78418622145764 44.27872462978002 26.680901246967537 28.763787622638663 25.670939681938325 56.50190927129372 12.818661826985496 65.96765958275256 31.453931199174185 15.569140893024922 26.032767214795083 40.587189960978556 15.472871512029279 21.757719795026475 53.70993274891816 26.286040648947402 3.11992562577765 22.839132804955955 12.030417122078275 39.938977614823976 20.46278211094788 13.23912490707961 12.818767818618586 22.686049948419527 28.18316920244701 58.207445223585495 105.73445117227295 91.18117189052454 77.76205900392303 66.17075868245831 57.52304372861469 53.27224029690861 54.45789551588043 60.762595016076055 70.83236049546869 83.31298461017103 99.3196740778423 83.69380183489089 68.8738945746564 55.509281422170694 44.918296673800164 39.40472700285163 41.06723421806327 49.18342225304841 61.238928833841136 75.36650361271906 94.58661913953105 78.04540730653176 61.92134662814377 46.64902164159046 33.41735712646436 25.612863562587595 28.178507551071448 39.124778352134406 53.536704789768024 69.28433967134076 91.79585974581784 74.65466223744528 57.6096372327612 40.78155209648415 24.61935542861853 12.157438589777662 16.976658841822 32.05188853752646 48.632840275178445 65.5873137782757 91.12606176122627 73.83331804880163 56.546194787601955 39.272114848808656 22.04176565789548 5.30032365206727 13.002345834320659 30.145350096713205 47.403974902859375 64.68574116145656 92.62325878710622 75.66510509127208 58.90721889070835 42.58667626462206 27.493668398102013 17.230521106552352 20.894787917788523 34.27835637192969 50.12116836116812 66.69309986118314 96.1862918665784 79.96788415762934 64.31664847600479 49.77056426000268 37.63370674597398 30.88999386990547 33.02720969598047 42.733013707135655 56.215063477911706 71.36431380063715 101.59799968879604 86.37309981799083 72.09143561419732 59.436871479108234 49.669026356995985 44.72120920885308 46.16995573767358 53.49810238120216 64.73896036966245 78.22354445278266 108.58225068005042 94.45391734810066 81.55781191522635 70.57271221310474 62.514282982534404 58.60256212570266 59.65887898562253 65.44310688814168 74.86731916952942 86.7532567860175 116.85733450192616 103.8197089599459 92.19606934388405 82.58563028321707 75.75846717955056 72.50511887510308 73.3029813206233 78.02787816903691 86.03522747179221 96.51144415996107
18.323751518080545 50.865802403729916 9.760389677503477 0.0 22.522034335345513 47.43140485582419 10.810031905411789 12.961136878120854 38.00040077371618 45.024596050685034 46.348133172523895 17.082868944188803 42.99161458403012 20.329649919681152 14.239273677453019 42.18231451682503 17.117354272939746 37.92688340011016 15.959568624451258 46.847899147165265 22.365775029767494 56.360819069266334 22.925774500912066 13.93064409956416 20.696295542925643 49.80696496388394 17.019436646164163 15.984887302912298 44.041796685454216 35.82900810395236 11.159775168279767 13.57282340140031 20.291813384068615 47.27244287134695 15.070781967739915 22.569278059433746 5.172051136079545 31.928067336826008 37.862594629727454 48.44867085347483 96.21835069927364 81.93696126540256 69.05115147357985 58.49067196384959 51.70064972935551 50.23402180676681 54.52208726870611 63.40788864284944 75.2805683611547 88.95205951432246 89.60230003358926 74.09382130330103 59.58123648504639 46.99638633679034 38.28973907327389 36.36282593365939 42.155821703206364 53.204122951547674 66.95484520576493 82.06053311928595 84.8397499853453 68.2854910113554 52.21823997175645 37.27320870116342 25.505897084615842 22.59470476454955 31.132005698351474 45.01770843007439 60.68523349095123 77.0552545478287 82.25336403116448 65.05935161119238 47.94304794800595 31.033300467049223 15.043566933175432 9.394964136791286 23.429363479500527 40.10384111079985 57.15255328929351 74.31839543467343 82.04923213272825 64.80226351473168 47.59520624896137 30.495694734165035 13.906278256575852 7.449509431652733 22.72265928073708 39.697062070096244 56.8692154631708 74.10176810295212 84.24467611619393 67.54813938131669 51.25474120343535 35.91737100373123 23.489960959280182 20.302972048242772 29.518718877890546 43.922779243353716 59.881365972873574 76.42680895543518 88.66159011528917 72.95866888701777 58.17013991851292 45.20255522645439 36.07609774383946 34.03537375213587 40.17507328035709 51.656310053093705 65.73751008402638 81.07511396371143 94.99053590065719 80.49826817201134 67.34569670156947 56.47669402053508 49.42158929708019 47.8964761520369 52.386580198611576 61.59007679787682 73.76329543109891 87.67788982055332 102.87916164882783 89.63116658556562 77.98759552103486 68.76829936035296 63.04591857548115 61.79960850705154 65.28621818377636 72.82914161439072 83.33410083561868 95.8319141299662 111.99828231965907 99.92131742230642 89.57460350835855 81.61883972410341 76.80068937499338 75.72147823165683 78.53549598298596 84.85629899702727 93.9789567713918 105.17691114469832
6.230170786826004 71.2414871432803 14.850512696499269 22.522034335345513 0.0 29.900638875752193 33.33167388613768 22.067728843077155 58.47956087818143 22.53616967326377 31.631685989967078 36.49013668219987 28.037166560080564 42.80244068997331 28.610836798385737 39.02962295147399 36.79467058437992 16.618933979367394 36.55539290830469 65.89596478888342 14.880767432424488 78.03229023109067 38.48915717617868 17.354545623169034 40.880567748474164 38.14557514720858 12.803518765416891 26.090910054448845 63.259923440667585 16.371857215606678 12.030417122078353 32.46549579680229 3.1150856752456746 25.119757583651303 24.69599075853005 6.559505783956615 22.67300627517917 11.448702353148146 23.7032430583694 68.7648931003424 118.01324969726001 104.19577209070633 91.57009605414464 80.69757006255745 72.37268054929088 67.54408722682491 66.97233983065172 70.76069982107627 78.27867352939214 88.58169434600327 110.5556168477539 95.7077981152919 81.82982794370255 69.50509895378781 59.703406420139345 53.821321186352435 53.175863029143166 57.9422999381868 66.97497856566272 78.82058934043951 104.47456889968763 88.64740323130282 73.48805912778667 59.50910645526158 47.75854740245589 40.23841611107985 39.447276136118596 45.73566704760814 56.798953056203004 70.42156685596484 100.02159364197479 83.3781506382654 67.06879570519824 51.41246206144985 37.24204206989872 27.007567167962208 25.895138841629787 34.79106625879478 48.466368872709 63.92393977562353 97.42026679687288 80.25370593217264 63.1610580487396 46.224389630960786 29.71164998134806 15.085857530206386 13.080407301806895 26.70812643921314 43.06116563162301 59.94928655252956 96.81998996074009 79.52731202795769 62.23977686579327 44.963316756376365 27.718647995241096 10.66117269131362 7.596796900277568 24.504603784888243 41.73671589481809 59.00970144166519 98.25745305963129 81.26331148723028 64.43319583929029 47.94016977839079 32.30472489970127 19.688647578617907 18.176981495247713 29.527524265622574 44.85598000716044 61.24504400929286 101.64622103139695 85.31149174803673 69.44678519044761 54.46439476497277 41.335137544703784 32.396386673827514 31.45102729938005 39.083466348841455 51.61953642236338 66.33509413568474 106.80066606978151 91.36497245230207 76.72964184067605 63.45093782247985 52.56718474533597 45.81812023222412 45.09983591221533 50.66945909657285 60.823488876048636 73.69059194324575 113.48037621345229 99.0567169650123 85.70511854649922 74.00809613484975 64.86698714679933 59.4722668920044 58.863161798602675 63.178239010588875 71.53184418032593 82.70922777308195
30.28443553828285 98.29444935804561 37.67126580822732 47.43140485582419 29.900638875752193 0.0 57.057022984303806 51.39898342710924 85.42361578520965 25.223985386024772 6.833649622794458 63.969605844415625 6.805048351251692 66.53863068901481 57.477537455523525 66.4945340678221 64.13027936691702 15.772320990571918 63.28440477339452 93.94378269000215 25.628258398430653 103.34737890766502 67.51394040261775 46.9832950172113 58.63890853908776 15.050050777332435 42.69649616873458 55.60754526935599 91.18673767139191 13.641841046958447 36.76476559996058 60.06073954633434 29.93280989135686 29.936715882774216 54.18818072017002 25.875925101207958 49.791822520510806 18.659247124591175 10.785342701828533 95.8717687047262 142.81917206266715 127.6482690473683 113.09084037021736 99.41674237239718 87.0432769159943 76.60331815997102 68.98041428418202 65.17069634122453 65.83946137059488 70.86002110294133 136.9010243404609 121.02166500508835 105.5902320476379 90.83529917230031 77.14600972514268 65.19710750130633 56.11167085385293 51.43031358133308 52.34821366379053 58.60285455629118 132.21273810219355 115.71665568715946 99.49466042659704 83.70625583948458 68.65124793766905 54.93593708822261 43.83636946491448 37.73597959220822 39.05237236778094 47.16861438671239 128.88866108027992 111.92140830794423 95.07485055119359 78.42680450111573 62.13703411399458 46.58292863352501 32.827402563681744 24.166471929495973 26.250890640367054 37.321723442993466 127.03597690275213 109.79265691216915 92.57120900265367 75.3866241503924 58.27152482632162 41.312361958622105 24.830727654389445 11.186239820811227 15.245065662341315 30.633400611212867 126.71926583449518 109.42773325262883 92.1401041786791 74.85908303863494 57.590618600537404 40.350835310835144 23.203749521462605 6.881249560341121 12.450008885667996 29.34906078700204 127.94993874772697 110.84406463833291 93.8101195944885 76.89591955336721 60.202478208693506 43.981886656884576 29.037671364556957 18.72640904221521 21.374809143653934 34.08516641015684 130.68426993678173 113.97524561603502 97.47329629163893 81.3046065069286 65.71562417904978 51.238229439124325 39.126432545926384 32.173093796515474 33.734950394001196 42.89165961704962 134.8307714963294 118.68558689773481 102.91697417486988 87.72822835780688 73.47982015502842 60.83608576485489 51.004687377626475 45.83263444345811 46.88801624992908 53.805624222355846 140.2642029789446 124.79634088066258 109.87676322236521 95.76207931628629 82.86461798597094 71.84295604694118 63.67866278490553 59.55862822196662 60.31736597759556 65.78628597539485
28.942385750989917 41.94328672175713 19.85863103126958 10.810031905411789 33.33167388613768 57.057022984303806 0.0 19.440847844489586 29.33278446990146 55.83114399844915 55.25311273366343 12.48552579975856 52.083990437677535 9.649241222532167 16.451274598018287 47.657022311567104 12.11729301847898 48.52607069694935 9.902392081042901 39.12693637385234 31.483417354855707 46.292946888922636 20.779245589776245 22.480298580219703 13.7576421557781 57.66409638874521 26.692037653633758 20.37886983060093 36.28210368002741 46.1393902867619 21.78391754131615 11.380842598156269 31.05751283366803 58.017831378489426 20.175430689988783 33.046125992371266 12.422781478316718 42.47745100279907 46.98167369362319 39.62599544504549 85.92631283603242 71.33477844373967 58.24667308597659 47.91037640890275 42.389129996797095 43.554304590420706 50.94920496969071 62.39687859092621 76.08958115790986 91.01968575845044 79.90087412426344 63.98469973845135 49.016769200175744 36.19330424949797 28.565304648846578 30.343166189377524 40.30072687479822 54.09527878084449 69.4777628710619 85.59631784215355 76.05493869567553 59.135359655548 42.52458655082529 26.803037126459593 15.07241769764992 18.293862071020765 32.26244940894426 48.43323788906825 65.18745324926024 82.16898580341778 74.72584452523914 57.42391516329243 40.12198685691682 22.820062007091444 5.518173127358902 11.783838225072303 29.085753487937033 46.38768018129927 63.689608989530456 80.99153855725193 76.04568998848357 59.1235187152949 42.508194617632626 26.77714321878098 15.02653763225856 18.25625680195542 32.241241238108536 48.4191801424994 65.1770589985504 82.1607794427579 79.88326631742358 63.96281128913056 48.98832492994573 36.15495113956044 28.516920686433053 30.297834907095734 40.266767883256 54.070104055094404 69.4582570347305 85.58056174747476 85.90175269087293 71.30532803893406 58.2107674781885 47.866920169237694 42.34023612473963 43.50694308123568 50.90891424893276 62.36413998631704 76.06286422983783 90.99745944631837 93.68168102467276 80.4686398826995 69.08577906246354 60.57380582524902 56.251446694294565 57.07856671187886 62.85219582627816 72.39842872606577 84.44740767567755 98.08106373461871 102.8239030123268 90.90367397324152 80.94992535419249 73.76308324725858 70.1981769562048 70.80441517637803 75.48136148483663 83.54816704883147 94.13737868142385 106.49922757714856 112.99813489216687 102.22158312253087 93.42700147175587 87.2160314017835 84.16262023534765 84.60931472591814 88.50313335685661 95.42301646576415 104.77107668763962 115.961562295132
21.3483437262672 49.955502191364744 17.634203092352855 12.961136878120854 22.067728843077155 51.39898342710924 19.440847844489586 0.0 37.49054455340103 42.14824049518789 51.9849943938911 16.000271411461636 48.40488898866644 26.506637176897023 6.8219975407297415 29.288769028339832 16.47323821703045 38.65307871585648 17.139323546469594 44.08975118007607 29.421783162687326 57.864863090947935 16.435373066921642 4.948749433539599 32.323004239471935 57.06725429189845 10.227002079941615 4.313651847334724 41.533851618581416 38.211256309958955 16.42888697298729 12.301070442193472 21.4850633022884 43.112957342430285 2.913468615018522 25.614650638127298 8.037294127331029 33.431992267315714 43.50135373863108 47.47522117939322 97.67001174275657 84.91618008835901 74.03228449415361 65.95070669841897 61.781124470164414 62.313834963448244 67.43749532100506 76.23196562225395 87.59854136917441 100.66971429855698 89.36402900234174 75.26198181459829 62.781403922867845 53.0786774073708 47.87368647964766 48.63266663561849 55.10975608843303 65.63335061677422 78.5944702579414 92.97928447642715 82.65419284952463 67.19698050008158 52.89480964389995 40.97554993539633 34.04171858352662 35.1765493209359 43.7566994473826 56.48553777104584 71.1708600083372 86.82554208038516 77.95386722627295 61.351274720007964 45.27542542929173 30.568956960676804 20.43941915444803 22.35599080639011 34.35873307260879 49.59804931261703 65.86442284494856 82.55295053215234 75.63868000967568 58.39529786640816 41.20103359736925 24.160980596079526 8.288199715602046 12.342973020187243 28.891472249058733 45.9978131191887 63.21071042208321 80.46180752173561 75.92716355138838 58.76678447571791 41.72348255914673 25.03749753289314 10.564885951009929 13.966767493229744 29.618197444571813 46.45554748490705 63.54298868463836 80.72185686924799 78.79071992024825 62.406335589683245 46.688703233661926 32.61641318906755 23.378129112409123 25.059021211595315 36.16743395899337 50.86180419592449 66.8167200984247 83.31108062599777 83.96626544138128 68.79717872885496 54.904252319228355 43.527107615075735 37.06006374690691 38.091923101078166 46.12209816530843 58.328452111955954 72.63522399824706 88.0241458779647 91.06036845106098 77.25947326585862 65.15184407394628 55.84980244736868 50.91501891367293 51.615685009593996 57.74703280248367 67.85249977960467 80.44814929756583 94.54389876901858 99.66408949468149 87.19206545457892 76.62033010516528 68.83013044241581 64.83202829119314 65.32602921058707 70.21738714110818 78.6903169756089 89.73596647142747 102.52616512416256
55.7225684616381 12.877843231603 47.75899947470321 38.00040077371618 58.47956087818143 85.42361578520965 29.33278446990146 37.49054455340103 0.0 79.60560035316342 84.20768157832755 21.990372636873364 80.91672723430649 21.487432578380623 30.687264765581947 53.10518807689351 21.690445077911082 74.92250888404922 22.194089831418076 10.65701874422497 60.235472950865656 20.847519953187984 22.67268494575988 42.407149037682295 36.10749564662774 86.96923594524777 47.69832124731523 34.61613416698952 8.061588954746513 73.45296232542428 48.79997995123193 26.01439385535028 57.03150698277311 80.57477453920423 35.67842056655415 60.136617448935255 36.03393409869106 69.17243992587183 75.78683140612013 10.448477665827312 60.24051640064466 48.42050499737098 40.729311957578105 39.64737647410494 45.64710429405095 56.51643884709242 70.02330790367401 84.91834607286789 100.58674569604985 116.7174681847888 52.07715923740781 37.83977199116313 27.393004371849315 25.838257425340128 34.402978346818855 47.93980397916613 63.33715502003641 79.52154500821095 96.09613701327038 112.88919120572895 46.879365898655905 30.32893974116524 15.51538710932157 12.661867992159308 26.050558103810133 42.37514916264293 59.25696556653465 76.32716215280998 93.48259949844542 110.68364896493027 45.67122108370731 28.43486112815237 11.398937458871913 7.074162757480347 23.85089805356355 41.06580637120504 58.332230572699906 75.61488841470494 92.90472072000185 110.19835057687679 48.750267386847376 33.135180030506774 20.44514329863642 18.35156006562357 29.227859529505192 44.389953052430926 60.70733262784729 77.45324190132179 94.3999007980084 111.45577599968905 55.40627414204292 42.28518588365125 33.240449035397425 31.94568413597835 39.17696764352082 51.45727964561979 66.02709473557978 81.67013913139134 97.87315662620026 114.39845595894094 64.54185076621972 53.65465365214487 46.804878698945174 45.83966551876331 51.09360677313684 60.97984769265446 73.65616368883074 87.92395877760704 103.12476937041181 118.90129116535013 75.25927738274724 66.10808835521514 60.62421987601419 59.82481843746824 63.885976101955514 71.98974343446157 82.95977671538903 95.81660670744986 109.90002667949616 124.79545577399966 86.97562235724457 79.135252232087 74.55671902029077 73.8492213927731 77.119372362645 83.90336483603684 93.43895660608919 104.97899568790024 117.93653972465255 131.89447376834252 99.33792630444032 92.49389863258438 88.54882677905628 87.89393563728166 90.60060086935279 96.38604459151956 104.74132930099456 115.10820254214549 126.99498524501398 140.01510638984053
27.76409707066829 92.10046763309083 37.09785966465879 45.024596050685034 22.53616967326377 25.223985386024772 55.83114399844915 42.14824049518789 79.60560035316342 0.0 31.110953890089988 57.791104964002955 28.773506460158398 65.2273386593493 48.96999035536125 46.34029477676979 58.177935041858305 12.592800830779899 58.27413269288204 86.00097987500185 31.71577214994678 99.72894898206613 58.1126425294672 37.21078379928704 63.00254928627798 39.651870564897465 31.922107494649186 45.42725254817763 83.53367471962291 17.604689479334226 34.473235591100966 53.82986556331525 25.09370935829878 4.841880649588035 44.2056905425481 24.785143296855114 44.67921716350115 16.89949657794371 27.99256863517729 89.62089989307202 139.66318148295096 126.31319991757562 114.03036108777995 103.19641753537782 94.31201673810892 87.96982992842277 84.74257502468103 84.98585549334786 88.67111036853495 95.40028596262488 131.50553876492668 117.2734492347433 103.97646938866436 92.02086502483039 81.99550070666967 74.68181703474647 70.92372366575073 71.28579441433581 75.70893946952683 83.55065331528688 124.40694786727771 109.29211685071694 94.9270389574409 81.70811732416617 70.28504777241615 61.66406762963142 57.128139525275806 57.649711251816846 63.10350134515417 72.38309436129803 118.5579020139857 102.61659289885247 87.19552007144632 72.6268330391918 59.539563390182444 49.13213729176659 43.37832172748562 44.13723203656828 51.11962717705359 62.26589667263369 114.1507311918996 97.51552276457898 81.15956134508002 65.29304009460155 50.38052442513616 37.57556210445719 29.738156687718664 30.911203931998436 40.31571112469558 53.79516770165048 111.35682856404186 94.24498698613715 77.21790176349454 60.34735793796801 43.814556303267324 28.219488915517744 16.482604221053204 18.593692635481826 31.913743848017713 47.853538673984396 110.29889691167558 92.99836185732487 75.69846466224713 58.39977219270708 41.10380551678347 23.816503933751314 6.606246071280186 10.898289340329617 28.153446144301938 45.44418494062486 111.02658675095073 93.85634627406857 76.74527564206895 59.74423619034186 42.98398550281134 26.91811822186489 14.151324838218498 16.57249914531807 30.78552075798137 47.11222427276163 113.50554999053529 96.76296066277351 80.25796785453257 64.17415696754222 48.92865838514652 35.61481392376977 27.23098420725169 28.519260186774407 38.521163961364955 52.470202161654974 117.62507993352249 101.54239421724718 85.93463703932994 71.11519871820684 57.69477238450152 46.89037916807475 40.834228080100274 41.65172665877015 49.000041946903394 60.54624277582554
30.64276063975458 97.01209540920922 36.70449763904398 46.348133172523895 31.631685989967078 6.833649622794458 55.25311273366343 51.9849943938911 84.20768157832755 31.110953890089988 0.0 63.28895826261821 3.609845655897383 64.4860093543912 57.62929260076347 69.75338151312305 63.38397735290038 20.2144404016975 62.307060967618206 93.18889508276612 23.991108053417022 101.32768893390484 67.62013971716274 47.91649124739145 55.299189248046744 8.550562969950647 44.1355048474732 56.27937496030835 90.38758833493817 16.657929928546647 36.36155131945021 59.50962384145415 30.986263936855376 35.91821591160152 54.858961907019925 26.50031387048942 49.33173449093939 21.334872202217422 8.55806066929093 94.63276559946557 140.40067080180367 124.85378154655021 109.83297405706784 95.58658186907894 82.51668980595551 71.27349142532528 62.84515959059264 58.46207838206569 59.0322975530677 64.42442643039527 135.09713085652558 118.8867143522907 103.03189260206246 87.72567980380568 73.31250139908538 60.43471507699177 50.286088258501515 44.76304859157723 45.57931907233018 52.439699617664054 131.086981978712 114.33068700115096 97.76463658676089 81.50491626156838 65.77908188685502 51.0826084324519 38.60941835924222 31.155264711693437 32.39325367937984 41.553631370534234 128.4914390383161 111.3590923573217 94.28869087500914 77.32127284916675 60.54348416602881 44.17193619024949 28.905339481448504 17.84907802113468 20.00931667505613 32.87655932926931 127.39703141620883 110.10033998150843 92.8056015370965 75.51415795412578 58.22894459475841 40.957850138406094 23.73172032413298 6.896170920768493 11.429495152324959 28.503036816248873 127.84233251581291 110.61293881985135 93.41036081667687 76.25274948300216 59.17922880392725 42.291765891787485 25.956094178079095 12.552179493656398 15.495438600685144 30.35412734935152 129.81149172702916 112.8727510808363 96.06353678983379 79.46608632962253 63.2473340510702 47.79437482280131 34.162697156420926 25.46739290735647 26.996239334519288 37.519546734013204 133.23693384858188 116.77835722641504 100.6031571213879 84.87350623425253 69.890880877436 56.255352909230545 45.20288225293586 38.99541933351647 39.95861892072177 47.65969004443127 138.0102189388573 122.1719676971989 106.78885255898466 92.08924232284473 78.4582580330766 66.55575209657096 57.46597430209895 52.66600848538039 53.32709329307225 59.26676547946374 143.99730826043205 128.86680855755955 114.35373220532358 100.7253193165713 88.39171903999163 77.9698287803619 70.3148957716176 66.39101668967356 66.8583711235729 71.63105921307377
33.932610119026606 34.769926572072734 26.585194514063605 17.082868944188803 36.49013668219987 63.969605844415625 12.48552579975856 16.000271411461636 21.990372636873364 57.791104964002955 63.28895826261821 0.0 59.875142761538584 13.365211615905208 9.562937662227633 38.974300464656864 0.6284556101050172 52.961953004654305 2.888027755050246 29.977983213127526 39.36582762754284 41.96592115383828 8.52325300269428 20.765737817079813 25.448148813350635 66.88891569957202 26.016949138610045 14.09581043681059 27.21735153242867 51.646487217435755 27.204873489488126 4.024937477869645 35.09540740306974 59.00354002074428 14.794237245348526 38.372228464969055 14.210303703460687 47.264755858996345 54.760276779368375 32.29823843740561 81.87270460005394 68.91889178342392 58.26825047727955 51.37378578392859 49.82011843638526 54.069621964917985 62.957964714255645 74.8504382451297 88.54474785560795 103.32694770808435 74.06751175137713 59.48309607007819 46.78876471557109 37.93211902470649 35.877711304017936 41.64471212228783 52.72628653412325 66.51727520081299 81.65624209473546 97.51739952552049 68.33232198803208 52.20426285602256 37.14801749084808 25.16697553910421 22.033824525351633 30.599240183181227 44.56286444448906 60.2834603047948 76.68802772412803 93.41693057009036 65.2156514704602 48.07248985645318 31.105637556573118 14.928845137081478 8.768892118103928 23.013688173719814 39.762790901301834 56.844019559547036 74.02782518505758 91.25627959808371 65.09475506453367 47.90910452944144 30.85370083744875 14.399055961286868 7.837612419786164 22.67679260756666 39.56967369270202 56.70974015088983 73.92525670207115 91.17349355815398 67.98561813709324 51.75170849093749 36.512270943729746 24.223213385562907 20.95456378712237 29.835129626490605 44.04415643052138 59.90285478194891 76.39062668841835 93.17411239231632 73.53385017202916 58.82031891185315 45.94714852730369 36.89388491192944 34.783397983076036 40.7101774973027 51.99480814184728 65.94171169089657 81.1903094760738 97.12945541833996 81.19645610857847 68.11786029100276 57.32297368794642 50.30413253561421 48.72155789694784 53.06389237213813 62.10044411627801 74.1340384780024 87.9428688317127 102.81411727513107 90.4374892327076 78.85975778837043 69.69560739307877 63.99053315392815 62.69603918021001 66.07187508016261 73.47711464400464 83.85090594673947 96.23802175513309 109.96014544252789 100.82375428623456 90.53321430849684 82.61828557335888 77.80735237058039 76.68684247485523 79.41312415880053 85.61951601412045 94.62369423123019 105.71315079316884 118.30292364866425
27.058143861521224 93.7426172000785 33.30455450557156 42.99161458403012 28.037166560080564 6.805048351251692 52.083990437677535 48.40488898866644 80.91672723430649 28.773506460158398 3.609845655897383 59.875142761538584 0.0 61.39933832562563 54.091600231947545 66.27647556358217 59.982148715025836 17.2831540276274 58.948999511296826 89.80620400275286 20.683750944325425 98.25569375800221 64.09353835362018 44.31552660816592 52.6718162896148 11.212163215019764 40.52599373177569 52.69562209068279 87.01219753258476 13.366442523593452 32.867190628511 56.07014845899683 27.376648238300437 33.61260654142251 51.27462069793297 22.896667384807632 45.866826206515825 17.89311627995793 5.130665934048797 91.35221727979587 137.46714443073114 122.04936503269295 107.20809597618309 93.21910111331474 80.52777417735916 69.84511899885231 62.21459245751592 58.835933018874435 60.426609591075206 66.6316734896789 131.9735576603234 115.85610056009 100.1346884050302 85.02928481884616 70.93452193226483 58.58444500933378 49.3079269777042 45.04564128989753 47.1768121668844 54.96268810614488 127.79234747996111 111.09220682199167 94.60857040015054 78.47798165307015 62.97233083068352 48.692341605144776 37.08210682584273 31.271872301630307 34.34364836224444 44.49439519055949 125.05528308865503 107.94716377963854 90.9124228763948 74.00175149277804 57.32505508358116 41.16766670943375 26.497240420688282 17.55399792607383 22.64716454956862 36.28164007798642 123.85818142200279 106.56444614944132 89.27388645982994 71.98879056273289 54.71433699009461 37.46524950385694 20.306272701983215 4.445002165322595 15.029468386927984 32.10491143546256 124.24558010936174 107.01240919044355 89.80568105764594 72.64418810327595 55.569855727959684 38.69822672378693 22.49021393872987 10.619782481967446 17.84552948026344 33.50909056373525 126.20288295069189 109.26853347196266 92.47036229759183 75.89884158645323 59.742875385640794 44.45783304487461 31.344815094604503 24.23234825970108 28.11808538379622 39.90936611526374 129.65898558291335 113.22475098559076 97.09244295138157 81.44168017779151 66.61275111933159 53.29612089949308 42.9231982037018 37.98726016782963 40.52615792341286 49.4005421725851 134.4983499191041 118.71115603607542 103.40972620685545 88.84539859592405 75.44626366003065 63.94898764040673 55.54734747760328 51.771064071382916 53.60670489912789 60.545974407463966 140.57812811092512 125.52719677492988 111.13341835466937 97.68771027589091 85.63780311294927 75.65362135979363 68.64255274825341 65.56540391898747 66.96668466279662 72.58749230244445
38.57065508264426 33.4849478322779 29.505880802521045 20.329649919681152 42.80244068997331 66.53863068901481 9.649241222532167 26.506637176897023 21.487432578380623 65.2273386593493 64.4860093543912 13.365211615905208 61.39933832562563 0.0 21.53571891110801 52.22891976741492 12.745392447046159 58.16483388932969 10.70227634735689 31.926733264689094 40.918239632711995 36.85679108340636 21.338706478203783 30.41444570421717 15.172699407558335 66.43102814850789 35.13193766049321 26.088389184800093 29.142485298911218 55.78153541165167 31.404036336412467 15.138329998298774 40.621294824251606 67.23432784020254 26.35366939856872 42.69374615044821 20.925159086855775 52.12178422127412 56.32688489655735 31.303845356597268 76.33566678345284 61.686780637714875 48.80666824431699 39.46682027174343 36.49487658908137 41.28957749597186 51.734799506415335 65.16791256215747 80.09950844365493 95.83168972447116 70.62014082869166 54.49011067276298 39.3681491267075 27.004468228376158 22.52426640434465 29.73474371736869 43.12399013240138 58.59960068153658 74.87896239390483 91.53423377263157 67.43521932470318 50.31389906951624 33.379354869047425 17.192657766182506 8.70097054091985 21.319933239603934 37.84290522707721 54.84837879466985 71.995257444294 89.20203355427088 67.14204225248598 49.92207920769605 32.7885284093911 16.021068826364687 6.080719174374172 20.395810679382837 37.332512493984815 54.49914983932181 71.7308275816822 88.9897711320919 69.77707324555928 53.39802787209231 37.84931328672247 24.748805176942632 19.77745951514863 27.72190754334611 41.76807532775226 57.613815887196616 74.11371769996184 90.91229964763328 75.0324063248425 60.074033279942604 46.76136204585446 36.91975780752483 33.73751744146552 38.88546875166233 49.846236641454 63.68612851239723 78.90441465910314 94.83985644543316 82.40818605862773 69.02770062624083 57.76885146840898 50.083523920852954 47.73029393259369 51.44613660604518 60.11598295527056 71.97124609006433 85.70000900087588 100.5376807143474 91.39236719637941 79.49298589998958 69.8884805531511 63.62672003348677 61.733412120379676 64.59383657506928 71.6408274417563 81.79943441739427 94.06689995209607 107.72516299786705 101.55888285749748 90.94944383274354 82.63220551364962 77.3501574100431 75.74099103949786 78.03226259041195 83.90503974888395 92.68097320501795 103.62507081517981 116.12593688030918 112.58777406847157 103.06694494331128 95.75101782284491 91.17232964420113 89.75078816479417 91.63344512002027 96.62735926073813 104.28652288409398 114.07534859300766 125.49647589057476
27.209876009429305 43.13374142834958 21.78418622145764 14.239273677453019 28.610836798385737 57.477537455523525 16.451274598018287 6.8219975407297415 30.687264765581947 48.96999035536125 57.62929260076347 9.562937662227633 54.091600231947545 21.53571891110801 0.0 31.298135083607196 10.104417623356216 45.22948857007644 11.25140112484887 37.34569874205264 34.34784208070251 51.14387994943534 10.037300912905739 11.766519332333536 30.15247546687916 62.195804900279484 17.048990069688525 4.6170620758620355 34.761110091695606 44.5232359198458 21.37587075809842 6.436496553294007 27.743528028475513 49.892190062870114 5.2327163446124345 31.60174420343783 9.327663181846269 39.85000063650856 49.084114538658646 40.65336530013455 90.89381895342785 78.30704866329701 67.83066140777235 60.56979935715481 57.75032270002333 60.00163464808503 66.81309571917464 76.98363832158812 89.373757832793 103.18698473655934 82.54260797756908 68.48516110521926 56.2659457509695 47.33075333026077 43.740690099383556 46.74398282091837 55.27618012816098 67.26526926345616 81.194094664572 96.22395630668765 75.92617874642615 60.38640139417301 46.118972097523695 34.72910826787408 29.731659802744012 34.066721121633066 45.12006916139445 59.2436414650398 74.71617446472854 90.85105205145624 71.52767815667143 54.78055610627345 38.52690361113932 23.800161053053976 15.725311449738198 22.95289881443571 37.4846381539348 53.68494221676799 70.41136508992827 87.3622346127568 69.7679278309844 52.47286991867601 35.18457035230242 17.92259729926385 1.7884593170259233 16.849073244763318 34.10714795153442 51.39472155065897 68.68952507371968 85.98719611742885 70.84386494182893 53.88876747605439 37.25396864557926 21.689397390898236 12.317247992077537 20.777682657174513 36.199757660654 52.80005371545784 69.74225225490724 86.82644001898221 74.63293457046258 58.75966919122773 43.97763890523701 31.84457447197323 26.3216892003179 31.149573365640926 42.97057968891943 57.63120436143581 73.45032956260724 89.81790639315595 80.7540776613759 66.32867123821607 53.63273074086 44.183170942596206 40.330397862695186 43.5848023789151 52.6444167453552 65.13017610787735 79.44275092446708 94.75793960458627 88.72585891949534 75.79160538735098 64.92423232315194 57.31180967215576 54.339950338266526 56.74254107282888 63.91635801395855 74.4955352067617 87.25003036740165 101.36197473206988 98.09804583143932 86.52920874113305 77.13670964575775 70.79216499809549 68.34968848509655 70.21766051163587 76.07923777359957 85.11328705477898 96.43227409207957 109.32879757707269
