0.0 14.217099522756397 49.56236813670734 60.3838234155572 50.984090963512266 31.018849340538846 19.823380684712546 13.603089585184732 45.835266004680996 18.245440064124246 55.14641210302167 58.83011512518675 49.29416283835014 71.10771488595563 48.217124514567466 43.39849859239715 56.98609288540633 54.099533834333855 31.2363692743001 16.36777245909204 8.963670996606933 17.082709730720612 61.70279945613168 56.24541176979835 41.11524954383534 38.4155731721282 22.486840493706396 48.89198173558963 59.71147799258755 11.72657036927454 20.64853053521047 72.21526576286904 41.39912841084632 62.84073082306477 52.74289567034222 4.7040924212618345 7.048872765120234 21.375884911117673 25.019737133785068 11.854225158135831 100.9219731905294 75.46223204054083 59.988659014125155 62.43009619871793 81.18609220516984 87.42177603500855 56.34920564414668 33.20745248442179 37.75013505711606 64.36028562431623 81.77416441925253 47.20656339396476 12.835869486062231 22.269120334103423 56.76197805258893 85.54905298758928 53.42548787810444 28.013695711151634 33.318067838263794 61.88911250138023 97.65966562283221 71.08211055891822 54.43089206118595 57.16272384950638 77.24785694956473
14.217099522756397 0.0 56.36467297634319 68.63915814327174 37.297207425894044 35.89465628223652 20.198100618957287 1.2440973273838223 45.53722890032631 32.462017357097004 41.22297133009792 67.09255669392435 60.01756955385377 78.00998238260058 41.22553466867018 41.581245072292255 43.74512678856111 63.85103309101711 17.472726295990626 24.111242490256444 20.159282154793996 8.458626543523826 68.28030849049975 65.22045668952862 28.459010020027307 27.524125042898856 30.520793068886704 57.14287324942186 60.12131390516281 17.35367571854864 31.130472544781053 81.11068424120674 52.60202845688502 70.78160685354437 53.05482301057593 18.681790240156 7.536502474363108 34.55710454902346 16.206190286265258 18.336236210078976 107.05013362359483 78.35779783319317 56.70062868680498 51.814877660120146 67.44927903170438 96.6985100475033 63.64119061026132 33.83259262090209 25.17799414547968 50.18029832073785 93.93296816185037 59.395685844947046 25.042892814918186 11.013603331834624 44.83644087601354 99.38894954819429 67.62332111089391 40.77373653926466 33.866139325362354 55.010607726750344 111.8696732142614 84.76638059579982 65.19691696709565 60.91567856662507 74.60284860073956
49.56236813670734 56.36467297634319 0.0 13.573807739461907 89.16805559028639 20.70592435167752 36.95679634233326 56.8637547565946 26.316182582000817 45.87827942618534 91.4641715895918 12.23990071030413 83.19777362795236 21.708393121299874 47.946265886244035 31.104841423605922 96.6804079000766 89.96777534790083 71.33755479211283 63.61173630630729 40.69239759154404 63.77603745690307 12.143047499535715 13.017142863566619 83.45778692269366 83.7838750300953 27.083139795076097 6.352751357309439 27.14137703327828 39.618683567356996 63.215389047557515 26.32595758200293 75.60165480684425 14.990844886232678 24.99215998640776 49.74883802731512 51.05090133470802 35.956304753530084 72.15936825441867 60.80829365506869 51.36152261391622 30.466139238410832 40.164692382401284 68.50588753778669 100.83525166862033 41.913705000051216 7.417904458077237 27.352263605738955 61.93643289903779 96.5347165233617 49.79813359249015 27.775620065194243 38.183194545408654 67.37408950226755 100.07706950785068 69.33434296762483 55.47543565288827 61.17672645589493 82.47699564913866 110.71184585866963 93.4816399861994 83.50455143058771 87.18900048809728 103.08031869923981 126.66452145982763
60.3838234155572 68.63915814327174 13.573807739461907 0.0 102.40649153343082 33.72131261008221 49.86384575082636 69.02824644681364 39.06410955506233 53.38402900254612 104.83003212920356 1.557100681872176 87.86285043983364 12.746212953047802 61.02260738973505 44.193736227189376 109.85499774151359 94.85166703057537 84.22554817238729 73.04587244140221 51.42203096408977 75.63305617450546 8.962942464728952 5.495063434141667 96.26814930156496 96.16153721228982 38.4049918237222 11.551093043994301 36.46307614633956 51.47592547251307 71.42339521400017 12.819218024459715 80.80745304628941 2.9052458482127794 36.298945892062136 59.82585556359392 62.787709330677025 43.618041409610406 84.05014391868508 70.97783946188426 42.05799761692389 31.522214211088052 51.120058876198044 81.41072690655395 114.17963082734373 28.5009298673155 6.771442490952704 40.91767515873007 75.48187944308555 110.07100610514344 38.286902073495035 26.33326795001922 48.12314049352044 79.58061208783118 112.89443081198259 61.07036561239069 54.18836319764352 67.3644208176769 92.3815404359227 122.17008704028503 87.19680145803692 82.30757830893101 91.32641701949441 110.91083435840679 136.58928815716166
50.984090963512266 37.297207425894044 89.16805559028639 102.40649153343082 0.0 68.691702147728 52.72799377026038 37.604089984937275 70.45281335017313 68.89941354361338 5.163885700800158 100.92189764559281 87.03480120749931 109.86804277869685 54.25373887074425 64.94734905040265 7.749785622295567 88.48502615134649 19.830438595761365 53.67533291472226 57.417165087756295 34.9090618900243 100.17174060708153 99.81941752563618 12.113855699030488 19.401824567255613 66.19820586783071 91.35421941152359 83.86158968785605 53.63939421128044 61.78738595242803 115.20169290785475 81.28908578700174 104.13506414244232 77.63020019181114 54.92520721963306 44.79991104199547 71.8492093816746 29.90928782665437 49.376850201362764 136.86716707004427 104.45096157143854 74.04191652658027 49.48967076885215 42.55666462335894 130.90280124791198 96.57960987245244 62.56635767041568 29.938730464847666 16.521393777388866 130.78507378420974 96.42145339457066 62.32422330120433 29.434196626639334 15.597629233156024 136.52911646562947 104.01169178359395 73.42674067037547 48.573267318516905 41.497713024011865 147.45116983166372 117.86237482452964 91.84766879647034 73.31583786501155 68.6235590562315
31.018849340538846 35.89465628223652 20.70592435167752 33.72131261008221 68.691702147728 0.0 16.250998346746062 36.477142710857834 19.031316931246185 33.51053137174706 71.1984868888278 32.23135844398192 72.66066016575098 42.18069271647241 34.348905325112916 20.08060556260121 76.13408742757841 78.83201255841172 50.638569610368485 46.60491678364284 22.877283993144022 43.60896273913699 32.42340600932874 31.30383321748603 62.75249107915236 63.17809014739667 10.261273106695244 22.76181113851688 30.365177310499057 19.901403241549737 48.13448782287664 46.5100308688349 64.5884122576909 35.53722883789503 24.0228368740278 32.40668526699137 31.17334655265716 25.14465391549849 51.90638866147126 42.809143201998225 71.19379220196309 44.46341628927944 35.78079085170002 54.574397530712076 84.09099240293837 62.211972096829456 28.102871591155285 10.201311468337707 42.58186896084451 76.92345427258336 65.32891186427038 34.40433562973791 22.23276072085622 46.90179892999934 79.37321708722618 79.12739794364536 56.20172220191727 49.506860622708125 64.32753777680048 90.66389678810897 99.24742202858988 81.9425655720845 77.29071811475065 87.33764333120014 108.05836644377236
19.823380684712546 20.198100618957287 36.95679634233326 49.86384575082636 52.72799377026038 16.250998346746062 0.0 20.953694234259387 26.462558958132973 30.95472866603393 55.495773719962365 48.353651338313426 67.84232328777352 58.3570929624515 29.95083010757989 23.61250693737005 60.07028236193045 73.15645192772642 34.39532722574114 36.149095096947285 15.418982985835907 28.36710513985004 48.58530666451076 47.09759235840268 46.50164423766663 47.0805834760938 14.642073374183314 38.66136090382435 40.78708326832561 8.777357642055225 40.07468257034925 62.601186127513515 59.75394386366687 51.75673089801472 33.71332621742811 23.157998781106965 17.073843962188896 26.806068705628576 36.40017273194961 31.20508994975515 87.02729258306468 58.276714474224505 40.16746613967763 47.17519807469647 72.33531213481774 78.30354148460937 44.35223301084505 14.058748503862276 28.688466644561345 61.99402954959812 79.2347957332658 45.96173455282329 18.48400058906297 31.07546554764829 63.12337036907177 89.52019884700816 61.905157464365374 45.22661443291107 51.51175011021529 75.20830911220926 106.48232145195988 84.41755943461438 72.86230493254584 76.72195384112948 94.11882119779727
13.603089585184732 1.2440973273838223 56.8637547565946 69.02824644681364 37.604089984937275 36.477142710857834 20.953694234259387 0.0 46.503383770571865 31.831355711705378 41.62954965654602 67.4787426842368 58.86477223521414 78.53409557973437 42.448964745765565 42.61725720063992 43.919584009105925 62.65833809846816 17.778637868336517 22.92430816197452 20.004295022407366 7.489438094282593 68.81987391384443 65.53354831391054 28.459010020027314 27.187092841972188 30.800705110938296 57.51280899824501 61.07642566077054 17.620445321952676 30.012546293672123 81.45104229738783 51.479807454600746 71.20340658387235 54.00348504590305 17.960778896658564 7.221253226877965 34.262055766862844 15.475960021451161 17.15699931187698 107.66260127605776 79.18484933641017 57.827726338470875 53.034445619914344 68.38172146790251 97.0115513102657 64.11148902640417 34.70111935030389 26.322900009370983 50.758892496384775 93.8785008090879 59.31030203509661 24.841600818998266 10.552370607442274 44.72643636658902 98.98012653524023 67.02657024296822 39.78557666827227 32.68116317321249 54.29604097182302 111.18840918455314 83.87356309691307 64.04274321430272 59.69051394057344 73.61540650681937
45.835266004680996 45.53722890032631 26.316182582000817 39.06410955506233 70.45281335017313 19.031316931246185 26.462558958132973 46.503383770571865 0.0 52.050561250721884 71.66288370465792 37.991906072577315 91.0601601498285 42.085348717518436 22.068560917161363 5.724839267600449 78.2004739619945 97.00523439346867 55.75109242978 62.17784950506821 39.30260566384907 53.98303003824906 33.320668070223455 39.33216182710928 67.65290360825706 70.15540964363247 28.85379065167357 31.811870222052146 14.59762248410064 34.13819974918875 65.10130513759002 51.006521170239786 82.93882895965221 39.555065333596744 7.588202920565259 48.444600910512655 43.50921182405753 44.122469358430514 61.449544053093774 57.508909508758116 66.68664800577145 34.17084652685454 16.8236064421539 42.347018388154126 75.48745227005377 65.73648880961852 32.29518765719588 12.630281626084141 40.8768952522457 74.68044456415298 76.09201986942193 49.98200901409148 40.015375255642375 55.669404374208376 83.61673399633128 94.09119887394475 74.38568142391817 67.88276354868383 77.95943602077584 99.70978804814183 116.23504476943036 100.73673784073796 95.8116337079518 102.98797038126028 120.11598152057934
18.245440064124246 32.462017357097004 45.87827942618534 53.38402900254612 68.89941354361338 33.51053137174706 30.95472866603393 31.831355711705378 52.050561250721884 0.0 73.20719781408614 51.93135978524626 39.15095778011712 65.57970180434872 60.857243606917905 51.541616860219875 74.5576987438702 45.39603893919201 49.30252123073107 21.553971477914523 15.841384734426894 34.2093323709096 57.25783505999497 48.34599708002214 58.473790012866594 54.75649818011844 23.294926003750028 42.92017996618951 63.79566685780104 22.692266544655116 18.14305426199918 63.499802447256606 31.09196377909444 56.18354144516953 57.531414530704694 13.987111301610947 25.142734763212005 9.943472354283472 41.12012587230546 22.059357126281718 95.40926159207226 75.39203860694352 68.26239569526687 77.6550883117604 98.97289380444103 77.5496550089813 51.21864384307747 40.343184491383255 55.01470863023712 82.58623595356191 67.22205142504954 33.79253602436199 12.645878595972102 39.657943231330925 73.35146991399002 67.95276472181743 35.2108282789944 16.027357101720494 40.85094216912968 73.99711027698177 79.4371793034278 54.00874632619492 43.80000857628948 57.573897477259344 84.2964022810419
55.14641210302167 41.22297133009792 91.4641715895918 104.83003212920356 5.163885700800158 71.1984868888278 55.495773719962365 41.62954965654602 71.66288370465792 73.20719781408614 0.0 103.36767792492799 92.14207298233555 111.83396363134594 54.282857075602784 66.05669922728651 8.52531527497641 93.63565934641629 23.915495235785208 58.54823449208132 61.202285936503976 39.4610340507032 102.20281470744692 102.4585610114738 17.25306361635635 24.56111684886747 69.3343157404658 93.94418237173498 84.66545191111295 57.06252865289906 66.66512066856376 117.6467497680017 86.33475131652634 106.45440673201823 78.65730828079619 59.22011282617553 48.7584092206418 75.74426207005409 34.85488784487352 54.11715232741722 138.29646364456684 105.40231695214585 74.08246636550358 47.5563042074033 37.81294964652232 133.32469153455915 98.85159198028158 64.51862957617757 30.798090021131205 11.368535384242833 134.1271042946155 99.92131441291473 66.13097936081925 34.01752751806017 18.328292769865897 140.60483533957077 108.38603078252883 78.23144025855382 53.73638852289845 45.27532760485648 152.03384462524724 122.72458329570746 96.96962391736679 78.35587897536514 72.60117609518556
58.83011512518675 67.09255669392435 12.23990071030413 1.557100681872176 100.92189764559281 32.23135844398192 48.353651338313426 67.4787426842368 37.991906072577315 51.93135978524626 103.36767792492799 0.0 86.61391041010265 13.981438910154791 59.89444166095202 43.05184886933935 108.36110162602124 93.59184948142585 82.70625440325057 71.52763085872566 49.86800273900634 74.07785029573667 9.111685499888138 4.486728374016972 94.74222654551329 94.61557033391655 36.84880550004991 9.994599617556814 35.89827886551232 49.92295399000428 69.95299264635362 14.282550574699219 79.51531101136676 4.256463039889648 35.46134239204989 58.28504792092183 61.232050642496915 42.145013705750685 82.4949351187039 69.43777492793808 43.486961265510175 31.891570031418038 50.37721231235419 80.3336146560082 112.97765534972761 29.980911325120204 5.82356044953334 39.54525093682094 74.08504633137302 108.66561328726814 38.93762160760908 25.407373453120915 46.58082259668233 78.03110661950666 111.36775262506168 61.179495347864815 53.40317979157299 65.99747938230615 90.85281321508079 120.61342695794887 87.05805578182263 81.56520572655808 90.1187237286883 109.47424271689341 135.06501818048523
49.29416283835014 60.01756955385377 83.19777362795236 87.86285043983364 87.03480120749931 72.66066016575098 67.84232328777352 58.86477223521414 91.0601601498285 39.15095778011712 92.14207298233555 86.61391041010265 0.0 100.59145454628495 97.34606319538943 90.14168558477144 89.83793569357478 7.0648064228845 71.30290669290092 36.05184192355456 52.63345453436247 55.992189549412046 93.52026119276127 82.40854876452434 74.92993647410914 68.12881368185747 62.43162094321166 79.0607187610434 102.92903844653723 59.0651117376114 29.018548751672395 95.36405259108255 8.136953536555342 90.7680432489538 96.6791778130054 45.07706074034569 55.34783612876932 48.207124979353246 57.727477720561836 41.742738335554264 129.24045184573268 113.4724047160153 106.97433544630053 111.38069775724493 125.54855951400894 106.80891497837536 87.34799526395895 79.03120870788152 85.18757738144424 103.26009125641258 87.77591950755794 62.92978185973766 51.09311121123706 60.46203561796467 84.23545962276812 74.78441859778684 43.216345817348376 23.182746707251578 40.025877409627704 71.14454229418078 71.22188349590196 36.77332672841725 5.181928578555838 33.110136877774174 67.53194725080287
71.10771488595563 78.00998238260058 21.708393121299874 12.746212953047802 109.86804277869685 42.18069271647241 58.3570929624515 78.53409557973437 42.085348717518436 65.57970180434872 111.83396363134594 13.981438910154791 100.59145454628495 0.0 63.91529925993466 47.72413561447089 117.48397149233685 107.57223340524367 92.59940450857208 84.6098915695715 62.18219903564285 85.48060862435828 9.774180859593214 18.23395371476268 104.76201298259791 105.35835402712479 48.68809598081351 22.75676567843871 34.892968657077745 61.32676818629316 83.47615099595899 12.923811143771568 93.4937413937571 9.845689528311285 37.1926347747505 71.01649642459387 72.75854225434614 55.70470472549452 93.85877038238482 82.14645307991695 29.991739447168953 22.878211856212946 50.41991285453387 83.40125621643895 117.32100560460077 24.323893284065846 14.777799335235347 47.32829842628779 81.58679562692896 116.05040077205616 43.54764671547202 38.87367736765633 59.335954140707145 89.0234548814572 121.34423342969669 69.38059847138545 66.34513621258468 79.90279803153616 103.74009613072221 132.41725088246744 96.66072374755294 94.2855305522006 104.07165260389726 123.15331227656168 147.9771928747209
48.217124514567466 41.22553466867018 47.946265886244035 61.02260738973505 54.25373887074425 34.348905325112916 29.95083010757989 42.448964745765565 22.068560917161363 60.857243606917905 54.282857075602784 59.89444166095202 97.34606319538943 63.91529925993466 0.0 16.849610638475927 61.84232016413881 102.31334508625737 44.30931594400129 63.581790716089955 45.35013192411366 48.996158117491355 55.360272820815126 60.904871525027126 54.698762776698274 59.22751954740566 40.85105761688441 52.93933842478837 31.695673210589664 38.57452849480938 68.85956336949994 73.07183603432168 89.33111891075049 61.60440113770054 27.03689119391948 52.276494857818015 43.01469404393896 55.65868522657221 54.41260651533999 57.996142045336555 86.64515203388292 52.46426873091964 19.81082691849269 20.671005785841412 53.45057852335046 87.76033914014337 54.26976138919768 24.15337214457576 24.827651525514995 55.175063970897654 97.37398433674225 68.61973177506835 48.274803558180984 48.446465667252454 68.98172018787066 113.34340562847215 89.68154774208665 75.05719190598975 74.96088150587119 89.43956117627786 133.40460576275177 113.78643510187767 102.43325303838418 102.13933810264379 112.9910261630271
43.39849859239715 41.581245072292255 31.104841423605922 44.193736227189376 64.94734905040265 20.08060556260121 23.61250693737005 42.61725720063992 5.724839267600449 51.541616860219875 66.05669922728651 43.05184886933935 90.14168558477144 47.72413561447089 16.849610638475927 0.0 72.69712721164395 95.84617640713113 50.7395255596094 59.75046032688402 37.71221184284453 50.035526264102344 38.82585977828317 44.081999442684314 62.51378257842321 65.3216354992561 28.913812814009543 36.2207009292545 19.297832216744236 31.92320328207474 63.306763604533195 56.34912150722452 82.00477891332338 44.845775288352804 12.703112660763644 46.43887963612937 40.32216583144967 44.38636907972576 57.2031746998395 54.80078434652065 72.35968911085018 39.52782721059434 16.847032401906596 37.41717170725031 70.07935385965312 71.2364634376236 37.451831184732896 11.202569747278275 35.25914707830339 68.96208603503314 80.65620593181065 53.10638358116617 39.11491735093782 51.327282244427785 78.31875513839752 97.61256236113316 76.25819824340543 67.06101173479304 74.65796553982008 95.1063108807483 118.92361953208173 101.91929359175639 95.01018111439255 100.30455429556365 116.14538172291047
56.98609288540633 43.74512678856111 96.6804079000766 109.85499774151359 7.749785622295567 76.13408742757841 60.07028236193045 43.919584009105925 78.2004739619945 74.5576987438702 8.52531527497641 108.36110162602124 89.83793569357478 117.48397149233685 61.84232016413881 72.69712721164395 0.0 90.71434825988081 26.383332340123758 57.97535207821868 63.89862359902592 40.34971468297673 107.7718454007551 107.16160217047816 16.15744652185388 21.79793036256701 73.2672102331011 98.72993249147262 91.60236093674736 60.51186644471623 66.00878059207923 122.6326512530209 84.590936293998 111.6282092069467 85.37972326445453 60.67885865801304 51.13972633557667 78.13830064373802 34.25843496419251 54.15814385626741 144.58984872018442 112.19989963546718 81.64695701554365 56.021859039976434 44.78266160882117 138.3373381356785 104.09655868613791 70.2126515993612 37.661490487760275 17.372616208846868 137.59142370566758 103.11240741660227 68.75892418975758 34.903626672973715 10.177871137769865 142.4386831371915 109.43972926039385 77.84700966126603 50.379422121670686 37.56117838789327 152.34591163268544 121.9453700690524 94.48196188301537 73.33335063950332 64.9883902588859
54.099533834333855 63.85103309101711 89.96777534790083 94.85166703057537 88.48502615134649 78.83201255841172 73.15645192772642 62.65833809846816 97.00523439346867 45.39603893919201 93.63565934641629 93.59184948142585 7.0648064228845 107.57223340524367 102.31334508625737 95.84617640713113 90.71434825988081 0.0 73.83424056334961 39.742054181361034 58.17111611714288 59.08064505656931 100.41301757000907 89.40530838040998 76.38418108604012 69.26520230083813 68.57537549928927 85.93579468721394 109.17017294432522 64.39746638171303 33.48501997267766 102.42387273865361 14.408811141026183 97.75648310984921 102.81313838038511 50.11733533021996 59.77016995799833 54.701364605815044 59.877422498952264 45.52463543457307 136.28283227965852 120.1627308960026 112.69320858957056 115.56401895014035 128.0817377141167 113.85855204939818 94.24102576875869 84.81559951055894 88.88596528297046 104.89260054369274 94.57300680498575 69.98986541094975 56.99035256438445 63.18236061331799 84.44473033621595 80.70992167306329 49.90933106091737 29.37055345023807 40.36280101538138 69.21358403036108 75.32610664362912 40.72578104126536 6.165269208992291 28.500635976807562 63.09846560266347
31.2363692743001 17.472726295990626 71.33755479211283 84.22554817238729 19.830438595761365 50.638569610368485 34.39532722574114 17.778637868336517 55.75109242978 49.30252123073107 23.915495235785208 82.70625440325057 71.30290669290092 92.59940450857208 44.30931594400129 50.7395255596094 26.383332340123758 73.83424056334961 0.0 36.03312338641268 37.61599848827951 16.0428799661523 82.82834253655655 81.25272489082906 12.175775833968068 14.951185255142992 47.01235540378014 72.92207406459343 70.03593499606907 34.14838267558389 44.05623753271477 96.9193738902156 64.74891045626283 86.15000599998683 63.27861602938389 35.3172469619003 24.969480333385338 52.01915613915571 14.281674379201085 31.048500620117508 120.69872388708842 89.83575828468872 62.98853889483455 47.53377374339932 54.27867269805573 112.60768416790161 78.74091502892092 45.98499692328704 20.59017390122353 33.587760530550554 111.20865273712987 76.74558734324648 42.51186849517885 10.930956158416057 28.750055572814205 116.74254426411963 84.4969925585318 55.18596594630934 36.68881164958358 45.18269514268374 128.31519691302353 99.74782954255362 76.34948649125526 64.05960918662608 69.0854385872877
16.36777245909204 24.111242490256444 63.61173630630729 73.04587244140221 53.67533291472226 46.60491678364284 36.149095096947285 22.92430816197452 62.17784950506821 21.553971477914523 58.54823449208132 71.52763085872566 36.05184192355456 84.6098915695715 63.581790716089955 59.75046032688402 57.97535207821868 39.742054181361034 36.03312338641268 0.0 23.729594412863648 20.197714203746635 75.60266661891875 68.36475146381447 41.993241095861755 36.597313129151 37.16872145882847 61.911392778810615 75.93235851254724 28.040259247995287 8.11707364629621 83.99805255963668 28.952361066298426 75.70864663116727 69.00755856029072 14.203918522312797 20.56752652161839 29.99368580192853 23.81271983561407 5.785863576350556 114.6004329998014 90.9866934086268 76.28003691810605 75.85154059565494 89.90558888647999 98.52172816856046 69.88089894251799 49.54756812611852 49.2076755488443 69.15664475776886 88.68319389899004 55.30319404233462 25.436694058472423 25.108868558843724 54.85191790929555 87.22326837837203 52.95274181360734 19.87309389869249 19.51254809680359 52.54894748660791 94.53102464518747 64.18725286394256 41.21552373238429 40.893306543550125 63.56597203549151
8.963670996606933 20.159282154793996 40.69239759154404 51.42203096408977 57.417165087756295 22.877283993144022 15.418982985835907 20.004295022407366 39.30260566384907 15.841384734426894 61.202285936503976 49.86800273900634 52.63345453436247 62.18219903564285 45.35013192411366 37.71221184284453 63.89862359902592 58.17111611714288 37.61599848827951 23.729594412863648 0.0 25.175071530154543 52.82282760267707 47.31663399459703 48.432652995977875 46.50149051670663 13.690104184368606 39.92834819981859 52.5461699449562 6.868923135056797 25.802402480772994 63.29641113683456 44.51388312534279 53.877265893774926 45.74957024919158 9.529439969535678 12.818732460715815 14.64416618085044 33.429262359370604 20.2116685416359 92.03472907611977 67.27389627986096 54.55235358001682 61.81373502983055 84.02804764986034 78.56004067466817 47.41499069101161 26.82393350906603 39.820926546506534 69.61845795823304 73.91537434787728 39.32542768216706 4.934605335224083 29.95105619631566 64.53398774883152 79.66077810002373 49.20102767665666 29.840912162576775 41.89339220599184 70.81292212432112 93.90793657862478 69.79173868323448 57.6008915308549 64.49518046805636 86.00106733794352
17.082709730720612 8.458626543523826 63.77603745690307 75.63305617450546 34.9090618900243 43.60896273913699 28.36710513985004 7.489438094282593 53.98303003824906 34.2093323709096 39.4610340507032 74.07785029573667 55.992189549412046 85.48060862435828 48.996158117491355 50.035526264102344 40.34971468297673 59.08064505656931 16.0428799661523 20.197714203746635 25.175071530154543 0.0 75.81109779315065 71.91909898150173 24.276074122201415 21.37512325591721 37.23714501612571 64.08552166440901 68.56073458133018 24.19936959372834 28.11362244069517 87.89343748878973 49.11538715813819 77.89627388940629 61.48953547630356 20.388285086486807 12.852738687592451 38.456213822652195 8.41708781449022 15.022940539233604 114.78971545767983 86.6332826759235 65.02892860525041 57.853145480506264 69.71370257776054 103.34983959454094 70.94206732832254 42.18057933099146 30.339123461768153 49.563699782768765 98.82033488150176 64.2297772309882 29.67025952404387 5.480751530650577 39.68132173319005 102.12511432298099 69.16241697101653 39.14310245160231 25.99551154881145 47.05520560813742 112.57616292096179 83.70583019614531 61.112504391330276 53.45660868657133 66.14588775709758
61.70279945613168 68.28030849049975 12.143047499535715 8.962942464728952 100.17174060708153 32.42340600932874 48.58530666451076 68.81987391384443 33.320668070223455 57.25783505999497 102.20281470744692 9.111685499888138 93.52026119276127 9.774180859593214 55.360272820815126 38.82585977828317 107.7718454007551 100.41301757000907 82.82834253655655 75.60266661891875 52.82282760267707 75.81109779315065 0.0 13.362104504407402 94.98960663681748 95.60048603849413 39.22597040826633 14.503128076086076 28.425559394052186 51.69790404223653 74.8996651356095 18.042210971119175 86.15880831818541 7.5660541802725945 29.31388400821205 61.82413624491232 63.13033121698112 47.317972504937586 84.17499314455611 72.90902554203704 39.21940791414294 22.82280708024577 43.57113027975141 75.30505009292155 108.80304246469204 32.41773354832418 6.172361752514146 37.68475099368241 72.09047559808143 106.62451262766322 46.60774813162175 33.899606849231546 50.20872874925575 79.29364085378067 111.57454214736664 70.01582898267762 62.08118016099265 72.11593624306563 94.56279552352274 122.79379071605935 96.12781253817279 90.29181728903117 97.25925312747925 114.7205582709029 138.76939423636043
56.24541176979835 65.22045668952862 13.017142863566619 5.495063434141667 99.81941752563618 31.30383321748603 47.09759235840268 65.53354831391054 39.33216182710928 48.34599708002214 102.4585610114738 4.486728374016972 82.40854876452434 18.23395371476268 60.904871525027126 44.081999442684314 107.16160217047816 89.40530838040998 81.25272489082906 68.36475146381447 47.31663399459703 71.91909898150173 13.362104504407402 0.0 93.18615329258463 92.71943172947333 34.74117543005237 8.5590498306539 38.74917135735347 47.915098211468326 66.44621572355906 15.990352832818926 75.39351936853704 8.38842044852643 37.60243524794504 55.410677029148495 59.070874177111016 38.68705113037896 80.32488083955 66.53584079925784 47.27906989672084 36.18390249563705 52.707382005204245 81.49656682349769 113.57879052608376 31.478929327962707 8.735148716968816 39.452958042634805 73.69954014264044 108.17375735284142 36.820794945293414 20.923762036559964 43.75708881296773 76.06844254454435 109.7860610767446 57.70470970016187 48.926037378751005 62.06841679319507 87.7839803710654 118.1286318871569 83.1444425519321 77.09767206694107 85.84778083914905 105.78454346560628 131.93041922698785
41.11524954383534 28.459010020027307 83.45778692269366 96.26814930156496 12.113855699030488 62.75249107915236 46.50164423766663 28.459010020027314 67.65290360825706 58.473790012866594 17.25306361635635 94.74222654551329 74.92993647410914 104.76201298259791 54.698762776698274 62.51378257842321 16.15744652185388 76.38418108604012 12.175775833968068 41.993241095861755 48.432652995977875 24.276074122201415 94.98960663681748 93.18615329258463 0.0 7.709767161560369 58.7272558429219 84.91243813261825 81.79934090364401 45.67588228874554 50.07264700659641 108.92383522160252 69.25249173480604 98.2318168493084 75.1348054538181 44.65507189867883 35.61396892454544 62.41046900119027 18.192419660225376 38.02689835103047 132.8608153888251 101.79717800993582 73.94685680607392 54.48314244239592 53.51159676887056 124.59575022180942 90.85342932421793 58.13289730531902 29.98942082270825 28.533146632466313 122.33494901906704 87.75659556405962 53.21141309281346 18.882346425521188 16.62785718604098 126.4011260252655 93.29158938308588 61.840371111676596 36.605699149428595 35.363226423314345 136.2286960094418 106.11592550572969 79.73523329667988 62.045233246124624 61.12528336706939
38.4155731721282 27.524125042898856 83.7838750300953 96.16153721228982 19.401824567255613 63.17809014739667 47.0805834760938 27.187092841972188 70.15540964363247 54.75649818011844 24.56111684886747 94.61557033391655 68.12881368185747 105.35835402712479 59.22751954740566 65.3216354992561 21.79793036256701 69.26520230083813 14.951185255142992 36.597313129151 46.50149051670663 21.37512325591721 95.60048603849413 92.71943172947333 7.709767161560369 0.0 57.9875620835589 84.66680050846885 84.5812662661228 44.80752364085067 44.51416606768839 108.62764035684084 62.79377645118116 98.28867920616366 77.72646183854954 41.37248798027845 33.89448870892565 59.75299825885059 13.641692471152759 33.333656713410065 134.07611126169868 104.05294646562118 77.92569966215764 60.93111367109075 61.21742812168803 124.19793179385108 91.09998457183157 59.73377293079559 35.09808515334575 35.92301557600562 120.18478187437591 85.60072661946056 51.04352246681137 16.680892012216596 18.598852526293424 122.61413670478123 88.94888004658536 56.4306916294725 29.185366352154794 30.232287637420203 131.12828288199475 100.26180788505856 72.83567459939322 54.33638464184143 54.72341113629306
22.486840493706396 30.520793068886704 27.083139795076097 38.4049918237222 66.19820586783071 10.261273106695244 14.642073374183314 30.800705110938296 28.85379065167357 23.294926003750028 69.3343157404658 36.84880550004991 62.43162094321166 48.68809598081351 40.85105761688441 28.913812814009543 73.2672102331011 68.57537549928927 47.01235540378014 37.16872145882847 13.690104184368606 37.23714501612571 39.22597040826633 34.74117543005237 58.7272558429219 57.9875620835589 0.0 26.854374748937047 40.62465923995115 13.180600367491119 38.106041065238735 50.68571566540015 54.34802495047597 40.71465259571451 34.251431854456065 23.026456322857868 24.38666312772076 15.472596308077641 45.65339744900763 33.897977602649334 78.44454504217576 53.91476745510375 45.33069759599544 59.98130235010089 86.80700208136953 66.21520951524602 33.96991411111703 17.841100063143944 43.33016652904147 76.36458933656958 64.88598908780365 31.325595284491182 12.134509557067895 41.328583168437994 75.25761963715986 75.0384529877044 48.875613640999084 39.26456913272317 55.582477168793595 83.85667382774459 92.98444154561264 73.32443303627633 67.09400046322055 77.59834807849313 99.68033235211843
48.89198173558963 57.14287324942186 6.352751357309439 11.551093043994301 91.35421941152359 22.76181113851688 38.66136090382435 57.51280899824501 31.811870222052146 42.92017996618951 93.94418237173498 9.994599617556814 79.0607187610434 22.75676567843871 52.93933842478837 36.2207009292545 98.72993249147262 85.93579468721394 72.92207406459343 61.911392778810615 39.92834819981859 64.08552166440901 14.503128076086076 8.5590498306539 84.91243813261825 84.66680050846885 26.854374748937047 0.0 33.49167852886713 39.94041583897033 60.73796491082019 24.01371174819564 71.66498096896541 13.95022901228563 31.13153694537362 48.47798063786899 51.238548758259945 33.00710398603119 72.50255049706779 59.63094186125116 52.731806118225094 35.55718586921033 46.29053386371796 73.59445326673537 105.28201909573258 39.68699797372806 8.354060372721362 30.9737997957519 65.14457502652652 99.61480045393743 44.44138341901561 21.58932344265893 36.76964591615464 68.06438483070471 101.53009283546008 63.09165427427424 49.52995554851349 57.6253656733906 81.13541554536229 110.63469236763427 87.12923937964374 77.65970353156175 82.85705216104678 100.47033877980867 125.37154060625664
59.71147799258755 60.12131390516281 27.14137703327828 36.46307614633956 83.86158968785605 30.365177310499057 40.78708326832561 61.07642566077054 14.59762248410064 63.79566685780104 84.66545191111295 35.89827886551232 102.92903844653723 34.892968657077745 31.695673210589664 19.297832216744236 91.60236093674736 109.17017294432522 70.03593499606907 75.93235851254724 52.5461699449562 68.56073458133018 28.425559394052186 38.74917135735347 81.79934090364401 84.5812662661228 40.62465923995115 33.49167852886713 0.0 47.98963111528496 78.23733066184755 46.23901764668201 94.88727081552858 35.855919309164825 7.0847458709416 61.94024526387101 57.85988208630755 54.949563882428805 76.046730868737 71.50663484024848 54.9800881239609 20.849560283809325 15.538727288129806 49.42725700703704 83.90178324999805 59.206916757954595 30.214601943657808 26.74378063277905 53.96648856248054 86.62781554494235 74.74563128058058 54.54598051693667 52.52068829249385 70.25941588235567 97.51488324205728 96.2654793319858 81.37328524521085 79.81800165463902 92.2764759889648 114.25285750227425 120.60534110625659 108.8657709630696 107.48253061951733 116.82406946769456 134.67688197538538
11.72657036927454 17.35367571854864 39.618683567356996 51.47592547251307 53.63939421128044 19.901403241549737 8.777357642055225 17.620445321952676 34.13819974918875 22.692266544655116 57.06252865289906 49.92295399000428 59.0651117376114 61.32676818629316 38.57452849480938 31.92320328207474 60.51186644471623 64.39746638171303 34.14838267558389 28.040259247995287 6.868923135056797 24.19936959372834 51.69790404223653 47.915098211468326 45.67588228874554 44.80752364085067 13.180600367491119 39.94041583897033 47.98963111528496 0.0 31.434263856797042 63.84339096529354 50.97850772142833 53.707877123266876 41.01637933752011 14.527310001717092 11.433184135008583 20.230484162518174 32.608999222485764 23.527282883397024 90.79688333469709 64.09806853203861 48.66065981431891 54.97241395603509 77.91586383408722 79.39214814492516 46.74860877836492 21.508094051085077 33.68397613397534 64.81873832551528 77.1456824727326 42.860308942897404 10.835546484903729 28.154311908510145 62.151224581002836 84.78869939293573 55.347116975568454 36.50085686524953 44.67830713381312 71.09725090804318 100.08018820053893 76.57841666029809 64.08774179304697 68.88394821316498 88.1903221311945
20.64853053521047 31.130472544781053 63.215389047557515 71.42339521400017 61.78738595242803 48.13448782287664 40.07468257034925 30.012546293672123 65.10130513759002 18.14305426199918 66.66512066856376 69.95299264635362 29.018548751672395 83.47615099595899 68.85956336949994 63.306763604533195 66.00878059207923 33.48501997267766 44.05623753271477 8.11707364629621 25.802402480772994 28.11362244069517 74.8996651356095 66.44621572355906 50.07264700659641 44.51416606768839 38.106041065238735 60.73796491082019 78.23733066184755 31.434263856797042 0.0 81.64191343282053 21.472233471778647 74.19616026608473 71.50848424164579 16.92055645319012 26.364912107498284 27.808415083855586 31.908205923087596 13.17709519861807 113.38768534948954 91.85785294444166 80.0855429259591 82.36658488685934 97.72177601562515 95.60118863441275 68.95533125616356 52.58222860558093 56.30050123023356 77.26192289464767 83.72602348818484 51.428230362954224 25.97156811180933 33.15155237870458 62.596901704595695 80.42554466763764 45.913633490092224 11.946098784075735 23.9209289698985 58.28006897845115 86.68495797386043 56.07553030706733 34.197692278613275 39.866440939983015 66.36277546372855
72.21526576286904 81.11068424120674 26.32595758200293 12.819218024459715 115.20169290785475 46.5100308688349 62.601186127513515 81.45104229738783 51.006521170239786 63.499802447256606 117.6467497680017 14.282550574699219 95.36405259108255 12.923811143771568 73.07183603432168 56.34912150722452 122.6326512530209 102.42387273865361 96.9193738902156 83.99805255963668 63.29641113683456 87.89343748878973 18.042210971119175 15.990352832818926 108.92383522160252 108.62764035684084 50.68571566540015 24.01371174819564 46.23901764668201 63.84339096529354 81.64191343282053 0.0 88.82484442979425 11.538921496294627 47.34697964231604 71.27892789474802 75.0423968775198 54.1018236782291 96.30247493285601 82.37423028757873 34.20956819881299 35.79810556953346 61.543077697537214 93.21176270328313 126.42844317159938 15.704843096720381 19.139519475000363 53.67359359549073 88.26235000185719 122.85961314003757 30.637377659557107 32.43428373596308 59.667054511822045 91.99550427859205 125.54293688166459 56.976097150702756 57.77932083313406 76.3244375768067 103.47552953001552 134.10349075774266 84.67225688868398 85.00348366420552 98.36926421820294 120.50788690656617 147.52121278019033
41.39912841084632 52.60202845688502 75.60165480684425 80.80745304628941 81.28908578700174 64.5884122576909 59.75394386366687 51.479807454600746 82.93882895965221 31.09196377909444 86.33475131652634 79.51531101136676 8.136953536555342 93.4937413937571 89.33111891075049 82.00477891332338 84.590936293998 14.408811141026183 64.74891045626283 28.952361066298426 44.51388312534279 49.11538715813819 86.15880831818541 75.39351936853704 69.25249173480604 62.79377645118116 54.34802495047597 71.66498096896541 94.88727081552858 50.97850772142833 21.472233471778647 88.82484442979425 0.0 83.70857228437632 88.5993775085979 37.09909668944885 47.61503030576878 40.30100303251905 51.59110817810397 34.49481311801058 122.46245450717906 105.76207082823925 98.83744720306642 103.6664304286937 118.82457283177018 100.82399066543971 79.99011922826827 70.89511227310601 77.77255560434635 97.29223790314616 83.21892967220481 56.46319904921019 42.96060569450817 53.83263546001991 79.65619777074744 72.64280728090462 39.431215057980204 15.083567312613159 35.986904499897214 68.97427490546166 72.25187121284567 38.713000965967055 13.111487233226857 35.21330508244526 68.57764734841138
62.84073082306477 70.78160685354437 14.990844886232678 2.9052458482127794 104.13506414244232 35.53722883789503 51.75673089801472 71.20340658387235 39.555065333596744 56.18354144516953 106.45440673201823 4.256463039889648 90.7680432489538 9.845689528311285 61.60440113770054 44.845775288352804 111.6282092069467 97.75648310984921 86.15000599998683 75.70864663116727 53.877265893774926 77.89627388940629 7.5660541802725945 8.38842044852643 98.2318168493084 98.28867920616366 40.71465259571451 13.95022901228563 35.855919309164825 53.707877123266876 74.19616026608473 11.538921496294627 83.70857228437632 0.0 36.25641908142823 62.393749246287236 65.06649859040628 46.387747445198706 86.31119769709287 73.54811005379274 39.23134882570954 29.389035688789676 50.82490191658829 81.83803784767252 114.91995810063918 26.953313500720693 7.651900642622429 42.25489881536127 76.8586740714641 111.46250267164413 39.04653105420939 29.144141373629438 50.6849997140732 81.75204123403637 114.85931449178345 62.717658867042154 56.887243186609034 70.23961800198158 95.00442743257135 124.55067369960916 89.17938901541156 84.963213610365 94.22974706032485 113.72975035147996 139.2278000732376
