0.0 57.08237157947588 58.465145960443294 55.56277950653199 37.72023249098114 35.42186225837492 15.019160389279522 12.65992735529332 56.294269396695086 12.745888890172434 54.675426267403566 61.817977622997745 71.18468305772637 21.08534908214298 45.216586107416674 35.577262107872954 27.728408456457455 60.70296320753175 53.40788647099888 19.032740419411326 7.1404884508896 30.884313453688787 63.44328941649218 50.16556934507857 26.303471817607257 8.10283025588788 4.604996838379205 20.390098157887653 36.201073089351645 12.072090393035815 36.05055383019598 22.389139640959293 68.07280348617245 45.71960895350108 50.80434069076735 28.37107830613678 33.923002116690796 0.9474475284289018 27.85896869354296 18.56323893379588 101.60962664196344 80.6703270498071 71.31368527020219 77.8353155656351 97.0864851177534 84.03614613707603 57.229588544663066 43.39579802300064 53.72133934725546 79.26907877764677 73.42340801127555 40.242986701573344 15.583609498120026 35.51125966554874 68.36738998052279 72.87921998616724 39.25064494399651 12.833427401931262 34.40395176309411 67.80426419185264 82.60284495013791 55.1232780035235 40.60472513270709 51.51440352023462 77.804537003717
57.08237157947588 0.0 1.4432786837438873 76.6056338994823 62.7900367583307 78.03398973370163 42.499960612608284 64.18079906496489 41.71562487340626 47.156391318883244 26.647042307218765 27.382901110164372 25.984027394097858 68.34686033750701 27.371973526381666 38.28006134700179 60.577697562351794 63.28118800386433 25.17723146350085 74.29748486870953 58.35752739241169 26.4974913791969 10.356209500784255 16.633645190219067 44.06640711364309 49.54204887889261 53.136711344947514 68.01434478175265 31.682578763653687 45.61736660687391 53.67649634037826 35.840689844624336 22.900785964604264 17.40428973103959 21.430967057174335 31.69886200120037 60.696065748476826 56.327130061989955 40.427509333517484 71.58519083663677 61.710052332731294 29.55413936822136 18.26508633970704 46.782787802097054 80.24023130778089 60.97460592385559 28.000850255319772 15.65388255997588 45.83548669020216 79.69686956050379 72.27967689153843 47.71440905462444 41.51867279313817 59.713966280390345 88.33197363437264 91.25454464134486 73.15198773759008 69.06371598840383 81.13656750643916 103.88094372940719 114.13520958901059 100.03757765883522 96.86515907941947 105.60716059035202 123.76411803942854
58.465145960443294 1.4432786837438873 0.0 77.86541637638203 63.666220764250696 79.1196377974218 43.90922770583821 65.61379553216166 41.8844974074322 48.46100180818305 26.7342961676571 27.084079428847176 25.094271103972908 69.79009568091668 27.946118618544087 39.13478775056795 61.99870386861911 64.3364899005938 26.091837308625557 75.6182518776978 59.77993003638567 27.917703985816452 10.028578257762357 17.752649130422046 45.12934435014365 50.90024734487469 54.53592095183994 69.4574179516642 33.054797159041236 46.96674831237934 55.02654083377877 37.14512364995568 22.08645610379716 18.718449097303825 21.748300058108164 33.14212442725243 62.08164897754076 57.70573442795828 41.84949758367455 72.87122650588474 60.70898328367398 28.292677703800656 17.613090023841227 47.0618384359068 80.71098253592069 60.55475044510819 27.963270253683287 17.08396603219532 46.86821991299859 80.5993108561325 72.42345336344016 48.43275914094418 42.90836626577269 61.08472648736068 89.53423870610031 91.7623393865808 74.10633624785964 70.41256939170387 82.57644639353018 105.23577235071744 114.85733548346214 101.09310083572248 98.19413889755707 107.04685491496167 125.1824098396842
55.56277950653199 76.6056338994823 77.86541637638203 0.0 92.59499794390813 89.84437892305236 53.35161195301789 45.51603889401143 100.90060108801298 62.96783357144776 92.01544509735062 97.33499949462954 101.26715758081446 38.2569138679894 84.60649186350051 81.99259336146771 27.87412083557809 21.565341131936638 54.19994198184283 67.91672001736748 48.57511021313493 58.82723034116495 75.0616276218663 60.37821640259762 76.15061292839002 58.26934801994457 53.115367521814235 38.86800743539799 45.90761419885258 59.247589426723366 24.81732483267038 63.455877548128214 97.88295209504011 59.25852526738814 85.89147533474518 51.31683294346624 22.188898849341115 56.07810480923098 40.76822339975662 70.53473818262506 136.9636359474875 106.15593968617355 78.57432698080281 58.93692869853183 56.284932655326195 128.14848115265886 94.62335984520622 62.28938140884207 34.65824066750855 30.286301497429232 125.11363301877297 90.50988653142628 55.90628200142821 21.30351119020876 13.304932369459381 128.2702052709645 94.78663094884335 62.53482598384359 35.0933430098691 30.778567142894993 137.1913279184744 106.44685108143904 78.96326955425447 59.449625395714705 56.81647797721897
37.72023249098114 62.7900367583307 63.666220764250696 92.59499794390813 0.0 20.778248132153525 41.09352039292461 49.8547786557563 34.613336172350024 30.183868058786803 43.69716435241644 49.95268695165989 61.95419184222992 58.41139199610355 36.99188175731654 24.539590987373725 64.79822184711661 94.13021572503771 73.47763500487515 36.24114047410857 44.85194998281687 46.85871393240535 72.61804610332791 66.02751260495043 20.82558245475493 34.41798415708927 39.52914927193586 57.70114055790445 60.747658513812254 34.170235088667795 70.56422729698461 35.044827419155816 60.10217153954748 61.73143558455134 44.53751192858297 50.745777245080696 70.48445931860759 37.03605367917593 57.31920104189614 31.295568214687208 81.07278185693988 73.23203897266544 80.91857665447303 100.63522993398861 126.89299388309874 56.613243520018074 45.012141213399985 56.938044758903445 82.78045418113398 113.3934778353731 38.01204394576912 16.79576155140216 38.91180540752563 71.70082612363979 105.65385561403608 35.95086434215858 11.447507907975803 36.93884231633428 70.65948308628111 104.95665234876637 52.418656140330484 39.660370418009315 52.84882150392702 80.04919967849064 111.43417018594782
35.42186225837492 78.03398973370163 79.1196377974218 89.84437892305236 20.778248132153525 0.0 45.69850292230343 44.36209863586877 55.17863436397336 35.128230139989434 62.74948584503544 69.45408913595067 81.27598971193424 52.196833123107695 54.87450020138197 41.63119055925021 62.51002504056787 96.10908637784969 83.44540041475271 23.548784214815473 41.773389755584624 56.99078599964922 87.04170617145402 77.56979808213406 34.00868377492477 36.74888053472426 39.18741041740971 51.519210134445025 67.98695381501724 38.73205737587596 71.46910732358289 44.60913179180181 79.10707650698512 72.99801584512744 62.44131501368739 58.38340086346255 68.95567391931047 35.206044188217746 61.67591356220045 19.703713377083712 101.85099583899505 92.43450467766743 95.44285186158545 109.8600305018552 131.99925242720133 77.04475242649515 64.39823047994433 68.94305324136505 88.05641021448884 114.67123639099991 55.69528037602722 36.5952127769207 44.399147851617236 70.69786737443604 102.07801899269275 43.26659274081514 10.978650385989564 27.639044612778545 61.661625958294266 96.1002016147993 47.39267206601589 22.16224898933933 33.631997074263026 64.54380842743392 97.95683343880171
15.019160389279522 42.499960612608284 43.90922770583821 53.35161195301789 41.09352039292461 45.69850292230343 0.0 22.305268496504674 49.26196057466366 11.16993453295858 44.11074095548537 50.86151708986978 58.9248902713538 28.279865818144323 35.06908823077768 29.137535541346907 27.04695163091715 53.03748305593813 39.01822268875611 33.6770720685525 16.042582161993142 16.05147796245891 48.475111850590785 35.20776788767879 22.83958032091081 9.19105982917246 10.731234989385044 27.766599092295035 22.465788627521277 7.1833469601655855 29.822238318057533 11.148958209238094 55.6500541202114 30.729349228016954 39.23301839683098 13.608387157896466 31.353270002713277 14.412316183795024 16.445134240330187 32.27991721137276 91.50361850210084 67.63152927895972 56.30210966516327 64.50289606095392 86.86835957073416 77.23946462667804 46.78840794051296 28.41151209086281 42.66276598011933 72.30385786945544 71.76618705420556 37.163110664563526 2.5811621117796513 32.04812654495487 66.65100783820989 76.98253660118286 46.36696148257543 27.718563040188823 42.208788201217985 72.03946356119187 91.0695698649288 67.04853468086019 55.607006982073806 63.90278729588873 86.42792950369511
12.65992735529332 64.18079906496489 65.61379553216166 45.51603889401143 49.8547786557563 44.36209863586877 22.305268496504674 0.0 68.45550503182433 24.736378354624616 65.60261412096978 72.57783763827125 81.12765734399002 8.558385875815192 56.266937214110506 47.678242512781544 18.905050937070975 54.25365861793699 55.511787427834406 22.86986582933066 6.624311074333966 37.77283918292936 69.03861090501131 54.37791058078569 38.744247511755184 19.508706433516195 13.408278887152902 7.849142089437286 38.05850152278828 22.86986582933066 30.183083798392072 32.42521842121896 77.88284084552112 50.337046855975224 61.15552965850987 32.971802084014904 25.514261433770557 13.529979516579923 28.098965785824564 25.050301963126188 112.90395009350047 89.93678078683226 76.31966756801133 77.1719075010241 92.09266793356385 96.34517817640368 68.23162041280366 49.229318872643766 50.855764632118756 71.72100740401368 86.04426354831766 52.85867321093389 24.0688730426633 27.557743693907213 57.74422133402917 84.32719167264415 50.04185574865368 17.09246311283598 21.79381015132373 55.25070971228505 91.67764174407469 61.53059923575135 39.52299722427241 41.62869200648972 65.56414193757298
56.294269396695086 41.71562487340626 41.8844974074322 100.90060108801298 34.613336172350024 55.17863436397336 49.26196057466366 68.45550503182433 0.0 43.73008662766678 15.231402495941618 18.222647320189846 29.732658053935374 76.1386797598189 17.25763378998678 20.777496627620504 76.17711545741075 94.73605201494145 62.37128464075678 64.69576382073205 61.930793493000245 42.69699212849215 51.91054202679132 53.03161073125886 30.167317289936616 48.95325411242897 55.12376711568573 75.5165024558358 57.67069728062727 45.857960886645465 76.14870188548896 38.203782948479194 28.906902619869392 50.31258560287749 20.457711023888386 49.934468040108456 79.78172689737052 55.352670398581544 60.22395345046726 60.10423782899742 47.41629964466419 40.79446647322976 58.94823787044384 87.63802959344096 119.50220476005656 28.030446496230738 14.663020833933903 45.15699535455951 79.10850826021732 113.45487970547347 30.56924082564558 19.03712606590265 46.74606664934021 80.01766192262453 114.08464658207315 51.90967796284584 45.895577617643475 62.55404012591969 90.08011067460943 121.28750658014768 77.8846216895975 73.80298252532974 84.98526240707068 106.73733219532254 134.00735053949808
12.745888890172434 47.156391318883244 48.46100180818305 62.96783357144776 30.183868058786803 35.128230139989434 11.16993453295858 24.736378354624616 43.73008662766678 0.0 42.059097725793805 49.244110514064694 58.960655614728736 32.629401132191305 32.5861846231165 22.958594572584524 35.56532990393377 64.06369635866399 48.46552608591791 27.197372171170887 18.27221187462886 22.666883971258606 54.71579428887485 43.27189965156511 14.212917128492094 5.322541898569787 11.53562547092239 31.9799444717907 32.91565412623395 4.023412278015477 40.3877372460611 11.316105334091622 55.93834646588625 38.67023383294456 38.47307507563147 23.25640373991414 40.77902290900798 11.799202774755576 27.614825773843265 24.480044196316683 88.87318718653569 68.79302828873134 62.9388221576745 74.73210275151551 97.99620544236787 71.6107260823732 44.58220034318361 35.24031660078742 53.76818827401569 83.27656966695588 62.873995719830845 28.69503400764715 9.40872834592064 41.81503216482711 76.17954590479414 66.13350321460835 35.214267087156 22.389604423212237 46.4477080890894 78.79295785692332 79.9348159671076 56.89874872754252 49.8012735031661 64.16909311642888 90.27726520297969
54.675426267403566 26.647042307218765 26.7342961676571 92.01544509735062 43.69716435241644 62.74948584503544 44.11074095548537 65.60261412096978 15.231402495941618 42.059097725793805 0.0 7.252092946645102 18.5461354920093 72.32496963666924 9.474071472498519 21.79014726369252 69.6030834833732 83.3727467087593 48.70413897600208 67.07741313964738 58.99098181252927 33.28275763128002 36.74399122312377 39.269790582386406 31.430676886732172 46.654929022012375 52.33169733914355 71.7836751256367 46.84463471528531 42.899276162281474 67.27074492548674 33.24722314352703 16.424474794889413 37.17971802636089 6.401759382708446 40.82307949762263 72.14860489182115 53.74085363575223 51.462064118062905 63.04603633252547 47.40063230326115 29.69150318207921 43.71713591859796 73.04538163166357 105.61678263893992 36.93772881091877 2.6940295225076416 32.326060050936455 66.9144595715629 101.51339822447018 45.69963735747382 26.91979411051742 41.90148031457007 71.98356109043117 104.89219398314708 66.47527227197735 55.07991390051408 63.58794619252173 86.30093730734438 115.09592325847487 91.40994438468506 83.27358891442223 88.92649507871906 106.18884442349177 130.5332833617598
61.817977622997745 27.382901110164372 27.084079428847176 97.33499949462954 49.95268695165989 69.45408913595067 50.86151708986978 72.57783763827125 18.222647320189846 49.244110514064694 7.252092946645102 0.0 12.033844311897234 79.13245533331234 16.68952385356938 28.921617855752736 75.82311100442038 87.50536420973062 51.352481172348696 74.32003290564265 65.98137024536695 39.05551068487864 36.68639628636981 42.009457003357724 38.645228253654416 53.771603067258745 59.37050407482524 78.606626926382 51.6731900124166 49.97321873961567 72.74698161471893 40.16204460960301 10.719390714704915 40.62243382743074 11.791647498321044 46.54078781517843 78.03579952990454 60.88698462445552 57.144937414148714 70.26691779850647 40.74512222333814 23.327244173767287 42.69659702550323 74.13961299674475 107.54166064183212 33.720613590019454 5.086657982065647 36.18732285775872 70.62594791885425 105.17309846574175 47.1381835403644 33.17904636520792 48.72907424820657 77.73692189276188 110.02894238219969 70.10626855445662 61.3923772381831 70.83741508130879 93.06790567674784 121.24401451311903 95.99775012284546 89.61164112856767 96.12294681580072 113.3300139555273 137.26783926312126
71.18468305772637 25.984027394097858 25.094271103972908 101.26715758081446 61.95419184222992 81.27598971193424 58.9248902713538 81.12765734399002 29.732658053935374 58.960655614728736 18.5461354920093 12.033844311897234 0.0 87.03833111219154 27.26097032630444 40.22449479931675 82.0939090083427 89.11910876640025 51.158171021206975 84.94441724532034 74.643947684606 45.17195131197614 32.8711001085314 42.46436834218049 49.62086851224817 63.08191989871769 68.2863076206946 86.56795416803065 55.42432778221679 59.13923441698458 77.3264382253819 48.93272184596035 3.4190031449590665 42.37743666438577 20.513265719670134 52.250058796973754 83.46868298452706 70.2798741246369 62.47842395229865 81.10106061537365 35.90170346139901 11.293604800736855 36.891877428734176 70.63517285222895 104.94044301530542 38.08097050004985 16.94975859330312 38.977905140261186 71.73638290583702 105.67775994048495 56.736945962998405 45.16620316266328 57.058786136651136 82.86276931468551 113.4530136049096 81.21326074438474 73.38610311870758 81.0567396244315 100.74531474107685 126.97948786485452 107.60811321126485 101.60563865058552 107.06333158484637 122.45839914015632 144.6520426689256
21.08534908214298 68.34686033750701 69.79009568091668 38.2569138679894 58.41139199610355 52.196833123107695 28.279865818144323 8.558385875815192 76.1386797598189 32.629401132191305 72.32496963666924 79.13245533331234 87.03833111219154 0.0 63.1505531688482 55.39445449847062 14.2439686936464 49.432535882613706 56.60885679728127 29.68889072816026 14.405756465180467 42.5124447605296 72.13904483657917 56.88691803683074 46.79599414322573 27.31517448315216 21.098373404484665 0.7113065980788735 39.72191038370604 30.287176051402074 26.875551480507585 39.10801318052996 83.7214324381521 53.224924744206675 67.51161692595703 36.652753693531274 20.409659555871233 21.9155121030684 29.52283453983882 32.5888161939905 119.72467623832408 95.30905426509119 78.92006560265055 75.9452493113487 87.75949088343486 104.1234496301426 74.99072413164566 52.91819009352911 48.70186007813605 65.86514786183696 94.50836437930761 61.08437171772524 30.42395159469259 22.68876429695545 49.987899058069125 92.76056276014539 58.36951109042918 24.583139698964292 14.018373699695697 46.72849190930007 99.29644860505158 68.1962272192398 42.85434795400382 37.644307685941826 58.245357710431755
45.216586107416674 27.371973526381666 27.946118618544087 84.60649186350051 36.99188175731654 54.87450020138197 35.06908823077768 56.266937214110506 17.25763378998678 32.5861846231165 9.474071472498519 16.68952385356938 27.26097032630444 63.1505531688482 0.0 13.263503335394937 61.13123117046745 77.57260209583738 45.493109163105174 57.79617451633556 49.64649828065536 25.883277887028978 37.69936457483913 36.29143313613581 22.3628123837626 37.21371366599586 42.94878887868376 62.593589518184274 40.54447609048447 33.493935157877566 59.78920806668357 24.04608743499025 24.652404289000536 33.276849955435175 7.601593428302436 33.31725220870443 64.09336898130479 44.28041452548984 43.84203108835782 53.86879765892518 56.641633171000564 38.00716168974859 45.55920756297198 71.42524602880583 102.57834795136567 43.54369121148683 12.015199105461683 28.06296158514281 61.85101013295744 96.22067311191968 46.77460460569162 20.820606768974496 32.77161668860592 64.10387834166434 97.67027562255339 63.90375379054065 48.08248927758473 54.17538281287169 77.1545768676593 106.60907869377887 87.08285312046434 76.02329848873879 79.81480299009134 96.72644879589498 121.39337408096631
35.577262107872954 38.28006134700179 39.13478775056795 81.99259336146771 24.539590987373725 41.63119055925021 29.137535541346907 47.678242512781544 20.777496627620504 22.958594572584524 21.79014726369252 28.921617855752736 40.22449479931675 55.39445449847062 13.263503335394937 0.0 56.1831838018963 78.38938785915309 51.44208951978098 45.682108439566534 41.156194579299424 26.62101653455789 48.21752103600821 43.11409779044854 9.974368280713467 28.17615743591582 34.35249857048015 54.76639142575918 41.954533760746735 25.146150154289366 57.61583444437178 18.53671581384825 37.785054663213096 39.184467760723784 20.810649349582327 32.74552238884049 60.300593881347275 34.63253829455269 42.08404168188268 41.466736713398454 66.63953241679904 51.157777927748214 56.464269757365386 78.44816014816486 107.3071221086766 48.728996181355754 23.86983485349238 34.05683026560143 64.3802072395479 97.59405312338252 43.7253369940885 10.55483255719252 26.566098767868063 60.786219125256665 95.28391777046565 55.25417389731131 35.24274222964049 42.730663002715666 69.31522037260588 100.8866766384304 76.1433249045932 62.941588173257095 67.23287359871036 86.45029345705825 113.23349927899908
27.728408456457455 60.577697562351794 61.99870386861911 27.87412083557809 64.79822184711661 62.51002504056787 27.04695163091715 18.905050937070975 76.17711545741075 35.56532990393377 69.6030834833732 75.82311100442038 82.0939090083427 14.2439686936464 61.13123117046745 56.1831838018963 0.0 35.54189102254081 45.026394683189885 41.76848302340139 20.84290890297381 37.00373041409747 62.66152104349502 47.012351260899095 49.275062127877014 30.64340230015714 25.275332048135677 14.543902319742621 29.575583142665064 32.0634979725326 12.743277724724182 37.97780777615749 78.68689099525403 44.01801119204656 64.03478756777429 29.85628208534568 6.609242264059772 28.2192467436456 20.15072624238674 43.69202044275304 116.49867275162559 89.13414245264022 68.64858832959705 62.250628446130534 73.70503061709725 104.05879462259995 72.29390947625906 44.93792649286156 34.745595539416435 52.81975826600581 98.30856587999682 63.82356761171536 29.617140476044984 8.703781205908482 40.85572389031246 100.40434050426961 66.97818247972873 35.860393994837466 21.924971605619763 45.50040104971121 109.89804946143288 80.40070314738757 56.97167901282146 49.214618821620824 63.19171271320877
60.70296320753175 63.28118800386433 64.3364899005938 21.565341131936638 94.13021572503771 96.10908637784969 53.03748305593813 54.25365861793699 94.73605201494145 64.06369635866399 83.3727467087593 87.50536420973062 89.11910876640025 49.432535882613706 77.57260209583738 78.38938785915309 35.54189102254081 0.0 38.55808734815668 76.94046621715847 54.76871607245235 52.2965582565107 59.40259538857572 46.67347860735214 74.97391848096257 60.51516253789549 56.99616927859835 49.83846089207756 37.07117985378977 60.0433148787577 24.66721633241395 60.70055135379463 85.88968677648255 47.046504001529684 76.98317246800997 45.64886880316872 29.064485377342784 60.903206773727085 36.99762240878777 78.33485581170139 124.96943019247182 92.1394112144022 61.29286718633893 37.66685400508355 38.41354015982705 120.30467956450701 85.76743723402505 51.32001841141145 17.501112116690702 19.330990570331355 122.06416716375175 88.19623285597196 55.24794648748802 26.850348397995912 28.007005270420425 129.98718759213224 98.77860782808197 70.79947237276777 51.60159601922412 52.03548439235449 143.05287609435337 115.29029859818579 92.27307369662633 78.30406694397 78.38031171909839
53.40788647099888 25.17723146350085 26.091837308625557 54.19994198184283 73.47763500487515 83.44540041475271 39.01822268875611 55.511787427834406 62.37128464075678 48.46552608591791 48.70413897600208 51.352481172348696 51.158171021206975 56.60885679728127 45.493109163105174 51.44208951978098 45.026394683189885 38.55808734815668 0.0 72.42163818348622 51.4916670390559 26.81844451466213 21.043740682780175 9.434813896097593 52.67176394944095 48.133880257821424 48.81370299526886 56.52034149573651 17.522636977452425 45.217458150266935 34.601115693832455 39.19069352521373 48.069081329929766 12.36300695769516 42.45842748934968 25.465645752037624 42.771689597207335 52.98337966021089 27.445869945605928 71.29024555619706 86.7779720476945 53.58682847990968 24.648064408300705 27.17265372565661 57.13165743072739 85.01559534055404 50.71060289191311 17.61624249552266 21.070161678087022 54.51994484680269 92.25418430769098 61.99159141926444 39.62207189740381 41.130135510509504 64.87137892531027 106.67657761416677 81.76583443739851 66.22827408046116 66.94393200739884 83.49592155292017 125.83584673054945 105.35409280661071 93.5895129277252 93.87862644435593 106.12296448038498
19.032740419411326 74.29748486870953 75.6182518776978 67.91672001736748 36.24114047410857 23.548784214815473 33.6770720685525 22.86986582933066 64.69576382073205 27.197372171170887 67.07741313964738 74.32003290564265 84.94441724532034 29.68889072816026 57.79617451633556 45.682108439566534 41.76848302340139 76.94046621715847 72.42163818348622 0.0 22.721217606930292 48.919767799237825 81.47309307872925 68.85453930021895 35.74985795823828 25.106071158056384 23.6373994533146 29.06083387337968 55.23042391222132 28.831132338295717 52.5281879013584 38.49194235062085 82.11829842531431 64.33899122194548 64.50345861544086 47.23611898697028 48.37702185137695 19.438760903892543 46.6458297147552 4.95046240322463 111.91245200180181 95.25758284972814 89.54503930549303 96.73323025849972 114.4159884122753 90.67369611639353 69.36024961713287 61.60153572742779 71.92658826354752 94.58804846125058 74.24788683226882 46.11672164474401 33.69848049973698 50.39102516789059 79.61002137540142 66.3147063331062 31.966924879393922 6.401726246358728 38.14359335612781 72.55163080034342 69.8316375641793 38.68209354101539 22.605213276878473 43.823869349050696 75.66314778587693
7.1404884508896 58.35752739241169 59.77993003638567 48.57511021313493 44.85194998281687 41.773389755584624 16.042582161993142 6.624311074333966 61.930793493000245 18.27221187462886 58.99098181252927 65.98137024536695 74.643947684606 14.405756465180467 49.64649828065536 41.156194579299424 20.84290890297381 54.76871607245235 51.4916670390559 22.721217606930292 0.0 31.863209316924202 63.71882168263361 49.49405275777435 32.400940057039854 12.98680339888791 6.815207386096289 13.740824040750782 33.97724141633178 16.252592075433398 30.14141065860167 25.847044097865922 71.41954716478165 45.275273631235734 54.59521845128916 27.724254917207883 27.201163045583918 7.824372578866194 24.562598858702362 23.587532590887538 106.28150689942302 83.59172296293406 71.23307034738116 74.53510045786143 91.82357439619845 89.86200022711564 61.61643409325992 43.735678179767966 49.23264031012693 73.00489660547211 80.26768160518017 46.68300179276373 17.622563978773425 28.925024196316176 61.29934295794445 79.99385569654017 46.21495497310761 16.354760188057192 28.177744803112983 60.95361701564725 89.12648490581593 60.54870490393462 42.23247901933851 47.91492635919574 72.13126449079688
30.884313453688787 26.4974913791969 27.917703985816452 58.82723034116495 46.85871393240535 56.99078599964922 16.05147796245891 37.77283918292936 42.69699212849215 22.666883971258606 33.28275763128002 39.05551068487864 45.17195131197614 42.5124447605296 25.883277887028978 26.62101653455789 37.00373041409747 52.2965582565107 26.81844451466213 48.919767799237825 31.863209316924202 0.0 32.61017373371745 20.662652879819962 26.039768569120834 23.8161901514213 26.758434545614843 42.11468270589388 15.401153692166005 20.16390008979683 34.03096735567521 12.432909855698822 41.780600965692145 16.06372968619809 27.34567929511204 7.54066885519968 38.98100199938984 30.190028346825727 18.179318263680198 46.8333165750964 79.57886337375113 52.86033152589407 40.62580177225801 53.86574846837366 80.916030018071 69.39387149065497 35.92859044481251 12.691299744055787 37.764081268102935 71.31643461224877 69.93727050168427 36.957822721983945 15.342402691543551 38.7265772471166 71.8258731591511 80.99338481529922 54.94780701644762 43.282931849847564 55.87826469263798 82.25670989098333 99.10365171411449 79.06270512961072 71.23933959221876 79.33429443563676 99.53678538815414
63.44328941649218 10.356209500784255 10.028578257762357 75.0616276218663 72.61804610332791 87.04170617145402 48.475111850590785 69.03861090501131 51.91054202679132 54.71579428887485 36.74399122312377 36.68639628636981 32.8711001085314 72.13904483657917 37.69936457483913 48.21752103600821 62.66152104349502 59.40259538857572 21.043740682780175 81.47309307872925 63.71882168263361 32.61017373371745 0.0 15.672597809064152 53.30537459794971 56.39651004299187 59.19998744905514 71.89577938546009 33.08896068614676 52.647574112489394 53.964197723098756 43.55293848095047 30.295928823609998 18.917328530119548 31.746079993942843 36.07567492810945 61.67977967845854 62.77269853008225 42.9408710334441 79.16568897091145 67.27820464684885 33.182204922073275 8.403199876827737 37.881683628828576 72.07137630590711 69.74704598455307 37.89782994999129 20.06706786460809 41.99970853403602 74.29744563305911 82.44114219650196 57.882595683879124 47.94848408851648 60.353364918464976 85.9116375952064 101.59685502915669 82.72482770294468 75.89212393980853 84.08669945874318 103.80882797878238 124.26015480000758 109.15609013149226 103.84681164073888 109.76297599256084 125.3247934071403
50.16556934507857 16.633645190219067 17.752649130422046 60.37821640259762 66.02751260495043 77.56979808213406 35.20776788767879 54.37791058078569 53.03161073125886 43.27189965156511 39.269790582386406 42.009457003357724 42.46436834218049 56.88691803683074 36.29143313613581 43.11409779044854 47.012351260899095 46.67347860735214 9.434813896097593 68.85453930021895 49.49405275777435 20.662652879819962 15.672597809064152 0.0 45.42006440626533 43.88712352040281 45.70198116226999 56.68257310830477 17.464056076827116 40.50612165531195 38.43216388924843 32.962293172570845 39.269790582386406 4.602582787207473 33.03322547383558 21.881772841132815 46.04228417609151 49.60257292180785 27.46697916826478 67.13927313462358 78.29602079842451 45.94173080754437 22.0423228466247 35.439116434447705 66.48942443024029 75.63002529437945 41.28009421985128 9.112911224450935 29.272814053276583 63.447644980976044 83.06306661650875 53.59834616442248 35.22673945187647 44.76487929913486 71.84494728337417 98.33064809467622 74.94521458880708 62.92401319578823 68.53360560105568 88.48195391860853 118.44016347469791 99.67896576041527 90.76570672641303 94.52843082398124 109.67008873643172
26.303471817607257 44.06640711364309 45.12934435014365 76.15061292839002 20.82558245475493 34.00868377492477 22.83958032091081 38.744247511755184 30.167317289936616 14.212917128492094 31.430676886732172 38.645228253654416 49.62086851224817 46.79599414322573 22.3628123837626 9.974368280713467 49.275062127877014 74.97391848096257 52.67176394944095 35.74985795823828 32.400940057039854 26.039768569120834 53.30537459794971 45.42006440626533 0.0 19.53143235122202 25.7310877145627 46.137879804034796 40.24711244260277 17.2553089950504 52.55769264420511 14.55122008248294 46.991576351209815 41.044666850958336 29.539833149831917 30.32168216095991 54.059301453978826 25.374633754007647 37.98941605274205 31.62233248732588 76.57677646326857 60.317700556861055 61.70279176596034 79.81873982425658 106.44066490315568 57.74598811285257 33.64577891164458 36.39112576415059 62.54139373669444 94.30468772308012 49.055311014619086 14.57334377778728 20.327210246211894 54.85310311482103 89.43927931092537 55.49350253162154 29.653150841942065 32.77088857549978 60.525979320622135 92.99300220229966 73.17018930481981 55.97125417986832 57.50202684785587 76.64843112704517 104.10705067810974
8.10283025588788 49.54204887889261 50.90024734487469 58.26934801994457 34.41798415708927 36.74888053472426 9.19105982917246 19.508706433516195 48.95325411242897 5.322541898569787 46.654929022012375 53.771603067258745 63.08191989871769 27.31517448315216 37.21371366599586 28.17615743591582 30.64340230015714 60.51516253789549 48.133880257821424 25.106071158056384 12.98680339888791 23.8161901514213 56.39651004299187 43.88712352040281 19.53143235122202 0.0 6.217079314451946 26.668938442836637 31.648009291208286 4.020003545756353 36.378903909483356 14.344150730695516 59.972661150683 39.335005650362866 42.70739427081097 22.672094916158713 36.107714436393174 7.201685271447291 24.9496178660259 23.278439161904785 93.72021547417395 72.59980992685456 64.4419023727245 73.68553405809236 95.39984195175454 76.87522688181755 49.22850982915279 36.49548079368587 51.33441655947987 79.58236484977664 68.03939508451023 33.98182626308363 8.661567192958477 37.28450044820851 71.41497180885185 70.30098346642042 38.272184790787485 19.54837423879909 41.16266143710205 73.49447198381546 82.75499749366936 57.90868025718947 47.468421366410745 59.56422537334391 85.07263367550554
4.604996838379205 53.136711344947514 54.53592095183994 53.115367521814235 39.52914927193586 39.18741041740971 10.731234989385044 13.408278887152902 55.12376711568573 11.53562547092239 52.33169733914355 59.37050407482524 68.2863076206946 21.098373404484665 42.94878887868376 34.35249857048015 25.275332048135677 56.99616927859835 48.81370299526886 23.6373994533146 6.815207386096289 26.758434545614843 59.19998744905514 45.70198116226999 25.7310877145627 6.217079314451946 0.0 20.45337310767928 31.596330311904445 9.476468491413053 32.44506518586981 19.36121117012675 65.1048804635704 41.28868863843521 48.09028654633231 23.85985214644508 31.122087248112354 4.318490110050267 23.358452260902467 23.053757468124765 99.56029482058958 77.47684183909209 66.99131512659523 73.2651223241155 92.96497491490224 83.0691089671215 54.941339525932676 39.13373677399103 49.387979914191654 75.77414075371146 74.02347212260818 40.132295055047976 11.68673742467592 32.51785049576315 66.12936877105683 75.16199985677525 42.17692162111305 17.415739455393844 34.96529726151448 67.354916767866 86.08148782802493 59.35836900447176 45.07354223635049 54.17238469784981 78.94609004173654
20.390098157887653 68.01434478175265 69.4574179516642 38.86800743539799 57.70114055790445 51.519210134445025 27.766599092295035 7.849142089437286 75.5165024558358 31.9799444717907 71.7836751256367 78.606626926382 86.56795416803065 0.7113065980788735 62.593589518184274 54.76639142575918 14.543902319742621 49.83846089207756 56.52034149573651 29.06083387337968 13.740824040750782 42.11468270589388 71.89577938546009 56.68257310830477 46.137879804034796 26.668938442836637 20.45337310767928 0.0 39.56603981373747 29.671903238844845 27.112185127038803 38.55574914057611 83.25634187615724 52.986537563526355 66.99940141758456 36.329725344040234 20.79177212077449 21.223643660023818 29.362293444829927 31.922549741892386 119.18132864166576 94.8853284419017 78.72105926852322 76.06265809424512 88.14076188682346 103.49495719675211 74.446936596581 52.6146058521576 48.87798387264752 66.3673718344439 93.81350533538462 60.41250365264384 29.88669002906865 23.056554674480935 50.64426932337759 92.05216642836655 57.66547465677179 23.91371366570572 14.604024988852997 47.42934219620194 98.63623875129305 67.59640605267587 42.47669535024898 37.86943629912096 58.81111956540871
36.201073089351645 31.682578763653687 33.054797159041236 45.90761419885258 60.747658513812254 67.98695381501724 22.465788627521277 38.05850152278828 57.67069728062727 32.91565412623395 46.84463471528531 51.6731900124166 55.42432778221679 39.72191038370604 40.54447609048447 41.954533760746735 29.575583142665064 37.07117985378977 17.522636977452425 55.23042391222132 33.97724141633178 15.401153692166005 33.08896068614676 17.464056076827116 40.24711244260277 31.648009291208286 31.596330311904445 39.56603981373747 0.0 29.258464227494855 22.06876826313882 25.738071437880908 52.026481991247515 14.557724947211105 40.53806836695876 10.011216076033117 29.05421601019907 35.845218899722134 10.204530917745272 54.41255172135666 91.05759147419124 61.007273252901676 39.333417402164315 42.037792163539706 66.19714590564297 83.62748153481253 49.354675395807746 16.52468369958032 22.474412822704867 55.96415070815064 85.33573674235436 52.17148855427362 23.587873829023383 28.031387531259583 58.39500752131018 95.6941238627514 67.67430589229446 48.95987410018653 51.079723222575886 72.22200658857516 112.33423564078791 89.4964787865731 76.12492117021542 77.29897944554587 92.46623986869474
12.072090393035815 45.61736660687391 46.96674831237934 59.247589426723366 34.170235088667795 38.73205737587596 7.1833469601655855 22.86986582933066 45.857960886645465 4.023412278015477 42.899276162281474 49.97321873961567 59.13923441698458 30.287176051402074 33.493935157877566 25.146150154289366 32.0634979725326 60.0433148787577 45.217458150266935 28.831132338295717 16.252592075433398 20.16390008979683 52.647574112489394 40.50612165531195 17.2553089950504 4.020003545756353 9.476468491413053 29.671903238844845 29.258464227494855 0.0 36.431564778080414 10.329783386916786 56.01257428839406 35.923937271967155 38.81022287346382 19.817084337351254 37.07196020196359 11.190257189393554 23.62169820155586 26.682826975199703 90.08898725084622 68.60117595100967 60.75359264523669 71.20855746982917 94.04839314825203 73.86094009098849 45.49690211278912 32.853174830574616 49.83500230854768 79.26258371705694 66.24738966841996 31.828330130378735 5.67648965571685 38.02967848474496 72.49237429831626 70.11362967570106 39.18424946482186 23.446397040679237 44.25952384072835 75.9139062045315 83.88695749123114 60.307765558525745 51.301406824933814 63.4148634336835 88.35076837380387
36.05055383019598 53.67649634037826 55.02654083377877 24.81732483267038 70.56422729698461 71.46910732358289 29.822238318057533 30.183083798392072 76.14870188548896 40.3877372460611 67.27074492548674 72.74698161471893 77.3264382253819 26.875551480507585 59.78920806668357 57.61583444437178 12.743277724724182 24.66721633241395 34.601115693832455 52.5281879013584 30.14141065860167 34.03096735567521 53.964197723098756 38.43216388924843 52.55769264420511 36.378903909483356 32.44506518586981 27.112185127038803 22.06876826313882 36.431564778080414 0.0 39.14177362953362 73.91533464821514 36.348274170804956 61.204171204226256 26.508223538149878 8.345935566233928 36.27241244907202 15.954953942403991 53.72715941088523 112.74626757013428 83.071503924096 59.03248907429458 49.63467395793302 61.94491942450314 103.33157662678553 69.89471296853739 38.574241361143535 22.034480147999595 43.33485384146844 101.10376008386301 66.588389025532 32.263145270836844 6.531559719761553 37.93765598767571 106.51485192038527 74.47904849723197 46.29984760686749 33.69058251891901 50.21222014020292 118.5229111486546 90.68931711727643 69.25463546235905 61.34034032451756 71.58107776682792
22.389139640959293 35.840689844624336 37.14512364995568 63.455877548128214 35.044827419155816 44.60913179180181 11.148958209238094 32.42521842121896 38.203782948479194 11.316105334091622 33.24722314352703 40.16204460960301 48.93272184596035 39.10801318052996 24.04608743499025 18.53671581384825 37.97780777615749 60.70055135379463 39.19069352521373 38.49194235062085 25.847044097865922 12.432909855698822 43.55293848095047 32.962293172570845 14.55122008248294 14.344150730695516 19.36121117012675 38.55574914057611 25.738071437880908 10.329783386916786 39.14177362953362 0.0 45.768591015931285 28.389012597875713 28.753664374105032 15.778142154258457 41.8228429262132 21.51619620145331 23.87798344096541 35.76678646803575 80.63267831887836 58.28300828269833 51.836202036320934 66.12017222033126 91.93239392242482 66.13693145414904 35.90139092517078 24.465684908990248 47.990345959952656 80.01512714513372 61.98623760048416 27.60422080860076 8.749076973543687 42.26054514773379 76.74773606645903 70.04469310175742 42.61676487960005 33.4806163499554 53.108832589059595 83.15634631133639 86.98234925057179 66.719085757945 61.08785220330016 73.53092498378547 97.3480874473484
68.07280348617245 22.900785964604264 22.08645610379716 97.88295209504011 60.10217153954748 79.10707650698512 55.6500541202114 77.88284084552112 28.906902619869392 55.93834646588625 16.424474794889413 10.719390714704915 3.4190031449590665 83.7214324381521 24.652404289000536 37.785054663213096 78.68689099525403 85.88968677648255 48.069081329929766 82.11829842531431 71.41954716478165 41.780600965692145 30.295928823609998 39.269790582386406 46.991576351209815 59.972661150683 65.1048804635704 83.25634187615724 52.026481991247515 56.01257428839406 73.91533464821514 45.768591015931285 0.0 39.06592710573194 17.61484633885722 48.83972011247156 80.04970663122894 67.17396738743145 59.05997869104203 78.35173452368139 39.21171091909206 13.372786971390774 34.856213151550314 68.1610648744565 102.33160284060757 39.88373064386511 15.21503940044952 35.59680952555327 68.53917305709776 102.58144865746459 57.011735199181636 43.31161144184763 53.817014705654614 79.44472360370449 110.09756942990852 80.72386050777561 71.49777777373359 78.11707144674686 97.40315974752103 123.5606258295463 106.71708857972297 99.69665027832845 104.3310421235438 119.2693163169355 141.27997898735245
45.71960895350108 17.40428973103959 18.718449097303825 59.25852526738814 61.73143558455134 72.99801584512744 30.729349228016954 50.337046855975224 50.31258560287749 38.67023383294456 37.17971802636089 40.62243382743074 42.37743666438577 53.224924744206675 33.276849955435175 39.184467760723784 44.01801119204656 47.046504001529684 12.36300695769516 64.33899122194548 45.275273631235734 16.06372968619809 18.917328530119548 4.602582787207473 41.044666850958336 39.335005650362866 41.28868863843521 52.986537563526355 14.557724947211105 35.923937271967155 36.348274170804956 28.389012597875713 39.06592710573194 0.0 30.81742507176924 17.566511495837684 43.58719131551716 45.13828779363409 24.089790711259145 62.57214907814555 78.27369814699254 46.94343074556265 25.98925046695407 39.268793854813424 69.30711928068558 73.9382105734385 39.36793956016544 5.259719816919145 30.005815183442078 64.55917860399965 79.98437584488717 49.718481375594976 30.67883248358811 42.488710222254106 71.16337956790395 94.43856629933359 70.49759557368007 58.44627372737849 65.24423804851341 86.55889347065465 114.1496479087762 95.09806608071635 86.32410277712023 90.85575250876714 107.0158553772118
