0.0 53.40545845755022 52.99802806957055 53.359410609088684 33.24812155234586 8.8841620831101 55.09974476012044 29.979188157037935 30.61157810587538 73.91764743391207 59.041763357276025 42.69909005487677 19.768483344005464 31.45230953131723 49.17090170439824 67.72449993282628 28.762624641701215 64.19261635589582 39.24445736506816 60.58980761838517 11.661390742512257 31.922107494649232 53.02602730547889 60.219787957329984 29.933330695705592 17.598783565156783 5.278063075799917 13.825421431053995 27.747953670628792 73.78421854125936 54.89898043622238 42.2842189543632 34.722360995181056 28.809146985116413 27.83819230326249 57.758480140008686 23.221361503280377 67.87095858026859 36.37780670176129 80.42056666174621 122.21439952950215 95.16909674349415 74.65065831821941 66.95558895638317 76.0798744174605 109.14428396637842 77.85289278985834 51.03425572711744 39.277751325396316 53.6266015214682 102.30875781167563 68.03652325181203 34.43409464792672 11.717382776924437 38.51933347005111 102.95758305562086 68.99946420013266 36.2827434107948 16.333956573806002 40.14982022105295 110.95951081250136 80.35507463505269 54.74193550680564 43.94584725911923 57.10176866678091
53.40545845755022 0.0 7.585647122901736 29.90784830583806 25.891243009807635 62.21413263126721 2.5099596698775173 67.36454389705332 35.68742462449341 24.895730932753494 40.12511307247658 10.817129108214846 34.42387512477882 33.69086840273656 18.912071838524483 35.521210528688734 25.423769808320255 28.096127291963796 21.000524271497163 13.997633377166373 51.28824044636055 22.14081913603807 4.741628948258321 47.76354283961726 38.894892919295884 70.55889939132705 52.572347104443466 43.57342460716293 37.10729938249909 25.77128004188695 35.37490951816777 12.082958289259903 20.204864092079674 28.69698727508436 27.56775615388586 17.931231585948797 30.206803801160312 25.667776411629138 22.256695034603837 30.198634051872816 69.67790423229968 42.016788803832235 32.72071425261298 52.63757344130308 82.85902202423614 61.93141495507663 27.48202855043612 8.359291024113256 42.18231522660249 76.70509635998138 66.42104934876566 36.41738783856585 25.20990774175712 48.37040139133917 80.24147919889397 81.14027572326242 58.97686464321737 52.607962695378 66.72125502613996 92.36154482343852 101.74154393841344 84.91920797518337 80.41100726253416 90.08505082103648 110.2698089163092
52.99802806957055 7.585647122901736 0.0 36.987995894601276 29.57237037018431 61.88217991699495 6.218637388063592 63.586674381346796 39.61175891865347 30.99749627554623 47.31210056388747 13.231156457527407 33.338456727993695 37.68432477568193 11.802882108962523 28.233286333906673 26.935487657392915 20.926036597026243 25.783306844742537 21.35502387536743 49.247401515417536 23.850816765690368 2.8440191760630342 54.76451067373801 42.792080742455425 69.53443587937677 52.917881557832544 41.761800062806984 40.570767296285275 21.88346387831246 42.4209623790354 15.663081924745804 18.342177935855027 31.483995877982505 29.637597557876436 10.629784857143104 30.406696918656905 19.533504095221616 26.321017584471416 35.57090107703376 72.72991427274565 42.53212496801408 26.89169244968923 45.07976082250636 75.73669383547964 67.50707552768246 32.913115003306864 2.0482732079771746 36.331420259073504 70.92674505390323 73.60763820912354 44.00279534518436 29.141814583055673 46.444402029876 76.5490520263597 88.72558092612076 66.08972189673767 57.08120825304627 67.40524977400943 90.6833028952072 109.1764532440599 91.53114108274329 85.03595615950594 92.08143189979623 110.09804071111576
53.359410609088684 29.90784830583806 36.987995894601276 0.0 21.48647208710825 60.38172485687078 32.19808171937176 77.95433274217409 23.30188423541649 29.693185765651936 10.397217012376116 27.414988836273118 41.93443511787394 22.074671641875273 46.10673731019049 65.2201046042311 29.27689934913589 57.890761691973644 17.52495263661254 21.408478608771354 57.64631116658563 27.950477767195263 34.30884485204107 17.864072546274066 25.139177911471197 70.33209909445833 49.807687527850085 50.74995939586008 26.19832107983277 54.0224403991742 5.471977744611815 24.67200253795287 36.51505112125261 25.637771442206343 27.995125975504664 47.61394160382791 35.41296183856795 55.46659449767867 20.01976382605439 35.87707916490261 77.06486051635497 60.930507205050404 62.296440017894135 80.27422947750091 106.77941348612377 58.083771161552335 34.217022729969884 36.91504242946748 62.844821676174654 94.50427718280659 49.0885112074639 14.683692814943399 20.4057342665022 54.881977017773494 89.45682235555118 55.19891390055575 29.103263319143323 32.27881132201851 60.2634654612072 92.82397730435116 72.70077450910769 55.36186249904401 56.914562803737866 76.21284362534071 103.78981665320511
33.24812155234586 25.891243009807635 29.57237037018431 21.48647208710825 0.0 41.1631591478534 28.27021473517183 56.47069395004252 10.040904159628104 41.46299326331968 29.726744715591913 16.34221824206848 20.533338950655207 8.13852444506978 33.617932703498546 54.947322683674756 8.352427000364312 48.58647165670145 6.2386149076982 28.462884155551535 36.28198478993154 8.494170154833505 28.01041620101537 34.13188437111352 13.221065838367279 50.75219049900815 30.60080144444408 29.270035929150605 11.216342221743314 51.12959600736155 24.653273609685648 14.068903352072082 19.062881191569467 4.4475100487402255 6.522844932145504 38.86172128791959 14.025266459284977 48.84069153736015 3.7891229906458626 48.096956063315865 90.39905616176735 66.86962398233771 56.266296009937925 65.23065016658336 87.97142475999355 75.92156780824419 45.670098959003646 28.324372669786346 43.744952889406285 73.61936149703493 70.34359157174376 35.74056356403123 1.187142008481963 33.470660914204686 68.07360275121866 75.66006366717316 45.23806795992889 27.628966396419933 43.30215015992083 73.359607861524 89.9595085122283 66.2796995388454 55.570475061465125 64.6370679667177 87.53637609953589
8.8841620831101 62.21413263126721 61.88217991699495 60.38172485687078 41.1631591478534 0.0 63.94036624151398 30.340228480075492 37.16923094800683 82.27515707971978 65.16227111513686 51.473112281556396 28.630584682199355 38.30708747349548 57.87210051333654 75.96602277811633 37.341238319813826 72.71350241061278 47.29866780202187 68.99606163830636 17.369154309153092 40.55246740814308 61.89989802781779 65.44319429957056 35.912593333074895 10.03492506365964 10.631675825296314 21.917776956832736 34.256029152491955 82.61946245581937 61.387156637518586 50.95697495270843 43.60140988054491 36.784784717523685 36.16244248945095 66.52675843346825 32.00822086120372 76.57708739236138 44.48925366060214 88.82615643670779 130.7830264864406 104.02964653348259 83.2759414836815 73.77225248951589 79.65271986316824 117.033025117514 86.29037672387109 59.917794421779774 46.14182364630319 55.342628405722856 108.92776207486651 75.04264318347748 42.336592426838294 18.66075126968883 36.04036674279868 107.74920045688866 73.33743446234644 39.26475625801987 9.995777639202059 32.44938756548822 113.71298148684336 81.77399747757822 53.27437123591853 37.20427476793904 48.21809779664245
55.09974476012044 2.5099596698775173 6.218637388063592 32.19808171937176 28.27021473517183 63.94036624151398 0.0 68.09560323183955 38.11413527344625 25.022783858413884 42.35171057324499 12.812826664994352 35.89080926603798 36.121691679121724 17.977128267614415 33.47796643891787 27.441066874562207 26.008716682916955 23.476871587556975 15.188914403568646 52.546878043285325 24.173711004354658 3.6114113115619686 50.06197340621015 41.322870900479295 72.12447122247276 54.438063994237666 44.877619488913965 39.484780719554266 23.2650917328394 37.66966353334781 14.344150730695516 21.336569499767972 30.959560157824328 29.704068033429504 15.986596504133727 31.969367945097694 23.29236249538561 24.66903946837135 29.934605194676948 68.54622202077205 40.13005258289541 30.283578220198592 51.17232183491331 81.94483117617803 61.82271445218869 27.238452223576747 7.528141558882211 42.02697859257384 76.62059333107419 67.3890056128499 38.13868238692486 27.616672073320565 49.65523662382106 81.01509079957734 82.80237705294152 61.223016418054335 55.09153763931833 68.67818421047217 93.77155293212107 103.76310771529184 87.30920805234075 82.90798001190002 92.29999209375592 112.06946051940041
29.979188157037935 67.36454389705332 63.586674381346796 77.95433274217409 56.47069395004252 30.340228480075492 68.09560323183955 0.0 57.61430863863714 91.55912477538553 85.48571343304609 58.576140068346376 36.28192670825464 57.83141894735542 54.61854761548634 65.49251943262468 49.095849284905384 65.27366944242651 61.20079003415693 78.62863418014994 20.85385826700833 51.22912410048534 64.92668025304314 88.07046732115492 57.85352825790903 26.36509328467182 35.25350856293052 27.206138560793523 55.056915567623925 79.5411140799625 80.73419501020804 59.588695469683906 47.422603567112375 52.37260588367048 49.98067462137499 63.292007871630126 42.71892055343068 71.24550038737631 58.38008229505412 97.3844713536836 136.3155075000462 104.87339963957417 76.22170217469755 54.91694983184087 51.154671757137564 128.55643454326258 94.66878068089076 61.582820893530105 31.899126065923287 25.248946108093126 126.64670383042726 92.08307582356478 57.56780348547396 23.316625531599097 12.966569988193275 130.84279793292856 97.72308955842908 66.1407593231893 39.927824947045615 34.76630145533631 140.5988809641146 110.33423984359962 83.51063799594912 64.56927955224843 61.31182670623864
30.61157810587538 35.68742462449341 39.61175891865347 23.30188423541649 10.040904159628104 37.16923094800683 38.11413527344625 57.61430863863714 0.0 48.598438847368854 28.45920098405791 26.38262130742175 24.358325309737907 2.008137489544136 43.23102932231041 64.63715455844424 15.743927564955031 58.442635803913404 14.909498228279674 36.334218955794604 36.772139747301395 17.420887615859098 38.01234546725533 30.461600008561337 3.209119829105263 47.16683483616565 26.6779869608503 31.064933212297 2.913208888442509 61.113132072108385 24.314520420205145 24.060687064326288 27.83631761461141 9.453186373618237 12.61428914928292 48.83267335400124 18.785365163362645 58.86437075205757 13.453679343162237 55.24910107809005 97.58155778900291 75.90132711623487 66.29201005165561 73.64114228975716 94.05409709462612 80.89681130098076 53.01412122399728 38.36046893105766 50.273051045478475 77.31791062415236 71.82007763223235 37.90855433999432 10.528330220672204 34.34363531120789 68.13939491650423 73.237477202897 40.50647523548543 17.68245858610969 37.14044270150806 69.57732362762115 84.6232584746607 58.494730534551536 45.57394849603254 55.92092380350277 81.06866418316298
73.91764743391207 24.895730932753494 30.99749627554623 29.693185765651936 41.46299326331968 82.27515707971978 25.022783858413884 91.55912477538553 48.598438847368854 0.0 35.80378498518169 33.03671738092004 56.780360939567835 46.765651443323655 42.75415462395917 53.65682554560396 45.255303737591014 46.440921346470034 35.224813863624654 13.358163420674307 74.06581924236222 42.24934143654917 28.62571619062663 43.8423662852576 51.36111606341723 91.5078764800366 71.86513249271454 66.32313314941977 51.059998189352676 34.89381063454995 33.679984478972194 32.40209855046261 44.15112282656796 45.6646571863531 46.12103608531297 38.39244110941797 51.313210195274266 40.893053015381554 37.90737705410651 6.661221986034316 49.033625453468105 32.21206195986778 45.45075987081332 74.08616831966175 106.33241850624367 37.12059135043076 4.547090324680828 32.531029385632294 67.01278855268373 101.57762499962465 44.25002356663678 24.40244750465809 40.345224244521575 71.09738118172312 104.2918065741582 64.3788957844612 52.5546793631765 61.43408385697611 84.74136670496327 113.94231889945306 89.09291009371024 80.7471165599087 86.5873744704897 104.25630140472441 128.9810285398
59.041763357276025 40.12511307247658 47.31210056388747 10.397217012376116 29.726744715591913 65.16227111513686 42.35171057324499 85.48571343304609 28.45920098405791 35.80378498518169 0.0 37.723420633876835 50.1667618919934 27.854599338920035 56.494409480984466 75.54274212628836 37.971194046723404 68.18141064319495 26.967949825565945 30.303447102303057 64.79463532842402 37.145230842963684 44.6026682039586 8.23128531804115 29.271648391819575 75.19697867632571 54.89927797940793 58.40279614529213 31.297490315461953 63.573116541643536 5.3055722118059245 34.940843486386996 46.361419005438 33.36625487693303 36.16665854400776 57.926306364913785 43.705402415430775 65.53589906324416 29.102404563510717 41.19932525576798 80.0525987025859 67.93614911879102 72.22871490622686 90.62791655031464 116.63882869006692 58.06633552629321 40.080784706831686 47.28703235517911 72.52917826638657 103.34275066460137 44.033261504825646 13.669185096452708 28.803074976631287 62.18713403479943 96.43502556222575 45.93676770942673 18.88209461751803 31.586849179054127 63.51199303517189 97.28651577526864 62.33349890120273 45.99478477677976 52.348729912492345 75.8951446100777 105.7098414588964
42.69909005487677 10.817129108214846 13.231156457527407 27.414988836273118 16.34221824206848 51.473112281556396 12.812826664994352 58.576140068346376 26.38262130742175 33.03671738092004 37.723420633876835 0.0 24.118615278827868 24.46164796840508 19.068241472685976 39.636324781466094 14.632996901110333 32.85174905035968 13.026581036122684 20.074359141387745 41.282456315001674 11.361373686119682 11.825975151184863 44.38055322869377 29.56106531228955 59.97621915824408 41.76116767229257 33.52278556225452 27.368615993896064 34.9175813104081 32.4959503203867 2.8813049284113124 11.380905569257733 18.42318587841077 16.931185109466078 22.814165320470405 19.47775007841137 32.5711909295986 13.172405358729117 39.071365687642455 79.86611358785447 52.83239734987576 39.98438810897817 52.9250729630144 79.98873906016837 69.98054190836544 36.3805908047713 12.027888465113184 36.88691348834439 70.5086536857174 70.77181065499161 37.86683818786288 15.937223946311114 38.32678178182193 71.26527007032016 81.93112075393701 55.87759859722063 43.89441905475913 55.91020073234262 81.97559142740296 100.04677385995632 79.92919597595723 71.85226968687155 79.57118718724665 99.47437801711712
19.768483344005464 34.42387512477882 33.338456727993695 41.93443511787394 20.533338950655207 28.630584682199355 35.89080926603798 36.28192670825464 24.358325309737907 56.780360939567835 50.1667618919934 24.118615278827868 0.0 23.844814216422414 29.70587309933917 49.36678555316 12.818703016677171 45.114023538253164 24.92706872698623 43.49481024481172 17.2891392900784 15.054254958129002 33.5509898117196 53.91446849427667 25.879095587788612 36.275729714068156 20.553543738954875 9.575710528968372 22.606308275885848 54.025049632637284 45.161732474691206 24.383626676818828 15.004114395973938 16.846921528224748 14.023521949685268 38.10819492989181 6.521965063560873 48.33127130421203 22.129958161952064 63.01427338657056 103.95980811819886 75.72300559256708 55.27303853311204 52.64073843948385 69.86980206375775 93.25484195969159 60.350642458630624 31.349296726110392 26.79926546307865 53.37102882288755 90.38116270334133 55.85104237597001 21.558694088204398 14.320252809859042 48.375778895351615 96.04446359864394 64.54006721383712 38.744487238691 35.09535631336555 57.94019767087886 108.9208811254038 82.34308704857729 63.96712197936715 61.62778980237638 76.80468299331801
31.45230953131723 33.69086840273656 37.68432477568193 22.074671641875273 8.13852444506978 38.30708747349548 36.121691679121724 57.83141894735542 2.008137489544136 46.765651443323655 27.854599338920035 24.46164796840508 23.844814216422414 0.0 41.53185362535952 62.9193219895938 14.389703559893238 56.65695884367049 12.902264698473298 34.412556070198136 37.038839208086316 15.81885861936432 36.05373605221901 30.391969094384194 5.2055209091242265 48.262959069540976 27.739988813651397 31.030363088227478 4.3489884920776465 59.14412765319472 23.481517786253622 22.103726148571372 26.337701979071284 8.098310969669795 11.358378392573405 46.98760132154656 17.989353226707504 56.97905304642003 11.472195967656116 53.42152513967757 95.77270565714632 73.91061917294782 64.4043554197733 72.30377072788609 93.28731113588667 79.37849157224841 51.1633408355697 36.45899441014709 49.35237996737863 77.05118331543147 70.86246770713734 36.742120033141966 8.563319394659365 34.51855288302822 68.5899668083073 73.03504288682642 40.73990826474767 19.498967338238135 38.672035052315074 70.75089984464994 85.08120554235336 59.55619118825849 47.43288403944062 57.858683664988796 82.70541862425274
49.17090170439824 18.912071838524483 11.802882108962523 46.10673731019049 33.617932703498546 57.87210051333654 17.977128267614415 54.61854761548634 43.23102932231041 42.75415462395917 56.494409480984466 19.068241472685976 29.70587309933917 41.53185362535952 0.0 21.417629461812727 28.147890210340645 15.764364420883526 31.798738878881608 32.906785489414844 43.09406002229661 25.866197877512633 14.412130668801833 63.38423725821501 46.189856130203026 64.30148702758117 50.25263922511814 36.32181681147245 43.412131340307305 25.483590520056897 51.345462620408696 21.94795644600163 16.29838468853358 34.016112335411954 31.311267861871112 8.947722106672314 29.14012463597086 18.705238906842478 31.274529971219454 47.09747638608589 82.41667994509102 50.25633455050896 25.568195453204353 34.30174197057898 63.98695033242996 78.99508554122549 44.480192401770715 10.564352975682993 25.289872533507406 59.685876160071814 85.3014897428745 54.81869291449279 33.59565662796421 40.584249493629756 67.53020495186657 99.50282260799712 74.86951975424721 60.86757634173035 64.80017201165221 84.19053579207518 118.80015187349296 98.89087923222897 88.5439912442479 91.07893970882316 105.57182679913966
67.72449993282628 35.521210528688734 28.233286333906673 65.2201046042311 54.947322683674756 75.96602277811633 33.47796643891787 65.49251943262468 64.63715455844424 53.65682554560396 75.54274212628836 39.636324781466094 49.36678555316 62.9193219895938 21.417629461812727 0.0 49.5169314791217 7.508986026342171 52.6457369808351 47.98930862641922 59.56441307652225 47.2838108020487 30.948385811491 82.97320768847878 67.60638306775962 80.90100827445029 69.6617491897591 54.06050875034478 64.82451483613535 21.667144480264653 70.64731867203899 42.473229492198804 37.48046877075459 55.43227838615348 52.69577555726616 17.618978883348554 49.95917954978349 13.085573589047844 52.417380064402245 55.77493288020598 81.75963026574951 47.18161337209362 12.74466328780538 22.217167843178544 56.74180957945101 85.68270212921783 53.63727682369284 28.411813565800077 33.65035660336322 62.06692769364225 97.90585150894775 71.41687158722807 54.86330126592285 57.570761644351464 77.54741684082607 115.83004660846093 94.31973959155934 82.28336191535344 83.90241244716495 98.50585147776408 137.23861722790542 119.4331226514406 109.94873395238255 110.94051558386718 122.15356108856045
28.762624641701215 25.423769808320255 26.935487657392915 29.27689934913589 8.352427000364312 37.341238319813826 27.441066874562207 49.095849284905384 15.743927564955031 45.255303737591014 37.971194046723404 14.632996901110333 12.818703016677171 14.389703559893238 28.147890210340645 49.5169314791217 0.0 43.74797752614583 12.108397650965383 31.90074765071896 29.585502580327685 3.286924797664567 26.12384310167301 42.47981281752365 18.410311235085935 46.30682024177389 27.315522931359 22.129559191387266 15.41898298583608 48.80145466294658 32.82721278437802 13.683886732087402 12.203515422001386 6.30423452357132 3.2044051529471225 34.74747838104368 6.432127003974424 45.093964955613004 9.331255659366814 51.7065083206341 93.4624444708283 67.43132796413836 52.47419532096072 57.921499273755124 79.6935424065638 81.12395731301571 49.118647790961745 25.27904038030812 35.500160781749635 65.39370122333256 77.56256796361004 43.042873019418614 9.18041303759382 26.659428846852865 61.090297154807175 83.90367896778704 53.54585125495404 33.004899694127154 41.30766268243625 68.68884162580906 98.24797239459006 73.86468145614938 60.44917122873379 65.16899176575379 85.05690285202984
64.19261635589582 28.096127291963796 20.926036597026243 57.890761691973644 48.58647165670145 72.71350241061278 26.008716682916955 65.27366944242651 58.442635803913404 46.440921346470034 68.18141064319495 32.85174905035968 45.114023538253164 56.65695884367049 15.764364420883526 7.508986026342171 43.74797752614583 0.0 45.87412709663545 40.48234279482936 57.003077359512304 41.27915753445336 23.583175257445287 75.68759098174824 61.48803133238094 78.4154927745233 65.64410182834189 50.857689800813056 58.83648199242697 16.46760513184925 63.3343151283986 35.63608055734158 32.054975333727775 49.43129309345416 46.871130326410324 10.305032975150878 44.89548110002474 7.140520210940528 45.850025494274156 48.86762671371053 77.17188182614066 42.907015295785335 11.017156037403806 28.224043673589296 62.182543402412364 79.32768463618062 46.64005552284142 21.273332063520847 33.53596850551088 64.74267803138605 90.66183493261353 63.908386031194965 48.41285807261688 54.75524978538423 77.76425568167083 108.33027948372381 86.99346829294106 76.12502478797977 80.10566194093984 97.12649768740566 129.77027355124048 112.36476355959 103.95191079304321 106.68084600580266 119.79252701890296
39.24445736506816 21.000524271497163 25.783306844742537 17.52495263661254 6.2386149076982 47.29866780202187 23.476871587556975 61.20079003415693 14.909498228279674 35.224813863624654 26.967949825565945 13.026581036122684 24.92706872698623 12.902264698473298 31.798738878881608 52.6457369808351 12.108397650965383 45.87412709663545 0.0 22.2489015781475 41.48590693689545 10.43866529988582 23.821631403764595 32.61183371710528 18.08236998860212 56.80372280883061 36.77221207828998 34.16551619059189 16.741161682672086 46.686807067014904 21.679296305785435 10.251822714688016 19.48551014714585 10.516408446164643 11.65304255749108 35.785698853672365 18.493971550046467 45.31086252659118 2.913416644909264 41.85836519998285 84.16569809441489 61.088537039919956 52.67403595544 64.90068454727387 89.69082299498308 69.90677922429218 39.434471462157056 24.860407008151384 45.561438442585064 76.99670154213585 65.45418123397776 30.950032184323828 5.139390072609198 38.597621109802134 73.1299772135868 72.63453272876784 44.04911392865191 31.618168133674974 49.53713455173014 79.3913211127149 88.66497420218188 67.09903931554113 59.47999295168011 70.48576526024944 93.77313956813104
60.58980761838517 13.997633377166373 21.35502387536743 21.408478608771354 28.462884155551535 68.99606163830636 15.188914403568646 78.62863418014994 36.334218955794604 13.358163420674307 30.303447102303057 20.074359141387745 43.49481024481172 34.412556070198136 32.906785489414844 47.98930862641922 31.90074765071896 40.48234279482936 22.2489015781475 0.0 60.78382860537402 28.8923381699633 18.57465239785292 38.478874948093726 39.28101750074584 78.17279258565114 58.64049683536832 53.05558849380705 38.5970056114656 33.43151419937119 26.539273877959943 19.164417552137518 31.39781802393487 32.54085829365915 32.83400842995715 30.89349401580867 37.9608515860132 36.522657384363896 24.80638113758199 19.834186071567974 61.967674894772024 40.407834882923744 42.66638018711895 66.3541510898222 96.85119113853304 49.94155454371974 17.300646777242406 22.34543581825379 55.625329115701774 89.91044761779561 52.4366369356712 23.50339889050999 27.387337978226693 57.81496743484152 91.26840796852123 67.86975932036607 48.90880062942046 50.721286889227 71.74983431479723 100.58946326244647 89.80068471104272 76.27706188434799 77.24611230986429 92.25225236409943 115.96869734862797
11.661390742512257 51.28824044636055 49.247401515417536 57.64631116658563 36.28198478993154 17.369154309153092 52.546878043285325 20.85385826700833 36.772139747301395 74.06581924236222 64.79463532842402 41.282456315001674 17.2891392900784 37.038839208086316 43.09406002229661 59.56441307652225 29.585502580327685 57.003077359512304 41.48590693689545 60.78382860537402 0.0 32.176677243130406 49.88916632168871 67.22136843290883 37.01308633606692 21.41581683837849 16.49089039135791 7.760179819154952 34.20312278368198 68.48798698884708 60.14389505810685 41.66490867277352 31.22159777574146 32.01485115201236 29.933172025313638 52.01004768968722 23.17423916304635 61.56662521370676 38.59208791878799 80.27665127878585 120.9600276309528 91.75981535986955 67.84682156909318 56.40310925188332 64.45325689602987 110.50698693382101 77.6052662241816 47.20380086098014 28.786430341153014 42.70780507281324 106.62383993879959 72.02207437343748 37.42418400595591 2.96888828887279 31.810586988195855 110.00874456931439 76.90069781561006 46.04727084581511 26.866807880761044 41.45045192495056 120.0482987223368 90.56572163132203 66.23822230006931 54.47614620114161 62.79008814916651
31.922107494649232 22.14081913603807 23.850816765690368 27.950477767195263 8.494170154833505 40.55246740814308 24.173711004354658 51.22912410048534 17.420887615859098 42.24934143654917 37.145230842963684 11.361373686119682 15.054254958129002 15.81885861936432 25.866197877512633 47.2838108020487 3.286924797664567 41.27915753445336 10.43866529988582 28.8923381699633 32.176677243130406 0.0 22.93411750518309 42.19799799367567 20.329382108424358 49.42518555471847 30.583602131639978 24.574639494018427 17.566511495837684 45.73381375082461 31.90451631092609 10.421919329638751 10.612168048324213 8.159375461716003 5.802748655317103 32.023789229692866 9.088830541693765 42.3046430326931 8.043267994196125 48.65304243981441 90.29309435969621 64.14545044305436 49.7115818025324 56.768393918849306 79.80517753025723 78.35757392700219 46.045592302529826 22.25599185763356 35.57115687039854 66.55922665579114 75.61012058716217 41.24395036773387 8.949308694096414 29.222771732283285 63.42479189382083 82.96872849070864 53.453376582054375 35.007829346926876 44.59443743811668 71.73988202083402 98.18656417458703 74.75781116198732 62.702768938673785 68.33243808174191 88.32771317106948
53.02602730547889 4.741628948258321 2.8440191760630342 34.30884485204107 28.01041620101537 61.89989802781779 3.6114113115619686 64.92668025304314 38.01234546725533 28.62571619062663 44.6026682039586 11.825975151184863 33.5509898117196 36.05373605221901 14.412130668801833 30.948385811491 26.12384310167301 23.583175257445287 23.821631403764595 18.57465239785292 49.88916632168871 22.93411750518309 0.0 52.12124339440795 41.212289318202274 69.82566452015571 52.662600470695835 42.29278497291392 39.13776607860079 23.125467134547364 39.75666637314896 13.95165844727432 18.70665930191743 30.248602971462056 28.646326520209005 13.32958251527209 30.110676685147844 21.72510125174015 24.60415546431067 33.45512437392794 71.50495094940524 42.1782209184188 28.98076605216363 47.91247701600449 78.39747622294212 65.36797729125891 30.76898878234633 3.91705132457516 38.455302837506366 73.05567566194306 70.9028983080204 41.15887091314376 27.490437422478664 47.03440733245823 77.86903508420227 85.8816658125739 63.41076758431789 55.32616753434188 67.05101511928872 91.24410604664585 106.3868267101231 89.03491278559996 83.25258409038221 91.26602920992474 110.10314111289057
60.219787957329984 47.76354283961726 54.76451067373801 17.864072546274066 34.13188437111352 65.44319429957056 50.06197340621015 88.07046732115492 30.461600008561337 43.8423662852576 8.23128531804115 44.38055322869377 53.91446849427667 30.391969094384194 63.38423725821501 82.97320768847878 42.47981281752365 75.68759098174824 32.61183371710528 38.478874948093726 67.22136843290883 42.19799799367567 52.12124339440795 0.0 30.405375924747965 75.40108505224545 55.65477034564191 61.420942095840985 33.03400113974308 71.64971211108156 12.392310829439154 41.52688170318389 52.063227498735266 37.14683083341549 40.230941339286076 65.39395415862161 47.657254269163396 73.32814379698972 34.30375231636177 49.031574768204784 86.80541328026477 76.0290644421694 80.12739550790131 97.23745362170297 122.00240679777366 63.48834627578197 48.043403413691145 54.59283161204075 77.76500542075604 107.28105622262389 46.15813695770582 20.62546573133741 33.39301085221507 64.80450307487389 98.38191485953215 42.83338154631175 11.499999082965322 28.716793786666013 62.54527459460348 96.92275978864065 56.06390889083685 37.798224855590504 45.9246898658943 72.00191588474117 103.21967863154796
29.933330695705592 38.894892919295884 42.792080742455425 25.139177911471197 13.221065838367279 35.912593333074895 41.322870900479295 57.85352825790903 3.209119829105263 51.36111606341723 29.271648391819575 29.56106531228955 25.879095587788612 5.2055209091242265 46.189856130203026 67.60638306775962 18.410311235085935 61.48803133238094 18.08236998860212 39.28101750074584 37.01308633606692 20.329382108424358 41.212289318202274 30.405375924747965 0.0 45.94646776342434 25.637393951946873 31.819497694730455 3.288764042189041 64.31736854306955 25.5290659975998 27.261018613342586 30.59322851367136 12.221386175978338 15.221060982615079 51.94072373051638 20.75517941225001 62.00802053970307 16.662592695565937 57.99699794860018 100.27670573149715 79.00047416083817 69.4369636008964 76.13585688169549 95.74239021312033 83.06567172624825 55.80812949945176 41.52119313306734 52.233057566001264 78.27768384662878 73.04634522837117 39.5572618792029 13.734490186112017 34.74688922981072 67.9772553047928 73.23315721283204 39.898029154893266 14.678571302027146 35.127175953770134 68.17057162338365 83.55767199808194 56.531168879530355 42.47917890717041 52.99063414838394 78.78041035053106
17.598783565156783 70.55889939132705 69.53443587937677 70.33209909445833 50.75219049900815 10.03492506365964 72.12447122247276 26.36509328467182 47.16683483616565 91.5078764800366 75.19697867632571 59.97621915824408 36.275729714068156 48.262959069540976 64.30148702758117 80.90100827445029 46.30682024177389 78.4154927745233 56.80372280883061 78.17279258565114 21.41581683837849 49.42518555471847 69.82566452015571 75.40108505224545 45.94646776342434 0.0 20.524415408514816 28.04367311855894 44.254159154476525 89.54443234092888 71.4104761422816 59.723529727340576 51.203715557865124 46.33004254180601 45.436588795292764 73.16189716157643 40.56370473300622 82.87988621228003 53.95005093433449 97.99875180780944 139.6953400333909 111.99085094033634 89.24045088609876 76.02966639434328 77.40740913984638 126.6736642991853 95.42161326030012 67.52156782020542 49.069855920293094 51.491263293320536 118.95097786069317 85.00499850817351 51.934683435255074 23.73646668706386 28.713677809182037 117.57657349435095 83.08884038772247 48.76590292543084 15.726547879259906 22.613899646049642 122.76392951307838 90.21651567387816 60.01571782066433 38.20448201710897 41.377625389352325
5.278063075799917 52.572347104443466 52.917881557832544 49.807687527850085 30.60080144444408 10.631675825296314 54.438063994237666 35.25350856293052 26.6779869608503 71.86513249271454 54.89927797940793 41.76116767229257 20.553543738954875 27.739988813651397 50.25263922511814 69.6617491897591 27.315522931359 65.64410182834189 36.77221207828998 58.64049683536832 16.49089039135791 30.583602131639978 52.662600470695835 55.65477034564191 25.637393951946873 20.524415408514816 0.0 16.90923153815731 23.76929774398157 74.20639764508522 50.969642933440745 40.999253390412335 34.97152040488024 26.25779694897494 25.850392225655767 58.557693947356036 22.553032446715473 68.83985585056712 33.995661294580984 78.44720681559751 120.53978266268064 94.5618260553034 75.82081767953564 70.35916107693176 80.91220185635181 106.42106309284257 75.94075878410897 51.02327025502483 42.83186266490966 58.82671077375437 98.49551385255873 64.48140513674315 31.7677063877097 15.98039209129093 43.54777715575203 98.27361292109808 64.14506781716668 31.085808528619605 14.591651602821958 43.062235649747024 105.80385349319144 75.0813937122812 49.74733708259688 41.31828905127344 57.74448953772087
13.825421431053995 43.57342460716293 41.761800062806984 50.74995939586008 29.270035929150605 21.917776956832736 44.877619488913965 27.206138560793523 31.064933212297 66.32313314941977 58.40279614529213 33.52278556225452 9.575710528968372 31.030363088227478 36.32181681147245 54.06050875034478 22.129559191387266 50.857689800813056 34.16551619059189 53.05558849380705 7.760179819154952 24.574639494018427 42.29278497291392 61.420942095840985 31.819497694730455 28.04367311855894 16.90923153815731 0.0 28.758046006324193 61.50121237497307 53.57978667245836 33.92106677420572 23.590747946664713 25.174963675419693 22.795890663344167 45.14235009955894 15.698178348266351 54.97347366230456 31.3037050163331 72.52095722483996 113.2318981901542 84.29379167435823 61.51603345294291 53.45839448024947 65.77367270585962 102.83043875223808 69.84797631197183 39.726842230350115 25.933486663944393 46.494204002802334 99.52990103766494 64.93829255851847 30.37460791939941 4.8068802871598875 38.96729033343217 104.00868830621388 71.55562517186667 42.6314979320107 30.15822624627499 48.95333979492111 115.36405427917865 87.11122104125785 65.28900230015206 57.721157230419166 69.2502660204696
27.747953670628792 37.10729938249909 40.570767296285275 26.19832107983277 11.216342221743314 34.256029152491955 39.484780719554266 55.056915567623925 2.913208888442509 51.059998189352676 31.297490315461953 27.368615993896064 22.606308275885848 4.3489884920776465 43.412131340307305 64.82451483613535 15.41898298583608 58.83648199242697 16.741161682672086 38.5970056114656 34.20312278368198 17.566511495837684 39.13776607860079 33.03400113974308 3.288764042189041 44.254159154476525 23.76929774398157 28.758046006324193 0.0 62.26234010077814 27.21126676915358 25.23856672098614 27.62236691784608 9.407563290299606 12.214685547219805 49.43910825016755 17.47960035070459 59.60322190140591 14.899670867390775 57.718781710648145 100.07995839571379 77.82792580610436 67.0308928510297 72.96479806878605 92.46269256840361 83.6947028318597 55.44052418577208 39.208733900013414 48.94714045488979 75.16079400689817 74.72666725950009 40.81634188238016 11.94674744317147 31.848513767246782 65.4276923693156 75.85442538973675 42.827945276388434 17.590358511062156 34.34322784979916 66.66590325147901 86.68477794731027 59.81989190781339 45.13760115366674 53.76989342104778 78.35696950073742
73.78421854125936 25.77128004188695 21.88346387831246 54.0224403991742 51.12959600736155 82.61946245581937 23.2650917328394 79.5411140799625 61.113132072108385 34.89381063454995 63.573116541643536 34.9175813104081 54.025049632637284 59.14412765319472 25.483590520056897 21.667144480264653 48.80145466294658 16.46760513184925 46.686807067014904 33.43151419937119 68.48798698884708 45.73381375082461 23.125467134547364 71.64971211108156 64.31736854306955 89.54443234092888 74.20639764508522 61.50121237497307 62.26234010077814 0.0 59.41360180204569 37.06222111074103 39.23660567107991 53.30773371533322 51.52074101833059 16.537081384541644 51.91391285381588 9.331612448632999 47.6761306273294 35.616698896197136 60.70498372137925 26.515985960626285 10.76817714980507 43.85958768175637 78.27021712569328 64.27477401549406 33.84010175871199 23.535153075781704 48.554087413718804 80.96876193760794 78.57321453366637 56.2929982416087 50.585163499636685 65.90615592046993 92.32112172170899 99.05800736065031 82.30570502794649 78.29881504552509 88.78014921803981 109.67160275577504 122.66725371061077 109.36602876967952 106.15665400794849 113.89546065733198 130.65125544630692
54.89898043622238 35.37490951816777 42.4209623790354 5.471977744611815 24.653273609685648 61.387156637518586 37.66966353334781 80.73419501020804 24.314520420205145 33.679984478972194 5.3055722118059245 32.4959503203867 45.161732474691206 23.481517786253622 51.345462620408696 70.64731867203899 32.82721278437802 63.3343151283986 21.679296305785435 26.539273877959943 60.14389505810685 31.90451631092609 39.75666637314896 12.392310829439154 25.5290659975998 71.4104761422816 50.969642933440745 53.57978667245836 27.21126676915358 59.41360180204569 0.0 29.695308823002065 41.05682799603263 28.442172559852494 31.139694811230264 53.04991079573973 38.67081348912616 60.93821812451264 23.862417939685574 39.54431402145867 79.7849372201019 65.4298283194302 67.75885264140224 85.41800301502909 111.33724361210295 59.260583347100884 38.123956492300955 42.30702368636347 67.23958151467754 98.22050328292421 47.540741563090684 14.602387115609547 23.6894595948031 57.48047031491127 91.87856999665286 51.094262875286034 23.675184020153875 30.087395295889987 60.37246682595035 93.69772955119748 67.55221329714873 49.95267838064255 53.12294312817931 74.4555743298983 103.24740414534914
42.2842189543632 12.082958289259903 15.663081924745804 24.67200253795287 14.068903352072082 50.95697495270843 14.344150730695516 59.588695469683906 24.060687064326288 32.40209855046261 34.940843486386996 2.8813049284113124 24.383626676818828 22.103726148571372 21.94795644600163 42.473229492198804 13.683886732087402 35.63608055734158 10.251822714688016 19.164417552137518 41.66490867277352 10.421919329638751 13.95165844727432 41.52688170318389 27.261018613342586 59.723529727340576 40.999253390412335 33.92106677420572 25.23856672098614 37.06222111074103 29.695308823002065 0.0 13.045642891334504 16.621004242924297 15.560389368617464 25.534151173447324 19.17533733733753 35.13990046711352 10.673600808251686 38.64153511996522 79.9730929961412 53.89692758360363 42.530940320725264 55.746765364386626 82.47024732943477 69.07281612776892 35.988301449073305 14.632566935636271 39.08857185514003 72.3641564918806 68.84558354555912 35.55426990786664 13.540631798944707 38.696798010506555 72.15529439264745 79.3831136436498 53.025704948173676 41.4317841346402 54.920677218244165 81.91940877113575 97.24637656059411 77.05794549342629 69.38123619582316 78.0022094071175 98.74053459180986
34.722360995181056 20.204864092079674 18.342177935855027 36.51505112125261 19.062881191569467 43.60140988054491 21.336569499767972 47.422603567112375 27.83631761461141 44.15112282656796 46.361419005438 11.380905569257733 15.004114395973938 26.337701979071284 16.29838468853358 37.48046877075459 12.203515422001386 32.054975333727775 19.48551014714585 31.39781802393487 31.22159777574146 10.612168048324213 18.70665930191743 52.063227498735266 30.59322851367136 51.203715557865124 34.97152040488024 23.590747946664713 27.62236691784608 39.23660567107991 41.05682799603263 13.045642891334504 0.0 18.397434221951414 15.407688922991403 23.822044259705283 12.977746871484369 34.21903924820099 17.85199479811772 49.975198438641755 89.84347047637795 60.80221732481825 41.43420377209014 46.16817106717276 70.2924602206287 81.21018242317615 47.26226841720538 16.346311274913617 26.372966430223165 59.3187694918565 81.8909243687016 48.41210268280185 19.395600814192818 28.34601256573675 60.21339534065034 91.67841692560292 63.45811476364905 45.20784538383357 49.55182131261483 72.53849641845243 108.126881277962 85.34182651722581 72.59329002865744 75.17378311995773 91.79958108326045
28.809146985116413 28.69698727508436 31.483995877982505 25.637771442206343 4.4475100487402255 36.784784717523685 30.959560157824328 52.37260588367048 9.453186373618237 45.6646571863531 33.36625487693303 18.42318587841077 16.846921528224748 8.098310969669795 34.016112335411954 55.43227838615348 6.30423452357132 49.43129309345416 10.516408446164643 32.54085829365915 32.01485115201236 8.159375461716003 30.248602971462056 37.14683083341549 12.221386175978338 46.33004254180601 26.25779694897494 25.174963675419693 9.407563290299606 53.30773371533322 28.442172559852494 16.621004242924297 18.397434221951414 0.0 3.287292634078485 40.08842019308087 10.510426532509568 50.30568939463201 7.757305747573018 52.27604407393041 94.50850943636864 70.24775379948105 57.72716015989381 64.22532736910871 85.51110968754553 80.34613226837052 49.81101748959959 30.026841978916387 41.435761105428746 70.19309539185207 74.62801495863981 40.03894809190157 5.634578751234775 29.244383338711494 63.82455484982695 79.20497434574403 47.96599812481206 26.886553962010847 39.24127144792674 68.93263942932336 92.56199407584282 67.63103049943183 54.54343583516467 61.40694640736491 83.43522223304876
