0.0 68.08844457960963 27.41281223764794 25.815929848161723 25.70000889222957 25.32187587368584 4.588896885514238 40.77517070679896 45.84852343067794 26.435267662503456 50.27578833539993 51.06772813623114 69.64893054799957 46.512433206178336 37.61849186965841 12.546094334252736 5.161525118731887 46.271186961238676 16.696865643288135 51.0841085815926 5.018040030979493 7.725216992922132 84.07031051386997 29.787619192326595 21.910448521746762 27.390329362791185 34.876085629236776 43.36049680102827 54.26157700684499 43.320992817603916 43.19123394444213 58.25449789251121 67.22554419111025 16.466037344361766 32.551048507774986 47.31808673053488 5.724522450724156 44.965778188832154 45.1583437096084 42.35736234290334 109.59525675359242 84.37215621748177 67.97772915324039 67.21646415190766 82.52214806724562 95.29925748461774 64.93386692593941 41.78148406113891 40.8632412686553 63.15649850857538 87.96259891510121 53.70505652264514 20.637343634166697 19.037315369201934 51.90174726034734 89.31745776224295 55.87678685289754 25.722952994313456 24.412563701862503 54.084417129685576 99.0075910600163 70.21638019039729 49.52766807306479 48.68729466360828 68.43046337554782
68.08844457960963 0.0 53.79426594291461 88.14483002696508 93.47934622939219 78.40204411987824 64.74161948231945 83.94351561287124 49.08752853416016 90.91242154174554 102.74928304572141 21.3485354897141 2.2259220515188867 22.013051294690527 30.873124010351518 61.448019113595706 63.15188603213685 97.71668893106398 61.964429647421454 98.16229877939402 64.16798867170661 61.712790627106585 16.57362460973484 84.79977601096775 89.26574457974353 81.19070942872102 99.36048124560888 95.00766255372142 47.875679202647724 105.04376274362663 97.54167424860059 12.108723534583657 2.8564900950982626 83.43318244578147 35.678722447468054 96.3037139215947 62.89681177596197 45.49068569040091 35.13208217781807 90.47440101510979 43.00475532304887 32.76347158063097 51.88752444691922 81.89028849451242 114.51880866767428 28.647956651013626 7.360555375773755 41.01834033054157 75.53598363939045 110.10776320551848 37.445392361917975 25.10569911927903 47.468701381216285 79.19028890340931 112.6222396561431 59.947742615664254 52.93172229440545 66.3671800896494 91.66372209251455 121.63335598146334 85.99595314777498 81.04607976932849 90.20175125156781 109.99532082969195 135.85400644693956
27.41281223764794 53.79426594291461 0.0 36.483464367825746 46.343290704379335 25.03681782763575 22.856699448964 31.093433889638476 55.11330188570694 40.14761795261135 49.09581253258671 32.88070847314729 55.83709822835172 36.92682240761285 25.394781537380965 14.967448409912034 23.183589802883954 73.02916072977543 36.62380801716224 45.23956487233681 27.46715514513071 20.079276386331536 67.42816984190267 31.29590377825822 41.668208481313435 27.72094792696265 47.86829167908902 41.29776901179308 61.8040367974286 52.047303839011214 43.74749096526883 41.93755505101866 51.96430310283613 36.13122138599405 23.06834610365942 73.67129314757157 26.212400810761366 52.47954993166795 21.653249313805965 37.03482335656607 90.56286222148849 61.06685980165597 40.638846370847865 44.36998331420906 68.41564236921988 82.44118224106842 48.34240157211553 16.50088481672437 24.544301971674017 57.6837799418353 83.53824415987067 50.173742750097475 21.237215727981003 27.919220053636298 59.18441527221501 93.5301594131871 65.34830546219179 46.77313267441857 49.99865459059809 72.15829535632764 110.01911084565461 87.15432791718088 74.04254882228413 75.91752918567087 91.86617157080661
25.815929848161723 88.14483002696508 36.483464367825746 0.0 15.490285895297315 13.226560263899842 26.435358742500597 25.37475239072138 71.66329925215774 4.559073423916882 26.17249621867753 68.35530579913188 89.99649356834736 68.13707025579235 57.465097085787285 26.905497824731487 28.62135887617281 59.988180324270154 42.100993926310736 29.587209382469123 30.79153798545795 28.452263923146457 102.93635202432019 10.546302216128002 12.290633689540885 11.935802800493324 11.4064984983969 20.857235231058127 80.07410067409329 17.793378808225466 19.12694214343534 76.92506809761613 86.71794062769554 12.170005084167213 53.123639176763376 62.308860347736754 31.211224814437337 70.74240487557556 58.13236493425273 22.569235350681396 126.84954821241155 97.38351869175749 72.6022011829692 58.76561576228671 63.486247738397914 116.48728975498464 83.57762902817936 52.877099515638605 31.64792904534645 40.025383862142924 112.34628236260994 77.75817174213819 43.19529655287224 8.954790647369498 26.256373824756977 115.10020725356169 81.65135238263365 49.80633785609008 26.25341014951409 35.95349924078957 124.29144935736335 94.0585699176 68.12095929874525 53.18567427520555 58.41033412753614
25.70000889222957 93.47934622939219 46.343290704379335 15.490285895297315 0.0 27.39957197386211 28.73839875839013 40.857224621737224 68.38825920478351 11.341618088162852 39.010661824760454 75.39860381535499 95.1116080318191 72.1219949448868 62.71919562460721 33.19340923394398 30.397443880443177 46.470903732692356 38.41055629624785 44.00162251603199 30.262051401623907 31.794325694822124 109.20398259330948 25.998740317431366 4.6798250897069344 26.86722610275857 14.548096519133027 35.26157959754901 76.9457976661386 24.48956836975787 32.59163465604917 83.18388932602754 92.46657825189955 10.377187366580202 57.80455047774327 49.169400345368956 31.295903778258193 68.28543341555206 67.25774568912526 37.78021134300216 134.28335690048593 107.02650704017636 85.2764589956958 74.05554465211735 78.04563354683869 120.94848579259973 89.90266800901638 62.699729970089706 46.63513146511656 53.0398695435524 113.13358347551629 79.1832337039208 46.21265110422667 19.901798338188573 32.42532752280654 112.00062221803609 77.5710118210715 43.419316815791895 12.168195047472647 28.385657802202356 117.74271039393564 85.58233687409363 56.39285809493624 37.82591743584081 45.566140307651196
25.32187587368584 78.40204411987824 25.03681782763575 13.226560263899842 27.39957197386211 0.0 23.578379009651233 15.925376759811487 69.05453369885898 17.681317107706594 26.659025996048307 57.81129692233021 80.3752728954727 59.77918271764258 48.51363296597938 20.003861345964538 25.68994249678731 67.51824861656814 41.735074873666804 25.99143058872031 29.43374984390113 24.09732991873241 92.42322658476223 6.431670329317546 23.206966742722305 2.845226392315494 23.883932191332644 19.040078631467097 77.06351795464926 27.021612762664155 20.1551759032763 66.74123121475715 76.71914287436663 19.898299767595635 44.8123156789563 69.3344844554118 29.230237564103632 67.47342766813293 46.470816097057046 17.128006711954512 115.50807258896783 85.07755663913872 59.40603812259737 47.0613960696203 57.404560341873086 107.01156762035126 73.2457175670374 40.90527756671963 19.400911770678455 38.397865515859316 105.53606274530551 71.09292256231335 36.95131643254805 8.452750012433816 34.23961489987322 111.36106869490085 79.41041496893213 51.04477726913216 36.05486741832897 48.87910126178814 123.45721690227442 95.50023163761105 73.44166856068097 63.73254837683326 71.587508468798
4.588896885514238 64.74161948231945 22.856699448964 26.435358742500597 28.73839875839013 23.578379009651233 0.0 38.39161306675247 45.91330614814931 27.80344655036332 49.516323366528916 47.11883281728703 66.37541911636932 43.467401579541324 34.0235289278059 8.103941057946916 2.2231605556623264 50.55315452540182 18.327638667680073 49.56838552936786 6.127286811072669 3.282511256888595 80.53007515327678 28.73839875839013 24.59658833666448 25.945631208815254 36.4089706700134 42.273147417918715 54.14607140358308 44.20969347359905 42.55329733779629 54.57878742745386 63.75287475390969 18.838650913888483 29.070900909900693 51.47194994921089 5.676305913479339 44.66332454560023 40.72213212918725 40.69871076467096 105.83895390852847 80.08153098105899 63.39558577062481 63.40134256440459 80.09520232557499 92.30453203691033 61.285703492340474 37.2368239155585 37.57735279872686 61.90611130309084 86.16056647804388 51.66749299142377 17.614491327860947 18.59743622094217 52.69072802473697 88.95221563630813 56.159514950358016 28.109251753805435 28.65682136836385 56.98369284097814 99.93327277237042 72.17335730769467 53.16138265602019 53.273598627029585 72.421161405907
40.77517070679896 83.94351561287124 31.093433889638476 25.37475239072138 40.857224621737224 15.925376759811487 38.39161306675247 0.0 82.36409959657988 29.735232199071575 19.701213874591815 62.622985012197645 86.07037615135505 68.01960918157991 56.485653712465506 32.98065100990447 40.32835376090846 83.2945355540178 56.71828365032195 14.23953520678015 44.46676049189273 38.189693069613966 96.22009497636537 14.872009014054843 37.3217295988465 14.868677891985 32.46720534508209 12.993654829395227 89.97745515916179 30.4314212075439 16.958630541017232 71.86642843834082 81.86008482629617 35.131928294893925 53.868029138698745 85.18634496590992 44.04734659843353 80.37837492506564 49.39945703591506 7.399150669519594 117.11593107232272 84.44360344289005 54.22302455376984 33.82874517067048 41.75481992515975 112.4279536595768 77.87504124453 43.40337824366 9.901431536705756 26.590926260429097 114.62076263409915 80.98035417891673 48.70893869798585 24.127744728001026 34.44676810450437 123.32775897293057 92.79321588081527 66.37944392339104 50.95767971133509 56.40872762560698 137.31488123910515 110.556290429606 89.35740277541956 78.36793251274896 81.81109706134536
45.84852343067794 49.08752853416016 55.11330188570694 71.66329925215774 68.38825920478351 69.05453369885898 45.91330614814931 82.36409959657988 0.0 71.997294322947 95.39146798711647 47.68761812450438 49.1976651978024 32.85244839490653 37.165614688424306 49.50191862615982 43.700799130987875 52.828590778010295 30.11162695906578 94.85670338957458 40.89712710148998 44.96514908682189 64.4709955302381 74.58099385536957 65.86864933321957 71.61031490152314 80.13916126978103 88.02086881220569 8.558996483289693 89.04143456646563 88.46119860094487 47.40021947533289 50.298200191491475 61.38893571611169 35.240553720661566 50.58794868042849 40.60713670110834 3.7837591944949374 54.698261066787744 85.91899407769327 90.2571899506794 79.30097374911722 82.61755904337043 98.77960422743033 122.81649677940482 66.81094915801984 51.378827873143806 56.66276634703389 78.58981064078026 107.4097374147871 48.832659665435116 24.07882436914606 34.202272499045144 64.45654065522712 97.64394681765782 43.695034435559556 10.42975264491804 26.517111758535883 60.765026632615104 95.27052785178957 55.11453693077704 35.02543022942631 42.55327458638186 69.2070330729961 100.81308202967513
26.435267662503456 90.91242154174554 40.14761795261135 4.559073423916882 11.341618088162852 17.681317107706594 27.80344655036332 29.735232199071575 71.997294322947 0.0 28.51184783854552 71.49315923441448 92.71283279024152 70.48829894319928 60.097352619687854 29.46674800459933 29.90069925707894 56.92264688339476 42.062389372829706 32.857641775160076 31.451291347535996 30.189676416863698 105.96608391775226 15.004593021146206 8.943222154947195 16.491357374289365 8.624682724600664 24.088665427620242 80.48788596463483 17.0890534050371 21.74635317886703 79.8952147140705 89.5865093098622 10.861538678945557 55.576337395433164 59.39914085930638 32.063032482950234 71.3112420491089 61.73579788821822 26.438704618710968 130.1879263652852 101.1842199727106 76.95696484981667 63.25567466069044 66.89517311872712 119.08689787651812 86.58227112730526 56.62261687218968 36.20196749536671 42.54262334704558 113.96389083105223 79.45784630628809 45.101925420965394 12.234027322538044 25.69071005642043 115.61661725350537 81.78932364347895 49.05742464741486 22.773109985878037 32.02255983501727 123.7738614898146 92.86711151351442 65.75287784782299 49.16696475530675 53.90870834711428
50.27578833539993 102.74928304572141 49.09581253258671 26.17249621867753 39.010661824760454 26.659025996048307 49.516323366528916 19.701213874591815 95.39146798711647 28.51184783854552 0.0 81.55609473337775 104.8303433618729 85.5407349368951 74.06996798677653 46.66281971947931 51.71490054195712 85.34099710392265 66.9683917535517 8.53667761102447 54.9299715133349 50.493657800065 115.5549751831474 20.814852375351283 37.44453261194159 23.93826047093303 25.51252450567996 7.848615576794192 103.52376127745352 17.872405302222546 7.140609851360971 90.75654110262514 100.79029737158304 38.3419858460859 70.81345447062938 87.88286998259052 54.988418141872785 93.96419129782075 68.70774703760857 12.479255372936523 136.78784318981403 104.12000348977439 73.25203224900436 47.80762859478886 40.0012811966981 131.35620206927783 96.94284404332448 62.73938051307833 29.485528485731198 14.050429888272703 131.7723637391906 97.50082769252757 63.59022365240271 31.238938457922018 17.403321416309502 137.98340415040272 105.6714627525474 75.42091250887037 51.03908142917946 43.77761311180592 149.2673690126522 119.90812826568967 94.18029123939557 75.87260084217768 70.97980085242038
51.06772813623114 21.3485354897141 32.88070847314729 68.35530579913188 75.39860381535499 57.81129692233021 47.11883281728703 62.622985012197645 47.68761812450438 71.49315923441448 81.55609473337775 0.0 23.507074702821054 15.103300655379709 14.450630770678593 42.38795832027286 45.9187330462594 87.74937343594385 49.25361780105896 76.83121599818189 47.984360832654545 43.885516028785105 34.64309490537681 64.1379993789236 70.94694701273642 60.54545861987205 79.72099316400605 73.85869990605109 50.214130694553205 84.7198899811474 76.52551347131468 9.24698577502394 19.246719036142494 65.08595764861114 19.518803172557323 87.05093247762558 46.58602926786617 43.94433544615691 14.030899931982843 69.22466625687686 58.90163961803831 34.88583556957885 36.87105839962854 62.424061242676586 93.96215699134159 49.82394542897091 15.462967238856395 19.76449793792091 54.19429496573551 88.75957435741824 55.645505119574096 29.111238394909847 31.517430903178077 59.44808650872705 92.03066780709193 72.87906579359205 55.15495667132936 56.28125411029639 75.41809588761274 102.97086050579439 95.53589462207077 82.60019916505146 83.14567880183475 96.94503682530342 119.49142933226588
69.64893054799957 2.2259220515188867 55.83709822835172 89.99649356834736 95.1116080318191 80.3752728954727 66.37541911636932 86.07037615135505 49.1976651978024 92.71283279024152 104.8303433618729 23.507074702821054 0.0 23.343669018405578 32.62647372376483 63.24641063755486 64.7493822667643 98.45218096157896 63.11055289288086 100.29423032909287 65.65360086634512 63.37696052777352 15.6984252979987 86.78069101531993 90.93158890604886 83.17086724598217 101.18352932278536 97.0785847819353 47.598085116856794 106.96198380227716 99.58234947768428 14.282230379734987 4.962724937531684 85.11026886921177 37.346871056710235 96.96741729137827 64.40001730467515 45.659905889970226 37.33014766090183 92.57350268810407 42.130241671729735 33.8569280406389 53.96720382957025 84.10386317791277 116.74456609315655 26.637967840900405 9.523007119808513 43.204722025046706 77.70110908255064 112.26366601344388 35.42990433354502 25.127258666952294 49.01350308097675 81.04388434268084 114.58072369689701 58.412469336244726 52.61497023486893 67.22689075710588 93.08800039314865 123.31300831471229 84.7329565623639 80.63146739449397 90.65274842220747 111.03664130631441 137.2409497100444
46.512433206178336 22.013051294690527 36.92682240761285 68.13707025579235 72.1219949448868 59.77918271764258 43.467401579541324 68.01960918157991 32.85244839490653 70.48829894319928 85.5407349368951 15.103300655379709 23.343669018405578 0.0 11.5364279790289 41.23629149802617 41.726771555157974 76.76205719837614 40.04781371836576 82.13871536423736 42.38380257411144 40.604668971689875 38.50173453304787 66.19867975338285 68.06185803738066 62.62305014372604 79.06699651541261 77.69277739224437 35.11215370819653 85.55773077550809 79.67609665609264 15.336546971619564 21.734643183742488 62.297825888253726 15.056155138939067 75.63025988421799 41.15831594778941 29.078832907635192 25.46954485628228 73.78359572173198 64.79983609500442 47.23962401365639 51.56508855281881 74.03477290631801 103.43186066821475 48.83841235499229 20.842283845230014 29.63881363042257 60.97020546078549 94.6103632655851 46.6278484974329 15.010108349050332 25.90951086377009 59.26343271477788 93.52998697962525 59.71539159791018 40.05373525693555 45.138682791789826 69.75331477430075 100.4409001388128 80.99645903094219 67.61151514380383 70.5476765635518 88.1895653727018 113.89728396218412
37.61849186965841 30.873124010351518 25.394781537380965 57.465097085787285 62.71919562460721 48.51363296597938 34.0235289278059 56.485653712465506 37.165614688424306 60.097352619687854 74.06996798677653 14.450630770678593 32.62647372376483 11.5364279790289 0.0 30.637309057397456 32.56081622276331 73.39536850718024 34.80491912920534 70.60251767620848 34.1151729853448 30.924878210545696 46.50701162760416 54.944320443758855 58.44642333879204 51.35073118809253 68.59117618341304 66.22474016592547 41.61358314218811 74.64857029026216 68.28827078329977 20.64631585401096 29.750587146560367 52.60045430622244 5.181529374374139 72.78520341663034 32.7585105679261 33.675350855097385 17.533073712067974 62.26203252739334 72.00615816649044 49.309552842591614 45.52794446911154 64.10126357701576 92.41194075734512 59.025214877489766 27.315512877862858 20.078545294002843 49.5480393494882 83.07657859136035 58.1460434985217 25.378522251632763 17.378949598297318 48.52667170672761 82.47726550386162 69.8273001312151 46.10026344627097 42.06470325899491 61.71277627105893 90.78720600182793 89.26678591743347 72.03851138989552 69.32025534710421 82.55792574140536 105.9296324238904
12.546094334252736 61.448019113595706 14.967448409912034 26.905497824731487 33.19340923394398 20.003861345964538 8.103941057946916 32.98065100990447 49.50191862615982 29.46674800459933 46.66281971947931 42.38795832027286 63.24641063755486 41.23629149802617 30.637309057397456 0.0 8.986884598541057 58.65300461979463 24.79360357929178 45.41314686932415 13.571622181030856 6.004062809698441 76.63314524216334 26.08480439122391 28.65083545839074 22.748890958274476 37.95594519569289 39.01253881776685 57.31697833993723 44.37870961430651 40.07333477422809 50.540510012210625 60.15213940030844 22.820948726781726 26.218638254448003 59.53898894809181 12.596163733723252 47.70633570434237 34.28401599032746 36.4822192456971 101.27881232872608 74.0084078441443 55.60476990985371 55.68963856336728 74.1996000756892 89.65066155356021 57.24936042391361 30.20893055813329 30.700354506681396 58.028321646010966 86.03712080831494 51.46326950327168 17.01188772546507 18.033158487648663 52.496090817667564 91.39403308294251 59.91842007448589 34.962849487410544 35.347144492394904 60.59105876842234 104.34862765610687 78.11966504447764 60.92220703469797 60.951914040880894 78.18915278006266
5.161525118731887 63.15188603213685 23.183589802883954 28.62135887617281 30.397443880443177 25.68994249678731 2.2231605556623264 40.32835376090846 43.700799130987875 29.90069925707894 51.71490054195712 45.9187330462594 64.7493822667643 41.726771555157974 32.56081622276331 8.986884598541057 0.0 49.89907049642294 16.429091559780122 51.68026741864144 4.5929232555559505 3.118715871336435 79.04977248281642 30.92632812941942 26.37298265439214 28.09516434753191 38.490654046080344 44.44618763977701 51.92564757356751 46.38424106738546 44.76184656841585 53.1772613327053 62.230481895541274 20.68846518099134 27.533866539326727 50.67225481223785 3.7796377729846604 42.44048847355838 40.11246963663146 42.79447395662363 104.49840492851321 79.23402433353854 63.48956018768064 64.64207264987061 81.98201341097378 90.55977951946466 59.867939540297016 36.90662055555541 39.17727702635444 64.05038148103665 84.07391450556717 49.617810150279084 15.820391436718104 20.820571644658624 54.877694369443304 86.72963593399687 53.95707304625298 26.373219543622795 29.573175033835806 58.72345058968656 97.78480278688916 70.23147676060101 51.94091616877688 53.46085474974557 73.57358889073247
46.271186961238676 97.71668893106398 73.02916072977543 59.988180324270154 46.470903732692356 67.51824861656814 50.55315452540182 83.2945355540178 52.828590778010295 56.92264688339476 85.34099710392265 87.74937343594385 98.45218096157896 76.76205719837614 73.39536850718024 58.65300461979463 49.89907049642294 0.0 38.96795968252749 89.57208710908523 45.5640051771726 53.01770967854089 114.15020577192206 69.18488951873144 47.989500277910544 68.44729540036046 60.81907982871659 80.82404637607904 59.29853171663806 70.56021856182252 78.66856079309531 91.83234825030527 98.07793903744404 48.448095620151264 68.59134273836081 3.6108668977973277 46.84266067540627 55.3164382534752 86.92291988573133 82.24176380313693 140.56717526767062 122.62145916835799 112.727651762783 113.02050450457592 123.42752994356914 119.15703218798627 97.6032123434631 85.14160222894081 85.82840109186071 99.3914134682978 101.11139928969986 74.75311413737624 57.85615033017308 59.17290968891331 77.78383767349443 88.51388860829587 56.75536433505366 31.661858245248478 34.33095013412855 61.23392841789054 83.85770836191809 49.253962813155916 14.650763438693689 19.9547313017027 54.55815382469911
16.696865643288135 61.964429647421454 36.62380801716224 42.100993926310736 38.41055629624785 41.735074873666804 18.327638667680073 56.71828365032195 30.11162695906578 42.062389372829706 66.9683917535517 49.25361780105896 63.11055289288086 40.04781371836576 34.80491912920534 24.79360357929178 16.429091559780122 38.96795968252749 0.0 67.65453388229167 12.30747405460162 18.91314199623275 78.51541708197085 46.45910829119125 35.76092877480291 43.94878842124837 50.07696460455359 60.040146076141404 38.661937637461044 59.1486460790545 59.87577646614098 54.31582142207433 61.78116954141825 31.344389973916822 29.832801126995374 38.7798466949694 12.676787623128824 29.8748771193042 48.02368567182067 58.853222028167416 104.84760113820174 84.10410522810783 74.48977979120734 80.1167884867746 98.40435979957851 86.91195313594221 60.5455313442624 46.61166353933798 55.44677659669655 79.81763549843603 75.53205537153065 42.82692667340355 18.922145779266753 35.73229976581553 67.75245076906904 73.80607372193768 39.73359289772902 10.248558659777418 32.03373484929569 65.89491669258621 82.34341334914386 53.848066636726955 37.598108922653054 48.19178627659604 75.00737090563699
51.0841085815926 98.16229877939402 45.23956487233681 29.587209382469123 44.00162251603199 25.99143058872031 49.56838552936786 14.23953520678015 94.85670338957458 32.857641775160076 8.53667761102447 76.83121599818189 100.29423032909287 82.13871536423736 70.60251767620848 45.41314686932415 51.68026741864144 89.57208710908523 67.65453388229167 0.0 55.37682510949118 49.99739387282691 110.25374834721593 21.4856035553395 41.6807354594552 23.70754702345071 31.746637579955873 8.771440632439754 102.72984902764624 25.511895154911713 11.801296758184776 86.07713890904921 96.05888581042731 41.44141210836331 67.81537897801013 91.88876019096772 55.21313326712779 93.1194507416618 63.50144822221569 8.93772298777163 130.6465011851431 97.46253124923716 65.75877164053378 39.297855201456 34.04792395061526 126.61648682897682 92.04189486149859 57.502522648316216 23.156507521806542 12.679179735598234 128.69646884332172 94.85710738287192 61.869253148706456 32.443521474611096 25.926889956501803 136.60752845314107 105.2492085923582 76.73316777940028 55.61803859435856 51.899493731349985 149.42597286292934 121.28547246503696 97.40094800540425 81.59937436074422 78.89680288549783
5.018040030979493 64.16798867170661 27.46715514513071 30.79153798545795 30.262051401623907 29.43374984390113 6.127286811072669 44.46676049189273 40.89712710148998 31.451291347535996 54.9299715133349 47.984360832654545 65.65360086634512 42.38380257411144 34.1151729853448 13.571622181030856 4.5929232555559505 45.5640051771726 12.30747405460162 55.37682510949118 0.0 7.620337480602269 80.32724277628624 34.28349203620057 26.67577165779428 31.68112724842633 39.87665382490204 47.865650546759 49.28492834727674 48.334116212961625 47.88373317611695 54.73756118607214 63.43926470985639 21.375447012408557 28.961185240979816 46.23728854919491 1.4365544969115709 39.962761646758786 43.28219570548912 46.55714135343421 106.09057269751005 81.8933850118238 67.47304673141888 69.23486258152737 86.19216317554309 91.03035523988098 61.36057018759807 40.47887482634305 43.66674679981282 67.60070990964516 83.09409900746682 48.94814019345421 16.79475763405627 23.728878116601418 56.91140260483623 84.31844298824952 50.98046351934472 21.983263349256166 27.611020419306605 58.6201450353758 94.34736594956662 66.1390173344694 47.351110581121 50.04697433773336 71.84765490364333
7.725216992922132 61.712790627106585 20.079276386331536 28.452263923146457 31.794325694822124 24.09732991873241 3.282511256888595 38.189693069613966 44.96514908682189 30.189676416863698 50.493657800065 43.885516028785105 63.37696052777352 40.604668971689875 30.924878210545696 6.004062809698441 3.118715871336435 53.01770967854089 18.91314199623275 49.99739387282691 7.620337480602269 0.0 77.41682447889659 29.68411102558607 27.55525675842513 26.64785896479509 38.814351411458496 43.060661910314515 53.03373971310127 46.239082946862055 43.652394273352975 51.42737105000973 60.67291450586614 21.737313945312444 26.035503387117032 53.78515495708652 6.594072996110183 43.470667946881484 37.46479112674563 41.07140401326016 102.6476870099009 76.79963733048746 60.453353686193445 61.6913177312124 79.69828372374282 89.41669185480538 58.14061973440774 34.061039878944165 36.53509417347548 62.484459419588696 83.90677021875024 49.33668067472617 14.923950168622241 20.1542743469632 54.63075614936189 87.58770585415317 55.313360069003856 29.023637025456186 31.93771014410733 59.937511387214855 99.44389897550424 72.50293087485821 54.945977181155605 56.358187635024905 75.68506920586903
84.07031051386997 16.57362460973484 67.42816984190267 102.93635202432019 109.20398259330948 92.42322658476223 80.53007515327678 96.22009497636537 64.4709955302381 105.96608391775226 115.5549751831474 34.64309490537681 15.6984252979987 38.50173453304787 46.50701162760416 76.63314524216334 79.04977248281642 114.15020577192206 78.51541708197085 110.25374834721593 80.32724277628624 77.41682447889659 0.0 98.72174384049342 104.8856954322479 95.13917647422551 114.27369308579361 107.97937010742213 62.153646049832346 119.35883919205878 110.83942383836376 26.093070291011408 16.897656606309365 99.02675854103057 51.52159792803189 112.66127639386076 79.02252894076005 61.02446952085091 46.85116913968769 103.11331603851359 26.45166444523975 26.7802974736127 55.942153027369635 89.0882203740735 123.03960299285757 18.84662905494678 19.38680331801485 52.83326580386525 87.18780261329611 121.68370881071058 40.32052577207569 40.43200302326027 63.54980078344284 94.00657280926362 126.6124895988535 67.16596169718946 67.03587610989914 82.89223553618915 107.90370006569447 137.1497940537106 94.92942725177187 94.61960934878489 106.24889856782816 126.56804523693235 152.13413604454604
29.787619192326595 84.79977601096775 31.29590377825822 10.546302216128002 25.998740317431366 6.431670329317546 28.73839875839013 14.872009014054843 74.58099385536957 15.004593021146206 20.814852375351283 64.1379993789236 86.78069101531993 66.19867975338285 54.944320443758855 26.08480439122391 30.92632812941942 69.18488951873144 46.45910829119125 21.4856035553395 34.28349203620057 29.68411102558607 98.72174384049342 0.0 22.4742070757537 3.6100535619632383 19.290180960822795 13.584200984676933 82.70989971687996 20.967168400081356 14.014056157321333 73.10522079852623 83.09546465808886 20.74255714123273 51.21786862253877 71.27162899237706 34.265813073869495 73.1541043724664 52.55838599758933 13.209998913214713 121.5989035530843 90.76781388121302 63.9226770515578 48.25174775200933 54.453315753979936 113.41829425697993 79.5857592676022 46.89267838153742 21.41961940050262 33.369499647714676 111.87216843857043 77.38713738161387 43.09303008580495 10.959137774554668 27.89353703812682 117.22342396661594 84.87310387020861 55.320757843891116 36.223729667689106 44.257889565956106 128.6137096220169 99.88917538017486 76.21669656131546 63.5208527627424 68.23187717228521
21.910448521746762 89.26574457974353 41.668208481313435 12.290633689540885 4.6798250897069344 23.206966742722305 24.59658833666448 37.3217295988465 65.86864933321957 8.943222154947195 37.44453261194159 70.94694701273642 90.93158890604886 68.06185803738066 58.44642333879204 28.65083545839074 26.37298265439214 47.989500277910544 35.76092877480291 41.6807354594552 26.67577165779428 27.55525675842513 104.8856954322479 22.4742070757537 0.0 22.934887069125274 14.862242041432978 32.91133875102458 74.42182993034766 24.657115242850452 30.685443085238596 78.83332098573466 88.19515761923275 5.865123258509629 53.59037706292239 50.455932357304704 27.602891920030583 65.54758017147176 62.62937023157802 34.85986161311661 129.8461831219028 102.39439777792107 80.6470856667936 70.12881337816418 75.67632929557121 116.89996897117216 85.55442248940234 58.03735846014442 42.566771729094285 51.48149612482208 109.7569056424785 75.60041488380797 42.17958454738152 15.416296647773615 33.03115619978718 109.55843603498992 75.31464373645998 41.670028494945164 13.97633884185916 32.390367073552945 116.34011755501213 84.79493015782704 56.92239637855762 41.04826477458616 50.245225400541074
27.390329362791185 81.19070942872102 27.72094792696265 11.935802800493324 26.86722610275857 2.845226392315494 25.945631208815254 14.868677891985 71.61031490152314 16.491357374289365 23.93826047093303 60.54545861987205 83.17086724598217 62.62305014372604 51.35073118809253 22.748890958274476 28.09516434753191 68.44729540036046 43.94878842124837 23.70754702345071 31.68112724842633 26.64785896479509 95.13917647422551 3.6100535619632383 22.934887069125274 0.0 21.935712511160524 16.41317357823746 79.66702253197832 24.42352387275126 17.348906684734164 69.50264405724694 79.49016357746493 20.293470439656225 47.65754207127179 70.38296653409408 31.556895794508176 70.08809103471893 49.05234688895647 14.982384286087932 118.09764279198922 87.44273494529841 61.15735062535925 47.212521189773916 55.790982784905374 109.80841398649584 75.98972386702468 43.42620809579477 19.801010860294642 35.96069490465175 108.37212364516016 73.91853014727381 39.72699417290235 9.347303571385448 31.485919921114135 114.04805745451006 81.94377740192903 53.07951428461667 36.26176988934688 46.98112399384879 125.87748827484896 97.60567011068716 74.85563670257683 63.83291143792488 70.29003875683993
34.876085629236776 99.36048124560888 47.86829167908902 11.4064984983969 14.548096519133027 23.883932191332644 36.4089706700134 32.46720534508209 80.13916126978103 8.624682724600664 25.51252450567996 79.72099316400605 101.18352932278536 79.06699651541261 68.59117618341304 37.95594519569289 38.490654046080344 60.81907982871659 50.07696460455359 31.746637579955873 39.87665382490204 38.814351411458496 114.27369308579361 19.290180960822795 14.862242041432978 21.935712511160524 0.0 23.461991581337426 88.66228808102714 9.96151558486571 19.946533479950123 88.23528359927886 97.98524805069304 18.750973812658824 64.12513718969538 63.60771802873956 40.54922615283083 79.58354383539616 69.52100466017171 27.401817724983335 138.2545149905742 108.6808516466697 83.08741955549219 66.25923513252219 65.35922561105781 127.6059679135944 94.90281164130258 64.2233081142545 40.466677544967446 39.31030039590197 122.56363918597954 88.07219052578199 53.72549559276913 20.27313613170125 18.17757574102038 123.81466459316881 89.78920187623855 56.47103286834495 26.65898549465793 25.04541149409668 131.1790452001788 99.61273088114243 70.93843705580652 50.3650572983598 49.35410407346906
43.36049680102827 95.00766255372142 41.29776901179308 20.857235231058127 35.26157959754901 19.040078631467097 42.273147417918715 12.993654829395227 88.02086881220569 24.088665427620242 7.848615576794192 73.85869990605109 97.0785847819353 77.69277739224437 66.22474016592547 39.01253881776685 44.44618763977701 80.82404637607904 60.040146076141404 8.771440632439754 47.865650546759 43.060661910314515 107.97937010742213 13.584200984676933 32.91133875102458 16.41317357823746 23.461991581337426 0.0 96.07788165364572 18.669298729386526 4.272442313705308 83.04086627365058 93.07807582028589 32.81231671140369 62.968267899501434 83.16567923755919 47.83107526228401 86.49563653415032 61.161501599400424 5.651449056445691 129.53510807860332 97.21325997674556 67.20353063652215 44.46385127932627 42.80860354908037 123.63083135723896 89.27153742207746 55.21850853777784 22.882555288613762 19.823984160019055 123.93212218174195 89.68450064899406 55.87752988190842 24.415916444403578 21.559813244093576 130.39595576669336 98.34693918286828 68.81826996319454 46.846630447811194 45.255695313339636 142.18400459113275 113.38318184878388 88.8254368860243 72.93098176926023 71.71231079886942
54.26157700684499 47.875679202647724 61.8040367974286 80.07410067409329 76.9457976661386 77.06351795464926 54.14607140358308 89.97745515916179 8.558996483289693 80.48788596463483 103.52376127745352 50.214130694553205 47.598085116856794 35.11215370819653 41.61358314218811 57.31697833993723 51.92564757356751 59.29853171663806 38.661937637461044 102.72984902764624 49.28492834727674 53.03373971310127 62.153646049832346 82.70989971687996 74.42182993034766 79.66702253197832 88.66228808102714 96.07788165364572 0.0 97.51356306457585 96.64253686214875 48.336663369852445 49.51374046416304 69.91133987581738 40.591210855936126 56.772812700571016 48.93750078782817 9.611935520148634 58.95199441722088 93.79724656511917 87.15069729185088 79.54381795100933 86.33611009439805 104.76334680173373 129.96739495162086 62.1944861838269 51.32567389163772 61.605990784174246 85.73840452961845 115.3327903545642 41.81286871237115 23.107050723351893 41.40530778081215 72.73037293808152 106.11248135176086 35.15466441618951 5.115856031248496 34.80441692555864 69.21977169852377 103.76059007309826 48.27822101781513 33.332602455666475 47.813917584224164 76.52523511393035 108.72389373625782
43.320992817603916 105.04376274362663 52.047303839011214 17.793378808225466 24.48956836975787 27.021612762664155 44.20969347359905 30.4314212075439 89.04143456646563 17.0890534050371 17.872405302222546 84.7198899811474 106.96198380227716 85.55773077550809 74.64857029026216 44.37870961430651 46.38424106738546 70.56021856182252 59.1486460790545 25.511895154911713 48.334116212961625 46.239082946862055 119.35883919205878 20.967168400081356 24.657115242850452 24.42352387275126 9.96151558486571 18.669298729386526 97.51356306457585 0.0 14.443687426049978 93.54815735622394 103.46960796941805 27.903712585427677 70.5048955819505 73.41350920347394 48.847251471875154 88.27920124104352 73.47211991259482 23.861330467094962 142.51675551303376 111.68654158962735 83.85422860442904 63.11869654221248 57.716532893224134 133.55488396024745 100.11259173019994 67.84535430226904 39.7277014556522 30.79651784051367 130.1115611582343 95.5143778442344 60.92477923290558 26.372625881010272 8.605602176378081 132.61753930334268 98.87027604331807 66.01585461090063 36.547181244569764 26.61093151327784 140.75528175912106 109.45089650980132 80.88107155389324 59.15062394217409 53.39142702317149
43.19123394444213 97.54167424860059 43.74749096526883 19.12694214343534 32.59163465604917 20.1551759032763 42.55329733779629 16.958630541017232 88.46119860094487 21.74635317886703 7.140609851360971 76.52551347131468 99.58234947768428 79.67609665609264 68.28827078329977 40.07333477422809 44.76184656841585 78.66856079309531 59.87577646614098 11.801296758184776 47.88373317611695 43.652394273352975 110.83942383836376 14.014056157321333 30.685443085238596 17.348906684734164 19.946533479950123 4.272442313705308 96.64253686214875 14.443687426049978 0.0 85.65340598933919 95.68869248050667 31.29076697013019 64.80361850356798 81.13416756346241 47.977270224606606 87.105474656342 64.12171107633293 9.790188691578491 132.77087322531855 100.74003989072415 71.16054643448388 48.722766484511745 45.59396290441793 126.1881089086138 91.97593711513063 58.22848501574519 26.76544801149997 20.906248549749563 125.64710032357377 91.23914444289731 57.06856410276113 24.16427963103687 17.48873016392718 131.22262599416015 98.70961871582185 68.28341470172458 44.45767946270676 41.050827609855354 142.19672224971754 112.76751875868845 87.22319849038503 69.95732289503569 67.63826804815614
58.25449789251121 12.108723534583657 41.93755505101866 76.92506809761613 83.18388932602754 66.74123121475715 54.57878742745386 71.86642843834082 47.40021947533289 79.8952147140705 90.75654110262514 9.24698577502394 14.282230379734987 15.336546971619564 20.64631585401096 50.540510012210625 53.1772613327053 91.83234825030527 54.31582142207433 86.07713890904921 54.73756118607214 51.42737105000973 26.093070291011408 73.10522079852623 78.83332098573466 69.50264405724694 88.23528359927886 83.04086627365058 48.336663369852445 93.54815735622394 85.65340598933919 0.0 10.038178973853544 72.97079094735773 25.777491112364952 90.80520784485942 53.39091738501719 43.62250143350771 23.072735080693022 78.44528996496086 51.36113384271841 32.02385207145825 42.51967882406778 70.60562319589866 102.74833292868324 40.602152148412685 6.721248494495835 28.925245162374257 63.42727046166508 98.0011309774517 47.58211744742496 25.59394572226613 37.958983693379096 67.98206422936745 100.98059169368838 66.96641257625848 53.43329355654724 60.17085953323378 82.34529035057086 111.06646828107233 91.15775195645296 81.51840158163365 85.88066410956914 102.47171197578625 126.570690345241
67.22554419111025 2.8564900950982626 51.96430310283613 86.71794062769554 92.46657825189955 76.71914287436663 63.75287475390969 81.86008482629617 50.298200191491475 89.5865093098622 100.79029737158304 19.246719036142494 4.962724937531684 21.734643183742488 29.750587146560367 60.15213940030844 62.230481895541274 98.07793903744404 61.78116954141825 96.05888581042731 63.43926470985639 60.67291450586614 16.897656606309365 83.09546465808886 88.19515761923275 79.49016357746493 97.98524805069304 93.07807582028589 49.51374046416304 103.46960796941805 95.68869248050667 10.038178973853544 0.0 82.34633682960474 34.69774412619062 96.76218528570668 62.14008167737035 46.64284623519804 32.81700650321378 88.46977885361487 43.06912207921439 30.53527311423388 49.037668379061635 79.19481879576773 111.95437515163533 30.577237298190507 4.56733876117111 38.75058788267739 73.3294611630958 107.92435324340447 40.3016649597527 26.52912363731714 46.67124910177417 77.76540023428728 110.95742581317242 62.63130449270574 54.600048950287835 66.59163942676783 91.0083709893465 120.52135407856328 88.48844485152273 82.78190214480958 90.94064883128429 109.91942381484485 135.23711651560248
16.466037344361766 83.43318244578147 36.13122138599405 12.170005084167213 10.377187366580202 19.898299767595635 18.838650913888483 35.131928294893925 61.38893571611169 10.861538678945557 38.3419858460859 65.08595764861114 85.11026886921177 62.297825888253726 52.60045430622244 22.820948726781726 20.68846518099134 48.448095620151264 31.344389973916822 41.44141210836331 21.375447012408557 21.737313945312444 99.02675854103057 20.74255714123273 5.865123258509629 20.293470439656225 18.750973812658824 32.81231671140369 69.91133987581738 27.903712585427677 31.29076697013019 72.97079094735773 82.34633682960474 0.0 47.7643083558546 50.5847054535813 22.19052537384433 60.85127020653125 56.90048728827185 33.8130678679649 123.98390139589483 96.67028270789045 75.58469226642258 66.90077912144925 75.05430824435105 111.13005358427306 79.69197460088424 52.40760446679622 39.20621610405735 52.1777916540921 104.42863597300406 70.13945753912004 36.44994933373375 11.511121531975702 36.48650218079441 105.06400062324956 71.0733700810364 38.20016893513777 16.184286920842478 38.20286172691664 112.91232805184148 82.136742836829 56.02242202424221 43.87932957885898 55.741330346336966
