0.0 39.79921363424677 40.84967075219719 33.95210759865798 25.670990397519965 38.83419337710324 37.86219168868448 64.79523271126115 53.00824298911955 70.69614879028597 41.57971655458245 48.128204399003884 48.57649747814751 51.22269196764374 72.65005733130907 50.13748938452736 46.75527628811095 86.66311638339596 29.40637281130718 58.03515397037626 63.29459595374764 16.465400481647833 32.21881852119116 35.88439432603377 58.50432825062441 48.29822683781607 36.69365694414897 43.72177491382719 51.836795657304265 67.44241923587852 15.091944715005065 45.01697094510528 18.10762235896763 45.38971007563204 69.9877099682067 18.190356560998072 44.14707788441715 85.19751502737421 52.59401056771795 55.86354562828002 77.69531326423045 65.91084761722801 71.04004466519527 90.2435927912714 116.7728312261722 55.73599370775195 37.96139222894486 46.588202142350774 72.76455752001434 103.98907661767134 42.202000697573276 11.302152688136072 29.48425350673894 63.291046059114144 97.65779320953706 45.38899491182789 20.10793365577025 33.81337693150762 65.40036123658881 99.02483207144795 62.80080470934848 47.65314791499712 54.70388125643319 78.1602035997776 107.7976387106319
39.79921363424677 0.0 46.658642452113476 33.84087933636989 22.290142844597298 42.64763863300689 7.925662541107269 76.74058696851961 32.34980726834651 84.08018154978105 54.16296509768491 29.407301915734557 62.20698360748098 36.41275692676223 87.02452022161543 48.580006898334396 72.31660313654325 88.57505278692702 50.56829613528608 18.506971219815647 84.76128316501328 51.02392763909148 7.61886752529921 31.066296895070426 67.20755012390495 18.938482923754414 10.273519943198004 12.20856339900869 39.85301729289085 77.62940918260644 49.0154189915188 28.45923298339877 29.42634234747259 34.2353801492604 83.42596175901362 34.99556740886114 70.73092005987664 85.50306641519829 54.113127836841066 16.064795999823748 43.20532181878448 26.457744891333082 43.9108796148283 74.50610099003502 107.55925563526272 34.112439527575475 1.8496106368518517 35.18576335511666 69.76753672478762 104.36395341684313 45.47885516383422 29.996480796540386 46.10952370569129 75.81044924919362 108.45827297418428 67.68051058123933 58.2156718265439 67.76625371154071 90.50001988613013 119.09252627991322 93.27642339080202 86.43555733435373 92.93238114439215 110.43756987226456 134.72636597533423
40.84967075219719 46.658642452113476 0.0 12.861657573550813 26.586014581183456 4.020872897172077 39.03723361168515 30.14534300064547 29.22178216674068 37.44386061132164 9.172972247165946 26.28083006218409 16.084889483619115 22.809145140976756 40.36670571790054 10.608964535730573 32.16162330209609 46.731939199775375 17.477533899569856 61.361932369111926 39.83728721997762 33.93688143064127 43.465185834121414 15.776521229186338 20.964048628206253 37.187349970630926 36.564662143827476 38.97130796406128 20.207502843707534 31.34293508431563 32.92246616659051 24.065895652977765 26.0938792488411 18.370973129496097 36.78316881853426 23.07284629766078 32.01741592717192 44.81385955833562 11.752375987390145 57.17045901743704 89.1496948551605 61.76471028622625 45.57307921076083 52.285241029126894 76.06183062913823 78.64285128025452 45.47642381891951 18.61077435201594 31.92906909785804 63.93292358200712 77.53088911740794 43.54355483255866 13.262565592348286 29.165085346719984 62.61118781025415 86.17830442350278 57.43428801483882 39.56664669688645 47.19286415349416 72.68863823253395 102.13521066611055 79.22116809273625 67.19488527408949 71.7570808937397 90.43103243692936
33.95210759865798 33.84087933636989 12.861657573550813 0.0 14.239995860064187 8.895699983961338 26.316182582000817 43.00625471005998 22.581245057885354 50.30276269356656 20.59633913015675 18.24223921795289 28.457850661812415 18.442493388425394 53.20985706356168 17.789764127147002 41.373041271232054 57.950700493888725 21.444048268408665 49.13342810097711 51.62114238915338 32.52640795307995 30.66695962538034 4.022714831477419 33.71136510944837 26.344244355229495 23.837465124608077 26.916628388966092 18.182463265306357 44.12876579713539 30.92114490389967 15.203007394975849 16.475133443902156 12.42717980933151 49.640219806951585 16.103238152984723 40.490619752332854 55.560429358081805 22.13011178910758 45.07366332412037 76.56296534013416 50.6895768077988 40.88765873885106 56.29378280534429 84.02976396876153 65.90251573202819 32.62873060303733 13.452799062109026 41.13602806977675 74.82124744332094 66.47500912010922 33.759789239659156 15.980290907365964 42.02220629015632 75.3074481141327 78.03357678432387 52.86489213393951 43.531276634772354 58.22426282437864 85.32276969108041 96.71599128918908 77.64959483020391 71.41211798410967 81.0226883348831 102.1000287265227
25.670990397519965 22.290142844597298 26.586014581183456 14.239995860064187 0.0 22.83952060301518 16.280201242849788 56.46885669738528 27.62786972538271 63.62018073804259 32.823048226207106 22.78711144241602 41.02162309290225 26.982592292272262 66.38095661667143 31.80175900768936 50.026756216217485 72.1683790058576 28.287275050486087 39.848864397594326 62.7919108111377 31.338837590202413 17.38309973265568 13.537926742790296 47.542349564526354 23.297160813923785 14.13236839496536 20.14997581523546 28.58501891980601 57.88661519656715 29.35915228950611 19.82475417955741 8.839709529289323 21.769971052798176 62.9370199296339 13.52949940927338 48.46482783239871 69.7142780139376 36.363045339073764 36.40001839517166 65.45004372356168 44.44409583848529 45.40559131304306 67.40087852652404 97.05106782027256 52.18498618124173 20.716316109686566 23.019766236081413 55.00458559024901 88.97162552322017 52.56896156887153 21.65685752507701 23.861964898061725 55.358986562524635 89.18907753226704 66.36546347230717 45.76938439897063 46.69171928128942 68.26576774203721 97.64799913607649 87.44035818086537 72.84589158560726 73.22558984208837 88.38668168453341 112.50413055952775
38.83419337710324 42.64763863300689 4.020872897172077 8.895699983961338 22.83952060301518 0.0 35.01693636912484 34.1262452741503 26.242397404816334 41.44142534347211 12.695909588039992 22.944893170372886 20.018642791183513 20.226649615212658 44.377094066326165 11.361224857050722 35.16946532847028 49.84512609929829 18.369825112345556 57.38523637687398 43.654065353169905 33.51568857948367 39.55168437969496 11.764589339813417 24.82690170538822 33.407853229585875 32.544756321240456 35.004759076407865 18.15332488143051 35.23793478490071 32.299640873982504 20.531069221698896 23.105368967410524 15.234195724824895 40.783595863218856 20.733090190487328 34.78316568255773 47.7195871508259 14.204043165283585 53.21099883397409 85.13504860941732 57.990157980652164 43.27306648534006 52.69797039293527 77.95134266814132 74.7676627820352 41.476655724428575 15.661176546853316 34.13329518520848 66.93086835047485 74.31876075935503 40.669429789020114 13.400673009944034 33.16631957452209 66.44759341266311 83.94763091623685 56.2488299721168 40.93261317336062 50.81189408820254 76.70097881926385 100.80622939333091 79.05701385485048 68.79599367398527 74.90345655389612 94.24928972271245
37.86219168868448 7.925662541107269 39.03723361168515 26.316182582000817 16.280201242849788 35.01693636912484 0.0 69.02950497923659 25.297646033926874 76.3905942669481 46.824216459168376 21.92457294084563 54.769576079433726 28.790343324736916 79.36855978960008 40.65983136722506 65.87394899050703 80.67019898946965 44.2854083001674 23.6470192914236 77.65948799958807 46.914573374383124 9.511630259763203 23.332303791487252 59.42604813960742 13.222438381509233 2.478845905734067 6.697434881247044 32.10726063160216 69.83628378538597 44.90291177906428 20.714052949374842 24.495386097010982 26.34835766215631 75.74333073828488 29.701169923606837 64.46137729312973 77.62283648811761 46.211897373067984 20.119855371866386 50.2842685889861 28.63026624273311 38.803556428242835 67.72428815777718 100.3109255747678 41.89352130561865 7.304059826157207 27.32189348293682 61.92315276236199 96.52627747695341 50.85242830497554 29.607881173771574 39.523689629232784 68.13556859179103 100.58641868247388 70.86019556718057 57.35396307398154 62.86952948488091 83.72854523685413 111.63848676807841 95.18677359466713 85.3918185205647 88.98154763327777 104.58671671574098 127.88181711453787
64.79523271126115 76.74058696851961 30.14534300064547 43.00625471005998 56.46885669738528 34.1262452741503 69.02950497923659 0.0 54.22063728571282 7.402802383985607 24.256343393834246 53.03766301172874 16.371852617121032 47.16509802796403 10.54614871386389 30.379404743219933 27.62088723563162 26.612497701717476 35.40656059570589 90.63778967238932 19.27970874919872 51.89377427643918 73.56624741648044 45.69853714359255 9.987849019197094 65.42799564393539 66.5714698613907 68.3219852890615 43.27948044239912 3.7631624801398744 51.99719908320263 51.77675483341875 54.28980971438722 45.31351905102452 6.79727297020374 49.80711632726383 30.041465348570654 27.485998076740845 24.562038813087835 86.31441025133236 118.82422687860128 89.48814269755673 65.5122471795032 54.50116913044203 63.5900652810508 108.64937146022875 75.59694324711027 44.94385429811983 26.829881695759894 42.59783288385781 105.2006599579351 70.59866742874748 36.00026708320337 1.6495507349653304 33.23066664108216 109.11790866335724 76.2626498074424 46.04458568578341 28.6191253817927 43.73606241751106 119.67980275587156 90.61075942473828 67.02355120127255 56.292053313690076 65.11701986627442
53.00824298911955 32.34980726834651 29.22178216674068 22.581245057885354 27.62786972538271 26.242397404816334 25.297646033926874 54.22063728571282 0.0 61.45889784129763 38.367336057583735 4.88068287630124 44.234873303278555 7.064636210031069 64.69917253092011 23.966349823027905 61.337518161600364 59.15810827851711 43.511540038211585 39.410614528040625 68.0098599021642 54.76549013344751 34.39714549133364 18.93264005159604 44.271084560921274 14.226131961573223 23.866091746514172 20.270523567210432 10.968097802100772 53.797150605292885 53.04436807321911 8.045428314460477 35.049544876631586 11.02636454636032 60.928223734413244 37.140446557795634 61.02342429673267 55.61630126595695 29.679066838600203 34.969099273964964 67.86129646273703 35.719227495319934 18.477522919945777 42.44787955654423 75.21352331555329 66.122828060686 32.32762135928288 10.619524537244066 39.69037649991171 73.70705636941635 75.72007423545563 48.92724180003131 38.06634362495802 53.8427731727282 82.12105763825006 93.2147067012306 72.95331095445306 65.95573273420196 75.97960812006846 97.93064937363403 115.0583124357548 99.14554479338355 93.89325859081379 100.97885982505822 118.20404992351743
70.69614879028597 84.08018154978105 37.44386061132164 50.30276269356656 63.62018073804259 41.44142534347211 76.3905942669481 7.402802383985607 61.45889784129763 0.0 31.093630012830292 60.379772256177496 22.97258537423756 54.416233497119265 3.26817393016018 37.701446163833 30.017537955907972 26.36187236877434 41.330861870480376 98.0402657893708 17.35588576121105 57.00706338111986 80.79306785041359 53.058364558135764 17.345380569023494 72.81065314897658 73.92911851676261 75.72406308631673 50.49932139184518 8.039543544010172 57.30399859670103 59.15868302539549 61.08921785952862 52.688294786094914 0.7113065980788735 56.41436761805133 32.74554075656321 28.310125639746914 31.856963480330318 93.71559838660136 126.22289661830426 96.82036883598512 72.18681360991329 58.67262007348007 63.78718275716827 115.8024520933507 82.91782495008279 52.30066587193908 31.467281105369594 40.4951365390287 111.63521536362042 77.04735762973554 42.48556914689786 8.282880738187352 26.963733059212856 114.4067926414551 80.97546996093735 49.19330820521621 26.034183554227734 36.4748976569908 123.65132691323258 93.4747250548594 67.67716091019271 53.0817511388602 58.7362478400902
41.57971655458245 54.16296509768491 9.172972247165946 20.59633913015675 32.823048226207106 12.695909588039992 46.824216459168376 24.256343393834246 38.367336057583735 31.093630012830292 0.0 35.44459874198296 8.212311820301013 31.846807749157154 33.702671438184 17.491117070931345 23.164528063185195 45.26352008550991 13.412087587609335 69.71217590038691 31.07652206360875 31.1908104075664 50.168118517889695 24.102029120435564 16.931020964039824 46.091284104155434 44.347972319934684 47.41796000913379 29.003116584536002 26.347726510677045 30.68813330878436 33.16929954465103 30.038791141443987 27.543895669235564 30.39430214117791 25.61469786060702 23.26206843927228 44.1327771752425 15.433445819321364 65.61521376657262 97.10685368652976 70.6693099923795 54.34483386284312 57.50973667432057 77.82144890013049 84.8915533687423 52.83381730819427 27.768519953250006 33.84687844868342 62.56975061711282 81.06084504356718 46.49234162916737 12.127214262772412 22.966390356700032 57.46907960709023 86.73310613171509 55.718616810087575 32.88362462106998 38.11741369235223 64.95673663512677 100.30869694703719 74.96957662205152 59.78149582185347 62.62590642854227 81.63925623469025
48.128204399003884 29.407301915734557 26.28083006218409 18.24223921795289 22.78711144241602 22.944893170372886 21.92457294084563 53.03766301172874 4.88068287630124 60.379772256177496 35.44459874198296 0.0 41.87149411127048 7.1406155637752455 63.57827619821731 22.68623208825287 58.09883076324858 60.210436206551854 39.49753348482743 38.616099906913924 65.76049562991085 50.10736282816618 30.62656982258456 14.426704746830241 43.05033437597974 12.867138536982921 20.208689967783393 17.793777170209825 10.959799580974234 52.94919239081304 48.35817905198605 3.216187947802192 30.173018262033278 8.005180660777928 59.81361248590088 32.355816513680665 57.611533929023665 56.86490661195504 28.552788856751736 34.17344419579673 67.17250121976896 36.453679864904224 23.247389209124798 46.33417646014659 78.4099176452448 63.474195325920014 29.157094874822054 8.133431479889705 40.951471897525245 75.38399837059063 71.70044603724901 44.18037566381128 34.02483711059854 52.519575416556165 82.18122886672298 88.58906748626158 68.07434087615349 61.765596131562376 73.42099030917527 96.75264720949562 110.2271545589836 94.3218605330016 89.65432475225283 97.84620238226005 116.20911106090018
48.57649747814751 62.20698360748098 16.084889483619115 28.457850661812415 41.02162309290225 20.018642791183513 54.769576079433726 16.371852617121032 44.234873303278555 22.97258537423756 8.212311820301013 41.87149411127048 0.0 37.369352589248734 25.514926547037643 21.182024430524052 20.052326372910695 39.52322143994232 19.32908778012058 77.39572417976973 23.89352107773935 36.54086203752433 58.34992628307703 31.73893679055619 10.940578325880002 53.22018913568123 52.29074678840491 55.02234353534224 34.03686778513944 18.865957684478666 36.3975731038262 39.91269671033121 38.11803623390322 33.8667697381223 22.268054929528972 33.48407140096391 21.163576388656242 38.996465456066126 16.957879671991513 73.22944837590892 105.0175597830474 77.77598407589106 58.858420973765014 57.22165609256202 74.02105321080967 93.10385835412761 60.91334901855473 33.873045986166865 31.29169071776668 56.61974990643401 88.83712759090787 54.23354138935638 19.63092456165383 14.977443077722878 49.57952014324338 93.27300092143533 61.16919683211273 34.326775022273345 31.777715907758935 56.88723825046261 105.31730427099998 78.17653746494217 59.381818891875916 57.75485083675804 74.43008901599363
51.22269196764374 36.41275692676223 22.809145140976756 18.442493388425394 26.982592292272262 20.226649615212658 28.790343324736916 47.16509802796403 7.064636210031069 54.416233497119265 31.846807749157154 7.1406155637752455 37.369352589248734 0.0 57.65257429138203 16.905952099635165 54.961407224030516 53.117204097969186 38.188297752211746 45.547656996405735 61.06554475972322 50.95125672050803 37.138273419159 15.513028415247089 37.21010507214446 19.85086030894792 26.918912076078843 24.927408771088857 4.021549743800774 46.78768625274884 49.36209609526135 8.216139212846707 33.12531136941123 6.02644579377341 53.881237837390906 34.17528442107927 54.80768939459117 49.7414694482588 22.61674423570259 41.09687277485375 74.09654208910068 42.59678045993869 23.09800452916417 40.588100136927956 71.80608528478241 70.51520010824127 36.07406874137965 5.013718370040111 33.819968292714144 68.24439233981823 77.75973189049732 48.637997042784114 32.856762239342665 46.779398344861946 75.44461949049823 93.3422922848195 70.76279846935165 60.80086782202788 69.14404654065352 90.88363207283801 113.88970075052485 96.0538580512459 88.74977720480102 94.4531728488906 111.17994588457294
72.65005733130907 87.02452022161543 40.36670571790054 53.20985706356168 66.38095661667143 44.377094066326165 79.36855978960008 10.54614871386389 64.69917253092011 3.26817393016018 33.702671438184 63.57827619821731 25.514926547037643 57.65257429138203 0.0 40.909754744015935 30.570827410168278 27.908141814230476 43.38970248279856 101.14438781736011 16.383416789575403 58.58283225656894 83.61193929441366 56.04246888614416 20.528879246863553 75.9716486961659 76.90229965624253 78.80668842364408 53.74299348613352 11.280495909103632 58.976904828183805 62.320973146363784 63.59459980965476 55.85943259731037 3.771453428618551 58.8052182927605 33.38827266989072 30.212781027273355 35.075872253197716 96.83084781338015 129.2812521596454 100.02577678589995 75.44171416927834 61.42093135535154 65.17968808044685 118.54177193985136 85.83789071693224 55.48845268627038 34.418401936958304 41.05018287732965 113.85936393472576 79.30923461830952 44.8420394363643 11.24794073842352 25.240398290836257 115.97031425064543 82.283970026053 49.870174161842534 24.459383288628537 33.231509192531576 124.52951838808092 93.86270236637338 67.13879798143196 50.988575668157566 55.55948937191837
50.13748938452736 48.580006898334396 10.608964535730573 17.789764127147002 31.80175900768936 11.361224857050722 40.65983136722506 30.379404743219933 23.966349823027905 37.701446163833 17.491117070931345 22.68623208825287 21.182024430524052 16.905952099635165 40.909754744015935 0.0 40.22484159892406 40.56347300228247 28.041322399099673 60.80416439638695 44.43511529800549 44.44267514723469 46.98403324124607 18.53625809555991 20.394202492495417 35.262321249856036 38.325546484163254 38.8120808357379 13.191989878030581 30.285129335572922 43.35149752319593 21.658215609096104 33.81242317226722 15.164250600505484 37.14173040459126 31.977779449997144 40.61099699486499 37.94895339579188 5.875065442620537 56.411909266006795 89.24879186873382 59.11892417621107 37.677277018035305 41.70056203168692 66.73174811488985 82.08542531758037 47.7388112095644 14.656889762733051 23.356113012118705 57.19304930017806 84.24882070583097 51.33745778807184 23.833835321625525 29.92348897566324 60.146695928628496 95.1045029655978 67.56217996907682 49.791954500761584 52.80755814999485 74.1137406714347 112.15575658825847 89.81216035028628 77.1250637849174 78.89909815314854 94.32179399870265
46.75527628811095 72.31660313654325 32.16162330209609 41.373041271232054 50.026756216217485 35.16946532847028 65.87394899050703 27.62088723563162 61.337518161600364 30.017537955907972 23.164528063185195 58.09883076324858 20.052326372910695 54.961407224030516 30.570827410168278 40.22484159892406 0.0 54.22662901955538 21.772904643536826 89.47412413765043 17.116595449727814 30.815832845778328 66.81814669360226 45.31825002345344 28.80958883045324 67.70943862432003 63.497093871032455 67.87704460638625 52.1673013354719 31.35717298895385 31.800409802239066 55.56384595460586 43.8658230191343 50.37920615252714 29.43121831241419 38.20270549591038 2.9127421646565335 54.87496114226178 36.772138307601736 85.69220364250285 115.42901838430645 92.01861709792287 77.49668612039069 77.06354318973196 90.9207670481707 99.12685321090338 70.72370935456881 50.71846960286388 50.37552293048218 69.98452343106584 88.95677155176409 55.736837076621256 26.35772406930786 26.032883772598254 55.276932490132005 87.09472032362848 52.7426823827791 19.311755195231218 18.94598478970682 52.34319342306773 94.0356374020443 63.46218029455155 40.087710151839126 39.76719294412721 62.85430546953258
86.66311638339596 88.57505278692702 46.731939199775375 57.950700493888725 72.1683790058576 49.84512609929829 80.67019898946965 26.612497701717476 59.15810827851711 26.36187236877434 45.26352008550991 60.210436206551854 39.52322143994232 53.117204097969186 27.908141814230476 40.56347300228247 54.22662901955538 0.0 58.40109355737829 98.54175270546817 43.70690749997044 75.97638512390985 87.49294106689503 59.090884067729455 28.682707529255683 72.9529741017093 78.44490017737972 77.82728608894642 49.258506521345375 22.869458142580108 75.70416602518233 60.38151756964816 72.81708255625675 54.34817632676422 26.65983637331714 69.59503526455103 56.59954780672782 4.1983525233002235 35.829343470774134 94.09293135788913 127.01940460456045 94.11994330452323 63.07162744370003 38.63066824987698 37.436062176783075 122.43552934470337 87.89546449519247 53.43800284565689 19.505928685297373 17.326165071211697 124.16381623765014 90.26564332255697 57.2185720997001 28.19377855493666 26.658185101028792 131.9563864338509 100.62485010509248 72.3397577358352 52.30227714699034 51.311045558137465 144.8373163246846 116.86710847819437 93.44909635473176 78.75459289520634 77.88823996364968
29.40637281130718 50.56829613528608 17.477533899569856 21.444048268408665 28.287275050486087 18.369825112345556 44.2854083001674 35.40656059570589 43.511540038211585 41.330861870480376 13.412087587609335 39.49753348482743 19.32908778012058 38.188297752211746 43.38970248279856 28.041322399099673 21.772904643536826 58.40109355737829 0.0 67.9290192400785 35.90165906538325 17.77882489627035 45.06632874412429 25.45317941529037 29.769476812790142 47.37618367331423 41.9521203687612 46.752969337412814 36.466519578882505 38.1497748169591 17.327893319182813 36.56888738814874 22.282015887420542 32.63326596319903 40.62088493032683 16.727018467551535 20.188405745069943 57.443987408107425 27.808823308436015 64.25866259559187 93.6571407686687 71.17379686442855 61.27429583059924 69.55681078245568 91.19507195776922 77.96463997713754 48.96193276128548 33.33000499133626 47.109873763860946 75.6480256150527 70.55021970749888 36.14184716892134 5.476000778705918 33.89091182048254 68.27924337059945 73.94773960767459 42.339800235561796 22.625064679100728 40.32335299116256 71.65819156262857 86.89799252811906 62.10088302993783 50.56265833751605 60.42722351089627 84.50515038620043
58.03515397037626 18.506971219815647 61.361932369111926 49.13342810097711 39.848864397594326 57.38523637687398 23.6470192914236 90.63778967238932 39.410614528040625 98.0402657893708 69.71217590038691 38.616099906913924 77.39572417976973 45.547656996405735 101.14438781736011 60.80416439638695 89.47412413765043 98.54175270546817 67.9290192400785 0.0 100.75415706602962 69.50575884297461 25.88735578834351 45.66357715901064 80.75382602786918 25.7490095464012 25.98492475234381 22.398887854504974 49.513071147148665 90.9710076564177 67.49475614438641 39.16016146383812 47.63344036820139 45.643502628359364 97.42925701387212 53.07097729809573 88.09822609297102 95.02609202709421 66.64899942572262 4.451672846791672 28.557232129423255 12.114838389367799 43.2767349580632 77.41986143848293 111.84653226050663 32.94373361161976 20.348682231522883 46.23521993230952 79.09595226712185 113.00217332793562 54.45926310568307 47.721497822571855 63.1164167328955 89.9157019523898 120.75096497268318 80.35529679010213 75.73955613590196 86.08559422499029 107.1434609698504 133.95318378359454 107.51082736697445 103.88112607132489 111.43895927027957 128.2210507909259 151.186232883562
63.29459595374764 84.76128316501328 39.83728721997762 51.62114238915338 62.7919108111377 43.654065353169905 77.65948799958807 19.27970874919872 68.0098599021642 17.35588576121105 31.07652206360875 65.76049562991085 23.89352107773935 61.06554475972322 16.383416789575403 44.43511529800549 17.116595449727814 43.70690749997044 35.90165906538325 100.75415706602962 0.0 47.7229420674227 80.10755975205187 55.17849751875178 26.249358087537725 77.0242697377773 75.19575136231218 78.4910678945388 57.56676485452384 22.60330368234927 48.56596247635802 63.79540816345551 58.00349726071026 57.75531750638606 17.04842176652143 52.57558367988189 20.003820136875234 45.48839415197291 39.33977413233687 96.68163859793192 127.90169300261549 101.60170027153617 81.74176072324312 73.72430346214074 81.13925020546837 113.7894988818726 83.32750097238998 57.73826743045433 46.0299400387549 57.43357886380225 105.42671835187674 71.60356615092468 39.16881709679953 18.334927989452453 39.15342565415474 104.20737418893562 69.81264040807017 35.82297278068326 9.360485548907306 35.87206006579359 110.3685480064134 78.63643690462253 50.80343924122669 37.0555944366042 50.59715535793759
16.465400481647833 51.02392763909148 33.93688143064127 32.52640795307995 31.338837590202413 33.51568857948367 46.914573374383124 51.89377427643918 54.76549013344751 57.00706338111986 31.1908104075664 50.10736282816618 36.54086203752433 50.95125672050803 58.58283225656894 44.44267514723469 30.815832845778328 75.97638512390985 17.77882489627035 69.50575884297461 47.7229420674227 0.0 43.97092037654531 35.87186846543906 47.293802142421924 54.311728291138174 45.08573904698594 51.466505387097705 50.270790718619395 54.970133446691676 2.0152537433347226 46.90412778903497 22.56684230534267 44.94938513243427 56.31532195283437 18.240818144891914 28.085023096029634 75.15176086790645 45.119515904561176 66.62090834794795 91.85277695925951 75.5123291639607 73.22597252655736 86.12041700753757 108.93191163735412 71.58821097383071 49.198159056745936 45.94411710021741 64.77716476650829 93.14567295904332 58.40305307389923 26.874504584455543 20.69808512630363 50.29345685151075 83.81707593976442 57.403522869681915 24.648519629525744 17.742214843089386 49.161717226841866 83.14934924176804 69.12034465873178 45.56749928703638 42.07130615456336 62.116145056402104 91.33268317516917
32.21881852119116 7.61886752529921 43.465185834121414 30.66695962538034 17.38309973265568 39.55168437969496 9.511630259763203 73.56624741648044 34.39714549133364 80.79306785041359 50.168118517889695 30.62656982258456 58.34992628307703 37.138273419159 83.61193929441366 46.98403324124607 66.81814669360226 87.49294106689503 45.06632874412429 25.88735578834351 80.10755975205187 43.97092037654531 0.0 28.62591511077123 64.37690608350091 22.721207177216666 10.53624134566376 16.05157214339107 40.09991920047598 74.78919942098702 41.9766365321325 28.923634396512476 23.163314591957576 33.808267401754044 80.11779713685435 28.85048876958247 65.05286720415766 84.68237764430458 52.16759543539698 23.666537634428394 48.770444841650225 34.03518436890815 48.30178977697827 76.82814361736291 108.93528373450314 35.26471067747341 5.818098757945612 34.91352858166815 69.27418302481304 103.79655167842061 41.425169414451254 22.40447603139422 41.02098214829139 72.51431549293143 105.96591655285978 61.61058272043819 50.62309595121607 61.027336530842184 85.327473791639 115.03053412360778 86.50398296284239 78.84126077714582 85.69528527043009 104.24083469077084 129.55058276608258
35.88439432603377 31.066296895070426 15.776521229186338 4.022714831477419 13.537926742790296 11.764589339813417 23.332303791487252 45.69853714359255 18.93264005159604 53.058364558135764 24.102029120435564 14.426704746830241 31.73893679055619 15.513028415247089 56.04246888614416 18.53625809555991 45.31825002345344 59.090884067729455 25.45317941529037 45.66357715901064 55.17849751875178 35.87186846543906 28.62591511077123 0.0 36.14475303915249 22.39365605630061 20.87293855137256 23.32240930470129 15.983178138056756 46.570504168511775 34.1866618528159 11.31393614603653 17.896825491132326 9.549539814100177 52.41162945087539 18.672057976763256 44.478500879913085 56.47177418353028 23.54794490706598 41.52825671789737 73.37327142732606 46.82264494815461 37.36188996947881 54.72009856177076 83.5912386143095 63.86456311754168 29.989809366910745 10.72136955520811 41.53744960916206 75.70088857154862 66.09748091141505 34.45168263314249 19.995177763587808 44.80561433033462 77.52500410386901 79.08352589136368 55.271447574170665 47.43914581212182 61.974373599692754 88.46459291339272 98.66385353329807 80.64319610255556 75.27840101231641 85.00055140387131 105.7265024291696
58.50432825062441 67.20755012390495 20.964048628206253 33.71136510944837 47.542349564526354 24.82690170538822 59.42604813960742 9.987849019197094 44.271084560921274 17.345380569023494 16.931020964039824 43.05033437597974 10.940578325880002 37.21010507214446 20.528879246863553 20.394202492495417 28.80958883045324 28.682707529255683 29.769476812790142 80.75382602786918 26.249358087537725 47.293802142421924 64.37690608350091 36.14475303915249 0.0 55.46747471680423 56.984556184674204 58.48465515986139 33.350118510555006 10.430533087270485 47.0404124220458 41.81556768180513 46.25184276138692 35.343041972213705 16.767503920546737 42.26389383230423 30.546385091428604 28.05650786001568 14.59432361193651 76.41352089674328 109.0132018752603 79.5003205288854 56.138508488267206 48.76034964814114 63.233058222038274 99.59111468431573 66.12775903951416 34.960219546587616 21.59628277730728 45.88494254987989 97.63863373984155 63.176997881000716 29.055408190602787 9.58925702094642 41.64786160821406 103.57914013309596 71.94220271013764 44.917182814043855 35.4154855246481 53.719553609046066 116.20812386346846 89.02727027723056 68.8633356902918 62.874800217747975 74.5593679808102
48.29822683781607 18.938482923754414 37.187349970630926 26.344244355229495 23.297160813923785 33.407853229585875 13.222438381509233 65.42799564393539 14.226131961573223 72.81065314897658 46.091284104155434 12.867138536982921 53.22018913568123 19.85086030894792 75.9716486961659 35.262321249856036 67.70943862432003 72.9529741017093 47.37618367331423 25.7490095464012 77.0242697377773 54.311728291138174 22.721207177216666 22.39365605630061 55.46747471680423 0.0 12.855518758978995 6.830796655709833 23.784956872882137 65.53582298867549 52.375607770764454 13.65198634533947 32.09420868406699 20.133400760446467 72.22330893140196 36.102482742352144 66.82416992083107 69.52930407692804 41.13414925170239 21.307343799156353 54.30539588281735 24.58315397440071 25.581923935142804 55.67213073584778 89.10210650995204 52.10809416296429 19.304280804151194 20.61333328701489 53.591195478394155 87.82924016592953 63.88886927207302 41.5529234943107 42.02771997333823 64.81387970606906 95.02723146250194 83.95594367400551 68.3097690527377 68.40041686505101 84.17706288535766 109.03076268685078 107.77533482361162 95.87087308145844 95.71627679381712 107.36231559537572 127.61821108887003
36.69365694414897 10.273519943198004 36.564662143827476 23.837465124608077 14.13236839496536 32.544756321240456 2.478845905734067 66.5714698613907 23.866091746514172 73.92911851676261 44.347972319934684 20.208689967783393 52.29074678840491 26.918912076078843 76.90229965624253 38.325546484163254 63.497093871032455 78.44490017737972 41.9521203687612 25.98492475234381 75.19575136231218 45.08573904698594 10.53624134566376 20.87293855137256 56.984556184674204 12.855518758978995 0.0 7.078665054452306 30.11153632679214 67.39907379487336 43.07995774540648 18.75942424870721 22.566997472429183 24.184424334674624 73.28072400389532 27.633977774366933 62.11452613230827 75.439811211211 43.8411467305764 22.347457323521862 52.75938566659166 30.43673687864918 38.26323445917716 66.3068115219135 98.61008761845443 44.030953818285724 9.450945396363576 25.19464721616108 59.79192698461229 94.39403170457412 51.935743942092515 28.9992250303154 37.140655157594736 65.67146365256177 98.18805258347707 71.12875185075143 56.40262416583308 60.811236109534114 81.29914275482038 109.15992184656993 94.99749339078637 84.32134602249464 87.12273945102386 102.3003946869109 125.43957295081765
43.72177491382719 12.20856339900869 38.97130796406128 26.916628388966092 20.14997581523546 35.004759076407865 6.697434881247044 68.3219852890615 20.270523567210432 75.72406308631673 47.41796000913379 17.793777170209825 55.02234353534224 24.927408771088857 78.80668842364408 38.8120808357379 67.87704460638625 77.82728608894642 46.752969337412814 22.398887854504974 78.4910678945388 51.466505387097705 16.05157214339107 23.32240930470129 58.48465515986139 6.830796655709833 7.078665054452306 0.0 28.624921252785096 68.771731179072 49.47751606213064 17.483306553685697 28.90579080840478 23.78804130347192 75.10524108236972 33.60950244300768 66.71496184749745 74.56559013963813 44.59154315438506 18.209301816989626 50.533455484406375 24.52130701386996 32.30795261831821 62.29894090038898 95.46390523214232 45.86982036011757 12.48322967913618 24.54537211634616 58.68537490030741 93.16826083908869 57.07241644297838 36.034252057457024 41.647391071065506 67.56755363041471 98.94985943604289 77.5449886307941 63.475491574745405 66.63203819691904 85.11930869256301 111.55959224830295 101.84192112091223 91.36567707258257 93.3717839639925 107.16149578122658 129.0099816095172
51.836795657304265 39.85301729289085 20.207502843707534 18.182463265306357 28.58501891980601 18.15332488143051 32.10726063160216 43.27948044239912 10.968097802100772 50.49932139184518 29.003116584536002 10.959799580974234 34.03686778513944 4.021549743800774 53.74299348613352 13.191989878030581 52.1673013354719 49.258506521345375 36.466519578882505 49.513071147148665 57.56676485452384 50.270790718619395 40.09991920047598 15.983178138056756 33.350118510555006 23.784956872882137 30.11153632679214 28.624921252785096 0.0 42.8293554539602 48.78537681278569 11.398131038896302 33.879762894275444 6.818002355588752 49.97276169702745 34.26216908765281 52.17505502670408 45.94597609458044 18.777579417889115 45.06407427615634 78.06776563514983 46.60242100612109 25.37395235029254 38.86812928580689 69.08304924102097 73.96140921078165 39.41109257364215 5.570693136880003 30.061358335556793 64.5847671413867 80.22816284051329 50.106150791376685 31.297447015610725 42.93331620953794 71.42719860198774 94.83314277695064 71.02046974802239 59.07009049979123 65.79840708762086 86.97339520514436 114.63177763133179 95.67095303489505 86.94897603447022 91.44410304528373 107.51106872492703
67.44241923587852 77.62940918260644 31.34293508431563 44.12876579713539 57.88661519656715 35.23793478490071 69.83628378538597 3.7631624801398744 53.797150605292885 8.039543544010172 26.347726510677045 52.94919239081304 18.865957684478666 46.78768625274884 11.280495909103632 30.285129335572922 31.35717298895385 22.869458142580108 38.1497748169591 90.9710076564177 22.60330368234927 54.970133446691676 74.78919942098702 46.570504168511775 10.430533087270485 65.53582298867549 67.39907379487336 68.771731179072 42.8293554539602 0.0 54.989694252914816 51.9038243813777 56.22444503075936 45.40905922259025 7.686210139383574 51.95913125672807 33.748307427164946 23.729693572203473 24.41007736801999 86.60660240271525 119.3042180657407 89.31887187110046 64.16406991386994 51.48783775813903 59.83117565587613 109.98566952495638 76.5562468318438 44.941225499735324 23.946021853120303 39.012223323611686 107.40712144856505 72.83855848346133 38.33373929461785 5.324437712689448 31.338120682304755 112.03506284581061 79.44610023433317 49.66231042902482 31.872276538200907 44.273848335801986 123.05887195078478 94.2310074451486 70.78322364432866 59.46286172482662 66.75465744202283
15.091944715005065 49.0154189915188 32.92246616659051 30.92114490389967 29.35915228950611 32.299640873982504 44.90291177906428 51.99719908320263 53.04436807321911 57.30399859670103 30.68813330878436 48.35817905198605 36.3975731038262 49.36209609526135 58.976904828183805 43.35149752319593 31.800409802239066 75.70416602518233 17.327893319182813 67.49475614438641 48.56596247635802 2.0152537433347226 41.9766365321325 34.1866618528159 47.0404124220458 52.375607770764454 43.07995774540648 49.47751606213064 48.78537681278569 54.989694252914816 0.0 45.149610785076725 20.573530824493893 43.34805191391089 56.60686931253483 16.342970182253442 29.133116228946843 74.77126245605007 44.25997999902735 64.60586370470403 89.92176531542403 73.50392041667034 71.5156344862461 84.97589573384235 108.26854092486052 69.86152144287797 47.190691857119354 44.3633851633718 64.06307683840586 92.92397435411685 57.216794811153704 25.19608818229929 19.76801895671853 50.413854740737065 84.18544641829396 57.1437125018336 25.03121767756362 19.559408550895046 50.33318678386168 84.1376226501333 69.68184458960651 46.92673937395351 44.085123142890474 63.87250666959038 92.79394347015209
45.01697094510528 28.45923298339877 24.065895652977765 15.203007394975849 19.82475417955741 20.531069221698896 20.714052949374842 51.77675483341875 8.045428314460477 59.15868302539549 33.16929954465103 3.216187947802192 39.91269671033121 8.216139212846707 62.320973146363784 21.658215609096104 55.56384595460586 60.38151756964816 36.56888738814874 39.16016146383812 63.79540816345551 46.90412778903497 28.923634396512476 11.31393614603653 41.81556768180513 13.65198634533947 18.75942424870721 17.483306553685697 11.398131038896302 51.9038243813777 45.149610785076725 0.0 27.01886963129848 6.496606894429172 58.571725945886826 29.140170052456636 54.979615941090664 57.1796686473177 27.519513359194388 34.758592114920305 67.64812788284391 37.95804141079238 26.46125679528258 48.5224156084103 80.0218284182589 62.564535013166896 28.016836577387885 7.100670844123302 41.36121643898091 75.93375552696767 69.62637973968867 41.35072913422803 31.092910668413225 51.171199297000214 81.63976010875399 85.88801449926636 64.92748971371392 58.72984035546833 71.25725730124579 95.39804310990671 107.24239574537167 91.11469658794172 86.58840577410851 95.33060204854361 114.33723343390801
18.10762235896763 29.42634234747259 26.0938792488411 16.475133443902156 8.839709529289323 23.105368967410524 24.495386097010982 54.28980971438722 35.049544876631586 61.08921785952862 30.038791141443987 30.173018262033278 38.11803623390322 33.12531136941123 63.59459980965476 33.81242317226722 43.8658230191343 72.81708255625675 22.282015887420542 47.63344036820139 58.00349726071026 22.56684230534267 23.163314591957576 17.896825491132326 46.25184276138692 32.09420868406699 22.566997472429183 28.90579080840478 33.879762894275444 56.22444503075936 20.573530824493893 27.01886963129848 0.0 27.3335055983864 60.3854347120982 5.696905167962498 41.98825498830411 70.800736810668 37.30913559710041 44.462167611936906 71.93369448141432 53.00268064668381 53.281485284339915 72.54897626323822 100.41213075502354 55.789640688332085 27.68103073476705 28.545396868271112 57.08138634977715 89.98096697659568 51.48636359671618 17.573805486344288 19.01802732752772 53.00363958153322 87.47536782220904 61.559464125920655 37.90920552934769 38.46400569842038 62.583410221610336 93.53458379184666 80.79965967700042 64.42811935037255 64.56127801309638 81.11789673605728 106.70916651259839
45.38971007563204 34.2353801492604 18.370973129496097 12.42717980933151 21.769971052798176 15.234195724824895 26.34835766215631 45.31351905102452 11.02636454636032 52.688294786094914 27.543895669235564 8.005180660777928 33.8667697381223 6.02644579377341 55.85943259731037 15.164250600505484 50.37920615252714 54.34817632676422 32.63326596319903 45.643502628359364 57.75531750638606 44.94938513243427 33.808267401754044 9.549539814100177 35.343041972213705 20.133400760446467 24.184424334674624 23.78804130347192 6.818002355588752 45.40905922259025 43.34805191391089 6.496606894429172 27.3335055983864 0.0 52.10576181760109 28.176503503977838 50.01621206094734 51.27447961203017 21.023139139143137 41.24809301238117 74.11042473148225 44.28874563708343 28.730978453503102 45.65395330560671 75.74916487004822 68.21301653902161 33.61342300832392 1.2502768457142277 35.61065266063344 70.2106001862435 73.53015695679903 43.31984231395056 27.22817190042282 44.73229038462981 75.20254059519837 88.05292191829585 64.82044261285297 55.18022327359042 65.44324899501554 88.96951823684728 108.13316217244015 90.02761827987659 83.13772801888574 90.07502464054527 108.21209166768438
