0.0 52.440966263155474 36.70456472338707 54.65974426664649 62.41885745486287 31.53112081665743 18.801250537684787 40.3615504159321 45.891429616682 56.377518624479784 61.28200905490709 27.150267400973704 61.43376134042253 7.4090172167112724 11.29120857544359 26.82476888383721 33.96998106832989 35.855960281172905 34.194173074855584 64.90849012327809 46.81617180341299 23.544188508906213 31.79298729741867 50.468055574539456 41.61629379256318 24.440197480585507 15.079454697127758 46.51600635916368 36.987943100090106 16.073001971681403 64.50300225876178 27.71243586465531 65.65333391128935 43.28879724380164 20.72155395904253 22.898299378899313 31.25504031884651 37.38003881291097 68.40430111640637 6.221696796232882 116.8292931354236 102.04026637204102 88.17055080291176 75.72696968563154 65.52709125417284 58.751368328791614 56.64225202723685 59.696431978014125 67.2136973318397 77.91274651108108 110.59368720933523 94.8714463618404 79.80553642505829 65.84801119776594 53.86744971498568 45.45490429540797 42.770306708034305 46.80977005926732 56.14013391308579 68.6365742454211 105.87394861975964 89.35099465370868 73.18891314785456 57.69179562916643 43.57498217037429 32.67911217452067 28.909845849643197 34.67482537466637 46.55767773032297 61.08682926492355 102.87898905665062 85.79776959225092 68.82688899506523 52.07433662131247 35.84752326812543 21.37909770036761 15.09301880432393 24.4385989553175 39.565180718548845 55.96672614861996 101.76125379770257 84.46047191992103 67.16028184706813 49.86129959203707 32.565450014137554 15.283372357802158 2.316895556228158 19.387318994568318 36.67535778916561 53.97230028928346 102.58213988973598 85.4432306156632 68.38646567540661 51.49353855558454 35.002473259227074 19.93676381581301 12.980322204614412 23.1994778719079 38.81566150956649 55.44193520446302 105.29630543863667 88.66892295303988 72.35850988482805 56.63956306699482 42.1786243578883 30.80166712555874 26.77982709836159 32.928493403817164 45.27827639147013 60.12211776705677 109.76335566167151 93.90665571611976 78.66149776016873 64.46322961644853 52.17365442517513 43.44396345260947 40.637066895035105 44.87839070394847 54.54790737944797 67.34674415037621 115.78051909010144 100.84333505565004 86.78897889376732 74.12134981220638 63.67355139397348 56.6865663543197 54.50790283866434 57.68496465835531 65.44232447194072 76.39724815526274 123.120654586127 109.15545451840018 96.27991242112131 84.99070796514775 75.99809185352241 70.19038474766451 68.38392265405146 70.88527537524006 77.27725586064307 86.70361527827733
52.440966263155474 0.0 61.177801916473996 34.08992013051819 11.127384851405491 24.702073163728954 65.04606168478658 30.67167796298511 98.33232872807189 13.895970863921038 14.161275499669813 78.75380571223205 11.960102807547136 59.542211258337474 54.66333328351749 26.348357662156317 42.71588703595896 86.88310509395231 21.590304944648913 25.96078134057634 25.95003800389734 43.922259123175984 68.65597201211004 4.247064568821514 10.835682712838354 60.131479829867 59.48101657451446 41.011842070248974 88.91278308512756 41.50589525693229 12.733245934321271 80.06443774549199 16.086972137891472 24.1656986013272 55.27383553934989 29.781562764110014 25.530750165394647 89.17635623759931 15.964801018629162 54.13510424982735 68.58890919993438 56.965208963364994 48.829650558862525 46.06883642667718 49.58874650854441 58.26193478943236 70.2037426706745 84.03202424562517 98.95908188099946 114.55619515516321 59.92228404330502 46.22088255002129 35.78782501888315 31.998053575916177 36.95525704024476 48.02306935583334 62.011675795246646 77.35237072367465 93.3811498920616 109.79707478148539 53.65550421328454 37.78700751918853 23.989888954617136 17.941115817982205 25.825656457818727 40.13424293665472 56.15391714425054 72.76317334399214 89.63486157404958 106.64450034358855 50.686759834181096 33.45906450586096 16.38852968850196 4.046275536770947 19.04926031931905 36.167524442953585 53.40429629322439 70.67291867073526 87.95463340227201 105.2429910874588 51.588642219735135 34.804131397952084 18.973144278502918 10.360788117773462 21.29377238050337 37.39273511158067 54.23764026221386 71.30175094939776 88.45830001093229 105.6622689436538 56.17502086981858 41.27120451399354 29.14965457592079 24.388585226048377 30.63681615868957 43.37207173890603 58.501020478722 74.58091494932106 91.10964295694328 107.88110071816962 63.65434373081423 50.94562061669319 41.68624934154007 38.45434758642227 42.64313136292321 52.50564537794968 65.52827848027877 80.18587222464471 95.73034664053357 111.79235560118346 73.14439665793824 62.351797509095135 54.99173197214649 52.527464821873 55.613654605687316 63.44543040451682 74.54171142608607 87.67160821920783 102.05319728047334 117.22670047493146 83.96604280069963 74.70050246822674 68.62015440136672 66.60313736590845 69.00668097951176 75.40926951294065 84.91104541097867 96.60178638312185 109.78440885159726 123.9839486209923 95.66834381839567 87.59387747584272 82.41131192591834 80.67987912439592 82.61684487966326 87.98025244497033 96.19869116817524 106.6139444161053 118.64889255313801 131.86078970638394
36.70456472338707 61.177801916473996 0.0 40.4079545696941 66.56153192838552 53.61956227888977 25.413802116386314 66.90030849512613 61.41116270448854 71.82179168153819 74.60727148628023 40.75282559190677 73.02270818465821 35.85062960229853 25.692201369316553 47.00286746531225 66.20797792022694 43.86195376137007 40.23683575730575 83.49341330169877 70.39429424953374 19.582684441054262 13.869114667101023 61.834177110070826 53.193898978784745 13.607490773232717 24.08395299892873 76.48395065248954 59.53917093108337 27.618194715031347 73.50744911046317 45.839475399167405 77.24917714928019 66.36717376543265 16.01217891821 39.19298431237494 54.012243149430546 48.28782855188764 74.47023478651381 30.840945769917752 129.58185108385382 118.00007060784098 107.95948044806353 99.92574441416485 94.41256059690265 91.87481169651109 92.55756411193146 96.39240918561633 103.02797021582529 111.96741029581484 119.88068993104741 107.30806783233143 96.21510722915824 87.16855012352465 80.8582045122925 77.95143474223255 78.8256744660974 83.36205111979557 91.0146142866604 101.07805051144263 111.12570128316229 97.47729714240874 85.16700633984999 74.85791887454299 67.47362897104487 64.03410602158624 65.16698858088749 70.65266878644178 79.59620814883024 90.9835514558055 103.55727902550218 88.79443446520878 75.12319535241869 63.2553452549387 54.384595817989116 50.12814735233739 51.63990111773996 58.47417339034738 69.06866044444567 81.97824158277218 97.45239197480961 81.62676629700866 66.54018691482658 52.829643169473215 41.8694774802663 36.24696285063718 38.384094514735814 47.2392033370868 59.90369918850846 74.45852029999313 93.09948985766002 76.4020490326387 60.047834146395864 44.417596509400816 30.640081240438676 22.43696686149743 25.821146183929244 37.79890082185702 52.815655076807104 68.9125615818647 90.75109268928058 73.53567686363583 56.37325603514026 39.3332619666541 22.693176829169218 9.031518642758757 15.712086434409764 31.794406237309033 48.71973062912167 65.84112175450068 90.56330553760054 73.30486446604081 56.07323282096104 38.90405073675849 21.94439173435227 6.949887307204202 14.620498579228613 31.271879763737214 48.3819738057364 65.59278736908956 92.54928392577624 75.7337159349489 59.19909795193791 43.2687226786203 28.95761076288262 20.090191012246713 23.82016002652419 36.467738721143014 51.87584800393471 68.19840863058722 96.57498932288416 80.58205950979527 65.26037165085933 51.215934457379596 39.823809686324054 33.87488353980248 36.16334737098275 45.46180476665392 58.51898609421283 73.35445327694484
54.65974426664649 34.08992013051819 40.4079545696941 0.0 33.22906815841277 45.138110209757855 57.12431677361683 57.506322713619554 95.41957278810087 47.93714498161997 47.768245653544554 73.78419742338662 44.87732627103651 59.246808616001594 49.66608214611157 41.08460061774396 65.02732331834052 79.70540794456917 26.002775527237596 60.042918784482715 56.14782030722638 33.3170247035692 52.76812405282619 37.22689162151429 33.42634654054801 46.98385910634163 52.46629633446544 68.97715101863734 89.63268920649836 38.62344037901833 42.80072338249129 77.3384668787266 48.10305417839786 52.930450861665705 44.17223711456867 36.90904881412022 46.037377386857344 83.4118521147616 41.01372113949229 52.38726106170875 95.9397129678587 87.61212110069864 82.1341650599591 80.0926990657936 81.74559244698061 86.88225015850809 94.93888016860124 105.24703610667446 117.21419844318942 130.38435523159634 84.37467527527836 74.8336692270288 68.40878927197728 66.01620276141009 68.08236028650634 74.23589909900257 83.57883598984782 95.17650504726365 108.3069922829621 122.47830100863743 73.72606686218563 62.64363143111225 54.87819715816756 51.93947273941149 54.61228318125966 62.177121682813684 73.13130511484702 86.19211944952022 100.54190898668222 115.7020734900963 64.44993267911327 51.46209474232645 41.73256670515674 37.862562089774514 41.52404903058647 51.12363683715763 64.04461253399569 78.66705219662845 94.20193396817949 110.26427427121129 57.217888318545 42.10064320497952 29.491564815629552 23.785530363290214 29.333621263779154 41.87937488332129 56.97379719793634 73.05378782792233 89.59022874804667 106.37045210225358 52.87555417905919 36.0081649258132 19.901376673267844 9.708490420616759 19.777712698733556 35.87163494363067 52.73616982726168 69.81508549839764 86.98219276849855 104.19390910720155 52.14990976770305 34.93887995022822 17.90394050830228 4.369250442101261 17.786037312442954 34.81823383352232 52.02873438249237 69.28479274525006 86.55916658684492 103.84271589674204 55.183823771708155 39.30492860833324 25.361631469364287 18.446116657094247 25.219397687672107 39.12146151140472 54.9879206089006 71.5231850941452 88.35254682303145 105.33513651749591 61.422663115015446 47.63443670198801 36.93296601997026 32.52317330054193 36.74476870856265 47.34245089497576 61.083104778522696 76.28690664387626 92.23311208215308 108.59516658879475 70.01478517247081 58.25119263954307 49.83006795447146 46.6001376403285 49.58641861652065 57.83386483421867 69.49389800086179 83.14295354466813 97.95306281976988 113.47051261891819
62.41885745486287 11.127384851405491 66.56153192838552 33.22906815841277 0.0 35.80248946659703 73.62720877930859 41.23789015491568 108.217491544726 20.50457703654719 17.394139901472553 88.11862839287707 13.947576182920288 69.31633880195639 63.51355195780804 37.03612746471824 53.669555208834616 95.96996280537238 29.517289783566362 30.296948921670882 35.701728964345264 51.0847670366712 75.56212429808986 14.917553753356394 21.376466734653764 67.45927115982161 68.09424178453928 51.00509720640621 99.20407545795132 50.18186506804686 10.122789891442185 89.8025212947088 15.831334768257134 34.514720924370934 62.89696357277828 39.529771336884856 36.64150137374597 98.53439105808175 8.054372265334134 63.54386601742654 63.650308242237465 54.403551245769954 49.66721922729987 50.72100720859999 57.24604883819677 67.67792307451784 80.51207402860094 94.77757374759098 109.91853590120749 125.61879720637059 53.330290315597054 41.92879078019282 35.64596231144496 37.17463199057502 45.738161308252145 58.315632876108275 72.85708048776344 88.39854533940476 104.49477958423472 120.92444998311082 45.16653725238892 30.945043456160285 21.76894014795615 24.26703956742591 36.091592886797585 51.137347979413356 67.27677944969523 83.88094635452471 100.72026947410835 117.69385548053911 40.48532875571672 23.632063962592337 8.752166243816097 13.908261751268915 30.149501489726923 47.15144217698078 64.31359049850569 81.53484353572456 98.78429461265819 116.04937043335215 40.51250226751551 23.678373692753233 8.87588164284667 13.98608317540305 30.18531304604622 47.174241681571885 64.3302291789569 81.54790645773792 98.7950254946783 116.05846126315431 45.23957385534632 31.051062527597992 21.918697656996695 24.400850626201915 36.18128103039552 51.200391249654245 67.32448598099761 83.91903325480946 100.75183995100002 117.72074475557372 53.43336678691967 42.05922025214921 35.79858626248162 37.320329536807044 45.856108243533576 58.40775443268993 72.93048978676293 88.4587720417242 104.54549157900385 120.96806485781876 63.77121819146812 54.54431671900108 49.82066094420167 50.870576774848715 57.37799630342794 67.78904699141628 80.60506732133047 94.85620916516355 109.98602415595823 125.67757220306501 75.37594149973226 67.69390470279077 63.89124047719753 64.65609162703157 69.83855280713732 78.56927154247215 89.81943610259201 102.76490388766952 116.84354298800203 131.6924268969997 87.74619409050786 81.18560123921789 77.98392785287925 78.55296329157721 82.8150165375919 90.24837821181401 100.1493707355894 111.86468178198506 124.88475280628245 138.84300420883744
31.53112081665743 24.702073163728954 53.61956227888977 45.138110209757855 35.80248946659703 0.0 47.96473704506995 13.788829460618365 76.4245272178608 25.069346955274856 30.289057448547826 58.67889547478302 30.997809710016067 38.93935997835972 37.56280749653793 6.619242413692642 20.20134071085621 67.37359886469932 19.534729293845988 33.51863940840177 16.96976404360624 34.03702664886892 56.22436090392669 21.422355362061616 15.177531987316296 47.26217793112459 42.71800831198589 24.799657421931656 66.02418741214449 27.003945167489334 34.90518306369713 58.86800847576937 34.968786546673144 12.980046692976355 42.061880339514765 14.426586368613698 0.9480064131159657 68.85416747084342 39.87800163742217 35.156548582197416 85.3083813297006 70.59265930398546 57.33962514709229 46.80862226590274 41.14568102444436 42.35082593821797 49.92918275393313 61.5707687574893 75.41685012172509 90.46075635879971 79.46144559005475 63.43763814071202 48.303795041264976 35.22625984787787 27.335548930918808 29.193923560546505 39.44677674258991 53.46514100694255 68.99061164645255 85.2032732510401 75.82947521105334 58.84643651488387 42.123742395469435 26.165417242925855 13.912629111648073 17.35529433082075 31.742149218807025 48.08986001176736 64.93395135109553 81.96898342274736 74.73614855504717 57.43726182095595 40.140998825494265 22.853317581929854 5.653499700679768 11.847514076950475 29.111487720733752 46.40374382954582 63.70125400692436 81.00065233862938 76.29070359309152 59.43689207951712 42.94099778121927 27.455908396407736 16.199906986152296 19.229132375549344 32.799307043594766 48.790798499540635 65.45228765253576 82.37823963098886 80.33955826272724 64.52917970750018 49.72217668421086 37.138714078433814 29.748659151618757 31.454582623124487 41.140104805684416 54.72051797610493 69.96335726930869 85.98905187175109 86.53324419968784 72.06138149627985 59.13025859984134 48.975878641142174 43.58428986475291 44.71295545094329 51.938529774076336 63.20346345537782 76.74926148197747 91.56923561295926 94.45067439659213 81.35854252816031 70.1155654087162 61.74034422542457 57.49995843434311 58.303669329605164 63.961613621714335 73.35908736642003 85.268522348598 98.7855436267446 103.6976701682288 91.88636385427048 82.04687452126313 74.95974965129597 71.44877332651394 72.03873295019805 76.63497617526453 84.58693040083645 95.05612399268755 107.30830962489732 113.95089694504208 103.26902193642539 94.56665801381645 88.43015698150623 85.41434574891716 85.84874021155825 89.68321956941487 96.51337466253933 105.76039449960595 116.8519085832992
18.801250537684787 65.04606168478658 25.413802116386314 57.12431677361683 73.62720877930859 47.96473704506995 0.0 58.42684751801733 38.42113276926904 71.62863086059346 75.95116692858537 16.77707327536156 75.48701604687254 13.68091611093383 10.559688408081124 42.16170215857394 52.76995286345697 22.896089855021756 44.110731339524605 81.3776969031237 64.29697410815815 24.21650187543145 15.13429994248646 64.00307176479448 54.71288949226787 12.08103116664771 5.565047490452938 65.22811837611486 34.530135750499426 23.551001319106387 77.69802061836972 21.07177812735376 79.83675874818418 60.53866264897141 13.043051182513652 35.92469637208938 47.90349496946108 26.325615685842365 80.59559711757285 13.25783988582032 132.1954757611538 118.24536361155302 105.29470534863019 93.75857661549672 84.22026573077848 77.42171780128142 74.12070137194677 74.78182341718909 79.30605659384561 87.09343757301356 124.75570021375232 109.90479956057452 95.87930474767045 83.09821342043583 72.22520994198709 64.23663060652666 60.29016798288153 61.173195783972794 66.69416235864448 75.84694183796357 118.52417214742117 102.81052939199591 87.69682801927901 73.55382692879685 61.05980992259069 51.430909388728516 46.48311106508516 47.69616241423899 54.66142446743484 65.57073936982867 113.69982171843955 97.23583504568118 81.1213550476936 65.61439889369014 51.269219902048825 39.376705631784375 32.72958070885047 34.505571003592344 43.68926501014368 56.794170421517826 110.46723949753473 93.45313770585035 76.5681318928969 59.92145380205764 43.78577805244489 29.02619546743096 19.145694469936192 22.120287971315243 34.79610025426427 50.30846822987834 108.96822650616507 91.68456406091546 74.40939246159853 57.150411952101074 39.928623647880045 22.828357077630532 6.8327364682738505 13.074868594289809 29.898688770628347 47.07042056301116 109.2741704391121 92.04631080039817 74.85262533981738 57.72365970784909 40.74112714918489 24.21510219317354 10.56485156502649 15.348426123998209 30.95554008418698 47.74547016050224 111.37019286172054 94.51391500097495 77.85339666788933 61.54781547610496 45.97637197875566 32.221591272253995 23.692743219603273 26.137562851250056 37.466108360917715 52.1819636749909 115.15856184187145 98.92988970231043 83.13518306339024 68.07717036640025 54.371412185075215 43.3209727130567 37.361340535174655 38.906808303574074 47.22622760876561 59.54494346196953 120.47968941337251 105.048750235036 90.29853364987045 76.62317744407358 64.70779205904212 55.69368253328988 51.1387825886533 52.22322074335723 58.634933056877024 68.90244446959298
40.3615504159321 30.67167796298511 66.90030849512613 57.506322713619554 41.23789015491568 13.788829460618365 58.42684751801733 0.0 82.0909030018118 24.006008753653163 29.708326352834412 66.70096865201154 31.82998076323769 47.46336784577818 48.52844291695166 20.16390008979683 13.57262272907529 75.58704503069332 32.77684080626744 27.21262388649272 7.924359638216008 47.37612240834023 68.33848682916707 26.50096813330484 24.73888155654439 59.48699154164611 53.58021180020441 11.472242132766153 70.62301236132966 39.663780524437996 36.85042638239469 65.8345680944148 34.71846175154773 6.8759565994811895 54.359181099498414 27.890133760426398 13.180004911257756 76.347513305751 42.83514065162641 45.19294250561411 79.53107350788959 63.524432999667845 48.41720308004022 35.380892468549426 27.533608214311055 29.378591565894418 39.58299805670095 53.565248618462995 69.06785081029291 85.26552763617144 75.86443189929273 58.89126878784304 42.18606202417763 26.265165074943244 14.098465922554986 17.503924245096716 31.823273939667157 48.14319206436809 64.97327064024311 81.99998555398643 74.7330378102412 57.433232652064156 40.13525986210327 22.843282477455002 5.612987021608315 11.82832579355381 29.10372068423475 46.39889463195344 63.697738478552665 80.99790090064204 76.24984474578008 59.38467843223727 42.869030037018526 27.343736672558407 16.00995406683666 19.07012895426313 32.706780681490095 48.72894090639576 65.40640913743796 82.3419669774199 80.26483918470142 64.43655592815391 49.60246502819433 36.97903190172575 29.550000515622973 31.267646651880334 40.99802910391184 54.61428860856492 69.88069917035202 85.92213439667343 86.4305196614442 71.93855985344481 58.98120524165201 48.79665217010693 43.38373505869899 44.518402775723956 51.77192692160585 63.06727488963074 76.63768276813988 91.47618373764344 94.32600444466867 81.2144406508307 69.94907620059871 61.552081914698206 57.298708105423685 58.10613348818907 63.78245200060273 73.20366967049812 85.13548589629946 98.67128406799085 103.55628999740732 91.72751148069 81.86975241418259 74.76673854197243 71.24719544125126 71.83974776268091 76.44883709559154 84.41912616264716 94.90754377120288 107.17734695663151 113.79691960535521 103.09987090625188 94.38276303513926 88.23438470378034 85.21258967430067 85.64894828991613 89.49288997754316 96.33737840971634 105.60057627540077 116.70797337113397 124.79929682342211 115.07690799302173 107.28089521619552 101.85456133087698 99.18759151387736 99.50211263032567 102.77075452967357 108.72741611990611 116.96212851106509 127.03264720102138
45.891429616682 98.33232872807189 61.41116270448854 95.41957278810087 108.217491544726 76.4245272178608 38.42113276926904 82.0909030018118 0.0 101.49161614093231 106.66055068618861 21.657264972182364 107.06278269293439 38.90421604420084 46.25147149021694 72.48032977996483 71.22981766872643 17.894270194113197 79.36697579697804 108.70822895201425 89.59955398882273 62.19326417222319 47.849138715078524 96.29104785335949 87.50593655731646 49.73588247979417 42.963951154234444 84.2045493573939 12.574081198052523 59.09043591209589 110.32396452442987 18.53497554562171 111.20390261205118 86.66658502289984 51.464180447372726 68.70336702697684 75.97113107690072 13.24251898348958 114.29570858441836 44.96563102253669 161.1882245751743 145.56287548691037 130.36161260148316 115.75163801303634 101.98738014429073 89.46005845444647 78.76211496102314 70.72857832909526 66.33464537395972 66.30784950940397 155.88524403994973 139.6954849076811 123.80689796886865 108.35205467913529 93.54618009096814 79.75154013767596 67.59015303771503 58.09689931346317 52.733015474354666 52.773027403015 151.69165328714746 135.02182409807946 118.53326398353302 102.31364884871634 86.51437564632019 71.4149706224499 57.568787094272736 46.11874726292074 39.222682645072126 39.3523214292664 148.7014034099082 131.66914077572324 114.71760333966415 97.88873799542935 81.25879745446318 64.98068888760376 49.403424173766666 35.46290088465598 25.947003401694154 26.221885119649716 146.98799716934872 129.7399334012067 112.50841011727047 95.3023997409333 78.13875777591849 61.05322725526258 44.136613723197605 27.70014088011907 13.6113173415505 14.210951267808047 146.59623720657382 129.29796324134378 112.00081873898309 94.70542256205155 77.41294653818112 60.12591026673941 42.85089781672042 25.61225032302973 8.630692564089507 9.576215655371893 147.53665775759936 130.35836458856338 113.21772525334744 96.1348826511607 79.14726950869247 62.33279342826002 45.88219981701864 30.392229946843266 18.463782923998444 18.89039904885138 149.784155354717 132.8851613860909 116.10490143595719 99.50346354801063 83.18797676681746 67.36652580551521 52.48778162392634 39.628206377827844 31.377242739376268 31.58127741927369 153.28121411919378 136.79708484634153 120.54235079126593 104.62398548004987 89.2222081834328 74.65742173929885 61.526928257859396 50.951931009145035 44.78101985227142 44.86963669620888 157.94480800287747 141.97963570670873 126.36680247762173 111.25474288662248 96.87808882837798 83.61702942411621 72.08986308196926 63.251769490819996 58.337994167905094 58.34855626935109
56.377518624479784 13.895970863921038 71.82179168153819 47.93714498161997 20.50457703654719 25.069346955274856 71.62863086059346 24.006008753653163 101.49161614093231 0.0 5.725356135055836 83.49407700385126 8.058869478051584 63.77352765731878 61.069782125225096 29.72035204220573 37.516614242791896 92.07773638180812 31.623140788453433 12.321764574082957 16.867129950287588 53.24528258353776 77.57849667715375 10.9299554040735 18.632042024477407 68.71899589849788 66.1595446276593 31.880352523313462 90.97344529845566 48.7981179669345 13.334579026538282 83.89030982992115 10.74412721965394 17.255942100281597 63.605564815904806 35.79548036595867 25.528111526448924 93.75748735812913 19.573773241167636 59.4273793136792 60.630931944041016 46.87351226604123 36.28844045763748 32.17583230509691 36.77534463745301 47.62642414526441 61.50475668973599 76.78608226055158 92.77972988288273 109.17308569412306 54.3936996488621 38.509372175666265 24.61667978817025 18.10254393152551 25.458500827166777 39.58889271639455 55.54401482795938 72.1228586124926 88.97745714597633 105.97632292330267 51.4117098467092 34.18923760511756 17.127683775333196 4.065053484158514 18.39579552460636 35.48238226175891 52.70964934229803 69.97376895263645 87.25286857126859 104.53952042753745 52.24540596944844 35.42495306395434 19.467543757265403 10.087434063729697 20.5728096703352 36.65293678771924 53.50091735927516 70.56891416964288 87.72860560586716 104.93501770939956 56.72679206104358 41.72577756172961 29.374526819484487 24.153589293829672 30.043962169759787 42.668421427424576 57.76901806764948 73.84196264314167 90.36991857095498 107.14252029429173 64.0952138082934 51.256576898453254 41.772997700562435 38.22873811448695 42.14968467463997 51.869662018422574 64.83081194126022 79.46265119688094 94.99630578384921 111.05399456478229 73.48722510807924 62.55799826180495 55.00303802001786 52.30550056089853 55.182395191276335 62.87311223210213 73.88951141345458 86.97696076750297 101.33619128312405 116.49787884255356 84.22848686329318 74.83195561091912 68.58496262832698 66.38271276465639 68.61577039147471 74.88841883713799 84.30372792668213 95.94088672366732 109.0911585988599 123.2712454675205 95.86641509970987 87.67079288407584 82.34469065356761 80.45999009496522 82.25359388360602 87.49959531793226 95.63151378024415 105.98714755855576 117.98239800597983 131.168208045946 108.11168780605057 100.8588737825782 96.20580784228319 94.5371470182973 96.00862738393018 100.48238930193847 107.58454465683577 116.8367561989087 127.7728085670855 139.99865455772425
61.28200905490709 14.161275499669813 74.60727148628023 47.768245653544554 17.394139901472553 30.289057448547826 75.95116692858537 29.708326352834412 106.66055068618861 5.725356135055836 0.0 88.31658033783178 3.464694034059569 68.64863379490497 65.40093045987197 34.47987499636832 43.23399561806962 96.81326876500216 34.43831293378599 12.945923871157483 22.435932252274938 56.558130027384706 81.14021430543578 12.77362397973951 21.766396687838117 72.3813967051046 70.43503082054713 37.2156180262209 96.30415082234792 52.79667671000311 8.505762851155586 88.90583756330199 5.019112297418266 22.97858993273032 67.34153413112797 40.02647799248283 30.814153693469596 98.63556422240005 14.706851605194156 64.04181136753165 56.288534229856566 43.42960095746407 34.678086599205386 33.43228138123385 40.39274048446094 52.384518959592974 66.74886116365596 82.2519993909349 98.35690437377303 114.81061871206705 49.3136505296089 33.95489807582659 21.742721845223038 19.780512588533277 30.141388130281943 44.99388573678939 61.1482469419308 77.7976756048599 94.68136263277586 111.6931260439134 45.801865617628884 28.643273986632714 11.907010244155236 7.86321428549474 24.095578069615875 41.20773135931786 58.431762447465736 75.69133437397498 92.96665441741527 110.2503200243696 46.54383027066937 29.810083917234667 14.479890706610314 11.375699162533996 25.453074329758238 42.012196075331495 58.99918143618359 76.12815094320405 93.32095416752395 110.54781215493979 51.35549512966736 36.84489118612728 26.007998955533306 24.37205140098432 33.32099407255675 47.172993111847006 62.76149128967243 79.06597988551552 95.72128518844664 112.57180187523944 59.25352665398202 47.192638943169385 39.26851860120708 38.152255098754786 44.36078469084618 55.48757068839303 69.19948277682357 84.24353367061053 100.02041865007043 116.23210383216681 69.1888453832125 59.13904123691385 52.97599934096461 52.09786222878503 56.75049274094545 65.77043438126182 77.65038368060844 91.28041721670719 105.9874873885248 121.38072677488 80.40967871360196 71.89138322485324 66.85594823811864 66.10413700728277 69.77455357064304 77.23931644070768 87.53301071014924 99.78394763132869 113.35932571461368 127.83790333118986 92.44899591142634 85.08792922887363 80.81940812822452 80.13912861060237 83.13522306039799 89.43898963288441 98.41688165084943 109.41258837427107 121.88120678958205 135.4164864932064 105.02555854103208 98.5502451599115 94.82934044131542 94.18984504463909 96.6929166181531 102.10770515541859 110.00507666928132 119.89545631979763 131.32933453911124 143.93935488545978
27.150267400973704 78.75380571223205 40.75282559190677 73.78419742338662 88.11862839287707 58.67889547478302 16.77707327536156 66.70096865201154 21.657264972182364 83.49407700385126 88.31658033783178 0.0 88.32061897117335 19.741279062783956 25.019063404741832 53.83957160920925 58.04534731493992 8.895413383458305 58.81941970948092 91.98723589422305 73.58560927203558 40.62064755661066 27.903880391014155 77.13879447770425 68.04862947725127 28.353011826743415 21.37519355491847 71.1817282176813 19.15497379351407 38.20790365797384 91.12111613373045 5.703741972576814 92.5882305911444 70.20525063504425 29.816681385920255 48.982466622760725 58.389002667433864 10.42567370207587 94.62366128518529 24.624595481033204 143.97944355302883 129.1236069965449 114.95399606648355 101.75768349477755 89.96399668858953 80.19416975112264 73.26239578581792 70.01672673764634 70.96474492669567 75.94957297191567 137.5966772289665 121.99962806978121 106.92834547546326 92.63979185989093 79.55682974308591 68.37503517544151 60.1639415722802 56.240132021013586 57.48828739836672 63.6046545487006 132.39901928071552 116.13352837842191 100.21575396870263 84.84163539486761 70.36841388540608 57.48068434288924 47.48735932808716 42.4826357836104 44.19507001996762 51.96478527601893 128.53040284047398 111.72371027859414 95.09479503952721 78.7563474905595 62.934999148792244 48.143281848169735 35.68538465365331 28.771989680945786 31.319606065426395 41.625925569916205 126.11325268151018 108.94722003577829 91.83220324136089 74.80322785723968 57.93621311970514 41.42944883239139 25.978957207520722 15.23567365646953 19.699183564021524 33.80388234443176 125.23167839944037 107.93022355976835 90.62895034659253 73.32798732088987 56.02762183498034 38.72865467297599 21.434471708378855 4.204528796420986 13.214883568404561 30.50084971598074 125.91794927619749 108.72212202801634 91.56627363630743 74.4780363465941 57.5177025750665 40.84491525349781 25.040784247147226 13.582615008269167 18.456618496381758 33.098623585961484 128.14686908440015 111.2842948108469 94.58054015513798 78.1375260020752 62.16250841711043 47.133767354867835 34.31787707373202 27.065687467691173 29.767369363633932 40.47655134814702 131.84018914440264 115.4989542047799 99.48309854364659 83.97899079084074 69.33080424914658 56.21170222276022 45.950582599343136 40.76594339928412 42.55553744061666 50.58449286179852 136.87937183611794 121.19376446203202 106.01223392974853 91.58579600372693 78.33276074202591 66.9535949041715 58.551220527376685 54.51977686655948 55.81456623193306 62.10333829564375
61.43376134042253 11.960102807547136 73.02270818465821 44.87732627103651 13.947576182920288 30.997809710016067 75.48701604687254 31.82998076323769 107.06278269293439 8.058869478051584 3.464694034059569 88.32061897117335 0.0 68.74771666138439 64.97123474456376 34.62460357622264 45.231915209585935 96.7126686960486 33.07979073817411 16.356365026656484 24.894035261428563 55.37067053328243 80.05687040837743 11.563300781661768 20.855250432536767 71.39126808551109 69.94234633423108 39.93747629167459 96.95256757614187 52.13325814115864 5.311304333498137 89.13095149250586 4.364038126995902 24.991272601167893 66.41995510645727 39.63418626413714 31.605971432845497 98.68770349203325 11.573650943071227 63.88106481299067 57.10911074285153 45.02666886801381 37.31030034536018 36.81607444327981 43.78921540754609 55.48220126861841 69.55401607491501 84.82897423352256 100.76138054606963 117.08314982130204 49.339732931855806 34.700734589928636 23.928726631750077 23.232265864759132 33.25061861173278 47.646409526425124 63.50959207296829 79.97166667993464 96.72733791219736 113.646819441842 44.83366079926564 27.95941830484879 12.333462902432068 11.00967058209103 26.249279788730924 43.07609356088975 60.1729863596734 77.3611016102165 94.59072418146678 111.8426728217639 44.59148184661087 27.571202417119085 11.430466366396221 9.99266376702172 25.84113979970906 42.82976876325728 59.99772568736946 77.22550415615682 94.48038582614498 111.74981668308996 48.67688251949467 33.756002143207496 22.543469722411626 21.809629321215567 32.27728911639712 46.975508638413345 63.010197496184624 79.57752900586442 96.40328217598919 113.37245725183996 56.153073236096866 43.81338950144523 35.843637015877604 35.33592051520994 42.55814836199011 54.52038567843318 68.79285330731987 84.20895811498467 100.2424477770561 116.63899774331361 65.87545313967094 55.68299865948374 49.60160619673885 49.180731177803935 54.55154704843834 64.27830299421458 76.72177767991079 90.77149381179929 105.789408689748 121.41678580958177 76.99769532681103 68.42806856648554 63.52047160458353 63.13473149662744 67.34859013072632 75.39472877529084 86.20668143735733 98.88130755754703 112.79241244958581 127.5360258499603 88.9963723833675 81.63947107181808 77.51346181379569 77.13854337492154 80.56709981028524 87.3524175722193 96.79109837837314 108.19091080162273 120.99881908275722 134.81409363439337 101.5611865658851 95.12295247104275 91.5464390927101 91.16906212185835 94.02934765118724 99.84944418938224 108.15256697549893 118.41755332044004 130.1811394827439 143.07415619215251
7.4090172167112724 59.542211258337474 35.85062960229853 59.246808616001594 69.31633880195639 38.93935997835972 13.68091611093383 47.46336784577818 38.90421604420084 63.77352765731878 68.64863379490497 19.741279062783956 68.74771666138439 0.0 10.811406250062445 34.17355365137454 40.161486264104056 28.46168092205635 40.58774144470611 72.29401631562791 54.08678579850821 26.575847074089992 28.28865846756554 57.698274547432305 48.746766130079216 22.508696866433848 11.972483786306057 53.01456035181346 30.81046387784386 20.963660168633446 71.72350611050975 20.523712645462577 72.98536118141747 50.611731445087834 20.195192653472006 29.822744233078602 38.65799507494326 29.990851423015492 75.48913184759964 6.867692181749835 124.23819955534626 109.42900842971505 95.46193639134219 82.76442756571313 72.01121717062446 64.18703984623146 60.44032203709566 61.52060410671805 67.19548116742419 76.44852128600981 117.95386867658766 102.27250614473262 87.2061862222174 73.13600579038427 60.7580019092168 51.3117654606132 46.61504884835897 48.080467025583964 55.21958769730774 66.22218244096865 113.07896422815588 96.63623639261417 80.55420920743072 65.10074855003806 50.852165209226776 39.146983985910616 32.828926391352944 34.95280911367731 44.32118822832562 57.49560845030754 109.80144533526207 92.79770457113615 75.92879850280775 59.30988790231913 43.23025626140154 28.613968659213974 19.16703526931396 22.6870705951249 35.506942925957254 51.044046785881925 108.26652914817032 90.98478613330282 73.71251435609113 56.45840706854744 39.24642882846269 22.17489828406084 6.471749615150701 13.811388898533998 30.63231748634663 47.79787418822601 108.54818630841831 91.3182290864139 74.12180769177034 56.98928835237599 40.00285986939909 23.48173349572489 10.063201161385088 15.806879093721202 31.577840888362438 48.40636159713833 110.6325394025518 93.77513566699527 77.11487782238551 60.814009169966305 45.26250168417797 31.58726679787637 23.35653669749043 26.306105887130204 37.91049492010861 52.73624048896539 114.42108575380942 98.19621227434071 82.41064427883866 67.37387788710224 53.7184465379765 42.787971689295354 37.076360259692905 38.951372311528885 47.52335495110821 59.98696585618155 119.75213908759497 104.33200324611353 89.60167392523545 75.96350454647461 64.11824280157448 55.231739800128295 50.87869974042254 52.20574755522883 58.8297463270471 69.24694226099548 126.43065591695505 111.9007177833165 98.27270046823354 85.9765654516579 75.66445063244909 68.2417870926391 64.71064097456174 65.70148962413141 71.02533038321401 79.81981274618538
11.29120857544359 54.66333328351749 25.692201369316553 49.66608214611157 63.51355195780804 37.56280749653793 10.559688408081124 48.52844291695166 46.25147149021694 61.069782125225096 65.40093045987197 25.019063404741832 64.97123474456376 10.811406250062445 0.0 31.64947156883675 44.084517391647964 32.477871326472666 34.03745746613832 70.89182106730713 54.086237422494555 16.425061699731096 20.835362909799173 53.51176054922231 44.236884806828066 13.150361182490865 5.155738298760911 56.03262815922128 39.99459095807705 13.338859753609064 67.27122398169533 27.85160673946398 69.31604505797065 50.266529101071036 9.707355696747449 25.37625941972997 37.54475207684848 35.29706308401975 70.32256046050355 5.177601758593295 121.63744527794135 107.71007656465842 94.89965260857315 83.72047843457192 74.90650122831049 69.36526736342714 67.90278109098476 70.77235347777535 77.49422770110043 87.18185367545279 114.26812623011756 99.35270302925264 85.34291896659695 72.7637775824521 62.48535932910466 55.79401603390612 54.03909337038573 57.67299447591663 65.80899834910203 77.03358701131778 108.23737152334532 92.38630569214436 77.16110469699485 63.01704841024276 50.86419582015449 42.448676733732356 40.19103893209711 45.02726705491854 55.12073711765614 68.1750853042285 103.77889504423868 87.14522002194458 70.83240731676615 55.12604391333298 40.73379121169278 29.63634615068964 26.383603196256484 33.355453225012525 46.1279550797041 61.16944055287014 101.1009870457627 83.95327724740895 66.88504169838363 49.97777214812181 33.476252452740255 18.500111112501067 12.749965003123236 24.116010604968903 39.991438970437315 56.70768270573958 100.34634033173133 83.04714003544913 65.74937649309254 48.454588445899255 31.16772954131498 13.918375592292492 3.837783808920661 20.84345415396328 38.116717705505614 55.4078726110475 101.55784824594306 84.50038853919482 67.56735311174441 50.883112818827726 34.80729168029015 20.801835459719054 15.893318824954987 25.90735857732982 41.091328696410386 57.48491784812573 104.66724248568029 88.19645036836704 72.11591652954488 56.758315052636064 42.90706922893335 32.54590916783495 29.600087312037605 35.94166782137591 48.022402628869486 62.603579564101494 109.51294066228854 93.87072443310484 78.92430565313329 65.15430549424346 53.4773354852298 45.533193183030576 43.42145019501879 47.91948849270984 57.49640686598843 70.10064630397815 115.87725946955135 101.19089882578635 87.46630361056538 75.23169577352407 65.3296207740344 58.947503527068015 57.27437920981058 60.70089271086998 68.46561003957962 79.30434200152982
