0.0 62.318650428011665 60.09868661139177 7.744418349081444 55.3075833399636 16.46661406924216 15.264201495573655 66.58942957653456 24.90344805186384 10.181807382136373 46.28450642127015 13.120476371517134 21.482930482107207 39.87729994755588 41.233385165359536 14.239305562521482 38.5006234879839 43.01742774409617 14.999678201445859 40.78948815624738 31.784106807030053 25.090573765479064 75.96111513559241 5.156790313758888 27.14477650265276 22.19128656615308 17.331026458627626 70.60990516266403 30.811165614673623 12.187876216068993 32.37808418603992 24.255840843373623 20.531974531609453 53.21820543148874 47.3072727993715 8.922396687419505 39.74543322239883 29.13568526606502 12.572368367510418 44.85977855500086 109.56640181505767 81.73126586458294 61.23721271463437 56.69907946486716 71.2345982895174 98.04186467773248 65.64603572603482 37.435753648060604 29.80449905460494 52.63097514501714 93.81648572527224 59.21299683386336 24.610554806742016 10.001711622823924 44.60093582559137 97.84078972048503 65.34812111240512 36.915760260580655 29.15492071053483 52.269351163554695 109.20633896429887 81.25239636372012 60.60258953425375 56.0195528538538 70.70007953480719
62.318650428011665 0.0 2.2254771716003994 54.81771735986286 7.849798218168779 46.5357808540344 71.52349025155486 14.061817377890096 85.89172035950318 57.4427851689818 46.46065267619774 51.199934014702954 81.98963338322935 47.74563865079282 22.945127596860136 64.61564916339431 35.10839434754851 57.39637396895828 67.87534839437342 38.3951165557395 41.56099063163578 38.39091381269627 15.129652215165963 57.712614443666936 36.879512822908325 41.18308885805625 75.36244026745202 15.865707661911346 92.52496025993474 50.13087780021628 36.32566101494919 84.90018177430252 53.38118920082673 41.908121031841475 17.027164029030594 66.59650433032085 38.00169444887138 66.41737619324792 63.796914506324995 46.535780854034435 49.72055057112845 34.67481068445048 48.24295423790035 76.46733656684475 108.45254851438081 36.07486218398604 6.507420047523017 34.32420353776323 68.62076201897665 103.12284233057409 41.68636594426382 21.787619814455507 40.08107716046366 71.64586668487173 105.14091866112732 61.49130477419202 49.993793331206824 60.10310698782248 84.38123521335937 114.11751631354983 86.20650579547967 78.20657125599668 84.82751980064614 103.29512391161619 128.6032321081561
60.09868661139177 2.2254771716003994 0.0 52.593757492547105 5.8287601032398495 44.33880876615455 69.31279174215658 14.526574814236307 83.66813392627374 55.224785975002554 44.878131517636156 48.97788072165762 79.76721803772362 46.16356150760625 20.9079707743914 62.41701238780873 33.19754476639636 55.86842361582674 65.7418304982517 36.60642569169865 39.528372120905125 36.22422399240474 17.049738521327743 55.48821161869302 34.737859048403514 39.0057663692974 73.14787049755222 16.809716727004396 90.29961831565427 47.91082032419335 34.235202823476165 82.67787566532856 51.229436486393666 40.89110926645851 15.101920552161841 64.37419722124548 36.171956273277104 64.49709055696749 61.653377708301335 44.90482923191408 51.69190997726574 35.41434138877735 47.23481284226578 74.8525848691355 106.62795753098668 38.28848907883488 7.693931054009818 32.36105971640574 66.55924600418159 101.03406209323899 43.19883826507856 21.346109192985658 37.94757922165233 69.42065111104438 102.92366332909171 62.22880725554365 49.4320980928647 58.390468139654715 82.28102937560071 111.91825318910122 86.51444129495275 77.60612590026437 83.39909624362942 101.4043587944377 126.51092821627606
7.744418349081444 54.81771735986286 52.593757492547105 0.0 47.70101287748666 10.266318393912007 19.150788450425196 58.848231404109214 31.518124536890976 7.044869724722466 40.13481280043534 6.002027017596121 27.803397845213777 37.07544246372519 34.28590142633625 14.902255653375027 31.17887707856146 41.8816335685088 19.93592472652517 33.81338406481504 24.870518230662334 18.53612761831077 68.30144484905425 2.912612698932731 20.712901357875815 15.760484145359023 22.268223895848422 62.869717509991084 37.855875879074134 4.9791461865507 24.8924374749928 30.686732002759875 15.64025051182427 49.198966737899696 40.23028023517483 12.938801402476011 32.711364007550294 31.223670074211828 16.336824742126197 38.74066873587521 101.83149746577173 74.10991101432909 54.860786986676814 54.054925697305386 72.31158994675842 90.67163794221955 57.99752689483983 30.01538932467167 28.861346790776388 56.21275969673307 87.50845329975989 52.96485626221443 18.64609068088743 16.87991396105634 51.15701703418202 93.16027347972798 61.781871099297604 36.7423069697772 35.746735936248015 60.00413004492204 106.2290400174386 79.9926610544612 62.51261577517047 61.73826099093952 78.1676598091185
55.3075833399636 7.849798218168779 5.8287601032398495 47.70101287748666 0.0 39.93533118208139 63.95746275241025 14.42325990673425 78.49974005436619 49.96549480266153 39.32998480345674 43.80086915736832 74.56958234814978 44.973139430347395 18.100371948339472 56.97196513697855 27.377312287506527 54.797391186622384 61.81927410786994 30.85447516881644 33.718996768762686 32.175574645936464 20.777496627620547 50.57022256586875 30.91359186370585 34.83745820767659 67.83075732350939 17.75231875587072 85.21511673917075 43.14459893334047 28.479991378489117 77.47611390120684 45.59260110871977 41.623236252577556 13.308184991198772 59.18483931871288 30.390526875790925 61.77543490625615 57.66892072683048 39.29878040945429 55.15831909245293 35.09365240895524 42.60892457505587 69.2409431413308 100.83614282443445 43.70442595931636 10.468668568810758 26.532300101710977 60.77159393730246 95.27467693235032 48.800023026762936 24.013176020318898 34.156516037186385 64.43250067320578 97.62822997425644 66.75709317943065 51.30941952483 56.60042247438216 78.54529499846247 107.37747974719773 90.19512334505393 79.23097350357143 82.5509951004746 98.72446081822996 122.77257134280114
16.46661406924216 46.5357808540344 44.33880876615455 10.266318393912007 39.93533118208139 0.0 29.416245067473817 52.32059643041105 41.274492298020434 16.37398595105312 41.24880099658375 11.272106289256696 37.70437419933344 28.206640643272188 24.833805140257034 24.73781877098629 29.21453704171549 34.44201346456119 22.50737116642271 33.010448516215455 25.005757884754555 8.626882590446606 60.71278598989461 12.939535578590721 10.68793196941438 5.724707143560578 32.4947844446358 56.26781712286289 47.27756491045276 5.570463946869152 22.613670621930524 40.54447609048306 21.37395949468655 39.32788639052386 30.96811442600698 23.175673006616517 31.779283143052048 28.327897658772685 18.29098762611981 39.989033318025484 94.89883417857921 69.39062321400351 54.946564582508614 60.149711866761784 81.31203615941568 81.91027988826355 50.39505271563755 27.656273551000194 37.214490956623024 66.33104815564771 77.4711521658523 42.87944246754709 8.388571086301292 26.399697603047123 60.97847417174896 82.9655687089615 52.07739002633019 30.588574712365087 39.42213394069228 67.58243689275065 96.71484920825212 71.83199236532353 57.97152751653997 62.89952849432017 83.34742451577746
15.264201495573655 71.52349025155486 69.31279174215658 19.150788450425196 63.95746275241025 29.416245067473817 0.0 73.16868493868859 15.459771143276402 14.239688178977936 44.50117003425037 20.637259165616413 11.484738769425524 55.025337445300835 52.67001427529594 7.405725930852147 41.69843648584708 58.24520301728546 27.73934145431192 42.26709172029457 33.97478347074843 37.50915815315694 83.83228451637179 16.617833196105295 39.71813788168941 34.82343902910138 4.013106212398596 77.16855030827745 22.598206802963993 23.99472023348983 37.026634507515844 14.19116477165596 20.075853046089616 67.97929054412704 58.33048877457983 6.481198942890516 41.54492766150638 43.32665375218179 26.720740280732652 43.093239019223496 115.89749324256833 85.32073898480975 59.34509355695895 46.463575266979234 56.48627792128659 107.5977428732836 73.76808131973337 41.243580014177724 18.846312213613615 37.47241114056447 106.29693246597812 71.875251142252 37.78780809355906 9.199890923085723 33.70771994997067 112.23874391307946 80.32813998545888 51.98569545777373 36.70480911646826 48.85490266104123 124.38928074215151 96.44340754087658 74.3286056891064 64.36556115929295 71.80447324641575
66.58942957653456 14.061817377890096 14.526574814236307 58.848231404109214 14.42325990673425 52.32059643041105 73.16868493868859 0.0 88.31257020543089 59.86009046382313 39.84167844088695 54.1591952616171 84.31159282464212 59.38643720366301 32.392497946466115 65.86330521187148 32.505336388738165 69.20486957243016 74.68935964305743 34.1658617083957 40.098436284526855 45.267074515843746 12.354140642029279 61.59141008615687 44.297450937632156 47.70719393915157 77.15862658304121 4.030199847903709 95.27312649518223 54.71200727736504 36.17195627327708 87.17015341961276 53.56088452184883 55.27267276107663 27.711654423133474 69.17002329137277 34.23520282347616 75.80704342829203 70.4852064432679 40.32549348155746 43.0132537627332 20.971493870917698 37.74007238336444 69.308502538621 102.84877216977206 38.360913776472856 8.043441337110886 32.44514624736201 66.59978532369878 101.06051958582825 51.9533972771357 35.79146310303401 47.515593178818 75.0284198196424 106.75029455096765 74.38317955014324 63.94317536518279 70.9885638886432 91.5685370681771 118.84860961173345 99.86242522927932 92.12838317982907 96.94050663492862 112.70302786128373 135.65091584393497
24.90344805186384 85.89172035950318 83.66813392627374 31.518124536890976 78.49974005436619 41.274492298020434 15.459771143276402 88.31257020543089 0.0 28.58533536341107 59.55294066116831 34.70345976292977 4.0109170489890404 62.98662033242191 65.79846098536274 22.85443988839192 57.12624973285445 63.98818803487288 30.544063702001598 57.717772122852146 49.41981165294317 49.85359032457921 98.69792959393267 28.620767531958027 51.95892223893528 46.983280590828876 11.480783612454976 92.32805206313796 7.145233732859507 36.467416782085024 52.280375548471234 1.425830478767211 35.52927294733505 77.15259565038444 71.7435226274962 19.315827469279828 57.00331317314617 46.19851927598474 31.692520160520097 58.16834922165862 131.16253841117992 100.78027484433102 74.19239364869065 56.98380399772604 58.177244066763365 121.9117789715769 88.52722151415398 56.625928651004756 31.157060073152717 33.613520193206895 118.71189094628912 84.1081603030718 49.504612124545524 14.902517510391124 19.705782126181074 122.03994955053719 88.70202236974116 56.89628645809301 31.641194789585317 34.05851079820541 131.40070226587324 101.08719830203391 74.60491094176803 57.51484840421421 58.692561819120314
10.181807382136373 57.4427851689818 55.224785975002554 7.044869724722466 49.96549480266153 16.37398595105312 14.239688178977936 59.86009046382313 28.58533536341107 0.0 36.27340304865903 6.401759382708446 24.62547476744602 43.97737133685168 38.49200191364396 8.419322589112447 29.754131445854163 48.92649366418781 24.904166831524833 31.450050235485037 22.509814899053264 23.775335802564737 70.11377725677579 6.385808287941848 25.999269416779118 21.278136297865256 17.955259952237324 63.885655489822355 35.44609371043583 10.815044581756517 24.19071450928044 27.525509423480504 10.360788269082022 55.692334663135064 44.101009080877425 9.315123899239898 30.494282649893712 37.69393870943707 21.894975080836602 34.84125814015828 102.814788554296 73.50721501929358 51.288921256037455 47.46165923928638 65.34123982954215 93.51017139502787 59.94473458220612 28.93852403400196 21.825514012509846 50.1010565765383 92.19699973335733 57.894275393685206 24.455267029922265 15.466921035456606 47.699515781640834 99.1932383137899 68.39921269842128 43.73137288599552 39.25863673278457 59.70657458549057 112.96508653557916 87.02534408873309 69.14102327089589 66.19911278743655 79.86823410331414
46.28450642127015 46.46065267619774 44.878131517636156 40.13481280043534 39.32998480345674 41.24880099658375 44.50117003425037 39.84167844088695 59.55294066116831 36.27340304865903 0.0 34.167266473730336 55.75155263319353 65.12040160120038 42.75536404332362 37.58169695093308 14.938814877388939 73.5470618567675 60.070229220258746 10.072060854193206 16.248755319985275 40.796643831594224 52.19441385192855 41.55828421565602 41.877909503487395 40.953021205460935 48.25183582315955 43.05169041711014 66.6305239835143 39.13282858887298 20.015818136888992 58.17398569070575 26.060415579411437 70.23163123963371 44.2300829255714 43.61019925851577 11.176406518658455 69.45967482029062 56.37267792527411 1.438025731582013 77.86499796686913 44.13029967594691 15.061868038984205 30.018118969081844 63.00925441807171 78.20194313824794 44.71673362872322 16.687680705791696 30.858081168804045 63.40988664742662 88.07635671757467 60.21962696279376 43.47620916259308 50.485408665195486 74.84778317446221 104.82636175449787 82.63075479988423 71.1468435475244 75.43647157924639 93.34990803874193 125.73274690448844 107.72055098736568 98.9614768975839 101.87096770790632 115.57109309816282
13.120476371517134 51.199934014702954 48.97788072165762 6.002027017596121 43.80086915736832 11.272106289256696 20.637259165616413 54.1591952616171 34.70345976292977 6.401759382708446 34.167266473730336 0.0 30.7901301749367 39.46604851867947 32.1066567289592 14.56241519860718 25.39025140281771 45.33107232101565 25.91123275257173 27.85896869354296 18.892289855203526 17.74543149123738 64.11626376677964 7.975866440208497 19.95719936660705 15.45436360177997 24.311835996515597 58.189390272156885 41.43266952358995 6.29355249807452 19.274350699527396 33.70040744704435 10.58646545862581 50.337717356772316 37.69924969816898 15.396919965322711 26.773385806190287 36.43479148827395 22.223452228952542 32.77988672044086 97.1688822753083 68.68218077489215 48.86210140154271 49.523536583418085 70.08900857503805 87.24605761768964 53.89007316097665 24.315700635138796 25.946377516424693 56.12507115212928 85.83462887737382 51.595481541666985 18.747173354397226 20.87275483371035 53.988330889369635 93.32166146164136 63.17528822989891 40.84272760056467 41.71290643629053 64.85855024156542 107.86957287184457 83.01285241227748 67.38837536919328 67.72018282112528 83.81899393853118
21.482930482107207 81.98963338322935 79.76721803772362 27.803397845213777 74.56958234814978 37.70437419933344 11.484738769425524 84.31159282464212 4.0109170489890404 24.62547476744602 55.75155263319353 30.7901301749367 0.0 60.277748595674666 62.08447363557011 18.86487105243136 53.12318193754408 61.774857062015535 28.632301792148084 53.751830445292555 45.422527431876745 46.23911712104069 94.7281921167683 24.926645392784508 48.368848669349255 43.38970248279856 7.542905838243625 88.32598613794333 11.1199175399569 32.77313092314019 48.27051384677249 2.911605573159599 31.538192364255984 74.23151635520563 67.98792100018557 15.393225362170936 53.02696732858016 44.52599057303721 29.316469881361204 54.358660516352884 127.15401331096609 96.79468859189441 70.46331929367742 54.366772778362545 57.803214357449704 118.02711588389262 84.56979515786142 52.61693710319066 27.926251729460116 34.43908607818807 115.17535023311231 80.57994847120027 45.9972740136299 11.542298926785625 23.357106822417983 119.05068215079942 85.97955106294867 54.83373508171439 31.872101082280754 37.679705074346806 129.04828107212552 99.24748759474943 73.76624211817227 58.54607499723029 61.71399403042103
39.87729994755588 47.74563865079282 46.16356150760625 37.07544246372519 44.973139430347395 28.206640643272188 55.025337445300835 59.38643720366301 62.98662033242191 43.97737133685168 65.12040160120038 39.46604851867947 60.277748595674666 0.0 27.616155047688526 51.94681924363604 50.673884519639316 9.836450565094154 33.716577120580716 55.41114289357168 49.65150371881411 24.675243920778524 62.651876200706006 38.920762141036285 23.308288336141878 25.403448137363807 57.18140227298347 62.50837730474492 67.26456482034592 33.418734100241956 45.1099744470449 62.72255847191198 49.44714846583021 14.950685995480375 31.675187616246063 48.5544974104124 54.19210764208617 23.101007456940522 31.49335153290866 64.1119126136949 96.57536302829811 79.93684919307665 76.47051812252074 87.75147630486323 109.30527989131105 76.17532829070473 53.83434979095362 48.87129196853201 65.37184810145081 92.48439464663916 62.25287336553414 31.441567655389417 22.28386869603774 48.983835339876954 81.83586095416571 59.540990784750186 25.716028167757155 13.128279136481108 45.5877440626053 79.86855571247548 69.36733756865404 43.77649763034917 37.62664658796883 57.53238989924717 87.17233395112711
41.233385165359536 22.945127596860136 20.9079707743914 34.28590142633625 18.100371948339472 24.833805140257034 52.67001427529594 32.392497946466115 65.79846098536274 38.49200191364396 42.75536404332362 32.1066567289592 62.08447363557011 27.616155047688526 0.0 46.575843552471916 27.893311749268417 37.422697179088864 45.141483191481875 32.707345742198015 30.47482003554613 16.253737691215335 37.94035315158804 37.1780312380501 14.417844728134648 19.16289900818257 56.19322124821403 35.84596439213165 72.00881443711263 29.331298684921734 24.659540835510317 64.9716150476794 37.70409309318073 28.01815673964527 6.2225378276234515 46.962870627058294 31.68040427099915 43.75361402094953 41.138872132777365 42.11468691413339 72.58958699897154 52.51252946316371 51.38765061064873 70.13289381397985 97.93550034529947 57.27223308009379 28.04793427275395 26.231858354301153 54.62947930598559 87.60990506982546 53.762324073004805 20.01357171536285 17.48004613752069 51.04325979229181 85.44079894607546 64.03207635459084 39.98946313972647 38.639842963127755 61.49591619238346 92.00699915782576 83.1215831781112 66.20015356761935 65.19584768590147 80.7050943835577 105.69248526997269
14.239305562521482 64.61564916339431 62.41701238780873 14.902255653375027 56.97196513697855 24.73781877098629 7.405725930852147 65.86330521187148 22.85443988839192 8.419322589112447 37.58169695093308 14.56241519860718 18.86487105243136 51.94681924363604 46.575843552471916 0.0 34.29306129376381 56.30882161704024 28.86587493105808 34.912239293759356 26.569956588854996 32.17283882204293 76.65131539132541 13.134619402151232 34.395977830429736 29.696580324395093 11.416092327218617 69.85440381793858 29.98466319293659 19.167421635214403 29.696580324395093 21.595657250824786 12.67483307712745 64.0061449533535 52.01947587286455 6.868142046522211 34.169577111552506 43.36790120980124 26.796159520089418 36.15769535708651 108.53340166701203 77.92983167383748 52.549372126309976 42.94918878229223 57.64241132707885 100.6655894862956 66.65021705041838 33.84954847320516 15.626336860696236 41.6824045424391 100.33500626620572 66.1544772395252 32.871986253128036 13.400423378227318 40.90753547126311 107.61115561502444 76.65215409455023 50.65339985881507 40.63007978845977 55.952320119037 121.1305749507065 94.54934614930337 74.84186393158632 68.24802861163069 78.16038188218934
38.5006234879839 35.10839434754851 33.19754476639636 31.17887707856146 27.377312287506527 29.21453704171549 41.69843648584708 32.505336388738165 57.12624973285445 29.754131445854163 14.938814877388939 25.39025140281771 53.12318193754408 50.673884519639316 27.893311749268417 34.29306129376381 0.0 59.438202660093275 50.379040496935545 4.873839328228877 7.770375665146695 26.936866844934755 44.213324498481214 33.36554773445029 27.708131959965616 27.625596692519867 45.709029062801704 36.357888373397756 64.23468889625553 28.648217728331122 6.613524248254332 55.88440123769877 21.649280824604407 55.295982326822106 29.834739325814382 38.69071208932671 3.7881245727618884 57.406326221845305 46.33761079924708 14.228855377075597 74.48495176526305 43.817573042987796 26.206722210838468 42.99355515205973 73.5182983613912 69.65388524648269 35.071798168262866 1.8035185439743329 34.22467950295936 68.80595214500158 75.81367836445396 46.02011819018641 29.712384423698605 45.195545765805186 74.8150117611597 90.75300062623437 67.70073532569576 57.666810487766604 66.80061023712454 89.40900990150905 110.98063526605091 92.87897788116236 85.62136375625992 91.81634714795399 109.1978733630995
43.01742774409617 57.39637396895828 55.86842361582674 41.8816335685088 54.797391186622384 34.44201346456119 58.24520301728546 69.20486957243016 63.98818803487288 48.92649366418781 73.5470618567675 45.33107232101565 61.774857062015535 9.836450565094154 37.422697179088864 56.30882161704024 59.438202660093275 0.0 33.53368540029757 64.06890450287757 57.70010983949886 32.752792324185336 72.19981385817597 43.19728524560136 31.74616434771913 32.87655964507122 59.82209628707228 72.29603126375102 67.3604567654908 39.05576261580854 53.57134481628844 63.94259742272336 55.75457748154281 20.432966094460166 41.49387296043496 51.93550248670866 62.8311947778628 19.367753022407367 32.47219494180745 72.4648058533663 105.8638597740938 89.77320480032839 85.47520885063297 94.59125694873984 113.94609246068974 84.55573115772633 63.5531374220273 57.64651673207546 70.72503458851914 95.26662665243752 68.46724098318278 39.996237595586585 30.107683199051547 51.069401654997414 81.88121038966327 61.81886161613221 27.229786687050115 7.497019557161547 42.02146724198699 76.6175991780523 67.4621881406169 38.266659466513524 27.79150768315209 49.75177229552993 81.07373229486605
14.999678201445859 67.87534839437342 65.7418304982517 19.93592472652517 61.81927410786994 22.50737116642271 27.73934145431192 74.68935964305743 30.544063702001598 24.904166831524833 60.070229220258746 25.91123275257173 28.632301792148084 33.716577120580716 45.141483191481875 28.86587493105808 50.379040496935545 33.53368540029757 0.0 53.44064958551307 44.61668410381514 29.643716856310412 82.51358428734609 18.79567952608318 31.00718402905097 27.03372105658552 28.12393378210765 78.59982707507301 33.895885686295465 21.733002575262155 43.84590217870944 30.594824038042727 35.04602823912154 48.51464261705476 51.33535982934625 22.537024891067173 52.291534487840266 15.980708154433593 4.217107249493413 58.67659318811958 116.96934463036928 91.8566248228726 74.75431210947795 71.64866049943794 84.10475397680925 102.16471094269203 72.27211000175213 49.02759989518047 44.48562874847381 62.841504797811695 93.67974911494967 59.80633851165778 27.794795944381324 19.05657525956464 48.46241082829513 93.2562300762642 59.146892045965004 26.359752875956662 16.916549502652035 47.6692150647763 100.99564276490932 70.62529665906129 46.58935179119385 41.809393380113825 60.99430753588185
40.78948815624738 38.3951165557395 36.60642569169865 33.81338406481504 30.85447516881644 33.010448516215455 42.26709172029457 34.1658617083957 57.717772122852146 31.450050235485037 10.072060854193206 27.85896869354296 53.751830445292555 55.41114289357168 32.707345742198015 34.912239293759356 4.873839328228877 64.06890450287757 53.44064958551307 0.0 9.006081570726076 31.430970914308197 46.25207866028592 35.74335270374175 32.323004239471935 31.915638094279252 46.237684017135756 37.830201206996165 64.86126470945877 31.83587220172501 10.638575614722681 56.42076222569761 22.307834909830603 60.168827640308955 34.41587793758235 39.95541454584597 1.251597560170132 61.32667925430118 49.50120802325943 9.417428917599617 75.06670873429057 43.142445262194826 21.96304783701088 38.70820871073815 70.06511569260154 72.03194603183877 37.669104343304724 6.646448018350138 32.622734355743724 66.92655675271065 79.58432120981745 50.53223462190892 34.17866110700245 46.66568975478887 74.71294339888682 95.23725168052681 72.55922731889565 62.083231452142975 69.559992696857 90.65117946127947 115.74910195324759 97.73847833951982 90.01367126510719 95.11470551261449 111.29172798114887
31.784106807030053 41.56099063163578 39.528372120905125 24.870518230662334 33.718996768762686 25.005757884754555 33.97478347074843 40.098436284526855 49.41981165294317 22.509814899053264 16.248755319985275 18.892289855203526 45.422527431876745 49.65150371881411 30.47482003554613 26.569956588854996 7.770375665146695 57.70010983949886 44.61668410381514 9.006081570726076 0.0 25.02789979660574 51.59923687868363 26.74634790952067 26.35952351032039 24.892662882515566 37.98150247506743 43.995766116581486 56.54035547846492 23.189855682432945 5.879563090563996 48.16556628962504 13.904120213167738 56.306371829637705 33.72672883801591 31.202483393722932 7.993832075016145 53.260936331816076 40.74335500817603 15.014260586540605 82.24745879035548 51.40742955410203 30.259555660245205 39.79189821992416 68.16147870180833 76.75705089470857 42.16330255912347 7.661441256642553 27.101764893896583 61.68604394348188 81.2894381238443 49.874756806817985 27.60164054021539 37.829225905929604 67.04543744983557 94.41179575821103 69.07912093381586 55.00053526579193 60.605189306673786 81.94946749515378 113.17400890799765 92.90271135460945 82.75380592944748 86.37240387393166 102.30793244755179
25.090573765479064 38.39091381269627 36.22422399240474 18.53612761831077 32.175574645936464 8.626882590446606 37.50915815315694 45.267074515843746 49.85359032457921 23.775335802564737 40.796643831594224 17.74543149123738 46.23911712104069 24.675243920778524 16.253737691215335 32.17283882204293 26.936866844934755 32.752792324185336 29.643716856310412 31.430970914308197 25.02789979660574 0.0 52.8864645725143 21.348333111495975 2.2239761628525425 2.9132867738466115 40.77820713325071 49.117123438720384 55.90158529313892 13.572533614922957 20.854310521055787 49.09592287635585 26.097117807242526 33.21925153134175 22.429792563607553 31.452429463740163 30.184254267563333 31.777491329676163 25.498410381018626 39.7124924145561 87.32779002861155 63.46141340250429 53.135279790271845 63.35742903544124 87.17665144500285 73.45526006329685 42.63060974106783 25.17746000500126 42.95674623777615 73.83428439313457 68.97732860100706 34.42997739768923 2.7980510911468492 35.001272831755756 69.55000627898367 75.58286345863517 46.16871871517573 30.74358070226614 46.40711958968488 75.87430111851728 90.88626313166857 68.23266360117267 58.70150409418505 68.05015377847062 90.61217865376106
75.96111513559241 15.129652215165963 17.049738521327743 68.30144484905425 20.777496627620547 60.71278598989461 83.83228451637179 12.354140642029279 98.69792959393267 70.11377725677579 52.19441385192855 64.11626376677964 94.7281921167683 62.651876200706006 37.94035315158804 76.65131539132541 44.213324498481214 72.19981385817597 82.51358428734609 46.25207866028592 51.59923687868363 52.8864645725143 0.0 71.14332775749641 51.53052565881498 55.5854216576679 87.77639220781238 9.616979702110042 105.52813427180473 63.83382424948617 47.189919933428975 97.61945268630436 64.66642972759242 55.625764313923874 32.13461445599053 79.40845425757283 46.23492887511263 81.53466981387703 78.38327982062754 52.66731228561479 34.649261144527 25.02127765165625 49.46110663017289 81.6185119868609 115.20245494120503 26.00752989599954 10.32920654770884 43.95278535154721 78.43376892668347 112.98990579490356 41.99512163872402 34.408126489449494 54.76386394369049 84.90627254596592 117.5325577805301 66.79899183318402 62.11024722343631 75.15344502867825 99.16238085676954 128.11360286714404 93.65779853229397 90.15448277252841 99.39101630120099 118.42302687986695 143.40205116913523
5.156790313758888 57.712614443666936 55.48821161869302 2.912612698932731 50.57022256586875 12.939535578590721 16.617833196105295 61.59141008615687 28.620767531958027 6.385808287941848 41.55828421565602 7.975866440208497 24.926645392784508 38.920762141036285 37.1780312380501 13.134619402151232 33.36554773445029 43.19728524560136 18.79567952608318 35.74335270374175 26.74634790952067 21.348333111495975 71.14332775749641 0.0 23.506339374783096 18.53606242984915 19.563397735751725 65.61655090611212 34.943269475202584 7.849161306392462 27.221947774636657 27.80330047304411 16.254512524608227 51.44379872474422 43.13544870868678 10.264203160296928 34.681032435082464 31.321159566049037 15.58409363961522 40.14458851394177 104.59098399639333 76.57934475135463 56.42977020990318 53.84275907619038 70.77123186493299 93.57971810576507 60.84685938932265 32.285595132050844 27.878696302408645 53.9159202930663 90.32449861697337 55.76014273935302 21.324309512940665 13.96828636897746 48.27374091532361 95.62093097236085 63.91392472679991 37.702153698822144 33.95217664838366 57.26153587648518 108.22037432278655 81.42280403360664 62.78919177989233 60.41587691499036 75.84497184387213
27.14477650265276 36.879512822908325 34.737859048403514 20.712901357875815 30.91359186370585 10.68793196941438 39.71813788168941 44.297450937632156 51.95892223893528 25.999269416779118 41.877909503487395 19.95719936660705 48.368848669349255 23.308288336141878 14.417844728134648 34.395977830429736 27.708131959965616 31.74616434771913 31.00718402905097 32.323004239471935 26.35952351032039 2.2239761628525425 51.53052565881498 23.506339374783096 0.0 4.9791461865507 42.96843211887346 48.093240280911424 57.95031059439962 15.760786162772249 21.86595545412618 51.21785537505456 28.14688256863082 31.222411868439174 20.632092307065104 33.6402671641007 31.086120042226067 32.095043544073995 26.917411202210133 40.83966014787259 86.06075288922325 62.88644371321751 53.83078973248343 65.08149160425201 89.26502495815429 71.68684482974476 41.32891495614383 25.922885789918283 45.063889206911284 76.05493750969508 66.82167672641677 32.255241694363455 3.243312715412821 37.08762411310853 71.66113989964502 73.38180949803407 44.17813131375156 30.22186565935524 47.64295958543843 77.59625370157539 88.87188321654384 66.64793312086664 58.14181247914933 68.65698605663475 91.8797100369399
22.19128656615308 41.18308885805625 39.0057663692974 15.760484145359023 34.83745820767659 5.724707143560578 34.82343902910138 47.70719393915157 46.983280590828876 21.278136297865256 40.953021205460935 15.45436360177997 43.38970248279856 25.403448137363807 19.16289900818257 29.696580324395093 27.625596692519867 32.87655964507122 27.03372105658552 31.915638094279252 24.892662882515566 2.9132867738466115 55.5854216576679 18.53606242984915 4.9791461865507 0.0 38.026839780919964 51.59373048648692 53.0021019641439 10.8330395580487 21.277129041992662 46.23911060442374 24.434407083798707 35.00976567331675 25.330815993640073 28.697051954267653 30.664051819787133 30.20096358086775 22.85588207869192 39.80352729380813 89.95750944204676 65.54419935587373 53.80082055143303 62.35232292557271 85.29884943696035 76.34106339389588 45.30392396727871 25.91861175469888 41.060256765665315 71.37896243163691 71.79831692805278 37.22455016740786 3.345187775526704 32.11802845701249 66.68432759877558 77.93274685521007 47.913934587292246 30.212808995133088 43.87162103073391 73.01685449895527 92.64690827813175 69.15654213303408 58.108460754589075 66.07077484654532 88.0277771605
17.331026458627626 75.36244026745202 73.14787049755222 22.268223895848422 67.83075732350939 32.4947844446358 4.013106212398596 77.15862658304121 11.480783612454976 17.955259952237324 48.25183582315955 24.311835996515597 7.542905838243625 57.18140227298347 56.19322124821403 11.416092327218617 45.709029062801704 59.82209628707228 28.12393378210765 46.237684017135756 37.98150247506743 40.77820713325071 87.77639220781238 19.563397735751725 42.96843211887346 38.026839780919964 0.0 81.16110904676633 18.625612966018302 27.20779645629187 41.02752981393539 10.19113467675433 24.07975231565965 70.50755430777247 61.934091005506936 9.329801203484845 45.52807143690486 44.010864700086266 27.701309249793795 46.85365216764702 119.90435211762978 89.31218739517988 63.016574580068514 48.58311663566411 56.07457952338976 111.43635815149449 77.68970100264414 45.25664000578977 21.342056756449722 35.46335302754467 109.70071729477363 75.20242400924214 40.882945178968285 9.07079180386329 29.79927430674621 115.00274798155195 82.67909955695711 53.29977150673941 35.223975664416464 45.11565095101378 126.46006319881724 97.86168045110632 74.54158084143904 62.69580454991811 68.55551329691154
70.60990516266403 15.865707661911346 16.809716727004396 62.869717509991084 17.75231875587072 56.26781712286289 77.16855030827745 4.030199847903709 92.32805206313796 63.885655489822355 43.05169041711014 58.189390272156885 88.32598613794333 62.50837730474492 35.84596439213165 69.85440381793858 36.357888373397756 72.29603126375102 78.59982707507301 37.830201206996165 43.995766116581486 49.117123438720384 9.616979702110042 65.61655090611212 48.093240280911424 51.59373048648692 81.16110904676633 0.0 99.29390550892036 58.71660852661759 40.158648920101164 91.18219142569535 57.520035428144254 57.68689495960407 30.880447596528473 73.19459265499063 37.95548958953244 79.43320499282338 74.40030908597272 43.61217861205254 38.98384439713155 18.874208904157847 39.8444326609481 72.20643517609642 105.99437325541784 35.33883015157473 9.37091289895466 36.354474209005154 70.35861195206378 104.7562573354076 50.8490894398193 37.581197943573045 51.32143433543278 79.05858237181242 110.73145854303534 74.36433903489272 65.8008918296658 74.32515773336337 95.46449622044771 122.87180417887211 100.40886547010102 94.02063643747368 99.96249523108015 116.36065225481649 139.5771574830852
30.811165614673623 92.52496025993474 90.29961831565427 37.855875879074134 85.21511673917075 47.27756491045276 22.598206802963993 95.27312649518223 7.145233732859507 35.44609371043583 66.6305239835143 41.43266952358995 11.1199175399569 67.26456482034592 72.00881443711263 29.98466319293659 64.23468889625553 67.3604567654908 33.895885686295465 64.86126470945877 56.54035547846492 55.90158529313892 105.52813427180473 34.943269475202584 57.95031059439962 53.0021019641439 18.625612966018302 99.29390550892036 0.0 42.73504866356691 59.31230631257604 8.476814444111263 42.65809282857456 81.75933130114893 78.03553018703273 26.133157056122645 64.14312731323855 48.802527331321265 35.77323653003606 65.2520699788303 138.16989503312755 107.91435574190731 81.20887963273798 62.76178586471338 60.64641026607103 128.48153582890689 95.31978251783625 63.71068691822798 37.776674217849326 34.49546929472574 124.46997659470867 89.8914149768902 55.34448476555505 20.985985698924804 14.583048101399774 126.67591820592443 92.89447101999662 60.056813084844286 31.290612159570138 27.31716640876302 134.79433506613057 103.59815679053104 75.43504894459792 55.16446614534695 52.82606590702364
12.187876216068993 50.13087780021628 47.91082032419335 4.9791461865507 43.14459893334047 5.570463946869152 23.99472023348983 54.71200727736504 36.467416782085024 10.815044581756517 39.13282858887298 6.29355249807452 32.77313092314019 33.418734100241956 29.331298684921734 19.167421635214403 28.648217728331122 39.05576261580854 21.733002575262155 31.83587220172501 23.189855682432945 13.572533614922957 63.83382424948617 7.849161306392462 15.760786162772249 10.8330395580487 27.20779645629187 58.71660852661759 42.73504866356691 0.0 22.11559893937279 35.65195590651793 16.849507445914625 44.877311112675635 35.30779180571006 17.88044734620965 30.661238507201784 30.614181803288982 17.700015660349962 37.79376193526605 97.60968124755306 70.67418278501258 53.4493424927727 55.79987612976788 75.92905900746797 85.88614214645341 53.51061170766631 27.29807610798773 31.966038144268143 60.77263752403823 82.5351366431726 48.001985010545894 13.82701873793118 21.74940062147112 56.122548994092014 88.51293842771906 57.5958957491914 34.56687105147873 38.30514809971249 64.3003467879617 102.19513380779141 76.82849304362621 61.28762967852267 63.28122944640572 81.53305273993813
32.37808418603992 36.32566101494919 34.235202823476165 24.8924374749928 28.479991378489117 22.613670621930524 37.026634507515844 36.17195627327708 52.280375548471234 24.19071450928044 20.015818136888992 19.274350699527396 48.27051384677249 45.1099744470449 24.659540835510317 29.696580324395093 6.613524248254332 53.57134481628844 43.84590217870944 10.638575614722681 5.879563090563996 20.854310521055787 47.189919933428975 27.221947774636657 21.86595545412618 21.277129041992662 41.02752981393539 40.158648920101164 59.31230631257604 22.11559893937279 0.0 51.101628782254856 17.477538912703956 50.9316939433545 27.850957976855128 33.379489350146976 9.386979206149743 50.84848609208213 39.78006791671328 19.005987341589563 78.88838216228866 49.43917885497293 32.556438455167594 45.50213926354654 73.99865798560216 71.90939846636854 37.43639651365345 5.182663090782546 32.358773557656896 66.79950952105128 75.56467288389987 43.995347926865655 23.57976054512779 39.639162360934606 70.57878502093179 88.5467143840622 63.61228140644003 51.45217760106233 60.35671736771193 83.86502608219227 107.52833266712989 87.94406096856072 79.37697473107481 85.21725823662533 103.04362576210256
24.255840843373623 84.90018177430252 82.67787566532856 30.686732002759875 77.47611390120684 40.54447609048306 14.19116477165596 87.17015341961276 1.425830478767211 27.525509423480504 58.17398569070575 33.70040744704435 2.911605573159599 62.72255847191198 64.9716150476794 21.595657250824786 55.88440123769877 63.94259742272336 30.594824038042727 56.42076222569761 48.16556628962504 49.09592287635585 97.61945268630436 27.80330047304411 51.21785537505456 46.23911060442374 10.19113467675433 91.18219142569535 8.476814444111263 35.65195590651793 51.101628782254856 0.0 34.26687753454219 76.79011586910168 70.88488699737091 18.303683836539086 55.71728919933648 46.35952188023502 31.556128401784434 56.79187401677029 129.98971500980105 99.50314266853596 72.79575929426461 55.60905971007392 57.27399282376525 120.93855781613766 87.46756628622943 55.40628645715908 29.731785147580315 33.059681782969 118.01023605479462 83.41038515954862 48.8162192549282 14.26914655309347 20.47066670849645 121.64789072386948 88.43679621277994 56.910124712460174 32.42368624231141 35.477687762815094 131.30676003925322 101.20202136276203 75.08011884869059 58.54050384261952 60.097821597190666
20.531974531609453 53.38118920082673 51.229436486393666 15.64025051182427 45.59260110871977 21.37395949468655 20.075853046089616 53.56088452184883 35.52927294733505 10.360788269082022 26.060415579411437 10.58646545862581 31.538192364255984 49.44714846583021 37.70409309318073 12.67483307712745 21.649280824604407 55.75457748154281 35.04602823912154 22.307834909830603 13.904120213167738 26.097117807242526 64.66642972759242 16.254512524608227 28.14688256863082 24.434407083798707 24.07975231565965 57.520035428144254 42.65809282857456 16.849507445914625 17.477538912703956 34.26687753454219 0.0 59.31132899072279 42.45568860150078 17.796981146635936 21.52525181481556 46.801909458551016 31.77247895465622 24.62316589980505 96.02937948934779 65.258443265388 41.115884914530945 38.95120601990216 61.14495720634029 89.22557511670728 54.861729608599056 21.290105275438563 17.075739395925165 50.246853189866734 91.02126943134003 57.71051121348181 27.766555260570634 24.62330092887334 53.25860660325463 100.95854543706352 72.25459976001542 51.416307860460876 49.612059828783686 68.36582834953968 116.98018317757531 93.16851970351364 77.91743107991782 76.52857156754193 89.64854524309374
53.21820543148874 41.908121031841475 40.89110926645851 49.198966737899696 41.623236252577556 39.32788639052386 67.97929054412704 55.27267276107663 77.15259565038444 55.692334663135064 70.23163123963371 50.337717356772316 74.23151635520563 14.950685995480375 28.01815673964527 64.0061449533535 55.295982326822106 20.432966094460166 48.51464261705476 60.168827640308955 56.306371829637705 33.21925153134175 55.625764313923874 51.44379872474422 31.222411868439174 35.00976567331675 70.50755430777247 57.68689495960407 81.75933130114893 44.877311112675635 50.9316939433545 76.79011586910168 59.31132899072279 0.0 29.206686221024935 61.51514256648168 59.05689125287084 37.74630575413775 46.04251134925912 69.45763923624139 87.83624665942257 76.2416438578106 79.40473804245954 95.87585057260927 120.30788483401997 64.90610619168595 48.39966921590534 53.54496748786299 76.06845147588834 105.359220189441 48.10087158578024 21.467372828852703 31.667798491847833 62.76701317343877 96.28807579417608 44.92202335086428 12.955934131263113 26.694140565546395 60.4330283527624 94.79756091391178 57.66890396008006 38.25662213074032 44.67956172141187 70.16968562067895 101.22318790444595
