0.0 38.192660879423116 50.26911620724568 74.18446760891324 31.098991297174422 70.39027529796766 54.638028096934086 45.36404970233522 48.3655158935501 8.698810398314192 54.750427044110545 36.87198884985316 58.53286776548509 58.330207722618816 58.572234063446075 28.466024371608103 56.46226320552512 54.05895364430013 67.84171052650012 68.90985651519563 16.65031446051103 41.01055261936976 49.338249632754156 74.07980630406274 37.49462392852012 67.65751227022301 59.52097852039923 33.61521870728622 21.997588365991792 18.179862448291804 54.52980908249362 45.115031170662775 63.809472203607605 32.37040033631311 56.51500476265857 27.552763941787042 66.91549173522417 56.37609780183224 50.61874519872537 70.86736711976222 74.92433733025861 40.58356797197369 8.674627701223658 29.97208457297568 64.15805524649926 77.60460086497908 45.299981788598075 21.82998523148707 35.99796926255878 67.15657047110136 89.5629031275494 63.504052395692206 49.38443905231716 56.91825776400619 80.22069813604773 107.75277560455646 87.11453005639447 77.21372908316006 82.0348492306624 99.45959448024448 129.57511318143202 112.78481459291434 105.09879615880045 108.46998485002227 121.98506621397648
38.192660879423116 0.0 20.610439489840562 67.68643405160738 39.9688596064221 57.619170538100555 58.142311987678916 47.56493189371524 11.880293035184206 34.4290153580661 23.640287247002735 13.872653869370524 37.40889123564813 49.14354327602345 52.4717043615828 16.01436231221992 19.15129316115604 53.575924497687105 29.772111059728463 38.47556474572621 22.6177652424118 4.346485243476467 22.60687830192466 65.86090761662005 44.36356446048867 52.66958932645384 68.52280519183427 31.248973769583838 33.441411132835555 25.244068200765746 27.33490160740154 13.988425225863793 34.89793450267684 7.188025677675756 49.56561313518562 34.98028436988949 29.7206245407613 53.284402073306836 36.61616671172469 46.17500644498931 89.1496948551605 61.76471028622625 45.57307921076083 52.285241029126894 76.06183062913823 78.64285128025452 45.47642381891951 18.61077435201594 31.92906909785804 63.93292358200712 77.53088911740794 43.54355483255866 13.262565592348286 29.165085346719984 62.61118781025415 86.17830442350278 57.43428801483882 39.56664669688645 47.19286415349416 72.68863823253395 102.13521066611055 79.22116809273625 67.19488527408949 71.7570808937397 90.43103243692936
50.26911620724568 20.610439489840562 0.0 50.91200513660291 59.82995437257124 39.24283543928736 78.75206259487327 68.15410356424604 25.728342167796484 49.5495735336313 38.915629525611436 34.39914936741059 17.879727523859263 33.31206625562789 72.70844523399745 35.864586325319934 15.1253225447521 74.14968204300767 26.03226679913915 51.44476201643733 38.462609171353165 16.423298060530808 3.7781445935684332 48.55373469475598 64.64042682803667 33.892154632451636 89.05209429058883 51.70557270991672 52.21079226219996 42.81870650420472 44.260372509501536 32.06356155103241 14.704239572730147 20.802567974528376 69.7937730750872 54.6462493623525 21.39710872753045 73.74421893582398 21.102250893101022 61.87730038475533 109.51965789829725 80.78297869786424 58.75393441227681 52.65891142671487 66.99774681905764 99.07487301637732 66.08473023605967 36.24079762621271 25.582063837717303 48.891014545490805 96.01099208448434 61.440751473737635 26.95691883273577 8.557990122994436 42.59879232596491 101.00212929579466 68.91477922141743 41.13269761303468 32.0840486258388 52.55196366607704 112.98554196734243 85.38136881528463 64.87688178180247 59.353413066144896 72.32863678961606
74.18446760891324 67.68643405160738 50.91200513660291 0.0 98.58505964113233 13.495391160769918 121.3861860994033 110.59684569122233 76.06577199832013 79.31521087938162 89.40912667211454 80.72165639939323 33.89842826918248 18.58581356697632 118.82911501225165 78.24618369621427 65.27144991555153 118.1822149331386 73.471411145411 102.35612494464152 73.40577209898792 64.62679648108599 47.39575546316735 3.3821222449483725 104.74940959743016 18.803151894268122 129.5846985026368 94.02402593733167 88.85733629034547 79.12606855820583 94.30026392574094 81.28247458970151 45.300707543530564 63.454367685794274 116.00328484847547 93.38605115810068 67.08663085845414 118.79474892765202 31.084828810659715 112.51228196027726 147.65001947175412 114.22951709746043 81.79895504436608 52.23588480631746 34.072546465362294 143.74903611986576 109.18838722517384 74.66777129275802 40.290220654875036 8.135191247714125 145.21526212858336 111.09406223809121 77.40254908810708 45.11390226915977 21.77657876587653 151.8932677217105 119.61487627235556 89.09927370517596 62.96388353257272 48.836756563114506 163.14395020037395 133.4896037899309 106.85383110016357 86.08570843352653 76.1478709592565
31.098991297174422 39.9688596064221 59.82995437257124 98.58505964113233 0.0 91.65047976276603 23.886544997594086 14.274977271955672 43.20412621790953 22.632116841043207 41.239564325112006 28.349311051052116 74.43708744973586 80.72921795428822 28.128672068195335 24.037740478454086 57.84721681934567 22.972298410441844 65.65354859648673 51.0513490665075 25.179288380847737 44.29920447186091 60.91377942347716 97.70548460514502 6.524843704271951 87.6215743171677 31.002205765204856 10.686653855613642 9.978156387759075 19.460689653481925 37.58318352949635 36.11330670846589 74.48406422370044 39.29136884515938 26.479742268686152 5.325490262524649 67.80616429033509 25.468632369147148 69.96616736429041 47.90063543595404 50.13048282484737 22.6378446333746 30.111886306097137 60.79330859579001 94.23255291445581 46.98021040709298 14.469092623893523 24.625637893851238 58.295303162859454 92.65589905035702 59.19220127591171 38.65269985422744 43.34943438822446 68.25791865461997 99.16623012465308 80.01700405022314 66.07895438289835 68.73795834217634 86.47633809904913 112.36626990336794 104.42216041745016 93.94882297061078 95.62143637027398 108.88168281932798 130.23696331369348
70.39027529796766 57.619170538100555 39.24283543928736 13.495391160769918 91.65047976276603 0.0 113.56117579113247 102.72387260159516 64.88102680376386 74.24796144785059 78.14033914830732 71.17404274643381 21.53057191684391 12.231875381943755 109.7563287228867 69.79968547929076 52.93211950422643 109.85658120538773 60.45785289905096 90.45456180680942 66.729155944269 54.148034393341455 35.99784301468258 10.339556028549742 97.52222703027444 5.554682995415078 122.51981574649292 85.95302033547952 82.29181364111209 72.33907042915598 83.35394357425353 70.69273534234705 32.085578973425285 54.34627041093407 106.87839357859649 86.34816104382404 53.978982406106034 110.11627597647887 21.771823220715934 101.11869864401004 141.50058738826036 109.10062092019244 78.6021106714858 53.370920770147215 43.74283520668738 135.35914748900967 101.08548758669957 67.15133728568875 34.57134225172621 16.610316622398994 134.85622474405292 100.41727431505757 66.15064998633771 32.6042925181593 12.042556702466092 140.0526032395189 107.23344996314988 76.0139375489669 49.51817250195324 38.99749877459905 150.35826430147912 120.26780784757796 93.35872539415718 73.22653656241104 66.35636937347908
54.638028096934086 58.142311987678916 78.75206259487327 121.3861860994033 23.886544997594086 113.56117579113247 0.0 10.837388978755593 57.12884357672495 46.38498215636777 49.639344750964064 44.47880298672424 94.94728240751382 103.18895431927153 14.1089422656409 43.85443388185165 73.141719069489 6.37504741388074 77.98781437056319 52.9818091928694 48.372951458837015 62.380168643743666 80.5455304766467 120.28518535883114 17.361974104185034 109.17325163959114 11.884497555687592 27.621325787908155 33.81071264772771 42.69702060300981 43.924229765790564 49.36942105851803 92.88280172119991 59.56199974709687 15.402062447442733 28.56424619735261 81.7680560548526 9.745566870996438 91.79236080244263 44.30350966694246 33.075950770114495 26.76084270766119 52.27915430495839 84.52763060901525 118.11678029191921 23.093726437717855 12.672282697160478 46.71945362584025 81.23842684218813 115.80807698442601 39.81486659296497 34.682023552351396 56.70357484806793 87.30739676564703 120.10287733900539 65.18948434177717 61.99073507027467 76.35977346720489 101.06215995883841 130.34986285435306 92.33907293311364 89.89138711497382 100.1454760637025 119.88523296408896 145.29459587760198
45.36404970233522 47.56493189371524 68.15410356424604 110.59684569122233 14.274977271955672 102.72387260159516 10.837388978755593 0.0 47.35556033085379 36.84381772468298 41.23949134209159 34.06790696154492 84.18119881038245 92.37062731554985 14.748645589946042 33.038658893596924 63.21019551808399 8.697383338546679 68.85104298395561 47.01245912207564 37.783143087552766 51.84169984423633 69.85605212902772 109.47175085017176 8.156416965634403 98.3429707663083 21.12773662494238 16.79231177587941 23.79460479997355 32.1632217296947 36.017125397934514 39.62297971155966 82.40579323024751 48.765253684411306 13.87633891834925 18.32269152716481 72.22008627954787 11.426436306335628 80.95497217599295 40.51252986158757 42.25542980652797 25.85278742737563 44.114092815095226 74.95719478055742 108.10157358107848 33.44195265327652 2.7074358985690092 35.93258303407432 70.49698674645468 105.08736393890808 45.378650079886846 30.65217968895431 47.0608788549787 76.71201000885013 109.31410980290524 67.88255164099284 58.86417487157746 68.67843642830753 91.45080894791336 120.01899667067447 93.6198473837748 87.08324062166734 93.79238262793558 111.37879756910233 135.67670145831906
48.3655158935501 11.880293035184206 25.728342167796484 76.06577199832013 43.20412621790953 64.88102680376386 57.12884357672495 47.35556033085379 0.0 43.306781459526924 13.34497854539748 14.958901024359628 43.60784651950099 57.85586983652317 48.82069828629978 21.87395516854367 16.08111601042502 51.72011349435095 22.472252035785242 27.299136841422325 31.93280575760086 12.468057427322599 28.886342799985503 73.90896399777827 46.161833881153385 59.58784165783538 68.41244039344605 32.98516951758184 39.06278075445497 32.95430710489895 18.53651944989421 7.760172800892718 37.61721068377348 19.06288119156962 45.93978744629775 38.956966893479255 24.940120492419364 50.58094048695249 45.217000825491105 36.45736943872316 89.61059400093914 65.80972140679268 55.01431853236897 64.16405530972665 87.1910068850378 75.4550984366055 44.89759372818679 27.07316005960502 42.952975442392976 73.15599930046223 70.34863575017155 35.75039919159586 1.4511832142803693 33.48096807142044 68.07862302656076 76.13459874026317 46.02013782839814 28.880219679554493 44.10350478739559 73.83095030502506 90.75275841898956 67.34264552696709 56.822456956196284 65.70648586993923 88.3214805039146
8.698810398314192 34.4290153580661 49.5495735336313 79.31521087938162 22.632116841043207 74.24796144785059 46.38498215636777 36.84381772468298 43.306781459526924 0.0 48.09458114338216 30.39159983961998 60.22964652050177 62.50825915677657 49.889006493978364 22.03819491676515 53.43097608899675 45.5244725260597 64.12850339260314 61.72460569562539 11.819753487813733 37.87913179610674 49.27198035527629 78.89633169492264 29.10455311550561 70.99205502163063 51.98667170744615 25.009005209762034 13.310441359283688 10.865583311176108 47.24407728221725 39.02540900333166 63.80978814589139 29.785878812682995 47.818118887548984 18.877564219141135 64.01636910001551 47.75409969008063 53.45513214903072 62.871642811477365 68.54094185694647 34.96622410839605 11.927473346440008 38.16731699715052 71.8754146238892 69.44030749852634 36.68232180184862 16.25049037617581 39.716664255953816 72.70211605703037 80.86625447835232 55.20158490095944 44.15761480568863 56.98588441904896 83.30488105848906 99.24689922253057 79.54499369645194 72.10837129471079 80.41505190103078 100.63943613365932 121.46421206975711 105.76378326606032 100.06527055594601 105.99432238595078 121.86546626606635
54.750427044110545 23.640287247002735 38.915629525611436 89.40912667211454 41.239564325112006 78.14033914830732 49.639344750964064 41.23949134209159 13.34497854539748 48.09458114338216 0.0 17.87849574694692 56.774646074768796 71.19253551003207 39.12608870581997 26.29312849173997 27.28929680409197 43.633438381763 28.80853718527364 15.079089012754052 38.21238091468924 25.400411299565633 42.172604335575876 87.23886007333196 42.32923150563464 72.80774141168878 61.426223170360416 30.57526615159581 40.238392840168125 37.229247158168334 6.221366910962623 10.371283773957053 49.889108159257056 30.327176024734634 36.41083915093819 38.26457440064034 33.540230360875995 41.71176777724478 58.549963494265775 23.11410787304411 82.70602284153917 63.4283165455448 60.006687371621766 74.65413440051984 99.70187109477605 65.42863845403248 38.565141571953525 32.991956391390005 55.53830980703371 86.46024608551281 57.6114329596145 23.114310523232145 12.013315494261304 46.359706667121856 80.9257641931922 62.88761844302543 34.120514848223465 27.72018137780266 52.60655206165443 84.62465436179993 78.6650905682684 58.11237921711222 54.41230976569577 70.27907926002067 96.50076269119246
36.87198884985316 13.872653869370524 34.39914936741059 80.72165639939323 28.349311051052116 71.17404274643381 44.47880298672424 34.06790696154492 14.958901024359628 30.39159983961998 17.87849574694692 0.0 51.250251359266244 62.1363260788153 38.66328502248108 8.42654389784062 29.68738583365001 39.75189887572051 37.423993906613354 32.325985937888625 20.360906806622864 17.976446645683527 36.47935568634256 79.07441282507217 31.759892413892263 66.33815803274557 55.16112331058929 18.455406102712463 24.29507828754577 19.555837137659687 18.392816606277897 8.809394470891208 48.40419271571581 17.355743140108274 35.76580412456422 24.001646325067778 39.47243148550659 39.41174828073718 49.82652756028206 36.632622068209955 76.06576312063225 50.90214738088881 42.31875162221541 58.185433847552666 85.87800956553444 64.77045767172876 31.85668477551005 15.143815405461458 42.87974495586731 76.43860616313248 64.80406235484864 31.924327572209226 15.284286121783595 42.929088409443736 76.466034153184 76.15157912010432 51.02912245912838 42.469980749319994 58.294483276352175 85.9512296900368 94.83464738843819 75.95514140340609 70.2816796107627 80.65112086000225 102.29589398072677
58.53286776548509 37.40889123564813 17.879727523859263 33.89842826918248 74.43708744973586 21.53057191684391 94.94728240751382 84.18119881038245 43.60784651950099 60.22964652050177 56.774646074768796 51.250251359266244 0.0 18.203177180290794 89.88042575490479 51.208135023889916 31.460936876187787 90.734584210027 39.77563478284021 68.92404075513123 50.70622895408329 33.57552124772167 14.950296990783134 31.256869687942455 79.82599302853177 16.08111267811728 104.6789910554729 67.44245528759733 65.80922009336237 55.900782009494485 62.13789870210249 49.79146186550559 12.853290110297861 35.45557976443979 86.97375496238442 69.12415026837694 33.58385502402063 90.6254792609205 10.542187517455062 79.66981302168959 124.55807849004276 93.90024193239103 67.19078188594035 51.05636224473315 55.62111381076952 115.98403603126414 82.30313042340569 49.90148787369369 24.522566302636008 33.2775987092207 113.85607695345422 79.30455903201236 44.833846439016725 11.215541405570814 25.226114064198804 118.5220313616997 85.81087778490756 55.44704477492865 34.352234325741236 40.99524891137148 129.24794532922652 99.98312071531181 75.38567504404769 61.35273503688217 65.11604036878563
58.330207722618816 49.14354327602345 33.31206625562789 18.58581356697632 80.72921795428822 12.231875381943755 103.18895431927153 92.37062731554985 57.85586983652317 62.50825915677657 71.19253551003207 62.1363260788153 18.203177180290794 0.0 100.3020243519387 59.80149634041685 48.19007762686173 99.82005857760316 57.57479184673981 84.52262003679539 55.61152403772671 46.18331625997704 29.632368479086427 17.11564849700531 86.77034851755191 11.31376801939411 111.71064811413255 75.70939581756136 71.16470848150993 61.2956309016083 75.92787531029842 62.82241904516859 30.963032400466236 44.88100249564964 97.46703778504151 75.47172130665773 51.58129878226788 100.34293303721618 12.647508553082483 94.3054546456658 130.26845992785212 97.44936336854067 66.46589031642362 41.63988613205487 38.0115120220514 125.38702002732839 90.88395414943078 56.50428802126704 22.81291564580393 15.58771273428969 126.65847955989199 92.61431006098469 59.222440267783576 28.84495544095184 23.486432202974 133.90761816454085 102.21991999482631 73.22147904313063 51.65916233561038 48.69049419299017 146.24785659893124 117.78917661764741 93.5675696118785 77.65459052569754 75.50050444275576
58.572234063446075 52.4717043615828 72.70844523399745 118.82911501225165 28.128672068195335 109.7563287228867 14.1089422656409 14.748645589946042 48.82069828629978 49.889006493978364 39.12608870581997 38.66328502248108 89.88042575490479 100.3020243519387 0.0 40.720476684676335 64.82592652852553 8.268719961412074 67.93364084384854 39.96934683233987 48.45115824249937 56.387405967042305 75.03273615354658 117.36558868297877 22.688338158110064 104.9812696612712 25.233298149805524 26.214969883587873 36.57859201488218 43.27467071209326 33.00719715883674 41.301274119289836 86.05565031616669 55.49617658104236 2.9149026044900332 31.02032481786184 72.42873506963862 4.436304870623296 88.23758087288502 30.41148673012449 45.43108028232209 39.12104840458803 58.23878369913818 87.45216721466868 119.57772910726278 26.63465083262157 13.722323375883395 45.409825847550294 79.56541333368038 113.99171156325164 31.088685742966156 21.048652905666593 48.10855188715794 81.12131229034004 115.07280051314542 53.24728812185639 47.902742875391496 64.41182278851636 91.64007917608772 122.64475676746943 79.47075061078368 75.78309441432589 86.9787195985567 108.54612380284604 135.62436131919182
28.466024371608103 16.01436231221992 35.864586325319934 78.24618369621427 24.037740478454086 69.79968547929076 43.85443388185165 33.038658893596924 21.87395516854367 22.03819491676515 26.29312849173997 8.42654389784062 51.208135023889916 59.80149634041685 40.720476684676335 0.0 34.58423075085387 40.076741719013285 43.82510604178577 40.55345025469854 12.073901807994375 20.311628559851915 37.16058875761174 76.91122008052601 28.813681387278656 65.33412638550615 53.49704897284861 16.25488018806859 17.67578260537423 11.283945847634179 26.34051452164614 16.988839404848672 50.477442324707575 15.753614714366961 37.956371780898856 18.97847802973389 44.93779139234133 40.54937531147707 48.062791224688254 43.85114409874936 73.7014773018164 45.77142146170736 33.95541630635064 51.04654325628011 80.33281314592206 65.62202196031376 31.300197827325874 6.928835662504328 38.873755992838575 73.27470783345849 69.10010103681357 37.99965117272072 22.538139261641195 44.34869400302013 76.2921378930891 82.68980336145361 59.05768140043341 50.32713709168554 63.028855033017415 88.3586851898287 102.44252425262887 84.3273027314867 78.246094966073 86.7671766904842 106.43950725410093
56.46226320552512 19.15129316115604 15.1253225447521 65.27144991555153 57.84721681934567 52.93211950422643 73.141719069489 63.21019551808399 16.08111601042502 53.43097608899675 27.28929680409197 29.68738583365001 31.460936876187787 48.19007762686173 64.82592652852553 34.58423075085387 0.0 67.79029645921408 12.190107301188437 37.74486118710329 41.6159335095466 15.571896353837761 18.903456385876886 62.70593132481331 61.442878681069615 47.415543080725016 84.3186582556394 48.1414910014894 52.24861299976104 44.386034165006045 33.314296785532946 23.805330974533593 22.77029940119811 24.09241496624075 61.95815063593899 53.17087538856732 10.588289173082556 66.65654056503476 36.18888464999726 49.180425175067064 105.44198864864187 80.16345070253315 64.2582512803222 65.0141912132203 81.9716135804125 91.45586437737745 60.80826950422026 37.76171687015279 39.358353524840034 63.77337872250247 84.8305387171336 50.402608140137794 16.717627802404817 20.331965352435564 54.24160870204603 87.2594712371143 54.356021416921564 26.263745651458414 28.632798237027675 57.833687950700146 98.07209731882737 70.2857335112678 51.54453803545341 52.61560103044163 72.62761559271898
54.05895364430013 53.575924497687105 74.14968204300767 118.1822149331386 22.972298410441844 109.85658120538773 6.37504741388074 8.697383338546679 51.72011349435095 45.5244725260597 43.633438381763 39.75189887572051 90.734584210027 99.82005857760316 8.268719961412074 40.076741719013285 67.79029645921408 0.0 72.16459383960894 46.61047782511958 45.95716625966925 57.728080064335614 76.1337964193886 116.93568071045333 16.756403971012084 105.3138059263654 18.19461406293065 24.184424334674624 32.41293836078994 40.43198164011953 37.81267236370551 43.98561077197615 88.05197882392436 55.577269461685795 9.12151619274753 26.89068561913207 76.14214552611885 3.8681489074672792 88.13591318586069 38.028920823106155 39.22844898686309 31.004214254270284 52.71136956262312 83.60952546530002 116.60812194226186 25.568703978273145 9.179712025206472 43.699313271036466 78.29334087654655 112.89339594775802 37.148696359772785 28.352648776749305 51.21093569696961 82.68063478154872 115.9502263509193 60.97237840614433 55.85729095914848 70.12301696653437 95.44229981000532 125.28376672348044 87.5582174149392 83.8607634436619 93.77383035726618 113.7943420300963 139.6405768188835
67.84171052650012 29.772111059728463 26.03226679913915 73.471411145411 65.65354859648673 60.45785289905096 77.98781437056319 68.85104298395561 22.472252035785242 64.12850339260314 28.80853718527364 37.423993906613354 39.77563478284021 57.57479184673981 67.93364084384854 43.82510604178577 12.190107301188437 72.16459383960894 0.0 34.42366031066615 52.349443021710336 26.87937627749954 29.683568993497868 70.63306513691936 68.37316332667166 54.91374962687355 89.61152784107206 55.329405993404286 61.3389585432617 54.43239629339121 34.96781847270419 29.688300407580495 28.468151926487238 35.60923115108162 65.20715304989965 61.42552884877762 6.669481464509669 70.43485144590858 46.343607265956095 47.06349636514764 110.91551497926811 88.27289447131687 75.34389531850957 77.17543297992339 92.89853916861557 94.18534124594106 66.27411858815174 48.04634558401348 51.1806222559553 72.97446886474864 83.82457909409254 50.64470337244665 22.317249452595092 28.741624706633928 59.57306507646226 82.27637356958213 48.06339910012513 15.672641455322115 24.000535810364823 57.45670039294657 89.99676650207559 60.23193902094087 39.3850486629095 43.23545676017427 67.69235161656098
68.90985651519563 38.47556474572621 51.44476201643733 102.35612494464152 51.0513490665075 90.45456180680942 52.9818091928694 47.01245912207564 27.299136841422325 61.72460569562539 15.079089012754052 32.325985937888625 68.92404075513123 84.52262003679539 39.96934683233987 40.55345025469854 37.74486118710329 46.61047782511958 34.42366031066615 0.0 52.61866762529382 39.75292643677244 54.98701950476859 99.97679918231101 50.42508006318997 84.9851846740026 64.76441815075971 40.98732766138496 52.293594420137254 50.96084166658698 14.49255646191135 25.44158796026352 60.29932292111445 45.318876935088504 37.87099115709774 49.23718583033652 40.621836879947644 43.677544664290295 71.9754107590096 12.873498552208387 85.38556158243236 71.75665531605132 73.49896493947216 89.72142955607305 114.42258869137102 63.86428329255836 44.34469374097021 47.42442643652349 70.18917124409104 99.99391218143316 49.68288806193459 19.26068859487563 25.853613480107597 57.971501452465 91.91208341163147 49.598528415377324 19.04404505119761 25.694121727519526 57.90121535226566 91.86818924727862 63.66726884768716 44.06310154826063 47.16367647681145 70.01490916010542 99.87283061374076
16.65031446051103 22.6177652424118 38.462609171353165 73.40577209898792 25.179288380847737 66.729155944269 48.372951458837015 37.783143087552766 31.93280575760086 11.819753487813733 38.21238091468924 20.360906806622864 50.70622895408329 55.61152403772671 48.45115824249937 12.073901807994375 41.6159335095466 45.95716625966925 52.349443021710336 52.61866762529382 0.0 26.074871399600767 38.58097044115894 72.54522602770776 31.3983200932618 62.91903638129829 56.17993596225131 22.243328555963792 15.569260052504383 5.72482604769763 38.40658251527431 28.469867408150698 52.98226534618547 18.159054549042988 45.94543193619807 20.005383665922572 52.202774224617656 47.32039665864529 45.20600560477919 55.62293124131008 74.77144875159621 43.194104290728276 23.141644242896064 40.00230876973436 71.13141128433948 71.22475130130852 36.77882972255441 5.2204770713636695 33.11613493775239 67.53486027855668 78.4024282679385 49.1608932460093 32.88585281274379 46.27092423991545 74.80207730342774 93.875634989089 71.11963835360058 60.81244005107697 68.79741682530478 90.34820446147783 114.32364187227905 96.31282094201359 88.7531606324438 94.1954734920683 110.73911047470831
41.01055261936976 4.346485243476467 16.423298060530808 64.62679648108599 44.29920447186091 54.148034393341455 62.380168643743666 51.84169984423633 12.468057427322599 37.87913179610674 25.400411299565633 17.976446645683527 33.57552124772167 46.18331625997704 56.387405967042305 20.311628559851915 15.571896353837761 57.728080064335614 26.87937627749954 39.75292643677244 26.074871399600767 0.0 18.660989262481827 62.67132993948431 48.70892575733695 49.0840731146003 72.82901234602004 35.58191598095908 37.618475179099214 29.14373693568175 29.774580322584253 16.656528794162323 30.58254916259326 8.74087010356334 53.47507382061845 39.28858618072647 26.14547372284641 57.33727275548737 33.559457342272346 48.37322563592651 93.48541044166144 66.01854338633821 48.70507665667578 52.732639135034916 74.72675748830375 82.6800956226 49.723366436709625 22.442706615536924 30.492358774003147 61.243283385873276 80.74803960828574 46.47108624996985 13.918722793119157 24.955016758699255 58.707988459426126 88.27390947214417 58.48001441787499 37.97854165348417 43.12372564415445 68.35035002199429 103.20870613885353 79.07838851951828 65.18833904186063 68.12063617606778 86.17479973007833
49.338249632754156 22.60687830192466 3.7781445935684332 47.39575546316735 60.91377942347716 35.99784301468258 80.5455304766467 69.85605212902772 28.886342799985503 49.27198035527629 42.172604335575876 36.47935568634256 14.950296990783134 29.632368479086427 75.03273615354658 37.16058875761174 18.903456385876886 76.1337964193886 29.683568993497868 54.98701950476859 38.58097044115894 18.660989262481827 0.0 45.11301018909609 65.96771436573364 30.742168454322986 90.599837706104 53.24229294341327 52.89082881093621 43.261766842508656 47.3606804748389 34.859611512156235 14.55465789591157 21.62611859866352 72.12203588373308 55.66359067180789 24.807566173172653 75.89096367104872 17.343161646319302 65.21537674390197 110.84674116246923 81.3868885996479 57.92630903081141 49.81862055399364 63.27036165739166 101.2497232609425 67.87520919504321 36.843270728925376 22.419950600322448 45.19653508951819 98.97371463986902 64.46334617299904 30.167922518243987 7.716076553322116 40.04779475520941 104.49830299038601 72.58986513499076 44.872195453098634 33.949544061415686 51.8310849982442 116.72077561318298 89.15310741655107 68.3197928842281 61.495463859420454 72.7363079163169
74.07980630406274 65.86090761662005 48.55373469475598 3.3821222449483725 97.70548460514502 10.339556028549742 120.28518535883114 109.47175085017176 73.90896399777827 78.89633169492264 87.23886007333196 79.07441282507217 31.256869687942455 17.11564849700531 117.36558868297877 76.91122008052601 62.70593132481331 116.93568071045333 70.63306513691936 99.97679918231101 72.54522602770776 62.67132993948431 45.11301018909609 0.0 103.7978128420089 15.779738738646902 128.7036523795717 92.8223044754385 88.06189226132545 78.25038018813726 92.23969859456179 79.32110890159018 42.348429558160035 61.896058247360926 114.52205946038616 92.4701168326547 64.19998369444345 117.44676838820445 29.267570986719804 110.31565747028266 147.0339581173885 113.85615514374261 81.8675220428243 53.255855502028176 36.94467491518193 142.50251139433854 107.9966765383699 73.58295479768745 39.50282311525597 10.067151302531583 143.37360174349433 109.13300967486077 75.225566903713 42.4571080406288 18.4708993420177 149.55280766940342 117.06154277494177 86.22981533625722 59.68727714128821 45.65495369890709 160.42761428891257 130.55018816741006 103.65536066413185 82.70590017956326 73.01265660737464
37.49462392852012 44.36356446048867 64.64042682803667 104.74940959743016 6.524843704271951 97.52222703027444 17.361974104185034 8.156416965634403 46.161833881153385 29.10455311550561 42.32923150563464 31.759892413892263 79.82599302853177 86.77034851755191 22.688338158110064 28.813681387278656 61.442878681069615 16.756403971012084 68.37316332667166 50.42508006318997 31.3983200932618 48.70892575733695 65.96771436573364 103.7978128420089 0.0 93.37283135391466 24.999796283321995 13.306202293602 16.468806660013886 25.67648262072919 37.902159514952906 38.69041082850945 79.18556005340149 44.44434513363989 21.438735386041113 11.398343932261017 71.05448782188623 19.574106425412467 75.78299749277713 45.67406693389315 44.888889601907074 21.377423975789156 35.96973817079155 67.27180564193573 100.75721098921355 40.45551286838973 9.061031737462187 30.37119351937704 64.47922006637334 98.93221704703598 53.51207883251361 36.02413297885652 46.11684272621968 73.14791630144187 104.73443361525854 75.46936243620306 64.06116091089007 70.04865702559151 90.02538923774378 117.03461626238084 100.66147908325613 92.19666155689862 96.24138116476882 111.44178080403192 134.05530790638358
67.65751227022301 52.66958932645384 33.892154632451636 18.803151894268122 87.6215743171677 5.554682995415078 109.17325163959114 98.3429707663083 59.58784165783538 70.99205502163063 72.80774141168878 66.33815803274557 16.08111267811728 11.31376801939411 104.9812696612712 65.33412638550615 47.415543080725016 105.3138059263654 54.91374962687355 84.9851846740026 62.91903638129829 49.0840731146003 30.742168454322986 15.779738738646902 93.37283135391466 0.0 118.36703923714073 81.5521824582368 78.43231322185443 68.45142333576567 78.09276668301781 65.54637876958432 26.572830088378723 49.7378903632232 102.09200166063444 82.30258610377254 48.44746567859932 105.46175161546915 17.713590215573284 95.74002999209317 137.6260822510973 105.65951753419226 76.03776289712617 52.86172282973243 46.92328536209214 130.75902823258753 96.63269105970353 63.029184571101034 31.659545850570783 20.659699633308367 129.69764044002864 95.20491131250249 60.838517398530165 27.083724254301956 12.672170246732668 134.57941081854423 101.69682347137842 70.48190087761843 44.5867823363404 37.45787404926849 144.804243604224 114.7719895905859 88.15738391530812 69.03342091113728 64.45367474915376
59.52097852039923 68.52280519183427 89.05209429058883 129.5846985026368 31.002205765204856 122.51981574649292 11.884497555687592 21.12773662494238 68.41244039344605 51.98667170744615 61.426223170360416 55.16112331058929 104.6789910554729 111.71064811413255 25.233298149805524 53.49704897284861 84.3186582556394 18.19461406293065 89.61152784107206 64.76441815075971 56.17993596225131 72.82901234602004 90.599837706104 128.7036523795717 24.999796283321995 118.36703923714073 0.0 37.36446903735519 40.78503363900512 50.46284456434911 55.77076893448128 60.66183676113569 103.41136918026118 69.23266015664673 26.96647006007291 36.23906304379358 93.20619548742378 21.163225616539933 100.78278356074364 55.644123136228025 21.307749526615282 23.91229342953193 55.537605612532744 89.39744834236464 123.66985152298695 20.85902024389456 23.51701108264012 55.37013218808774 89.29447861003194 123.59614445933329 45.07577861666631 46.20753081381895 68.06809355803493 97.60232675086097 129.6687409589905 72.41623210444904 72.9243841733619 88.24158545153827 112.47197632136339 141.09596013446316 100.35821153611464 100.50551202878968 111.91785917196842 131.69858912885383 156.71021495011124
33.61521870728622 31.248973769583838 51.70557270991672 94.02402593733167 10.686653855613642 85.95302033547952 27.621325787908155 16.79231177587941 32.98516951758184 25.009005209762034 30.57526615159581 18.455406102712463 67.44245528759733 75.70939581756136 26.214969883587873 16.25488018806859 48.1414910014894 24.184424334674624 55.329405993404286 40.98732766138496 22.243328555963792 35.58191598095908 53.24229294341327 92.8223044754385 13.306202293602 81.5521824582368 37.36446903735519 0.0 12.462828098984119 17.106606980154858 27.14644076748385 25.66659345083958 66.14056221065319 31.999247398582543 23.756366047329337 8.305216333882981 57.81606031974286 25.182545931555953 64.1893011349619 39.25183756131051 57.90428073043159 33.19026106511938 35.28623589376552 61.510005436705065 93.36316406893123 49.734378154357145 15.174585280195764 19.54180351710652 54.114235735398836 88.71117918278709 56.52509032318131 30.74446560746745 33.01815968690378 60.249613665874406 92.54552068290079 74.28052882543604 56.97731915291774 58.051943423139214 76.73614972465151 103.93094108334076 97.16434152274962 84.46131983593023 84.97787361947663 98.50625682064155 120.74951523256068
21.997588365991792 33.441411132835555 52.21079226219996 88.85733629034547 9.978156387759075 82.29181364111209 33.81071264772771 23.79460479997355 39.06278075445497 13.310441359283688 40.238392840168125 24.29507828754577 65.80922009336237 71.16470848150993 36.57859201488218 17.67578260537423 52.24861299976104 32.41293836078994 61.3389585432617 52.293594420137254 15.569260052504383 37.618475179099214 52.89082881093621 88.06189226132545 16.468806660013886 78.43231322185443 40.78503363900512 12.462828098984119 0.0 9.984471611409608 37.96950571568329 32.959455900006176 66.91195405985617 31.41143689473415 34.52530104608277 5.578502731048134 62.61264582266093 34.49968404846225 60.72617025233239 51.57008554400352 59.213110993729124 28.57691718064221 22.845904984994483 51.20623058455034 84.36271820947024 56.89362533794756 23.447915463603877 16.04922396081552 48.58192209626925 82.81111902410154 67.57062823059623 43.203119540827316 39.522857251077625 60.435336693444114 90.20881645036944 86.56114745619455 69.04114134676502 66.59802108537589 80.61441490999273 104.67493316515579 109.62593160110637 96.17768793864443 94.21853877733312 104.39732303263193 123.75440062855199
18.179862448291804 25.244068200765746 42.81870650420472 79.12606855820583 19.460689653481925 72.33907042915598 42.69702060300981 32.1632217296947 32.95430710489895 10.865583311176108 37.229247158168334 19.555837137659687 55.900782009494485 61.2956309016083 43.27467071209326 11.283945847634179 44.386034165006045 40.43198164011953 54.43239629339121 50.96084166658698 5.72482604769763 29.14373693568175 43.261766842508656 78.25038018813726 25.67648262072919 68.45142333576567 50.46284456434911 17.106606980154858 9.984471611409608 0.0 36.50730727971116 28.251082667995494 57.473742962074056 22.084156631601896 40.85773677068443 14.281485569258535 54.93319602131928 41.93653786833977 50.74799496653412 52.71262340552847 69.1827733412974 38.14840320654428 22.785734407062137 44.47384852995424 76.36426650505358 65.60002455335766 31.254477238701398 6.721256657162581 38.837637056952154 73.25573445679366 73.58466326588966 45.58482132720493 33.70580874510158 50.88240846642249 80.22960662788219 90.11221326685283 68.98288431516603 61.577964687369374 72.24841313383489 95.09259026521684 111.44385849865091 94.9667094415398 89.51153662639597 96.95695673763234 114.82022779899627
54.52980908249362 27.33490160740154 44.260372509501536 94.30026392574094 37.58318352949635 83.35394357425353 43.924229765790564 36.017125397934514 18.53651944989421 47.24407728221725 6.221366910962623 18.392816606277897 62.13789870210249 75.92787531029842 33.00719715883674 26.34051452164614 33.314296785532946 37.81267236370551 34.96781847270419 14.49255646191135 38.40658251527431 29.774580322584253 47.3606804748389 92.23969859456179 37.902159514952906 78.09276668301781 55.77076893448128 27.14644076748385 37.96950571568329 36.50730727971116 0.0 13.348492650240102 55.76582936551625 33.42915092134675 30.331146136008282 35.2444779894263 39.761543721512744 35.72796081287007 63.286992652588054 18.897456947035586 76.99557907417702 59.22559222058793 59.00689726145234 76.49018661643161 103.02657397483082 59.23143598870321 33.31559542424039 33.26158891628881 59.14030948158769 91.01460115345432 51.84993874994582 17.24844341021748 17.362484423763867 51.964000464196715 86.56739130127691 58.89418813530678 32.71783883732717 32.66845332314612 58.81188646133687 90.80356500530488 76.47644240922052 58.555351527621994 58.34042560983022 75.98206661459173 102.65347900171946
45.115031170662775 13.988425225863793 32.06356155103241 81.28247458970151 36.11330670846589 70.69273534234705 49.36942105851803 39.62297971155966 7.760172800892718 39.02540900333166 10.371283773957053 8.809394470891208 49.79146186550559 62.82241904516859 41.301274119289836 16.988839404848672 23.805330974533593 43.98561077197615 29.688300407580495 25.44158796026352 28.469867408150698 16.656528794162323 34.859611512156235 79.32110890159018 38.69041082850945 65.54637876958432 60.66183676113569 25.66659345083958 32.959455900006176 28.251082667995494 13.348492650240102 0.0 44.81732989571396 20.223733606367823 38.40381678862072 32.18246933643365 32.611462034237206 42.91992609681663 50.20965680285747 32.21504254593492 81.8738789027822 58.749798658048704 50.93672056257807 64.28346618642432 89.80524712625791 67.91718673310866 37.15035615689415 23.289438615814465 45.82020535954447 77.79092984970535 64.163647852075 29.814946960617643 7.46607549484136 40.217003478384235 74.65873236744098 72.22221763585404 44.47373705736523 33.68397944810094 51.82798733560065 81.4401785785846 88.93765523854111 68.16915168297918 61.47308762246203 72.83974397227993 96.0577776153021
63.809472203607605 34.89793450267684 14.704239572730147 45.300707543530564 74.48406422370044 32.085578973425285 92.88280172119991 82.40579323024751 37.61721068377348 63.80978814589139 49.889108159257056 48.40419271571581 12.853290110297861 30.963032400466236 86.05565031616669 50.477442324707575 22.77029940119811 88.05197882392436 28.468151926487238 60.29932292111445 52.98226534618547 30.58254916259326 14.55465789591157 42.348429558160035 79.18556005340149 26.572830088378723 103.41136918026118 66.14056221065319 66.91195405985617 57.473742962074056 55.76582936551625 44.81732989571396 0.0 35.500976128772955 83.14725699077036 69.32142931180702 21.9186991920437 87.40295841327804 22.408668703288747 71.9400294450458 124.02765499723735 95.48117557291367 72.42396832242328 61.38882718602083 68.45966430667518 112.61166804572404 80.24976159370583 50.92634795476661 33.790439792519386 45.661000342192665 107.49871635161807 72.9723158520348 38.584938390006286 6.891283372956521 31.639150252752156 109.57500836212996 75.97054015417193 43.94551854351255 22.039495097161833 37.88291440330145 118.46302061497452 88.20255561756906 62.61549947350317 49.56326387142219 58.19913978727691
32.37040033631311 7.188025677675756 20.802567974528376 63.454367685794274 39.29136884515938 54.34627041093407 59.56199974709687 48.765253684411306 19.06288119156962 29.785878812682995 30.327176024734634 17.355743140108274 35.45557976443979 44.88100249564964 55.49617658104236 15.753614714366961 24.09241496624075 55.577269461685795 35.60923115108162 45.318876935088504 18.159054549042988 8.74087010356334 21.62611859866352 61.896058247360926 44.44434513363989 49.7378903632232 69.23266015664673 31.999247398582543 31.41143689473415 22.084156631601896 33.42915092134675 20.223733606367823 35.500976128772955 0.0 52.64044395861989 34.0374757066994 34.57567644530389 55.770007846362056 32.743709437977486 52.32288321268435 89.28450297498021 59.98085396958764 40.23068863075065 45.10142865155791 69.6031214739857 81.03144885589893 46.95732543427063 15.451125135729736 25.832852567810146 59.082886045124454 82.14776818343265 48.8413443266738 20.433958387284775 29.059680604591275 60.54941832928844 92.29405393857103 64.33624170497353 46.42118241369908 50.65091246059158 73.28654900985151 108.97616334291267 86.40552655152295 73.82936961353866 76.35696808854765 92.76177711042475
