0.0 79.45354636261774 64.1001201643837 24.638225116002378 90.11078377030601 76.89634476105378 31.636107930357646 27.519994257232877 73.56419782082365 46.843925414900525 68.93066548318646 70.45850291114373 42.65463637178903 20.59242362576835 27.597140251690742 39.14166571391209 54.586495268025956 34.85957473505777 45.209651498471366 61.41136257634788 17.472726295990626 33.43719548881027 54.7702501119841 60.039532328965755 85.94721201202036 50.10653539256463 29.021249608247597 30.574889962688754 76.9748309136865 31.779774892589565 54.8980976961254 75.20265701936174 57.30723999122604 25.007791817984586 29.97295084998199 81.03504816065292 13.077002229145663 86.9724433742142 31.841837075893874 37.08701358755462 143.7893367564457 129.64945922466455 116.36698153774161 104.27008061140955 93.81848556420745 85.61687895141024 80.35717077279 78.63194664704614 80.66829847066494 86.20005178916732 136.48412663208975 121.53562859273187 107.29675745984954 94.09023464255132 82.41385380534716 73.00552919946544 66.83011476364604 64.81831636281116 67.3443166429802 73.94452503908265 130.28795110218732 114.56665184845717 99.37195805293642 84.98679425265607 71.89871463597622 60.94912595288324 53.46837908400388 51.00627401373894 54.25046760291029 62.31602764086427 125.3654545475191 108.96252562136763 92.8863477324798 77.34094652898997 62.72222281398158 49.852174169204126 40.43647009948269 37.197900060528085 41.604882331686596 51.73930332778268 121.87114437861453 104.94222134065417 88.15823688228743 71.6211600233308 55.551933527667735 40.51117126142493 28.195808164610547 23.40006670789867 29.98055317392868 42.99784806345604 119.92997330945214 102.69198386162753 85.4798324643828 68.31305237015509 51.2372681494025 34.38830219721576 18.400167551226392 9.658683198877732 21.13592471781893 37.40157247408948 119.61760705705814 102.32868554101434 85.04505490960194 67.77076329905661 50.51539235948159 33.30836060009994 16.30344810275819 4.568530152305341 19.355981737076743 36.430071421827186 120.94667074637968 103.87213242410331 86.88759759200849 70.05855641980192 53.531859965064825 37.70717075599697 24.0148581706586 18.174380070247953 26.12689725873936 40.41823129781632 123.86431954278859 107.24000657746693 90.86900987841298 74.91757799477402 59.7228483900857 46.04022521720495 35.6552190759143 31.962408353702344 37.02168336685116 48.148968026051506 128.26215012757473 112.2681924171553 96.72547861643349 81.89134698224862 68.22954286707804 56.59550902356797 48.4720133280311 45.76815293679074 49.38233371541376 58.148166401382454
79.45354636261774 0.0 18.263069064307626 75.04221530187606 14.331369048662767 24.085819633890257 49.86063902980181 89.04230203163328 5.892761437318714 36.81562690990592 94.2691939432334 9.09721398587774 37.929706515584435 59.84520943229837 53.67607574723502 51.209398137147254 28.975970167101316 52.27382962794825 35.53972274884759 26.68354448528773 63.15594882115606 54.14369934697295 25.226870515744118 32.051000260812174 10.747285973399725 39.79255782384127 52.12384640620363 55.09809114755949 2.4787232420531717 80.36936646678457 78.83995009899539 4.9791461865507 29.382058972636397 60.902107667151164 52.58641000161073 2.0216869834923714 74.9331406874905 18.007174757199554 47.759318222013015 42.39158755434017 64.63338607330995 51.92492674002274 42.58670592972107 39.1121862126201 42.94886240793941 52.51811627750351 65.34834638969117 79.88345446719735 95.346905048976 111.35261285700685 57.11376711854902 42.247988200887214 30.108356697988143 25.0368588802939 30.75525947941493 43.169875980903896 58.138635366214366 74.13011652302211 90.60440360466131 107.33942543483774 52.42528559086628 35.68850403566996 19.940939940018996 10.969314721144311 21.01722292753735 36.90304144772204 53.67176437351332 70.69791459581823 87.83191321937234 105.02098764381643 51.349454067754294 34.09597847631038 16.941623868986344 3.1960985968321682 18.224297764920898 35.394188331834755 52.65059982730679 69.92950959745758 87.21754708065268 104.5101826658438 54.10223263052956 38.09846946987487 23.971802690196302 17.21956504772855 24.84132976707746 39.19670976885884 55.266487103329254 71.91035589321972 88.8061153328717 105.83319471782059 60.16030138935304 46.265949488269186 35.50384615080007 31.292441445909 36.00860289572838 47.03967329876262 61.053673405116854 76.42695858820477 92.484148654285 108.92320366167816 68.65411450760638 56.830098001461465 48.421442802726844 45.368664203811214 48.689821775249115 57.28686831786556 69.22120558785765 83.06665280639771 98.016660817052 113.63611340839192 78.79982691361003 68.69384042438949 61.862516371104206 59.445726341839354 61.96219862087523 68.87328919533675 79.03443616620173 91.36766640475133 105.11115571929798 119.78044864182141 90.0406375334176 81.2900231376827 75.5480399551702 73.52300215367627 75.51453089087215 81.22772883028986 89.95626999398695 100.92078138911097 113.4749520610262 127.14878055929475 102.01505510714449 94.32552963194965 89.365628098147 87.60023575275544 89.21918513498068 94.04786314374516 101.62978894435209 111.4042338176822 122.84896619843583 135.5415417886146
64.1001201643837 18.263069064307626 0.0 64.02063215921416 32.270918020612875 33.60624775893064 33.10442044856639 77.65479487272331 13.294479899126484 28.6185700378239 76.96108028978651 10.29338447060883 26.437551693027224 45.91578953906912 40.78038461296823 33.03370295528874 10.83369230579505 34.3957818458356 18.92154190075351 26.361557638594125 47.04969945381221 36.28461471165228 9.978095558522465 31.562878388707222 28.27273723526184 21.563522093401193 39.30166541144015 44.14090388021546 16.137237975673493 70.59560082458091 61.05676089282677 16.30691506978772 11.26697363799192 49.115957073736496 40.56378535911772 20.257331157291226 61.61261601235753 33.853643543825484 32.38789916241482 28.190540730245033 81.88830783964065 69.98283204020638 60.730531614277986 55.475192927749 55.366916666099186 60.433374573772426 69.55277804714429 81.37373025763743 94.89192741227986 109.48045793497863 73.09907319533548 59.5114088692614 48.35748679947209 41.64121436730773 41.57211083072029 48.178787078696296 59.26935220073415 72.82322539263683 87.7057219519189 103.34442718242646 66.19790243849316 50.83987670320956 37.228133854552254 28.033639588583856 28.009749339981152 37.17414799037511 50.77399541820059 66.12707504342391 82.25747144157978 98.78513690396696 61.82048218582416 45.02073159372804 28.821404392290106 15.270666371368158 15.3109756085023 28.885489767691148 45.08913268767678 61.890234094704276 78.90807999449079 96.02750607438888 60.51703628083083 43.22193168628598 25.935933972483458 8.713412489319605 8.825419947286488 26.04930154794446 43.335410219340325 60.630545441006156 77.92869751203389 95.22822241973279 62.48026526448776 45.918434701651606 30.19824777964439 17.722249238397563 17.746393796429327 30.240755498017915 45.96503583159685 62.528218993435715 79.40707932888316 96.43600339151847 67.42539712945597 52.42103244187626 39.350405640763775 30.783981606951283 30.749990906517493 39.27059555970663 52.32118813770892 67.3167371333656 83.21231150474006 99.57782780859175 74.76298827686033 61.53464260744456 50.815591462434725 44.459427580103906 44.381993376839695 50.61211556269551 61.25451344664873 74.44023685853092 89.04654164802194 104.4793212321056 83.86733208821214 72.27814756664657 63.350052273712244 58.318306851605314 58.202388169490646 63.0294244529203 71.80944219701917 83.3017461628709 96.54254565728519 110.90736049911305 94.22758895548877 84.0285620740388 76.42936821524594 72.25500512297707 72.10278471046948 75.99687966512599 83.37222698640203 93.40781072384236 105.34608836137008 118.61393644316175
24.638225116002378 75.04221530187606 64.02063215921416 0.0 82.46747640743723 65.17764705240856 39.06211849541415 14.01290084443427 69.53169739458075 38.30104555695279 90.9927271519149 66.99638059461863 37.82710419660172 21.33804139316737 23.766331947447323 50.944321119822455 57.39370083238758 46.31151533695228 47.536405646051904 51.240993257603144 30.084242939380786 45.75474644102888 54.059301453978826 47.860559921235435 78.69984348982467 57.87110271905192 25.088246400869195 20.070388089960325 72.69166300465737 8.478962962282047 75.431465329128 70.18676783973935 61.278331805146856 14.988745943845277 23.481312016788703 76.16087424519257 11.6888974775453 77.42956093887489 34.8772922672088 36.53646852163147 136.25957372169384 120.59524662209218 105.44408295575003 91.0625872623745 77.87832826829067 66.60609788553387 58.36445480060377 54.54489838577868 56.05873119174854 62.519723231065115 131.1880741641323 114.86108923614502 98.86624465474726 83.39486997426172 68.80101626003491 55.77778082246581 45.68859073499073 40.773021817214655 42.85016671829495 51.07386574728129 127.46740237005926 110.61242579425132 93.92011969087041 77.4956714601947 61.553873778531404 46.59280769663846 33.935381990776555 27.037763269012622 30.152631796648343 41.06131799970434 125.21808504056597 108.02473801331058 90.87261411642383 73.79046511426507 56.84141324024474 40.194185505831605 24.47267067116064 13.452265350585975 19.019149516501308 33.78173212822063 124.5199157351402 107.2183929792783 89.9170271546742 72.61593043206038 55.3153553147479 38.01601393602293 20.720996560846096 3.495094028675061 13.92067767631617 31.210069730301694 125.39881557344955 108.23322291706197 91.11921145038161 74.09253271575307 57.23118616392416 40.74096822422243 25.356594223261876 14.993325381940151 20.13343731378396 34.41835770020395 127.82224481506171 111.01928270799034 94.3967458934504 78.06996718664485 62.272012628946825 47.53311452416599 35.209374250472095 28.61315664387385 31.566359790685773 42.10542776207397 131.70493758120705 115.44837283952994 99.54480321593293 84.19449953278833 69.76363310759885 56.95542209373825 47.11242464816343 42.35499799928379 44.35105414512615 52.33345966977114 136.92275720553184 121.34064905958503 106.29187632101092 92.03842140218173 79.01188038342069 67.92187905774782 59.854692827602626 56.12918169842635 57.59413172143312 63.89351426626749 143.3298948067273 128.49490287948225 114.35519679743814 101.20262670424526 89.47358223772223 79.79825709214528 72.9978862824528 69.91645456529842 71.0395628285717 76.18148072430641
90.11078377030601 14.331369048662767 32.270918020612875 82.46747640743723 0.0 20.866714483056143 62.13345617022649 96.40875788518589 19.046595359739705 44.6148143784498 108.60014304747757 22.266553701551814 47.5372206264757 69.83640190923269 63.17959343451843 64.8084057651781 42.707773190075464 65.47388522571138 48.124338928022944 31.328489190910414 74.67605697737022 67.30707342389387 37.82674134602985 35.532834171826735 4.248854447998149 53.82313030698959 61.64647656484929 63.229846273768686 16.174835537696755 86.7107058143451 93.13013702499677 16.2892358698648 43.51023474087534 69.35064703809772 61.55750524683206 12.32399239777663 84.08201526263571 8.057170725125083 59.12946431331554 53.25866258773702 54.04667895432352 39.585016378495126 28.48884000154672 25.59228311150315 33.12138844262641 46.236330489604526 61.459585169095114 77.55948316199836 94.08706985910585 110.85120868992207 49.00175595141299 32.39566773516475 17.219160281302518 11.926133685508448 24.221454119899576 40.37125221966321 57.198865049775634 74.24483356617147 91.38705297047646 108.57994557488517 47.787149633624885 30.536149606838737 13.416957827657438 5.127050196821449 21.708802176215123 38.92262968974112 56.190601294492836 73.47455210847397 90.7653540899651 108.05971849140813 50.67902851138169 34.86985266115323 21.497941710423657 17.525083463167665 27.40087192830447 42.34618275475862 58.602924711834284 75.32674528381322 92.26400438244059 109.31553701844909 57.056330192423765 43.58699143054216 33.80733164335093 31.380796160944254 37.75290593487075 49.64391492741149 64.05047631380216 79.61857563762757 95.78350850138341 112.28780992922178 65.91497964806322 54.627870848911854 47.141569347309925 45.37790655380448 49.946819733965704 59.40470314275026 71.84605949477529 85.98544836029379 101.11301572814219 116.84558239147117 76.39651565426158 66.8507779896126 60.83026998207251 59.416439552274994 62.92059397985179 70.61434216321251 81.31706958561716 94.00660937958848 107.98479393844217 122.81239819396936 87.92231097162785 79.71368379168167 74.67862560358458 73.47251174415645 76.27719163387815 82.68553118048558 91.94711137862208 103.29730217169258 116.12528192109049 129.99429482114076 100.1322778508272 92.951126887513 88.6116633864496 87.5375220305694 89.84589370219197 95.29127684967241 103.379138361494 113.54620658005899 125.28731693149533 138.2018759382043 112.80432535220176 106.42328572535278 102.59472964669 101.60759931549264 103.54319295261112 108.2448347754784 115.37486114577632 124.51680927703677 135.2633574877358 147.26363720203966
76.89634476105378 24.085819633890257 33.60624775893064 65.17764705240856 20.866714483056143 0.0 53.590468964252416 78.7749580589587 23.477618348755865 30.094770606355628 108.6357021052998 24.726943660498335 35.29464497368294 56.32597920300347 49.301617589148606 60.14893768321374 40.820301686353936 59.308512338928146 41.79489833985917 15.58177375649304 63.67282872484337 60.9030078453766 33.33482230903737 17.40428973103959 18.86351960421767 52.12069249734755 47.899645360846016 47.467545238133695 23.579336914586207 68.32538842214397 91.90074116231898 20.845397518095766 43.556122882547726 53.6764963403782 47.00960206332305 23.331778739930712 68.77086651762602 13.529454621843028 48.819069067100536 42.5220811582686 71.83418847961482 55.61456089364083 40.305326708358564 27.4730880605866 21.993931048459075 28.485200845574834 41.68682717984518 57.12169187157502 73.39410761787303 90.05117218854116 68.795125201359 51.64836404531233 34.656183543608066 18.255462175168923 8.011618614359458 19.84498572909171 36.361713058185614 53.37825574738147 70.53378969617694 87.74682947738718 68.59646465093606 51.384668006844365 34.263780784963636 17.5026473748814 6.114906419824401 19.161287009536025 35.9948771791873 53.13022558177502 70.34716754451401 87.59760565584699 71.26196851915448 54.87687640859915 39.28595926829926 25.961765175955353 20.083613485735697 27.044434444348667 40.72054717652868 56.42371943119194 72.85479318937814 89.61426946064697 76.49276775139326 61.488296301237874 48.053985668287964 37.89813172294187 34.088988405672765 38.55590442359471 49.08935011047844 62.7030997281096 77.79653610263347 93.65698711956549 83.80984442375056 70.34479489513254 58.91852463835422 50.922462162247555 48.0988980149452 51.3089958813402 59.58543745687975 71.18242680520315 84.74758784197213 99.47900097082841 92.7204990261561 80.71055473253804 70.92242936779934 64.37765890840296 62.11014073956014 64.57205925141277 71.27500772576923 81.1751024239522 93.25965053214648 106.78961661805289 102.81110754254048 92.0771341996416 83.5760645349563 78.04103790148258 76.12183486647055 78.08552364764529 83.65912607911939 92.1902102295575 102.94612892406417 115.30594594630489 113.76801203865676 104.11713164675325 96.62436183301438 91.81955758818671 90.13361565399877 91.73864968090253 96.47053787977589 103.90295073348875 113.50663117909407 124.78125311718118 125.36413872429144 116.62201883741484 109.92671900760219 105.66802780911063 104.14528758455019 105.47705924488653 109.55929629001034 116.10223535938525 124.71920053393947 135.01366294419174
31.636107930357646 49.86063902980181 33.10442044856639 39.06211849541415 62.13345617022649 53.590468964252416 0.0 50.62310214089434 44.03813421959376 26.266193368283684 61.051463952360926 40.77093392409911 19.477634972397812 17.737195134092275 17.367554714531547 12.67946956966767 23.069631550544624 8.626260605727616 14.35843111186872 38.60891071666843 14.201439511543798 9.195505379885542 24.63462721219924 39.88511211565465 57.88460877869402 19.36781550813813 16.88925385187007 24.376546765981526 47.42195356181067 47.25768174805866 43.81631319258753 46.19554992494926 25.67182394297892 25.471126362208206 19.724354322056136 51.64164264109095 32.39279644596127 60.69305083194391 6.596362136845307 11.885060476653168 114.46065629091564 101.48280629263256 89.97203344336688 80.5596817633223 74.05029740009172 71.24408368337927 72.57190276156929 77.8224349185127 86.28250331512795 97.11692990992987 106.1521634497221 92.05537593844562 79.23888039736377 68.42591313079569 60.6968574383239 57.31325249976126 59.02717014634855 65.4393017460483 75.35977112855338 87.60471157350256 99.16216111953607 83.9381646423274 69.6907537061469 57.15497532080166 47.69995428759393 43.388759576328 45.701068472832596 53.78935996066758 65.54927317490726 79.36512814688595 93.7860305491818 77.54385954657205 61.878834374523 47.36707186197422 35.45417060273488 29.479930336455222 32.86097587316579 43.466430048977315 57.424095205811604 72.83153329628549 90.31252744494346 73.32469589211091 56.52770891231005 40.161737451614016 25.08507262220109 15.629107935917428 21.400691446097152 35.642988187779 51.783858996917246 68.49398463609573 88.9648391106657 71.66594182024258 54.36897487524669 37.07664000413089 19.801076536755293 2.863847593893285 14.93432981675631 32.19596844510603 49.48575708392176 66.78183523404425 89.8387050902523 72.74298704033706 55.774584154879 39.09960555564991 23.355233127404983 12.683355910061836 19.364425184543048 34.46457966076539 50.983785486483555 67.89402298238295 92.87142393424823 76.44026191259316 60.4965790894682 45.55511721460502 33.00623441174971 26.500273552976598 30.229582687609028 41.52229549638917 55.973963231334714 71.69922090942913 97.86245466730423 82.40578714915446 67.84595117006984 54.90116608217282 44.98787166369503 40.40278170113989 42.89016850393154 51.43397663150138 63.639979278981514 77.80324919746415 104.53159942473286 90.19051471170798 77.07465045018695 65.91944836520831 57.87006770736166 54.32508567139628 56.14431639159681 62.86376321897636 73.14520026636083 85.71631729573673
27.519994257232877 89.04230203163328 77.65479487272331 14.01290084443427 96.40875788518589 78.7749580589587 50.62310214089434 0.0 83.51137227162383 52.31390224650192 96.45059558417246 80.94362445051941 51.66666467565869 33.19063253835245 36.987943100090106 61.577635766571554 70.51816192949465 56.92353286153977 60.575805117463126 65.13307872761848 39.296644146758595 56.04621177586008 67.67701041956715 61.56778753485947 92.66978051864385 69.89696016944767 38.41554773675327 33.99932642100556 86.68531906579733 11.667787608205913 82.16250451860694 84.19391350091243 74.23713302003638 28.559589643549664 37.11726046387835 90.17027682696757 18.609906801634676 91.23292584948382 47.353836969002515 49.79532449696514 150.11246247875368 134.31568119190473 118.93843009208165 104.16667033288438 90.29804749269395 77.81694334440766 67.49750425017095 60.45698145658746 57.904034851933325 60.41030554405585 145.1789526465895 128.80434512897838 112.70711766812794 97.025426764255 81.9980275470142 68.05970630084484 56.02923111601476 47.3828014666291 44.15528312630505 47.46527361023233 141.46598474075145 124.62397911813571 107.92755237443234 91.45647057338505 75.35863929237274 59.93556607248503 45.87296265914234 34.85820397207206 30.406728261413587 35.110581330343734 139.07140723966037 121.91164008315799 104.7986254858545 87.75971774994197 70.84840474763196 54.18428822975744 38.0931748036346 23.768783777660353 16.659304845158516 24.265655432903063 138.06387056008893 120.76632141431197 103.47023719088962 86.17649994759458 68.88687730317105 51.6055050206251 34.34483941981378 17.1674518668405 2.9305929291616057 17.92118602998719 138.47366888440897 121.23246004254142 104.01141661996418 86.82253873452538 69.68963124478238 52.6673447164786 35.91332234242985 20.109631264727195 10.850845279762986 20.731556688273184 140.28837637387514 123.29177306679914 106.39363089814708 89.64964425440323 73.16572533502594 57.167286470048815 42.21000533814219 29.899516530147487 24.59650903372695 30.244107763057013 143.4546611508451 126.86667396117338 110.4978393084753 94.46215324559664 78.96284362953976 64.38842541046814 51.52974242388143 41.99363947630896 38.344797997730524 42.141282436039866 147.88569186328064 131.83387833939668 116.1415746287435 100.97652943187067 86.61612953153491 73.53331594830614 62.535137917570886 54.889330978519425 52.09351300469993 54.89380475165764 153.47190025876043 138.0431033336713 123.11321973125281 108.88766529626002 95.6811095353064 83.97569932947687 74.48257327733543 68.1328236215156 65.8422499307664 68.02216099178979
73.56419782082365 5.892761437318714 13.294479899126484 69.53169739458075 19.046595359739705 23.477618348755865 44.03813421959376 83.51137227162383 0.0 31.454232117191285 90.11587718466691 3.301274874603723 32.190881268262196 54.00260978187326 47.894687460552035 45.827421821177126 23.670471784115268 46.691742324798014 29.748418471163873 22.631151962658627 57.27345135614608 48.54919943085536 19.408542690609853 28.16931508154974 14.990518699020413 34.79811058217914 46.343839962621686 49.52493704981043 3.415999068889408 75.06105316619121 74.33290789153843 3.1495158685384297 24.561434169269234 55.25292193659836 46.88139016908028 7.60354694390975 69.15774544285765 20.839371499230378 41.86752471282497 36.50964401551957 70.50101840759079 57.581588931970835 47.53514506554937 42.452862023849555 44.08634501531541 51.804159917624055 63.4227167333314 77.20049129306425 92.17426733511978 107.84702177734763 62.97793009124473 48.12544465916114 35.56131152625866 28.493245517057293 30.94887577186533 41.26148920971038 55.18965284225879 70.62573736697213 86.76866649354044 103.28754958883952 57.995058829948384 41.42490408852223 25.832753187744995 14.742870285213664 19.1333724081924 33.369631158423616 49.59527453352455 66.3668807231188 83.35554622347503 100.45120180426976 56.23187436565255 38.92994620296127 21.628021917208784 4.326148024776711 12.975877057387397 30.277794141575324 47.579721045273736 64.88164991280301 82.18357950384208 99.48550944090182 57.98286889985634 41.407914487999925 25.80562562586865 14.695505467971996 19.097070018718945 33.34892683375188 49.581411778423075 66.35657090464058 83.34737695805312 100.44445541995943 62.95547770493564 48.09619372390741 35.521898187670175 28.444267849250863 30.90400004237372 41.22799760195539 55.16473580463423 70.60636011686314 86.75297011551861 103.2744270428692 70.47093293393718 57.5449178882188 47.49092151701736 42.40356758566096 44.039099981377845 51.76414759326626 63.39019238487292 77.17390019077365 92.15210315605282 107.82816991239815 79.81403038452343 68.62304504246221 60.38760833606117 56.41721577084285 57.60068832334978 63.65119339414061 73.37443431295094 85.5268312628335 99.21979734684915 113.89905868541369 90.41987249082148 80.66187522174054 73.72660448086354 70.4526480941853 71.34583631871452 76.25988734484432 84.49616439107989 95.19623152503394 107.62774975199902 121.25935781016442 101.89479059512077 93.29008167354246 87.3052630767853 84.49885926773054 85.18558627341501 89.28487909192422 96.36220106682796 105.82172077718802 117.08748018129347 129.68962207692863
46.843925414900525 36.81562690990592 28.6185700378239 38.30104555695279 44.6148143784498 30.094770606355628 26.266193368283684 52.31390224650192 31.454232117191285 0.0 86.41556680835268 29.170311141832073 6.907872163082772 26.2546156116912 19.255385784296386 36.33888880913659 26.536296747573335 33.8605427805205 20.145570368104845 14.567619368616308 33.999585015354015 35.01258589906567 19.79302511629875 14.03796516388583 40.6861093224277 33.84805007355519 17.823988736301065 18.637228629350727 34.50976809146958 43.60683129583012 69.12794075970969 31.919839678517313 30.870892825101063 24.7358438975391 17.17492464982627 37.87743324245948 39.554015336608686 40.4837967426915 20.29128896253709 14.381768421460718 98.65154997822778 83.62506131328138 69.6625947330408 57.54395701710627 48.666626475861 44.99197411867642 47.73697305950818 55.96483822795993 67.70532695441854 81.45344153017994 92.99064048090575 76.89765040108708 61.46500570558472 47.34294123402738 36.103602482055386 31.05309982775632 34.98326421155201 45.62972068858348 59.48968746380635 74.79761552413612 89.22101847863682 72.31544951256222 55.6540250652968 39.54654146306939 25.083850290378713 17.122567479255743 23.577049365209252 37.64683737646454 53.64143585057147 70.25834529599629 87.58727585259248 70.2992707450887 53.02035079655863 35.76368668323081 18.59135624558534 3.3089763088654673 16.58233025432358 33.72998049810604 50.98198748018593 68.25927091424276 88.20819464813715 71.06787206136488 54.03066080109809 37.238356635526394 21.27888940412388 10.844357734951167 19.522348376883716 35.261269243547005 52.002934169442455 69.02149119539573 91.03764448925871 74.53514338479239 58.4964364709949 43.43833739287531 30.832707088304755 24.761524440971897 29.568918718987938 41.643960079383234 56.50511891205027 72.45790578454131 95.88026375605281 80.35244689959977 65.71691346554302 52.7220632765812 42.88619177510185 38.698077239042995 41.88750609965768 51.09101095791665 63.75520278609694 78.21679239093197 102.45091244558404 88.0551754009938 74.8995217487159 63.75627648381525 55.84341692437723 52.638499469883 54.971229102871455 62.22186449854008 72.93822594572687 85.83186573872958 110.44151186371062 97.1960061500415 85.41364937863854 75.78001853509213 69.19843017625281 66.58022296011396 68.38217063633876 74.2832972703968 83.41814590670461 94.85703822109375 119.56761650212181 107.40828915169126 96.82638060451939 88.3902546897084 82.75873372886096 80.52242317611305 81.9597157234676 86.88849814726323 94.76554732780201 104.92896907515404
68.93066548318646 94.2691939432334 76.96108028978651 90.9927271519149 108.60014304747757 108.6357021052998 61.051463952360926 96.45059558417246 90.11587718466691 86.41556680835268 0.0 87.24740522099962 79.52117819804398 73.2670210012968 76.68868129055434 50.10489901101251 67.95712004478953 52.744617598997486 67.86606786626407 96.01232999939938 62.009369669860234 51.869539043162995 75.30599200564241 98.82628710410057 104.86748930893448 56.53431461257967 76.76974851154195 83.78007509329557 92.55298697512109 99.21185765407209 17.293932623851756 93.2077442122405 65.85126763184873 82.39651878712938 79.59757297116991 96.2769818647467 79.85965863818916 110.81456856174248 67.63447379591524 72.4248085698303 150.3920718021697 142.5685115431252 136.5006068637648 132.42990913689684 130.54338728566984 130.9354843600997 133.5861375132722 138.36560691422295 145.063628062385 153.42914053005612 138.18245731624472 129.6862418115895 123.04998200271658 118.58634735087513 116.54523772931688 117.05344954022445 120.07861846970566 125.43877442758073 132.85158861414743 141.99595069776626 126.37419769914423 117.08485839997424 109.75405367589504 104.79361879521144 102.54810965004427 103.1949080930461 106.6814198008851 112.74450592213647 120.99745414816789 131.02712014649956 115.09108933309038 104.86588188808228 96.67689831738946 91.07506407804678 88.55273609670164 89.37103551273132 93.44223912119507 100.37129699283574 109.61759718326893 120.64954665424253 104.50355681818634 93.18008064851756 83.92108093261328 77.47034641586885 74.56036263748408 75.60110537242352 80.4393743414895 88.45419780419836 98.87610240786651 111.02931369005836 94.84500330380452 82.2552118692588 71.65864040392381 64.0523008691691 60.57333890521773 61.92137888557604 67.80914818444097 77.20491972158412 89.00457470265421 102.38029421477543 86.42760039598892 72.43657864511978 60.19209861637747 50.96883891632486 46.59677392074839 48.408667962644174 55.80539331237545 66.96109098748903 80.32456961747235 94.96835397401972 79.64597626562737 64.23366154016098 50.07148329895794 38.56231359881788 32.64443361302347 35.25584330637869 44.93326556206518 58.2557348795534 73.26098118392369 89.10286475188673 74.94561359447688 58.33225478749324 42.2749432823658 27.75610995587131 18.77083854480567 23.0867721631328 36.22658757861718 51.86949176248629 68.31716206936679 85.10427145624664 72.73122344267458 55.47192338381 38.25115959946906 21.163214403407157 5.596926249440403 14.611058461855816 31.533378849827436 48.723079134776924 65.97148175867838 83.24210399112931
70.45850291114373 9.09721398587774 10.29338447060883 66.99638059461863 22.266553701551814 24.726943660498335 40.77093392409911 80.94362445051941 3.301274874603723 29.170311141832073 87.24740522099962 0.0 29.430664298619025 51.035706088520264 45.04094428177563 42.56194471604398 20.44462867352109 43.39374071283771 26.465525781365397 21.674317855860743 54.073231905866855 45.2501172098329 16.136465285189658 27.246684190751875 18.15760899958574 31.659311326747293 43.49396838715973 46.944774567723606 6.6511450376884005 72.7244477330417 71.33445677475102 6.055920191530558 21.524720649989995 52.57354030675039 44.140410822813614 10.881702536848652 66.29799736318918 23.57397191935545 38.70906608143225 33.4507270207579 73.73003036533838 60.88110569511712 50.75041342752335 45.20402277449569 45.933720364338114 52.67934545525666 63.553316106935895 76.82212128136105 91.44920134891458 106.87833417258919 66.03512166400279 51.341487873318655 38.85831244912974 31.34800633653509 32.46745357606283 41.52448154650342 54.70958397960529 69.71874623229073 85.59776608396045 101.9409658880772 60.71495712543933 44.324954583190205 29.013952310240846 17.822163402248233 19.803076474005294 32.640563983430816 48.346284720659646 64.86934811775151 81.71544317890354 98.71933565601621 58.42202635404523 41.14338678454439 23.89847194060276 6.943285842662862 11.135306358342147 28.25764408614595 45.51601282085706 62.79835960533423 80.08916335770006 97.3839195029315 59.507332484874404 42.66359443217057 26.418836327474803 13.20759207987739 15.799968886919494 30.389973638272206 46.86336448939727 63.77705165192948 80.85519560401492 98.01186636066808 63.79868778757485 48.44493597670953 34.960856271495366 26.387904649638703 27.732506981714693 37.95487803051211 52.064997649457105 67.67322650229683 83.9480647855075 100.56639581968197 70.71474708301561 57.209783728591084 46.30387825278101 40.17268743847818 41.01641596551659 48.4721964544927 60.128754912929104 74.02760561660942 89.12581840762506 104.90682774582963 79.57397839582683 67.81085215876922 58.849849159011264 54.10173069799183 54.67530727862598 60.41920746345485 70.07332929100399 82.27248487846077 96.05181674859759 110.82346626717067 89.80301408467083 79.51697840321891 71.97228235001889 68.08641608885343 68.48504757945155 73.09811546862507 81.21057988337277 91.90034353292175 104.37853732487179 118.07953261374553 100.9863390196107 91.90674235633213 85.40572956285678 82.09816516700833 82.36965178759272 86.18637408319809 93.11338974379693 102.5221749238694 113.79881406075215 126.44455124808165
42.65463637178903 37.929706515584435 26.437551693027224 37.82710419660172 47.5372206264757 35.29464497368294 19.477634972397812 51.66666467565869 32.190881268262196 6.907872163082772 79.52117819804398 29.430664298619025 0.0 22.301260303196102 15.79309422345023 29.465478059038567 21.959460630734377 26.954902804285318 14.091720034160407 19.80511352836612 28.390508892321368 28.12363509521657 16.65686936929996 20.452565919463954 43.41762361514963 27.77989411450158 14.24150333750309 17.79358161977265 35.49400825147993 44.17089746883409 62.23121355614425 33.30243011143792 26.292040731495103 23.175513611943142 14.709789468890836 39.281070832379484 37.01694450934405 44.38169024046204 13.788423103283074 7.628893105126141 101.43780645777852 87.0180739193364 73.84688335664656 62.71586368551086 54.880755441385325 51.857646124781326 54.453962107630176 61.967353506743535 72.89288165329118 85.93888453022771 94.91254510095817 79.3522123086782 64.68278377322761 51.66873302885285 41.88269292732976 37.91264299455264 41.46424446183769 50.98926530850664 63.86887600781734 78.46826113843477 90.14002328850567 73.60468385496813 57.52204753322788 42.41029591487176 29.78575543691587 23.967895913550016 29.333251137925398 41.77475302540173 56.82016489360461 72.87415911616553 87.407888316357 70.2480279450546 53.18030679440151 36.334800696688326 20.273222805968672 10.025093244872963 19.71584480952615 35.71609845565182 52.5478634350219 69.61055469267103 86.90882332959399 69.62893322690871 52.36360033787233 35.13429189009043 18.044495591153083 3.9373473187487753 17.438896608620325 34.517257338786415 51.74437671578918 69.00893795346444 88.68054431052236 71.81823905540018 55.2285434954246 39.258586399231504 25.119578606367252 17.873496762717025 24.63011525687247 38.6333444381524 54.5631749556749 71.13688813719236 92.59276751039721 76.57541612648652 61.26072756450294 47.33569219628706 36.430308767928885 31.817851364481136 36.004063122010294 46.67888263912472 60.500018469745136 75.76473462256423 98.39043860172421 83.46246415157154 69.64187493545774 57.729558072755545 49.13365765598185 45.76280217335896 48.71401358558234 57.01385344985795 68.7517793182535 82.47265087371656 105.76387170582576 92.00222492190832 79.63365055420545 69.40693977259996 62.384488094945944 59.7078009941976 61.942834313069724 68.61125289879652 78.59255310925522 90.80072060368062 114.4087126815752 101.77942973434337 90.70522604690576 81.81998951070845 75.896444392259 73.65267677437394 75.41783779418462 80.9300355608271 89.49959771297546 100.34626182319298
20.59242362576835 59.84520943229837 45.91578953906912 21.33804139316737 69.83640190923269 56.32597920300347 17.737195134092275 33.19063253835245 54.00260978187326 26.2546156116912 73.2670210012968 51.035706088520264 22.301260303196102 0.0 7.038802663757648 29.7110110913348 37.74581271242659 25.120486735045716 27.804031999706645 40.82214077129842 11.548489845832966 24.730060052302377 36.09098257344403 39.61403926625044 65.71858751480052 36.77860352435335 8.430638877880787 11.832265687683575 57.37783194785091 29.608964700664355 56.74281972757566 55.38067816593307 41.260517550256566 9.133996588697325 9.696700223891483 61.31051166057992 15.758978085052265 66.4476739636004 14.239756941723245 17.784058768573665 123.72396561165809 109.28612211001236 95.80180976562026 83.73297124069754 73.7775551340425 66.88600945611456 64.0549945844037 65.81063631635918 71.81734347904073 81.1363990272602 116.95284486916745 101.59365102760269 86.96708097318411 73.51175181535625 61.9950270205572 53.67951503262767 50.182651700113254 52.47673739738759 59.900072143261504 70.85852493690234 111.55433995680146 95.35892017698062 79.63029376470318 64.70974305754406 51.307164626571065 40.94150182255722 36.31384219604425 39.49545331679663 48.98768890702328 61.9548515472474 107.7350724825722 90.88253557522147 74.23702471782941 57.97712947374445 42.54727231929742 29.29000441080557 22.45549981086693 27.373449215137562 39.91331994350637 55.09584042985471 105.66648072389961 88.43198926491718 71.23020109956555 54.092324950837934 37.107020024048346 20.654188391814223 8.658712823992172 17.94615178800074 34.17409350388845 51.11150766910278 105.45167138702716 88.17638183998902 70.91408247861555 53.67730746320226 36.50223339112204 19.552140852314142 5.556333737863088 16.67851733919847 33.52889052728579 50.68445050185878 107.10180223087598 90.13439236378339 73.32348272799642 56.80818021090476 40.94773919720244 26.925399511489044 19.285972087631922 24.852204870060525 38.236464813899346 53.899296684027554 110.53335811938244 94.16801387915106 78.20687077294077 62.95810235187258 49.09010984931814 38.140048977236745 33.13904049158548 36.61197742799447 46.70531014165629 60.17510546213444 115.58774138224756 100.02640707122758 85.13953852482659 71.35056190436991 59.42867240108887 50.70832553188173 47.006427314205936 49.46288401609927 57.29094463573699 68.67772954132279 122.06345802806784 107.41133180316461 93.66747575086586 81.29386955788846 71.01046290924566 63.83552191759243 60.878216757609096 62.73783622294219 69.02615673424869 78.6884993765326
27.597140251690742 53.67607574723502 40.78038461296823 23.766331947447323 63.17959343451843 49.301617589148606 17.367554714531547 36.987943100090106 47.894687460552035 19.255385784296386 76.68868129055434 45.04094428177563 15.79309422345023 7.038802663757648 0.0 30.04263078328701 33.64115616105699 25.806273315665123 23.770097882300355 33.81959766248548 16.858698739485867 25.934731687522135 30.815126342985515 32.583147893433264 59.102674792161686 34.70582025757335 1.5528119240156948 7.1649026169909655 51.22790874807547 31.287791758705758 59.75577573679983 49.08703019297345 37.51298270303565 8.890403984570145 3.1114540812716616 55.05858322245669 21.263343203403217 59.57640308859299 11.747238699399727 12.818685359382814 117.15937898347981 102.53317571705718 88.87339837929132 76.69815209512427 66.82386481584724 60.389966567956556 58.54198488605513 61.69340893421102 69.16419736099152 79.74956091563074 110.70065651679616 95.12154356715898 80.25138358784803 66.56699561341829 54.96134152739618 47.00039404497464 44.67693855615284 48.80291443770395 58.01830656729437 70.35074382423495 105.7330344551562 89.3189326701303 73.31424047263022 58.058530324639705 44.33189591657394 34.03747952545383 30.8300501809024 36.62161848828359 48.275281998774446 62.59849621349396 102.47367042850992 85.45383845153944 68.5753315190944 51.97601265663754 36.0436943488963 22.259877018401294 17.04607166964816 26.16003069181854 40.94921323004061 57.166783488667456 101.08798509126393 83.79485693137389 66.50630743108755 49.22716089436947 31.972666028270876 14.829124647962539 4.033368856006387 20.281685148599742 37.48518376958685 54.75075171763551 101.6526507605748 84.47209233039372 67.35369605676718 50.36089133609186 33.68429001271522 18.214181974520752 11.295772226404466 22.850503916359887 38.928262254062034 55.7439385839669 104.13593771520236 87.4312637266572 71.01315933164733 55.13821078134446 40.45103640968899 28.828128167715647 24.99092173771431 31.88639104011695 44.806788173564044 59.97720540232572 108.40604120788177 92.45347609350247 77.08519273329419 62.73208797279883 50.271353771417296 41.44646407817965 38.821591739701816 43.53307721591919 53.682845161233615 66.83766261087702 114.26275492094506 99.2259015204937 85.05458181932805 72.2598382934346 61.70402383979639 54.69907560587602 52.681032380241184 56.18979853659741 64.32725497712687 75.61347758463938 121.47673456989776 107.41792284452073 94.44212568134702 83.05848486017241 74.00540899713144 68.2171610682539 66.55113385647077 69.30524959186242 76.00048469817354 85.71826863320271
