0.0 79.04092326746323 29.705551598407848 10.242280318028381 80.16750422120408 35.49878498057262 20.060229508086728 70.42036809912676 28.110522767532192 10.808833884792339 85.28027971368608 94.3906532012806 8.42706518229805 3.6103033962009063 34.29297736391012 12.683352440851392 95.34126889078581 15.698178348266351 38.2168752018191 52.18213412454483 5.618595617402056 87.2694863849749 26.886645660629735 20.793797134455616 70.17464868728972 33.53996931909891 17.61683536065482 66.7356464534239 18.393591341330787 25.949149907735567 76.20997782777268 54.84818114034009 61.02501780078109 59.19380290330562 30.831752907530706 19.99602263229074 92.31275582331556 77.64105437970684 35.24117445424927 56.613787798805056 120.81255505697571 94.14533166944433 74.33557717557485 67.69768931787522 77.68488135310324 107.39947617623059 76.35743449912572 50.210469729306816 40.08176499852346 55.559226492524886 100.2648101753228 66.04894386175566 32.66106742934413 12.879409175131137 40.741435302501294 100.7517364494003 66.77906417281315 34.10020625338082 16.15717679249889 41.88238648861738 108.75790816248251 78.23933478655599 53.00303720224827 43.49790711682264 58.04852643106991
79.04092326746323 0.0 62.67370543102767 79.89262851485987 11.57698274889511 103.11343546985711 64.10191037586912 45.88829332270513 54.987520307748625 73.35229108221932 21.473405761764063 18.354027244781168 71.42164753460726 82.07513235354317 89.63336870155518 66.37331840569178 27.394506845688532 65.62332427522853 58.492793671054415 26.86668609558488 77.71702127732003 18.38051326920906 60.22359075965132 59.56399221736899 17.362219302342815 98.60699989723365 69.32670265349793 31.3538749135172 60.65800378357148 66.47418648284629 13.241168576273607 44.396894746702756 69.84910032208829 20.029288504832508 93.53522422551173 59.94746467948672 25.969218446872546 8.559876278461962 61.934657969455984 26.464616716583336 46.10506469617243 38.01201437721891 56.20477362197378 85.25178598027645 117.35239469519355 28.424438386778448 11.801351908089945 43.19083167747046 77.37232580177218 111.81394583747716 33.18107695563842 20.727257306063922 46.40152611515959 79.19236806008404 113.06903994718999 54.815744282695874 48.124198928572326 63.41861835078655 90.12609895882328 120.90622895764268 80.74147749214521 76.14540149495603 86.43957116637317 107.4254070019949 134.1766670574536
29.705551598407848 62.67370543102767 0.0 23.453965554051937 59.93964110951821 40.766055914758674 10.58717264461852 41.795156842333824 10.949746091159923 33.633989823871296 62.357341372195684 74.27764738964754 22.198506385523274 30.508166550493467 27.093668176321835 22.46930541473826 72.05530429797832 29.8406875898977 8.609865607463362 38.322917539635256 32.9830856652296 65.46379519530578 5.207175444783884 15.423098775399874 49.123062931749665 36.10124982098058 36.5940213234602 41.43770145290996 22.356630327476992 42.524172775136385 55.641456456916984 27.042478638827 32.38886263749525 43.46199881461446 30.985953367640747 16.588045145241544 68.94074357051505 58.48447713617972 5.650469856041825 48.56597331127131 98.17515235545964 67.99626040110492 44.75986640132113 42.168983578081175 62.83171202376193 90.3621381844728 56.249306562791986 23.61153455706458 18.597748341552123 50.29015337528364 90.97289033757137 57.21640873385406 25.81119055609203 21.297116355723617 51.33971415823027 99.85292422521744 70.37530777860998 48.265705819331785 45.839826758054464 65.32853910756667 115.10359723208742 90.55820011120241 74.48148180177986 72.7251584420206 86.1693694111821
10.242280318028381 79.89262851485987 23.453965554051937 0.0 79.5315218023044 27.45077821643499 16.360756213512545 65.23414311256784 25.64944804238738 20.128065869945612 83.52110311687811 93.94565980971667 10.431434625493859 8.714859889953468 24.115192569109045 16.087165364263893 93.48343240425444 22.549863001476307 32.00505696279818 53.2649017207978 15.744271288350859 86.03405115774088 22.27025082105325 20.387017243456068 69.05979100471903 24.665630967030612 26.45811398363576 63.64212392762373 21.483827249168616 34.72064977654827 75.38296622791259 50.21718691590782 52.72434453412904 59.865214086764105 21.285557884959726 20.15797314300009 90.39395444388597 77.40551617026442 28.47565679611129 59.779205478548725 119.39234999833482 90.76311707926226 67.94219136157236 58.21620973328776 67.50481870831612 108.2917600956721 75.72155124759354 46.208629455460134 30.521429253868128 46.07291987924946 103.81369501733317 69.22907007001986 34.682838281542466 2.826421530742496 34.75532052763897 106.79476390459456 73.58484899478363 42.65185409230147 24.86912876734913 42.57474281938762 116.66440881135222 87.17749207972832 63.119300080340636 52.564027977333794 62.74319173961743
80.16750422120408 11.57698274889511 59.93964110951821 79.5315218023044 0.0 100.70024362480355 63.256278609130284 36.2400845845915 53.93769102676732 75.90073473839358 10.146789181314368 14.434709113676671 72.08883641041355 82.8931186652698 86.17988863383064 67.55819974952288 17.935925693175676 68.18678315725305 54.422935175591284 29.308757823725408 79.64724911798072 8.387112173829552 58.39408957473721 59.74734071973852 10.83662995844893 95.99662796945076 72.77513441193753 22.935041844899267 62.136254326479175 71.16945007940674 4.314426350588529 37.88796496876691 61.968429353983396 22.19531616153644 90.86932769990358 60.351935168064536 15.780905507035792 3.8617598396974198 58.190949116260036 33.49173673872885 41.005868676491986 26.677724227173513 46.225115527478415 77.17941611908464 110.32408563085757 31.27147006817338 3.818244077494778 38.02772001765199 72.61191600516057 107.20880353978399 43.39655710453288 30.193207648113514 48.32013145354688 78.44027737773614 111.201420052264 66.31363882973683 58.33354201948465 69.30290913679373 92.72417141592965 121.60361167287229 92.30641495371077 86.53296296869435 94.07518470356702 112.28105062848984 136.9621682596144
35.49878498057262 103.11343546985711 40.766055914758674 27.45077821643499 100.70024362480355 0.0 39.876484196592344 78.12425837763058 48.40460909893827 46.30544151776727 102.71289404655904 115.01561234292403 37.86650715391196 32.1968545566597 16.552231219081282 43.44864567312809 112.17603559314237 49.908055026649855 46.952422297251104 77.55491083528014 40.87343146609227 106.04297816211985 42.898223660912215 45.86416843932935 89.87673352323579 4.928754996752726 53.068308477463624 81.31722133019139 48.55611512256646 61.41587589795495 96.39850031221378 65.84879006564293 56.57946455636653 83.45575728290537 9.959993943762656 46.031410071774204 109.06951708294258 99.2320534378773 42.974759283863854 85.74042439430826 138.27853529335 106.5001974217428 77.19093192626787 54.49217455378914 48.7356481445225 131.04454193050424 97.01514157944943 63.60856554937477 32.78731030317349 22.33409977867157 129.57992068207565 95.04595673676545 60.591792996954 26.53017722822473 11.453762157531594 134.07396048949303 101.03317495323071 69.5299139851632 43.0806960893623 35.66952133262201 143.96950021167035 113.72675881323238 86.80502889572806 67.3144049182818 62.62686225691841
20.060229508086728 64.10191037586912 10.58717264461852 16.360756213512545 63.256278609130284 39.876484196592344 0.0 50.37092288607182 9.319492051423186 23.051377516132007 67.16589410321065 77.68400124908867 11.98877816667415 21.54871722614277 29.742135440599366 11.920215917688887 77.13824674596333 19.544489886877862 18.568117053275365 37.88587669724001 22.69944117259949 69.68073001972701 6.849111968141286 6.809222813118655 52.729765267103765 35.82893232787316 26.179496306930655 47.501943930480486 12.763296810021558 32.567681349148955 59.08230930828706 34.86149809224604 42.97294454409288 44.14735351334814 31.09127814986847 7.565855020561912 74.05247175394035 61.2257187410788 16.20932681035051 45.952876443401614 103.03214278553747 74.77815223837497 54.43093072105871 52.23490163862257 69.9217294008686 92.40947464625518 59.45368411208261 30.41076329552061 26.640812934383995 53.75402983299435 89.7060389228272 55.1989822558053 21.012751771204513 15.198608620614742 49.145839529821004 95.59622314770142 64.25232549912502 38.896242763176524 35.94867157210138 58.877238320192795 108.69149872612175 82.3345584365198 64.33427305689919 62.3987133496773 77.73726086581252
70.42036809912676 45.88829332270513 41.795156842333824 65.23414311256784 36.2400845845915 78.12425837763058 50.37092288607182 0.0 42.98145674805449 71.24745126385893 31.663570030586673 46.73135334965543 62.17566163035845 71.81175988377757 61.77339741819181 60.11744442989803 38.45711816374568 64.91142038724 33.362580503737085 40.38763348664106 72.49386701089315 36.46399044478029 43.59184200223449 50.972447920103 28.823521710759326 73.19714539551455 71.4456261585493 15.097972835495732 56.78899262403929 74.01345494109059 32.97609448652477 15.774401402418073 27.747997197907104 38.256067430577744 68.32473921523733 52.111252773161304 35.704720747810924 37.704776625992466 37.17526699851278 52.42692611705646 63.04428588711885 29.06287534752719 10.467693282748352 42.06361397471048 76.31497741138656 65.67545975073267 34.35439948063424 21.024511938326793 45.81137445260336 78.42308680817612 79.04041459011792 55.64697297757818 48.379678038210926 63.08256554275265 89.51556337286338 98.87787870281808 81.20112957265478 76.19155412638932 86.08962380339119 106.82899728689517 122.07132221516737 108.03304091608834 104.09375579163287 111.33069614801879 127.86000022014115
28.110522767532192 54.987520307748625 10.949746091159923 25.64944804238738 53.93769102676732 48.40460909893827 9.319492051423186 42.98145674805449 0.0 28.357864601138406 57.938918081943264 68.36647551237337 19.687318493702733 30.133240871098923 36.61318333919569 17.136525238096368 67.93752918147463 22.642900008844343 14.970115440492197 29.163570521225328 29.588434231865115 60.38636740357586 6.2133837502110225 8.010165954972521 43.415962446258916 44.105373528133335 29.464915057721175 38.671406867196765 14.424753670997717 33.996678663818656 49.762955365105945 27.218430144458697 40.350384206268345 35.129436930823815 39.16618022899144 9.187454847152122 64.86150100876472 51.92990511847558 14.722504602420358 38.32576995244348 93.77533509866304 66.06108257852436 48.26107414553601 51.855640121692794 73.78140033601404 83.22388148721541 50.13608250485606 22.268509476403683 29.546466557577883 60.37340709385178 81.52350232562083 47.28707593625501 14.862923226733285 24.507105912271292 58.095979298482796 89.18200740063243 59.42562498904468 38.78410790140791 43.264729349085286 68.07565089711822 104.15462877112904 79.997278043446 65.92203161134245 68.45900940227024 86.15294332640804
10.808833884792339 73.35229108221932 33.633989823871296 20.128065869945612 75.90073473839358 46.30544151776727 23.051377516132007 71.24745126385893 28.357864601138406 0.0 82.07122211242779 89.74216996883428 12.34794446769265 14.232503703660658 44.08183542269781 11.412315256748862 92.09948803036045 7.746803118525929 41.42323932003389 46.90136905418947 5.824914819355598 83.49657051923909 29.494096836254837 20.352180742752292 66.57954178646595 44.25183695137182 6.869974046467002 65.30258201380981 14.718404840453461 15.157017144490517 72.20238096335572 55.47427566133762 66.00043217141221 54.090717605831514 41.305792555323805 19.173062098382648 89.17133629322662 73.02044482108403 39.260424104035806 49.23278037937767 116.88959088244792 92.5379082364325 76.53823227224542 74.48279046361193 87.36143135707344 101.3668133201101 72.15577466193268 50.323894436844 47.469426438834425 66.09850302843367 92.03618857553658 58.46768119834745 27.58854255169702 22.330110029294307 51.29315886264398 90.82712854310256 56.56331799940905 23.32601656965028 16.841900045812025 49.1736574554292 98.04063095329484 67.44839504852467 43.37548803610766 40.104940115973584 61.075410540604814
85.28027971368608 21.473405761764063 62.357341372195684 83.52110311687811 10.146789181314368 102.71289404655904 67.16589410321065 31.663570030586673 57.938918081943264 82.07122211242779 0.0 15.102591240976059 76.98342245595923 87.74189753027676 87.4292714626352 72.90902554203704 10.065636387854928 74.47725081043588 55.79089958309488 36.77282591306696 85.3438113993946 4.962233538674046 61.629311039688176 64.53196085035687 15.59575054784661 97.88542851471303 79.57631763602639 21.67218366410111 67.79876979279904 78.75267022055415 11.32143228377756 37.519646636584646 58.98519689913536 30.09171973635214 92.76969721677294 65.28569508872535 7.101689578087984 13.916183343377321 59.74525994255314 42.7932116092811 35.90567106801862 16.55957702028192 40.67027325742971 73.68019966044619 107.69550443915035 34.092266257846184 12.183984877619562 39.10841330459115 72.83775209101316 107.12637351652671 51.419518920060106 40.20622896743788 54.62542916303591 82.13499203101512 113.59224912235494 75.72440660494335 68.39890202215425 77.57187844958584 98.7478877725534 126.01451041242936 102.14089835163857 96.61201480115086 103.10029375832383 119.66674818461699 142.84698646225064
94.3906532012806 18.354027244781168 74.27764738964754 93.94565980971667 14.434709113676671 115.01561234292403 77.68400124908867 46.73135334965543 68.36647551237337 89.74216996883428 15.102591240976059 0.0 86.3799812625907 97.17630216678928 100.30827509829909 81.74410599353163 13.091542957498213 82.00138259524232 68.516685138232 42.86364934069011 93.68231173021606 10.276248405982255 72.81712761526335 74.08472633797976 25.166569185260244 110.28552236874489 86.27312075337909 35.58778026300382 76.24108323564815 84.06435949824692 18.674197533033883 51.22960237939249 73.86024651863208 35.66604536783861 105.1559870169198 74.65985771317578 13.72826845724049 16.76620678902685 72.34636240288567 44.64722817927316 27.883946251028537 27.300053961776904 55.74869296327583 88.68701100336834 122.54672744175743 18.993341138192733 18.230393133850168 51.9499850936807 86.37191765745827 120.89776201216894 39.480621862603115 38.97863977244714 62.247724903428185 92.87116987267838 125.57929435607807 66.11629005108472 65.62154063319964 81.46032389026853 106.58403786681099 135.9386069901994 93.80042622187875 93.23489117057643 104.79340746261728 125.16093601348015 150.8096478755816
8.42706518229805 71.42164753460726 22.198506385523274 10.431434625493859 72.08883641041355 37.86650715391196 11.98877816667415 62.17566163035845 19.687318493702733 12.34794446769265 76.98342245595923 86.3799812625907 0.0 10.806012610469772 32.76221953505037 5.724403893380504 87.03777944243654 12.451481511724234 30.489505643971537 44.572109569313135 10.784952377753278 79.06661743064285 18.829500186866042 12.451481511724287 61.9723877370929 34.91846921192521 17.447598098405113 58.31020348250674 11.397945468754294 25.324035897475213 68.07966123116303 46.540535982186064 54.26074989066739 51.45811084471861 31.188202387484655 11.74595486053549 83.99822311560698 69.66375606087328 27.837630653881416 50.04289234001641 112.59976030582567 85.71881467227638 66.41915704675475 62.20991661323148 75.65330855876654 99.83601417636594 68.27269839157752 41.8321051859138 35.1215142486668 55.78484168914423 94.00876575589375 59.514385590448654 25.32054238235481 11.625461795157898 44.98918290494033 96.38477918030142 63.16788530693607 32.94211372372564 23.979762826472687 49.59556673815027 106.41586663505858 77.4970613526268 55.51628950944894 50.52849019016108 66.47559159981728
3.6103033962009063 82.07513235354317 30.508166550493467 8.714859889953468 82.8931186652698 32.1968545566597 21.54871722614277 71.81175988377757 30.133240871098923 14.232503703660658 87.74189753027676 97.17630216678928 10.806012610469772 0.0 32.09246899173909 15.743802043396245 97.78980899912935 19.295747221213542 39.107900582114006 55.20886740662168 8.67657974378892 89.86406215593306 28.232328050260904 23.22750487071491 72.77142564725558 30.47249297291752 21.08786348626381 68.79829879927179 21.54591850007951 29.388104358341455 78.8856146208338 56.3929847283972 61.027595837080675 62.15876532572432 28.071938552994016 22.55117934844985 94.74210362823132 80.45202133992863 35.88911860929789 59.98833423921632 123.3927867132691 96.16723015318411 75.2679138557833 66.911493172505 75.39100306723665 110.46751655259239 79.07730151494022 51.94411601618734 39.21717654054418 52.655549152560255 103.72194593940105 69.43826938350797 35.77647620058762 11.536509550600854 37.162853292577886 104.3617372843574 70.38166947337666 37.55843246176807 16.20313434388922 38.849665875791565 112.26065651009377 81.54097410641798 55.58976928779789 43.88998718554512 56.189465522356414
34.29297736391012 89.63336870155518 27.093668176321835 24.115192569109045 86.17988863383064 16.552231219081282 29.742135440599366 61.77339741819181 36.61318333919569 44.08183542269781 87.4292714626352 100.30827509829909 32.76221953505037 32.09246899173909 0.0 37.353907451819 96.66531630174173 45.10600336582552 31.79233896371684 65.31511326247194 39.85012378699839 91.00437139359107 30.512889307043196 36.4864004894143 75.35260257403128 11.716921903206357 50.0533586182715 65.83816241177057 41.15566232202392 58.07795021634062 81.8657025639583 50.131937205178254 40.209595240167864 70.55475154643806 7.670836014304374 37.05266533453618 93.5765205251232 85.0349542608464 27.989690166283946 74.93175578812007 122.68007193984329 90.36771978921655 60.63889923323545 39.78258429696102 43.394222194382536 117.02074786330527 82.59695759209066 48.430484406271326 16.236338246170565 24.012038292569752 117.93825726531476 83.87998370571947 50.56796556306449 21.753964034053 28.003555071084314 125.2881437578176 93.84612549735168 65.66495140376962 47.026489174110154 50.05906306799324 138.04641298320132 110.16299847549638 87.2336550681676 74.01543874418876 75.77341237616346
12.683352440851392 66.37331840569178 22.46930541473826 16.087165364263893 67.55819974952288 43.44864567312809 11.920215917688887 60.11744442989803 17.136525238096368 11.412315256748862 72.90902554203704 81.74410599353163 5.724403893380504 15.743802043396245 37.353907451819 0.0 82.97461276394075 8.07684172937039 30.051350417479185 39.5093513181909 12.663919378144595 74.7582939254434 18.12689862752553 9.159055120280392 57.67686297151262 40.34654414869159 14.363076285017867 55.01506045039209 5.825484261377015 21.376929080696744 63.63813200204778 44.351156706056344 54.85054313371671 46.510766666747884 36.41716077502544 8.076841729370466 79.9716316311982 64.98699886866399 28.042002943861018 44.46028959771128 108.29758826499736 82.40403651720764 65.17101474550553 64.0224602136712 79.65719039105753 94.74805912177972 63.753707638123814 39.3281950105501 37.732078705832095 60.79098419717601 88.37629836830057 53.92989452709221 20.033734037763804 17.00355964737381 50.71237666745716 90.70810680147581 57.63841153236191 28.482588950414307 26.36616786263632 54.53381783179507 101.14317762536837 72.84071909290208 52.69160683581073 51.39890660551367 70.01497601186323
95.34126889078581 27.394506845688532 72.05530429797832 93.48343240425444 17.935925693175676 112.17603559314237 77.13824674596333 38.45711816374568 67.93752918147463 92.09948803036045 10.065636387854928 13.091542957498213 87.03777944243654 97.78980899912935 96.66531630174173 82.97461276394075 0.0 84.4883873028277 65.2248027771563 46.45274052297385 95.40432395280376 9.556528941131043 71.50685408592415 74.58642503579459 25.544728289392413 107.31831731756256 89.51221680514139 30.86379311343297 77.85626049632373 88.48098444703427 20.531632037771768 46.5503966587952 66.19922852051447 39.576401274124024 102.21899324516114 75.34588426359218 3.114690847146715 21.721079449173025 69.21264875757151 51.427171092705564 26.128802400067713 14.517760793840937 46.19165372690169 80.3207619579175 114.7346205850984 30.275172790551633 21.035497056602622 48.61322913659643 81.72421807139061 115.71213183162287 52.558824666084256 47.65927400104955 64.61574528496503 92.05321542864989 123.15521179620293 78.86787152672898 75.48114831147387 87.00235958438566 108.79412495911625 136.00609141833667 106.25216531837808 103.53882650658734 112.00758790149055 129.48264783563388 152.90669578115228
15.698178348266351 65.62332427522853 29.8406875898977 22.549863001476307 68.18678315725305 49.908055026649855 19.544489886877862 64.91142038724 22.642900008844343 7.746803118525929 74.47725081043588 82.00138259524232 12.451481511724234 19.295747221213542 45.10600336582552 8.07684172937039 84.4883873028277 0.0 36.82104719077968 39.15576896797375 12.486628870991442 75.8239959666492 25.101769373567944 14.969826239947082 58.951796919582605 47.20863927545755 6.8611741229864585 58.17049420015611 8.234057214450019 13.300152631696788 64.51520363617637 49.19801716581996 62.02715881593413 46.34631213560558 43.610613731201184 13.722342241696726 81.5789221745867 65.28569508872535 35.25910025946884 41.76112786235959 109.18410084273697 85.26477363967179 70.80787937562802 71.77875975854182 87.66632954617846 93.68029075794671 64.45006315469978 43.89128943088554 45.75916103921258 68.23618712904424 84.9528420692782 51.07958774152803 19.902614215533134 24.04068805232268 56.16623694078454 85.11299894080494 51.34307378436953 20.56332170112557 24.585351534133416 56.39928330784649 94.11539171149667 65.07510981036584 44.795671539148266 46.619242520827065 68.81042559446072
38.2168752018191 58.492793671054415 8.609865607463362 32.00505696279818 54.422935175591284 46.952422297251104 18.568117053275365 33.362580503737085 14.970115440492197 41.42323932003389 55.79089958309488 68.516685138232 30.489505643971537 39.107900582114006 31.79233896371684 30.051350417479185 65.2248027771563 36.82104719077968 0.0 36.40307000609137 41.24952542776677 59.25110555894799 11.92934790818501 21.873056590125223 43.611241873811146 42.104521588948984 43.67647018937081 34.37180670986901 28.832838295198727 48.81712905463628 50.11093536429437 19.173319570894776 25.41555485420945 40.38690433679517 36.99762240878777 23.1177966602922 62.11756827779064 53.40710627944031 4.017998927920028 47.95809675714246 91.33393971297758 60.22828124819701 36.16402971998476 37.18954280966436 62.073512938357524 85.40098373523925 50.87750539977737 16.690329776159018 19.06482834838831 53.3218742305047 88.48961402864786 55.86294899517386 28.386088951538678 29.760959624407633 57.96984634990697 99.76527005458128 72.2762814121388 53.75328359180607 54.31181304884137 73.51825265870747 116.88155752299147 94.32907907396614 80.80460047797186 80.9661867093475 94.74383860946175
52.18213412454483 26.86668609558488 38.322917539635256 53.2649017207978 29.308757823725408 77.55491083528014 37.88587669724001 40.38763348664106 29.163570521225328 46.90136905418947 36.77282591306696 42.86364934069011 44.572109569313135 55.20886740662168 65.31511326247194 39.5093513181909 46.45274052297385 39.15576896797375 36.40307000609137 0.0 51.01399430042286 37.305961192172816 34.94391567436967 32.879713926052574 21.36359198994562 73.26722770867143 43.491106531621725 27.08685643076694 33.811238869432316 42.02838474371593 25.97700295095872 29.845779895555545 55.04784759576638 7.197810490253933 68.31103502011072 33.18859552319521 43.75595072903526 26.206967045932185 39.049635889132965 12.758383537887275 70.26217902315165 50.25164105134804 50.08484661252663 69.90398484084426 98.28251694282989 55.266513653349904 25.69281465654119 25.704109273918156 55.28226711311966 88.57993111089161 52.650132858421856 19.502859887359225 19.584161692492717 52.74059182683318 87.03133605138177 63.951049923825636 41.06051505988252 40.95146201158316 63.74092733928442 94.04050525120162 83.71029350712176 67.65248744122277 67.38750270130592 83.06661561108132 107.9528618486763
5.618595617402056 77.71702127732003 32.9830856652296 15.744271288350859 79.64724911798072 40.87343146609227 22.69944117259949 72.49386701089315 29.588434231865115 5.824914819355598 85.3438113993946 93.68231173021606 10.784952377753278 8.67657974378892 39.85012378699839 12.663919378144595 95.40432395280376 12.486628870991442 41.24952542776677 51.01399430042286 0.0 87.03275332661286 29.49800326394215 21.733324380047826 69.99638480121375 39.07471830149587 12.656278860492801 67.67811545042429 17.559537771521555 20.844743243734513 75.82332741585483 56.766308480282916 64.95452876993728 58.15315421829168 36.4441062599595 20.71007151311175 92.42476907828878 76.9197576916715 38.6202431433597 54.233134046799314 120.53576881192687 95.06266347677924 77.0694545616851 72.36880601201497 83.24385718785761 105.91034284508439 75.86489462805469 51.85344380089993 44.90983092809273 61.15408471321669 97.39637954545609 63.56451173096384 31.459316743813186 18.26962298185507 45.52712041591387 96.62366588373848 62.3851207567516 29.026293314221878 13.711310808001327 43.91271243480166 103.76532894536818 72.86878065495061 47.405689513931826 39.74373037976643 57.50350696227912
87.2694863849749 18.38051326920906 65.46379519530578 86.03405115774088 8.387112173829552 106.04297816211985 69.68073001972701 36.46399044478029 60.38636740357586 83.49657051923909 4.962233538674046 10.276248405982255 79.06661743064285 89.86406215593306 91.00437139359107 74.7582939254434 9.556528941131043 75.8239959666492 59.25110555894799 37.305961192172816 87.03275332661286 0.0 64.41294958279657 66.64117277797395 17.096006049918998 101.25432822469175 80.62846660257881 25.63812673778608 69.47675157704555 79.29520259386388 11.351416342468681 41.42846430223853 63.60731635473227 30.30283951515809 96.12791115873348 67.32522601315537 7.633252514754665 12.165641160742464 63.15538671150115 41.873354693180374 33.54358575314137 20.117504158699642 45.59718404116559 78.4113499551447 112.30504797740227 29.21987396052076 11.65470222357692 42.57600054067537 76.71018347389125 111.13523907171236 46.828273086180126 38.244412292261444 55.92145857339001 84.77387883045834 116.79399847348067 71.71021052167102 66.21968864560553 77.60482590917495 100.27332552528918 128.38122753521043 98.49890620875937 94.3551877857638 102.46193619517402 120.36891310429904 144.47692575067506
26.886645660629735 60.22359075965132 5.207175444783884 22.27025082105325 58.39408957473721 42.898223660912215 6.849111968141286 43.59184200223449 6.2133837502110225 29.494096836254837 61.629311039688176 72.81712761526335 18.829500186866042 28.232328050260904 30.512889307043196 18.12689862752553 71.50685408592415 25.101769373567944 11.92934790818501 34.94391567436967 29.49800326394215 64.41294958279657 0.0 10.373822716581762 47.68589489435042 38.4555614325025 31.925496589059527 41.399020480103545 17.37024305625774 37.54278435610973 54.14497415764484 28.184820358388244 36.925955740230926 40.58804324642307 33.437166229961164 11.578057352387612 68.40286536302695 56.6425415964407 10.195064622032223 44.48183865248065 97.53473916751979 68.49534779872438 47.59218494631295 47.25712156998949 67.79580432025531 88.26280532548941 54.63278097698476 23.95846159648701 23.624651921742718 54.194922698897585 87.47934744200425 53.369649019401955 20.948853452824455 20.597118792250946 52.9573409558776 95.39378124623508 65.43971684524465 43.12265749484846 42.797133631557664 64.79544516223618 110.1465014108534 85.36257803312988 69.54173879976327 69.13828820335097 84.37368138048994
20.793797134455616 59.56399221736899 15.423098775399874 20.387017243456068 59.74734071973852 45.86416843932935 6.809222813118655 50.972447920103 8.010165954972521 20.352180742752292 64.53196085035687 74.08472633797976 12.451481511724287 23.22750487071491 36.4864004894143 9.159055120280392 74.58642503579459 14.969826239947082 21.873056590125223 32.879713926052574 21.733324380047826 66.64117277797395 10.373822716581762 0.0 49.55170606746145 42.036286325792396 21.83097952163221 46.067405440360105 7.008409219029366 27.170161667567008 55.701647832102616 35.2019066098378 47.175941369186994 39.536369962746974 37.452168620770074 1.2474863801123444 71.5478180580987 57.41395574433025 20.558278690609225 39.91207604166825 100.1661269257834 73.48138709167877 56.21896676032028 57.588426863634425 76.59685570517264 87.9815281326794 55.92920122878226 30.170226993172857 32.973480754226436 60.490487341028725 83.87171360786135 49.27758476030969 14.729247990936852 20.011884049917064 54.578884473355274 88.96313030139 57.44709609098738 32.87455847536873 35.442090660446034 61.857775869783204 101.88533537703115 75.7871425003888 59.173899669045866 60.449978224290255 78.75048802453209
70.17464868728972 17.362219302342815 49.123062931749665 69.05979100471903 10.83662995844893 89.87673352323579 52.729765267103765 28.823521710759326 43.415962446258916 66.57954178646595 15.59575054784661 25.166569185260244 61.9723877370929 72.77142564725558 75.35260257403128 57.67686297151262 25.544728289392413 58.951796919582605 43.611241873811146 21.36359198994562 69.99638480121375 17.096006049918998 47.68589489435042 49.55170606746145 0.0 85.16606236842296 63.98654606047888 14.020709566254627 52.43684846117774 63.21934095316245 6.525123420636858 27.615309129527162 52.60533307703577 15.116601078878727 80.0381535067573 50.230004540420886 22.68099684272561 10.137016808224336 47.36291661740948 29.08989283039939 50.63795221904829 29.241393973017846 39.25244849160608 67.98006309304975 100.48214725837673 41.890643846678515 7.28768940277867 27.31756225308888 61.921259788131316 96.52507464760231 50.495472765937365 28.996239733434468 39.071857164641905 67.87692598075647 100.41306236301328 70.34953499600319 56.72767036724025 62.304031905052085 83.30875399825585 111.32698184524061 94.61755751053666 84.76269506678459 88.3836025941837 104.08324738410366 127.47430331756513
33.53996931909891 98.60699989723365 36.10124982098058 24.665630967030612 95.99662796945076 4.928754996752726 35.82893232787316 73.19714539551455 44.105373528133335 44.25183695137182 97.88542851471303 110.28552236874489 34.91846921192521 30.47249297291752 11.716921903206357 40.34654414869159 107.31831731756256 47.20863927545755 42.104521588948984 73.26722770867143 39.07471830149587 101.25432822469175 38.4555614325025 42.036286325792396 85.16606236842296 0.0 50.87555376108541 76.45580635400451 45.20069744711979 59.20669817812713 91.69034595024982 60.954153106515626 51.8737738615277 79.04358136360824 5.129847334632792 42.29173740686026 104.21364176243537 94.58567002990301 38.140169005006584 81.77894759810768 133.4124787773059 101.57641994611711 72.32884838888499 50.39810667204921 47.36337858247059 126.44695547015505 92.32748827265378 58.777084575928576 27.92801979226205 22.361818926873635 125.48781925846983 91.02169224098691 56.72351158239079 23.345614273562617 16.350268412987987 130.66745607808434 97.97720647014896 67.2302707398544 42.838219237619334 39.30832175884912 141.31217293051645 111.66039105012325 85.80051286173509 68.1922683013581 65.82868127117176
17.61683536065482 69.32670265349793 36.5940213234602 26.45811398363576 72.77513441193753 53.068308477463624 26.179496306930655 71.4456261585493 29.464915057721175 6.869974046467002 79.57631763602639 86.27312075337909 17.447598098405113 21.08786348626381 50.0533586182715 14.363076285017867 89.51221680514139 6.8611741229864585 43.67647018937081 43.491106531621725 12.656278860492801 80.62846660257881 31.925496589059527 21.83097952163221 63.98654606047888 50.87555376108541 0.0 64.1331602548766 15.040161399059258 8.3484368028182 69.27902423869853 55.78750651806259 68.84909820660796 50.66913038518437 47.73882575784402 20.583498351846224 86.66731649834797 69.69077393575735 42.05795833113371 44.324024399773805 113.75253847446221 90.99008323554295 77.54670408899132 78.37428287062023 93.09299623667637 96.97257184999287 69.1066270262813 50.42401135212498 52.0023533878497 72.53080318032912 86.33564126650886 53.32734266540551 25.072181888747686 28.430079841659573 58.161592835489856 84.20357103135792 49.83517712875154 16.48337593491614 21.323972020491144 55.06882222282213 91.17508301454569 60.78622204502555 38.36487463808708 40.54124085071895 64.88567331564863
66.7356464534239 31.3538749135172 41.43770145290996 63.64212392762373 22.935041844899267 81.31722133019139 47.501943930480486 15.097972835495732 38.671406867196765 65.30258201380981 21.67218366410111 35.58778026300382 58.31020348250674 68.79829879927179 65.83816241177057 55.01506045039209 30.86379311343297 58.17049420015611 34.37180670986901 27.08685643076694 67.67811545042429 25.63812673778608 41.399020480103545 46.067405440360105 14.020709566254627 76.45580635400451 64.1331602548766 0.0 50.596501682959634 65.1857485524663 19.08705674318448 15.848833262154306 39.04808627368495 23.753471119287603 71.35895255205325 47.011478931482614 27.762122669429996 23.60525152852742 38.36842763101776 38.286865152052656 56.96259814691825 27.416057856389575 25.561482658364763 54.313765194303066 87.4152578779617 53.88479385497274 20.337294502397874 17.846378569132177 51.16868231507104 85.51507477124844 64.5123568199057 40.74712005520605 39.4162421880562 61.98210426234506 92.32957865113883 83.78236872048225 67.02041179402563 66.0208999357663 81.36680036958673 106.1938158152393 107.12764030977777 94.38043693888372 93.45421007737848 104.6632640034927 124.77898551095757
18.393591341330787 60.65800378357148 22.356630327476992 21.483827249168616 62.136254326479175 48.55611512256646 12.763296810021558 56.78899262403929 14.424753670997717 14.718404840453461 67.79876979279904 76.24108323564815 11.397945468754294 21.54591850007951 41.15566232202392 5.825484261377015 77.85626049632373 8.234057214450019 28.832838295198727 33.811238869432316 17.559537771521555 69.47675157704555 17.37024305625774 7.008409219029366 52.43684846117774 45.20069744711979 15.040161399059258 50.596501682959634 0.0 20.177539756516328 58.28203282753667 41.04677015859194 54.173009491332415 40.86411803331611 41.00891613649591 5.792197146835678 74.8846406749646 59.47516309456827 27.56165675884092 38.66068859370486 102.98813290442318 77.87061356673861 62.57707651110302 64.51921932989693 82.48848363178188 89.00675343085338 58.34503953581721 35.78991287238594 39.40209171712966 64.953556817117 82.6114846383288 48.131936677168184 14.26755472657009 22.029452169831945 56.23063456315533 85.52183365122949 52.9293297113024 26.151258074155653 31.001727319568243 60.275785664459455 96.9028073344029 69.70371336552613 52.17150324471847 54.588720006520326 75.0519517416191
25.949149907735567 66.47418648284629 42.524172775136385 34.72064977654827 71.16945007940674 61.41587589795495 32.567681349148955 74.01345494109059 33.996678663818656 15.157017144490517 78.75267022055415 84.06435949824692 25.324035897475213 29.388104358341455 58.07795021634062 21.376929080696744 88.48098444703427 13.300152631696788 48.81712905463628 42.02838474371593 20.844743243734513 79.29520259386388 37.54278435610973 27.170161667567008 63.21934095316245 59.20669817812713 8.3484368028182 65.1857485524663 20.177539756516328 0.0 67.99253585632118 58.70554458444127 74.2244528166104 48.99873018848622 56.00544528270306 25.96708219283293 85.7687426736244 67.83653165211453 47.727299875544794 40.49190365667992 111.84047748468824 91.28858922149044 80.9546018086222 84.66649574694469 100.88563012392845 93.36130614818555 67.64971073448537 53.21121309514695 59.00155079677685 80.78200761440263 80.70650862394639 48.927769831386456 25.868034025183633 36.59543831458155 66.36369055378609 76.81171474780106 42.26182231062603 8.18156125658136 27.25194454056197 61.75154439326739 82.920838964172 52.468305925797104 32.01274957997632 41.12839118768886 68.94279080984555
76.20997782777268 13.241168576273607 55.641456456916984 75.38296622791259 4.314426350588529 96.39850031221378 59.08230930828706 32.97609448652477 49.762955365105945 72.20238096335572 11.32143228377756 18.674197533033883 68.07966123116303 78.8856146208338 81.8657025639583 63.63813200204778 20.531632037771768 64.51520363617637 50.11093536429437 25.97700295095872 75.82332741585483 11.351416342468681 54.14497415764484 55.701647832102616 6.525123420636858 91.69034595024982 69.27902423869853 19.08705674318448 58.28203282753667 67.99253585632118 0.0 33.720209079431015 58.120260994666346 19.045424590671526 86.5626036454303 56.33493764028175 17.97304287283761 4.758416055418009 53.876650066223505 31.47825867856126 44.716035168367085 27.093713906894127 43.16775258476095 73.40082009671009 106.3331835116373 35.507080043938 1.4409942574661283 33.73802878372864 68.33218201207391 102.93286162061142 46.14194265743932 29.367256236769077 44.616477667570464 74.25403621196796 106.91833884423384 67.85611800829011 57.57688761308232 66.48708502246832 88.99863040053627 117.54050025468203 93.2026466890903 85.78999380755177 91.80317237875232 109.04325569350026 133.22068342741778
54.84818114034009 44.396894746702756 27.042478638827 50.21718691590782 37.88796496876691 65.84879006564293 34.86149809224604 15.774401402418073 27.218430144458697 55.47427566133762 37.519646636584646 51.22960237939249 46.540535982186064 56.3929847283972 50.131937205178254 44.351156706056344 46.5503966587952 49.19801716581996 19.173319570894776 29.845779895555545 56.766308480282916 41.42846430223853 28.184820358388244 35.2019066098378 27.615309129527162 60.954153106515626 55.78750651806259 15.848833262154306 41.04677015859194 58.70554458444127 33.720209079431015 0.0 26.076364007272232 30.368068890564455 55.89398431680484 36.337669176306306 43.471408899171685 37.75122375846077 23.18403971336594 42.59445505661866 72.54892373514446 41.064039630850054 22.45014188884381 41.43195500237668 72.96608406756472 69.1441808670061 34.759999548187686 5.518261328140135 35.319947144116746 69.70939637606685 76.75407872656302 48.04509615852402 33.47097714914636 48.24016729585485 76.99839967726628 92.70434428011106 70.61454083365705 61.42891425829344 70.3945298919326 92.36908774879285 113.53186260734992 96.13714359598958 89.38632006832238 95.56241593176489 112.55724653306156
61.02501780078109 69.84910032208829 32.38886263749525 52.72434453412904 61.968429353983396 56.57946455636653 42.97294454409288 27.747997197907104 40.350384206268345 66.00043217141221 58.98519689913536 73.86024651863208 54.26074989066739 61.027595837080675 40.209595240167864 54.85054313371671 66.19922852051447 62.02715881593413 25.41555485420945 55.04784759576638 64.95452876993728 63.60731635473227 36.925955740230926 47.175941369186994 52.60533307703577 51.8737738615277 68.84909820660796 39.04808627368495 54.173009491332415 74.2244528166104 58.120260994666346 26.076364007272232 0.0 56.350213147211115 47.71585014559645 48.411078711356275 63.41832677224537 62.550032657757455 26.81702867285639 67.73322354353908 90.56752675084712 56.149366370255144 22.31320532576824 15.422719156487213 48.71031458114201 92.59638328168114 59.33758817580756 29.370984951701956 24.47869188901262 52.25518318057396 102.61177162832234 73.87873023937124 52.74245512339538 50.002750423292404 67.92342905257873 118.60700398600385 94.67836242797043 79.08921545911713 77.07760029515403 89.56310461544163 138.52517725895038 118.48427988017093 106.21895739761524 104.50383598759002 113.81686630693885
59.19380290330562 20.029288504832508 43.46199881461446 59.865214086764105 22.19531616153644 83.45575728290537 44.14735351334814 38.256067430577744 35.129436930823815 54.090717605831514 30.09171973635214 35.66604536783861 51.45811084471861 62.15876532572432 70.55475154643806 46.510766666747884 39.576401274124024 46.34631213560558 40.38690433679517 7.197810490253933 58.15315421829168 30.30283951515809 40.58804324642307 39.536369962746974 15.116601078878727 79.04358136360824 50.66913038518437 23.753471119287603 40.86411803331611 48.99873018848622 19.045424590671526 30.368068890564455 56.350213147211115 0.0 74.01795957609032 39.93204893912608 36.96845757148189 19.021645042254487 43.4486005487019 14.653676570770692 63.09505474551925 44.34997252148842 48.45278797403734 71.57683796177284 101.45754418534078 48.44555603248492 18.652158066576067 27.27057597898082 59.450112197830975 93.37985638644523 48.11913914213337 17.795278745264408 26.6972501248234 59.19176638336715 93.21715547896915 62.341211796219184 43.28081196667335 47.485271275316634 70.93161212661376 101.00770523049907 84.02266196541902 70.83420199594654 73.27973313046137 90.095022444249 115.14801567758238
