0.0 15.15534429214581 32.743589978599 38.03039784181771 26.303953440598153 32.06523249943316 71.25469017767409 50.650660671362026 8.344892258729912 23.56330150506269 14.982938806802363 40.972350953861515 37.503338152161916 67.17866002977905 19.72799282612817 35.72299068870367 21.765564358532476 42.14406669685676 8.21054907293496 61.207220576531995 52.73339236060747 39.69069216556595 46.90221090555272 24.733291965311597 22.314791308251454 37.33032655935769 68.4868405789366 52.72419414356949 12.455495560733198 10.684363481551125 27.20496674960941 75.26794173078868 18.119900558598008 48.24681887971071 41.51281641108113 35.17047026922424 22.86955912878108 69.7724062510714 2.2228891828468216 60.92616646601011 109.45132547671419 83.32590812002388 65.58658137735881 63.67708166064182 78.75735000844686 96.07021320682644 64.94901388674091 40.026167903885074 37.15703167415792 59.61566121585751 89.79484080621013 55.341857275789884 21.381825555525666 15.700233357939497 49.30178249268602 92.08985904341623 58.96027157259245 29.44368626630864 25.541989937538148 53.223128346556635 102.38040865089165 73.88591220299294 53.2101033682724 50.973613879436 68.99355518147853
15.15534429214581 0.0 31.772145086362396 43.69770600029714 38.6929263849107 46.99917181545171 85.10921312908918 65.73864537913644 15.670623024856724 35.84971076117543 25.963502155156753 55.89255101802447 37.974809708247186 80.0637037879977 31.638439546060237 50.866703841607674 35.75739111093751 57.060997310961284 12.149857044493784 74.77601115660414 67.32580794208963 50.88299405593674 37.528458597225644 39.87770345112988 35.6476962668765 52.48023298013667 82.28065277349502 67.57620266508403 5.317686146520052 25.708650395692615 34.15384105992503 86.95209871047516 32.99543784322642 51.21790402475603 56.23232315341305 48.81360154447234 35.69906413749297 82.36542763062668 15.200717185396876 73.8234196973797 122.15916970238473 97.58712461639008 80.73642714101588 76.86503805749777 87.70882005726114 106.59148706750082 77.4264948520616 54.979878060381466 49.45219687737062 65.29211635972857 96.86146183398046 63.50949179895057 32.85748253721687 22.81706859420958 48.543474641358024 94.78485721871918 60.32528430243184 26.24812707439951 11.560359174100217 44.420413259395055 100.83574276870007 69.36813314073302 43.021617325083 35.841484426729345 55.796014566446175
32.743589978599 31.772145086362396 0.0 70.69454698837593 57.17933109075416 47.875574819662326 96.72519885302032 70.35000065814475 40.222836082518384 54.75568934293533 24.82403233277097 63.63790868102615 6.5242220958879 95.17913771454678 51.51867117707598 56.045722430233674 50.785137476525584 55.694499916874186 25.171519512735948 87.92093481708142 76.34143221036568 70.9255608993748 68.29570630387047 45.670585022687156 52.421840797944846 55.778592186315834 94.25675339988783 74.74148290170619 35.449171691465274 35.38705547967325 16.853698892887614 104.95796834055686 38.02689835103043 80.36226984246905 65.45491660521971 63.384974154735566 53.568249106816864 98.22890266744356 30.592462923935436 89.13045460170511 136.81814031635213 106.86465703556209 80.71981800281985 63.29380544991825 62.38032778747712 126.74366277262303 93.75091651340513 62.524761908903194 37.73977435048168 36.5249024146988 122.38591280727952 87.82697326738362 53.32632258538463 19.200781109374393 16.985204664993194 124.34762832026495 90.51599608504087 57.609053832307715 28.97076591848529 27.470932471526723 132.34799319207465 101.1331383010125 73.03860353675894 53.255695810767925 52.2733799641975
38.03039784181771 43.69770600029714 70.69454698837593 0.0 22.132830988631817 49.832019377265375 56.47851971238059 53.208688777558656 30.592600977823352 22.24104989112508 50.35279830066301 43.38147494813538 75.52383453227299 47.32945500149034 22.605537248110334 45.25797890013504 28.872114422688163 56.85115512690398 45.59228253651222 46.14896075507753 47.494068142889304 19.515640613293023 41.64729436329906 42.0268060127399 26.030639702113827 48.510839870554875 53.68602255183761 50.49668802809257 38.44032146591783 39.50935131819094 63.67329245123895 49.335935609748354 43.04218067470104 12.272985070788671 41.21654066213882 29.631575728489114 24.135976752929576 48.173471291773325 40.229366242730855 42.10652574712059 85.77045748689902 70.16275378976619 69.88430821797029 85.08575042138082 109.4993935428741 65.50993945350692 43.427280486555006 43.30275433090494 65.26217659379594 95.06838682274363 53.164815419086565 20.840410820792997 20.904534988591337 53.240287173107106 87.33217338800922 54.419585264598105 23.834370178138272 23.864455997878622 54.45912628044323 88.07343371941006 68.53120056342875 47.824517465030326 47.672412935851376 68.21252746937688 97.09816844694839
26.303953440598153 38.6929263849107 57.17933109075416 22.132830988631817 0.0 27.731033368640375 46.844144217803084 33.868577162822525 23.065765156624554 2.843779622427039 33.43723156792659 23.281574905359285 60.719332165771036 41.376738339085435 7.063950604354678 23.495909248702954 7.541150343389104 34.88476061356499 34.4322296444319 36.31100348496461 31.30553843341221 13.746230982032744 54.617726203709616 20.21968427392758 5.018386345802508 26.67609339068025 43.96991156626968 32.99155968819822 33.83318173341147 22.08589359351898 46.3396841021196 48.96688383779151 22.918843227121386 34.38782077874566 21.95039629658907 11.237770510902568 3.611285523404925 43.75268408424997 27.966319477140637 35.13226387179911 83.54201093009144 59.831454381903 50.74585892989523 62.97051203524383 88.03540478186027 69.92771471400451 38.853683567011096 22.89490029757145 43.972587869632285 75.74856301960655 66.29027537917837 31.916678582382605 6.148333001898682 38.102276713682826 72.53012372742114 74.11370906595765 45.902374711807916 33.40728630125234 50.198587561982286 79.48951031107545 90.47179845570875 69.09853290569278 61.30945121016457 71.67894384312912 94.40166204596778
32.06523249943316 46.99917181545171 47.875574819662326 49.832019377265375 27.731033368640375 0.0 50.126136814104214 22.47870420264695 36.28866794200173 27.74653315415128 24.981807722877832 17.354980896887383 48.457892888071896 50.972698164031435 28.754122820915544 9.330899361103143 21.260505693292664 10.078856808560356 36.30856783748019 42.7514588332531 29.49295181772594 37.122845183015045 75.98242727312432 8.593350157481549 24.029642472874908 8.038531919406944 47.94892441785332 27.228900272903623 44.447904543045276 21.380938477972045 31.810554771674564 62.64549212462681 14.003779623968965 62.101277394796725 20.00470274526127 24.6193503419777 25.88516107912672 54.422935175591284 31.798793683516386 45.63156332885993 90.6737749055597 59.23170502745501 34.4948181565966 35.58407303320928 61.13424737717833 85.32129237528888 50.74485670629264 16.28534042573186 18.714658012162666 53.1988610529657 89.01324326604033 56.68121980759271 29.9500549333004 31.242484086866288 58.73688571160412 100.7601124033106 73.63096398969925 55.544905498236844 56.0691827929517 74.81356197110645 118.18343230119137 95.92282423307903 82.64247392041162 82.78341943894706 96.28674012436389
71.25469017767409 85.10921312908918 96.72519885302032 56.47851971238059 46.844144217803084 50.126136814104214 0.0 29.406744315268178 69.70725553598247 49.62313859245405 72.12086422715446 33.19272879555138 98.14788936824291 11.313656803146756 53.83518238417684 41.086032584250304 49.533669448558875 46.14237397857161 78.6697694622766 10.695408858834131 20.638976799823375 38.05382744248644 97.58775432062455 51.061361646114925 49.461736940628064 42.16175687444168 2.8985282063060724 23.31232312123894 80.48112413353297 63.17820028488445 81.57613767952067 21.80663092717721 58.845013291801834 63.92929011801853 31.273228232953063 36.29591981052746 49.505728155894225 13.417843446175864 72.36866459673116 14.59055201380096 40.552884038563654 13.687742142687314 33.541365124116545 66.76483409765528 100.92033480893457 41.20278934725914 15.491939560416599 34.31006421794041 67.15065744905473 101.17356897333067 57.93672010727208 43.40243422376428 52.968827957743294 78.2460213203266 108.78419300192297 81.37212623975842 71.5442075512527 77.52727564905683 96.42166475529234 122.38688869621657 107.1996361120358 99.72072142013737 103.88138389297241 118.46147431896861 140.24820572554287
50.650660671362026 65.73864537913644 70.35000065814475 53.208688777558656 33.868577162822525 22.47870420264695 29.406744315268178 0.0 52.202648312449206 35.71535490847483 46.921753907990535 10.673600808251686 70.84140973662753 33.44431770191222 38.98811580345271 15.149491123820418 31.814955373216737 16.784509075864335 56.57679014981076 24.837265445155275 10.645979171224479 34.762377948456134 88.33796004674313 26.495838319229716 33.37964589760394 14.63002883526951 27.7694551351581 6.523448121380372 62.13579653608659 40.615187893481824 54.213867857494705 46.22625578213149 34.36853706362586 64.42528978311054 12.097086765643661 23.72533747968655 34.51474181248981 37.05501553665872 51.05288503005897 29.72969442089018 69.59856142345676 36.97829228613694 16.901991036642578 39.98511415621311 72.84771965940342 68.42912111634689 34.74854525092239 11.279634189590848 37.9717114174296 71.77272154918275 78.19486338604497 51.24649207065244 39.150907439221925 53.237284600061294 80.81118551278462 95.60101498570474 74.99024895175278 67.09908121563832 75.99869639464958 97.18067142104356 117.29332454008828 100.99154942266152 95.05545139398573 101.32354779851572 117.8645856435489
8.344892258729912 15.670623024856724 40.222836082518384 30.592600977823352 23.065765156624554 36.28866794200173 69.70725553598247 52.202648312449206 0.0 20.227479356213447 23.100790250944943 41.87740396500285 45.343896456831175 64.41268460594401 16.002121562698743 38.014501821688086 20.900014164599092 46.18755710792748 15.053804013010144 59.28026818302098 52.596070530776196 35.295607159832976 40.221509948142476 28.07926295657399 20.353039589636026 40.185341382705566 66.8569786076662 53.27237000730959 10.782833562233094 16.009464636288474 35.547582081097545 71.35151123984666 23.15608374723333 40.2375263395557 41.79658754589635 33.47378947449171 20.2021529295325 66.69588764833783 10.505370101661757 58.178539952103826 106.48884250341945 82.40395955265039 68.08611111603739 69.82686811268275 86.663899637103 91.299773141327 61.75590029318419 41.070167473316125 44.21030289505526 67.94974538806188 83.1757688142247 49.08538364985527 17.187010039740624 24.005495121840173 57.02618989431621 84.1880900507478 50.76656537962382 21.4872662565198 27.221496261502747 58.43942079656059 94.0421014615047 65.70684441563023 46.75122428305938 49.485144789513626 71.46115834199944
23.56330150506269 35.84971076117543 54.75568934293533 22.24104989112508 2.843779622427039 27.74653315415128 49.62313859245405 35.71535490847483 20.227479356213447 0.0 31.322341720377477 25.05606940092214 58.446191418642115 44.22048132728483 4.230515378360857 24.438663076090535 6.632690623221657 35.51234263602 31.721030179359854 39.11438829205589 33.72488072070739 16.253966138773226 52.62648284017558 19.78792494414107 3.790588282947423 27.513183573935663 46.753877046045545 35.21118063826998 30.999046524161972 19.926379710424847 44.38142260388899 51.735533968896796 21.508703605441127 34.49949153817693 23.98182782037548 13.768641298488058 1.8954538826277387 46.59007072462368 25.272723500439522 37.976006501245124 86.3813968766058 62.55234863605898 52.52282438374609 63.24000324989774 87.37705138437464 72.57085273940831 41.68621638409658 24.57224375030321 43.18208247601398 74.29960893838775 68.29556600930894 33.77909743929315 3.553125153257548 35.76417425523567 70.28784965570479 75.20004752057791 46.07266962892031 31.387412784056085 47.354868080669206 76.77650965939002 90.76761804326578 68.43007200303943 59.34116773250083 68.95548409363637 91.55942632898198
14.982938806802363 25.963502155156753 24.82403233277097 50.35279830066301 33.43723156792659 24.981807722877832 72.12086422715446 46.921753907990535 23.100790250944943 31.322341720377477 0.0 39.259595377791975 27.479196238974733 70.35517383612918 28.785064455961106 32.03992834731632 26.502231685950427 34.27845245316967 13.833321821901505 63.13839539822078 51.94264867196321 47.05014883695792 61.39008721762377 21.129342396532827 28.479577092516376 32.33420778946911 69.59735274464728 50.69820194463773 25.64556265952509 11.397892571779211 13.332964874580805 80.25371831359882 13.279501560063292 61.51710963670308 40.86953223034677 38.65687431467927 29.8748771193042 73.41293887186694 13.150617178405657 64.31291023705543 112.05218656700049 82.71708595661642 59.35776025066046 50.984063143006125 63.79819188192053 102.22445506008124 68.96101938558007 38.16083193608973 23.48871879734219 45.18887744622841 99.61655852136819 65.06981422588402 30.652189329675668 6.315591309510556 39.17997794861758 104.76918076414108 72.64655447378256 44.421800363158845 32.617551263638056 50.491056494113906 116.65824608332068 88.80250937398691 67.50858014085864 60.19729683398093 71.30781256090488
40.972350953861515 55.89255101802447 63.63790868102615 43.38147494813538 23.281574905359285 17.354980896887383 33.19272879555138 10.673600808251686 41.87740396500285 25.05606940092214 39.259595377791975 0.0 64.95517378882018 33.64391177384469 28.32047339940392 8.04641150928241 21.248913558421368 17.092680354983152 47.45410653934047 25.398408696329167 12.706521761942595 25.961448927677104 77.67057568896433 18.139003905841943 22.720622794336414 9.977921017644602 30.858911892196492 11.792011734641147 52.04420093487832 31.468305654023617 48.39302437759656 45.52798482807858 26.09922774782568 54.982803317571694 3.109026617034146 13.768641298488058 23.841160753028685 37.12163412312952 41.59771979135368 28.452263923146457 73.62520722670673 43.479505912979064 27.47914319110814 44.884059170083084 75.29205672214722 68.21066738232066 33.608699306459314 1.1174097108744272 35.60627684708983 70.20840197883004 74.011667687513 44.12481430496601 28.47999297838318 45.497903708505206 75.65610988353205 88.85786078354703 65.8998048672501 56.43262290751165 66.4927767790037 89.73700233159961 109.11706732499358 91.19628538357945 84.39019434944576 91.22149794307673 109.15920859016889
37.503338152161916 37.974809708247186 6.5242220958879 75.52383453227299 60.719332165771036 48.457892888071896 98.14788936824291 70.84140973662753 45.343896456831175 58.446191418642115 27.479196238974733 64.95517378882018 0.0 97.33080354314235 55.48539194200344 57.12290402000513 53.95537043054338 55.414327046684356 30.42370632179941 89.77584414978172 77.58107122402488 74.41754314147116 74.74359985817509 47.39705446932347 55.828571675092434 56.48247149057368 95.78512597808142 75.64456550868996 41.39612548879786 38.65475976549626 16.64821700206186 107.59468357954641 40.174884964826866 85.58124547740513 67.00930242417347 66.0280417392549 57.12118908504289 100.49602932827767 35.29706308401976 91.40073263323487 138.51388217463733 107.68959589651394 80.01747718844706 60.027812986361845 56.55682182535192 129.6722507418824 96.1647688091586 63.8378575160986 36.02388776388274 30.24910036139957 126.53641597237748 91.93272941345775 57.329253626442195 22.726951379491645 11.884432267903993 129.52164906757002 95.96346633622929 63.537044719393265 35.493170035268236 29.621176109277947 138.23178985729942 107.32986311145082 79.53720430984366 59.39216944912985 55.888176607316616
67.17866002977905 80.0637037879977 95.17913771454678 47.32945500149034 41.376738339085435 50.972698164031435 11.313656803146756 33.44431770191222 64.41268460594401 44.22048132728483 70.35517383612918 33.64391177384469 97.33080354314235 0.0 48.4253875351232 41.641832994709006 45.571610741583605 49.1804637034894 75.02776309615928 8.62857034260574 22.978837863258946 30.347780562552774 88.90014391255995 49.984194686422626 44.87627893316122 43.503309293446456 9.603120718864586 26.92188052356012 75.1441134105502 60.36093725891264 81.09354909216586 12.87871296965296 57.22632179699618 53.71540372555308 30.997966455832675 32.212172254056966 44.5087849640196 3.612315474618636 68.57119006298836 6.257417104515987 42.27292026134292 23.922054166865017 41.861351220986535 72.98851922558767 106.28790294882013 35.04439087340937 4.301384319877373 34.695079408563096 69.16537584645653 103.7246544920736 47.71395048717097 32.51759201752945 47.254630799878 76.18031304145478 108.48370236616607 70.23158319290741 60.73615856791468 69.57060091438098 91.57531293401506 119.69456644800655 95.89327744499144 88.95399386941246 94.99896953209455 111.94415669412123 135.767754040998
19.72799282612817 31.638439546060237 51.51867117707598 22.605537248110334 7.063950604354678 28.754122820915544 53.83518238417684 38.98811580345271 16.002121562698743 4.230515378360857 28.785064455961106 28.32047339940392 55.48539194200344 48.4253875351232 0.0 26.738485826767384 7.806188033145889 37.2593233981179 27.931603310404036 43.339699567627804 37.62650382321114 19.9681158242422 49.4772812160927 20.3530395896361 5.633276121466594 29.6308514888848 50.96908720140651 38.90189892985233 26.769970312916243 17.477694459514982 42.041732706324716 55.74909974895759 20.439616839636997 34.63253829455264 27.529790349585124 17.840521392360937 4.607410555735439 50.76111187937661 21.55151834749015 42.185390022411006 90.5571302204936 66.72018887593016 55.65399332202199 64.32685241582082 87.0247925026748 76.34661047504343 45.84298938057791 27.734343012203283 42.79774821340589 72.72509941312467 71.0545757702745 36.451231067699545 1.867128619007552 32.75873176240319 67.36198674738145 76.55378396598334 46.18404087522659 28.289365051958267 43.1561058270015 72.93455639630577 90.90624753108233 67.1889404328812 56.20990988838797 64.80390883668312 87.37466227926055
35.72299068870367 50.866703841607674 56.045722430233674 45.25797890013504 23.495909248702954 9.330899361103143 41.086032584250304 15.149491123820418 38.014501821688086 24.438663076090535 32.03992834731632 8.04641150928241 57.12290402000513 41.641832994709006 26.738485826767384 0.0 18.97397728597522 11.731935935423854 41.44176916667197 33.441024424565796 20.46930273186899 30.081132969209246 75.96856616947142 11.346397037202978 21.23340521725056 3.286556967537022 38.8196400111266 18.71451847779547 47.508943535456964 25.513204286977853 40.513476913997934 53.362852784316054 19.249259294538486 57.34014598714861 10.687946122413608 17.204139119662724 22.813205460951526 45.093833297030606 36.012182842988096 36.32554826494091 81.58518005281861 50.827625102851734 30.093037333164638 40.281160255724814 68.80690663235332 76.04586438603873 41.452389766619355 6.962910547378134 27.812191715176343 62.39718159898188 80.6191021895166 49.27661751543578 27.418442739475882 38.34315510698948 67.70128992542764 93.83762080012194 68.65172977917265 54.912813288388044 60.930864618197276 82.4895120660764 112.69880185291451 92.58938627795484 82.70000027882298 86.60546591138107 102.74455941454887
21.765564358532476 35.75739111093751 50.785137476525584 28.872114422688163 7.541150343389104 21.260505693292664 49.533669448558875 31.814955373216737 20.900014164599092 6.632690623221657 26.502231685950427 21.248913558421368 53.95537043054338 45.571610741583605 7.806188033145889 18.97397728597522 0.0 29.482861647032813 29.466658252519196 39.44173682201935 31.712729219033466 20.627891344281675 57.063553060221025 13.16559342465321 2.8421030422408875 21.829945937168482 46.74810416253082 32.41576800297268 31.43222539661474 15.399917614681847 39.126810687290444 54.375827907602265 15.399917614681868 41.126092103811786 20.930339368483196 13.422566053645449 4.737237325501256 48.298410484322616 23.032030852288422 39.34047919856875 87.8242924109612 61.83620088831601 48.261103522876176 56.82747097128546 80.77374431791951 75.96230988948867 43.574396803563054 20.543369387755895 36.60844753448605 68.21417207569503 73.60894186573505 39.36959668774969 8.746838758617967 31.589594130823485 65.68219660294571 81.59128542242952 52.701489550361444 35.952544805905475 46.9313678559753 74.21152493406058 97.4001350266406 74.7067817219119 63.798079404125 70.38509363226578 90.734241851988
42.14406669685676 57.060997310961284 55.694499916874186 56.85115512690398 34.88476061356499 10.078856808560356 46.14237397857161 16.784509075864335 46.18755710792748 35.51234263602 34.27845245316967 17.092680354983152 55.414327046684356 49.1804637034894 37.2593233981179 11.731935935423854 29.482861647032813 0.0 46.223643315088374 40.58811040792801 26.318344128911246 41.703274274207736 85.55759787830227 18.147887543765595 32.036676526010446 8.446724821918929 44.3857814166075 22.898985686994006 54.52081258950143 31.459743198766986 39.029551586835254 61.63615274788252 24.06979131928482 68.98937535010118 20.20170155379573 28.83430400571547 33.76569250302898 52.771466375215326 41.860630553487155 44.63787718598549 86.37925228184318 53.39727087305248 25.2191992305001 28.558600182138782 58.22392498176627 84.1872324927525 49.80781966679694 16.40125104290484 21.261150539160305 55.04475778298606 91.1035736345669 60.679897223586664 38.19775861835654 40.384621314638416 64.78886133283497 105.34903364400635 80.34234662987019 64.8547813466734 65.97097010087596 83.02392040526189 124.43071665082032 103.91914129422885 92.25001107532883 92.82043470113409 105.43193819373946
8.21054907293496 12.149857044493784 25.171519512735948 45.59228253651222 34.4322296444319 36.30856783748019 78.6697694622766 56.57679014981076 15.053804013010144 31.721030179359854 13.833321821901505 47.45410653934047 30.42370632179941 75.02776309615928 27.931603310404036 41.44176916667197 29.466658252519196 46.223643315088374 0.0 68.80805528869998 59.62108476277986 47.88662984986212 48.6148165112217 30.11898575807424 30.27712446950498 42.58411489921803 75.94574935194878 59.2440993923491 12.660873036552411 16.007762791705964 22.90547466044509 83.36636107895495 22.519627171177202 55.22123343733457 48.322718439269764 42.878927913294945 30.949909914270528 77.69931957543035 6.484681440692268 68.7878930199227 117.28891284315294 90.42066157890922 70.63905094842197 64.79681716009576 76.17185849486384 104.26341628221724 72.91498386795777 46.44521037277779 37.316860237553676 54.97969031303866 97.80274553353773 63.42801004325353 29.59224034951116 11.096924191712146 42.01708665411076 99.19836214795947 65.54024062332296 33.84639963849231 19.760615770461442 45.05810296086615 108.14646678807851 78.31865208433923 54.46812136985151 46.84605878650286 61.78302517223757
61.207220576531995 74.77601115660414 87.92093481708142 46.14896075507753 36.31100348496461 42.7514588332531 10.695408858834131 24.837265445155275 59.28026818302098 39.11438829205589 63.13839539822078 25.398408696329167 89.77584414978172 8.62857034260574 43.339699567627804 33.441024424565796 39.44173682201935 40.58811040792801 68.80805528869998 0.0 14.350900693811592 27.42916520504246 87.02109443401075 42.385474880853714 39.16299893546344 35.12985961879369 7.798420951876412 18.319847311836654 70.06289227712116 53.628749454709045 73.38275830744446 21.398626552344908 49.894266851672555 54.233404180787495 22.929411765815853 26.058030642696124 39.09228368934459 12.23978878974412 62.42928600176738 6.174576568777709 48.91771162336397 24.24927515870426 34.321371584595376 64.51922283772552 97.68494279998234 43.67119312690314 10.330340283178836 26.47853020790667 60.748358034912776 95.25999819572456 55.00120534114425 34.84846766112961 42.40908963765009 69.119303711383 100.75344898627387 75.8073691373764 62.53849453847515 66.8591695386439 86.1627121897317 113.01617830394402 100.35881538866906 90.53454868267804 93.35851478617174 107.84162071812773 130.1480431228191
52.73339236060747 67.32580794208963 76.34143221036568 47.494068142889304 31.30553843341221 29.49295181772594 20.638976799823375 10.645979171224479 52.596070530776196 33.72488072070739 51.94264867196321 12.706521761942595 77.58107122402488 22.978837863258946 37.62650382321114 20.46930273186899 31.712729219033466 26.318344128911246 59.62108476277986 14.350900693811592 0.0 28.104522502718236 85.52754433116786 30.81341465179795 32.423001437467796 21.55818134623628 18.482484106121287 4.35399934586719 63.13309895002515 43.74909282726939 60.981283614073114 35.66745581709546 38.738604381903585 57.79599662731998 11.303812244583627 20.088368459664185 33.02548022773743 26.588788298309264 53.5625460933004 19.084166866049443 61.181025161567305 30.893669165983933 23.6762706493758 50.611844777962254 83.41101794289808 58.02205133236576 24.11050914521443 13.8176769755475 46.85502190904619 81.20782779086112 67.73183298438038 42.321965808777556 37.2763473058412 58.161267482414566 88.1519692889479 86.05914484975435 67.70410569865938 64.46929928616169 78.25286115271152 102.39875541884487 108.72958740216396 94.65330494291305 92.14696249387238 102.06648254005032 121.4032973903136
39.69069216556595 50.88299405593674 70.9255608993748 19.515640613293023 13.746230982032744 37.122845183015045 38.05382744248644 34.762377948456134 35.295607159832976 16.253966138773226 47.05014883695792 25.961448927677104 74.41754314147116 30.347780562552774 19.9681158242422 30.081132969209246 20.627891344281675 41.703274274207736 47.88662984986212 27.42916520504246 28.104522502718236 0.0 59.608664012306285 31.318146922479258 18.589530694986706 33.316738977964036 35.17995233339006 31.344563556422163 45.743601842524576 35.76313304047856 59.75301214471216 36.069106418181306 35.76313304047857 29.81313757362088 23.30017576060596 12.878812227812784 17.35737871407601 32.09450723404978 41.47316558604601 24.420272797973087 71.64047453213654 51.67658257075799 51.023418560664524 70.22191792804637 98.25301386099 56.37968273229072 27.10562145729943 26.18410110425073 55.05766007697122 88.15855637396245 53.14796075627623 19.595946498677666 18.388847614531826 51.83774228094364 86.20328615393099 63.80038487677586 40.22870212429507 39.50995938642127 62.43840451815891 92.90264193332142 83.16217695437683 66.61596000344946 65.98635050998955 81.64241945946617 106.6374452528355
46.90221090555272 37.528458597225644 68.29570630387047 41.64729436329906 54.617726203709616 75.98242727312432 97.58775432062455 88.33796004674313 40.221509948142476 52.62648284017558 61.39008721762377 77.67057568896433 74.74359985817509 88.90014391255995 49.4772812160927 75.96856616947142 57.063553060221025 85.55759787830227 48.6148165112217 87.02109443401075 85.52754433116786 59.608664012306285 0.0 67.48253080523506 55.109412119126624 78.64258968944814 94.7345484697923 87.55215975249828 35.98790432299698 56.218511979751 71.42446998210481 90.61410905121456 63.34419240730646 39.09228368934466 76.55357369798011 65.56967280608161 53.84939300117052 89.81973793951705 48.39124805267109 83.48466875810924 126.89212283349622 111.25039277597696 105.1015041732436 110.048351646202 124.77816496580884 104.45856689372704 85.05469415848349 77.14756760907132 84.0471936936605 102.81464748011814 85.51971488509605 60.57538117204737 49.19287353934191 59.71019714731038 84.29402892578334 72.8553688980457 41.01318927447517 21.23921279575674 40.18671639405898 71.92833751326103 69.96110529126925 35.67253286743205 6.734721698633467 34.82867897476132 69.1055049144039
24.733291965311597 39.87770345112988 45.670585022687156 42.0268060127399 20.21968427392758 8.593350157481549 51.061361646114925 26.495838319229716 28.07926295657399 19.78792494414107 21.129342396532827 18.139003905841943 47.39705446932347 49.984194686422626 20.3530395896361 11.346397037202978 13.16559342465321 18.147887543765595 30.11898575807424 42.385474880853714 30.81341465179795 31.318146922479258 67.48253080523506 0.0 16.002121562698804 12.606976180911786 48.586687334345086 29.695705711096778 36.848932647962265 14.27660198123221 31.11591846267883 60.69914711878875 7.991888403420979 54.28740726541171 19.788133997659024 19.95585695205302 17.89458541473698 53.21392523166833 24.84334165894664 44.14818995873887 91.2036437687819 61.61500206745323 40.8599736932174 44.01694615294632 67.82529598135065 83.14621345463006 49.03574561914387 17.046056300662364 23.905728870506465 56.984663381418564 84.23388459889496 50.84177516559784 21.662722305289524 27.358903885225995 58.50294312552311 94.15018708659728 65.86002875156404 46.964280764762044 49.684590881491154 71.59810121073762 110.54375984439552 87.53499646477717 74.15914272703074 75.70687798686532 91.42337982912285
22.314791308251454 35.6476962668765 52.421840797944846 26.030639702113827 5.018386345802508 24.029642472874908 49.461736940628064 33.37964589760394 20.353039589636026 3.790588282947423 28.479577092516376 22.720622794336414 55.828571675092434 44.87627893316122 5.633276121466594 21.23340521725056 2.8421030422408875 32.036676526010446 30.27712446950498 39.16299893546344 32.423001437467796 18.589530694986706 55.109412119126624 16.002121562698804 0.0 24.20534519901259 46.6337072374122 33.48017959387965 31.075985749528893 17.173843721440846 41.33083269710834 53.15788150602467 17.972700399848694 38.28640448487549 22.044766168192986 13.167556921040108 1.8951345339905432 47.45908562914047 23.793871976878943 38.62099562861185 87.14567882406982 62.05584036536895 50.022900806419074 59.56894478896647 83.60282924334619 74.45437017682214 42.64796519298243 22.115367971272832 39.423025438965965 70.81034696830254 71.30420856121955 36.93106086995228 6.1943590592462 33.2819867206754 67.61556717749258 78.84736103521992 49.86097044974705 33.91398354934682 47.000341067907726 75.2511642095873 94.55811468500043 72.00988781010038 61.84165377255053 69.70032747764888 91.0310961658742
37.33032655935769 52.48023298013667 55.778592186315834 48.510839870554875 26.67609339068025 8.038531919406944 42.16175687444168 14.63002883526951 40.185341382705566 27.513183573935663 32.33420778946911 9.977921017644602 56.48247149057368 43.503309293446456 29.6308514888848 3.286556967537022 21.829945937168482 8.446724821918929 42.58411489921803 35.12985961879369 21.55818134623628 33.316738977964036 78.64258968944814 12.606976180911786 24.20534519901259 0.0 40.03918415412041 19.190572288066463 49.35783983468565 26.868091113304732 39.83426067726017 55.496192994028846 20.10731922422259 60.609223007783896 12.940428815118834 20.43824446255349 25.84230994761078 47.013539542298794 37.44335818437944 38.41568915232782 82.7145969466044 51.21176024435963 28.25640728642281 37.00060870477626 65.83696425724578 78.17534211339344 43.57790030274507 9.02978771528113 25.66895262194898 60.25867225860815 83.48519428870756 52.43606485215465 30.399703757997273 38.646874904772105 66.76719067835515 97.04038388925339 71.93134294026147 57.67313780409986 62.23386768855898 82.55124763906045 115.98456566944179 95.77382671461598 85.36712084517951 88.3016295979773 103.44816715457034
68.4868405789366 82.28065277349502 94.25675339988783 53.68602255183761 43.96991156626968 47.94892441785332 2.8985282063060724 27.7694551351581 66.8569786076662 46.753877046045545 69.59735274464728 30.858911892196492 95.78512597808142 9.603120718864586 50.96908720140651 38.8196400111266 46.74810416253082 44.3857814166075 75.94574935194878 7.798420951876412 18.482484106121287 35.17995233339006 94.7345484697923 48.586687334345086 46.6337072374122 40.03918415412041 0.0 21.487206398024234 77.63376043288483 60.51856196361423 79.24718243382054 21.249494879750298 56.317860276794 61.30256268706191 28.813681387278656 33.47291434547112 46.65484266115598 12.293611362010173 69.62525766700966 11.993348658970397 42.76867355601315 16.51807197116604 33.33741958025601 65.9148690780542 99.86493861917558 41.69468639992514 13.526512151435291 31.974013384978807 65.24231661155399 99.42652345115778 57.03495819652259 41.031797598178564 50.09044064376084 75.69225816065331 106.51011932123596 79.8291417342053 69.09910676412412 74.64209543248714 93.61068012863532 119.78830336659213 105.34412804833032 97.24209081245984 101.04124101395726 115.5738283223068 137.4771124301592
52.72419414356949 67.57620266508403 74.74148290170619 50.49668802809257 32.99155968819822 27.228900272903623 23.31232312123894 6.523448121380372 53.27237000730959 35.21118063826998 50.69820194463773 11.792011734641147 75.64456550868996 26.92188052356012 38.90189892985233 18.71451847779547 32.41576800297268 22.898985686994006 59.2440993923491 18.319847311836654 4.35399934586719 31.344563556422163 87.55215975249828 29.695705711096778 33.48017959387965 19.190572288066463 21.487206398024234 0.0 63.6096813690216 43.25261894706691 58.99932962381238 39.714659825525445 37.687487319193 61.15003418138163 11.485585111312949 22.00814199278902 34.303746160271864 30.53220839160656 53.38162543390399 23.334499579158194 63.76387237839816 32.123253390819066 19.819772107929467 46.35289952880795 79.3675449617279 61.90828343400521 28.299271890312266 12.8029099615141 43.838712340119784 77.93974196749602 72.07986653124625 46.38109791118152 38.75217982730708 56.983179562985875 85.94917206220534 90.30154151195148 71.29444869961546 66.37919328823322 78.25768370357518 101.17856336739715 112.73442380686998 97.95793668627779 94.21860311476861 102.7288360271508 120.92957906463369
12.455495560733198 5.317686146520052 35.449171691465274 38.44032146591783 33.83318173341147 44.447904543045276 80.48112413353297 62.13579653608659 10.782833562233094 30.999046524161972 25.64556265952509 52.04420093487832 41.39612548879786 75.1441134105502 26.769970312916243 47.508943535456964 31.43222539661474 54.52081258950143 12.660873036552411 70.06289227712116 63.13309895002515 45.743601842524576 35.98790432299698 36.848932647962265 31.075985749528893 49.35783983468565 77.63376043288483 63.6096813690216 0.0 23.090982473205166 35.55697455997396 81.80486208419558 30.554956638868003 46.25191472665472 52.17991291558498 44.225136159938145 30.98012520162608 77.37684603987914 13.247453053551355 68.91883989242005 117.15464289710779 93.12777149121919 77.55706390473419 75.84299157486531 88.7916969750594 101.31962165766551 72.42258993297543 51.17820446737597 48.86918224896745 67.46848609708724 91.5958303577677 58.19279677998957 27.890040323007593 23.751934564109174 52.39562706990297 89.98727117939478 55.65068522992494 22.16171159069643 16.737295377691698 49.63854907585424 96.89902456868555 66.15768785749012 41.94146475003627 39.19389456573655 60.89387801956366
10.684363481551125 25.708650395692615 35.38705547967325 39.50935131819094 22.08589359351898 21.380938477972045 63.17820028488445 40.615187893481824 16.009464636288474 19.926379710424847 11.397892571779211 31.468305654023617 38.65475976549626 60.36093725891264 17.477694459514982 25.513204286977853 15.399917614681847 31.459743198766986 16.007762791705964 53.628749454709045 43.74909282726939 35.76313304047856 56.218511979751 14.27660198123221 17.173843721440846 26.868091113304732 60.51856196361423 43.25261894706691 23.090982473205166 0.0 24.57193587444765 69.66279763628064 7.476204547370576 51.04638910714884 32.44652784151608 28.22803083878029 18.504515488715814 63.255350796730966 10.579169830334072 54.20062326879082 102.4401665656971 74.61493926468796 55.096212402233846 53.83863023993222 71.80811664891387 91.3569697570098 58.645000886234996 30.450280961449977 28.461313541602426 55.567224175819995 88.21898079128563 53.67408395450288 19.341150529940865 16.189719523873293 50.44787440195001 93.82695738016373 62.38937972662927 37.097250101237115 35.42332168097644 59.39909060093395 106.81182311403651 80.45968110223208 62.717935754183266 61.54756782582627 77.70103733670238
27.20496674960941 34.15384105992503 16.853698892887614 63.67329245123895 46.3396841021196 31.810554771674564 81.57613767952067 54.213867857494705 35.547582081097545 44.38142260388899 13.332964874580805 48.39302437759656 16.64821700206186 81.09354909216586 42.041732706324716 40.513476913997934 39.126810687290444 39.029551586835254 22.90547466044509 73.38275830744446 60.981283614073114 59.75301214471216 71.42446998210481 31.11591846267883 41.33083269710834 39.83426067726017 79.24718243382054 58.99932962381238 35.55697455997396 24.57193587444765 0.0 91.7046075609028 24.382903835223185 74.74237549899934 50.528526070767775 50.349797999282146 42.84152950023383 84.32957735544531 25.085567607730102 75.25973237848632 122.00335107538214 91.04202668458538 63.931953300686786 47.75719595444046 53.56319595932416 114.00817240239186 80.11897370921353 47.276670823408914 21.117867852086047 32.42980363441041 112.62708180087037 78.15961039270739 43.90720775457624 11.900174083916054 27.390480974886092 118.09243910494298 85.78049147328993 56.263578420975065 36.98265529687477 44.32462437598463 129.54028285360303 100.83194981484041 77.12492616983693 64.21994460304496 68.51950998976515
75.26794173078868 86.95209871047516 104.95796834055686 49.335935609748354 48.96688383779151 62.64549212462681 21.80663092717721 46.22625578213149 71.35151123984666 51.735533968896796 80.25371831359882 45.52798482807858 107.59468357954641 12.87871296965296 55.74909974895759 53.362852784316054 54.375827907602265 61.63615274788252 83.36636107895495 21.398626552344908 35.66745581709546 36.069106418181306 90.61410905121456 60.69914711878875 53.15788150602467 55.496192994028846 21.249494879750298 39.714659825525445 81.80486208419558 69.66279763628064 91.7046075609028 0.0 67.44990876314836 52.881388129514306 42.68305282622083 41.59684618581235 52.416869694664804 9.343483985069557 76.88602307023064 17.083077908261274 36.444156173703085 30.79209560939927 54.43315438862665 85.8639735449644 119.06768713647885 22.685531005073035 11.919364448420561 46.522721291871164 81.12650836577717 115.73033974943124 36.24490167785224 30.558180004578652 54.30239983420416 85.78191933625325 119.00909014141213 61.03531596103486 57.64808155576536 72.91148382007857 98.50715349956485 128.39791959985314 88.03037420724094 85.5010624101865 96.26125681559155 116.69078991797504 142.69535497379988
18.119900558598008 32.99543784322642 38.02689835103043 43.04218067470104 22.918843227121386 14.003779623968965 58.845013291801834 34.36853706362586 23.15608374723333 21.508703605441127 13.279501560063292 26.09922774782568 40.174884964826866 57.22632179699618 20.439616839636997 19.249259294538486 15.399917614681868 24.06979131928482 22.519627171177202 49.894266851672555 38.738604381903585 35.76313304047857 63.34419240730646 7.991888403420979 17.972700399848694 20.10731922422259 56.317860276794 37.687487319193 30.554956638868003 7.476204547370576 24.382903835223185 67.44990876314836 0.0 55.04594076180183 27.60798261229573 25.978311084933225 19.728919210445675 60.34696992609246 17.79501702408432 51.246844940186456 98.79759707989092 69.57803532343642 48.12542895602592 46.75282802045728 66.7114161642923 89.66007979135732 55.99011434800846 25.014097559490224 22.613412488172735 52.838214841557736 88.88923817612645 54.75878449456222 22.149584964161942 19.43027451902543 51.56858385417399 96.68543496247935 66.57330962558201 43.71226151771106 42.241473602449204 63.661184483815596 111.26175036734615 86.22791780866471 69.90061762655922 68.78738766591823 83.49897533343298
48.24681887971071 51.21790402475603 80.36226984246905 12.272985070788671 34.38782077874566 62.101277394796725 63.92929011801853 64.42528978311054 40.2375263395557 34.49949153817693 61.51710963670308 54.982803317571694 85.58124547740513 53.71540372555308 34.63253829455264 57.34014598714861 41.126092103811786 68.98937535010118 55.22123343733457 54.233404180787495 57.79599662731998 29.81313757362088 39.09228368934466 54.28740726541171 38.28640448487549 60.609223007783896 61.30256268706191 61.15003418138163 46.25191472665472 51.04638910714884 74.74237549899934 52.881388129514306 55.04594076180183 0.0 52.627272111147505 41.22805338487027 36.39303400850759 53.80298062985645 50.46964203492084 49.340357444898224 88.59256234313044 77.41872174544399 80.82953150125162 97.3031662380206 121.64348509080595 65.37381309066346 49.513228969495984 54.99265451975637 77.40563327162013 106.55458636199855 47.98356736157362 22.323491831980707 33.001514581384164 63.8334376950887 97.237655757691 43.986547758562466 11.580393702191293 26.98606910657853 60.969202112963536 95.39964653846167 56.311076494394726 36.863021660113084 44.064233087241774 70.13743758344302 101.44798127508136
