0.0 17.022310681129948 6.028479628890605 35.893844716571394 47.856388605323936 31.535627677391552 36.220835323421475 33.76524419113702 6.8757803431293505 37.38876771210324 55.82938078841666 26.331161080533636 10.742743248471678 54.348400827149284 22.18781230504483 41.995029042093215 10.248041812362102 37.24007858567258 37.22715211865662 63.160110494975946 31.489551874044835 35.97600547484095 9.817377221553794 23.69911775839675 56.59996431796786 58.01394355191 30.990931871054542 38.851782491815314 52.33074282125816 29.278825713632223 33.30953249813989 29.21220990359495 59.7497542386084 42.995164290953745 14.92423657531396 38.37189438190312 46.78083824155606 28.536286450324823 24.06043936058798 53.31994624481991 85.66339699089943 62.346578624473445 53.20500889681523 64.56972124143677 88.89613970192663 71.45951159249567 40.93697772201701 25.29925746048871 44.71141516752782 75.84860446665249 66.84526979834182 32.30364172346933 3.6898111383173724 37.12894298696484 71.68232956506668 73.64603816500065 44.611651812062185 30.846325928830247 48.03777654421752 77.83698306824154 89.29027795538772 67.19973596174263 58.76769397956698 69.18284299669259 92.26958459169481
17.022310681129948 0.0 21.957880829408378 20.08124726245081 62.70679309650009 35.39337763710266 52.68244393387488 32.07077869855935 13.674793846302048 54.41106699283212 70.44416467897668 23.109068480375633 26.519603645979373 69.0417696734344 27.995132718428998 52.2127658346113 17.17491412841543 21.705853682075457 53.87487143521496 68.24019777976956 45.527916576980274 19.36356218559873 17.82691914908892 24.96927159604033 70.4882523906862 41.00680140586851 47.379659742253104 34.20189157077544 36.77282591306696 46.13273901659279 47.694426138481624 32.348187190581974 75.12475193428176 59.52911654424572 10.839373327881187 49.9895335051826 29.759245678138612 15.747057916718816 39.060780739198215 60.476275576356976 68.99375248240845 48.47899506837638 48.32289596614154 68.6644436135214 97.41315921628448 54.63759842091377 24.323545179586667 24.348535781472965 54.67098128806356 88.20334376236511 53.01354178649493 20.455028217880255 20.523956559675778 53.093403103925446 87.2435565541426 65.08189618614036 42.78484387549998 42.66446909132026 64.84439361553572 94.78479965855678 85.21055474892664 69.48350943375125 69.20869350266116 84.53693961812444 109.07754485745477
6.028479628890605 21.957880829408378 0.0 41.45331400810299 46.60010069424826 35.863656860432904 33.454653776058166 32.19783377252148 9.093197741939424 33.031856189255244 54.6401977711077 32.079035363096466 10.96392508482445 53.1181227229272 18.826253178736874 36.449445633101185 15.65704133599883 42.87323945825251 31.917476103485487 58.62484201842528 31.323606784188698 41.24512467080772 15.046133561225437 28.93799902079621 55.92673271841833 62.58856602865123 28.4591026273869 44.52978527604001 58.00969123995705 25.879383376839353 32.80142710068608 33.81460172152296 57.8865928124126 40.00811063224458 20.951180834864196 32.59134445609696 51.48730805757868 34.45039254642491 18.050057828007507 48.35637797584498 90.93224380447147 68.29333595408039 58.77136200141631 68.10985781382765 90.65659906867587 75.61183776220199 46.21570203193098 30.813438004451417 46.45299292882863 75.90210066432185 68.9802362684738 34.43574878176333 2.8675509675186763 35.006844456880565 69.55278373285736 73.43089755899194 42.58900373005546 25.107604021249347 42.91622466353937 73.81094036537782 87.28450579432292 63.4023851869324 53.065421665337105 63.29940394506116 87.13489046634685
35.893844716571394 20.08124726245081 41.45331400810299 0.0 76.10998566187669 39.956582088242776 68.99701752905042 47.3237918859908 33.699742041331724 72.58007301849601 83.22215738309852 24.927481795472673 43.42014430419487 81.9825496135205 47.139191855625334 71.74644436900297 31.578201886107045 1.892964390581201 73.11523166034718 85.27006837219669 58.86515211365712 4.24930194061241 32.50337664466891 30.644224454909157 82.24302082601388 26.325960477039043 63.727048778503345 29.104927722409812 16.69393683822459 63.50678134267062 61.27612966657554 37.03586937847452 88.92791908273482 75.8204968859893 22.912426328078983 69.85749969071456 15.964920254180955 10.037724412892405 59.01714859577124 78.75720656137372 50.0526590729256 29.074941983770806 39.75266646389482 68.62969764647444 101.16637274828368 41.17934062144923 6.576501993868494 28.028861528987605 62.632564967632376 97.23638067059156 49.908481202751666 28.82832498904105 39.57432369943754 68.5275187033326 101.09774226608697 69.93267166197806 56.64603281400189 62.623955263204955 83.84234480901682 111.94690733763224 94.31207515950348 84.71255252548369 88.61365573781086 104.51439041332064 128.0189439571022
47.856388605323936 62.70679309650009 46.60010069424826 76.10998566187669 0.0 40.929160059821434 16.449676996259477 77.8214491445439 54.49210642945266 26.851363024598832 8.040934748602043 53.05140134029363 37.11832399496323 6.519981385980661 62.95533653207296 66.80156413714577 45.86695927359354 76.63889833207966 36.22139082015965 93.37021539963176 17.35052954073702 78.09563606974505 45.08803786322973 46.58129692205776 10.364051192622085 101.83875828518 19.44010359683226 58.6833546187105 89.39649079927798 24.1424335422967 15.052724089218605 42.62365549748324 12.841560628759991 14.75947789304766 54.16044833030511 61.11817801212612 90.6248247263542 66.19481997809054 45.85974573008118 81.45407655245836 124.45342257061894 93.50774788411219 66.28387630505605 49.37827885307447 53.64406219369612 116.32858210600753 82.49470427917316 49.731876850431384 23.151437061731542 31.52086012685798 114.66930205837268 80.15991047509166 45.793308361131736 12.778746591339493 24.98837867404064 119.74475289001943 87.20335896907737 57.1390980854618 36.3339784402325 42.07457894939684 130.77286327175173 101.69440534838472 77.30938142528117 63.29697388636342 66.56614320416847
31.535627677391552 35.39337763710266 35.863656860432904 39.956582088242776 40.929160059821434 0.0 40.86828080978183 64.08970480672855 36.96390919825396 49.64895105564043 46.62617232748565 15.054842040471591 27.08918479588962 45.67485370424515 53.718625710886144 71.62923117267871 21.794576397450918 39.85294119068693 55.09759271573828 94.46798545804114 26.269702675283753 43.13773099222991 21.93865500903855 10.512266416344543 44.52981589995774 66.19946697126029 36.84178200785626 17.760364252110747 50.22923935001436 39.75230674900855 28.58237764165858 3.107275146898702 53.40092015364184 46.49422821534487 24.574734568572218 67.11673297408888 55.83723411626966 30.195311471503626 50.148730679972466 84.16736593156327 84.82482166197374 52.727515056221925 27.567618087281247 33.683802327443736 62.48252364176359 81.06891193105878 46.506275879153215 12.18003079089391 22.99406104730267 57.480038067899294 86.81343705223246 55.84243300736323 33.09104828020002 38.29482092264829 65.06000940484726 100.44106884270755 75.14497248707032 59.999267051413796 62.8318691549681 81.79585621686752 119.27920548665189 98.73123765108019 87.53794978675975 89.28961282715318 103.32997728406251
36.220835323421475 52.68244393387488 33.454653776058166 68.99701752905042 16.449676996259477 40.86828080978183 0.0 62.989018317835274 42.19390359410554 11.531584418925377 23.782070781306146 49.07751418656427 26.178813144252885 22.25532558754064 47.892342107180035 50.35666406520171 37.42991629900402 69.88518393365644 20.50105932592527 76.92215339073134 15.126406449553135 70.19612089173535 36.51430516420847 42.78214636557715 26.81042450325973 93.38618187678478 5.316284175972299 57.76923779296364 83.96935795159607 8.20952190309947 13.344426341817401 41.417293521372095 25.123265313906202 6.865413439316639 46.11071777876796 44.67499614850511 82.05838655620398 59.67054555278132 29.64992299099663 65.00904086117953 118.7975351478661 90.51700582692789 68.32706027987119 59.486391952082926 69.30699335283443 107.30211237835616 74.95407384380297 46.01431961371339 31.80183316626292 47.96071450326974 102.43460422107133 67.87196704833136 33.394816521831835 4.321772841105671 36.29043621814324 105.12006155392191 71.82519532306577 40.77172368126887 23.67808370022479 43.05593188673419 114.8296519539701 85.29270629290791 61.30778984275446 51.35413338351673 62.53520214924663
33.76524419113702 32.07077869855935 32.19783377252148 47.3237918859908 77.8214491445439 64.08970480672855 62.989018317835274 0.0 27.37674052463562 58.447957696486334 85.81411296193471 54.44795527097445 43.07829343996468 84.26745545519495 15.148328120766932 32.01203687862412 42.39589440069539 49.21671654165232 52.770742861340665 38.16004056308991 63.43409935015919 44.27728862435434 42.394334106327825 54.612374598333965 87.57506292533098 54.85027785250399 58.68167648014831 66.1514527019219 61.97480931216522 54.79946903329495 64.7738201414709 61.37025823285059 88.1039266396246 68.72135966023947 41.028219419939354 33.429786763377585 46.946451824891874 47.06576028814731 35.56532990393377 33.40958929081167 86.47077360840359 75.97139264328858 80.37942693672771 97.69746164164152 122.57029699879592 63.02472848158714 47.945169511070354 54.9560942472863 78.33527587413568 107.92343921580073 45.51436420986573 20.38678261916165 33.97839853223177 65.48503136700528 99.08024124063742 42.13817587303963 11.063681837169751 29.394508115443866 63.24968000361841 97.63124395079691 55.536823974249195 37.67105647698637 46.354132282399455 72.61632094535042 103.88638967262595
6.8757803431293505 13.674793846302048 9.093197741939424 33.699742041331724 54.49210642945266 36.96390919825396 42.19390359410554 27.37674052463562 0.0 42.1211447078017 62.49422007691622 29.40912732512078 17.480029904462814 61.00035341379558 17.48729351052081 39.924066117045335 15.169459315942307 35.26761352856709 40.64758638659954 58.97426894798855 38.314147102820314 33.00209786713623 15.079845243970999 28.104730619203902 63.38067855128413 53.667017829309174 37.072220856373754 41.88628008438573 50.39021554880008 34.827634653209486 40.08659824719186 34.38721198878925 66.19829687534799 48.85284738435203 16.334927848630876 37.094032450243546 42.65897162802656 27.970333651840512 25.39002628651455 49.872946215088376 82.50638553163206 61.61686400717647 56.398275271957345 70.42503975563945 95.5688246333627 66.5482012450437 37.945199000493524 29.08354244071869 51.4461468934419 82.71879408429533 60.38507665930192 25.782079684700278 8.827694888807047 43.42804595759212 78.03151010202828 66.78646199458149 38.35772212551769 29.614807922297732 51.745507154674556 82.90353933119304 82.89052221523147 62.125595095782174 56.948507236650684 70.86231300858206 95.88844742846697
37.38876771210324 54.41106699283212 33.031856189255244 72.58007301849601 26.851363024598832 49.64895105564043 11.531584418925377 58.447957696486334 42.1211447078017 0.0 33.18348257892834 55.497392359281406 29.311434289231748 31.766432021029836 43.40769030537487 40.984966087390646 41.511206903821105 73.71320421199135 9.381602130584088 67.45974860252242 25.56089424488349 73.13337834519518 40.56365742934294 49.624578206468385 36.94418065449079 95.38724313875382 13.21984511075328 65.524718370358 88.4284266596141 10.02497471492107 24.22206311481902 49.66595458852472 32.443828596400046 12.685423303291204 49.892190062870114 35.33648219114431 84.16881545564524 63.98475674305074 23.066714302071507 55.5274231394782 122.62477672607734 96.4388417896987 77.19339765723167 70.79510702545201 80.37306649176068 108.62289126356312 78.0532718286069 52.73056103091475 43.1686110281033 57.80453250274215 100.69967553572793 66.70121498834064 33.94892266550389 15.8384488139571 41.761626082006664 100.30656684787351 66.11173258625637 32.78667980380794 13.191774479155427 40.840308637890914 107.52620673195192 76.53394709366346 50.47601020885785 40.41080031138616 55.794807855464555
55.82938078841666 70.44416467897668 54.6401977711077 83.22215738309852 8.040934748602043 46.62617232748565 23.782070781306146 85.81411296193471 62.49422007691622 33.18348257892834 0.0 59.61380058037654 45.0868621818846 1.5507780362087404 70.90882563213995 73.83252911658901 53.478258921992385 83.66321917184348 42.52204464059668 100.40209850730851 24.92652479468123 85.37295908339792 52.72838619005776 53.21750353585975 4.937590037792712 109.14780169439656 27.2776303062737 64.21884312783664 96.0014756832608 31.772145086362396 22.761811138518294 48.62908400793493 7.500861212702479 20.533473579749895 61.626611904260834 68.14721042477322 97.99294014255327 73.2399120134 53.41803109554925 88.46504581657408 130.97810746482406 99.35040760838302 70.57304581385117 49.8539722345785 48.83743184638339 123.72804732023434 89.67082327958234 56.28437602006731 26.265052883963904 24.62970980121448 122.6035937366804 88.12727260956724 53.81490509930118 20.50669883140228 18.43524439718774 127.76664295714507 95.11676083343072 64.53611072177841 40.956675167136595 39.809762031983695 138.51562014063373 109.00976473273948 83.5131989013829 66.78737738381872 65.88950576749025
26.331161080533636 23.109068480375633 32.079035363096466 24.927481795472673 53.05140134029363 15.054842040471591 49.07751418656427 54.44795527097445 29.40912732512078 55.497392359281406 59.61380058037654 0.0 27.49762762204525 58.49151027711658 46.88500559030174 68.31644681287653 16.536217053863993 24.903672443553273 58.78263276925642 88.36976126309385 36.47029821230205 28.088327971989553 17.28435739282511 6.495150366574236 58.142066115133375 51.217963270517146 44.19590994224589 12.554259817731026 36.39108296055504 45.563081696220685 38.93935997835972 12.108391405022061 65.85685529107124 55.52457665150761 13.495836648363928 64.65967043552924 40.78375449677161 15.1472061064276 49.35777155251889 79.17948533491436 71.41359102288345 41.4450929166905 27.024631438446754 46.236413306549515 77.07218278916888 66.0846724862469 31.491390022693572 3.3295261647817074 37.753387058335896 72.34918876701276 72.30763710891166 42.95356908533669 29.265364524835043 47.56839050508788 77.87091716653356 87.65547970100975 65.40299059245218 57.15251133098574 68.19133552922347 91.80684749529583 108.31578780119452 91.04501346026873 85.09283849122085 92.6666064340404 111.03207118043602
10.742743248471678 26.519603645979373 10.96392508482445 43.42014430419487 37.11832399496323 27.08918479588962 26.178813144252885 43.07829343996468 17.480029904462814 29.311434289231748 45.0868621818846 27.49762762204525 0.0 43.60700039064332 29.715122164884377 44.65446374931792 12.229338095056674 44.48312813899823 31.405577960094764 68.44055087581481 20.868640085222587 44.2741501862261 11.284559206504 22.613670621930524 45.90064934477645 67.2461396782324 20.868640085222616 39.03074961477737 59.1207549454165 20.093201704988058 22.60666483296684 25.625444130326542 49.09584928490539 33.03635966771168 20.603682626557248 40.03916486651938 55.92318253607939 34.67349131422251 23.131911459379044 57.65268190312552 93.4624444708283 67.43132796413836 52.47419532096072 57.921499273755124 79.6935424065638 81.12395731301571 49.118647790961745 25.27904038030812 35.500160781749635 65.39370122333256 77.56256796361004 43.042873019418614 9.18041303759382 26.659428846852865 61.090297154807175 83.90367896778704 53.54585125495404 33.004899694127154 41.30766268243625 68.68884162580906 98.24797239459006 73.86468145614938 60.44917122873379 65.16899176575379 85.05690285202984
54.348400827149284 69.0417696734344 53.1181227229272 81.9825496135205 6.519981385980661 45.67485370424515 22.25532558754064 84.26745545519495 61.00035341379558 31.766432021029836 1.5507780362087404 58.49151027711658 43.60700039064332 0.0 69.35916842281897 72.35382369540027 52.10751775804556 82.44459779438756 41.119288423433446 98.92635540270888 23.546562539078366 84.0936085700203 51.349779767116424 52.074918266864415 5.735123665657761 107.8635022712676 25.726992108362715 63.318732810849525 94.88258680388152 30.229816938712016 21.34818142057794 47.61662208793596 7.950637421628536 19.14538507530294 60.295304540595275 66.66775686067957 96.69254883052922 72.01384101443155 51.88399731603269 86.99061525854555 129.88314433366645 98.40108101418309 69.93372284803611 49.9348548001855 49.91057145903644 122.42181558873803 88.4169664560844 55.162179971060596 25.749162277184936 26.038812068117036 121.1397166940096 86.6496541000084 52.31010620599167 18.957450452582094 19.42358630177721 126.22535085650826 93.56601071364007 63.01735187782808 39.78195609228708 39.86038810604214 136.9709947759997 107.50253754598566 82.1420296308068 65.82253240953838 65.67095098685556
22.18781230504483 27.995132718428998 18.826253178736874 47.139191855625334 62.95533653207296 53.718625710886144 47.892342107180035 15.148328120766932 17.48729351052081 43.40769030537487 70.90882563213995 46.88500559030174 29.715122164884377 69.35916842281897 0.0 24.691153935728856 32.1460341717737 48.93462594597048 38.21422044234118 41.487841948546496 49.23583344773683 45.220461151134685 31.86414527862062 45.424914051202954 72.85148520179933 61.4185880478284 43.68800091086003 59.32879168758521 63.42775043334385 39.69168641659111 50.386489443456895 51.342914308463875 73.01511263776955 53.575094060288606 33.65598931095703 23.58976770446541 51.673197523815126 43.67705650774004 20.77965331525106 32.6904627331347 92.35484480079747 76.11667018691901 73.84326500803053 86.64097344002816 109.34001533291917 71.98307041445202 49.765739867270035 46.54578758512902 65.20127957764176 93.4383134140035 58.58164901408038 27.256928949390748 21.187724947238102 50.49503083757687 83.93703311520468 57.27354323934053 24.34708776911114 17.324967093922066 49.01408125326849 83.06297437290509 68.75258932096615 45.01287575389786 41.475574450199744 61.71799912055042 91.0649405721946
41.995029042093215 52.2127658346113 36.449445633101185 71.74644436900297 66.80156413714577 71.62923117267871 50.35666406520171 32.01203687862412 39.924066117045335 40.984966087390646 73.83252911658901 68.31644681287653 44.65446374931792 72.35382369540027 24.691153935728856 0.0 52.0788160437647 73.51868368847084 32.142168761663854 26.576552375907585 58.39836804258941 69.90853678473803 51.49254220658077 65.38057984620379 77.15293925150448 85.25407127387196 48.325697163203024 80.84645009263315 88.10808578179083 43.16890446410556 58.528846284188354 69.88423454753637 73.41673349222071 53.58512365907556 56.040824705280485 5.686840196110236 75.9976668952527 67.6131310004194 22.692266544655116 14.652528918507901 116.55377706041091 100.62134294986575 95.17984387655606 101.92363326977399 118.79531838561216 94.66178748223027 74.452609491406 67.23312984354652 76.76041998102994 98.2791739901919 77.01032476230867 50.405913756622596 39.315980803583436 54.27302032332256 82.09871683910328 67.03852925261829 33.429358037006345 11.65038585680498 39.354706706015 73.18952333936886 68.20307123693689 35.687114458066226 17.039079929551733 41.254566361941905 74.21857679088889
10.248041812362102 17.17491412841543 15.65704133599883 31.578201886107045 45.86695927359354 21.794576397450918 37.42991629900402 42.39589440069539 15.169459315942307 41.511206903821105 53.478258921992385 16.536217053863993 12.229338095056674 52.10751775804556 32.1460341717737 52.0788160437647 0.0 32.5214522209264 43.42268442916525 73.35138974024075 28.561486694277082 32.837216405270894 0.9476870293267168 13.451199289394037 53.36248434534476 56.312869935975144 32.15136410481817 28.896139710461853 46.97209134464408 32.094112379967164 30.81424421731744 19.254197099562255 58.4672835559925 44.266645092707044 8.68164828153465 48.23505882343247 45.01027673742989 22.516150014904817 32.8517490503596 63.567947531490354 81.50871013802737 55.26211529736175 43.1155517296123 55.306582521663 81.5690087872632 70.59730441732535 37.54269860515471 15.158461143393593 38.01254487771092 71.09836910953808 70.12115793676517 36.64787844883077 12.80657608239053 37.14567241135463 70.64308004733789 80.26621864420896 53.42979993922522 40.763254572098724 53.510410773199894 80.37354623617951 97.78015851698997 77.09991660478416 68.72114971002533 76.78253207426316 97.2793892980098
37.24007858567258 21.705853682075457 42.87323945825251 1.892964390581201 76.63889833207966 39.85294119068693 69.88518393365644 49.21671654165232 35.26761352856709 73.71320421199135 83.66321917184348 24.903672443553273 44.48312813899823 82.44459779438756 48.93462594597048 73.51868368847084 32.5214522209264 0.0 74.43200312889864 87.15848261964727 59.45176661658497 5.79621604739551 33.45579838940311 30.8176907906834 82.57619252993568 26.348796311783143 64.63433670980427 28.257068786517024 15.152363067110057 64.54567523578876 61.8775621427036 36.98794310009152 89.47085701112519 76.68939425214965 23.90215497346479 71.57512621135666 16.446020312751294 10.444836714632167 60.53115467545286 80.6160907686365 48.99571234816045 27.232775941016506 38.438379874129105 67.88397980442019 100.66678243218091 41.21743253912422 6.8088345238970795 28.083768704604893 62.65692504708912 97.25192441633514 51.00806280418263 30.676049419008642 40.92742766490461 69.3103560287602 101.62496425641052 71.47982610446059 58.5282177263921 64.31583799118062 85.1016438049121 112.88419089299835 96.02792834999221 86.6014719656806 90.40450714337695 106.02284149117651 129.2417075106794
37.22715211865662 53.87487143521496 31.917476103485487 73.11523166034718 36.22139082015965 55.09759271573828 20.50105932592527 52.770742861340665 40.64758638659954 9.381602130584088 42.52204464059668 58.78263276925642 31.405577960094764 41.119288423433446 38.21422044234118 32.142168761663854 43.42268442916525 74.43200312889864 0.0 58.43166054874998 33.14378867659968 73.12374853349112 42.501304335426184 53.4280622274595 46.32468885261904 94.29610870131155 20.823550099178803 69.75624024032786 89.46492087975244 16.187313576272203 32.20636682277243 54.65166636291711 41.41528729635601 21.991620277168046 51.187031123207646 26.584930208417433 83.30391588897028 65.30313769668264 17.476450610130005 46.53068854631252 122.82553945999176 98.65593987287936 82.30801727604333 78.80963681104205 89.67743256803931 106.85511844331185 78.09361773021858 56.338389775694054 51.42197425181314 67.15079262945261 96.60088529175921 63.49412402004557 33.557723062626295 24.810925328733934 49.99887499418686 93.95412043839995 59.42882472268383 25.120660551093803 11.187666565429932 44.87910535973053 99.52377781330448 67.81951128469157 41.095293219547465 34.24899111737157 55.2448813400262
63.160110494975946 68.24019777976956 58.62484201842528 85.27006837219669 93.37021539963176 94.46798545804114 76.92215339073134 38.16004056308991 58.97426894798855 67.45974860252242 100.40209850730851 88.36976126309385 68.44055087581481 98.92635540270888 41.487841948546496 26.576552375907585 73.35138974024075 87.15848261964727 58.43166054874998 0.0 84.29840845477504 82.37568512059599 72.97383561588055 86.7553677264779 103.72484103630681 91.57185458127026 74.74537596976843 100.78820717252535 100.134478328624 69.62555223859883 84.62149330574633 92.30966606257995 99.83226664933784 80.1033447725686 75.0783111522872 32.26334494934764 84.6943550088685 83.89914995284335 48.51005215223973 11.939189772341518 123.01284696744337 114.08657487080833 115.29932570463377 126.3595043711209 145.03143131755087 97.35804953313854 86.10497214121894 88.00144506612928 102.3188845096214 124.85497829204199 73.66889500089441 58.307526562446775 61.37767995713147 80.80508597662498 108.10409159877604 54.5705086339434 31.19423825075241 36.91962273267694 64.40399475606672 96.57913073248278 46.16527309808076 11.582037368026365 23.06315551777742 57.65872959707646 92.2605195006457
31.489551874044835 45.527916576980274 31.323606784188698 58.86515211365712 17.35052954073702 26.269702675283753 15.126406449553135 63.43409935015919 38.314147102820314 25.56089424488349 24.92652479468123 36.47029821230205 20.868640085222587 23.546562539078366 49.23583344773683 58.39836804258941 28.561486694277082 59.45176661658497 33.14378867659968 84.29840845477504 0.0 60.77114979838865 27.80400756970273 29.979695180044548 25.171519512735937 84.50012002658083 12.428856196377067 43.69293249690668 72.56151270122561 17.024920987522492 2.469306878947048 27.23828134425408 30.094527593077615 20.252896879867794 36.81028374998171 52.95112135393324 73.27739384978779 49.01057778812698 35.82487548432248 72.70880762690207 107.63441873116733 77.6166010427954 53.46325403134155 45.684969294111156 60.91574033938245 98.9781472318997 65.20953064180173 33.20753708233828 18.65600512702901 44.589246587529644 97.92133000926424 63.6090319160221 29.974712239672588 12.071046703587173 42.282257807686996 104.69441122692947 73.52432775392836 47.387338734645084 38.47231530712924 55.762929353633794 117.95589690011151 91.27627417250278 71.72093382419554 65.96359588120782 77.1574307916683
35.97600547484095 19.36356218559873 41.24512467080772 4.24930194061241 78.09563606974505 43.13773099222991 70.19612089173535 44.27728862435434 33.00209786713623 73.13337834519518 85.37295908339792 28.088327971989553 44.2741501862261 84.0936085700203 45.220461151134685 69.90853678473803 32.837216405270894 5.79621604739551 73.12374853349112 82.37568512059599 60.77114979838865 0.0 33.72972350369791 33.4550427008796 84.60251253034343 23.778829604456174 64.89325963287448 33.136119402771094 18.2256175536994 64.33899793951988 63.144142471005196 40.14883149322315 90.86518014479572 77.05124957583898 24.188381519078074 68.32145334172185 12.803518765415477 12.942432285043944 58.387417616251845 76.27625602844866 49.70293464381541 31.71154084468971 43.99655514817467 72.53004093832138 104.78717356113219 38.475763318442404 4.970760825581769 31.046525849562453 65.5585179466558 100.1339402364741 45.78492804273791 25.197869145964845 39.60363364262055 69.9771762817819 103.0534075958444 65.71128089268088 53.256543057476236 61.231897623336515 84.0073220643511 112.95978929792666 90.2518485278697 81.41598694203803 86.63979550349812 103.82229946884631 128.24355746737444
9.817377221553794 17.82691914908892 15.046133561225437 32.50337664466891 45.08803786322973 21.93865500903855 36.51430516420847 42.394334106327825 15.079845243970999 40.56365742934294 52.72838619005776 17.28435739282511 11.284559206504 51.349779767116424 31.86414527862062 51.49254220658077 0.9476870293267168 33.45579838940311 42.501304335426184 72.97383561588055 27.80400756970273 33.72972350369791 0.0 13.93589863332058 52.669717905928195 57.17337994364311 31.231514523715106 29.578022366499745 47.91843778962659 31.14934717418208 30.037155649172902 19.481642717083723 57.6626274659939 43.35481629161287 9.597609732027786 47.58865285123943 45.8650612070002 23.46222447644272 32.07636068454061 63.1057726262819 82.44549142643058 56.19392169151012 43.738671828780056 55.346208468417984 81.29053432040476 71.42983290988177 38.4484988689946 15.786152791059143 37.61605632683733 70.53780749460759 70.70758863243957 37.102183160598024 12.183283667572308 36.26491840850594 69.83342834203627 80.55613636079741 53.40990035870291 40.13435624954101 52.571269639248584 79.44515703124598 97.83312290801256 76.85270865217032 68.08906646910829 75.89905385084404 96.33262705138509
23.69911775839675 24.96927159604033 28.93799902079621 30.644224454909157 46.58129692205776 10.512266416344543 42.78214636557715 54.612374598333965 28.104730619203902 49.624578206468385 53.21750353585975 6.495150366574236 22.613670621930524 52.074918266864415 45.424914051202954 65.38057984620379 13.451199289394037 30.8176907906834 53.4280622274595 86.7553677264779 29.979695180044548 33.4550427008796 13.93589863332058 0.0 51.864866883566954 56.960406535007046 37.989969587174386 16.42825083469631 42.8262757595391 39.629488109169124 32.44845456919678 7.4200055168086205 59.39668139372534 49.15696149700683 14.220087336847326 61.35590875490826 46.25207866028592 20.637434852221737 45.301227489583944 77.01868835144082 77.87283220909632 47.81731731999994 30.06077942587737 43.768046204228895 72.95526068789421 71.79381401910517 37.21594405413481 3.2489366519186493 32.108239191741895 66.67965803539765 76.3937161592447 45.39177864845866 26.07045177424509 41.155370601260316 71.43319809150412 90.05044944165319 65.67052869978687 53.95322576698855 62.482638695037735 85.39324939387149 109.42336371566812 90.2303256083073 81.87962864031577 87.53147039436934 104.94744316805573
56.59996431796786 70.4882523906862 55.92673271841833 82.24302082601388 10.364051192622085 44.52981589995774 26.81042450325973 87.57506292533098 63.38067855128413 36.94418065449079 4.937590037792712 58.142066115133375 45.90064934477645 5.735123665657761 72.85148520179933 77.15293925150448 53.36248434534476 82.57619252993568 46.32468885261904 103.72484103630681 25.171519512735937 84.60251253034343 52.669717905928195 51.864866883566954 0.0 108.36884900222756 29.649285317566743 61.86294878345665 94.42690546883155 34.46123614670465 23.294488435137474 46.75342008562968 11.895016252063536 24.47522519323459 61.223005491425596 71.46820618950747 97.32013443466701 72.21450801116916 56.17730484893661 91.80499187409207 129.26303080534447 97.0993100766922 67.39763972508855 45.292699235366165 44.21805410382396 123.05917254698618 88.75418493789547 54.82610202517802 23.00757062320595 21.157643351749133 123.07658058096811 88.77809789885444 54.86444465488671 23.097933888916565 21.254939533515255 129.31274146649596 97.16486885935659 67.49117771620718 45.430464386785694 44.35781572528789 140.94428265150978 112.05176807842251 87.41091198449014 71.55764969629926 70.67593522633506
58.01394355191 41.00680140586851 62.58856602865123 26.325960477039043 101.83875828518 66.19946697126029 93.38618187678478 54.85027785250399 53.667017829309174 95.38724313875382 109.14780169439656 51.217963270517146 67.2461396782324 107.8635022712676 61.4185880478284 85.25407127387196 56.312869935975144 26.348796311783143 94.29610870131155 91.57185458127026 84.50012002658083 23.778829604456174 57.17337994364311 56.960406535007046 108.36884900222756 0.0 88.06992973603204 53.58965856824666 21.64929180535367 87.09817347813615 86.85698976610175 63.31882735947452 114.58563067492348 100.25141030888113 47.7665176348166 84.9531097191354 11.328520592573614 36.326207175187285 78.25192885714192 88.23382537499607 31.625085273766114 34.08732250312169 60.98019548997921 93.11316812288631 126.5558337744321 14.869515935202674 19.749562378288083 54.34926250683518 88.9521998989113 123.55565470503984 32.52728212183638 34.9183751780401 61.44428194570464 93.41490597365517 126.77589497615598 59.25253721489827 60.41226189114132 78.63338715435941 105.4114212525575 135.77450367806256 87.06021070575567 87.64104042093075 100.88178191269658 122.7518885884756 149.51129940437886
30.990931871054542 47.379659742253104 28.4591026273869 63.727048778503345 19.44010359683226 36.84178200785626 5.316284175972299 58.68167648014831 37.072220856373754 13.21984511075328 27.2776303062737 44.19590994224589 20.868640085222616 25.726992108362715 43.68800091086003 48.325697163203024 32.15136410481817 64.63433670980427 20.823550099178803 74.74537596976843 12.428856196377067 64.89325963287448 31.231514523715106 37.989969587174386 29.649285317566743 88.06992973603204 0.0 53.32613543433818 78.794697488112 5.19937007773928 11.384480737914457 37.129555864399336 29.580946635570733 12.181517080648065 40.829124215014 42.70170060573832 76.74216884364175 54.45351064875993 26.62017013303649 62.91649210327621 113.57348719045494 85.59222429940996 64.40426751004811 58.004994902225555 70.54103870322545 101.99253472181252 69.6600144140682 41.199452022009126 30.612233759822036 50.711533548659396 97.39810204716686 62.8080550774975 28.251860165348972 6.8071831874115665 41.10185157693324 100.75082585922006 67.84602827323621 38.08253912345732 26.311929093554575 48.261755377858414 111.33487756133502 82.62672137695333 60.445792238382005 53.61913002657263 67.01587127222608
38.851782491815314 34.20189157077544 44.52978527604001 29.104927722409812 58.6833546187105 17.760364252110747 57.76923779296364 66.1514527019219 41.88628008438573 65.524718370358 64.21884312783664 12.554259817731026 39.03074961477737 63.318732810849525 59.32879168758521 80.84645009263315 28.896139710461853 28.257068786517024 69.75624024032786 100.78820717252535 43.69293249690668 33.136119402771094 29.578022366499745 16.42825083469631 61.86294878345665 53.58965856824666 53.32613543433818 0.0 34.8540233058549 55.49981513601468 46.07590973653282 16.45740623153684 71.09857950478663 63.74096336961293 25.72238329271946 77.12077144200892 44.626246527031896 21.726189528850835 61.51315323233985 91.7100358514835 68.33036197755995 35.248119333624885 14.514539277620004 39.670696611955 73.01853788054127 68.19365808435741 34.98482458983442 13.869089591376582 39.44129924964543 72.89534465760926 78.90070836363975 52.76761063020909 41.69340480433715 55.56149384516763 82.6476830501202 96.92155960591963 76.96615371681183 69.63151612148927 78.5370382412379 99.40997853186632 118.97728681437182 103.15940225310322 97.58481909450362 103.91534397403943 120.28577495893414
52.33074282125816 36.77282591306696 58.00969123995705 16.69393683822459 89.39649079927798 50.22923935001436 83.96935795159607 61.97480931216522 50.39021554880008 88.4284266596141 96.0014756832608 36.39108296055504 59.1207549454165 94.88258680388152 63.42775043334385 88.10808578179083 46.97209134464408 15.152363067110057 89.46492087975244 100.134478328624 72.56151270122561 18.2256175536994 47.91843778962659 42.8262757595391 94.42690546883155 21.64929180535367 78.794697488112 34.8540233058549 0.0 79.06087222594307 75.02390777414004 47.75273573906538 102.21979699009057 90.69125003955082 38.54490894423092 86.4079971959709 18.253016074712598 24.456676139948446 75.68105616984415 94.39441242817279 35.07522914514827 14.690637820985415 39.952575493466604 73.29019065639015 107.43158806003701 34.80564027057901 14.0409602165208 39.72046335712233 73.16510459981377 107.34710303056468 52.92645457881065 42.09918015438343 56.0204607311326 83.06059683379694 114.256961039398 77.45651787456319 70.29439568090446 79.23288004340657 100.04575856807372 127.02446867843395 103.95267263503065 98.50812552543502 104.86280104560669 121.17436565265106 144.10034813343538
29.278825713632223 46.13273901659279 25.879383376839353 63.50678134267062 24.1424335422967 39.75230674900855 8.20952190309947 54.79946903329495 34.827634653209486 10.02497471492107 31.772145086362396 45.563081696220685 20.093201704988058 30.229816938712016 39.69168641659111 43.16890446410556 32.094112379967164 64.54567523578876 16.187313576272203 69.62555223859883 17.024920987522492 64.33899793951988 31.14934717418208 39.629488109169124 34.46123614670465 87.09817347813615 5.19937007773928 55.49981513601468 79.06087222594307 0.0 16.315886995189913 39.68173144085568 33.32909182922871 14.226131961573223 40.64504178350949 37.533353513521725 75.80075934409645 54.60816163139818 21.718502128285046 57.77687025024238 113.53745843756026 86.65920188403362 67.25814937694231 62.70788331615657 75.73425373478274 100.71931240182154 69.20033574603889 42.753061645639 35.5217303844593 55.5931076284191 94.760700434375 60.28767039374424 26.162370392127603 11.36616100223061 44.37074684621162 96.93530088463638 63.621016873194314 33.07053967174787 23.119969214008247 48.685222961963056 106.74709665699372 77.63861470871447 55.275433994406335 49.77750470066143 65.53650591097878
33.30953249813989 47.694426138481624 32.80142710068608 61.27612966657554 15.052724089218605 28.58237764165858 13.344426341817401 64.7738201414709 40.08659824719186 24.22206311481902 22.761811138518294 38.93935997835972 22.60666483296684 21.34818142057794 50.386489443456895 58.528846284188354 30.81424421731744 61.8775621427036 32.20636682277243 84.62149330574633 2.469306878947048 63.144142471005196 30.037155649172902 32.44845456919678 23.294488435137474 86.85698976610175 11.384480737914457 46.07590973653282 75.02390777414004 16.315886995189913 0.0 29.629171649538023 27.72886292886906 18.054980489624498 39.1344070263635 53.01456035181346 75.62009668866855 51.439000756235465 36.112217930245556 72.94786019129701 110.09587546743981 80.07197269881952 55.648465813690756 46.65613146137968 60.42887868261162 101.30594190467457 67.6046998000909 35.67554486376041 19.23385203789785 43.15072564616493 99.92081600089875 65.53040019319047 31.60933504206804 9.945833665569053 39.919193203245435 106.23061980068306 74.71981283945668 47.70727623676112 36.92893052340396 53.35105942731385 119.01741326089206 91.85190574348864 71.43649839814918 64.53175037165889 74.96861408209331
29.21220990359495 32.348187190581974 33.81460172152296 37.03586937847452 42.62365549748324 3.107275146898702 41.417293521372095 61.37025823285059 34.38721198878925 49.66595458852472 48.62908400793493 12.108391405022061 25.625444130326542 47.61662208793596 51.342914308463875 69.88423454753637 19.254197099562255 36.98794310009152 54.65166636291711 92.30966606257995 27.23828134425408 40.14883149322315 19.481642717083723 7.4200055168086205 46.75342008562968 63.31882735947452 37.129555864399336 16.45740623153684 47.75273573906538 39.68173144085568 29.629171649538023 0.0 55.24154221388372 47.30130657866063 21.54846743396069 65.50715345962296 52.8767908365359 27.210849174569823 48.75727522384548 82.17078392021534 82.51031372349058 50.88419986328832 27.663924104400166 36.55440567662643 65.58961372201848 78.1870643573565 43.5987324828181 9.128870205694549 25.703646126471465 60.27331858289707 83.70899637692551 52.7884034917424 30.997937850816097 39.11477851313099 67.036533207609 97.41579884690769 72.43237661977088 58.29107847673096 62.801590805832916 82.97601530398201 116.45170848164557 96.33384274821177 85.9891216732646 88.89746775621946 103.95239987563434
59.7497542386084 75.12475193428176 57.8865928124126 88.92791908273482 12.841560628759991 53.40092015364184 25.123265313906202 88.1039266396246 66.19829687534799 32.443828596400046 7.500861212702479 65.85685529107124 49.09584928490539 7.950637421628536 73.01511263776955 73.41673349222071 58.4672835559925 89.47085701112519 41.41528729635601 99.83226664933784 30.094527593077615 90.86518014479572 57.6626274659939 59.39668139372534 11.895016252063536 114.58563067492348 29.580946635570733 71.09857950478663 102.21979699009057 33.32909182922871 27.72886292886906 55.24154221388372 0.0 20.053728943217163 66.8557026101617 67.77720251869864 103.34720620018247 79.02618037074748 54.32441766792681 87.91507031336239 137.26826241919898 106.09754944705132 77.88199239737396 57.17796860403829 53.55218073852091 129.02306499177132 95.29567991728283 62.533385148256805 33.6812149735701 27.44570209002293 126.56662782089859 91.9739261638297 57.39467900755685 22.889943886660618 12.190330276713192 130.22707810629817 96.90477437686445 64.9370089083065 37.92006539817773 32.463579578626266 139.52361477199872 108.9734350559679 81.72128709034871 62.260073320118074 58.898671021340796
42.995164290953745 59.52911654424572 40.00811063224458 75.8204968859893 14.75947789304766 46.49422821534487 6.865413439316639 68.72135966023947 48.85284738435203 12.685423303291204 20.533473579749895 55.52457665150761 33.03635966771168 19.14538507530294 53.575094060288606 53.58512365907556 44.266645092707044 76.68939425214965 21.991620277168046 80.1033447725686 20.252896879867794 77.05124957583898 43.35481629161287 49.15696149700683 24.47522519323459 100.25141030888113 12.181517080648065 63.74096336961293 90.69125003955082 14.226131961573223 18.054980489624498 47.30130657866063 20.053728943217163 0.0 52.94829333761421 47.91690322250534 88.92368049600572 66.44314679580312 34.34279913167018 68.16612615563787 125.56783693148653 96.96345573266746 73.69749653659443 62.09274852201433 68.37014712986623 114.15593220744721 81.80075545290416 52.40211582651934 34.57500991086207 45.16317409945767 108.9555529906323 74.44305604741048 40.088380296260915 8.200088464562548 30.368704974653888 110.8447347823461 77.1569367806553 44.88514456025192 21.702653196589733 36.36178975569746 119.48757736938808 89.02591094894632 62.99803267634236 49.05811910203729 56.91619810941656
