0.0 27.333106517888442 24.026109019633125 15.150602798430969 27.79266841052098 29.18397152037623 66.58066632025032 19.74483812364539 32.4864964436228 4.430030412302743 44.18459401504296 33.73915584554551 58.83902037974887 14.107067305064467 13.300116140532444 38.34888197750902 20.61334329249614 4.226044953775533 34.28397513904949 53.94168282345557 62.10160491152896 28.76880569083505 18.654420537396206 11.449071127564581 58.52796940174915 11.432114558619833 53.94381721907149 16.936921197820624 29.02684715150283 4.946303975253411 46.588869460604 15.555117891027813 21.386424579878266 21.223874479079264 3.203815672706968 16.957890618541864 29.341981165738577 11.788632000794001 33.431410109697154 44.119962097590744 107.76212772619928 94.28221233330856 82.24529762264888 72.37497100664866 65.65575301740638 63.10240414933062 65.20615725301501 71.55743502298692 81.16516555364286 93.02577986915887 100.05229441853508 85.40641846545799 71.94965417522268 60.480996033244736 52.324475639915995 49.15742411374295 51.90140330212268 59.74747449602606 71.02441465557507 84.36750541587598 93.84190263346646 78.07438934186939 63.115967557609615 49.70259509199417 39.4433526165429 35.2124364543406 39.022567895407555 49.03379893418526 62.32634739255471 77.22396797109205 89.44392987232564 72.75448153357753 56.43513051306113 40.930974939182555 27.64917437446823 21.267824486760034 27.1822599117212 40.300639326314446 55.750508401128776 72.04726382382161 87.13331646809313 69.9076586194218 52.731963448393586 35.67846052107941 19.077695399282423 7.326507961229902 18.496224388491196 35.06075091776287 52.10677051754203 69.2797817056048 87.07642196539604 69.83705702627879 52.63876132712144 35.54120484995688 18.820963803522467 6.632759831054671 18.233806943038672 34.92367844989343 52.01507767447192 69.21117455051457 89.27755598870101 72.55078308143196 56.17349705664544 40.57115897890192 27.11618766926577 20.573474428552302 26.645066896894683 39.941993607506106 55.49304136781911 71.84917501707588 93.57748402127172 77.75782905425972 62.72576973746457 49.208456038080485 38.82177029453179 34.518043088498324 38.40011061499595 48.542243855620754 61.942216044411474 76.91576278644072 99.70497763861249 85.001146432 71.47033846992368 59.91265079189161 51.669567703281025 48.46302493972729 51.247316065737984 59.182869814764885 70.55238346730991 83.97242168708834 107.34745564040867 93.81014871501931 81.7062190291184 71.7646355189772 64.9854910855786 62.40800949874827 64.53758366347171 70.95163294917236 80.63413165983394 92.5650399232145
27.333106517888442 0.0 29.33499717515546 31.397586578001118 6.333352216573378 44.81265612046872 39.48975058469566 11.80608876887067 59.63711185894497 30.020633937371056 30.45065606322194 7.140870368477101 31.846243016975667 33.431410109697154 14.211348731522818 14.903098614194262 18.01002375118726 26.348288441752107 60.75733205438513 27.837772602616344 34.77496704121197 3.1446912235781777 18.395858091887124 37.63331938036101 31.70271950184538 38.735703607454795 26.63449309554089 10.982293160465376 56.33837642555414 24.817264513590196 33.86785596289277 36.282034742985374 8.897879493744878 40.664915616411065 25.520584460144686 26.52515732938254 17.958028337902878 36.307613622596875 59.398638449246675 17.932229504011463 81.27244847496662 68.91400865799717 59.09120494237926 53.22687871710866 52.66052543102824 57.54877464958447 66.70301487103023 78.64746102812373 92.30522338034697 107.02236029892278 72.90626071269865 58.86555353664433 47.049871170014455 39.508654786197894 38.818599548689306 45.293928741480876 56.523470635898036 70.26358890995562 85.30971551972087 101.08031281711963 66.52963611717114 50.79459123641845 36.506153696135605 26.153752280540527 25.18032964222349 34.391713904728604 48.27257722120887 63.846724110772335 80.1328733389378 96.77221368317608 62.7521509388472 45.75985732544305 29.134339551141984 14.225612231724124 12.435411103233108 26.563583321880966 43.07344393174454 60.031094351414424 77.14179223710074 94.32228280581265 62.05038041002476 44.79712562477262 27.60486816980799 10.769798341777923 8.286247232148868 24.90077824650566 42.0731404650329 59.32084850301313 76.59301869532074 93.87614971770472 64.52476667944924 48.151277334539046 32.74687031425846 20.612654713810947 19.393750691228696 30.431326128642315 45.54915659554096 61.82311651564713 78.53777318811105 95.46191864532867 69.8384951234652 55.03861576723067 42.18757648488412 33.60122845162142 32.81770950227041 40.294790236735864 52.62173261279468 67.17984761643936 82.80051731675827 98.98195779797277 77.4089735759814 64.33415475042912 53.70587410659962 47.20658352943673 46.5972672205439 52.08504838495413 62.07336294246417 74.7800486592308 89.04893113650826 104.24045166814477 86.64658673028092 75.14940047825449 66.22635149692155 61.017396808512714 60.48976470807336 64.75798326119113 72.98545744221916 84.01698304640146 96.89956512937383 110.99051240429822 97.076460607639 86.91878083537613 79.2754457185925 74.91998865700204 74.43184588291732 77.883767483475 84.79592777881705 94.41135563368265 105.99691198860135 118.97845688543798
24.026109019633125 29.33499717515546 0.0 38.60979179641223 34.27723097937679 16.9691610567654 64.7483799492149 31.56633681537451 49.04326359909072 21.749090448294382 25.094044088289962 31.444932585428734 57.907699309952534 38.05030865744413 24.500783446734328 44.23211533955509 36.737694001648464 19.80641450224823 53.01775031076595 55.73259188387382 58.52906572954743 32.373384800386034 11.32044329362275 33.73789037856578 51.46510343735737 29.2795193988159 50.01150913287901 21.348533671554897 44.54007275796531 19.276373229175146 26.318344128909832 39.57569731993794 30.758101750399806 45.23952404126917 25.86915979373293 7.068750291207609 42.75563872489145 21.383107778409194 53.23298509051316 46.3270715626897 106.95818040008736 96.41481309337088 88.03557171272834 82.48266159535137 80.34425253448141 81.88827902276142 86.91871744181648 94.8826565623084 105.11543875487094 117.02339204626561 96.67859880493931 84.92404808026272 75.34008489558875 68.83934061582445 66.33455521505621 68.26700220179752 74.29122383221856 83.52652430217519 95.04139392837723 108.10987388574313 87.48326193286933 74.33984415811891 63.231352084772745 55.39580750980546 52.32482431084984 54.82498641136197 62.228379194400894 73.05931402302238 86.03287569219847 100.32122497234504 79.7482630924973 65.10603451176195 52.12017250253099 42.3430681684666 38.31533440529688 41.73608352166801 51.131623026399126 63.91941385280347 78.45792789476278 93.9377869652437 73.93350365501495 57.87281089066184 42.79102965457054 30.19259674632301 24.306877186830885 29.474842828696023 41.77821372294624 56.751939392958015 72.76576673601248 89.26164738158073 70.5157170782099 53.45862577865013 36.63189960486883 20.60777888615519 10.30427658910294 19.65677402004312 35.57123131366469 52.373173599713006 69.42117264980483 86.56998437486294 69.84771066920655 52.57841800958131 35.341065787476914 18.226501516861987 3.759430813159611 17.16900749837547 34.26557825084954 51.49949925189238 68.76758342031683 86.04926595669964 72.00606427401377 55.400899673376344 39.39997633689909 25.18270526458666 17.739538097646292 24.370593709991763 38.3649908382345 54.30037996759608 70.87948973841246 87.73816116629551 76.75267947867906 61.417662349915645 47.455171905784624 36.47692535657937 31.7466136329334 35.83067849889529 46.46004968845185 60.265608461232425 75.52522466081763 91.51439344466482 83.64803738388167 69.80751170199692 57.860924077432635 49.20759792491753 45.755788327336425 48.626124160523815 56.8692452013296 68.57423322247578 82.27662600988612 97.13477351659006
15.150602798430969 31.397586578001118 38.60979179641223 0.0 28.623929258437123 43.97022204871545 66.92161190985763 19.926398671496568 33.472245012184764 18.97253180514518 55.69901361160742 38.53823029274775 59.20386721425339 3.2821435037957536 19.065905289167908 36.83111022017805 15.75177220581141 19.228432247537043 32.41796916701564 53.0159698649695 63.84625470062189 31.30375570902454 31.00139400498415 13.421710397933063 62.64551150382765 19.647464131099987 56.616743067141556 24.620041289819824 31.838679506663052 19.429469999950808 58.528682013602825 5.873781265801222 22.76181113851688 9.267937711296414 12.775252884589126 31.608051975113028 23.805330974533593 25.116194306984177 30.289318221807818 44.14652194323741 105.73075466598948 90.78097934016783 76.825006383973 64.51107401313348 54.954321062641526 49.76924557812466 50.32573771213953 56.45426127419912 66.63474337440074 79.3221034882044 99.85583487630763 83.89822498886838 68.59551015628034 54.50214060877877 42.82908017228173 36.012280489623045 36.85303303596739 44.92343711316557 57.24326877768904 71.65316391308993 95.71187938896456 78.94427944968686 62.46876023776304 46.59618117033632 32.23000992732596 22.473413769133902 23.87564573451384 35.12477670132688 49.96163291625123 66.00977908788991 93.52931283823476 76.29586532332502 59.10244578442254 41.99824349656022 25.16583284389094 10.07467892762783 12.976613391098104 28.879043639778807 45.807413754017446 62.93927609171147 93.44570174680719 76.1938151421733 58.97125705526315 41.814282885555585 24.859057697122545 9.285722790778573 12.376992676296727 28.61588107108614 45.64275137458627 62.82011030242983 95.46656233749752 78.6480430913528 62.095703641328875 46.097176816199855 31.50769082732702 21.42967622886384 22.900633974740106 34.47257780878078 49.507471923670394 65.66835236924287 99.46367654120722 83.43323841719626 68.02863683163385 53.7902725443554 41.92373130526625 34.93583987419637 35.80690441666766 44.07339032930612 56.58180715851213 71.1283762112102 105.21199226234891 90.17903377593589 76.11606363082893 63.66910040003109 53.96809930178456 48.68325515282487 49.25713263978502 55.508315531062536 65.83907095190041 78.65809321291846 112.44318031227468 98.48328027043895 85.75044508913511 74.8733318321982 66.76516646546318 62.51282855317912 62.903216622295695 67.85624684794166 76.49065601869479 87.72608122356046 120.891343357401 107.98693402324517 96.46929115122036 86.89163104610024 79.95418783359725 76.37980069611856 76.64046550454793 80.69902816790342 88.03175868782199 97.90573590800294
27.79266841052098 6.333352216573378 34.27723097937679 28.623929258437123 0.0 48.85102421236201 39.171973162879944 8.897334248877275 59.16375998249847 31.17468497536044 36.74303859196609 11.780041113399063 31.385404511130346 31.10050964255382 14.651204986560268 10.887043212054 13.645224015332962 27.770110608970242 59.631927649451 26.156560519487492 35.43174415081773 3.797297681379948 23.010576083628997 36.909029985678906 34.148553369691086 39.1407420964552 27.99795592139356 13.788435343796309 56.24364415515839 26.34297593058448 40.170593660089146 34.01173328970837 6.499230168842085 37.782116717612176 25.405081014805425 30.539217539399164 11.76727165890389 38.07847407222254 57.98142671475163 16.41300328949072 79.97317415289601 66.66175062672013 55.592916613738595 48.33279142818967 46.69312632020217 51.21660211863728 60.537059626876044 72.83566305397677 86.85640451423615 101.89081983141173 72.58279167801611 57.632458046158874 44.423498396410835 34.987177877682 32.76379768412662 39.006905520805425 50.678588523061514 64.91385374305635 80.36171910481119 96.44123497597609 67.38895464899879 50.96896907228464 35.39932679762319 22.518898663292852 18.968426032538467 28.481810075204244 43.14322373240927 59.24672086055501 75.87965498896574 92.75765240418102 64.9210877321904 47.67395614586141 30.488982676272148 13.603806174815833 6.2659818082966074 22.185017948470623 39.29123340514847 56.51672789000083 73.77800178953272 91.05470922740233 65.4881330799025 48.43981545155307 31.667791493579703 16.062237253831874 10.576155423232251 23.757689531926196 40.195941470173345 57.14641510948958 74.25917424443787 91.44315343130933 69.01531699714323 53.091088105748085 38.37869395976602 26.9424483235695 24.032847336612 32.06198431743448 45.57493591279881 61.03187352792994 77.27493284984232 93.89702745694085 75.08659058598882 60.74160926758329 48.37144547116278 39.85921483901573 37.9001834864512 43.391213847410114 54.10986601431667 67.61408426534773 82.54791222012639 98.26168053983706 83.14643357905008 70.42046339425654 60.02877959475225 53.353233847741954 51.84960184889728 55.93652947124797 64.56090081582515 76.1972766333779 89.680769876569 104.29744230705016 92.6773747433993 81.4072552747227 72.5525947384317 67.07688994996609 65.82880598769817 69.0380083760548 76.14298308818783 86.18557603600215 98.26925017247102 111.73374562551626 103.27280043151671 93.24064518261095 85.56311622145563 80.91327542351488 79.82200048240895 82.43074500049535 88.41258971775619 97.14641866013088 107.96642827520516 120.31107574933665
29.18397152037623 44.81265612046872 16.9691610567654 43.97022204871545 48.85102421236201 0.0 81.61263954996832 44.04812543068371 41.38542992543484 25.033160579346625 39.94710240035684 47.90758678987878 74.6508028336636 42.18532455186025 36.25723430988076 59.428263879385234 47.69774261485853 25.728997557557282 46.70471616319114 72.08053429440852 75.46728496472899 47.642464926601036 26.48603565652743 34.13565187485624 68.40792716154183 27.50763492628497 66.93304771200316 35.101809865096506 36.75322752304523 26.28043051978416 40.22573842281487 42.58974742769426 44.0972565351429 47.72971014990767 32.16917124134196 18.341748936515287 55.27027981310052 19.46643001146621 47.903589036274425 62.43618843315392 123.86078683363264 113.00151050431647 103.90312924703329 97.06209965306417 92.97803042669358 92.01874334363184 94.2796698269362 99.54162541499566 107.364269051082 117.23612659011712 113.64772914336851 101.75832663156723 91.60999636323699 83.83739931838365 79.14361194469133 78.08582967122267 80.80696737220758 86.95296920102196 95.86738457933464 106.85960740633814 104.34873364768956 91.30656224345722 79.89875999394906 70.9184660989087 65.37384235870886 64.16185113818557 67.51622371004835 74.82533817105923 85.07593929141424 97.34317184809774 96.22930473211929 81.94976540292508 69.06627460723246 58.50844216901964 51.720659320328295 50.254518947697306 54.54088399969918 63.42397542639057 75.2940540068976 88.96341808286597 89.6107818493999 74.10403126452609 59.593874434212594 47.01233332929077 38.30921944766424 36.38324200786077 42.17335056659822 53.21794708265629 66.96577842431039 82.06941124897044 84.84524254566253 68.29228376244161 52.227081613510094 37.28553713978173 25.523826110808532 22.614847169064532 31.14655870624213 45.02772612077563 60.69262981247215 77.0610517774068 82.25545476681133 65.06198277125137 47.946601970883506 31.03876534569183 15.054784721891249 9.412832042989754 23.436500300310534 40.10799123356492 57.15545162503809 74.32061366358363 82.0477444693364 64.8003885252511 47.59266511661036 30.49174695133407 13.89765918248642 7.433482947326898 22.717434847960295 39.69408599251436 56.86714797540023 74.10018903007585 84.23973688721574 67.54200737376112 51.24669682358143 35.90594375054197 23.472565773031526 20.282938085956722 29.50500799708525 43.913609536093766 59.87467239259231 76.42158969670498 88.65358046086111 72.94897966128092 58.1580428997146 45.187058872501666 36.0567696911585 34.014982096260916 40.15788078195706 51.64300326474916 65.72710398964877 81.06671713345735
66.58066632025032 39.48975058469566 64.7483799492149 66.92161190985763 39.171973162879944 81.61263954996832 0.0 47.98897730147064 98.33478973907422 69.48888863247849 49.99829440742011 34.26191567562737 7.7872162168358345 69.71693167486384 53.28251457762331 30.133571443740287 51.17644080004312 65.83489816097931 98.6946582104585 14.28240107685851 7.121492271360196 37.81203117435397 55.836158122793485 76.08099746323653 17.186668720299036 78.01140049195156 14.896663426568331 50.44287411253147 95.35609172682396 64.30632298298198 52.62113216331961 72.61306777098498 45.657901665648616 75.64995194498347 64.43242363178885 64.29551253968162 44.045025543759586 75.75099838390172 96.91686939584584 22.869358475468182 42.281604059040404 32.746122346609745 30.912652072685862 37.91549327246313 50.18252927562888 64.78963575552392 80.47245864593424 96.70907579933156 113.26156949964259 130.00934562964682 33.47227997876829 20.199450001794787 17.15675762122442 27.9177932880434 43.16438729288628 59.545258223877404 76.33363296599144 93.3098149438515 110.38719086071082 127.52511339156125 29.280611735607813 12.090515801465571 5.806935741812468 22.802938729551762 40.061716242915985 57.34650628923822 74.63923928112503 91.93543320709988 109.2334440504268 126.53252665178688 31.600947291371618 16.935189149588922 13.17931279571498 25.67685402103942 41.756679363671196 58.53761699067857 75.55393984966848 92.67608074926231 109.85457182856364 127.0665607174514 39.29616339771809 28.807567693398493 26.725899156628536 34.603202824965905 47.74096601913399 62.92637171947156 78.98713129175803 95.4825418185795 112.22109830592457 129.10826560735183 49.940486930077185 42.1354816875618 40.687233819374505 46.1974974572386 56.67161673468033 69.91309685473735 84.63282859902536 100.18131481318682 116.22642382295909 132.5879819113438 62.03384320110476 55.88699092886536 54.7468062835995 58.904743712456536 67.38711936077813 78.80975745324983 92.08491121719757 106.52221771787242 121.7088076122329 137.3964476322156 74.87727035761309 69.81208766223325 68.84431685850201 72.13905153314195 79.16587623980243 89.04560392076468 100.94401223508007 114.23203598730707 128.47923138012976 143.39999357041538 88.14335475220005 83.82415754343042 82.96027755413644 85.65632363696645 91.59849217721278 100.21098553513632 110.87325798769129 123.053634294301 136.34586297232315 150.45554707472056 101.66662716682684 97.88570132428056 97.0864836681849 99.34096557548224 104.4516008244665 112.02818275126664 121.61068163609 132.7654675964432 145.1304524335993 158.42251859777986
19.74483812364539 11.80608876887067 31.56633681537451 19.926398671496568 8.897334248877275 44.04812543068371 47.98897730147064 0.0 50.39650156034779 23.555090996819377 40.146726384928385 18.874606676154947 40.202946536574125 22.270933183477727 7.818740360337096 18.73548966673267 6.6354850472649405 20.52239911255817 50.74915971368122 34.68744506374531 44.328389688973104 11.380905569257733 20.524415159748855 28.14251655553522 42.720306095135626 30.838263495107977 36.81974858924038 10.431492068881578 47.60207710462492 19.271371104816232 43.39689436854571 25.176474872976357 2.9135465933850266 29.163570521225328 17.05475863409713 26.36756608572252 11.309597353488305 30.809679758860316 49.08432482154932 25.147894020809236 88.3908887137025 74.59602592896535 62.56905627612163 53.51549648894843 49.1083675969691 50.57723810251124 57.47333383891121 68.16900346488157 81.17600511500221 95.5550962609568 81.3418933173561 66.13317449547547 52.24363635516051 41.03542275685068 35.172743887564636 37.26990092389496 46.25663982299976 59.06788933971748 73.73643593774125 89.35220214887623 76.28624280986675 59.835866272187324 44.04296079492875 29.965736286679928 21.326503684913895 24.706388247828972 36.9418858978402 52.13167654810548 68.33324167859841 84.96978044820082 73.63574050625394 56.43386211171361 39.319876324943195 22.49528670640622 8.04590220111539 14.904647895518325 31.27737015769546 48.30230437054122 65.4726255732514 82.69782439598228 73.65055052221582 56.453096663668795 39.347350756027865 22.54305343184411 8.177888630885073 14.97597491996881 31.311262271964925 48.32415362153726 65.4886697018877 82.71046640730253 76.3291212309127 59.890273431765074 44.11650911589087 30.07323265699619 21.47658467638306 24.83544799962623 37.027917661939725 52.19238753359785 68.3793489845207 85.00668702876078 81.40890623530238 66.2152041758933 52.34695856937545 41.16627790744164 35.32461408117273 37.41258934080583 46.37114275434336 59.15717604330596 73.80763939002934 89.41068920971823 88.47721716963933 74.69783102913293 62.68983754414507 53.65600871141684 49.26074074924506 50.72450745288881 57.60236542316765 68.27731041198987 81.2665460102428 95.6316561193839 97.10067684491227 84.6921829763499 74.26765328363345 66.76299008384203 63.22660373240738 64.31643684273598 69.81617814475935 78.80791500336764 90.25392100734533 103.34189421736826 106.90349683217998 95.72580731826635 86.58629886688897 80.18496448602329 77.20592154437752 78.04206895819989 82.57759470260113 90.2565132280148 100.35986063427005 112.23479623390588
32.4864964436228 59.63711185894497 49.04326359909072 33.472245012184764 59.16375998249847 41.38542992543484 98.33478973907422 50.39650156034779 0.0 30.894511736351056 73.43531363730162 66.20249343251653 90.5487850355247 30.222521105302473 45.43159634419755 68.91713357162054 48.34799346951608 34.59900656926237 6.256629005395766 85.04271453185729 94.26871297381139 60.753452941389405 49.17907976900597 22.258007615457245 91.01198177015112 21.564056634822077 86.26547178096114 49.42307383577869 4.655236312423134 36.10583503237026 75.12882851985506 27.701309249793795 52.67772964082351 27.790985107427783 34.1214618393727 43.50139707303625 56.98603893600773 27.852211792576085 8.927590666666234 75.5360755218942 138.52664050499845 124.00696591392102 110.29285433187921 97.72404256313894 86.79949268541796 78.21127811166578 72.79110368357755 71.26551890982357 73.87619544855826 80.22031526229183 131.73277046011148 116.40461573359272 101.71157119580229 87.9724403816852 75.70834973285511 65.74994732415489 59.27102435848529 57.460860466294335 60.738324344940715 68.37569015779619 126.14306503495462 110.06902498702084 94.42993133446058 79.4829407320876 65.70211616531886 53.98798510369685 45.94933371026109 43.66559592236299 47.96594137604548 57.38887577645997 121.92334031952497 105.22934609783444 88.76845665142734 72.69918681184882 57.351668509050285 43.496726881066145 33.06699062427353 29.893071764971037 35.95100640002094 47.854605147409025 119.21921819597547 102.0986022124646 85.05139338423292 68.13271472560805 51.46947125836009 35.423981761324626 21.431818693995314 16.201838714852265 25.77573780628681 40.80429018713899 118.13486114539482 100.83614162393982 83.53875196353026 66.24373392183003 48.95360120000697 31.676354576472384 14.458263738128919 3.6612735011789277 20.407891592269806 37.65996199009286 118.71467851261863 101.51171168157687 84.34923384864801 67.25824723680711 50.31166186960143 33.72784824160143 18.509054599262175 12.096089679585926 23.425597049896542 39.368956513707914 120.93472805199995 104.087574016696 87.41823650973635 71.05197730173408 55.25874841873075 40.71099936738279 29.324939157468542 25.714374153858753 32.576316766993735 45.386277491253246 124.70741140085131 108.42834604329488 92.52124066041638 77.21631758583646 62.9543120874294 50.62447135672025 41.965876267025486 39.473262122576955 44.202353504963185 54.29791588237605 129.8974658836237 114.33312666313428 99.34523516006344 85.23841465411748 72.52860541980583 62.07986439633687 55.19166794831223 53.26378269143568 56.803526039739765 64.92264845725171
4.430030412302743 30.020633937371056 21.749090448294382 18.97253180514518 31.17468497536044 25.033160579346625 69.48888863247849 23.555090996819377 30.894511736351056 0.0 43.70628214889629 36.018175479708205 61.801200636334464 17.450540683906567 16.523735246243447 41.91010330253944 24.918123445305056 3.769733074129698 33.4545276140278 57.20978220758395 64.72451662020897 31.76895006703425 18.536323384244053 12.056021357656267 60.57660980710113 9.330769920265347 56.420514605695864 19.189799605501822 27.0441637811923 5.320495007222285 45.85645574685061 18.381840177180486 24.92065353430079 23.93322808907498 7.630318755028093 14.842573132293255 33.54987577976009 7.433865404567132 33.00833638037306 47.31308787914483 110.99642075067968 97.82320230743979 86.12342091266828 76.57545024348242 70.06458992172028 67.47581175970862 69.25037772654272 75.07952909253619 84.12459683654184 95.4759190969747 102.92474767995073 88.60351349126417 75.54045964238841 64.50456577049198 56.69229656646572 53.534040547449706 55.82535290847323 62.97416994295451 73.57799708584001 86.37358828156621 96.2536968578891 80.79564601187006 66.2556003173674 53.388937391478656 43.69964075048513 39.59349026389289 42.712249349380215 51.766146479354056 64.29492594075474 78.655241310344 91.29094055094073 74.8428972758251 58.886272525689776 43.95949595632588 31.559338570090524 25.65651556119599 30.318840743434407 42.177218860717254 56.89739757767465 72.7627671604117 88.32497940768876 71.21210877520954 54.219367545771746 37.5103736309968 21.74923848879911 11.73641988797555 20.029245137341363 35.54308233391497 52.19352138774063 69.16451098600238 87.55901011748145 70.26421204369977 52.97407209714936 35.69535983920407 18.460192106556843 2.4722965510884847 16.436525999336283 33.65887851194582 50.93519802162022 68.22449905558322 89.0498318233466 72.10510637608392 55.38169822012114 39.16415382091856 24.47941391899763 16.22851754424096 22.9390534266585 37.25248820006999 53.36673024112224 70.04984104685163 92.68859212664766 76.53379188118245 61.011282787563765 46.75511836719453 35.33291239366496 30.157875281418402 34.1948727641839 45.03099314710255 59.03389283131312 74.43735487178373 98.23684895088958 83.13768625776194 69.07948546179193 56.839948963009654 47.83605685875202 44.09649560660631 46.8979484105528 55.25430532344097 67.12200086167519 80.97154928539891 105.39339427146605 91.44666207692741 78.84106484710833 68.32299803180464 60.98235537225591 58.03757684865297 60.13792513261993 66.80925688171916 76.87054457864942 89.1817329682045
44.18459401504296 30.45065606322194 25.094044088289962 55.69901361160742 36.74303859196609 39.94710240035684 49.99829440742011 40.146726384928385 73.43531363730162 43.70628214889629 0.0 26.547020323618547 45.093717284181956 56.39685729796527 36.96873089169806 41.96858908321092 46.77003862687663 40.554665206453535 76.84865299551495 46.15413101284399 42.93911541277566 33.10783865453224 25.53263359241478 55.43158412667473 33.55094232137926 52.56207234592587 35.656101567757645 31.450757163660057 69.0676874744109 39.36075784187709 3.4652432057284686 58.689948358392776 37.72639381481712 64.15198392187743 44.607643429358504 29.934468207746633 48.3965235131755 45.59286695813899 76.64357707748749 39.554945256383384 90.13430363972616 82.72596016145147 78.4962431297594 77.9642212516414 81.2026065734603 87.79516354665053 97.06081639171403 108.31572980482248 121.00610098289623 134.72690723670698 78.14732430791554 69.53861758365913 64.52075698699154 63.9447459671454 67.92368290475645 75.74309585500698 86.36608215988194 98.89326282840496 112.69138576150186 127.34800007488585 67.02519719567556 56.81878781312032 50.62680900091385 49.964732385817 55.03250609298278 64.49325951613267 76.73907655605143 90.64818128153077 105.56515153998645 121.11817047974343 57.27419977696309 44.965245856307874 36.90691195086569 36.070408988865246 42.88048623263366 54.544525247592986 68.6307643070513 83.92833743197515 99.88221702845956 116.22244263680538 49.70807026078138 34.873092674605886 23.66610041624843 22.422029295457413 32.312874510573806 46.735507840709985 62.63389577282075 79.12340664273769 95.89960078275823 112.83467886353175 45.43196502164443 28.480939366736667 12.529074899709991 10.074962909223892 25.39183700622985 42.26936532084544 59.39163621123925 76.59469308124095 93.8341138057239 111.09297083221847 45.38560718933519 28.40727109412491 12.361477730733048 9.866741202813232 25.31032204146904 42.22067729590196 59.35715753307667 76.56808786357321 93.81250117842416 111.07480382698317 49.580863159260076 34.69236348015597 23.400205341066545 22.142505958585502 32.120444645213446 46.60329164590173 62.53576619968964 79.04611786809325 95.8361459976668 112.7810110041912 57.09013689558702 44.73163704384782 36.62325104030133 35.781464799693296 42.63884932756092 54.355655299415346 68.48146169800572 83.80687007444038 99.78065889252252 116.13559251226492 66.80499350696364 56.56005208184491 50.337595496155664 49.67302330284015 54.76903014148172 64.26963338975891 76.55211678430966 90.4907127099179 105.4306088550761 121.00148418190462
33.73915584554551 7.140870368477101 31.444932585428734 38.53823029274775 11.780041113399063 47.90758678987878 34.26191567562737 18.874606676154947 66.20249343251653 36.018175479708205 26.547020323618547 0.0 26.935461157969595 40.549319197266705 20.96963231916636 15.5289713165235 24.852968608838374 32.26751081656091 67.56318109042613 24.28899284666603 28.890750921607317 8.053775354180466 21.674457768615053 44.3955573252413 24.844699453244704 45.01810091058935 20.453900794050842 16.86488003030987 62.7475963030581 30.714261019292852 30.01040828515098 43.38970248279856 15.961468138788073 47.80536311830519 32.19053945540747 30.141801638392938 23.320535679179113 41.79303795478709 66.29595162784307 15.116601078878642 76.4688638474128 65.09398705996614 56.794955684818234 53.03589970844365 54.75989546511127 61.50760499005447 71.87784511632086 84.54799578950144 98.635705460604 113.61488026347216 67.35831622387266 54.15603268530295 43.90119774482546 38.99308433870241 41.38009502992944 50.02869255475902 62.38697034113271 76.68183770231603 92.01511057304819 107.94518557700077 60.23555849493779 45.03567757749226 32.04391645282601 24.98246360034986 28.63817334602738 40.185532680215296 54.84815110927615 70.71402196520377 87.12827729217184 103.83116624716703 55.86626273755102 39.028825176881206 22.894805398976224 11.126907520748148 17.94873435216534 33.45473203993295 50.14971748702516 67.15267879489767 84.2774193468196 101.46229640265489 54.91175107269142 37.6562597747716 20.479280848854014 4.418318396579657 14.776863006984158 31.87323913107793 49.1137925087494 66.38628929216479 83.67094924092616 100.96152552965086 57.542221839692466 41.3817335692561 26.69270627550376 17.642714632494112 22.55531660346684 36.123833555484055 51.95991253434974 68.50872781303694 85.35672895950226 102.35628308440086 63.31236659366953 49.0571800300671 37.46287226723998 31.607521601147504 34.544359630598855 44.56791312217259 58.120510278742074 73.26934752820343 89.20487428617474 105.57144804608511 71.46562726621552 59.16469482907734 49.92283806702013 45.63794276695005 47.666102129913966 55.3172321923895 66.68311986869362 80.19965203233333 94.95279516308099 110.44811381226174 81.28795723383037 70.66820269110586 63.07894969907991 59.68759554603875 61.196081348793506 67.27561093181912 76.84888693622963 88.79296798437467 102.28062889090842 116.77824742403796 92.24761634990246 82.98907684168157 76.57308898483713 73.74534539510955 74.91328925790711 79.90189469980415 88.06424685864533 98.61540093496399 110.87547049032493 124.33997562636957
58.83902037974887 31.846243016975667 57.907699309952534 59.20386721425339 31.385404511130346 74.6508028336636 7.7872162168358345 40.202946536574125 90.5487850355247 61.801200636334464 45.093717284181956 26.935461157969595 0.0 61.97393379255597 45.53893640340341 22.489104065653795 43.4708428445966 58.16688141159717 90.91657629237753 7.361942531790612 6.844019869269402 30.07745087178773 48.602137346206476 68.29439743004808 15.059184613536539 70.26675205637653 9.524838890920716 42.821867560163895 87.58117799174993 56.64499355978675 47.980432333264694 64.87373771153891 37.87282924439466 67.98700098843332 56.66415955770978 57.071159746236084 36.54387190469517 68.14719452399763 89.15244710201539 15.098070075446474 49.56313331878411 38.65244429745805 33.61884560586602 36.947938690872455 46.89116794296713 60.25878485730112 75.24738359368781 91.06000431910552 107.33307085439746 123.88526899852633 41.2315524901936 27.221425568371973 19.511095476861588 24.88114609411559 38.15981869347178 53.77716840795319 70.18908511091368 86.94678397082993 103.88306197075083 120.92290781027869 36.70301465978543 19.740557894154552 5.566096743739709 16.461673854188692 33.31224167382331 50.469175253018015 67.6999506811792 84.95965195241077 102.23362980760652 119.51569408877107 37.38609763296543 20.97778114954917 9.007082068074567 17.913709065715402 34.0497817509555 50.956722046923325 68.06247590210937 85.24744541482174 102.47178388825503 119.71850005900001 43.03332701982471 29.868684611222694 23.0460498697378 27.72748666911273 40.06516725986298 55.13921242003449 71.23313044624844 87.78778962999367 104.58462674350423 121.52326239022283 52.05329616403764 41.7839232535664 37.1611850608032 40.18355309769833 49.469071506762674 62.276536220509264 76.86515285296775 92.39503944510433 108.46262829337233 124.86051012880507 63.013834363055146 54.7843856216781 51.28952315378631 53.465897106249386 60.706587879863136 71.48900727493566 84.46755116975916 98.78034688204822 113.92562200571084 129.61187622265183 75.06958330918211 68.25260753513056 65.42237474683293 67.0853813047538 72.93491781832937 82.08074484574232 93.56114415881831 106.62466554402093 120.75861663704163 135.62875898862134 87.77026272815361 81.95816751123044 79.55718660032993 80.87170811458418 85.7309916107746 93.58448155062896 103.75446962198511 115.63134203264116 128.74357097538015 142.7511449594226 100.8724142306634 95.79910199520246 93.6929155061693 94.75192542512916 98.87448007535419 105.70273757530508 114.75471725991335 125.55035649805886 137.6800979806913 150.8224029167885
14.107067305064467 33.431410109697154 38.05030865744413 3.2821435037957536 31.10050964255382 42.18532455186025 69.71693167486384 22.270933183477727 30.222521105302473 17.450540683906567 56.39685729796527 40.549319197266705 61.97393379255597 0.0 20.391368610234622 39.6947254486307 18.644808327229097 18.320863398351225 29.321899074833155 55.903979778874294 66.46445886146536 33.57765648836974 31.270897765418 10.366375014355143 64.92403165178575 16.884753092008477 59.083383096896604 25.828652280479293 28.55653600318607 18.777579417889115 59.10997181359202 2.9126385858043555 25.021088231403727 7.7645442817828805 12.301250777111635 30.988570252648305 26.923350400031936 22.998006158170316 27.29102118235429 46.88764125930652 108.80354173272421 93.94352415037486 80.07035163155193 67.79260384233162 58.13014283481533 52.5460780779739 52.36189054975716 57.62937868573001 67.07625092815685 79.22122212143024 102.76158011992857 86.9078310994761 71.7266089706769 57.7507431377645 46.09009440362643 38.886396619254455 38.713220644769244 45.6506476856361 57.166042247753616 71.0678387814755 98.38100166225587 81.70609063073817 65.35793599410174 49.660297440592835 35.48719881373099 25.519565253234784 25.335073220958108 35.08838059582128 49.18570690633181 64.85355709745724 95.88983632557297 78.70286341668549 61.58030384826134 44.596412935724835 28.004631475210914 13.35634059300343 13.085770770506134 27.61876304124151 44.19352735235772 61.172320214277704 95.43619300969092 78.15205945476447 60.8780369793092 43.62613785891107 26.439704066305534 9.674167992264476 9.318510083226233 26.053661212961934 43.23731517599162 60.48843784769658 97.04865483877596 80.10429167375139 63.353498120937246 47.003680120518545 31.681827704825142 19.920906347778878 19.714432628849142 31.29196764666281 46.566379134253694 62.8997625852797 100.62792694924364 84.38599248711067 68.6638217992973 53.91802825005111 41.210384213030714 32.987064343190596 32.81319416624129 40.79183324165769 53.38492537621928 68.07815733376647 105.97486328145884 90.66768366446462 76.2186947576573 63.21909012483985 52.751498919151565 46.556323702560775 46.378500102048115 52.279466554978924 62.56215574379908 75.45599641983863 112.83838667041223 98.5676478133763 85.42456931887689 74.01235741657828 65.24566818498737 60.289812930246576 60.09510819727384 64.70454910702445 73.21633342888188 84.45874996658112 120.96052159191956 107.73036397001098 95.80658598174892 85.73598762203882 78.23748647377052 74.09612720258195 73.8786498506473 77.61804430505808 84.79241569996304 94.62364281155918
13.300116140532444 14.211348731522818 24.500783446734328 19.065905289167908 14.651204986560268 36.25723430988076 53.28251457762331 7.818740360337096 45.43159634419755 16.523735246243447 36.96873089169806 20.96963231916636 45.53893640340341 20.391368610234622 0.0 25.4259661197438 12.237016749917915 13.158727361917318 46.60134282305839 40.72221651261311 48.88852780460337 15.472682805668606 14.082903869225058 23.445917653004695 45.79922366663484 24.72904428856269 40.83387647151663 5.575240571911439 42.19034994603175 11.780452842182635 39.95634977472664 23.06836328923378 8.507095748335683 28.048776403199824 11.310882096090639 18.814578601454972 19.02056996277726 23.495439096096053 45.33299567234869 30.858870965632168 94.5345098471062 81.30718379748353 69.88305005835633 61.279043705350375 56.791721872135966 57.39491364938069 62.94243811837214 72.30506817294888 84.21990984472694 97.75817872830162 86.75464512746834 72.15890731582834 59.043645872367115 48.62202268525054 42.90401870946937 43.773431578979505 50.89377724564944 62.15259103009467 75.72593571797005 90.57921874243507 80.71714402668857 64.8106798926072 49.84276023190838 36.971433540956944 29.12357601324449 30.466179490270367 40.08619633829971 53.70593833265172 68.99610219887208 85.06060225591251 76.83394203673733 59.92846981250119 43.337061717886186 27.63137567582431 15.735231306686256 18.17731184620796 31.811073650159074 47.87678692991626 64.5843760193736 81.54022997265855 75.43851211571499 58.136979697544426 40.83578466832502 23.53567108898191 6.245632133364079 11.081589727452492 28.377965819198128 45.67854923472503 62.97987281146766 80.28145801810875 76.66683609254487 59.715056681832344 43.042826757768445 27.169736450898995 14.913648951892695 17.474323278766597 31.416551780586335 47.616805649354475 64.39280501296776 81.38930640651817 80.39873084192665 64.41550740333817 49.33020520271423 36.280719052868854 28.24574097141499 29.632129006438163 39.459018415060065 53.2416667420998 68.63705922457484 84.77102452355732 86.31000659356098 71.62617444992874 58.39439719981882 47.83521205472448 42.01445620730875 42.90602147251777 50.15320485200358 61.55051880626263 75.2349247602017 90.17109609974554 93.99028483372457 80.6766867738664 69.15186470495968 60.44775805169628 55.897951419411 56.51485601577141 62.144793718023614 71.61508416600536 83.6311164091421 97.25381967400082 103.04467658139382 91.01974871859734 80.93005501023315 73.57610219126008 69.82765702900545 70.26414748355086 74.81235873793702 82.79744851767309 93.3415009768151 105.68133226924638
