0.0 34.5977723748776 8.324995178939844 8.02823891247184 30.137028776766343 46.927893178079955 31.89102087048403 99.08146898782303 106.29723677060741 38.81607880543345 68.27630174413822 59.53315249851644 52.37556393089668 11.940897947902915 2.8282318635259673 48.23957226776124 26.73324290858101 38.34784125355335 17.960132893426728 52.10815550715517 54.404318828655114 23.481212964434032 29.608226207595045 10.540129974642028 28.782371097794105 52.57636373012211 43.221424700988834 60.86597515959686 64.83450945048416 67.61171159517423 64.89136220833326 52.64901428719802 50.48604494538627 17.347934447232852 4.312376196658377 78.95848201344816 28.130177453571537 1.4270925653188633 23.738538466311876 39.95436046134496 124.45342257061894 93.50774788411219 66.28387630505605 49.37827885307447 53.64406219369612 116.32858210600753 82.49470427917316 49.731876850431384 23.151437061731542 31.52086012685798 114.66930205837268 80.15991047509166 45.793308361131736 12.778746591339493 24.98837867404064 119.74475289001943 87.20335896907737 57.1390980854618 36.3339784402325 42.07457894939684 130.77286327175173 101.69440534838472 77.30938142528117 63.29697388636342 66.56614320416847
34.5977723748776 0.0 42.43475497078653 40.369071421336585 7.1730298113315305 38.712183372376664 20.31785563569152 72.97165747867626 75.85079889660729 4.267839588471826 47.19388026102753 38.16567738569 17.826664343750096 36.80475324472868 32.22535970350952 13.644475280063842 45.427569364845155 7.193613280720308 17.07135835388872 20.408272763438212 24.050789996305618 57.828540636273146 62.89167997154099 37.13177948289069 5.825639695462446 35.798498630554874 16.01611789737524 52.17184706003111 37.38934296925626 39.454919879631404 44.84963215753401 28.8395689531887 16.19464750208115 51.94436478620203 38.73057487089319 65.5658782107399 17.445134047058456 33.713288378422014 18.22680907459815 6.215133424805905 97.22304573473916 71.16669002789433 55.42446674902538 58.93930655968994 79.18717572478049 84.60259727786838 52.83048062733344 28.624476646334603 35.249147596943885 63.721934311207924 80.31582256708855 45.72293625607811 11.198071946402147 23.559734738475903 58.13415310098593 85.62392615339365 54.436381365745476 31.464581977312918 37.57070186572296 65.02255589527591 98.99507666437668 73.54731640253017 58.422428926854174 61.74093099519354 81.27419532102539
8.324995178939844 42.43475497078653 0.0 3.767951208020188 38.32056909766125 49.59084783636959 40.03678619618296 103.9841421607403 112.29218301426725 46.595963538842064 72.5951892908501 67.60213037786454 60.09177316948431 16.815438406389802 11.12261447653271 56.030977740596505 30.259936903642455 46.516710246529534 26.136099133169516 59.038447640529526 62.71318937254118 17.085968433312853 21.286563424578716 9.970538251947817 36.61036445226022 56.663062149617794 51.54288732085727 62.74383382329183 70.59909856184768 75.91963410440117 69.0976298185483 60.89252044608207 58.47466082990489 10.034327386223989 5.701217651568817 86.05314363049605 33.89412937020449 9.599759235043422 32.00831229193919 47.534580640176195 129.43241915801025 97.56703181899813 68.41576619921396 47.29614393222067 46.77552990154773 122.66382242507828 88.4798558519191 54.825228881300646 24.036967843468464 23.336563486556763 122.1066529719644 87.71294564149491 53.590473335590815 21.099021252460574 20.328561916819343 127.84218030393383 95.46706922340042 65.41501456831557 42.8848637736853 42.35473452362144 139.0938391960626 109.95364700950971 85.01341251882 68.98930032025558 68.45826644428764
8.02823891247184 40.369071421336585 3.767951208020188 0.0 36.76090474473377 45.84237057059778 39.74954063329932 100.45821950464352 109.0412722720714 44.45127761721505 68.98925473372894 67.4226107786414 57.83835218593184 18.662014866155786 10.766836487169 53.861366017082524 32.8034219639326 44.88601166375415 24.676587045295744 56.24837482679561 61.46367414516519 20.579443342311077 22.603079376381608 6.2089779809109595 34.574369826049995 53.04096160604129 50.42905421562174 58.976385220496255 67.31626751292495 75.08330984172456 65.47814983568848 60.337983124668405 56.52058311861362 13.327494414243663 7.41366723512525 86.93942097575588 30.743084745435475 9.454371213606759 31.441987642743463 45.208389867047615 125.91109140914699 93.9099210762967 64.64800450406723 43.982684897371676 45.655334086707654 119.52697599896888 85.24424543893056 51.393730020765865 20.270676027486587 23.98615942633622 119.54491594886726 85.26916715251882 51.43467156363091 20.37328263480497 24.072110134849467 125.96217490543373 93.9777712607184 64.74561068827323 44.124679548399826 45.7908420694991 137.8878358511795 109.31360097509254 85.32662037254214 70.75706069508833 71.60483113775969
30.137028776766343 7.1730298113315305 38.32056909766125 36.76090474473377 0.0 43.32923432898125 13.696015099300835 80.13831410191196 82.8638237907564 10.874780809240082 53.951588271649 35.48690970531912 23.68046697443552 30.64282690620714 27.5292034366072 19.36731584169441 38.40568706169056 8.212899929807309 12.186360854180155 27.529508237363327 24.934336822993988 52.74883826271242 59.34227276566925 34.48973406045527 5.610421327772886 41.77361661521164 14.55100057040183 57.331662600075006 44.5410166257875 39.48343949383767 51.466180680061974 26.63105816417894 20.71296702567022 47.34598120734126 34.018513701550305 61.47810144028768 20.05617709122285 29.071459388303023 11.134206727574366 13.292551871303735 104.38849354025149 78.17241897154103 60.989209722592854 61.0182548862403 78.24038770473416 91.41788552077473 59.95446192331707 35.0240079251694 35.40707095207023 60.625705202474784 86.03944117299798 51.46711298768825 17.023403260672538 18.043920173556753 52.499753420850006 89.6307935085306 57.21852871739465 30.15100404983025 30.64389327654041 57.99875411052417 101.24166536643459 73.95803230353103 55.53832751361123 55.62392156128664 74.15075874693434
46.927893178079955 38.712183372376664 49.59084783636959 45.84237057059778 43.32923432898125 0.0 56.491594637392616 57.4030009085902 70.11694473783565 39.046896676520355 25.63766511664142 76.63590497606471 44.11453644135591 57.142550706359266 46.808843640095546 43.07034077198201 71.1693577598114 45.6746426048177 41.93816592547845 34.21539993127437 60.0577066831349 66.0054623086092 60.67615133756794 39.637061969682705 37.75779061106517 11.532091210443507 54.50615758975992 14.598690203921262 31.616241408155915 75.30098928469803 22.059391399290508 67.23336657924419 47.680804665620634 58.61680944613486 50.45582730344048 104.27231789347296 24.14547302711439 47.315959172805165 50.23922809261612 36.79771247297392 82.51557584397688 48.96234438993798 19.510298941827344 27.547087811219043 59.42963919106293 81.97019039313749 48.04609498006423 17.10537296460198 25.915472934550262 58.698220606011354 90.64701772376415 61.58275519917316 41.98585765538433 46.13037327249663 69.91446934227427 106.3110704352508 82.7602047285804 69.21865717497563 71.60975312141015 88.65356286930306 126.3899570027191 107.13869074602322 96.8382683074479 98.3426392616074 111.17361430981795
31.89102087048403 20.31785563569152 40.03678619618296 39.74954063329932 13.696015099300835 56.491594637392616 0.0 92.68696881751576 93.84972488063953 22.989188851267457 67.49630212688086 27.677303947030175 33.08421998839154 27.03686690340005 29.068925469765947 29.05951739139213 29.399809532676677 16.79852208425511 17.730011906213562 39.65494249460971 25.72862388555072 51.05114721074539 61.16326419459209 39.596063638062695 18.93906058107197 55.45596744323187 14.989429074645418 70.7153754117515 57.342019888448945 36.53526730566467 65.08844207059914 21.032109099503575 28.37988550364135 47.23124347679421 34.66483568475976 50.108867998220006 32.57577518521308 30.51805630559256 8.598513161359023 25.796426350689636 116.41259399924039 91.41621161935606 74.54335066406259 71.77223828562481 84.50179245518228 101.52370741023518 71.70716692627137 48.69897680626025 44.67752038183089 63.36709907518136 92.97853507658435 59.119694244178916 27.20511591166237 19.49226097295892 49.13886410728616 92.55172433776559 58.4523714188068 25.736921187302613 17.405454350153857 48.35661186740233 100.34694205465202 70.0467467234635 46.2429147267798 42.01297523685277 61.53531916006448
99.08146898782303 72.97165747867626 103.9841421607403 100.45821950464352 80.13831410191196 57.4030009085902 92.68696881751576 0.0 19.903717042788813 69.75632033240025 31.927685971805257 97.61487818097147 61.41927683001913 106.37470756463912 97.94720782712665 64.62604139426537 117.64001073594042 76.04883108743374 86.74571795423275 53.039127661263215 78.366489975232 121.0346513095788 117.77357728628854 94.53103962630081 76.66836742295482 47.7590477517862 81.56702678992023 50.819644098525906 35.64383258147155 87.37773986895897 35.53826416996787 89.96215925943991 67.12563362734969 113.7594070680778 103.22687766818848 125.5406337712499 71.03842987653972 98.95950559412366 91.00948063295662 67.02804294467992 25.45404622756872 13.27700129872281 45.820324854065845 80.10979146189214 114.58843012467845 31.465881679282536 22.70095793242988 49.349890550995426 82.16043043180261 116.01770289374826 54.26106299077323 49.513347332244386 65.98248563477325 93.00867430257065 123.86422735004723 80.68631235882057 77.36202195783633 88.6240511574754 110.08315496207824 137.02962499059396 108.11083619015125 105.42800575451813 113.74011299186658 130.9702241577113 154.15648973012208
106.29723677060741 75.85079889660729 112.29218301426725 109.0412722720714 82.8638237907564 70.11694473783565 93.84972488063953 19.903717042788813 0.0 71.99844070074448 44.98066991251502 92.97250197640578 60.843019943087455 111.79442135153501 104.71028761437957 64.79074233982205 121.26338898014458 77.13081896890132 91.62915847154456 55.53528660209259 74.93564220072945 129.30689134910813 128.37805479102866 103.52867355850246 80.57121401007312 59.1226957650535 80.73628871919594 66.6394554027913 41.73788102269889 80.67586081551177 48.360557167122316 86.65041525336622 66.01384654447578 122.30343881165626 110.58717153204711 119.18472666138148 78.41654763601477 105.92034295714072 93.99751829697318 69.63681877043054 26.05068859460051 32.99504077193792 62.39832265009731 95.35865056703274 129.1814128280388 12.34787759544688 23.81865679995641 58.11231086766629 92.63696275772988 127.20466577732103 35.267453548115064 40.603524243812366 66.69581407738427 98.19801211045932 131.27147474185216 62.869276608048025 65.82221785636926 84.3051730837542 110.80135141152176 140.8591358681584 90.98666988017106 92.83819209317373 106.55505778055043 128.38896126239928 154.94568406159175
38.81607880543345 4.267839588471826 46.595963538842064 44.45127761721505 10.874780809240082 39.046896676520355 22.989188851267457 69.75632033240025 71.99844070074448 0.0 45.10921745409541 37.62648228609915 13.572734185446505 41.018227034149774 36.46808557827881 9.435678958295428 49.27922101361444 7.197424159074244 21.33919794236055 16.823834230404877 21.80967894692131 62.08198959251492 66.91829408698369 41.020080974007165 10.036245388432427 34.87290954553487 15.641497283541907 51.910203711693505 34.35286282111695 37.336840711260464 43.00426343064062 28.217203814736017 12.370341299108361 56.15751140181942 42.9669732748695 65.69644252153789 19.738695116436634 37.94973091536507 22.002391518150556 2.877102194865543 93.74750190582117 68.52963107262495 54.761510382511645 60.795823605105326 82.39076270978047 80.56806217576197 49.19383716583927 27.270777740074653 38.2386944511967 67.64274476507116 76.0488325639469 41.45778472556622 6.994659709185836 27.820082397934584 62.400665660654695 81.64111379544715 50.91653425535373 30.241574635887023 40.39120683622843 68.8707755157692 95.58609626053124 71.00155021570504 57.79730290790763 63.518706461929874 84.40091038665527
68.27630174413822 47.19388026102753 72.5951892908501 68.98925473372894 53.951588271649 25.63766511664142 67.49630212688086 31.927685971805257 44.98066991251502 45.10921745409541 0.0 79.76220812343404 42.05192096212425 76.61498040325257 67.43003880375997 43.562559876387084 89.07368250226696 52.21964082773769 57.97611514071154 30.970500007982434 60.575099500332655 89.55191992640452 85.84687009123088 62.95706706620443 49.414038540189814 15.968774008888015 59.723677151856954 22.59948839324825 15.357474948892675 73.59289853804978 3.611600166428235 70.8006325183785 47.5072061608092 82.22000960545003 72.28779190663292 108.60519994461279 40.81972826654212 68.30452352604102 63.89578682059155 42.23556297583826 57.26282312293515 25.299481971790396 19.898417638587397 50.464647243931374 84.21558394240057 57.09912539448742 24.930199845321006 19.43116906046177 50.28395888362515 84.10846232164225 69.57084832908102 46.76327876330563 43.912704938926765 63.754742414907724 92.71369271033562 89.54506796081604 73.04685001203633 71.05015078985322 84.58820300797811 107.96741534955883 113.1140022213596 100.34165998848168 98.67515367941483 108.62683449491594 127.50473866332409
59.53315249851644 38.16567738569 67.60213037786454 67.4226107786414 35.48690970531912 76.63590497606471 27.677303947030175 97.61487818097147 92.97250197640578 37.62648228609915 79.76220812343404 0.0 37.868848199479224 53.37995012329425 56.71828365032195 36.25723430988084 50.5253996902095 31.033510733854932 44.54627768205736 48.79171358115692 19.502109525483423 77.24897849438742 88.56657101771776 67.12752522073771 40.778953567462146 72.02193163069941 22.171002979553368 89.44648729690464 66.03442066089258 14.887298398668957 78.39221761073858 9.409371214380949 32.27379387586376 74.23539656257599 62.124434166433524 28.844873982234887 55.126218704224314 58.147300753818655 36.133359969838864 40.05299076737204 118.15957126266349 100.07445065301025 91.99345386534493 96.46441792306254 111.99402120472243 97.5949745147911 74.95830168680433 64.08969471591615 70.64704510995514 90.93566425246097 81.72207039885214 52.90188786104545 36.24295255097877 47.15211980068119 74.34999741284464 73.64102267744109 39.428995042319336 9.008008224087428 31.662215768200664 65.71682231815743 75.88386598661239 43.43876222136169 20.256793310934103 36.449910191120665 68.13002932885406
52.37556393089668 17.826664343750096 60.09177316948431 57.83835218593184 23.68046697443552 44.11453644135591 33.08421998839154 61.41927683001913 60.843019943087455 13.572734185446505 42.05192096212425 37.868848199479224 0.0 54.288386326618266 50.040380417504494 4.3136518473346985 61.435464965123344 16.632171233811036 34.87638807842891 11.292640921317671 18.529452977411967 75.65373802525711 80.18156033227946 54.10336662102665 23.606031066581593 36.56888738814866 20.24329411519182 54.594571975644385 28.20161977358386 32.20808349275974 40.953129017201654 29.240924665631315 5.767651907187375 69.70957305213564 56.537048330479585 66.69067000495998 30.670162436814476 51.52009269736923 34.40310874381506 12.662722082369054 84.06989779532304 62.52529953362745 56.08807151003365 69.11674014021725 93.82520496367043 68.48705805881288 39.42045279837663 28.500988913287596 49.65359938897391 80.70621282354226 62.51897375483468 27.915882590805698 6.695172645609523 41.29417134597068 75.89760373036398 68.7184636143688 39.81746690072767 29.04260281263375 49.96352234240523 80.89544505296462 84.44670592717947 63.02641051624746 56.64099922035372 69.56198137469649 94.1505592221396
11.940897947902915 36.80475324472868 16.815438406389802 18.662014866155786 30.64282690620714 57.142550706359266 27.03686690340005 106.37470756463912 111.79442135153501 41.018227034149774 76.61498040325257 53.37995012329425 54.288386326618266 0.0 10.77756277002804 49.981707939631626 14.836606725619326 38.41558296654245 20.18064646296637 56.43206143841142 52.16699651536558 24.05084401780842 35.87552777478852 22.443886554782562 31.4802464863441 61.422620518986015 40.9097231242957 71.4455785195652 71.20692247517104 63.54023393974647 73.40484203137095 47.9068278384477 51.21407506166475 21.031599130372495 11.326604664284757 69.65595901867576 35.795477251683984 10.891217676609473 20.859472542515636 42.86025076340959 131.48837637824874 101.90449302998151 76.64621455795097 61.31510943330985 63.5549134011875 121.09911113549451 88.22961146850034 57.43490139386266 34.75493336827341 38.88286031448194 116.6741714689931 82.10973887783388 47.60262740753967 13.596508395181521 22.32876915354444 118.88169002826662 85.1893206754139 52.691826381969854 26.2770024055487 31.61292807083091 127.3771827251906 96.59227759701038 69.49815618296415 52.19888452443005 54.90225487818003
2.8282318635259673 32.22535970350952 11.12261447653271 10.766836487169 27.5292034366072 46.808843640095546 29.068925469765947 97.94720782712665 104.71028761437957 36.46808557827881 67.43003880375997 56.71828365032195 50.040380417504494 10.77756277002804 0.0 45.867358576632554 25.57499516205391 35.74160357275231 15.393928378745242 50.179854449970584 51.65957400845927 25.63672542094034 32.408830100358436 12.457020047681938 26.435358742500586 51.879835481667776 40.45480189073663 60.957145977835346 63.40422669083341 64.79897259868345 64.09945590122581 49.82136375595526 47.992419418522346 19.82995484989942 6.520119436966864 76.36971703273394 26.908778608955092 1.5513582682652283 20.91244337435024 37.71977547085123 123.2645628784941 92.70998090753446 66.26412179521978 50.80878168107822 56.27553586261455 114.59026186479947 80.93757436964994 48.638444864643176 23.986459444357173 34.34889661242731 112.43507731887574 77.88523072401887 43.42148773326659 9.979774939032463 26.61991918720867 117.15944702350161 84.50339118265113 54.315222536886495 33.974944610990974 41.872228362113376 128.00364887256785 98.86845280288767 74.56400107335679 61.15056841087495 65.6793441170365
48.23957226776124 13.644475280063842 56.030977740596505 53.861366017082524 19.36731584169441 43.07034077198201 29.05951739139213 64.62604139426537 64.79074233982205 9.435678958295428 43.562559876387084 36.25723430988084 4.3136518473346985 49.981707939631626 45.867358576632554 0.0 57.18947683084828 12.4329885751479 30.64342446938616 12.654523778795935 17.562132518855627 71.45745266933304 76.28785375563311 50.29898129230196 19.45786905517234 36.50139485638389 16.991558313981553 54.39940988324365 30.516376320800703 32.32652975965029 42.1349963736749 27.23877205707291 4.612236986771906 65.58445952162516 52.374519183059505 65.0778369609238 27.594257382655 47.357333629911764 30.11001375580034 8.967802411635322 87.67776379884712 65.06198419604105 56.3340517701519 67.14745765378012 90.76799451501525 72.64411016611956 42.95315321580937 28.41863187969967 46.53066238716105 76.92480148685512 66.78710616693435 32.18422137559134 2.4464412029901124 37.027023336656676 71.6300932108429 72.37050053831433 42.49306256940737 27.724912781762928 46.11421272239208 76.67600566719548 87.22406631419169 64.45493023369453 55.638403372552716 66.57040964472445 90.34600468138363
26.73324290858101 45.427569364845155 30.259936903642455 32.8034219639326 38.40568706169056 71.1693577598114 29.399809532676677 117.64001073594042 121.26338898014458 49.27922101361444 89.07368250226696 50.5253996902095 61.435464965123344 14.836606725619326 25.57499516205391 57.18947683084828 0.0 44.81223395160189 31.126221264179204 65.8188690994411 54.78473774140448 30.483732792248247 45.78010778588343 37.15196957350073 41.06467407124403 74.45735174580619 44.38011927966027 85.63205478247461 82.0532451734164 63.12436944984073 86.04037313115427 47.53480866529054 57.2974943915834 30.878759600648493 25.412270423721793 60.83452541588416 48.62769532430194 25.72482931090837 27.279414607147192 51.635612992385234 142.3421258969691 114.20692679239822 90.66372031617992 76.10088680565008 75.87836650224295 129.7353911052823 98.20777026036255 69.66399778777627 49.55997429410805 49.53909096143702 122.35774184187648 88.32904556537493 55.022459118890744 25.45130919958444 25.747129706097393 121.1685745201898 86.6896229220091 52.37567107968349 19.135936020649243 19.596175683340817 126.34281824398573 93.72296389910665 63.24799405772115 40.14289593351996 40.21721009037792
38.34784125355335 7.193613280720308 46.516710246529534 44.88601166375415 8.212899929807309 45.6746426048177 16.79852208425511 76.04883108743374 77.13081896890132 7.197424159074244 52.21964082773769 31.033510733854932 16.632171233811036 38.41558296654245 35.74160357275231 12.4329885751479 44.81223395160189 0.0 20.391607485627816 23.034665923787255 17.4023093779592 60.898467499220544 67.48392538136336 42.3554659701186 11.270974401822006 42.00964082208681 8.862565524038102 58.858148638088934 40.96165833567033 32.570853867208434 50.17031234055933 21.676757072451984 12.818803203792495 55.55516421370081 42.22775481110826 58.72805624337941 24.567796205776716 37.28421819536984 17.956535234255156 10.027121346629775 99.62707083583193 75.35357721412215 61.85103793447517 66.08873677481776 85.46737566656604 85.07693949330572 54.91251149263113 34.46033801045527 41.88649622537678 68.6751405461834 78.35347833391383 43.89374309457273 10.435882943663941 26.191763532031086 60.48109750294828 81.41966525416268 49.11267002618351 24.28561803791276 34.093585165356245 64.26350655602637 93.31527518913602 66.86955280317521 51.284870974022304 56.422896777005036 78.30551041582709
17.960132893426728 17.07135835388872 26.136099133169516 24.676587045295744 12.186360854180155 41.93816592547845 17.730011906213562 86.74571795423275 91.62915847154456 21.33919794236055 57.97611514071154 44.54627768205736 34.87638807842891 20.18064646296637 15.393928378745242 30.64342446938616 31.126221264179204 20.391607485627816 0.0 36.257567302662395 36.79459307884146 40.84477758901427 47.21093545274949 22.968356197339215 11.44878132063624 43.67457828813105 25.85039222565582 56.525323241752616 51.31885913835889 50.71075425922964 54.99331998737583 36.579339085028984 32.61166418091041 35.22370921209317 21.907373222603276 67.78353724961201 18.09661679178071 16.926009547191867 9.431370528201805 22.89798300339688 111.67589967202142 83.0814515284456 61.06018131014854 54.30433711971616 67.56014693341076 100.93281768786261 68.11351497682037 38.55267886798059 26.98162454397796 48.626617895985945 97.38452712606735 62.78719558874074 28.205887804574555 6.615637112614463 41.0708603828033 101.78646372548016 69.36072868173802 40.6961268775284 29.937875291559756 50.31118748162298 113.2148297485681 85.12013425048066 63.78140275861352 57.31917590221112 69.98356249912635
52.10815550715517 20.408272763438212 59.038447640529526 56.24837482679561 27.529508237363327 34.21539993127437 39.65494249460971 53.039127661263215 55.53528660209259 16.823834230404877 30.970500007982434 48.79171358115692 11.292640921317671 56.43206143841142 50.179854449970584 12.654523778795935 65.8188690994411 23.034665923787255 36.257567302662395 0.0 29.685896550907152 75.5619514543611 77.72135849276795 51.59161176991447 25.052763160274203 25.66328990738237 29.350647576885454 43.672123033939236 18.068951747416843 43.454833823996935 29.714068427088424 39.86924202123404 16.551685079799118 69.00793466417507 56.41351200728878 77.63490487355075 26.217937619509204 51.52009269736922 38.632567166541406 14.237742874976561 76.924177372967 52.626593402935164 44.906604943563956 60.48523429626786 87.72194442396196 64.67837406766098 32.425982139749024 17.732615869070543 44.41054059086653 77.62084557436627 63.597952775223455 30.234491528911636 13.356689014946975 42.86641561303247 76.75617119274904 74.17249864458125 48.555192115242214 40.10582768178818 57.04534821953094 85.40895561466205 92.48669494732238 73.36080852485202 67.85714621499812 78.88054854042355 101.16547910612353
54.404318828655114 24.050789996305618 62.71318937254118 61.46367414516519 24.934336822993988 60.0577066831349 25.72862388555072 78.366489975232 74.93564220072945 21.80967894692131 60.575099500332655 19.502109525483423 18.529452977411967 52.16699651536558 51.65957400845927 17.562132518855627 54.78473774140448 17.4023093779592 36.79459307884146 29.685896550907152 0.0 75.80971143264566 83.93346785898422 59.42262167751415 28.673271532994708 54.03895828176594 11.311122801540783 71.87607408775278 46.58491937127406 15.527197529918963 59.399478662463984 11.749601200770908 13.182537770697168 71.16020886102199 57.961934932125494 48.22764358855592 41.361584342348706 53.2086254513406 31.500146036313435 23.515226097867288 99.59248474007092 80.5742129068779 73.89513981466803 82.60464106690047 102.8654893383019 80.67465396404275 55.796589696759504 45.96664084673322 59.22345599049679 85.42081963664944 68.49774982035306 36.242006049294034 18.16238944816971 41.72660895019614 74.47949727566889 66.85351604133423 33.06021286971601 10.55533793732882 39.047471865015645 73.02634713031402 76.42489866776206 49.515210557966945 38.17817355005123 53.462283094823654 81.57011959342881
23.481212964434032 57.828540636273146 17.085968433312853 20.579443342311077 52.74883826271242 66.0054623086092 51.05114721074539 121.0346513095788 129.30689134910813 62.08198959251492 89.55191992640452 77.24897849438742 75.65373802525711 24.05084401780842 25.63672542094034 71.45745266933304 30.483732792248247 60.898467499220544 40.84477758901427 75.5619514543611 75.80971143264566 0.0 16.649795492622594 26.609487042174035 52.058010096761286 73.59426989998313 64.50034114552975 78.54441742521563 87.6449864619239 87.57782899503388 86.03071115086742 71.95758150835138 73.40842665142362 7.389306301668032 19.205278148123927 91.11590307072031 50.89044463529254 24.192283087945324 44.30956946931545 63.35482984932923 146.48665207484862 114.4046485185938 84.34047789387937 59.439187956532564 48.45127619561624 139.56950296869903 105.48906158421124 71.91024820353923 40.113229834700576 21.021521054692187 138.07180273242193 103.51785267054557 69.01393003588385 34.709550015235834 6.43714155007865 142.16501961961336 108.86899693334114 76.73888230476356 48.167265825536106 33.8547901076757 151.39613756451095 120.57120122234289 92.45982477305012 70.39179193916063 61.28596978790134
29.608226207595045 62.89167997154099 21.286563424578716 22.603079376381608 59.34227276566925 60.67615133756794 61.16326419459209 117.77357728628854 128.37805479102866 66.91829408698369 85.84687009123088 88.56657101771776 80.18156033227946 35.87552777478852 32.408830100358436 76.28785375563311 45.78010778588343 67.48392538136336 47.21093545274949 77.72135849276795 83.93346785898422 16.649795492622594 0.0 26.201198799335824 57.122894777031284 70.10263468599352 72.8022920534087 71.23801363762558 86.83505011608922 97.20010591461806 82.23748369301897 82.10525305727367 79.07112949074134 15.099382976232516 26.498507154439046 105.30127741614496 51.586362248668955 30.88144347106392 53.26720087753779 67.52018876437447 143.0696076348296 109.60509823970264 77.15229716531404 47.81747403644707 31.86501462229915 139.41234960573414 104.83166083508304 70.27378626109623 35.804845882924056 4.519178370519752 141.2974620255995 107.3031969757292 73.87708303225718 42.385312596770206 23.022816102727205 148.51394159496664 116.55961656176254 86.66430627670155 61.887512143068065 50.44036821186081 160.34318552073594 131.17187941517597 105.34192887597692 85.92157610355652 77.86429050659557
10.540129974642028 37.13177948289069 9.970538251947817 6.2089779809109595 34.48973406045527 39.637061969682705 39.596063638062695 94.53103962630081 103.52867355850246 41.020080974007165 62.95706706620443 67.12752522073771 54.10336662102665 22.443886554782562 12.457020047681938 50.29898129230196 37.15196957350073 42.3554659701186 22.968356197339215 51.59161176991447 59.42262167751415 26.609487042174035 26.201198799335824 0.0 31.491264215995265 46.993510700954694 48.720962441732794 52.795912835092516 61.79269444454207 73.65074642554256 59.427929827393385 59.47420267822529 53.312021409564146 19.263087633482385 12.191284085363936 88.29103062463889 25.614562359254872 11.754440974529786 31.028192972064907 41.44585244167255 119.98440764285233 87.80139582234648 58.452875782964284 38.97715761089049 44.90574009244182 114.18691758754878 79.77446394328304 45.65227800466572 14.111991955804685 26.627402939658648 115.12774601854649 81.10318514625193 47.915589362156666 20.221995270870085 30.27875174800195 122.65187712678167 91.38029018433434 63.6556840364753 46.35244321890797 51.379627106069954 135.66799424224263 108.08216985497974 85.74646525724718 73.60643488730831 76.66882222045196
28.782371097794105 5.825639695462446 36.61036445226022 34.574369826049995 5.610421327772886 37.75779061106517 18.93906058107197 76.66836742295482 80.57121401007312 10.036245388432427 49.414038540189814 40.778953567462146 23.606031066581593 31.4802464863441 26.435358742500586 19.45786905517234 41.06467407124403 11.270974401822006 11.44878132063624 25.052763160274203 28.673271532994708 52.058010096761286 57.122894777031284 31.491264215995265 0.0 36.6213152311277 19.222706105732648 51.83651280297309 41.03552269289913 43.758211857612956 46.76791337916045 31.740707157338605 21.949567424991546 46.12659577321739 32.93128962329913 67.06523061533088 14.49153398726024 27.914193095660742 14.531636132654107 11.449202992443965 101.27881232872608 74.0084078441443 55.60476990985371 55.68963856336728 74.1996000756892 89.65066155356021 57.24936042391361 30.20893055813329 30.700354506681396 58.028321646010966 86.03712080831494 51.46326950327168 17.01188772546507 18.033158487648663 52.496090817667564 91.39403308294251 59.91842007448589 34.962849487410544 35.347144492394904 60.59105876842234 104.34862765610687 78.11966504447764 60.92220703469797 60.951914040880894 78.18915278006266
52.57636373012211 35.798498630554874 56.663062149617794 53.04096160604129 41.77361661521164 11.532091210443507 55.45596744323187 47.7590477517862 59.1226957650535 34.87290954553487 15.968774008888015 72.02193163069941 36.56888738814866 61.422620518986015 51.879835481667776 36.50139485638389 74.45735174580619 42.00964082208681 43.67457828813105 25.66328990738237 54.03895828176594 73.59426989998313 70.10263468599352 46.993510700954694 36.6213152311277 0.0 50.44716532504082 18.03131973649545 20.120435258303313 68.66543531038388 12.437272656371787 62.67406664702827 41.02319073581932 66.25653399416797 56.5148400190404 100.46407414230642 25.831248977668213 52.67840701703838 50.62394612552179 32.19361176109199 73.16506291733594 40.97040974505932 19.971707906207346 38.91028601584486 70.88016787525409 70.80627666942574 36.63462823948606 8.094214593182938 34.406246332732856 68.53405297161491 79.15816704242775 50.82399779471177 35.985706537933304 49.007064586975986 76.83256252887114 95.44901586425689 73.49456865523773 63.93092132516955 71.88635384753074 92.96723683635184 116.39099578441515 98.98006367721192 91.87997929683523 97.37297711392841 113.64748669976537
43.221424700988834 16.01611789737524 51.54288732085727 50.42905421562174 14.55100057040183 54.50615758975992 14.989429074645418 81.56702678992023 80.73628871919594 15.641497283541907 59.723677151856954 22.171002979553368 20.24329411519182 40.9097231242957 40.45480189073663 16.991558313981553 44.38011927966027 8.862565524038102 25.85039222565582 29.350647576885454 11.311122801540783 64.50034114552975 72.8022920534087 48.720962441732794 19.222706105732648 50.44716532504082 0.0 67.54723475877748 47.39046639191872 24.978117661605474 57.92519939657889 12.823508395529368 14.753785662631131 59.87490224294105 46.70867867305592 50.057401200180706 33.21009178039423 42.0002191905786 20.191462265959185 18.254024489692235 104.29301738527606 81.95934125347145 70.37323424723974 74.71418149279583 92.77275500528901 87.69368942733121 59.663723741943976 42.71014428275184 49.83344908458642 74.41376619663515 78.0548365315362 44.46134307626686 15.997345351009244 30.493763238293766 63.23507446489314 78.00158883571076 44.36865695801679 15.740338232388783 30.36098554385977 63.17176035861846 87.55144033863489 59.45637459020191 42.422711632151035 49.589642612116 74.25226633380561
60.86597515959686 52.17184706003111 62.74383382329183 58.976385220496255 57.331662600075006 14.598690203921262 70.7153754117515 50.819644098525906 66.6394554027913 51.910203711693505 22.59948839324825 89.44648729690464 54.594571975644385 71.4455785195652 60.957145977835346 54.39940988324365 85.63205478247461 58.858148638088934 56.525323241752616 43.672123033939236 71.87607408775278 78.54441742521563 71.23801363762558 52.795912835092516 51.83651280297309 18.03131973649545 67.54723475877748 0.0 34.835986093309444 86.64638496181948 20.048831498622942 80.04967872675283 58.95641066653336 71.210299977929 64.17130043206562 117.58017421439374 38.6418850655099 61.35938826775502 64.72117805420572 49.39953906874218 74.65007181563222 40.079667213588486 5.914433879119452 29.299072247365856 63.849393444956156 78.93536119466619 47.523593324639315 26.09663221173779 38.70940606698278 68.63412881485576 92.08234983596428 66.97914781869696 53.74059553092439 60.701690657640654 82.922476832947 110.98472138757162 91.04611419535647 81.58373446245649 86.12282415174238 102.82558165258176 133.2138110715735 116.90953673382852 109.47319204551577 112.67448449429597 125.70329675842319
64.83450945048416 37.38934296925626 70.59909856184768 67.31626751292495 44.5410166257875 31.616241408155915 57.342019888448945 35.64383258147155 41.73788102269889 34.35286282111695 15.357474948892675 66.03442066089258 28.20161977358386 71.20692247517104 63.40422669083341 30.516376320800703 82.0532451734164 40.96165833567033 51.31885913835889 18.068951747416843 46.58491937127406 87.6449864619239 86.83505011608922 61.79269444454207 41.03552269289913 20.120435258303313 47.39046639191872 34.835986093309444 0.0 58.800877191673244 15.80993897495347 57.42729291635333 33.90863595380928 80.59585590801505 69.09408351123705 94.81251550249733 36.78415231714441 64.5435557166268 55.368527740944906 31.559768090254593 60.35914565332754 34.56888794223866 33.78796976198985 59.01765096334197 90.66077810690969 52.57853221934587 18.009722160687748 16.70486493741442 51.26996500054476 85.8662942489308 59.03835483918474 32.229746140190336 31.41378878906088 57.703865655539126 89.81918777446124 76.19882675410054 57.77704088281655 57.13936559199227 74.74237847423737 101.50238702127577 98.62338059505763 84.98534122082812 84.33957922314924 96.94606956187008 118.65342624320064
67.61171159517423 39.454919879631404 75.91963410440117 75.08330984172456 39.48343949383767 75.30098928469803 36.53526730566467 87.37773986895897 80.67586081551177 37.336840711260464 73.59289853804978 14.887298398668957 32.20808349275974 63.54023393974647 64.79897259868345 32.32652975965029 63.12436944984073 32.570853867208434 50.71075425922964 43.454833823996935 15.527197529918963 87.57782899503388 97.20010591461806 73.65074642554256 43.758211857612956 68.66543531038388 24.978117661605474 86.64638496181948 58.800877191673244 0.0 72.84367240623239 15.756380739606922 27.72851490612196 83.6624783889129 70.8072019627612 38.547077815049775 56.83993641987435 66.32058082784664 43.95280341329491 38.99609232145002 106.35303119253754 91.41032822085077 88.29174214731647 98.13112718486488 117.72301081859128 84.30484946518494 64.73627702347345 60.57266390060404 74.44524021840387 99.04506095229384 67.08526859169152 40.09796234931238 33.31808068543986 54.83773345152487 85.4347359849228 59.08039384015857 24.641004589924393 10.89584430377471 45.00126535980811 79.5384340421097 63.855652265827814 34.479565575331215 26.362460779628062 50.95057423260877 83.0167782491659
64.89136220833326 44.84963215753401 69.0976298185483 65.47814983568848 51.466180680061974 22.059391399290508 65.08844207059914 35.53826416996787 48.360557167122316 43.00426343064062 3.611600166428235 78.39221761073858 40.953129017201654 73.40484203137095 64.09945590122581 42.1349963736749 86.04037313115427 50.17031234055933 54.99331998737583 29.714068427088424 59.399478662463984 86.03071115086742 82.23748369301897 59.427929827393385 46.76791337916045 12.437272656371787 57.92519939657889 20.048831498622942 15.80993897495347 72.84367240623239 0.0 69.31175800848983 46.24726911789943 78.69053902706943 68.87406265161444 107.20450863107776 37.62261695532347 64.94733876921728 61.18242633640107 40.147177157102526 60.86284424710895 28.61833376446078 18.126837869978527 47.25468739712954 80.82251367582738 60.41367171628201 27.659267982806593 16.58642641233769 46.690845329898266 80.49727693995398 72.05775649063989 47.8892571959681 42.299678942010935 60.662722672793706 89.2495949828348 91.2782743279434 73.51162521628774 69.79222842488889 82.05310283284095 104.8295218350746 114.31466121648 100.4817954050094 97.57053555511911 106.48049761430191 124.70305567835008
52.64901428719802 28.8395689531887 60.89252044608207 60.337983124668405 26.63105816417894 67.23336657924419 21.032109099503575 89.96215925943991 86.65041525336622 28.217203814736017 70.8006325183785 9.409371214380949 29.240924665631315 47.9068278384477 49.82136375595526 27.23877205707291 47.53480866529054 21.676757072451984 36.579339085028984 39.86924202123404 11.749601200770908 71.95758150835138 82.10525305727367 59.47420267822529 31.740707157338605 62.67406664702827 12.823508395529368 80.04967872675283 57.42729291635333 15.756380739606922 69.31175800848983 0.0 23.51916680047391 68.26334486963728 55.61957705243364 37.92631015217485 45.953057774167206 51.312163390436545 28.916548224736573 30.651577895578413 111.34097652366484 91.73947292647696 82.64483912670056 87.40096498142645 104.12688715207564 92.16866889684252 67.45533822597636 54.77387793802289 62.007488859613886 84.16932675037323 78.63647438968268 47.5403627195489 27.042883613975924 39.967355486791476 69.70152034735665 73.91102715580283 39.31733123791126 4.870268836389971 29.940622635938702 64.52919208806458 79.57725322656952 49.06692330125666 29.621348841245407 41.738750174257724 70.7224139782526
50.48604494538627 16.19464750208115 58.47466082990489 56.52058311861362 20.71296702567022 47.680804665620634 28.37988550364135 67.12563362734969 66.01384654447578 12.370341299108361 47.5072061608092 32.27379387586376 5.767651907187375 51.21407506166475 47.992419418522346 4.612236986771906 57.2974943915834 12.818803203792495 32.61166418091041 16.551685079799118 13.182537770697168 73.40842665142362 79.07112949074134 53.312021409564146 21.949567424991546 41.02319073581932 14.753785662631131 58.95641066653336 33.90863595380928 27.72851490612196 46.24726911789943 23.51916680047391 0.0 67.81090201779854 54.511403610494 61.11737986480176 31.56796864034059 49.513920394199225 30.745045443455417 12.741233451950645 89.57261774245033 68.28302573977457 60.80025732419327 71.59296689936366 94.60029841101947 73.22673684546672 45.01011911945897 32.93174779762556 50.37779827271416 79.91356868671272 65.537988953479 31.125260334173028 6.09833095347547 38.7356608916729 73.202234827589 69.44446572749436 38.61664418649596 23.554200908363125 44.86868993954064 76.5927025078176 83.33092066160033 59.94389889314658 51.354673369335664 63.844629577393064 88.93690887809149
17.347934447232852 51.94436478620203 10.034327386223989 13.327494414243663 47.34598120734126 58.61680944613486 47.23124347679421 113.7594070680778 122.30343881165626 56.15751140181942 82.22000960545003 74.23539656257599 69.70957305213564 21.031599130372495 19.82995484989942 65.58445952162516 30.878759600648493 55.55516421370081 35.22370921209317 69.00793466417507 71.16020886102199 7.389306301668032 15.099382976232516 19.263087633482385 46.12659577321739 66.25653399416797 59.87490224294105 71.210299977929 80.59585590801505 83.6624783889129 78.69053902706943 68.26334486963728 67.81090201779854 0.0 13.327494414243684 90.22256165454499 43.921238399738904 18.29986770382629 39.83419168211308 57.24178063158859 139.2133643596797 107.03621061908608 76.99321277265143 52.85805621266006 45.3299930012404 132.69728135771504 98.49498536611489 64.7209725873706 32.72911442741842 18.66638845884948 131.91825106194042 97.45263238109817 63.13840790692304 29.508540262060844 12.243436780458834 136.97423887560623 104.13463596151527 72.94470026341172 46.82587731277606 38.199775869383075 147.26520904160722 117.22715140210616 90.51043777083488 70.97073169605801 65.39358733438638
