0.0 61.265868497566814 54.5064668835024 36.689319293129294 12.802352303863268 21.61257221058186 44.16830443123605 25.273432358516473 53.16396540261729 48.56558161419204 13.529080434081726 52.93563597804311 64.9252683066577 13.06977637461348 16.273875720836187 60.924266331927264 55.09134625478826 18.48188105523216 24.21595542863689 41.55598219381049 15.47680536843373 61.09885855585898 57.375463099495676 30.020689367521676 54.774166979182496 14.229330775437464 38.35569905706417 25.517076923529398 55.17802417626206 61.61571342668633 32.36361563346047 44.48925366060214 73.29260384632224 8.535679176943654 54.80263007525869 35.56646373810029 57.57240844140893 22.60431837721506 15.552167676325748 60.57719429619971 119.85865514829538 90.0513316739161 65.17044956744495 52.72506707212056 60.88906256333684 110.26715064295846 76.95638936398828 45.61325930893993 25.173303198187448 39.77012913589234 107.36703142408912 72.7799730295227 38.223340753016316 4.469602807491795 31.20553135241687 111.68096609763936 78.95058038238516 48.87316553625912 30.64008305552446 43.40367822339438 122.44862830263935 93.4400396391871 69.73667250091768 58.22502921347559 65.66500296935678
61.265868497566814 0.0 18.697779098709834 28.15486873034296 64.26887687708458 40.38476523087506 64.25509903656756 50.40168766674489 67.18085525777524 37.82765703398517 51.763588018977785 48.367232154443805 13.436865486017119 58.693693307712536 46.07020513976065 52.07351388891317 53.568575369861016 61.82520488099586 81.23646354463315 47.16400896647097 46.10810058132089 1.8967315578034187 6.938281674686969 33.838591190772405 43.863649347085634 47.8774209984253 55.18169899555859 41.39521375098068 73.41149745935964 33.99341687400046 33.00078243767496 21.45557821281667 25.08303355722214 67.72945220956016 45.08815020878787 53.07938288004214 52.316200730421436 52.1380914277623 70.45568027060372 41.42010067943589 63.529514368145215 30.091592990174522 13.03306151333901 42.76762054455185 76.70156447259102 64.77652982437812 32.61953986761815 18.080896068684588 44.54943412147143 77.69964102088687 77.14559111356448 52.94674917415876 45.27791044093339 60.75882656793452 87.90901969375916 96.44806465503066 78.25200265414388 73.0703275609339 83.36617856145965 104.66764921390742 119.36569139687623 104.99474833127908 100.96672988884075 108.4403909352117 125.3754788595888
54.5064668835024 18.697779098709834 0.0 31.64860059019934 61.05867295999394 33.04557302179826 47.01116829812835 37.12848666729386 49.02327874135635 19.481995823148935 42.42367861450151 29.747863142236323 11.922645729583376 56.03680539469607 42.30616742006971 33.448531551959015 34.92499576631692 49.84421905545168 77.37168035984804 29.903456428442272 41.38988490136809 20.270998220478305 11.846707656383225 24.485831520648944 25.16621064088003 40.27714395221396 38.55424818655903 30.240570394863386 55.35951580028092 16.503868272059574 22.27100132477078 10.269499673206253 18.864324560785064 62.29253354657635 26.39232719169871 36.99784919786254 33.6184523879361 39.48749210231655 66.86402336167623 23.12434272874395 65.36390029114065 37.82074445523752 31.35626493821515 54.137412022802984 85.28388358755315 58.2671544592352 23.687255616324546 11.04378770680653 45.58178137826897 80.17659707634408 64.14812500101671 35.698695634898115 28.786320319995717 52.70434558747899 84.39007221517132 80.20075011532037 59.751989376524456 55.70669370314149 70.9293083709473 96.71346039342463 101.71757043594134 86.30564688592038 83.34017654134458 94.00651658632006 114.55821701712378
36.689319293129294 28.15486873034296 31.64860059019934 0.0 36.95189162757228 20.555544956824523 57.2875870723996 36.721719409737275 63.61952044786111 40.61769139699257 31.519286188677786 50.74964095740981 37.035593366097544 31.29808537936696 20.424116129322588 57.60924251067989 55.46525947657474 43.78553476350226 53.838701440510576 43.32560104977435 21.38764406020582 27.319654265697483 27.209806563293817 20.563820730168196 48.739348541045246 26.145589075276717 47.766113524137886 26.955659553169063 68.68543929743629 46.50910028114107 22.439933098536567 23.200715172242266 48.40540870252892 41.62120590995997 49.58420265595663 44.65463747306767 55.962786414526406 36.94017041721623 43.15038518908684 50.55618828679746 91.36282360603539 58.24280789323995 28.84665457172414 25.824019121020655 53.818919740649534 89.09716177695167 54.65455881127672 20.75550257123238 16.41080440192711 50.02690917154824 95.46492000375368 64.43265476512627 39.80469830301956 37.5778122387949 60.28765128200729 108.96255502164678 82.97889129196614 65.52047297801168 63.99333040601859 79.32299963924346 127.34209279327979 105.7768972109488 92.49967546490186 91.20483832411807 102.3481787908281
12.802352303863268 64.26887687708458 61.05867295999394 36.95189162757228 0.0 28.620898882415194 56.845092800991516 37.00087531235441 65.78704753384824 58.44679469720998 24.62415591286791 64.07963750743234 70.25744767324463 5.655269199554554 18.831063301100595 72.12666389061819 66.69408007863174 31.283320301851823 16.970312747759557 52.855594766559314 19.689059937456573 63.72999538651335 61.60622000549945 37.32029229582837 65.31488683709706 22.837676890696777 50.58605939553051 34.94243007669695 67.95220239258829 70.51881633879334 40.06999063738452 50.78971478717246 79.87059373879832 8.161153153704138 65.49322217049011 47.64506469590045 68.95093593453373 34.561607318414175 6.206803667217532 70.55469911659033 125.66615239276877 94.09244061545208 65.64760880672927 46.48274241206424 49.05606773996737 118.52608215277714 84.41489734167043 50.97221295252772 21.57097473352802 26.968430921197765 117.7993456240255 83.40088904482162 49.29079921493754 17.27164181231434 23.704186643951328 123.59916161805715 91.33946233704492 61.675501304588074 40.738961663717824 43.70679568933311 135.08720351246072 106.24199865096895 81.98134444581837 67.44841166434408 69.08259169921533
21.61257221058186 40.38476523087506 33.04557302179826 20.555544956824523 28.620898882415194 0.0 38.63262962120953 16.849507445914625 46.096502775093725 30.65679411386449 11.69491990628199 38.09477351071226 43.313151536200955 24.192391670116027 11.11359749442171 45.98297294611659 41.77084742796441 23.425728527814496 44.439097461059305 27.964569267757522 9.330317392453374 40.445473142215945 35.98617922533265 8.738303929885925 38.17654571508966 7.561389667087832 29.651523839336832 8.512663172094587 50.37786006508324 41.971764620921505 11.449097493828127 22.921542448153648 51.89751217832445 29.24696189290371 38.584916999626664 26.369034781112603 43.32257584183725 16.58888231548241 34.12005160119473 42.6350588217468 98.32390589085091 68.56030104323628 46.13306415237094 44.16814075032122 64.56167614737885 89.93228108124202 55.99337229009681 24.032289846980643 20.364057188739523 51.445984781266446 89.95631910470564 56.03161757262864 24.120438649337828 20.467035092025892 51.48644542281698 98.38985070243217 68.65397231950044 46.27086750425123 44.31070429552531 64.65836312508499 113.37104729202191 88.63771542903058 72.49175115624318 71.05084471134023 85.06556437337521
44.16830443123605 64.25509903656756 47.01116829812835 57.2875870723996 56.845092800991516 38.63262962120953 0.0 22.114024901476935 9.093197741939456 28.15892830458937 33.53640057119389 21.646061626145798 58.4174408724429 55.452081992169916 47.37095987598226 26.361976821394386 19.3003761240611 26.165586752013304 65.86351889622865 17.153734202466357 45.02894606441294 65.36636461198286 57.48779374029381 36.820495022073224 26.89010860736555 38.0060579235122 9.63089194029162 30.646670639348518 11.790566845130215 40.457295726364244 35.448489447318565 43.22324043992302 59.433886456156785 51.752315179917396 25.905102468923744 12.635077861683682 22.71270645062993 23.501417250734224 59.395885341499046 33.90427679987367 102.41291642641575 82.84518698058156 75.05323572947351 82.44631595866812 101.76711389075652 83.72231129790512 58.44910355756421 47.09544349567765 58.433506515471784 83.70053382796286 71.57525730313813 39.33465784318399 19.137930163843492 39.751133921458496 72.03396517484671 69.49308885326514 35.44269961774689 8.827989508881098 35.97964321822711 70.0427650667903 78.28319114137614 50.430381079249386 36.78337208643227 50.57308962621605 78.46710222991277
25.273432358516473 50.40168766674489 37.12848666729386 36.721719409737275 37.00087531235441 16.849507445914625 22.114024901476935 0.0 30.212255984298682 25.05572099649156 12.424434195165238 27.769225925280274 48.95270061713298 34.59080393860461 25.302588439161354 35.70323344606507 29.828824758304602 13.028610954734312 49.17789318314271 16.372000065432893 22.96765474301085 51.01228804527049 44.49199341749526 17.606442216479675 30.11044961994667 16.074042567953406 13.983219545183902 9.983759223287512 33.90388665762069 39.12347710658722 17.57891102526614 29.31597994321843 54.33680949853779 33.7129601932864 29.979804540253546 10.822391345511738 32.308015576088046 2.9127939728826933 40.76966927786353 36.48741172695898 100.7645736376617 74.93289702787382 58.91662445450039 61.009737272935375 79.79973227918799 87.64928528342065 56.2720363107808 32.334567975187525 36.322773266805974 63.15061983437008 82.45069704207553 47.85799024699745 13.32333982945971 21.435715614693795 56.00288197575074 86.60664288814873 54.649106353532424 29.447918581324526 33.803488625239154 61.7495961816428 98.94511842087101 72.4907918207894 55.80761731990514 58.041900527939774 77.5759698397093
53.16396540261729 67.18085525777524 49.02327874135635 63.61952044786111 65.78704753384824 46.096502775093725 9.093197741939456 30.212255984298682 0.0 29.543242589030204 42.11953870506712 20.28895722865266 59.68763635791985 64.20851677766667 55.47895047712308 22.19709318145194 16.107357259607088 35.25394614547525 74.95068710778385 20.862961551935218 53.153676899630426 68.48125298266619 60.266749169078516 43.06976429817284 25.726081825556115 46.27885648326972 16.4621999159962 37.771431667596374 6.4353191196160555 39.48829928627374 41.27270427535598 47.057690903920694 58.86028745214973 60.82138999845958 24.53181450869883 19.751320332966735 19.13791327841649 31.946551116748427 68.45028902673663 31.929526066764947 99.43779762907324 82.75822399767584 78.76995189849036 89.19204362839959 110.00213457349662 78.88028061945236 56.71689642089163 51.05211630723106 66.26186980753089 92.57298078581667 64.44031576431033 34.1506158221136 23.97539248642555 48.766986244864874 81.09539486581028 60.65773360102183 26.408630436652246 10.50355431523558 43.7959737961901 78.23492675294592 69.30039494370588 42.54746522511125 34.82615245988758 54.8659004639243 84.86757456390278
48.56558161419204 37.82765703398517 19.481995823148935 40.61769139699257 58.44679469720998 30.65679411386449 28.15892830458937 25.05572099649156 29.543242589030204 0.0 35.05518046472585 10.921738849714771 30.387235571388853 54.57438491732637 41.75764089207366 17.001376650086087 16.120660880305707 37.81326479005151 72.76875768363108 11.796346449444949 39.95572343422832 39.22523232475328 30.890060649459322 23.069631550544624 8.140304995446538 35.61471173436817 20.80294177932698 23.506480865519535 35.89349337989737 14.254594165132932 20.207395229697312 19.29426653898057 31.7527576429328 57.071453203443596 8.971382878876646 20.253180316061602 15.721544932990893 27.94194607509929 63.306287229001356 12.10856032524994 76.83866058934645 54.76042739963344 49.880221291037294 66.1224316140772 93.01141256676213 62.59463614685667 32.10683178192134 23.204626410190706 49.40553201505551 82.08656630335403 59.40508808856497 25.40270522461149 12.50934749932006 45.41501422663898 79.77102644288092 68.82463241117757 42.919376133223935 36.63530654852565 56.89506605472783 86.757025154231 86.84247878356415 67.97871982114508 63.995095894127346 77.22961848676951 101.13471889718527
13.529080434081726 51.763588018977785 42.42367861450151 31.519286188677786 24.62415591286791 11.69491990628199 33.53640057119389 12.424434195165238 42.11953870506712 35.05518046472585 0.0 39.61853610138583 53.484804893514365 22.216059949932017 14.811160822285242 47.646422933085844 42.07866306954269 12.46249390835543 37.74493287738987 28.304433734107118 12.559384473574909 51.926249430750474 46.96068035956766 18.384787477149292 41.274748178368284 5.642903288900116 26.264132746710548 12.424434195165272 45.16422736664816 48.27967937447232 20.19810061895739 32.8641543435325 60.93622856025768 22.05922388499866 41.33159243039819 23.194130825505216 44.39325677077986 10.211440551106387 28.694124207110107 47.05047023555692 107.66260127605776 79.18484933641017 57.827726338470875 53.034445619914344 68.38172146790251 97.0115513102657 64.11148902640417 34.70111935030389 26.322900009370983 50.758892496384775 93.8785008090879 59.31030203509661 24.841600818998266 10.552370607442274 44.72643636658902 98.98012653524023 67.02657024296822 39.78557666827227 32.68116317321249 54.29604097182302 111.18840918455314 83.87356309691307 64.04274321430272 59.69051394057344 73.61540650681937
52.93563597804311 48.367232154443805 29.747863142236323 50.74964095740981 64.07963750743234 38.09477351071226 21.646061626145798 27.769225925280274 20.28895722865266 10.921738849714771 39.61853610138583 0.0 39.72494192660408 60.885572614690496 49.07125588096222 8.048953553800828 5.227826039907841 38.916406378789354 76.94445189855988 11.398204123650238 47.023210171056576 49.84206101207753 41.4408724441578 31.764660889829187 5.464870084132662 41.56723014004994 17.755745475968403 29.944372174896298 26.716088086239747 19.2810274034153 29.12850743937315 30.179738177355308 38.61993482459596 61.42918810581 4.334877135213373 19.007840848618585 5.301634486828067 30.592591083623326 68.30520005100266 12.261400270019452 80.76920763350861 62.47735299565989 60.64618975598429 76.46755511732171 102.03626608704522 62.94697886814357 36.95390570194241 34.112984966395096 57.93648193265025 89.1314295434893 54.77001756409583 20.294347822149977 14.792583876050541 49.19994691645967 83.76934564672486 60.29940183294867 32.28439963631468 29.041160121784838 55.13018615478756 87.35060270160847 76.62294009984473 57.06856204246831 55.11229630171005 72.19908752763014 98.90829025376755
64.9252683066577 13.436865486017119 11.922645729583376 37.035593366097544 70.25744767324463 43.313151536200955 58.4174408724429 48.95270061713298 59.68763635791985 30.387235571388853 53.484804893514365 39.72494192660408 0.0 64.95370050012956 51.446812596893984 41.85073529782241 44.68556259813927 61.54753473060397 86.95649527997989 41.45170140414905 50.887900663296605 15.329748143050447 10.037270690987114 35.175562885851065 34.6087422525612 50.78397738523913 50.252891340168766 41.5995932840766 66.10035339579893 22.591550556342018 33.31936617154114 20.62278549195425 11.992494375622766 72.33695053998821 35.86671005612786 48.82542425507672 42.81581428776193 51.240912346762364 76.26740231146142 30.628223932566716 55.409249894757984 25.995637205407984 26.004006270718673 55.421029755291066 88.66577549747352 52.5806764251784 19.316306068218243 19.40012268819484 52.67316939312695 86.99088297566789 63.712807562566674 40.691892993633004 40.58529643241923 63.508505263571664 93.88462077303949 83.39001171217652 67.25943177248574 66.99656673818208 82.75276690494265 107.71384584905671 106.99663077326112 94.74681284291772 94.34152117050186 105.91681271440336 126.21847858555122
13.06977637461348 58.693693307712536 56.03680539469607 31.29808537936696 5.655269199554554 24.192391670116027 55.452081992169916 34.59080393860461 64.20851677766667 54.57438491732637 22.216059949932017 60.885572614690496 64.95370050012956 0.0 13.740431573427271 68.92509361047937 63.831074187701375 30.86399388123324 22.583570158860287 49.86659593852079 14.950302017926344 58.129122067142305 56.16435890317115 32.74370943797748 61.73524744932223 19.318348322031817 48.48018645297345 31.21098363072157 66.86899054408516 66.15151362131543 35.57076502250767 45.7750484237564 74.78239811528758 12.091649647875986 61.99949942146043 45.39665172827207 65.89590967409131 32.41627679584692 11.853332967142594 66.64763699397464 120.3549561694587 88.5723901136768 59.997023871470645 41.821516290923824 47.88796660288645 113.80336083581402 79.53028787109783 45.75783508241925 16.04192274568499 28.561479842030913 113.97696831868578 79.7762331599326 46.18003599111785 17.198672860156385 29.220596319923377 120.84678859736817 89.2334472060593 60.95973581345361 43.17858481083882 49.06638858093889 133.381795586401 105.45168020917208 82.72949319190829 70.4488463528165 74.00452409596012
16.273875720836187 46.07020513976065 42.30616742006971 20.424116129322588 18.831063301100595 11.11359749442171 47.37095987598226 25.302588439161354 55.47895047712308 41.75764089207366 14.811160822285242 49.07125588096222 51.446812596893984 13.740431573427271 0.0 57.00843204313424 52.56105945069365 26.8815793896743 35.5461934968501 38.62317534233235 2.344534572548237 45.70631076661825 42.960926766550706 19.24561743730522 49.28479965210436 9.490570506831386 39.09375649839136 19.167421635214446 59.14425927803236 52.69612643436138 22.129559191387266 32.04071875787743 61.07799859172464 21.6977305169734 49.679586182282904 35.827292160474975 54.258965049771966 23.969223967657076 24.82403233277097 53.70015273444212 106.85044666530702 75.59040709944732 49.04718888257723 38.628606355795526 54.53014873301463 100.09360388370297 65.79115219825344 32.141469290064904 11.5119312086247 40.33394654230307 100.99474566327021 67.14178258042648 34.79867793986067 17.57059209671747 42.44233887204197 109.36468766199559 79.0729353548808 54.21474241133202 44.952891741946736 59.13629722684894 123.69606866614559 97.78499799606107 78.85331513983927 72.58468043069455 81.9388638443709
60.924266331927264 52.07351388891317 33.448531551959015 57.60924251067989 72.12666389061819 45.98297294611659 26.361976821394386 35.70323344606507 22.19709318145194 17.001376650086087 47.646422933085844 8.048953553800828 41.85073529782241 68.92509361047937 57.00843204313424 0.0 7.133629911793415 46.44217823818925 84.87428828268223 19.369066862013742 54.988427621752194 53.69990436928724 45.28941288040106 39.31949429674144 8.963047216034175 49.607339932471234 24.700697742213084 37.92442145091093 28.177780195423512 19.53071450234919 36.58718144685169 35.92263120016681 38.37158917968094 69.40205108396053 8.030151823416919 26.437872617698766 3.7729467562705556 38.49228496975412 76.32372951105664 11.340423521461238 77.2422063559643 62.33337278169949 64.80217192864346 83.1142275154642 109.59657543398372 57.375631479067806 35.151106222536654 39.67455852658751 65.63058787170434 97.1365568589548 47.1137464954079 13.159926426127505 22.836728937579046 57.13757681171049 91.66647778531818 52.437063758579384 26.424615938333464 32.27566694743023 61.481872969388164 94.40956735398427 69.8695535006429 53.01698049809265 55.98792909484066 76.50685234535567 104.72225634569588
55.09134625478826 53.568575369861016 34.92499576631692 55.46525947657474 66.69408007863174 41.77084742796441 19.3003761240611 29.828824758304602 16.107357259607088 16.120660880305707 42.07866306954269 5.227826039907841 44.68556259813927 63.831074187701375 52.56105945069365 7.133629911793415 0.0 39.85281203947981 78.7984760564779 13.995000576355261 50.42930444579295 55.0541023130454 46.64691136832149 36.022581911237964 10.089079968681498 44.57793622160661 17.882006614607285 33.40373151022973 22.419485215139108 23.54816141817052 33.50934673719561 35.3246995814651 42.9061376258731 63.48634398614924 8.834659432186173 19.926459428792345 3.41439813704071 32.50118232598118 70.59848326842683 15.83023870577467 83.66326883990932 66.87283393416587 65.87247538295202 81.24754665316254 106.10333825487619 64.42540395925613 40.61057999307253 39.2763886057091 61.89409631732965 92.27108202409111 53.861780417096455 20.27680180380863 17.778053398257 51.145115733779434 85.50110954680399 57.01745345153715 27.528807490876616 25.681255634897916 54.36970613725687 87.44969642650972 72.11316477958505 51.85806603975697 50.724925860411936 69.65332587221909 97.59591239855895
18.48188105523216 61.82520488099586 49.84421905545168 43.78553476350226 31.283320301851823 23.425728527814496 26.165586752013304 13.028610954734312 35.25394614547525 37.81326479005151 12.46249390835543 38.916406378789354 61.54753473060397 30.86399388123324 26.8815793896743 46.44217823818925 39.85281203947981 0.0 39.82542202315141 27.888826314508595 24.753976053143372 62.22556504162406 56.3519436219536 28.02586005287277 42.07924524701009 18.095400380894272 22.059333161435287 20.450135966389432 36.806425953205654 51.99705067115375 28.916648039201736 41.4070217914307 67.32947324728224 25.631434413835525 41.76181031862393 20.004328975452573 42.792939983165745 10.399978817848238 33.31816273983539 48.81248831641727 113.79257038860932 87.54017830659895 69.08392637301523 65.39623286909263 78.58446404615543 100.29733406656378 69.2866823792536 44.00637708010417 38.30542817136306 58.24841771475278 93.55506483118128 59.208548687942084 25.56574119496481 14.014806846997356 46.196052884113456 95.01478167673592 61.46853558743415 30.394086937987858 21.542230568416922 48.9814495345071 104.33271395087085 74.95875248877898 52.413031257875325 47.64713018065961 64.71618098524453
24.21595542863689 81.23646354463315 77.37168035984804 53.838701440510576 16.970312747759557 44.439097461059305 65.86351889622865 49.17789318314271 74.95068710778385 72.76875768363108 37.74493287738987 76.94445189855988 86.95649527997989 22.583570158860287 35.5461934968501 84.87428828268223 78.7984760564779 39.82542202315141 0.0 65.54625474432756 36.09416770567666 80.69985041381938 78.47754177724784 53.162114600587685 78.95748482765768 37.7258750914055 61.48486091761077 49.551415203443064 75.8238021262646 85.64991040672334 55.75468575352479 67.13765068972964 96.23375508571817 15.69731683596293 78.95748482765768 58.9706457493365 81.43228688670791 46.384124441734855 10.783482825137 84.79199030022596 142.33208364857322 111.02581505830351 82.40048168249193 60.39656741281394 53.85582171253801 134.14797566267612 100.42315887763115 67.59277657001779 38.04730202738699 26.85613674240147 131.52400268699887 96.92321503099086 62.325839846215246 27.74464605270159 7.062211275915027 134.78543626724462 101.2653334123117 68.8262999134392 40.178218684440694 29.771745703858148 143.53146377263954 112.54526040839816 84.41790023507572 63.096115690718634 56.838802308018685
41.55598219381049 47.16400896647097 29.903456428442272 43.32560104977435 52.855594766559314 27.964569267757522 17.153734202466357 16.372000065432893 20.862961551935218 11.796346449444949 28.304433734107118 11.398204123650238 41.45170140414905 49.86659593852079 38.62317534233235 19.369066862013742 13.995000576355261 27.888826314508595 65.54625474432756 0.0 36.467403000197855 48.32167619198677 40.36223754674573 23.053899903288826 14.211610059838897 30.5913010624414 9.015750884865733 19.510945708884403 26.682826975199703 25.62631501692487 20.89394471480575 26.402851882526342 43.545162963304826 50.0398983104149 13.874700695930724 8.699923457656565 16.096123973157276 19.205278148123927 56.96242559268713 21.12436257542619 88.38917016074014 66.37414611236201 58.25115418032298 69.10611026495748 92.48188908686997 72.76577350842508 43.71340908665608 30.359560935560292 48.242929151559856 78.28086581340354 66.11312033510234 31.550496848198332 3.8441306690060344 37.801787631557914 72.37421691451979 70.99971016550523 40.73444351071873 25.932070973186637 45.61240066258339 76.70300682296624 85.46848545333945 62.469250019455785 53.80288116384988 65.43615573110853 89.79882272736513
15.47680536843373 46.10810058132089 41.38988490136809 21.38764406020582 19.689059937456573 9.330317392453374 45.02894606441294 22.96765474301085 53.153676899630426 39.95572343422832 12.559384473574909 47.023210171056576 50.887900663296605 14.950302017926344 2.344534572548237 54.988427621752194 50.42930444579295 24.753976053143372 36.09416770567666 36.467403000197855 0.0 45.83960629081525 42.67635508169653 17.793568906685554 47.378956206692884 7.16174882881812 36.78094178311317 17.081991571629594 56.80106700579382 51.217896640259895 20.627891344281675 31.125412722896648 60.22467417943684 21.67686237262314 47.74055234740213 33.51889757337342 52.18548291589364 21.625156778934503 25.489105336175108 51.95773289134185 106.24107743829826 75.37323354818015 49.69813504114092 40.663342329891655 56.85008957228406 98.90478755177612 64.7298213184754 31.505457510159054 13.787286018934665 42.218905439111154 99.28371874695911 65.30206133184525 32.65442541828748 16.220778772912787 43.06699093305405 107.29613998053028 76.839757920748 51.875363281045004 43.27327593946545 58.727486602012604 121.44001274664281 95.4453930329279 76.59455346293544 70.84055622292048 81.02344974999416
61.09885855585898 1.8967315578034187 20.270998220478305 27.319654265697483 63.72999538651335 40.445473142215945 65.36636461198286 51.01228804527049 68.48125298266619 39.22523232475328 51.926249430750474 49.84206101207753 15.329748143050447 58.129122067142305 45.70631076661825 53.69990436928724 55.0541023130454 62.22556504162406 80.69985041381938 48.32167619198677 45.83960629081525 0.0 8.429581377520355 34.201886943849544 45.41535554851401 47.887324974632094 56.211914389051884 41.84211774452233 74.6789695045222 35.76576418915832 33.51829146540287 22.348053131717318 26.93564475357208 67.39666256561627 46.63249873430177 54.035691511051176 53.86913067946443 52.665546013930694 69.92803730663475 43.122979065585966 64.72167294070307 30.986962654285183 11.2401616894545 41.077281909352415 75.12121815621943 66.48518192446262 34.4884259563416 18.800841335448524 43.73030694502123 76.59018120231086 79.03475261546546 54.76215939554287 46.32611334278399 60.73002674703344 87.32110978892644 98.32308351705058 79.92756660662778 74.1899563295924 83.75338741108054 104.49811840403041 121.17299163193542 106.57308621393334 102.11464701093207 109.04874685169614 125.5010233802164
57.375463099495676 6.938281674686969 11.846707656383225 27.209806563293817 61.60622000549945 35.98617922533265 57.48779374029381 44.49199341749526 60.266749169078516 30.890060649459322 46.96068035956766 41.4408724441578 10.037270690987114 56.16435890317115 42.960926766550706 45.28941288040106 46.64691136832149 56.3519436219536 78.47754177724784 40.36223754674573 42.67635508169653 8.429581377520355 0.0 28.66961900603152 36.98606348052623 43.54745173315915 48.51853036738674 35.922533075727216 66.51303527557116 27.646653533231508 27.441066874562278 15.206055295363006 21.92501605096549 64.33577462350935 38.20398371019322 46.5228996711078 45.43989230093779 46.40578758453997 67.71574566061294 34.80597627332343 64.4452403090726 32.71136801394446 19.537813822124946 45.697556973549496 78.6743619640086 62.61020614329973 28.96590049954381 12.363711138643623 43.14570427552039 77.2340256923694 72.68182591621255 46.78804633140078 38.60596929256914 56.449504650067034 85.30825522593928 90.779628212594 71.55592159727694 66.28972647402425 77.86638979768178 100.63195509677885 113.11387274248702 98.14398288201147 94.15102429676159 102.42690178205916 120.4691075371121
30.020689367521676 33.838591190772405 24.485831520648944 20.563820730168196 37.32029229582837 8.738303929885925 36.820495022073224 17.606442216479675 43.06976429817284 23.069631550544624 18.384787477149292 31.764660889829187 35.175562885851065 32.74370943797748 19.24561743730522 39.31949429674144 36.022581911237964 28.02586005287277 53.162114600587685 23.053899903288826 17.793568906685554 34.201886943849544 28.66961900603152 0.0 30.97826504297501 15.79136043083872 27.247479273780186 7.788046904281696 48.13448782287664 33.45493394837352 2.9129754001869066 14.571080865368275 43.28893244724282 37.88313744651063 31.556078362009387 24.192518808997082 37.06624089385805 18.766385137060507 42.857497305693194 34.72987490045092 89.84347047637795 60.80221732481825 41.43420377209014 46.16817106717276 70.2924602206287 81.21018242317615 47.26226841720538 16.346311274913617 26.372966430223165 59.3187694918565 81.8909243687016 48.41210268280185 19.395600814192818 28.34601256573675 60.21339534065034 91.67841692560292 63.45811476364905 45.20784538383357 49.55182131261483 72.53849641845243 108.126881277962 85.34182651722581 72.59329002865744 75.17378311995773 91.79958108326045
54.774166979182496 43.863649347085634 25.16621064088003 48.739348541045246 65.31488683709706 38.17654571508966 26.89010860736555 30.11044961994667 25.726081825556115 8.140304995446538 41.274748178368284 5.464870084132662 34.6087422525612 61.73524744932223 49.28479965210436 8.963047216034175 10.089079968681498 42.07924524701009 78.95748482765768 14.211610059838897 47.378956206692884 45.41535554851401 36.98606348052623 30.97826504297501 0.0 42.527351554096214 22.003802286381394 30.524756486866025 32.14411078063817 13.81701663127012 28.16265889412274 26.97381356144061 33.1575712290102 63.30935910782309 1.2581178082559392 22.67267657576289 8.453869729334713 33.01248228420937 69.88605394678815 7.197293550191627 75.63033841002184 57.0321460728645 56.39308778251818 74.1787845678678 101.09204160230536 58.68371419307692 31.5814938334555 30.754583386984578 57.35101787383249 89.5950629667768 52.60531800046189 18.08705781911877 16.787440628161146 51.296676196469456 85.88209439944043 60.750392566982434 35.24140709135072 34.469403376652316 59.40672674995839 90.91212798834289 78.82637740739932 61.170121209783254 60.53723793218573 77.34673954434044 103.41695485913846
14.229330775437464 47.8774209984253 40.27714395221396 26.145589075276717 22.837676890696777 7.561389667087832 38.0060579235122 16.074042567953406 46.27885648326972 35.61471173436817 5.642903288900116 41.56723014004994 50.78397738523913 19.318348322031817 9.490570506831386 49.607339932471234 44.57793622160661 18.095400380894272 37.7258750914055 30.5913010624414 7.16174882881812 47.887324974632094 43.54745173315915 15.79136043083872 42.527351554096214 0.0 30.022263347031796 12.108247969743726 49.75450738247159 47.98937140282497 18.173918702227304 30.282867523511175 59.06935324562618 22.22194094880719 42.747570090668496 26.802239346439286 46.587316694929996 14.53082971261158 27.80315451026131 47.723271482381435 105.63144593016573 76.11170799301652 53.12996913867478 47.406823894161484 63.7717185515829 96.42232632272628 62.843917248771476 31.56419386567273 20.930509103853225 47.69404120095812 94.96399957659152 60.60379149146662 26.87621066133036 12.91102957716404 44.787403350053644 101.59088031395933 70.45135064372602 44.73149346395931 37.8582628195467 57.100065466395726 114.9122606334256 88.43643802777083 69.51224396420596 65.0974125138188 77.70564160139256
38.35569905706417 55.18169899555859 38.55424818655903 47.766113524137886 50.58605939553051 29.651523839336832 9.63089194029162 13.983219545183902 16.4621999159962 20.80294177932698 26.264132746710548 17.755745475968403 50.252891340168766 48.48018645297345 39.09375649839136 24.700697742213084 17.882006614607285 22.059333161435287 61.48486091761077 9.015750884865733 36.78094178311317 56.211914389051884 48.51853036738674 27.247479273780186 22.003802286381394 30.022263347031796 0.0 21.400684757746323 20.952053445417203 34.41922764038567 25.821141113989473 33.93208629362912 52.55558095696621 46.507472278469585 21.349895001236725 3.289131909728315 20.968851439526244 16.080439515725054 53.89349684622048 29.17984405719914 97.14953982131229 75.35022790670138 65.666203849435 73.08360647808621 93.62236094159124 80.59663594464428 52.559166207186045 37.735138419381435 49.80202690019532 77.01538539550216 71.73075315909378 37.74061028962331 9.912564388722817 34.16162689301227 68.04871139605862 73.3931873429249 40.784760719941374 18.30522771607771 37.43813447145692 69.73517304639553 84.96811716652256 58.987976506251265 46.19950581002957 56.427119630068205 81.41534161221745
25.517076923529398 41.39521375098068 30.240570394863386 26.955659553169063 34.94243007669695 8.512663172094587 30.646670639348518 9.983759223287512 37.771431667596374 23.506480865519535 12.424434195165272 29.944372174896298 41.5995932840766 31.21098363072157 19.167421635214446 37.92442145091093 33.40373151022973 20.450135966389432 49.551415203443064 19.510945708884403 17.081991571629594 41.84211774452233 35.922533075727216 7.788046904281696 30.524756486866025 12.108247969743726 21.400684757746323 0.0 42.29026962078397 36.1137845345313 8.483399043188538 21.134663384935997 48.582015276086956 33.8955672691991 30.80636041319477 18.15125096954608 35.10453003015924 10.978719237067894 39.852501720309625 35.615036694490904 95.31767401737349 67.50342351298129 49.22170008131634 51.80395448008966 73.07074659875953 84.75281021172837 51.689185526196425 23.56590595310467 28.875230008226115 59.22037533022976 82.87019724296388 48.5705894486858 15.671239886304422 22.954877295700516 56.5960957633005 90.21512784941226 60.155805283150016 38.64584198390857 41.98940191965157 66.53981681647505 104.86593919817516 80.31535252770713 65.5669131609188 67.39627552790886 84.73647037848107
55.17802417626206 73.41149745935964 55.35951580028092 68.68543929743629 67.95220239258829 50.37786006508324 11.790566845130215 33.90388665762069 6.4353191196160555 35.89349337989737 45.16422736664816 26.716088086239747 66.10035339579893 66.86899054408516 59.14425927803236 28.177780195423512 22.419485215139108 36.806425953205654 75.8238021262646 26.682826975199703 56.80106700579382 74.6789695045222 66.51303527557116 48.13448782287664 32.14411078063817 49.75450738247159 20.952053445417203 42.29026962078397 0.0 45.88344417496055 46.540660081599526 53.05071323707364 65.25796868840449 62.38864044519402 30.94279994846537 24.151388151895254 25.325592623998304 35.22973939301329 70.09879610996444 38.24767926627357 105.35086602587049 89.1732662950844 84.85076016552831 94.03268160722912 113.48723517731352 84.12524632728785 62.98454934907407 57.02491787739942 70.22407334187879 94.8988467214832 68.19743297754464 39.5368737147988 29.500461804657117 50.71714163358127 81.66405579720289 61.8097234503762 27.209224872970317 7.422690410390549 42.00839389019765 76.61049791708949 67.71824450880119 38.71218412652595 28.39622096928248 50.088892340774485 81.27907794362467
61.61571342668633 33.99341687400046 16.503868272059574 46.50910028114107 70.51881633879334 41.971764620921505 40.457295726364244 39.12347710658722 39.48829928627374 14.254594165132932 48.27967937447232 19.2810274034153 22.591550556342018 66.15151362131543 52.69612643436138 19.53071450234919 23.54816141817052 51.99705067115375 85.64991040672334 25.62631501692487 51.217896640259895 35.76576418915832 27.646653533231508 33.45493394837352 13.81701663127012 47.98937140282497 34.41922764038567 36.1137845345313 45.88344417496055 0.0 30.59261830486411 23.32718273287172 19.374592096940564 70.00839956693483 14.973340845672189 34.284793633002366 21.082951406663472 41.973066067868174 75.76892098451692 8.190307396581858 62.76414644594622 43.32474485786271 47.00584566085053 70.26297820940731 100.29478180733673 48.75869113356535 18.15051171155705 26.00621266163245 58.46414307828729 92.4912961414531 49.16982179128212 19.21803745104062 26.755273821261664 58.79801456099544 92.70069298849351 63.71907112344701 44.68452639383038 48.25051293878985 71.0938487083298 100.87307308686744 85.46731681577059 72.19051031814628 74.24979819039531 90.60546615603612 115.32746279821264
32.36361563346047 33.00078243767496 22.27100132477078 22.439933098536567 40.06999063738452 11.449097493828127 35.448489447318565 17.57891102526614 41.27270427535598 20.207395229697312 20.19810061895739 29.12850743937315 33.31936617154114 35.57076502250767 22.129559191387266 36.58718144685169 33.50934673719561 28.916648039201736 55.75468575352479 20.89394471480575 20.627891344281675 33.51829146540287 27.441066874562278 2.9129754001869066 28.16265889412274 18.173918702227304 25.821141113989473 8.483399043188538 46.540660081599526 30.59261830486411 0.0 12.736578703827172 40.9544755457068 40.37205444112955 28.770197916915755 22.908027263294144 34.42725960690837 19.14820209281062 45.5337042072761 31.822508191046165 87.61020577947187 59.135765377983354 41.3926499122092 48.21292686649015 73.00988492993223 78.49878679681063 44.69288802755188 15.089739382248775 29.202696994774637 62.231391368483244 78.97836691593255 45.522338915205324 17.373372380204668 30.434102967545936 62.813095824170496 88.89382753566966 61.0042765227685 43.99714422567323 50.445945450862226 74.48930051421152 105.61985955310628 83.33711575896585 71.61948126889494 75.55382476355558 93.1781405694814
44.48925366060214 21.45557821281667 10.269499673206253 23.200715172242266 50.78971478717246 22.921542448153648 43.22324043992302 29.31597994321843 47.057690903920694 19.29426653898057 32.8641543435325 30.179738177355308 20.62278549195425 45.7750484237564 32.04071875787743 35.92263120016681 35.3246995814651 41.4070217914307 67.13765068972964 26.402851882526342 31.125412722896648 22.348053131717318 15.206055295363006 14.571080865368275 26.97381356144061 30.282867523511175 33.93208629362912 21.134663384935997 53.05071323707364 23.32718273287172 12.736578703827172 0.0 29.104042173713633 52.143669840535495 28.005869170220258 31.692476534119354 34.994568016934295 31.31105701580407 56.606125107291994 27.654402550276362 75.402594033122 46.39951261893708 31.860835228899433 47.667025686234346 76.9676056526056 68.32132618857085 33.83067214581423 4.009895610762744 35.811984964302354 70.31195766479968 72.40899790543222 41.406406026765225 24.098982405525646 42.91706486447897 74.14735983642218 86.08888669437586 62.15151121149506 52.04925956662685 62.85094780166306 87.09855911334549 105.69947974270896 87.1168806127206 80.00656398081732 87.22085872273055 105.87083939941193
73.29260384632224 25.08303355722214 18.864324560785064 48.40540870252892 79.87059373879832 51.89751217832445 59.433886456156785 54.33680949853779 58.86028745214973 31.7527576429328 60.93622856025768 38.61993482459596 11.992494375622766 74.78239811528758 61.07799859172464 38.37158917968094 42.9061376258731 67.32947324728224 96.23375508571817 43.545162963304826 60.22467417943684 26.93564475357208 21.92501605096549 43.28893244724282 33.1575712290102 59.06935324562618 52.55558095696621 48.582015276086956 65.25796868840449 19.374592096940564 40.9544755457068 29.104042173713633 0.0 81.14179514856518 34.33401417914939 51.8427869248196 40.32514648320571 56.93989047977241 85.70927578881111 27.246464141258855 46.73572436376427 23.999013280544922 36.91234382662202 67.4087041614673 100.59915232230829 40.76932881773744 7.658574590018369 29.15515900693665 63.531462820807654 98.06795694329465 52.39276753141489 33.63897912979184 43.73777104142488 71.33888971499002 103.24879963712246 73.70724500685294 61.60091516486231 67.4638281899057 87.76584791714407 115.10473746371223 98.61669540145171 89.70940303542636 93.62157046812558 108.98126904485702 131.84662538448057
8.535679176943654 67.72945220956016 62.29253354657635 41.62120590995997 8.161153153704138 29.24696189290371 51.752315179917396 33.7129601932864 60.82138999845958 57.071453203443596 22.05922388499866 61.42918810581 72.33695053998821 12.091649647875986 21.6977305169734 69.40205108396053 63.48634398614924 25.631434413835525 15.69731683596293 50.0398983104149 21.67686237262314 67.39666256561627 64.33577462350935 37.88313744651063 63.30935910782309 22.22194094880719 46.507472278469585 33.8955672691991 62.38864044519402 70.00839956693483 40.37205444112955 52.143669840535495 81.14179514856518 0.0 63.33392877404389 43.82306361038563 66.02043921288593 30.986885311024537 7.725370016043407 69.09829069301429 127.53263582242218 97.04142332744607 70.45780847935757 53.910741091934355 56.949394471032534 118.58535684285692 85.06001126396579 52.94116016708946 27.661699675058525 33.50246384517029 115.89995297005791 81.3099586193269 46.74049540148394 12.36497948105574 22.714880414649524 119.89806530232815 86.86417745153292 55.767919839194185 32.704322965194976 37.73487640046704 129.96412444665495 100.18672366909469 74.6918597677121 59.288756051416755 62.017962209228024
