0.0 30.808800175294287 93.85786552283072 46.09583951872754 52.76007084785492 71.74810078836315 31.94873292853747 20.665191492630576 28.459044367562015 40.25400225072483 27.851995576073275 89.81409096130524 52.728850683590004 37.321066929591716 13.529035971599992 83.5030318327358 32.30309192482726 63.82728444492267 97.181357713365 19.620638511479942 20.45148541778108 30.432905754340908 78.33724032149509 42.992797389382325 53.530890077769286 64.00901223660118 48.57037482205534 65.51082910417757 63.819786247739664 35.099669067977665 27.042463671429697 70.54061743404783 42.71922181753658 33.426808290839624 9.966227619252901 23.54687857301587 18.74967394943607 43.044435255512326 48.958377634539104 14.263552810997098 125.23154058819073 95.03513660384425 69.10292716825833 53.97731766353873 58.70848343396466 115.94776104732756 82.54219514686325 50.76796529656652 27.1366957180437 35.92013143510946 113.04182616464772 78.44682889148362 43.86581573707129 9.453514906607266 25.482983038950536 116.99012972174765 83.98683282639222 53.06338403545449 31.184841899492287 39.039761852899815 127.15557064756653 97.53364321794496 72.46981186848859 58.18698624343758 62.56490044805999
30.808800175294287 0.0 124.15424345578701 76.43061802376042 83.5343043776308 102.49651825033294 60.466038245506134 51.27368221334564 59.119405215381036 60.1094909163455 58.340257185776025 120.27773089763323 83.50239805072097 67.5854770470185 44.3122032680253 113.91476873219746 63.1098965173307 94.57165603354812 127.7459494576097 32.8031560757989 41.829596859605125 61.01733450632043 108.87057675643037 73.71119567857582 84.03139430828665 93.47607444355509 78.01698805785591 96.10642190536386 93.22051699842264 57.63828112713874 56.410526071863565 100.88777111451581 73.47660954247984 63.38188171430935 39.833169492405595 54.091099696205035 12.107820240885898 73.85204840830498 79.64691865032161 28.41001751932225 154.677358565534 123.0990739772958 93.68281984780023 69.24125517665873 56.63059303882982 146.61226957553404 112.8974002610543 79.94577100220606 49.311941124032074 29.442260361537137 143.61619658857163 109.015053290125 74.41643724847403 39.82693547453336 5.423819084378049 146.00170644867694 112.11069670760648 78.84135745783946 47.517915309249425 26.35879749538546 153.5180019574238 121.65263208183332 91.79187097562445 66.68531309667738 53.50619694399882
93.85786552283072 124.15424345578701 0.0 47.77412580476327 42.44225157459706 24.744759187665206 73.84057257661121 75.16019475058124 67.85768355900338 93.55126280550782 69.35959385638441 5.269595598494141 45.29593674105753 62.759837018928245 80.96053435318935 10.543176335757838 62.476204589880524 31.708876040893532 7.109244552666664 95.97826718108531 94.08786404718131 63.45939351732287 16.159190104876597 51.34218514771938 40.393629420917264 32.015019066703125 59.985930427510375 28.83925873953855 53.4445283972738 88.37765527046902 74.33742538570475 23.318307227393433 54.233379545070406 67.34483735965024 86.56442849836054 72.86434198853243 112.39449470853185 52.356999167961476 45.38362964852963 97.61138852959161 34.06416133888261 26.154105505124747 51.01519851734043 83.16193132965739 116.72234688540759 24.492476162802305 11.344257359435842 45.302947057890435 79.81776681827853 114.38640145665522 40.63724772321554 34.21333853942849 55.53874925123204 85.98480275755952 118.73101298195593 65.68729550370492 61.721623697399636 75.49224021133551 99.91686189067433 129.08315809053326 92.68243889116252 89.697047911912 99.47755656207651 118.91470069889778 144.15382667764135
46.09583951872754 76.43061802376042 47.77412580476327 0.0 10.590390572351131 27.095323836250934 32.07510578811712 28.32239815653752 22.0702703370421 54.59363392451115 23.942006162263354 43.85177272958895 15.579829689065848 21.615102542746662 33.41426229238085 37.48438432119953 16.00518144506561 19.460105256685413 51.380481688686174 49.888465834953415 48.88357681111414 15.80003423454484 32.505336388738165 6.420006554404179 7.8243725788647795 19.316093912347593 28.41423772455655 19.956130094790712 36.429809065331625 48.075047393953945 30.16112024081043 24.468971429941554 13.792565271646074 24.90984866237905 39.230315293386546 26.50277473349534 64.62602770737284 10.042832666618496 6.119519069434282 50.598390033366954 79.54500752149791 51.88662068297686 38.103286725143164 51.05218293101925 78.45773495243017 70.38022316299 36.48025394414634 10.153542994327083 35.64031895229881 69.51419011150205 71.91475507422004 39.33394976808605 17.816716545139872 38.50401731943556 71.0107843087469 83.56114107351945 57.80364203292757 45.76976067111314 56.9499269259856 82.38040171519633 101.90912240871785 81.93296257222786 73.72448049631151 80.94649613928715 100.32008270040222
52.76007084785492 83.5343043776308 42.44225157459706 10.590390572351131 0.0 19.011163174598995 32.02252204567547 33.051536504201955 25.518302453601237 53.38162543390399 26.94720165313792 37.87418576220645 6.316885290303303 20.752233342938055 39.39252877998199 31.899690267683628 20.536400975354134 11.122775116409853 44.83537972153724 59.070138328078315 51.681020017040495 22.770408758274986 26.345499244330373 9.9582923731014 6.315685634057639 20.70465168050986 22.509157670491494 13.653586187314005 27.03875402128813 47.461116512870056 31.961862544875405 19.93830658270838 11.919972299549633 25.174025711522873 44.644657939823546 30.596901413103964 71.50829435083446 9.98255969272363 4.664270437042477 59.1204547140845 75.77760762282608 51.8933967183819 45.14885341499403 61.47136603689203 88.95984631036372 63.305154763350565 31.211373330958008 18.319555913047555 45.73741936954685 79.01307505923374 62.200457383482906 28.92710100974119 14.124773539188048 44.23904455170575 78.16347407021802 72.98161803855054 47.75787406423512 40.374943734600315 58.088563513251444 86.67900508766951 91.54080190479523 72.84352538706248 68.02502832808223 79.64542848548639 102.24553089546943
71.74810078836315 102.49651825033294 24.744759187665206 27.095323836250934 19.011163174598995 0.0 49.28978408866952 52.012271140387966 44.37700822929796 68.82212582774793 45.686963322848264 19.72580839825289 20.752104254473995 38.37312899943616 58.40279614529213 14.653584601073966 39.546939706526636 7.925202077793172 26.09023175653893 76.98323523371354 69.91014547143519 41.55982346605743 9.064090151129879 28.79021425340954 19.297792648554406 20.746039696105967 35.331978980244024 7.779636518904187 30.816718907459446 63.639412037112685 50.174988336438396 9.515849436944077 30.201163350757458 43.01266336365675 63.630421910419905 49.49201309083383 90.49120989062533 28.918756352463 22.900361681297962 77.54246686933597 58.78024025310837 41.09891852003342 48.145073328791646 73.08623393615645 103.73075541021485 44.30862128052375 14.52408982812132 29.214653554959032 62.37703352008169 96.55642998027932 45.55677249520188 17.946739153957683 31.04191879928667 63.24527926724202 97.11425913149235 61.57602659590465 44.97247525699685 51.46120859915136 75.29146319693236 105.281379403702 84.33100663352435 72.88460876436704 76.8593854908363 94.32558247422475 119.50739435247854
31.94873292853747 60.466038245506134 73.84057257661121 32.07510578811712 32.02252204567547 49.28978408866952 0.0 14.593826456709175 12.49391250788142 22.583356434497745 10.696597160170745 68.96961177572801 28.559947799232155 11.274370162699446 20.7937971344555 63.38847274727476 17.7017212158657 42.16177166627068 75.25287900739899 47.612976409425016 21.373956699258105 21.83097952163212 57.70069532902828 25.882508439585425 36.25477720982317 50.814670588793994 17.79365375393897 45.50209987421083 32.815934366479176 16.0002050170544 5.629756420294224 51.944630764839275 20.188405745070007 7.182771178648041 21.993910644346855 12.579329365553141 48.67795488356923 23.110379479530536 30.60655005462009 44.311596649312236 107.58571351665191 83.22729862604047 68.36408262135909 69.39221442670903 85.74192747782892 92.58305859891004 62.85948156398117 41.54312119096104 43.5335758646335 66.77827753295135 84.58564252325598 50.472188966796246 18.3031378400317 22.746865898345003 55.62991119275703 85.58090545784445 52.10802371146411 22.388606304947903 26.117083500987363 57.077168903715716 95.28743055465725 66.74367099490937 47.16519752618189 48.87953704767743 70.34683696334457
20.665191492630576 51.27368221334564 75.16019475058124 28.32239815653752 33.051536504201955 52.012271140387966 14.593826456709175 0.0 7.849132482817579 32.992179433493654 7.221336739941054 70.79001808971303 32.306409602128134 16.782565323667242 7.353511953260571 64.65020431929094 12.688165170879659 44.167999769080005 77.87462256314646 33.52919076914253 21.18530705324257 13.123418133865494 59.23845899325289 23.831243591752568 34.93101840050062 47.48665377545832 28.618618491351356 46.3779648211928 43.69440785679189 26.17992477600651 8.979488888216464 51.999151710744925 22.270254836978513 13.330124438633629 11.649105142745197 2.912535057160398 39.165903918384544 23.094672971505325 29.776576904387195 30.912200036251885 107.70354589657104 79.84359453689765 59.537727745703634 55.76090126586217 71.19417703298332 96.3194054273183 63.8257080849922 35.564791089992546 29.16895473681432 53.21317203568232 92.39770031694353 57.79645628506299 23.20301908091113 11.453568436699571 46.03088925391656 96.84945879916981 64.61555350870596 36.95077913375009 30.828373946812423 54.131833888595835 108.65002324183548 81.10419992677419 61.20250533838219 57.51863866608052 72.56605714068833
28.459044367562015 59.119405215381036 67.85768355900338 22.0702703370421 25.518302453601237 44.37700822929796 12.49391250788142 7.849132482817579 0.0 34.3865242493868 2.001354494780901 63.37484927583043 24.474052251481424 9.589499447733148 14.989207732784 57.32142394093291 6.128863133291882 36.58999062801427 70.34068990094457 39.81184164270294 26.86932596289433 9.382240331276183 51.83095151646262 16.810023418642277 27.975529252232523 41.38248913728272 21.980201233061553 39.020496649462245 36.65663035938869 27.5464730914699 8.588897653617103 44.87038001342854 14.44401050098684 7.559773589897893 19.45544562720797 5.132777256375509 47.01161248791285 15.537828917498825 22.582563600708713 37.87788207156527 100.75949147113448 73.95615736455368 56.40343991424899 57.34090676743403 76.0881585815021 88.65898139630272 56.555410423439994 30.51974293102296 32.545902411369724 59.848622488162825 84.58289829330332 49.988546630154225 15.43688035165238 19.3026973784723 53.86785077832605 89.63297740007171 58.05664833829644 33.19511486528291 35.04417700430774 61.229980313775336 102.46841705710668 76.24711975338488 59.34863184859287 60.21367776910034 78.25537639782415
40.25400225072483 60.1094909163455 93.55126280550782 54.59363392451115 53.38162543390399 68.82212582774793 22.583356434497745 32.992179433493654 34.3865242493868 0.0 32.409232269732954 88.44812495413545 48.84744981548161 33.23098042469801 35.68595330073642 83.39005353625139 40.091426915165776 62.49535614384541 93.9647322967598 59.55838923899518 20.129692684755423 43.698285708266994 77.69302836320118 48.315958732624345 58.24126571931289 73.03713048286615 33.66898210618081 66.30162355789163 44.68077534601531 6.884042968731905 25.887939165236638 72.94003524072188 42.02562025909482 29.69603792528586 32.76093017738144 32.4450053102945 50.444075829304026 45.29211471834717 52.64894190870303 54.5127361041348 127.60200284137434 105.17703110270058 90.75708187598373 88.3526527645589 98.84451371670487 109.91044034974242 83.05938761494576 64.12645907214245 60.994487835334986 75.65207367107031 97.26772748923025 65.60214444714444 39.25692379293681 34.254998764151686 56.57329741211939 91.78528677699009 57.242426697132395 22.884623914188474 12.867426366458181 46.92855594395548 94.71509080478262 61.790638763726406 32.558581343512046 26.398541006494657 52.23550787899542
27.851995576073275 58.340257185776025 69.35959385638441 23.942006162263354 26.94720165313792 45.686963322848264 10.696597160170745 7.221336739941054 2.001354494780901 32.409232269732954 0.0 64.82116288594234 25.524501706361388 9.578230191295374 14.56241519860716 58.8176378295575 8.081361920880626 37.95855449553526 71.70915402227945 40.136426465654054 25.10502030116618 11.31498268101836 53.29060190626434 18.527473650642754 29.665144354909742 43.239961168024514 21.65374723771059 40.52289887183867 36.589078460756355 25.562062468303868 6.588349263740924 46.46670755582479 15.564498017411635 6.623194227375076 18.535753243195042 4.313091211274869 46.23907969709574 17.002766120312145 24.20431235249287 37.90241765018488 102.38921156290345 75.82498347873951 58.39604692170361 58.869017109919554 76.91434689143482 89.9187941735226 58.08015009670182 32.497029401673295 33.66970151353666 60.050640924770946 85.28087361142362 50.67749319271493 16.07618245412817 18.534653542219278 53.13640498935475 89.69900068597809 57.74242621016594 31.895209657272574 33.09472114608867 59.73320927752864 102.0029179034926 75.30735863144778 57.728636621802046 58.21328824859392 76.4184047956879
89.81409096130524 120.27773089763323 5.269595598494141 43.85177272958895 37.87418576220645 19.72580839825289 68.96961177572801 70.79001808971303 63.37484927583043 88.44812495413545 64.82116288594234 0.0 40.40981991881834 57.96092256640118 76.76856430693068 6.432964209238809 58.13325692508656 26.95927157654028 7.850021412500346 92.72548839248111 89.39614632920681 59.381307879866796 11.551739108347041 47.04152035964282 36.2843026882462 29.408232166048396 54.842688529332726 24.41833501948082 48.17841703873047 83.34952691367867 69.63833530033473 19.463324722091983 49.55059047540521 62.57266271015559 82.27685452564809 68.42384229096021 108.43594808141441 47.84053981722361 41.05387497247414 94.10227409864241 39.23134882570954 29.389035688789676 50.82490191658829 81.83803784767252 114.91995810063918 26.953313500720693 7.651900642622429 42.25489881536127 76.8586740714641 111.46250267164413 39.04653105420939 29.144141373629438 50.6849997140732 81.75204123403637 114.85931449178345 62.717658867042154 56.887243186609034 70.23961800198158 95.00442743257135 124.55067369960916 89.17938901541156 84.963213610365 94.22974706032485 113.72975035147996 139.2278000732376
52.728850683590004 83.50239805072097 45.29593674105753 15.579829689065848 6.316885290303303 20.752104254473995 28.559947799232155 32.306409602128134 24.474052251481424 48.84744981548161 25.524501706361388 40.40981991881834 0.0 17.64072546442425 39.20150679194457 34.88312813139746 20.66584843991536 13.713741045511373 46.798750556110086 61.05635767808155 49.212207337286685 24.139227823236048 29.180999423378356 12.374622882983463 12.632566258936675 26.72287198029274 16.681759287490472 17.467362001064348 21.000819769427473 43.287226530081675 29.526467902208562 24.135384131315693 10.036908321081663 22.293557345367862 43.92932761744694 29.58942039226911 71.40179237820962 10.269145701439543 9.554899154533402 60.47527335810901 79.14339716484962 57.078920857506766 51.450295081510426 66.56625487624355 92.78902671216453 64.58390456748063 34.41832193832118 24.35170016700805 48.95134295565874 81.20533796054035 60.62040754000716 26.323572923842136 10.289851117806824 43.745690575977754 78.2070566847699 69.10112078588493 42.22511326040684 34.435273483697465 54.62095297706368 84.71092917766919 86.43732505220596 66.74314603318777 61.908515725055516 74.86962997938834 98.85868228449961
37.321066929591716 67.5854770470185 62.759837018928245 21.615102542746662 20.752233342938055 38.37312899943616 11.274370162699446 16.782565323667242 9.589499447733148 33.23098042469801 9.578230191295374 57.96092256640118 17.64072546442425 0.0 24.133652432665794 52.269355855646914 10.61056630945501 31.05113680180085 64.43785494879997 49.39832343096225 31.57805893000698 15.809021159074788 46.6023892435428 15.223688161520679 25.09019034463138 39.811773833762196 12.473295799881527 34.27396298480659 27.082805367515036 26.971039937255277 11.981121672618308 40.68257495826036 8.929228770498757 4.661204321329215 27.76889955014947 13.870202480819815 55.51311706758093 12.061221078442543 19.461001680581568 47.40825145207309 96.3999981812752 72.08358011288544 59.109323624598 64.70369775279599 85.28781631635357 82.13616642640068 51.699390861734365 31.529985893571904 41.3556383151878 69.43539043864102 76.08757581831107 41.52815944731612 7.396696340733835 27.922902122378662 62.446137315428665 80.13689818915597 48.49102958957328 25.993836120150263 37.34730443199742 67.14763470781833 92.97377820382934 67.47715785013878 53.451000704579315 59.629282812912756 81.54196777449603
13.529035971599992 44.3122032680253 80.96053435318935 33.41426229238085 39.39252877998199 58.40279614529213 20.7937971344555 7.353511953260571 14.989207732784 35.68595330073642 14.56241519860716 76.76856430693068 39.20150679194457 24.133652432665794 0.0 70.52200926054387 18.86753860407943 50.49737817293716 84.02485278793121 26.819844389686992 19.87412623238537 17.616835360654864 65.24396268207597 29.76114495225455 40.567399034043795 52.044093983692534 35.907219257335385 52.378476581664664 51.02704402723705 29.25415270225623 15.274185880886302 57.666635174200174 29.190223278150967 20.60780518509749 6.090450391723746 10.264320554550048 32.22309268123131 29.587133582952553 35.752575103156445 23.74812984442939 112.93286333309258 83.8953747629022 60.97406003597693 52.839737834206254 65.27663899479008 102.673489642519 69.61883828543576 39.32635208639777 25.321600431261675 46.15893287603625 99.54560200671851 64.96213346587483 30.42507117726593 5.113256691760338 39.00589824631384 104.19362782476269 71.82171227709081 43.07250589343973 30.772703951100443 49.33065971727716 115.68382258116539 87.53037995716917 65.8420518204096 58.34013992613507 69.76213752528497
83.5030318327358 113.91476873219746 10.543176335757838 37.48438432119953 31.899690267683628 14.653584601073966 63.38847274727476 64.65020431929094 57.32142394093291 83.39005353625139 58.8176378295575 6.432964209238809 34.88312813139746 52.269355855646914 70.52200926054387 0.0 51.9719175737761 21.227995027384583 14.226131961573223 86.2947028430535 83.5540119002802 53.076804193515734 5.70889902187774 40.84844334050831 29.980074623102524 23.18559352534282 49.97321873961567 18.30094895669391 44.692266854920256 78.08373708473387 63.80730336549683 13.050106336393691 43.70392373099465 56.83998550986362 76.08491484097277 62.33618640955429 102.09669384489224 41.81536349995662 34.87715113243889 87.6747804184295 44.276052062769125 29.010514286781387 46.01835483076417 76.08288843423868 108.87773294887268 33.36348510900832 1.4615891987424747 35.860908410312526 70.46082362348315 105.06333796356418 43.28845834886637 27.494093233305236 45.08657532074664 75.52822624906347 108.4945446587709 65.13548125379904 55.70398215574691 66.01537503529383 89.48697813948922 118.54367200434699 90.65984831264744 83.92274740315109 90.8931398214652 108.97162061354646 133.72651653421516
32.30309192482726 63.1098965173307 62.476204589880524 16.00518144506561 20.536400975354134 39.546939706526636 17.7017212158657 12.688165170879659 6.128863133291882 40.091426915165776 8.081361920880626 58.13325692508656 20.66584843991536 10.61056630945501 18.86753860407943 51.9719175737761 0.0 31.653044319055542 65.27684890400101 40.979764950396124 32.87880641446298 5.212851745361709 46.584123785824495 11.143312594367536 22.265497291257812 35.31961215434743 22.54647701823128 33.715339147285945 35.9828124775413 33.315390987636164 14.578148872684281 39.314296710931494 10.958695513111813 11.259661401158867 24.156652707864822 10.57038916675522 51.047697864461504 10.742602502968577 17.094820627664465 39.94583780555708 95.07169749904388 67.87217033460067 50.68966485703595 54.102306036573104 75.36234929479278 83.83794768039995 51.13972274921647 24.425119580946976 31.18889453748666 61.18621797933131 81.27998162480469 46.86988148779924 13.49035761039148 23.707536486802216 57.76641242216516 88.15641583939123 57.88954280270906 36.40983159936059 41.17017934954143 66.77666252187889 102.58698522440253 77.96438364669396 63.463208955809925 66.11725084765864 84.32188934790805
63.82728444492267 94.57165603354812 31.708876040893532 19.460105256685413 11.122775116409853 7.925202077793172 42.16177166627068 44.167999769080005 36.58999062801427 62.49535614384541 37.95855449553526 26.95927157654028 13.713741045511373 31.05113680180085 50.49737817293716 21.227995027384583 31.653044319055542 0.0 33.75404934832775 69.2779129303379 62.43701050832786 33.64212738786251 15.551437737697416 20.865260330080282 11.80673097972765 17.909389558796065 29.5986495269484 4.463410218378215 28.33008390674937 56.99830283422167 42.679164275323984 10.943063739400987 22.595328030998022 35.639308174754866 55.76705199249817 41.68791943534912 82.56877032723648 21.079601540632723 14.99017587605498 69.7080466117098 65.45004372356168 44.44409583848529 45.40559131304306 67.40087852652404 97.05106782027256 52.18498618124173 20.716316109686566 23.019766236081413 55.00458559024901 88.97162552322017 52.56896156887153 21.65685752507701 23.861964898061725 55.358986562524635 89.18907753226704 66.36546347230717 45.76938439897063 46.69171928128942 68.26576774203721 97.64799913607649 87.44035818086537 72.84589158560726 73.22558984208837 88.38668168453341 112.50413055952775
97.181357713365 127.7459494576097 7.109244552666664 51.380481688686174 44.83537972153724 26.09023175653893 75.25287900739899 77.87462256314646 70.34068990094457 93.9647322967598 71.70915402227945 7.850021412500346 46.798750556110086 64.43785494879997 84.02485278793121 14.226131961573223 65.27684890400101 33.75404934832775 0.0 100.48950156876265 95.99383767957903 66.76424778181385 18.88011663284123 54.26370855840466 43.71566343160546 37.25122581830862 60.30011673782822 31.67087530459442 52.078240486840954 89.1591145198443 76.26431809907889 27.147771248410738 56.27496957669623 69.0855176031112 89.43184146622487 75.4306596422747 115.8534040474272 54.815583919982686 48.27268821655452 101.7787640192443 34.88491936372173 32.90487451317497 57.821636932634576 89.43595692542819 122.67467891442404 19.143887181123933 15.493892139851642 50.08480184100529 84.68629441555103 119.2891610868108 33.617711336016434 31.57086848229569 57.080017691604674 88.96278190333722 122.33341395122218 59.227531250371534 57.902199596858885 74.78116016721823 101.12651506928668 131.3610106449304 86.6002482188079 85.4854443528946 97.52248070689089 118.77803723572428 145.26019705660448
19.620638511479942 32.8031560757989 95.97826718108531 49.888465834953415 59.070138328078315 76.98323523371354 47.612976409425016 33.52919076914253 39.81184164270294 59.55838923899518 40.136426465654054 92.72548839248111 61.05635767808155 49.39832343096225 26.819844389686992 86.2947028430535 40.979764950396124 69.2779129303379 100.48950156876265 0.0 40.028769070961346 36.925924526885225 81.8384047112407 49.25988205615347 57.699863759477935 64.18624361330698 61.756553243919 69.73314529686752 76.4117704613503 53.99250424242902 42.068210661643214 73.36014737316177 51.87258309847414 46.677609548729144 27.230243646092877 36.21358183813612 24.739392052570587 50.78775262010787 54.57259457528865 6.217060863320603 124.46208999721713 91.71667914032558 61.056675571285766 37.93042374426437 39.29818664854403 119.62967462461403 85.1072657416366 50.69603325529149 17.081638336148245 20.207187417217334 121.25428193944585 87.35553059214274 54.352760591046724 25.928796068009245 28.02192659739245 129.0922727809839 97.85271090193909 69.85914276890739 50.796213308884816 51.720589770813824 142.11892344429134 114.34871066241504 91.36852986649097 77.55984957213185 77.95892302885055
20.45148541778108 41.829596859605125 94.08786404718131 48.88357681111414 51.681020017040495 69.91014547143519 21.373956699258105 21.18530705324257 26.86932596289433 20.129692684755423 25.10502030116618 89.39614632920681 49.212207337286685 31.57805893000698 19.87412623238537 83.5540119002802 32.87880641446298 62.43701050832786 95.99383767957903 40.028769070961346 0.0 34.27066658200816 77.94347971511036 43.63249204408619 54.76077358196167 68.19521427771005 38.913301280776494 65.33325458007567 53.43937183383702 16.072615497183573 19.757852653213327 71.4460633582403 39.856916480055254 26.919887168522248 14.903981579803999 22.465835760590565 31.132686044029274 41.90840970223379 49.257987632496246 34.676480169928844 127.38646454686805 100.72098181408185 80.35467563115898 71.85947751013096 79.15458303602473 113.68009019416999 82.89118035567144 56.6881708673978 44.16973754214347 55.52655919454405 105.812348030136 71.83255395928484 38.96700785691176 16.486014523333573 37.68287049851485 105.1031903838963 70.79349311723276 37.035235207914326 11.240576785033204 35.72036430992874 111.68909696926002 80.16461115901933 52.660231895907245 38.91863057769276 51.488292171934546
30.432905754340908 61.01733450632043 63.45939351732287 15.80003423454484 22.770408758274986 41.55982346605743 21.83097952163212 13.123418133865494 9.382240331276183 43.698285708266994 11.31498268101836 59.381307879866796 24.139227823236048 15.809021159074788 17.616835360654864 53.076804193515734 5.212851745361709 33.64212738786251 66.76424778181385 36.925924526885225 34.27066658200816 0.0 47.908767643573114 12.818756029618031 23.099422774074345 34.58964296839955 27.715516456958568 35.10109671720209 40.83663940879201 36.83515911363544 17.814939624803273 40.1431148287498 15.1624415086407 16.001377660627735 23.482903148408244 12.026792403552447 49.09034962181868 13.871291337507689 18.66234839151843 36.46726826618819 95.32086742542556 66.79096046982423 47.23147208505311 48.94288949502628 70.39045269652114 85.5949840357823 52.13093040155588 22.441374103902305 26.161907301032844 57.09749793459783 84.576458097639 50.45693686959019 18.26142874258578 22.713633984213523 55.61646020201647 92.5532581915635 62.815985065630485 41.477889008147855 43.47191614067017 66.73847937152873 107.54164518933007 83.17084853344853 68.29598740893475 69.32576002559094 85.68866533296841
78.33724032149509 108.87057675643037 16.159190104876597 32.505336388738165 26.345499244330373 9.064090151129879 57.70069532902828 59.23845899325289 51.83095151646262 77.69302836320118 53.29060190626434 11.551739108347041 29.180999423378356 46.6023892435428 65.24396268207597 5.70889902187774 46.584123785824495 15.551437737697416 18.88011663284123 81.8384047112407 77.94347971511036 47.908767643573114 0.0 35.50171860528316 24.83924531329857 20.22640987909776 44.315372443296965 12.872630421607985 39.575226415742264 72.37503052386813 58.18913191051577 8.628429316956717 38.086567181481286 51.18564796046173 70.73136382975777 56.87469026904065 96.9907738686223 36.3005742441062 29.511361049077014 82.97354836756216 49.98490385752531 32.896887026644535 45.395518138933845 73.71658081203975 105.84114905786969 37.89922726884029 5.460011521151499 31.908087270770373 66.34225161972677 100.89259970823404 44.501576646254605 23.85076013021959 39.39759649918365 70.2162792895312 103.45687294946737 64.26955969951999 51.9549368450235 60.521534790519986 83.79259177252682 113.02363579576024 88.80758328737781 80.13151724728397 85.73250077529534 103.3140442858266 128.03222338438192
42.992797389382325 73.71119567857582 51.34218514771938 6.420006554404179 9.9582923731014 28.79021425340954 25.882508439585425 23.831243591752568 16.810023418642277 48.315958732624345 18.527473650642754 47.04152035964282 12.374622882983463 15.223688161520679 29.76114495225455 40.84844334050831 11.143312594367536 20.865260330080282 54.26370855840466 49.25988205615347 43.63249204408619 12.818756029618031 35.50171860528316 0.0 11.170612191266503 25.018590235282993 22.480298580219703 22.629705028621608 32.04520372295903 41.86946800302649 24.40635031707559 28.173334415272738 7.545361778141185 18.699774923893013 35.239778996152694 21.640808165200827 61.722552478228764 3.822642091827708 5.992718604012173 49.17850501721916 83.98111640297938 57.570478403464364 44.3926547944647 54.97155047015863 80.42294863645151 72.95744910838305 40.00264829046106 16.507073839375902 36.600604229117025 69.29339145826494 72.00358657946968 38.251915025015414 11.69415754184205 34.71526224787624 68.32567116413632 81.47402724303103 53.88282878049575 39.54143533240358 51.17142491545938 77.89947430031215 98.4032936817518 76.94530524369635 67.47382295927899 74.69684441598699 94.87510390528631
53.530890077769286 84.03139430828665 40.393629420917264 7.8243725788647795 6.315685634057639 19.297792648554406 36.25477720982317 34.93101840050062 27.975529252232523 58.24126571931289 29.665144354909742 36.2843026882462 12.632566258936675 25.09019034463138 40.567399034043795 29.980074623102524 22.265497291257812 11.80673097972765 43.71566343160546 57.699863759477935 54.76077358196167 23.099422774074345 24.83924531329857 11.170612191266503 0.0 14.94142720705761 28.541561658287893 12.157373054896892 33.181827600872126 52.06057577378062 35.361709032029125 17.10928918006082 16.216946514444093 29.15069026191519 46.20954564066782 32.80147274034098 72.15873977366992 13.169028598855437 5.650114814426301 58.4101308041573 72.81563424828327 46.99373662077847 38.85269257213155 56.61694010401549 85.41808848841929 62.651212895663015 29.05361922256977 12.565965387728788 43.20354807070895 77.26604706605207 64.37385385912354 32.57179915310051 19.305421262127282 45.599612178539154 78.6180521390579 77.19170839504551 53.46799782508854 46.41020133512472 61.99838574400607 89.04215816916279 96.79241294415871 78.97926224199414 74.17158225594011 84.61601771834579 105.89175786160524
64.00901223660118 93.47607444355509 32.015019066703125 19.316093912347593 20.70465168050986 20.746039696105967 50.814670588793994 47.48665377545832 41.38248913728272 73.03713048286615 43.239961168024514 29.408232166048396 26.72287198029274 39.811773833762196 52.044093983692534 23.18559352534282 35.31961215434743 17.909389558796065 37.25122581830862 64.18624361330698 68.19521427771005 34.58964296839955 20.22640987909776 25.018590235282993 14.94142720705761 0.0 43.212732962733995 14.115166625885166 45.55186482231916 66.74253596971332 49.363184280118155 12.127891010696734 31.049591614363457 43.64433999874906 58.020447547515865 45.783446987779264 82.04328940709118 27.758003105490346 20.41653862236458 66.19055400354338 61.270312573623286 32.591768121520914 27.662938938671626 53.507903408906735 85.7659370526638 56.23660593453478 21.821053529654414 13.587312537136976 47.83226841317809 82.37773300986271 64.56994531916317 38.387991302937834 34.24664311323544 57.156468604445806 88.06659918654606 82.30528364675415 63.675778226072055 61.072366383667514 76.15672869426895 101.31458384851662 104.77143120436912 90.65821066716471 88.63110232638225 99.43206832711414 119.63570911308766
48.57037482205534 78.01698805785591 59.985930427510375 28.41423772455655 22.509157670491494 35.331978980244024 17.79365375393897 28.618618491351356 21.980201233061553 33.66898210618081 21.65374723771059 54.842688529332726 16.681759287490472 12.473295799881527 35.907219257335385 49.97321873961567 22.54647701823128 29.5986495269484 60.30011673782822 61.756553243919 38.913301280776494 27.715516456958568 44.315372443296965 22.480298580219703 28.541561658287893 43.212732962733995 0.0 33.75297340043067 15.263933554393512 29.06101448220114 21.666139590750543 40.43803300491434 15.02609309200558 15.299664897059161 38.69679158098425 25.764198240465284 66.10021372207991 18.660272919533963 23.82995476911957 59.51235516146093 94.05002624735256 73.68042289800995 66.38501237338997 76.02567254655477 97.7118404917296 76.57366302150683 49.74241432471017 38.46966566270555 53.668874115846464 81.70438421797556 66.89907551734359 33.15140134426117 10.83498109994699 39.123273356655496 73.06652119246574 68.42052357398146 36.097180255460756 17.874370448275442 41.60322266096443 74.41109778035373 80.50564781231216 55.55419989475402 45.674855970169276 58.999401318413234 85.26710848557646
65.51082910417757 96.10642190536386 28.83925873953855 19.956130094790712 13.653586187314005 7.779636518904187 45.50209987421083 46.3779648211928 39.020496649462245 66.30162355789163 40.52289887183867 24.41833501948082 17.467362001064348 34.27396298480659 52.378476581664664 18.30094895669391 33.715339147285945 4.463410218378215 31.67087530459442 69.73314529686752 65.33325458007567 35.10109671720209 12.872630421607985 22.629705028621608 12.157373054896892 14.115166625885166 33.75297340043067 0.0 32.760677069090875 60.64362445883214 45.614430387148325 6.691919065183594 25.544513692238045 38.76961783394084 57.859377570517125 44.0402015684421 84.19116283253365 23.520297302280568 16.638808951912825 70.5544894647432 62.1471546023565 40.07843664671385 41.774642655326986 65.41244438131854 95.9545851757352 50.5227877748314 17.56662214429558 21.435325674381563 54.81982309491101 89.13924873866083 53.327344366251886 24.43698794003915 27.301543795917127 57.34482888040158 90.69912731910517 68.81869607122404 49.71926254757288 51.01771924746694 71.6129929251911 100.24392401862173 90.71419933308047 77.02593713578702 77.66380565353852 92.33136580472733 115.81553521539416
63.819786247739664 93.22051699842264 53.4445283972738 36.429809065331625 27.03875402128813 30.816718907459446 32.815934366479176 43.69440785679189 36.65663035938869 44.68077534601531 36.589078460756355 48.17841703873047 21.000819769427473 27.082805367515036 51.02704402723705 44.692266854920256 35.9828124775413 28.33008390674937 52.078240486840954 76.4117704613503 53.43937183383702 40.83663940879201 39.575226415742264 32.04520372295903 33.181827600872126 45.55186482231916 15.263933554393512 32.760677069090875 0.0 41.57051345149836 36.92483791450812 38.73423859327576 26.032921782497414 30.455261139677603 53.958803759741 40.80511482136719 81.3359315711877 28.710075219684224 30.52556075478437 74.48182631203305 86.87684649408045 71.8375254890453 71.89181045441481 87.01145604356631 111.21291868909728 66.13964050479176 44.90683011493844 45.316829318847915 66.9733300031856 96.49901101441489 52.92995050219702 21.405350285370073 22.575410927122658 54.36874224432965 88.30131304152883 53.188899532785996 22.032161740818488 23.16513613917456 54.61392842146973 88.45105475182578 66.75993258244578 45.80723985479232 46.20104470986611 67.56913885721548 96.90954134204988
35.099669067977665 57.63828112713874 88.37765527046902 48.075047393953945 47.461116512870056 63.639412037112685 16.0002050170544 26.17992477600651 27.5464730914699 6.884042968731905 25.562062468303868 83.34952691367867 43.287226530081675 26.971039937255277 29.25415270225623 78.08373708473387 33.315390987636164 56.99830283422167 89.1591145198443 53.99250424242902 16.072615497183573 36.83515911363544 72.37503052386813 41.86946800302649 52.06057577378062 66.74253596971332 29.06101448220114 60.64362445883214 41.57051345149836 0.0 19.020511132338697 67.22167626148925 35.866728814990566 23.175610564695326 26.862368203142776 25.56837035341593 47.18866404445331 38.990490093327914 46.43123427160447 49.24656840140885 122.35767696430604 99.05261861342997 83.94145175436671 81.70458567891002 93.27291809331246 105.63442045605039 77.67685084781952 57.47655712631828 54.4813286452892 70.90609856282073 94.49277748274406 61.842058178159995 33.38917792308228 28.285616923505888 53.66709351960489 91.0070954854453 56.42507568348498 21.91212430665758 13.089977308261199 47.51218905489946 96.01503584024515 64.12313916400319 37.40993396036417 32.89476639080586 56.2091137384621
27.042463671429697 56.410526071863565 74.33742538570475 30.16112024081043 31.961862544875405 50.174988336438396 5.629756420294224 8.979488888216464 8.588897653617103 25.887939165236638 6.588349263740924 69.63833530033473 29.526467902208562 11.981121672618308 15.274185880886302 63.80730336549683 14.578148872684281 42.679164275323984 76.26431809907889 42.068210661643214 19.757852653213327 17.814939624803273 58.18913191051577 24.40635031707559 35.361709032029125 49.363184280118155 21.666139590750543 45.614430387148325 36.92483791450812 19.020511132338697 0.0 51.80451785474348 20.10405533983179 7.3550801526608005 17.099459131708215 7.177093231661395 44.4519084347657 22.31141638492552 29.769724919255353 38.92898628117665 107.72313090684509 81.94847278053496 64.97391583208024 64.20627365546915 80.11279364518934 94.08808098789204 63.15958763350419 38.993989049351846 38.03629845805798 61.382570533333634 87.667076618774 53.22412585343567 19.36368735249069 17.662128070273756 51.41792210037386 90.01770800946578 56.97930132465259 28.016768997365944 26.797079175006335 55.191241164072196 100.52640136926178 72.32295186369645 52.44490859088154 51.62494150982879 70.53089970133887
70.54061743404783 100.88777111451581 23.318307227393433 24.468971429941554 19.93830658270838 9.515849436944077 51.944630764839275 51.999151710744925 44.87038001342854 72.94003524072188 46.46670755582479 19.463324722091983 24.135384131315693 40.68257495826036 57.666635174200174 13.050106336393691 39.314296710931494 10.943063739400987 27.147771248410738 73.36014737316177 71.4460633582403 40.1431148287498 8.628429316956717 28.173334415272738 17.10928918006082 12.127891010696734 40.43803300491434 6.691919065183594 38.73423859327576 67.22167626148925 51.80451785474348 0.0 31.851095482929423 45.10886976247202 63.31792070972324 49.79525286427641 89.0949388565814 29.537671735354973 22.289731204917313 74.6462141890271 55.940875416393055 33.513157186207685 38.88080349162898 65.53729525224311 97.33135296773861 46.27591202966419 12.011549239878345 23.279793832641637 57.74490879221467 92.31389054053086 52.4980374082712 27.44486439084241 33.841387336997535 62.70646440404827 95.46624599610423 70.52019702619457 54.31322737952451 57.63292762754487 78.02551649323914 106.06228028012349 93.7683122176004 82.0625975065514 84.0878615256033 99.0050100499393 122.17995164165866
42.71922181753658 73.47660954247984 54.233379545070406 13.792565271646074 11.919972299549633 30.201163350757458 20.188405745070007 22.270254836978513 14.44401050098684 42.02562025909482 15.564498017411635 49.55059047540521 10.036908321081663 8.929228770498757 29.190223278150967 43.70392373099465 10.958695513111813 22.595328030998022 56.27496957669623 51.87258309847414 39.856916480055254 15.1624415086407 38.086567181481286 7.545361778141185 16.216946514444093 31.049591614363457 15.02609309200558 25.544513692238045 26.032921782497414 35.866728814990566 20.10405533983179 31.851095482929423 0.0 13.258112158734853 33.89862760700697 19.56728124377752 61.37364829125407 3.756242652284254 10.634588696876595 50.901117317486154 87.68813352453567 63.1917739744386 51.884423002409825 61.5271315637632 85.28765445233797 74.37014714868036 43.06662101337865 23.945606524361892 41.071808652495854 72.07799961076653 70.46050987733474 35.96803102646862 4.191557652443046 33.70894764118793 68.18996438249079 77.39854726486105 48.0637981757405 32.008695207012664 46.19327592082289 75.08605202821629 92.78154534222121 70.02830776083763 59.95245112689868 68.40623277035661 90.32891422030048
33.426808290839624 63.38188171430935 67.34483735965024 24.90984866237905 25.174025711522873 43.01266336365675 7.182771178648041 13.330124438633629 7.559773589897893 29.69603792528586 6.623194227375076 62.57266271015559 22.293557345367862 4.661204321329215 20.60780518509749 56.83998550986362 11.259661401158867 35.639308174754866 69.0855176031112 46.677609548729144 26.919887168522248 16.001377660627735 51.18564796046173 18.699774923893013 29.15069026191519 43.64433999874906 15.299664897059161 38.76961783394084 30.455261139677603 23.175610564695326 7.3550801526608005 45.10886976247202 13.258112158734853 0.0 23.678474945240254 10.506748654223482 51.34898861091373 15.984816202988311 23.5008508356145 44.240476530096586 100.91559060867668 76.08949683373768 61.563375032953275 64.69365718851444 83.51809344724224 86.79636023282912 56.246010954317704 34.47394483637807 40.10144041052706 66.50286985866934 80.44247264791204 45.94300699306453 12.057460583582856 23.97621317469353 58.302566144073275 83.64309286411302 51.29435034173894 25.707929516824937 32.94736367696976 62.490029417486774 95.44163054541677 68.73598289086338 52.29693155044792 56.03664835649679 77.07169436363102
