0.0 55.29084545425473 57.114444636229074 18.66202446325507 58.51130907570954 51.15632511069448 66.78227553603651 45.67660728138948 70.47486741579718 21.37942990184478 50.12808565802244 70.6254665818587 47.17969907275256 43.700819630774625 49.26678662070329 52.72000815368579 58.80869963682111 78.98942684758605 65.86346257173854 47.141080084103734 10.325678277688292 49.59331672405435 65.02116795941198 24.892437474992864 57.639370311581715 67.32149006587545 74.54846663933819 37.016825112561754 66.58066356496207 75.99579446491973 46.00974678080031 60.90386576428961 28.29782450825303 41.20634517547864 40.910247723221794 44.89716096129086 56.212744385003 67.45375680789813 20.10405533983174 55.79272802432233 87.55391434181652 53.039243783776016 18.85441040421781 17.10760498121493 51.23187924196172 90.44100195087319 57.63962085258 29.324410040270475 28.148893951117035 55.85376899923589 101.38123871356154 73.49572393739044 54.036016437676864 53.22559976600114 71.69966269877047 118.15798734084834 95.13636851999935 80.84108036493257 80.08973063782275 93.21042137296841 138.66804684136144 119.4572637459721 108.19371683959527 107.4074239803635 117.30925346979099
55.29084545425473 0.0 26.784594594616667 62.43161748457819 51.27487964066739 22.059264810180654 64.04506098115294 11.243612550984468 60.72204875084484 54.87008321493099 11.69811350899201 15.635407057497755 9.43818812049779 71.74939104698657 6.238752803793753 5.608093784482636 13.864232511694377 97.03108542598933 61.89629677375892 32.60842591983977 51.77968816148989 25.727591977596727 89.42208870308612 48.0999117845446 46.23913505925815 53.08264345458748 59.52252145711489 31.80320582894742 59.06819025676805 47.37738881624028 11.354481999536594 6.0837949622377225 51.903586840724934 66.14839098390937 61.50969783390486 19.643405830978423 6.665823849309765 86.80095517919744 55.300709206566935 41.97171781684916 121.58485128461132 92.31570169714075 68.23703960353097 56.43749149573783 64.1005413251087 111.19268702920441 78.26474473170386 47.76782577026322 28.86171135057701 42.179021775596674 107.3351159207042 72.73331530634665 38.13525401648054 3.648895731473579 31.099608983484007 110.69762774963982 77.56630384297898 46.625514311452754 26.947839779241978 40.90567129313429 120.67802054612555 91.12912536082109 66.63817680739325 54.5121271159071 62.42830826902233
57.114444636229074 26.784594594616667 0.0 55.72442341370183 26.00554938819397 7.052670678786134 38.32578565371053 32.1088441210175 34.14847557299036 46.43010286591979 36.35807571874287 30.352417891438158 22.235813335108013 55.07864196622629 27.947962306878097 31.29644507261316 40.64256885754806 73.77552275858194 36.11420395869389 12.60263762599699 49.32347374283883 7.523697405615663 68.75939885545259 38.62383957932928 20.6979199469813 26.385361368244517 32.74328276299013 20.652512342529604 32.86994676093525 22.63344577065348 32.72456805448478 30.592499804005765 40.13201154861195 49.455230476535526 44.23993326382126 42.01180779065264 33.42653578362486 64.70443242213265 47.47406514192785 16.630697903895843 102.24398808111049 77.5166703942641 62.91752398751865 65.59858998000011 83.91969218658598 87.93683074389051 57.55768396062124 35.88481109826312 40.71098445961404 66.49722360495585 81.2364398472766 46.79502699875527 13.230406674317015 23.561971181015075 57.70739144436493 83.98402717612238 51.37666153516227 24.912865362754378 31.568740094591554 61.37886299203605 95.36631069524962 68.28046255017456 51.230026485564665 54.604169799924385 75.72001587015367
18.66202446325507 62.43161748457819 55.72442341370183 0.0 48.76318613799978 51.41348113259723 54.19342139863663 55.04877302798643 59.51255747825265 9.420216350949733 60.490434511920164 76.41590243356622 53.20760524272438 25.70152144136937 57.179548549454964 61.41136257634794 69.38133419255327 60.952725047665155 53.77058458650035 43.6477029556454 12.431820983636213 48.60582125135463 46.62104009990236 17.140866568093347 49.5234455053759 58.2377104752898 64.68298677832107 35.41556470662678 55.475782922514085 70.31276240302314 55.56310214923886 68.47408803456065 17.048570162101623 24.256933621352843 25.46033891237956 57.25572530153943 65.16177657997792 49.59131441751374 8.263472410381269 49.002434632702844 69.32560954015462 35.11622453640383 7.423721903299253 35.66409120874697 69.8827338490928 71.97092153643575 40.04359823456003 20.542932834852667 40.439838483353746 72.41267223890537 84.53557595045044 59.59764353629786 48.50054412950644 59.56118366148466 84.48416756666013 103.46631300451196 84.13207235199698 76.45830704404904 83.71546620275886 102.78825464728097 125.92320331387326 110.37330769234335 104.41513771420334 109.62397061917261 124.60717836426846
58.51130907570954 51.27487964066739 26.00554938819397 48.76318613799978 0.0 29.223970354769577 12.818986459228865 53.35663610355668 12.345887418453351 39.99114672354658 58.728964463368534 56.33271533307486 44.26000370797021 36.620628389053984 50.64142479697444 54.8025680859929 64.7318977904716 48.07112229181557 10.743589577551983 19.570063338832977 48.43803287110492 25.60703753083237 44.89409217515604 33.926564934286716 5.323694773200789 9.535361019672228 16.122298857740457 26.908332591175377 8.97855996201751 24.744801241618518 54.058332455463216 55.904521930393585 31.956111601611273 31.957519088885665 27.18321966564277 62.28414296661848 57.61920844009242 39.81620567901628 41.409519167163296 9.436762051264793 78.56756796862442 58.81180316007534 56.03203976581996 72.21597195098663 98.41493567169134 62.15364620515073 34.20887242012239 29.534026997784814 54.48955066785475 86.37594628024061 56.137920340646225 21.567810333630085 13.180635591214326 47.719411523778604 82.31287680155941 63.545845214601684 36.655682142589626 32.31162043342475 56.02927617928359 87.34618454978596 80.7641638529829 61.68956495983367 59.01816450784911 74.53505292079166 100.11290396191626
51.15632511069448 22.059264810180654 7.052670678786134 51.41348113259723 29.223970354769577 0.0 41.98582356279979 25.741348214798332 38.91854470676538 42.36055368063209 30.43193644105474 29.085189605810378 15.952671661195282 53.83481645728452 22.060529760712583 25.876971537056782 35.65182088176783 75.72057635891984 39.83810192900269 11.434253888359814 43.95736680472466 4.018843769513056 69.33832291487185 34.60519429627487 24.184424334674624 31.4954261526873 38.38011286038035 16.02032111638036 37.07277563506791 29.62153890947759 26.391178408329875 26.78351515871809 36.854690484319484 48.13707457325586 43.06203158537594 35.50368587047225 28.479365445525605 65.97416069922909 43.26991550762129 19.9165847462028 102.38921156290345 75.82498347873951 58.39604692170361 58.869017109919554 76.91434689143482 89.9187941735226 58.08015009670182 32.497029401673295 33.66970151353666 60.050640924770946 85.28087361142362 50.67749319271493 16.07618245412817 18.534653542219278 53.13640498935475 89.69900068597809 57.74242621016594 31.895209657272574 33.09472114608867 59.73320927752864 102.0029179034926 75.30735863144778 57.728636621802046 58.21328824859392 76.4184047956879
66.78227553603651 64.04506098115294 38.32578565371053 54.19342139863663 12.818986459228865 41.98582356279979 0.0 66.10842778775869 8.358319837854431 46.49701341936514 71.52440912441543 68.42702296507868 57.072879691401546 36.04430125830228 63.45739250994979 67.6203362341218 77.54246297502239 37.577207976015934 2.2251012308264895 32.30916441679533 56.468641712471964 38.41567928929733 37.71888731357075 41.91744815020843 17.827123342180364 14.395614739110663 14.985611201352489 38.81491479504586 6.252165376448069 31.1096202497038 66.81249218329081 68.57067984072508 38.72735450126444 32.909011497867915 29.445384604816105 74.90894504001592 70.41935320978726 31.32872029778191 47.932703429742055 22.08633237523676 70.57280352784574 56.14141655927005 60.975329210838126 81.72464104974081 109.70249403973135 51.252772555687706 28.631886934817857 37.51750289420656 66.25844034133515 98.83136459731692 43.3227497333074 8.756805804269218 25.910558678099534 60.5052630256849 95.10662992810575 52.255193077304625 30.374187188087358 38.85119165671791 67.01549627422325 99.33567430711503 72.02799247743687 57.943639594415394 62.623390744115945 82.95000178722009 110.60970369817886
45.67660728138948 11.243612550984468 32.1088441210175 55.04877302798643 53.35663610355668 25.741348214798332 66.10842778775869 0.0 64.14143308619482 48.49059203887409 5.985809102275652 26.64550237506577 9.87308190469978 67.87315164161942 5.3972480965343985 7.138931636821761 14.521204623406687 96.22183091674809 64.09089801903826 33.80010594473229 43.54319397822032 28.396882126817527 87.07726919681312 42.6177534447991 48.82220402891354 57.00845787020057 64.06290804219584 29.48677839418499 61.867598052844535 54.36189611053832 0.7113065980788735 15.740804189610719 47.010721918303965 62.50926714918949 58.360303142362326 9.975804353064426 10.536849687351877 85.38347489998594 48.67178013867616 44.66433332743683 118.00220438932246 87.04077083132212 60.18708911334846 45.42785455403474 53.848942495271146 110.1888798610309 76.22046941583754 43.2709958741897 18.167185340125908 34.38840757837975 109.2435342675756 74.86005623991404 40.85044229906245 11.328796348608991 31.349274191145604 115.3352233340362 83.42368847687028 54.8783755591556 38.1914474376885 47.96210441211751 127.45863118494388 99.3777304312934 76.81753695652564 65.73206753193114 71.6606269917741
70.47486741579718 60.72204875084484 34.14847557299036 59.51255747825265 12.345887418453351 38.91854470676538 8.358319837854431 64.14143308619482 0.0 51.18934959993504 69.21508873118947 63.38794024575521 54.65564938360555 43.48137064354048 60.91811651386079 64.79284407079922 74.4894487883404 45.17077116642798 7.076066844635335 30.850040629769477 60.29177567525041 35.79461314021387 46.06162440326215 45.68215943158795 15.55390041226513 7.924972097254683 6.650098368711465 39.05651444666905 4.038296131249064 23.31866214109758 64.82754304272524 64.74094966627129 43.19391170681542 39.83141021732338 35.82737826486934 73.43291929558625 67.2812324750686 39.571200205611696 52.62677034956187 19.532597007230404 78.76238869402832 64.19056089766387 66.57416122665178 84.49015550096202 110.63376702849318 58.49328005690609 36.931184781559686 41.24550443783686 66.58304207996433 97.77648990223322 47.34494420616197 13.957860085919089 23.30136306371231 57.323108160916284 91.78113904260675 51.612217081941104 24.76334666708567 30.94302940340341 60.79937617771655 93.97075376269154 68.47095267894454 51.177074093453975 54.265278870159634 75.26721792968637 103.82867486164835
21.37942990184478 54.87008321493099 46.43010286591979 9.420216350949733 39.99114672354658 42.36055368063209 46.49701341936514 48.49059203887409 51.18934959993504 0.0 54.20385377269619 68.2544650814172 45.48967701299201 23.607211236629777 49.999144078805 54.42073335272707 62.9976350198461 58.36484993860991 45.84649396898617 34.26233174098835 11.532412344922014 39.408859149887604 45.16954175580332 7.808977929312364 40.40548114269355 49.37072777346271 56.04993880726497 26.342066607301295 47.17586810691135 60.98157339384451 49.06463368360219 60.95200837545469 8.037294127331196 20.205312496208418 19.531113513014553 52.01538115589248 58.19218647906831 46.724179798679806 1.4401271894778678 39.70086328090814 71.66879046450092 38.88659795421229 16.8157168478585 38.05545985369744 70.77087377654662 70.53434324420775 36.77400201133487 11.154050559732884 35.93536470942833 69.66448164332604 80.03848436863859 52.63315369973375 39.10451515730629 51.79673437892825 78.93962647452662 97.10576682952342 75.93320186085442 67.05921510867803 74.98527529527148 95.62118323994635 118.51174499991934 101.68068799823405 95.01351397440973 100.55272389713447 116.571049776535
50.12808565802244 11.69811350899201 36.35807571874287 60.490434511920164 58.728964463368534 30.43193644105474 71.52440912441543 5.985809102275652 69.21508873118947 54.20385377269619 0.0 25.25399405531187 14.559702368748386 73.83892539392696 8.414632270009191 6.095761518072671 8.897941688256624 102.12054452360753 69.47254402504137 39.24522662496542 48.75226343978511 33.42626330987625 93.05801326762524 48.49079305686669 54.05641766038013 61.91052307214168 68.79426895915755 35.403794090606766 67.09870687873897 58.07531692406354 5.314120748837676 13.907228739797771 52.932693171924 68.48658840416039 64.34609300147817 8.316984772482217 7.4571333945533675 91.32312193455418 54.33303373633334 49.84838413214226 123.96515829990636 92.86291278066095 65.3795977311861 48.1692242238289 52.54395930498011 116.10991330329293 82.18890833354747 49.227720134729395 22.058270499297247 30.734561270183935 114.75491960521758 80.28121404478905 46.00334921840716 13.505406549778069 25.364087384000108 120.12042808383528 87.71378704889189 57.907932611725315 37.520366560676536 43.09357471126319 131.38537458432057 102.47365565993509 78.32214602995724 64.51854013662044 67.71780041999308
70.6254665818587 15.635407057497755 30.352417891438158 76.41590243356622 56.33271533307486 29.085189605810378 68.42702296507868 26.64550237506577 63.38794024575521 68.2544650814172 25.25399405531187 0.0 23.59351615023123 82.6293218214578 21.872695531891907 19.867342150569907 21.764968585090134 104.08570235231076 66.20302220716043 40.49800524912385 66.44072554907119 33.0856240618946 98.3724613990701 60.98645437457691 51.01303688005531 55.4629931245664 60.57705961647296 43.12156377244647 62.696556855840456 45.08878688766066 26.63339950142559 11.348050591073553 64.2080162698261 76.93247251033922 71.95223791178555 33.55754646616441 17.85022088123167 94.76281115060564 68.85859273147803 46.98275871155889 131.47378888927278 104.2028108232504 82.61868777288042 72.02931713173886 77.1060999957567 118.26121651692458 87.11444878129726 59.891194735331794 44.49493673037721 52.606651200389315 110.730125857118 76.68266640415955 43.52184481691506 17.404589072729785 33.26465933244728 110.05358880176058 75.71153493757258 41.803499663448505 12.557093324901075 31.027093782963835 116.35127333788324 84.52781370185714 56.09909529472468 39.294915950148294 48.331119060214846
47.17969907275256 9.43818812049779 22.235813335108013 53.20760524272438 44.26000370797021 15.952671661195282 57.072879691401546 9.87308190469978 54.65564938360555 45.48967701299201 14.559702368748386 23.59351615023123 0.0 62.455165425120995 6.401759382708446 10.830534954074654 20.85893232996803 88.67155442234417 54.99879441179881 24.895730932753494 42.886710503114394 18.86739479574962 80.51000921841029 38.665390503748405 39.52325498105595 47.37684608156981 54.32964482953963 22.64416267725855 52.557935704974376 44.55101173066928 10.493896107679348 15.511682215271316 42.47431667662082 56.88469244549776 52.33170766297723 19.79952663138653 14.194164787439203 78.1889044253872 45.95224014263099 35.303455704700816 112.39569455880286 82.88899053893869 59.18768623057786 50.30491529956084 62.87123077321764 102.77509078216862 69.42292525001892 38.35635922472581 22.753516513512675 44.26148678734676 100.35842617562581 65.82666599945354 31.453776943141808 6.354847490109518 38.55232761467831 105.64139125992897 73.562456011707 45.360768993558366 33.145087655307535 50.34309635540313 117.59050319776976 89.74594972818089 68.38074674669367 60.764294974790694 71.43846686316097
43.700819630774625 71.74939104698657 55.07864196622629 25.70152144136937 36.620628389053984 53.83481645728452 36.04430125830228 67.87315164161942 43.48137064354048 23.607211236629777 73.83892539392696 82.6293218214578 62.455165425120995 0.0 68.05926876335202 72.70328001256848 82.18974422745896 35.31653737015506 36.558641609754986 42.841781182576035 34.83289066349524 49.982059534706565 21.571865020257984 26.095180078870523 39.99751515780511 45.49644391157828 49.84325024048165 39.996303719710184 39.744836000577365 61.312500995169906 68.52871354447275 77.67536661739081 21.231628265289462 5.700262177348481 10.843158857867929 73.19684073872872 76.37324837511368 23.890923783825478 24.47627962578677 41.76036852172946 50.13048282484737 22.6378446333746 30.111886306097137 60.79330859579001 94.23255291445581 46.98021040709298 14.469092623893523 24.625637893851238 58.295303162859454 92.65589905035702 59.19220127591171 38.65269985422744 43.34943438822446 68.25791865461997 99.16623012465308 80.01700405022314 66.07895438289835 68.73795834217634 86.47633809904913 112.36626990336794 104.42216041745016 93.94882297061078 95.62143637027398 108.88168281932798 130.23696331369348
49.26678662070329 6.238752803793753 27.947962306878097 57.179548549454964 50.64142479697444 22.060529760712583 63.45739250994979 5.3972480965343985 60.91811651386079 49.999144078805 8.414632270009191 21.872695531891907 6.401759382708446 68.05926876335202 0.0 4.654945814249249 14.558541866797382 94.94275771797527 61.376400149706065 31.297490315461953 46.18140878587731 25.173885874661924 86.5263752895754 43.57844731485009 45.868424130073755 53.55472562250215 60.397322155746316 28.595402959628007 58.88998915935427 49.79832761810908 5.715520659231373 11.64834700892831 47.664298677044094 62.554213320992055 58.135440036885605 14.94386147103285 8.329852411110291 84.37477315439028 50.32847207757586 41.63550558426676 118.12018591868193 88.01793429516937 62.74344761661556 50.21084252439551 59.16352104844356 109.02261464312166 75.4964237981186 43.68448261689444 22.62305349847366 38.86020574711943 106.75150855165198 72.20921027311347 37.77974848518268 5.9416008015253245 32.220330875350534 111.72407371127534 79.31308097505064 49.93690116315739 33.04022547610353 45.655799404320305 123.06510638689488 94.49249908766645 71.46626192817558 60.66962207891308 68.18329511311319
52.72000815368579 5.608093784482636 31.29644507261316 61.41136257634794 54.8025680859929 25.876971537056782 67.6203362341218 7.138931636821761 64.79284407079922 54.42073335272707 6.095761518072671 19.867342150569907 10.830534954074654 72.70328001256848 4.654945814249249 0.0 10.034775498627544 99.49545387879343 65.51470388601086 35.614273211953446 50.18815197738395 29.223133651486446 91.169046735923 48.11571560137543 49.931740009481715 57.30442532470422 63.97758048908252 33.23857207640969 62.90568013145151 52.52428027591539 6.958841489117904 8.696251518268916 52.25478598559004 67.2041288094199 62.79038174323393 14.183324274848339 3.7714534286184938 88.97338027368639 54.7093385456695 45.6768321802579 122.77129187783497 92.57662292322183 66.80474182589379 52.44156144858788 58.58466201138222 113.59118429290604 80.12834996074731 48.30104156289097 25.303588587715304 36.63871457480209 110.93996912978817 76.35932413621391 41.81710424076808 7.8388917685681445 27.732299467789236 115.26917655572262 82.46845941683956 52.05714200495572 31.838353757833318 41.379354849458416 125.86031903626726 96.59916085480566 72.22715975072005 59.134711414405324 64.58987803228959
58.80869963682111 13.864232511694377 40.64256885754806 69.38133419255327 64.7318977904716 35.65182088176783 77.54246297502239 14.521204623406687 74.4894487883404 62.9976350198461 8.897941688256624 21.764968585090134 20.85893232996803 82.18974422745896 14.558541866797382 10.034775498627544 0.0 109.49919463433118 75.42172206212915 45.62949476864571 57.646156363938076 39.126787598909694 100.9919306167729 57.11751311741737 59.80161727801228 66.89842667759464 73.38398714954607 43.084449339263195 72.72458052040022 60.964856857733174 13.933992347554279 11.855155179530945 61.45821433570153 76.75937017588801 72.46579415661012 14.836606725619243 7.219670449533493 98.92490374435604 63.157421015347616 55.537698730876286 132.31229903177828 101.55701364165067 74.26916402984244 55.7923793661046 55.71776763329439 123.58115619266565 90.00076457145278 57.643861501640075 30.664859410051402 30.86574355492787 120.86481604986625 86.26846084517106 51.682155928939 17.16675488779517 17.697571368414486 124.55756653512928 91.32466289703679 59.67108010905407 34.2916699264048 34.43888105827107 134.13090990963434 103.89382104957596 77.40504537731526 59.86606709135875 59.75902334526014
78.98942684758605 97.03108542598933 73.77552275858194 60.952725047665155 48.07112229181557 75.72057635891984 37.577207976015934 96.22183091674809 45.17077116642798 58.36484993860991 102.12054452360753 104.08570235231076 88.67155442234417 35.31653737015506 94.94275771797527 99.49545387879343 109.49919463433118 0.0 39.66170633641577 64.52773116265672 69.83591760037858 71.75588050436336 15.253175510543766 58.900645485748534 53.36051228006959 51.97277417267857 51.10166402308991 66.73701385753631 43.829282917359144 68.47701734245686 96.92630861275886 102.31383013421956 53.97527137372561 38.18551425205726 40.153070431188546 103.36971363156228 102.80382984742441 11.660656595394142 59.39901938104458 57.198637559672036 35.64582995632892 39.090047026910746 64.65501847747146 96.0590657147216 129.10944911389345 14.198966470924919 21.652223300804202 55.95427510777414 90.48644669638196 125.05825511556554 27.370991443264575 31.80186865408939 60.56723372011219 93.38235392267377 127.14944561513438 53.97476850341626 56.174914877484134 76.11023159098038 104.04188823558354 135.09797379389616 81.8156525484294 83.07516542945274 97.48790698281422 120.42021295832578 147.96246195559812
65.86346257173854 61.89629677375892 36.11420395869389 53.77058458650035 10.743589577551983 39.83810192900269 2.2251012308264895 64.09089801903826 7.076066844635335 45.84649396898617 69.47254402504137 66.20302220716043 54.99879441179881 36.558641609754986 61.376400149706065 65.51470388601086 75.42172206212915 39.66170633641577 0.0 30.294006183892932 55.57217357936798 36.2983163949662 39.33850826860935 40.97193750545896 15.661378815094956 12.347965568260303 13.69895279000534 37.066563314796404 4.244827427119398 29.205103487971957 64.79344100806986 66.38994755127392 37.98338412881649 33.128036941221254 29.392558493903415 72.95856802473703 68.28828845995722 33.12037444160895 47.28583149279586 19.926501271496694 72.38225514642471 57.115738904155876 60.66314493673514 80.57679212385585 108.16660508181793 53.39443381268676 29.931606331150984 36.546897351866455 64.57777874443966 96.95226898680956 45.447856671877986 10.846747141722599 23.76237752196151 58.36526074547072 92.96887195576994 53.692289848850436 30.45496258459621 36.972774256324186 64.81748112727001 97.11057726123578 72.82157575460302 57.666395757787726 61.17708735488621 80.96079512779912 108.45024753058462
47.141080084103734 32.60842591983977 12.60263762599699 43.6477029556454 19.570063338832977 11.434253888359814 32.30916441679533 33.80010594473229 30.850040629769477 34.26233174098835 39.24522662496542 40.49800524912385 24.895730932753494 42.841781182576035 31.297490315461953 35.614273211953446 45.62949476864571 64.52773116265672 30.294006183892932 0.0 38.434750916168035 7.418172296157228 57.9040885372808 26.510447493520783 15.30246793955846 24.47138176158286 31.99569601838863 10.298430892832288 28.233732883845875 28.959415044239844 34.503742364692634 37.78676968274836 27.63956642589847 37.170309366610205 32.00822965090241 42.74644665384392 38.65647620708308 54.60786261095119 35.38649177774688 11.441747094680068 90.99574194669255 65.12181516136076 50.953711756166335 57.84906955780359 80.5701751919306 78.71510887625192 46.645896468872515 23.461783634245773 36.33063813515882 66.96431576094487 75.51041589106437 41.06256722007507 8.080829982533523 28.97100391012858 63.31028502353534 82.44705538042923 52.64753752054629 33.77635597699834 43.64348736724262 71.15826379475227 97.3811471120906 73.70660572265575 61.45747012746126 67.20237001775325 87.46472106641603
10.325678277688292 51.77968816148989 49.32347374283883 12.431820983636213 48.43803287110492 43.95736680472466 56.468641712471964 43.54319397822032 60.29177567525041 11.532412344922014 48.75226343978511 66.44072554907119 42.886710503114394 34.83289066349524 46.18140878587731 50.18815197738395 57.646156363938076 69.83591760037858 55.57217357936798 38.434750916168035 0.0 41.84717438262621 56.387405967042326 14.625535759552056 47.84219480357121 57.40233076725951 64.52768665043564 28.73152312825312 56.37132490206602 66.92475150825216 44.00886031332406 57.71370625521404 17.996935073459944 31.718750799152236 30.931924674027396 45.05132890147529 53.885948302100026 58.21051107484806 10.437397589291933 46.270316997027116 81.27189297260435 47.36725400074919 16.644648161527996 26.557169840889195 59.40011468144752 81.81210800278274 48.27988971202003 19.066310242304993 28.12383904988051 60.110116956534625 91.48279102503831 63.177768686508 44.817154124562094 49.19899996249871 72.30023054258842 107.85483220640968 85.00005635229162 72.19493725851599 74.79280038785274 91.49082823871298 128.3889623129331 109.68819240856492 99.86958872243503 101.54324813052762 114.20503062976492
49.59331672405435 25.727591977596727 7.523697405615663 48.60582125135463 25.60703753083237 4.018843769513056 38.41567928929733 28.396882126817527 35.79461314021387 39.408859149887604 33.42626330987625 33.0856240618946 18.86739479574962 49.982059534706565 25.173885874661924 29.223133651486446 39.126787598909694 71.75588050436336 36.2983163949662 7.418172296157228 41.84717438262621 0.0 65.32160212305942 31.607346603457323 20.713164129363875 28.616189427777925 35.755979597824826 13.282564495190908 33.718226159676185 28.760139772354485 29.074504098917185 30.64726406880258 33.52909865803168 44.28988992889913 39.18300367070698 37.908133296242745 32.01482762528012 61.96559942160272 40.3908775296835 16.467315761178465 98.39541605457609 72.08043211543018 55.71639013218611 58.37670946523486 78.14192811579316 85.95245006590903 54.063206576242855 29.20064574022586 34.312765724043 62.42511389835466 81.73817228068091 47.14476154835147 12.60883203715048 22.140260148829153 56.71202662399816 86.95753986401664 55.63293618946777 31.98860529320002 36.69271832635556 63.751687959823535 100.14603382635285 74.43094369089448 58.698318729356686 61.203021341170775 80.25532367033561
65.02116795941198 89.42208870308612 68.75939885545259 46.62104009990236 44.89409217515604 69.33832291487185 37.71888731357075 87.07726919681312 46.06162440326215 45.16954175580332 93.05801326762524 98.3724613990701 80.51000921841029 21.571865020257984 86.5263752895754 91.169046735923 100.9919306167729 15.253175510543766 39.33850826860935 57.9040885372808 56.387405967042326 65.32160212305942 0.0 46.98423673421258 49.7578222045784 51.26507943977387 52.63153671739451 57.931071373110896 43.516109196033476 68.29262059568534 87.76250733792438 95.07223722329773 42.00965219114368 25.61482524948739 28.897083870662144 93.30188305050592 94.68782627658712 7.605093202394948 46.047891452851715 52.93735573610202 33.69677115488998 24.7075301095453 49.802569897372265 82.12779163525302 115.77778981821388 25.441962705335904 11.258804580726197 44.73345168004207 79.18495136172835 113.7289987180379 42.08085393686869 35.21307612844802 55.71314967408098 85.80665018620344 118.39104374146741 67.12617113280896 62.84901460479752 76.08451118417848 100.1123641994224 129.0383528413579 94.08778640535546 90.86649365760128 100.2777208624514 119.3700818590219 144.35201795597732
24.892437474992864 48.0999117845446 38.62383957932928 17.140866568093347 33.926564934286716 34.60519429627487 41.91744815020843 42.6177534447991 45.68215943158795 7.808977929312364 48.49079305686669 60.98645437457691 38.665390503748405 26.095180078870523 43.57844731485009 48.11571560137543 57.11751311741737 58.900645485748534 40.97193750545896 26.510447493520783 14.625535759552056 31.607346603457323 46.98423673421258 0.0 33.695666943460495 43.04617102298964 50.04442561661454 18.60396948709281 41.75147647548984 53.71679144139756 43.235526804311085 54.17705389284595 4.9791461865507 21.376083243052207 18.75811069702001 47.23315253091402 51.872860621643866 47.28714737741897 8.877599002100386 32.57852837161129 75.84648966266595 44.47323814885451 24.45180203069646 40.15912259522099 70.86933347039061 71.85882254788976 37.34005036655059 4.441002332335431 32.249337962050504 66.74706924800701 78.52492999077907 48.86251837162297 31.682196739860963 44.886660560375084 73.62538841608391 93.59516786942832 70.41030448461494 59.58146763155762 67.35782339131138 88.98868600891397 113.77703881715432 95.41660136942734 87.51082860636319 92.77212126271323 109.31556108862368
57.639370311581715 46.23913505925815 20.6979199469813 49.5234455053759 5.323694773200789 24.184424334674624 17.827123342180364 48.82220402891354 15.55390041226513 40.40548114269355 54.05641766038013 51.01303688005531 39.52325498105595 39.99751515780511 45.868424130073755 49.931740009481715 59.80161727801228 53.36051228006959 15.661378815094956 15.30246793955846 47.84219480357121 20.713164129363875 49.7578222045784 33.695666943460495 0.0 9.889468577151144 17.44404125686894 23.828026617346996 13.048150415789015 21.622960881752423 49.51656136196624 50.748340508613225 32.48567643293526 34.97822225865813 29.940975142488433 57.97478775384817 52.65143935792874 44.918056903155104 41.779586629747634 4.267839588471826 83.45447763213366 62.48283133331754 56.90650641534008 70.47970360448889 95.34788227168373 67.45900660284977 38.88878046419605 29.475337298879005 51.18683776728652 82.25708359111016 61.096741042035326 26.49418042020193 8.119472884274323 42.717262287023445 77.32048608407725 67.16382303535964 38.37920901887749 28.806034136894542 50.80798045744724 82.02410323228234 82.97695590851166 61.8494894463556 56.21687381595758 69.92930632314456 94.94562805798884
67.32149006587545 53.08264345458748 26.385361368244517 58.2377104752898 9.535361019672228 31.4954261526873 14.395614739110663 57.00845787020057 7.924972097254683 49.37072777346271 61.91052307214168 55.4629931245664 47.37684608156981 45.49644391157828 53.55472562250215 57.30442532470422 66.89842667759464 51.97277417267857 12.347965568260303 24.47138176158286 57.40233076725951 28.616189427777925 51.26507943977387 43.04617102298964 9.889468577151144 0.0 7.597151692695916 33.594775896981716 8.143883436732185 17.02818104963026 57.682854397636184 56.95921503320802 41.35060641035295 41.11074361266977 36.49900863508712 66.48849433668052 59.680590468922176 45.32505130965673 50.77839979751657 13.061157306143217 84.56678603115473 67.27207306182844 65.53087913020543 80.36065092100543 104.95783011727804 65.6027644715617 41.277808928598795 38.71461346271826 60.73396136617417 90.95732962426925 55.26897916182606 21.593094666974963 16.51413356772651 49.739568435803946 84.08439759748819 58.347447566670944 28.509916688874032 24.820404371260256 53.04843077980691 86.06431289782421 73.16417487544412 52.37841641806862 50.287266520922934 68.6216328015199 96.35277083759608
74.54846663933819 59.52252145711489 32.74328276299013 64.68298677832107 16.122298857740457 38.38011286038035 14.985611201352489 64.06290804219584 6.650098368711465 56.04993880726497 68.79426895915755 60.57705961647296 54.32964482953963 49.84325024048165 60.397322155746316 63.97758048908252 73.38398714954607 51.10166402308991 13.69895279000534 31.99569601838863 64.52768665043564 35.755979597824826 52.63153671739451 50.04442561661454 17.44404125686894 7.597151692695916 0.0 41.191718664422424 10.100630710826401 17.951728093345046 64.7260271713012 63.041730263209445 48.013024906909195 45.978241921268854 41.75228485511092 73.66207254580264 66.16927285183664 46.03082322844492 57.47493558990668 20.628666114512644 85.13565522918402 70.77851210610923 71.87402939495198 87.8459718353261 112.52872420972881 64.1013803333278 43.581169100938894 45.65600627226867 68.29674067013639 98.17963094070652 50.705797544497294 19.37847754033581 23.97548748531426 56.29363844830556 90.32150674378464 51.32679948805673 20.93576470809362 25.23929542209223 56.83825924631459 90.65871875357648 65.56729878273241 45.6908881970641 47.65565483939778 69.63679480995035 99.1076310028385
37.016825112561754 31.80320582894742 20.652512342529604 35.41556470662678 26.908332591175377 16.02032111638036 38.81491479504586 29.48677839418499 39.05651444666905 26.342066607301295 35.403794090606766 43.12156377244647 22.64416267725855 39.996303719710184 28.595402959628007 33.23857207640969 43.084449339263195 66.73701385753631 37.066563314796404 10.298430892832288 28.73152312825312 13.282564495190908 57.931071373110896 18.60396948709281 23.828026617346996 33.594775896981716 41.191718664422424 0.0 35.88683367074441 39.24639492877217 30.190409574740027 37.68818482608394 21.194388673039104 34.366735791459256 29.711070795547148 37.034878218211695 36.77920505847296 55.92895414799361 27.25214165747406 20.685017675189737 89.78732998428752 61.11547314150834 42.46479310983334 47.605014609724506 71.58238151634916 80.70676262378684 46.91632711280839 16.839030111995367 27.58287674169458 60.273777154284545 80.95362034088714 47.335844992557995 17.964576158923986 28.277552450791 60.59178285256238 90.4515543382317 62.07833923860523 43.826653800624484 48.81239417493107 72.38330558663863 106.75895051825107 83.90567998907618 71.25734844859214 74.22811622375951 91.30593477220309
66.58066356496207 59.06819025676805 32.86994676093525 55.475782922514085 8.97855996201751 37.07277563506791 6.252165376448069 61.867598052844535 4.038296131249064 47.17586810691135 67.09870687873897 62.696556855840456 52.557935704974376 39.744836000577365 58.88998915935427 62.90568013145151 72.72458052040022 43.829282917359144 4.244827427119398 28.233732883845875 56.37132490206602 33.718226159676185 43.516109196033476 41.75147647548984 13.048150415789015 8.143883436732185 10.100630710826401 35.88683367074441 0.0 24.960792289426756 62.56264645915286 63.355533799193054 39.18974032257245 35.950543458605786 31.859410047284427 70.97207962840513 65.54728976585741 37.356971365745316 48.61402726685889 17.255379305486375 76.61894141886654 60.771856761493375 62.536075083248015 80.76563948694339 107.37877852361247 57.486549206397406 33.92653694761543 37.31155333860486 63.4675480025783 95.17847876241609 48.37847077483828 13.986895052383398 21.1102886288203 55.59235192783805 90.16778334766737 54.569556204245266 28.76009753099533 32.730594791034434 60.91208698153167 93.50997125910645 72.22705225003949 55.18608254353735 57.175683200796726 76.72947416432481 104.40576647496533
75.99579446491973 47.37738881624028 22.63344577065348 70.31276240302314 24.744801241618518 29.62153890947759 31.1096202497038 54.36189611053832 23.31866214109758 60.98157339384451 58.07531692406354 45.08878688766066 44.55101173066928 61.312500995169906 49.79832761810908 52.52428027591539 60.964856857733174 68.47701734245686 29.205103487971957 28.959415044239844 66.92475150825216 28.760139772354485 68.29262059568534 53.71679144139756 21.622960881752423 17.02818104963026 17.951728093345046 39.24639492877217 24.960792289426756 0.0 54.93871941901657 49.6621211706138 53.32243831529493 56.475179011308875 51.51037596172293 64.33114038609925 53.95910234614025 62.304710704961465 62.28558637418871 21.328016381181875 101.56205681557509 83.55539465635441 77.73604318045544 86.59686302188115 106.53580056538817 81.78635796128086 58.21475959506071 49.83687428892135 63.03392548097097 88.64334945133487 68.2463379853728 37.09673497198649 22.12731402685336 44.69802557024195 76.81831901929228 64.96637843746461 30.71234034621025 7.792239779525488 39.661615965657305 74.02852281524221 73.33645985361866 45.71896055484312 34.59828923314469 51.948928141016346 81.21066374124204
46.00974678080031 11.354481999536594 32.72456805448478 55.56310214923886 54.058332455463216 26.391178408329875 66.81249218329081 0.7113065980788735 64.82754304272524 49.06463368360219 5.314120748837676 26.63339950142559 10.493896107679348 68.52871354447275 5.715520659231373 6.958841489117904 13.933992347554279 96.92630861275886 64.79344100806986 34.503742364692634 44.00886031332406 29.074504098917185 87.76250733792438 43.235526804311085 49.51656136196624 57.682854397636184 64.7260271713012 30.190409574740027 62.56264645915286 54.93871941901657 0.0 15.62639754795145 47.645872205267494 63.172720815456934 59.03639734949629 9.427835191234387 10.21914273210247 86.08252843832528 49.233289576160864 45.35541260016436 118.65635620376396 87.64520435705825 60.653501172800944 45.506339583837935 53.45672138119431 110.8907016770903 76.91222934482163 43.92132446225299 18.371795716741847 33.775900119789455 109.9515744479221 75.56453682346844 41.53916348127795 11.655786365340235 30.676782500573562 116.00493859953474 84.05485279431781 55.39058616241315 38.28631677264257 47.522555997306625 128.06272068044072 99.90530617990196 77.18063258954196 65.782976243764 71.36329556537774
60.90386576428961 6.0837949622377225 30.592499804005765 68.47408803456065 55.904521930393585 26.78351515871809 68.57067984072508 15.740804189610719 64.74094966627129 60.95200837545469 13.907228739797771 11.348050591073553 15.511682215271316 77.67536661739081 11.64834700892831 8.696251518268916 11.855155179530945 102.31383013421956 66.38994755127392 37.78676968274836 57.71370625521404 30.64726406880258 95.07223722329773 54.17705389284595 50.748340508613225 56.95921503320802 63.041730263209445 37.68818482608394 63.355533799193054 49.6621211706138 15.62639754795145 0.0 57.95205095046027 72.05453819389894 67.35973646568343 22.215930758780424 6.545954901888154 92.25757364788166 61.37735503245353 46.5027347928828 127.41671460186629 98.35750428628832 74.21698193727076 61.13022524288332 66.03355769449196 116.49879165934406 83.87871376951496 53.797229248916786 33.87444778376494 42.375082741851294 111.72794455273021 77.18041930646949 42.72416785578127 9.4204977543836 27.331134283923546 113.87966032766109 80.2358787474782 47.97770357927768 23.680549905500758 34.849984903955466 122.58984841486553 92.07903282097381 65.75432253366291 50.63120457026769 56.55273750424276
28.29782450825303 51.903586840724934 40.13201154861195 17.048570162101623 31.956111601611273 36.854690484319484 38.72735450126444 47.010721918303965 43.19391170681542 8.037294127331196 52.932693171924 64.2080162698261 42.47431667662082 21.231628265289462 47.664298677044094 52.25478598559004 61.45821433570153 53.97527137372561 37.98338412881649 27.63956642589847 17.996935073459944 33.52909865803168 42.00965219114368 4.9791461865507 32.48567643293526 41.35060641035295 48.013024906909195 21.194388673039104 39.18974032257245 53.32243831529493 47.645872205267494 57.95205095046027 0.0 16.408198792025676 13.874564128160396 51.98382746401159 55.98896407509616 42.348615371691864 9.462591854850489 31.996573132796517 71.159217565656 40.41536727128515 24.45429085458924 44.24325409889397 75.57619656804785 66.88677199142883 32.388647241530236 4.366099984106495 37.20155029351465 71.71960691221027 74.0112594057216 45.20654597107573 31.692772718550724 48.58051719451474 78.16991891554605 89.8613134004341 67.94973798181023 59.6159603447262 69.89809121045134 92.80198366415581 110.75133970498221 93.64551375068905 87.56602589012377 94.6617091635438 112.46587535083684
41.20634517547864 66.14839098390937 49.455230476535526 24.256933621352843 31.957519088885665 48.13707457325586 32.909011497867915 62.50926714918949 39.83141021732338 20.205312496208418 68.48658840416039 76.93247251033922 56.88469244549776 5.700262177348481 62.554213320992055 67.2041288094199 76.75937017588801 38.18551425205726 33.128036941221254 37.170309366610205 31.718750799152236 44.28988992889913 25.61482524948739 21.376083243052207 34.97822225865813 41.11074361266977 45.978241921268854 34.366735791459256 35.950543458605786 56.475179011308875 63.172720815456934 72.05453819389894 16.408198792025676 0.0 5.243356342342156 68.11058030335779 70.85556464946484 26.53276151256406 21.293487185366562 36.48948123528526 55.56902791732853 28.115168568685156 29.79685188234134 58.13850616437009 90.92394213937781 50.66775565667017 16.56945545169633 19.409435505925913 53.60745714322206 88.12290665919598 60.391997346718085 36.668862530454525 37.90581223970875 62.64127002488503 93.83943629992594 79.54728716229283 63.25011732666318 63.782166514493795 80.81171428183679 106.71308513820861 102.9990349177473 90.787171126395 90.94238621942308 103.40900688234066 124.54326845207086
