0.0 40.10461116727584 65.35741086802476 32.516688813168024 59.2468577785741 49.42818526400577 46.643979436895854 37.713155528891505 40.80871694411289 52.36871104310798 36.98124383571157 17.80339040060007 37.544054700828674 33.48753791281482 30.684727537661058 20.786951729639416 19.728578075118797 7.824372578866194 33.0700640475191 20.8684038230935 29.389598825561023 53.214855635432215 71.91304144666792 30.666655714127806 4.737636476055883 56.05453457155222 40.62784026449441 33.335041477567124 46.15310138043863 27.09522309541793 30.227904385360265 15.171431531408407 39.36747527551033 17.36360403241139 11.283552949839537 19.348254205997318 48.90420708822015 19.368503367005097 26.34828859328059 60.82827806767627 104.35752933734945 83.78659820186627 74.46233833607587 80.39795586756395 98.88259942414373 86.316273146417 60.098229895109796 46.560793497345884 55.846483991574516 80.40251293015928 74.84347948975315 42.18800829399143 18.787159334549916 36.344660658361114 68.4379942084715 73.10090191721774 39.04345674076678 9.9946901140263 32.714657414640264 66.599222608804 81.71352436390556 53.3432497668835 37.533071714649076 48.64964125555591 75.62850429107218
40.10461116727584 0.0 88.9678571480002 7.601628085170092 90.47662544486784 35.57479851659485 68.38821943638848 66.22186865070611 2.478845905734067 32.509427093304026 39.14108530100402 39.058164781145294 3.7830359453501465 43.430431038117554 16.36005175580843 48.35124088166693 26.404412705046113 35.015053225795256 17.888619945449765 41.23515723597001 36.987943100090106 14.219725296715554 91.96957255245869 10.650851137957197 35.37790325535544 22.342018118339325 66.39994563503312 62.15031632659066 7.081262965713315 30.29184238228665 32.06415613022638 29.440245847428425 12.720236374140859 38.09296350375059 33.73491811587585 45.25258900676618 32.94929342772923 32.21205702912593 29.701958572393238 80.46469613602466 64.27716008757852 47.56074356794949 52.79495365607526 75.54734751886473 104.98718057113717 47.761052925409444 20.701965712004462 31.15882445806712 62.514166780906464 96.12500977505974 45.10086484411738 13.557592082515402 26.988537336531763 60.562418570807964 94.87931539468036 58.22780171299333 39.08643094529596 45.385542440542565 70.61708028460468 101.53089568760532 79.68818916192842 66.78560369349475 70.46413904880774 88.683942092332 114.71380447746212
65.35741086802476 88.9678571480002 0.0 83.24381758520724 19.74723503593852 65.12429451013894 20.6371208581751 94.33233425502675 91.06643098378008 71.9986128356538 51.58975361547307 52.75108083990706 88.91550669762987 45.79238081927815 72.61979700584749 45.295439842678206 64.26095395805254 72.66541663775786 92.87113054834285 49.64005157848498 52.01777330415818 102.70152385473399 9.655720144158705 78.95748291924302 67.60453635606139 88.91570549706086 24.807304946788204 91.04741562186075 90.88427058398257 91.49742889211815 57.12043054933727 63.37789319381777 78.87411341381596 82.69375346544592 61.289094317868305 47.70877738950408 67.55814404889277 84.23799379483815 90.63509663459244 10.898976831312869 141.8205760102333 109.9442040399615 80.35663220133796 56.757878684154726 48.79070982686265 134.65383096498985 100.62077488753636 67.1734485357863 35.98402064382703 21.73184299042609 133.09867523571563 98.5493548699897 64.05893337060745 29.83240096630079 8.44102800725692 137.3459470988197 104.1636059797587 72.32590302920339 44.79785151738647 34.314582412970566 146.892966705223 116.3560016057145 88.85198301679421 68.15725200318475 61.57050800397553
32.516688813168024 7.601628085170092 83.24381758520724 0.0 83.7688910720708 34.82701287238115 62.607428569218804 60.0466828667241 8.690136415022282 33.20494095495148 35.03905687555268 32.188845344484086 5.828290629585356 38.323634174877455 11.795425215755106 41.39698581065422 19.571317482229315 27.631626553049106 15.223369443561964 34.60537090681661 31.696742913964403 21.41205705962654 86.79367154108743 4.449485559408776 27.795239658021895 27.161951109656084 60.07517293877146 55.85728636119014 13.926306134551389 25.554972905394244 27.207903807211697 22.183687688764326 12.948832096740206 31.628102159413782 26.327824350195403 38.321723728730454 32.54703745353084 26.042770971090484 24.81996041719167 75.19501155926945 71.8459098692219 53.795150937358336 54.96184103370415 74.44791388073986 102.26916444958162 55.021412256367945 27.91113983571568 30.422874232289328 58.880509980332775 91.66854020671461 49.93816253389653 15.823820808719683 20.04546125075173 54.29642449156268 88.82137632582359 59.67627678856483 36.16674231387113 38.0741612597828 63.135437983986805 94.43176674430711 78.92787035307931 62.86406793776443 63.78835976820371 81.1221309575268 107.1794145505364
59.2468577785741 90.47662544486784 19.74723503593852 83.7688910720708 0.0 73.6697620212125 27.110679202752223 81.80656314993821 92.24070589440328 80.32951720710292 57.71637562888256 51.59059549545475 89.59715183292332 50.583471501371456 74.75708525167764 42.51620195597177 64.20351629154581 67.04730454156383 90.50992815089587 49.24264512840856 55.467303732995184 104.67252287136817 29.230168647759758 79.89555439982969 62.62269254686412 95.15900307639026 24.977505635318806 79.11162167441178 93.8096355159114 86.34041586867559 60.77779716206407 61.97356823502818 82.42109207311181 75.71595847213635 58.656341952815836 45.53007674455317 75.6203386100792 78.5992170855167 85.58373674337669 27.435814784080772 148.73408492855611 119.05036865817148 92.83811379480305 73.8891285003325 68.52046477646591 137.9039068441116 105.3433257144101 74.64426817167964 49.40788418449659 41.295677978316725 132.20709082335628 97.83968233499623 63.72866676142172 30.739769802161064 14.945731177283617 132.3087241602298 97.9757096493654 63.93536826981764 31.16205052023066 15.788157330833677 138.1960088152193 105.72191571522802 75.17266983805578 50.1951923850253 42.22563921976615
49.42818526400577 35.57479851659485 65.12429451013894 34.82701287238115 73.6697620212125 0.0 46.97075690637921 86.08338461870987 38.040400333841596 6.874370941423687 16.974324436975206 34.81002706115815 37.956829633277636 24.450048744113932 24.499969069074528 41.16047402969897 30.256709158151903 50.095472004975775 49.971175051232066 33.83181287595511 22.898688794581705 45.275469119507235 65.03299266513278 31.169297876675945 46.45854407403556 24.90364503848237 49.15281544198759 81.63265687386567 33.185474862065426 58.15606991885803 19.71015219305746 34.48820984656098 22.897850871144456 59.16396808132604 38.1691247648285 38.912685957719276 2.9132608089408025 55.495149087139495 57.266136003032614 54.76152681467136 76.72407750451475 45.41197540445126 25.15458494581182 39.97625507818148 70.4151332375192 72.5400395333277 37.99285842241482 4.439761857503013 31.47729210456959 66.00592844403614 78.92210105772003 49.00223488929253 31.121947346001786 43.94050276244637 72.71723009847632 93.73607049182037 70.25295571709911 58.98551452939024 66.46721239942548 88.04133112305068 113.73288771496351 95.11092603365772 86.9005926724232 91.93499887247567 108.383953066201
46.643979436895854 68.38821943638848 20.6371208581751 62.607428569218804 27.110679202752223 46.97075690637921 0.0 79.2252173922214 70.46369642122092 53.74619154641149 31.900343538144902 32.48467903347355 68.28543341555206 25.51540420490985 52.05988347929485 25.92824407419393 43.67462833406278 53.49274180625511 72.44711684216782 29.26160421943972 31.518897995764913 82.20383505160035 25.46388348639134 58.32714104245064 48.27773135443248 69.60725281617543 7.955845061566185 75.49559132056244 70.51262481342778 71.82429252257856 36.70599269391547 42.993191753524194 58.58357675403626 63.950865619352285 41.246293860772916 27.94097914077621 49.10071781904642 64.84802017867482 70.93386526917361 14.184311209340729 123.00693580535814 92.37032991596264 65.79252108682667 50.19800996796177 55.72998269324032 114.4671822129437 80.76483088453264 48.353129093696865 23.408061863175252 33.95135798590762 112.46648306814504 77.93014442192462 43.50124997704761 10.318131302520277 26.747386071635113 117.33990939190977 84.75111943215434 54.696275283157654 34.57521065091641 42.35611207967641 128.3062941289584 99.2563778756653 75.0728510615374 61.76421592387306 66.24563953094324
37.713155528891505 66.22186865070611 94.33233425502675 60.0466828667241 81.80656314993821 86.08338461870987 79.2252173922214 0.0 65.59033281025272 87.99686812239061 74.67626707131126 55.319532095916585 62.571246082155 71.01462542311799 64.0278029126295 55.75422507828698 55.83237994739029 36.01367398601899 50.37670296240309 58.13642580410085 67.09836391397543 74.91211328412345 102.59976403529119 60.652461555700015 39.800285937581975 87.09220169957828 71.7792262347703 4.4509021512793 73.29276727826567 37.10522562304403 67.6072741155921 51.74460619105831 71.21481130468129 28.484326396952255 48.71074731895898 55.43399199758469 85.13949896994018 34.052807940131586 37.40251801841915 92.81474476592894 126.60355422712315 113.7238903566836 110.60018705790587 118.00972147560077 134.21923182009047 102.66199000912111 86.57106346523578 82.73049558692362 92.67600447341235 112.81874730071583 81.52603546273423 60.31007624957325 54.98101940526612 69.30595971098948 94.75503134962264 65.95235433329727 36.900040634568256 27.719194772628196 50.69452950974849 82.25787311076574 60.40919708744236 25.838004756874124 8.988228132509922 43.460652988504634 78.04948961710696
40.80871694411289 2.478845905734067 91.06643098378008 8.690136415022282 92.24070589440328 38.040400333841596 70.46369642122092 65.59033281025272 0.0 34.89319425143961 41.48506746122653 40.71994060352383 3.304219552337054 45.63143884165347 18.536748570075925 49.975463630348955 28.062372131416303 35.34806572915449 16.419525918714676 43.009005299394666 39.14199004614718 12.722461256201372 94.18947828240914 12.35187473156184 36.07114858766838 24.008338747544233 68.31029244357296 61.58941029210823 8.231285318041062 29.223198833717376 34.286784876210525 30.8562495964109 15.197356996302961 37.71230387593326 35.01693636912484 46.88764125930652 35.40432613896317 31.71751501280184 28.69188703902988 82.66235016265644 63.79625100048425 48.44585107172514 54.94405082768583 78.0096554747762 107.45684418647856 46.33139051669506 21.006830475244634 33.62771033372687 64.9246153179115 98.46032318682255 42.7499054035144 11.188001451175033 28.594428515699462 62.48971362555261 96.88725549328501 55.79291910431609 37.39882233648839 45.59958340343939 71.79693660064163 103.078155820542 77.47522644719831 65.28181760872513 70.11271296160382 89.24483815955034 115.79404805809907
52.36871104310798 32.509427093304026 71.9986128356538 33.20494095495148 80.32951720710292 6.874370941423687 53.74619154641149 87.99686812239061 34.89319425143961 0.0 23.065765156624554 39.23343040523894 35.37357611159288 30.558118125053323 24.505246902851525 46.36574691241476 32.70313110770164 52.050561250721884 48.399392556616384 38.714486393779005 28.072794647210426 40.57141602818741 71.84263869750521 30.153555791711327 48.951248410354616 18.589787572885957 55.67841306424734 83.56269268206714 28.968660273133427 57.854055659795726 24.064289791780247 37.20321940874845 20.415283528907008 60.32945744052233 41.31714662713027 43.898841302219914 4.739233254519099 56.10305475672321 57.010159920776296 61.62750288567909 69.85449412289614 38.7229619754819 22.674428509004375 43.85927634410085 75.68346598611619 66.30874979135598 31.954679843458344 6.340871127621257 38.133522616931764 72.54638699099038 74.21573987781152 46.06542295458024 33.62889660847538 50.34495536976941 79.58114553033816 90.62540543541803 69.29768808382644 61.531740783291916 71.86738315296441 94.54346347078551 111.85553161356428 95.19131843000503 89.47519935102189 96.66919125335501 114.36236626785818
36.98124383571157 39.14108530100402 51.58975361547307 35.03905687555268 57.71637562888256 16.974324436975206 31.900343538144902 74.67626707131126 41.48506746122653 23.065765156624554 0.0 20.021974516440153 40.03550496588727 7.502468934608854 23.294397031638518 24.733291965311597 21.138231098226413 39.841728936576274 48.290839144634035 18.147887543765684 7.623189683869874 52.02034924510704 53.3623772330342 30.60490889947011 35.204297797664374 37.71905735087872 32.839600912695765 70.27731203136506 39.83810953333204 52.76264809845653 8.519124782739219 23.908735709045935 27.74802717507246 50.22307440944916 26.061645344688188 22.85242053003978 18.336725302881163 48.07083717059791 51.81430285305166 42.13185165616505 91.2036437687819 61.61500206745323 40.8599736932174 44.01694615294632 67.82529598135065 83.14621345463006 49.03574561914387 17.046056300662364 23.905728870506465 56.984663381418564 84.23388459889496 50.84177516559784 21.662722305289524 27.358903885225995 58.50294312552311 94.15018708659728 65.86002875156404 46.964280764762044 49.684590881491154 71.59810121073762 110.54375984439552 87.53499646477717 74.15914272703074 75.70687798686532 91.42337982912285
17.80339040060007 39.058164781145294 52.75108083990706 32.188845344484086 51.59059549545475 34.81002706115815 32.48467903347355 55.319532095916585 40.71994060352383 39.23343040523894 20.021974516440153 0.0 38.016441182759685 15.70835972646519 24.12983205578366 9.319492051423222 12.660786838822053 22.633445770653545 40.148348209877994 3.4058082302681796 12.484535258280712 53.27750724008342 57.838320678745994 28.41719738860671 17.395356822023505 48.0322175589919 28.479428881756938 50.99371696219753 43.0551531555244 39.66537015812937 15.205295494810985 10.687896602764143 32.7077904409773 33.49388157581342 8.964083984172115 6.213383750211058 35.03516943555545 33.16229680497166 38.749946050169875 46.29209622482898 100.35022396321641 75.0246201224272 59.84986823172987 62.690563559054425 81.68839403655979 86.7582740607437 55.75742605398564 32.948730890938684 38.173066943103066 64.98909968337131 81.06331118704293 46.496601791162874 12.143384724877706 22.974852860507095 57.47242984494461 84.87054279666825 52.800361964766196 27.705405831686065 33.79560475728692 62.542292805763786 97.06805766063506 70.61648089618691 54.27675677626117 57.44601531071316 77.77481868032483
37.544054700828674 3.7830359453501465 88.91550669762987 5.828290629585356 89.59715183292332 37.956829633277636 68.28543341555206 62.571246082155 3.304219552337054 35.37357611159288 40.03550496588727 38.016441182759685 0.0 43.75489462377979 16.78986870482763 47.21722932127723 25.398217586984295 32.04384745489651 14.165116885912582 40.42607849249641 37.178984040418335 15.813864873387056 92.2978023626765 9.9582923731014 32.80659092099641 26.08195657329783 65.86848413224116 58.53044217105901 10.81462495898809 26.514325563231264 32.50363565444506 27.95474836398776 15.112878971342473 34.55951117088673 32.00706772041438 44.14485450399635 35.4430284679201 28.613345187522416 25.931230530003372 80.72528447842357 67.10038281727583 51.27892750486728 56.13733171321879 77.89785742535005 106.67500617931846 49.3613574005149 24.136495508467075 33.51778564969677 63.71152346833333 96.90056356152488 44.42996667592245 11.148698579786412 25.873127755624076 60.07826327655893 94.57394152412715 55.811492967605936 35.42208083611176 42.30078506348362 68.69367194897637 100.21534940636366 76.54528713832771 63.03805797251205 66.9566331908886 85.9497696834998 112.63353537879908
33.48753791281482 43.430431038117554 45.79238081927815 38.323634174877455 50.583471501371456 24.450048744113932 25.51540420490985 71.01462542311799 45.63143884165347 30.558118125053323 7.502468934608854 15.70835972646519 43.75489462377979 0.0 27.094695043647228 18.191315860943188 21.326328589233754 37.66028778374713 50.15505330920527 12.96611214711517 6.66958328186505 56.95993743203847 48.56254353373134 33.90277839118566 32.61312747565149 44.59394747656408 25.62096276338907 66.697750187163 45.09211201729946 52.75187072346796 11.380905569259147 22.718592188100953 33.101030874661326 48.425716122267445 23.520416740837135 16.841377698576743 25.833880453955366 47.1748094653249 51.80451785474342 37.03467716409468 98.16562187461284 69.03514964150231 47.85426356328559 47.00026898267915 67.25203428770445 88.96134216693986 55.31103755177917 24.481636453373135 23.113618180913413 53.51614093889292 88.18424173118665 54.0639991248922 21.54584254593294 20.009559682333872 52.26273475793452 96.0391454919486 66.00511417440313 43.41263350240793 42.51426135874343 64.22687997244277 110.70324519397994 85.79339037030093 69.7177807432848 68.95939283575396 83.93445393188664
30.684727537661058 16.36005175580843 72.61979700584749 11.795425215755106 74.75708525167764 24.499969069074528 52.05988347929485 64.0278029126295 18.536748570075925 24.505246902851525 23.294397031638518 24.12983205578366 16.78986870482763 27.094695043647228 0.0 33.3884218885366 12.243882083278121 28.55230764912998 26.06488040066734 25.770980080718406 20.627891344281675 30.198880607180303 75.65403643520531 7.429182488441814 26.492918173329368 25.461858916622646 50.347154204436414 59.63234431157424 19.082241255359254 33.68487327909131 15.76117486264716 16.506785658431646 8.951772794572628 35.973985784296936 21.21779498313266 30.29867062490058 22.66162665516383 31.599296767232705 32.80509169775668 64.12637510427196 76.3547606126659 53.18229924355786 47.13254284044315 63.3198894013163 90.51050960884622 63.14859087472703 31.669671205246022 20.323371447933948 47.095207694510144 80.1107081261054 61.17025196908976 27.555063572781645 13.100225131875673 44.48373675839352 78.61833336391668 71.35985636991322 45.79641114853349 38.69392564281189 57.37556033711542 86.49575943727132 89.66022275838066 70.83064779746937 66.25537868532545 78.46871451469087 101.58578898884033
20.786951729639416 48.35124088166693 45.295439842678206 41.39698581065422 42.51620195597177 41.16047402969897 25.92824407419393 55.75422507828698 49.975463630348955 46.36574691241476 24.733291965311597 9.319492051423222 47.21722932127723 18.191315860943188 33.3884218885366 0.0 21.94708904200081 27.581923013669275 48.385094723787574 7.990359186812984 18.320877078395718 62.567612763876205 51.32211956339258 37.70329069423973 22.404384548377493 56.753306226525325 20.52699437755366 51.67593238004961 52.3613779491315 46.20472622478291 22.583949010289196 19.457383765082227 41.842773813143715 38.03493328005125 16.371953922205098 3.106109213190432 41.8820219988564 39.02816515529201 45.34018835298958 40.10202866830921 109.45132547671419 83.32590812002388 65.58658137735881 63.67708166064182 78.75735000844686 96.07021320682644 64.94901388674091 40.026167903885074 37.15703167415792 59.61566121585751 89.79484080621013 55.341857275789884 21.381825555525666 15.700233357939497 49.30178249268602 92.08985904341623 58.96027157259245 29.44368626630864 25.541989937538148 53.223128346556635 102.38040865089165 73.88591220299294 53.2101033682724 50.973613879436 68.99355518147853
19.728578075118797 26.404412705046113 64.26095395805254 19.571317482229315 64.20351629154581 30.256709158151903 43.67462833406278 55.83237994739029 28.062372131416303 32.70313110770164 21.138231098226413 12.660786838822053 25.398217586984295 21.326328589233754 12.243882083278121 21.94708904200081 0.0 19.889247844920707 29.103531287809286 15.054661297228028 14.928036917735316 40.621959740590896 68.50149835727501 15.758533962433685 16.283321991132365 37.45057065291208 40.620944312259006 51.38147784775979 30.652024208162572 31.737793866575508 12.795748166625856 4.608215053909437 21.177138738581 29.560580385008585 9.188277473053102 18.848257837494916 29.44093620747442 26.97037190615089 30.787524449717022 56.857450186984394 88.50496364246861 65.05717188779658 55.0139757730307 64.92637629664902 88.31266069662024 74.13259655681878 43.77690481820808 27.05610722375365 44.073671282826034 74.48344837627258 68.92614709087164 34.328269104472845 0.9490872078729429 34.90309260294692 69.50111783183226 74.82437299687358 44.92789681627107 28.864910536074692 45.1961086636123 75.14673277242765 89.66165593513996 66.60800848916728 56.822811949712204 66.45169700410587 89.42938568898735
7.824372578866194 35.015053225795256 72.66541663775786 27.631626553049106 67.04730454156383 50.095472004975775 53.49274180625511 36.01367398601899 35.34806572915449 52.050561250721884 39.841728936576274 22.633445770653545 32.04384745489651 37.66028778374713 28.55230764912998 27.581923013669275 19.889247844920707 0.0 25.79390698559426 25.98957797405888 32.56105839102445 47.31364221875296 78.90403859509607 26.71193814579425 5.294481583821034 53.09518668403707 47.86708602063161 31.56633681537451 41.55059446737542 19.297651103110958 32.13279727110309 16.077289136080413 36.54259988647238 10.860595255400481 14.140007905327707 25.662469473608713 49.12617405756064 11.654809856689313 18.536650326139757 67.64616096896594 99.14381587140443 80.6263357700968 74.60871956703836 83.82756869735627 104.31877459485328 79.88873291537236 55.54256874292631 46.71783477646413 60.62134177100713 86.96062279954941 67.30035608796032 35.34289938941122 19.072252272208488 43.2808125857107 76.01022517519372 65.35278812621513 31.51415563252147 10.495225114122094 40.27418715233493 74.35538451894578 74.88104809228264 48.13580803150317 37.706332286975616 54.04910547559976 82.5570768557622
33.0700640475191 17.888619945449765 92.87113054834285 15.223369443561964 90.50992815089587 49.971175051232066 72.44711684216782 50.37670296240309 16.419525918714676 48.399392556616384 48.290839144634035 40.148348209877994 14.165116885912582 50.15505330920527 26.06488040066734 48.385094723787574 29.103531287809286 25.79390698559426 0.0 43.232723009634036 43.53716391889765 24.55533808203371 97.51999379632382 18.867162027684053 28.74832695182149 40.23048925326515 68.57101044677071 46.63008621624555 24.644885941428612 13.315036135423858 39.922873127382964 29.493560182281048 28.03622557187786 24.04819628150539 32.014962136468235 45.59268082805221 47.746115029965054 17.92298815887974 12.974216720883721 85.88358889281773 76.62226619575699 64.65422940161338 69.88662450541929 89.34698871335866 116.0879050512467 54.888885581829776 36.71806117917521 45.590251912651134 72.13567022170639 103.55417694422684 41.94260080416717 10.301060739262335 29.118638773734897 63.12314612923295 97.55009590957758 45.93712154741206 21.305584001650843 34.53234768020112 65.77145669640927 99.26798249378659 63.76426799925785 48.904440500684245 55.787230082366754 78.91510686736483 108.34104233458247
20.8684038230935 41.23515723597001 49.64005157848498 34.60537090681661 49.24264512840856 33.83181287595511 29.26160421943972 58.13642580410085 43.009005299394666 38.714486393779005 18.147887543765684 3.4058082302681796 40.42607849249641 12.96611214711517 25.770980080718406 7.990359186812984 15.054661297228028 25.98957797405888 43.232723009634036 0.0 10.982691927054578 55.43788407276218 54.55129798784813 30.658883677457613 20.731018785815767 48.76872894179754 25.614579987415468 53.84942751104069 44.838440623866816 43.04839004321588 14.736853155116027 13.744028694319825 34.028757962324384 36.846613164989414 12.363617885416405 5.210013631152899 34.33347327504018 36.568104303948815 42.1304895447192 42.98123404408878 101.56808229972317 75.36403546178019 58.6360947824862 59.92859629765338 78.3547890660701 88.77757272741262 57.16196957935574 32.378421774224584 34.986736214222155 61.60048140367797 83.86328270707105 49.2633656663811 14.68205042303826 19.977497589585543 54.566405532445785 88.15272084802987 56.19565274608039 30.656822920964974 33.415122405423794 60.73006033933673 100.47373395882954 73.8963150087777 56.755220469404854 58.10714459420933 76.98390077718321
29.389598825561023 36.987943100090106 52.01777330415818 31.696742913964403 55.467303732995184 22.898688794581705 31.518897995764913 67.09836391397543 39.14199004614718 28.072794647210426 7.623189683869874 12.484535258280712 37.178984040418335 6.66958328186505 20.627891344281675 18.320877078395718 14.928036917735316 32.56105839102445 43.53716391889765 10.982691927054578 0.0 50.69403517389649 55.11989765681472 27.289795869002166 27.7799777524222 39.99166394271756 30.574524344401766 62.70835447609803 39.02579106032144 46.597762299380804 5.32011159660386 16.916833300122924 27.205546620718458 43.1186059747978 18.59804649104176 16.014893092252898 23.562217639432017 41.37863624858716 45.647779617248574 43.54914466854 93.45908702571396 65.61553278140626 47.65509378601883 51.297469852004404 73.39390635760267 83.081639692136 49.90178870090989 21.740884494918355 29.15461341327239 60.18442314664099 81.5964712363048 47.41161121705037 15.250909028594537 24.742113132446367 58.19455890691892 89.44769830739085 59.81997272738593 39.38012553907821 43.79481914733946 68.41056078580948 104.5523881574455 80.50973190601115 66.53722532470184 69.04605809258277 86.6157276938696
53.214855635432215 14.219725296715554 102.70152385473399 21.41205705962654 104.67252287136817 45.275469119507235 82.20383505160035 74.91211328412345 12.722461256201372 40.57141602818741 52.02034924510704 53.27750724008342 15.813864873387056 56.95993743203847 30.198880607180303 62.567612763876205 40.621959740590896 47.31364221875296 24.55533808203371 55.43788407276218 50.69403517389649 0.0 105.2900083601796 24.864324109677487 48.485216903524766 24.57505084898198 80.49140933512022 71.185422707291 12.353450368626026 37.80972815931009 45.59307988058189 43.55764630210283 24.315669344427015 48.179278744276644 47.739391379072906 59.47012711137411 42.407240487793516 42.02602442782001 37.518496872240625 93.89454959874564 52.293711606052554 42.47370999212961 57.16833945103542 84.42299010523719 115.67662990992645 33.61246097529697 14.62543644148876 41.144377306570306 74.61009791766351 108.79027609565996 33.677741785938416 14.773484790746663 41.19674577904765 74.63871864860472 108.80972028673526 52.419560283923154 42.62714132032674 57.28136717115441 84.49885113662086 115.73148072599808 77.26943558436935 70.78321858388406 80.2790040953784 101.36039202022044 128.44413472488824
71.91304144666792 91.96957255245869 9.655720144158705 86.79367154108743 29.230168647759758 65.03299266513278 25.46388348639134 102.59976403529119 94.18947828240914 71.84263869750521 53.3623772330342 57.838320678745994 92.2978023626765 48.56254353373134 75.65403643520531 51.32211956339258 68.50149835727501 78.90403859509607 97.51999379632382 54.55129798784813 55.11989765681472 105.2900083601796 0.0 82.40308526233815 73.71150770537176 89.563828770289 31.48402909047869 99.1606822558335 93.18324550967854 97.28470137446052 59.90715025613434 68.20821028416653 81.09133588871106 89.26522804803759 66.66875728317355 53.4030523346678 67.67349679615715 90.30163966879586 96.39240684391709 11.644466022523996 141.54887753585115 108.72703656820944 77.47177765801194 50.764242249455286 39.33146774447061 136.31444044657246 101.88471979461232 67.63295983001481 34.09970758884466 12.091920217545276 136.71495900229255 102.41505293544182 68.42189504788563 35.62468214311685 15.859692162639094 142.70297287021432 110.21162847945428 79.52286163775626 53.81436500589065 43.16137309117326 153.6261885837174 123.90996918410247 97.47364587033206 77.73866060432837 70.57084104954681
30.666655714127806 10.650851137957197 78.95748291924302 4.449485559408776 79.89555439982969 31.169297876675945 58.32714104245064 60.652461555700015 12.35187473156184 30.153555791711327 30.60490889947011 28.41719738860671 9.9582923731014 33.90277839118566 7.429182488441814 37.70329069423973 15.758533962433685 26.71193814579425 18.867162027684053 30.658883677457613 27.289795869002166 24.864324109677487 82.40308526233815 0.0 26.04570870250709 26.585980127582545 55.98507380664523 56.36116142569806 15.625286679430427 27.78428532604067 22.760985151361993 18.87395107938204 10.712511388923277 32.18330350364656 23.287660277509964 34.606163236179945 29.04758315240165 27.051044804370672 26.9686408050729 70.81483341457918 73.97017916249368 53.9399616167848 52.366557587456725 70.49679488057421 97.93949490758114 58.40542482133757 29.462528107245326 26.82782616215303 54.46346234793061 87.22184350992778 54.31306199511267 20.272895475524894 16.337857907405663 50.176833632753365 84.63661966410076 63.9355839355722 39.222376386517325 37.200300948295805 60.201010265042044 90.880650018402 82.61161713368824 65.1934780259627 63.80030157974173 79.28143540079412 104.38099505226045
4.737636476055883 35.37790325535544 67.60453635606139 27.795239658021895 62.62269254686412 46.45854407403556 48.27773135443248 39.800285937581975 36.07114858766838 48.951248410354616 35.204297797664374 17.395356822023505 32.80659092099641 32.61312747565149 26.492918173329368 22.404384548377493 16.283321991132365 5.294481583821034 28.74832695182149 20.731018785815767 27.7799777524222 48.485216903524766 73.71150770537176 26.04570870250709 0.0 51.714425510645285 42.79723395616336 35.35849292838104 41.47424998441015 24.00519991554294 27.828493924857977 11.98181322970637 35.02141275074774 16.12288436303136 9.18827747305318 20.399737279792966 45.719425574702655 16.636963875807997 23.18270570949837 62.41543218594455 99.64046486733785 79.42472433241178 71.29590365526809 79.07388550217645 99.08081199353173 81.62882717254418 55.43750544376239 43.33804415072529 55.47857792832599 81.68461681251821 70.64630552849418 37.63391750106383 15.38092235904269 38.10096538532304 71.14523257715398 70.08011833145783 36.57001551598827 12.584132356440556 37.07028516698751 70.6038455071287 80.15134110123051 53.258655639388465 40.54076235279344 53.342708176451254 80.2630532093646
56.05453457155222 22.342018118339325 88.91570549706086 27.161951109656084 95.15900307639026 24.90364503848237 69.60725281617543 87.09220169957828 24.008338747544233 18.589787572885957 37.71905735087872 48.0322175589919 26.08195657329783 44.59394747656408 25.461858916622646 56.753306226525325 37.45057065291208 53.09518668403707 40.23048925326515 48.76872894179754 39.99166394271756 24.57505084898198 89.563828770289 26.585980127582545 51.714425510645285 0.0 70.18214593680688 82.8464165812543 15.92614010208692 52.340061682582366 34.824088614837066 41.88984298755617 16.694368320059997 58.612353806865585 46.58757068844477 53.82502577659509 22.086249967604143 53.176229986668524 51.68111611892485 78.91931217254769 53.57531180995623 27.73463142908558 32.60288586116851 61.24972810884476 93.99442994661186 47.72272399042308 13.48315903024455 21.931414075005517 56.34742605256037 90.90617182395451 57.32796519026259 34.37399398458306 38.35989952334765 64.46880547805064 96.10310310756472 76.79432343126038 61.38794861352822 63.51673969486146 81.82332228981514 108.39981448490543 100.54813291702898 89.11999711559065 90.38541261258887 103.88153740946773 125.72957840606526
40.62784026449441 66.39994563503312 24.807304946788204 60.07517293877146 24.977505635318806 49.15281544198759 7.955845061566185 71.7792262347703 68.31029244357296 55.67841306424734 32.839600912695765 28.479428881756938 65.86848413224116 25.62096276338907 50.347154204436414 20.52699437755366 40.620944312259006 47.86708602063161 68.57101044677071 25.614579987415468 30.574524344401766 80.49140933512022 31.48402909047869 55.98507380664523 42.79723395616336 70.18214593680688 0.0 68.14926408556198 69.27625010612553 66.70528595753308 35.89425088358681 39.166439796095766 57.68285439763615 57.9876541523153 36.706657708222735 23.065068198027376 50.9454278667111 59.43099391760765 65.84780560545838 21.052116885620222 123.75693510876108 94.3756310422548 69.94663145932311 57.2109565003057 63.6274045452104 113.41451010128864 80.47601276374716 49.84740479792438 29.798934651911587 41.06125734214019 109.4763668453092 74.87779563341778 40.28831129368027 5.8707871346871245 28.993768692142876 112.61660945763803 79.35802872113224 48.03887768108013 26.69479097729088 38.88870031390147 122.29099959118956 92.46289093890589 67.36825274522803 54.058990138096995 60.83637901865648
33.335041477567124 62.15031632659066 91.04741562186075 55.85728636119014 79.11162167441178 81.63265687386567 75.49559132056244 4.4509021512793 61.58941029210823 83.56269268206714 70.27731203136506 50.99371696219753 58.53044217105901 66.697750187163 59.63234431157424 51.67593238004961 51.38147784775979 31.56633681537451 46.63008621624555 53.84942751104069 62.70835447609803 71.185422707291 99.1606822558335 56.36116142569806 35.35849292838104 82.8464165812543 68.14926408556198 0.0 69.20864758265097 33.44657955979185 63.17214429011379 47.29749019947413 66.89043241390087 24.241565453578684 44.29011156078478 51.25973170026874 80.69250833652201 29.940975142488433 33.67968281518875 89.2008226774125 123.07132856299509 109.59414445945343 106.15947769223308 113.68124967705867 130.2752930104231 99.54297415014716 82.59070082113098 78.28396357131224 88.48880705716226 109.21031968645244 79.16297096151723 56.680141249368546 50.53025074571683 65.48877351808156 91.75542523819874 64.96673536809314 34.42857643397291 23.341422846085273 47.94957914389869 80.30160168949669 61.405396693526995 27.192009611827576 10.150946379166337 43.14547160575521 77.55562784084792
46.15310138043863 7.081262965713315 90.88427058398257 13.926306134551389 93.8096355159114 33.185474862065426 70.51262481342778 73.29276727826567 8.231285318041062 28.968660273133427 39.83810953333204 43.0551531555244 10.81462495898809 45.09211201729946 19.082241255359254 52.3613779491315 30.652024208162572 41.55059446737542 24.644885941428612 44.838440623866816 39.02579106032144 12.353450368626026 93.18324550967854 15.625286679430427 41.47424998441015 15.92614010208692 69.27625010612553 69.20864758265097 0.0 37.30834726598722 33.806687890658 34.262386970261076 12.09221216733802 45.11041694814952 38.79782823162105 49.25923382176264 30.36046589435029 39.26769957339187 36.73825579881064 81.85969257339151 58.34499780001062 40.479761020928095 47.62254561200799 72.7463137407013 103.4938113525105 44.13846615729777 14.001341756970348 28.960710822752926 62.25961609095712 96.48133832104983 45.785355780028645 18.51413302143149 31.37031054314378 63.40558800281901 97.21774395963746 62.03558779936283 45.59396136073348 52.000186031550484 75.65741376510421 105.54091169926689 84.87903370237636 73.51222254985615 77.44929303562193 94.80236676438774 119.88049932482123
27.09522309541793 30.29184238228665 91.49742889211815 25.554972905394244 86.34041586867559 58.15606991885803 71.82429252257856 37.10522562304403 29.223198833717376 57.854055659795726 52.76264809845653 39.66537015812937 26.514325563231264 52.75187072346796 33.68487327909131 46.20472622478291 31.737793866575508 19.297651103110958 13.315036135423858 43.04839004321588 46.597762299380804 37.80972815931009 97.28470137446052 27.78428532604067 24.00519991554294 52.340061682582366 66.70528595753308 33.44657955979185 37.30834726598722 0.0 44.27422637049651 30.123747360616207 38.27305529451009 12.71229469812207 30.71534925076204 43.91246148458609 56.33945388555657 7.849662672407504 0.9503236011842567 85.83454504768926 89.63608860881627 77.66587945572643 80.15040690536219 95.97356441765886 119.96874946523664 66.79647513346946 49.919143909758624 54.00815330771501 75.74066394705393 104.64809401839243 49.91578267953498 23.23400886023458 31.35122183726016 61.81282382636541 95.1503936071033 46.08893071845841 13.258778768537153 24.94502291743095 58.85207215145639 93.27235334711189 57.96207865676572 37.41483518237756 42.83650886553966 68.30001729351304 99.44670684614748
30.227904385360265 32.06415613022638 57.12043054933727 27.207903807211697 60.77779716206407 19.71015219305746 36.70599269391547 67.6072741155921 34.286784876210525 24.064289791780247 8.519124782739219 15.205295494810985 32.50363565444506 11.380905569259147 15.76117486264716 22.583949010289196 12.795748166625856 32.13279727110309 39.922873127382964 14.736853155116027 5.32011159660386 45.59307988058189 59.90715025613434 22.760985151361993 27.828493924857977 34.824088614837066 35.89425088358681 63.17214429011379 33.806687890658 44.27422637049651 0.0 16.055592702812298 21.92058961360028 42.22265445011372 18.973977285975135 19.946073810942305 19.830254488452088 39.76337673808273 43.32692431870047 48.40470697705919 88.21844139696103 60.82312166711455 44.84670227866479 52.132687739714356 76.28383450083129 77.81252007478241 44.58271431267276 17.75662387653316 32.215308604719276 64.46086926548378 76.92010060300134 43.02093124778593 13.407124072968427 30.059162135075702 63.42087418565385 85.83846508327852 57.34985882659364 40.057388311186855 48.11451175071841 73.62229251596685 102.02610405999545 79.38610244338719 67.74766304429899 72.60925334695189 91.37410317735674
15.171431531408407 29.440245847428425 63.37789319381777 22.183687688764326 61.97356823502818 34.48820984656098 42.993191753524194 51.74460619105831 30.8562495964109 37.20321940874845 23.908735709045935 10.687896602764143 27.95474836398776 22.718592188100953 16.506785658431646 19.457383765082227 4.608215053909437 16.077289136080413 29.493560182281048 13.744028694319825 16.916833300122924 43.55764630210283 68.20821028416653 18.87395107938204 11.98181322970637 41.88984298755617 39.166439796095766 47.29749019947413 34.262386970261076 30.123747360616207 16.055592702812298 0.0 25.454243814226874 26.314404206486607 4.711027263185318 16.46702664607185 33.816810797623425 24.497425495573623 29.18160021530404 56.60321611877852 92.41641307144482 69.5482798913751 59.39628059200058 67.9239143662253 89.96767874691005 77.16601704346563 47.69190574022743 31.452766984151985 45.81342838156114 74.85518606123182 70.43028746709847 35.90933452078337 3.659152472727345 33.64747636867658 68.15988639375026 74.55430130906069 43.38095214431003 24.50128185702692 41.39518395783187 72.26100148498908 88.02451571352422 63.65346822586054 52.440566762292406 61.9924385937775 85.62074642256451
39.36747527551033 12.720236374140859 78.87411341381596 12.948832096740206 82.42109207311181 22.897850871144456 58.58357675403626 71.21481130468129 15.197356996302961 20.415283528907008 27.74802717507246 32.7077904409773 15.112878971342473 33.101030874661326 8.951772794572628 41.842773813143715 21.177138738581 36.54259988647238 28.03622557187786 34.028757962324384 27.205546620718458 24.315669344427015 81.09133588871106 10.712511388923277 35.02141275074774 16.694368320059997 57.68285439763615 66.89043241390087 12.09221216733802 38.27305529451009 21.92058961360028 25.454243814226874 0.0 42.79208495730241 30.165054900770137 38.78877549473243 20.33866326550861 37.75570426336642 37.49083600852003 69.77755373737521 67.64245299438385 44.42005413683839 42.01909906964406 62.87202779038515 92.38507879744026 55.8953679374871 23.135569770908475 18.46804974225129 50.415622329245195 84.48226399225679 57.20057798164295 26.10581166734949 22.044719641850563 51.819638220220355 85.3195705934674 70.84020692030587 49.111193008053824 46.90734242235668 66.20803123455201 94.66532183598632 91.45205778301622 75.67260500911605 74.05374892793515 87.38605505024655 110.37861118689041
17.36360403241139 38.09296350375059 82.69375346544592 31.628102159413782 75.71595847213635 59.16396808132604 63.950865619352285 28.484326396952255 37.71230387593326 60.32945744052233 50.22307440944916 33.49388157581342 34.55951117088673 48.425716122267445 35.973985784296936 38.03493328005125 29.560580385008585 10.860595255400481 24.04819628150539 36.846613164989414 43.1186059747978 48.179278744276644 89.26522804803759 32.18330350364656 16.12288436303136 58.612353806865585 57.9876541523153 24.241565453578684 45.11041694814952 12.71229469812207 42.22265445011372 26.314404206486607 42.79208495730241 0.0 24.927982988999048 36.317737175624664 57.8854581650074 6.159601657140281 12.38686891342749 78.13178988127545 100.45851677786905 85.4014446877394 83.00374338718017 94.23671035394788 115.1790572903439 78.79023898199779 58.69458742225564 55.47075040125627 71.4405377308891 97.59760978178215 62.62293224573126 34.3478498400891 28.857562987751066 53.67107323282688 85.57599119777235 56.861531382055496 22.309125023143853 12.530551040910584 47.02325702654556 81.61012826410723 64.36417775085995 37.40134304722633 32.400775766410646 55.63808770250767 86.81140512720623
