0.0 4.852537522351203 99.72830152514715 15.15581232518143 18.17243053234944 43.90498459491381 8.574051840056143 4.582452787415988 54.01531822254176 61.01243220602463 56.768784418356454 40.60327913339178 36.02116387475388 42.886844772071896 61.87740562953036 28.623387837789675 31.96793852073291 22.210980372854042 83.2028419041319 23.273874484388895 17.87263047724263 24.78788783499502 94.57078925601698 13.769404318738516 14.524776236196699 24.980472925298372 44.21027701809934 6.868043035194797 48.33013811918471 61.38663049771077 70.74755089805164 34.50724175473056 39.41683872677188 40.17472050251157 57.89180350406816 23.128194102847623 46.357830042115935 5.672477855246773 78.95175923046128 20.1783470001732 124.56017505894232 110.98528712314237 98.58457401290651 87.85664481348327 79.48175496331801 74.26032747144156 72.87338766956697 75.53246027319155 81.84413240734608 91.05195766128949 116.7674978420573 102.20449454271903 88.63162745398782 76.57720675214551 66.86754318443697 60.639628940670725 59.00641824169019 62.330142936693676 69.90731415510552 80.54635283586838 110.229936844754 94.70240804946832 79.90717636129885 66.33604757638358 54.9043642402339 47.19333478232233 45.151258165078694 49.4849978345217 58.801339595414085 71.169752678985 105.18188871716329 88.80381343418355 72.85405741071608 57.68898435995846 44.12519672913484 34.128520198992646 31.32391467049792 37.367475220147746 49.093559792347186 63.42504124165705 101.84515855060573 84.8439024559742 67.99449527969446 51.44635199293001 35.62183346077548 22.131765531489673 17.590543274505965 26.97687010318729 41.770659189804405 57.970135056224684 100.39058061951305 83.1003456857341 65.81625769987559 48.5448828478227 31.307268682631143 14.226666601503272 4.833690244587142 21.048625340803998 38.22876200795582 55.484641200515185 100.89960848803078 83.71177027922657 66.58305363741594 49.57477824716383 32.87441715087405 17.392786606904654 11.090708141968168 23.285438506108406 39.49851318651687 56.36281131788578 103.3432233007635 86.62831761737178 70.19843084906896 54.312840504180016 39.631556405925664 28.109545572320688 24.66462063429585 32.019543085676894 45.175982971217636 60.4582368664909 107.5896554735956 91.63009944775172 76.25826294371969 61.91346050962772 49.49683727468664 40.80813143297469 38.462665857883465 43.49892092619 53.88545222566885 67.18507411835326 113.43656671320763 98.39957745435889 84.23656697859556 71.46902677000426 60.979870094935414 54.11069695128733 52.30765422796502 56.061698651178375 64.40836606350099 75.84630103467418
4.852537522351203 0.0 95.52778461291481 15.986825233739083 15.661185506790918 48.53685043065618 13.405974774072142 9.412405178086072 50.341906598509105 57.65688880962677 51.966605096162816 42.260969944925385 31.194403525313472 38.11732623034783 57.47863877099743 26.75954002637278 33.093886810808925 17.572813893037623 79.68881228332579 26.90676009830402 13.400664149368069 22.112635961514286 90.44334285631797 9.367760009748341 10.957372363439351 29.562960251157335 39.384892649520644 10.939745163638944 44.58659343617784 57.24585741813885 66.39103490339099 32.01490774105635 38.236581746430545 35.487946822531015 53.82262997206035 21.109604787285118 45.02957392625412 8.374858276909155 75.0621353574729 24.078502331603595 120.25797096234217 106.49508606094582 93.91015737495466 83.04048705140922 74.63925140437071 69.6060610859358 68.685370778519 72.03504083072853 79.1145030022827 89.03848938621651 112.71525461150087 97.93875814288863 84.1306781935119 71.85151788714333 62.016200907555735 55.92921124466406 54.85292252124571 59.0619038893789 67.57568213588672 79.0147839599792 106.50959927579255 90.76231050611003 75.69679475264078 61.813573916572864 50.105254835287184 42.41297750968723 41.059593492642065 46.600699906220065 57.061946190995 70.27952498243643 101.88570746338435 85.31478617417835 69.1030980923147 53.577734773253034 39.55526807446404 29.280964345983783 27.364951767207888 35.19966433105741 48.248339084431635 63.367958396534306 99.06538419848054 81.94181644038494 64.91290320264135 48.079325165300084 31.7532801459989 17.42506462671326 14.060858437543901 26.277278936331825 42.213692353697944 58.92545325660301 98.20418385703196 80.90334180144933 63.60309191651774 46.30409795172709 29.00860686052195 11.732120692222098 5.700845460857107 22.936220723640435 40.22877579894591 57.52696917588384 99.35307723988876 82.28780870643497 65.34711530354996 48.66127831683782 32.62371910936719 18.958022096309037 15.912845982660082 27.308299927298478 42.860008571548484 59.38796121064888 102.44444245621078 85.97823146756109 69.91679560066825 54.61840214244252 40.94741656013993 31.127504207477802 29.32339745548885 36.73569494908419 49.374795729660946 64.22568916056255 107.31049484590993 91.69656641879648 76.80939342789824 63.1649442459276 51.75559951979754 44.341612725129266 43.0397466754731 48.34630912628675 58.48945251717879 71.43788310600549 113.72358990264605 99.09228490399069 85.46464066264726 73.40181557047269 63.797696699251475 57.88923500154614 56.8408198740723 60.90395659418157 69.18383412039046 80.38788296817133
99.72830152514715 95.52778461291481 0.0 93.4677098631057 83.25778503988602 133.332863424464 106.78797570383063 103.41206187540972 47.38371177393989 43.89714768349888 51.27226898672247 99.16788147223498 73.11734807144788 71.89660196901467 38.54935769537662 104.79913682326607 122.23783787578246 85.31407574761728 26.546366644343184 122.26849971332706 82.16862452076084 98.95540591683586 5.830635995175688 91.4016083749008 85.30861832089798 117.27116154886872 61.81264250133997 106.42148338716049 52.3729516195281 38.360682581041964 29.593247684688105 70.4457356807529 114.49398001110089 75.76825904681482 41.951339779650624 102.04329036223508 117.41854900716365 98.4942233936533 22.960797968101335 119.59266202816094 25.234349605181436 17.83213005287144 24.452185311891117 38.42584954045708 54.349742422071195 70.92217658689562 87.77657890523263 104.77696559241876 121.86225533411921 139.0011441439796 18.186427172823052 3.65467505952625 17.16626651110731 34.27416376414086 51.51183783551753 68.78178619600916 86.06458230359972 103.3537811670628 120.64663018758547 137.94175658357526 20.74245729881665 10.602145012707519 19.831149126399303 35.677114866546276 52.45142159605965 69.48496083618085 86.6249443870766 103.81866523129668 121.04322601211582 138.2871032637474 30.582367336694478 24.80181326297697 29.89463616845478 42.082765872104204 56.981924120827564 72.94950822861057 89.414945094421 106.14680703044316 123.0364476903434 140.02678621829256 42.96316952189539 39.00670312314605 42.378272348162874 51.662550956958604 64.34925408245917 78.81205463551743 94.23672074057497 110.22016712456733 126.55084776769685 143.1099403427895 56.23072860128737 53.21251199989691 55.677174077338826 62.984312957213305 73.70752559665857 86.58680422389125 100.79905598160559 115.85475558838898 131.4644392307175 147.4522731451002 69.88165152590607 67.41852080896209 69.32358861194902 75.26588994917752 84.39691761722273 95.80927135751035 108.78733618255325 122.83584090003802 137.62737505711513 152.94651411301797 83.7284935878557 81.62447589738426 83.14643917452094 88.10667672798472 95.9735561245416 106.10250383641893 117.91200116565714 130.94815603869347 144.88022629897753 159.4735753194719 97.68782369340721 95.83024407121562 97.0702267668163 101.2940799616887 108.15276607904067 117.18455294837197 127.93000645613445 139.99507889867346 153.06804415099123 166.91224827211775 111.7173220450709 110.03573483656216 111.05683198333926 114.70846094447433 120.75220986285049 128.85191288015977 138.6477147644638 149.8072636917847 162.04905981592154 175.14631998526374
15.15581232518143 15.986825233739083 93.4677098631057 0.0 11.451267442404871 41.47571560097877 16.407479838530264 15.144170327990834 46.209467292873576 51.7217696384889 56.94631692655122 26.35409576939064 40.60829606284875 48.1141128886268 57.642132557252935 42.74559776214263 46.963246202136325 30.153304332645348 74.029512911765 35.570762905576764 19.377198168367077 37.96440967405608 87.96868168104385 23.87087230944013 13.76069601985264 23.910163810664287 45.51694245700705 20.38846629489872 41.09996507156477 55.56056535249154 65.96150349375924 23.815651978620586 54.11354946830321 46.46451475852633 51.80166115844127 37.096401552504965 60.959270832657324 9.759035694093816 71.4082567522393 32.032959959572956 118.66977286941176 106.52542794825749 95.97656365890396 87.60146637001549 82.06835696692981 79.96934217114726 81.56995970567874 86.66546678159297 94.69334773507916 104.98304265142167 109.53932395452388 96.29929813522834 84.53956661543847 74.96008270692846 68.48198193225878 66.02455508024677 68.02495183403092 74.12313029511536 83.42526590628815 94.99475623463113 101.55411959634856 87.15301326977372 74.00511135587485 62.9012365669447 55.09151374546516 52.079597562431104 54.66437915303769 62.15146405755356 73.04871587564651 86.07046861580167 95.00350635989679 79.46049026442562 64.81496169944761 51.833343148386234 42.08465419463268 38.13459361781479 41.66632689718136 51.152955132452114 63.99901011245116 78.57371205925699 90.20068142690647 73.67861654176447 57.6161858220177 42.53730044849287 29.9654754318227 24.18983741021653 29.514021713191525 41.90128218932158 56.91281181047927 72.9460730597739 87.43421551859089 70.28063360417387 53.22317131172679 36.39721908858628 20.384362598005083 10.246951152190801 19.829040963933032 35.778412645439374 52.59003561079823 69.64224269719074 86.89885259424328 69.61654462770213 52.34720170338668 35.10996016831452 17.997294697769092 3.7161090442757665 17.390510429327218 34.492952557427294 51.72824408229685 68.99690016310412 88.63503754084212 71.76229750527679 55.15611370615794 39.15710009297412 24.961413598434085 17.65156997559136 24.470303410646913 38.532137859785536 54.4919041665748 71.08249899903096 92.51494788503305 76.48173174512765 61.14412233053659 47.185387534563496 36.23570883055144 31.5959030352455 35.80899718342385 46.52930438388519 60.38523619285951 75.67354907804943 98.28498179918782 83.33868919538178 69.4941723760453 57.552117943313206 48.92602552369497 45.540850625307705 48.50655199235534 56.83753605715755 68.60633230375592 82.35202224239792
18.17243053234944 15.661185506790918 83.25778503988602 11.451267442404871 0.0 52.87661483964555 23.789290982119905 20.847189892482312 36.53185483106908 43.05775896213656 45.51834059442604 33.57608633652566 30.410921389892614 37.92631015217485 46.62314686656403 39.8390917012273 48.69099826459173 22.592381112093786 65.35469808539916 41.37689201436356 10.067647600986891 34.04203352376309 77.88979271276796 19.166259821007404 5.878598913843216 34.92708112005847 34.275202418363314 24.974911203394605 31.056874739210624 45.02320558353238 55.13478564536362 16.408014104564803 51.91734932200881 36.78607883400962 41.33942937145499 34.321453726927345 58.333057292568164 15.452252394342082 61.72935535281538 38.15512258570978 108.36235482631957 95.721694513206 84.7441771643052 76.1524670138483 70.82027116527061 69.5018941491518 72.41688808234387 79.0985965454399 88.69983189311192 100.38636504216156 99.79884145828896 85.95470711207449 73.5888107724887 63.56974866452804 57.145527366658094 55.577046784184894 59.25118934681042 67.31491088333154 78.42569409165192 91.47994445969697 92.60520865768933 77.52717837601772 63.59172302535188 51.7306120383036 43.6681845355867 41.67096823601658 46.52670180821757 56.495163535203226 69.407335050391 83.91518306479622 87.12156709683501 70.91838721519936 55.38391202078506 41.280112040113586 30.65008096579285 27.812176294750113 34.732070355396104 47.305667165356496 62.19361265093403 78.08312645480189 83.68483244056738 66.67149677859852 49.85718084361152 33.5425278943857 19.05719208933439 14.140886111978519 25.20843998849437 40.861704934945976 57.46829656979637 74.39249954107534 82.5511007541132 65.24940044003883 47.94786630441579 30.64677979496529 13.347881620287588 3.977484002558044 21.264722371223726 38.565140468472656 55.86649536595419 73.1681225185408 83.81389688084644 66.83268402493377 50.07153473293439 33.85885585748117 19.60607666996818 14.868993165379843 25.622026970354742 41.11693285419913 57.64918613079788 74.53165601724426 87.36935048494095 71.22117437916619 55.769325094762344 41.7934113105192 31.334812945590233 28.561537802607344 35.332167311396915 47.74591415116729 62.52753197784308 78.34808139441239 92.9547084595822 77.94241252057506 64.09497902593878 52.34517958132157 44.391149307508215 42.424465473642535 47.19958926795787 57.04797985751405 69.85590602743494 84.28480307976204 100.2311238487324 86.45394890750106 74.16866209848315 64.23701157134586 57.883459954687126 56.33200049460213 59.95658167239247 67.93369675355905 78.95492819239674 91.93188934953892
43.90498459491381 48.53685043065618 133.332863424464 41.47571560097877 52.87661483964555 0.0 35.54996439220423 39.40541015369608 86.04631469910457 89.97272058587022 98.10342550251798 39.09602733501763 79.43527856387958 86.56610509049769 98.87751367826584 67.3581163326162 58.23172004371016 66.09410724850183 111.46981798310726 39.50901169403744 59.04203004845011 66.01515610908874 127.65688106911657 57.668222924645704 53.745913757040775 18.988398058471926 86.19162319355634 41.01719988888771 81.49782319432455 96.27263802995725 106.94719487106241 62.9432448893614 74.19947346275207 84.02411501797411 92.46856044642472 63.10592748864275 80.80699219900946 41.05250020959993 110.65155929158 37.60655003039116 158.54518497407307 147.32094140913605 137.3644462437218 128.9696461297348 122.45813722285081 118.14172988703167 116.26516472846669 116.94595306503746 120.14062829640045 125.65759991474233 148.3826646506448 136.37664207816724 125.61219668053255 116.43419395278282 109.2432204084983 104.4504811242583 102.39329532523826 103.23532809485845 106.9080966291892 113.1362514901327 138.903257981302 126.04667396762208 114.36821273200444 104.26450630259849 96.23285089911889 90.82461691120034 88.52194987454028 89.56469901641938 93.84140950523614 100.94186491924856 130.25634106679462 116.49474315926764 103.79798757074744 92.60510519860078 83.52290128854915 77.2989703463575 74.65167673913592 75.95591556842373 81.02108136882241 89.20883582222832 122.61829559335537 107.92777777100025 94.12895138020473 81.6750220983748 71.27450073817735 63.937431527554956 60.783479001616335 62.44968345111417 68.58564048776839 78.14545843051381 116.18837636593656 100.59787111859663 85.66695602593514 71.80825750786808 59.77229415478319 50.86974799964291 46.91948620226438 49.13092631305759 56.78873538131015 68.07918788356724 111.17649720778725 94.79254439334898 78.80195219089462 63.50257570471621 49.53902329266239 38.39740606021136 33.06531432286645 36.20742308094847 46.12318524147968 59.518293013138425 107.780735342252 90.804767894301 73.97997460249321 57.43935254256764 41.52389200625924 27.347756813458126 19.242603947179912 24.318051302977853 37.56553260959955 53.19476167687112 106.15634499733814 88.87958417315109 71.61497644708781 54.374099435047086 37.1899717176704 20.207888867606957 5.686564670049155 15.96961903569037 32.80905234353154 49.965513790531666 106.38452200482567 89.15074460066401 71.94968548145732 54.81215609962281 37.824607190117455 21.348128706713975 8.916138562620231 17.377160063038637 33.51338679160199 50.4285805275716
8.574051840056143 13.405974774072142 106.78797570383063 16.407479838530264 23.789290982119905 35.54996439220423 0.0 3.994224591030795 60.31676506924319 66.7213142756861 65.1047423582444 38.02156445914475 44.59390840188369 51.44839937776003 69.39351145011676 34.14080252058324 32.718523918402795 30.716425374688654 89.0584333899508 19.215292554799504 25.843843171345696 31.431162449016032 101.50271194362503 22.194347916486088 21.64786707883759 16.808721537986226 52.61835891174655 6.6293831570262425 54.79863977205365 68.44238502432174 78.16076221031945 39.24804550053042 43.63012732324818 48.68853375649908 64.83955987265249 29.085307888193757 50.631743754338586 8.341792568527417 85.49169072092539 15.648745157730973 131.7838523421951 118.59676511041629 106.59307254355903 96.21670851712803 88.04492231867818 82.73356730765289 80.84837313267683 82.62419247685102 87.83926452396778 95.93433726720725 123.51958221831339 109.38446286382185 96.28876254496507 84.7158923772529 75.37062161719624 69.16191392544673 66.9679149001519 69.17170279642453 75.38858575947982 84.73986553595113 116.37631667680706 101.28756106675476 87.02639092095774 74.07236430177798 63.233988777556085 55.75893890063909 53.087483884544994 55.91245273067357 63.50451592435888 74.41871043191864 110.57164164225334 94.59304982262437 79.17264843440908 64.71072161382787 52.013005776358575 42.68411993419511 39.20741595468338 43.02574675439445 52.57294312022666 65.38593013350197 106.32510803506662 89.6158727758341 73.18258781277609 57.26332260315535 42.44049390822102 30.364673255001442 25.328673311246224 30.980323637062163 43.32123803310556 58.24422141183351 103.82813805775986 86.65253546526488 69.53958953745413 52.550547894334734 35.86193825552795 20.231413875279234 11.456638243772307 21.25822129936274 37.03082967316423 53.75282020743841 103.20783112602463 85.91172392786245 68.618552778622 51.33128517059914 34.05891166429156 16.847304380974045 2.5233788286444896 18.10018760066396 35.32109449471069 52.59521096152616 104.49762148447239 87.4499497001982 70.52621358522902 53.84340438952351 37.72253813500502 23.35765107985257 16.336527725575397 24.225951082087906 38.8023654829667 54.98238555976229 107.62884320530972 91.1518856838784 75.0471435475246 59.61703080982823 45.552344480060654 34.562276109347444 30.21249558220277 35.06776248893379 46.31857251547974 60.49612773507315 112.44772955816546 96.76948132605318 81.74886662597737 67.824228109099 55.821847767688396 47.230662747663864 44.091908155941255 47.499066011568125 56.27548511538805 68.38423227432433
4.582452787415988 9.412405178086072 103.41206187540972 15.144170327990834 20.847189892482312 39.40541015369608 3.994224591030795 0.0 57.237577943030026 63.90462870997656 61.190104279672695 38.91012827895815 40.59994011532794 47.466607996884555 65.81062760186344 31.48151639333098 32.192723585105284 26.763356015053375 86.19795291002511 20.85983291393239 22.037981985414877 28.27421545339868 98.18030114413153 18.272797351797056 18.118762098077838 20.541895824348558 48.675212023639766 5.317048682900285 51.6412187372503 65.05151906305242 74.62473701360766 36.78091458042301 41.59300852817949 44.733410676914566 61.49145669656731 26.205865916709904 48.5913503574077 5.7244170596846935 82.3315573152048 17.472881258122097 128.34235902250703 114.98680116037744 102.81464925283335 92.29530919764187 84.0516533948219 78.80114921083047 77.15728180649897 79.34453664202182 85.06790930990272 93.68152023615917 120.28130939632167 105.95742803429003 92.65556457376069 80.88154711136825 71.39530520962903 65.20313240409199 63.27954860206124 65.99884842896414 72.8429038633393 82.79506760054602 113.40124818310734 98.11518895270528 83.61841384210337 70.40021008868702 59.32151080890675 51.774465965369686 49.40496558721591 52.91320762063086 61.298173496825115 72.89599594346191 107.92837078781095 91.76507297219635 76.10408284550725 61.33140831223663 48.26965171964117 38.69217389295897 35.53754037486828 40.3417481419327 50.898957968665755 64.44112517083263 104.08497064980311 87.23364475458843 70.60062144967543 54.38656112462307 39.115976567908696 26.475130307694243 21.691397760989467 28.962255763574877 42.49493018077482 58.06493979387122 102.05536943545243 84.8129848847797 67.60103321037694 50.4506718364464 33.45675115707339 17.092437474726907 7.978843981070807 20.829925475804824 37.45427813997197 54.5020496701506 101.9479825847761 84.68432835582182 67.44029360437992 50.23608613552944 33.133803213548546 16.454388380652627 6.508325051745807 20.314603352962347 37.171512482111254 54.30905069540225 103.76877948640796 86.8578625208211 70.13792548696308 53.78736399878216 38.282425271828835 25.233296810165797 20.164475584643366 27.842494640011036 41.743437381567986 57.51987696035197 107.41973003392795 91.16904902468498 75.38766832236645 60.444300854279554 47.14270264014412 37.283552064235025 34.00588232552271 39.00570146610053 49.851754200649445 63.62120702046916 112.72309672385413 97.33419813238326 82.70488538922318 69.31776365997173 58.03885768194335 50.30673905173795 47.87200996299058 51.491679256774646 60.08127061187611 71.88064742860124
54.01531822254176 50.341906598509105 47.38371177393989 46.209467292873576 36.53185483106908 86.04631469910457 60.31676506924319 57.237577943030026 0.0 8.901566258520452 29.89598607630963 53.86879765892526 37.995228921508605 41.504252060535286 17.086228869133365 66.1544670583696 80.73666793704673 44.81670093108173 29.44924534840146 77.19222459484689 37.64104345041879 59.7497542386084 41.80614942453997 48.45842024719284 39.52491905120525 69.92223642793086 29.72035204220573 60.8710408505011 5.828394914323176 11.555439333945007 22.398153442421744 23.103729272718546 77.69302609735234 43.93993456662241 8.199710554318765 61.96264595773888 82.48469917153848 51.975701570216266 25.241504355286434 74.18961599126516 72.61777770583076 61.53904018056412 53.84669035598785 51.093829636186605 54.040665800632574 61.878174359836216 73.04877913126911 86.26726245437865 100.73061986432613 115.97403051055122 63.37001722802555 50.35098863910123 40.66192196680775 37.01713936595688 41.05913032889739 50.991593695370874 64.13376598534887 78.89768132761417 94.52647864849688 110.65429535140397 56.21464373028455 41.030016681512926 28.38220191835287 22.94226493379107 29.08361519080145 42.00091478228696 57.280084062578844 73.4618964874251 90.06110957807779 106.88343042241064 52.022447872280495 35.096812543745415 18.866654109244564 8.878527032620225 20.010473900062735 36.341754327286864 53.289214367497614 70.40930937496651 87.6008820951083 104.82877209734936 51.52195923723594 34.354045534898816 17.452852929375535 5.264710431389341 18.696142550540344 35.638291014091436 52.81423384212157 70.05221107176777 87.31548960832907 104.59154193730072 54.81440057813227 39.09866476348913 25.5245848851151 19.31359760804009 26.329402638803383 40.151856816395394 55.944772231311035 72.43048561148396 89.22580749689402 106.18392520827109 61.29150657614598 47.72103000896686 37.37181767302974 33.38737683062234 37.83502651595862 48.44553287630208 62.13821854702273 77.29201043424418 93.19688661036032 109.52612745250114 70.07561899478547 58.53172749948642 50.39877377916246 47.463798844029576 50.63882434353476 58.94464682204522 70.5928804827249 84.2077234483172 98.98095336601838 114.46492955156627 80.4141335560748 70.53147141337885 63.887706378690986 61.540917896299526 63.965812019843746 70.67291292843784 80.60019304351181 92.71901961121323 106.28234593969474 120.80460463283879 91.78315813110218 83.20727505617558 77.59792920342143 75.61819952845062 77.54657356810903 83.11146451161811 91.65285310895985 102.42880903818079 114.81185412051057 128.33763383783545
61.01243220602463 57.65688880962677 43.89714768349888 51.7217696384889 43.05775896213656 89.97272058587022 66.7213142756861 63.90462870997656 8.901566258520452 0.0 37.277753560785406 55.32490088215634 46.8962455877447 50.286917423214895 21.959572515997476 74.75271328000254 88.83897828763098 53.38121475019432 22.350182972989575 84.28481136408719 45.442316293377104 68.33138304350915 38.09835867317663 56.54239435869296 46.71486607962564 74.89105556236564 38.42129451011511 67.87725723711179 14.28199594656658 15.299993844793288 24.11103760873401 27.923956360864945 86.39409453769838 52.800429059844994 13.71486889831846 70.42213728903374 91.28285124104963 58.43686916382325 20.94092108312789 81.15103396522079 68.88923594188361 59.61169672275972 54.40662963829875 54.454639068108314 59.743062262344516 69.07864116966657 81.0751703542188 94.72701428095407 109.4163179117609 124.77721514721952 58.42160092884296 47.191141350492884 40.49234584038681 40.63203421218005 47.54997602153106 58.904533933272674 72.64429708429888 87.65471785612958 103.38380486522439 119.54822682316014 49.83238778520863 36.075453091878 26.80149551726338 27.0908178342187 36.718048187214414 50.608577506166064 66.128296321968 82.36131030020245 98.95721144455645 115.76002920654227 44.22997073021261 27.872406757070774 14.005883427717881 14.634597612404379 28.825181499688828 45.236309467348725 62.13267469276496 79.20434204784374 96.35818231201517 113.5569626319247 42.803752973141755 25.559920300454394 8.554025420505287 9.578452065619688 26.627724367691417 43.87525765142953 61.153530813077964 78.44223349561753 95.73571553293775 113.03178327077738 45.94433057456282 30.50828541092215 18.69068373546122 19.147847171605008 31.347259164692097 46.876150396380226 63.33094431498669 80.1433450302943 97.12782922727119 114.20764808478162 52.843609595048065 40.11489702434032 32.01049439333578 32.23115634224489 40.64150620769518 53.510050591387284 68.3639371415263 84.15841721621806 100.45078085673076 117.03327928633827 62.26434180150877 51.85217749047883 45.81650346208199 45.916873772000585 52.117849466490945 62.63293700190747 75.68489274812319 90.17884902383685 105.52227376320182 121.3934896799468 73.23980909890746 64.56833695029903 59.77262781156877 59.792644479606786 64.6239122277499 73.3214574914057 84.70253021482817 97.83505261256937 112.10518637863714 127.13042320443726 85.17094600661416 77.78463435997702 73.79360306992709 73.75113272621002 77.66370140283189 84.98681465648191 94.93447228320481 106.77563674279104 119.95084988130782 134.0673837410558
56.768784418356454 51.966605096162816 51.27226898672247 56.94631692655122 45.51834059442604 98.10342550251798 65.1047423582444 61.190104279672695 29.89598607630963 37.277753560785406 0.0 74.72205638156267 23.276188986659296 20.69851202467932 17.37491744776852 54.50246810367366 72.89153856537882 37.35695495642136 48.613799855547825 76.56611585358088 39.43462789656132 49.13342089938373 47.80810602157133 45.09597392752997 44.441827830341644 79.5655050540415 12.702271078559303 62.52961373712186 28.181686806640737 23.31492886948207 23.683426640410975 42.13206939423549 63.46779526157867 24.645311198294973 23.646097148366128 52.55521936197911 66.16099686536585 57.761967825583554 39.02787860114311 74.57484914027765 73.32512352094511 57.51879893131649 42.88310746189436 31.116229923840557 26.38539004421218 31.982308155185468 44.139069384237175 58.9267090653606 74.80084772503292 91.19587042933524 69.45308665534766 52.517609441644495 35.932996117514094 20.56633101734601 12.388728186245997 21.970435900459115 37.5583862041916 54.19665624267558 71.15220006799329 88.24231668612218 68.34452830602456 51.049403046533804 33.76125210871209 16.502009786547287 1.87725878591251 18.260489166777415 35.525771197505264 52.815044866510405 70.1105633969096 87.40861986050535 70.13063402209922 53.4063774517366 37.214095086419164 22.72111331142429 15.694632953852668 23.98137638754248 38.76343276544588 55.03465655844284 71.78952236682318 88.75454927601125 74.60376368013544 59.13285540002287 45.01529618978352 33.98188436779943 29.69628445100075 34.75168234906561 46.17573835749151 60.4601312474806 76.00898235626343 92.18466574156928 81.32166068216432 67.37501503432276 55.35591223546198 46.774625619847164 43.705358920002666 47.2351077991153 56.13249177838646 68.33199888493485 82.37943750557008 97.47915464048853 89.78175600093842 77.3325316175113 67.07141274648977 60.129240766547646 57.716323588480236 60.37813882591939 67.51712755772664 77.91214671099523 90.44744287289822 104.35456130278503 99.54071806090992 88.42769582845139 79.55657442239055 73.74095188795873 71.72792862129687 73.8292070306678 79.72011154465443 88.6483438413884 99.80205335457455 112.52137196138557 110.25406417661634 100.28348421535979 92.5001254218228 87.48969458192359 85.73970825498172 87.44613166969854 92.41770271418638 100.16943178560582 110.11573825440632 121.71981767735048 121.66981547333125 112.65987721312725 105.73370583241287 101.31954324896643 99.75143016262622 101.16180343952745 105.43119941927787 112.23381766033687 121.14366067319624 131.73385249832592
40.60327913339178 42.260969944925385 99.16788147223498 26.35409576939064 33.57608633652566 39.09602733501763 38.02156445914475 38.91012827895815 53.86879765892526 55.32490088215634 74.72205638156267 0.0 63.681909707913974 71.11576404815183 69.61137350622836 68.95220043730052 70.7367758981471 55.641728933313594 75.1446715800743 55.621626139206356 43.55155022099399 64.31253740815725 93.34849983182372 50.114350396663895 38.43167645878763 32.106204607051964 65.51508484226882 44.04307635211046 50.861635704567504 65.25796868840449 76.21070167989271 32.925966948789636 80.01845937857419 70.26499120741931 61.57875099402397 63.3294568798648 86.94786514849434 34.933402405827266 76.21520518534533 52.08621667344209 123.9550479589899 114.79764606680813 107.66061767715992 102.96495075385315 101.05155614000421 102.07701182215173 105.95602444557053 112.39352881384747 120.98179594716457 131.29945928843463 112.60986058969831 102.5032087212385 94.5066731441952 89.18963568998157 87.04451353009925 88.30277420592432 92.82612188787826 100.17322123318807 109.7785770285463 121.10604473163369 101.96496998861309 90.73717159012895 81.65966510480743 75.51195200590331 73.037636055417 74.60311695625974 79.9715026291221 88.45306551985648 99.2528879203101 111.70055556809167 92.26326305573156 79.7340050521357 69.29076343952235 61.99681216875329 59.03131393576534 61.028549186245904 67.54974530990297 77.46062775246183 89.64388488153504 103.29859546786713 83.83299708031058 69.85532449693777 57.70844798284563 48.77978293995195 45.02636034486579 47.68629441814477 55.850656862113595 67.55229615349384 81.27750738200498 96.1637007586342 77.09255056479842 61.64430078952827 47.49196950681438 36.18927183679436 31.024965837166373 34.84454756503784 45.43616803286015 59.27442211149745 74.57330452896666 90.59584571363344 72.5147918932122 55.841627548278026 39.71009791294422 25.183497977503446 17.0363567007603 23.34477487615373 37.39561155440187 53.39098424033519 70.01053362080772 86.89686198392921 70.52221098153419 53.24076204885093 35.979005067946694 18.791285962808264 3.2325857935591915 16.324838559984286 33.485290164884276 50.741920747672275 68.02156970563703 85.31025102291275 71.33180926964265 54.30375679821698 37.52708351702052 21.595809741031005 11.099054267703321 19.460524635664548 35.113359832733714 51.825640995316675 68.82992878526184 85.95309264218871 74.8527068372371 58.83233388543106 43.798057292980296 31.209079730195505 25.06898512774112 29.691950017425658 41.63508495374172 56.42746871084032 72.34188740844554 88.77696010312886
36.02116387475388 31.194403525313472 73.11734807144788 40.60829606284875 30.410921389892614 79.43527856387958 44.59390840188369 40.59994011532794 37.995228921508605 46.8962455877447 23.276188986659296 63.681909707913974 0.0 7.528031910246895 35.30866063310715 31.691214938110605 49.68911621549077 14.60688310547293 64.83919768033952 53.832859998318554 21.236026527087667 26.011064336230547 68.99415656763803 22.97305662242831 26.857305251974623 60.465416987584966 11.310400762697197 40.9182887135066 33.058394173044334 38.41055629624926 43.84601327325312 35.855639174210744 41.720645057113 7.055271103401852 36.4121321112902 29.33683884606579 45.52785364070998 38.392538002429234 56.991480980372835 52.113304941031465 96.16050885909002 80.68511518107778 66.12138949627332 53.223063380478735 43.497779161156764 39.37162808469506 42.50763924153347 51.59825267855421 64.16047034389797 78.54589880821058 91.22740684101171 74.76574279014524 58.788632064782334 43.82922146538113 31.37847156330517 25.4347543774455 30.13229848596644 42.04395941226481 56.79915548010032 72.68634006867201 88.29519076568515 71.17532752814174 54.17127229819045 37.44114305629892 21.63017803025225 11.515336173351692 19.901112784438777 35.47137677395238 52.14494997334023 69.12804063834454 87.56514058475425 70.27181634054625 52.98411150409116 35.71018826419864 18.488715308514568 2.676044760980349 16.468254651750687 33.674310399704474 50.94534840812129 68.23204116734092 89.09141930172397 72.15622560141153 55.44793117695466 39.25732453328344 24.627510352922037 16.450023763870227 23.095553175051947 37.348603053784096 53.43354753938037 70.1005145071306 92.76269887487162 76.62311382063842 61.122777366259776 46.899843569361735 35.523313657858544 30.379686835439614 34.38973689634711 45.1784429564012 59.1459084356276 74.52579643228927 98.33898633940936 83.25779661208209 69.22332781358757 57.0138709888426 48.041625820532666 44.318371954757694 47.1056507107748 55.42987028626034 67.26591013163812 81.0903124078635 105.51862187298231 91.59030018481661 79.00685754628552 68.51336305064557 61.1945685474661 58.25947518728716 60.35109447830981 67.00029616774101 77.03584681474265 89.32357263449734 113.99897969888212 101.20201527156635 89.92561594633402 80.8088664555722 74.64728648075474 72.20145321865517 73.84152152930218 79.31442960464163 87.90719636022953 98.80920800521632 123.51231948780766 111.76327034341053 101.61417846980781 93.58702405118034 88.26266488387888 86.14372926327935 87.46349700207908 92.07421822456138 99.51953151307626 109.22128812678285
42.886844772071896 38.11732623034783 71.89660196901467 48.1141128886268 37.92631015217485 86.56610509049769 51.44839937776003 47.466607996884555 41.504252060535286 50.286917423214895 20.69851202467932 71.11576404815183 7.528031910246895 0.0 35.61511325823474 34.290879964555245 53.14064322439025 20.860833944971752 66.41547110829839 59.29703915885763 28.7370844997926 29.44296371571997 68.23206630259504 29.438213258681596 34.35635691998698 67.5787929792412 11.983618343251997 47.3623158536349 37.17864877208372 39.84058245282744 43.46238922339785 42.49605719354397 42.784455718984184 4.019350852233134 38.49597883522669 33.07957708102397 45.532866575420655 45.59000261341194 57.78400912875316 57.8700443100645 93.94286303854743 77.88706142698757 62.499886200997494 48.42298863355072 37.17585906216385 31.906296895750742 35.39332821299131 45.67353936555114 59.314124204198045 74.49138928577683 90.08302910522168 73.20749294039528 56.59005158894135 40.54926486965461 26.167992864052035 17.999912389929626 23.70531307557627 37.39784641429542 53.235025981779145 69.77140598087985 88.33218722521835 71.05202578002236 53.785862094936235 36.55353719607568 19.44522378873708 4.334270554998604 16.067625857438603 33.10989016209512 50.3296590371676 67.5914037244954 88.8151759619575 71.64885778837825 54.56826256299033 37.69011609768599 21.496686705799174 10.118465434982268 18.476262115309083 34.33765129286177 51.14185611047701 68.19543761931551 91.4966199029995 74.93224385082458 58.79423166593373 43.55907459690194 30.606128082711034 23.974736007822656 28.48774562924903 40.58356969741325 55.508660600538676 71.51298810593528 96.1928079887634 80.57437879310719 65.80358112139524 52.59941654076143 42.449882380153014 37.89449787829426 40.84972443642036 50.00113564033302 62.69157603510215 77.19495066231883 102.62746928295945 88.12329041442274 74.8179897746511 63.47006611838692 55.29798740574724 51.82649851386253 53.97040767276314 61.14183739116196 71.85084601944077 84.7671179562279 110.49722440157024 97.13534026867491 85.20331227745017 75.38320026848989 68.58820385789925 65.76282308762362 67.4080741365794 73.22322297913706 82.32936702193555 93.77260437273848 119.51882608365112 107.24218698644975 96.51790483245911 87.91591232490002 82.10597865039932 79.70105535193682 81.00498208293752 85.84892791531539 93.68538909467199 103.83904968101942 129.45156376674987 118.16311510261457 108.47122526334317 100.83730550109676 95.75483373283811 93.64018751583673 94.692406164825 98.81037083711784 105.63615629469217 114.68729737828454
61.87740562953036 57.47863877099743 38.54935769537662 57.642132557252935 46.62314686656403 98.87751367826584 69.39351145011676 65.81062760186344 17.086228869133365 21.959572515997476 17.37491744776852 69.61137350622836 35.30866063310715 35.61511325823474 0.0 66.73740294361845 83.77764714751103 46.804868362941875 31.347596979818487 83.98419843960515 44.07894897695617 60.72321190800493 33.977526440588775 52.8924447423223 47.74575697573743 81.48639937521557 24.257801760844277 68.41756770427979 18.765914189140343 6.699273403943555 8.985605976870833 37.15943502413107 77.0277284352528 39.12186289432673 8.942650651408524 63.68665459424115 80.61922055177511 61.26352852689465 22.195112718014425 81.43254981017334 62.853537973294074 49.21154676834938 38.62244603822859 34.063444390434114 37.784269910174984 47.89250217596689 61.30612024734514 76.30135580632381 92.10896437841022 108.37404505956074 56.386261573724894 40.67119824405857 26.97394818619155 19.993824964479458 25.896405821860405 39.24546182791965 54.84979813529264 71.24258613111098 87.98422269672163 104.90782835481198 53.009659808091435 35.867105213965296 19.01546403802823 5.953145506966254 17.550083845009283 34.34071020232654 51.47112534349605 68.68757197442059 85.93836032903471 103.20627132604893 53.31428619683619 36.31377410650522 19.84138459628087 8.208786219605201 18.43369402383136 34.798437539517174 51.776198302685096 68.91539335896643 86.11969257151137 103.35659016744543 57.24139474281632 41.843383789907975 28.703160672358333 22.26174451624364 27.676890648467136 40.43694416939423 55.7045222783612 71.89959889621727 88.51452994417893 105.3508560553822 64.12885721643799 50.82301450088324 40.64670215374412 36.33231491387093 39.83248593867401 49.51690502363748 62.577375689153634 77.32166016728705 92.95190924150116 109.08795923389143 73.14506391133102 61.7657544916967 53.65181822510851 50.405633489748354 52.93051382613175 60.50827892127074 71.55113877322472 84.71469895426345 99.15793510990525 114.397172554499 83.60400579339117 73.80338791072079 67.10397543714987 64.47976536867706 66.41558502911721 72.54731488965813 81.93832455357062 93.61281073287279 106.82472001027655 121.07178220381576 95.03039097360212 86.47976896758881 80.78000339361881 78.55412612738758 80.09229545272643 85.19086879441905 93.26776365159195 103.62890823664806 115.66204555769231 128.8997681013818 107.11492694554288 99.55104501667793 94.58268862729362 92.62845592535244 93.8767710432499 98.20558472432253 105.23543621512523 114.46977170387355 125.42261225891845 137.68444403794197
