0.0 61.065465189218756 83.21837606514178 72.67857131012181 39.230234051077666 19.295431182756417 22.268223895848422 35.70122338213903 9.864941584427616 49.22254356216882 91.24707925556447 37.82755223871747 74.9488301013847 43.604201833771576 25.51182417599579 86.48114240729221 20.730707560191295 37.321712909712474 22.359600500908257 78.39126076965152 6.7948861358618995 54.90066079770765 78.38052192830334 54.86354139760417 33.76631771417159 54.67970914212013 32.12839544624701 61.48958799132928 21.933234622176247 39.52124492817744 87.96175434850605 41.45113168306614 59.8671087632928 27.130136785820234 22.612769708698547 53.72027905797157 26.486189082234127 20.556663287695415 23.436776666050985 75.60618473496791 121.22100688290985 91.0561704325268 65.44251271296756 51.66257253371204 58.737747373414955 112.06754030904656 78.58412083760516 46.76150029603331 24.34451021694013 37.32982522451035 109.53950783056709 74.96923362081007 40.45642478352236 6.921901869797279 29.22254690110495 114.07837305698517 81.40039273981652 51.31283854229347 32.168705030157355 42.79577655161523 124.91593029766186 95.87658749444223 71.94050100662965 59.6098700836046 65.77250800739341
61.065465189218756 0.0 35.53470000789555 107.54695734511125 28.480765313366504 49.83780308033291 44.10748712613141 38.46348049336192 62.856194659859206 36.50531338906407 42.27816402522092 37.93742567695526 44.335349942575874 52.20584889655851 62.414384560205875 36.28323038515887 67.17119320417171 46.04314730760548 80.96315696867633 66.30957314777896 67.80077527090707 7.849421217928643 32.82595160388563 50.21797897145888 30.057472950809753 13.251330138470216 57.86448443642043 66.07553564394587 41.37871238519621 35.191662323276404 40.16963073264904 54.358324390449575 46.016688419810336 66.95370607562316 73.47211991259482 24.365624440599728 70.17661183990563 74.8495367754181 84.27507968323732 67.0676179004166 64.34362535761987 30.987809942365693 13.237759395672189 42.25025266863686 76.09061108453893 65.30192166073611 32.914166503653085 17.239286708037486 43.656533546996606 76.87289575632653 77.35449770713238 52.791391277248174 44.55288643183868 59.81475073164374 86.9796823368883 96.42684247483761 77.91606166261982 72.37707728059263 82.46648957310515 103.71959517818244 119.19481768986755 104.57102470280955 100.28684300038309 107.58466238545212 124.44326140562791
83.21837606514178 35.53470000789555 0.0 104.86397124402555 43.998192656447905 66.09021048811715 61.46505506632499 49.23902675211677 80.96417788945391 37.514164201500606 8.051845250317378 47.37265864540522 20.6829658386983 53.3229286139143 92.57326261851428 4.356294372434018 95.425266562503 52.45047580425273 105.35511428374681 45.632401242595144 89.81369614960762 42.64418226945431 4.961250962690814 43.72770971127066 49.82195746522042 31.30383321748603 65.35429124045093 56.51672748320368 61.292809897428 44.923225050380026 4.9791461865507 56.65093079558391 35.87039123972431 77.18497394954312 100.99936620001085 29.51794887426257 81.14027813987143 90.04153009815569 106.17910689158806 48.475457897819474 40.05402639411867 26.15488060254491 46.461508862651115 77.64088555376085 110.87102277045442 30.604904658507802 4.74739962654512 38.77202238178698 73.34068405894223 107.93190658553881 43.33859532988076 30.910740361447793 49.27017179186302 79.33764378288214 112.05449364861825 66.55067530500278 59.015529194188396 70.22434880896172 93.67428580616702 122.52783622689127 92.67572797936621 87.203611607239 94.94658624561652 113.22518996000613 137.91206646662377
72.67857131012181 107.54695734511125 104.86397124402555 0.0 79.64813073071352 65.23264467675561 69.7719251971381 69.55385592256687 63.01530900768076 72.52634240093343 110.39910268039614 69.75911022053731 85.18809248522462 55.60015034453871 98.01598241223037 109.21947070550837 91.91557313574083 61.59597199436985 81.33677843245296 65.98137024536683 71.96154078469388 105.95367412252087 100.6520779073819 61.660930057970006 80.5704804296071 94.8265722838567 51.245527174569354 48.65046675709163 74.27102008629856 72.4148812314532 107.30545445404567 53.21502270839137 69.15551348414652 47.28176437671975 90.85469373147816 85.20965846380425 46.590381395178355 53.59384700855906 73.45766143484443 61.69786697792057 142.9369509480981 126.64461829511825 118.49610803522069 120.15979685759869 131.2631205866293 120.44522958276805 100.8432806868058 90.69937206894262 93.15621200096085 107.35212378416321 100.85171316916863 76.63692583337631 63.00910355060445 66.79711249570299 85.72245752053787 86.1583665923201 56.13073391166608 35.67752411688431 42.30772325747002 68.56990921463913 79.14416438909261 44.74199530363342 11.608063489286675 25.739109143978006 59.87578766420611
39.230234051077666 28.480765313366504 43.998192656447905 79.64813073071352 0.0 23.2512739740794 17.970457835071663 10.109505574223164 37.791856038511526 15.31639900106751 52.035776948611485 10.037046777677725 38.3286579501698 25.53415117344741 51.2465057728964 47.261987579254914 52.64035352216298 18.144641566791137 61.37049702315495 50.59189156619143 45.86411315608093 26.321964412916163 39.18578744014776 28.30422856771473 6.522705869767217 17.431632281071945 29.389598825561023 42.81463455474008 17.297966431389096 7.8075830161952915 48.7728019049565 26.996354540610792 28.37685821030577 38.78675750846268 57.73609367520432 14.567341719442004 42.21514155778593 48.43050484280815 62.3378044577497 49.603573039355446 82.33814988243806 54.286572186081905 38.84994056436073 49.66315347316579 76.27820601306495 73.28681295547159 39.387264764497814 11.252041423427452 33.11664815315712 66.7957219567495 74.52183699049266 41.62003239092642 17.487098702647174 35.69620095979786 68.09910074255714 85.59907824695338 59.07311537089055 45.24243725227212 54.76255750060193 79.66060309644972 103.40188385655414 82.60431851667346 73.14196334856506 79.18819155179865 97.91088842890008
19.295431182756417 49.83780308033291 66.09021048811715 65.23264467675561 23.2512739740794 0.0 5.73822952820386 17.104819803311553 14.875383360527415 30.400131758210254 73.99985327678954 19.15633074048283 56.07812159591586 24.858956663195958 40.31659242900807 69.67790041201127 38.141881176203675 18.054437319757913 41.29757248818569 59.3729312661955 24.965234633839664 45.458743409127 61.15412521138592 35.65336901939238 19.809680136957873 40.45083910739342 16.028518326998434 43.63742159371315 9.449325739769288 21.27915819013883 70.63128040119072 23.181687704411058 40.58795934276055 18.7300728086074 41.363344070136485 36.78948572743238 21.1286367346496 25.273105041272014 40.51376717613779 56.78036093956787 105.23347249722326 77.446542054431 57.59034854234487 55.04659701043139 71.68267341518165 93.9203894501222 61.364722489484045 33.24244651869352 28.97124104715986 54.4834547182774 90.2853998156912 55.697367862484576 21.16115496082308 13.720295087311653 48.20324512758413 95.21220336486788 63.306459735036775 36.67272558105528 32.816254236803985 56.60177617357856 107.53007939346784 80.51155400034618 61.6140530137174 59.20524959647356 74.89339410621835
22.268223895848422 44.10748712613141 61.46505506632499 69.7719251971381 17.970457835071663 5.73822952820386 0.0 13.514825363494356 19.821668032079717 27.03688560089024 69.44111789909005 15.648745157730973 52.730141039008984 24.930845595487757 40.13683810101375 64.92346951824028 39.14455232009316 17.00051373877 44.624174279502334 58.353107819737325 28.569021170812633 39.74566503359308 56.56454256419289 34.369165559861976 14.105333699543793 34.933402405827266 19.18629344984169 44.264588710806926 4.587286080623869 17.253203724827262 66.10701112901658 23.996272663555494 38.32363417487747 24.04716109778624 43.12565968674241 31.986197690857285 26.693775803311002 30.892141033839277 44.73410424272764 56.1183138867035 100.25096396273838 71.94314402742913 51.92479473943411 51.101475371383955 70.15230147179405 89.88560198438083 56.7722896393968 27.597287832290647 26.362354194857648 54.98348060913913 87.71138271500824 53.29640233346064 19.559646248646278 17.874742986943723 51.490645054437415 94.29673122734104 63.467147676116895 39.48562445944357 38.53544647693443 61.69017039069504 108.05143876768047 82.37561334563412 65.50684587488448 64.74047396250909 80.53749444444472
35.70122338213903 38.46348049336192 49.23902675211677 69.55385592256687 10.109505574223164 17.104819803311553 13.514825363494356 0.0 31.909524029079297 13.529342586982088 57.07405088683419 2.13391979423662 39.24797118911982 16.330591258906388 52.499643877089916 52.95852019857277 52.29105239656343 8.255734750687411 58.018736201608995 46.133600989766194 41.819134352525914 36.40053806838855 44.28347649155523 22.3445921363358 12.302826271079942 26.70065288436163 19.466213114983486 34.95801692184706 15.563309196878452 4.3489884920776465 53.68503935945379 17.26520206515335 25.15012478221601 29.636813747727274 56.53491753794579 20.44803948541129 33.3031724849153 40.95572479602535 57.61104385231697 44.37396279537251 88.76371377930778 62.76794659927309 48.9432442160194 56.97258100967217 80.567466246884 76.81739486417948 44.49607534632525 21.301061584522337 36.36503353569484 67.7195838692702 74.25198208351297 39.94878480227429 8.561972869535143 30.750004228719703 64.90509648026651 81.95335935694969 52.80010606935598 35.41439686877754 45.992804047887454 73.28933589925748 97.5183684021466 74.5363652321819 63.21616616584403 69.51024345421082 89.78775296470457
9.864941584427616 62.856194659859206 80.96417788945391 63.01530900768076 37.791856038511526 14.875383360527415 19.821668032079717 31.909524029079297 0.0 44.98050683275608 88.87499301393302 33.91674316870522 70.48389140846403 36.468978511114216 35.36697863755756 84.53691111581713 30.397711706527833 31.452129690243183 28.07621664295848 71.21972952171494 12.178796083417163 57.561722714315636 76.02917907485882 48.38496969464489 33.49556724803849 54.607428922864 23.76880898508803 53.24435456799667 21.555427450233058 36.1334871606137 85.50535051120914 33.898627607006965 54.23600876139177 17.339765906567784 31.498959192157365 51.62407088426757 16.640723953946075 12.900904529961595 25.970072562192772 68.14294090289658 120.01947869520424 91.57895499184785 69.01825569145569 59.45686783398639 68.56751082000368 108.65807031034998 76.23971136678881 47.045143312456226 31.76211586572689 46.89619466930778 103.85604732886881 69.29198056684973 34.8070778099158 4.067044523311611 34.87697130410852 106.50465126698154 73.16705604786789 41.93374387212243 23.628438271570815 41.868971218595895 116.09492161790021 86.42094885766089 62.080049835510884 51.32336101304457 61.71745941278253
49.22254356216882 36.50531338906407 37.514164201500606 72.52634240093343 15.31639900106751 30.400131758210254 27.03688560089024 13.529342586982088 44.98050683275608 0.0 45.01864498793548 11.398150960950506 25.730696365405013 17.21629407557981 65.145260599672 41.54116448689628 65.48998034084453 14.939950144724756 71.5207650445453 35.284756907108466 55.27857205649323 37.28798231889815 32.58856714010349 14.099653121734503 21.338618673363708 23.26509173283949 27.895734227980665 29.765710609541248 28.69856756319551 10.1343206814934 41.59679467565471 20.18087149928099 13.067007590533667 39.67113832359853 69.9323008149967 12.738252591209095 43.62729717098098 52.87412842577923 70.86568702004655 34.430481629410764 77.53118575189885 54.84277504086444 48.98146423185398 64.6950257493612 91.46866965589803 63.72999011082411 32.80332081503874 22.03294020136677 47.850699387161605 80.55293160476617 60.89576699661211 26.945943758001484 11.77822345574497 44.11601099833158 78.41282752765969 70.36656399530358 44.24735140586672 36.86505178551757 56.169966519467984 85.70838577954405 88.26617316999786 69.0740180196766 64.39174496048169 76.9164994496588 100.40305358695434
91.24707925556447 42.27816402522092 8.051845250317378 110.39910268039614 52.035776948611485 73.99985327678954 69.44111789909005 57.07405088683419 88.87499301393302 45.01864498793548 0.0 55.170596916478985 25.243049209868285 60.29463518068311 100.48912520471103 5.999559922927248 103.43311998111965 59.94727650896776 113.39912136966684 48.674645972089706 97.82984357216338 49.6804253613369 12.87871296965296 50.05527504962354 57.8737890255354 39.14219946618146 72.70919161663565 61.78156682043297 69.32657245689579 52.78007060559999 3.422210801113152 63.66553387489156 42.058631065057845 84.62750201169945 109.03128195534917 37.53231327884367 88.60581031367786 97.75409263791737 114.16834280043128 51.98429370983857 33.075950770114495 26.76084270766119 52.27915430495839 84.52763060901525 118.11678029191921 23.093726437717855 12.672282697160478 46.71945362584025 81.23842684218813 115.80807698442601 39.81486659296497 34.682023552351396 56.70357484806793 87.30739676564703 120.10287733900539 65.18948434177717 61.99073507027467 76.35977346720489 101.06215995883841 130.34986285435306 92.33907293311364 89.89138711497382 100.1454760637025 119.88523296408896 145.29459587760198
37.82755223871747 37.93742567695526 47.37265864540522 69.75911022053731 10.037046777677725 19.15633074048283 15.648745157730973 2.13391979423662 33.91674316870522 11.398150960950506 55.170596916478985 0.0 37.121378529042474 15.622130807804954 54.501689220006476 51.13995378243239 54.38332426708033 8.165636807770726 60.138586288177095 44.27308385788601 43.92600415332909 36.30665548447369 42.41300934009839 20.615436573029292 13.31302874438534 25.81083658427945 20.34784724709345 33.749689585679356 17.62191450191733 2.8796239228281313 51.77374485569768 16.959586377286662 23.106162540096488 30.96956522067568 58.65659842116995 18.867696917974595 34.71464300007358 42.71919623333299 59.67004049181602 42.6156261077037 87.00321271829941 61.465840871734294 48.79905643088448 58.13307120197617 82.29439695446176 74.76850972585554 42.6262861410411 20.940783648278337 38.142869525234545 69.75734009792916 72.1287082330778 37.85211483633789 7.60710529829249 32.82996971814383 67.02685416755024 80.03900738473821 51.238838857935185 35.20546402835123 47.41583040811898 75.17930190410483 95.92360344657624 73.44957394907307 63.111951280946336 70.47108018774748 91.34552073069325
74.9488301013847 44.335349942575874 20.6829658386983 85.18809248522462 38.3286579501698 56.07812159591586 52.730141039008984 39.24797118911982 70.48389140846403 25.730696365405013 25.243049209868285 37.121378529042474 0.0 37.46530432499533 89.57330484098276 24.87710184878506 90.64610201566775 39.36200680798172 97.25121928041202 25.327651003056328 80.99774166357452 49.26771618261537 17.69801186469635 25.95815973881078 44.85106856110944 34.095753113767536 50.92915630267792 36.54940214084715 54.07386572520819 35.57089254094403 22.26258815464387 40.866778695835265 18.027577198642096 62.972579275972336 95.36612279637116 25.54642014546264 66.98651133767603 77.38403470226615 96.43805751662117 27.88494226599295 57.87199958084379 46.044550559603785 57.3222963637498 82.74299612377516 113.1449242173494 39.11706276176787 17.825994335984884 38.73287642752203 71.25695422823343 105.117646008894 36.31123590140022 10.395627072893202 35.95114133176915 69.79793947615323 104.14351846535502 52.09860028877611 38.61374864051148 51.60042742526945 78.92408840718225 110.40944001463357 75.61309402736283 66.83221236019097 74.90337650576288 95.65173075496192 122.81188036693246
43.604201833771576 52.20584889655851 53.3229286139143 55.60015034453871 25.53415117344741 24.858956663195958 24.930845595487757 16.330591258906388 36.468978511114216 17.21629407557981 60.29463518068311 15.622130807804954 37.46530432499533 0.0 64.85070968689887 57.543389502576275 63.00082932288881 8.498478658607555 64.52469896397854 34.837631893799944 48.33964172625671 51.47277581509744 48.55133460939245 12.350007537026393 28.63235279327906 39.28851538997354 13.871836155800066 19.39475519991196 28.81666712799326 17.76520343198803 56.90720556650631 3.409600600122517 19.567336515721156 25.716101428568166 66.06196567249616 29.704748343422136 29.70098659022172 40.77727174223897 61.88679218324166 32.00884060438193 93.28273287706493 72.03938661425815 63.8157703201132 73.14373662363815 94.98596854223631 76.5746403254337 48.76212490438495 35.86980996272562 50.89568612323498 79.3027592360117 67.96265533483933 33.829330524859145 8.048471053367575 37.14815429850304 71.34455864472064 70.48035409410365 38.59767157950162 20.172423160405724 41.45985441032526 73.65975065084784 83.12237366921846 58.427690120654084 48.094385361093714 60.059585381327366 85.41689909498186
25.51182417599579 62.414384560205875 92.57326261851428 98.01598241223037 51.2465057728964 40.31659242900807 40.13683810101375 52.499643877089916 35.36697863755756 65.145260599672 100.48912520471103 54.501689220006476 89.57330484098276 64.85070968689887 0.0 94.95212738364901 8.298685694921758 57.135080964333376 26.67287652505867 98.39283039402419 26.508526096384372 54.76368204301056 88.22191597579666 74.40413626862464 44.725830894528 61.374590386526194 55.696532223560254 83.91846263333974 37.00081423453026 55.06153577222174 97.54726177548305 63.44891005896337 77.59341557558767 52.4927525206015 14.234100910788849 64.97095699381047 51.99796734287233 44.86901787657362 34.50807425462785 96.24790995315593 126.59047927287082 93.29073613870055 61.44925327120165 35.26609247181918 33.25990230977998 122.99579735016171 88.3981442287988 53.80847497992063 19.269831226917063 15.561335117674856 125.69861611466149 92.08813214072991 59.625058667847995 32.014257975051464 29.82481113327565 134.3191669860831 103.44611938276309 75.86408585859932 56.60758205368808 55.21119528827641 147.825326006458 120.31928589192174 97.44670613029207 83.1247072145387 81.96523532804204
86.48114240729221 36.28323038515887 4.356294372434018 109.21947070550837 47.261987579254914 69.67790041201127 64.92346951824028 52.95852019857277 84.53691111581713 41.54116448689628 5.999559922927248 51.13995378243239 24.87710184878506 57.543389502576275 94.95212738364901 0.0 98.09257550236192 56.45557235120055 108.50989802152885 49.60347431375922 93.12602704586158 43.710578618807865 9.000142976533683 48.06455904179931 52.89325245910726 33.57963227964726 69.42267354602578 60.856664991684056 64.54979496869186 48.622369133968256 4.747442026913259 60.85635912139137 40.220233349321276 81.19896752328309 103.78330784856695 32.93913321808271 85.13866249102512 93.8532607585504 109.57006913863252 52.55687736604231 35.99465086655212 22.907005945170884 46.35398359110396 78.53341652461307 112.16571699849011 29.051077923192864 8.787725730940851 41.295723475948854 75.68555403857808 110.20945087271791 44.748961896248005 35.001452210583246 53.315708463530996 82.79407543281508 115.1606882983308 69.072876902402 62.99442803275847 74.56749031730087 97.70926399016074 126.20882271841306 95.653466771987 91.14086003480307 99.28956939566899 117.49413760562872 141.93666793429023
20.730707560191295 67.17119320417171 95.425266562503 91.91557313574083 52.64035352216298 38.141881176203675 39.14455232009316 52.29105239656343 30.397711706527833 65.48998034084453 103.43311998111965 54.38332426708033 90.64610201566775 63.00082932288881 8.298685694921758 98.09257550236192 0.0 55.838173005435586 18.40206935131968 97.33499949462954 19.95423426601888 59.76036177700392 90.88660879426276 73.41604159647163 46.23909432779373 64.64013749442668 52.53090335445759 81.56148260086617 36.80230123574344 55.36306576610369 100.36470470864602 61.21511567940173 77.39073239621314 47.736789237650086 6.588066757350074 66.90915107680844 46.71741104325639 38.37171882777251 26.23604331321438 94.87551245692023 130.80507837615016 98.1589851879518 67.49245098096549 43.24467862345658 39.7467010372577 125.52533190941284 91.07292680364435 56.80492491700598 23.540888806519025 16.625277427943 126.37911177541726 92.23540667258712 58.63368450414159 27.627812741280405 21.989349222406624 133.24852344788295 101.36296580514717 72.03157035916338 49.974572312519356 46.91676764346912 145.28239336942664 116.59939087065374 92.07938323189552 75.87198707858927 73.68347694599083
37.321712909712474 46.04314730760548 52.45047580425273 61.59597199436985 18.144641566791137 18.054437319757913 17.00051373877 8.255734750687411 31.452129690243183 14.939950144724756 59.94727650896776 8.165636807770726 39.36200680798172 8.498478658607555 57.135080964333376 56.45557235120055 55.838173005435586 0.0 59.05149482510229 41.49702866751152 42.6965243887245 44.45421218322665 47.5190128173587 17.626750294562882 20.40913841549466 33.68982339245421 13.146955993308948 27.78127831529582 20.580190867601367 10.851486143156949 56.525079528126305 9.018132893022168 22.796394677354453 24.743404804813302 59.358465616021945 25.625607424847313 28.68999434030643 38.17269782233679 57.390110108825745 39.141807279428825 92.45005780105964 68.54370442977579 56.958375380528075 64.69207459517612 86.7217584270725 78.13361191537139 47.73384323145065 29.103543609131695 42.54821610908716 71.89244132632885 72.48329938370034 37.88540917405799 3.4108890895498254 31.349936169532334 65.94586589501516 77.42069472579078 46.568670654476605 27.169069223998537 41.261552078728975 71.14571778210588 91.2426701087215 66.92150858780869 55.014061219181286 63.003180157005026 85.48128242675257
22.359600500908257 80.96315696867633 105.35511428374681 81.33677843245296 61.37049702315495 41.29757248818569 44.624174279502334 58.018736201608995 28.07621664295848 71.5207650445453 113.39912136966684 60.138586288177095 97.25121928041202 64.52469896397854 26.67287652505867 108.50989802152885 18.40206935131968 59.05149482510229 0.0 99.29587898513273 16.36005175580985 74.0951805810241 100.55613791189872 76.3154466654057 55.62370782264109 76.07049320173122 51.72078592288532 81.05355468473378 44.10997283531381 61.87709994163463 110.14324138193429 61.97356823502821 81.8002587790464 43.19737320961527 13.008585159793725 75.91872816089673 40.74938381330894 29.377213962790623 8.881395598654006 96.20175778837252 142.8160584292114 111.63989514082485 83.21839585353402 61.497416308417705 55.07593486635202 134.4007035047055 100.75741178043857 68.08379254756252 38.90487681836206 28.046674079430495 131.5153767762648 96.91161713969699 62.30797027010932 27.70485871200683 6.905769171156938 134.51656523858384 100.91048776199813 68.30802309138222 39.292298981808706 28.576612162736716 143.0340490807976 111.91606422015475 83.58508277004316 61.98807218457392 55.61807733861302
78.39126076965152 66.30957314777896 45.632401242595144 65.98137024536683 50.59189156619143 59.3729312661955 58.353107819737325 46.133600989766194 71.21972952171494 35.284756907108466 48.674645972089706 44.27308385788601 25.327651003056328 34.837631893799944 98.39283039402419 49.60347431375922 97.33499949462954 41.49702866751152 99.29587898513273 0.0 83.16562829376687 69.60072158986011 43.012410301991586 23.992764341072544 56.40725822930961 54.07309830781547 47.80638976733782 20.89112268496664 61.424974181078916 44.38696471719416 46.24071650126436 37.328845569680354 22.29210753749981 58.35749708150631 100.73122980233981 43.188651518473165 61.997932928967636 73.99972083784255 96.22899094584398 4.363479829874867 79.05146371452149 71.35143974075007 79.54669248778507 99.79518481466468 126.4327324265182 54.66989770310323 43.13471511023656 55.92161856581809 82.39337983448601 113.33546884761604 36.55639227874514 14.944422616443934 38.79628553193578 71.98484442986665 106.08173234224131 35.943627221432735 13.390962026605402 38.230123057515115 71.68415217308012 105.87985622965887 53.43710143131834 41.57586382423027 54.73939656670716 81.60313143639326 112.7677304139751
6.7948861358618995 67.80077527090707 89.81369614960762 71.96154078469388 45.86411315608093 24.965234633839664 28.569021170812633 41.819134352525914 12.178796083417163 55.27857205649323 97.82984357216338 43.92600415332909 80.99774166357452 48.33964172625671 26.508526096384372 93.12602704586158 19.95423426601888 42.6965243887245 16.36005175580985 83.16562829376687 0.0 61.544810012844 84.9548642117204 60.01266414069032 40.50722390074781 61.463129280560025 35.927694769183894 65.41569621776246 28.5913005300958 45.77393722112866 94.52735145615449 45.90484834002756 65.44020702323655 28.837211850912 19.775871880753467 60.2981968673123 27.253435003782606 18.455789282894788 16.644687144205033 80.1770765492138 127.96445576060718 97.84717120584517 71.8890181749348 56.18530060609248 59.50075734211372 118.45455326181074 85.15985951853554 53.55148811016981 29.63379499627578 35.82459287567108 115.15536840421646 80.55164800869733 45.94813963623912 11.346783229356658 23.262026089422648 118.58658955422813 85.34173566271102 53.837566753127966 30.142900767585402 36.24285397957368 128.20879926578215 98.16357508342257 72.31509240952852 56.72434717935233 60.00520304552255
54.90066079770765 7.849421217928643 42.64418226945431 105.95367412252087 26.321964412916163 45.458743409127 39.74566503359308 36.40053806838855 57.561722714315636 37.28798231889815 49.6804253613369 36.30665548447369 49.26771618261537 51.47277581509744 54.76368204301056 43.710578618807865 59.76036177700392 44.45421218322665 74.0951805810241 69.60072158986011 61.544810012844 0.0 39.53810713253852 51.36661254050914 26.205485423011776 15.575941572716165 55.28511646722206 67.02620471841442 36.47332698982207 33.81028714700527 47.40574660906559 53.21259606003049 48.28435492888973 63.37037290510207 66.13390648202937 26.497772971664748 66.32769548527837 69.93516054780142 77.83410936845526 69.89979266945348 72.15217780780709 38.52833425553382 12.561038971129355 35.0139720830622 68.47647890678937 72.76165508856245 39.64773634096204 15.635767325940744 36.21962341072262 69.09482395479066 83.51255835242068 56.89112690435882 43.516324493091595 54.27299451733683 79.95162680981083 101.22305857565155 80.48794359391344 71.45113487247191 78.27499230615335 97.69052308622338 122.92010411530482 106.28679763286485 99.39353611747421 104.1917799593029 119.2788301277201
78.38052192830334 32.82595160388563 4.961250962690814 100.6520779073819 39.18578744014776 61.15412521138592 56.56454256419289 44.28347649155523 76.02917907485882 32.58856714010349 12.87871296965296 42.41300934009839 17.69801186469635 48.55133460939245 88.22191597579666 9.000142976533683 90.88660879426276 47.5190128173587 100.55613791189872 43.012410301991586 84.9548642117204 39.53810713253852 0.0 39.26240182152547 45.096857161349284 27.21245165202207 60.45117059501883 52.541367872442734 56.46735778608696 39.97098838524113 9.58722197397639 51.85960222767129 31.519662839208014 72.25859472484741 96.38929664255596 24.660808076112858 76.2086495113563 85.08043471585886 101.29005271654682 45.54594030348109 44.9488908546847 28.34653870633533 44.51391174197582 74.52710268560534 107.34024568859867 34.77761780292658 0.21487239830574675 34.430568626227995 69.03431289858587 103.63813523269911 44.78801030646553 28.093091506247205 44.35444294806307 74.43285782230575 107.27545354329659 66.40637709927701 56.31170410390339 65.77994509299698 88.75689489159295 117.57280153157213 91.765292572546 84.52969149378727 90.90864908732297 108.52746253329988 132.9915473790491
54.86354139760417 50.21797897145888 43.72770971127066 61.660930057970006 28.30422856771473 35.65336901939238 34.369165559861976 22.3445921363358 48.38496969464489 14.099653121734503 50.05527504962354 20.615436573029292 25.95815973881078 12.350007537026393 74.40413626862464 48.06455904179931 73.41604159647163 17.626750294562882 76.3154466654057 23.992764341072544 60.01266414069032 51.36661254050914 39.26240182152547 0.0 33.43507772680407 36.984033153434126 26.22027404807565 15.863103308391276 37.45785626754863 21.208279984985424 46.76051384340173 15.56949843669082 8.027088480822119 37.983608995584945 76.98434347175709 25.918321053395612 41.941011152688596 53.12686082088196 74.04128433406792 22.03116967266882 83.11898233831523 65.08820810340404 62.92030253570503 77.95020292711541 102.89938691820042 64.84367481697866 39.46184025641038 36.11930138044116 58.70948348598302 89.35231050676671 55.66955011621653 21.489149921957313 14.809529559058811 48.700252713103644 83.18029159623708 59.933448632627005 30.824953166134236 26.517569757112216 53.39503319046844 85.9867543767298 75.38854286752711 54.976280282404105 52.49908724606566 69.89077692917395 96.9953143554257
33.76631771417159 30.057472950809753 49.82195746522042 80.5704804296071 6.522705869767217 19.809680136957873 14.105333699543793 12.302826271079942 33.49556724803849 21.338618673363708 57.8737890255354 13.31302874438534 44.85106856110944 28.63235279327906 44.725830894528 52.89325245910726 46.23909432779373 20.40913841549466 55.62370782264109 56.40725822930961 40.50722390074781 26.205485423011776 45.096857161349284 33.43507772680407 0.0 21.170754781512812 29.42459892059088 47.062149618948084 12.093105513768862 12.226914596056016 54.67065721104263 29.405216370656937 34.36858884597106 37.18936052581697 51.45386378195033 20.713295615285716 40.243899235528886 44.982577512154435 57.11316635168972 55.164865982279736 87.45789097680446 58.08790788786365 38.65687945720246 44.825556933060675 70.13653625337275 79.45985798971282 45.29300624209686 13.560842169845063 26.668129096443522 60.277146762971825 81.03861649366036 47.984547746316565 20.799616482795717 30.94477392982286 62.268626013374806 91.7007807773953 64.24462515558831 47.33416133730258 52.42600595447233 75.17487395179994 108.8075878805813 86.75204218704111 74.8831672061534 77.99876219558209 94.6301819863475
54.67970914212013 13.251330138470216 31.30383321748603 94.8265722838567 17.431632281071945 40.45083910739342 34.933402405827266 26.70065288436163 54.607428922864 23.26509173283949 39.14219946618146 25.81083658427945 34.095753113767536 39.28851538997354 61.374590386526194 33.57963227964726 64.64013749442668 33.68982339245421 76.07049320173122 54.07309830781547 61.463129280560025 15.575941572716165 27.21245165202207 36.984033153434126 21.170754781512812 0.0 46.121043038243215 52.83535049927541 33.25988181332168 22.955890339281105 36.28211624507758 41.624097521784606 33.08603740112536 56.110102376399944 70.46900529638674 11.249454160394851 59.60478387943571 65.71594976665186 78.10499650723978 54.49752476116238 66.75075071629605 37.009862081499485 26.05070407918292 48.809738746089586 80.50455969326465 61.88158856197735 27.37059344049474 7.988867580898604 42.11114891303661 76.66635479748871 69.27312216973672 41.34830252050476 31.865879434634333 52.11546706803331 82.5314790109803 85.81323158843563 65.20178733899614 59.44258822971838 72.18279148024142 96.34352776582061 107.35278427647941 91.50834186847861 87.27908320745179 96.20917573219124 115.27999834192916
32.12839544624701 57.86448443642043 65.35429124045093 51.245527174569354 29.389598825561023 16.028518326998434 19.18629344984169 19.466213114983486 23.76880898508803 27.895734227980665 72.70919161663565 20.34784724709345 50.92915630267792 13.871836155800066 55.696532223560254 69.42267354602578 52.53090335445759 13.146955993308948 51.72078592288532 47.80638976733782 35.927694769183894 55.28511646722206 60.45117059501883 26.22027404807565 29.42459892059088 46.121043038243215 0.0 29.49689207625084 23.77269956519138 23.225229047271693 69.29063022280953 10.742602502968577 33.26947234704076 12.054500641900049 54.71376369282762 38.707605239025284 16.070974795065485 26.90708433445025 48.432404510719245 44.545846300470025 105.39975761228598 81.59711617653653 67.83683932025117 70.28763126186995 87.59927160864103 90.02067549211567 60.66560495683854 40.64153048870817 44.9219004908061 69.13063759575837 81.76633639245834 47.70068730663407 16.119225354065236 25.281521642522147 58.42373919183034 82.79628784242138 49.429645281332654 20.644688835755325 28.35428211148034 59.80448347251423 92.80186883829882 64.68468734186187 46.37721073740887 50.1238222652059 72.5862550656094
61.48958799132928 66.07553564394587 56.51672748320368 48.65046675709163 42.81463455474008 43.63742159371315 44.264588710806926 34.95801692184706 53.24435456799667 29.765710609541248 61.78156682043297 33.749689585679356 36.54940214084715 19.39475519991196 83.91846263333974 60.856664991684056 81.56148260086617 27.78127831529582 81.05355468473378 20.89112268496664 65.41569621776246 67.02620471841442 52.541367872442734 15.863103308391276 47.062149618948084 52.83535049927541 29.49689207625084 0.0 48.21015461145893 35.16814796552006 58.72961036721845 20.46957133086105 21.687725031849897 38.65944158266369 84.10235401961302 41.77958528080553 42.041573166109046 54.23566753903157 77.12115514473294 16.791496944463333 94.30091944685738 79.67256517237998 78.72425866938043 91.88055939308178 114.37352190335429 72.74264546185901 52.721967667022994 51.59967174347099 70.28693489474863 98.0448221590971 57.35525276579241 28.215520464238367 26.409313254218368 54.71410891453138 87.66219971073694 53.73244173022949 19.93389939764799 17.389619187007057 51.01265357844198 85.42269168147932 63.90748200993945 39.79149345113014 38.43682994787864 61.3697571527573 91.92352549899962
21.933234622176247 41.37871238519621 61.292809897428 74.27102008629856 17.297966431389096 9.449325739769288 4.587286080623869 15.563309196878452 21.555427450233058 28.69856756319551 69.32657245689579 17.62191450191733 54.07386572520819 28.81666712799326 37.00081423453026 64.54979496869186 36.80230123574344 20.580190867601367 44.10997283531381 61.424974181078916 28.5913005300958 36.47332698982207 56.46735778608696 37.45785626754863 12.093105513768862 33.25988181332168 23.77269956519138 48.21015461145893 0.0 18.588615122168658 66.05234598014613 28.157024286972028 40.713313038517065 28.163449291094846 41.29760522058308 31.815049118128766 30.55102151198251 33.52238962936863 45.13046843380007 59.40434236856633 99.43064395179618 70.12393322113577 48.405528413759555 46.51494888183369 66.17402719997456 90.35901354083401 56.66998187952106 25.555264465702294 22.124769270325324 52.161177769420725 89.59433436530446 55.45398876808314 22.7595432774769 18.860025719854224 50.87490688106944 97.33263122732657 67.14423216307185 44.02134445417438 41.97896695677555 63.09843587947332 111.8219905386792 86.66610446779639 70.09019627388389 68.62232450570387 83.06730454495532
39.52124492817744 35.191662323276404 44.923225050380026 72.4148812314532 7.8075830161952915 21.27915819013883 17.253203724827262 4.3489884920776465 36.1334871606137 10.1343206814934 52.78007060559999 2.8796239228281313 35.57089254094403 17.76520343198803 55.06153577222174 48.622369133968256 55.36306576610369 10.851486143156949 61.87709994163463 44.38696471719416 45.77393722112866 33.81028714700527 39.97098838524113 21.208279984985424 12.226914596056016 22.955890339281105 23.225229047271693 35.16814796552006 18.588615122168658 0.0 49.397708227146005 19.40723211766289 22.67568405359256 33.80401200537934 59.865794223607914 16.120168885092212 37.52438544054328 45.3047114795793 61.72404794665521 42.99878737048952 84.41562464736059 58.61025708120292 46.2508288565148 56.9027986087748 82.04590296570657 72.72307466728019 40.18315411170959 18.31867907787453 38.09606246745227 70.44071117891153 71.01663171041727 37.03586287973604 9.736574161485452 34.825266560110826 68.74336391949733 79.93848181270305 52.02003425067106 37.640850646002946 50.22359900101438 77.60678282803529 96.58656894414938 74.95262396789647 65.58655541162233 73.34893683460231 94.09201183303742
87.96175434850605 40.16963073264904 4.9791461865507 107.30545445404567 48.7728019049565 70.63128040119072 66.10701112901658 53.68503935945379 85.50535051120914 41.59679467565471 3.422210801113152 51.77374485569768 22.26258815464387 56.90720556650631 97.54726177548305 4.747442026913259 100.36470470864602 56.525079528126305 110.14324138193429 46.24071650126436 94.52735145615449 47.40574660906559 9.58722197397639 46.76051384340173 54.67065721104263 36.28211624507758 69.29063022280953 58.72961036721845 66.05234598014613 49.397708227146005 0.0 60.27398780847681 38.78081458817899 81.20615823368122 105.91373484545589 34.24163214947797 85.18403660406237 94.34098067927962 110.83947170088092 49.41141251147273 36.416891025571516 27.395817084036917 50.69233549486268 82.36343973145578 115.72640482005632 25.644431519851775 9.386681302681465 43.742850910505716 78.31742161023963 112.9099391177128 40.005789182844715 31.97324392518702 53.281792114898984 83.96693575114979 116.86222277416228 64.45630451035944 59.60715626608846 73.11769252575623 97.6430583114147 126.95244268485806 91.21374656945818 87.63640532273779 97.1341142744834 116.55315274431062 141.87650724491715
41.45113168306614 54.358324390449575 56.65093079558391 53.21502270839137 26.996354540610792 23.181687704411058 23.996272663555494 17.26520206515335 33.898627607006965 20.18087149928099 63.66553387489156 16.959586377286662 40.866778695835265 3.409600600122517 63.44891005896337 60.85635912139137 61.21511567940173 9.018132893022168 61.97356823502821 37.328845569680354 45.90484834002756 53.21259606003049 51.85960222767129 15.56949843669082 29.405216370656937 41.624097521784606 10.742602502968577 20.46957133086105 28.157024286972028 19.40723211766289 60.27398780847681 0.0 22.943502888471137 22.416728204415104 64.01456143813903 32.4372858385454 26.383625135008376 37.61721068377348 59.05151011227805 34.272555616519305 96.63489149383496 75.01431219463328 65.65638967903499 73.41080077262899 94.13978715885011 79.97199560398548 52.07104710356211 37.710665515266456 50.275452485956514 77.64003112665031 71.02635519510285 37.05433316745511 9.805948776866984 34.84454343385508 68.7530387223876 72.70521720879464 40.15112386176939 18.248966517567414 38.062904569262436 70.42295451882127 84.37667166255889 58.55465533505633 46.18100381238494 56.84659247943865 82.00730181615005
59.8671087632928 46.016688419810336 35.87039123972431 69.15551348414652 28.37685821030577 40.58795934276055 38.32363417487747 25.15012478221601 54.23600876139177 13.067007590533667 42.058631065057845 23.106162540096488 18.027577198642096 19.567336515721156 77.59341557558767 40.220233349321276 77.39073239621314 22.796394677354453 81.8002587790464 22.29210753749981 65.44020702323655 48.28435492888973 31.519662839208014 8.027088480822119 34.36858884597106 33.08603740112536 33.26947234704076 21.687725031849897 40.713313038517065 22.67568405359256 38.78081458817899 22.943502888471137 0.0 45.242515203474134 81.43433494348223 21.857669023411752 49.24134487057011 60.03342027253293 80.14196091447128 21.81094515621136 75.11117194645294 58.04624918370379 59.0917831124743 77.51840757162493 104.50435917155416 57.063126838358535 31.713968592829776 33.91445637700697 60.74079425618055 92.86300129813475 49.71562040915767 15.113560257261868 19.494894436407986 54.097472482343 88.70105164722432 57.34161062725027 32.2078131416902 34.37244121681308 60.995284840751246 93.02807855576225 75.5341383963377 58.58754206128157 59.618669590820616 77.91702702357622 104.79757674901612
27.130136785820234 66.95370607562316 77.18497394954312 47.28176437671975 38.78675750846268 18.7300728086074 24.04716109778624 29.636813747727274 17.339765906567784 39.67113832359853 84.62750201169945 30.96956522067568 62.972579275972336 25.716101428568166 52.4927525206015 81.19896752328309 47.736789237650086 24.743404804813302 43.19737320961527 58.35749708150631 28.837211850912 63.37037290510207 72.25859472484741 37.983608995584945 37.18936052581697 56.110102376399944 12.054500641900049 38.65944158266369 28.163449291094846 33.80401200537934 81.20615823368122 22.416728204415104 45.242515203474134 0.0 48.56481754341796 49.784449807312384 4.016479149984278 15.648745157730973 38.54902993205951 54.77419735361077 117.1933982062613 92.39939312793462 75.73476939001978 72.99736240715272 85.5349444516446 102.07135772305404 72.4733876697036 49.81001470601815 45.8748188285746 64.208848557569 93.19656034678715 59.45886024007809 27.92780522121392 20.479687275279275 49.535057487861245 92.38778167742838 58.19483576289712 25.152088155199483 16.536870642087294 48.053725825142564 99.84127749219444 69.32711596985865 45.15574999335565 40.82473439452987 60.73796631080635
