0.0 14.027750534526737 56.09794463443262 67.97703907595313 21.528323211666407 17.959702988697853 33.12109832594834 53.63282561841445 33.27463585621864 54.407988944061636 32.17104453649972 25.70365159822557 36.228663987148984 18.433124402956263 33.30644329264114 36.27091612525663 19.721629062379133 55.45726151946029 27.130461467308827 24.684467464540113 16.409876153877548 37.540983426760825 50.824760018907966 72.00873344731296 28.624526023921433 24.581122491610095 39.526819256483186 46.572268073145246 48.60585858581604 57.13571204227848 23.038243566636034 90.8198221039334 35.815138710607364 41.26061333781557 33.446912597209085 37.13662289287781 47.093208808986375 67.46928494610526 20.83897543927067 20.88530600141654 70.28546382172783 58.15892994035364 49.22986200127913 45.42467355199723 47.97839196726429 56.02815986642651 67.63938774103735 81.30019879135882 96.14084119879156 111.69200437994276 62.009131354730364 47.88062900247734 36.58805374560469 31.3612101340015 35.02961755747442 45.48990538945222 59.24776501594319 74.4981382806542 90.4895371628226 106.88989122098232 56.141815944557365 40.03119044956237 25.530394851430042 17.315254977878435 23.378348740901366 37.30936163984873 53.25543994093439 69.84989221049996 86.72130730963345 103.73463733143296 53.48242399928622 36.225622166292695 19.05086035353881 3.505483342610166 16.135522957157363 33.2736433700412 50.523550345481276 67.79997411715621 85.08676392624196 102.37866894509469 54.502615180526114 37.70884844594152 21.727688811419068 10.997303825162009 19.19640440634966 34.85363988469356 51.57289505794371 68.58180382915607 85.70809266697047 102.8931654731703 59.01184696745878 43.94859831417856 31.29330670029396 25.015461896850372 29.51247469823508 41.411466177071105 56.192022905833994 72.103313964861 88.53780475181225 105.25069308481261 66.30197168551967 53.29966754766494 43.41041099754763 39.07402098980315 42.0452204266392 51.06396103121434 63.607875162340875 77.99424055678648 93.37530427330923 109.33206047076122 75.57236366784974 64.42103754960912 56.45934593642355 53.14080488926912 55.30761503762084 62.390857937260186 72.97263708513532 85.76766353345573 99.92936599597608 114.95374723734646 86.18626022870971 76.54480499333883 69.92019955095634 67.21051148261867 68.8793351962578 74.63353264562407 83.63406595303076 94.9623146030995 107.88751927609505 121.90276391278837 97.7066778701587 89.26332649403302 83.59407371449937 81.28147397132496 82.60791735179073 87.40788954586903 95.15719335750751 105.20610670105222 116.96341082904716 129.966284872484
14.027750534526737 0.0 65.26775775806935 72.95982074019557 18.660669271989295 22.629121304371562 26.50487050895762 59.17903030524893 38.478715255475386 57.51977368900647 40.72970829860991 33.00061918903496 39.31949429674144 14.95077239618242 39.215153056728596 40.48109476724651 31.41099304274808 61.0674884965934 24.258647498298924 16.552166109968002 25.117260690980157 28.399911188091487 60.58439592016014 75.16446066560879 25.280755585920325 28.601753838570676 41.782248333682354 51.42441785687398 56.437623015581735 60.59843075609067 35.48798180141805 93.82738340770719 46.31324224593605 29.316913976985084 40.96268649657658 44.23985489303879 55.04201197376166 72.24981521386195 12.873787988877703 19.315989220044948 63.95238397798725 49.6329619323733 37.8901455211889 31.72702426681447 34.29655571382457 44.097756435241834 57.54719137509364 72.64609467400625 88.55472675807191 104.90535217267939 58.23468167286464 42.04755642877682 27.2658754118066 17.82052273583096 22.14556857377347 35.524547746618836 51.30568083560964 67.83262038021356 84.66975845894017 101.66308924833142 55.62475830138556 38.369150920044525 21.189225952249796 4.948575398989214 14.096348761196051 31.17112840768938 48.40748900649018 65.67833954593152 82.96214273389707 100.25219955880199 56.554561349520064 39.699110228324095 23.501773102922744 11.285405071353217 17.352245931080354 32.76512708146719 49.44410691939439 66.44244808870512 83.56549018312181 100.74967212659827 60.86206276238134 45.60129770049089 32.45730445637389 25.02369807877479 28.24189991613868 39.59463282536026 54.19017972493521 70.02947094594784 86.43140988993957 103.1278867345011 67.90746169411162 54.612833252936795 44.18603801390839 38.99944297260138 41.087873470945084 49.539644103766534 61.796808386905425 76.04091604461824 91.3471537382265 107.26178385674791 76.94220880134542 65.4618673663188 57.00095192713601 53.02509613299156 54.52442550898341 61.097176629470894 71.35486574042832 83.95754043042068 98.00469469725131 112.95871647294297 87.35108736927118 77.3792177118658 70.3104954940172 67.06921643766742 68.20326520513754 73.5104247696865 82.18619889575064 93.29550686761522 106.07649828146133 119.99619554924583 98.70018185905047 89.94108643909429 83.8793985841865 81.12206438661134 82.00308835947122 86.4112551536906 93.85086510173834 103.67133687471214 115.26573056965363 128.15347261246876 110.70055878990686 102.91157940419706 97.59939451559055 95.17961767045989 95.87151091917572 99.61025433078677 106.07416323181796 114.80384408983112 125.32671823843368 137.23089726466034
56.09794463443262 65.26775775806935 0.0 24.727947976798177 51.52812567405917 42.989850163180265 57.3529980914646 18.30695794237341 29.3635645757521 28.555073955636384 24.53904686711803 32.370529732074075 32.72659116815829 74.52529634665844 27.80757873190693 29.74969329833974 61.98817339343153 17.960170528061507 83.01776777512048 59.61320646806651 40.43218554082756 64.71586507191066 5.990561441257413 34.60838961805031 50.38105811633324 38.33643378892638 33.68625794559503 22.719568684059727 10.62643541457489 27.447506762194003 35.289818007271066 48.55425802697789 20.796132335995967 74.93287154710053 24.645692736723053 22.03725249213736 11.429433886556195 25.315019831701342 76.25908524120435 49.80329533725332 126.32419109723327 114.00926290816335 103.13632510657814 94.20599683705393 87.81296533079465 84.53486072185014 84.73397920245819 88.38682335527103 95.0962281644511 104.27383869345103 117.27394229963411 103.94028913047747 91.93845328160361 81.85636203081653 74.47776946354988 70.65480599454321 70.96445872854412 75.35579952320427 83.18490228046949 93.5929951397411 109.29721213582084 94.8923739288405 81.62072451280743 70.1286011657002 61.4230960185634 56.80027059192098 57.25768722163959 62.684230428910055 71.96444076553472 83.82807832983448 102.64470862613332 87.18414170571425 72.55975243032955 59.3924703351713 48.87451426258692 42.996226677687474 43.67307665950443 50.642911582593214 61.81242686085103 75.33626276497999 97.58772763138452 81.1981502619832 65.28111698658279 50.287358963209385 37.34598124928398 29.314429330832354 30.375299604729264 39.808183740577014 53.342607425076466 68.59216900327525 94.38315624285468 77.33545231624818 60.432414687436804 43.84169091600687 28.121584899100377 16.07064931961657 18.011678415137887 31.452947502029748 47.46438466105541 64.14951498942533 93.22227093281565 75.92088691536247 58.61982551968539 41.319492006815594 24.02145909897693 6.74345435115863 10.612796885277309 27.901654801639477 45.20051797724617 62.501079286299095 94.18069093102426 77.0893596108344 60.118623792061825 43.41015121598083 27.447154152144154 14.864859704451161 16.94976629759343 30.859971509726176 47.07540595833134 63.86362494576749 97.19572960682217 80.72877126899746 64.69906599703587 49.532956147868056 36.328615748983 28.013083968058165 29.12743377399135 38.86890655530921 52.64870719228735 68.05652661467747 102.08528531436274 86.52784686013511 71.77350756202972 58.43380694789469 47.71046533407632 41.67460271869293 42.37878977233972 49.53641523981265 60.91351531832734 74.60403181691885
67.97703907595313 72.95982074019557 24.727947976798177 0.0 55.39577828968817 50.97664975286159 55.926781274822375 14.399060712957796 34.89950858984753 17.00835071756649 37.31025250592221 42.34446838128378 33.764515732587064 85.35915459022826 34.68076268941232 32.498361252447175 79.22463940861363 12.653065429966892 94.71547657994017 61.98914626238742 51.67055645233377 62.07800289240765 29.26897069932563 10.2867605443816 51.10071166442814 44.51755847451082 31.924642094938914 21.613700588735867 22.77030270816301 13.768660783792248 52.46297698428127 24.92636825445552 39.12682609965457 72.6698331938766 35.067406882965585 31.29969412835638 24.184424334674624 1.2397355087627893 85.47976032181228 54.19351555237133 136.79764938578202 122.47159176099751 109.01225820947658 96.7819292669958 86.30468682087945 78.28757145450221 73.53962512794567 72.704173378005 75.91050607218747 82.68978643403878 129.77160946722952 114.60779555329724 100.13950092892469 86.7155646833819 74.89963510055071 65.56689855503923 59.8897128259072 58.93414873435643 62.915711393630254 71.00870553431079 123.94638986759973 107.9988709606405 92.53922631804177 77.85861800610222 64.49127150127927 53.432083188121666 46.363289786842856 45.197626907061945 50.3467975977256 60.2119447515171 119.49781948943537 102.88702483124209 86.54744229446096 70.667450287527 55.64194610203485 42.38953497559122 33.11235507292706 31.5387430811824 38.62208494433327 50.86597536046691 116.58366112963355 99.50333420663574 82.51538733234223 65.69152858277343 49.20037460301833 33.53638244119255 20.673973639657305 18.134210143303687 28.79232747882814 43.90738910964356 115.32034059810752 98.026970131771 80.73726735392889 63.45423039766572 46.1853431291446 28.95593261443235 11.938161341031192 6.731040622093955 23.383919015574484 40.583518553915745 115.761935883022 98.54371683506876 81.36101965038986 64.24235341303238 47.257353799854116 30.629202845006002 15.548366741212686 12.002850176717269 25.398783023157776 41.771294071342304 117.8892832777653 101.0229866130725 84.33335775361506 67.95069778271132 52.16502776545416 37.73318973918989 26.927825526088494 25.00265307522707 33.524143950392705 47.13082311999688 121.61392096423613 105.32624964372047 89.42034666094399 74.14232510092437 59.97396758103135 47.910078743581984 39.90715405637791 38.580988666054296 44.532133004559135 55.465624447048114 126.79511426685173 111.2419727740796 96.28734246017385 82.25830314608197 69.71588672810991 59.60605334808497 53.33065382111784 52.28896619879991 56.76983039611036 65.65204953476605
21.528323211666407 18.660669271989295 51.52812567405917 55.39577828968817 0.0 10.873636301081481 12.236609450959635 42.24678113500797 22.498103739192107 39.34369115448332 28.14816473913205 20.257272356153386 21.68801868053494 33.105719958553976 23.8116086853346 23.503556760346704 40.881996136318755 44.124118840565096 42.643767766755296 8.275847927160978 17.278637879016113 18.384885073776083 47.84675900298436 56.83013343329953 7.2225500054190865 13.23962238914362 23.624795398892132 34.29291400076018 41.595938915711166 42.5101569213307 30.549717455751445 75.37333315450985 35.83860174291246 25.93981719273395 27.059039591051196 29.50845214171766 40.402421352336845 54.59009259999784 31.527209222031573 1.8810206829176574 82.27557540931596 67.27305824696208 53.672761217412834 42.83191685472878 37.243627377248316 39.2212867334295 47.83552821776025 60.306492691120795 74.72760691627205 90.16797815149471 76.89533185307891 60.6069727019162 45.080253128047566 31.463698238315153 23.37542286988843 26.48711922129865 38.150171398296315 52.99070365219697 68.98771464627275 85.49447861324498 73.86512496142836 56.73147595061246 39.7438957174161 23.225144463708343 9.89700102195937 15.975203548131802 31.79900679087777 48.6401042625499 65.72104577496803 82.89369806040278 73.47632749401618 56.22665324743721 39.02327318797475 21.97518251796029 6.458709204764027 14.115051682016063 30.910644200345807 48.066772798616725 65.29988400575438 82.5617861758748 75.76961744359936 59.178834651301784 43.150270510340754 28.643830939085763 19.43461056872946 23.100886485091554 35.89303074666442 51.397278014468945 67.77730113924947 84.52547984731012 80.51611315942239 65.1195001527942 50.96040008448475 39.396493603504794 33.25527468906842 35.47465483944151 44.829646800296715 57.96250152806735 72.8581786031063 88.63230252029368 87.31660076437528 73.3257831214733 61.05616204638244 51.746904541164895 47.18402364958319 48.71986041029267 55.85356086659706 66.81555565080123 80.04823198918749 94.60350503167771 95.73427554034132 83.1293073695621 72.48867013468963 64.78756189262661 61.14690816565171 62.28287007405513 67.9563297662159 77.1729546537164 88.83671779444886 102.11246373711316 105.38221255496049 94.03170315595833 84.71834301711695 78.1736532272837 75.12475254336314 75.99357078792289 80.65359959763977 88.50801898909886 98.79788303750396 110.84701136920128 115.95360584751765 105.6933357800854 97.44536129784288 91.75396634544052 89.11036378387156 89.78417577374991 93.70386436592209 100.49032225356098 109.6123634788461 120.540907076204
17.959702988697853 22.629121304371562 42.989850163180265 50.97664975286159 10.873636301081481 0.0 22.158274289476886 36.8861039638443 16.10938526485683 36.62134256665819 18.642460189889132 10.640993314839791 18.31437506152628 34.40266458553202 16.65184378720744 18.650645434712665 34.74215946854201 38.76250722800002 43.83212388472178 18.832681567956964 6.675369463216214 28.973904968303472 38.68436511535519 54.307435614932295 15.074407235429375 6.672234607625269 21.567204686290555 29.36812110832742 33.84735400332584 39.45500679633922 19.82250550706264 73.13003191529873 25.56732780397522 36.801838473565006 18.43622372062731 21.62003731002411 32.47657975641448 50.36265535911722 34.66116028013341 9.03620944855746 85.9214777771524 72.17007556414912 60.27637758719441 51.542856031469796 47.736702290614815 49.996218938851584 57.612095046552064 68.82868230546381 82.18469410289323 96.79856820257807 78.87446754761439 63.65936910140062 49.82526411970135 38.87552754156951 33.74558290433844 36.94496063569751 46.79534051678599 60.11144399059347 75.07113646370448 90.86623898854779 73.88929117043052 57.39726336964425 41.568931133131784 27.572049785584372 19.77805662408141 24.916597257608725 38.06854100950052 53.631171075151315 70.01501915854706 86.75606610025693 71.39921823427864 54.16938566138063 37.00688810566568 20.085084950546015 6.002079102186927 16.350923995316766 33.12693652189281 50.26080557474336 67.4804910814122 84.73369000592957 71.66484379834783 54.517427690993664 37.512174956731826 20.99737794279382 8.56327936657536 17.449438073994944 33.68010224503972 50.6253784965755 67.75117616063359 84.94838466334701 74.65675605092335 58.377461739425684 42.90613015439577 29.54073663856307 22.42956504550054 27.059689683717625 39.49784011929943 54.650188408111944 70.79490068219616 87.38365970088374 80.06988373325514 65.12795457669336 51.67999384462354 41.21529049354695 36.40447345405903 39.377383290459036 48.72964244135615 61.622113728681185 76.28039629221394 91.86304984406165 87.45572055940606 73.98179028267741 62.42442366341437 54.02789268143967 50.397607554457664 52.531187390006004 59.81499470653371 70.67420092600048 83.7290445591506 98.10690225602447 96.36163087026651 84.27855550379256 74.28915921143899 67.33184001574456 64.39695201399859 66.02311279228184 71.90152058288294 81.11287904257587 92.6685646583254 105.80321285057143 106.40651042678526 95.55279197653958 86.81595514806288 80.88490281230375 78.39903289495098 79.68144474161859 84.56086763178124 92.46962449479898 102.71030130616838 114.6597747888457
33.12109832594834 26.50487050895762 57.3529980914646 55.926781274822375 12.236609450959635 22.158274289476886 0.0 44.61873381897231 28.282597055118206 38.96495187608218 36.4075261922254 29.354613179138397 24.790525857675085 41.42806847430397 30.09370432403363 27.627424324015674 52.75260561215043 46.36867163137393 50.518475325055356 9.977974084703519 28.825569979918033 7.506683489638947 54.67780011073247 55.109585273616 7.641720992404929 21.704961868268057 24.890184863258977 36.87249546578914 46.8307692221954 42.23749319035699 41.92667032872274 72.72603288019312 44.811363860030795 17.619609735946 34.40551341036013 35.816401455949496 45.92380672713558 54.93343648731126 38.43113886015009 13.645945873502729 86.64774015775761 70.50912524995935 55.08132459537452 41.171320133327185 30.901659997245503 28.521172598666066 35.6470432010694 48.23562789366163 63.097936688240104 78.9603263479007 83.08689390082415 66.105252645773 49.346626334007844 33.15097657183553 19.015719253524743 14.930523224018293 26.133428453035574 41.73373043025609 58.30235880716023 75.20198430396627 81.83922602199152 64.53737927883151 47.235593954421155 29.9339765487442 12.633216991763867 4.676215868384207 21.97383493796506 39.2752524200745 56.576983722948675 73.87880836518104 83.0091244767799 66.00792652179088 49.21677211132826 32.95827098736539 18.6793273961542 14.50171002170387 25.891979283562748 41.58367786727188 58.1955549401315 75.11960889586209 86.49853568438205 70.32652984553728 54.84847085885346 40.8607212605536 30.48855784223463 28.075177785403408 35.29290136962436 47.97574384513818 62.90043671444388 78.8033483498281 92.04399087660923 77.015506308914 63.16158037839997 51.44013343969229 43.60612903388642 41.89996084770998 46.99387212674226 57.095940175784385 70.0726324625227 84.61150231699257 99.30155764009346 85.52037477970106 73.2486726428254 63.36955084634347 57.1378184240282 55.789416589692195 59.65640034374444 67.85286721911544 79.04325060944223 92.14313719904858 107.92629949691826 95.35638362959943 84.47652613113439 76.01589852369602 70.84659471545262 69.70475543745016 72.78018735796068 79.58547735905162 89.27166702922247 101.01337859214661 117.61773272605903 106.15403408857294 96.44742679208483 89.07419714425936 84.64631320961266 83.63290838139763 86.15455687313478 91.9207879473403 100.37397134987312 110.9013808413207 128.13392570923875 117.64871670297019 108.91650479909278 102.3867977131719 98.49860165206792 97.56823029231957 99.67854057383168 104.64573662067018 112.09065878907413 121.55890849642832
53.63282561841445 59.17903030524893 18.30695794237341 14.399060712957796 42.24678113500797 36.8861039638443 44.61873381897231 0.0 20.780396762102935 10.25714936765538 23.067774035329727 27.964569539299855 20.652417418122674 71.17577382729816 20.39120814357383 18.814629476562896 65.00664282170565 1.8898694136890413 80.47032891118624 49.41074031557244 37.29306040657513 51.42642731245776 20.19783736151065 20.77663224135237 38.83512832449732 30.587168519749046 19.742249375139767 7.972084690805371 10.81391496740565 9.36690843850009 38.49193905643924 38.58963126556637 25.977313611511434 62.024888434505 20.692892758877505 16.932330522821413 11.776533010969304 14.019072036019121 71.5198299870517 40.88118087945366 122.80605604051526 108.80211137925626 95.88098075394866 84.54062035543193 75.49676483311269 69.6498205397333 67.83158919797113 70.35511691439322 76.79356385717671 86.27485968957524 115.51423417362527 100.53889807178842 86.43668814111537 73.71045645657337 63.197001736413476 56.15327211583595 53.95570603451695 57.16594931959715 64.98748043313827 76.00985967529866 109.554473686414 93.66353760967235 78.3724413935694 64.11182872296025 51.74088629272992 42.92572383274567 40.085183533203136 44.38166098009348 54.14191947023238 67.01991328346438 105.15360105921407 88.50018830668941 72.15259583046749 56.37748735154898 41.827685991268616 30.321606010446587 26.228886882730173 32.484141724153424 44.95769856636488 59.882218542422514 102.5126487260288 85.36017023168917 68.28313876188956 51.356871793593086 34.80204571202189 19.58441612967963 12.434998537422734 22.90025952252963 38.638419324013896 55.31858524578965 101.76876019012063 84.46947434100196 67.17155075873406 49.876406830277354 32.58846845655017 15.332129188939478 2.617954481549482 19.425415747085808 36.695414690466926 53.98586604604626 102.96307199816447 85.89811289132138 68.95135838054698 52.23797725819612 36.083723960104685 21.7709995853012 15.640656392225127 24.77894798293984 39.77530408713046 56.114755533775934 106.03009282520229 89.53511201082094 73.41254208683125 57.973922958631135 43.94609772849512 33.17005611629795 29.461077625157532 35.13355834247236 46.89870044732718 61.34589342676074 110.8143968423967 95.12746399387001 80.1083182669336 66.21295414598046 54.31088592200871 45.97710032585826 43.322275690862384 47.31225823862404 56.55779681132171 68.97697711907291 117.10563283273102 102.35509449597157 88.53303919446249 76.14676763172507 66.0095367720233 59.2864672714461 57.194483920274436 60.21818922078833 67.6753217047728 78.3094218801074
33.27463585621864 38.478715255475386 29.3635645757521 34.89950858984753 22.498103739192107 16.10938526485683 28.282597055118206 20.780396762102935 0.0 21.48433248902218 9.925449093470672 8.55858881728375 6.110430552545868 50.460818025094 2.0057640597336475 3.769652908027277 46.950449652502776 22.659788129844955 59.823939002325815 30.380700656160936 17.35639701107435 35.7562120333323 26.396662312301405 38.83609779815401 21.07600015749817 9.89766952508008 9.633354687832755 13.332875246295933 19.15438413058353 23.99652931248417 23.319142303440312 57.608596266653194 18.373755645848934 45.72723832785217 6.870023430451008 7.5338099826233735 18.036594861804165 34.31733573282144 50.742475070841515 20.899620245572788 102.02595046983033 88.11033231814497 75.60598385471344 65.32837798279209 58.463896441358884 56.27570920476959 59.28390800278385 66.7900149109196 77.49792563359217 90.27540586988187 94.88106694330543 79.76837419328837 65.74401099598131 53.668065417669766 45.132608090736476 42.33613331544544 46.32978371188333 55.67094697507354 68.19651471266968 82.46805262777 89.40824631838726 73.20538468840705 57.64487692720691 43.42286235999199 32.355335976919704 28.405988944574194 34.141504078816276 46.07704466107865 60.65686638532983 76.3814538069871 85.92765511079602 68.93148411953625 52.13683608767779 35.828235175562604 21.160996635843528 14.512949587254552 23.92020520601276 39.14638313746541 55.60049453606622 72.45069535077847 84.68534578718626 67.38371969020052 50.08230396547202 32.781431706122184 15.482924850523288 1.8796973590102448 19.1326727198955 36.432110447549185 53.73315346161053 71.03462883133726 85.77864053566925 68.74649005592919 51.89313369885275 35.4743211689415 20.55894712656813 13.624458108929073 23.394318067130026 38.82879194801277 55.37841418550805 72.28122258574952 89.12161013939387 72.8566365950742 57.203387093299376 42.8377799484344 31.569497681985524 27.51183152616005 33.404767040228585 45.53642437811894 60.24917697600187 76.05965161883779 94.47570113101435 79.28799502621028 65.1630215578112 52.95807562751054 44.28996886736291 41.44092280490978 45.5170736772575 54.99966437986418 67.65225303058196 82.02070940110211 101.52315628189419 87.53031402603187 74.9323629609528 64.55122537946991 57.59827177049674 55.38013775631916 58.43848850638516 66.04432416114473 76.85926816424154 89.73037381624022 109.93871535521346 97.12352433069572 85.89602321197451 76.95430208951319 71.165247123227 69.32322964136597 71.73296257330368 78.00138237833424 87.30122202956602 98.77996286675796
54.407988944061636 57.51977368900647 28.555073955636384 17.00835071756649 39.34369115448332 36.62134256665819 38.96495187608218 10.25714936765538 21.48433248902218 0.0 27.606431102966784 29.933466813186662 18.395078899972756 70.77616498116893 22.05931263740235 18.171234936790192 68.31135371035064 10.944934969747596 80.30373610702482 45.42930564034282 38.81985601384467 45.07115109960574 30.041807582112007 17.724865605767974 34.46914384776265 29.951648968214183 15.753046079377908 9.756330851401326 20.14745655705052 3.275525088570144 43.22869927787509 36.52999210986406 32.87785888661461 55.668086119052276 24.472052333726303 21.221823237945053 20.694395324452348 15.980780882649395 70.28375928464098 38.335448881163806 121.46013373463802 106.61621753632005 92.62919853030742 79.95008332167838 69.3005054126016 61.739785410433484 58.478534348595616 60.219379618255154 66.57105383449466 76.39197314187811 115.25136867397916 99.51916536757871 84.40352134873314 70.30326026091014 57.96418064124199 48.74267040807615 44.615618865000506 46.94638241694121 54.91881321079282 66.53490147254617 110.49514613817863 93.99618153795693 77.84661806680941 62.318686783292975 48.019271940324856 36.42514530329331 30.764279944441736 34.129160670872395 44.518167899755724 58.28931219031758 107.38471712229952 90.33651956999459 73.40714052613224 56.70310404276736 40.50417202750989 25.78073138785688 16.95336208172514 22.55879155857382 36.45673988465168 52.42137832186875 106.06501843266967 88.77098523115241 71.48077408955822 54.198043061750894 36.93329447467243 19.733782494286757 3.672827801618337 15.371100101774013 32.52330448104885 49.7792478061339 106.60259538555515 89.40967126642144 72.26879205033275 55.228437496341265 38.42258876755842 22.385784827979045 11.165321875504572 18.62574772352479 34.17434065777463 50.86812023240391 108.96995667870442 92.20677647456715 75.68644775485257 59.61122122884194 44.46647721411089 31.61879302112408 24.918650149269784 28.99725427159551 40.736383764341966 55.46869158317643 113.05217900408125 96.9756746414755 81.40315726275713 66.68862570409269 53.544167097763236 43.41991603098667 38.759600516590204 41.44913029756244 50.32355729455415 62.813984758238576 118.672370531021 103.44395543338968 88.97680780067311 75.70860426598632 64.38488344723943 56.19371580918281 52.618952857514905 54.5754040452414 61.53775489124623 72.06952095563109 125.62420892318116 111.31568790695687 97.97762391682942 86.06241404201148 76.24011635432088 69.40506812671623 66.4850624637771 67.98643606793968 73.63925146858918 82.59549100007278
32.17104453649972 40.72970829860991 24.53904686711803 37.31025250592221 28.14816473913205 18.642460189889132 36.4075261922254 23.067774035329727 9.925449093470672 27.606431102966784 0.0 8.035938237232472 15.98481620298838 50.4595535955144 7.995723409039204 13.170758036393199 41.941722031327366 24.694229151959576 59.29743312076724 36.419950014779005 16.028137009626366 43.897956095857396 20.042550931391464 43.40755125459183 28.827353084240706 15.095046184407321 19.278144386942206 17.957274956877818 16.4472013173531 29.329752885349503 15.698967657806039 61.62432476382507 8.62450154045619 53.27113792984645 3.4088017858455046 6.432244468348527 14.926052243794345 37.038839208086316 51.859602227671225 26.31015874136638 102.40743795343474 89.63098557399061 78.60557843149513 70.16162416389669 65.30821701375471 64.85650370843203 68.89312082222906 76.71278432855908 87.30483160452208 99.79032579582814 94.05279420272402 79.99919383153058 67.47232758347663 57.47921385231709 51.516076330541864 51.01620601195132 56.12576494949221 65.54579137032253 77.72452059228775 91.56774811999462 87.19788866954373 71.85472531536222 57.63192129542665 45.590373926017314 37.87126981977015 37.26514459098836 44.06649481855027 55.62129062098555 69.60105613829008 84.81505232647915 82.21880660947157 65.75274039771021 49.8560395577194 35.30633926150053 24.620349405337585 23.759139689285036 33.48944511112935 47.721067151272536 63.49620986611243 79.90587078383514 79.46899556542313 62.29644435857445 45.2226264680644 28.4260118734878 13.027033384848298 11.4053622479644 26.252127887541157 42.976498119989536 60.029141290745514 77.1928070415729 79.18109259023373 61.93044653863791 44.71944157139642 27.622276548713824 11.174315652642248 9.244131120462242 25.392047009563985 42.4590579711192 59.66155057947893 76.9086672137251 81.3812344168638 64.70721139269516 48.47528089571291 33.33758045126286 21.71744560300994 20.751201831599793 31.437065259871837 46.31066321704377 62.44820048473781 79.07964163208962 85.87837846047987 70.25504212977523 55.63410951938361 43.04933773214038 34.78570045588433 34.14018999861256 41.470089582527166 53.59750205654174 68.00238424668633 83.51445647004437 92.3374593548603 77.98469540266144 65.08242183950732 54.66747796140116 48.37403497409589 47.856702473220075 53.283987111246 63.1411529210453 75.71743326782955 89.87856700954745 100.38037865997555 87.31856697286915 75.97064560665689 67.21042320465092 62.14208009707716 61.68249661242219 65.92812598586723 74.07428934315612 85.00692927749962 97.79596538804654
25.70365159822557 33.00061918903496 32.370529732074075 42.34446838128378 20.257272356153386 10.640993314839791 29.354613179138397 27.964569539299855 8.55858881728375 29.933466813186662 8.035938237232472 0.0 13.746450908221034 43.57740093564976 7.923862900405659 12.236944013622193 38.41055629624785 29.77353342748264 52.70010287771838 28.53081436872274 9.328539979975803 36.75338117403396 28.05944200452657 47.04932823980799 21.7130183122373 7.650269209718139 17.513718031286913 21.2247823027569 23.50610474693031 32.30526420230761 15.528465743099915 65.72989612138498 15.663081924745892 45.73706249692376 8.007951415084547 11.527532978235044 22.07721323400967 41.883382010969655 44.53097228454856 18.397517510271356 95.48029551910652 82.25343833671523 70.80584032439931 62.12892683919441 57.49119668984313 57.872009331390515 63.1806841673152 72.34034738734236 84.10202428402799 97.5288302873015 87.68391665445655 73.10366711209359 59.9877283275207 49.51377034729544 43.62801688895983 44.2029270628273 51.020566086383205 62.05644258386979 75.48251763143747 90.23814808081 81.60678929446708 65.72711360831386 50.78531601937886 37.90715814654491 29.890908484080253 30.80080578458855 40.032765576134935 53.43467467907269 68.60478155407694 84.59714594281775 77.65370547571592 60.77305910223579 44.21927113620813 28.566337806057142 16.596380935403456 18.2635306918802 31.470394582684058 47.391216546059006 64.03266014227847 80.95151766775072 76.15620770048177 58.856510704410354 41.55867336171701 24.266672808237796 7.023751496656971 10.416734579518952 27.683880360638536 44.97776898260599 62.27612521497992 79.57603558383053 77.25724133121471 60.26797789781667 43.52573682548312 27.48569004141202 14.667969609145212 16.539295402535572 30.5067211762376 46.7598606283907 63.5690323946169 80.5870459671602 80.85069983346102 64.79030198841062 49.57258160796788 36.27407490494395 27.800831292999494 28.786697942187292 38.51196935637385 52.310416137070035 67.73697318711906 83.89830441670435 86.62691751586232 71.8383113865698 58.44628742991194 47.64346159590163 41.50344248935497 42.11742431898457 49.23336786398634 60.6026152761587 74.29760987005558 89.25412076402466 94.1850787253592 80.75329496027008 69.06561404064139 60.147504041060564 55.35417098813725 55.75970815145343 61.260955464445885 70.67788253431647 82.68325282853652 96.31394665606284 103.13406229698873 90.98801446505544 80.74461619214902 73.20695055427905 69.26407779561549 69.5302641617864 73.96007770439641 81.88051570201954 92.39824082140005 104.7336682227885
36.228663987148984 39.31949429674144 32.72659116815829 33.764515732587064 21.68801868053494 18.31437506152628 24.790525857675085 20.652417418122674 6.110430552545868 18.395078899972756 15.98481620298838 13.746450908221034 0.0 52.382828827553126 7.989103914619939 3.202047037970299 51.460438859653635 22.5124213249864 61.908724929453214 28.767337843969933 21.375913222582287 32.046892350920736 30.63194197914314 36.11935426259436 18.357059596998752 11.652523445473683 3.769172093163345 12.680675348988254 22.129228430728453 21.35628744079086 29.08097482642482 54.922404359875905 24.28810712341771 42.409615988263766 12.785500665561507 12.389780331488252 21.32865062840361 32.999347018461684 51.998232785157775 20.433348020051973 103.26235317185511 88.72313562989613 75.36031056145556 63.91602630506021 55.58813567964359 51.89916798154531 53.81177236623225 60.79959253455401 71.38749511357268 84.22861071916333 96.86391654374431 81.22291734247271 66.41093901510145 53.12598127171189 42.81394045607846 37.978989649799175 40.62610439653407 49.57079390344459 62.1510531214287 76.59601651518524 92.19524091456705 75.62107941178526 59.462960226264244 44.17975112827811 31.089676165991612 24.083112380810427 28.144900484612887 40.037299211190636 54.886665196906165 70.85772708873576 89.52741788589519 72.35995730202758 55.276409064732206 38.38896310592375 22.150771736618566 10.310868035037982 17.907663769299482 33.67147093077014 50.453588559530644 67.49869890112782 89.04051647532533 71.75943503625653 54.491586392624505 37.25537527366133 20.132225766493548 4.622074229277769 15.366657228726012 32.39781268736423 49.616689811006374 66.87845001950882 90.76964664678077 73.88442446164697 57.24857761808657 41.165557644851226 26.65555605883088 18.031811808334155 23.205297694158347 36.74965960049418 52.548084228750064 69.0708105289864 94.59333826890825 78.5139094366998 63.084680692338445 48.924723136914594 37.50051683670611 31.900746466059882 35.03905136070205 45.12783230455529 58.68573940748115 73.82560127809806 100.27221012378092 85.24074031680148 71.24713900635221 59.03413541191642 49.92601317593268 45.81361981031377 47.998667161849035 55.74549003455463 67.15616568624692 80.69104560376877 107.51261494885055 93.6137912695638 81.03590288578982 70.4896396322218 63.003627935483834 59.73961055568482 61.37492243975143 67.55469812248873 77.19513890791829 89.18092734447772 116.0224844392771 103.23316743498684 91.93282214924584 82.73383639742794 76.3990742693657 73.67113668953877 74.94492098122231 80.02957546073351 88.26897350458279 98.877587884716
18.433124402956263 14.95077239618242 74.52529634665844 85.35915459022826 33.105719958553976 34.40266458553202 41.42806847430397 71.17577382729816 50.460818025094 70.77616498116893 50.4595535955144 43.57740093564976 52.382828827553126 0.0 50.79642340017268 53.028425040406724 25.471158267783977 73.03692535923945 9.587730702044706 31.455558401680833 34.493424498679914 42.78138365137677 69.25385921961423 88.50102941544783 40.01165007516396 40.97189848614589 55.238977524744016 63.76263041638318 66.83851278746319 73.71645985232468 40.96026732569457 107.29325865569572 54.21526564926062 41.80303995814677 51.498673816844374 55.10320881852715 65.34418110325781 84.75989044764637 5.803774063118273 33.445416503123745 51.95440437531759 39.86820235771201 32.83893223366206 34.14712091896948 43.039107212558335 56.012606777495094 70.86020019770568 86.6235090013363 102.8824821668999 119.43486277991161 44.49463178467779 29.551225419342497 19.11778165075979 21.36389973872648 33.853431645610875 49.339694381379736 65.73787366821314 82.50601561379351 99.45717257063703 116.51149181181108 40.7842978953986 23.628545155940216 7.209081906174319 12.0144538807256 28.90392476036266 46.1003270642521 63.354218239091395 80.62870026434166 97.9128753960446 115.20238085515459 41.833296867003874 25.38853509526354 11.74069012598817 15.159914175836208 30.33999495444454 47.00979358263363 64.0159292235228 81.14721682740439 98.33827081110407 115.5624217303696 47.32619085223908 33.64643218612024 24.96211485107903 26.699113797035217 37.43379352908787 51.85022506327905 67.633671354687 84.01721182786159 100.70839580831561 117.57627655992154 55.96948123051612 44.95347877100858 38.829808860753694 39.91740518735248 47.725787534573556 59.672512372328036 73.77379648555089 89.01148094969761 104.8914715863502 121.16148009886044 66.54664147359328 57.539235441646554 52.83721997197226 53.58619308139368 59.58094023232669 69.47659220421609 81.87066241832366 95.79829821155555 110.68207890271336 126.18411672787322 78.27750565626886 70.7241762285339 66.89650310249603 67.43194320419029 72.233535245355 80.54186536481757 91.40564726114216 104.02732543900294 117.84340599374538 132.48073084495198 90.71546649086373 84.22723799391301 80.98049746763314 81.36421763214273 85.32943479491504 92.41628949748788 101.97602795110811 113.38488249514594 126.14212012237347 139.87930135408877 103.60603020217376 97.91674704168429 95.0780659131402 95.34493848216209 98.69217486890535 104.82510613427628 113.29223177582453 123.61482958611565 135.3690947504981 148.21480000092822
33.30644329264114 39.215153056728596 27.80757873190693 34.68076268941232 23.8116086853346 16.65184378720744 30.09370432403363 20.39120814357383 2.0057640597336475 22.05931263740235 7.995723409039204 7.923862900405659 7.989103914619939 50.79642340017268 0.0 5.2891225819577965 46.25204583192856 22.24460188576105 60.07919184631445 31.819518880941718 17.11075815873934 37.583010801974716 24.628890600249317 39.12885673650584 22.79697517371573 10.850157917181146 11.358352316816253 13.339878102487893 17.792779626618415 24.38429396384852 21.957010468700833 57.82701165249467 16.383816690995687 47.47050953680016 4.870036621986301 5.802748655317017 16.59216610591046 34.162871139423224 51.300835450208375 22.14842710210038 102.51551846915243 88.80976467791619 76.57423886484301 66.62395060397384 60.10477943917748 58.181742926108555 61.28901116497772 68.74785487820172 79.34033773612019 91.990259345788 95.1248906579428 80.20707172270687 66.45530744881707 54.755323250192376 46.67640691842264 44.24853109356073 48.33096365297083 57.5546313847923 69.91346896334895 84.03543712877786 89.36681675651782 73.31930534374906 57.99760550252979 44.163707510740295 33.7024181232403 30.33120543008097 36.09460025499498 47.79505645477435 62.166098354649904 77.74052519035513 85.5715843279953 68.66460496951325 52.01799888212703 35.99484325114607 22.002217491834784 16.47054065177554 25.635369025793427 40.51885834686708 56.789927973927895 73.53316433908672 84.00570592323167 66.712113800364 49.42435841981273 32.1518562474046 14.947578149781354 3.4397532441447156 19.973664903169514 37.21258193668107 54.49145617957734 71.78143852134072 84.79280323102957 67.69607650198492 50.738653967760065 34.128817411131166 18.811015071981373 11.901484652491009 22.98149961532445 38.902008315031644 55.65335673657144 72.66318820334118 87.86965746507633 71.49534265784085 55.684842867619274 41.09415789844484 29.586623436601332 25.70441876814513 32.32300089527315 45.028280162249295 60.075169801338966 76.08690047369706 93.00926141610425 77.69796848247914 63.41870243846979 51.045031563777194 42.28433033069001 39.61110767884372 44.14545307790656 54.10460349371585 67.11558035766848 81.73371427958617 99.89366456090228 85.78412667026375 73.06016759651425 62.57283213695549 55.60242877791815 53.54064234239876 56.9233713949758 64.90485013889703 76.05069667037232 89.18226779041281 108.19021334857771 95.27534495540786 83.95446194921837 74.9533404144942 69.18342309406162 67.4787378107275 70.13633377852895 76.70411859231714 86.29385572397109 98.02259176130788
