0.0 19.621196432938582 60.60337631119332 51.63174113921353 19.152356964792006 11.373269404295252 29.119217846310967 33.580037357452866 31.54812402794452 15.84600746108129 71.13322688321387 57.78016132265756 10.647397355720672 33.80329876315456 62.6793353375657 25.208182410161022 25.707231036097184 36.108550401402226 37.88315212887508 7.35804051819114 44.381966246796736 42.2732878285287 49.30585240701419 37.5172923226459 9.946047074931126 10.586816379163103 24.097787205548546 49.56901342999139 27.879411991773008 15.541720321077301 72.73162491704662 17.866639187444807 13.515140174563086 27.594751462878552 60.74615430528327 11.988393079900318 22.91897270175594 27.200837985301675 24.937373187066438 9.204969681956797 72.49204725018596 44.36456626181931 32.80497215549097 50.783376121281165 80.47713970905411 64.81245365417642 30.38840429291617 6.411715634351995 39.415975116652 73.89845807948961 68.85311076217977 38.19151772625623 23.901396740791185 45.59391496133165 77.33806935846877 82.91776770793797 59.77955174565947 51.63947839066436 64.45524778307072 89.65001127216682 102.9774161290472 85.25457324618581 79.54285972380333 88.20726191601808 107.8364772359145
19.621196432938582 0.0 49.17831368182858 38.430698220313005 13.644874431439655 29.436444684146302 10.510426532509568 17.014056301708642 12.584550136523568 3.7861277173195442 56.11687294571262 49.2505853044012 30.26022064877342 14.396110924664722 44.778118824141956 5.638292855847289 13.267052342446062 34.457157951747725 25.096758748341028 25.39645095837827 36.132696634733904 23.397329920868824 35.0534756074175 18.191632991787014 17.940143485376566 23.184787403437532 7.84926708797718 35.12522171006383 9.407563290299695 11.44936022112472 56.61052702595936 3.4344620016509126 28.99725995881439 14.099473014070522 43.261864518275374 25.075886330800127 10.228319649015033 28.8057184078323 5.672070783365116 28.817165533260887 89.70325139640929 63.70002548410795 49.63385732626486 57.13276600220405 80.37159149994879 77.6746514486505 45.41878281785227 22.07318754687991 36.14458196303631 67.23452552812005 74.90160754294757 40.54197528983276 8.479757390190327 29.916791063148676 64.13248838734926 82.32493854585547 52.91573560040347 34.89392095448667 45.05471610477017 72.36781221686518 97.64588484719569 74.37788277674005 62.643419391869934 68.63748588832182 88.84136915676731
60.60337631119332 49.17831368182858 0.0 11.512883218371531 62.79262151830505 62.755788781685744 40.641317931664986 57.39041195389264 50.12254969295989 51.21407506166333 86.0124564869509 9.364843496869204 68.0334578829995 47.84413835412433 28.058127187172264 46.12917715233022 60.20953288463378 30.71295732204773 67.57906030580658 67.95781467516429 17.26382404375442 52.46219892443669 15.767714364179026 48.62571462565759 64.97086303452012 54.27464000344463 41.3303664388142 16.043997376027704 51.31800598681648 45.427234982370145 83.08787016547707 47.65754207127038 58.4787895911263 59.9103511367101 25.228262985220017 71.12117995165823 39.85248662517815 38.585801374723474 49.14414341073722 66.94858955877376 132.08247176015809 100.3150431210149 71.240788871737 49.82173939525759 47.79095133305758 125.04004266041227 90.93403957909979 57.42677835525576 26.861091249277283 23.238967422201192 124.06964859301038 89.6074154080209 55.32226243091705 22.05604622750512 17.528213265888436 129.30811858117457 96.66741799274362 66.05616743984197 42.15533416663028 39.81902218352443 140.06024246498313 110.51799039532304 84.89024198937109 67.7735381648508 66.1432088293308
51.63174113921353 38.430698220313005 11.512883218371531 0.0 51.92912107338878 55.323262108182895 29.400822513495815 45.889444237287094 38.64486379050262 40.77775433005045 75.26073161314766 16.44232588896466 59.98458077662504 36.33618413965024 21.657140571090007 34.99238338987904 48.942974307869164 27.35596727203406 56.07050110657801 58.96015944552798 13.684472195839925 41.08935808773705 4.333714075201583 37.13315007054051 54.97166852923975 46.64152262770872 30.642937407990335 4.714913815434393 39.94902262143386 36.12818091942623 72.6368941395485 37.24325838049622 51.51298007668872 48.56459722907682 18.563270657042537 61.44841694088215 29.69472191693715 33.20478124918953 37.94982816144856 58.78612208187717 123.91096700193884 93.30429813889965 66.72526925716458 50.927755341898354 55.94476000720176 115.28706089285187 81.62010877391981 49.26887912758465 24.245562323658653 33.81000860915093 113.14557206762532 78.59488003133282 44.12758473770616 10.59179783910362 25.92262539157959 117.84056186291768 85.15667314658849 54.87944181811846 34.156704754342485 41.42995314988751 128.6253350135025 99.42480451368972 74.9725895740848 61.247604973052006 65.39443046913857
19.152356964792006 13.644874431439655 62.79262151830505 51.92912107338878 0.0 30.513915548152433 22.97578646258415 16.75550514155235 18.344007490466243 12.436103817721579 52.14995987420278 62.82495647936172 28.283643637087092 21.39474168464272 56.08192512645081 17.254115045478574 7.763013467848881 46.412002567606365 18.84354054715649 21.024085373917227 49.59259624865576 27.288632302208374 48.405001149015796 24.22765092603761 10.883699941823537 27.82785684189357 21.485513631679854 48.43310108644219 14.847710021252686 21.749090448294382 54.065176786225265 15.75545843016145 32.28554739663648 9.763644109242325 54.980461141042056 16.98776284238043 23.606077783419092 39.36100534194466 14.714226928226203 26.99916586642844 80.09196130889053 57.95883216254096 51.947403308600194 66.57808739536647 92.52866181305674 65.47349502039691 35.366958618616096 24.69227954378522 48.6152164621975 80.6970480844214 61.2770459892036 26.903598172221805 9.358675694214238 42.967662416950446 77.45778981540654 69.41934949873192 42.16873146750567 33.648048079164695 53.67507580654621 83.81330313929053 86.48252390473975 66.43761222470411 61.18388371667684 73.9443092267412 97.91238960407847
11.373269404295252 29.436444684146302 62.755788781685744 55.323262108182895 30.513915548152433 0.0 37.608102319915545 44.62058675982408 41.885539277126185 25.853924230892847 82.4908740593364 58.30484666795964 6.672643196911893 43.831802670854394 69.36629542794556 34.712514409157386 37.01347508367326 34.50556067620906 49.25481977883157 12.70629577938698 45.65004665913464 52.715682451933816 53.78099902504236 47.62742824112041 20.70836658776744 8.699923457656565 32.01254777343527 54.151463892731584 38.372062378238375 21.69892193453536 84.01297246238947 26.944470961944802 5.018386345802508 38.86952472273451 67.10712809845658 19.773397116800023 29.677267243555484 25.2767954355284 35.04474736771677 6.49748110190687 69.45443692708007 38.00326379430146 21.434152072974545 43.237058840167656 75.32801076013202 66.42683007766463 32.19675575227763 7.45599910709441 38.332835524067775 72.65035547641939 74.80009091601303 46.992563893291766 34.8766281020036 51.17897987237657 80.10635080923267 91.4955779866907 70.42152263736439 62.7831023039822 72.931625821293 95.3472767287503 112.8783712873782 96.3801991562065 90.72734690558433 97.8184684381563 115.3262617985994
29.119217846310967 10.510426532509568 40.641317931664986 29.400822513495815 22.97578646258415 37.608102319915545 0.0 18.136304035960837 10.833480205191277 13.981393234208443 54.798116447711216 42.15674745182025 39.54654292365037 10.05734913131242 34.279798925501986 5.724588374746277 19.568393269924517 32.43406533484218 28.208189114807066 35.47503530258944 30.024849131514124 18.975878066116664 25.637194043020013 13.191573808821394 28.44956010055324 30.066018283676385 5.792197146835592 25.61457998741546 10.875801553388955 16.379296706703723 54.17338839871509 11.274370162699384 36.08832900077958 19.331303996073537 32.75402048837378 35.57296919964191 9.356145358458855 29.533641391971432 8.558491683610761 38.119546132033726 100.1661269257834 73.48138709167877 56.21896676032028 57.588426863634425 76.59685570517264 87.9815281326794 55.92920122878226 30.170226993172857 32.973480754226436 60.490487341028725 83.87171360786135 49.27758476030969 14.729247990936852 20.011884049917064 54.578884473355274 88.96313030139 57.44709609098738 32.87455847536873 35.442090660446034 61.857775869783204 101.88533537703115 75.7871425003888 59.173899669045866 60.449978224290255 78.75048802453209
33.580037357452866 17.014056301708642 57.39041195389264 45.889444237287094 16.75550514155235 44.62058675982408 18.136304035960837 0.0 7.421105798975839 19.61097967738636 39.107454409519725 59.90315634237842 43.783698223639085 9.57936595575982 43.92662679483255 14.63113161205124 9.018168144564914 49.78687737507599 10.235562744634548 37.14567005696711 48.12523129688594 10.963090672817808 41.73506512781903 10.036516366514318 27.257620497631716 39.589013384246684 21.183986268110203 41.55346054341143 8.099440809797983 28.43653662411397 39.7873872692847 20.423371382088508 45.09707603380902 7.071741599145007 43.55014036036622 33.7281625501311 25.054063549422114 45.298942611322595 12.063032728706963 42.3988633551959 96.12275119624411 74.68366019507381 65.65428060459804 73.74340433771478 94.65972989617433 79.34881434571021 51.58811726209955 37.699599706379594 50.75443098421026 78.26615604371621 70.32209630809854 36.369017876288304 9.750191969024721 35.528574072559245 69.45750828998904 72.01770047490668 39.52013030199668 18.220321280824628 38.690663049908785 71.11119882274029 83.7870897134184 58.12680832984506 46.1734532560001 57.27182745528576 82.60114496538372
31.54812402794452 12.584550136523568 50.12254969295989 38.64486379050262 18.344007490466243 41.885539277126185 10.833480205191277 7.421105798975839 0.0 16.033800846035838 44.73558556391472 52.487551869239425 42.14535808052458 3.107566845103987 38.4693139503894 8.399192294357828 11.98475419214597 42.96465747296483 17.64072546442429 36.383000203603984 40.73807690055025 10.835368195058308 34.54768893961848 6.1343802837877135 27.298247447129445 35.75621203333239 14.594125895822517 34.39606748246365 3.7851292801510774 23.29315712668289 44.67058957532963 15.626826688268142 41.58173758403427 10.833604807551414 37.733336103305014 34.33591114268284 18.586199427332804 39.14265233650666 6.91316391434651 40.71159842967387 98.37247753905683 74.6772916931942 62.21760839698543 67.52883116465851 87.43016999636689 83.38175129668504 53.63860269396114 34.59067490862147 43.71226057636687 70.850832747319 76.27224885177387 41.86246891325806 9.073608787217747 28.408593130398707 62.662745432862486 79.19613456706135 46.93465905765635 22.990034060241648 35.342128773154286 66.06387379780851 91.19323336694991 65.02508450553566 50.35000479819853 56.89279319398812 79.58179702243586
15.84600746108129 3.7861277173195442 51.21407506166333 40.77775433005045 12.436103817721579 25.853924230892847 13.981393234208443 19.61097967738636 16.033800846035838 0.0 58.619668099007825 50.65647280779935 26.48994817187902 18.051856303451878 48.236885847670735 9.416273099371418 14.242282111435339 34.167316441268675 26.70883856247499 21.65154246451993 37.30906444783531 26.867622802986258 37.61648327636517 21.819369473788896 14.645003595422057 20.03236764559611 10.267142202498711 37.73477366319788 12.59175635927621 9.861874889070382 59.39317750855892 3.5565329903929532 25.69710644337858 15.505943087125702 46.62479135887585 21.669842490797024 11.449282151605662 27.68027391888353 9.206773024609888 25.04692846450216 86.19457183859865 59.924913747824526 46.33895546730679 55.66340569339306 80.27666601229431 74.78779204652852 42.09004631513787 18.56819887647139 36.233021836502225 68.37933594597611 73.13051324178217 39.098361174601145 10.205111738759486 32.778946661163474 66.63052575484134 81.81743464063447 53.50082951892538 37.75462255706045 48.81916536778567 75.73662857095039 98.13867141548928 75.97674814591582 65.63919301788903 72.38308526203559 92.54668213441069
71.13322688321387 56.11687294571262 86.0124564869509 75.26073161314766 52.14995987420278 82.4908740593364 54.798116447711216 39.107454409519725 44.73558556391472 58.619668099007825 0.0 91.44689325136261 80.37436393060239 44.75726429755309 62.09172111767183 53.076951919630204 45.53593507702377 87.18569269136812 33.30644523285546 72.87156035500963 82.26903322776111 36.204342287867405 70.99177995630967 41.7695173369823 62.79652974129366 78.39221761073858 59.3027842465012 70.55487315261452 46.93604831363819 67.51067397183394 5.993741985394764 59.51390402760111 83.63387808457415 43.76313707068341 63.68278935979784 67.4841504040033 63.3047791570318 83.8770762943783 50.94483709258557 79.12064860036656 119.84268614682412 106.67302142433593 103.87801156937728 112.23543463425789 129.6055091261393 96.2525130232612 79.550091043427 76.06990258877767 87.40586678499861 109.03065343601246 75.91762084146661 53.47243785889111 48.47605810813805 65.0796815591686 92.28007280105564 62.123151794671266 31.186312079738936 21.925627443308965 48.823429026272464 81.74086071419909 59.59913996039826 25.849146913491754 13.38477722775947 45.661571149826145 79.91031755305205
57.78016132265756 49.2505853044012 9.364843496869204 16.44232588896466 62.82495647936172 58.30484666795964 42.15674745182025 59.90315634237842 52.487551869239425 50.65647280779935 91.44689325136261 0.0 64.07565086123749 50.62295733885145 36.41862977917913 47.18031197547539 61.375461301757746 24.4332877068907 70.12776873079456 65.02772113089364 13.528963819764183 56.54748957228461 20.551220910717 52.052457016942185 63.41639581387657 50.20401940706388 41.54168433315107 21.038383675313653 53.03226650986143 43.4296646712118 88.97931483243522 47.16432080076739 53.7032034283212 61.38252991007586 33.439193329115774 68.99955304231257 39.24833414054176 33.22683739371976 50.28386764404066 63.12341424324237 127.72234175195469 95.05779213229958 64.4499773439128 40.82209925447152 39.67261611535505 122.59238165784053 88.11181709371228 53.78982699055514 20.441417978425328 18.363293699033715 123.75156568011117 89.70297274247378 56.335105405238885 26.37256823215937 24.74324314692696 131.0330267017546 99.42213319070156 70.67304452608076 49.994100170382275 48.97910837296436 143.50748319307266 115.23019642962831 91.41304951877599 76.35077011369235 75.48033913397566
10.647397355720672 30.26022064877342 68.0334578829995 59.98458077662504 28.283643637087092 6.672643196911893 39.54654292365037 43.783698223639085 42.14535808052458 26.48994817187902 80.37436393060239 64.07565086123749 0.0 44.44182783034173 72.5990992311093 35.82956194841865 35.48696034863144 40.66449753534285 47.08943640087517 7.832680721646695 51.133370933071426 52.819278601373206 58.09625759512596 48.14368286584041 17.595915712852793 13.873335741964919 34.30254827460008 58.420001187620215 38.44731367490946 24.777742296065405 82.3422374435406 28.37109960601142 11.653873782248837 37.44947226549765 70.52256090259517 14.667124663123461 32.62849618645103 31.39723973997354 35.57875045884107 1.443068610477296 64.0675168409808 34.16490544558165 24.993573276830578 49.76907209645333 82.00052597701173 59.876930829408764 25.54623077147862 10.715731989861544 44.40605659027884 78.89120835734913 68.28273329590951 41.47292288542961 34.238984974552565 54.9494853911843 85.21394774494264 85.65301902182996 66.10113391656154 61.62030091116911 74.96362054990156 99.18068697303269 107.73494407654934 92.73903101185192 89.38084958410978 98.85364623622063 118.10947961843236
33.80329876315456 14.396110924664722 47.84413835412433 36.33618413965024 21.39474168464272 43.831802670854394 10.05734913131242 9.57936595575982 3.107566845103987 18.051856303451878 44.75726429755309 50.62295733885145 44.44182783034173 0.0 35.393273388152984 9.396713340086798 15.081335031319362 42.49045724750649 19.734945475356543 38.940234444276236 39.28036861043495 9.396713340086798 32.164439498316554 3.814090661030721 30.083115087645613 37.31560767217574 14.792511246538016 31.97746815317855 6.628220831333711 24.358960897117633 44.275921464694406 17.10868414296944 43.2310293223105 13.872244939743553 34.70408370222464 37.1760535133474 18.77314967665651 39.31908386886161 8.86801744708652 43.001746979450196 101.36088119378354 77.29962910887113 63.80606146069898 67.54236221895702 86.29892412401584 86.48902770187969 56.63234579923572 36.45440236079913 42.95875342164508 68.96967248564327 79.21496615031143 44.86596974959239 12.072821226833033 25.950032266361113 59.965896377160846 81.59702217609568 48.913179592475224 22.84229111135711 32.34018250214456 62.96705933240402 92.89520708728402 65.9229285006613 49.567666488921596 54.43236792399781 76.57427669812965
62.6793353375657 44.778118824141956 28.058127187172264 21.657140571090007 56.08192512645081 69.36629542794556 34.279798925501986 43.92662679483255 38.4693139503894 48.236885847670735 62.09172111767183 36.41862977917913 72.5990992311093 35.393273388152984 0.0 39.5310583509568 50.445882792826495 47.62322449931622 52.695690780453575 69.44946796367337 34.93339730781928 34.85402330585349 19.51820661700373 33.89628676206041 62.714406443467205 60.879527335214696 38.640053198126 18.909829962692328 41.446732074865125 47.88217298073154 58.21201506630195 45.28123307934045 66.55336680887258 49.258537737932244 3.093881723143181 69.85139051757001 39.9715744615473 51.507266198013355 41.527453139354726 71.22912410696698 134.43013143890613 106.76250085984046 84.37864840061897 72.3604476986296 75.8094047425224 121.55261519387777 90.17830414646002 62.32199497447295 45.06386377875056 50.71773676578191 114.24607887046912 80.15672002933123 46.828219053546526 18.855066669156315 30.215791964976997 113.59112609523868 79.22909519370565 45.23723106815182 14.505742869213936 27.73586179805625 119.69703001200745 87.68457291187035 58.69083778186743 39.943326518160056 46.27255135254163
25.208182410161022 5.638292855847289 46.12917715233022 34.99238338987904 17.254115045478574 34.712514409157386 5.724588374746277 14.63113161205124 8.399192294357828 9.416273099371418 53.076951919630204 47.18031197547539 35.82956194841865 9.396713340086798 39.5310583509568 0.0 14.207171365156533 35.17435002829347 24.110513982489536 31.028634648536247 34.59963231120731 18.74130398658786 31.30367129769217 13.193303669054615 23.277622564060266 27.95285791539401 6.5698028668714885 31.29749031546054 6.574216676847622 15.008463087600568 53.06964443457085 7.7964211963937755 33.89631549764651 14.251047805965875 38.16282822173047 30.460380421533266 10.428538420180063 30.845672458923232 3.107664096868723 34.38721198878917 95.1161467148464 69.33801501403576 54.435623830393396 59.27488350103092 80.36531803303005 82.380905993779 50.67602619822321 27.282723053614603 36.269487320912624 65.4327580885488 78.19732312490972 43.616958243698974 9.21472050056181 25.733974164827348 60.286135252391915 83.8554876154701 53.0182681831404 31.38419005394867 39.41870972211958 67.21263745370362 97.65923206512436 72.7564474868549 58.68955707099712 63.168156404945684 83.25116379836444
25.707231036097184 13.267052342446062 60.20953288463378 48.942974307869164 7.763013467848881 37.01347508367326 19.568393269924517 9.018168144564914 11.98475419214597 14.242282111435339 45.53593507702377 61.375461301757746 35.48696034863144 15.081335031319362 50.445882792826495 14.207171365156533 0.0 47.72398430389749 12.661004088877247 28.516177649693724 48.66112549193057 19.744838123645458 45.08878688766066 17.316760320883343 18.468228391426155 33.06113013955896 20.106041691711187 45.02414127421787 9.268165884953465 24.056832232083323 47.02519984229766 16.46238261272811 38.12888503367318 2.0108491597433478 49.65129600655216 24.75077619053783 23.266156628978262 41.810409770490104 11.119369441388292 34.1455785711716 87.3384052943298 65.72156369447758 58.35613591564729 69.90236786856073 93.60572224684253 71.47895472226053 42.704779799254496 30.54491643335058 49.36721660168198 79.59955202554671 64.69136321703124 30.131668540786478 5.071167662217921 39.22206460779818 73.79619421738764 69.6795834957846 39.64888530146207 26.146992511457263 46.79890694767875 78.04775158686314 84.38020102078575 61.77386285114946 53.91474312559361 66.2750821127808 90.95477491034787
36.108550401402226 34.457157951747725 30.71295732204773 27.35596727203406 46.412002567606365 34.50556067620906 32.43406533484218 49.78687737507599 42.96465747296483 34.167316441268675 87.18569269136812 24.4332877068907 40.66449753534285 42.49045724750649 47.62322449931622 35.17435002829347 47.72398430389749 0.0 59.13262707045635 42.901751366849986 14.053331365873772 51.09254468164981 28.224981395468006 45.429301502131054 43.68434197343699 27.029650726988706 28.607375650713298 28.811637198920767 41.746900322903976 24.708283525364617 86.28982532249181 31.342408477723662 29.698421337143756 48.475898869872296 44.64583403861621 47.999263326933885 24.824135578766217 9.267864544481567 37.96404139105006 39.87718108209492 103.6206717015129 70.65735936092574 40.528044569725175 26.218762340569466 46.1212070316986 100.23308085269971 65.637168550757 31.05897052468524 3.991962087047606 38.23697463338905 104.57195730826626 72.03257848084313 42.859395882997326 29.664804304360114 48.14468568431203 115.7716025183863 87.37147827398061 65.26313346206044 57.26751323684497 68.5175135679773 132.09783550787873 107.90433671970429 90.72797954460268 84.93820882625714 92.69382408467759
37.88315212887508 25.096758748341028 67.57906030580658 56.07050110657801 18.84354054715649 49.25481977883157 28.208189114807066 10.235562744634548 17.64072546442429 26.70883856247499 33.30644523285546 70.12776873079456 47.08943640087517 19.734945475356543 52.695690780453575 24.110513982489536 12.661004088877247 59.13262707045635 0.0 39.664276320789966 58.23303225286068 17.958217899572848 51.88741204713085 19.458743335418095 29.543242589030204 45.69518137940381 30.643496728722152 51.688457863573035 17.602693669406648 36.362194246093715 35.39081103749091 28.486419069952927 50.655229776076105 11.204104931451539 52.64037785312694 34.66752394869547 34.31406941244761 53.9021138866215 21.193880459350883 45.82409886534917 93.03616017344325 75.02059011385987 70.67678730187264 82.20149066331061 104.46874820355323 73.85618603387451 49.56298861010346 43.047216915964725 60.369324564824 88.49105735585037 62.04854309667475 29.43653872889122 16.668785121336406 45.65125908114851 79.27847745186618 61.981248653007036 29.29573235052762 16.42118503666859 45.562279758284056 79.22776022441556 73.68647870914513 49.31207436842457 42.760777784768834 60.16732883785463 88.35468695027048
7.35804051819114 25.39645095837827 67.95781467516429 58.96015944552798 21.024085373917227 12.70629577938698 35.47503530258944 37.14567005696711 36.383000203603984 21.65154246451993 72.87156035500963 65.02772113089364 7.832680721646695 38.940234444276236 69.44946796367337 31.028634648536247 28.516177649693724 42.901751366849986 39.664276320789966 0.0 51.67178058903313 46.767638467212 56.57322197953181 42.49605719354389 10.149686918119677 16.252367550866076 30.81341465179795 56.82371201889348 32.6080793648854 22.840163167912397 75.02232693597753 24.23740950820784 16.831895131350766 30.514949042737236 67.6202884595529 7.086479847933861 29.99902043409928 33.80367840683921 30.22587809144851 6.8942211417151436 65.32186559114464 38.38538411801089 32.78361178061579 55.41595967647781 86.3824511690411 57.60061110349849 23.087572196896765 11.962268156172017 46.34662887391889 80.91834424624734 62.97872350185215 34.28660544285393 27.92247717568661 52.71242614859146 84.68988563621932 78.81863198922912 58.31815229601205 54.62998489054054 70.44616266798175 96.62135707303383 100.27897878163496 84.907097877304 82.20268093502342 93.27416595685497 114.18223641867587
44.381966246796736 36.132696634733904 17.26382404375442 13.684472195839925 49.59259624865576 45.65004665913464 30.024849131514124 48.12523129688594 40.73807690055025 37.30906444783531 82.26903322776111 13.528963819764183 51.133370933071426 39.28036861043495 34.93339730781928 34.59963231120731 48.66112549193057 14.053331365873772 58.23303225286068 51.67178058903313 0.0 46.35920807450869 15.502400481956535 41.292714733113165 49.88903251842852 37.288800260049285 28.59897481578044 16.121215068913603 40.77631623506856 29.900769761852217 80.47045261433075 33.860059720024985 41.27846200062438 48.84650641218184 31.86316292499356 55.49595834006271 25.989243651216828 21.341206623549827 37.70028393117036 50.11031835654528 115.07722561242603 83.06992569460984 54.34413158562017 37.42705043637186 47.36149232273012 109.17231508254594 74.75704423290759 40.6631235433135 10.640312125321907 31.109412401132445 110.31738406305811 76.40441985447424 43.591207736656195 18.91029567973839 34.782941877629945 118.30784410698107 87.45088541597083 60.773199079644776 46.19436197056135 54.49100306613164 131.90508652389826 104.96941212099821 83.86269209617677 73.77040591475112 79.03127527961887
42.2732878285287 23.397329920868824 52.46219892443669 41.08935808773705 27.288632302208374 52.715682451933816 18.975878066116664 10.963090672817808 10.835368195058308 26.867622802986258 36.204342287867405 56.54748957228461 52.819278601373206 9.396713340086798 34.85402330585349 18.74130398658786 19.744838123645458 51.09254468164981 17.958217899572848 46.767638467212 46.35920807450869 0.0 36.7610959506144 5.798528719341997 37.27215930439687 46.52679151101325 24.105985994615914 36.438649052813304 14.398651209158265 33.73849924203172 35.23912275324879 26.33202245659838 52.385874393955476 17.904721804508977 34.992383389879045 44.06269333862103 28.049204647757385 48.49207880333289 17.72845931278665 51.393130769043495 107.04412475921784 84.83495808377404 73.00854061184758 76.53937101224534 93.70728387150508 90.16927711336217 62.44676291128221 45.42591075054551 51.2078513912309 74.67121418360146 79.94467415875333 46.65008034486691 18.87215062390517 30.51122982465563 62.4544732175102 78.99684361344343 45.02182121228585 14.431887407411901 28.00796792949368 61.28184939649598 87.62738313477657 58.75210574398377 40.24780482821593 46.72029396320321 71.69735108592658
49.30585240701419 35.0534756074175 15.767714364179026 4.333714075201583 48.405001149015796 53.78099902504236 25.637194043020013 41.73506512781903 34.54768893961848 37.61648327636517 70.99177995630967 20.551220910717 58.09625759512596 32.164439498316554 19.51820661700373 31.30367129769217 45.08878688766066 28.224981395468006 51.88741204713085 56.57322197953181 15.502400481956535 36.7610959506144 0.0 32.85898416075124 52.020316445175105 45.082227285583585 27.377725795060943 0.6193827698303367 36.00376347972944 33.76631771417167 68.43620739077312 34.124854821127265 50.2361168173982 44.630500127780806 16.484292003076 58.66571244480876 26.851652989131985 32.99271761264253 34.193716275447564 56.84697970697068 121.76639806635646 91.77434660159368 66.42895296615895 52.89499970973664 59.81434862432525 112.34364392481011 78.97376151856396 47.40736133328102 25.55196726993878 38.12073421278436 109.50022151607033 74.91234783480814 40.35189550862718 6.288509451554671 29.080397144380004 113.7308420181443 80.91712553639724 50.5499180800683 30.94904627540886 41.89545259006648 124.31515555553918 95.09976450270958 70.91163968612703 58.375887204686386 64.666961436323
37.5172923226459 18.191632991787014 48.62571462565759 37.13315007054051 24.22765092603761 47.62742824112041 13.191573808821394 10.036516366514318 6.1343802837877135 21.819369473788896 41.7695173369823 52.052457016942185 48.14368286584041 3.814090661030721 33.89628676206041 13.193303669054615 17.316760320883343 45.429301502131054 19.458743335418095 42.49605719354389 41.292714733113165 5.798528719341997 32.85898416075124 0.0 33.42543880460191 41.12692661027593 18.324796661597702 32.604923676653385 9.919012144009036 28.11275534896476 40.98852650251094 20.92192687290411 47.04487215271954 15.803507131349933 33.523748538839456 40.443182806788066 22.256700077274875 42.695597800807725 12.615624498576011 46.705755543562326 104.31870270435276 80.80726261732542 67.6165846433301 70.7739939312322 88.54761874707219 88.74594672843595 59.589324830585376 40.2586257940082 45.66673857920921 70.32047936802428 80.35736847790614 46.318289082341956 15.11003608593258 26.572439288615556 59.82247003585887 81.40555080128969 48.09764185174541 19.868351469553662 29.512174040974315 61.17216876320086 91.56693977338881 63.67790620176324 46.044130669772805 50.7943220537463 73.72163379467015
9.946047074931126 17.940143485376566 64.97086303452012 54.97166852923975 10.883699941823537 20.70836658776744 28.44956010055324 27.257620497631716 27.298247447129445 14.645003595422057 62.79652974129366 63.41639581387657 17.595915712852793 30.083115087645613 62.714406443467205 23.277622564060266 18.468228391426155 43.68434197343699 29.543242589030204 10.149686918119677 49.88903251842852 37.27215930439687 52.020316445175105 33.42543880460191 0.0 20.253180316061602 24.843697502711663 52.173370941590434 23.525205458088198 20.00500894628738 64.88064478048778 17.978491959085908 23.424662692901947 20.476721868734177 61.19344659626044 7.192642365734859 25.27826062992843 35.351684265864456 21.802278898488012 16.38601306841533 71.84047552338201 47.56471048586075 41.93532220629458 60.41160996376098 89.08072626892815 60.3321848680636 27.48247160149692 16.29267353338646 46.58827564511057 80.43839192466302 60.95797175146369 28.818243127286642 18.43794282433206 47.373770337861984 80.89153403261712 73.40813958485225 49.87997645587914 44.520630521436495 62.21718757590523 90.30330954088807 93.05116298590231 75.68192687768962 72.05375272798985 83.96717580315486 106.32019584536812
10.586816379163103 23.184787403437532 54.27464000344463 46.64152262770872 27.82785684189357 8.699923457656565 30.066018283676385 39.589013384246684 35.75621203333239 20.03236764559611 78.39221761073858 50.20401940706388 13.873335741964919 37.31560767217574 60.879527335214696 27.95285791539401 33.06113013955896 27.029650726988706 45.69518137940381 16.252367550866076 37.288800260049285 46.52679151101325 45.082227285583585 41.12692661027593 20.253180316061602 0.0 24.318384032929536 45.45454925025849 32.53349573192442 13.735638664243318 79.3702917201139 20.211332662670905 6.022377630573396 34.709240186344076 58.56244308302222 22.30224796767469 21.564044395407546 17.793611302885566 28.846247578676508 12.940797169239842 77.81565550583119 46.70239660079371 26.491364526568145 40.21581629985688 70.19738105292305 73.20930570805665 38.624217997668474 4.348832634334999 30.67325920581005 65.25059134603308 79.08722863018959 48.772888866923 29.960586387747064 42.55955682892111 71.55300210752058 93.49217580202993 69.58416773953718 57.77469183819777 65.02816918958375 86.68448369161852 113.21418608654561 94.2399813777941 85.67150516754947 90.5138114112104 106.96075852577702
24.097787205548546 7.84926708797718 41.3303664388142 30.642937407990335 21.485513631679854 32.01254777343527 5.792197146835592 21.183986268110203 14.594125895822517 10.267142202498711 59.3027842465012 41.54168433315107 34.30254827460008 14.792511246538016 38.640053198126 6.5698028668714885 20.106041691711187 28.607375650713298 30.643496728722152 30.81341465179795 28.59897481578044 24.105985994615914 27.377725795060943 18.324796661597702 24.843697502711663 24.318384032929536 0.0 27.483398083704568 13.14401340138626 10.602876107089608 59.03586833825615 6.87190727723663 30.338338630083957 20.449196574893424 36.82371446608537 31.741038042300815 4.00440516263877 24.589552413746272 9.466092651576517 32.893646129624514 95.95737989058554 68.39552388957487 50.4270228570388 52.93986772487609 73.87274578300067 85.05476189095158 52.17829500652461 24.61061548165352 29.726020492094275 59.63586311521473 82.75055434894826 48.36805640280438 15.037849858481636 22.531275809936044 56.42723867028783 89.70989941503689 59.40246550694953 37.4735918901132 40.92331360102497 65.87864167591329 104.09072615538777 79.30988777326203 64.34294089763382 66.21741845956647 83.81083277655016
49.56901342999139 35.12522171006383 16.043997376027704 4.714913815434393 48.43310108644219 54.151463892731584 25.61457998741546 41.55346054341143 34.39606748246365 37.73477366319788 70.55487315261452 21.038383675313653 58.420001187620215 31.97746815317855 18.909829962692328 31.29749031546054 45.02414127421787 28.811637198920767 51.688457863573035 56.82371201889348 16.121215068913603 36.438649052813304 0.6193827698303367 32.604923676653385 52.173370941590434 45.45454925025849 27.483398083704568 0.0 35.91219038076327 34.034492258972264 67.96644104286541 34.25507884479076 50.63964791031432 44.539056446323045 15.880356201954504 58.848037012069305 27.045190947462523 33.508749701354745 34.16539258113679 57.164132473568 122.04303600638268 92.13770888826805 66.92541352034888 53.51133867625061 60.35490515466305 112.48671094909517 79.17528040804977 47.739203210344186 26.156827541673913 38.52491842370954 109.48598698962488 74.89173090478663 40.313964022663946 6.042711230330863 29.028733167222665 113.56189706571789 80.68168542527678 50.175703563519555 30.33982631697272 41.451729299119066 124.01845566870927 94.71516358989797 70.39983391219023 57.758986764204195 64.1159420611399
27.879411991773008 9.407563290299695 51.31800598681648 39.94902262143386 14.847710021252686 38.372062378238375 10.875801553388955 8.099440809797983 3.7851292801510774 12.59175635927621 46.93604831363819 53.03226650986143 38.44731367490946 6.628220831333711 41.446732074865125 6.574216676847622 9.268165884953465 41.746900322903976 17.602693669406648 32.6080793648854 40.77631623506856 14.398651209158265 36.00376347972944 9.919012144009036 23.525205458088198 32.53349573192442 13.14401340138626 35.91219038076327 0.0 20.610857810441253 47.25365612825983 12.685854808094245 38.27208618482109 8.627057931680966 40.526105969489016 30.58275238230406 16.970016012676655 37.21723260681023 4.01254524757702 37.01723543045588 94.73673446807744 70.89286913688083 58.918041360317744 65.66322386651905 86.87214171599194 80.1683533256783 50.011211052228 31.14664315839822 42.82454112550655 71.3624905568244 73.95525834288392 39.399654304615275 5.489948852190379 30.046639975122947 64.57798282314846 78.11753765531336 46.68498575023313 25.523874150741428 38.96524683619818 69.13721734654081 91.24602481934454 66.20083585563398 53.2359227725519 60.66609813196309 83.19547244207226
15.541720321077301 11.44936022112472 45.427234982370145 36.12818091942623 21.749090448294382 21.69892193453536 16.379296706703723 28.43653662411397 23.29315712668289 9.861874889070382 67.51067397183394 43.4296646712118 24.777742296065405 24.358960897117633 47.88217298073154 15.008463087600568 24.056832232083323 24.708283525364617 36.362194246093715 22.840163167912397 29.900769761852217 33.73849924203172 33.76631771417167 28.11275534896476 20.00500894628738 13.735638664243318 10.602876107089608 34.034492258972264 20.610857810441253 0.0 67.84197991400733 8.019663291455114 19.74850234950221 25.204714003249382 45.756596713634806 25.729470329381233 7.9843760088136335 17.823988736301065 16.631891978509817 23.440019568850353 88.01057058159132 58.90918371205535 39.869140795971205 45.86534553675772 70.79926924526607 79.62217361185624 45.57456183884568 14.465233801781583 27.134801217823906 60.483088804746586 80.75841159994364 47.51417700359459 19.700802665455008 30.224077690731512 61.91701507724323 91.06339358536059 63.33996016934913 46.11045436842977 51.33431596357677 74.42489189922033 107.94188748993628 85.6738036872732 73.64305858641231 76.82024079638002 93.67042538554598
72.73162491704662 56.61052702595936 83.08787016547707 72.6368941395485 54.065176786225265 84.01297246238947 54.17338839871509 39.7873872692847 44.67058957532963 59.39317750855892 5.993741985394764 88.97931483243522 82.3422374435406 44.275921464694406 58.21201506630195 53.06964443457085 47.02519984229766 86.28982532249181 35.39081103749091 75.02232693597753 80.47045261433075 35.23912275324879 68.43620739077312 40.98852650251094 64.88064478048778 79.3702917201139 59.03586833825615 67.96644104286541 47.25365612825983 67.84197991400733 0.0 59.937519909664296 84.81261499315352 45.14547162810207 60.00070986494813 70.00719555667004 63.03225780680968 83.59486239360858 51.21143164783455 81.04144805986287 124.29062300316154 109.8529466439782 105.27021160298874 111.76136032793178 127.64804157360471 101.247940603839 83.17681831123541 77.33277316258388 86.23844606386119 106.24743962174973 81.53726653447103 57.86751522239623 49.434598273575 62.71934629526487 88.42205605515322 68.11685438379882 36.8601830417867 21.732138900538693 44.50555193654218 76.7075483227942 65.00769382158663 30.798838700860415 8.123435222974761 39.72738928635659 74.06344742429982
17.866639187444807 3.4344620016509126 47.65754207127038 37.24325838049622 15.75545843016145 26.944470961944802 11.274370162699384 20.423371382088508 15.626826688268142 3.5565329903929532 59.51390402760111 47.16432080076739 28.37109960601142 17.10868414296944 45.28123307934045 7.7964211963937755 16.46238261272811 31.342408477723662 28.486419069952927 24.23740950820784 33.860059720024985 26.33202245659838 34.124854821127265 20.92192687290411 17.978491959085908 20.211332662670905 6.87190727723663 34.25507884479076 12.685854808094245 8.019663291455114 59.937519909664296 0.0 26.124193556962414 17.421124390864684 43.561588337979046 24.874528354696558 7.923405081612628 25.43398720042662 8.780731753854452 26.93595537486377 89.1940936667454 62.21699898659833 46.702634771405044 53.72271159210691 77.36883029527885 78.23724058781126 45.313211090376456 19.502724107052945 33.20050089573414 64.95412331538253 76.6561166060427 42.5515133994089 11.83025591904132 29.39610859857711 63.11228113018127 84.97578210537945 56.06247820176402 38.209240382443156 46.60168784841838 72.65201470766665 100.77280840077199 77.78381051853077 65.88060091563322 70.88692481033381 90.02460093994867
13.515140174563086 28.99725995881439 58.4787895911263 51.51298007668872 32.28554739663648 5.018386345802508 36.08832900077958 45.09707603380902 41.58173758403427 25.69710644337858 83.63387808457415 53.7032034283212 11.653873782248837 43.2310293223105 66.55336680887258 33.89631549764651 38.12888503367318 29.698421337143756 50.655229776076105 16.831895131350766 41.27846200062438 52.385874393955476 50.2361168173982 47.04487215271954 23.424662692901947 6.022377630573396 30.338338630083957 50.63964791031432 38.27208618482109 19.74850234950221 84.81261499315352 26.124193556962414 0.0 39.8713447835805 64.16835828496154 23.712098732044726 27.527198474099734 20.53310360418454 34.66919909367779 11.31304937342351 74.02335143383452 41.89797205841998 20.64629921606467 38.62570884449053 70.37376783845794 71.44417330078704 37.198111293539256 7.614618321686544 33.57258827946263 67.75771763118469 79.50384494702857 50.883362362258836 35.386461215932535 48.06367212331946 75.9135125442558 95.54664520117248 73.29135141358263 63.31554831456792 70.99909020044956 92.0198817863845 116.31427051184866 98.64611913056461 91.2567527099432 96.53612698825653 112.71798221273407
27.594751462878552 14.099473014070522 59.9103511367101 48.56459722907682 9.763644109242325 38.86952472273451 19.331303996073537 7.071741599145007 10.833604807551414 15.505943087125702 43.76313707068341 61.38252991007586 37.44947226549765 13.872244939743553 49.258537737932244 14.251047805965875 2.0108491597433478 48.475898869872296 11.204104931451539 30.514949042737236 48.84650641218184 17.904721804508977 44.630500127780806 15.803507131349933 20.476721868734177 34.709240186344076 20.449196574893424 44.539056446323045 8.627057931680966 25.204714003249382 45.14547162810207 17.421124390864684 39.8713447835805 0.0 48.564597229076796 26.749760748269527 23.81705642328533 42.85140871108231 11.146786041190316 36.101466283972265 89.14143016511596 67.72163613559925 60.17498525559512 71.06772207861583 94.20720149054041 72.94383011876884 44.55264239592246 32.309560371797645 49.97711069543185 79.66397962882986 65.49491860051735 31.035302879711853 5.625812918624235 38.664759160910904 73.16509765426704 69.66060229469606 39.00044609095724 24.17257292151824 45.19330670819254 76.78150730388528 83.72464176157487 60.48504184944458 51.97948106794497 64.34356325456481 89.29234752980452
