0.0 69.8760058493923 80.84619949829053 81.69704296785811 62.52317860550043 82.46142566979383 117.67201031320852 80.35898589562797 51.599796361165126 90.71300902888501 84.66821912426056 20.91802891196477 69.0902756810521 52.541555759531725 86.17232263740182 60.73467061085088 53.90397592162216 43.68479123214352 88.52761925495123 71.35944596584963 60.963570678750635 69.84508229814224 81.6012787618327 72.3713520042468 56.28020348031022 97.76464614019206 103.25449104614985 80.45640296686975 54.4994072151176 73.38468045982528 101.96146706982414 32.70755646813138 72.92209977428189 41.98605490890785 95.31531733942745 62.906358329931 72.75498569035386 56.06469748714803 73.10183893823672 103.63798153226264 32.96321842289005 19.3481931791015 16.150661073093218 27.31387175416243 42.77807605076655 59.267127940304356 76.11789264848433 93.13424274368893 110.23952659932401 127.39792675477185 29.221910750577578 11.94830995607562 5.506155835332898 22.728550146112994 40.01961806152972 57.31724231173023 74.61686338246523 91.91735382525843 109.21830050784855 126.51951626445326 32.02454317086557 17.70957250162584 14.156246395159291 26.189357127161976 42.072298515615906 58.76212163418124 75.7271968080837 92.8167145224795 109.97267576056551 127.16819214706744 40.01906072929669 29.781717368234688 27.768437264389938 35.41089490219434 48.326874494299624 63.369961889744644 79.33931744270312 95.77271253026218 112.46691775449 129.3209676097456 50.811154800539974 43.15923011343484 41.74170581620753 47.124579929817145 57.42636355620532 70.52342587779017 85.1353342166169 100.60418398359278 116.58938075909981 132.9047431216914 62.97858466584292 56.92908248926693 55.80535058445304 59.885326156610994 68.24196537387435 79.53853029387245 92.70646244084024 107.05744704926425 122.17530099047778 137.80787273591682 75.86231982257127 70.86278952570646 69.90470655068302 73.1470487758158 80.08122863242515 89.8565818495666 101.65676126774808 114.8593862425958 129.0346844485938 143.8954851925494 89.15220893415943 84.87954592915935 84.02164760985414 86.67996428063563 92.55200775152765 101.07923159657904 111.65494602156087 123.75508826241978 136.9762598353032 151.02433126085455 102.69053182509572 98.94390578613877 98.14842831343285 100.37428849628995 105.43029889091949 112.93699296151108 122.4444655966635 133.52601338831948 145.82322060029574 159.0543724587454 116.39047023877792 113.03793903791991 112.28117137691761 114.17179561522512 118.58325373498279 125.24946667454331 133.83393224687111 143.99397772207428 155.42091718694363 167.85621542137739
69.8760058493923 0.0 13.045457474729364 11.909914224734822 12.603763749450735 29.0558029473983 67.02185291980008 23.62159113334915 33.45507898853844 33.019294330125454 17.140866568093262 61.34129090878699 2.88046444035285 64.52286210188208 24.47271847402724 19.113188995868946 19.33796309075566 31.282588029546545 28.186421566191875 2.1339197942352057 10.440296661964144 3.7915463922254147 16.371981601007214 12.233543335459203 13.65556126230495 37.07182997543683 45.16112875137644 22.402987205842027 29.881494061331864 19.884640757259167 35.071135474746825 37.55941316373321 13.044456594376657 49.309360766151734 35.91313084069218 11.98181322970637 9.894562288366638 25.614748140652896 11.759444777933714 42.682937559332316 101.73044935583145 89.13111925074078 78.34743936804429 70.22092876365275 65.74442304743131 65.66865486579907 70.00791417092424 78.02907538705493 88.73926926240239 101.28905151394774 93.21598946117953 79.32269446443786 67.03476530640013 57.39277305734624 51.893176582612476 51.87074213491539 57.33189985156959 66.94789263784978 79.21991323935862 93.10354297968351 86.18821663732912 70.97216681090589 56.95959133281027 45.28187756863505 38.147196960394254 38.1926124299381 45.39657983819568 57.111558254361675 71.14293724502987 86.36904400137452 81.03496968819458 64.64712041167537 48.893199945009314 34.648965099072974 24.683345038200176 24.83334895644041 34.969041691031244 49.271528202900164 65.0480135310944 81.4463970683682 78.12813749523163 60.98120422465961 43.95590808064981 27.28093891339452 12.453537132068991 12.831396358440701 27.80129608883513 44.495983888799046 61.52711830195032 78.67650969089125 77.72022876926098 60.46012173312131 43.233461259374955 26.106541659032885 9.62727140844137 10.125743656517916 26.666280334384325 43.79913037486505 61.02745799034845 78.28825536680087 79.84955537930841 63.161762452968254 46.9209639147888 31.819134964473058 20.543848757439676 20.744974580525433 32.208230246654104 47.361356585117605 63.62026388038527 80.3161859868347 84.32409905793435 68.70697375165814 54.12440430377869 41.67688063434388 33.81097390913295 33.8837700543186 41.853866352330016 54.351547570303545 68.95754967352416 84.58667111084038 90.79774246305381 76.47964358450781 63.6611703380693 53.432726063484694 47.49811259648003 47.49513728618482 53.42479116844888 63.65007020295475 76.4667080634004 90.78373382296398 98.87853343411795 85.8769760958936 74.64208713229863 66.08118354476713 61.32454618848855 61.26477463611892 65.9146475121398 74.39626604490354 85.57782157384938 98.54449851734275
80.84619949829053 13.045457474729364 0.0 6.1320157868637 18.830216439590515 20.647479925081466 55.582811431717104 30.24267424698285 46.38822431539227 21.927634720449127 17.486457896904728 73.81187465028042 12.431042779023604 67.72118973538122 12.975169257441532 23.171348978928965 32.34069612616625 44.18044206224468 16.70293015519197 10.958585178363464 23.448790241150636 15.648745157730973 4.730454489896379 21.74638232096182 25.062572076059446 24.691102171062223 33.01235086215525 28.72919626659945 42.719922334403286 15.74339423373776 22.157765783905113 49.29830921732254 10.21399457394394 54.786424264913826 23.95498145455832 18.336124270471633 8.623738531426463 38.45663866431223 9.192285387925834 30.03608921587247 113.23773030217794 99.86749139993374 87.88025590198517 77.91696978920932 70.83685657962036 67.55262825736598 68.61156013691132 73.82700081866625 82.41357400749898 93.44656000386394 105.34427219515194 90.86279752503737 77.54598511558835 66.10152180586304 57.65537361612758 53.64301047652782 55.0427341583025 61.4860320617966 71.62444581376613 84.13257325025005 98.84185640784146 83.2731892061013 68.54080111969834 55.316947774105586 44.95324147843215 39.75335260495999 41.69616388619576 49.95515026378087 62.05779490470429 76.19402006977728 94.01964274309184 77.51556590018264 61.451957417709444 46.28967014936972 33.28414687333364 25.91612783858031 28.881954742211402 39.94245004800085 54.36305455398228 70.09988918318018 91.14477991928379 74.01876772043278 56.999105047478835 40.22102572829892 24.192494251952734 12.309978826276705 17.7906523870558 32.86627418936818 49.42256143604335 66.36038058792226 90.40328114141394 73.1079795897352 55.81678687773446 38.53523445002733 21.286814463082596 4.472831872119734 13.623419505769494 30.820487864527486 48.09283693532858 65.3808307982645 91.8468407148265 74.87764011712763 58.10500964818074 41.766441306854546 26.671921738070584 16.64510485148631 21.01047211249492 34.70637805675739 50.65903407876376 67.28190771891484 95.3762751995539 79.14813425192524 63.48960218380227 48.95039489861004 36.87901681782659 30.37584151364666 32.92462238791621 42.942739975653154 56.59360581654051 71.83524669290831 100.77261017735468 85.54569400152145 71.27213079513861 58.652123233522566 48.98092034168724 44.23679035975089 45.971303563019156 53.55867761022636 64.98005239671946 78.58108256780588 107.75566014917904 93.63525899406402 80.76223274162925 69.82987774681084 61.875540347682374 58.13475930227328 59.40888034338178 65.40548116829605 75.00023965706848 87.01087293389595
81.69704296785811 11.909914224734822 6.1320157868637 0.0 21.487215512575798 26.772846170582714 60.77186000511839 24.465924292848523 43.57550134487279 27.577211200929938 11.35538308032506 73.1228712202269 12.702003674941095 72.26102181986901 18.683098437719423 26.867622802986258 30.70773373612962 42.781705485150084 22.301260303196102 10.33936173695484 21.959460630734377 13.08742219113117 10.789927593828812 17.17439829241116 25.41695457251641 29.473942787975535 37.88576641102335 22.929530354950476 39.72712130266851 21.37098435808312 24.383984770925963 49.464171836972966 15.05750050013551 58.475734265487894 29.114285789111488 20.906018375950637 12.515648632397017 35.53128524584729 13.760696019852729 34.39495716393326 113.63502895556378 100.91296421528965 89.73639546298183 80.74963020467425 74.74672347076401 72.47296285647492 74.27163526555816 79.86807277642323 88.54507370247337 99.49994416338654 105.08679984930444 91.22665141646898 78.74049223944766 68.38512317212202 61.25097377496859 58.52807249184718 60.81188629706697 67.59683812521206 77.71278078940833 90.04397167635679 97.8345136873685 82.80939561642761 68.861482474101 56.790099200185445 48.03156044114938 44.58306923434191 47.612741561735035 56.08030035936177 67.98331302889483 81.83621108560281 92.18465452486907 76.0837008232896 60.64781547088169 46.54346894283738 35.39972415944223 30.638136846534607 34.97083610430579 45.89043817369127 59.896696429807086 75.28615516852784 88.44493329577881 71.528440547325 54.852908973402556 38.73083620140845 24.290449917614996 16.6939053512446 23.79199926220753 38.107010066994214 54.19355531725006 70.85514020807477 86.86247064824691 69.5713335575404 52.287337528026114 35.02105717285621 17.824050947499483 2.7627352015690985 17.212849454674014 34.40414559097205 51.669351150177995 68.95296969424223 87.55433877134371 70.42933635995814 53.41847610859224 36.6809043874462 20.884369534731732 11.204375141733685 20.33794829974651 36.06160350068852 52.782187718060506 69.78676393718811 90.468363494132 74.00458762548018 58.030540934486126 43.09430203596163 30.74743160194447 25.147578961519304 30.30028713568503 42.45614877429225 57.320609141202716 73.26315848487677 95.40109570770282 79.93325823521351 65.3910435225497 52.548620010418084 42.95849681149455 39.09237167207409 42.54057697018075 51.86418751226348 64.56619312718244 79.03416182091216 102.06018785532108 87.7394934314709 74.69173478361313 63.703936750221956 56.00203251034861 53.0373784095047 55.573367248249205 62.94866608213368 73.72496016321459 86.64239560255969
62.52317860550043 12.603763749450735 18.830216439590515 21.487215512575798 0.0 24.216601566651256 63.50068968635896 35.618367041937404 36.64678428569767 30.895946361860773 29.45252138548978 57.546924877735464 10.016644422993524 51.960782384955465 24.381198656069046 6.61238046243532 21.079601540632723 30.612013008315603 27.36218716376507 12.539785251238822 14.764169544967826 15.627709620162179 19.079799028448786 23.80797874310357 10.1343206814934 36.935843347279445 43.926419221562476 34.53345501883326 33.96820358994061 13.529264332509847 39.45179514306951 32.17358576412132 10.513186593649573 37.18131312460636 34.9519542748864 0.6260404683945238 10.34041451151604 30.078367027818075 10.581099931680694 42.91781822084843 95.2100488572869 81.35043832877857 69.06181458910427 59.32853156636715 53.562254311189 53.0721727617433 57.99220604612257 67.14340182143006 79.07007562708729 92.70715892755854 88.10860091367742 72.9522074184879 58.98838742741066 47.28574211396052 39.88683034868503 39.302459659967774 45.794254087681615 56.99342375744816 70.69719419953768 85.71255716400873 82.82639740987545 66.50747197753917 50.84275924941229 36.68022799417775 26.544353480785936 25.7386265394405 34.91506421271086 48.72737567547906 64.25233995604847 80.50515423096016 79.7259427863237 62.62239578071384 45.66854495113153 29.126973531252357 14.486484070789832 13.040279862259123 26.999122607019324 43.43465653966388 60.35643462290462 77.44638181703425 79.06436799317189 61.781822685927224 44.514340305595475 27.29052805466081 10.331161617911397 8.210141866150307 25.03584447872613 42.24800750659123 59.512253511390156 76.79346357563561 80.90153649149734 64.1056378751617 47.67304420239958 32.165472406602696 19.880347638987743 18.829523755383157 30.209035783405838 45.48992038424044 61.84490282668657 78.60638199389729 85.0756999323733 69.27609868585147 54.39843545130283 41.44768401640847 32.79237779597314 32.116637014940274 39.82870202797103 52.34387679316388 67.02347477272468 82.72315095404596 91.2667120680824 76.71974242695802 63.56829846123679 52.86437179704282 46.33636354850694 45.805882957666476 51.45874838544871 61.615989827651674 74.45643803292528 88.82395888245424 99.09721014223767 85.84719188258357 74.2827033687326 65.3054060183063 60.08634171493478 59.62077856152645 64.01251738544003 72.38275967250567 83.54413075404047 96.5332897950063 108.2117665286491 96.1801489853226 85.96594079622841 78.28379251262373 73.92731997511248 73.49035571272067 77.03962228889016 84.07176516204431 93.8067549147162 105.49900526767142
82.46142566979383 29.0558029473983 20.647479925081466 26.772846170582714 24.216601566651256 0.0 39.29752455909591 50.49737444026821 60.35521308870341 8.500465158104799 38.11258936900664 80.6288245744019 26.665269119422792 55.72249913565201 10.053932866971481 22.608159656033095 44.84479070785526 54.82792030074911 8.962192516140766 27.191862265755038 37.11823264398793 32.757264192818745 16.01606498988475 40.64504178350949 34.28535017887212 15.951663580109622 20.829474079987516 49.028001815553274 57.32328539513928 10.68776241666616 25.461181831515578 55.09848431573539 16.185318742718326 47.41474241429025 13.220152401171081 24.25676308153308 19.17281790742879 53.20112211699825 17.344163695893233 21.47579245844493 115.41285688380148 100.18419735966813 85.74567091890712 72.5704318343061 61.47614079231032 53.766764937237085 51.0011269682327 53.945024862295504 61.78767901344801 72.96622275642827 109.82866377144724 93.72749113988256 78.14126076619375 63.45059103161902 50.44407992926164 40.76689499058481 37.12116760167048 41.142791236651135 51.050801042162426 64.17434170259492 105.83404646781639 89.03537868168029 72.47387716528634 56.359010237574694 41.21800756725503 28.639504359776954 23.242831614498304 29.307817767286537 42.14710064081585 57.38047535421237 103.61307774177365 86.39591353429924 69.22103037046 52.13023488822006 35.24606229485944 19.123848957023174 9.37397804660313 20.21718337840153 36.44599726914989 53.35353881398028 103.28027645286062 85.99834234918406 68.72647068306222 51.474791513999726 34.273810021486774 17.275631637924334 4.573220606003924 18.495803525534228 35.524479623506686 52.73135746505391 104.85362774917512 87.87310551811109 71.0478291831695 54.52171426999045 38.68013132505855 24.867644215350673 18.421694695251997 25.671577263579582 39.716657211812866 55.628300154434186 108.25002742406294 91.88118721260537 75.92723599257972 60.71611189026831 46.975055045189634 36.40843069714781 32.298611906815374 36.87187698432494 47.69254417132122 61.54941675287622 113.30560755256289 97.76049422927187 82.91423810228143 69.21799366872928 57.49950899350121 49.19308428167498 46.17822720250615 49.43279188747564 57.909207210809576 69.7284358454567 119.8104503831857 105.19767915280342 91.5273469782988 79.2884270164429 69.24413289997133 62.46231737718557 60.05853904380048 62.53967541459467 69.38364186706109 79.47115442246209 127.54292098356473 113.88785418982293 101.35273401681606 90.40462806681205 81.68416971582475 75.96247173358972 73.93901111913478 75.9101069847851 81.58675164079135 90.27257871359585
117.67201031320852 67.02185291980008 55.582811431717104 60.77186000511839 63.50068968635896 39.29752455909591 0.0 85.03490908710297 99.49016718929143 34.00808067987162 70.6703813990444 118.73717195054904 65.03499073014247 78.00209565422495 42.7683005744173 61.18495213798676 84.05860553227248 94.09906594390262 39.00098650404341 64.96194752655188 76.0431954537004 70.43539382117241 51.17813224060124 77.31729500415597 73.58282185351618 31.452777414476422 23.110131867332665 83.48117017765223 96.31492711719909 49.97993768574403 41.86557877326186 93.43294121701517 54.96149938776617 77.61807576372404 31.67261471657658 63.55222787127355 57.5452204624907 92.12435579286213 55.89569221736032 27.638160745651444 150.07366616523674 133.7419549354161 117.6878013831695 102.0422928499559 87.02610710198435 73.02848729403793 60.75754642594657 51.463596757681586 46.94919580966647 48.565986405709985 146.22974881976182 129.43402962742022 112.79142188421854 96.38127367554573 80.34614626565993 64.96433455428692 50.83241631531364 39.32190957908757 33.27459748236967 35.59344521790431 143.6532052426271 126.52943234748875 109.46169602656782 92.48102679500848 75.64608060156233 59.08155784186289 43.10038534663675 28.6943849982809 19.69274021671047 23.47236838234062 142.41287797259247 125.12597203378854 107.843884361892 90.56937320654103 73.3077948358751 56.071094659237 38.89236404215362 21.908394674383228 6.7862350055027445 14.520387936008795 142.54366995182377 125.27413135720826 108.01495918079911 90.77206674923974 73.55690363663916 56.394869614918235 39.35553125999376 22.716681937152003 9.052663216918422 15.702453948776386 144.04184438534895 126.96847658484386 109.96656947795448 93.07529212121258 76.36808789313137 59.99892447226194 44.34375121283371 30.52174388667845 22.25975455001676 25.65400046512941 146.8655402678747 130.14861085335107 113.60696393119315 97.33001057352868 81.4765427654313 66.35081342478298 52.58461012263685 41.55188756201674 35.87038969462685 38.019964655566945 150.94034582968354 134.7093048335216 118.78092117349291 103.29530133525522 88.48521310642394 74.75324887122908 62.81054937786469 53.86078005116148 49.55303987283043 51.075684155555074 156.16830263939127 140.51613564544172 125.29853959681495 110.6948855871377 96.98291286385148 84.59732326065914 74.20527502486533 66.74453238894297 63.260859858047056 64.40290521463889 162.4380377556686 147.42184581271087 132.96228678446184 119.26199463137205 106.61407783831648 95.43785620682696 86.30696250141031 79.92548861523721 76.980258898967 77.86219471383274
80.35898589562797 23.62159113334915 30.24267424698285 24.465924292848523 35.618367041937404 50.49737444026821 85.03490908710297 0.0 31.185747008461686 52.037951354285276 14.715152955979447 66.18026795491858 26.501685255776437 86.3433552450967 43.120591639084665 42.22757276109676 27.35138180501313 36.71017833824615 46.76441965311034 24.715524738854466 23.90987218922573 20.099627777974725 34.962225725443595 11.848780366345029 31.52719354796015 53.59808850954218 61.99402399242045 1.555097997731614 27.35266606607185 42.84003514995751 45.912419368027265 48.44291634134722 35.78589875629481 69.86149914704366 53.469001527264986 35.033889286224245 32.50397881529274 24.65884834259747 34.36369017288963 58.06852391047712 109.18290263099405 99.47527841044648 92.02408917563412 87.40830709234285 86.08523970789483 88.20318604867175 93.52867340730141 101.55836083650297 111.71063399684792 123.46298240806067 98.3068086827552 87.45843903221176 78.94565578618435 73.5835760372061 72.0788238173628 74.6649791333206 80.95090771932276 90.16611279997367 101.51598110252745 114.36673041268578 88.36172247546952 76.16454377643893 66.27954820439571 59.86331383726756 58.07711450309929 61.326855181836045 68.90364399637647 79.5810165636345 92.28900958511682 106.30184116149368 79.69710657989441 65.96616497522805 54.315238481120645 46.34068867102577 44.08489318741682 48.35494053148199 57.72024623855714 70.16949097265935 84.34804198214343 99.51950057255848 72.77192998634239 57.44989851766008 43.63412736884255 33.25796879923877 30.115728315223347 36.14596631941989 48.00847692083917 62.46443802032515 78.08653766113751 94.29696652750897 68.11889639398936 51.4579488016912 35.41707633951096 21.436661368703913 16.229724504142112 25.80677850822811 40.832438441866664 57.16028860910423 73.93254703616704 90.90355758284703 66.21879568227592 48.92681481023826 31.645712174353235 14.41466531875254 3.581569371697148 20.41044555515419 37.67039317605551 54.95674974013669 72.25056226524539 89.54751107077101 67.30521525764009 50.380875404052155 33.84059835468866 18.731056362675893 12.45920273770671 23.62887805625417 39.49846716612142 56.21963023428322 73.21118510040205 90.32065826174191 71.24164003692125 55.50780692396131 41.05572109030094 29.811710608538363 26.27953947507345 33.033324856805116 45.72195487524519 60.7330553697487 76.71519485627132 93.16999774290485 77.59548277670164 63.42300468132381 51.21134425550003 42.678234738604736 40.23639326174714 44.89107536473908 54.86488525859492 67.85136921053571 82.43886616878885 97.91440490867593
51.599796361165126 33.45507898853844 46.38822431539227 43.57550134487279 36.64678428569767 60.35521308870341 99.49016718929143 31.185747008461686 0.0 65.80193450639007 40.60282972386167 35.30192659607632 34.87671800188467 72.79994747969062 57.67040286781029 40.96463660239347 15.576184027608226 10.969706897611475 61.28784144531476 35.5875667055132 23.54907434386342 30.818399858513743 49.795418479515114 27.755066686684565 26.628072075677284 70.43048027303551 78.36605233971288 31.776470934854736 4.029859927461931 49.81811129922755 67.91331564040271 23.89118962787339 44.546186680868416 54.95972890170211 69.09892068966799 36.45736943872316 42.13611012478754 8.050312944337561 43.67983477270009 76.11237591925045 78.43968618034185 70.03938205500654 65.24522115224536 64.86182160466988 68.96278775302704 76.8333876740692 87.4617973863996 99.97227473692172 113.74549926501211 128.37567784585633 67.18628673383805 57.22080610124825 51.314182380470214 50.89961800111102 56.09900220797553 65.5905947642027 77.81937632037234 91.6967048296951 106.58056651393213 122.10343883751902 57.25268086888223 45.20779552503492 37.527686166481644 37.03534561799672 43.97287305077181 55.626589387256324 69.66870511591499 84.9225920543916 100.83983316543886 117.15034958176624 49.44106576635779 34.84400886050398 24.135080609561363 23.443772559167687 33.39805414690402 47.74893467918439 63.5861832348125 80.03221743073027 96.77716749557658 113.68903053092508 44.873795672265786 28.023436759649115 12.477249859252403 11.169772008547897 26.316518307715466 43.11690795268573 60.202073497511876 77.38362127629324 94.60905515167272 111.8581024243132 44.55997372597515 27.52044787073213 11.308062008157506 9.853065745487495 25.78772897366936 42.79771547036931 59.97495607478998 77.20789911457771 94.46606500760113 111.73776717461035 48.58210107419896 33.61980787021162 22.33996463804566 21.60018891569989 32.136799851960376 46.8795397866794 62.93901968436605 79.52144836045362 96.35721510146745 113.33347544776136 56.013748899647915 43.63550140874508 35.62698030572394 35.11715098587486 42.377525720309734 54.3801701367744 68.68230446837109 84.11909899077263 100.16733253796228 116.57475723830918 65.70798094335034 55.48567858536103 49.38101242188841 48.95927224666099 54.352905915126605 64.11059596693106 76.5819870481389 90.65393017535357 105.68903189526412 121.32975710874224 76.81275827555159 68.22085732055076 63.298225207692745 62.91215825815862 67.14095918534068 75.21018245705473 86.04608701835451 98.74199227196542 112.67088082011152 127.42907098241294
90.71300902888501 33.019294330125454 21.927634720449127 27.577211200929938 30.895946361860773 8.500465158104799 34.00808067987162 52.037951354285276 65.80193450639007 0.0 38.368534512604214 88.14177971545108 31.09657478662769 63.56156137376561 8.95253338123748 30.361027661636818 50.564631658889155 61.252395491851054 5.2784194973973095 30.954497765686146 42.26332187035489 36.431564778080414 17.338530257182356 43.499009394694696 40.621300926382986 7.481296150984132 13.041297613737216 50.50468451020091 62.50132407461101 17.782431184231054 18.675727158953013 62.6131848830009 21.34828009941352 55.865706498147944 4.71969254376613 30.814067926255003 23.678793246864 58.27797721347281 22.129497870433998 13.006959744483236 123.67544798175 108.57266569668974 94.22913003721551 81.04894858783325 69.69528747132337 61.19339860954809 56.837741689786554 57.57711035484233 63.233031736825254 72.66640817970121 117.81563444177382 101.87940998561699 86.46970164447319 71.92571924961554 58.892389495510756 48.60064459844189 43.06316795535321 44.10844451390873 51.33593268494167 62.641086803142514 113.40649933885321 96.77083887146132 80.41682628540563 64.55885821638084 49.67429847652817 36.958560776673224 29.37761104804371 30.965503027996622 40.66190176737188 54.2828487051814 110.62170741075272 93.50712015542248 76.47688145962611 59.603337025618586 43.07104224632063 27.50243779363847 16.011433347043788 18.843046990642055 32.441753201484985 48.46222023909558 109.58520349863184 92.28424500416511 74.98373506668901 57.68407727896313 40.38636672084381 23.09497912333141 5.86609775873113 11.582648381710205 28.855120560572182 46.14966760451447 110.34627944029161 93.18261416487987 76.08160472927462 59.09766808496583 42.37181807895817 26.399249248832728 14.042170553235206 17.20922851707585 31.525312652241844 47.8565139646251 112.86856708297053 96.14277014060539 79.66342433444588 63.62232481295868 48.45667512464018 35.313009293130754 27.28878887471188 29.000991067340923 39.193712241271626 53.197244170307215 117.03821987698335 100.98352262873476 85.4172365978697 70.66287786900143 57.3505522626401 46.729379585582976 40.949841558765584 42.057694499030994 49.593501036967055 61.22815168876436 122.68733467913248 107.45094078355852 92.94044507118464 79.5540511561856 67.95930290692695 59.21811985345846 54.71566190469782 55.4934290501227 61.3509311191095 71.04260624366964 129.622550435888 115.271468357749 101.8415827180952 89.74739685187554 79.60008311150179 72.22493987484096 68.5229988225807 69.08727462145778 73.8199998702985 82.00258511886724
84.66821912426056 17.140866568093262 17.486457896904728 11.35538308032506 29.45252138548978 38.11258936900664 70.6703813990444 14.715152955979447 40.60282972386167 38.368534512604214 0.0 73.44442706061743 19.4555669612269 81.36315216665406 29.654115192603673 35.67403885642174 31.07801741319211 42.71396712635938 33.11027860631467 16.913147827979138 23.79801755149059 15.487741950636606 22.103307782887597 13.053639334628143 29.833665875423584 39.22477317695623 47.57089115327958 13.181605162655412 36.57447270785789 32.335047206956304 31.214604500953513 51.96066856327787 25.604946303979858 66.43707046167269 39.32019123952509 28.827353084240617 22.613670621930524 32.80719466736965 24.20106993983313 43.47861243173166 115.47380948915178 104.016387192666 94.35728637288763 87.09688134303634 82.86806712556334 82.14040978848988 85.0038696354732 91.12052100005471 99.89455141708729 110.69586270027136 105.79861078362059 93.21133867378796 82.35321567243525 73.98946862131763 69.0327579014151 68.22970556569149 71.71997379535428 78.93609708011866 88.97612637356336 101.00141369028044 97.21731545894242 83.39177654612409 71.1046384497029 61.288253898651334 55.27503746131828 54.342512919224085 58.733183959646446 67.41486727172823 78.98506823382768 92.3645869460287 90.04336010300405 74.94623286764113 61.0309319176683 49.30838861544928 41.672118166592476 40.50332560059804 46.29448179332448 56.96090248463814 70.31795991550484 85.1081210509428 84.63548928896388 68.3858249851194 52.808960636457456 38.72546760295865 28.447277754337073 26.787004969193777 34.993569578315835 48.27283336882211 63.51923507134024 79.61049088881438 81.34677596057323 64.29036908418361 47.41221397974205 31.004796268231942 16.534498133015468 13.571836467266339 26.338427086402923 42.44930644170326 59.23586222107427 76.25315736709187 80.43761700224911 63.14140548187835 45.849509604196214 28.569766592610844 11.357780718957514 6.362420141461038 23.46646937112369 40.73798678049811 58.027627356311314 75.32291214344934 81.98722435160015 65.09515911764296 48.4929572259401 32.62616184597523 19.392739605722515 16.92343459147835 28.20353353164967 43.625546934172334 60.08036087827021 76.90789008627317 85.86255615178531 69.89188748965486 54.73648299776867 41.30373410837656 31.853156482727396 30.363760485943622 37.788908030046564 50.32647847463633 65.08622394535297 80.86029869750351 91.76939422859684 77.00205461597378 63.52728004807882 52.3528261217727 45.21753745052728 44.12637738169177 49.48083332130224 59.567379907633786 72.43546665411448 86.85749885317571
20.91802891196477 61.34129090878699 73.81187465028042 73.1228712202269 57.546924877735464 80.6288245744019 118.73717195054904 66.18026795491858 35.30192659607632 88.14177971545108 73.44442706061743 0.0 61.399057301190666 65.43066186009065 81.9058019971972 58.02515885362368 42.69693447382991 30.754131359484003 84.8955937032342 63.20172882266925 51.1893971935379 60.22673840756809 75.72490965956996 60.45639872445145 48.90197899638551 94.46258142183139 101.15972170558526 66.60345935565223 38.910783644330515 70.36896849745733 95.89849652193324 25.539675115501655 67.91489207352022 50.62286574240133 92.39086298644065 57.74356901367815 66.81876343458639 41.611541769312964 67.68083105846752 100.44820972355463 43.13912268379778 36.28093896095261 37.01805690383323 44.9785940316691 57.22341028145059 71.58680623116848 87.02603258434637 103.05870776924684 119.44610301419762 136.06010870854433 32.36777894538653 22.51026490658215 23.758415156584736 34.94172158924886 49.76039466035089 65.80259263983673 82.3564015222332 99.1659412167299 116.12020614511061 133.1639290684924 25.282340945460106 10.005105448916813 12.638071617867576 28.60162445046805 45.55324726080653 62.696547740768715 79.90825494916325 97.1520183384133 114.4133448214152 131.68532806277344 25.210328389341008 9.822557883651003 12.494718677645055 28.538863184538112 45.51405051709981 62.66820759086815 79.88612555631371 97.13390363672072 114.39803661152297 131.6720915417553 32.19883300607595 22.26777049145635 23.529848361986964 34.78743064363551 49.65267669712289 65.72155415934945 82.29197083883743 99.11269168675946 116.07495099123838 133.12465679629483 42.92788875832762 36.0306720868411 36.77393773736205 44.77882457467891 57.06725183260152 71.46262520326553 86.92439150105744 102.97329917137283 119.37277040423596 135.99604315142318 55.259981606311435 50.035371621117754 50.518440318050736 56.563139621483735 66.6735799863756 79.30980598324884 93.45280056971984 108.51501322664376 124.16236067546507 140.19906231022813 68.33252116590845 64.12350349732772 64.44383301103241 69.23066651439507 77.66245179793641 88.7058132966959 101.51196907631773 115.49602624400781 130.27923069026792 145.6183967715297 81.79110176749593 78.24987100044012 78.4537066449481 82.37481200324352 89.52608005556124 99.21145175132341 110.7681772780633 123.6727529656356 137.54633526016144 152.1240370508337 95.4724541677288 92.39678365798697 92.5095330340192 95.79944530264729 101.95943156204075 110.51058589180718 120.94678767390914 132.82444521594567 145.79167667521935 159.58309644099893
69.0902756810521 2.88046444035285 12.431042779023604 12.702003674941095 10.016644422993524 26.665269119422792 65.03499073014247 26.501685255776437 34.87671800188467 31.09657478662769 19.4555669612269 61.399057301190666 0.0 61.97537634238944 22.79600981280851 16.41164793267012 20.1623767345601 31.827176973371472 26.43636217446876 2.6029931136066633 11.398164246551808 6.582309829080915 15.054570959748268 15.078032560316828 12.867870674406843 35.56532990393377 43.50113715058334 25.279012629291028 31.4549550925509 17.190162354805405 34.58178530638766 37.10128822121386 10.51318659364953 47.031251107480834 34.233576692413806 9.390604496596383 7.540187521958494 27.211615003907518 9.323866666296414 41.29803152411993 101.21014126937212 88.26686120076992 77.05374234243116 68.4267050524297 63.449531539243516 62.993384364949456 67.15045962572064 75.15913993010098 85.94941963035512 98.61239012873591 93.03626172722649 78.80710245076534 66.06114419344013 55.82375948261008 49.671032289511096 49.16129320940431 54.453246245969204 64.12629163418207 76.53697476366432 90.56675829568185 86.41123164156758 70.90243868853825 56.44571168758246 44.08841822664544 36.057822639252464 35.42953885141302 42.532876354065124 54.420093868264466 68.64951099751889 84.0397037212234 81.71275629948478 65.12177020369397 49.02475769722041 34.12799848398589 22.90688093659885 21.987305620431073 32.262509560354374 46.87226192844816 62.8638199117246 79.406689075349 79.28416007451146 62.06156675443134 44.900016480769764 27.912331944881803 11.870065370538116 10.070353115636426 25.70289778448382 42.6448036674764 59.79325202583674 77.01038941907869 79.33421094349512 62.12520195603998 44.98752887830842 28.052239403046475 12.19392721518855 10.448393694190408 25.852646771740158 42.73479968216218 59.85716504393198 77.05978623617715 81.8583617636804 65.30354348465 49.264851348812364 34.47041849153103 23.41164900985332 22.51026995778816 32.61948165771457 47.11751584585879 63.04602605357252 79.55032299474398 86.64061012956505 71.18053453919778 56.79303810884156 44.530184872439634 36.59416700492509 35.97271548970396 42.9842641850813 54.77193790838564 68.92743215698448 84.2657945549325 93.33443801996656 79.15728876792274 66.47659074534963 56.312517052864834 50.217165833486575 49.71045785100965 54.94722197766197 64.5442986963212 76.88587316949177 90.8603885054596 101.562493968976 88.66881778119452 77.5117558864009 68.9396790186334 63.999846677587755 63.545065862013566 67.66582893279376 75.61777174655148 86.34885286697175 98.95905904671262
52.541555759531725 64.52286210188208 67.72118973538122 72.26102181986901 51.960782384955465 55.72249913565201 78.00209565422495 86.3433552450967 72.79994747969062 63.56156137376561 81.36315216665406 65.43066186009065 61.97537634238944 0.0 64.42266295989619 45.70516281934739 62.5022642613992 61.919973648472244 64.55093320680875 64.46889936318158 62.618607639734826 67.20242241231304 65.28833471507777 74.62442721171699 54.95223386422447 70.8388321298125 72.40820208008188 85.49526458173868 72.79198884832223 52.811240261331 81.0736363012687 50.53236936116069 57.528836309823994 17.840521392360937 67.979699325479 52.58668873043466 59.75394386366687 70.98430549684316 58.67212181288006 75.33175886455832 79.70752936998723 62.406288905892794 45.105577856744944 27.80638442198685 10.516200716174644 6.83370634646089 24.114771601731093 41.41326452267188 58.71378330079943 76.01494473199628 80.83772479637582 63.836994697194214 47.056336049523615 30.856901360626903 16.99148873705801 14.966153352743646 27.53131910404599 43.48188181058645 60.18377928238853 77.15058820487194 84.35070832250457 68.2115091782695 52.813709488516544 39.044535741342564 29.298013044937363 28.12438979488484 36.3634290203674 49.52097105990635 64.661148420704 80.67534686111361 89.96774247192218 75.0165375874972 61.31453629315889 49.9015934949485 42.65642893153341 41.805239485837184 47.691617619585074 58.30958718136281 71.58373241624192 86.29692207238526 97.32513469201982 83.66098693744651 71.5879753805961 62.04203651020293 56.32307663167612 55.624295231184774 60.12099525515129 68.8019223037581 80.3216878960343 93.63835310139754 106.06122661570669 93.63669066930021 82.97810511301105 74.84378436188983 70.11781676710679 69.49902474160757 73.09179634662262 80.33303795756309 90.34972785084709 102.33005276296518 115.86446893068148 104.5632006503985 95.08433241583651 88.01861839039226 83.97739974453714 83.40149713703813 86.36026490187814 92.5151909437301 101.28526708572747 112.05815308655121 126.48685657365911 116.17241082140468 107.665223586823 101.42109686148721 97.87412626641427 97.31966646985873 99.80760270043697 105.12214237353041 112.86469449072219 122.57602086821667 137.73886963091505 128.27895972286407 120.57213478736018 114.97147797238232 111.79398323830898 111.24747867260912 113.37001903238273 118.01768427304683 124.90892389128358 133.6972610561572 149.47824814904368 140.7544245049753 133.71053071432732 128.62286223574122 125.72912159146276 125.18154817625633 127.01049032559976 131.11653580935427 137.2955350063873 145.2832356523782
86.17232263740182 24.47271847402724 12.975169257441532 18.683098437719423 24.381198656069046 10.053932866971481 42.7683005744173 43.120591639084665 57.67040286781029 8.95253338123748 29.654115192603673 81.9058019971972 22.79600981280851 64.42266295989619 0.0 25.489881179098077 42.7196671427596 53.87543558158732 3.767731526087436 22.3661394683732 34.14843791097997 27.741621614441662 8.421335879488375 34.59429818257999 33.4344520215753 12.863632744229395 20.711689537176664 41.59212520600879 54.23703373514595 13.1462318861723 17.02238601357766 56.55287663609537 14.022747195169552 54.39640197520034 11.448518213951264 24.164565830262614 15.698351256407118 49.98415098786675 14.443006975160127 18.75247632533326 119.06064884876912 104.57609404124288 91.08005329621292 79.08026362703079 69.35773501152914 62.97617041808492 60.9934094740332 63.820759022375555 70.88496236324958 81.08613827428758 112.39662165381998 96.95765460073792 82.26345308748007 68.79293091645206 57.41395019064094 49.58788875606184 47.11961851008487 50.7962684483445 59.48920936158074 71.3888918179975 107.17745421352498 90.88477281135218 75.04522203646017 60.01863840862159 46.59824832382582 36.595965923179484 33.254185924087345 38.35525030202901 49.346912310737856 63.22830432677313 103.6217781069539 86.68299268894229 69.92225193151909 53.507132039436975 37.88953435026958 24.635994353474874 19.415442117371608 27.307477689640766 41.39020479835182 57.26527341271538 101.90392486087875 84.63152695469678 67.37428490665005 50.14784779083478 33.00049194780224 16.185541662775645 5.798664364756512 20.099520324882583 37.05496438458405 54.22972905308192 102.11671143865966 84.88644982894628 67.69275608026808 50.57294077466405 33.6399866696456 17.44672804157467 8.70868458887339 21.11888507640249 37.614979438528046 54.61208017587849 104.2483133480661 87.42758507421686 70.83901167440088 54.69423795309961 39.54067403005806 27.09577988329229 22.44123034701188 29.525370425592964 42.87886805079482 58.34516517339639 108.18534027811879 92.06578562188834 76.46474389582906 61.776309228522884 48.83108488283321 39.38711040372558 36.289409299591085 41.00250156909274 51.42174820795921 64.8528672363032 113.74041425345393 98.5052089257067 84.07360932184852 70.93778000181523 59.955539588048794 52.49634341268524 50.15741884221391 53.613137447416136 61.900497556851306 73.40078975928711 120.69024462562804 106.41929785849177 93.18096489891587 81.48012602294602 72.06957130971702 65.9373091347673 64.03224046045376 66.71746664982263 73.49153930364149 83.36357596301839
