0.0 5.134956634655921 17.318472347325198 23.877673184431586 23.605116941881512 18.001547946363527 39.5810875909799 27.8148003749333 24.05522321897927 10.439208906490524 20.27092776954258 36.832114203262655 36.653497030207106 36.39442239563395 12.076271635679278 35.85556370824234 6.323648813058119 52.96797829180997 21.185653565999583 57.37265681452869 48.891843113586305 11.38683284403312 3.792824067604686 21.485344704879086 17.202868157027584 14.845508149759294 40.960352131036515 34.2851445867215 36.93822504445903 40.541643890458914 22.796567664749368 37.959871896116674 26.318725935611784 33.374441354795735 40.77893222098666 16.08681464889528 4.353163803296237 6.432468061111946 39.1157102731396 74.23601737731032 85.81070526918731 71.87096141815084 59.716798815417455 50.65037053899932 46.51372937321088 48.58288808008577 56.17624068688624 67.45328776751822 80.88773116404461 95.5740921178942 78.98222206233798 63.602663173990095 49.50873216192871 38.15283468313713 32.540305239904505 35.50792267288976 45.403327154095884 58.828735303583464 73.88427785899087 89.75333625295488 74.24684857399718 57.64566128853481 41.61924967914729 27.203190228075147 18.616581576582437 23.49154309320287 36.821732991377694 52.52179909665823 68.99239578722593 85.7908731089115 72.0187257252447 54.759619468027 37.53995873221721 20.45958423552003 5.16276870537507 15.278327214114295 32.232187210291016 49.42786673929417 66.67853955040538 83.95031132097986 72.52932543042327 55.42638699452999 38.50167340897012 22.167239058361925 9.955263522898964 17.479737077889798 33.326990517823425 50.14527433164032 67.20953749853702 84.37066122699864 75.72325961722082 59.526687867558124 44.176373302885146 30.957845794611124 23.74732285226018 27.716300933317044 39.637888447388555 54.523774007784844 70.52114953573682 87.0191588093243 81.28479007967294 66.42767321250102 53.07316737524067 42.656688559318326 37.69790072821081 40.26632608855306 49.19683903362073 61.78986633704687 76.25190390885079 91.70291584287946 88.76995968547726 75.36378144682864 63.85917226932298 55.45258091055307 51.6786618852465 53.526441846995816 60.48286019416584 71.06316412564803 83.90751296198628 98.1308752878576 97.73770929652503 85.70064071123602 75.73131630526724 68.73541424843674 65.67019511356862 67.07670484202586 72.69584988495279 81.66260649883975 93.01380790636527 105.9860749025801 107.8186229837436 96.99130254331091 88.25220979737841 82.26952508569191 79.66667710200676 80.77107515812976 85.43907878099746 93.13639590661039 103.1873187962587 114.97625727080708
5.134956634655921 0.0 21.28785294494628 28.623731084201527 28.73922037301071 23.070274370911275 42.7685470697358 31.37065056502688 20.230868489694053 15.055339552766458 15.148087528429036 40.88868829161888 31.532760697817242 31.29438333462144 12.580782072733982 33.61581389098606 7.229160318729776 58.08024921911574 25.727749252814792 61.49644500488866 53.67300034777386 8.289763397583869 7.924359638215994 26.34809318418122 21.99386107901471 19.828609330018406 44.306464814842364 37.03579048119762 34.03327640075943 45.5732788431091 17.782664951967593 37.628626537181184 21.431797055483468 28.244631537306788 45.86895731252787 14.513257413453976 4.027458520066813 1.5551467509283274 43.95528560056858 79.11134790521682 80.98231088493323 67.32692589230254 55.735076666785226 47.734538221713905 45.271150358180854 49.18405755540484 58.20111277101864 70.3872934923005 84.38054390449012 99.42074653163995 73.9404774754554 58.710867396774795 45.00496092134263 34.67904093996155 31.281529206102157 36.78506591556158 48.23335873975542 62.43782132764821 77.90516661181358 94.01413326318676 69.11209116020403 52.530116590761864 36.6204492783294 22.83448299130184 17.334418751452276 26.04347682744723 40.678685437314854 56.83274025045116 73.51107012988736 90.42403801354034 66.97764800432208 49.70177427864159 32.453673989830236 15.327397012259288 3.915456249914558 19.86066592184187 37.044228414334704 54.303013005794895 71.58263154523509 88.87093231823216 67.7921154316118 50.78907099667183 34.08814420455996 18.52529196852783 11.094337940341205 22.39855465778963 38.458018562942755 55.27256242854792 72.31739865094349 89.4609924069697 71.45471521666184 55.56259251660129 40.83304555180144 29.089243584976227 24.974810051772806 31.62291484620442 44.44082482447209 59.57076162195752 75.63778771715491 92.15305085882709 77.56296987007326 63.192364875164074 50.687689109369565 41.76020643348642 38.95245847098908 43.466991682941256 53.480565408683866 66.55575521520046 81.22728847714664 96.77180580894783 85.5948119858613 72.78555258278223 62.190846007652965 55.10322881818572 52.950261208220624 56.3009265880015 64.30053144481785 75.48524485052137 88.6576893034503 103.05847559150065 95.06382208536176 83.66939771098694 74.5834936999547 68.72785845132604 66.95544113770237 69.57898565270854 76.14545926563419 85.7538236155102 97.5089592695944 110.7292535231057 105.58392486694166 95.40306599272972 87.48832032670356 82.49453781367772 80.96402119210597 83.0883750543827 88.60510591228753 96.93674690716952 107.43036065441646 119.51783658193513
17.318472347325198 21.28785294494628 0.0 9.588342068666705 16.8977391289384 16.301516938474474 45.61355624840495 33.86704878901759 31.515507011900677 7.513059760048548 35.21386734145791 39.22407431407883 49.85497337660077 49.22497835771625 27.75894412976375 52.72571771821148 22.883855445265294 43.92659650567965 23.738969499316838 57.7451535247951 45.02755091915568 21.348393316080298 13.615297187512525 8.940966038291164 19.421932415076384 16.38671905777466 46.24123427589807 42.378156779770684 54.15021040404791 34.24562190179139 38.44485968558611 52.70621916326044 37.954608383983924 46.95044480426273 28.751108240331106 19.735409375438923 21.65890784379198 22.84072314966478 35.53237448840174 59.090456254767005 94.74028691753183 79.14703981947213 64.43207705574079 51.35599176294953 41.49807129259883 37.48931376976403 41.07936303966029 50.67826144843153 63.622048017508135 78.26845149332283 90.02576879509837 73.46535901203067 57.344483443103 42.17026757058825 29.44459257084295 23.544584843329357 28.9900292916148 41.535611230691075 56.645415360436694 72.73864200984421 87.35925242207928 70.1877794793043 53.101063491155436 36.21925800901189 20.066377568880903 9.601953860359423 19.50509365072132 35.600744232338975 52.46990044446132 69.55200260655431 86.92944571846482 69.65455397997131 52.3975071773529 35.18457243847194 18.14174820632959 4.359521683978862 17.538567263944877 34.567481323609805 51.7777336262509 69.03383333488561 88.7688501949936 71.92675126508988 55.368928910389336 39.45492349982326 25.42391879026132 18.296782873755422 24.93753875201998 38.829130470390346 54.70131502760627 71.24239129178969 92.74252025058787 76.75559756115751 61.484770026926824 47.62395014505554 36.80234779888704 32.241176678042834 36.37695201165254 46.965735336688326 60.72056033761402 75.94011518016652 98.59268289462592 83.6996968000834 69.92470582982091 58.06886294274111 49.53003451250612 46.18613332509751 49.110046035783036 57.35100216317406 69.03029330579552 82.70385998110994 106.00905124586801 92.28268562095057 79.95601924193778 69.77486502478793 62.79167456210046 60.13113027738228 62.349074505183445 68.97649733001336 78.91009507709691 91.07439187209845 114.68809379859972 102.09194191959324 91.05414311734864 82.20484159395227 76.30924985398205 74.07600066455542 75.82936611306484 81.31185820758017 89.84336611240438 100.65152364685963 124.36562825665479 112.80790565100506 102.87425907499836 95.07511925350765 89.96732151432383 88.02065154703084 89.441750743738 94.07812696047085 101.49008171886136 111.12360199477217
23.877673184431586 28.623731084201527 9.588342068666705 0.0 10.62027832646459 13.823855729494289 42.2120344501876 31.468648006972003 41.024550520464906 13.572400028770842 43.39423151050177 34.35544852513641 58.735041502490645 58.191609567211025 31.84618927022095 56.97660482451157 28.15693056402257 34.53212908059812 21.143058177416044 51.06714897152749 37.0507835531369 30.291447049972533 20.712934189681285 2.8375549617808864 17.986763876554203 15.952419499848862 42.39956346829553 40.3390831926256 59.15377452043007 25.799267408842205 46.34115169633034 54.57868160841058 47.06128733121894 55.7088831668958 19.162798968191286 29.281192477757834 27.891776821281756 30.109906877636895 28.09677025583222 50.536891692678495 104.31526317653676 88.7312208229638 73.91542460365807 60.435548054194996 49.397631235737144 42.737588885132716 42.56268394616114 48.94249334332857 59.81520102405622 73.20555936033819 99.438763787897 82.97091828963879 66.92524643446518 51.696360889526524 38.272034680851945 29.252236470670116 29.074865932861396 37.86439105606194 51.193614656630224 66.38200090133147 96.39304148604491 79.31239093653541 62.353868477411055 45.65377444460648 29.652014719217508 16.520577523770235 16.288942122653157 29.265037812679562 45.23569265326548 61.92581037332476 95.3537349549066 78.05180506683521 60.74987557622342 43.447946957910425 26.146020943601687 8.844112816129718 8.457887196026896 25.759793945841068 43.06171984998916 60.36364843795171 96.38578506146246 79.30361200524948 62.34275296966975 45.638662055453715 29.628850065766013 16.479159380015254 16.247131659904984 29.24189693106134 45.22079655118982 61.914982039524645 99.42469508947714 82.95413397647157 66.90453271395732 51.66966668545488 38.236137579426284 29.20547521508363 29.028040788981315 37.828617811347186 51.167287429837025 66.36179687315358 104.29514637101344 88.70767831213304 73.88729170216264 60.40129640504197 49.35591543745345 42.68959145928741 42.51471625610002 48.90098185924161 59.78140182611385 73.1780775282384 110.75571345632353 96.18752661173433 82.67980937634448 70.84179466994634 61.64306332918408 56.39036293847097 56.201220621367526 61.12266157168313 70.08623764385315 81.77334558123076 118.54662225138698 105.02539116700328 92.76881890918882 82.34357633630665 74.52224631847415 70.18087816198981 69.97025049054996 73.92567942687494 81.44240931172851 91.64832688466528 127.42398817771084 114.90824280925005 103.77675623286729 94.51986759435597 87.73297540631162 84.01680751732484 83.78097806510672 87.0537764493073 93.46735831740884 102.4334589643525
23.605116941881512 28.73922037301071 16.8977391289384 10.62027832646459 0.0 6.522242695873418 31.749972482669595 21.554586450761807 45.270134695525684 15.864144491553603 43.841588883418865 23.73567525672326 60.24143470026482 59.94404890948326 27.48919611759165 51.47366083067511 25.614677188813157 29.493251861827197 11.728151215866953 41.03023474653595 28.23597988385539 33.09564256038007 21.754314647195923 8.844180352532161 10.227234352443178 10.036245388432448 31.84620521969877 30.392345621026898 54.430295176318424 17.95601342309832 46.14166468465069 46.89006534129597 49.50232080252399 56.976487896477394 17.880257748435245 34.236072414759136 26.584682386443962 29.965124325467375 18.64239195311583 52.68915133717658 108.49040366921963 93.71045657332813 79.94893228974301 67.82856328932031 58.380616152020664 53.05260415490749 53.09954231399002 58.508495975394204 68.01196166542837 80.16676292969562 102.34186503472543 86.55215500459322 71.46607633633124 57.63879710638484 46.21437147629245 39.3447793770509 39.483686906785735 46.56841991651489 58.11179113991037 72.00034124620004 97.85075710569836 81.21764615215935 64.93498340955678 49.35087373020478 35.40022668224939 25.875741614380736 26.165676042673024 36.03389855652625 50.10939763469648 65.74322977405865 95.25187938020278 78.08171373054243 60.98606858912953 44.0517894534746 27.57775907127966 13.38725087482681 14.022026452416052 28.508402532124354 45.02836720653349 61.9765418596714 94.70118316063437 77.41205724834779 60.130297467127164 42.864814127872975 25.64849815521016 8.775658134191152 9.741275297841828 26.673699852819865 43.895257533336206 61.1621987396308 96.2338446778474 79.27121358087872 62.49487892267461 46.10863941213459 30.742731063554096 19.050893574848555 19.47998271839561 31.53910359176688 46.99651616855351 63.41405330459431 99.75386032511094 83.4903942567541 67.74339862629044 52.97545679605726 40.27826745483159 32.20228992994649 32.40902598793081 40.77267829594364 53.602112519173374 68.43004076215357 105.06161807768618 89.73727578385311 75.27494514820559 62.27808361864531 51.86044409489363 45.81653909570513 45.90760806483907 52.10149069171281 62.612505275224294 75.66234156923811 111.90294968421505 97.62329640969482 84.48101781494759 73.09222431897082 64.39410420786069 59.57704737367662 59.58980623472927 64.42951153558785 73.14420976762236 84.54398502753934 120.01579517446487 106.78582670174686 94.87529696755671 84.84172713292327 77.41836248258635 73.401461393867 73.3528030743455 77.27988355200944 84.63104975981653 94.61150175040216
18.001547946363527 23.070274370911275 16.301516938474474 13.823855729494289 6.522242695873418 0.0 29.435936659107828 18.008300223699887 40.90572223266795 12.404745168315902 37.99458276101967 23.01076179228508 54.57776333227074 54.36296073208445 20.96729138655321 45.096293852360986 19.296909154665723 35.061818717139694 7.628893105125967 42.258137896534706 31.5093475972525 28.357397721348992 16.81807851152285 11.157357125752192 4.225150992808941 3.5565329903929532 29.974426533323665 26.798125208265624 47.95620780249994 22.555656747891987 40.0969540681462 41.19171866442237 44.26855630775172 51.25978152845778 24.383830233395063 30.551906213340555 20.536872470540246 24.174607463446726 21.64586027588199 59.206077715417386 103.63427440618874 89.28845901786046 76.1806695768194 65.06350238164362 57.111502247657405 53.74837167545247 55.80995116064288 62.76394873910433 73.22960668993238 85.93332736642881 96.98372929975045 81.51268880505452 66.94399862047764 54.012825275671034 44.18118904278419 39.815517883042205 42.62955889368324 51.45861392169375 63.85455684637636 78.13786368512756 92.03009709003564 75.57976070483288 59.613522037208675 44.653713338474496 32.137929988591964 25.893035681876842 30.1124953057726 41.734707068526355 56.35174796279769 72.16622164554767 89.05706752110196 71.9471168886931 54.95750076797816 38.248909287385395 22.45760765626278 12.017575902528552 19.575827657296927 34.938758354104124 51.545451313790096 68.49717640826807 88.26504946505563 70.96892494074503 53.67654274217082 36.39323780032114 19.143611408536785 2.683568755120463 15.704738396352724 32.93614516400296 50.21607403772846 67.50727448647449 89.71183769180276 72.75234886180091 56.002741492061794 39.72936182749762 24.88472774029898 16.086935851941654 22.294431645853052 36.524049701905355 52.62777857501846 69.31141533495877 93.2933126809043 77.10597793478081 61.52829166433075 47.16819602897125 35.53387057211635 29.98637021712113 33.68112289592072 44.366235810820356 58.31823831560589 73.70468207726667 98.77750097202154 83.62931109949407 69.49412056625351 57.128872327249844 47.92376712488699 43.91322123847068 46.462443819851536 54.66123410554223 66.45033095587863 80.26298397265091 105.86905257030043 91.8611930226757 79.16690247977378 68.52018160048438 61.00269911051202 57.847562481169014 59.74988573511431 66.27559414875772 76.24668575167466 88.50625384773682 114.26900819784188 101.38620460136666 89.99781679221368 80.73871355642657 74.40807081231002 71.78489000757122 73.26846634815216 78.6266760380324 87.14773952624607 98.01015824847838
39.5810875909799 42.7685470697358 45.61355624840495 42.2120344501876 31.749972482669595 29.435936659107828 0.0 12.065446902375184 62.98764567739117 40.23920619912833 53.20259486892232 9.886578550119156 68.95258465906643 69.34048250297883 31.648247492234333 40.72295585591956 35.665007885858834 40.16044988905206 21.878527987870253 22.396460616722756 25.993000097394745 50.748228203199034 41.034889647469505 39.96420362233537 26.255052986865504 29.407125848583835 2.2234661473815382 6.816005808683108 45.734342986035465 28.904808447137125 53.24875544803859 28.51442142568282 62.38459959052903 65.59272005935199 41.72247643510605 55.536134040983015 38.767633438391435 42.88208361503427 22.841904248787433 73.47453619384156 120.34182289646635 108.48745550223174 98.26281755321381 90.22369021046995 84.99251076978193 83.10125840848006 84.7737639937355 89.81114977905197 97.69428764102884 107.80067114971428 110.94563017011245 98.01150909914554 86.61563984970485 77.44012077971723 71.34679835599297 69.15525326831361 71.22655799145488 77.21843148950767 86.3182474889739 97.66106504932591 102.63434733901428 88.539590495767 75.78527253490279 65.16329179921541 57.860178708154734 55.209098701319654 57.853154589626556 65.15081756795513 75.76918358201341 88.5212288012623 95.6912164145889 80.42737589915801 66.17417866033256 53.74184850851441 44.677241111943246 41.26294582589996 44.80971720180293 53.96198704433262 66.44235522886157 80.72163479103764 90.43202675116815 74.12278095240576 58.3877708525531 43.849593492251806 32.173775797818166 27.317151830307964 32.496332939911326 44.32275330280682 58.921228784599535 74.68350472442746 87.16221043820192 70.11522383779432 53.23298812279972 36.74330089235874 21.566224096708126 13.373354420601169 22.165376614836273 37.44961892786466 53.96625538746892 70.85867772244785 86.1087428400052 68.80730294298299 51.506192690142704 34.20591228028848 16.90900904149201 0.7059326806939339 17.714279479559465 35.01152176578531 52.31186497897163 69.61299721421118 87.35186354696306 70.34977064226294 53.54012476633907 37.18483907290161 22.30677296430925 14.532190117642086 22.879893913272277 37.87488755996431 54.260825981532605 71.08220544567666 90.79727563530504 74.56592664142504 58.94674873286079 44.58778502816666 33.16823146598986 28.47634458283729 33.47211436981971 45.03967470271883 59.459833262348425 75.10712924287066 96.20861924751061 81.03948269302762 66.9133906477881 54.645317239313584 45.75504671496361 42.422195360109725 45.87445666227766 54.84517886310105 67.15821819026874 81.30906254425976
27.8148003749333 31.37065056502688 33.86704878901759 31.468648006972003 21.554586450761807 18.008300223699887 12.065446902375184 0.0 51.57416343426462 28.222627927110665 43.11409779044854 10.509966659790988 59.46070294342801 59.68619910846703 21.3932736729786 36.9932795058958 24.50051032150318 38.31505196705735 10.396156941271881 30.677657357041326 27.37907426772572 39.11950020725795 29.053837405506947 28.988292519221446 14.446896248372148 17.51818185887046 13.205306534923299 8.87521622239399 41.33235469612629 25.137029303863386 43.71289518748228 28.167937883885774 51.79744971670707 56.04839278478252 35.09829724636201 43.62689325587313 27.45178639326539 31.660306252817367 20.072128858125488 69.21187895245018 110.6672492548548 98.06644385931992 87.09479543462159 78.43894440833003 72.92819232539021 71.29560365037996 73.79900806934923 80.05131299487275 89.26825001188888 100.63854547628033 102.03823573821649 88.26092714855865 75.93996589032056 65.8973673813309 59.3021507742412 57.35612082016055 60.50951623574767 68.05715219603096 78.74546225168196 91.48014612704775 94.73496395973142 79.74635934861658 65.90109726167324 54.08448732711997 45.891320278700825 43.42348607403563 47.5803464379613 56.928762061818624 69.40160582390973 83.61211748395641 89.0842080091086 72.97615762314457 57.565201274317815 43.59695592170447 32.95976464048229 29.507744006240266 35.40871614720693 47.281674607683975 61.77415057964883 77.42896071572603 85.41466238195027 68.4698423356645 51.761824726117375 35.62535779983104 21.39528377126373 15.654476894727743 25.12129686048006 40.19712545646536 56.56191884888348 73.35805928899823 83.98647416299274 66.68800590932851 49.391963060517824 32.102266131203294 14.841110454534405 2.945372857048042 19.894860542074447 37.17054376368865 54.462893463037716 71.75986202621678 84.91283442357124 67.84567410542095 50.937161096540336 34.421884131003694 19.335218501206164 12.710156673485582 23.40850981278531 39.154583658348436 55.82935923031288 72.7974321213945 88.11950486436959 71.80078808304144 56.07467676644855 41.61845447584273 30.307297881560896 26.526949132173673 32.97780964683344 45.49838460202978 60.42665179456984 76.36339218613048 93.37179970455142 78.1296054914465 63.94437519548245 51.69368022206666 43.0615329690278 40.435878368467435 44.88352134446451 54.7056332397424 67.59872572023109 82.12901266098045 100.34895794939725 86.31146027400875 73.67579033137554 63.287242638486 56.40148202241136 54.366150881740424 57.69686857126724 65.58107972557906 76.62588653115446 89.67092086536657
24.05522321897927 20.230868489694053 31.515507011900677 41.024550520464906 45.270134695525684 40.90572223266795 62.98764567739117 51.57416343426462 0.0 29.428315862588835 15.923391703834723 60.872337975326076 21.3093998823232 20.21658351689675 32.01618842947766 45.8682240596904 27.34087149519405 74.4739509901885 45.16361551091788 81.42729286955249 72.3857223874348 12.723739200146905 24.146589825731326 39.767976274171765 40.975081644493926 38.26195215517463 64.53719208772405 57.149119014420194 44.00774720717035 63.12258799263174 19.308804146466976 54.160309493073726 9.665152307065268 19.52132186794769 60.10905713079686 11.807212829296446 24.220205269688957 20.140830769220575 62.52814409016955 89.77985278327132 63.422126922790945 48.45309375584592 35.661579228451075 28.186947318109507 30.264989553456644 40.449289409498256 54.36019005002499 69.80419284144736 85.95888692610963 102.48875534501174 58.58217458972548 41.951259653645536 26.204157693678656 14.564348986270621 18.33835678047273 32.54509309367599 48.79327337443109 65.58274663159133 82.58403279032582 99.68882071264981 56.94461619356116 39.64330495407467 22.342952918869035 5.053421196718273 12.271111997354529 29.569188638094605 46.87011037945705 64.17157611009058 81.4732392698824 98.77499611240111 58.77774476886029 42.222687092336784 26.63456225229644 15.321784600584406 18.942725153152292 32.88782700352188 49.021465397280416 65.75189389107939 82.7177828927701 99.79911942981062 63.78299191243659 48.92234873775119 36.293690359208924 28.97891162484654 31.00052069318311 40.99996161886838 54.769252573256345 70.1217142349619 86.21570733992134 102.7032189464051 71.29530773340055 58.33957161145335 48.19434632790576 42.90208749459917 44.240116366376306 51.69614465424478 63.13873248124249 76.80633045309979 91.70948667909708 107.33476690678927 80.61675610324913 69.37628643813625 61.03912441575076 56.89620491092165 57.85567726242977 63.687349482537215 73.23643499655662 85.26294723954295 98.86689418971126 113.48239156298348 91.19414049667688 81.3760812709849 74.34010344114 70.9191398075698 71.63300103556246 76.3658190459608 84.44453111051587 95.01951581011895 107.35560986294523 120.91498909000511 102.63978127473396 93.97059246871895 87.89026163595085 84.9564725318317 85.49376967327133 89.43961859314598 96.37626465180655 105.71661030765458 116.88583016579538 129.41124828695973 114.69389726896026 106.94977578667607 101.58978600336663 99.00192073611733 99.40292555431975 102.75781487616224 108.79366267029468 117.09662320253373 127.22359412424927 138.77583451528403
10.439208906490524 15.055339552766458 7.513059760048548 13.572400028770842 15.864144491553603 12.404745168315902 40.23920619912833 28.222627927110665 29.428315862588835 0.0 29.88147883285829 35.00486763855592 45.55305570166331 45.09988537244549 20.253180316061663 45.28428492375732 15.520816448620563 45.101523841002255 18.80020097123491 54.63013208845306 43.59186884570481 17.520195849520512 7.140573171292756 11.398031543220643 14.207933995961566 11.004534428898191 41.126926610276016 36.31704628101137 46.854149293906964 33.79031354614561 32.7743549076959 45.28288531671244 34.22970845992745 42.436001981386866 31.48644674480692 18.432400903922456 14.644584867309586 16.551140437638136 33.76523511684282 64.09262758483072 92.7487659099259 77.85261313652073 64.17499207994732 52.67384822489996 45.04823423155861 43.39189982258679 48.32261349853803 58.189323957986915 70.96213294563569 85.34609331246064 87.00206700912199 70.9421164480726 55.631982878883555 41.901796651860685 31.863976792602095 29.556300212034383 36.47665223417508 48.84902092148522 63.56584729636431 79.33294681716491 83.27666032029019 66.34252129451369 49.662567104156146 33.61730912950578 19.813854671154715 15.930055330910841 26.71435851483231 42.09821493797287 58.562572630891545 75.40293487254937 81.84906907013986 64.54980356884975 47.25248956299913 29.96050725575235 12.695661311602391 4.841614736045434 22.009458111504667 39.2950996368275 56.59069765050389 73.88926080066786 82.83819705255713 65.79383154680721 48.93058819093212 32.531361241681125 17.918964261316738 13.513027366257527 25.35404010106521 41.25246177781771 57.96047505365015 74.93851177182854 86.16083900260651 69.91266837229047 54.31926298807714 40.150885116051754 29.534978095187448 27.041567965558293 34.48025487819533 47.383960011333215 62.45239361041868 78.44790233239495 91.56326746475119 76.44297177576115 62.46542573222976 50.5869190895631 42.60104279489891 40.85788546516717 46.07157752238701 56.34287177031657 69.4633258372781 84.11000871725967 98.70450087414775 84.82956326736317 72.44466904359824 62.442808226496865 56.113077650845575 54.744402687956935 58.68492758679181 67.00440869079222 78.31960035596181 91.52610432752918 107.23763520909625 94.57982059415338 83.60302044255864 75.04850495629405 69.81247503920056 68.6583989914123 71.78342663251813 78.67932023171977 88.46864433733644 100.30781193414124 116.85804460545077 105.31555388843123 95.52805519418199 88.0825346179666 83.6070368922707 82.58583697570008 85.14331716579636 90.97817642060899 99.51559098508301 110.12882116108928
20.27092776954258 15.148087528429036 35.21386734145791 43.39423151050177 43.841588883418865 37.99458276101967 53.20259486892232 43.11409779044854 15.923391703834723 29.88147883285829 0.0 53.374365165842 16.75184027118826 16.751950697906018 21.748300058108164 30.074231047906252 19.50642855830516 73.05638562893701 39.61524011094025 73.7914283459896 67.71179526878988 14.65422610237766 22.796514407554046 41.27484351429687 36.41627355504516 34.61679563036223 55.05822100174523 46.72563345101392 28.08507350605996 60.31150692666793 3.803053403319994 39.480995705817364 9.881492287621745 13.361852423839585 61.00537250745357 20.26291555669334 17.528415491247234 13.876477535421106 58.206212729431606 93.92549246724279 67.56585461206312 55.297530359470656 46.359395803026175 42.88676783851757 46.130908219153234 54.91403364954047 67.09505235986391 81.15815160241914 96.28213568737714 112.03820015484337 59.51317561847946 45.1571718488957 33.69320094187087 28.809771487958617 33.518406880999585 44.89625585338803 59.2163280066463 74.80763823697097 91.0192369643779 107.57104526513645 54.040097928405466 37.68987252221479 22.791080145240763 14.732708999345041 22.657992663996424 37.52904322642032 53.87194145598143 70.67287742680504 87.66890935851441 104.76512907064678 51.968220056449745 34.66835231263966 17.37259365197968 0.6580047160833158 17.25608681312234 34.55178281772928 51.85163894758984 69.1525330635454 86.45384201147108 103.75535827064269 53.6927586850356 37.19244240269324 21.96260291540942 13.421877664638219 21.83232446520373 37.038718948493255 53.53312740174642 70.41617339602473 87.46308901650895 104.59378147432876 58.8810572874544 44.324634944553345 32.574184635630196 27.49893875127745 32.40394491863897 44.07436382066397 58.59857790196186 74.32191469575699 90.62235133703643 107.2370458631844 66.72995799743742 54.277737908662836 45.14380883270066 41.57594526576513 44.92059749115972 53.90608535742242 66.27652000116323 80.48598184495621 95.71893516245085 111.5568954771492 76.42397173555742 65.78345142872011 58.42088568529737 55.652813613636944 58.13922788015857 65.2824811903803 75.77686492984685 88.43733681511593 102.46409226222964 117.36829315752628 87.35083072560492 78.15895666470924 72.01504762819371 69.72948703809797 71.67234710896494 77.52637626873316 86.50111209776739 97.74065413188546 110.55640300230783 124.46240684463895 99.10345264442778 91.05013727433108 85.77551949463442 83.8059130793504 85.37037814872212 90.28538607693243 98.04835280709682 108.04715226293843 119.72290428400426 132.63347835851235
36.832114203262655 40.88868829161888 39.22407431407883 34.35544852513641 23.73567525672326 23.01076179228508 9.886578550119156 10.509966659790988 60.872337975326076 35.00486763855592 53.374365165842 0.0 69.8401744462614 70.02632317598452 31.751796484373823 46.44313680373694 34.35560072588285 30.803170479402446 16.29056060136886 20.61114222966204 17.793543495381087 48.215952607025635 37.40213850485118 32.42824900027927 20.87473917270397 24.042666529869518 8.992785586580457 13.179023074424396 51.06174819177875 19.05122740473322 54.11870627708313 35.91690096987752 61.79559321496174 66.42274096696475 31.92432057374304 52.02216918402786 37.11902669155206 41.356677459916035 13.02611082030073 63.71870251778473 120.93620509962363 108.03692445731818 96.52498915293174 86.95317796890077 80.02075937181421 76.44915856927295 76.7092621889432 80.76405827654561 88.0910918137954 97.95883292573711 112.48258532833226 98.52806255231145 85.80163647654255 74.9316831374228 66.83029296585619 62.582054796507855 62.971689765026355 67.91942612995128 76.5464420094723 87.77449360202421 105.2446710801656 90.2169835172295 76.16081406529054 63.72234493061071 54.03061214022959 48.75222060166333 49.32497480539347 55.56824116453579 65.88936084999936 78.69999034761825 99.4882636258395 83.46241382587989 68.06425093429121 53.83509821881626 41.980961836187696 35.00417581799015 35.873267265138196 44.127067605108266 56.62342887982379 71.16133158009193 95.48177981180416 78.66642948498382 62.118882289688464 46.12825059646419 31.552924214098645 21.49581603602366 22.962246076604615 34.51334437494158 49.535731469552275 65.68955778278259 93.4506232627875 76.19982327588637 58.978983915713975 41.825129020363164 24.877212239306196 9.333989362589596 12.413074697079805 28.631431798679717 45.652456096481664 62.82712794508862 93.52361317791755 76.28891013261209 59.09350834505023 41.985723523287156 25.14503058197145 10.022847804534889 12.936604083333885 28.861172953577963 45.79620306590299 62.93115649816397 95.69593398822936 78.92503506012895 62.4445505820317 46.563870075195595 32.18349664414841 22.406969384765066 23.813409220205752 35.08270230868877 49.93220308346634 65.9876137553559 99.83060548769518 83.86833287255143 68.55911470869566 54.45653904388532 42.77130538012361 35.94387246184751 36.78650371497341 44.86913446870499 57.20086611853704 71.61945563682863 105.69753400596225 90.7424629676201 76.77969899534143 64.45736166158639 54.89155189376307 49.70025320608297 50.257830939718 56.3940216277289 66.58395814625733 79.2796505532113
36.653497030207106 31.532760697817242 49.85497337660077 58.735041502490645 60.24143470026482 54.57776333227074 68.95258465906643 59.46070294342801 21.3093998823232 45.55305570166331 16.75184027118826 69.8401744462614 0.0 1.4523081122613735 38.08951149406912 38.61252547426235 36.253362333107816 89.61208369417785 56.36422135622652 90.09387373922372 84.45469981119433 28.51511601039375 38.71710920667277 56.87767332526987 53.143881755183145 51.25852210471112 70.91123155823277 62.290003891760826 34.63495919206278 76.99514427776919 15.76441277927237 51.07470869785659 12.240012657878088 3.420606549178148 77.00926312410519 31.607149002506016 34.23356832372967 30.40568499838084 74.95785892632654 108.94428465463312 51.389260893874344 40.65888712058987 35.554767471864686 38.390692876308535 47.772968617264794 60.74022705652489 75.46655720618153 91.10288003905556 107.25192617053533 123.71307127379893 42.78217874205613 29.091388486462623 21.471243974676703 25.969811689253742 38.555924163884995 53.82749134661368 70.04962333060918 86.69032241466118 103.54798713353031 120.53161678925669 37.725712747925705 21.002007263947707 7.592928647512747 16.520719455703368 32.96860820201416 49.9963741862896 67.16441830555583 84.38716780658686 101.63681638092305 118.90165746200516 37.67765488631855 20.91595441315462 7.3526857332530335 16.412196476098124 32.91461325987122 49.96095181359476 67.13817850811529 84.36638363615823 101.61964243925627 118.88704781554547 42.654937529334475 28.904799863432338 21.218921631008808 25.76255491509584 38.417278103111705 53.7287325223724 69.97412064863596 86.62961296852157 103.49740840225357 120.48837566006556 51.21267196558353 40.43648795674956 35.30140020360084 38.15724916779646 47.58644745533468 60.594321585310574 75.34972557921742 91.00658212863746 107.17052927856248 123.64284940910434 61.88276396947382 53.25722550560573 49.415476273642945 51.44072469295495 58.729112485096614 69.64747507489574 82.77158056866368 97.21213890060457 112.4631805676374 128.23585945722215 73.75393314221404 66.6268555126555 63.53996296203237 65.0708053366585 70.92098643772833 80.15021349614925 91.7443236686781 104.92225179982356 119.15968577895806 134.1196342873884 86.33199524407512 80.27144042567679 77.66903428966576 78.8678490981718 83.70472119066183 91.6051694609144 101.85881301113587 113.83150924612755 127.0381485965958 141.1327527256056 99.34867933703384 94.071262000259 91.80041836663447 92.75722893709312 96.84607610867332 103.6971244762779 112.80823117367692 123.68093080381215 135.8930480028008 149.11586291277905
36.39442239563395 31.29438333462144 49.22497835771625 58.191609567211025 59.94404890948326 54.36296073208445 69.34048250297883 59.68619910846703 20.21658351689675 45.09988537244549 16.751950697906018 70.02632317598452 1.4523081122613735 0.0 38.29543879932465 39.66028671861931 36.24537391523092 89.36138953005256 56.34256369083855 90.34579191709948 84.44679804823875 27.919611489967647 38.33640889583705 56.385339452573305 53.03625878498889 51.07976349341231 71.27768752750312 62.709916380645275 35.77445994517764 76.83026599861498 16.09247098474113 51.95139596318734 11.39844402169019 3.8165761445450044 76.57979527792776 30.7481868195597 34.12400954800414 30.21840248405804 74.90290970979574 108.29840048888215 51.03661863472645 39.91014331139956 34.34545812599375 36.94738564410072 46.36071586240343 59.432571052088335 74.25532227131669 89.96767823184383 106.17542664925 122.68238332621854 42.7842254219932 28.67250093733966 20.308773992528774 24.525332173116368 37.27263287405843 52.685083567855564 68.99926467534182 85.70175404787862 102.60309154181269 119.61901925211775 38.205019105586295 21.28241447803763 6.706137374650855 15.353072079463187 32.01835094728024 49.12582013365381 66.33423732536615 83.58127368364929 100.84711701843231 118.12352070005628 38.628258255841864 22.029783611565332 8.785992777522251 16.364267329286772 32.51304498789478 49.44815685710999 66.57218346848586 83.76935167450647 101.00230799924094 118.25540763690127 43.909521012398876 30.318681514299342 22.56346633731395 26.414176661731002 38.53593901083889 53.58208295060654 69.68336804661384 86.25088464694834 103.06002898043303 120.00931295296036 52.60540261551116 41.88876022730902 36.61577731349923 39.05725449950637 48.05132855261601 60.75440961870782 75.3125053778552 90.83807412125485 106.91045327403357 123.31602245323184 63.324382711416334 54.695857419889045 50.714861818924675 52.45053495515115 59.40388069967633 70.03773614641909 82.94847161891151 97.23329892649849 112.36939491180812 128.05525534575762 75.20622013066676 68.0449159340757 64.83007503038105 66.13969820264852 71.72638101924846 80.70675805427427 92.09332691676563 105.10696425365875 119.21602245996759 134.07512480554212 87.7798341048156 81.67047317943621 78.95261955830162 79.97280233238898 84.59589306010389 92.28198179553769 102.34327646168288 114.15345522781013 127.22641028476582 141.21186436153494 100.78650448132012 95.4540442979023 93.0790027667469 93.88609074527214 97.79655623228709 104.46246159331145 113.39892613505053 124.1164699362039 136.1952674052734 149.3053070382043
12.076271635679278 12.580782072733982 27.75894412976375 31.84618927022095 27.48919611759165 20.96729138655321 31.648247492234333 21.3932736729786 32.01618842947766 20.253180316061663 21.748300058108164 31.751796484373823 38.08951149406912 38.29543879932465 0.0 25.204818621179687 5.826995941942058 54.49244138793512 19.569506379193516 52.06527894056154 47.015103776330434 20.83859736768412 15.527197529918883 29.073418745564886 17.793696259628053 17.48034161400888 33.42543880460191 25.40344813736373 27.35736887879237 41.12234681516064 22.373079545981433 25.887039205319287 30.73803770169182 34.67309196103272 45.33521067711657 27.009544341055687 8.819503348123877 12.12418597448145 37.98038537352236 80.15421128781043 89.27781617910448 76.90689141436614 66.76457611401581 59.99203690437085 57.78648243242851 60.648230012590915 67.93993852750374 78.43570540349667 91.03395909484155 104.98047783176905 80.75450573234349 66.873482592251 54.9685304596615 46.58025543989667 43.77905026321217 47.56253227306879 56.62585893077145 68.91651117202498 83.01317554167194 98.14068118580644 73.97424485602839 58.547088061977796 44.52014593123563 33.69027339881111 29.778094371828374 35.173065574979056 46.75749602196974 61.1072138236141 76.68525922885588 92.87559226883941 69.44954673604295 52.742595726719436 36.592836108514234 22.248646998790413 15.801307554716619 24.557539289460273 39.43572669314703 55.73143396698843 72.49497439502731 89.463748419943 67.63469058678538 50.340158440784904 33.05337082055289 15.799768449055618 2.3353015162281205 18.973354289233352 36.238602380376875 53.52754451370119 70.82283057414766 88.12072530958102 68.74465751582903 51.81520531281804 35.24933935491481 19.973212236018284 12.411903472747312 22.53651142779268 38.215784769872876 54.87905723075327 71.84489194230183 88.94031106621482 72.64548906531023 56.86678380978234 42.29663480265503 30.70650950318198 26.37203692581059 32.35412080213895 44.68561434787004 59.544347522546204 75.45173761779901 91.86463025861545 78.92440014669486 64.66197110555981 52.26840035806542 43.37633507841144 40.36994939127416 44.45969841405913 54.05832361859309 66.8329673284797 81.30002639223933 96.7028885847286 87.06834060018578 74.34258664092195 63.8078640505997 56.69890575477875 54.37634950834723 57.42393169167969 65.09168571308389 75.99372500305428 88.94865936773594 103.18614654641065 96.60669123044592 85.2687570111566 76.20603432594591 70.30397589898767 68.38588305328824 70.77640559582856 77.07568223111511 86.43328414301199 97.97680867319204 111.0265197194743
