0.0 68.43316369106931 38.43107571788068 83.91578373175783 48.35005290168442 41.00431812820304 3.810087894667129 44.7107122042266 7.57330246051994 62.758739712178276 8.03544988361427 18.63968565839795 57.14108234270327 53.998237524372314 25.5312316109572 65.913389564146 99.96365268332546 3.8043330432588247 80.60661129802197 10.245725577480037 29.50929799413862 72.69679170317939 35.6152090176632 87.26282349489138 63.72978443038328 35.39505343743651 34.7158389501765 33.098438230371755 9.44771862401666 41.260556064588464 8.325291422767268 17.631176859504617 46.39580704332689 60.41229370888601 29.49368619964373 15.699354180121308 87.49071156367599 15.59674096276852 72.35190147803483 23.50681608861393 53.789225782717025 35.75610399731609 45.37121469048448 72.34241673033674 103.93812284234208 41.08716192812325 9.188673968744608 29.589897204659813 63.73025762646377 98.19563580390228 45.69443220371011 21.92234105886367 35.60958571573454 66.71088221862095 100.13733904916806 63.97450116884429 49.66838277054174 56.88555480559459 79.99869433270884 109.3545723495165 87.7627917173587 77.73928083374042 82.33602122797177 99.5478851130773 124.23799297078024
68.43316369106931 0.0 32.849920402684994 16.406764487746575 22.085552046470095 40.698881671713366 71.4299698576538 28.88467211810925 66.62533647590502 6.5209488333855585 65.91542443696967 55.653971615491535 11.301275205032482 44.953543945723155 43.005326706704295 2.9120439844322656 35.903985069868526 70.49754481154828 14.01559785997377 61.248209962172325 49.27423569780337 4.312585082319034 36.976256385724206 19.245054753279124 13.570543188485706 40.850080844370694 40.78499043694313 45.949093159338254 73.03507872403141 31.72164496749886 69.93069434737062 54.14754940160193 22.838151279589482 52.55623640584705 39.47946927551228 53.19647060275574 29.62174925543646 76.61341180852594 4.3125850823190595 47.018140529263896 119.4519243208298 90.04704305589806 65.90124264319762 54.51856273357587 63.21684637618629 109.33756110581176 76.26065462382302 45.513876186328666 26.873383014412898 42.04384391615683 105.91193945684947 71.30991514798889 36.711353523655895 2.279771236029774 32.51961925457979 109.80307126146323 76.92048914886841 46.60093561669937 28.659572700839473 43.19645092184758 120.30287093054892 91.16256119558136 67.40353517345746 56.30854932305933 64.7523056233789
38.43107571788068 32.849920402684994 0.0 46.742881920906385 20.58457312585466 32.372722574106305 40.782113144984606 23.781557512911142 38.920296402494316 28.68344093544334 34.26873273446233 31.898235765615887 22.166521372176945 45.50856861241429 14.206910523421005 30.94049055539995 61.622216943811544 41.27490226131898 43.198103926090994 29.704605218302152 31.99203574265082 36.75912689123515 4.225597968081143 50.320061089254594 33.72979919738637 27.350364644236542 8.628782594186287 31.1343048865833 45.167772335397856 3.4064066878154686 38.167603147302614 22.071336592725405 17.386074068994404 54.701580560853934 9.761357443253864 22.761811138518294 49.09583703091001 50.10052481804568 36.122282437742165 15.145766332948327 86.92003472921533 57.28242712896453 37.44715238855123 43.79646938375583 69.48957463582089 79.31730750135323 45.044762095433505 12.715305510606553 26.25224705183459 60.096048417136245 81.33745379363147 48.482935655158414 21.914733393905927 31.69799456940997 62.64277300449085 92.35102725487602 65.16096515252342 48.55924754193189 53.52438381287691 75.93766391926457 109.68098462397569 87.83502051424145 76.12362221831079 79.17931221536132 95.5963581837666
83.91578373175783 16.406764487746575 46.742881920906385 0.0 38.490654046080344 56.859039431123364 86.73173254320959 45.24056238108258 82.56809325507443 22.896142323676596 80.77062596870584 71.90952848042099 27.14300071695101 59.67182954894077 58.384554212156964 19.294800210526983 20.32885913150474 86.18806038828379 3.767632916837065 76.13090782937375 65.67978116788875 12.233620241883232 50.57471296758953 3.766359907338475 27.92877204527554 57.24348985743185 53.7471382617528 62.332821364784955 88.99695782659566 44.87795692717231 84.73799795134117 68.70694658102438 39.12678375437539 66.44188336520823 54.54414296608365 68.41145496903279 19.35670050189269 92.77353033080448 12.108005731235496 61.631257366797904 133.60862139414726 102.76234590891019 75.2577900752959 56.23316996625259 55.275700360753156 124.97158385224965 91.3634420937133 58.919453745801995 31.473277659445458 30.074475594706225 122.2871968533837 87.69062827904558 53.10356286352688 18.579150054383067 16.286054519247738 125.93683757982386 92.6673665918411 60.90346207021113 35.01513449428925 33.73017471103575 135.40912221942136 105.07145412947634 78.35292307603969 60.27553922096087 59.34551959437951
48.35005290168442 22.085552046470095 20.58457312585466 38.490654046080344 0.0 19.786178092964654 51.68643214110641 7.417072714537649 45.532340141454576 15.648745157729559 47.29121379081192 33.90368229727572 12.423657441926203 28.588243745840757 24.215943712580756 19.21535130180703 57.5405208940294 49.922202503785265 35.91031196429474 42.72946882661218 27.21029287028428 26.325681357442075 24.39205288410878 41.255782688561936 15.48930645656055 18.870706837568108 28.993335788350162 24.00095983508598 51.84390023451227 21.941344232655062 51.28818962691082 36.760642103727584 3.1990986673791615 37.60810231991563 22.070423949758847 34.21934804351057 48.87975316796394 54.9861077462269 26.3843057296032 30.060298169502698 101.21351737803182 74.88991426820033 58.0311560438842 59.34242613401468 77.91164651095997 88.57249365937665 56.84588091095395 31.822327114489642 34.47761031017084 61.31549156347437 83.8582729196641 49.25491516724999 14.653935062841635 19.957038135656852 54.558989571831795 88.34926444883155 56.5006457282055 31.20725795568843 33.91610934645957 61.004520651691955 100.82256766863316 74.36557730382589 57.359238109163165 58.69173262754619 77.42190216417177
41.00431812820304 40.698881671713366 32.372722574106305 56.859039431123364 19.786178092964654 0.0 44.79443320737282 12.369118423825638 35.54896833116734 34.20876754305939 43.32642614854656 22.675220756940647 32.155420961435794 14.565806699175413 25.736674568995713 37.793688140238 76.59300069198508 41.08514270795077 54.71356914396624 39.662943078536586 12.11653638710689 44.66335744926219 34.43518515350853 59.16916801756092 29.90094125523112 6.427075258769869 38.364964621845495 8.133747526389637 40.90434361569828 35.21865586480553 46.78515011792652 36.93942861002965 20.977519327819195 23.198951998321014 27.085120953020756 31.95611160161144 68.61090518650393 42.12173888102778 44.97505712818938 32.72190327469247 94.54655364402025 73.98126244671423 66.34886194849001 75.66956900118691 97.18211648743784 77.18641567998534 50.19262013228095 38.41459301011185 53.168489606046805 81.07355369000247 67.60155450855055 33.82708293782664 10.650127104536345 38.43736689439917 72.3622100225655 69.10725225814758 36.718160022716376 17.76182870237428 40.958395536561014 73.71937393659016 81.08796108588744 55.956613840713096 45.62720014846276 58.543605253661404 84.66214974888734
3.810087894667129 71.4299698576538 40.782113144984606 86.73173254320959 51.68643214110641 44.79443320737282 0.0 48.26500288515667 10.942011936853103 65.86798526805654 7.781101834506754 22.448506077009945 60.128763580225744 57.80639839621808 28.428695851080853 68.96095231177299 102.40276730368511 5.728108745147314 83.36824762982579 11.450552771527299 33.319369669262 75.669989613395 37.72018422643869 90.12776105980132 67.11627024541723 39.14354038929878 36.41244440120435 36.903324868436464 10.973258221796335 43.46230550592345 6.176152848719511 19.246545280644497 49.634203589616035 64.18267405124074 32.1942699890577 18.32126884611977 89.67888879464756 16.860650413849978 75.28659775849445 25.676535828389472 50.10932389916281 32.33902067098742 44.44675822027579 72.801445840345 104.97342929405362 38.53540249581362 5.40917762742054 31.119050020504435 65.5925716848524 100.15602708153355 45.440978311369236 24.573225123745896 39.21284357796132 69.75882478403494 102.90667128006046 65.19683343524106 52.626343053585295 60.689679135449964 83.61664069194408 112.67230503790225 89.67768079738327 80.78490682266583 86.0525559546061 103.33736052372673 127.85501260134383
44.7107122042266 28.88467211810925 23.781557512911142 45.24056238108258 7.417072714537649 12.369118423825638 48.26500288515667 0.0 40.9544755457068 22.365046560351768 44.822818907060196 28.61976072575521 19.80843304772852 22.33842731137318 22.861387873298245 25.97532126101298 64.63395910782054 45.80539038386537 42.85887369577095 40.4782094238232 20.637405495719438 33.00855998749764 26.91053219712912 47.80286345080147 19.841840088920748 12.09221216733802 31.38282318671599 17.117248139822642 47.06245953562176 25.956440236776732 48.70482257967232 35.54942926731265 8.918983738792422 31.537529930747347 22.074557490067363 31.974817340466814 56.27250775043165 49.6250765878165 33.195586732633465 29.56129554066703 98.2913157178473 73.92179362231224 60.51829709859391 65.23251398589555 85.10511949082063 83.93078008857876 53.58791750342791 33.07246960436105 41.36116387097632 68.72072318684499 77.56629440017387 43.04952595514597 9.211266413185816 26.66996923312878 61.09485391458803 81.1030460022635 49.084420609906225 25.213089829852183 35.453670155770034 65.36871448009258 93.42304792744136 67.37721416206361 52.40528554707064 57.859664534719265 79.64903934342124
7.57330246051994 66.62533647590502 38.920296402494316 82.56809325507443 45.532340141454576 35.54896833116734 10.942011936853103 40.9544755457068 0.0 60.62387049168978 14.741447044962928 12.895733709035483 55.468335070545145 47.7520263185297 24.967140944565312 63.9595481052779 99.59070826220508 5.797055892223421 79.43742783730588 15.130605727725976 23.595217977269474 70.93354077877238 36.79202631107075 85.75104997247988 60.54808797773371 30.49547665021251 36.83384962463282 27.444857461516012 6.432845844233242 42.05479228468777 15.83870936334167 20.846043089271483 43.9912841672651 53.672196026089814 29.332461109422965 16.86848044204507 87.81018661639497 11.323432711596734 70.71280605878198 25.07112665230606 59.08360127543501 43.250507051036486 51.43111063440829 76.25306736223973 106.67108222114567 43.062288601016036 15.783294627305978 32.22909056423141 64.985893603455 99.00741717511227 42.69417033704886 14.759185432651842 31.74469628567621 64.7492760086482 98.85374327078081 58.276652121890415 42.15176917512184 50.51925681888767 75.64680546522935 106.24266208171117 81.08266787990588 70.18431110170745 75.31290986647495 93.87752464259148 119.78607282669516
62.758739712178276 6.5209488333855585 28.68344093544334 22.896142323676596 15.648745157729559 34.20876754305939 65.86798526805654 22.365046560351768 60.62387049168978 0.0 60.66506934126085 49.40168525264672 6.552152322915679 39.07863592197323 37.537545200559904 3.6103033962008912 42.38434481670947 64.67329576542441 20.523712645462577 56.004079603184245 42.792542564410105 10.687607455544338 32.900767977626444 25.60703753083237 9.152010713960085 34.34736721418031 37.036217120444675 39.439473464825404 67.00844561730665 28.125725313910344 64.69250253277782 49.16417689296676 16.653469235549398 47.02254406618434 34.29306129376377 47.774021201616186 35.38309117807156 70.42616680189543 10.830597416613825 42.067575190493706 114.45484348134467 85.91467826561328 63.69886863621741 55.93346914411723 67.7816587059499 103.49414604124972 70.81256981355297 41.38406382030958 28.384861270835245 47.891532414207525 99.50690019256801 64.90335824413597 30.300545382031277 4.319097495969215 38.91067423677019 103.30398029812906 70.53690982508031 40.915017032348416 27.70309114835102 47.49445829833874 114.11074275143994 85.45996366471965 63.08996633796472 55.24560617906733 67.22056856961838
8.03544988361427 65.91542443696967 34.26873273446233 80.77062596870584 47.29121379081192 43.32642614854656 7.781101834506754 44.822818907060196 14.741447044962928 60.66506934126085 0.0 22.59978480393909 54.65436202556282 57.18565967579167 23.22290074633861 63.581965003199926 95.77496126581471 11.800101334009407 77.31093377261962 4.6674892236259105 32.8687992235277 70.08211061832625 30.900143045864734 84.25705096652439 62.77525346631599 37.20788698020081 29.163570521225328 35.95724909088059 17.47114549967114 36.71315906466163 4.028330986513125 12.238671074890553 44.93652715130286 64.3603361045094 26.437467763384234 13.07202417581972 82.74658992956844 23.614062657345432 69.61272484323895 19.16568379994934 53.94917108687263 30.901489319082753 37.33803716625391 65.02456453343662 97.24760645734439 45.45335853453415 10.869565746779088 23.772705393192815 58.3694268314567 92.97146261239084 53.14428204346104 29.487197307363495 36.187215519952154 64.37681259571029 96.81979706299164 72.009655999848 56.647163212833085 60.22628529727018 80.2515020352082 107.9268062761869 95.65093151091105 84.47622460260487 86.70686906171423 101.46253769994927 124.36208731534423
18.63968565839795 55.653971615491535 31.898235765615887 71.90952848042099 33.90368229727572 22.675220756940647 22.448506077009945 28.61976072575521 12.895733709035483 49.40168525264672 22.59978480393909 0.0 44.81668235886183 35.35885310706359 18.003842429703017 52.87358258120544 89.88520764910515 18.418564454834318 68.99955741507434 20.155925304960554 10.88567705805624 59.95814508164242 31.05113680180085 74.89739261053964 48.42136373742129 17.660875266468945 32.66541803517921 14.606626334969208 18.591469822353876 35.2857404631284 25.42127563140563 21.34234678418504 32.815971271336174 41.96814792896927 22.283117818044225 15.5445764474552 79.08032678669184 21.095735757664755 59.867063352296384 21.68885293272648 71.88341747727398 53.39180762402318 54.11975635546931 73.49839745203128 101.34043773461812 55.39861779208854 27.77996169162116 29.483722548399495 57.98014939988746 90.82372905086068 50.70923637317961 16.694713059052546 19.51548347109555 53.64558328986594 88.14588463625887 60.61776550294099 37.0361290256688 38.25792294757166 62.85296285553017 93.97953855513971 79.86366162497072 63.64391526601808 64.16908485105573 81.11457913840331 106.94044343987763
57.14108234270327 11.301275205032482 22.166521372176945 27.14300071695101 12.423657441926203 32.155420961435794 60.128763580225744 19.80843304772852 55.468335070545145 6.552152322915679 54.65436202556282 44.81668235886183 0.0 39.406798224342815 31.704279694225644 8.951297433649055 45.42175867804726 59.24243983121961 24.184424334674624 49.98694750939362 39.26066693449333 15.556190580959125 26.376467182868602 30.282847404927175 13.750856690788241 31.12731419050874 30.486497792096667 36.259167153522405 61.89109559639105 21.576737293884495 58.674249233994374 42.972413638371584 12.235722378123585 47.965394977127474 28.218369744641596 41.899991055403795 36.46411406531703 65.63237302820491 15.256264260098389 35.85046655840613 108.29427552392572 79.43183295611873 57.32351648025457 51.549573009382364 66.50966015886053 98.07823270382079 64.96525954728378 34.87798816223218 24.643600816706662 48.918135256918795 95.35378901694861 60.81393195459361 26.441965778779856 9.740368745900476 43.42149245431636 100.7308113183953 68.86939964102297 41.64283670143049 33.46776470509178 53.8599153775781 113.05898079576266 85.75782517505274 65.73628589074879 60.686878751256565 73.7517354967382
53.998237524372314 44.953543945723155 45.50856861241429 59.67182954894077 28.588243745840757 14.565806699175413 57.80639839621808 22.33842731137318 47.7520263185297 39.07863592197323 57.18565967579167 35.35885310706359 39.406798224342815 0.0 40.258586663598834 42.278509163590655 79.99070698631854 53.50468329518599 58.353010837928224 53.77861232854998 24.51782755947269 48.19308459342169 48.08023752247016 61.197623788084854 31.825425718724553 20.980883623026397 52.25163439683958 21.228793445335732 52.31401023167117 48.003002699748365 60.437792630009554 51.453857642248046 30.964562535813418 9.221254659341724 41.33653684403275 46.34649063854456 74.44577754803929 52.245375936710175 48.84851938486451 47.26553483813197 106.68930415176881 88.03018964734308 80.68920206496412 87.56087450198237 105.91408088116637 87.0781231877664 63.12057937430556 52.73153962672199 63.022398646213134 86.93578043049413 73.31528347618995 42.391191717673564 24.77373256949061 42.72358671594866 73.7001644804961 68.99512684809937 34.465293524191324 3.1999379445262712 35.035367333712976 69.56700756669439 75.75107183240384 46.4410640293606 31.147316233297712 46.67304923673685 76.03569607431446
25.5312316109572 43.005326706704295 14.206910523421005 58.384554212156964 24.215943712580756 25.736674568995713 28.428695851080853 22.861387873298245 24.967140944565312 37.537545200559904 23.22290074633861 18.003842429703017 31.704279694225644 40.258586663598834 0.0 40.56203996097122 74.75160345544604 27.918795259085467 55.08461914856888 18.598759683037297 20.67273959097805 47.24142336646512 13.04862975992409 61.73869837317829 39.650860710079826 19.433447421493454 15.067156758012825 21.2915442195117 31.322805720334237 17.51501278753937 27.24703343621157 12.729429662204229 21.74074383757499 48.897223508657326 4.447986306064854 10.237738297184686 62.844432942427545 36.01431501427379 46.86189161377194 7.042263034723234 77.16246126613721 51.11130684090488 40.81063418698457 55.798494211113606 83.40418434930544 66.60023512266973 33.28447303603593 13.227707068002806 40.45911004205138 74.11989070819706 67.16667333429592 34.393764018160994 15.79081371069333 41.3596226985354 74.61056747960512 78.62158205831973 53.26899622520232 43.45844310454365 57.74516534212099 84.70649023698942 97.18780475265011 77.92128199601488 71.36341803111853 80.67529441625159 101.58259336471946
65.913389564146 2.9120439844322656 30.94049055539995 19.294800210526983 19.21535130180703 37.793688140238 68.96095231177299 25.97532126101298 63.9595481052779 3.6103033962008912 63.581965003199926 52.87358258120544 8.951297433649055 42.278509163590655 40.56203996097122 0.0 38.803031302685305 67.91171824889688 16.924269645978118 58.91515749790077 46.38646271734992 7.1130659807859065 35.117586481509406 22.059179622221695 11.302962703961843 37.951190912496756 39.075917275367296 43.04642223990381 70.35912906266853 30.050160217319725 67.60434453899894 51.923673460187786 20.071467807582064 50.021134496298124 37.15235178201974 50.780745669212905 32.18974566581943 73.86514529975518 7.220294325673103 44.80166526771441 117.24552205276113 88.21830507637046 64.90932837857547 55.12501359235636 65.26184176253663 106.74879691696057 73.84361630501392 43.649665723253214 27.432582634247748 44.661386967595654 103.06319715443574 68.45952229152473 33.8562282537733 0.7978754651673389 35.35369052083033 106.89577945143911 74.05398692760195 44.001333133500225 27.98357872082625 44.99870066509147 117.51304048431902 88.57027821507192 65.38246807840365 55.676148688634655 65.72361361130065
99.96365268332546 35.903985069868526 61.622216943811544 20.32885913150474 57.5405208940294 76.59300069198508 102.40276730368511 64.63395910782054 99.59070826220508 42.38434481670947 95.77496126581471 89.88520764910515 45.42175867804726 79.99070698631854 74.75160345544604 38.803031302685305 0.0 102.61733506306906 21.912040317835558 91.2748347899197 84.65955243822967 32.090598816272546 64.87834816458526 19.355402836370082 48.20747620808809 76.40974123300565 67.10911949446003 81.54132156287548 106.00116806859275 59.06182743876828 99.58871217907527 83.5362902422858 57.65705400897473 86.73967003213515 70.55302494079126 84.26463111589202 14.845886974699143 110.28072572788601 31.661063899065848 76.75483826588184 146.71643279016857 114.07431975743961 83.0361814498124 56.31946961562553 42.936885232951596 140.93635839011324 106.60956658692336 72.54648140189032 39.436454510767085 15.566811805197624 140.57866280888607 106.14061362805322 71.86202680496827 38.174907240732786 12.056027554860464 145.6833120356385 112.75480790354051 81.23108979130465 53.64845885452886 39.40365811482972 155.71375650339897 125.3354166999434 97.8055525140682 76.2735356425219 66.81425815703142
3.8043330432588247 70.49754481154828 41.27490226131898 86.18806038828379 49.922202503785265 41.08514270795077 5.728108745147314 45.80539038386537 5.797055892223421 64.67329576542441 11.800101334009407 18.418564454834318 59.24243983121961 53.50468329518599 27.918795259085467 67.91171824889688 102.61733506306906 0.0 82.9464112645752 13.940326934591637 29.24010614703719 74.78579796967622 38.661553100446945 89.47175013166161 65.15803224263097 35.81470375369358 38.01995813380661 33.02424697209622 5.675737216783963 44.2125951395114 11.54843938079123 21.08743919888067 48.15255581586472 59.4690567987673 32.06434769524239 18.536846888173713 90.37039974088935 11.813995697298619 74.49234446943088 26.587862702671522 53.46503136285407 37.93310890379485 49.134084326377916 76.05407321645713 107.46679571310426 38.84017242540216 10.067608841954243 33.00010764881562 66.86935071565837 101.23668124072097 42.009312986671844 18.84752339506648 36.61316038018939 68.70709935836113 102.44830455182748 60.225950635463974 46.90973684158903 56.291145347465026 80.8187727664884 110.8578656206936 84.23539121100163 75.08085032230052 81.07657408749145 99.52101021083139 125.02078188984963
80.60661129802197 14.01559785997377 43.198103926090994 3.767632916837065 35.91031196429474 54.71356914396624 83.36824762982579 42.85887369577095 79.43742783730588 20.523712645462577 77.31093377261962 68.99955741507434 24.184424334674624 58.353010837928224 55.08461914856888 16.924269645978118 21.912040317835558 82.9464112645752 0.0 72.68208389361838 63.116746321881514 10.210271738331059 46.98272731764811 7.5339917416153765 26.53153943999856 54.75676786029301 50.08715337373777 59.87320821847975 85.8699365475849 41.25850808644932 81.26492034740757 65.20865078209869 36.32440687411685 65.47191812950895 51.17435838436558 65.04832968043111 18.170471886341744 89.76411114347728 9.750356512256799 58.15446501336485 130.00596428004604 99.04398634022871 71.50297799876118 53.01362700566145 53.87965838900428 121.68472529662085 87.94656499987974 55.28895234316094 27.820536277575922 29.764748583085566 119.51426757531067 84.946463470412 50.42813855706428 16.277182209577607 19.538427858943397 123.81859373979428 90.84960751348116 59.75861670525616 35.82411774428767 37.289095064173736 133.97486421433604 104.15271055988876 78.36513379240422 61.88041270462948 62.54647044520564
10.245725577480037 61.248209962172325 29.704605218302152 76.13090782937375 42.72946882661218 39.662943078536586 11.450552771527299 40.4782094238232 15.130605727725976 56.004079603184245 4.6674892236259105 20.155925304960554 49.98694750939362 53.77861232854998 18.598759683037297 58.91515749790077 91.2748347899197 13.940326934591637 72.68208389361838 0.0 29.792660685607355 65.41642031068916 26.43768919751665 79.60897304049975 58.203392491911295 33.41650838704906 24.966785627237968 32.59861155756133 19.334749325042566 32.22898634744528 8.690136415022282 7.8243725788647795 40.331895115116346 61.270249996358466 21.76999201467238 8.545716315889718 78.36510825479724 25.41061576477858 64.94991040317366 14.568902121588723 58.56421655134969 34.31835732840164 36.33961555672431 62.11458353333119 93.7587923097401 49.786041285042096 15.341524725938722 19.670514316134092 54.16041141340821 88.73908650610821 55.933057151027676 29.652223167933933 32.013176375372474 59.709917524319756 92.19840945397623 73.3437203616697 55.761892695454925 56.870678062660716 75.85484398114238 103.28813422590396 96.07759787928525 83.22041681508674 83.75615787450592 97.4642161780679 119.90903273558541
29.50929799413862 49.27423569780337 31.99203574265082 65.67978116788875 27.21029287028428 12.11653638710689 33.319369669262 20.637405495719438 23.595217977269474 42.792542564410105 32.8687992235277 10.88567705805624 39.26066693449333 24.51782755947269 20.67273959097805 46.38646271734992 84.65955243822967 29.24010614703719 63.116746321881514 29.792660685607355 0.0 53.47912161220251 32.58314882361284 68.35633227269784 40.22830078288047 8.558721491935641 35.49069955069019 4.024767953335335 28.801520071180345 35.31618421933194 35.98577949804728 28.90930943626668 27.052816946501427 31.509680979122695 23.807791270809712 23.26146468849451 75.15655479553271 30.099509703813446 53.580887215768264 26.701776478627565 82.67555200587415 63.7702126807853 60.7685586801173 75.58954951481157 100.64555051934282 65.11211411176158 38.66279090268505 33.83593127449047 56.47799517203548 87.34696606243315 56.93664885810088 22.498151266167852 12.861019163366374 47.11155902500823 81.66055565528414 61.982962116297706 33.177746565896015 27.467811956905685 52.943753855183246 85.12604773326656 77.71660040154413 57.25875935671649 53.9635158817416 70.28766995651353 96.76493180265659
72.69679170317939 4.312585082319034 36.75912689123515 12.233620241883232 26.325681357442075 44.66335744926219 75.669989613395 33.00855998749764 70.93354077877238 10.687607455544338 70.08211061832625 59.95814508164242 15.556190580959125 48.19308459342169 47.24142336646512 7.1130659807859065 32.090598816272546 74.78579796967622 10.210271738331059 65.41642031068916 53.47912161220251 0.0 40.83364755751718 14.95021664651921 16.40900525465929 45.024059200605265 44.50717169904148 50.106657343331314 77.34461409540825 35.44443664867671 74.09165979360588 58.25008035501196 27.14375430526566 55.46793634068967 43.65753100331444 57.4143893645544 27.051643445143675 80.92437659211556 1.2385230031489007 51.12149790515425 123.52007063276587 93.81330059242555 68.84371990655038 55.432617285194716 61.6513360323063 113.6247348791153 80.47289984249252 49.356200444706786 28.125097631313658 39.253629037289315 110.17623797843248 75.57253406895089 40.969095799507755 6.370253539701732 28.24088993277563 113.76256518661245 80.6656076630062 49.66687390701628 28.661743677056723 39.63624377551511 123.77353422377041 94.14371398206892 69.28913102016944 55.979658468519 62.13899208629553
35.6152090176632 36.976256385724206 4.225597968081143 50.57471296758953 24.39205288410878 34.43518515350853 37.72018422643869 26.91053219712912 36.79202631107075 32.900767977626444 30.900143045864734 31.05113680180085 26.376467182868602 48.08023752247016 13.04862975992409 35.117586481509406 64.87834816458526 38.661553100446945 46.98272731764811 26.43768919751665 32.58314882361284 40.83364755751718 0.0 54.19042700420654 37.89531076449924 28.954584698466178 4.601778029399684 32.24044328340103 42.87994691229471 5.825950732487462 34.715402185916425 18.663061748025743 21.211196443698558 57.205593481539914 8.951100842560539 20.161625372448075 51.95875273233962 48.08469418479111 40.164599801393045 12.108410145249199 83.03411187619976 53.10158607342236 33.759829809364106 43.063984153316774 70.45651361344565 76.20931350321237 41.74874824526571 8.538758381083822 28.243879134626795 62.58895207371329 79.43983907837752 47.34096930562556 23.801069861603985 35.87002492680215 66.34508768402652 91.66853705796265 65.68392534700398 51.19022662688799 57.63075955212403 80.10601401873413 109.93196883470695 89.23267941299827 78.95971965862398 83.07548696204 99.81567357213719
87.26282349489138 19.245054753279124 50.320061089254594 3.766359907338475 41.255782688561936 59.16916801756092 90.12776105980132 47.80286345080147 85.75104997247988 25.60703753083237 84.25705096652439 74.89739261053964 30.282847404927175 61.197623788084854 61.73869837317829 22.059179622221695 19.355402836370082 89.47175013166161 7.5339917416153765 79.60897304049975 68.35633227269784 14.95021664651921 54.19042700420654 0.0 29.743294963151573 59.86611107382804 57.42066978600228 64.92000697347268 92.17296184322757 48.51973014251567 88.23553383869654 72.2325314999882 42.08153137604053 67.61154971716424 57.963418988528495 71.81528796294775 21.152189833114818 95.8378458532418 15.052050828607937 65.14063918702506 137.22005005064756 106.48352582043863 79.01224234882254 59.51404580807786 56.88323914062657 128.28565180783738 94.8073406788779 62.56592016358969 35.148200785728584 30.84050590823256 125.11380842519195 90.5101267683405 55.90666731498218 21.30451282233996 13.306520830343466 128.13336061582334 94.60306951309659 62.25884109753965 34.60383943955928 30.224625541662615 136.93518052349356 106.11956148614667 78.52562966524941 58.87260161479981 56.21821280770262
63.72978443038328 13.570543188485706 33.72979919738637 27.92877204527554 15.48930645656055 29.90094125523112 67.11627024541723 19.841840088920748 60.54808797773371 9.152010713960085 62.77525346631599 48.42136373742129 13.750856690788241 31.825425718724553 39.650860710079826 11.302962703961843 48.20747620808809 65.15803224263097 26.53153943999856 58.203392491911295 40.22830078288047 16.40900525465929 37.89531076449924 29.743294963151573 0.0 31.69338410806544 42.352271161711016 36.46972366914688 66.75391347719572 33.978277438228204 66.7751497214657 52.07405662329915 17.962072716633084 39.090384912133715 37.21351422262423 49.70331514180275 43.151139632734406 69.46006230668014 17.143212440591725 45.22282518118414 116.70262514190196 89.93292393459214 70.3642763202094 64.87761124971576 76.5627192975249 103.60073725652059 72.30541724714715 46.02023199202911 37.44967194595289 55.515060049050206 97.09467598132524 62.7243119083104 28.91635023485027 11.524934861789472 42.71236053385489 98.50059672823043 64.85987190972635 33.257870485043675 20.005410547884843 45.70770711994153 107.50847111207506 77.75248384251302 54.10765293092838 46.95358823562548 62.261165837969465
35.39505343743651 40.850080844370694 27.350364644236542 57.24348985743185 18.870706837568108 6.427075258769869 39.14354038929878 12.09221216733802 30.49547665021251 34.34736721418031 37.20788698020081 17.660875266468945 31.12731419050874 20.980883623026397 19.433447421493454 37.951190912496756 76.40974123300565 35.81470375369358 54.75676786029301 33.41650838704906 8.558721491935641 45.024059200605265 28.954584698466178 59.86611107382804 31.69338410806544 0.0 32.64207312801922 5.134779576797738 36.23303405966853 30.419230935921117 40.766305524980964 30.514949042737236 19.066864646225653 29.46931684264815 21.111147095233203 25.581200152195407 67.35151189513653 38.169728041843356 45.16180478750806 26.372631314752315 89.14143016511596 67.72163613559925 60.17498525559512 71.06772207861583 94.20720149054041 72.94383011876884 44.55264239592246 32.309560371797645 49.97711069543185 79.66397962882986 65.49491860051735 31.035302879711853 5.625812918624235 38.664759160910904 73.16509765426704 69.66060229469606 39.00044609095724 24.17257292151824 45.19330670819254 76.78150730388528 83.72464176157487 60.48504184944458 51.97948106794497 64.34356325456481 89.29234752980452
34.7158389501765 40.78499043694313 8.628782594186287 53.7471382617528 28.993335788350162 38.364964621845495 36.41244440120435 31.38282318671599 36.83384962463282 37.036217120444675 29.163570521225328 32.66541803517921 30.486497792096667 52.25163439683958 15.067156758012825 39.075917275367296 67.10911949446003 38.01995813380661 50.08715337373777 24.966785627237968 35.49069955069019 44.50717169904148 4.601778029399684 57.42066978600228 42.352271161711016 32.64207312801922 0.0 35.549656678834396 42.6402580542916 9.066808692394263 32.774313265287205 17.17459659115669 25.811158546374703 61.32215675100204 11.745180906351631 19.965384645353353 53.70793829788182 48.15008408434332 43.77023288632123 11.787201215948341 80.03246193941419 49.30814910234977 29.192985878099506 40.841223464454515 69.84711086761902 74.6144070268569 40.01381185556096 5.454809562599968 29.21060013806249 63.80922957062592 79.49636672347822 48.44126894274498 27.717876049939978 39.810107639506235 69.25495353629465 93.07115399621117 68.31987269337696 55.38740875678055 62.15078309226461 83.97898174510651 112.22690385048385 92.54251680097039 83.23506370607055 87.67413069393538 104.11603864533075
33.098438230371755 45.949093159338254 31.1343048865833 62.332821364784955 24.00095983508598 8.133747526389637 36.903324868436464 17.117248139822642 27.444857461516012 39.439473464825404 35.95724909088059 14.606626334969208 36.259167153522405 21.228793445335732 21.2915442195117 43.04642223990381 81.54132156287548 33.02424697209622 59.87320821847975 32.59861155756133 4.024767953335335 50.106657343331314 32.24044328340103 64.92000697347268 36.46972366914688 5.134779576797738 35.549656678834396 0.0 32.77233163762581 34.347402791191826 39.242408210920146 30.901840731988504 24.171962950739612 28.79399339548845 23.811874241531108 25.483606261074137 72.44744475626304 34.12272675313824 50.26158032144019 27.83498060369725 86.48784856048961 66.80796439617535 61.97774191184475 74.926344540948 98.90123329260123 69.13546952894166 42.280785760169096 34.5028842877916 54.66320230424318 84.73791849014549 60.626671185137795 26.33786185174679 10.326011986496095 43.75413042062238 78.21173302561742 64.55889814769041 34.371807316380796 24.286524431146617 48.91925717295364 81.18618415864778 79.09778285288876 57.01623821671824 51.38139249235072 66.51351347470019 92.7515571857749
9.44771862401666 73.03507872403141 45.167772335397856 88.99695782659566 51.84390023451227 40.90434361569828 10.973258221796335 47.06245953562176 6.432845844233242 67.00844561730665 17.47114549967114 18.591469822353876 61.89109559639105 52.31401023167117 31.322805720334237 70.35912906266853 106.00116806859275 5.675737216783963 85.8699365475849 19.334749325042566 28.801520071180345 77.34461409540825 42.87994691229471 92.17296184322757 66.75391347719572 36.23303405966853 42.6402580542916 32.77233163762581 0.0 48.249951397453835 17.057157990830916 26.07038320306332 50.36515871573175 57.56043401673202 35.65426200776458 22.768542484041586 94.14316923191943 6.149842148724825 77.1317264757444 30.9759777273474 54.4296156660177 42.25921443614563 54.80801622973223 81.34380969664542 112.35894001941436 36.868329878352846 14.04427265632859 37.81613389557348 71.11771166917426 105.26275877565953 36.92779890018976 14.198236324327492 37.87305050078747 71.14770867783365 105.28283526858618 54.55042220144901 42.41327524627519 54.92578911922392 81.42246460093851 112.4153557563284 78.71112128699706 70.63312486241551 78.59638882475045 98.7952561537875 125.45265732924265
41.260556064588464 31.72164496749886 3.4064066878154686 44.87795692717231 21.941344232655062 35.21865586480553 43.46230550592345 25.956440236776732 42.05479228468777 28.125725313910344 36.71315906466163 35.2857404631284 21.576737293884495 48.003002699748365 17.51501278753937 30.050160217319725 59.06182743876828 44.2125951395114 41.25850808644932 32.22898634744528 35.31618421933194 35.44443664867671 5.825950732487462 48.51973014251567 33.978277438228204 30.419230935921117 9.066808692394263 34.347402791191826 48.249951397453835 0.0 40.53860655872959 24.47449728613331 18.77351238997965 57.21918740344169 13.085573589047875 25.675871696987123 46.23908782312032 53.28080333163529 34.71731820490488 17.793666499917315 88.74912260739063 58.368864065474156 36.50031772719939 40.650380929716434 66.08679988359825 81.97669602070754 47.55333463543344 14.046857240050395 22.981783668949603 57.042652303334116 84.5643434265478 51.84891096716992 24.906551049271144 30.776749818878116 60.5716575733557 95.7560994071876 68.46801871448595 51.003089122879736 53.94040336178697 74.91745878504733 113.0237603793331 90.88390906671448 78.35902366957569 80.0944779765853 95.31448663559385
8.325291422767268 69.93069434737062 38.167603147302614 84.73799795134117 51.28818962691082 46.78515011792652 6.176152848719511 48.70482257967232 15.83870936334167 64.69250253277782 4.028330986513125 25.42127563140563 58.674249233994374 60.437792630009554 27.24703343621157 67.60434453899894 99.58871217907527 11.54843938079123 81.26492034740757 8.690136415022282 35.98577949804728 74.09165979360588 34.715402185916425 88.23553383869654 66.7751497214657 40.766305524980964 32.774313265287205 39.242408210920146 17.057157990830916 40.53860655872959 0.0 16.098160107813438 48.95210986256036 67.37106683156982 30.456050573279043 17.07598087929565 86.4489422152615 23.02030842480093 73.61557189186584 23.1105303165819 49.93613961827917 28.020040901127864 38.359710524415945 67.47334390800086 100.14328200880938 41.9060036850957 7.374666661598211 27.340677799380245 61.93136529525674 96.53149611802458 51.21475439151084 30.2203384861032 39.98029741062159 68.39895493170954 100.7633237930709 71.37284074528448 57.98036760625225 63.436213115172464 84.15089254155322 111.95258714848511 95.75680794859656 86.02097536733879 89.5799105128532 105.09149709012507 128.29105728115508
17.631176859504617 54.14754940160193 22.071336592725405 68.70694658102438 36.760642103727584 36.93942861002965 19.246545280644497 35.54942926731265 20.846043089271483 49.16417689296676 12.238671074890553 21.34234678418504 42.972413638371584 51.453857642248046 12.729429662204229 51.923673460187786 83.5362902422858 21.08743919888067 65.20865078209869 7.8243725788647795 28.90930943626668 58.25008035501196 18.663061748025743 72.2325314999882 52.07405662329915 30.514949042737236 17.17459659115669 30.901840731988504 26.07038320306332 24.47449728613331 16.098160107813438 0.0 34.11229889889233 59.59779693204669 14.943923183131004 5.83120983245135 70.55391348057151 31.90713320571014 57.7267971470118 7.129641473085291 65.32186559114464 38.38538411801089 32.78361178061579 55.41595967647781 86.3824511690411 57.60061110349849 23.087572196896765 11.962268156172017 46.34662887391889 80.91834424624734 62.97872350185215 34.28660544285393 27.92247717568661 52.71242614859146 84.68988563621932 78.81863198922912 58.31815229601205 54.62998489054054 70.44616266798175 96.62135707303383 100.27897878163496 84.907097877304 82.20268093502342 93.27416595685497 114.18223641867587
46.39580704332689 22.838151279589482 17.386074068994404 39.12678375437539 3.1990986673791615 20.977519327819195 49.634203589616035 8.918983738792422 43.9912841672651 16.653469235549398 44.93652715130286 32.815971271336174 12.235722378123585 30.964562535813418 21.74074383757499 20.071467807582064 57.65705400897473 48.15255581586472 36.32440687411685 40.331895115116346 27.052816946501427 27.14375430526566 21.211196443698558 42.08153137604053 17.962072716633084 19.066864646225653 25.811158546374703 24.171962950739612 50.36515871573175 18.77351238997965 48.95210986256036 34.11229889889233 0.0 40.08492865068722 19.28004131796795 31.881375280604786 48.28521000859013 53.7939247349919 27.05822173218736 27.29150850759488 98.88569031236962 72.07718026383272 54.83301374087897 56.68331494460741 76.25048397406671 86.92815302597721 54.71434474119921 28.734253040955444 32.442212021697536 60.61500630659471 83.19349259926317 48.622533360695016 14.212619560157167 20.849475387084407 55.33766310458187 88.72641303822408 57.503301981225384 33.70043141122828 36.873356054216714 63.074603977335684 102.02993108997715 76.29575601967214 60.22262947811604 61.8649738027522 80.1409510397198
60.41229370888601 52.55623640584705 54.701580560853934 66.44188336520823 37.60810231991563 23.198951998321014 64.18267405124074 31.537529930747347 53.672196026089814 47.02254406618434 64.3603361045094 41.96814792896927 47.965394977127474 9.221254659341724 48.897223508657326 50.021134496298124 86.73967003213515 59.4690567987673 65.47191812950895 61.270249996358466 31.509680979122695 55.46793634068967 57.205593481539914 67.61154971716424 39.090384912133715 29.46931684264815 61.32215675100204 28.79399339548845 57.56043401673202 57.21918740344169 67.37106683156982 59.59779693204669 40.08492865068722 0.0 50.24271189731516 54.26789969162124 82.17637165361425 56.60937457607217 56.23237821261314 55.83849595233685 111.91245200180181 95.25758284972814 89.54503930549303 96.73323025849972 114.4159884122753 90.67369611639353 69.36024961713287 61.60153572742779 71.92658826354752 94.58804846125058 74.24788683226882 46.11672164474401 33.69848049973698 50.39102516789059 79.61002137540142 66.3147063331062 31.966924879393922 6.401726246358728 38.14359335612781 72.55163080034342 69.8316375641793 38.68209354101539 22.605213276878473 43.823869349050696 75.66314778587693
