0.0 70.42176689308141 5.690452784629573 38.42422861222259 48.93120623236814 69.35629563687021 63.11324432238038 79.37308057536364 38.843725631760236 13.318222565873588 46.19388056265355 28.197147826837487 7.139908349128062 66.10500115203095 68.03714354726448 42.63610780827973 43.50131040982155 42.23483672832633 34.5034628891422 62.037827290184254 34.1653749409971 72.56940291009137 14.560347647998244 45.44490367693167 51.92333210639451 50.7395255596094 58.37517343614971 59.59339919252837 33.68143247410123 3.765735450455765 51.229253509845506 18.310907410635544 11.721599126483676 31.97640833453712 66.86015081575222 45.54781457508619 51.98515147401505 11.705334812981384 97.25699154629865 58.18413885973925 131.21696712099447 115.61724182007757 100.57584408448909 86.38491698528934 73.53847302052168 62.86620561553037 55.63373316313859 53.261284117335286 56.36591318350315 64.15736602424148 126.07546678289192 109.77495145254944 93.83369633431742 78.47095723147133 64.10402210311052 51.57195100860226 42.528961567911544 39.45205917939064 43.622509501407215 53.367477522713294 122.33839657641487 105.48200951880678 88.79716080268437 72.40253849464443 56.55112530941579 41.86457149621257 30.099257447895198 25.651483989195853 31.760704374576193 44.25151334663172 120.13694528158904 102.93251656759489 85.76732030901867 68.67078286847348 51.71104840644027 35.087056809833996 19.669354453774094 11.890263851329246 22.239293267912174 38.03297091250688 119.55600364864316 102.2569973030762 84.95918178824962 67.66347039945865 50.37203059784418 33.0915591999664 15.857953767823433 2.5713204396249494 18.985843768116098 36.23570645170912 120.61899698203389 103.49216353481411 86.4350956581152 69.49917969245878 52.80112274033471 36.66733581266126 22.35488395893655 15.92797935419319 24.624633684010078 39.46843055031833 123.28339400103644 106.57158423488828 90.08284614963829 73.96651302319545 58.53101914044977 44.490725201265796 33.64042703082616 29.70927981795455 35.10432392741212 46.6979130593513 127.44876266887898 111.34230181000281 95.65423953374288 80.62917097064503 66.71654355927515 54.770753694069796 46.338731518088146 43.513502732394215 47.310422786628685 56.40772634396917 132.97406917865501 117.59859611962635 102.83702638796716 88.99536861818115 76.57411264408273 66.37553217771902 59.55271001102923 57.32396288388204 60.20170782529067 67.53630122171846 139.69796891574774 125.11773222941561 111.31963007931212 98.63245859389008 87.54057608175792 78.72122813354372 73.00273818848595 71.13688588509211 73.41799513848974 79.48984974898173
70.42176689308141 0.0 64.79523271126115 43.70983572466339 34.0619031535894 6.065060276660653 12.354201072982676 20.522622239797553 50.81542454493753 59.704010105139076 24.92748179547268 49.26300052353182 77.5510698574487 76.02344646346008 69.86335498993508 43.97720610225067 27.211949125020748 36.52969542168747 38.62683098466874 9.664515400057471 37.31834227445768 4.641167236932425 57.01933800085165 39.17424483264022 31.07600938302166 35.78680593863411 21.43611009060328 10.835745809465541 49.99338884515241 74.12256369419053 20.485991190619238 64.12840868812351 81.30252434466787 43.69340407526873 75.37998233119842 41.015927126973324 45.27011003252713 65.53095418327048 27.029650726988706 12.239006104101685 66.78589596839285 55.012328933554215 46.80876818913128 44.2093794850259 48.130880938514885 57.248564835712976 69.54795943702815 83.63697243496316 98.75257801314326 114.48888234260379 58.3131204588382 44.398958327081424 33.77608823289291 30.15111813917418 35.72205014719696 47.34711143595937 61.69393980636424 77.26088667078798 93.44012073092463 109.96170637030723 52.369398083064866 36.282361087525736 22.112845620154292 16.132529299480193 25.104808436270382 39.986956079273625 56.2705451473385 73.02399736169458 89.98525698671746 107.05559819083733 49.86749222665634 32.585155366120894 15.347035720534866 2.8256408999485347 19.47178917045136 36.72915036338681 54.01503480743965 71.3087026245453 88.60559655381256 105.9041358835016 51.313374823413426 34.7479352484895 19.50611310289795 12.339804245765496 22.86407586930016 38.62607976458561 55.31631754452047 72.2947357105885 89.39729029617054 106.56422987648095 56.40424396247027 41.87227735298947 30.39484660026873 26.327096391178713 32.57446122874459 45.03093669577754 59.9431831856373 75.87684347990256 92.3044731189529 109.00296488727014 64.27976257499341 51.9556578799592 43.1925745785543 40.37960148041782 44.65569993559635 54.37330651852177 67.21225327794863 81.71427735371964 97.13735048791328 113.10531463903072 74.05671017598411 63.605926112922575 56.61916983930598 54.446726182933745 57.635584780226765 65.40622536118991 76.37268517619785 89.3660942852874 103.6267803998696 118.69886042138177 85.08198878363463 76.10675898589345 70.31517077591442 68.51932756017861 71.02298070028215 77.41007593283452 86.8277977044647 98.40987542945751 111.48377119088406 125.58443145662123 96.93043058729154 89.10073096022906 84.14898816773382 82.59445641288767 84.6245609689866 89.99704704433945 98.16466116863344 108.4979861363343 120.44087908952821 133.56226181860904
5.690452784629573 64.79523271126115 0.0 33.354785580029976 44.34394710166514 63.82792347804172 57.689460125679275 73.71560800620198 34.43618760991058 8.496162272929531 40.69948218647036 23.15701405363747 12.818474008814654 63.39315812874578 64.7170634610199 37.70660463480606 37.82785122276297 36.80962919795908 28.884839092784485 56.36320512564548 28.479492367638418 67.00366712895233 9.082608626569174 40.25509596500862 47.1983004105078 46.33469763550049 53.233187191765694 53.9624540727068 29.043351107300197 9.329575703063972 45.540724066293215 15.703112302264783 16.827698512623908 26.587772039883976 64.05397872006299 40.47270073461698 48.37866557474293 9.411607446674822 91.59966397789076 52.55623491414957 126.07296790502805 110.63787971703199 95.84251268716345 82.03373492978395 69.79956814795828 60.10927864963721 54.341242763833804 53.772814411626705 58.55561538978287 67.5625949533502 120.7040133506222 104.50778404258897 88.72993264743003 73.63987306855962 59.76091364332943 48.15193277069439 40.79897542649586 40.11496102989699 46.395794392301006 57.39891386078744 116.78899552085142 99.98173767378997 83.37707497238311 67.12552244047608 51.56205256016781 37.55216551600731 27.575267453255048 26.633362250554644 35.45401195768107 49.023956515965274 114.4772399284736 97.2839479773247 80.13742898944476 63.075838754733375 46.19337899304826 29.796107289341364 15.508084183056997 13.853023463941692 27.240131456905107 43.483976164970414 113.86647205062036 96.56780290208091 79.27055721409232 61.975926845419195 44.68694842214492 27.4143173148174 10.241084513408019 7.545092034137703 24.65138128413957 41.91856829911657 114.98380955249081 97.87682018564404 80.85282780699055 63.978120974621994 47.41236681343655 31.644548576891836 18.80251969307325 17.447188982166395 29.223046116873615 44.74685251176854 117.78006539726427 101.13237364761717 84.74715012822674 68.81214406541827 53.72943464970212 40.463593335563914 31.40799077433622 30.566822608334533 38.48257612600697 51.246423750646045 122.139945030254 106.1554825377593 90.65600391864693 75.93905380826415 62.55935592251327 51.56850208319287 44.76217236018696 44.121400877540935 49.884348548319736 60.240374487828355 127.90359094852943 112.71000582031888 98.21639194996517 84.78249397709597 72.99575552270028 63.77606734525929 58.35315424438419 57.80563862774409 62.26227193665945 70.7840840785754 134.89110563258296 120.54631158570048 107.07896497925044 94.86350663910612 84.44497433266032 76.56050637251016 72.04690992744969 71.54503457575164 75.13531368861935 82.28382223675274
38.42422861222259 43.70983572466339 33.354785580029976 0.0 44.15691816681601 45.78084973138792 42.96339869171525 44.85221178859099 7.738212758480557 25.10613091145635 29.285485439606312 10.227596083959515 44.75091201868945 40.6318704785554 38.20843327063661 4.708715592163293 21.194507868947323 7.1802505801695 11.272695229096803 34.047265853676834 15.017159057815206 47.57461205161909 24.43048953006923 7.222298629161887 44.77509941490442 47.26028184263514 44.16368510568813 34.395781845835664 6.670296329381337 41.20764762365022 23.986137410381065 24.21650187543145 45.90148873476767 8.089271810277912 40.639727605557866 7.12512776970731 55.00595859061106 28.574123516626003 67.30814733130649 33.4073931574709 110.38815726927301 97.6296562592427 86.46527512332023 77.58625734210392 71.8449744954699 70.0175899189195 72.4010700322476 78.61333532839983 87.8458168995791 99.25929733453596 101.91243113199884 87.97946177679935 75.45413124929608 65.15339057715103 58.26921003492296 56.07437494882162 59.09372527737716 66.62206362619129 77.3539172228501 90.15240324386369 94.78933250727698 79.65973805264422 65.61276600588049 53.50795404732448 44.94298740520049 42.134878363836044 46.14681700665022 55.519495244495694 68.07352548332217 82.36686395806461 89.34308643685092 73.12615299743202 57.54468800206719 43.290387955014154 32.17815980412711 28.204963296209275 33.975221085174454 45.954554160649394 60.564314207762855 76.3083283120785 85.893344066987 68.8889042827393 52.0807865158462 35.747001657879416 21.023808968596953 14.31312587020451 23.80006750863225 39.07343684988454 55.54940444061017 72.41168284699272 84.68450020702758 67.38266185844103 50.080887238971144 32.77927726255193 15.478384048953808 1.8420997197862266 19.129032743120185 36.430208065506214 53.73186977394255 71.03366246231741 85.81132850889162 68.78708560753248 51.94665410351141 35.55220498078243 20.692422906174084 13.824114176133007 23.510605693560127 38.89863375100148 55.427173079597395 72.31840708814524 89.18532606951347 72.93420650807067 57.30169643284786 42.968362681891186 31.74564240105731 27.712835903120233 33.569727115121694 45.65700084120602 60.339926379209146 76.13121270168409 94.56622546221753 79.39534437320795 65.292997389053 53.11718552467305 44.47921287869164 41.64217151943504 45.699514326972775 55.15003047034202 67.77397142155407 82.12065290595574 101.63570146678494 87.66022902371952 75.08338108932509 64.7256587675536 57.79278600287631 55.581469476556926 58.628421508076876 66.21164770633706 77.00241034805364 89.85242640331388
48.93120623236814 34.0619031535894 44.34394710166514 44.15691816681601 0.0 29.54867694668307 22.0302086710388 52.55461187772756 51.48245417438578 43.61122376029503 16.83636657828231 42.099420407423175 55.26853245016151 84.68248248853303 81.41174394292813 47.64540280792325 24.590115827082222 39.44036132695459 33.14972145669403 31.543811622503558 29.47633330112513 33.31347011832968 40.33534543523589 45.10577154228851 3.5565329903929532 3.1302022516395653 13.34497854539748 26.843187511370527 47.20080976887558 52.57636373012211 28.41121329105703 51.86571582136943 60.64399479884603 38.2068736399653 84.60313494924831 46.9626357165045 12.616230899212656 49.69462287865036 58.90352610760611 25.880799251318212 83.34479993471324 67.14903656497683 51.675339869881554 37.82061069587637 28.09210992200023 27.324803568762555 36.094782781111114 49.57551816858247 64.89484465684865 81.01641764491643 79.96939939207468 62.930639501903364 46.08838025395287 29.777929042942056 15.748783416125777 14.423458581157787 27.69044949345859 43.865689168256374 60.665881981579716 77.6866310527556 79.01131523239312 61.71422565209103 44.42090669386944 27.138567496426358 9.924733275764952 7.694959780049695 24.872435988913526 42.15183659833808 59.444345196055416 76.74110120102705 80.55685655262907 63.672097961617744 47.09116035286644 31.300656723137898 18.45527682288457 17.32558158665313 29.299602649517343 44.89398686811097 61.40998128794556 78.26630149696253 84.46868607261676 68.53271562354581 53.45293808890604 40.20459383837584 31.21396221096126 30.51102757953942 38.551828320676144 51.38359101509058 66.27980597533637 82.1246688295203 90.4402238265625 75.73920790933427 62.38690096041693 51.444411514794 44.71726522075728 44.17515602309415 50.0195889490445 60.42498171843191 73.47858069317569 88.0098261190315 98.09596170292272 84.69477376766676 72.95401993418187 63.79710546506867 58.451258560011034 57.98039245509183 62.49479587710879 71.05047807430293 82.39805020544978 95.54791594095619 107.07515663777183 94.90544679568232 84.54399414686334 76.72690866909143 72.28442802312996 71.84529914070163 75.47942723609066 82.65125114789552 92.54189942727878 104.38134620393895 117.07357593518319 106.00905043602937 96.78994282514266 89.98524854747642 86.16887226237029 85.74078262288785 88.75002382888134 94.870065464865 103.55080675412329 114.20983978354289 127.85219882060355 117.75312152756715 109.47180219626453 103.44572627229189 100.08309574454852 99.65389498588502 102.19509029390319 107.49622847584094 115.17684990647483 124.79839475291328
69.35629563687021 6.065060276660653 63.82792347804172 45.78084973138792 29.54867694668307 0.0 7.546295793877698 26.562055625977056 53.195691048218436 59.42310492200043 23.183346908121344 50.22416573882267 76.43040545973955 80.12914376259572 74.3086155669955 46.62842931479145 27.256698525608915 38.664314297778205 39.32998480345674 12.68998045204511 37.482895426271114 3.773752303218759 56.55784064960754 42.01346010102893 26.33717836990771 30.95167021004439 16.41143959824683 11.401480254353691 51.749106374952696 73.10220714506376 21.842702106209448 64.6401346369298 80.54980351071109 44.69986303638951 79.55899270241841 43.94285084980001 40.12790936659516 65.43305132090043 29.714961482938005 12.501264556285866 64.81508650074007 51.91659605047602 42.289204054493226 38.472417917860916 42.07830115561103 51.57272770204078 64.40198276328698 78.95689236334539 94.44295974810467 110.46927521517028 57.47764367394111 42.45139205178213 29.987873046476366 24.395389943333328 29.827977622526596 42.225491418465666 57.22749933296698 73.2508833539097 89.75025249068112 106.50462154228445 52.992525388538574 36.1789279254329 20.20730029337316 10.31834410157556 20.082692682781776 36.03989381674832 52.85022637405164 69.90087259670716 87.0507359663879 104.25086261177881 52.10170024457324 34.86721090805978 17.764322648565205 3.7594489412526415 17.646792571058253 34.74764242756895 51.98174251625531 69.24967862958546 86.5311964559424 103.81951389026916 54.98017023909914 39.019799184753225 24.9195179959876 17.83625705511555 24.778898163044197 38.84028272892346 54.7891720195446 71.371221220635 88.2301598448258 105.2329940356214 61.097456665180225 47.216283686417356 36.39456382358907 31.91331545386174 36.20861399192841 46.92948271365309 60.765101537624126 76.03372527019025 92.02481072201846 108.41915326466115 69.60472204060316 57.75993823257828 49.25755580378691 45.99028536374765 49.016416605973745 57.348191348009294 69.09214289440543 82.80903678522691 97.67114282807927 113.22840153249227 79.74056459912693 69.59186733427538 62.65935062364639 60.06709837560922 62.358754471133636 69.04975073311931 79.03048625977219 91.22753589450315 104.87041869242094 119.46481487036269 90.96207225949301 82.15721852042782 76.31647985684516 74.14369978743193 75.95431466602862 81.48321417518764 90.04808185484852 100.87857292928223 113.32697156150475 126.91810377636166 102.91459027303408 95.16577606099558 90.11277555463101 88.22003766731808 89.68786493729198 94.35955982846372 101.79496690766982 111.44226929938297 122.78118270660971 135.3873465558892
63.11324432238038 12.354201072982676 57.689460125679275 42.96339869171525 22.0302086710388 7.546295793877698 0.0 32.316385818738276 50.62256419746842 53.890149810615966 17.106070694331155 46.03254131500361 70.11640998416446 79.72975140081485 74.53252687165151 44.53303817879801 22.77224511846508 36.11843874616296 35.08792314243227 13.922773755767116 32.721134663934855 11.320046937660054 50.8913350594126 40.28347448410197 18.87846768388848 23.54331344998673 9.089774879332973 10.168802802113541 48.43311204657947 66.8759474452628 19.328602627070886 59.80865157266644 74.49833740666529 40.6609419872079 79.28534069774177 42.280737745999986 32.92674195098114 60.016247114514435 37.19678433346008 10.461221732451977 69.26754693855179 55.20028654821833 43.52996077505278 36.624453704777146 37.23642044191472 45.06061117579044 57.21078242568951 71.5150043411922 86.91619722413463 102.92308831141091 63.04172574354237 47.192221127570306 32.84301365414813 22.998535117482817 24.039820089940093 35.00863526481909 49.71928596611872 65.70480584823558 82.22497726836878 99.01254224900936 59.59533619477405 42.501576163121506 25.688074331587018 10.586956867694706 12.767280638843996 28.5067809554608 45.39805031399036 62.514339879055264 79.71082558250683 96.94484022317074 59.414087691838525 42.24822320753603 25.268643075322004 9.529411958705184 11.909175975978549 28.134687901453052 45.16642851647363 62.34713527732347 79.58038514844222 96.83813057977207 62.52638365015156 46.504743897278196 31.85192822160992 21.566432988297723 22.680130206301115 34.09365270019667 49.08235504360554 65.22644841400125 81.8450557006253 98.69877550597705 68.48462014380296 54.2191396699874 42.28468768702367 35.14231516297475 35.78655632020643 43.87574167490293 56.28669112470281 70.78142612241275 86.3164918534246 102.41958330078559 76.6277125063803 64.15584913625833 54.395236095072626 48.99400492331014 49.40329345516977 55.494687738655465 65.70644874997234 78.44562782234826 92.67576661852594 107.80807478441848 86.33956912068982 75.44168629693648 67.28349934544724 62.939534115666675 63.20122659424694 68.01543610918782 76.52776275898132 87.66750717398224 100.5653000412834 114.62923600597962 97.15073472162244 87.5563691438151 80.57701357109784 76.9277405910957 77.0829698899378 81.02083707193144 88.23634540610068 98.00823475132644 109.65518831619265 122.64416572631396 108.73366652534311 100.19957101256684 94.104044038307 90.93877861671086 91.01002739886233 94.31045539539065 100.52249591653188 109.15015186370597 119.67210366626827 131.63488297731573
79.37308057536364 20.522622239797553 73.71560800620198 44.85221178859099 52.55461187772756 26.562055625977056 32.316385818738276 0.0 49.98768979889676 66.90981941048524 39.3284504187946 53.480903675609746 86.39447242356614 66.43217046896373 58.98487435811449 42.95215615154111 37.326904009113164 38.59568735099899 44.92245125838093 21.230860594989732 45.34288587823753 24.056076024951157 64.9229855586878 38.17386269732431 50.0265873471316 54.750409394718865 41.1011053949222 25.801389133585005 51.493445638411096 82.79795720699983 29.30733359301802 68.63256435679699 88.93309013553981 48.385176164532204 65.48805399725482 39.36450557191402 64.56757405789202 71.85288996854113 25.579834845466664 26.912814684015913 74.91041264651689 66.99603877788917 62.96080385622477 63.5480192756 68.63915068533696 77.3499164896186 88.61930080998452 101.59943745782863 115.7160543207911 130.60114502921414 63.445950475440775 53.94014689517813 48.91208744431398 49.738789541480685 56.16230148185329 66.58200256933584 79.44069523940304 93.73999727679819 108.9139667529577 124.64356883930687 53.312782828402554 41.61505167221756 34.92964398220079 36.15322007876759 44.64009863001981 57.24621629056407 71.83472658578914 87.4187302458502 103.54973994109879 120.00737758860963 45.41122436056895 30.908012376614515 21.145750039237374 23.188183302775073 35.027882173416316 50.14902590003984 66.34462037243318 82.98797557739931 99.85545109252699 116.85003089289769 41.050934022643474 24.083783371698 8.578547493676531 12.878965445706935 29.272127408954603 46.330989125884514 63.52146945686985 80.75956307938947 98.02015299835126 115.29313586286254 41.36735228051742 24.616824533762706 9.971537341177523 13.841544536773965 29.706202126438033 46.60516951781217 63.72078544856143 80.91568736631577 98.14821301033462 115.40150893141413 46.26461799951234 32.14316638231076 22.90551495787162 24.79623539705436 36.107550016878 50.90548350162671 66.91556273973362 83.44296271644991 100.23210424233791 117.17052794344478 54.52196081206624 43.14635348913116 36.73252760276162 37.89005812691494 46.05151009167487 58.348383136397096 72.71198803157775 88.1376182354684 104.15446917259536 120.52706876266258 64.8685901790953 55.599013202500444 50.72738603814505 51.51685420714977 57.7356561276922 67.90822378374023 80.55028785886806 94.67772725576084 109.71825896207187 125.34361494637182 76.46088312478214 68.71748666122313 64.7812664097762 65.3438991963643 70.29744680008885 78.81833587940706 89.89784365874637 102.71128320352544 116.68884384880107 131.45972021208428
38.843725631760236 50.81542454493753 34.43618760991058 7.738212758480557 51.48245417438578 53.195691048218436 50.62256419746842 49.98768979889676 0.0 25.941711021812853 36.96774470638508 12.59098435938685 44.44623654921066 33.85403636182305 32.44767217422181 7.123801540526756 28.92014184479282 14.566130936392963 18.338655296282496 41.19171866442237 22.049188836699543 54.8246039226618 26.246787979989854 12.063123307395228 52.26224479562372 54.560695600520546 51.89304797281723 41.85469676862688 5.747478451666036 41.0848685403991 31.512123504001107 22.15949015990779 44.53227891968391 13.755382100542732 34.009634842362125 10.641628164351113 61.95378551193844 27.79179432730556 73.46627266629297 40.921060318749774 117.59214556727666 105.1006241800813 94.14379587967801 85.31501625455884 79.32801706294468 76.84986129321268 78.21478547926674 83.23393990088069 91.30667791635847 101.70847904309224 108.78503275992324 95.19212191546323 82.99151140272504 72.88577380679476 65.84660394120331 62.911911802290525 64.64314512441337 70.69835885943726 80.10289537830556 91.83345751420823 101.1846500719095 86.4464957092085 72.8447778568706 61.142689933225974 52.62316252702069 48.97619592570766 51.252708526844614 58.76831056166188 69.85191731126818 83.08771394458265 95.0809427603898 79.2498175109431 64.18246690023972 50.56631410317653 39.91519471770706 35.04569873139634 38.234628449360244 47.898645164608936 61.035900807279006 75.86296691290123 90.77641361469585 74.05516866910088 57.67746673234323 42.04668542165989 28.42303230664532 21.131142902149865 26.15134909512498 38.986822683203705 54.357732206583776 70.62765168542114 88.53394614309838 71.30155195432496 54.11355059098113 37.03180739684535 20.326005894961103 7.324727111641625 17.113447751165964 33.62739828855377 50.669982163343285 67.84398001486518 88.51044274341618 71.27249972693306 54.075441145113636 36.97635498233887 20.225273683013505 7.041728364510946 16.994809684162647 33.5674626547245 50.63041493987634 67.8145755713359 90.70762863786733 73.97122267868978 57.570141220848626 41.90002410471083 28.206636878105527 20.840542032359238 25.918207975677365 38.8315632105142 54.24701450117125 70.54288303857757 94.9714707074393 79.11904576693723 64.02167008349664 50.363009839453085 39.65852950612143 34.75446514958398 37.969124507252666 47.687982412921386 60.87150893553355 75.73140178409639 101.04061672105843 86.27863463185913 72.6464130618179 60.907321711368134 52.35078142710778 48.68478987106429 50.975633241550355 58.52797258375487 69.65079996567256 82.91951680692125
13.318222565873588 59.704010105139076 8.496162272929531 25.10613091145635 43.61122376029503 59.42310492200043 53.890149810615966 66.90981941048524 25.941711021812853 0.0 36.80271724074263 14.878927094844688 19.834555150408278 55.64697910461227 56.56096970897724 29.347712827045555 32.493319272570574 29.127669463260883 22.0593057996048 50.78704709552458 22.477713852669137 62.346403370837805 3.2758927205648627 32.139611605935215 46.02201264959523 46.01927966399489 50.63691465739092 48.91952979268149 20.559653467948774 16.23917152965206 39.72043721481429 9.42418544806523 22.05920004176087 18.86768243005207 56.23485967171431 32.23005884916243 49.75421152533358 6.218117503411917 86.09077951855005 47.555219578722706 123.00390386683704 108.14271967630862 94.11924218585645 81.36775871876563 70.58108136882032 62.78027090374138 59.1585349865584 60.47146920898182 66.42711339755493 75.94090254760219 116.8037385666832 101.06835434033803 85.93727209433814 71.79359860942293 59.347539528677856 49.88630749643651 45.319537552316035 47.09332089725045 54.59308420614941 65.8918234222209 112.03614172910407 95.5447226734358 79.39899117385865 63.861681466485045 49.50896597334576 37.71829603220826 31.51048700425628 34.08607514494429 43.926290967818645 57.40981056767883 108.88951793240248 91.8521025054373 74.93598912389096 58.24695965896313 42.05622742606134 27.266395680383734 17.80164356983871 22.114538351139863 35.495340701085176 51.278628382418916 107.50634158236599 90.21566539121369 72.93032720010976 55.65530083499463 38.40450414386928 21.23706448698946 5.082658703697267 14.119754706016442 31.170740581575576 48.40016741536089 107.95443683686922 90.74674068147813 73.58324902204862 56.50425833305881 39.619199432941656 23.352597253067785 10.941650425979907 17.111654228935556 32.628373966258735 49.34699530603917 110.21146306319672 93.40835799757299 76.82699281956131 60.64950977785078 45.31059451889249 32.03822160839962 24.46540498014838 27.73761285166818 39.228879940971915 53.91795252940421 114.17015768154113 98.02709040408376 82.35594991725797 67.48630236038646 54.08332471064576 43.523757918261786 38.24049530354423 40.36161474701459 48.933535485328484 61.30765312201131 119.6617008943086 104.3433064231214 89.74869849590044 76.29438066126218 64.6957225165109 56.11542440599849 52.06770163562498 53.589650157881586 60.26073354621051 70.63683008152866 126.48652685646564 112.07028350142596 98.5867523558807 86.4733448224191 76.38470605200602 69.21199030549306 65.9140972416713 67.06511133335633 72.45331207700956 81.23994112101393
46.19388056265355 24.92748179547268 40.69948218647036 29.285485439606312 16.83636657828231 23.183346908121344 17.106070694331155 39.3284504187946 36.96774470638508 36.80271724074263 0.0 30.063795942759743 53.25467377539348 69.04694925631202 65.21970879300352 32.105820913625344 8.269660898429997 23.56653532200246 19.458374132203083 18.41694894125288 16.44748385960025 26.50558580816917 33.78757606247024 28.96012218101065 16.309833426185246 19.881932528800714 15.177446389762707 14.568511812866683 33.63882361887829 49.94614166416409 11.90472849546747 43.03795937869672 57.47367748220988 25.07048493413459 68.85453930021903 30.901955836414757 29.2854854396064 42.94944574096018 51.940722665448504 13.182754508562065 86.24058863060968 71.71130232423351 58.705087564055 48.464093946973605 43.01109356581407 44.15704483800643 51.46299368855076 62.81512159784407 76.43130219094846 91.3041788691887 80.12718725425745 64.26579578945032 49.38145859008736 36.68342908516147 29.180970843672064 30.92076522830081 40.7353404087326 54.41830360353105 69.72836688797797 85.79888171459127 76.17531224945239 59.28938687934802 42.737537909661064 27.138081112557256 15.657787079156885 18.77683934580825 32.53744988896484 48.61598651251039 65.32270044730267 82.27580928004846 74.72873690647056 57.427661749349575 40.127324235118266 22.829401403777975 5.556490668676025 11.801746080947435 29.092979126914386 46.3921896477276 63.69287784402811 80.99409680778709 75.93080417465201 58.976354811251475 42.304214448502435 26.453646676236758 14.444965002751424 17.782894435040298 31.976841372179045 48.244358871122614 65.04791057912041 82.05885636295012 79.66168665462031 63.687134479487305 48.62949523797513 35.669517061441255 27.901810320054004 29.72234045861184 39.83759476922236 53.7527703759362 69.21269118134886 85.38233335624739 85.59128302190422 70.9327152208177 57.755845217091604 47.31522412401267 41.71844220704937 42.904913653496855 50.397817613370755 61.94960559886296 75.72497907889529 90.71657228955752 93.30125006824932 80.02745438703232 68.57377201944797 59.9919121588139 55.62729008606087 56.466448822232856 62.299461035246225 71.9213765877777 84.04073141875283 97.73281550408468 102.39009347248826 90.41494110117237 80.40324557014925 73.165512458802 69.57292950582925 70.18748334514517 74.9056947651177 83.03091827520367 93.68080733086329 106.09780358434779 112.52406976379247 101.69970076999519 92.85834100025974 86.6094298943676 83.53678648956944 83.9897347574446 87.91379806075868 94.87926923887517 104.27844968977755 115.5188032488201
28.197147826837487 49.26300052353182 23.15701405363747 10.227596083959515 42.099420407423175 50.22416573882267 46.03254131500361 53.480903675609746 12.59098435938685 14.878927094844688 30.063795942759743 0.0 34.5750746378729 45.747393641755934 44.95034361916934 14.564944978958048 23.264368089340213 14.9374385596521 10.954748977756488 39.76668951700921 13.618705737918757 52.59909129727211 14.334714602076858 17.299734758952244 43.50582443071482 45.03361934334113 45.19029978912738 38.979088040608914 6.855716915991324 31.015623433587507 28.781198796057833 15.257990982575038 36.00105371909907 5.5695964850436335 46.04254057720674 17.352309282854463 51.40537621214737 18.660537020928828 74.46485520895551 37.76399078477077 114.97395466791077 101.2317027498703 88.74343671572329 78.1129311184177 70.18942217589087 65.9558374428387 66.12474975553667 70.66459578685377 78.82372862989003 89.61901484716289 107.46488254024524 92.65633879068014 78.86947313815865 66.7404750109422 57.331394131896424 52.13623536949342 52.4231424177181 58.11097332207116 67.85488277856423 80.18968481140577 101.36900408734725 85.5453130588025 70.42040061287653 56.557684696879704 45.135542688993674 38.397517748324255 38.86165416601337 46.31191638968763 58.12112933081404 72.18063721972247 96.95334178558214 80.28876753336199 63.96352662823717 48.3227702386944 34.31557003074772 24.874432812296906 25.663735253303702 36.01705213907294 50.3442113914527 66.11022639980366 94.4539039995158 77.26620488660437 60.14404364701102 43.1654802668274 26.606850977586586 12.300548079335943 13.906673901186393 28.88253463200587 45.538106750000225 62.54558863584217 94.0236689428567 76.74208807487435 59.47234116211046 42.22894937256377 25.06636167291166 8.489660212493863 10.702321903679975 27.49033608991356 44.67226189865949 61.92105383911562 95.69055682192206 78.76631476327131 62.05073748385874 45.773001951361124 30.639082842992924 19.520530007420714 20.54411815046841 32.585004125956154 47.960569238543805 64.3223282690407 99.34904372910331 83.15295958654055 67.50781783939594 52.90467686616389 40.48719282336098 32.8364022801378 33.40590412340111 41.86153520250655 54.65830597720843 69.43616693483817 104.79069421920083 89.55548532159206 75.21956902930783 62.40581252167382 52.24644070146682 46.51450261497527 46.8637450401458 53.17448168977653 63.69885136185769 76.72199870045745 111.75525982296583 97.57780125061849 84.57134575617278 73.36139159547328 64.88583095448752 60.308742058702805 60.52118395297549 65.47655361845335 74.2309939892765 85.62708620241087
7.139908349128062 77.5510698574487 12.818474008814654 44.75091201868945 55.26853245016151 76.43040545973955 70.11640998416446 86.39447242356614 44.44623654921066 19.834555150408278 53.25467377539348 34.5750746378729 0.0 69.49833780926633 72.14493402443513 48.781339510390836 50.64056696597247 48.95488667425297 41.484482853863184 69.17696197553663 41.2604627106248 79.66653514856584 21.4827065788664 51.874700122273794 58.36957999657241 56.90661540626411 65.1612189100648 66.72500545943954 39.58770390264418 3.6098664346417677 58.35706582980845 22.78605324820215 6.244962111835832 38.689157842631445 70.36076030507289 51.84378386633599 57.395632743357226 16.65881334317846 104.39581042401795 65.3146604403236 137.9554186805476 122.20770043068926 106.94132006354874 92.39517964129931 78.96829678423813 67.33360205294044 58.56906543941516 54.08841169998117 54.94976366495897 60.926974044816994 133.01793767716197 116.6315955953896 100.55243501099392 84.95505300273538 70.16149673091566 56.803309457217516 46.14436104377969 40.38185107379803 41.602782182854796 49.290920297290256 129.42026143304113 112.53039285353965 95.7877069189111 79.28550001448674 63.21239168991581 48.00138173736473 34.80185439331383 26.77528197326001 28.659599008273588 39.04535492106853 127.27610954026308 110.0691428930132 92.89745542637613 75.78503204598394 58.78365240242696 42.028292225459936 25.999033733596846 13.573319890651426 17.065553630397364 31.57442127187539 126.6593526262353 109.3586652457193 92.05844510507629 74.75901658138251 57.4610946595899 40.166625859708695 22.883440751806692 5.714847551919449 11.84823609886652 29.100094655855493 127.59215085302831 110.43276640674222 93.32602691871264 76.30734677539544 59.45239701376631 42.95435154678168 27.46411459131486 16.192323216146402 19.204622864398477 32.7743224943926 130.04115007755115 113.24066196499406 96.61730590426096 80.28119049576746 64.4511036681904 49.613803020749636 36.98409936564454 29.543649591935964 31.249645216730386 40.9751496734888 133.92316387497172 117.65824884767343 101.73602027607411 86.34626061232497 71.8320278323726 58.84478162212499 48.6238730133259 43.18053184700187 44.311852088595124 51.58707921177484 139.11822882256735 123.51287076592708 108.42358949642687 94.09898051849115 80.94602752006608 69.63187825721143 61.185255004180355 56.89789321538585 57.70444468993862 63.410830965903216 145.48568203408118 130.61134870671106 116.40985523265931 103.15945730117281 91.27530946447258 81.35834227251658 74.20152862019046 70.64873031290585 71.24120011070596 75.88190393444623
66.10500115203095 76.02344646346008 63.39315812874578 40.6318704785554 84.68248248853303 80.12914376259572 79.72975140081485 66.43217046896373 33.85403636182305 55.64697910461227 69.04694925631202 45.747393641755934 69.49833780926633 0.0 8.426489466850498 37.06092348383299 60.77772056069134 45.48818495371341 51.870638631248944 67.44438645223264 55.62025425013635 80.589993629506 57.18030015656859 40.182828715375834 85.06579641832808 87.801120290582 83.07777592303472 69.80421999853486 39.13282858887307 66.95587559926317 60.70453596759801 47.88545778193898 66.90727622164383 47.60612576623375 1.4226131961577468 38.20130831924192 95.62695279152112 54.4966124370838 92.00857917615538 69.29781284739504 140.75455629627987 130.7626660353909 122.41142916712585 116.05556688751234 112.03519390848635 110.6052810532701 111.86520984672875 115.72716018932348 121.94416546374839 130.17924884047548 129.82084237803045 118.97068911574677 109.7873685137086 102.71891435446864 98.22297140864198 96.65917713347605 98.16775744424407 102.61329516560491 109.63911598080132 118.78826047164975 119.55402620547743 107.7286416741717 97.5522180997029 89.58844925693752 84.46552663500358 82.71299840330197 84.54072974471119 89.7302057968115 97.74745339022665 107.96434328554373 110.14092743020807 97.2276575969515 85.8725873673947 76.77027728102661 70.79505660732 68.76696125361948 71.02492684924047 77.19375532781635 86.44016336668912 97.8959558783723 101.81875143988063 87.73441262934888 75.00863285533381 64.45123486254212 57.274140561617244 54.82145116876772 57.698827274734015 65.20442208098127 75.9787962409311 88.8405151188137 94.87514495844488 79.61039275195107 65.3685056358536 52.98088160730977 44.041020591123456 40.87731113460027 44.73257234466729 54.127228671057736 66.76238559723694 81.13803528261182 89.63117964516398 73.31234055877124 57.570480570166815 43.043364520918594 31.461282028208707 26.93702555672826 32.55924548029168 44.646563451769985 59.373704880462945 75.20550562112999 86.39697719155185 69.3397063161812 52.442967625210386 35.933933987648544 20.759170202476025 13.013510684902336 22.50494502065769 37.977709483365196 54.56054492028813 71.48505076977666 85.4012246605499 68.10073071508309 50.80121527664445 33.504194102970544 16.217649972938307 1.4855699410704724 18.442214202873032 35.73145967644254 53.02898033871372 70.32867054173188 86.72107774595459 69.74127666146751 52.9703551322431 36.69582922944393 22.045900988359726 14.972378752273617 23.68617757634562 38.686049144553934 55.05359476184612 71.86027206684744
68.03714354726448 69.86335498993508 64.7170634610199 38.20843327063661 81.41174394292813 74.3086155669955 74.53252687165151 58.98487435811449 32.44767217422181 56.56096970897724 65.21970879300352 44.95034361916934 72.14493402443513 8.426489466850498 0.0 34.06791795783659 57.01984841625551 41.97669333886735 49.42108714646623 61.70335627528911 53.1306830458898 74.48008357071988 57.65031527547582 36.324216296798404 81.46652933602483 84.54189179784632 78.60552284466466 64.4466391842266 38.109324910379286 69.32320227657017 55.95077498360025 49.74372623334935 70.2123596986941 45.83256351806041 7.125393088377163 34.44941305472939 92.870644979044 56.33202311275904 84.50436140088084 64.07292342325951 133.6584189427924 124.19922127662785 116.55460838913324 111.09979058662749 108.16656951832903 107.96067161711665 110.49734400601518 115.59617645124003 122.93878781189727 132.15169937210786 122.43062914789864 112.08609653501767 103.61465881563934 97.50575577575356 94.220049356487 94.05388559630835 97.02329356648356 102.85706585680438 111.10491844115653 121.27530749980131 111.86110425057002 100.49017367234806 91.00728372068171 84.0539035457078 80.28993734109619 80.16590111328773 83.69797901073892 90.45890782885168 99.7945822490502 111.05757791323997 102.15454654293164 89.6126537795842 78.89230876948146 70.82554183661422 66.38682623898379 66.30879540462244 70.60590857876784 78.56350700309478 89.20732742852121 101.6974052215719 93.58003427807341 79.7482334705679 67.53546532836096 57.974113378696195 52.53243737554041 52.50729988205424 57.90575545585219 67.4376519354318 79.63226539351555 93.45297691403829 86.47511151554276 71.31870697521754 57.38882807055601 45.81815993506327 38.779331379861745 38.82107513523374 45.92408711116438 57.52976837466307 71.47750199411095 86.64351622075263 81.22644846335974 64.88588131089857 49.20701236179411 35.08836482747315 25.293624406179816 25.43722338611752 35.39841861225869 49.57574563780662 65.27765222072293 81.62903902358497 78.20874909917781 61.08397625941037 44.097721043823 27.507798393599955 12.94071363093812 13.302567109648459 28.02084295215186 44.63283671695512 61.625690362549804 78.75325032984729 77.68249028454808 60.41182416211009 43.16620461734577 25.99552777362765 9.323477252781805 9.83872515258954 26.55912871056986 43.73428453503978 60.98115684708688 78.25234090884564 79.69704940919873 62.9697370955343 46.66334631210187 31.439783428778146 19.954048935375138 20.163832712388967 31.838784905550767 47.11208223727535 63.43579711049493 80.17084514441032
