0.0 25.61472446587271 97.95475750331238 23.354289159645496 34.81963321710158 13.440680714112284 33.37635841351555 66.15445678256965 28.514421425682826 37.636407418098024 37.39349052860894 35.066421911982374 70.14763858063611 49.80717093824281 42.56961966731073 38.485106677082875 30.114574925922053 56.93539134517081 25.50176015851547 19.71327245029059 12.116914342962957 27.49166298838473 95.27337929496542 20.16775080769533 26.32582192424665 76.69906507755444 34.903322401496226 72.71337751486038 25.88232892869363 39.39544842124768 35.807439762524304 46.98374316456984 75.40107504257412 52.18215176321291 34.33963207737527 31.289194309869846 32.487340154131076 24.903638952725917 8.309850425800825 21.402535805730466 82.50268270148572 71.37963184012366 63.10394419361834 58.88854257499003 59.6012572280343 65.0803812407769 74.27852263165161 86.01068868830676 99.38347425513356 113.8200688941983 73.04512597208675 60.25511246443928 50.24411002910625 44.91064987203668 45.91477121892312 52.89678463839021 63.92712490676572 77.29158193009836 91.97827917576542 107.44637223861832 65.31231632314865 50.65254756001706 38.267107675400524 31.012441537350462 32.52507609741964 41.86524411659816 55.19262450250798 70.2741914125096 86.19400908693841 102.56247593907723 59.9752665960418 43.58982713109077 28.3165276399175 17.38650994513963 20.036666409247957 33.15656127752033 48.94853821031842 65.50781260513494 82.37293192471058 99.38832223950867 57.70270162807265 40.42110144666683 23.169865908336806 6.2075363329375515 11.787192435227224 28.949194820429767 46.21566220517826 63.50143748325956 80.79412892582323 98.09007876634855 58.85074332357041 42.03643196024016 25.87327121464918 13.057704390170954 16.440622060433874 31.12551032071342 47.60266443077647 64.51312159768719 81.58789729377224 98.74178467353777 63.233340417599436 47.95476658071745 34.63487077885478 26.42346019306294 28.205222246002343 38.620981525341236 52.7857575928896 68.40908224737515 84.6875386449425 101.30580540129917 70.24763485996289 56.84762016936832 46.12243965689455 40.269253363493284 41.40835542022358 49.055038847805065 60.8017070455805 74.73957538278454 89.85469649629782 105.6429583152294 79.19735625733257 67.55016768652679 58.75821985761028 54.22850705468059 55.023930104842854 60.93631200878675 70.69324358403746 82.94898785157825 96.75863688826594 111.54654799098145 89.5036836489679 79.333223454669 71.9395733465826 68.23148097267608 68.8074028803119 73.56679481598529 81.78250925879284 92.5385068733534 105.05742524987797 118.7831673995215
25.61472446587271 0.0 72.60896262505229 30.57563857239711 20.822700622034972 16.72310681982335 42.044147639929356 40.5635472182693 3.107761358138872 14.197338787402284 39.291763285259066 34.497874317369835 46.07687194729515 24.192453941835577 25.469927721204765 60.18538300511483 17.524945887437543 31.322255038613378 46.542457106423626 43.130020164261765 32.16848083106269 4.601778029399684 70.30399697537216 26.82691238238968 0.7113065980788735 52.28111787361683 12.207086512543183 47.42627122197661 3.1265764929230437 22.39952453117919 40.56946326829874 21.37560219546275 49.791461865507 27.259620436649993 16.799893017276325 54.142847257191654 16.49907520305468 1.438866358319671 28.421897969624414 41.87416089746229 102.30306242288704 88.70134336723845 76.60702750872431 66.84341124707458 60.548684590635695 58.84676201278252 62.116311934771446 69.66080413371886 80.28396895868015 92.93600123588597 94.80031081539481 79.97424757041354 66.35785818535862 54.859403354148085 47.05790746372084 44.922632363861844 49.19698026602749 58.492277791316596 70.85939584955095 84.96743566790815 88.919779133158 72.94144278867302 57.73118698349658 44.091209378655805 33.96893371897641 31.02339586755911 37.009764170208534 48.741185011475565 63.09035194286305 78.63708298070449 84.99892106988804 68.1297666543899 51.54828633456979 35.65808101988425 22.0109940341206 17.20991496464195 26.581773571067806 41.42115881580711 57.650206482360346 74.36459114124264 83.31492697029148 66.026684526061 48.7481552898411 31.495329495686097 14.361144701675267 4.3866542449543795 20.75949312986265 37.96556249780014 55.231556901477795 72.51468389897386 84.002455847425 66.88820529453248 49.90355132375835 33.247704732946175 17.865282348454414 11.473437360712616 23.298588464772042 39.40458973431131 56.22572514339129 73.27111062180826 87.00529602870586 70.60587992782825 54.76467440449395 40.14796861418137 28.692503272976165 25.166856047737515 32.28299988576571 45.273878328985596 60.464589432721745 76.55664328152588 92.09721259485244 76.76581645435482 62.47231977376086 50.11284320333598 41.45490952863053 39.043925882110955 43.92098503812064 54.151489908314986 67.33810916508455 82.06804607468271 98.95617542620802 84.83760904094237 72.11944962157683 61.674224543642566 54.81701183021919 52.96035736880714 56.5985333113749 64.81271747922243 76.1359479787627 89.39450014140766 107.24358760313638 94.33164694625462 83.03266698289309 74.0883229296194 68.42826200183268 66.89145031071186 69.75096305288871 76.51548344558695 86.27127682360882 98.13021369615353
97.95475750331238 72.60896262505229 0.0 92.5948711656707 69.703775053837 88.6249863308702 99.43121951505479 32.631840528021115 69.99170418946683 64.29218755769304 90.43077483251994 86.00654758205042 43.39523913078508 48.93499506273993 71.23826389379154 126.8631397100472 72.87231258989655 42.202719181473626 114.19169702696759 113.1131729099567 101.72444247007644 71.96957333549672 7.090224922726178 90.75296185894767 71.90509450864671 23.92835161036186 67.00733947439699 33.065153120904036 73.1219399484518 72.0071706247495 94.37263417810699 51.84708803639855 24.40314220862105 50.27421459835929 72.62425954566895 122.65564106747067 69.22123142714914 73.14541626052926 98.88919237291383 109.7954881821709 162.42491083791109 145.95671727619808 129.70573472055108 113.76508500084839 98.28587973874683 83.52506445409456 69.9389825037721 58.353995587723155 50.175880404713794 47.20965784420929 158.83771070243415 141.97259313406101 125.22669099770015 108.65513863829254 92.35183941990212 76.48851818156186 61.40710594684272 47.852690476295784 37.5184673041388 33.527583717137226 156.42143570967806 139.27655657334924 122.17595729390536 105.14124565945518 88.21060143441797 71.45803342203634 55.04636722111115 39.40388580522979 25.960384386663257 19.847633791298186 155.23080956540335 137.94419257980147 120.66196464654708 103.38632683267917 86.1212450982147 68.87465830268013 51.66509143599881 34.547911769145664 17.791800354913043 6.18478212009924 155.294042844444 138.01501978703695 120.74255652335077 103.47993791030476 86.23307642200942 69.0137864028271 51.849544677651515 34.82184914797907 18.315578016359414 7.554663675408956 156.60961586402476 139.48689970902905 122.41458242537458 105.41715316305196 88.5377533168263 71.8596043310665 55.56422498099447 40.120753380270244 27.03105615463642 21.222453507118487 159.14645598560267 142.31634795594658 125.61448544024266 109.09978287668261 92.87213742405893 77.1129873013173 62.17957322429952 48.83537096516563 38.75816305590688 34.90278735139976 162.8474631078329 146.4246472416709 130.2296448398059 114.35928238203215 98.96985670286338 84.32509473480636 70.8880290739261 59.48281876205612 51.478158357553546 48.58495493570779 167.63549746326123 151.707881736046 136.11611693154455 120.99011419802385 106.52845965729092 93.04145441174852 81.01732099033474 71.2010877834126 64.60710520217445 62.26761376357821 173.42048035789495 158.04819643237545 143.11703958530416 128.7805376647639 115.26079984673139 102.88033009682822 92.09971715782795 83.54064113385252 77.93846792670453 75.95035277024971
23.354289159645496 30.57563857239711 92.5948711656707 0.0 22.8994614845028 31.185416079314287 11.797260670056556 64.27922121211871 33.400497955284514 44.67059131194462 14.102024433634112 12.711662461001914 75.14507418303378 50.08843694488753 55.283902203608314 34.28844613194809 20.017311184193815 56.70757413443991 22.274761476692902 23.879880076567567 15.085611712670667 34.87365871788865 88.4204658886713 4.030846038800501 31.041991663181744 69.17640369529629 42.78235346577506 74.21575736524677 33.01751993891068 52.04362921255006 12.592831452119905 47.92209305164798 73.41744721400592 55.928790907269004 46.29701152790335 30.81982009862946 23.783030499624193 29.163745695128405 16.12727884028012 18.483536216570297 72.9312646407082 58.4839318810495 46.04865364937721 37.67351863223684 36.28797043030032 42.57988819122465 53.92572899259962 67.83530721460863 83.029999703861 98.91936152750111 67.0535683275135 51.003392997499915 36.12786231073982 24.653803745909627 22.56344187546608 31.766634154771964 45.911223550426506 61.68689582370283 78.11156797098414 94.84868081005465 63.82798044579116 46.7023289053352 29.781156283681817 13.836196046074152 9.730194215994906 24.425935907556596 41.198171287829496 58.280919664855936 75.46360171311416 92.69065798156994 63.65897868812988 46.47214835271852 29.420553845837553 13.045720212194762 8.574733482470876 23.9911380288135 40.943091782626766 58.10174039305684 75.3259657744881 92.57917376055552 66.5698488212955 50.368696086923705 35.23035477341054 23.325132968685377 21.11059774497475 30.75653466975958 45.22148926365652 61.17771927851379 77.71200138686056 94.521471430934 72.18894165318214 57.559856289909014 44.87469915749793 36.236004224583496 34.80036191218619 41.32541815453342 52.94547186889104 67.06238592887867 82.40274285916439 98.39597686901162 79.94717022382407 66.9928654568623 56.42021021682462 49.77085817336939 48.67996127165751 53.48870010770571 62.85734286989977 75.0982834001053 89.03460501375932 103.98688240997068 89.28856665063486 77.85698213401916 68.91781816778263 63.53200859995278 62.623166914187664 66.37545038553286 74.0839675990271 84.67504093977081 97.2110349825569 111.03514104762974 99.76930931841953 89.63320545449136 81.932855692806 77.39870184985105 76.59510518592748 79.63508092051288 86.11252506010892 95.32928571626348 106.57703008424899 119.2826007882215 111.06719866432191 102.00598715854791 95.25331271926815 91.32271964348757 90.58232738092741 93.10827200649513 98.6499669020175 106.73872303210757 116.84676884554618 128.49845584376104
34.81963321710158 20.822700622034972 69.703775053837 22.8994614845028 0.0 33.326141874239326 30.708821365658164 42.33873749365346 21.869078189930413 30.9647551318791 23.694130602763007 18.54366871412667 56.19793258970271 30.067552614536666 44.78404615932239 57.18599127785928 4.734842794148426 35.834100543104384 44.816724606254255 44.85164010587261 33.87929907349791 25.03850377226468 65.54559409735894 21.37596986720595 20.7354985421211 46.301583134598765 30.38229237274733 53.35879163235692 23.92255215573877 42.056294640029726 26.691785758306754 28.598530485495104 51.22178940392616 37.577074244313046 36.88522686347416 53.36284140201632 4.373821830844813 19.702780338327752 32.16507925983535 40.62228444872399 94.34694099473197 78.8306330540231 64.23315810340051 51.34427866789326 41.77652168110903 38.11859173076834 41.94618894776069 51.620199136222986 64.5640272159323 79.1902059699551 89.51121509547298 73.00172176997867 56.96451409619448 41.94485763988357 29.538060702538868 24.17299545259348 29.914563672078927 42.47516052562197 57.55091776057951 73.61241566387172 86.72559743570636 69.57420866042915 52.52166087398369 35.70983479801844 19.762915568110458 10.230662359683969 20.432160017969178 36.45535576286161 53.28438659404941 70.34324299969207 86.18913595576096 68.90742404272711 51.63925401668371 34.40502228438107 17.30641780301408 3.745954050905629 18.09048871992952 35.2024562821328 52.43923731577106 69.70830530157285 87.94300808910998 71.07911391582958 54.49055208707233 38.53455808591513 24.480934121274224 17.675750973797207 24.985201179770137 39.176529350660054 55.17293443693828 71.77755223765287 91.85609088310765 75.84581861445146 60.55033986899213 46.677701349680326 35.916300428726814 31.620597051344582 36.172536094317856 47.07176717848278 61.006219775293225 76.33135086790746 97.66915268900219 82.76029462057205 68.97805983872277 57.14352550805929 48.698004794459656 45.56656921052401 48.783523688727136 57.289227019956 69.15910841453368 82.96151165320367 105.06722988575532 91.3359690141404 79.01956634004205 68.88120703556025 61.998755554699066 59.512745590250525 61.95469534105646 68.80187389613849 78.91582615665527 91.21630103028829 113.74136552151718 101.15110205917387 90.13700536310199 81.34187786975576 75.5447518152695 73.45886624787403 75.39288830013453 81.05959076010653 89.75474346278051 100.69686075279874 123.42269878282163 111.87983717728928 101.97896547865626 94.23904114251236 89.22421416559632 87.40480509938722 88.9770507409635 93.7705028548953 101.32904270463405 111.0896873132091
13.440680714112284 16.72310681982335 88.6249863308702 31.185416079314287 33.326141874239326 0.0 42.67198246642084 56.16355582938197 18.853472005568808 25.675739123204803 43.94938986374761 40.32017882970205 57.696397745275135 39.72043721481426 29.14825349433195 51.88579275512003 28.821367793777647 46.65399361416408 38.72128219896141 33.15392335273195 24.565822395284084 16.657210068682687 86.67235917577827 27.24369553527521 17.361092467257055 68.91594849994863 22.839132804955966 61.25153252084245 15.568068534061558 25.997664085869264 43.556122882547726 36.810694155586106 65.15826838017162 40.58772469839936 21.111707773976118 44.72987321103811 29.7103672059733 16.713719532998546 20.336417945303342 34.42119864132804 95.80942138823872 84.22519393662655 74.87999189373076 68.69377631268459 66.55335038995939 68.8371543438716 75.14287068066248 84.5756468248396 96.22016879514707 109.37227050335072 86.48461032791863 73.49696452172785 62.631619774082246 55.15737329334555 52.54190606853264 55.47673376868898 63.19322841540571 74.21455569462641 87.29786061300229 101.65005011925729 78.6115661771011 64.09322668110923 51.33041381316965 41.95697039144593 38.531411251744935 42.51656439693047 52.243211516973844 65.1901400324578 79.80514940492127 95.32405620684274 72.6638514378502 56.67729276168324 41.75292054246852 29.54670680332372 24.5238667853665 30.472001105737498 43.062469863642946 58.128482004836194 74.17664847937091 90.6870475262677 69.14023114951732 52.105067061993594 35.33012207741126 19.49897691743715 10.531654096353225 20.98414729126902 36.99278577553215 53.8080944066815 70.85808994226117 88.00647623433265 68.41633018722474 51.145051645555526 33.90504272911149 16.792887786133598 3.628192529527123 18.52133971838847 35.659918844488395 52.90494440149464 70.17798811131954 87.46245155308323 70.57835889748034 53.99029369850357 38.04354051471705 24.049578549666382 17.554645374613603 25.232142444401042 39.54577781167153 55.58586299951741 72.21094017062194 89.09412824350383 75.37837091917439 60.10274750596136 46.27624037232193 35.62792862621582 31.558150823530465 36.348221120544565 47.38331123782998 61.38299356544258 76.74160751598261 92.78677415992006 82.3563380507998 68.6146608073147 56.85138814896676 48.527233462988725 45.56761829536136 48.95535397802264 57.580803446500695 69.52103684721847 83.36368273573548 98.30837212662625 91.01259193091835 78.75170107220153 68.69545185082795 61.92734404050787 59.578712026052635 62.15260304568222 69.10112412884577 79.28228552504223 91.62473678929214 105.37172360934882
33.37635841351555 42.044147639929356 99.43121951505479 11.797260670056556 30.708821365658164 42.67198246642084 0.0 73.0420661159179 44.756276183191765 55.979173883120275 10.270916793561833 13.573136012148499 85.56972791349504 59.93209869217996 67.00187018751409 30.133571443740266 29.17282060583729 66.19435727344877 22.00301350829645 26.978073581863985 22.603901583115587 46.44239234180064 94.6803900813696 15.820089522065881 42.466593429590006 75.59885193179691 54.22941417669228 83.77976952502655 44.610833478762544 63.774146631365866 5.9952219694209 58.008856235797566 81.91791201759715 66.42058135803624 58.02583197547413 29.44179825190182 32.832199768663585 40.61464665306973 25.279070735213715 20.309728281124485 63.64616827453851 48.24482258297614 34.68431289888066 26.022119469398106 27.38631642472982 37.703851768387324 51.88314788281932 67.53408114019226 83.83646987900971 100.47370667555799 59.43441652050203 42.56229796404053 26.255695447440846 12.879707818370909 15.528206533799802 30.250231692293475 46.773291858987854 63.71120890247122 80.80351751558415 97.96944289186042 58.43993163595471 41.1686913959353 23.941809767984875 7.090339960377877 11.227161200230134 28.29379682108637 45.53836064862861 62.814482443542715 80.1017458037536 97.39421809861165 60.8207500271505 44.46909490050481 29.2326761729758 18.17444631269532 20.119240266328806 32.83244350633381 48.47542729951818 64.96519795012627 81.79119161043837 98.7817457474041 66.21374399552323 51.56998084317056 39.15833021919193 31.71743366239551 32.82263307397857 41.8014803194047 54.919132759458854 69.88252571510336 85.73058105845212 102.05197953900061 73.96285978373685 61.16158097060196 51.08499739866438 45.57761012486912 46.29971644940068 52.99728818549039 63.81586777434245 77.03843857127139 91.63012969517415 107.03244335674107 83.41392183322617 72.25865454653157 63.90180256838348 59.533721533545226 60.031525396256406 65.28399878057029 74.2893893208363 85.87504088984215 99.14044756291588 113.4981517500436 94.05515341244251 84.26840631390584 77.16633977694313 73.53102038861758 73.87601232666503 78.14861936241843 85.76383557252295 95.92888797719488 107.92569145974718 121.21157319763432 105.52699322643207 96.8517712452781 90.68219824547356 87.54960168778298 87.77972786884048 91.34716572357964 97.88771597327394 106.85682655998545 117.70061179566453 129.9506169334128 117.58644894552124 109.81158635894309 104.35161326867077 101.58049544828495 101.71822889819498 104.75334026063265 110.44722573215981 118.41697605533037 128.2389719754789 139.52258174375493
66.15445678256965 40.5635472182693 32.631840528021115 64.27922121211871 42.33873749365346 56.16355582938197 73.0420661159179 0.0 37.78115830564619 31.685035783367375 65.54287619442505 60.54746656038993 21.653965405208005 16.465379497882527 39.95875200121429 97.8656610932095 44.3114274872858 9.57294573884902 84.6177398262182 82.57105771286635 71.21482123840389 39.52000961121862 31.729343456901898 61.74457512509333 39.85257725534346 18.73486450713611 34.382044069567314 13.046956063903824 40.77748278749078 40.22260005091588 68.8906229781074 19.36476297343834 9.329125311933671 18.27855415913522 40.23454571992059 92.84008696210688 40.54383986084356 41.255782688561936 67.98792100018558 80.04296941725994 136.657840781186 121.14129765376995 106.17796491464658 92.0380581935558 79.16404338809264 68.27580144016224 60.45595129121362 56.982073658278104 58.63180943801665 65.0162989198167 131.33212831103748 115.12826824075326 99.29558319563805 84.04410752190988 69.75611549780712 57.15875928435858 47.613405150747354 43.193210239568984 45.419983985185155 53.46962645536198 127.33794743576075 110.57159924910222 93.99954068821593 77.74611324412898 62.06216226929037 47.51500007997024 35.52953511959029 29.423288144347516 32.67753495674505 43.227561609205516 124.80326538474436 107.6564443115814 90.56863352112272 73.58095663245773 56.78335499983361 40.413538030935364 25.315432692090813 15.722615357463228 21.265995393003426 35.440046719985965 123.81778414198239 106.51770560201224 89.218345275615 71.92022143206742 54.62450876733954 37.33455846030922 20.065272061364812 3.1740542661754736 14.705362565756563 31.95519278636288 124.41833557467788 107.21201834293332 90.04234786100672 72.93520974583791 55.94799472926063 39.23677215325709 23.400498819980104 12.423980130561716 18.969451778885293 34.11799819073342 126.58233915303654 109.70457457362095 92.98284291977086 76.51950581882087 60.525785929725465 45.499637937876166 32.79898841440905 26.07758669884588 29.715613969300705 41.04516046517337 130.2318507797658 113.87732109094935 97.84916658487855 82.33820732379412 67.70086565832753 54.64375424782039 44.5777790793307 39.8387090530291 42.2584066479747 50.824491811245544 135.24661883516438 119.55440272255075 104.37222822601275 89.95870358319124 76.74812171806622 65.47273887517724 57.286860590267636 53.624516490182174 55.390366070506055 62.12323277259848 141.48147703849682 126.53342446917651 112.26352024275178 98.96554831828206 87.08589345263672 77.2814158209991 70.42423540837555 67.41972962965097 68.77469202280678 74.25084438108219
28.514421425682826 3.107761358138872 69.99170418946683 33.400497955284514 21.869078189930413 18.853472005568808 44.756276183191765 37.78115830564619 0.0 11.27210628925676 41.57522950805173 36.67735337321812 42.97247175945702 21.348290693577635 23.368290273985917 63.29017071494194 19.088250929443294 28.452263923146457 49.648328163810405 46.2182170429632 35.27476390301026 3.4333616546695147 67.85942644752849 29.715122164884377 2.4730909744072633 50.08123859890027 9.522739232059864 44.37872521388781 3.407603983935004 20.433645486120717 43.05106422552164 18.493971550045053 46.962652291670416 24.159288988191165 15.060389716960199 57.24796647187047 17.495271841236484 4.347597617798332 31.516122320350622 44.9797236552295 105.34186998011482 91.65032163099704 79.38103835636298 69.29367184441428 62.45456409877067 59.98523241556925 62.4065665718056 69.20713046146197 79.26771205276329 91.51944795031415 97.89566834767965 83.02627329131454 69.29549346064506 57.52453349124222 49.14246305476921 46.03905493338458 49.22307046116512 57.6622054248281 69.4669157625229 83.21705365354742 92.02364377108114 76.04772667824854 60.80189958305612 47.00206158188048 36.33490240966841 32.09306799719017 36.58433317716354 47.38744975983667 61.248966485951065 76.52457080252364 88.04142717215811 71.20029050874695 54.64779797692608 38.755570749701604 24.825766650357508 18.14814317416046 25.32002165905634 39.389895635921555 55.32392109057873 71.89311925820115 86.21135529774592 68.93508668895325 51.675991415156815 34.45988273419 17.41471977261824 4.2160323592618605 18.193155590519275 35.25507636097316 52.47440733810467 69.73463959282331 86.66989223514986 69.5050767923627 52.43047125740273 35.576200881290845 19.521551130396972 9.758533929324866 20.200993710370447 36.32691076660916 53.19701007878175 70.27739646080734 89.38181626780384 72.84372868492815 56.762834501613455 41.67182255662871 29.150867094554446 23.700551727787214 29.535911949867298 42.21060151054839 57.3568697515207 73.46153400318177 94.15257585020406 78.5989739303839 63.94995310569973 50.991184898063416 41.34382672507589 37.646111554532894 41.51932150262283 51.27557934180278 64.29014427976014 78.96813852408467 100.6898857407693 86.28854449400627 73.15513138045844 62.099388885511225 54.403083268066474 51.59222184363244 54.429034136786896 62.14485236876964 73.21301872798786 86.35398116390135 108.67533085057708 95.44597052710603 83.71518099003295 74.19718492583642 67.82997463030743 65.53839447736324 67.737355483878 74.02776499478759 83.48989841296819 95.18250242713397
37.636407418098024 14.197338787402284 64.29218755769304 44.67059131194462 30.9647551318791 25.675739123204803 55.979173883120275 31.685035783367375 11.27210628925676 0.0 52.362434259734286 47.34778771201772 32.56407095209007 16.079960886487154 14.41367823295045 73.99421201875329 29.164338500730736 22.154893025802952 60.346385105004124 56.38442277356686 45.80630569768654 10.509506826426566 63.20241174605863 40.983557182963274 13.67021248279863 47.11792022852301 2.8452263923140793 35.58697235608632 12.362396078757497 12.374371576706727 54.07581439523402 13.392101845493084 40.212622399139455 14.9374385596521 9.386365425539969 67.66358521647449 26.76019264007998 15.563531032001855 41.85132700499315 55.69637960241052 116.44865377835664 102.89593554881623 90.62863251160012 80.23849078025546 72.53669876810379 68.43698435517652 68.58833633490782 72.96430516937266 80.88207879665842 91.42604883607298 108.71426699545366 94.09596792302142 80.54818279655751 68.70711437738039 59.59886427052523 54.608432689497995 54.87108948752287 60.3182496808836 69.74557527017572 81.78813200569395 102.345367023776 86.69480346681219 71.80605427790871 58.26607589201935 47.2489942217195 40.84978575686121 41.275273762271965 48.34560102293206 59.74656256795214 73.48953684237665 97.60970799002685 81.07654419932607 64.94510890357785 49.608855535622986 36.09598524121001 27.267416076232198 27.97881402766919 37.69384983381246 51.55141920597866 67.0297065107925 94.75256310209757 77.62934941148161 60.60772579925238 43.80627607954424 27.629623273981206 14.37063678062515 15.759034920220948 29.81429225506018 46.13187319669845 62.97714099183655 93.94552341872856 76.64676375625659 59.349852646977034 42.05707092928923 24.77706625303886 7.597525918802891 10.01276081255155 27.230533397548307 44.51361713188203 61.80724765134906 95.24073046292958 78.2217342093453 61.36118547185262 44.838185495417974 29.230858536296065 17.23762510519257 18.399477275794798 31.283513629937787 47.09021238320994 63.679120563898806 98.55531856416366 82.20737389453376 66.3450311961997 51.41967855549711 38.53586456389835 30.409730503295577 31.035461935693387 40.00446753203929 53.25621357303498 68.3432548416719 103.69577822310647 88.27771575053676 73.70074712580258 60.575155862931354 50.056001049262285 44.051802763153475 44.432237899861 51.05477994623958 61.94886357580367 75.28238302286259 110.40730359484228 96.03818620731477 82.79849754577326 71.32002976023384 62.57954584176541 57.83208395265315 58.0654611169729 63.224544909530906 72.26192529319358 83.93405791880294
37.39349052860894 39.291763285259066 90.43077483251994 14.102024433634112 23.694130602763007 43.94938986374761 10.270916793561833 65.54287619442505 41.57522950805173 52.362434259734286 0.0 5.179422714043373 79.8266965592926 53.74183463069575 64.76087551020267 40.404217008609194 23.575318794986206 59.48957740916905 31.607356680283385 35.57979496035637 28.724906816467254 43.88340630256144 85.41853790987166 17.329027897852555 39.56442357691502 66.51334061837854 51.04725420443429 76.95882823755558 42.20622050389164 61.6664519644067 4.313827504006685 52.1647874689614 74.11245032013981 61.00376868195723 55.99831192791445 39.4337723919169 26.7944000727803 37.86586285932773 30.19734262282325 29.183188009850493 72.03235029769266 55.869113061174815 40.65423951134102 27.980130047155694 22.621212520431442 28.970017700521463 42.018040012234614 57.362710348928765 73.58095189549444 90.20279106675393 68.87201935319592 51.75027411504916 34.80718220763585 18.53920808856671 8.635842803834239 20.10389430882961 36.50299430038958 53.474141979746705 70.60603635032123 87.80463608935693 68.54296137002558 51.31354859728311 34.157523992280126 17.29468358449249 5.494467641218258 18.973289867643146 35.895622873980024 53.06335094947436 70.29691419847624 87.55744706779616 71.0845105848764 54.64729300908379 38.966105366471055 25.47743801384904 19.456466128056636 26.584206716845177 40.41779020999098 56.206647562897324 72.68760858041071 89.47905563905495 76.20997482955151 61.13775360178624 47.60669772965015 37.3320040092915 33.46143271592457 38.004796235408236 48.65973382387037 62.36892620606165 77.52873220732012 93.43572004552588 83.44450036335783 69.91111772058109 58.40245411110763 50.32724348530665 47.47124132487575 50.72384640892556 59.084693124104604 70.7657816602363 84.39960468861678 99.18413791614911 92.29336001617173 80.22174645900857 70.36823093486555 63.769446157656496 61.482449692172125 63.97136856159721 70.73383482942839 80.70260096231677 92.85062860630329 106.43431627439675 102.33854146696225 91.55160005985928 82.9993943222376 77.42602290581279 75.49413334310599 77.47660870601874 83.09374949419728 91.6798947110764 102.49156337894493 114.90223502309578 113.262063611602 103.5665833342229 96.0336062328083 91.20057062213662 89.50591517353152 91.12490238096956 95.88983799318537 103.36657312671089 113.01818465257765 124.33923715449363 124.83342766159431 116.05395401497113 109.32665154730542 105.04653326331588 103.51759502263513 104.86024854347619 108.96839856804205 115.54744897429038 124.20537410990147 134.54143549608904
35.066421911982374 34.497874317369835 86.00654758205042 12.711662461001914 18.54366871412667 40.32017882970205 13.573136012148499 60.54746656038993 36.67735337321812 47.34778771201772 5.179422714043373 0.0 74.64997521820155 48.57375924713047 59.954260713826116 43.142130277882536 18.43385920968835 54.36396618592051 33.07857796106117 36.036719198477094 27.796152585351216 39.099073151164596 81.16224878909895 14.9812144939324 34.73607573204237 62.13097119217004 46.10631978579587 71.85730666679353 37.46818216520582 56.89717499712281 8.430755918897058 46.98616583242429 69.197314981473 55.82600709540939 51.26790252416653 41.302085665733145 21.617671729430082 33.084657876075816 28.555465018049244 30.037749808636168 76.64552616441843 60.69026406456519 45.7251551549211 33.120713552389766 26.493087949377678 30.0914596285547 41.325759117808154 55.757071132950024 71.47442750043733 87.78978745939948 72.95357854669341 55.97788410736526 39.28785117505986 23.500209472021407 12.637139509021486 19.127142995788393 34.21565077358641 50.73742968460725 67.65039274529397 84.72058404319955 71.90003123272821 54.60413656778279 37.313838718239836 20.043626917331803 3.1440404965845787 14.721976491620167 31.973454357141133 49.26033460878076 66.55503691338794 83.85272149338695 73.59829117495744 56.81175042693062 40.461758587516506 25.405614107142057 15.888642078010246 21.404790696604895 35.53299285460875 51.63075146067582 68.31974685487523 85.25346633974361 77.86849822094767 62.22065383052303 47.72866842997128 35.82389002125785 29.789019480525567 33.01710990051821 43.4923290933229 57.37373190680439 72.73662636512182 88.81552677360281 84.32075021629805 70.0935579025509 57.575420394699734 48.11917954154923 43.75712602430305 45.96325650047123 53.93755695614837 65.60947633263015 79.36404066535476 94.29423496950062 92.49946615254065 79.70352181365917 68.90463553050635 61.16979207941152 57.743704297541456 59.376970001407024 65.69331019705069 75.52678134389375 87.70219867763717 101.37925755545568 101.99004532737368 90.49874464071374 81.09725379191718 74.58012281712968 71.73780887565468 73.00082246988431 78.17042469100154 86.54940131139742 97.3122335264468 109.75987917044998 112.4607349374734 102.10384311169766 93.81711027736425 88.18607095854323 85.73560269498692 86.73569943252295 91.07275701752361 98.30610415111649 107.85458118853353 119.16295053423221 123.66269392833031 114.27219887767909 106.87597380116046 101.90915998681848 99.73537374801671 100.5359509751121 104.24238521149911 110.56281963041864 119.08175371548235 129.36558979736256
70.14763858063611 46.07687194729515 43.39523913078508 75.14507418303378 56.19793258970271 57.696397745275135 85.56972791349504 21.653965405208005 42.97247175945702 32.56407095209007 79.8266965592926 74.64997521820155 0.0 26.16737870258154 32.15904991499904 106.2622549149146 56.569875643216854 21.62291693645687 92.61841363122 88.91777451048061 78.18888345657327 42.987688850131036 45.78800381609575 71.84439684316479 45.44019772041261 39.08367390296751 35.251387246526114 11.068968220306727 44.778975367938905 34.148367241856185 82.48354337411199 27.67781952997049 22.094870051067513 19.216596637087083 37.24286211859613 100.1248263062233 53.10532056964854 47.27523777949314 74.31848533511891 87.95064716531347 147.925098166535 133.57837174456373 120.01338014517181 107.52639079049241 96.53663194071889 87.60936699134633 81.42582115901578 78.63593839433261 79.59736523258479 84.18167012961392 140.84451004153118 125.72945016609786 111.25334275771951 97.70061881394751 85.51145283076788 75.35050909596752 68.13136490881449 64.84411735376524 66.07820544069469 71.60022291115062 134.85721403813847 119.01576760046149 103.64235885964425 88.97991355329586 75.44410073533682 63.75657228636384 55.10616606137604 51.060546616012715 52.691272123439965 59.53370263761323 130.11431452159383 113.63881330513766 97.45015014529876 81.71897249401367 66.76942411011159 53.26376211877758 42.59821055789086 37.294685400611364 39.571282570349666 48.36926790967853 126.75564690988907 109.79523422619243 92.96076497034609 76.33560845960253 60.09373797606205 44.65535241205003 31.23546997031037 23.577947315830887 27.108956917247536 38.89193259277025 124.89298654508565 107.64945878999268 90.42824241295924 73.24507650704305 56.13491424832883 39.193483148873554 22.800061481289053 10.112845509578028 16.834774830477983 32.60771076642081 124.59347397738283 107.30342094491729 90.01793181910398 72.74026027776463 55.477710797656535 38.250762596394274 21.14660248951935 5.472683828043906 14.540813371403287 31.490216774582677 125.86827282404283 108.77430318324309 91.75831274592815 74.87348581908745 58.234026094791034 42.131659207041395 27.525690104238855 18.41093478762549 22.780988118684853 36.023552232393854 128.67058151816295 111.99051778360709 95.53189102577274 79.43246777578122 63.9640545583998 49.719133327805984 38.09583660958735 32.08273554342338 34.72779402414535 44.513436628485834 132.90377295002128 116.80794096256699 101.1112289475342 86.03237475971561 71.96083472796803 59.61423742157027 50.2797793629624 45.83621344688613 47.67141758411895 55.16224240151527
49.80717093824281 24.192453941835577 48.93499506273993 50.08843694488753 30.067552614536666 39.72043721481426 59.93209869217996 16.465379497882527 21.348290693577635 16.079960886487154 53.74183463069575 48.57375924713047 26.16737870258154 0.0 27.45126496198517 82.76991811437289 30.765957763040426 7.140087212360629 69.3099052968576 66.7506218458701 55.489171862643374 23.066831991453206 47.36848831601137 47.1297587540787 23.48138898054476 31.060034763937278 18.53712164614473 24.174677338712982 24.312579818408224 26.713868713448484 56.535068610108254 2.9123023017312617 25.61451834960612 8.810722104340933 25.281766658921107 77.33951808280975 27.17204126609601 24.965859105422297 52.06653505177446 64.67434889872204 123.00390386683704 108.14271967630862 94.11924218585645 81.36775871876563 70.58108136882032 62.78027090374138 59.1585349865584 60.47146920898182 66.42711339755493 75.94090254760219 116.8037385666832 101.06835434033803 85.93727209433814 71.79359860942293 59.347539528677856 49.88630749643651 45.319537552316035 47.09332089725045 54.59308420614941 65.8918234222209 112.03614172910407 95.5447226734358 79.39899117385865 63.861681466485045 49.50896597334576 37.71829603220826 31.51048700425628 34.08607514494429 43.926290967818645 57.40981056767883 108.88951793240248 91.8521025054373 74.93598912389096 58.24695965896313 42.05622742606134 27.266395680383734 17.80164356983871 22.114538351139863 35.495340701085176 51.278628382418916 107.50634158236599 90.21566539121369 72.93032720010976 55.65530083499463 38.40450414386928 21.23706448698946 5.082658703697267 14.119754706016442 31.170740581575576 48.40016741536089 107.95443683686922 90.74674068147813 73.58324902204862 56.50425833305881 39.619199432941656 23.352597253067785 10.941650425979907 17.111654228935556 32.628373966258735 49.34699530603917 110.21146306319672 93.40835799757299 76.82699281956131 60.64950977785078 45.31059451889249 32.03822160839962 24.46540498014838 27.73761285166818 39.228879940971915 53.91795252940421 114.17015768154113 98.02709040408376 82.35594991725797 67.48630236038646 54.08332471064576 43.523757918261786 38.24049530354423 40.36161474701459 48.933535485328484 61.30765312201131 119.6617008943086 104.3433064231214 89.74869849590044 76.29438066126218 64.6957225165109 56.11542440599849 52.06770163562498 53.589650157881586 60.26073354621051 70.63683008152866 126.48652685646564 112.07028350142596 98.5867523558807 86.4733448224191 76.38470605200602 69.21199030549306 65.9140972416713 67.06511133335633 72.45331207700956 81.23994112101393
42.56961966731073 25.469927721204765 71.23826389379154 55.283902203608314 44.78404615932239 29.14825349433195 67.00187018751409 39.95875200121429 23.368290273985917 14.41367823295045 64.76087551020267 59.954260713826116 32.15904991499904 27.45126496198517 0.0 80.8733841727906 42.40844782876589 31.42300762504931 67.49676397332519 62.26795479724705 52.990759683880704 20.878215157322305 71.43368726525502 51.34036430855861 25.2182351093112 57.56857020340115 14.419216297497348 39.216690675480514 22.588828499908942 3.2836145552820475 65.93860527955225 25.471019781348648 46.89808201093756 21.73805015711241 8.99399434308263 73.84057257661131 40.46380727660655 26.89505432520671 48.768728941797605 63.029567482382745 124.52966206570537 112.13393152487598 101.1883428948819 92.21075398632321 85.8210104725974 82.62172112477677 82.98272133493325 86.8596313261258 93.81758546926133 103.2354755268404 115.56813406572005 102.13827896336628 90.03973033903041 79.87971358073848 72.4780990136755 68.7318821542613 69.23697715349748 73.9062715828665 82.03173499381357 92.70903249150396 107.71145676096539 93.19884689714 79.80595975913837 68.19572104073195 59.422390803196656 54.86422964688368 55.56838909195213 61.35394888140847 70.98920499521371 83.14641551877459 101.21736377896792 85.64715232515712 70.88455533106247 57.55441928966188 46.8946445493316 41.04156073403275 42.052553311808616 49.50889096993722 61.094589306442245 74.91777434153448 96.36183604355179 79.87788356184198 63.82835758700193 48.6451672375513 35.45920856876382 27.33255865362429 28.904881357287664 39.02083652992711 52.99499329351353 68.50564252882388 93.4008446295903 76.29654958328013 59.30701465601034 42.56986381024108 26.566471925526024 14.073889464500008 17.00247355810013 31.285885921192786 47.615564860596315 64.45455906638954 92.51651613626136 75.21638317071846 57.91732412211407 40.62071105405378 23.33198440975216 6.118367702766997 11.366659451432115 28.63007278566836 45.92248670564169 63.22010834881463 93.76763694016861 76.74308491577575 59.87774967762506 43.357827546690274 27.80593446991514 16.283465632316673 18.863854148473195 32.33034507629564 48.30496776982428 64.96307481019063 97.07165592466745 80.72887037522014 64.88531494040654 50.017668204564984 37.31138734015774 29.685376413940112 31.12897324700513 40.688006008774785 54.2284440628841 69.45965672887817 102.22967614319332 86.83572767005398 72.30964693516327 59.2927567604193 49.002872295689144 43.42391630104295 44.36999036931734 51.4826194805609 62.69711872550316 76.22402383079228
