0.0 74.43228310764857 65.77288591895505 73.47287925926565 45.39157994174483 28.269605897124638 25.334069605385015 45.959943956796316 78.21256437352505 39.88169480517401 47.466509935404304 72.10131209440293 48.58865340957401 59.80575375315538 65.75092237569613 56.673846190933766 62.13776117162503 75.60147484965155 32.695989259626955 75.80400409696541 8.572566909953172 61.53368594641224 47.622906729155254 38.93320934338664 37.5499345056796 26.37646718286866 18.114715746976437 48.154048836304355 68.98957235011022 51.967420020393256 90.12335771822684 39.52531744509596 60.91189906441033 74.42655822904354 61.29268841839942 37.241616754448216 53.03201396335984 67.02383215145726 34.9505938125066 70.93810883808102 95.24553630636534 60.645618795682736 26.056177041850027 8.649395069197357 43.19206059210238 98.97993570134587 66.30640706053462 37.294665160786515 27.9300012242929 50.63712446577675 110.01658378736023 81.74324772738086 60.457130780036 54.98151552457543 69.17850613489962 126.45727800104487 102.63535717330194 86.4367496055242 82.48229254978445 92.35836317662232 146.49296331245563 126.30317584493551 113.31113411788381 110.09519048097769 117.46108200626709
74.43228310764857 0.0 10.883978259720601 3.297594523102544 42.47296963328029 47.925444536021985 53.94944483862648 52.53064828591626 4.398344238149306 35.62433965277965 37.08198874041876 46.8442621525209 66.08173566480288 70.00295399272946 69.17619448879047 30.80423843221446 18.476181388411504 14.852115323386188 44.203013138018214 38.79452518238866 66.04556541771427 13.820239712871365 33.95326569675892 36.7977617460609 40.736601477674625 49.616663815758365 57.89970874708618 57.67955317386463 37.94451200499542 28.90333333238921 53.76617545288159 52.15121034659831 72.10653038575083 2.4762719482320708 72.80811494878797 50.99445489028095 28.943866546095485 19.215500640813637 45.741269427017166 33.50891268393402 86.90237789881499 69.11465552755496 66.30549466784638 80.06729874391935 104.01873255347496 68.07543466014005 43.426550232964075 39.14451340623677 59.779158561212114 89.4965355196243 57.57028634162899 24.04280690405616 15.38271851999386 47.85449054353847 82.08732711047035 59.93594767435476 29.214455202338158 22.57207009083705 50.599996935726836 83.70226052955336 73.94720278198473 52.07814302049469 48.4859589231516 66.2152134795147 93.87668416553014
65.77288591895505 10.883978259720601 0.0 12.237946020929767 31.593086576321237 40.819416670025596 47.39160151137619 41.66586628135359 13.279350241180742 28.954591911582586 34.33247094222921 50.47989474124274 55.25211869397456 59.507800732704176 59.0417199034796 20.160218568356814 7.849373018571787 12.237016749918002 34.372792592692235 43.9925333426869 57.25158030993695 4.443391911771787 30.696854091804944 30.201575416029453 30.521783162251626 42.32883156936502 50.21543210180566 46.86033410599623 41.51212553571519 26.42060227653115 60.31103374780061 48.57259260967064 61.62520398269828 9.648605285681766 62.331255395913324 46.85102262722044 26.99325411728544 10.515487721655003 35.33895289200066 37.91200592420797 90.6079978863065 68.9251983135192 60.71522569758191 70.82920505395913 93.49864134205836 74.4965358802068 45.98953452340084 32.78984728788813 49.29649335214944 78.61264402349445 66.9568308214514 32.53175803534275 5.3167041643946575 37.323898249805545 71.78254239740123 70.78361549063466 39.75647763071943 23.359764502597436 43.65344744781558 75.23571055587091 84.44532448585338 60.67778877633379 51.25795645503901 62.99019745596223 87.76647809321808
73.47287925926565 3.297594523102544 12.237946020929767 0.0 43.45325899941628 46.49120319043433 52.29480195620674 53.7250284182444 7.235502990574361 34.18060614962424 34.600827345125545 43.5521697410508 67.37461274956313 71.7411571371514 71.17424592161376 32.398163769688026 20.073876041023027 17.99737538415287 44.0001526198702 35.51139250022297 65.17556691244778 14.259013533045392 31.620314566229418 35.31353994610142 40.82254637186828 48.23204277238263 56.60655014366172 59.003073959091914 34.66073207652832 26.48372284439158 50.60318891722023 49.729078448591345 73.8570921173899 5.694507917448668 74.56263156401326 48.70569604006176 26.412261879878095 21.56816942431478 45.94962888239523 30.211820003265245 83.60478377576027 66.06992977828995 64.30776234610398 79.37580173788213 104.21288034576506 64.91193856418974 40.181118752940755 37.554168473645085 60.00782919532918 90.4786952198881 55.101005039635375 21.16347404301077 15.95362217722002 49.55801688316913 83.97814932473536 58.80059550124631 29.41790950253401 25.848832668196874 53.532758977529326 86.36084645032865 74.01150953974457 53.544940925350986 51.49003867367046 69.49959493554243 96.97406631893887
45.39157994174483 42.47296963328029 31.593086576321237 43.45325899941628 0.0 33.33760149873222 39.73476453937357 10.687649673594997 44.516548050670984 29.664573548737668 43.384577808003876 69.46202542428635 24.382132923209504 31.206647419987792 33.23544516844408 13.596276763395034 24.43321287538247 36.19694404852124 15.772024847835441 66.73211179501958 37.43104760926368 29.278245496670458 40.15226430892317 30.313726689338438 11.711753671388715 33.48603719146302 37.101539371350185 16.36005175580985 61.7474920921581 39.85328753203055 83.98908437981913 50.59943063859609 33.30049170969401 41.12474266049449 33.99954721376964 47.647106277206596 41.226672292120966 26.807643888132187 10.950899027180707 60.22141650851052 106.2664213941222 76.67018750740637 53.46863387288195 47.26821114253453 63.28099700409101 97.11939177681067 63.52197922481988 32.13650432779678 20.623177655716635 47.039594846322416 95.6719742374138 61.30707303130824 27.5470612276052 12.40873846792341 44.090427849355756 102.25174564476416 71.05546859637855 45.13499322312827 37.68664850570389 56.552870878799794 115.49450270755973 88.91532454130734 69.76863418080822 64.9935557545893 77.30093700152167
28.269605897124638 47.925444536021985 40.819416670025596 46.49120319043433 33.33760149873222 0.0 7.025342351349218 40.38858042246511 52.02538117950368 12.3147653059635 19.965384645353353 46.84743245853314 50.3678374578734 60.54297308850829 64.445230484114 38.76691147839252 39.39467683905203 52.17397224100277 17.882762284987717 48.813381836025805 21.03094641522417 36.379426364894364 19.523267425543555 11.18160086127228 21.66613658870403 1.8940170364853208 10.341651476728899 45.287101522872916 42.166109535801965 23.702115564500012 64.39862263658897 18.654734789054547 62.353536751108884 48.347241330031565 62.96155976279181 15.544640862269004 24.789195210968057 45.03619180353795 23.652232802696854 43.43010431883558 77.44096092665131 45.02165887003082 21.251899331509414 35.653650622813004 66.9743868949429 74.98184585921085 40.68866773730011 9.149398957897732 30.111603504866515 64.22273098567452 82.69036618171648 53.47730639819199 35.7320284258873 45.700802258993704 72.76797863395582 98.2002611465273 75.0975668620034 63.48837407906128 69.40229516609263 89.4279561509733 118.48586701646019 99.97437164842758 91.3539293437059 95.3461952329896 110.59360108937659
25.334069605385015 53.94944483862648 47.39160151137619 52.29480195620674 39.73476453937357 7.025342351349218 0.0 46.03605345883428 58.14652704825054 18.49507131626977 22.347250282180173 47.0921322727591 55.026627626016996 65.5859721984936 69.87691339875548 45.74999390275538 46.30383151070423 58.937538470344506 24.020579401518187 50.469967146208184 19.6956182537467 42.94914221495578 23.047058817255884 17.2683950698901 28.200706835681327 6.306176395257022 7.923557612090958 50.62710568254476 43.65730259657692 27.875709675699113 65.03365883818118 15.66129653831216 67.30390117009888 54.53592095183994 67.88178967664561 12.818844520879818 28.737133550420175 51.97866668725002 29.55244051994071 45.67024164218703 74.47766458971245 40.956436058833255 14.240348653198298 33.511134689252934 66.61873242413037 74.59172456440925 41.161587972890764 14.81477946948381 33.75691740057435 66.74152882121527 84.68634856494181 57.33549938063176 42.400008892989774 51.99020512052623 77.47916824515187 101.83509897745222 80.35289533077477 70.26767338556698 76.24474926276423 95.30863228778037 123.1242127293092 105.83845929085278 98.17663960276577 102.32395154123824 117.03159808137087
45.959943956796316 52.53064828591626 41.66586628135359 53.7250284182444 10.687649673594997 40.38858042246511 46.03605345883428 0.0 54.24180861521017 39.00461431912864 52.97995705164224 79.63302017580484 13.739644420400733 21.045814248894175 24.11833292098879 22.22703047356017 34.1639389154538 44.7303372031783 22.63630834543383 77.25162280775606 39.05965789857085 39.683894195091256 49.95541888839089 39.47946927551228 20.182128410768538 40.113174668389476 41.812975094329516 5.7240752855106205 72.11824680350468 50.08582747567853 94.49731599432954 58.597052309085285 23.074951433360205 51.01599707862682 23.75541145232252 55.53986561774305 51.48103011155135 35.5659033667002 16.775540649904933 70.75517263465362 115.64349228331868 84.97857161254689 58.85670013278274 45.84406025477402 55.982655923341625 107.48850558227616 73.61012442712017 40.963031793787586 18.230126144301835 37.1692479713593 106.35252678307882 71.95668924131999 37.941045224207635 9.804759640738412 33.87619109813721 112.44854200629095 80.61833292002667 52.42884440538653 37.3239731136665 49.317353265207025 124.72027215864986 96.8660199981838 74.87106830109875 64.98537839539334 72.35532766391268
78.21256437352505 4.398344238149306 13.279350241180742 7.235502990574361 44.516548050670984 52.02538117950368 58.14652704825054 54.24180861521017 0.0 39.75297795336524 41.479970211399504 50.423053898671775 67.6058933251062 70.86928015842852 69.62558913425411 32.15403368409608 20.115352772475113 13.182036041491163 47.462067558848986 41.999453187073236 69.77358102233129 16.954270198956024 38.34729387635869 40.942602802771965 43.75341376423326 53.68839062807859 61.909883719254715 59.19379131923705 41.61358314218804 33.301638983711165 56.33203492822821 56.54863665596579 72.94738556346623 3.7971100721105975 73.64079676288188 55.38071754637262 33.338401119784066 19.5699240736505 48.61306225468477 37.01654524557275 90.30174238078791 73.3054326605452 70.62384343542028 83.64524546853907 106.7711849675072 70.61253008677238 47.27049175266856 43.33231777840876 62.57555853450046 91.3702997446267 58.44369593004387 26.047149594774375 18.33284533731308 48.87313415797568 82.67964728229487 58.677959129998044 26.563873866669404 19.053245880256306 49.14532774316669 82.83930574280588 71.19297521667046 48.125398826703474 44.25479745943834 63.21185789206738 91.80310262451533
39.88169480517401 35.62433965277965 28.954591911582586 34.18060614962424 29.664573548737668 12.3147653059635 18.49507131626977 39.00461431912864 39.75297795336524 0.0 14.029149617087219 41.42839831030589 51.174358384365604 60.0333066785933 62.765502433182604 30.780802347509542 28.594987776951637 40.7002777861611 17.826494743992527 41.03039175492583 31.98580460130079 24.520343252406267 11.398170890622147 1.2523225949137533 18.84785704964446 14.054933033998624 22.475483668046614 44.5477134830558 34.94474840099794 13.535457703891021 57.74010232846836 22.366227707865082 62.033151536322336 36.10123846552374 62.701730730141726 19.841022709708675 14.888544637695151 34.38441434382864 23.177427643248183 34.967223461733454 76.68928725366125 47.43582805878585 31.84184776355836 46.609904911320406 75.66966158196622 69.74160156957711 35.24409147994707 3.905777583510734 34.397940815523455 68.89147759841386 73.74909428253075 42.56644714369908 24.07735360690431 41.741807704696235 72.8002821666141 87.21426300005095 62.923719172246734 52.03135959498386 62.04781633388298 85.94999607545473 106.6112724441539 87.66127368517579 79.98601762532475 86.63576483249446 104.92129002443392
47.466509935404304 37.08198874041876 34.33247094222921 34.600827345125545 43.384577808003876 19.965384645353353 22.347250282180173 52.97995705164224 41.479970211399504 14.029149617087219 0.0 27.74095732506758 65.194375712414 74.02177086689393 76.59709122065105 42.43534146601471 36.934680257005795 46.543903868675855 31.695367750874656 28.85217471845789 40.84078164862731 30.44420875804442 3.797609247959906 13.745789988473758 32.8601065276797 21.763853234465373 29.410619675022215 58.55228311376812 22.250491702350757 8.200045940722147 44.74873086884401 15.146981847620527 76.03231768177464 38.426374427470364 76.70398125127204 14.462118980401854 8.2016088532762 42.5541057552611 37.17643840340981 23.541194755957758 62.89175814098698 35.52037575624541 31.029981313174932 55.30697226755219 86.88901781505976 56.11672630701455 21.513092665656284 13.091743823727828 47.69516508338563 82.29895627526 62.777534332353596 35.31960438072083 30.8020967322387 55.18063922581625 86.80942230021094 79.56835788781446 60.13015930684273 57.40157932170474 73.27372877257719 99.18634036922684 101.58378230872141 86.98943827076369 84.91039646428014 96.16186354168495 116.95789021754597
72.10131209440293 46.8442621525209 50.47989474124274 43.5521697410508 69.46202542428635 46.84743245853314 47.0921322727591 79.63302017580484 50.423053898671775 41.42839831030589 27.74095732506758 0.0 92.37986972442344 100.6030238513484 102.526917917968 65.37414886559289 56.28023588836765 60.83233915572033 59.25191521965683 10.154475321706455 66.72978377408064 48.30955572303326 30.040811412742638 41.33258974491614 59.88775236094635 48.464551510304624 54.93308774562325 85.31587048846158 9.000142976533807 29.610225965460344 18.045255562917667 32.85761337135786 102.66961914647442 49.14259603840813 103.35909221032458 34.88452981616056 28.2464507888427 60.79482859310233 64.53557652646036 13.425196382075706 40.218172426393686 29.0459079290179 49.645409673670656 80.50159747360628 113.53935991188959 28.37591148232238 6.229527124679137 40.83229211809311 75.43606277313911 110.03989035565472 40.03797876671135 28.798190468029276 49.50222870902376 80.4142049780852 113.47800191626509 63.33244149214504 56.70278579186359 69.38447615601498 93.85092961196365 123.27441051106628 89.60429938676133 84.83089749502386 93.5860315458614 112.76135356804215 138.08190988792083
48.58865340957401 66.08173566480288 55.25211869397456 67.37461274956313 24.382132923209504 50.3678374578734 55.026627626016996 13.739644420400733 67.6058933251062 51.174358384365604 65.194375712414 92.37986972442344 0.0 11.255033324281907 17.27549871991039 35.45327714310102 47.63663150139566 57.42472648444143 33.701637198029246 90.51107699588637 43.51257744430393 53.395171962816164 62.42792797066761 51.47578861654311 32.4921578762931 49.69832926003933 49.38936180659845 8.413071135315791 85.16281746617189 63.03983424214803 107.71589261082505 69.00201331828441 12.589695978194525 64.48449409782262 13.081761920069537 65.89433461918703 64.45279613892923 48.53492306813581 28.034849479349816 84.04804506785537 127.2172957141123 95.38867392374503 66.39710615874283 45.96705462044268 47.03384235238127 120.46611620452789 86.26833409473718 52.60432902236174 22.069323661087722 24.530477216779932 120.0450460511684 85.6848000292242 51.65083164363696 19.712519926477235 22.45462209054025 126.017577850326 93.79756583946421 64.11209232099905 42.63286293213516 43.81307131606465 137.55308544136238 108.67583361414547 84.23056459270911 69.09345061721187 69.62605499033994
59.80575375315538 70.00295399272946 59.507800732704176 71.7411571371514 31.206647419987792 60.54297308850829 65.5859721984936 21.045814248894175 70.86928015842852 60.0333066785933 74.02177086689393 100.6030238513484 11.255033324281907 0.0 6.782507727053057 39.361793638878474 51.667545381764526 59.40295090903351 43.229797572360454 97.89288724750126 54.75191676133962 58.40987288220203 70.99777993766435 60.4818180280013 41.190819872533304 60.025526130846416 60.28527440989603 15.509708179571708 92.95358778243495 71.01400414962153 115.15175606662322 79.05382730202624 2.1339197942352057 68.12779265468792 2.8452263923140793 75.96228346388617 72.39773947161301 51.31624652716697 37.38150356833924 91.3738554685079 136.6148813066773 105.48442202413258 77.36343693239219 56.90377887140886 53.719450097558784 128.32603130143553 94.61031925612346 61.882930128965896 33.20728692606453 27.76316086112311 125.85550074345083 91.26295404210049 56.68421969025873 22.1839809682916 12.88454615492161 129.53675981292724 96.23119014015695 64.31133776928604 37.5005436413241 32.73331299203426 138.88128572850442 108.37713945512859 81.2279872243068 62.00932337191548 59.05180088574916
65.75092237569613 69.17619448879047 59.0417199034796 71.17424592161376 33.23544516844408 64.445230484114 69.87691339875548 24.11833292098879 69.62558913425411 62.765502433182604 76.59709122065105 102.526917917968 17.27549871991039 6.782507727053057 0.0 39.200369104421995 51.21407506166475 57.550971426872735 46.75251998016225 99.17835783852769 60.29164345079231 58.44623778853634 73.38768619498181 63.32888984071922 44.11398909173071 64.09031635871548 65.04824505961419 19.25368871980902 94.57672846512956 72.93834664040487 116.39983580246493 82.71496707940251 7.1083642389229285 67.15175137649435 7.352651226353532 79.65576582978389 74.28696345227138 50.103978026509 40.88669307317815 92.65490038618712 139.4470421115376 109.09455355397492 82.1739095142738 63.23185056836177 60.322203054297354 129.8579073425828 96.65908897024012 64.94395795735093 38.56540787044043 33.93668381303321 125.89179547057655 91.31253919943768 56.76327649018982 22.383328514338206 13.2216234817962 128.07240150381102 94.26919185191083 61.36501124780692 32.24115764972729 26.611340743316134 136.1044887783467 104.82866980688543 76.4752992537286 55.70184930150252 52.45687632565902
56.673846190933766 30.80423843221446 20.160218568356814 32.398163769688026 13.596276763395034 38.76691147839252 45.74999390275538 22.22703047356017 32.15403368409608 30.780802347509542 42.43534146601471 65.37414886559289 35.45327714310102 39.361793638878474 39.200369104421995 0.0 12.347361458016971 22.720507217660945 24.315110588405158 60.817322779656 48.28977463541641 19.24589976725327 38.7308027314987 31.827992819971566 19.33222717040304 39.540684604771656 45.268297722464226 27.042494317873643 56.88198410336385 36.677189479063394 77.86981827411785 53.14368696648819 41.48323918597148 29.090777387226854 42.19066728926793 50.550270244755524 37.847257530987626 13.404471073141286 21.925622281485964 54.35189936650883 104.2662700650251 77.70173194121793 59.9871085609884 59.616585069514905 76.84146805092757 91.6690819154474 59.93334942732253 34.28745489604578 33.97190234059618 59.391818710602266 86.7177431009325 52.12359661069987 17.567755828183746 17.182465833862892 51.73685906116174 90.67383745246272 58.414024399855315 31.583105878858145 31.26703999074261 57.90167428556916 102.51104281593018 75.35219450807736 56.940227269533366 56.579348649115104 74.532226944875
62.13776117162503 18.476181388411504 7.849373018571787 20.073876041023027 24.43321287538247 39.39467683905203 46.30383151070423 34.1639389154538 20.115352772475113 28.594987776951637 36.934680257005795 56.28023588836765 47.63663150139566 51.667545381764526 51.21407506166475 12.347361458016971 0.0 13.46889241622091 29.73894298845889 50.56990600203133 53.56542595186246 8.043606505475136 33.14695698611974 29.828132323606724 25.32310940204355 40.66232397614277 47.911878805863964 39.22769286527903 47.44564451120984 29.725078736862958 67.25301496670484 50.01083852028112 53.78322034672655 16.85678967614916 54.488761533121426 47.89729065766446 30.600946055523522 5.803803500061493 29.63313627503767 44.28161091356305 96.07989985545736 72.32900234716668 60.21964613281842 66.4538242453247 87.18141722515556 81.31740037890071 51.348940821922675 32.49218519678023 43.23892610463752 71.26220329763188 74.72536454529791 40.218444708668954 6.783846152012294 29.48511366643582 63.93416436231144 78.39315962146763 46.62586997178241 24.43970713784153 37.62273353551131 68.03296356647672 91.08956911343832 65.62032593397872 52.05330469501901 59.22725440262088 81.85957841614149
75.60147484965155 14.852115323386188 12.237016749918002 17.99737538415287 36.19694404852124 52.17397224100277 58.937538470344506 44.7303372031783 13.182036041491163 40.7002777861611 46.543903868675855 60.83233915572033 57.42472648444143 59.40295090903351 57.550971426872735 22.720507217660945 13.46889241622091 0.0 43.183963420096525 53.318954874324994 67.02891710907218 16.42410778893473 42.92633162543764 41.95258070974957 38.684955351980186 53.56095733767941 61.087443253506486 49.120299781854975 51.841025651942246 38.56746217970123 68.59804304407847 60.79680790214395 61.42368409953903 12.375846625814484 62.0989446042075 59.034081839424985 39.06930356316809 9.399017892938458 42.7655204714601 47.72059462618689 101.04095502034578 80.86058387268363 72.54201817199284 79.88119754628228 99.47068907963795 82.90728931314025 56.86312570285108 44.58729453524626 56.01298000960376 81.74164392160189 71.62570421380138 38.807862395520615 16.63453760472347 37.97649900963532 70.72884906998644 70.56375042005867 36.82985760056841 11.33515951530354 35.9914596043652 69.69315877828363 80.12884223753613 52.76919862314349 39.28573988016509 51.93240281855758 79.02786620373011
32.695989259626955 44.203013138018214 34.372792592692235 44.0001526198702 15.772024847835441 17.882762284987717 24.020579401518187 22.63630834543383 47.462067558848986 17.826494743992527 31.695367750874656 59.25191521965683 33.701637198029246 43.229797572360454 46.75251998016225 24.315110588405158 29.73894298845889 43.183963420096525 0.0 58.54316125864382 24.18128350115117 30.514618372768144 29.223900481525124 17.957342255137092 4.985105053574403 17.833854610147352 21.554127060600948 27.777365453776003 52.65165185014912 30.745782775705457 75.44053380800275 35.96342841723357 45.13387734987286 43.688993418021234 45.773076531509204 32.90363767276678 32.16139560908899 34.391076475782874 5.872497475968603 52.30320285374086 93.54892737655446 62.36102956499148 37.69916832984196 36.7204257449548 60.58370350851773 87.56685587410085 53.060407891764086 18.913313459653256 17.171891824617052 51.25317759983707 90.38379158264134 57.55063775342142 29.150751337763715 27.969643799885503 55.76450410468379 101.26795997814612 73.3408245711369 53.827108242545364 53.01549602054864 71.54531611830032 118.00739235170902 94.95098804582557 80.62486782534967 79.87353876956053 93.02649505476441
75.80400409696541 38.79452518238866 43.9925333426869 35.51139250022297 66.73211179501958 48.813381836025805 50.469967146208184 77.25162280775606 41.999453187073236 41.03039175492583 28.85217471845789 10.154475321706455 90.51107699588637 97.89288724750126 99.17835783852769 60.817322779656 50.56990600203133 53.318954874324994 58.54316125864382 0.0 69.5791370444175 42.531433206354855 29.97706263264545 41.242380923446454 58.32714104245064 50.5971933876763 57.96991117146044 82.9756910839448 6.840009767577817 27.805405063161807 17.25897653540633 38.023970097383476 100.00149743149885 41.20077733654252 100.70460441959973 39.41249493763937 26.386292825420888 54.49785105390049 63.334283386065614 6.525543367574146 48.38529165020869 38.8819835772636 55.47347190204557 83.89057611864887 115.72716481327747 30.85517347328416 11.638571367934684 41.39714125878649 75.41115708417686 109.79441820297271 34.24604438558417 18.819702351776016 43.936532368991244 76.82125093986778 110.75846854495767 54.803041502038205 46.5614724164447 61.052275839892836 87.6447509675056 118.450988483525 80.27255391332552 74.67744838142158 84.28822495627212 105.00968345195956 131.69778870483145
8.572566909953172 66.04556541771427 57.25158030993695 65.17556691244778 37.43104760926368 21.03094641522417 19.6956182537467 39.05965789857085 69.77358102233129 31.98580460130079 40.84078164862731 66.72978377408064 43.51257744430393 54.75191676133962 60.29164345079231 48.28977463541641 53.56542595186246 67.02891710907218 24.18128350115117 69.5791370444175 0.0 53.0362913775778 40.5527511893182 31.121379803062396 29.074315730841537 19.163235376072254 11.799842612266927 41.899738452786146 62.840457995249814 44.58548301760236 84.60878838028346 35.05533568851444 56.07045608111429 65.9823696237518 56.52103791759269 32.39696894562531 45.73137387641575 58.46632578560854 26.758446176410693 64.37545034189849 92.86548866863326 58.53458631032802 24.9689675575788 14.67833862605689 46.928782706535955 94.28176562108133 60.736430962102524 29.725820696501376 21.752757043984836 49.57406695888298 103.61785084015341 74.29360892432435 51.934900117417996 47.641784008616106 65.09268412909825 119.02401532677548 94.43554134037765 77.87280093763898 74.86668952488237 86.83671857206937 138.48836238610514 117.83171142916234 104.80576416343297 102.36617836417828 111.21182955225123
61.53368594641224 13.820239712871365 4.443391911771787 14.259013533045392 29.278245496670458 36.379426364894364 42.94914221495578 39.683894195091256 16.954270198956024 24.520343252406267 30.44420875804442 48.30955572303326 53.395171962816164 58.40987288220203 58.44623778853634 19.24589976725327 8.043606505475136 16.42410778893473 30.514618372768144 42.531433206354855 53.0362913775778 0.0 26.74190300452595 25.768498969309423 26.92593095027012 37.89575069495275 45.81468577135184 45.07950108032144 39.44256796953392 22.736628936467515 59.26320309241296 44.41885112223347 60.54082959875399 13.174915548924965 61.25119435117153 42.61513446000318 23.441212580570554 12.687516153608039 31.92232064832456 36.23808629662649 88.21726763562116 65.4120400050626 56.30253767560902 66.75334166200346 90.20439900485265 73.29752022182244 43.4868539905009 28.364151895818104 45.965012772446244 76.26190614582234 67.49840284674443 32.89548651279621 1.7453058681911522 36.31574817956341 70.91879477767087 73.02641104559343 43.032557864643444 27.669202594141684 45.543472834490835 76.01098915993339 87.76644606459682 64.80838189087595 55.60663005972694 66.17296944622252 89.7798423853433
47.622906729155254 33.95326569675892 30.696854091804944 31.620314566229418 40.15226430892317 19.523267425543555 23.047058817255884 49.95541888839089 38.34729387635869 11.398170890622147 3.797609247959906 30.040811412742638 62.42792797066761 70.99777993766435 73.38768619498181 38.7308027314987 33.14695698611974 42.92633162543764 29.223900481525124 29.97706263264545 40.5527511893182 26.74190300452595 0.0 11.39817089062214 29.964513578164286 21.39984842676708 29.512128361497616 55.578882278827315 23.68358700870825 5.223181367200329 46.44610147269571 18.230326397836635 73.02981672464283 35.17691829092811 73.70844191380824 17.08738971884197 5.7760549888921116 38.77944233739694 34.50710156847591 24.190503946708546 66.24703309440325 39.31375701551025 33.12565058797528 55.171379378281735 85.93770195427581 58.343448490941554 23.872601197216344 11.432340100898186 45.676579541378786 80.23001709565658 63.376217043813895 34.30544569387019 27.05595436095224 51.78830054383058 83.8264506258725 78.90751001622912 58.020895195635106 53.86328043313892 69.50454112042674 95.68337917468321 100.16677379645208 84.48939410423733 81.47550989626681 92.37307813259221 113.23443939986153
38.93320934338664 36.7977617460609 30.201575416029453 35.31353994610142 30.313726689338438 11.18160086127228 17.2683950698901 39.47946927551228 40.942602802771965 1.2523225949137533 13.745789988473758 41.33258974491614 51.47578861654311 60.4818180280013 63.32888984071922 31.827992819971566 29.828132323606724 41.95258070974957 17.957342255137092 41.242380923446454 31.121379803062396 25.768498969309423 11.39817089062214 0.0 19.29792393342832 12.953572020604797 21.406623391172182 44.980657073723535 35.05782459567467 13.992807734690285 57.836570518450706 21.321776181991645 62.46705055122839 37.30117537560657 63.13095058655996 18.74075015914401 15.305673869152557 35.61451978486242 23.4448739986315 35.260224053947816 76.16824367095768 46.59660781351115 30.589579829658597 45.77157357388042 75.16107715658653 69.68200097968283 35.12709177460292 2.6642395698716244 34.28028658525401 68.83336548640008 74.17516673406664 43.293764019042094 25.329556817364498 42.46957378009221 73.21601428845982 87.98117243337902 63.97280221377572 53.28368167693371 63.09184284310788 86.69953358194529 107.57159171977054 88.81606650062619 81.23832003486831 87.78245990575303 105.86113801712881
37.5499345056796 40.736601477674625 30.521783162251626 40.82254637186828 11.711753671388715 21.66613658870403 28.200706835681327 20.182128410768538 43.75341376423326 18.84785704964446 32.8601065276797 59.88775236094635 32.4921578762931 41.190819872533304 44.11398909173071 19.33222717040304 25.32310940204355 38.684955351980186 4.985105053574403 58.32714104245064 29.074315730841537 26.92593095027012 29.964513578164286 19.29792393342832 0.0 21.910748632213185 26.36010027082739 25.700008892229604 52.771207830085814 30.6437351379396 75.44053380800275 38.97243910337237 43.18607095352164 40.024250619012335 43.854056177297345 35.99224499496262 32.063816110218404 29.725541335361694 5.318068787705066 51.94054727862521 95.46188876877052 65.17012895209686 42.144339496211416 41.23070627344088 63.39261055011575 88.00885181697046 53.78008451680494 20.83001187573459 19.244056498459745 51.977210755810404 89.23487236220876 55.7458967217774 25.440043125967506 24.11710646942857 53.95296184584362 98.81737251184641 69.95038152931829 49.15335454540879 48.310063879583396 68.16513700623314 114.6799321489972 90.82151500602718 75.76514310025595 75.01276426950142 88.92818041069378
26.37646718286866 49.616663815758365 42.32883156936502 48.23204277238263 33.48603719146302 1.8940170364853208 6.306176395257022 40.113174668389476 53.68839062807859 14.054933033998624 21.763853234465373 48.464551510304624 49.69832926003933 60.025526130846416 64.09031635871548 39.540684604771656 40.66232397614277 53.56095733767941 17.833854610147352 50.5971933876763 19.163235376072254 37.89575069495275 21.39984842676708 12.953572020604797 21.910748632213185 0.0 8.485553246882008 44.87754602569128 43.927368854228675 25.596121323746395 66.08301832237208 19.526777486214424 61.80174965091488 49.99380778334906 62.39880522489321 16.431538474461508 26.682178839241228 46.255136908721724 23.477983917610974 45.258735556644474 78.48852120239444 45.74174751425529 20.469833307509166 33.77229323865072 65.24544896379024 76.53090926723182 42.327619217377254 11.005797409748935 29.07715180916022 62.96575966925546 84.51711197001413 55.371240711843775 37.1972384590232 45.78343553309059 72.13487061394369 100.09425978062498 76.91082637061176 64.85724588288264 69.94585215660334 89.29252423165444 120.34937266932896 101.68267622529922 92.67927772969452 96.09483406130295 110.7866078620882
18.114715746976437 57.89970874708618 50.21543210180566 56.60655014366172 37.101539371350185 10.341651476728899 7.923557612090958 41.812975094329516 61.909883719254715 22.475483668046614 29.410619675022215 54.93308774562325 49.38936180659845 60.28527440989603 65.04824505961419 45.268297722464226 47.911878805863964 61.087443253506486 21.554127060600948 57.96991117146044 11.799842612266927 45.81468577135184 29.512128361497616 21.406623391172182 26.36010027082739 8.485553246882008 0.0 45.8736954492225 51.19573672897799 33.93017462011595 72.8285475133682 23.481469406560166 61.88020746615347 58.18413445545417 62.41900724505113 20.713196994590685 34.961528301952676 53.32776126415764 26.276344563718105 52.932027380573274 81.97459058813435 48.053532688846445 17.126059192356948 25.929003083393013 58.704138663149344 82.51010183814056 48.95320333165406 19.48756091071857 27.531139585753824 59.42231875597431 92.10577116026204 63.69126784567908 44.994439411954936 48.85938002456593 71.72723272805499 108.3808385770188 85.37875132425403 72.30083581508237 74.56571074090937 91.03534617704426 128.8275183968909 109.97768549167594 99.94155531244843 101.37158880477915 113.83648326068588
48.154048836304355 57.67955317386463 46.86033410599623 59.003073959091914 16.36005175580985 45.287101522872916 50.62710568254476 5.7240752855106205 59.19379131923705 44.5477134830558 58.55228311376812 85.31587048846158 8.413071135315791 15.509708179571708 19.25368871980902 27.042494317873643 39.22769286527903 49.120299781854975 27.777365453776003 82.9756910839448 41.899738452786146 45.07950108032144 55.578882278827315 44.980657073723535 25.700008892229604 44.87754602569128 45.8736954492225 0.0 77.83310934329542 55.78734370172485 100.22128410216921 63.68969801148702 17.48705140311175 56.07308678819795 18.15404732001394 60.6102289994256 57.1850467919392 40.16382540450847 21.91274599876185 76.47898591461977 121.10526068263697 90.11153465381817 62.996074399556385 47.02907933397694 53.38328781686397 113.200805487055 79.27836547731086 46.37395437866612 20.270066578086958 32.65049916874448 111.96704810192703 77.52297408348328 43.33423593909515 11.863951355002166 28.257804634494647 117.61416834835671 85.40703338873453 56.12894272062167 37.43505273619552 45.24528969957576 129.24305083162207 100.69078821069864 77.25462314606165 64.75100070611232 69.36772100133727
68.98957235011022 37.94451200499542 41.51212553571519 34.66073207652832 61.7474920921581 42.166109535801965 43.65730259657692 72.11824680350468 41.61358314218804 34.94474840099794 22.250491702350757 9.000142976533807 85.16281746617189 92.95358778243495 94.57672846512956 56.88198410336385 47.44564451120984 51.841025651942246 52.65165185014912 6.840009767577817 62.840457995249814 39.44256796953392 23.68358700870825 35.05782459567467 52.771207830085814 43.927368854228675 51.19573672897799 77.83310934329542 0.0 22.131406107424798 22.797101707821213 31.258929264048327 95.04362904321381 40.21545218944227 95.74073962561206 32.588567140103436 20.71438290721018 51.86299242411058 57.64654736322268 5.105886564399818 49.21771337063189 34.667256748240135 48.74510081175312 77.10500500783849 109.12886658418962 35.375456810948556 6.449932040899268 35.023333657936945 69.32906876716665 103.83284282983732 41.08361530869178 21.772411171290454 40.68239697537688 72.32511357111886 105.8377615793285 61.08747788780413 49.991026926060805 60.50893208410089 84.96095703697412 114.76150420520071 85.92296574253244 78.20921014900858 85.11955825890227 103.77250107244727 129.17762534540077
51.967420020393256 28.90333333238921 26.42060227653115 26.48372284439158 39.85328753203055 23.702115564500012 27.875709675699113 50.08582747567853 33.301638983711165 13.535457703891021 8.200045940722147 29.610225965460344 63.03983424214803 71.01400414962153 72.93834664040487 36.677189479063394 29.725078736862958 38.56746217970123 30.745782775705457 27.805405063161807 44.58548301760236 22.736628936467515 5.223181367200329 13.992807734690285 30.6437351379396 25.596121323746395 33.93017462011595 55.78734370172485 22.131406107424798 0.0 44.81677378141817 23.257001372251008 73.08791190849207 30.226720345926925 73.77997504693309 22.266990034258434 1.4226131961577468 35.16299755334822 35.56532990393377 21.570542983626083 67.60679244983633 42.6949954206302 38.33895301045869 59.25973706790495 89.15372113211104 57.439174140405925 23.730062396897356 14.893826229411125 47.701041090422905 81.998814902463 60.214174544834705 29.77593784481606 23.287611979308043 50.92019253325036 83.89437336411063 74.49915448933379 52.85183014646802 49.308390199548526 66.814131757477 94.29606844526674 95.24851961829218 79.26622927852067 76.73806725088788 88.82042599546818 110.83386859461407
90.12335771822684 53.76617545288159 60.31103374780061 50.60318891722023 83.98908437981913 64.39862263658897 65.03365883818118 94.49731599432954 56.33203492822821 57.74010232846836 44.74873086884401 18.045255562917667 107.71589261082505 115.15175606662322 116.39983580246493 77.86981827411785 67.25301496670484 68.59804304407847 75.44053380800275 17.25897653540633 84.60878838028346 59.26320309241296 46.44610147269571 57.836570518450706 75.44053380800275 66.08301832237208 72.8285475133682 100.22128410216921 22.797101707821213 44.81677378141817 0.0 50.89350952914683 117.26047197849114 56.23853303019383 117.96357869889994 52.92457527699715 43.394308503423304 70.81030253870492 80.38010729490912 23.779291399020067 38.14833347655129 42.53390486933343 67.51147677279548 98.49515035864644 131.29972774730788 14.309488466818909 23.87602419609985 57.70806559532966 92.11531018335644 126.62974823325013 23.904215246439044 30.550826523694422 60.74652697965214 94.03070840287559 128.0166151279875 50.54922990894481 53.84215593776326 75.08354028214231 103.78297277941412 135.27409214825036 78.46074244339104 80.41658225551343 95.77213513121629 119.46762573780562 147.53800151569055
39.52531744509596 52.15121034659831 48.57259260967064 49.729078448591345 50.59943063859609 18.654734789054547 15.66129653831216 58.597052309085285 56.54863665596579 22.366227707865082 15.146981847620527 32.85761337135786 69.00201331828441 79.05382730202624 82.71496707940251 53.14368696648819 50.01083852028112 60.79680790214395 35.96342841723357 38.023970097383476 35.05533568851444 44.41885112223347 18.230326397836635 21.321776181991645 38.97243910337237 19.526777486214424 23.481469406560166 63.68969801148702 31.258929264048327 23.257001372251008 50.89350952914683 0.0 80.89843556502173 53.40643770958626 81.5164427190213 3.1100984653274297 23.34830511399966 55.79188691605258 41.8328782573547 34.44609385229809 59.03308380091623 26.4306003406343 17.52424974213051 48.06738048857781 81.90664105142733 59.4791128870286 27.403488932037362 18.946967068157765 48.59911456133319 82.21684943339096 72.02927974751744 48.84926145493104 44.48709481441971 62.982306420906156 91.3742758942001 91.84861229046606 74.86240982091361 71.88427080935382 84.4101388276678 107.13332741785132 115.24509000352988 102.00567184569665 99.61699028779974 108.79611099097716 127.06023816810841
60.91189906441033 72.10653038575083 61.62520398269828 73.8570921173899 33.30049170969401 62.353536751108884 67.30390117009888 23.074951433360205 72.94738556346623 62.033151536322336 76.03231768177464 102.66961914647442 12.589695978194525 2.1339197942352057 7.1083642389229285 41.48323918597148 53.78322034672655 61.42368409953903 45.13387734987286 100.00149743149885 56.07045608111429 60.54082959875399 73.02981672464283 62.46705055122839 43.18607095352164 61.80174965091488 61.88020746615347 17.48705140311175 95.04362904321381 73.08791190849207 117.26047197849114 80.89843556502173 0.0 70.22256642882748 0.7113065980788735 77.80252547012128 74.47387589099081 53.38840493068837 39.29942999825947 93.48349172342873 138.5767357217478 107.32743865027628 78.92811377100917 57.74873033028291 53.24457927989777 130.41759469687182 96.66752577551645 63.83818934043999 34.653436240319884 26.856083387008436 127.98888796044021 93.39588568694823 58.81565908514482 24.302804621475904 10.808567888596187 131.60838517607144 98.25353783943235 66.19354020915365 38.78463938155061 31.964795605213723 140.81026183924618 110.17012111130633 82.71741129078103 62.78274824795915 58.617110371548726
74.42655822904354 2.4762719482320708 9.648605285681766 5.694507917448668 41.12474266049449 48.347241330031565 54.53592095183994 51.01599707862682 3.7971100721105975 36.10123846552374 38.426374427470364 49.14259603840813 64.48449409782262 68.12779265468792 67.15175137649435 29.090777387226854 16.85678967614916 12.375846625814484 43.688993418021234 41.20077733654252 65.9823696237518 13.174915548924965 35.17691829092811 37.30117537560657 40.024250619012335 49.99380778334906 58.18413445545417 56.07308678819795 40.21545218944227 30.226720345926925 56.23853303019383 53.40643770958626 70.22256642882748 0.0 70.9213430208671 52.13070865688927 30.366085906665912 17.08285121740073 44.922371329049966 35.843533412716226 89.2447586324912 70.9945998180106 67.16105268595234 79.84828318456512 103.12932265187426 70.54793746312608 45.60755472901973 39.72294027332223 58.91180091660005 88.08015643524053 59.885748417526344 26.49734608413033 14.586573471961273 46.02476715845277 80.11643120155202 61.58393047254463 30.108022620847958 20.37777850039522 48.15457386269666 81.34691394197488 74.8052978751316 51.89593791991781 46.74780789729131 63.81488934594182 91.400963063435
