0.0 56.73115904376086 50.66253823115146 38.16368329142668 38.690896283604104 35.73024384503551 1.2537722428380789 49.740062505881156 20.363646863996788 50.42565137744622 13.863268560371894 29.133877012054935 32.52058306573951 38.95582198550486 25.85860654561681 28.30295645146215 34.721962767999635 9.290780567603433 28.06726159917039 58.83017967926912 14.067843765918319 63.52049295226871 48.04436718182999 36.79904026492755 36.648596341428295 28.19646299302805 10.8286135794235 54.54848835017153 21.09203044120559 20.07100681881672 3.2931788549824943 87.12137443596059 31.311114296360465 26.840781947740442 55.77574860195823 40.85773677068443 25.548371359460493 12.435975180892745 22.72006576407257 57.45602776471284 72.29498893057261 43.49214218724099 30.844828021139097 49.05177239914905 79.09225822609807 65.41752439096167 30.873146979119234 4.658775694019577 38.537143863577356 73.09837893535713 70.1895525608041 39.929052607417226 25.63058659297801 45.98224080800651 77.24407902111655 84.66339723005069 61.76620274346946 53.45124163786171 65.52713273833096 90.14085354260018 104.8965065306938 87.26527153771663 81.37507296730685 89.57288504489787 108.7171804235704
56.73115904376086 0.0 25.469084266980676 18.81360522228784 79.91086799327694 21.05056155500084 56.27869282677747 55.26853245016155 49.09592287635585 38.058091007342924 46.46924926376182 34.16528680935353 61.9794795444727 52.75088733203919 46.38523361330018 32.06290576210106 50.1016924734618 47.63876833059383 83.77828377792622 7.506852408715768 57.14264602276574 7.461763122444662 21.32466853464361 19.932176063541245 22.76181113851688 29.69328548029418 46.08868974283583 62.72436207314572 77.60485879369047 51.940297060424314 57.86758550066845 76.67352901350968 61.79125862457125 45.02315708640092 52.234190232492885 90.51121231904088 47.803430312379824 56.9642113614168 78.97623436963603 6.800639116767386 128.95637611205586 98.16189486092753 70.96880399217913 53.21830093556237 54.978239758748515 120.41324586904632 86.74650633226483 54.27159844480731 27.580788457123774 31.15825482237446 118.06960738678798 83.4935913829202 48.95693535830536 14.738973555252004 20.797770731017124 122.28256723015683 89.29983099074377 58.229959608070814 34.66743994341236 37.52025325361836 132.42761732895116 102.6388748304601 76.98823944795468 60.94608268828097 62.421523317017325
50.66253823115146 25.469084266980676 0.0 26.234941554562578 61.39142826335941 23.618605498439944 49.731606141477506 30.58650398080866 34.924165366230945 12.675552145958667 37.12507323308811 21.570710391543766 42.52606136102533 30.59254415564987 30.03397503476766 22.637346233287502 29.402667947209242 41.80052251019111 78.56418248083223 32.800416784028435 57.28120619639724 26.62865327422635 5.168286148894665 24.23486631716561 17.153333980330736 24.508062199642 40.438114544611324 37.80246088780409 68.79788852382133 37.39046541514009 50.30758654896507 52.80112986632938 42.745777358427176 28.480857920939116 26.790821569925072 74.62851763164386 31.32148185898616 45.33995207824554 72.99186527098342 31.80111896021024 120.5910365130392 94.11849900876702 74.62672760300484 68.37227465476693 78.58212432017632 106.98221461730411 76.09046230075602 50.29060363962926 40.78422892916387 56.50118581182552 99.63887440706563 65.4707389090197 32.24563881407484 13.711163368368672 41.6060330778945 99.95207942063527 65.9420645203132 33.18348350874717 15.772802362694552 42.323386242478904 107.85513119181807 77.30180820964979 52.08865847659109 42.96167703646654 58.07754823055172
38.16368329142668 18.81360522228784 26.234941554562578 0.0 65.21247578437185 4.338151762312108 37.794842143058204 48.769486472677315 33.7090949034131 35.6220652067482 29.163570521225328 20.690931502269752 48.81549785937725 42.85539148261191 32.61613531671279 17.337904614614768 39.093195597056535 29.26627693764154 64.97151146541333 20.85875235115517 38.514033081031116 25.999744474401506 21.15632481810596 2.832532716805489 11.305958248725036 13.336011483725025 27.73835718698723 56.282572400650686 59.183111865277105 36.477956893036115 39.53446028945949 78.18525152911161 48.33374110519398 31.582680879495456 48.76738130237232 74.07147301443916 33.924963076133196 39.833169492405595 60.212376892049775 19.453126288458073 110.24293731068069 79.37183046888818 53.30186913843686 42.1557893187069 55.74900385337851 102.68342154278149 68.59348026482661 35.511918380462895 14.559446985712645 39.46782212499947 102.53211824380264 68.36886137380789 35.08016634530618 13.482798947913196 39.087141051161346 109.81965963392878 78.78830022912207 52.43716413776546 41.06747414548557 54.9385111099531 123.23296421121594 96.46171528217077 76.27662203140517 68.74696452575469 77.64617637159513
38.690896283604104 79.91086799327694 61.39142826335941 65.21247578437185 0.0 61.18055401079626 37.800766638079494 38.8437622903537 31.50339237148003 52.798020273172284 37.58538935257217 45.79965511175311 18.87619911737064 31.94790119335413 33.525840519224374 48.350471358038284 32.05271813276021 41.55418875090552 46.41199215136742 84.85780892535058 52.30946661084976 84.6477869604574 62.13977037853777 62.704726897582866 57.248502365881606 51.88956381198188 42.4229746799173 37.74572795578817 32.80785376613419 28.749847143960046 35.40534477906272 70.4439319810812 18.66481685382236 34.90498737541379 47.54016933015798 16.068679037397047 32.10744960166553 28.260186886213017 41.87744469922601 83.45130915000297 70.2999101239116 58.77616522946934 66.04532271538413 87.54495144391592 115.58996154120553 49.04508209349499 30.679899972926663 43.265790682170795 72.09325364002082 104.48819068633934 38.400295603078355 4.354312489602005 30.95467152058267 65.51547647291447 100.10603349864395 46.36397610276417 26.225972749208378 40.25948570315757 70.34693957278778 103.30246270410201 66.56191362104033 54.2931197887798 62.12724156095044 84.65602286369449 113.4384725033692
35.73024384503551 21.05056155500084 23.618605498439944 4.338151762312108 61.18055401079626 0.0 35.24733209251585 44.60239607750473 29.69903870564728 32.07141824623802 25.72820138986841 16.366979652772756 44.57175624269167 38.52892817306644 28.372965864674494 13.077082044682319 34.75509438968748 26.59415110491295 63.1007008322622 24.192351280912707 37.57109190178763 27.805739687736455 18.755973043001323 1.5523268869689344 7.405584775172833 9.330317392453363 25.042718176129018 52.0897537457216 56.555433176536425 32.49779186067239 36.817028772163155 74.7691942526287 44.11394201492805 27.308011330458832 44.896024102708076 70.43052756366532 29.698048771362505 36.36251314045682 58.14403409006988 22.770236651133974 108.011277759327 77.82613592070355 53.31223094182122 44.96994253257434 59.97676819261998 99.56747087492018 65.72872260866266 33.4917526202472 17.83196035306695 43.69335104090206 98.69664733648872 64.41427669883662 30.85809448668672 12.251410273159573 41.74714622160977 105.5863951147542 74.45615801039334 48.30918385792847 38.969990663413625 55.66298813184506 118.89481284743482 92.21575835220969 72.56916413721109 66.5100669830305 77.3024085571235
1.2537722428380789 56.27869282677747 49.731606141477506 37.794842143058204 37.800766638079494 35.24733209251585 0.0 48.49361906111416 19.130995715961344 49.31358336322864 12.804287524257306 28.17872961142391 31.311114296360465 37.706008136700575 24.646875187956066 27.462025726989953 33.47878441028533 8.67976486927944 28.89985664827871 58.526862459137725 15.194003683492049 63.006857037399115 47.19421204840338 36.3519489678435 35.93975308402776 27.523698714758623 10.233026126313419 53.2947378669442 21.389706009952867 18.818199661324783 2.4751701061215705 85.88050376865715 30.10538964928926 25.645341793771575 54.55451051158408 40.38865288605553 24.320702536093346 11.239718007320912 23.47247823491623 57.14529495581119 72.84437429708245 44.391120884808466 32.08854616821083 49.83585468573756 79.57628078975014 65.48107990702744 31.006356337405904 5.465396572591239 38.641960417579945 73.15316649997042 69.73861217338413 39.138337295200444 24.392372938244435 45.310145243110604 76.84968223258313 83.86522870175676 60.6777130704323 52.20147700553691 64.52134995493203 89.4193270945567 103.91032449683689 86.08831032545443 80.12344938147966 88.44809458973278 107.80116910428895
49.740062505881156 55.26853245016155 30.58650398080866 48.769486472677315 38.8437622903537 44.60239607750473 48.49361906111416 0.0 29.463866634030758 18.3121505827791 37.61197100979356 30.077583570085547 22.65984213997978 10.857528477287458 24.45223878506856 33.82367562252239 15.043236946750127 44.522446252113326 72.77760787352771 62.169797549873316 61.9816398965367 57.19519095037544 33.98971241763608 45.97594852315638 37.52438544054328 38.459571550355555 44.004638270337516 7.583091771740929 59.786990856093404 29.748586007214183 47.5332265846624 37.45527229917922 23.678510258905327 23.94991607509168 8.6965847108133 54.566599672020736 24.415533642903277 38.56227082993389 67.04554657130195 60.990385920098845 107.12450190148466 88.00495515344274 80.05506732097975 86.414604818406 104.50302625622552 87.82237553825162 63.37621619013261 52.10682270615394 61.713031263441394 85.42058618143183 74.44333631115728 43.19172771841372 24.167815850460233 41.20053713632113 72.15073218751708 70.44788864092975 35.94352726501585 3.9778663560251597 33.68328694553 68.17740350272533 77.30515383669619 47.91464380513494 31.78637992099174 46.04095331867819 74.99332898857988
20.363646863996788 49.09592287635585 34.924165366230945 33.7090949034131 31.50339237148003 29.69903870564728 19.130995715961344 29.463866634030758 0.0 31.514067632301746 8.880974375456152 15.14520728142671 16.54449790242984 18.803714022871194 5.760087848701967 17.082789245145683 14.42064365762696 15.616551435350562 45.70685516056573 53.57935644771874 32.67809601616628 54.49009846679289 33.926924431702865 31.215571190603374 26.347921117297602 20.39082399959445 15.477403197375883 34.72855639653481 34.429277352029146 2.845226392315494 18.448928034460906 66.77451570574313 15.71500609556604 7.067407076240675 35.44848944731848 41.4906449220344 5.207380699997535 10.817129108214846 39.93211742537811 52.163146559485796 85.7982991505485 61.35949980167719 50.630349537629755 61.29176431540966 85.7014145221579 72.61937342328565 41.18723689208819 22.67262393536396 41.55179390154936 73.03355108202997 69.12647787566866 34.72509533243496 5.296075351946317 35.2862359619467 69.6924841609643 76.65550255025798 47.88890922151691 33.24848652651876 48.08751148811355 76.90376025016103 92.554303287351 70.41926073124502 61.20642322936097 70.20228590065507 92.22405534628042
50.42565137744622 38.058091007342924 12.675552145958667 35.6220652067482 52.798020273172284 32.07141824623802 49.31358336322864 18.3121505827791 31.514067632301746 0.0 36.603931736471495 22.843861954365774 34.19066752419154 20.87334136604173 25.824239100177962 25.640046439073302 21.32530495411447 42.6551082202446 77.14887848658175 45.29537528218099 59.729059368733566 39.21895180393728 16.908011052623806 33.119147435865365 24.698053277330587 29.287522836218997 41.57990507185312 25.27608592882135 65.83118411316295 33.33167388613768 49.26234696680065 42.726382601961326 34.713346642295605 24.447080620517173 14.192552081514936 67.28366713882595 26.751027501042337 42.31776153336973 71.39229885328776 44.23685396773222 116.49172524422106 92.81946014533752 77.81597046245888 76.74595289143757 90.10715987342515 100.36907688255398 71.77195208336144 51.218011562851444 49.90156714120936 68.93372316945597 90.34304994512809 57.067503076944966 27.319955267124044 25.11785856035044 53.94701563595618 88.5108849274608 54.14814293609245 20.60871476675438 17.6711621973358 50.93794195518963 95.34621432088632 64.63123222578974 40.722484499486704 39.1698133811883 61.68514236486455
13.863268560371894 46.46924926376182 37.12507323308811 29.163570521225328 37.58538935257217 25.72820138986841 12.804287524257306 37.61197100979356 8.880974375456152 36.603931736471495 0.0 15.566335852928797 24.953672119563088 27.255886948331558 13.159736192440663 15.453659807030801 22.71199117390216 6.918454344757869 41.45410476034913 49.888314905460696 24.414115316797005 52.65852699947611 34.90974149136162 27.094268609531362 24.609684396038187 16.783374881114796 6.608948800067133 43.303770562184624 32.18987226751931 10.356466814944874 13.183672341494686 74.53353078931045 23.989782689912268 13.781944906501995 42.80764345598613 44.97118998999579 13.315141871731836 10.669598971180275 35.86679241422189 48.468583671825904 84.20313964763463 57.050650706436365 42.59347066538227 52.61605951520113 78.2145425892644 73.9440039141781 40.5860397431865 14.885825505378953 34.507959252056004 67.48971013636752 73.73207158518194 40.20219851124448 13.815427082778884 34.064147740967535 67.26601796316181 83.64375955053671 56.22943138222929 41.4974720204861 51.741204120041594 77.63430306478408 100.7333457234925 79.27001046559248 69.39036097142173 75.76984790536596 95.19389437315812
29.133877012054935 34.16528680935353 21.570710391543766 20.690931502269752 45.79965511175311 16.366979652772756 28.17872961142391 30.077583570085547 15.14520728142671 22.843861954365774 15.566335852928797 0.0 28.415109730490123 22.56116375358295 12.347752925451504 3.7781400617626595 18.53041755252104 20.487715478962823 56.99348484777762 39.12553313364102 37.01772833056739 39.36216795496442 19.48297793516099 17.91124042312362 11.448860318482282 8.473705259011025 19.231295234483408 37.22991160756537 47.51363794554927 17.957678873010895 28.74267488990532 64.07868323018684 28.054208160882446 11.117329725276896 32.47577359545323 56.61690515525948 13.744028694319825 24.481367426061958 51.42834381427155 37.7301765873653 99.48173919562032 72.55434658666152 55.01317405923242 56.423087198080694 75.73294894036927 87.60804904572515 55.345271653506835 29.083843992900785 31.99191958725409 59.96613966898869 83.90438949342723 49.33266887843709 14.910805676905312 20.14463447330242 54.62723437128091 89.39229127704291 58.10343114555209 33.99811258874794 36.47698707811646 62.45082458185693 102.60712122187189 76.74590854991696 60.38571706252778 61.62566320078575 79.64795727697647
32.52058306573951 61.9794795444727 42.52606136102533 48.81549785937725 18.87619911737064 44.57175624269167 31.311114296360465 22.65984213997978 16.54449790242984 34.19066752419154 24.953672119563088 28.415109730490123 0.0 13.64558917579448 16.20025372150029 31.494680013865853 13.182036041491163 31.000093828526676 51.34574199670366 67.41352083660975 46.36638006151214 66.29496154588959 43.430148951966544 46.123747630346976 39.69119897527013 35.62556468525001 31.252180634821134 24.506418738600267 37.85656061472999 14.598078751119965 29.57939800836846 58.630446814981056 1.256669850159273 17.30575424302201 31.031973799549174 33.154304773949804 14.899222596357998 20.091993962938208 45.76794188238469 66.03421343287528 84.53282355283639 66.13879482104339 63.22705639949102 77.56132863605183 102.1206996421744 66.3851103051872 40.75131910206309 36.18271345537699 57.90111487370642 88.26506137748788 57.14903325428901 23.025515721583673 13.75465206977526 47.360956914417066 81.8033234844209 61.015987912420556 31.351523280417013 25.25331857284943 51.840013906046345 84.4505111904088 76.01166439938636 54.94428993885115 51.524575919528026 68.4506676764375 95.4516157059979
38.95582198550486 52.75088733203919 30.59254415564987 42.85539148261191 31.94790119335413 38.52892817306644 37.706008136700575 10.857528477287458 18.803714022871194 20.87334136604173 27.255886948331558 22.56116375358295 13.64558917579448 0.0 14.225954431211925 26.296026053796766 4.609019514910757 34.16754144955486 62.09200461569635 58.9973312438231 51.46289167515602 56.030007292611195 32.4972275149585 40.02507746028926 32.186510442121055 30.97855573874853 33.78252147039582 16.06620442866177 49.304882038753156 18.918238349984037 36.69511500910735 48.31118214436686 14.37598073608871 14.056952985525385 18.16945880007435 46.764515418923345 13.941152536080166 27.70830557634574 56.33876738617812 57.69850285336257 97.78711907522516 77.4214370911651 69.43051774347536 77.72949425235053 98.27467307459091 80.02355150281949 53.5213612800451 41.47437797440314 54.50259205569533 81.33733245029703 69.55662928284178 36.23908367365321 13.537670554858849 38.05412846023762 71.46898412535728 69.75297676192731 36.61110569181949 14.49547014836346 38.402012339582505 71.65305820862402 80.5346292101036 54.275594728733516 42.43433605853359 55.22974364525901 81.82172878825784
25.85860654561681 46.38523361330018 30.03397503476766 32.61613531671279 33.525840519224374 28.372965864674494 24.646875187956066 24.45223878506856 5.760087848701967 25.824239100177962 13.159736192440663 12.347752925451504 16.20025372150029 14.225954431211925 0.0 15.296463883032773 9.629124471851277 20.07214595041468 51.459619874350714 51.472406348682036 37.54776440701072 51.247995261664336 29.583848364125064 29.924745407271317 23.76964057479098 19.47146761544103 19.599859178692412 30.287935697866033 40.02547031280349 7.58181426437784 24.115906731464342 61.48803133238094 15.757303349462257 1.5541239200122234 29.93555747986382 45.1006428734442 1.4226131961577468 16.502739999466073 45.68215943158795 50.07773429605356 91.1129790175281 67.10694265207198 55.67676518439798 63.96292859273869 86.47198338073565 77.00807088131684 46.40895430719574 27.788099383877785 42.254056178189245 72.0657437910768 71.76587676671146 37.162516964471436 2.572679662718877 32.04745089132629 66.65068605115557 77.21343009246041 46.74581203822898 28.34196282983776 42.61691599189272 72.27707076102087 91.45990786506735 67.57292178979638 56.2323498754217 64.44258675325258 86.82401282721536
28.30295645146215 32.06290576210106 22.637346233287502 17.337904614614768 48.350471358038284 13.077082044682319 27.462025726989953 33.82367562252239 17.082789245145683 25.640046439073302 15.453659807030801 3.7781400617626595 31.494680013865853 26.296026053796766 15.296463883032773 0.0 22.19200505564476 19.24106942781368 56.35775439307912 36.53556051207941 34.8863142910584 37.72931564676153 19.74172998393875 14.629121414778036 9.433734344330661 4.698313798438696 17.83795227253509 41.00125544827809 47.63916486812349 19.926391085602567 28.339893196527218 67.4219713682444 31.043727588220385 14.24521319741178 35.977009345346055 58.448844063800166 16.628121088082406 25.322208193548985 50.91660490341533 35.123541605353466 99.64899787772168 71.78285756710675 52.63497122631013 52.75326952581367 72.0429065869742 88.81051647565316 55.936872941608385 27.66594690619587 28.226236520043802 56.77042525901789 86.19746647446033 51.728438982609276 17.790820858865263 18.76296747308037 52.74882296571369 92.50964880522598 61.591375945307654 37.733169968608316 38.064664686814076 62.20030013070522 106.16656233924647 80.51005003555571 63.93103527258992 63.93173158599559 80.51170880315217
34.721962767999635 50.1016924734618 29.402667947209242 39.093195597056535 32.05271813276021 34.75509438968748 33.47878441028533 15.043236946750127 14.42064365762696 21.32530495411447 22.71199117390216 18.53041755252104 13.182036041491163 4.609019514910757 9.629124471851277 22.19200505564476 0.0 29.62952662286342 58.66326541546349 56.05370767728593 46.99665517941637 53.86695966907602 30.6115978208329 36.2769421903172 28.76498750915202 26.830441285197786 29.211365349924403 20.65964626408041 46.228805315560045 14.841091728330104 32.59665122028086 52.405753716646664 13.535457703891051 9.456321767697666 21.490817975445317 46.02301921347118 9.418409114965504 23.883688833052833 52.883694334185 54.72133540576787 95.68815163069105 74.12863018162187 65.0281210755967 73.19173804188779 94.23468455186094 79.04769575115102 51.128033200440676 37.073450686221726 50.295458089293 77.97212870328828 70.23651914082696 36.20479706775965 9.124627260178206 35.36358433188302 69.37405965620005 72.18163746637043 39.81536367923064 18.84635289025566 38.986591085592565 71.27110905874017 84.14025713697204 58.630091301590646 46.79961208432237 57.77310037756164 82.94618685343055
9.290780567603433 47.63876833059383 41.80052251019111 29.26627693764154 41.55418875090552 26.59415110491295 8.67976486927944 44.522446252113326 15.616551435350562 42.6551082202446 6.918454344757869 20.487715478962823 31.000093828526676 34.16754144955486 20.07214595041468 19.24106942781368 29.62952662286342 0.0 37.28902663686295 50.07696460455356 17.576631270196383 54.33290042253732 38.951272732239566 27.72734195702976 27.371010888813824 18.907515776329525 1.5540266160410272 50.206777396316554 29.970961584573345 16.626246549047696 10.268673931492538 81.3592422870442 29.942353505873307 20.643356127244342 49.5740311704712 46.76418070653149 20.226649615212658 13.304933103230134 32.001670557745236 48.683887315406025 81.5233440355482 52.59721060872497 35.800936466268205 46.81641899197293 74.13957559701959 73.59265674029501 39.33942000680192 8.611276167232534 31.552677515259795 65.6646184023188 76.00368742329809 43.645827707180736 20.693051134359838 36.69186243664112 68.2585488245405 87.9094939747511 61.95604085797115 48.41313404538121 56.955428007126535 80.86296242734225 106.16177959742997 85.72197644102347 76.29502881029316 81.78230846359195 99.75219753665861
28.06726159917039 83.77828377792622 78.56418248083223 64.97151146541333 46.41199215136742 63.1007008322622 28.89985664827871 72.77760787352771 45.70685516056573 77.14887848658175 41.45410476034913 56.99348484777762 51.34574199670366 62.09200461569635 51.459619874350714 56.35775439307912 58.66326541546349 37.28902663686295 0.0 84.94242872146859 28.31114568322707 90.83428699096244 76.09360868284998 64.00614495335354 64.64472628738427 56.154912270885134 38.7921849151847 75.79531577592039 13.888025819370633 44.234339708097856 28.275859228181645 109.81438372020448 50.127677274845524 52.75550770392291 80.11641674377299 37.84122683905369 50.714020822652444 35.039478778835466 5.78949670814686 83.63640312023105 45.78818991894606 15.67499016828358 28.101666041946157 61.06188081535624 95.19587322890605 46.74961027517517 18.271741912690114 29.614804603401193 61.76622344271994 95.64489360347524 62.27282072659486 44.84086382502118 50.3817293161973 73.89689399426734 103.81714668982522 84.697085358769 72.63710455074191 75.98325017384693 93.08873356196152 118.11995166855091 109.87453916311429 100.6479381117442 102.87010255104863 115.88427854364977 136.64088511414397
58.83017967926912 7.506852408715768 32.800416784028435 20.85875235115517 84.85780892535058 24.192351280912707 58.526862459137725 62.169797549873316 53.57935644771874 45.29537528218099 49.888314905460696 39.12553313364102 67.41352083660975 58.9973312438231 51.472406348682036 36.53556051207941 56.05370767728593 50.07696460455356 84.94242872146859 0.0 57.430818991461166 11.747173767406062 28.434874243584172 22.795468148302398 27.73048764401266 33.43715948500701 48.56006021997512 69.68174511149485 79.90734441749768 56.41308461468592 60.33568727354585 84.17305214260496 67.12526700355107 50.20401940706385 59.48754606963144 94.60584335828187 52.86929638279745 60.54107839372314 80.45103686558787 1.4226131961577468 130.53335359687654 98.76874623014488 69.75950632015783 48.70653830478146 47.67682547801041 123.5420458789691 89.41636907267443 55.88188860279577 25.39945564911682 23.713449320049087 122.70275826088309 88.26391155956593 54.03629958364726 21.075522570573796 19.060063500192374 128.13648045980938 95.60842067987588 65.25188917701645 42.06512135702877 40.93856722482202 139.10978054821166 109.7568463734081 84.47703989111692 67.97753950396523 67.08421686697373
14.067843765918319 57.14264602276574 57.28120619639724 38.514033081031116 52.30946661084976 37.57109190178763 15.194003683492049 61.9816398965367 32.67809601616628 59.729059368733566 24.414115316797005 37.01772833056739 46.36638006151214 51.46289167515602 37.54776440701072 34.8863142910584 46.99665517941637 17.576631270196383 28.31114568322707 57.430818991461166 0.0 64.46376714125734 53.66875090956052 38.1467619657536 41.05694189341797 32.87535290111734 18.36289993727225 67.40054451856373 28.236001044636165 33.05997095999384 17.290332708640953 98.93175379592303 45.18093937855345 38.19268617462065 67.14934304637053 52.41580307341474 37.581949622989924 26.390066871317412 24.903648081942023 56.186517088770984 74.04353974753597 41.3534392570072 18.237765921811732 36.74198253686764 69.00853905916922 72.45634401882573 38.467112212471356 10.216073055731947 33.524171410195436 67.36634532263099 81.29493673083631 53.16184248817375 37.92522290024543 49.44987203566223 76.4662241345056 97.77117647159906 75.82491711421207 65.83617945356885 72.89826032782194 93.21308682742529 118.74662846850241 101.23863280692025 93.7680197987676 98.64230364411775 114.2928185177333
63.52049295226871 7.461763122444662 26.62865327422635 25.999744474401506 84.6477869604574 27.805739687736455 63.006857037399115 57.19519095037544 54.49009846679289 39.21895180393728 52.65852699947611 39.36216795496442 66.29496154588959 56.030007292611195 51.247995261664336 37.72931564676153 53.86695966907602 54.33290042253732 90.83428699096244 11.747173767406062 64.46376714125734 0.0 23.588515545819302 26.832863724763495 28.295595514023425 35.92023302465955 52.77889643819811 64.42921358635185 84.22939375651636 57.314258153747325 64.48844176448883 74.9537302375138 66.22474016592547 49.80696496388394 53.0929907351991 95.97699101965966 52.66970504040794 62.96899657535088 85.93684128291513 11.920479632808377 135.81183636043167 105.35941543544862 78.42926232288998 59.97068618511977 58.62259343882592 126.49515990837517 93.16254300037431 61.25627385656455 34.931940778282886 32.90877721754191 122.9898578215469 88.38995590683014 53.795147090876114 19.23293432942446 15.516057565801276 125.78292436442246 92.2021203649941 59.79932346228572 32.33463039140888 30.16519033815836 134.48234968960261 103.65596866691608 76.14732681076474 56.98305889673881 55.59245186267908
48.04436718182999 21.32466853464361 5.168286148894665 21.15632481810596 62.13977037853777 18.755973043001323 47.19421204840338 33.98971241763608 33.926924431702865 16.908011052623806 34.90974149136162 19.48297793516099 43.430148951966544 32.4972275149585 29.583848364125064 19.74172998393875 30.6115978208329 38.951272732239566 76.09360868284998 28.434874243584172 53.66875090956052 23.588515545819302 0.0 19.26470598921085 12.81326168921516 20.80312575416141 37.51610010541055 41.41227981436913 66.98838773996223 36.56994479580644 47.9925608659129 57.92018707282554 43.50196092851527 28.045289191352115 31.09053703289117 74.6477222438865 30.95490962755078 43.88396273176636 70.62802982796366 27.348746463819207 118.9646577656432 91.52273179082081 70.67536227234709 63.31176030988908 73.59705781379596 106.48822948031165 74.76244337460643 47.26449475168782 35.6829313964753 52.03306954539354 100.52869737038712 66.0835894286675 31.98305502907108 8.581610960317438 38.97724342270441 102.23252141806118 68.62458937841797 36.905645994087536 20.237730910492523 43.034304989432336 111.24806308448491 81.34054147532133 57.01969483832994 47.759996622737816 60.87362911613104
36.79904026492755 19.932176063541245 24.23486631716561 2.832532716805489 62.704726897582866 1.5523268869689344 36.3519489678435 45.97594852315638 31.215571190603374 33.119147435865365 27.094268609531362 17.91124042312362 46.123747630346976 40.02507746028926 29.924745407271317 14.629121414778036 36.2769421903172 27.72734195702976 64.00614495335354 22.795468148302398 38.1467619657536 26.832863724763495 19.26470598921085 0.0 8.592205534576376 10.83153529665838 26.18076005387938 53.4798949653651 57.69827454743234 34.008623510404064 37.976519411688486 75.76823810425263 45.66457438936538 28.860206472305265 46.1064885864274 71.86659897634674 31.248875121664575 37.74574067915743 59.11116945528858 21.375109201656876 109.04218053854107 78.63039407881763 53.573285775923566 44.184514995175846 58.55990200576593 100.86377965358471 66.94643675275347 34.42379917658999 16.82318976162629 42.14131803768256 100.18131369217063 65.92329101029704 32.40859171938167 12.231319306966954 40.543129651241394 107.13816173900109 75.9928378153246 49.65945345847267 39.39588122508749 55.07117048528294 120.41714850629002 93.64206612350877 73.70311940846061 67.00917433647422 77.09134486342386
36.648596341428295 22.76181113851688 17.153333980330736 11.305958248725036 57.248502365881606 7.405584775172833 35.93975308402776 37.52438544054328 26.347921117297602 24.698053277330587 24.609684396038187 11.448860318482282 39.69119897527013 32.186510442121055 23.76964057479098 9.433734344330661 28.76498750915202 27.371010888813824 64.64472628738427 27.73048764401266 41.05694189341797 28.295595514023425 12.81326168921516 8.592205534576376 0.0 8.50620420937048 25.855863019468075 45.063020005025585 56.65199446110083 29.190285335077938 37.08892305688312 67.41673698191255 39.39478387135963 22.478536035997177 37.51775926686022 67.80972655417175 25.175611007012535 34.71958278729892 59.36834742192878 26.34603162732224 108.5954889789756 79.83824707349171 57.880164064178985 52.16208697055209 66.98100828722244 98.23060058206266 65.19295338570748 35.2963846686341 25.226804982339587 49.21170519337893 95.3248948171919 60.769033676390876 26.339503340218027 9.46136980882594 43.360347107860875 100.52744146801386 68.57434334987666 41.15761426248913 32.86780227567506 53.492711746048265 112.72082890810056 85.3156403766464 65.16376633662037 60.072116016512076 73.25152921201035
28.19646299302805 29.69328548029418 24.508062199642 13.336011483725025 51.88956381198188 9.330317392453363 27.523698714758623 38.459571550355555 20.39082399959445 29.287522836218997 16.783374881114796 8.473705259011025 35.62556468525001 30.97855573874853 19.47146761544103 4.698313798438696 26.830441285197786 18.907515776329525 56.154912270885134 33.43715948500701 32.87535290111734 35.92023302465955 20.80312575416141 10.83153529665838 8.50620420937048 0.0 17.38092379907852 45.67482204813714 48.445741175147575 23.178225988440467 28.775406736791645 71.53177771732227 35.09426756702258 18.564360304198967 40.31894043953836 61.17236743476473 20.73083813298954 27.288698337341057 50.90815316818008 32.014804129333555 100.29428910516297 71.33212653122303 50.123975586246964 48.28422503757623 67.41759898028484 90.72374859780992 57.24445042765687 26.793722382865997 23.53142415791707 52.767416045170386 89.3685848706684 55.09188110821978 21.870970762479836 17.788084663195225 50.49104025191375 96.5753312492105 66.05188067450553 42.35249861332733 40.24231853473211 61.967581262005666 110.68366533664721 85.2059715142688 68.29357296715509 66.80372261547754 81.58574214807986
10.8286135794235 46.08868974283583 40.438114544611324 27.73835718698723 42.4229746799173 25.042718176129018 10.233026126313419 44.004638270337516 15.477403197375883 41.57990507185312 6.608948800067133 19.231295234483408 31.252180634821134 33.78252147039582 19.599859178692412 17.83795227253509 29.211365349924403 1.5540266160410272 38.7921849151847 48.56006021997512 18.36289993727225 52.77889643819811 37.51610010541055 26.18076005387938 25.855863019468075 17.38092379907852 0.0 49.84506241593547 31.518584219481497 16.73877098480021 11.803843335716119 80.6688942004562 30.22968745599719 20.064429962673525 48.838323983375 48.013802560045434 19.85998168899067 14.253701841973221 33.528021591854525 47.1650388751584 83.07569559403716 54.06579404978999 36.5988750950982 46.37535891841387 73.18947230158174 75.07495932601257 40.85843416450722 9.87050367861161 30.33636628381311 64.32741617438971 77.20862458237409 44.62453481028433 20.405227674154098 35.160266469688246 66.71553171735324 88.74862926932107 62.36107772756844 47.91971126868404 55.66420156683201 79.34429934776988 106.6844997122785 85.8019086658697 75.74361301969964 80.66575871067829 98.3441745866526
54.54848835017153 62.72436207314572 37.80246088780409 56.282572400650686 37.74572795578817 52.0897537457216 53.2947378669442 7.583091771740929 34.72855639653481 25.27608592882135 43.303770562184624 37.22991160756537 24.506418738600267 16.06620442866177 30.287935697866033 41.00125544827809 20.65964626408041 50.206777396316554 75.79531577592039 69.68174511149485 67.40054451856373 64.42921358635185 41.41227981436913 53.4798949653651 45.063020005025585 45.67482204813714 49.84506241593547 0.0 62.362523973289164 34.507947393446436 52.07060198596824 34.138199749188836 25.69917605808293 30.046789460511857 12.803518765416891 53.79995016191172 29.991320033965508 42.74744572610287 70.16923448187718 68.51454236824213 107.52342332703154 90.64487091291606 85.24324275523819 93.33295239693003 112.02848443090582 86.6424773064279 64.80245107082132 57.32875862415395 69.05509087803982 92.98072217514023 71.041549791904 41.975368005958 29.526240859572145 48.74939935187151 79.22150359971447 64.66355897055016 30.072476805637233 4.710228388018756 39.17745562773647 73.77271985777112 70.07417855861456 40.3320447369957 27.162427376441922 47.3683584867444 78.3872796230507
21.09203044120559 77.60485879369047 68.79788852382133 59.183111865277105 32.80785376613419 56.555433176536425 21.389706009952867 59.786990856093404 34.429277352029146 65.83118411316295 32.18987226751931 47.51363794554927 37.85656061472999 49.304882038753156 40.02547031280349 47.63916486812349 46.228805315560045 29.970961584573345 13.888025819370633 79.90734441749768 28.236001044636165 84.22939375651636 66.98838773996223 57.69827454743234 56.65199446110083 48.445741175147575 31.518584219481497 62.362523973289164 0.0 32.50097111075624 19.745162466681293 96.4738883836958 36.666000376647226 41.449891199845155 67.46045580063517 26.46167144211767 39.083153803726454 23.639587204245004 9.077252536934926 78.52870164844823 52.014097941620726 28.29092714153764 35.918344386821246 64.61206620672282 97.23246096944123 44.77089045525034 10.28477473580216 24.53517689597663 59.10184069898075 93.69596894977491 53.912123574385944 31.616168052385724 38.567913093177374 66.1076590294483 98.22320534267804 73.56404188780297 59.00628701365046 62.822000112400254 82.50002200922226 109.82118058675675 97.56917220313828 86.90290033888888 89.3263294409862 103.92776576092146 126.5601682095137
20.07100681881672 51.940297060424314 37.39046541514009 36.477956893036115 28.749847143960046 32.49779186067239 18.818199661324783 29.748586007214183 2.845226392315494 33.33167388613768 10.356466814944874 17.957678873010895 14.598078751119965 18.918238349984037 7.58181426437784 19.926391085602567 14.841091728330104 16.626246549047696 44.234339708097856 56.41308461468592 33.05997095999384 57.314258153747325 36.56994479580644 34.008623510404064 29.190285335077938 23.178225988440467 16.73877098480021 34.507947393446436 32.50097111075624 0.0 17.78523552212253 67.19262981493489 13.650064812537936 9.074909614401134 36.251568275063114 38.66289981682498 6.582309829080915 9.202187969901445 38.44537148595763 54.996247425081044 83.54201093009144 59.831454381903 50.74585892989523 62.97051203524383 88.03540478186027 69.92771471400451 38.853683567011096 22.89490029757145 43.972587869632285 75.74856301960655 66.29027537917837 31.916678582382605 6.148333001898682 38.102276713682826 72.53012372742114 74.11370906595765 45.902374711807916 33.40728630125234 50.198587561982286 79.48951031107545 90.47179845570875 69.09853290569278 61.30945121016457 71.67894384312912 94.40166204596778
3.2931788549824943 57.86758550066845 50.30758654896507 39.53446028945949 35.40534477906272 36.817028772163155 2.4751701061215705 47.5332265846624 18.448928034460906 49.26234696680065 13.183672341494686 28.74267488990532 29.57939800836846 36.69511500910735 24.115906731464342 28.339893196527218 32.59665122028086 10.268673931492538 28.275859228181645 60.33568727354585 17.290332708640953 64.48844176448883 47.9925608659129 37.976519411688486 37.08892305688312 28.775406736791645 11.803843335716119 52.07060198596824 19.745162466681293 17.78523552212253 0.0 84.97713763180865 28.35488471155643 25.22565818353064 53.87308921764295 37.94823021853168 23.653990555803293 9.51745752706265 22.68566913841328 58.94490688685545 71.52255754408492 43.89375612175179 33.65531492505137 52.28318493073819 82.03179528406778 63.44208772499386 29.08777447187913 7.883695084069065 40.90306306702366 75.35796164956822 67.30135899386168 36.68841313986067 23.610390376448397 46.51564841558308 78.51627028801165 81.41971936459426 58.53594013129163 51.171724725782745 64.84934907064068 90.48278442158045 101.60645602348504 84.1856835108246 79.02732954514435 88.30708027799152 108.37755368559259
87.12137443596059 76.67352901350968 52.80112986632938 78.18525152911161 70.4439319810812 74.7691942526287 85.88050376865715 37.45527229917922 66.77451570574313 42.726382601961326 74.53353078931045 64.07868323018684 58.630446814981056 48.31118214436686 61.48803133238094 67.4219713682444 52.405753716646664 81.3592422870442 109.81438372020448 84.17305214260496 98.93175379592303 74.9537302375138 57.92018707282554 75.76823810425263 67.41673698191255 71.53177771732227 80.6688942004562 34.138199749188836 96.4738883836958 67.19262981493489 84.97713763180865 0.0 59.81068571029521 60.75321850983803 31.8773383390523 86.38469815315447 61.63131883851827 76.00131752263557 104.14391728286667 83.42404183564669 140.73945467815676 124.76317519773565 117.12682014837478 119.44086589577205 131.17978208382894 118.11610390011197 98.81027470630374 89.27612161950286 92.58337061774017 107.55386677000261 98.40782727330644 74.39999844270197 61.49309216815852 66.49979186658648 86.35870291699341 83.70123988414798 53.68203234965643 33.947850415355504 42.63784012367043 69.84516579415899 76.9217682505923 42.45968801816275 9.140332242252255 27.552134790320544 61.88334574513551
31.311114296360465 61.79125862457125 42.745777358427176 48.33374110519398 18.66481685382236 44.11394201492805 30.10538964928926 23.678510258905327 15.71500609556604 34.713346642295605 23.989782689912268 28.054208160882446 1.256669850159273 14.37598073608871 15.757303349462257 31.043727588220385 13.535457703891051 29.942353505873307 50.127677274845524 67.12526700355107 45.18093937855345 66.22474016592547 43.50196092851527 45.66457438936538 39.39478387135963 35.09426756702258 30.22968745599719 25.69917605808293 36.666000376647226 13.650064812537936 28.35488471155643 59.81068571029521 0.0 16.93845390516961 31.979037424268064 32.57312638942349 14.41616306717856 18.877911972568377 44.54059495802564 65.7397961389845 83.59975707683309 64.95307249911104 61.99730209696185 76.57160638419664 101.37819260811877 65.73949945847976 39.70078181632053 35.00650829466928 57.180350012898636 87.79841963406624 57.02888376233084 22.728438217221942 13.256100373607767 47.219915958652734 81.72252261076171 61.488338794636526 32.25293445812318 26.353965348686547 52.379909632222244 84.77984495966278 76.85843020820842 56.09930233613632 52.74322419607701 69.36401244338475 96.1024832796175
26.840781947740442 45.02315708640092 28.480857920939116 31.582680879495456 34.90498737541379 27.308011330458832 25.645341793771575 23.94991607509168 7.067407076240675 24.447080620517173 13.781944906501995 11.117329725276896 17.30575424302201 14.056952985525385 1.5541239200122234 14.24521319741178 9.456321767697666 20.643356127244342 52.75550770392291 50.20401940706385 38.19268617462065 49.80696496388394 28.045289191352115 28.860206472305265 22.478536035997177 18.564360304198967 20.064429962673525 30.046789460511857 41.449891199845155 9.074909614401134 25.22565818353064 60.75321850983803 16.93845390516961 0.0 29.073816127422774 46.62419472670744 2.9132348471385154 17.874836475646656 46.9853891289489 48.81461942423095 92.6168591047505 68.41453385861384 56.37381120884118 63.79856607091672 85.77470355547976 78.5610142637002 47.92285389840173 28.56931188216566 41.601080867322466 70.99248530198874 73.1887832252575 38.5856626386835 3.9953906134455357 30.62559949873676 65.2284137226669 78.30851983851028 47.51163091603248 27.88055453472916 41.13556886813181 70.72329310056854 92.18821773470458 67.83849192594482 55.67987344122665 63.192004628210846 85.32880178319472
