0.0 5.558348410317971 21.774692314425405 84.60970364229264 16.677889303422194 60.393296176610825 20.33158115266407 89.79430879014134 31.09069073588667 28.694124207110086 37.27637168446081 73.58480461398774 24.4332877068907 21.3309124061529 69.07629553166511 57.8787064535096 70.74556485637949 86.02758336150353 59.21010730645604 20.002940482408842 9.43007879436412 32.813948514838735 28.56001025227761 85.16902014922051 34.90364392211718 75.46217706148977 62.93631236757394 95.61275773775631 39.71286026132974 25.335215916007037 37.45081331778069 77.81787227122841 13.914949194817604 14.279795508575953 73.57370947685409 76.42639985560714 65.09653440532985 95.95494646117456 37.319389306067244 6.519889380930608 143.62283570198684 127.98664567965145 112.83767571554685 98.40120782465442 85.0408807234339 73.3471345035827 64.23667129187461 58.92024092570587 58.44259316835597 62.91403384909971 138.44795119585646 122.17851524058499 106.2358129878183 90.79212694415291 76.15166871621007 62.8780324205182 52.02808139509465 45.37509808384553 44.828359088071885 50.58624329687623 134.54159900287326 117.75434203652901 101.14068080908258 84.80270396998601 68.93670232090494 53.960617985850504 40.86485899039363 32.04425295754093 31.343909063007104 39.20148164975723 132.01649233935166 114.8742058546604 97.78816046098315 80.79404505561276 63.965172876304706 47.47758629414385 31.865518890166626 19.375593476787017 18.27917354917462 29.858917986582494 130.95259450854567 113.65559167968985 96.36035800016616 79.0680544221335 61.78114136696546 44.50590061365143 27.264528468018096 10.229731084408101 8.040761522404761 24.967455937399006 131.38542214670107 114.15174163293311 96.94237518439432 79.77306010407591 62.67671939228045 45.735262245195486 29.219347955641258 14.64716357300006 13.191722024986198 27.059502632233713 133.30039029605518 116.34071230682588 99.49894092273792 82.84701423255504 66.52764017802335 50.86193730129494 36.69682605424648 26.553493874398477 25.733823064323612 34.90102978654657 136.63516911194486 120.129971020325 103.88434329496123 88.0420920466727 72.86679290286762 58.87644172319148 47.13817580465878 39.70247086339144 39.105896146655766 45.617566578215886 141.28921542034857 125.3744512844607 109.87977012317862 95.01092009294935 81.11279923070101 68.77643251172505 58.98990885865046 53.180083053164864 52.67953424523294 57.62677877010209 147.1373316462548 131.9006146022555 117.23839858504074 103.39537840613517 90.74722393542068 79.86366653250897 71.55448285209042 66.78753629902829 66.33097465096166 70.26886647726971
5.558348410317971 0.0 17.72230076400261 79.21496138068949 19.972235558067744 54.899456949852095 15.898087191524105 86.03640088131556 26.846444033010275 24.278240330108428 31.79646118224479 68.92360559188636 18.875660485219573 18.46131463092197 64.81820469609202 52.55211060603908 65.55232273197373 82.05267404873368 53.70983983577667 14.950271864978179 14.239498370230967 27.740957325068994 23.991509011735207 79.7019284766138 30.189065878695402 71.32113579232384 57.39401247635117 91.62217290279443 35.39040240156893 21.826396834966108 32.03360503319548 73.55332101650171 9.992498717244642 9.964599985137502 69.89569500135154 71.04675691409258 59.61046809246681 91.90630894771104 32.10496485855015 3.9724860408410345 140.20304402800687 124.82324701630041 110.01585340356883 96.04597112116682 83.33585483860482 72.55064713522802 64.66083562005993 60.80416508682544 61.741111799925 67.27167937712458 134.6277787065287 118.55636518825669 102.88482637896004 87.82747928157426 73.76142339146575 61.3720774506563 51.87503298076215 47.05538278759229 48.33323802782988 55.28740899740376 130.33115689503998 113.67674184813666 97.24865588987059 81.18441207102984 65.75123352573274 51.519403267278435 39.79926346038641 33.3529921765731 35.20754263599107 44.33315109470779 127.4426335800654 110.36860514856004 93.37850365787968 76.52824761304272 59.93590088173307 43.894914748416575 29.32450616037418 19.793978297994585 22.85581516187953 35.3791858457053 126.05908402451263 108.77547732317947 91.4987963305634 74.23387672938884 56.99140847430962 39.800581487964784 22.778617055463194 7.235880349023453 13.585433198044896 30.25695766627267 126.23002384818763 108.97262520723513 91.73200327421166 74.5198031476005 57.361615684509154 40.32644421528881 23.68126914877475 9.700318050715774 15.036724657162477 30.93255991486931 127.94922040506717 110.95050301340338 94.06240702333619 77.35741651992852 60.98618323716458 45.31192316241139 31.396455137399688 22.73797681013599 25.43629224863538 37.090504404910156 131.15578006195054 114.61693349126134 98.34099589185314 82.48374830268763 67.34161585749771 53.52499369320301 42.35166944574161 36.34707816755313 38.04291667732097 46.606052813249924 135.74429612736992 119.81695680914456 104.32829797060953 89.50634495304134 75.7435094749034 63.729695432223 54.63122132975778 50.06363969984339 51.252971699068816 57.84520384557254 141.58040578822732 126.3613140917486 111.74992534174667 98.0183842374433 85.59120984924127 75.11857612566216 67.51621639220053 63.81827476502561 64.69774828724377 69.98227485772343
21.774692314425405 17.72230076400261 0.0 65.41072770607785 25.287680577295067 47.986478031946376 24.17889631511299 68.31427067635546 9.330188246404536 7.1401609770620365 21.076569655495415 51.985575044333125 14.918507204665005 5.404374453137009 47.303181859315096 38.58846299514974 62.01438597506781 64.3689345054416 41.803208189169275 6.368098288202255 31.204723326501025 13.278128975923654 7.353327665878012 66.70063696166798 13.741920841291673 53.71639694569562 46.43846139797567 73.94622516709826 17.956065035910242 31.546944308643294 20.259407722574018 56.04507574581973 22.426757918928192 7.759695363226465 52.1787859817827 57.20039206760104 52.6304241825206 74.25506505680326 18.22029515626519 15.255278898511856 122.52734400617004 107.26906522071187 92.73108397339526 79.31049599066223 67.67536384729144 58.893583927778614 54.36591618308928 55.15025580757656 61.042180887395425 70.77742746013575 116.91340861775954 100.83950526293698 85.2477108378523 70.45881250142718 57.10010499031542 46.42311273071735 40.60165607840178 41.72036950992422 49.309123525054595 60.99914563785326 112.78362611746914 96.04349508113626 79.54413729203576 63.47359144325236 48.26213885634326 35.04684702571199 26.945113269488303 28.67938240254972 38.95747712697541 53.024270635279954 110.30488306406842 93.13381379077764 76.0221030855828 59.02140193878416 42.26587818827018 26.22967544950928 13.722249535337925 16.950434608000833 31.38546124332021 47.764944933205285 109.58930492844408 92.28909299863052 74.98967403875712 57.69176139179737 40.397290090510076 23.113986132767913 5.9401395063346145 11.620144314244017 28.870120272233283 46.15900268964308 110.67110803575926 93.56528971449254 76.54766607414795 59.69371306949522 43.19543998218333 27.69594098622276 16.340034137329184 19.121734773563304 32.6036381794346 48.570218868725625 113.49889432807372 96.87860511233376 80.5458793084962 64.71879672102395 49.88101898438768 37.234646384247924 29.72256984817429 31.291418248468133 40.90946081554927 54.46764675480285 117.94711212301533 102.03072922120211 86.6471157514832 72.13792446655152 59.150166022498354 48.9112323566445 43.41174584038602 44.44721835310507 51.625916726897145 62.87781685570849 123.84121344184203 108.76058787157008 94.44460023642183 81.29819964887463 69.98363902744133 61.5200772936017 57.18765428293731 57.92092375062777 63.544761604882595 72.93653241115537 130.98608046079505 116.79568096287669 103.55577207383304 91.67908043750315 81.76184117495751 74.58976188179643 70.99968666078604 71.53298160629058 76.10301197871878 84.05390193207836
84.60970364229264 79.21496138068949 65.41072770607785 0.0 90.50753570131639 36.29665591218389 71.85284365563749 49.295819052074684 57.39187290951526 58.577246436155136 47.54578748911568 27.452436240904888 61.00642005952054 69.28787079629177 36.57700670361479 26.88113298262901 46.74810416253076 43.55456334463995 26.318344128909832 64.83604280255108 93.2894870945194 52.39214507674744 58.106124713714664 5.099205858470898 51.95762407248888 38.32828578545531 24.702662981044107 47.05410526418718 50.444510402542775 74.89861711191018 47.18268668775863 35.893814463347404 76.36577652237226 71.15770969612215 46.73249239085193 8.220864900381658 34.731960776047266 45.968438625051206 47.56984864480061 78.69155770502897 92.46481343530007 84.53183662464157 79.62540150116783 78.3164172260546 80.77995625095546 86.69501103551531 95.42186346145857 106.27004561710474 118.65916165560834 132.15655176221875 80.72457887426043 71.56567041378145 65.76873176805567 64.25029435262732 67.30057889703303 74.35945713039956 84.42738393883742 96.56775238991922 110.09710165551189 124.56366296840771 69.89528070326769 59.14386305492835 52.05135997399516 50.19355415719891 54.11231789944774 62.73431504089482 74.44291023601606 88.01477575116114 102.71395173851216 118.12032965458803 60.468527648277515 47.69390549585688 38.62229456107325 36.157459578124275 41.49396774717291 52.29573659406002 65.92909829973433 80.97626299974604 96.78001635741147 113.02342762741355 53.19542126895676 38.10247863502332 25.933687648371208 22.18162921727787 30.169594581384747 43.89869522491925 59.52056527323268 75.8749707159852 92.57448846479554 109.46128032541817 49.04377695275966 32.08237898068714 15.8738567259263 8.566966597285678 22.215305737987375 38.88907307218253 55.94562988134294 73.11757862680568 90.33914106680471 107.58649458056476 48.81666232075537 31.735707569473053 15.16433845039138 7.174440553041581 21.718688836316694 38.60885524327161 55.75212437682517 72.97032583704554 90.22056829736152 107.48742645503106 52.56497453086526 37.22133091682746 24.627017062651205 20.64616259741345 29.06457735814725 43.15028215924214 58.97334660863493 75.44849856938774 92.22693656864158 109.16891172650264 59.5425623376102 46.519787920184996 37.16950868842324 34.608696216020554 40.1579270014228 51.247088872941475 65.10435395895982 80.30938587952015 96.22539054543151 112.55115228231409 68.77336643454802 57.81983751856826 50.548919981515084 48.64108379449176 52.68224344986335 61.510848944510606 73.4196998187762 87.15516121000147 101.98183146918566 117.48730907618256
16.677889303422194 19.972235558067744 25.287680577295067 90.50753570131639 0.0 71.73977464827912 35.847099207881 86.35775777637518 33.22610465808801 31.934198973722793 45.76907313120608 74.64517909603336 35.49554339623597 21.255709623035212 68.33087011180037 63.784857273919016 84.055779933007 83.55919146471778 67.04270452238481 27.7519258432107 20.365505402484352 38.56128532834486 32.45877529902868 91.94337301197723 38.55359434669645 73.98639047003014 71.55810352778855 93.00882650816649 41.051612974274 41.658765510363956 45.240175714195146 76.8236434778016 29.88977725162044 21.496509007363542 70.25155903828635 82.32136635417386 76.46920825383222 93.59103270747224 43.50346767646922 17.00158256138812 138.196259266463 121.79705131013836 105.68605649564184 90.01815686190551 75.07129804220703 61.37455672008316 49.96676729090358 42.72264800544678 41.86259272816475 47.732943398558035 134.5898271302916 117.70831487201559 100.96921846980993 84.45725920417692 68.33728156543717 52.96838053888758 39.24314574324158 29.54842643085303 28.37083691186366 36.54325020366758 132.3777481331964 115.18420649236768 98.02880860958057 80.9358133168676 63.95527425358534 47.20869623493561 31.076640155150937 17.365678629247306 15.365177934964276 27.736677152999714 131.63037054376346 114.32844029618813 97.02651016925327 79.72458024150964 62.42265067858505 45.1207219001644 27.81879537000593 10.5168821843691 6.785119742257935 24.087019179401178 132.37251657285339 115.17822154426206 98.02180862755678 80.92737416609775 63.94464392373536 47.194361506239154 31.054962627265958 17.32704025340588 15.321704163517584 27.71273330754368 134.57953586211343 117.69660146098495 100.95562587870732 84.44108405441054 68.31738310814701 52.942826445481685 39.208810084278845 29.50302668131071 28.323775480327868 36.506900861798236 138.1812251493379 121.78007088828761 105.66657732798646 89.9953925489571 75.04412710730863 61.34147507345128 49.92631903977675 42.67555880627039 41.814764425258026 47.691204077950026 143.07224602247945 127.27802511271913 111.93043581130124 97.24118435826998 83.55819589076044 71.46184266187717 61.889550846735006 56.147455355036406 55.43875605779773 59.94224966743207 149.1257239071013 134.01641821854378 119.50317765891488 105.8315117864935 93.37182981041074 82.67392948528303 74.50066396097648 69.74531915982678 69.117005569789 72.7227727285667 156.20648978884924 141.81845574899518 128.15288279916172 115.46656827624633 104.1180841704437 94.59018213351767 87.47976739969057 83.40741511705004 82.8224856720318 85.79633683027558
60.393296176610825 54.899456949852095 47.986478031946376 36.29665591218389 71.73977464827912 0.0 42.577786084247144 73.53298685927228 44.31627434834378 43.62994590604749 27.133670997747963 47.61394160382798 36.477163753900285 53.270645195679855 52.051940804965774 24.838926366236496 16.9066274508815 67.52992448302932 16.913839623104806 44.07321710224623 67.28352398817299 36.12371808611171 42.54603527512493 33.74434956897942 39.17507836268471 57.71280511766025 13.647548395271349 74.58986748054113 42.59267326873251 43.13131094911311 28.402551775193086 57.266136003032614 48.54442432211066 50.244210800204094 63.20903260837837 30.84233438459312 4.737636476055825 73.96579561921327 32.02625747217505 56.03164586654415 124.3546218082908 113.6461258730361 104.71620104604891 98.05199882003627 94.13594987985373 93.31468546465432 95.66794062497779 100.97400695112457 108.80172871766618 118.65307892883754 114.02720415948995 102.29781263519938 92.33723175352353 84.77127451497556 80.27986245206392 79.38656287695379 82.20875338563052 88.3912587227498 97.29559507610654 108.25217660897376 104.58942875319308 91.71168008155934 80.50967992361372 71.77240069399699 66.4788619305995 65.46978927855334 68.93359250161356 76.26322629218168 86.48128026284357 98.69466363009941 96.30336123526538 82.1829707558194 69.51578690350047 59.241448540181146 52.77645754878461 51.57383413790997 55.973805605951554 64.84577172277956 76.65234475525146 90.24904682191591 89.48962730126894 74.12078943348965 59.81718981920712 47.55005477936062 39.276277334951224 37.722022125426605 43.61172646600641 54.58682219733374 68.23610752329837 83.25453934900672 84.50523482386292 68.04853061418407 52.1419335778521 37.49227744683228 26.292040839833735 23.991308163080685 32.53621421909023 46.26379271649171 61.81248021038574 78.10209866194332 81.68582327382764 64.53050679229786 47.48170233404846 30.717274829270337 15.20865069851558 10.852110667513255 24.55497347888745 41.07113713904275 58.04690393096803 75.17154363701769 81.25710503905404 63.989448047495024 46.74714222641584 29.5745609277867 12.756469128563948 7.036608416522469 23.130363469038983 40.23962068949719 57.46437100570092 74.7247903961355 83.25602618660331 66.49806746769822 50.111196135621746 34.626332465758466 22.03510250984906 19.25670028654032 29.237085866230935 44.017107977269916 60.15742946725444 76.80520012470602 87.51637194955403 71.73710456706769 56.850834685338604 43.7782029961361 34.637452723706254 32.88895901825835 39.52622597630546 51.397177695261185 65.72461966854264 81.21877742525277
20.33158115266407 15.898087191524105 24.17889631511299 71.85284365563749 35.847099207881 42.577786084247144 0.0 87.92425098493925 30.399412891420646 27.592603437828778 25.658886042303912 67.16385385110044 13.267841537987772 27.982639449425353 65.19491872974757 46.739957506772626 51.03466760516868 83.15846803895315 45.54066443193922 18.04457009022842 25.196143168635466 26.613500327403585 26.655657150239197 71.40475045891733 30.912410315498587 72.00356664819417 48.063104977619844 92.4665782518995 37.37534737311125 7.377281238971384 26.850231719285507 73.61983830920286 6.535244662119404 18.91697657919287 72.49575792633104 64.02977458722364 47.10023670556188 92.50193628111289 29.103937076684236 19.044008109200213 142.66005375439042 128.30880510050523 114.77409792812115 102.38028718849753 91.59169403291254 83.0363726860164 77.45789517091616 75.51885474793202 77.4929344090465 83.10173227365125 135.62144561777356 120.47162241646298 105.98274381242162 92.4660318556207 80.41322647111652 70.57833817472242 63.992277123332265 61.70426344613872 64.17566211237637 70.91057729116329 129.7261762385867 113.82567898484723 98.39914592612524 83.70902561694133 70.21903124437755 58.761603592018 50.73304734905275 47.890087271210334 51.10558827863455 59.40373874319031 125.13603089157978 108.5900178856904 92.32153398697155 76.50782435386638 61.50070433359186 48.061772504995126 37.89774684366432 34.077152934055434 38.53535240699022 49.06528625135986 121.99848177479458 104.97594432727006 88.06236316712021 71.33528098316896 54.96522906860613 39.39977268296517 26.119329158524167 20.268404260028245 27.168155147975703 40.79363534148819 120.42716428852344 103.15409339685795 85.89263921250986 68.65156485959031 51.451361934093086 34.3534762797375 17.657673135533198 6.491448917738071 19.266494179632158 36.041227605717154 120.48339601929993 103.21943479118745 85.97073953855099 68.74880166906534 51.58042982566283 34.54557984770558 18.02683469104044 7.433020038611435 19.60219734529196 36.22093083543259 122.16492874188631 105.16845009837613 88.29069810208905 71.61566337304275 55.32694192861647 39.90049072172266 26.86520445442061 21.216518442533765 27.879266367209354 41.268362281835806 125.40637681310442 108.9000215198881 92.68428994408916 76.94314843967038 62.03890839866399 48.7453771452178 38.756999433538205 35.02578752198615 39.37275901404363 49.72253098545781 130.09114423266084 114.23955368040825 98.87541311588421 84.26577531451272 70.8787439008704 59.544719849075825 51.633834491983436 48.838856911161855 51.991507980318694 60.16395712837092
89.79430879014134 86.03640088131556 68.31427067635546 49.295819052074684 86.35775777637518 73.53298685927228 87.92425098493925 0.0 59.33239112774301 62.0542073669347 64.2150822444789 25.960724668293153 74.66693259328177 68.6235405780396 23.2294131138237 49.42040144152452 89.11665719324498 6.0701366251445075 56.72663385257808 72.17572179230497 99.13196557454812 61.31752187548836 62.59632819768653 54.37008225906476 57.23783331178006 16.525451651906632 60.183702976570956 7.783790400349094 51.10602339005982 94.11911309534118 62.467788724170106 16.293753011245148 89.03824793125108 76.07229134089273 16.258769505546034 47.72543264200321 74.7874536375225 8.989340084337856 59.213111084100625 83.35712138224146 54.73593566364351 41.11236569620437 31.355063801313857 29.576390779501065 36.94719488424985 49.53924687339481 64.35750309328986 80.17698473130754 96.50657495370206 113.12558769064833 48.65980076041024 32.63208224746296 18.99057338202803 15.973210909823825 27.356124725203387 42.89853327336679 59.42157232717806 76.29072592685102 93.31848140008091 110.43149724112232 46.281666692883064 28.98450679908831 11.701461330234961 5.697399450727983 22.950166101814975 40.245167263436706 57.544334668017264 74.84477949108289 92.14578222639622 109.44707829595424 48.1526245612767 31.87438383662976 17.663243758332214 14.37764784134964 26.46046252650344 42.3356603711547 59.018411900666614 75.97861863542104 93.06471285322222 110.21816460715226 53.83141681253106 39.9058193281084 29.76301943773209 27.891040953679923 35.61871607088915 48.56115354075883 63.611227479528836 79.58203829512522 96.015224346923 112.70872070472906 62.28501409086792 50.6911001021404 43.10982998474581 41.78555271387982 47.247354978313595 57.595988157163156 70.717666205655 85.34274390731437 100.81906924672332 116.80877823080081 72.54974785020394 62.82755808454221 56.831651724918146 55.77696354215808 59.92496247380362 68.33469861074317 79.66780643412626 92.86003537932076 107.22738176301445 122.3565898057913 83.9638644552232 75.66768167924454 70.71036227603834 69.80689351286973 73.10772323678891 80.09473002605695 89.91263606916492 101.74521235592319 114.97210146271132 129.1656678704992 96.1186319861778 88.90697534085949 84.66869699693673 83.85586071254095 86.56501393953948 92.48717229182034 101.05904994622617 111.6721328276653 123.80257695422978 137.04805728556525 108.76588342735249 102.39056417101709 98.67271365987848 97.9155134149583 100.18611515704012 105.2888129367507 112.84005115622845 122.38744508905376 133.50341883280305 145.82971411026833
31.09069073588667 26.846444033010275 9.330188246404536 57.39187290951526 33.22610465808801 44.31627434834378 30.399412891420646 59.33239112774301 0.0 2.8351628088736045 17.538186477888754 42.69675776363998 18.27911511005022 11.97613745223602 38.01058786084071 30.926011334807548 59.71774455547991 55.22539719710574 35.34220340679707 13.017780637522156 40.51984815239079 8.37029340946181 3.7726483689736856 59.081320995362546 5.672477855246773 44.477074425018245 40.395564623185805 64.78707750348103 8.626182320111933 37.484627373563654 15.9958916113169 46.75200072313425 30.141831303671943 16.927751103966507 43.31542390624001 49.24605569100481 48.723161447970995 65.06137819803979 12.374813814779149 24.571185946540943 113.7654275314393 98.77678097254875 84.6748620148338 71.98271942320329 61.578335269424315 54.78111622084694 52.99764009096603 56.70298807830772 64.96466500905154 76.31701241049504 107.84480938659541 91.92819103928032 76.61454054752716 62.34973503139343 50.03895695784595 41.460958602564475 39.15138673132562 44.106203618876265 54.37452926016986 67.57608886800716 103.51348257839874 86.83042887737342 70.44654841378531 54.63167111437775 40.06536278495412 28.715111047662585 25.349406520508037 32.547468726197636 45.54990154862502 60.73680797284672 100.9762352692104 83.80369162306933 66.69805360192215 49.72841203025183 33.10457001628465 17.82198454245059 11.749327396058053 23.604729179754308 39.68668251691251 56.49420574624633 100.36925512688751 83.07469987547294 65.78402323609554 48.50137354662841 31.24007566808286 14.078884495646948 4.38191951001783 20.9499646204771 38.174787303436204 55.44764488038834 101.7271088773524 84.70281111786832 67.81917131338287 51.215486326634796 35.28915325442705 21.59478851192383 16.913240377427535 26.542282588103365 41.49265098346328 57.77109711609336 104.9735589611973 88.55809489540884 72.55572552167813 57.31351921244339 43.63547532921947 33.49595459327623 30.636779942965788 36.79612263122217 48.66216230656955 63.09331568561565 109.94138427592902 94.3679292428444 79.51231412056907 65.86208361744278 54.333451525190156 46.53104109696937 44.46184376843527 48.8597713034039 58.27866579740279 70.7405997790913 116.41034788064692 101.79813690935279 88.16489771590743 76.03903357646554 66.25343004329319 59.96495881147251 58.31614275355661 61.680188502537064 69.33120314375958 80.0492519168443 124.14592415858166 110.52230142981857 98.06546671957115 87.27645979641362 78.84296499276607 73.57943901693851 72.1827028199104 74.86948210000097 81.23560879658888 90.50799382389849
28.694124207110086 24.278240330108428 7.1401609770620365 58.577246436155136 31.934198973722793 43.62994590604749 27.592603437828778 62.0542073669347 2.8351628088736045 0.0 16.55020344843058 44.92143950240577 15.662606235055462 10.806012610469772 40.540633163321885 31.87188793870334 58.64177628856383 57.87930246387742 35.70494819331528 10.204268038987639 38.10842680321382 7.546793294408402 1.2440973273836464 60.050390061977225 6.668667345921642 47.067441181892 40.592471459500814 67.42826973012991 11.114953579373472 34.707961363885715 15.239044725947961 49.27509317998933 27.317014479984664 14.44125440317071 46.07725435426485 50.387553557155975 48.13299823731682 67.6797355383507 12.201476665364641 22.189602903014297 116.53370251156383 101.58544726627065 87.50886378050564 74.79771556031255 64.2673644647615 57.1365809878682 54.75018272459956 57.69987001256463 65.266119543026 76.08387865017629 110.52388016585117 94.66402538108152 79.40864380690526 65.1835340928726 52.82763404005796 43.946901092921166 40.87305602848947 44.81728124956542 54.27039786225579 66.9377984819238 106.0534165100092 89.42880699288867 73.11912139445084 57.39346943263661 42.89900675189365 31.390273237103873 27.001550961896992 32.73420659878333 44.86293387418786 59.60325005197456 103.32238321859857 86.1876926492736 69.13634801044277 52.25001081377757 35.76318506060074 20.65574842870841 13.153982000162925 22.761970556447377 38.234802557397686 54.81245945425448 102.4699928275895 85.16869372203585 67.8677165625536 50.56739179924679 33.26873721991777 15.977178721653747 1.5637149565861117 18.6637019343281 35.95741837490124 53.25647099975595 103.5426643063429 86.45043725040769 69.46211495287208 52.67831878963524 36.38320589416245 21.706741248865566 14.742459226181342 23.71097080068754 38.804544997563994 55.20949042054448 106.48222113017711 89.93458924854437 73.73402783287861 58.171238326062 43.929359967664 32.777949247333915 28.59560871003881 34.05485734942134 45.83085610833267 60.3316751388515 111.14059047877886 95.38005195520184 80.25697796192044 66.20963263765988 54.082835895110385 45.44112196060472 42.468137866311515 46.269802732028914 55.470274004151385 67.90959205778132 117.3131328189459 102.47456046415365 88.53472736563852 75.9898569176523 65.64462473508831 58.674297240524936 56.345608122328095 59.208782715644354 66.59752506361552 77.22356334904033 124.7752542743253 110.90200143037242 98.12407003441015 86.92584009618763 77.99076606039715 72.16444320611818 70.22494922975098 72.48496039848449 78.58298054997871 87.7222294435458
37.27637168446081 31.79646118224479 21.076569655495415 47.54578748911568 45.76907313120608 27.133670997747963 25.658886042303912 64.2150822444789 17.538186477888754 16.55020344843058 0.0 41.848284851266506 13.52913607765403 26.24470207962604 41.02740761513294 21.348350805062122 42.18532455186033 59.00991579406472 21.94907164282863 18.218434701568995 45.76543159790192 9.174570169721669 15.435062135922294 47.90623743995761 13.106481480509899 47.83450292781522 25.970087866972385 68.00903524502846 18.429691809925895 30.65239939482451 2.0006758974219174 49.03271446024456 29.189985840560098 24.694865260153986 49.82144753280727 39.4416817556507 31.69817048776479 67.90643007265683 6.394068011288645 31.696316512965094 118.70957123872888 105.20844263163022 92.97505118287914 82.57477537791947 74.77644388554735 70.44948003436654 70.23839092472588 74.1783224933101 81.67071165147921 91.85029341614103 110.89530891917282 96.34749637766845 82.8650035798865 71.05684921803483 61.88894138712894 56.657784585652266 56.46827680470063 61.36714315851075 70.29853822449986 81.95450528376617 104.40641461022402 88.837873141799 74.04283175459676 60.590585915734 49.58631067774668 42.95451372553887 42.77947206273861 49.130246776693 59.968191605751365 73.33001976163212 99.50262255312406 83.04709059225098 67.0192237060915 51.817402154399495 38.43461610966224 29.463638516186407 29.286549871912328 38.02640847963552 51.31299260392443 66.47366702450857 96.42614421241396 79.35243516970769 62.404561254368055 45.72266595092402 29.757481686270516 16.708257518631896 16.478368871525454 29.370393772986674 45.30359851541574 61.97519394766905 95.35405711759661 78.05219684143792 60.750376611701206 43.44864426945247 26.14717428220418 8.847505904793884 8.461418452448624 25.760948107945495 43.06240699628768 60.3641362806432 96.35330610915051 79.26431466982561 62.29298714611464 45.57097322542814 29.524966375479842 16.292524785272278 16.05869776583598 29.138117125864895 45.15407679259897 61.866502390043394 99.36140456287757 82.87861413801551 66.81130525742519 51.54945395526017 38.07429264160091 28.99426118154949 28.816531141424058 37.66732824134179 51.04872800463575 66.27086470788986 104.20448716990747 88.60155948507997 73.76044115374614 60.246777130119824 49.16757843795214 42.47272682503598 42.297983617699416 48.713565379271934 59.62892440265731 73.05416441515031 110.64178591299095 96.0569232841594 82.52853290140715 70.66599950821761 61.44189728515206 56.171420754253724 55.98257576464382 60.922636031941764 69.91269473403734 81.62536799764838
73.58480461398774 68.92360559188636 51.985575044333125 27.452436240904888 74.64517909603336 47.61394160382798 67.16385385110044 25.960724668293153 42.69675776363998 44.92143950240577 41.848284851266506 0.0 54.12414892554592 54.1170875887613 9.454418495933252 24.023249777815362 63.17890677157239 19.92776216692991 30.90043018737981 54.06107077265 82.97069649411769 41.61833845382525 45.025949548010814 32.04644030600128 38.73606117341814 11.333911734685882 34.223174593693244 27.386789331471377 34.142716707776025 72.49896517578203 40.415983541323016 9.867639421235909 69.60440992766458 59.305490978665944 19.35537107079283 23.34530349240225 48.83183410126625 26.972448103736784 38.180123133655464 67.09822477523744 78.09006966395117 66.2545057449656 57.27093727291439 52.62091935811467 53.44775229607483 59.52363791246706 69.48499757860198 81.92659201885398 95.88778985909377 110.79562347350635 69.3302914944977 55.715318382758944 44.725948974581215 38.66950667314474 39.86172859436075 47.76285682649642 59.76897191176531 73.9058586305706 89.16573502019989 105.06039733660111 62.58224711062461 47.09688574513895 33.442583267515275 24.84767271976943 26.741691024634157 37.570466771208835 52.02569214549518 67.82710408276425 84.22036682692709 100.91746659409742 58.545850986679866 41.61047957255345 25.1785713505382 11.627639603507399 15.334818314704728 30.55854062682642 47.23563549096192 64.24405978547128 81.37632504411157 98.56787732379694 57.79215628586618 40.54811633329846 23.38973439842495 6.980196223719654 12.209837445981929 29.123026089946535 46.32423441198505 63.58012477275093 80.85569470000662 98.14055222873104 60.44409718096691 44.22975329202574 29.28763010874139 18.920134443992673 21.374978508951695 33.97822735257048 49.50618315586939 65.92356495333118 82.70237403167008 99.6602274409262 66.09295626307399 51.65066863263821 39.572879865369366 32.60280079332036 34.03793422658761 43.04564857645676 56.08906581854872 70.97708993356846 86.76531469657091 103.04077310047742 74.05601322027302 61.47114010366543 51.68957517673247 46.51479810894082 47.47782481527672 54.252782418650156 65.04835198504706 78.21710130446321 92.75367874902581 108.10771503795733 83.67505997368956 72.72539933427909 64.61538171624571 60.49799335361185 61.18466020869314 66.52679076462432 75.54310645886083 87.09996427480473 100.32318983546654 114.63758920743055 94.44535431224912 84.84466950844237 77.94868471532948 74.51216991891613 75.01210566077575 79.37414590245146 87.01942652124667 97.17609098102527 109.14527583016142 122.39639016121015
24.4332877068907 18.875660485219573 14.918507204665005 61.00642005952054 35.49554339623597 36.477163753900285 13.267841537987772 74.66693259328177 18.27911511005022 15.662606235055462 13.52913607765403 54.12414892554592 0.0 20.065636794127297 51.932982454004794 34.8540233058549 48.70082456561146 69.89104343331276 35.09272566755794 8.949015376228335 32.4724338209633 13.386396178770356 14.537051379738777 61.17891780514263 17.852373331548726 58.73865394979731 38.571095938110254 79.20738403258444 24.395650954853924 19.704804693202416 14.280448343105231 60.38141457397775 15.758763484870345 14.146365519323064 59.310557490059956 52.936792020194105 41.21407352102304 79.25276814212337 15.952671661195312 19.582724601282482 129.40265043876886 115.12912444405008 101.79918905815092 89.83387297771074 79.84901264020735 72.66563940136429 69.1622420429431 69.89439565604096 74.73772547204881 82.97541152703945 122.37311964781722 107.2052151830907 92.78703899604123 79.52741503634934 68.1064135960836 59.59073835397646 55.33829882167533 56.32315003360212 62.29739831845153 72.03008495755867 116.62322683515877 100.62330977844414 85.13418325544515 70.49335501372714 57.35418292081922 46.993582019043124 41.5451135342918 42.922038876836424 50.56986888724717 62.21757880458105 112.3497017816909 95.66092114959248 79.23558611342578 63.279177500884465 48.259096869104056 35.388366493786314 27.828806346266614 29.920868458610776 40.184377599667016 54.15736297030238 109.72524677870712 92.57891888895979 75.50361166484481 58.56148252935135 41.91433892437939 26.132146654024186 14.411074903825988 18.19840050336538 32.4560809670234 48.7270490841415 108.86922545985468 91.56741752412547 74.26566673200384 56.964025152407174 39.662635707706336 22.36208363064221 5.07094671916194 12.250706928852871 29.549259604735436 46.85030703658771 109.82301026709928 92.6942376536863 75.64431513051655 58.74194188360492 42.16493410757076 26.5303638817593 15.117915017466515 18.76046664214367 32.77302961528433 48.93772000275404 112.54058285837795 95.88400529769132 79.50353373009442 63.612821043778624 48.69373521040426 35.97608119870998 28.56898160968073 30.607265871909394 40.695607382492774 54.535950696905076 116.8989615810291 100.94129808942346 85.50806422941768 70.94235253938454 57.9025963740157 47.65825109564391 42.29198595294418 43.64195460722738 51.179422386066136 62.71165200566022 122.72339855690286 107.60305286120891 93.24430116595207 80.05798335217149 68.722339751104 60.290443252065565 56.087551190737074 57.05600348840814 62.95760441758475 72.59910921121491
21.3309124061529 18.46131463092197 5.404374453137009 69.28787079629177 21.255709623035212 53.270645195679855 27.982639449425353 68.6235405780396 11.97613745223602 10.806012610469772 26.24470207962604 54.1170875887613 20.065636794127297 0.0 48.626243094277086 42.65602407138636 67.41264551533331 65.06370901356992 46.42858781525517 11.192240884535378 30.549826158907795 17.94844088062354 11.49819563427622 70.8386055560603 17.336653506971093 54.76297982331472 51.220575048247866 74.64454124678718 20.071467807582064 35.33598495410184 25.289185900319957 57.318718241803296 25.176973140006005 9.47448310496957 52.37360007544215 61.11667459712327 57.8924347528647 75.05447521650285 22.82269450211971 15.124951600455294 122.29677387108356 106.67137709040966 91.65023878593084 77.58512510194163 65.09868503540237 55.27140072849351 49.706322260602384 49.851890595665374 55.66332103234614 65.65288576876686 117.2807536864985 100.90868621180019 84.90617316945718 69.52885051058342 55.30073585638014 43.3680670677272 36.08482531750023 36.36134647263342 44.0555097407219 56.19907367379869 113.79116932054662 96.84994795405383 80.06313752838825 63.553213388180154 47.60910881308974 33.0598687379153 22.759480858836334 23.275403024999164 34.12046558892302 48.840345279656034 111.97087807452704 94.71453214707817 77.47851955545664 60.28028462760896 43.16500627460551 26.29517347754114 10.879699415428748 12.000537494495433 27.719510648170683 44.62558650169136 111.90139871615621 94.6327605198577 77.37899648100472 60.15290710376877 42.98777469810348 26.0045903215568 10.160810298783451 11.356003606191045 27.447932048149635 44.45821109057867 113.58594513248093 96.60984904284757 79.77387118593158 63.19010767060053 47.125582038059555 32.36298578679799 21.73975177587821 22.284127920078586 33.45533587756812 48.38024629775707 116.94872290138872 100.52436461971588 84.45116854585979 68.97506613353006 54.60611248222776 42.482975245998524 35.021232762167855 35.31116248077823 43.196962166764955 55.53183571813449 121.85082068945512 106.16215496004052 91.05979407151145 76.88999515402104 64.27253629149942 54.3005413989115 48.62963067446623 48.78355738737753 54.71318188253126 64.85315243298986 128.11559745330337 113.26611147838675 99.21447749437334 86.3510736268602 75.28743670736279 66.9222173360521 62.351127161880186 62.41344231513058 67.09625431403678 75.5451635930049 135.5541691953348 121.57940662278052 108.56729214186258 96.90638375192661 87.14082270663071 79.9680200696089 76.12444395726146 76.11611645375466 79.94423608023048 87.10444341700773
69.07629553166511 64.81820469609202 47.303181859315096 36.57700670361479 68.33087011180037 52.051940804965774 65.19491872974757 23.2294131138237 38.01058786084071 40.540633163321885 41.02740761513294 9.454418495933252 51.932982454004794 48.626243094277086 0.0 27.28428941896255 68.39513448908616 18.02002145545111 35.16236385707174 50.348740703737505 78.50558705551167 38.732856682970926 40.886438307686504 40.97285328931081 35.03300931811444 6.828795694234585 39.402854483145454 27.27675046412815 29.428071413962513 71.16781964060104 39.31236067661917 8.742044868063646 66.78926155494116 54.93455021910311 11.407763956064432 31.645381574627727 53.98913346639451 27.36276886489952 36.22458810363295 62.557857285415764 77.71367644769552 64.32356083798334 53.23841898905469 46.150209532271056 44.98953466308358 50.1694969523229 60.07164410576842 72.7937513283805 87.10890795406732 102.35085374741463 70.46541974024353 55.39308577485637 42.07281214747139 32.71938401369278 31.140065131747363 38.30872251227997 50.63715812082323 65.26403559733845 80.95292397522405 97.1908764005744 65.51295262280266 48.96985168946615 33.209306542667925 20.15891765559212 17.567530688677813 28.452883182626984 43.694704962480095 60.063301403974634 76.8419505396723 93.81088851150064 63.39668646007357 46.11385170550769 28.853914056962854 11.718488212427538 6.388360341454719 23.302637232918165 40.54538479845699 57.82349978330284 75.11257949380222 92.40646969516254 64.39687839187368 47.47336793468867 30.970894947808898 16.22913919602984 12.895213786299164 25.84378208621041 42.050309877771106 58.88352064438958 75.92774460297085 93.06711960648815 68.37689241748022 52.723283183008874 38.50714430073258 28.010107720572822 26.173316690470067 34.41263254075706 47.77160715235663 63.07720682739949 79.20891358940735 95.75009327645049 74.86291959795037 60.865027624648576 49.023997727055765 41.241472173137296 39.96337835316556 45.73827828331545 56.441248212114466 69.84228524020143 84.6698353824452 100.29318594958113 83.27134347346642 70.9092973615524 60.998686391009436 54.88397317448269 53.87356274067469 58.233757343247234 66.9229385724045 78.51680330211323 91.92277506107241 106.45846245970537 93.0825450867436 82.16116043368834 73.72410382469883 68.69295308073167 67.8298698108645 71.28640677999357 78.49397086386229 88.54121215254423 100.58071462077622 113.98291614985195 103.89977252578093 94.1886961823344 86.8708182520776 82.58479555650507 81.80854887317929 84.63870095118166 90.73842376227546 99.50826203318842 110.31322539104268 122.616483378284
