0.0 33.105573145869066 47.4537086162096 49.97459143659621 81.60302650939578 85.20731803594165 52.98128555927413 67.45460869528334 35.53515964950766 48.01880244499874 14.9374385596521 60.83625105847093 5.019203343117398 42.221807701993356 22.820204445007807 62.27583767912218 33.90821013190222 32.23101906767359 19.92656986728995 73.0091575482861 63.75667583707867 16.5536344096021 96.25301866687931 53.077769759783315 72.45099249996242 94.32670822313885 46.78186146261942 61.34090803211541 89.62638029518115 52.27269985955099 14.896536870893698 52.93095969013132 7.7855027499440554 48.86119037549201 49.83920943942337 63.015253163175146 28.924965808574303 47.186301151244294 25.283697435176123 87.33430632197162 52.11959566620045 39.77737142923905 32.353284061905995 33.31575284676289 42.0933780099105 55.0679057453064 69.9414376485936 85.73123027070822 102.01270348925419 118.58350723677816 44.89047281911256 29.73462169594097 18.757745111710925 20.451659413288922 32.91503973328166 48.44833748772834 64.88293355561805 81.67656227455484 98.64602718765785 115.71399496816777 41.434950348215274 24.23245825510056 7.502166572037373 11.138515203014094 28.116971494894464 45.34065723635666 62.60750640831902 79.88953665012748 97.1786489983107 114.4716345806227 42.6797162312332 26.295178761071657 12.650206039949632 15.077534211904478 29.88895115674462 46.45513752930429 63.415481096917034 80.52129979638984 97.696208919759 114.90923284016334 48.26243116532999 34.59507799131364 25.750478631126132 26.98268792254421 37.306223537140944 51.518479703356405 67.19571233727731 83.51697031893588 100.16793636234931 117.00793643140088 56.92064775224933 45.8623354946663 39.565813957060094 40.326909028011336 47.80974471828206 59.5314196778251 73.49091309918181 88.63715263800385 104.45516496344746 120.68108504331026 67.4806554258724 58.40399554494251 53.54544132728627 54.05461710844273 59.79455432583872 69.48075687339912 81.72185862175428 95.5408212726551 110.34643009152892 125.79078062263075 79.1850978436588 71.55291344704273 67.58735480950332 67.93359288884882 72.5299039064316 80.65291243141365 91.3667828671628 103.87288935882454 117.60083622109794 132.17044911507992 91.59616972601718 85.0276875368087 81.6592804671983 81.88680983130038 85.6816331638599 92.60624167977419 102.02534407308775 113.31860732720027 125.98302979888552 139.64605946625292 104.46216761888307 98.69478863601243 95.74783015442891 95.88170571079364 99.08392824310849 105.07434043204074 113.41198363885898 123.62284530902309 135.28343048708663 148.0515926214074
33.105573145869066 0.0 31.501299080800187 23.48781117957354 61.39037075087941 56.241007809712315 41.732149527621594 46.431234271604396 2.844019176063093 28.702531338463793 18.47959323910214 42.6563954229097 37.956371780898856 33.261689682559975 25.47557707490359 43.02401182456111 0.9480862678264286 8.806023989071582 13.537103465194143 51.314222793585444 61.56652371389735 18.013659660350978 69.96340132782564 27.718669070128854 54.722533598250486 64.81146472666637 30.282416201121183 42.145189922190994 61.14195775643166 36.44499770558907 20.757926724353563 33.50745415764538 40.66708426019511 35.536978744107195 31.295888518777726 46.09353369646969 5.884708975067047 19.742811800620743 12.240506856614507 63.04151760834584 78.64767856654744 62.61300666642922 47.47662644035213 34.44389215815676 26.785136743798397 29.106968037160453 39.695060408006896 53.878476665515585 69.48951625443566 85.75200105634252 75.05640281077925 58.0596330329673 41.31696053998381 25.33721223666806 13.250293389984208 17.546483443988247 32.23198322960461 48.668627059998684 65.55213674790267 82.6089756614269 74.03338048444947 56.737084937547216 39.445732076019276 22.1708895032183 5.083748052654678 12.603739036891529 29.842546334143822 47.12764046978206 64.4217743572828 81.71920898405455 75.6828447511425 58.86355605694418 42.434135714377355 27.112836740505802 16.378899796837803 20.003579708251525 33.62633557026927 49.59869037349708 66.2422986450036 83.1550754487324 79.83930592029226 64.09665941228809 49.408076362763886 37.04920452677792 30.04726920129539 32.12074876233473 41.94467665694082 55.54888462274376 70.78637262866019 86.80122004356109 86.14056850231958 71.75986453919363 58.97001795875008 49.03215394180857 43.926591776917796 45.317138623124 52.691981208872484 64.015240039036 77.57680886375404 92.39629771924065 94.15692423046956 81.16768189264434 70.06822434631587 61.883897893340745 57.86514365559294 58.87130165496675 64.66825143188584 74.14062721807538 86.08356255078422 99.61236948484174 103.49048584214971 91.7850993315438 82.08176803188258 75.15994419954846 71.82831033854309 72.58294224812042 77.30426398306872 85.33641274171336 95.85064336794915 108.12528248641532 113.81754721162523 103.23946695751758 94.66265679121675 88.66976493242652 85.80392418335305 86.37694812403232 90.32341058116822 97.233417097171 106.53184439826497 117.65376283762477 124.89177128074418 115.28143774255513 107.61194204873976 102.32064838045162 99.78659694071368 100.2191578680685 103.5811715964037 109.60339157697355 117.87880475659414 127.9710381507541
47.4537086162096 31.501299080800187 0.0 15.655570734562225 34.167316441268675 42.899942169394535 10.733271389700757 20.19538110740748 32.93567576212266 4.7092935047059825 35.80930478719695 13.40923097931098 52.029713436650134 8.895836088296262 25.138306744591226 14.835972746702181 31.958721716847442 23.276433918630232 33.02965716932646 25.756574910408744 32.50359653444452 33.02007931857611 50.338908559665605 14.200929382991895 25.37440554968186 52.058997732884315 1.251355850715589 13.908062206018911 46.23910897580148 5.22136563359211 33.33776012605972 6.401759382708446 52.13209373512055 4.605801447949318 3.7700538249091653 15.96096234836762 35.93738515391405 17.46876071683089 26.02889421097079 40.573480455883704 99.47421117325038 85.86023764801664 73.80745079242948 64.2012214786626 58.26449647777027 57.152462098834114 61.128994444732186 69.32388955713942 80.45835586382563 93.48791395950734 92.02730237442782 77.15188866295098 63.517776960540196 52.1086037016171 44.663292462020294 43.27837025028593 48.476071351355074 58.52816569761727 71.41335582524452 85.86555260636884 86.26475993751897 70.21183112578875 54.92270131505325 41.25547813654755 31.404383447019843 29.481614440337918 36.75330389561934 49.30673961410139 64.11094494976666 79.92484857735079 82.5402122258462 65.60378764685532 48.92381592416354 32.892781384560095 19.210488320730555 15.964433830071792 27.191835634894602 42.69240207058767 59.19965334009842 76.06095718743963 81.13486822558119 63.83486544214955 46.53629603197497 29.24170393561029 11.968343580630862 5.488063902158555 22.70925012078336 40.00018543739922 57.297759356962366 74.5973539608065 82.16783260367318 65.13680819619441 48.29873327452671 31.960041874336547 17.57366507176515 13.961945361066801 26.072033277877164 41.99141230040479 58.69854582079885 75.67346062332692 85.5508143965112 69.33682830922395 53.80483001529451 39.7622152671292 29.424782921083164 27.373563779856557 35.092965037519676 48.08773703638048 63.18270941039777 79.1857887536738 91.02211888953846 75.95563114197753 62.06605421827412 50.33723948971995 42.59325864431412 41.14898654611089 46.59396865418179 56.98650845092544 70.16146937690814 84.83222756658802 98.23335364766767 84.42615977559899 72.14194330153047 62.28838058375628 56.15980388075011 55.0154853832926 59.14543546099082 67.58964627506596 78.97617916155926 92.22153929390632 106.83266953530165 94.25036862747345 83.37706550873965 74.96017929396926 69.89286277958395 68.917968747215 72.20146069134628 79.2155653680849 89.08339367055419 100.9717119762557
49.97459143659621 23.48781117957354 15.655570734562225 0.0 38.17930166107467 35.23332607133783 25.755770618570548 23.41773575519633 23.632400777120964 10.963140788086868 35.70631317749552 21.32455863307571 54.95763256001627 23.153833180005925 31.39777943738067 21.025200771306423 23.49814494748182 18.55706599222312 31.348072534440107 27.99111984413003 47.83444737529334 33.543773940635646 47.222564655892924 4.309663229552677 32.514534750762536 44.37681816877605 14.623670480592976 20.279856677396296 39.69250051061701 18.3942145990063 35.10255487536487 13.285071340933206 56.27822858550509 20.136743933421194 12.870493048565251 25.052821467969196 29.192992864390288 3.7816347037761084 24.844726741570895 39.67701863321653 99.97838354687312 84.75483353061875 70.49674213299173 57.92153063014661 48.360324486840476 43.83198002897207 45.852679059577454 53.68796974646169 65.27658254578958 78.98335632836535 94.58897773272928 78.35547503195141 62.69605628780271 48.17384900856363 36.18498625564615 29.944882369967015 32.90513603994137 43.21468758745112 57.017363289961594 72.34057960455266 91.08371307194712 74.10619699514618 57.32300106252891 40.973611510263844 25.89323466159983 16.149140347617788 21.20948463254147 35.17956956063099 51.225719733717774 67.89152363630637 89.68383752464558 72.386704419522 55.09258413425983 37.8056115247694 20.543838132956036 3.6807463923522965 14.27445582419386 31.506917818936756 48.78857692249205 66.08084587907659 90.4871377790024 73.37508912348967 56.3790581323847 39.64852556522808 23.75133374562904 12.448253753085302 18.560848038657053 33.65655998366001 50.19697074081813 67.122429967683 93.43679622863692 76.96708746231825 60.96015504299275 45.90270951529225 33.11626890854752 26.173002877635167 29.53091905930162 40.71651469588381 55.15708698876727 70.89064965677996 98.33982569704773 82.824596543646 68.17486370543637 55.08553407391369 44.94136025536389 40.04674061038648 42.26656811215925 50.67435151021659 62.83329369417927 76.98611216516193 104.92267605959422 90.50875110757222 77.28906426154714 65.98533347599326 57.73411786644944 53.95453502909863 55.566668850711665 62.15236823056357 72.36627956863767 84.90900607584125 112.89178742031821 99.59756116853994 87.7125061513467 77.88442913276893 70.97306453186877 67.87531582763847 69.10594858913 74.45063320155673 83.11950709465764 94.19925242132965 121.97565190247089 109.74246922213565 99.03252105548336 90.38889137862405 84.44846905454557 81.80230406254087 82.76696658480604 87.22273412783652 94.67798436252271 104.49266423943776
81.60302650939578 61.39037075087941 34.167316441268675 38.17930166107467 0.0 28.411306474177923 30.626212349521204 15.001913769436294 61.771141465785995 34.356750450152525 69.67799522154516 20.767293393137376 86.12415042562009 40.26538119799762 59.06886481475078 19.442078595348086 61.50320549861035 54.88764728644069 66.40982908860424 10.250541398840987 39.849453042026 66.96568223101231 23.032459722365697 33.87005445781183 10.131503801575183 33.733947154124245 34.90974149136162 20.38768279215213 27.564495554800303 29.36724455996512 67.45486620063767 29.197839132123505 86.00912420097767 33.06710086118541 32.14936280472246 18.891820344496942 66.85487137530406 41.95309077283313 59.33543728128936 12.663335236573952 133.6413041701777 119.85224029831528 107.08784127384601 95.75874327510549 86.4312038558975 79.81011219281403 76.6005217912247 77.22895047517335 81.6067801510936 89.18355938112997 126.005728570427 111.3152630828168 97.48551863252149 84.93797311377725 74.32487199117806 66.57783642366978 62.76722389861522 63.60451930361891 68.92053208263503 77.80256419895491 119.54303961435117 103.97813543316533 89.05654910268397 75.16240543205643 62.97942048940486 53.685469009942565 48.954608806174384 50.096704750725436 56.758328845658525 67.32041237763866 114.45219510063856 98.11053314839661 82.16298507145231 66.89202618467537 52.8870293031724 41.451661248017764 35.18735884194273 36.83433011060004 45.5422131377968 58.22478965702559 110.92231793798922 93.98817477700769 77.21725731756163 60.744910124204395 44.90094467842162 30.67502255473403 21.552972722491077 24.22427927419091 36.163686596688635 51.25934255225524 109.1050716970086 91.84641992512496 74.60781724416947 57.40732786542259 40.29379045453194 23.458285606169046 8.700927296040545 14.13628189752266 30.37558483068346 47.37331737981244 109.0861074913098 91.82399461587164 74.58033590972903 57.371773540565634 40.243355620103515 23.37195587751682 8.466542925859276 13.993918475246304 30.309908232616 47.33143455935857 110.86634840547725 93.92241723589432 77.13757332151701 60.644055638798946 44.76504505356801 30.476688483921954 21.271091444440227 23.97502094958742 35.997992108307464 51.14313981476328 114.36177747627946 98.00552372560779 82.03814333951559 66.73933617660148 52.69467499621947 41.20711469738376 34.90030916100523 36.561518110388924 45.322901304794755 58.054232472195395 119.42183381931177 103.83940203061458 88.89527847799006 74.97213987813093 62.75328741200536 53.421255181750176 48.66608706859773 49.81613852149688 56.512028675802625 67.11388242437401
85.20731803594165 56.241007809712315 42.899942169394535 35.23332607133783 28.411306474177923 0.0 46.56024616806627 27.18233712575804 55.279573005879726 39.838022319564466 70.82780527279223 34.33490530814001 90.1907987615586 51.670190873951654 65.736998662191 32.12013971444998 55.90650194758638 53.42777682573688 66.29241826995916 24.295895010433018 63.74112289141354 68.74940014493335 16.72068339621694 32.39220157283055 33.44893095723087 9.267588910650865 42.79157302790823 32.56481951884276 5.138388916734788 40.77328707254738 70.33444638821771 36.536569476375945 91.4446829178464 44.95293718379206 39.24517865359067 35.85203162927215 62.107587644965776 38.150134135684716 60.02333674563424 17.84362554693675 134.6051988684385 118.83164649575798 103.5473862004406 89.00484539062181 75.633088998496 64.16826423216794 55.79846281540628 52.03913052276047 53.86440469948718 60.77316362287376 129.74030250782278 113.31743514304537 97.20001321413389 81.56929863220634 66.76799262492193 53.48911710261986 43.16147480370175 38.255020790358074 40.77605637830023 49.60477176142619 126.25609306510675 109.32970414048202 92.54230421396957 75.98606860155205 59.85313579413893 44.605199225088796 31.552502628470908 24.499137475631546 28.34723518637824 40.07036859200999 124.26881014031316 107.03925568572096 89.83752222661165 72.68336535893005 55.6208221623521 38.77103524769551 22.614675509365465 10.879659032763453 18.000651960581585 33.59156172914649 123.8505617482493 106.55563042050974 89.2634116241227 71.9758604447038 54.69740277423581 37.44063040673424 20.26102889233069 4.234540094787888 14.968864999368988 32.07672147275234 125.01710258539893 107.90313267178806 90.86037812397558 73.93810084277175 57.24324738025101 41.054209967619684 26.32145726482865 17.288789433830864 22.44320696113468 36.15529018525688 127.72500104545287 111.01508504031405 94.51841744986167 78.36977915225322 62.838063688154406 48.51938920100828 36.855785509648 31.004445478118885 34.10148486612566 44.30864269564794 131.87930729652064 115.7492193947221 100.01157770845835 84.88494182764097 70.76224142011446 58.37670820710785 49.06209433089799 44.77769453649931 46.9222606525619 54.7454011798575 137.3487818650944 121.91664643272199 107.05767726164564 93.04687329600118 80.32927104347333 69.61723730273766 61.95986168720381 58.567789598364634 60.16680383862867 66.39728441298622 143.98355232715696 129.31236878039135 115.37244908913159 102.4626917921674 91.02248250693238 81.67171693229876 75.19397771456956 72.36495792572074 73.60657511344768 78.72646681716398
52.98128555927413 41.732149527621594 10.733271389700757 25.755770618570548 30.626212349521204 46.56024616806627 0.0 20.072489820413914 43.355167202513904 15.007440252074714 43.32781671959558 12.347850821984764 57.117990613013504 10.813580406841378 30.180687215379933 14.56500529667996 42.259070060155906 33.1990456523745 41.38390388668437 24.895730932753494 22.08371255694064 40.44090178072054 50.50659382064171 23.36838490815216 20.614657235760887 55.2290837271017 11.974974149737369 14.02507253534833 48.95438820567078 7.572753461491143 40.13193027989825 13.198609897454112 56.44881674984895 6.259195547500546 12.885321933607354 12.156625820949113 45.76541904713964 28.001276881609595 34.71870264047083 39.91092512528595 104.98378527151986 92.4201386776584 81.60919084952367 73.33027453993911 68.50758667803163 67.8818152107106 71.56314257829128 78.95135876268154 89.12935465060559 101.25935909920068 96.39100863928567 82.57744069085912 70.32453581571987 60.586685226151836 54.723413437200946 54.011637564221644 58.639248538445706 67.5171489956472 79.2292168978931 92.70745209621762 89.21701237930726 74.11867001842303 60.21781350430345 48.554080692047734 41.079414689462126 40.20253401748404 46.2998384710982 57.182271852883005 70.67287497168215 85.54650296672472 83.826967237904 67.56575753254509 51.98089173164584 37.91576161935778 27.78321818766733 26.550325917041985 35.1659318018299 48.65260601875169 64.00171673509985 80.15031988275173 80.57974484370598 63.51149522147194 46.61585246037549 30.18407369973442 15.742675718750828 13.538770314775242 26.78577409116422 43.01592745556083 59.8496053890621 76.89143934628882 79.73761627162344 62.44453657293072 45.15823763049998 27.891329888255985 10.737770668841756 7.168454079946938 24.21130578499485 41.469283821777054 58.75312121518258 76.04518777225891 81.3752964525297 64.51328452646355 47.965625160761626 32.22034796168591 19.347164069615747 17.583714094718157 29.03056241717347 44.44178682509975 60.87761154317027 77.69045673192689 85.35013640301682 69.43801168754119 54.38141474452036 41.13086665250061 32.01354764916852 30.93049295023421 38.564655771385944 51.15153052377894 65.91232505816768 81.67679740069418 91.3575323682877 76.67027764630801 63.31799300796231 52.332676342637086 45.46376357454793 44.653136442555905 50.1951730804413 60.364825996324015 73.25962766097331 87.6854485236061 99.02819055712312 85.62727830993045 73.86593286755885 64.64532673141169 59.1655092129195 58.48755145452076 62.76724346653645 71.11509693493886 82.30239458240077 95.33471706519165
67.45460869528334 46.431234271604396 20.19538110740748 23.41773575519633 15.001913769436294 27.18233712575804 20.072489820413914 0.0 46.891983405537125 19.631249103331008 55.01031032057956 7.8243725788647795 72.11282360284652 27.608424927310573 45.32946679230564 5.724456568702581 46.56628900487739 39.89960922304937 51.575084807410754 5.566346311457791 36.83442172080275 52.35648175111705 30.742840226439007 19.123469997740646 9.986856255065899 35.444091817492236 20.728379479915088 6.521918811393719 29.06790985190337 16.090201589868713 53.021641559910044 14.557936171579735 72.31549611384786 20.265684579161086 17.626148277983447 8.671928573648223 51.862602265001705 27.159286835282554 44.51475349823846 20.52652522077322 119.29127564040066 105.17962199078134 92.16176166173105 80.76831517276287 71.77704474469994 66.17447062259174 64.84496869994076 68.03949120081857 75.18356039457043 85.2904223093156 112.1626275742096 97.05852009385315 82.81882944828399 69.97329197485026 59.432865982514755 52.60200013924234 50.99388364454264 55.067983533351295 63.74394357445791 75.45063793637766 106.42918139837963 90.4036062101874 74.94771689418104 60.49971412188686 47.97892703547033 39.27399088041973 37.17017849675955 42.65565459470481 53.44244060586843 67.01784043401496 102.32581911752418 85.55780405540189 69.05369940256996 53.0603426047416 38.224305138075884 26.56136365257203 23.422757411075562 31.471512201587164 45.06659057020541 60.58258892466213 100.0533612247311 82.83927809867023 65.67137954020328 48.59863554454383 31.77479904185633 16.005046791435856 10.069676396553609 23.352696502906642 39.84986419639338 56.827705481297784 99.73706800666439 82.45873548549886 65.19292043574549 47.953145734053635 30.783193310946462 13.9434317449582 6.320370322503635 22.00428065130074 39.07867892762969 56.29219679720098 101.39525180497714 84.44779406149102 67.67994276232366 51.26822875833088 35.70713941216698 22.809652064084172 19.08592536092876 28.40733644321053 42.992939862512856 59.06370196268405 104.93432890978534 88.64706329917384 72.8292433094352 57.86712306871833 44.629783613003376 35.124630110147265 32.777585289070444 38.90641279242608 50.51491084154577 64.71871352393165 110.17314180273601 94.76311715657359 80.1291368918785 66.78331971663654 55.66011151126252 48.319636198909244 46.585721839424494 51.033074806240606 60.3093937706808 72.58632266215929 116.88329367980188 102.45317699107154 89.05222245433507 77.21812538108912 67.7766564965406 61.83370569308742 60.43041344532582 63.86672290153467 71.44772518904517 82.0322637168789
35.53515964950766 2.844019176063093 32.93567576212266 23.632400777120964 61.771141465785995 55.279573005879726 43.355167202513904 46.891983405537125 0.0 29.833742889633438 21.081341945810124 43.54624846089988 40.3281281026373 35.28181757565353 28.273487805603473 43.77515290406929 1.8959329583243185 11.028348486388577 16.203059333597285 51.61326140561844 63.58205354004555 20.755460861224716 69.40864955435326 27.92807135270833 55.47576576456948 63.685826706772936 31.698443275479345 42.92042244809479 60.24661767869339 37.745390474156565 23.524474033536748 34.46228430296018 43.16093640151612 37.11770397918418 32.43317379821481 47.06607471372454 7.222801566401467 19.850876790264515 15.056263431681852 62.847490487172166 80.05073981496777 63.79386802935904 48.26908864701367 34.47989134223704 25.426984930536644 26.51246661261098 36.85106343990744 51.10578768535423 66.81551362306513 83.15969488831975 76.87718135654283 59.782246005398676 42.85377379327111 26.413784014430913 12.555600756806435 14.707525336973063 29.558290875503488 46.14961412829207 63.123642762909434 80.23786346780416 76.2320331390596 58.95414213292065 41.6961918570741 24.5003571152789 7.789488096910257 10.945240677547728 27.886089808519184 45.10192078802716 62.365423556414086 79.64560499243825 78.1779249171986 61.43843109420481 45.12522333857112 29.943327178207937 18.85820772952614 20.331582579088302 32.708203813437216 48.218171246463676 64.64417665271691 81.43377190660136 82.53176314778567 66.86690125785718 52.24539944842493 39.833274626357486 32.28786917222634 33.12147261556577 41.836182008864306 54.792417597846026 69.66247663970503 85.45303389038565 88.94056915296909 74.59950350470358 61.793611604074684 51.677058519332846 46.05746138975902 46.59146437391868 53.093717007915146 63.76381771220577 76.88569140573435 91.4095075286932 96.99778862318695 84.00223505918024 72.82085007120425 64.40553647439481 59.93301482088875 60.28727573947079 65.38991650281909 74.26858661565399 85.75838704638984 98.95390418101012 106.32924815841999 94.57816809138352 84.75162428274842 77.58435945164821 73.8546878586676 74.083628962463 78.23643854466854 85.74487521859953 95.82334793892713 107.75310421323924 116.62937797685636 105.97651662459957 97.25383466150387 91.01796882690228 87.80039268330323 87.93306132782041 91.40138733512887 97.85131553547883 106.74372257769059 117.52548948746877 127.66380300177876 117.95897338335072 110.13289806076824 104.60809767219621 101.76009037064429 101.8137560278297 104.76463559497778 110.38061358997783 118.2826862704214 128.04831476824754
48.01880244499874 28.702531338463793 4.7092935047059825 10.963140788086868 34.356750450152525 39.838022319564466 15.007440252074714 19.631249103331008 29.833742889633438 0.0 35.383336191778554 14.213509840570389 52.76701652581186 12.989714997158735 26.520640354653665 15.015519072920856 29.05383740550703 21.05974496950974 32.059254061093625 25.122075194488676 37.00486419148186 32.72558380430496 48.579570778475556 9.633989670119938 26.457397711922802 49.080155267428125 3.788672445336604 14.077766504473887 43.500834162851234 8.127525956157053 33.44158270418685 5.167840039555409 53.25152138837019 9.184103699953523 2.5997378271572082 17.46405607682704 33.575844109253865 12.994030622619466 24.982868734916703 39.33290206674524 99.70026453483095 85.55987159931887 72.79794107601329 62.26787726457952 55.26062405254243 53.18725711990249 56.59268315651762 64.6163986258239 75.80584326658361 88.9745609295033 92.855930069723 77.51519727552616 63.19567960515277 50.76896774156379 41.95221451996742 39.25805106693843 43.83043345547812 53.84909723536064 66.91075923950025 81.56641578251669 87.76491702885457 71.3671646684678 55.52093476956108 40.872810959772565 29.27985018851493 25.35237763281374 32.04507683692775 44.83013852971495 59.92750758151984 75.97092524416433 84.74388838552238 67.63507873494646 50.657616513670845 34.00878305382323 18.59337294195146 11.556067173597425 22.805368628677385 38.79871088919821 55.58154436173902 72.60846479024853 84.01648091835 66.72561935413503 49.442502558262106 32.17961169742797 15.006909325828648 3.6879282494864243 20.017688946938886 37.23611815861859 54.50745535256434 71.7935265274172 85.64116858210193 68.75090653277488 52.13134168270537 36.15769165499072 22.266404955274176 16.82020086368165 25.860351277722156 40.66089796063083 56.89087555447267 73.61078089080765 89.48991424841964 73.46860937073725 58.185370813865276 44.4088639115252 34.0215522048879 30.68377157939858 36.38998029186708 48.01746032777908 62.33643661899886 77.87615275322891 95.29356970170011 80.4061373335296 66.6943270678773 55.043832107721016 47.01295025025039 44.601741866260475 48.65302777772613 57.82406674130718 70.13438618181299 84.21843861992386 102.7212415268877 89.04607206996941 76.84692068540865 66.93573234363878 60.44859045482819 58.535191891335984 61.62306443010495 69.04442213472441 79.59622581553953 92.20999337369756 111.44860181469303 98.94333584412065 88.07646883403412 79.52253020306836 74.08703699840399 72.47505147566281 74.93373683161153 81.09367754984599 90.19973367578874 101.46175222726274
14.9374385596521 18.47959323910214 35.80930478719695 35.70631317749552 69.67799522154516 70.82780527279223 43.32781671959558 55.01031032057956 21.081341945810124 35.383336191778554 0.0 49.09992766899683 19.926596585444337 32.67389589910117 15.263229777230602 50.243947464441945 19.339233257051003 17.482837961516758 5.0187790348202705 60.47226857828755 58.3430576287296 2.8930685879421856 82.61987946694026 39.12216873296522 61.18230819785852 79.8590157322531 34.9177317360958 49.29803907110398 75.38059274490882 40.94998579015471 4.466743798421807 40.5079087871442 22.275615087636194 38.20182641970516 37.528699731780854 51.7647981169087 15.190602441174532 32.68111411573373 10.888415226427233 74.20815772007542 64.56938271400487 50.18082803232181 38.284912766525906 31.812926849186514 34.01615512583353 43.59867004889774 56.94996028216196 72.00319887200494 87.88817921042994 104.22529523770363 58.91272698479509 42.69443215287633 27.814237033387933 17.976683105611503 21.71180780251595 34.904959095644806 50.63617135718845 67.14461734771486 83.97314771169295 100.96183211091521 56.334729651914635 39.077689611552366 21.89162930696428 5.489498152413215 13.406688410358258 30.464036932333894 47.697896664440954 64.96795128463482 82.25140479011185 99.54127803922368 57.25282970625039 40.384075917369515 24.136563732603562 11.53199344144554 16.796222177882893 32.092870375877645 48.74940636840507 65.7401700360451 82.85981133360812 100.04218987445327 61.51066694754003 46.19779586259967 32.91840108925314 25.13397126389357 27.90201580960811 39.038942794402836 53.556196805481456 69.3628428734571 85.74877445251705 102.43637665426077 68.48811194369254 55.11031579756845 44.523909724014786 39.068099097633876 40.8529117360304 49.0949144792997 61.240240514732434 75.42631960351393 90.70059823108154 106.59631114513464 77.45354462182573 65.87558271379307 57.26109572991857 53.073285498039795 54.345322209376185 60.73511605015432 70.87167600820156 83.39984689204985 97.4011002277792 112.32592778055111 87.79996467939092 77.72743549627242 70.51926149769231 67.1049166454493 68.05780643223413 73.20759371319417 81.76509108758478 92.79224130246111 105.51758883227993 119.39939129302286 99.09562950747909 90.23861763831324 84.05208978697989 81.14912717140608 81.87972424717569 86.15148869205956 93.48021247112555 103.21677480788225 114.7498864379947 127.59330558544997 111.05112095564168 103.16939499156902 97.74541346070747 95.2001934610253 95.76354739866943 99.3826261407856 105.74414848819599 114.39148872345905 124.85058925144554 136.70623896000305
60.83625105847093 42.6563954229097 13.40923097931098 21.32455863307571 20.767293393137376 34.33490530814001 12.347850821984764 7.8243725788647795 43.54624846089988 14.213509840570389 49.09992766899683 0.0 65.37095513737725 20.01333035338113 38.35535860017835 2.2231944947751257 42.93439832149901 35.26006730524791 46.0723744625054 13.043605798857381 31.027469972209197 46.3441778757193 38.53568465228246 17.46818032142327 12.249051446004168 42.90641945709296 14.200929382991895 1.8921021403269334 36.61197495405713 8.675374297518607 46.73585620109678 9.168797434914149 65.33541288278785 12.660142190063095 11.761670800472517 3.743184871972834 47.708102773262084 24.716068636875402 39.00602732792232 28.182998238250384 112.87983827067833 99.2215629476999 86.8715840987044 76.46645407357177 68.89309093394593 65.14668267521279 65.88334732042473 70.96360722292687 79.55969174953823 90.67716613047904 105.30140735718939 90.54843013916194 76.86579763175986 64.93369176624344 55.884869538721006 51.269423603191385 52.27513544876193 58.61336547320587 68.82633416246097 81.46964325725058 99.15860904617594 83.35953737049743 68.29276721420659 54.56829205295134 43.47645112175427 37.43543732273681 38.875815024450844 47.11637593180651 59.39093894605116 73.71106590985391 94.73122985951123 78.06612109288832 61.75227601319859 46.16361014606071 32.36549380519948 23.720928638003738 26.01058823468716 37.27103330801341 51.96556673441312 67.90008326081214 92.26660907366772 75.07030577824696 57.93692828262724 40.945545515029345 24.39469052349771 10.600818056761964 15.111814938357922 30.709440690325533 47.502481343758255 64.56481169824514 91.9227939823903 74.64927112832913 57.39286366574326 40.17563207746069 23.085396232229545 7.106554642202705 12.914496191279818 29.69476044986489 46.85602285494137 64.09296724833807 93.72313229195703 76.84535624229933 60.20883585746943 44.0875372931199 29.34331037588709 19.41805018688516 22.17664023955159 34.716825338387046 50.173941850657705 66.54549428821807 97.54895587249453 81.44710758948214 65.9558356553701 51.627720837246095 39.741404609429935 33.046108719480294 34.690340764850134 43.743600251578115 56.76525137113897 71.62257565244242 103.17513939477307 88.07820915301866 73.95360321240365 61.47522176337166 51.84566824773411 46.85559415702049 47.97523375833763 54.83158184041561 65.65123489012812 78.81858841960938 110.326520728138 96.32035849616108 83.55822750438384 72.69827332832233 64.70545683993306 60.722722136807505 61.53370996068916 66.96447997493738 76.03144963726007 87.61287992175899
5.019203343117398 37.956371780898856 52.029713436650134 54.95763256001627 86.12415042562009 90.1907987615586 57.117990613013504 72.11282360284652 40.3281281026373 52.76701652581186 19.926596585444337 65.37095513737725 0.0 46.436557711360834 27.118185385382084 66.86531755551279 38.73981921670746 37.25002562795657 24.895730932753494 77.67483780593298 66.75578486558199 21.57151224147575 101.10983415431116 58.01946416959444 76.8496395241128 99.31994927321914 51.40145738243412 65.93540525734875 94.59015793593333 56.761350092218926 19.858937906703044 57.62477965180398 4.358813114545603 53.2388671858667 54.52430806832847 67.44134817641181 33.583468702784735 52.19329710367842 30.29801484646776 92.09923408289286 47.867270904746114 36.46283254005743 31.088736839952784 34.672609193196834 45.12847179679665 58.90396398897922 74.17198830353554 90.17760028118727 106.58904354676393 123.24430081739801 40.08892559064532 25.465894442505487 16.988637511189687 22.965801296857624 36.945290009878185 52.92629855371059 69.54238925457514 86.42804479913015 103.45135162121998 120.5540110347217 36.42119212051025 19.213947440797337 3.2499051558181944 15.832294756973337 33.00719311767191 50.26929086657215 67.55177257062806 84.84218241608112 102.13649408167812 119.43301258844244 38.071294379590974 22.170568890409278 11.504684351308942 19.284562920545955 34.787123191816974 51.450038686051386 68.4308555370204 85.54046098862563 102.71451655259922 119.92533645135298 44.45088151918549 31.86824568455002 25.573417888217573 29.85171228368527 41.556710100186734 56.22727084527471 72.0746989122668 88.46880164241244 105.15420062402231 122.01144765016522 53.90610341496987 44.060426535006116 39.692319953393984 42.52464245494878 51.38011331580417 63.798062262814256 78.09721716071519 93.41768453276856 109.33095679604247 125.61193541787341 65.11045679141515 57.17280166156375 53.82180133240791 55.888663699690206 62.841057790400164 73.30179902831348 86.00004837004724 100.08777288221626 115.05570660786529 130.60156333956132 77.3070029116943 70.69505192325786 67.95512459522732 69.54637644216986 75.1943410027155 84.08549391161282 95.31653885082892 108.16101790759468 122.11085101125317 136.82837789522708 90.0935437780721 84.43032576131075 82.0901558624725 83.35339210080534 88.0651052554281 95.71738638344856 105.67333557496214 117.34807262744319 130.2803398396733 144.13203755094935 103.25097063624057 98.28920350461618 96.22598522648822 97.2459822265953 101.25606157018119 107.92343151011436 116.79388790186168 127.40810629921953 139.3682423162414 152.35765978938346
42.221807701993356 33.261689682559975 8.895836088296262 23.153833180005925 40.26538119799762 51.670190873951654 10.813580406841378 27.608424927310573 35.28181757565353 12.989714997158735 32.67389589910117 20.01333035338113 46.436557711360834 0.0 19.40337188534058 21.917718013242833 33.92217664693382 24.465921591758963 31.05291836501801 33.02199856492654 28.309366920448273 29.78113003457745 58.27061470822756 22.58498034032444 30.605682416168648 60.780127107290994 9.32649451312459 21.08728002469098 54.858961907019925 11.534890719910942 29.359190984982465 15.14576633294834 45.94743589298493 7.35720680535372 12.662291860362089 21.374572591871573 36.564142760283524 23.992800376045842 24.695629037127148 48.126529833330736 94.28165690155618 81.60798750470599 70.91821043774578 63.226716423961925 59.70375967170452 61.07500568406504 67.04080750441065 76.53417258590882 88.42615804598248 101.88026025975617 85.95368755260013 71.87306912855058 59.515906414900506 50.17221895973184 45.72814650659555 47.57708060806487 55.08899349324573 66.36805856425681 79.83322979510389 94.55513391502257 79.28832897678643 63.7916998707878 49.50587371550954 37.82843892898221 31.77827482506042 34.459184690244186 44.31388910683741 57.7816132138036 72.88633330672967 88.79655984106245 74.73188521430139 58.05866009621156 41.89837037777625 27.181812892922622 17.914813637883633 22.39960327600358 35.794636328225934 51.570164208688624 68.09126057597551 84.92390582623149 72.68213731416951 55.407843926474115 38.15860051679176 20.99623678224324 4.931395890491045 14.370417970211314 31.423123661492205 48.65213283555742 65.91935147623812 83.20099344022834 73.34956491972277 56.276538095908556 39.40370384858127 23.172571818875312 10.954330796909755 17.37065665167819 32.896734376030956 49.6121318176698 66.62766081113452 83.76061017928068 76.66322485440458 60.51334844566301 45.223791402030436 32.05039705102822 24.657154482990258 28.061241187712305 39.56768783381434 54.24464266388998 70.12896169637922 86.5584886252868 82.30407101310037 67.48682758361637 54.16354898614724 43.72201424760575 38.57778338179722 40.78703913205954 49.37232120710168 61.72824305979084 76.038360257678 91.38924892742658 89.83471522693577 76.45165567406603 64.94717352824344 56.48110429273723 52.54326820726404 54.13109110931731 60.81328074079503 71.169061417998 83.8481698696136 97.9525189890032 98.82398196786436 86.79284632306107 76.80175033810957 69.73314462112664 66.52522817954554 67.7288153732195 73.12640290123431 81.89286350116248 93.08116514638517 105.92666066019724
22.820204445007807 25.47557707490359 25.138306744591226 31.39777943738067 59.06886481475078 65.736998662191 30.180687215379933 45.32946679230564 28.273487805603473 26.520640354653665 15.263229777230602 38.35535860017835 27.118185385382084 19.40337188534058 0.0 39.93748756605076 26.407243807516544 18.735489666732725 15.987701291985296 50.893052502212086 43.2083233832012 12.6121023977768 75.08226744875917 33.45489773445683 49.73227659201203 75.00109933356772 24.631798009251128 39.02049664946229 69.71455509082314 29.705657322237258 11.077913440989738 31.050772360076436 26.997960785153786 26.121444387459896 27.949867939882814 40.331895115116296 25.589924088851326 29.704605218302184 13.248262600692662 65.61173275557394 74.90817014140833 62.29626466758284 52.43203372828061 47.075627049500135 47.76833779031589 54.27906097488085 64.8792860413037 77.91745623324762 92.36688338366505 107.66083427795087 66.94656640296697 52.5033277371542 40.37405717237153 33.19996928392714 34.25083688305081 42.92679923731963 55.77641757172064 70.55505524231037 86.2770611576289 102.50929295562959 61.26661925780612 45.07423220444942 30.141103271221326 19.59585997238528 21.406103657179916 33.63267375007387 49.018406108699004 65.3694382363497 82.11111189871954 99.04553429165846 58.5364158240904 41.30491367493066 24.174228370180874 7.836086289263784 11.710195848544824 28.488008577802688 45.658713145306834 62.90137555633576 80.16957973638642 97.44974854134443 59.165762402957625 42.18806140326019 25.64743180226774 11.595781128875378 14.486085419392525 29.73120163092989 46.44087831758991 63.468725812344324 80.613375331957 97.8134272858421 63.05413522775728 47.46467370854307 33.595794074308664 24.55952680785734 26.007194829511587 36.71905305293434 51.1753297949308 66.99440835183643 83.40442415982365 100.11521381193631 69.65784084666085 55.90417978958186 44.68832566072446 38.30825222763505 39.20082311780899 46.95309876341527 58.9167976031463 73.05129158334843 88.32043914018178 104.22674965380514 78.29270348344075 66.30962431764628 57.12167327220492 52.22552306775949 52.8282631180554 58.760921797708875 68.65542148259811 81.07396801203629 95.03215298553263 109.94513329011046 88.36517213615898 77.89700878547102 70.18672670352565 66.2049962600109 66.62371012736881 71.36545571483771 79.66197389221075 90.54128448350367 103.1896826410294 117.0349918049679 99.4392254299274 90.21189816353505 83.5876534951752 80.21400933842295 80.50068945284987 84.41040777969177 91.47980712372811 101.0478872197803 112.47878974066806 125.2635741166245
