0.0 26.21234164610538 30.701210723394787 20.98103375955791 40.00844994688888 17.78266495196618 36.98105120287441 27.736998397263577 85.65882866188242 75.11061327880644 36.00523218196708 60.597226354592486 72.72078387046894 53.170779592995565 30.287299228905688 28.59658862294387 55.644559694471916 72.96977194878724 28.184366548781583 68.51737872621219 32.48941919102216 38.8413373685426 15.89808344888862 21.94568667444258 36.410211564569394 14.950357360064666 23.827954010585877 31.22511583590974 48.38495720943144 79.23891558214682 22.992576583031276 3.7740016598977713 79.25549349961423 60.29999387253971 82.4693020492793 8.662237116345127 58.546427771343225 86.30046757254986 33.57619441127655 62.68733096367973 124.75287302039912 109.13818624599949 94.11540396818825 80.01859801511374 67.4310313579253 57.355149284000575 51.29311363767204 50.70557229581084 55.76583017397835 65.17132625643694 119.69482983249227 103.34593365539676 87.36486026997092 71.99696319625785 57.73399086965765 45.62424560333976 37.79731425606422 37.073025720505534 43.80512070731122 55.336019528540874 116.12740313401385 99.21168388430681 82.45637503340751 65.98378931371379 50.07372789057472 35.49094393903987 24.709250953866505 23.668505823705654 33.295050042944965 47.493511672582166 114.19043649486382 96.94784349690228 79.73096112437533 62.56101978268808 45.49120202861368 28.7007135642753 13.293821404146623 11.332856978320432 26.05484289716412 42.75499106347268 113.96712141326154 96.68591827276758 79.41374122618255 62.15811510255268 44.93810993956376 27.819950594064977 11.277368995074367 8.895050653364658 25.095383541218194 42.17994900796963 115.46740413401159 98.44189274581446 81.53283332600815 64.83140755733795 48.55236075123222 33.32062268559276 21.49204249950531 20.30427832906293 31.005344364271036 45.92505713485492 118.6258859576641 102.11169281093903 85.90810849594256 70.23045428662523 55.526017511688245 42.809681611233614 34.36433276249182 33.583540617552316 40.90854852297387 53.08363958622039 123.31517497126518 107.4994461285071 92.21893707392212 77.78969526769717 64.78305274210035 54.2324077786866 47.79296059711334 47.17926462065458 52.59564464863462 62.49338813153839 129.3688519072197 114.36253483446396 100.09982271462839 86.94742805594483 75.48795657805933 66.6010775903243 61.41393237166586 60.87967023503365 65.11292507581466 73.2922054604948 136.605568354351 122.45305766689023 109.21129879857139 97.25302394341266 87.10843802544633 79.47512637962396 75.1225524057233 74.62698222555832 78.06190813390694 84.951886124136
26.21234164610538 0.0 32.797408167400484 43.74790871001358 14.349427575069608 9.630180381211934 59.06652884058449 1.5536862016462138 66.08134490167782 53.87133590669473 32.00530715604683 35.30332801498018 49.24960543646062 28.84942539096145 4.313336213750546 4.008475693456027 39.6452806601701 50.557039996871026 2.2234661473815134 42.67839588471968 9.442210660917217 12.661216724918884 36.0239574672123 41.37217554728194 13.801982295502961 11.778172566258014 47.84333239100996 11.264006563227584 23.781875192428792 57.05702416427878 29.809411946554125 28.621753486663007 54.81108446456908 35.75979783619102 60.99115220663507 34.70736268891993 47.006425465959154 63.78063657830664 8.214224135706626 36.5416336053053 104.9818255936323 90.84196549778228 77.98743333081117 67.16036696882303 59.478467509833585 56.24552760416469 58.20763460149956 64.89527061794625 75.05572358834034 87.48728599094969 98.05948821440509 82.78391920116111 68.47916579493601 55.895615553072105 46.45372265706046 42.31172036186804 44.959090648433026 53.39534440883781 65.41796846220772 79.41450252543257 92.7795982901558 76.48647685347125 60.75374953516539 46.158040278398765 34.18802335320115 28.386385081397727 32.27169710330392 43.31105711713657 57.523408817511054 73.08041539303932 89.43360662050804 72.41055613454054 55.560056447698386 39.10580125055557 23.88137551855815 14.494450252165974 21.1794869110143 35.8575630761482 52.16964232139816 68.9658677633147 88.24182876400114 70.94017520953238 53.638700365641846 36.33765950200668 19.038235797072243 1.7880015264862956 15.577325818799762 32.87586976619661 50.17674908875097 67.47816749408105 89.29058145182881 72.23464276376293 55.33165462332958 38.782123465151315 23.350094358575163 13.605639331851263 20.58428151992346 35.51090788393626 51.93312257866847 68.7879827569261 92.50367619642016 76.15307910129171 60.33541834945198 45.608594171700226 33.44600008088574 27.49246960012671 31.492010927246334 42.73602138694895 57.093766734342054 72.74433847371375 97.66769434403389 82.32158684958351 67.922117110979 55.214939218219996 45.636281856277215 41.41685791195856 44.12195831786521 52.69576340806357 64.85094405863494 78.95031094363891 104.49372770173909 90.28004341542527 77.33519193486276 66.40539245317662 58.62865293607477 55.35034152072841 57.347190262499836 64.12829889129777 74.3967456909515 86.92532072376581 112.6800435850657 99.60019844311795 87.99032255767347 78.5053133521788 71.99001050448759 69.28729340772918 70.8349240884039 76.37495624162042 85.13149498556845 96.23044717232813
30.701210723394787 32.797408167400484 0.0 29.229920415905013 44.5478790870447 33.33938499847523 38.12808971940873 33.286777719733664 98.33705994966475 85.65160387553391 8.031101244462723 51.59424559210735 79.55183984511004 43.04684848008286 36.16890442209447 31.08773381408913 72.38157933395533 81.72146480289572 34.68541081516625 68.7441939895953 29.700712210501592 39.589248038278534 46.55453370639722 22.970243389846107 46.45812172891329 31.693625561911414 51.94037691088502 25.959679771844872 54.40160582928154 88.20288955924705 7.972150257822905 28.80246970086813 83.63083802650418 49.1437848900031 92.49412342957606 36.17037768147266 79.04746318362744 94.50236685506498 40.03356411890267 61.20417120422629 136.81105346422018 123.26392593105577 110.76736025213941 99.71711154453344 90.64368786266148 84.18869010412728 80.9807045626071 81.40451498248407 85.40607229968327 92.52232643865531 128.8838805375443 114.44402708449309 100.90841212223094 88.69200396985902 78.41381975963067 70.92160686787464 67.15439779126874 67.73657501947136 72.56352857107971 80.87879445511889 122.06723133857818 106.7456176677507 92.12787097585993 78.60764673292041 66.85416542454277 57.95253695871513 53.34991509886188 54.153763839604174 60.14770677888767 70.01116281888615 116.55621714930473 100.42706071105465 84.76168569847998 69.87272911894978 56.37871282211966 45.53708727423627 39.590395911620895 40.74160836993603 48.48777093046885 60.34032880335078 112.54288897937826 95.76198098740022 79.20557182005271 63.05076267616538 47.70728668469609 34.2823889731076 25.947825472336888 27.749010107564846 38.281012778153006 52.53165501709624 110.19107242485484 92.99960997011439 75.85839063515012 58.811362572580855 41.97344718120179 25.758049841842006 12.802224720539163 16.21819184427142 30.997991844011928 47.51246376249125 109.60780539313986 92.31096010899536 75.01646008808403 57.72641325086598 40.44653092952191 23.199536987125178 6.263285348949052 11.78781341340388 28.937690328316997 46.201091683714075 110.82102408045805 93.74175450439652 76.7622693444285 59.96738905698343 43.57111203316733 28.27557524462385 17.299907662993352 19.944366448062123 33.09049711038811 48.89679481451655 113.7732558145028 97.19842170121744 80.92849780116197 65.19217333542205 50.49085367507426 38.04395192871126 30.72567956600647 32.241303078141485 41.637062774659164 55.013611967721914 118.33437620098624 102.47611342416191 87.16872795179742 72.76073475294315 59.90464080435386 49.81677967539079 44.42478096597664 45.43253096507242 52.47258956131035 63.5714914088263
20.98103375955791 43.74790871001358 29.229920415905013 0.0 58.097243341355686 37.27571829233643 16.031217211277305 45.08675538421242 106.43734169321584 95.54389814318841 37.094575925540944 74.42459293133743 92.40276529044792 66.16209945716801 48.06059718773544 44.85101023759107 76.59471873395552 93.06372564130342 45.94515706391737 86.25133909591425 47.04882655915641 55.51326345969006 30.153267572584788 6.597181621224166 55.91824397400955 34.375090105202595 28.42669104041464 44.453552046358546 67.31357890109726 99.4383712125682 22.51745127319415 17.264675721757392 98.42238293670466 73.09317479472546 102.87941354521341 17.863457795136828 79.40266536904562 106.41886171707635 51.84731683275094 79.67610802103441 145.58289861857392 130.0810745898181 115.0933830145232 100.84930794363093 87.71188211378387 76.25523501947472 67.3427258495484 62.07994712538409 61.41247592083822 65.48098820095376 140.16743264284827 124.01898746605308 108.22759317323904 92.97535797181779 78.57687350731166 65.59676443948948 55.04769345238291 48.54136585238892 47.7596318889366 52.95661689052102 135.98767272221073 119.29685230893503 102.80826270214484 86.63744490486707 71.00185145767922 56.34879796669629 43.67859001117892 35.20169725605759 34.193681073486765 41.20636155150077 133.160094648553 116.0783857257554 99.07312521799551 82.19177775283823 65.53017779533896 49.311578312381165 34.17266439004605 22.419230795968875 20.885030753512943 31.120070562142207 131.77181457184835 114.49051542889606 97.21655495845422 79.95468979373582 62.714908189729755 45.52230690217809 28.46251164891694 12.110414536866156 9.051140169456987 24.817283568151534 131.8683181641968 114.60106327174826 97.34612153056771 80.11144960336172 62.91370792241888 45.794521921712445 28.893859867264577 13.08760270348535 10.316436280300614 25.30386683953526 133.4463828714823 116.40518892348473 99.45406092679659 82.64843483770277 66.09938462083932 50.062009880565626 35.241911685490855 24.01023042748119 22.576565529219497 32.27418127532561 136.45459467087855 119.82639546646124 103.41944285841963 87.3584840699501 71.87583588544186 57.44105062574407 45.072389301954686 36.90899247474836 35.94071008441359 42.660321435775444 140.80127699245907 124.73164480708111 109.03975687046577 93.91515154333753 79.681519499513 66.90990330055139 56.5988296649299 50.285401749934046 49.52289863189971 54.54461567110011 146.36717322783525 130.95421057671354 116.0747832281918 101.96273584264364 88.98391913988833 77.7082389253505 68.97606175356542 63.83978352247805 63.182537085063935 67.1359977357414
40.00844994688888 14.349427575069608 44.5478790870447 58.097243341355686 0.0 22.36711196763113 73.37038542892235 13.045921100832278 53.97196113817001 41.12045929934845 41.78286490757529 25.974164531609137 35.39609397543615 22.489143840974787 10.036697189221236 13.987549233777242 31.515221077638316 37.22039755356491 12.156824806854633 28.514828288377515 15.069337925092647 6.03051329936629 47.49611353085534 55.61630126595695 7.7559288262359924 25.09095000605879 60.04200604773008 18.850001589004393 9.902881769802299 43.72057045236938 43.00111574859007 42.696595003099524 40.56223816963479 27.974408931532487 47.951960765552634 48.2400222984153 41.173898020957566 50.191022273203274 6.432326782197736 22.929411765815853 92.26349751650783 78.97363187138768 67.52640272675737 59.004191181619966 54.78935176159245 55.8654681682743 61.95746104057923 71.79973816912727 84.08553265069999 97.89918374689549 84.58893457649901 69.89836049558815 56.70078717864241 46.291287009979825 40.85942680880778 42.36517183993753 50.187930129461726 61.98027424950151 75.91433317242098 91.01166455699982 78.7240279621375 62.708443229900006 47.601840957848964 34.61548511023787 27.00441617358461 29.307939418689774 39.84196618758925 53.98628865759718 69.57274317510891 85.81913515814188 75.09407979228911 58.10810886112068 41.384739204460644 25.447078234642145 13.458223151670206 17.703292862778117 32.317212349372674 48.72484661794146 65.593688491331 82.64179384480164 74.02864678259441 56.73093629759324 39.43692832697712 22.15529490797661 5.015621893481165 12.576542745288794 29.831124447405106 47.12044288942616 64.41653424642983 81.71509789796018 75.63619516927258 58.803839722674354 42.35164160592962 26.98414277803472 16.16597693883198 19.830433517373837 33.52410790407844 49.52976844494886 66.19095518127645 83.11437641912502 79.75523689500501 63.99239166632805 49.27335911953983 36.87019115068419 29.827293221409047 31.916033513371445 41.788853997385836 55.43187522039858 70.69502536442201 86.72709946039272 86.02571004065278 71.62257955307588 58.80365085252004 48.8328694978784 43.70507146052652 45.10345593795642 52.50918530998038 63.86557511222826 77.453942216779 92.29365624600302 94.01805205696995 81.00728305603212 69.88321046966729 61.67530871539057 57.64305428293233 58.65404599346694 64.47146592203369 73.96985958582907 85.9372313856337 99.4865455781428 103.33339852520085 91.60875360219042 81.8854368211876 74.94647644642629 71.60595255863521 72.36393503536152 77.09963869970686 85.1519701658425 95.68725254691525 107.9811609388973
17.78266495196618 9.630180381211934 33.33938499847523 37.27571829233643 22.36711196763113 0.0 53.14039735162021 11.155037691860715 69.64893054799957 58.353107819737296 34.83577956208016 44.92115059735406 55.227452615444555 38.42832451884977 13.082617762063895 13.15655690128448 40.869806120521744 55.78814440739752 11.139407956144117 50.81746802901665 18.31868336385613 22.011653474093787 26.39383144904774 36.1269682151011 18.755892524167376 2.9126126989327124 38.30550602115931 18.88354936159289 30.61177548474128 62.1667064751004 28.22867622172253 20.77709572021481 61.561564929751675 45.37428990027702 65.666668858446 25.87665746643834 46.16768640292725 69.14339930170088 15.957199381245266 45.22719779076097 108.82617670732834 93.8418804135258 79.800760510689 67.29580456945247 57.34100037032897 51.438860900083434 51.015914913026776 56.19601244412873 65.66628610826186 77.87702821862591 102.95965843692785 87.00311973876329 71.67357568846788 57.47492573884708 45.479003447112405 37.84203284206872 37.34174840524003 44.221034899299866 55.81487893383354 69.8126673490201 98.76901206891787 82.02463475659526 65.57038011495095 49.695270092132645 35.19198872372321 24.617947738427596 23.92324624939957 33.72404410956606 47.96886147097542 63.74498623604152 96.47294058040022 79.25783342808501 62.091008067724644 45.027720725078076 28.256171223445815 12.963025048584122 11.6782726591886 26.52239268778902 43.23431279848226 60.280075647869204 96.20722027636015 78.93566743614018 61.68114320337666 44.463476395435954 27.352358444329425 10.863506099599737 9.305562320192221 25.571169085984764 42.660161272111075 59.87159179534669 97.98837372065792 81.0872846905905 64.39942475006497 48.14702372319615 32.98026219290868 21.353484748259767 20.56591216446335 31.442868684336723 46.40111049012027 62.579421010291064 101.70889720889232 85.52615777193172 69.88172730034094 55.23491842419452 42.626809309051765 34.37879849810053 33.84474783875481 41.32481557321175 53.560452423562026 68.03243345035818 107.16694345745681 91.92147069911567 77.54393963324794 64.61633822295452 54.18655322290983 47.914473058617666 47.47750730955175 53.020123214817126 62.98298202358552 75.63915240675149 114.11339569689764 99.89810219340245 86.81065599516872 75.44033798518679 66.67154284398023 61.62499561190565 61.22810606532807 65.56536654167753 73.80683597243127 84.822026689366 122.29479838872078 109.10968741476226 97.22405167486963 87.17106585670226 79.64772051851548 75.41492032763438 75.03164129521934 78.55425097411536 85.50134302937433 95.1255756161991
36.98105120287441 59.06652884058449 38.12808971940873 16.031217211277305 73.37038542892235 53.14039735162021 0.0 60.32521174295035 122.45639790751183 111.47682690166266 46.061163162343064 87.6696539781537 108.07620059279782 79.19913978307044 63.36860883902706 59.7656617710029 92.61704158981246 108.88693931753085 61.2855325951284 101.14430730446718 61.32605176362516 70.326801458022 44.28742791464113 17.87848151989459 71.65516766204847 50.257465095869684 39.00373714238869 58.35675243661441 82.80126173577756 115.29137242680018 33.70968529084681 33.28617978998238 113.8752222609627 85.86499462191732 118.80059423103188 32.82975778379689 95.22640949509065 122.2360302787342 67.25197520802627 94.29618758819801 161.60836654119416 146.10684260143182 131.0566499166473 116.63263794624669 103.09796165076071 90.85096518348344 80.48165486321487 72.79688441957042 68.70346941792661 68.84502709886456 156.09394082058841 140.01178215799303 124.25771170704971 108.97411476285019 94.38980587221087 80.88394285542937 69.09188061145106 60.032180675107064 55.07028656683796 55.32006149982265 151.67408678228614 135.08977918396837 118.71046163409923 102.63432362421241 87.02953805183331 72.20236855372544 58.74460809084208 47.82657586106235 41.50348372611123 41.909454639986755 148.4466719044155 131.4727227544102 114.59689899071918 97.86997337865672 81.38380748732058 65.32095034808907 50.09030833359532 36.741821197751825 28.099712851508446 28.773882275487207 146.49057877863612 129.27025249952376 112.07506154127736 94.91866721308384 77.82673113655655 60.853590700864665 44.13651153962233 28.135680701096874 15.294251667823993 16.580846407408742 145.8569940165351 128.55512732396056 111.25328050145913 93.95146452669358 76.64970028905408 59.34803303742069 42.046582497709466 24.74580322761952 7.450373033662612 9.867874270517511 146.56307911057118 129.3520282843034 112.16893915665166 95.02898099637153 77.96060655444647 61.023911272083026 44.36994418576843 28.49875040541299 15.949239161147045 17.184013282756595 148.58972733407595 131.63348587691758 114.78045103163706 98.08383696677011 81.63967178728136 65.63796725501724 50.50108198562269 37.297260202929465 28.818774370075193 29.473169059069466 151.88405723693677 135.32440409147515 118.97616132692771 102.94010252198369 87.38825763479844 72.63233136811307 59.26979559604983 48.4671734546607 42.2365985624362 42.63213267437469 156.36592102671108 140.31354980899732 124.59607479082754 109.35799028414573 94.83067445529547 81.39559072638832 69.68734573429542 60.71333226968299 55.80851072429487 56.051490769650805
27.736998397263577 1.5536862016462138 33.286777719733664 45.08675538421242 13.045921100832278 11.155037691860715 60.32521174295035 0.0 65.32257763924234 52.99101430715574 32.121585252239385 33.76805211337677 48.143906891810865 27.38264596862989 3.1076640968686875 3.123553955490329 39.342324785449776 49.5655202154583 1.4378155658997325 41.2605652499224 8.399192294357828 11.118689227410753 37.54468485616486 42.585888718134264 13.173340581401508 13.33149964576472 49.39172334968529 10.642848590576763 22.62488524807293 56.07223564437671 30.630671146573885 30.107199317048565 53.579654634875745 34.26584138380908 60.06740356686394 36.24585192128507 47.00421516728835 62.747026274133766 7.124331959300717 35.05689008398103 104.14267534401098 90.1424851655808 77.48765158423241 66.9455179737839 59.647014328310114 56.85532492822875 59.21137846788881 66.16754809087384 76.47875007758454 88.98624454965717 97.06596360068713 81.90415738258183 67.77525547835047 55.47417476388444 46.475664905632954 42.910317445781395 46.05765745664302 54.77248241300468 66.91372356316616 80.9541384024064 91.62952464875433 75.41323458051818 59.80845752845425 45.449496295921755 33.95543130071695 28.965417237876487 33.52206670844381 44.80147315356261 59.07050462541025 74.63368218343743 88.13748905706838 71.14968098527245 54.360369078923796 38.03333858052413 23.16748704271121 15.021403505902056 22.65535622811717 37.411231782425105 53.70891784651712 70.48693456310181 86.82483416891189 69.5245525099277 52.22536331413261 34.928889808038875 17.64312079798959 1.1160995046766513 17.02719128505047 34.312073769338355 51.60838272983267 68.90751430697742 87.78939356309401 70.71999797445504 53.799362394827405 37.23086708555745 21.831544221062767 12.876644419208853 21.30052603135446 36.61051264616368 53.156934190181374 70.06926899899223 90.95873763462743 74.60052842043852 58.7851664706191 44.10059887652695 32.13627099603881 26.82027355934087 31.69580890402154 43.458389274891715 58.06331856370711 73.84291702537003 96.114966182113 80.78005640872125 66.41877548458767 53.816311605192155 44.49317349058349 40.76512007064456 44.075537162300634 53.12453644554828 65.57808478089707 79.85899742016744 102.9599347165586 88.77972962190479 75.90541163451444 65.11621555454336 57.5960973519989 54.71012905892825 57.1645423543616 64.35114974076355 74.92032389573477 87.65693515872323 111.1820883988374 98.1554280973995 86.63838514728198 77.30861484368037 71.03326340308487 68.65506188965283 70.56912192499159 76.4537431929138 85.49291876936756 96.80699305020599
85.65882866188242 66.08134490167782 98.33705994966475 106.43734169321584 53.97196113817001 69.64893054799957 122.45639790751183 65.32257763924234 0.0 13.430710851796245 95.72226506833921 62.66246049724987 23.26599530011168 66.82823597828755 62.31087255917581 67.2775057575554 30.67055713852858 18.793311621158836 63.99852313743465 40.64720273184885 69.03946305518647 59.47571305087826 84.35555786745779 105.76950171382727 52.302805341224875 72.44663496522071 96.5888237139257 72.82181590654025 44.39446790324222 14.09585722458008 95.88860968532838 89.2562630755042 26.607666184361243 66.96087898788726 9.502755366954686 91.63311288597777 33.64488713705381 14.213365391747113 58.36157139742848 46.83473291657699 39.18195279873147 25.014172240461882 17.745541886265244 24.552225092891522 38.59315112031672 54.54138727584909 71.12528801154686 87.98614845313658 104.99061910765823 122.07870386619639 35.07970726185275 17.957218718878675 3.6126288075643602 17.388329704960725 34.501745944213305 51.74070425411945 69.01118764713166 86.29427040344787 103.58364604848724 120.87661433531883 36.46420685317637 20.519782460231557 10.545028246141428 20.001170638818465 35.88327034771718 52.667679011700585 69.70561521005406 86.84799496150431 104.04320604215151 121.2687770033239 42.80632635861813 30.356329043551593 24.684862939105574 29.931401776329327 42.20362277000436 57.14117032531225 73.12859581554453 89.60569353713917 106.3450972589847 123.23996801407077 52.333624927384676 42.70585790688015 38.82626036906788 42.30688929849926 51.68146150360416 64.4265491647749 78.92587157837279 94.37432047103802 110.37408082054066 126.71649167331299 63.63101176736551 55.92762628830813 52.96784795945083 55.515639816317524 62.90532109834536 73.6944529265858 86.62196703494885 100.86901290668393 115.95020554997359 131.57903472626433 75.9121533742034 69.5256455463329 67.10936753814819 69.08118773000783 75.09623991273298 84.29336547859059 95.76006026469862 108.78096470961368 122.86292722743124 137.6807573788094 88.76954457680984 83.31574895272506 81.25070555910908 82.82826471308975 87.85241526592573 95.78232327315655 105.96764216286422 117.82491277000436 130.90057334428315 144.8650795820874 101.98532538691028 97.21607515757492 95.39178590001453 96.67931132813203 100.95966785799801 107.8771926876447 116.96491671760107 127.76057159726734 139.86924049739574 152.97945642699665 115.436315048773 111.18513112977688 109.5325457026225 110.5951101247516 114.29712520635125 120.39535667293883 128.5492342123362 138.39589572591333 149.60146028189808 161.88398471991232
75.11061327880644 53.87133590669473 85.65160387553391 95.54389814318841 41.12045929934845 58.353107819737296 111.47682690166266 52.99101430715574 13.430710851796245 0.0 82.7133357671539 49.471631044444074 10.74932264245425 53.42052508089867 49.92176901947734 54.732789673718926 23.18559352534284 5.734563024489331 51.72448100174235 28.0349768349133 56.13412384963491 46.434062724735156 75.65782630248594 94.38803179116634 40.26536535098474 61.22402959263886 88.31038028371884 59.921073206967506 31.36322293136005 5.585476327867211 83.62034923640024 78.57551751639316 16.772903747267087 53.74159119504374 7.362128804495843 81.70546851581952 30.353371200463556 12.240572800129703 45.9183371539691 33.709339893437566 51.18825524324546 38.237693627787266 30.045205878526463 30.692295805337686 39.74957975285829 53.07306852289708 68.20690256472508 84.18029434236094 100.59409424322376 117.26351129184594 44.6236834401432 28.914224655376263 16.718377683583007 17.935674467954673 31.025556984035948 46.92754473666179 63.56505506276676 80.48323115104684 97.5361331462659 114.66366705691291 42.01465909972954 24.718905051493728 7.451882646422624 9.937325765043358 27.215509036179856 44.5121446482775 61.811744115769216 79.11236313263811 96.4134528506302 113.71479842607687 44.06944584880835 28.055303580944923 15.191997923959896 16.528952874694106 30.237865428224225 46.412966598575984 63.187903680998254 80.18710379478182 97.29308710616692 114.45798671360457 50.21876184808671 36.93585323879708 28.37781507790217 29.06980295647545 38.51644350760609 52.16022735965708 67.5023861585154 83.61318602382191 100.12226294888613 116.86094351765846 59.20006150540755 48.399252354874825 42.17858601174072 42.594409851623595 49.47968801925453 60.67042480089237 74.2446395884554 89.11979416844717 104.74308597868772 120.8246479428075 69.93047831461203 61.00637049241311 56.14250698442009 56.39932044723788 61.712916070276165 70.95620536191046 82.82379220442004 96.35079883893677 110.93182917603006 126.20207374280113 81.7237901214342 74.1761850919875 70.17210777294417 70.31950437424341 74.59376913134605 82.35482865318568 92.73130497829678 104.95028229709219 118.4428904397033 132.82155151436825 94.18142098116267 87.65528985266496 84.23442692251244 84.29772581546622 87.83765442700172 94.46417072885357 103.58660447184523 114.61050893426588 127.04185116396198 140.50755919866873 107.07159836041888 101.3201676185481 98.31526842578731 98.30907432117147 101.3021353723813 107.04315772954715 115.12175750246115 125.08583825276989 136.52318945303287 149.095144220581
36.00523218196708 32.00530715604683 8.031101244462723 37.094575925540944 41.78286490757529 34.83577956208016 46.061163162343064 32.121585252239385 95.72226506833921 82.7133357671539 0.0 45.22334265361062 75.83929217955622 36.780452261539466 34.65698666176168 29.438788922070184 71.41030545860978 78.42304916830011 33.55938585331289 63.79361230582049 26.72790106436129 36.27974402181558 51.85948082217108 30.93471695875822 44.969650635501246 33.79451712023153 58.437342883708965 22.972388058644494 51.361393295212665 84.82549001105517 14.973167487851105 34.71165798940664 79.26463846946055 42.43082471971919 89.30084507386948 42.43911424141391 79.00150514681393 90.83354908259241 38.202278411548406 56.0998413000661 133.62940097884885 120.73411566129522 109.0656452686154 99.05847609836256 91.2607627211617 86.27369445508452 84.595817359252 86.42009425937722 91.53737753606623 99.44057872672441 125.059928167138 111.2207251573772 98.48249993051544 87.32837395664185 78.43708320097073 72.64431266393908 70.71566532348571 72.9582312033703 79.0176606644472 88.10997055720587 117.55628550395618 102.75156002159753 88.85372043965872 76.35955676401177 66.0702497866973 59.14787933002646 56.83628309821182 59.67371488738404 67.00924671498589 77.57721164634307 111.3343017234678 95.60466935312937 80.52256453600229 66.52983189886072 54.47254539135085 45.90209588190557 42.958714452179365 46.718352117053364 55.843193298457386 68.21308222773422 106.61869182770178 90.09538926200192 73.92917108321876 58.41724881830886 44.253101966985994 33.20856154235494 29.085899291077112 34.465634584118995 46.135451106979104 60.56227523968374 103.61539985799156 86.53714139444247 69.56949809683606 52.81917986805169 36.58591163560137 22.043243188910605 15.231305990462504 24.01652068639284 38.99110567034709 55.34014680783723 102.47513208779519 85.17484858971487 67.87540470581271 50.57766198138306 33.284272785449545 16.00935145587691 1.8626457117620285 18.69099140991843 35.971522994614986 53.26594943344739 103.25964185234666 86.11281259587166 69.04340790146466 52.12754243128052 35.58485645633395 20.34689563393626 12.665825622217916 22.48472680026132 38.07119073138599 54.69900375650744 105.92616105372495 89.27855017321417 72.9361200100084 57.16122670937161 42.589250187318626 30.96760856051923 26.511346330722652 32.33296065096409 44.57240581922599 59.38592874078984 110.33829161108275 94.4482713389155 79.15250415301537 64.87270196480073 52.44541542054645 43.488864426057525 40.38250427579227 44.37248659026792 53.90541784365227 66.64365064727336
60.597226354592486 35.30332801498018 51.59424559210735 74.42459293133743 25.974164531609137 44.92115059735406 87.6696539781537 33.76805211337677 62.66246049724987 49.471631044444074 45.22334265361062 0.0 39.509032918563804 8.558810081832561 32.155193216091014 32.18791391350811 51.34908447584534 43.89057310501 33.87591381912703 22.84401484294277 28.16724939164788 23.31116886548285 71.29515743294395 70.10854722054754 33.647407900094905 47.00941278033357 83.1013845805968 30.11869139634547 26.749473277304983 49.07618849866622 54.07374818762908 62.28891043368185 39.345226031781245 4.337397528877261 53.996243505682344 69.25694512481961 62.41112255042549 53.12875870170752 30.686305965953856 15.842923259792105 95.93529312424587 86.35241122868554 79.42658828700985 75.88881652042873 76.21238457777872 80.35065772836165 87.76567880293287 97.71430856207326 109.5081885657132 122.61601106952655 85.13281888268948 74.22736985984685 66.10978015943593 61.88698280234097 62.35534667816654 67.41717058472176 76.1620347098376 87.49246358174598 100.53806168159365 114.71515819611069 75.45012197570043 62.94393384007772 53.196421361661876 47.921625823234244 48.59843346123357 55.00759752717702 65.48714663159255 78.42193251543496 92.79081399595745 108.0230223675006 67.37191395201613 53.04215425998371 41.069131835417146 34.03799602126983 35.06001823809666 43.572155177888966 56.27227254233776 70.94584363784988 86.5954093700515 102.77609274722866 61.53352697331713 45.43470910597241 30.675110540847577 20.404013998311882 22.14490761335479 34.105451830666595 49.34246164654779 65.61163740893913 82.30314192643877 99.20402786046489 58.60829367130717 41.40624938855052 24.346177450843715 8.349173084051076 12.057963865673111 28.63204080506807 45.748295000123925 62.96612340655697 80.22014937006192 97.49115600776409 59.030934545446044 41.999633475606196 25.33772714456058 10.897010948608186 13.93565586446429 29.46817583644944 46.27372360073447 63.34709804415355 80.51810598453324 97.73530159584134 62.733816016905315 47.040272705078785 32.996270753352555 23.73671321924639 25.235298069449087 36.1789997958787 50.791050660177866 66.70271862094772 83.17142273019643 99.92211711988949 69.19224651958363 55.32562891711747 43.965786363363556 37.466817918319556 38.38282738720695 46.27555888888964 58.38082032319877 72.62175935313051 87.96719047553827 103.92901513674359 77.72222983969003 65.63818236324629 56.34445677555172 51.378258899461926 51.99474991421996 58.016233957663395 68.02215550408036 80.54095063293225 94.58000143107604 109.55642137569755
72.72078387046894 49.24960543646062 79.55183984511004 92.40276529044792 35.39609397543615 55.227452615444555 108.07620059279782 48.143906891810865 23.26599530011168 10.74932264245425 75.83929217955622 39.509032918563804 0.0 44.22453025472527 45.03857864867888 49.37929907083659 27.331146839774217 5.107794807808617 47.03170367025321 17.43099836307752 49.858300284337744 39.96427816855771 75.52568085543471 90.54635321120439 36.49408328124906 58.139979742356715 88.423024283948 53.59243901783436 25.547942903739195 9.615172398336005 78.39310514506103 75.94610451503337 8.3799878242827 43.8296203340535 14.519921860884581 80.01917603211481 36.878316071739526 14.994663516527584 41.0450681000436 23.666973359038515 58.04742013235348 46.988947543949266 40.56014298288247 40.999939104552524 48.12037629363157 59.572242050588386 73.35420391062907 88.38287300028328 104.11979181699085 120.28730463276777 49.33245460429395 35.72712803330661 26.79318248966359 27.53237963836837 37.375119790944865 51.32716220883843 66.86378639881804 83.10093039702548 99.69690910017347 116.4984681672665 43.59811558396177 27.31242563242111 13.778767963533717 15.246417299662221 29.559515821032516 45.975968199525504 62.869128110683 79.93733688397779 97.0883171549673 114.28480987873978 42.08116421319093 24.831260537345948 7.8148698881790155 10.211094751531729 27.316191056593578 44.57348656786267 61.85572478720236 79.14656812675736 96.4413882972195 113.73837118713827 45.208174301597865 29.80433255477942 18.207957062476535 19.325460091563876 31.845397801256098 47.4710181109384 63.96544384150578 80.79833350478607 97.79506958117189 114.88295268448763 52.15031855480202 39.51056744033026 31.642109811973537 32.250120109566765 40.95883714951616 53.980472339549706 68.91201206688295 84.74991669537039 101.06898788544333 117.66920244445285 61.63152497135882 51.33168625259182 45.49882274877874 45.86989692948159 52.31305508112348 62.991806882015155 76.14449061634706 90.70117354603276 106.08546567856762 121.98464201595239 72.6645106597285 64.10814424093017 59.483390267589705 59.71088500973438 64.7394962196135 73.59151760897201 85.08182572151767 98.28946628610346 112.61180136950628 127.67424541477124 84.64451169992715 77.36795430918741 73.52274951558088 73.64832916024946 77.72544904521645 85.18862494325879 95.24518654037205 107.16751675284749 120.40263735767547 134.56374275957953 97.22193584887582 90.89969123637457 87.59040560045536 87.63606945529244 91.03163414894279 97.42747246947849 106.28331288128605 117.0420823074042 129.2293762749085 142.4790882219601
53.170779592995565 28.84942539096145 43.04684848008286 66.16209945716801 22.489143840974787 38.42832451884977 79.19913978307044 27.38264596862989 66.82823597828755 53.42052508089867 36.780452261539466 8.558810081832561 44.22453025472527 0.0 26.335065686569607 25.335861809098684 51.56227331952399 48.10963217109154 27.761735633954707 28.92508737189269 20.728868403953193 18.205868883922328 64.7649979926469 61.70595884978444 30.17280970465873 40.24181468048912 76.16154769614033 22.176763458005066 26.423265722550905 53.825669510219264 45.562122099869 54.622101095546974 45.38193306618646 7.131767972199964 58.69762041274592 61.82400542032191 62.184852820516596 58.59685726117707 25.771072151362635 21.243263077999718 101.7659209142102 91.1795190668338 82.88420802581447 77.61806740923114 76.01330174599642 78.29536960821717 84.14863615961822 92.90051796610747 103.82054090687296 116.29956317371041 91.57992168337907 79.707559647661 70.13132531120758 63.89213747061776 62.005664153483885 64.85286624044899 71.87336674984694 82.00220821420058 94.24244357747209 107.87774981848453 82.56904514014371 69.21878442593072 57.99599394137873 50.34414368175856 48.002422719057286 51.69753054859239 60.33024976559715 72.14946779194695 85.84902248886668 100.66412427193573 75.15730515670396 60.2292467727668 46.959682226945056 37.16946707474022 34.00933328006141 39.120431458133034 50.028886701065325 63.82851080302972 79.01883331039754 94.93461530778971 69.85569866776851 53.500260138137335 37.99274517648816 24.966601490418636 20.048075884518983 27.91471218049679 41.895687347504804 57.70595925250868 74.18502881907447 90.97016500579528 67.16585838831361 49.95395932723801 32.83682391303623 16.119224228448726 6.333656729124021 20.472285124094164 37.37415071471164 54.52754586346136 71.75230175358496 89.00699853819692 67.40124230693102 50.2685593584537 33.31128840570041 17.0607470628539 8.438573650899023 21.214693964451648 37.783994423203495 54.80794202449454 71.96460284864777 89.17741248306586 70.53256679780765 54.37708531186342 39.212281605498035 26.77778639482645 22.25326613167705 29.530950825786288 42.984386161040064 58.49742767338682 74.79941061882106 91.46948019502915 76.20362797962432 61.524059948696554 48.6017917638027 39.214353846407626 36.222977616984736 41.050576636805694 51.5451525547145 65.01817312415389 79.97831015754194 95.73089642070286 83.90092616743301 70.79508362146404 59.86003292025161 52.470986656040196 50.21838869782109 53.75192935591342 62.091500858383405 73.62160193433697 87.08402429198175 101.71438209568764
30.287299228905688 4.313336213750546 36.16890442209447 48.06059718773544 10.036697189221236 13.082617762063895 63.36860883902706 3.1076640968686875 62.31087255917581 49.92176901947734 34.65698666176168 32.155193216091014 45.03857864867888 26.335065686569607 0.0 5.218527748720712 36.75738927933887 46.46442707746426 2.13391979423662 38.41569704727509 9.403947098366132 8.967389116498712 39.23571217031177 45.65422629967237 10.351528183184735 15.562833858575512 51.360066079467394 12.394181874185007 19.527165161353025 52.97200725519928 33.7002378164735 32.814682402975734 50.51578679056718 33.00751313228151 56.98203936761256 38.691827555676014 44.798789894690096 59.64033903277838 4.021211291160477 32.40055696725906 101.08606025080684 87.16344809041317 74.66753088501589 64.43378022200517 57.67913209230949 55.684386539333836 58.93486158252247 66.66770804020189 77.55351095123886 90.46109222260178 93.96322901361614 78.83224899583237 64.79709572890543 52.74001143643864 44.30642228959879 41.75301623039616 46.06815311067416 55.67710621207514 68.38355533035771 82.77310059012825 88.53337332700079 72.30580570144708 56.71693490878832 42.475895454605364 31.46907221155942 27.840853777057905 34.03870729355113 46.269470186977706 61.006589566224555 76.82092092334703 85.12117885219634 68.10505828320434 51.28055683006767 34.92570291828156 20.214514843898243 14.005754778795517 24.13313891698837 39.59000241928918 56.13413275034048 73.03030944883226 83.97301685599241 66.67113465940427 49.3692863781908 32.067526908939314 14.766168442198694 2.542986967220737 19.83954230348292 37.14110524408318 54.442901856318606 71.74476308529603 85.18050468209267 68.1788530406475 51.37807166370389 35.06806404327844 20.458362728722335 14.353839809547866 24.335847036008904 39.713307676165726 56.22075047644 73.09658941155335 88.64741747938402 72.4447615126053 56.893163386880865 42.70983884874603 31.782673796120967 28.193192398731675 34.32613532715001 46.480326593234054 61.16590290956365 76.94689286788861 94.12437354664077 79.02337641973098 65.02841885192042 53.022649957727864 44.64092820912742 42.10615687698449 46.38695220952526 55.93992435066979 68.59668978948838 82.94842660535058 101.28575066985391 87.3938979389609 74.93518326119056 64.74232131559525 58.02200301620335 56.037805850651296 59.26733266307019 66.9604057878604 77.80407027429605 90.67496316334548 109.8023743657481 97.09388070492223 86.00332242350275 77.23089284383464 71.6333699849843 69.97683992527827 72.5318281934112 78.89019977646659 88.23350092100365 99.72626180061931
