0.0 84.62958590555797 74.52676395207403 38.718647751286056 88.27904374094582 46.22412578985049 121.50062808625233 95.35283523052404 89.48467397542488 80.08667933588292 98.85129827517514 6.666263264368215 18.03369344640663 36.36421329861244 39.7290749720184 94.44085468694506 109.15216782180025 15.699761070969013 67.01632812172018 25.638162341141623 43.435710637761915 71.05392878224382 75.69392535420427 45.87173331282608 37.42068421819046 34.27766118382831 113.30582418838836 93.59752975568453 85.90596876737425 96.01386444726609 103.8712039856434 31.532908936774387 8.063629745745365 75.872209067362 30.534200045416537 95.79750016053072 110.22497298699182 69.17550194237896 59.701356930895884 35.980866565085684 40.695524994348645 32.824386757808384 53.792097701381586 84.28863494849568 117.09138731909243 25.743615590629876 9.651938265506057 43.80000323424237 78.34905779133298 112.93167683463567 35.787160083742194 26.560849369581092 50.25016161447082 82.09458505760003 115.53702947203085 59.245690401894144 53.98482958287988 68.6547187299972 94.37890424567554 124.48326518429454 85.73563944738217 81.97367325098898 92.10586254667574 112.43673908824765 138.54701095618245
84.62958590555797 0.0 53.5115868916372 64.12899871253991 59.08803074394871 61.406105518605024 98.66811724560432 61.568150665085625 69.81998531063917 62.9062925844224 54.71335892051756 78.29797303444153 84.65816348741447 75.50413088764094 87.32073281335047 65.41402604324638 86.85861050325715 76.59740884880226 54.63946273510227 73.58153316454923 42.97108697736537 15.677716267935786 50.842919528807876 49.01183187002177 67.31681562077075 65.87885123824182 95.92701980915264 57.797435500530796 65.21609855699849 70.46812233534165 61.135457618622816 85.78850701689461 84.62348341082028 52.27463234703219 80.09210027451431 68.66516779314543 85.79015964918155 30.687306938791703 39.327613300095855 84.4656266286773 125.0727240885044 109.63163364522445 103.87322124502826 109.33818775608084 124.55791714371378 102.57929376556221 83.33937262309439 75.9152923895675 83.51977777095627 102.87232868369402 83.63318175706485 58.73543144955272 47.958335190208025 59.53958440631354 84.76279548357819 71.12932348663969 39.14709585834127 20.01139990612243 40.78313004094444 72.94462161973254 68.6821431925996 34.54697608542217 8.037629280965366 36.47693212123613 70.64971927890679
74.52676395207403 53.5115868916372 0.0 36.47389558999484 13.866535311258115 29.05203368508525 53.14642871413746 20.859618546507402 19.277669523336183 9.990108600450277 25.479836688713924 68.35089995079299 63.16561790011106 44.08258071409207 52.141897834390825 20.665133282878777 39.991550363396826 59.58336344306863 7.743464670609312 50.70489382012189 40.9331149969206 41.290815896888176 3.1090322428253674 30.687989332215828 38.67075432927036 40.83411937609027 47.43215574979608 19.153561178569458 14.398057592180242 23.67680652214255 29.611887172343597 55.66411584127079 69.45640619893219 1.9962637058687758 51.4154390141954 22.79554723520797 40.06855948990715 23.919370638564757 21.943126379794936 51.67530199146084 111.43002407957424 83.61867632130192 62.946851120523384 57.6829210172121 71.32407001422288 99.77050281009596 67.47014828210688 39.30809155691457 30.54289916483893 52.109968258979755 95.25204851467083 60.65575187990532 26.079533974210882 8.718848251292723 43.20588968726409 98.85898690446666 66.1273860253555 36.97842639083309 27.51032169140101 50.409052027326496 109.79322729431088 81.44515875695306 60.05724122532112 54.54564856484769 68.83589577096879
38.718647751286056 64.12899871253991 36.47389558999484 0.0 49.95567520960987 7.5417925682402895 83.28061191739597 57.064652331351034 50.77943490819206 41.38574721812741 61.615808698955256 33.015970676527 26.886090921989336 11.381896240512363 23.221284449261713 55.853953064677334 70.6928417996255 23.307039162459432 28.775406736791645 14.249995650140319 24.753186268647376 48.45818458888743 38.06971628766036 15.11813597687763 3.216187947802192 4.448599189841563 75.4214972718231 55.62063342349452 47.19994205482439 57.29958137877099 66.08193396710716 22.412119023890373 33.07857796106121 38.01774615089679 16.98004944182361 57.11248291521132 71.66029085109464 38.38587501976903 27.515228763586293 20.39408921374246 75.02740826542953 49.35160542686786 40.45828470170596 56.85936615598958 84.9936769041266 64.38564392052677 31.074164737878167 13.436809464656928 42.312451434313154 76.1248369948108 65.24611541365401 32.80432686021421 17.030606311445236 43.575321552017634 76.82724225007274 77.22524794847229 52.603565142352934 44.332241269119386 59.65212964996601 86.86899292951425 96.25727867121672 77.70804617625153 72.15517826789818 82.27363872498145 103.56778492123888
88.27904374094582 59.08803074394871 13.866535311258115 49.95567520960987 0.0 42.44456433481592 41.460772925781015 7.1105730407807295 11.357730475334556 10.902663615873587 14.75947789304766 82.15427210126748 76.36171971359899 56.70136831278663 63.57739985446263 7.351395291255524 28.66056030310515 73.19730512247628 21.26589047226125 64.10183788592406 54.116908937552495 49.53250189046147 13.514825363494356 44.45629701718468 51.95087479890015 54.36687365595181 37.22633418568195 6.610983250883955 8.05355072730306 11.723519351642835 16.861399213345756 67.96312815507257 83.02574398894423 12.863539175880803 64.11857794640115 10.210991990193515 28.165399844396514 33.12397755646561 34.419574014868104 63.656925236881314 124.63577718849736 95.76456295303083 72.12773187398183 60.23911952584933 66.7073981397589 113.59680202725268 81.02586727437533 51.1955344949046 32.735427071927134 43.784329022677426 108.85695978294295 74.30000829725496 39.824599907781675 6.808837472761226 30.02625122664079 111.22477340685329 77.69692285581232 45.798662160936416 23.51737917408921 37.46279252643672 120.28109211406667 90.078428192924 64.46324009837903 50.90873615540334 58.50379052131842
46.22412578985049 61.406105518605024 29.05203368508525 7.5417925682402895 42.44456433481592 0.0 76.11232739985874 49.55494799992066 43.326994536441156 33.86355045668993 54.33303373633334 40.43039050033163 34.13188437111348 16.21694651444417 26.85973456395703 48.31216051277218 63.41571194795725 30.848667857811378 21.324281402141615 21.672527478203452 25.951912393087063 45.806747545498155 30.776268694683573 13.762042022022962 9.64542619200304 11.98657284325702 68.42330187098877 48.1738899449049 39.6819484262781 49.79127642745679 58.661145886390095 27.994755634739843 40.61144683053065 30.650409073873657 23.057361073727662 49.58303098968857 64.31767119743236 33.61793270349863 22.92512863897481 24.964892074650685 82.38000968994133 55.66640900480014 42.49530707295863 53.92376185108972 80.02819501868379 71.85453989528281 38.60399626306241 14.570944319509 36.45828542685777 69.57694302816815 71.63629996931431 38.200009454560494 13.474896760705057 36.03825515320854 69.3598565282389 81.8078327268774 54.82396788773389 41.39606459814623 53.06996913201825 79.46086982262351 99.22334285578147 78.29086832652543 69.34268719804521 76.6949566939067 96.69841987139336
121.50062808625233 98.66811724560432 53.14642871413746 83.28061191739597 41.460772925781015 76.11232739985874 0.0 37.31492938773316 34.11100811958127 44.12429009168373 44.413595546038145 116.1836511175804 106.3246088499279 85.83919029751353 87.88305464302192 34.240673921447716 13.166621211352567 105.80304791270305 58.458071596068265 95.89820860734393 93.88465243575152 90.69234820902093 54.0532319283112 82.64413694662004 84.16299278124492 87.59845703044707 9.237302207613597 41.05069384853114 38.816082687372855 29.871022592536608 38.62508647240383 94.74288645010758 114.86880009612203 52.992253168162634 92.81001137023863 31.250535402229385 13.295419324173164 74.58041070237151 75.03927452606618 89.76429497092764 152.65057430918978 119.77859834609993 88.24084532921394 60.17308640218696 43.01131538847241 147.2325297859123 112.85872017299118 78.68680764458654 45.17728148163941 16.88815897567369 147.00960708239 112.57042831615856 78.27662112077479 44.46581634384234 14.900991863845492 152.00467708058844 118.9619611912736 87.13952985523593 58.56167872552104 40.748814302229285 161.73473250520317 131.05932213246822 102.9064310032613 79.98553979519477 67.82628564942806
95.35283523052404 61.568150665085625 20.859618546507402 57.064652331351034 7.1105730407807295 49.55494799992066 37.31492938773316 0.0 13.775353068285774 17.311990817738195 10.538072302880739 89.20379674940861 83.46086911093234 63.74112289141354 70.37729546296434 4.997691751610978 25.304631979389445 80.2992842344393 28.354544840437374 71.21222116072988 60.46427604247455 53.48416781060811 20.15647995523562 51.24967471946777 59.05918897524262 61.47387817462905 34.49189956338449 3.77081652306841 12.849504243392998 9.93036245233238 10.354738206036705 74.93634677376964 90.13246571424207 19.689620985968222 71.16374431543665 7.944970731276108 24.247821343466153 37.96236659622459 40.5635472182693 70.57460603785862 131.73044791625674 102.67951415693352 78.28173956634595 64.09177230893341 66.94965431992716 120.62984990185002 88.13340899690768 58.12284130462885 37.200287473732025 42.24083216883191 115.42477659463981 80.93279207676687 46.606950607656934 13.753257315421962 24.514272554638318 116.90567358910683 83.01210675116131 50.09920047238148 22.884417837789655 30.533750880389114 124.83474411325444 93.75583852892966 66.26772447941465 48.86179988490463 52.71005407012681
89.48467397542488 69.81998531063917 19.277669523336183 50.77943490819206 11.357730475334556 43.326994536441156 34.11100811958127 13.775353068285774 0.0 10.035104669452775 24.16940619461163 83.75737835472935 75.81680367017893 55.423208582283195 60.34062384690117 9.114917878845509 20.957464592179942 73.94172998801409 24.382826699498786 64.30303146328083 59.77973450443202 59.28701091778507 20.674105354435603 48.624852570509994 52.170182789474225 55.21148162941609 28.159638566083125 16.105464356646348 4.934349620278577 7.149345993817019 23.58743056825832 65.84912148546769 83.47303759568737 19.44184349147766 62.78461195151817 7.939002320865141 21.374842522687043 42.23856065181883 41.2097530913371 61.164680644230685 123.65473679186567 92.96688459845407 66.25704295549656 50.318547881180635 55.396057547569086 115.16474983983342 81.44884640719962 48.98729061106426 23.673609507400847 33.40613743491875 113.1767745646895 78.63937972442501 44.20605762019021 10.91113016725114 26.053478406456012 118.01994773477621 85.40245843345878 55.256530240309715 34.753715591273036 41.918847151152214 128.92646215393145 99.81049200130667 75.47858632671593 61.86017044613302 65.96306084568126
80.08667933588292 62.9062925844224 9.990108600450277 41.38574721812741 10.902663615873587 33.86355045668993 44.12429009168373 17.311990817738195 10.035104669452775 0.0 25.591479790858003 74.22518305708078 67.08120730620378 46.97475475754132 53.11670184495487 14.804503564076022 30.98300689255168 64.66803186903734 14.347865695021746 55.20567217866005 49.80330552569699 51.167350961160984 12.166719899467653 38.592439774730686 43.00903932251058 45.83400895226161 37.855148375715636 17.51274268161517 5.823984649828119 15.952007420915 27.551650329378386 57.91522249967695 74.33392805930173 10.760374884910037 54.3988188636922 15.737381412189137 31.39489951901638 33.83039972149846 31.580369688500223 53.447005948170315 115.21091470257359 85.52110960875869 61.22882660803819 50.78269317038481 61.67331953785824 105.68703621780544 72.31457261910568 41.03521827744058 23.09166089414049 42.159274240918634 103.1691866570942 68.61751739811862 34.171630172631616 4.678773324629765 35.65018271187728 108.14795127862746 75.83395673025916 46.9087677591637 32.325065575068486 47.793525804742906 119.6912034445757 91.41451398025244 69.15219532463772 60.018517479358636 69.40606842113355
98.85129827517514 54.71335892051756 25.479836688713924 61.615808698955256 14.75947789304766 54.33303373633334 44.413595546038145 10.538072302880739 24.16940619461163 25.591479790858003 0.0 92.46370589978774 88.45439063171821 69.56241132716599 77.33473594704674 15.52561308633288 33.75598396884175 84.3784255072405 33.18292678747495 75.86177850936436 60.79497389898253 48.90309935479753 23.558293274902205 53.40311189284226 63.978316913727525 65.88044669135385 43.16595591831846 8.321557808109967 22.400457659840804 20.236561012344445 6.6648105622852825 81.12602855079308 94.29586185451275 23.738538466311876 76.88959703648986 18.278015288394737 32.19095282269025 35.57076078892268 40.910965551414925 77.06624398671084 136.64115003841232 109.07144961888605 86.70124859136399 74.37997072072277 77.08697513449147 123.57175631072593 92.3419444198607 64.64443850145614 47.17610782246291 51.643778525222295 115.93998234815753 81.9508807808342 48.83300172402639 21.171327238621565 30.110396541358863 114.83557998417888 80.39540946990742 46.200497834271125 14.156370978376138 25.713272473478217 120.43830932937085 88.14462119257612 58.552452584270185 38.4984769908831 43.93976930584125
6.666263264368215 78.29797303444153 68.35089995079299 33.015970676527 82.15427210126748 40.43039050033163 116.1836511175804 89.20379674940861 83.75737835472935 74.22518305708078 92.46370589978774 0.0 16.542059121053853 32.05587072166558 37.17338114571288 88.43878930353857 103.68350345948076 11.127555846630433 60.91867439599183 20.867806965321375 36.81162410726875 64.54072883854852 69.42190260507033 39.332161827109324 32.03359284801293 28.626313173245475 108.14736828415647 87.35913888747345 80.04916726532639 90.17458839512055 97.57402852146983 29.22026532665196 8.49632490484126 69.64551235548831 27.106276850726946 89.89137275197697 104.67401447991966 62.51593902301353 53.094205541185204 33.14857277455998 47.27906989672084 36.18390249563705 52.707382005204245 81.49656682349769 113.57879052608376 31.478929327962707 8.735148716968816 39.452958042634805 73.69954014264044 108.17375735284142 36.820794945293414 20.923762036559964 43.75708881296773 76.06844254454435 109.7860610767446 57.70470970016187 48.926037378751005 62.06841679319507 87.7839803710654 118.1286318871569 83.1444425519321 77.09767206694107 85.84778083914905 105.78454346560628 131.93041922698785
18.03369344640663 84.65816348741447 63.16561790011106 26.886090921989336 76.36171971359899 34.13188437111348 106.3246088499279 83.46086911093234 75.81680367017893 67.08120730620378 88.45439063171821 16.542059121053853 0.0 20.54277542865508 21.75776152123476 81.82712034242965 94.45995487712554 8.861582107416563 55.425733565315 12.779661044203158 41.6907546707619 69.633826834301 64.89631184190247 38.819996137465864 24.495959793381534 22.79525924974149 97.79179056541548 82.24541358461293 72.7848436396731 82.68796187962099 92.75659812452075 13.541222489712732 9.993502915977032 64.78174882355962 13.573382020683031 82.7455230115902 95.76848577403297 63.38423725821501 52.810968271901565 18.17917728182788 48.28295334974132 24.984761571142556 36.2225929850395 66.29296628961643 99.35935648531382 42.11196041500862 8.457598852484601 27.649571439851332 62.067065963894294 96.61778618875346 53.1030382097329 33.29328459446801 42.32950073113922 69.78512854571969 101.70041986366336 73.96438536169607 61.11394667943422 66.28635459875109 86.2996482219253 113.56126059652648 98.6187558735114 89.16723514310165 92.57770816620487 107.63441683689193 130.3625818016539
36.36421329861244 75.50413088764094 44.08258071409207 11.381896240512363 56.70136831278663 16.21694651444417 85.83919029751353 63.74112289141354 55.423208582283195 46.97475475754132 69.56241132716599 32.05587072166558 20.54277542865508 0.0 11.942358488749028 61.77620920502496 73.9185373883754 20.970544061703244 36.40194048402994 11.316183558797874 35.269715597975875 59.836187300526554 46.17909299397284 26.497574727091813 8.187539071333513 10.43892674118135 77.38365618894078 62.83788268738875 52.585948097423895 62.36825558811515 73.37568447297072 11.805016080543654 29.190773101829613 45.851470998754216 7.428447668966728 62.516836240334584 75.22791416461268 49.37186095857703 38.52120818046295 9.042780082350262 68.27502921472193 39.66934450476519 29.67612361631426 50.818558349695465 81.72648024182143 61.81170245778182 27.213678903472086 7.438849576740101 42.011225302551416 76.61203576886821 67.64362624277994 38.58270957577276 28.221101777325757 49.990754078388534 81.21921079007446 83.22473989870734 61.78784278308246 55.7127636221904 69.17283336350816 94.13099409935337 104.27197032475321 87.9078324107348 83.5323183352738 92.8559498274061 112.52344036953289
39.7290749720184 87.32073281335047 52.141897834390825 23.221284449261713 63.57739985446263 26.85973456395703 87.88305464302192 70.37729546296434 60.34062384690117 53.11670184495487 77.33473594704674 37.17338114571288 21.75776152123476 11.942358488749028 0.0 67.72945220956016 76.89109750968859 26.509913829501087 44.80236450797358 19.39786024393551 47.12817398633369 71.64399956925405 54.60853299444491 38.31776362977088 20.075789208429086 22.254477467001323 78.98292173991047 70.01725940775 58.313110241762196 67.47604192839133 80.43847607879364 8.217761806444761 31.73602040997462 54.0474669147025 10.827776394108616 67.94779942518218 78.51783692901627 60.470503021237036 49.7207969338185 4.235881224376032 64.78410187117089 32.63443598220839 18.107506893837904 44.56013955762955 77.70572119375099 63.524383777304536 30.08085924442429 13.008490111352815 42.76020931411588 76.6974715989544 73.95382194487561 48.22356631179143 39.70744449569069 56.76860208010233 85.22611952089692 92.18654622722744 72.98553133519178 67.45503624658622 78.53815441063173 100.90127418652794 114.55456735787827 99.54301804800507 95.33914313678679 103.27133300119215 120.97545394293164
94.44085468694506 65.41402604324638 20.665133282878777 55.853953064677334 7.351395291255524 48.31216051277218 34.240673921447716 4.997691751610978 9.114917878845509 14.804503564076022 15.52561308633288 88.43878930353857 81.82712034242965 61.77620920502496 67.72945220956016 0.0 21.642227212021098 79.16051160869782 27.60068345430176 69.82976030341649 61.327856613071454 56.52661734844189 20.711591535100354 51.350149501305985 57.62973417977993 60.29691606383429 30.525236993876547 8.231147806382046 9.428631342497399 5.178080381597226 14.476286804893327 72.69723617048454 88.90241120040157 19.92623223541501 69.20138917479736 3.2659691474606194 20.96167934423397 40.362922966960426 41.72172761979097 68.19022400919297 129.9958745578864 100.22752836780806 74.74607471774421 59.35639926707037 62.08201662953641 119.91610017876394 86.88884026902329 55.8059697509121 32.768554629566026 37.7900291303813 115.90166145930276 81.31237149854522 46.744653687278756 12.380541099345708 22.723274575361728 118.57045954666015 85.03943221089982 52.90839741168961 27.599535057633226 33.451644012924184 127.50337803815664 97.00332305628736 70.40581220110379 53.843407551101905 56.88626477549605
109.15216782180025 86.85861050325715 39.991550363396826 70.6928417996255 28.66056030310515 63.41571194795725 13.166621211352567 25.304631979389445 20.957464592179942 30.98300689255168 33.75598396884175 103.68350345948076 94.45995487712554 73.9185373883754 76.89109750968859 21.642227212021098 0.0 93.48036638424769 45.32676990530762 83.63945672444316 80.72104909124225 78.14358207602623 40.96036157483325 69.54252205758169 71.73855856594702 75.05873961731078 9.416821850695422 29.073699149733628 25.64981143484336 16.95185554386399 28.87981185465941 83.36139670408181 102.72453382225372 39.87373381491816 81.05033143717819 18.498921657666816 2.561520630057964 61.749224367730065 61.90152071963112 78.44653379804274 141.4303702051809 109.22790684224937 79.08056313972519 54.51191721740486 45.652782950389344 134.89534747041714 100.70530701572595 66.94184805156743 34.8670510339163 18.57577839724047 133.9988208337616 99.51234372966809 65.15045482849537 31.325861748763536 10.62497550382821 138.85010306928268 105.89708441361044 74.45711104822536 47.62728019618948 37.25160114527303 148.8881462195594 118.64207107789231 91.53673976870553 71.25153459946159 64.57058462018449
15.699761070969013 76.59740884880226 59.58336344306863 23.307039162459432 73.19730512247628 30.848667857811378 105.80304791270305 80.2992842344393 73.94172998801409 64.66803186903734 84.3784255072405 11.127555846630433 8.861582107416563 20.970544061703244 26.509913829501087 79.16051160869782 93.48036638424769 0.0 51.95444943470027 9.9582923731014 33.691589568510175 61.83854857600305 60.966610217308855 32.614849056075776 21.788957431145725 18.86392206132826 97.60999860282732 78.7295004276838 70.47375695574513 80.55324819533737 89.12096338680692 18.91019015565147 9.919553753531268 61.03395527783883 16.10890251390645 80.40222223275205 94.57865736741184 56.95246231257364 46.739331397821964 22.37172210271185 52.70407765433009 33.396155473901885 42.985113334098195 70.53346797773663 102.4551297381055 41.4317820842198 7.99459060427039 28.391695990079384 62.794246021915505 97.33961308594192 47.5406471505598 24.54478339692562 36.60086187260866 66.8703463791056 99.99253370524585 66.39465728647775 52.257737671703445 58.72217153646795 80.99702072296927 109.85236890055108 90.33760168878865 80.30607721818545 84.45104181420601 101.04266204940707 125.22774974396482
67.01632812172018 54.63946273510227 7.743464670609312 28.775406736791645 21.26589047226125 21.324281402141615 58.458071596068265 28.354544840437374 24.382826699498786 14.347865695021746 33.18292678747495 60.91867439599183 55.425733565315 36.40194048402994 44.80236450797358 27.60068345430176 45.32676990530762 51.95444943470027 0.0 42.98965485244923 35.580590535438496 40.978131990951844 9.83649905038963 24.25698724613114 30.93261677723202 33.15770486246551 51.95798968836011 26.85138557223677 19.926269978002527 29.90062881681444 37.33853597303226 48.03816977302303 61.80532376113481 9.45093889318292 43.70952825900555 29.328083604634937 45.72937134417358 23.99496360172731 18.52011517826835 44.14830293474191 103.69477393668213 75.99709989528323 56.50939504766601 54.825758103798485 72.2025987178041 92.38056605404118 59.81228601238132 31.869926502750474 29.1327471510678 55.46696117401043 88.88085130377453 54.30447579084595 19.824245726459395 15.227593756109046 49.65493701388557 94.07206116454043 62.369823537751934 36.40430073568149 33.99098945280759 58.14067116865697 106.69280903702847 80.00319935116613 61.74508633930983 60.15967788977173 76.29354741265404
25.638162341141623 73.58153316454923 50.70489382012189 14.249995650140319 64.10183788592406 21.672527478203452 95.89820860734393 71.21222116072988 64.30303146328083 55.20567217866005 75.86177850936436 20.867806965321375 12.779661044203158 11.316183558797874 19.39786024393551 69.82976030341649 83.63945672444316 9.9582923731014 42.98965485244923 0.0 31.025360389672482 58.22902984343958 52.31911576281039 26.344244355229574 12.201245542670431 10.036889348958118 87.66951479366857 69.84103045691363 60.98195899110707 71.01078830987251 80.31658340954236 13.67938575152309 19.170248245032425 52.26398905975129 8.67038263076567 70.93772794355027 84.78051450764849 50.8628584704238 40.18751790162597 15.19541683837451 60.779477624967704 36.64097520684022 37.22647860229255 61.837640926955004 93.04198215030517 51.34055234579003 17.14593091983343 18.62706609266332 52.86592709400672 87.39278526264808 56.373051577281345 28.828384071715874 29.649182251472297 57.63606322532474 90.33051010440217 72.9405227685057 54.34895278178026 54.60860197833954 73.52001146889096 101.10928096022934 95.19940567119299 81.62144496293772 81.58384063769543 95.10265593679799 117.59182205409543
43.435710637761915 42.97108697736537 40.9331149969206 24.753186268647376 54.116908937552495 25.951912393087063 93.88465243575152 60.46427604247455 59.77973450443202 49.80330552569699 60.79497389898253 36.81162410726875 41.6907546707619 35.269715597975875 47.12817398633369 61.327856613071454 80.72104909124225 33.691589568510175 35.580590535438496 31.025360389672482 0.0 28.180805696551488 40.62153897541842 12.875827567551543 27.513340444293384 24.873884196390673 87.53856665524654 57.700190533107715 55.09055410260835 64.60946082294697 66.80842459344107 44.00852814190764 42.16692376005684 41.42596242898844 38.3532591243455 63.676478508988176 80.94017720272905 26.956321490974013 20.005213274315523 43.63569673059244 84.0847760303429 66.6707310171801 64.91916939678461 79.86730308869964 104.58417191506898 65.25519268329919 40.728276712487705 38.13364314205317 60.36875697025325 90.7161989943545 55.181421914562215 21.37006750212732 16.22416788321625 49.644947778065436 84.02899162893313 58.57103599452708 28.96061083009268 25.3320667663214 53.28748575878371 86.21046673685018 73.58633681762382 52.96113892203698 50.88833806844576 69.05918557790713 96.66191969362477
71.05392878224382 15.677716267935786 41.290815896888176 48.45818458888743 49.53250189046147 45.806747545498155 90.69234820902093 53.48416781060811 59.28701091778507 51.167350961160984 48.90309935479753 64.54072883854852 69.633826834301 59.836187300526554 71.64399956925405 56.52661734844189 78.14358207602623 61.83854857600305 40.978131990951844 58.22902984343958 28.180805696551488 0.0 39.035621133102694 33.34007515651792 51.64974626561744 50.282005900778415 86.73634572494299 49.831163931030424 54.434234203951874 61.250156444533786 55.567860783295366 70.2132968474645 70.3058340822499 40.41921834435599 64.52490005174312 59.64478641400041 77.46151805122125 17.38094400918708 24.22671842833174 68.80878876774607 111.73415009731963 94.5398478747652 88.23687817995878 95.01795516633823 112.5423397368778 90.85626459202446 68.8982533559548 60.281512848555955 70.11087821320992 92.69300228253431 74.95534933551458 46.20202559401916 32.3385812989223 48.49509674739406 77.79845032558633 67.63875873883374 33.179905587501906 4.6545282381490924 36.56880061892552 71.04747547627478 71.58919120128029 40.56926748116827 23.697300586602548 43.26779484062784 74.68256496434309
75.69392535420427 50.842919528807876 3.1090322428253674 38.06971628766036 13.514825363494356 30.776268694683573 54.0532319283112 20.15647995523562 20.674105354435603 12.166719899467653 23.558293274902205 69.42190260507033 64.89631184190247 46.17909299397284 54.60853299444491 20.711591535100354 40.96036157483325 60.966610217308855 9.83649905038963 52.31911576281039 40.62153897541842 39.035621133102694 0.0 31.098147568313102 40.42169332175014 42.35953908491822 48.76262226530934 17.961149941712875 15.740117191320103 24.277621229123937 28.183666452037762 57.8509275197576 70.87160975476912 1.4325602831578264 53.44680046855772 23.171694057221043 40.84851671522715 21.75088777333898 21.084647558464987 53.98458180858632 113.09685742571739 85.8072949207571 65.80021020675832 60.755465322985046 73.80764575667618 100.7537164943629 68.90258939179643 41.697193640244734 33.53473998369177 53.901162417197355 95.35726963187527 60.81933911273605 26.45428378218362 9.773445278620322 43.42885350398018 98.06147172682135 64.9401853472637 34.83169625671267 24.578657633989657 48.885761873030724 108.26084944092071 79.38667415502383 57.26150681955948 51.48125787832912 66.45722896853454
45.87173331282608 49.01183187002177 30.687989332215828 15.11813597687763 44.45629701718468 13.762042022022962 82.64413694662004 51.24967471946777 48.624852570509994 38.592439774730686 53.40311189284226 39.332161827109324 38.819996137465864 26.497574727091813 38.31776362977088 51.350149501305985 69.54252205758169 32.614849056075776 24.25698724613114 26.344244355229574 12.875827567551543 33.34007515651792 31.098147568313102 0.0 18.313185280773933 17.278637879016195 75.85034291847718 48.9588765828625 44.171415917607085 54.062884188543194 58.83195851514048 37.14707579372617 42.335148585922674 31.601158586881574 31.520760908872155 53.3625182257044 69.98415421566843 24.564268284209167 14.125837427564013 35.48696034863144 85.24449541836056 62.938616810397065 55.23323027691823 67.34199820407454 91.72771920753809 70.18858623003275 40.52867632993712 27.450857168321043 47.532783421061204 78.48580397929706 64.65871399076565 30.062153137543458 4.644481397939018 39.16967913465603 73.7686296431845 70.91968392994902 41.77068544444835 29.237249329141058 48.57655119884404 79.11626821567278 86.44620274835815 64.54220900722707 57.03716581035374 68.81548220145139 92.80459936567992
37.42068421819046 67.31681562077075 38.67075432927036 3.216187947802192 51.95087479890015 9.64542619200304 84.16299278124492 59.05918897524262 52.170182789474225 43.00903932251058 63.978316913727525 32.03359284801293 24.495959793381534 8.187539071333513 20.075789208429086 57.62973417977993 71.73855856594702 21.788957431145725 30.93261677723202 12.201245542670431 27.513340444293384 51.64974626561744 40.42169332175014 18.313185280773933 0.0 4.0242594664573845 76.11993457100323 57.7658933603486 48.79120309918967 58.83497101876017 68.26864699097334 19.247066691219338 31.33339569215399 40.28813626564471 13.890851098833787 58.74347650407286 72.80512796528441 41.541640762475744 30.669739396452062 17.18267520826752 72.76302516305887 46.39403725800823 37.48577286339242 55.25203392892021 84.23312264787815 63.160530013656796 29.31188459656797 11.13433700789068 42.23284500984638 76.40749825533088 65.41790941166951 33.86401710732373 20.22097126403344 45.45163302338967 78.21548089364506 78.51873798586556 54.91034005506643 47.53850488978575 62.44585031687331 89.07227272379136 98.21513572483823 80.40025438806948 75.34542043785598 85.34873937078589 106.23853207562586
34.27766118382831 65.87885123824182 40.83411937609027 4.448599189841563 54.36687365595181 11.98657284325702 87.59845703044707 61.47387817462905 55.21148162941609 45.83400895226161 65.88044669135385 28.626313173245475 22.79525924974149 10.43892674118135 22.254477467001323 60.29691606383429 75.05873961731078 18.86392206132826 33.15770486246551 10.036889348958118 24.873884196390673 50.282005900778415 42.35953908491822 17.278637879016195 4.0242594664573845 0.0 79.66876054428735 59.987015347833946 51.64767869489906 61.74556317579224 70.42896205069101 19.94043217367742 28.658899048350644 42.346858881658775 14.272262228307934 61.5610797958056 76.05146628128126 41.42593798974765 30.61977015018054 18.85077869889878 70.77281908817109 45.95147107419411 40.113691158939716 59.17350332176395 88.25374510046291 59.9584992515523 26.65985871167615 14.877050176046682 46.11677892862567 80.16882247430712 61.467366067119556 29.87107831831804 20.029331567223352 48.0095355179534 81.26195575205676 74.55486461445398 51.53762758447127 46.35342909311659 63.529267529588054 91.20366982064007 94.52773262570612 77.47376495231809 73.91633796850789 85.55591460723706 107.56743359759312
113.30582418838836 95.92701980915264 47.43215574979608 75.4214972718231 37.22633418568195 68.42330187098877 9.237302207613597 34.49189956338449 28.159638566083125 37.855148375715636 43.16595591831846 108.14736828415647 97.79179056541548 77.38365618894078 78.98292173991047 30.525236993876547 9.416821850695422 97.60999860282732 51.95798968836011 87.66951479366857 87.53856665524654 86.73634572494299 48.76262226530934 75.85034291847718 76.11993457100323 79.66876054428735 0.0 38.24483045729613 33.07355387878928 25.55911205654242 38.25933826407555 85.98024468117265 106.51316789167151 47.57100583617122 84.23992722892878 27.291051916907605 11.288903869485344 70.04197472513818 69.34436216703908 80.98348539229745 143.76702327859593 110.71986720324941 79.01675729243539 51.2175146071889 37.38511205096811 138.998718753035 104.51308879939761 70.1439955594803 36.22467340189496 9.956218184453908 139.76735241804974 105.5238484201846 71.62751410940535 38.99445317693486 17.478054492557664 145.98545002658972 113.55953201071046 82.91319409431479 56.99335886846535 44.907715511625454 157.0065542269921 127.2962620685523 100.75897037901645 80.59251455323395 72.33732239207546
93.59752975568453 57.797435500530796 19.153561178569458 55.62063342349452 6.610983250883955 48.1738899449049 41.05069384853114 3.77081652306841 16.105464356646348 17.51274268161517 8.321557808109967 87.35913888747345 82.24541358461293 62.83788268738875 70.01725940775 8.231147806382046 29.073699149733628 78.7295004276838 26.85138557223677 69.84103045691363 57.700190533107715 49.831163931030424 17.961149941712875 48.9588765828625 57.7658933603486 59.987015347833946 38.24483045729613 0.0 14.079025622143897 13.379605649321222 10.539029208415512 74.21769883095496 88.60777433166734 17.725891911883352 70.23332741088637 11.414210932578492 28.012451401367496 34.5459796296646 37.71977547085124 69.98900175998685 130.52558768581983 102.08315066972908 78.73868352801738 66.1313915129541 70.29730884835065 118.71132743655681 86.62274523322925 57.527792598753756 38.86154978315742 45.88920769671074 112.79058986998535 78.39287812566623 44.317286350762146 13.321139189812069 28.03098250719123 113.68826407458407 79.66729479686946 46.514329020859755 19.368433611580933 31.329508602468994 121.25295984949247 90.04327824234153 62.51494384817035 45.86130195544831 51.89618864100849
85.90596876737425 65.21609855699849 14.398057592180242 47.19994205482439 8.05355072730306 39.6819484262781 38.816082687372855 12.849504243392998 4.934349620278577 5.823984649828119 22.400457659840804 80.04916726532639 72.7848436396731 52.585948097423895 58.313110241762196 9.428631342497399 25.64981143484336 70.47375695574513 19.926269978002527 60.98195899110707 55.09055410260835 54.434234203951874 15.740117191320103 44.171415917607085 48.79120309918967 51.64767869489906 33.07355387878928 14.079025622143897 0.0 10.129767344708815 23.192856468905436 63.3755784623739 80.12232813107975 14.509708371243551 59.99919146139044 9.964328812541078 25.87352337420166 37.33600865765606 36.341159029906876 58.82690448441991 120.85413217194993 90.83519531482514 65.50683557182775 52.21168127308556 59.63032091884182 111.51061612820976 78.10181593318102 46.47593583249872 24.798677143787046 38.272431095538074 108.80711593601796 74.22763490062994 39.690669934245875 5.984226682467701 29.85174786202995 113.22044132338974 80.50224254750037 50.37051970248928 31.44205677060993 42.835173538432635 123.99274523879045 94.93390126418169 71.0315213490787 58.93466825461631 65.5431148301474
96.01386444726609 70.46812233534165 23.67680652214255 57.29958137877099 11.723519351642835 49.79127642745679 29.871022592536608 9.93036245233238 7.149345993817019 15.952007420915 20.236561012344445 90.17458839512055 82.68796187962099 62.36825558811515 67.47604192839133 5.178080381597226 16.95185554386399 80.55324819533737 29.90062881681444 71.01078830987251 64.60946082294697 61.250156444533786 24.277621229123937 54.062884188543194 58.83497101876017 61.74556317579224 25.55911205654242 13.379605649321222 10.129767344708815 0.0 18.037736372261165 72.91313610158507 90.16750949751201 23.29552024836588 69.75338151312297 1.9853933765497604 16.60319068485106 44.798449905316 45.3491705628772 68.25625002196625 130.63352862668546 100.09717798954371 73.27051986568833 55.789702668214936 57.01938766759693 121.6321176602831 88.14525310879597 56.032493175726174 30.07550472988961 32.62319306440457 118.7214809217606 84.12157074876191 49.52718111668153 14.976616595054251 19.761345881588923 122.33729162234891 89.10692463163474 57.51967387979118 32.73865482943475 35.07084156510304 131.9438921455369 101.78581418079055 75.54008544903242 58.711568715311415 59.85468522972476
103.8712039856434 61.135457618622816 29.611887172343597 66.08193396710716 16.861399213345756 58.661145886390095 38.62508647240383 10.354738206036705 23.58743056825832 27.551650329378386 6.6648105622852825 97.57402852146983 92.75659812452075 73.37568447297072 80.43847607879364 14.476286804893327 28.87981185465941 89.12096338680692 37.33853597303226 80.31658340954236 66.80842459344107 55.567860783295366 28.183666452037762 58.83195851514048 68.26864699097334 70.42896205069101 38.25933826407555 10.539029208415512 23.192856468905436 18.037736372261165 0.0 84.73872256791759 99.01484833924982 28.090522539157682 80.77219367401793 16.30986805571223 27.038741323293785 42.040539862321765 46.83232745803175 80.48227832541255 141.03166826034854 112.58458548292438 88.630695154392 73.69033289817023 73.48390305395732 128.8432987760791 97.03716853807256 68.0194451676571 47.24292719958552 47.243622079508164 121.98945633005401 87.82288181945107 54.21382493928477 23.669984925507222 24.005138755608225 121.37761580459825 86.97888525844363 52.84864525845235 20.383426921917437 20.804827399933355 127.09798848807782 94.72921568765356 64.71610957856824 42.39752683434903 42.447033271422434
31.532908936774387 85.78850701689461 55.66411584127079 22.412119023890373 67.96312815507257 27.994755634739843 94.74288645010758 74.93634677376964 65.84912148546769 57.91522249967695 81.12602855079308 29.22026532665196 13.541222489712732 11.805016080543654 8.217761806444761 72.69723617048454 83.36139670408181 18.91019015565147 48.03816977302303 13.67938575152309 44.00852814190764 70.2132968474645 57.8509275197576 37.14707579372617 19.247066691219338 19.94043217367742 85.98024468117265 74.21769883095496 63.3755784623739 72.91313610158507 84.73872256791759 0.0 23.52489758138674 57.47141487511762 5.702267493111201 73.21220283613373 84.85891830019247 60.788445906133006 49.916501720021486 5.018627850337696 58.077798418722296 27.959069898768448 24.191641738226494 52.75991366880281 85.88846529360411 55.38778871971709 21.892649999443144 16.9003563398017 49.867914539364214 84.15966190667213 66.04097279516165 41.96445278546313 39.4391730565923 61.19403001272674 91.26224909809464 85.16904184362596 68.02071544938876 66.29209290751963 80.97676978114052 105.4258256542116 108.37300803493999 95.27083156901574 93.82450965139421 104.519044491503 124.25822908195086
8.063629745745365 84.62348341082028 69.45640619893219 33.07857796106121 83.02574398894423 40.61144683053065 114.86880009612203 90.13246571424207 83.47303759568737 74.33392805930173 94.29586185451275 8.49632490484126 9.993502915977032 29.190773101829613 31.73602040997462 88.90241120040157 102.72453382225372 9.919553753531268 61.80532376113481 19.170248245032425 42.16692376005684 70.3058340822499 70.87160975476912 42.335148585922674 31.33339569215399 28.658899048350644 106.51316789167151 88.60777433166734 80.12232813107975 90.16750949751201 99.01484833924982 23.52489758138674 0.0 70.92491861367573 22.9011044536535 90.07069912446019 103.90406357964729 66.47740019672582 56.43516992530455 28.067435765520464 42.90934758392255 27.791074565349533 45.80736660047764 76.28319040261347 109.24639460565773 32.647415009084305 2.0245217176653436 36.5677191052364 71.16988045442906 105.77315395789321 43.575410411698236 28.79964645398149 46.42048093321876 76.6494659793963 109.50003830978753 65.87907655436761 56.99350413872658 67.46300376870393 90.8242523629659 119.75651686263915 91.59379713451142 85.20845098864889 92.33768573082831 110.39351398727017 135.06264949175193
75.872209067362 52.27463234703219 1.9962637058687758 38.01774615089679 12.863539175880803 30.650409073873657 52.992253168162634 19.689620985968222 19.44184349147766 10.760374884910037 23.738538466311876 69.64551235548831 64.78174882355962 45.851470998754216 54.0474669147025 19.92623223541501 39.87373381491816 61.03395527783883 9.45093889318292 52.26398905975129 41.42596242898844 40.41921834435599 1.4325602831578264 31.601158586881574 40.28813626564471 42.346858881658775 47.57100583617122 17.725891911883352 14.509708371243551 23.29552024836588 28.090522539157682 57.47141487511762 70.92491861367573 0.0 53.15969662701481 22.267210744368473 39.82324355440403 23.11098637490752 22.064680396141995 53.52750387749487 113.02265302809283 85.4300207578942 64.94030210114967 59.42207729849248 72.38445791463027 101.02409264321098 68.94666910512952 41.18560824970004 32.15121667337193 52.59260785374962 96.01352658448458 61.444675556086615 26.96577835988972 8.585594462975509 42.604293719977804 99.05739061531612 66.05875855763502 36.19385763181229 25.516149399018595 48.8568852045922 109.48580420796367 80.73749844775155 58.691968025483604 52.59041443067609 66.94443512208348
