0.0 40.716327626095435 21.838225758193484 42.278509163590655 25.39329839529588 34.22501180191001 51.12195709935201 33.53640057119395 59.41228265421277 7.54969220476877 41.96708928664081 22.098901128572322 25.711946865285835 65.32272430566259 21.3761399741853 22.247230614508837 45.692545985507884 54.75148845500193 29.04003418869931 9.473275286307679 56.271839135933845 41.9717088341062 49.696731974187024 5.680703734787007 23.807917211907448 34.48113179716246 38.516769892584975 32.16027990662125 55.1481515665156 40.52986788967957 47.14788651717143 11.759444777933666 20.14852259323671 66.17562116705578 7.77305295517753 19.882079351974234 37.78154122510795 44.16830443123605 42.15298929111012 25.06374843493284 98.73138312930901 78.2918062056512 70.04345616067252 77.95718383674689 98.2003930761101 80.95845253700283 54.45478558648281 42.08557817515503 54.515022597427 81.03949079455272 70.37935891331372 37.13503979521051 14.12864789942699 37.6175051500905 70.8899512434468 70.32017404332242 37.02378124800008 13.836348160704322 37.509723207461654 70.83335931524961 80.8040200878177 54.22703881067621 41.793227648456245 54.29176806901795 80.89090397641237
40.716327626095435 0.0 37.4152303177952 22.028268889022666 29.68012788161785 41.36356869136387 33.95298023464435 24.32365973420949 89.11354330391025 42.752157121204554 3.9786027337471723 24.595899777025615 44.78310083635326 30.373703334772486 61.934091005506936 55.24424287129091 62.9621062333243 19.977793747076568 41.31016517154041 33.52392826901785 20.117032427704615 3.4074840563135003 78.57772400178584 40.91386629504029 24.724002166965008 24.35804864415067 20.776333274557143 10.92642077558468 85.50843304203512 6.96145293616894 10.281174731917192 30.687202892197433 41.68268546117183 26.81559827765299 47.66161953133437 57.39540472697106 6.818272955792131 18.093631193515375 52.51404701942181 46.374023487188595 128.099127629635 99.95154081973952 77.23991465654873 65.85186568775867 71.42619903662982 116.02817029746564 84.08661743108128 55.43832893266705 38.354707080460365 47.577147377612974 109.95818927739693 75.57407302865106 41.55634713193609 11.716305205808515 30.699608732835625 110.87951318018646 76.8962454527045 43.89358892964096 18.30601530957786 33.74050543466138 118.62931253939882 87.60892524918867 60.60155339661526 45.437729558592984 53.398883546581175
21.838225758193484 37.4152303177952 0.0 27.378939344301518 8.558482860057477 12.391981156166372 32.438288001480515 17.880788928585968 51.71097175488512 29.22501743005829 40.45065928386074 13.036114327048724 7.577982418897446 52.45677117633766 34.46609677867064 20.073755341256412 28.265861818465144 43.394151479987364 7.500881153151428 14.376682214479604 45.52786025090582 40.138514023852764 41.172468314687364 27.044477605323486 12.691536719791502 18.66137721769194 24.256539147095985 34.35358111829429 48.09541917342674 33.521860707170696 46.95792667162964 14.650064341849948 5.0182808394338885 57.026073705451594 22.580716309011088 25.287531034944926 38.28774834044489 31.32223578975023 21.450226784751923 8.966975855435374 90.8846761568674 64.59563663221671 49.79934569279226 56.41063764452714 79.24109978847234 79.040997058354 46.674824248148695 22.459845257601952 35.002792850381425 65.8846855765864 76.31868559977083 41.94623984651696 9.449120626038145 28.52960395312692 62.71717707778443 83.61361260010086 53.99503464199808 35.135771172013264 44.14082194534557 71.1135219511904 98.72940707682811 75.14255182146067 62.77012309839199 68.03345942745007 87.81681409251904
42.278509163590655 22.028268889022666 27.378939344301518 0.0 19.151795077169353 24.632956754748232 12.428629520313192 9.575081536073268 75.27310950465406 47.59995670512222 25.997597267854488 20.180579923323066 32.72603882594542 25.08697402672914 60.354111126877804 47.4460979301818 45.833684829613524 16.776428645007236 27.20841948778654 32.8581785094877 19.145260500713057 25.407215933387185 65.06370901356992 45.28229939942482 18.543552521412522 8.736751566777816 3.7762321558132026 28.010833509797468 72.27834028234713 15.105352190421964 31.802081600211924 30.55607899188114 32.39473185673256 30.936014020362354 46.67959236334495 52.33969466934164 27.518244029078147 5.275212521476253 34.28504309621806 34.8540233058549 112.53972314533188 81.92123022371575 56.14091173356717 44.57949431887401 56.72456251189997 104.47401540534172 70.54652015511353 37.863596380125514 16.892044566455738 39.13922869006691 103.64555857123793 69.3251659365737 35.55850903167448 10.848438085329091 36.957025924254914 110.21771599716521 78.73118291748456 51.42060515219891 38.52769565585666 52.14895261571237 123.00962825629782 95.67963741884913 74.64975253486875 66.22194694768262 74.78552754166473
25.39329839529588 29.68012788161785 8.558482860057477 19.151795077169353 0.0 13.437441895493938 25.925764768397556 9.576717686703892 59.613867598824235 31.998832535863333 32.98532416974443 7.182177401903802 15.2972638896251 44.131760491005366 41.49275373922438 28.514182503981626 33.826108472504586 34.87612012495395 11.778610177160376 16.17175218999873 36.98794310009152 32.61451752689993 49.10439947719509 29.65696371918999 5.741592968399508 10.43378102339138 15.845476559898012 28.243283565478787 56.14423499485901 25.257278644530388 39.57272257126332 14.862805559079206 13.514825363494356 48.46792424963596 28.34378227436206 33.188148597861314 31.419901601891826 22.83809192708511 24.645692736723134 17.10708038191278 98.42897519438924 70.77829352316623 52.20800863418971 53.259657841595256 73.0911198270125 87.43487462071859 54.634581365199786 26.830255320017706 29.14845894575946 58.088274686587006 84.77839122596743 50.31559896203544 16.455914217024173 20.119355365110625 54.163027441938034 91.1912512002423 60.4132345572721 37.12823134516508 38.75673174315791 63.40737328905644 105.02475303080745 79.61891436847304 63.58399295421111 64.35415025645368 81.45409143087288
34.22501180191001 41.36356869136387 12.391981156166372 24.632956754748232 13.437441895493938 0.0 24.691688014004114 17.373142263408745 50.6648534541535 41.61416901806522 44.99986899868167 20.606355880023823 11.524358199128152 48.56337743638076 44.8101414724196 27.542586115611332 21.747699121896957 41.37217554728192 5.636979465621164 26.480258009128608 43.765699680874015 44.55519356251757 40.53941409058314 39.42250894418944 19.138928295326618 17.621332428486223 22.908054463873867 41.41220272131597 47.76355299911089 35.8263731527707 51.575351908438094 26.239822550894942 15.139506778843463 55.553473008506714 34.37749094268038 34.41963111432578 44.09654142404029 29.688509394264926 11.352387749957623 13.632805471303246 88.09839070161901 58.629541445012826 38.83744024023355 44.43081529548095 69.53182638295027 80.16589455165645 45.98837100150464 14.07631092899005 26.003988834285558 59.57453302490799 81.73071660686897 48.64095116876769 21.138164322023325 30.37350190718032 61.58835127013215 92.3110508886272 64.73364130238674 47.48021519091362 52.08751934863345 74.61005849101174 109.31937409557156 87.11103334284782 74.97122790278192 77.7675009520069 94.17871151599137
51.12195709935201 33.95298023464435 32.438288001480515 12.428629520313192 25.925764768397556 24.691688014004114 0.0 17.928740385861307 73.64935788208489 57.265453669559754 37.85882851915264 29.656533582590377 35.46631886055575 25.901720918953302 66.8745706889759 51.43834492637855 42.62969777404021 22.448032476675635 29.27128786454766 41.70099453941808 24.828625734303632 37.250309050850696 64.06651058948775 54.90973852589094 27.72434016342666 17.01770764042696 15.314420018220304 40.43868370379755 71.22987439467887 26.99891382804057 43.22034278187834 39.85547600796461 37.081342861185256 35.58427599953573 54.21036068205457 57.543604408002885 39.78871216751741 15.903991257127538 30.89546791164867 37.68726085302711 108.77899162824274 76.41036987122543 47.31864642515275 32.16205912768489 47.165409651259495 103.87294455771081 69.31707108073597 34.85653595660509 4.466976399125287 34.92540165817771 106.41413370792361 73.03644570221597 41.70756229522622 23.228493463338932 41.64671498253785 115.91365799029296 86.1795355493758 61.74667602927636 50.923423588583574 61.388448066982555 130.86440423085378 105.2734811727763 86.22210995825272 78.61762856587025 85.56835669066359
33.53640057119395 24.32365973420949 17.880788928585968 9.575081536073268 9.576717686703892 17.373142263408745 17.928740385861307 0.0 67.21485203209782 39.41419259228606 28.117000708903877 11.740001186113986 23.679589707048084 34.59442790702223 50.898205808360196 37.95245849875431 39.12071533572456 25.637029744506115 18.647201574469076 24.063864409577068 27.851477228369188 27.62645928586299 56.83531388358173 37.06248237608583 9.838705231360857 0.944894857958795 6.401759382708446 26.453362049552776 64.00099467920866 18.48041152789329 34.602913394641284 22.040190322816276 22.898246632858385 39.516157342836856 37.412166766715956 42.76474359701208 27.944029425883286 13.529080434081731 28.274735657829527 25.728482999710533 105.28183312161418 75.94688175320485 53.351700536263955 48.163157007568955 64.71310591167841 95.85266105618604 62.36047565002533 31.381080647479887 21.80739621511561 48.592178841586666 94.1973467360464 59.80909599856838 25.999400698060583 13.025465428442262 45.36749610768139 100.70007401262087 69.51865850206542 43.81793685843986 37.44339779847669 57.26109695554279 113.97260355868433 87.49802581178076 68.67917283939961 64.59510157207494 77.60798681190914
59.41228265421277 89.11354330391025 51.71097175488512 75.27310950465406 59.613867598824235 50.6648534541535 73.64935788208489 67.21485203209782 0.0 64.94684270784613 92.15002821833295 64.68003660732812 44.35524991553181 98.89686177311319 47.37666729793558 37.29659461922306 31.29749031546054 92.03264860508044 48.5875834223109 59.940536234879595 94.4173659206663 91.84553223301779 10.53901432763466 64.26641357981414 64.39443012683697 67.67836426576109 73.2698425950651 85.37085459237983 4.354405184141179 84.83741116545376 98.62869178765054 62.1195493903211 47.724023826704894 106.20784378268675 52.55453557879287 40.58296940138652 89.76834819962308 80.23950836955034 42.79417930861904 42.744972286737976 39.645315426787434 25.530425069040003 46.11611525352999 77.43662880524052 110.72943957078708 30.661564923399595 5.096796325428886 38.815941784215795 73.36369384775587 107.94739481780542 43.79212704795706 31.53772197671566 49.662265221046255 79.57944727955729 112.2242016414026 67.11595824716812 59.64644998189341 70.75048298522901 94.06565468885417 122.82446271407605 93.27587385494928 87.83532422384401 95.52173880633337 113.70340298571584 138.30122188059872
7.54969220476877 42.752157121204554 29.22501743005829 47.59995670512222 31.998832535863333 41.61416901806522 57.265453669559754 39.41419259228606 64.94684270784613 0.0 43.32774601934513 27.698095128785006 33.25816635594899 69.45629695460788 22.424235762363512 28.424859021270045 53.05071323707364 58.66521400323675 36.51506970150779 15.834450341170522 59.95538293043431 43.43949150055032 55.61797912959029 2.3566696359152965 29.57561187368019 40.348822589272146 43.82635415268032 33.010014819019325 60.62258235089046 43.73904974237718 47.75901893921667 17.412718374437286 27.69755606538843 69.10965421073226 12.432909855698822 24.485153240850334 38.73269095693077 48.86797694263022 49.702074280360115 32.572846997575525 103.83389853933284 84.86483106791026 77.57149404365023 85.01393941698976 104.07756324909046 84.61158939045046 60.10782842175335 49.61438327035585 60.86894962855844 85.69292293850498 71.62142286742528 40.02621018485665 21.66591772856206 41.61215785600397 73.40692455677684 68.50632028420003 34.19933058018762 6.397353818320272 36.153999642109994 70.48511101543357 76.48273738624663 48.119288861541825 34.29510316107096 49.312001979408755 77.98733407048037
41.96708928664081 3.9786027337471723 40.45065928386074 25.997597267854488 32.98532416974443 44.99986899868167 37.85882851915264 28.117000708903877 92.15002821833295 43.32774601934513 0.0 27.478388303708105 47.91057706569093 32.61945692844881 63.318607233654014 57.68065346012422 66.50460482600991 22.692499278505984 44.70452516904085 35.40485760107594 22.47710637061618 0.6191402300992069 81.61117780153373 41.63462540234656 27.806725113010394 28.192158255007477 24.740648676876923 10.429632063478403 88.47464898609391 10.907141538789501 6.59920693843637 32.60727074994931 44.536679143612915 27.640137033025027 49.17900307096431 59.39905020961569 4.935080144910933 21.97025973523643 56.21252801127151 49.41637114756191 131.28988129392047 103.51217730031492 81.16199159847095 69.67443595999364 74.2734494244135 118.65807788334553 87.10059017432948 59.06019420775169 42.243586989838434 49.756960468059454 111.7896731141841 77.57744665574138 43.98226943245299 15.667494999019826 30.843984097946453 111.75284532265488 77.52485640551207 43.89030668581994 15.409913000980787 30.715184419497664 118.55396318747104 86.96000615989735 58.8546004656951 41.95838608376378 49.51736233106094
22.098901128572322 24.595899777025615 13.036114327048724 20.180579923323066 7.182177401903802 20.606355880023823 29.656533582590377 11.740001186113986 64.68003660732812 27.698095128785006 27.478388303708105 0.0 20.58459392134358 43.855042997811175 40.89311656128854 30.99327240209381 40.46005179896253 33.699653145758 18.391298126492625 12.687784406621448 35.515601765966295 27.188978269575152 54.1422644426137 25.350850991938607 2.0003365785478096 12.666965781810683 16.423446591217516 21.539633589869158 60.996789382285286 21.48349074552575 33.95045109379576 10.40787454987388 17.09054091827723 46.38400784657537 26.831257193267117 34.19435219083488 25.261270799627482 22.387887147610943 31.743375290101895 21.976477704145466 103.91735336486028 77.23721847143354 59.38982129157197 59.02122668494078 76.38488656980516 91.46629282868805 59.62558002197451 33.75166619530032 33.436181872606845 59.0899285389438 86.70831636245111 52.10805604413866 17.522022728200294 17.136144659081207 51.72163980934157 90.86040426453033 58.70055606503372 32.105104469148145 31.789312910849613 58.18267207213817 102.8488372915214 75.80689401898613 57.53505577469423 57.17233352071647 74.97909316903272
25.711946865285835 44.78310083635326 7.577982418897446 32.72603882594542 15.2972638896251 11.524358199128152 35.46631886055575 23.679589707048084 44.35524991553181 33.25816635594899 47.91057706569093 20.58459392134358 0.0 57.669376576861964 33.43497735709251 16.094658213862296 21.221937247099937 49.27281096809863 6.216300731059861 20.20990431143511 51.51878955351947 47.58179565128324 33.83138695611919 31.31303008790806 20.10405533983174 24.31287774766217 30.03709285350682 41.92776957275695 40.849604620391005 40.55454191001202 54.444689247848025 21.18079044168049 5.678545895235462 63.195268395210306 24.12404125042274 22.903100642443363 45.84562054946081 37.17627634063102 16.517649405365727 2.223908110704845 83.38247761867557 57.12612720885674 44.37304334622743 55.40176235548482 81.02196799834827 72.265245839894 39.35626666197383 16.444294434146236 37.23926741992368 69.98542977732838 71.30193699006556 37.57507734784551 11.604242784671541 35.387600332538426 69.02722548196039 80.85633472231534 53.40706322726587 39.518421997047156 51.632554545015296 78.51725566618627 97.89547796859547 76.61668901424676 67.46461608792913 75.01730982259997 95.38597424119575
65.32272430566259 30.373703334772486 52.45677117633766 25.08697402672914 44.131760491005366 48.56337743638076 25.901720918953302 34.59442790702223 98.89686177311319 69.45629695460788 32.61945692844881 43.855042997811175 57.669376576861964 0.0 84.72482633530444 72.52869563137452 68.24891544707702 10.904793974849175 51.92538165974221 56.28590998715522 10.260201188329264 32.09475010387148 88.99450764874997 67.28465111967145 42.58165339232502 33.79626033335041 28.294091024554586 41.07361067326064 96.21246968139987 26.382286112458655 34.299573947994595 53.66893314477509 57.47443706374405 12.15140033527872 70.67328922574876 77.24980115586884 37.04713806913928 21.533704615324165 56.4481754055325 59.830455773271794 134.64796690648103 102.25272205234526 71.94431447932585 47.86617438383241 42.44028700176971 128.7134745378099 94.3773444026706 60.34781255544428 27.775610865777196 17.203527917968334 128.7300918515234 94.39979764256296 60.38259430797231 27.850390473210872 17.32285939186884 134.69561539915594 102.31488111795562 72.0318109485344 47.99634861673172 42.58565457025576 145.88175009471664 116.52481582984989 90.93592017472338 73.18067803119307 69.54310090944948
21.3761399741853 61.934091005506936 34.46609677867064 60.354111126877804 41.49275373922438 44.8101414724196 66.8745706889759 50.898205808360196 47.37666729793558 22.424235762363512 63.318607233654014 40.89311656128854 33.43497735709251 84.72482633530444 0.0 19.011676879007766 46.25068043737872 74.56336158025492 39.21158037871964 28.891702866620356 76.30468931772293 63.30936745494989 39.87019547538547 23.107353227544312 42.15045083155497 51.80589544734661 56.7695959192977 53.52729286206528 43.06790474779778 61.1830003757428 68.51603871435312 31.697201640827764 30.096996337148102 86.76437180450431 14.350615131647709 11.235251471010477 59.157374351982796 63.20729712244926 48.17186552929216 31.547941932263367 84.33582449020786 70.51588489637601 72.29943998265887 88.750708670231 113.67025918527364 63.02569176191053 43.1395372021781 46.31007192334535 69.44816121796572 99.4801119529734 49.332956048633626 18.34784267640144 25.187243357614186 57.68017201534529 91.73035690589637 49.97126402353762 19.986200752180743 26.393542784232718 58.212025120990084 92.06253594344187 64.51661982651669 45.27063889140434 48.28338025225681 70.76691615847861 100.39644210157577
22.247230614508837 55.24424287129091 20.073755341256412 47.4460979301818 28.514182503981626 27.542586115611332 51.43834492637855 37.95245849875431 37.29659461922306 28.424859021270045 57.68065346012422 30.99327240209381 16.094658213862296 72.52869563137452 19.011676879007766 0.0 27.595841418835878 63.38289076431577 22.298770789476517 23.205224343024987 65.46688003605631 57.48807506442127 27.451908676293453 27.40226299822623 31.453510232905067 38.7348116098354 44.31727824459656 49.59013150685536 33.09236612555125 52.462562532600494 63.82494597607936 25.68662060700456 15.05547535686995 76.83118068691698 16.109820597254295 7.777179635798022 54.541388927996316 51.35078410957319 29.31069269843573 13.923191062190373 76.8162516166591 56.47300524822411 53.595384482325635 70.36001180164338 97.07419013018672 61.107579118474504 32.28763241869756 27.30731164983584 53.326638866168864 85.65404039877704 56.26473728764704 21.89278732247762 13.701157062828834 47.86442694097665 82.39623244617488 64.77285129630812 38.725203137178 34.62072490608669 57.3792817150538 88.20999653630686 82.60437189552152 64.05836750691253 61.4674700150584 76.470965233127 101.5487587669147
45.692545985507884 62.9621062333243 28.265861818465144 45.833684829613524 33.826108472504586 21.747699121896957 42.62969777404021 39.12071533572456 31.29749031546054 53.05071323707364 66.50460482600991 40.46005179896253 21.221937247099937 68.24891544707702 46.25068043737872 27.595841418835878 0.0 62.28379432970619 22.097880109074488 41.35325964470294 64.72881396029416 66.08560489628131 22.618013905110995 51.37180875850443 39.453917393424 39.353095715271074 44.50115194257142 61.969810449508294 29.407487874278228 57.56575785310935 73.10082359097218 42.402529180367004 26.71923976310836 76.42985280774049 42.04159869866849 35.16427622909305 65.2285851007331 51.03710527400423 11.804163891814163 21.05888444486669 66.75075071629605 37.009862081499485 26.05070407918292 48.809738746089586 80.50455969326465 61.88158856197735 27.37059344049474 7.988867580898604 42.11114891303661 76.66635479748871 69.27312216973672 41.34830252050476 31.865879434634333 52.11546706803331 82.5314790109803 85.81323158843563 65.20178733899614 59.44258822971838 72.18279148024142 96.34352776582061 107.35278427647941 91.50834186847861 87.27908320745179 96.20917573219124 115.27999834192916
54.75148845500193 19.977793747076568 43.394151479987364 16.776428645007236 34.87612012495395 41.37217554728192 22.448032476675635 25.637029744506115 92.03264860508044 58.66521400323675 22.692499278505984 33.699653145758 49.27281096809863 10.904793974849175 74.56336158025492 63.38289076431577 62.28379432970619 0.0 43.92475957585519 45.88093524485829 2.465532355044072 22.120728492559692 81.83913659435245 56.51841780257746 32.604501258071174 24.965072035062686 19.245179565153517 30.41876135802684 89.05445746779031 15.496282848836875 25.585834390103564 43.198103926090994 48.38483253526477 14.187171750977052 60.37840627070473 67.60258731013599 26.77332661816207 12.10803051917281 50.58119567937929 51.34988537124683 129.03425092393323 97.77685727703046 69.75384340717957 50.65266495364628 51.58095782846838 121.22788343579263 87.31922148350422 54.29492888834603 25.80849298621653 27.91170833822575 119.63876489628058 85.11992534106213 50.71708535974856 17.143431334281722 20.2589526300227 124.5052726520526 91.77473186596383 61.14303483218963 38.067976272905064 39.4297062717219 135.13148435558816 105.62280909078166 80.29082021986643 64.27932872807843 64.89858759961344
29.04003418869931 41.31016517154041 7.500881153151428 27.20841948778654 11.778610177160376 5.636979465621164 29.27128786454766 18.647201574469076 48.5875834223109 36.51506970150779 44.70452516904085 18.391298126492625 6.216300731059861 51.92538165974221 39.21158037871964 22.298770789476517 22.097880109074488 43.92475957585519 0.0 21.877541563419694 46.23432525286128 44.31761501625975 38.189433569187905 34.384414343828546 17.357925845573426 19.15481779298754 24.82591738271085 39.87438461183029 45.35418948611429 36.44469636459597 51.30025608923042 22.0533855567399 9.534800279342859 57.98926916426544 28.808760789806808 28.941943449244032 43.19503809191231 31.91037075348919 14.048073764094642 8.426713811712833 86.96475004159288 59.00715256806416 42.37499781290517 50.04255096141847 74.88453415224289 77.31483596965788 43.71639537960525 15.476214575665912 31.028274829514366 63.8814925379057 77.34289305111544 43.765541326011096 15.613220507614612 31.096193444890073 63.914195480809546 87.03956132224968 59.11634253980969 42.52550417836319 50.16886371808887 74.96820058173502 103.72742695014368 81.5413433352442 70.23788674898324 74.91654883575345 93.20073141217692
9.473275286307679 33.52392826901785 14.376682214479604 32.8581785094877 16.17175218999873 26.480258009128608 41.70099453941808 24.063864409577068 59.940536234879595 15.834450341170522 35.40485760107594 12.687784406621448 20.20990431143511 56.28590998715522 28.891702866620356 23.205224343024987 41.35325964470294 45.88093524485829 21.877541563419694 0.0 47.53065209129113 35.30086051320611 49.66430313382035 13.50098849925664 14.348115719066962 25.008518027671883 29.10794442160105 26.5915986660337 55.87828306383029 32.30389162869743 41.21133353105058 2.845226392315494 14.634024103955698 57.87306994678532 14.56669220864681 24.003179502755774 31.803421590578324 34.95211693218572 35.75621203333247 20.337483701363528 99.58526223947618 76.25334427043546 64.08350245064788 69.23577672270814 88.74268977245177 84.1771147822719 54.855679992517516 36.43259359152584 45.17024904266104 71.75094560754638 76.44546169283308 42.17435201689035 10.406561738517624 28.85775963184726 62.86570813481446 78.68711045023794 46.07856462586163 21.2050321465091 34.21869609150695 65.47542622640047 90.16110569575046 63.583019056802264 48.49107976083148 55.27005059718596 78.44094174598267
56.271839135933845 20.117032427704615 45.52786025090582 19.145260500713057 36.98794310009152 43.765699680874015 24.828625734303632 27.851477228369188 94.4173659206663 59.95538293043431 22.47710637061618 35.515601765966295 51.51878955351947 10.260201188329264 76.30468931772293 65.46688003605631 64.72881396029416 2.465532355044072 46.23432525286128 47.53065209129113 0.0 21.9349339153369 84.20400769473642 57.844852402700305 34.501369081475275 27.206621582673897 21.482426862648683 30.825083607433086 91.41614430122864 16.392517881236092 24.75721955543199 44.81142128600725 50.50276846358587 11.790764657330929 62.06789688889157 69.5461315625153 26.815094513177538 14.34663973884912 53.034005187872 53.579446400203985 131.4795560198423 100.24237967378383 72.14570221131048 52.50025379135008 51.98420515498027 123.54778106261864 89.69015354626626 56.74009349219067 28.09622581393979 27.46275167988616 121.70119731151941 87.15283661543208 52.677378262636246 18.68285788137133 17.833842101576227 126.20729504272641 93.28687147928993 62.22083209514343 37.884772557078534 37.33513795593098 136.43786036430362 106.60548891780981 80.67807724790033 63.623544284521714 63.10102999076855
41.9717088341062 3.4074840563135003 40.138514023852764 25.407215933387185 32.61451752689993 44.55519356251757 37.250309050850696 27.62645928586299 91.84553223301779 43.43949150055032 0.6191402300992069 27.188978269575152 47.58179565128324 32.09475010387148 63.30936745494989 57.48807506442127 66.08560489628131 22.120728492559692 44.31761501625975 35.30086051320611 21.9349339153369 0.0 81.30652013026264 41.72299164783847 27.478735466698087 27.689141006271345 24.182703777605205 10.630402876999545 88.184285704648 10.310470399776117 7.020802278412549 32.49440893870129 44.26173550071192 27.272402889252298 49.143440767577395 59.284191373595874 5.273431667302141 21.35922455961296 55.75246363350478 49.105387376693606 130.95447724821543 103.09035804991147 80.6283481442998 69.05795334339822 73.70097089551342 118.43583486856255 86.8003739376967 58.62068086890785 41.63273846120569 49.24435982945465 111.71171346283778 77.46609822804757 43.78740386557805 15.117143009631578 30.57074093303793 111.83265946451391 77.63880819068875 44.08940630481079 15.962999598709969 30.99369873007247 118.77775812109515 87.26206427729495 59.29586601633509 42.569371850522145 50.03121967210044
49.696731974187024 78.57772400178584 41.172468314687364 65.06370901356992 49.10439947719509 40.53941409058314 64.06651058948775 56.83531388358173 10.53901432763466 55.61797912959029 81.61117780153373 54.1422644426137 33.83138695611919 88.99450764874997 39.87019547538547 27.451908676293453 22.618013905110995 81.83913659435245 38.189433569187905 49.66430313382035 84.20400769473642 81.30652013026264 0.0 54.76114568154823 53.85715866924479 57.323751479885566 62.95114084993239 74.88562728220376 7.224441182952903 74.34318179816054 88.09167906312071 51.77045079910988 37.20369092489948 95.99232379463784 43.18570438831945 31.688299987189556 79.24595916237088 69.9661994033766 33.48451921180797 32.20689911532358 50.024138852897465 30.658177142696143 42.0983332326097 70.70680288048312 103.06051990451839 39.80837382168546 5.535072527716635 29.519853745744868 64.08635453960203 98.67904664568358 47.66822518881128 26.681098044383436 39.32357116583631 69.10605227968271 101.97936374467557 67.56503890957465 54.62249328284796 61.61976471671608 83.6968958582861 112.28598170879091 91.99402332658877 82.73883298825992 87.31122002685285 103.90141626436954 127.91590971245803
5.680703734787007 40.91386629504029 27.044477605323486 45.28229939942482 29.65696371918999 39.42250894418944 54.90973852589094 37.06248237608583 64.26641357981414 2.3566696359152965 41.63462540234656 25.350850991938607 31.31303008790806 67.28465111967145 23.107353227544312 27.40226299822623 51.37180875850443 56.51841780257746 34.384414343828546 13.50098849925664 57.844852402700305 41.72299164783847 54.76114568154823 0.0 27.22377801222622 37.997668297903815 41.507526005730305 31.39670100636569 59.963501716978946 41.6851305229502 46.251673067023056 15.056281484261694 25.70700037449585 67.13474610702174 11.757173629832561 24.053661580115474 37.11888223974346 46.61030955680571 47.6977426148587 30.72069171591826 103.3537367954209 83.70670530385318 75.67279521709345 82.7083622158253 101.73355515737053 84.66416783348761 59.37266857492983 47.71808751070485 58.51262787980238 83.45806737736876 72.43141409726562 40.26229489083815 19.764659600904196 39.434475855666975 71.51475889914958 70.12110976364917 35.9824612999945 8.207198233105261 35.140173297772265 69.26152287432352 78.61310956466474 50.459764913000946 36.15499230748578 49.62869912436762 77.54779686651723
23.807917211907448 24.724002166965008 12.691536719791502 18.543552521412522 5.741592968399508 19.138928295326618 27.72434016342666 9.838705231360857 64.39443012683697 29.57561187368019 27.806725113010394 2.0003365785478096 20.10405533983174 42.58165339232502 42.15045083155497 31.453510232905067 39.453917393424 32.604501258071174 17.357925845573426 14.348115719066962 34.501369081475275 27.478735466698087 53.85715866924479 27.22377801222622 0.0 10.774558282596708 14.820590336130719 22.53898009401411 60.78656308171689 21.081494927956836 34.34802078165906 12.212376648021625 17.105949837743392 45.56151224692671 28.228997452354683 35.05587928123554 25.916654765815657 21.05704453379245 30.383155191144162 21.6510671544194 103.48394679554026 76.3441842241311 57.81640919450745 57.024866222744485 74.53676308793125 91.55952828770278 59.363520198551434 32.5537709620341 31.46916969141729 57.582197266425126 87.41881579409866 52.81798981131565 18.22869004172208 16.422077628301043 51.00920041214674 92.11772940701658 60.213073180691325 34.06450478771616 33.01522353711663 58.43336100375247 104.46999127463586 77.66338863588034 59.53164150258945 58.74710456881269 75.84998220265983
34.48113179716246 24.35804864415067 18.66137721769194 8.736751566777816 10.43378102339138 17.621332428486223 17.01770764042696 0.944894857958795 67.67836426576109 40.348822589272146 28.192158255007477 12.666965781810683 24.31287774766217 33.79626033335041 51.80589544734661 38.7348116098354 39.353095715271074 24.965072035062686 19.15481779298754 25.008518027671883 27.206621582673897 27.689141006271345 57.323751479885566 37.997668297903815 10.774558282596708 0.0 5.724285472608751 26.87169758183386 64.50102693178738 18.35198324602185 34.63832803661125 22.979617517706448 23.679510015715348 38.9055657351856 38.343517204212944 43.617326592532784 28.18273316402738 12.863585953998683 28.38146105436276 26.38487147802636 105.63144593016573 76.11170799301652 53.12996913867478 47.406823894161484 63.7717185515829 96.42232632272628 62.843917248771476 31.56419386567273 20.930509103853225 47.69404120095812 94.96399957659152 60.60379149146662 26.87621066133036 12.91102957716404 44.787403350053644 101.59088031395933 70.45135064372602 44.73149346395931 37.8582628195467 57.100065466395726 114.9122606334256 88.43643802777083 69.51224396420596 65.0974125138188 77.70564160139256
38.516769892584975 20.776333274557143 24.256539147095985 3.7762321558132026 15.845476559898012 22.908054463873867 15.314420018220304 6.401759382708446 73.2698425950651 43.82635415268032 24.740648676876923 16.423446591217516 30.03709285350682 28.294091024554586 56.7695959192977 44.31727824459656 44.50115194257142 19.245179565153517 24.82591738271085 29.10794442160105 21.482426862648683 24.182703777605205 62.95114084993239 41.507526005730305 14.820590336130719 5.724285472608751 0.0 25.466699458711776 70.14065930106743 14.146365519323064 30.899403169765673 26.787016542418172 29.26999468932791 33.189716949381335 43.00954887172087 48.96736783917158 25.628884344976914 7.1400661490437285 33.22495916493438 32.105865970685336 111.00644386418801 81.01281635593861 56.55557479963805 47.21017328721707 60.447321504039074 102.12351767233869 68.46359234855089 36.60821118562421 19.695324542753117 42.784314009191434 100.57420188530254 66.15215608004713 32.123176500088675 9.085275348707967 39.09013984586955 106.67858382482623 75.0308412100755 47.683989399612365 36.231579938354415 52.40725858347194 119.26688911801352 91.91163989130034 71.17360913771644 63.86227456877306 74.06667249521497
32.16027990662125 10.92642077558468 34.35358111829429 28.010833509797468 28.243283565478787 41.41220272131597 40.43868370379755 26.453362049552776 85.37085459237983 33.010014819019325 10.429632063478403 21.539633589869158 41.92776957275695 41.07361067326064 53.52729286206528 49.59013150685536 61.969810449508294 30.41876135802684 39.87438461183029 26.5915986660337 30.825083607433086 10.630402876999545 74.88562728220376 31.39670100636569 22.53898009401411 26.87169758183386 25.466699458711776 0.0 81.49972376525677 15.3877810371396 14.988745943845284 23.947293015023988 37.74247024256829 37.62687756489571 39.61662922169589 50.459336436507755 5.724167188891466 25.6241900386392 52.75270436751716 43.105867862632536 124.87625328113037 98.77617888294135 79.4615587859776 72.56925014764752 81.32160686230169 110.6858201355812 80.27911987464557 55.072119045346064 44.89938090114737 58.256204954736766 102.40798021076802 68.53464463324244 36.075605038493535 17.34213662463799 41.169148479221654 101.50029867646747 67.18344500035758 33.46299650313306 10.990049592440545 38.94409387011853 108.14855546365406 76.77630449937067 49.87902707860568 38.419516902608216 53.469867617496796
55.1481515665156 85.50843304203512 48.09541917342674 72.27834028234713 56.14423499485901 47.76355299911089 71.22987439467887 64.00099467920866 4.354405184141179 60.62258235089046 88.47464898609391 60.996789382285286 40.849604620391005 96.21246968139987 43.06790474779778 33.09236612555125 29.407487874278228 89.05445746779031 45.35418948611429 55.87828306383029 91.41614430122864 88.184285704648 7.224441182952903 59.963501716978946 60.78656308171689 64.50102693178738 70.14065930106743 81.49972376525677 0.0 81.3992306474394 94.92032434163816 58.1070300804515 43.96564625577659 103.20322426427852 48.240740799336976 36.239284146493546 85.98474374411038 77.16765604320112 40.54935471145047 39.149670430689525 43.74454377380575 29.052587877905783 46.57637274155776 76.74309099738964 109.56497349069593 32.652370022735035 2.102208626939767 36.57206172444372 71.17209088608662 105.7746271469374 42.744479139090664 27.538187422242405 45.65580582369188 76.19312969948369 109.18412425775774 64.77871147224113 55.72976980761225 66.40878259364803 90.05131285829249 119.17694771380769 90.40804843805532 83.94433623606363 91.18335262737709 109.43889551440239 134.29093694752098
40.52986788967957 6.96145293616894 33.521860707170696 15.105352190421964 25.257278644530388 35.8263731527707 26.99891382804057 18.48041152789329 84.83741116545376 43.73904974237718 10.907141538789501 21.48349074552575 40.55454191001202 26.382286112458655 61.1830003757428 52.462562532600494 57.56575785310935 15.496282848836875 36.44469636459597 32.30389162869743 16.392517881236092 10.310470399776117 74.34318179816054 41.6851305229502 21.081494927956836 18.35198324602185 14.146365519323064 15.3877810371396 81.3992306474394 0.0 16.789616421367107 29.486903566665582 38.14933018257144 25.65010363269144 46.83649818028372 55.48542726673345 13.09219068191155 11.176998614758434 46.7314600256193 42.33209106036339 123.40601547565605 94.42687529619103 70.70085850432785 58.954003285106694 65.93424079714481 112.55788028713422 79.87618417829782 49.85948825825255 31.40967568969557 43.38205011104816 108.09841793790154 73.52036925707472 38.9881470914352 5.455338162459217 30.566321306793032 110.80196627038828 77.40549437783739 45.83653857423707 24.600992979903854 38.78494967686082 120.18596331894567 90.21789543547267 65.02824777773164 52.085303470864574 59.93234638679307
47.14788651717143 10.281174731917192 46.95792667162964 31.802081600211924 39.57272257126332 51.575351908438094 43.22034278187834 34.602913394641284 98.62869178765054 47.75901893921667 6.59920693843637 33.95045109379576 54.444689247848025 34.299573947994595 68.51603871435312 63.82494597607936 73.10082359097218 25.585834390103564 51.30025608923042 41.21133353105058 24.75721955543199 7.020802278412549 88.09167906312071 46.251673067023056 34.34802078165906 34.63832803661125 30.899403169765673 14.988745943845284 94.92032434163816 16.789616421367107 0.0 38.46705124713231 50.95855318754019 27.041964544440045 54.573588958023684 65.1979914456916 9.431652851463374 27.364050903475718 62.764804462570375 55.917698652084454 137.82694603669324 110.10724899792758 87.4396577091667 74.58236677460411 76.64276459188609 124.88703576432388 93.57017990002434 65.64143852670479 47.50822412815001 50.99095303311973 117.3438829787056 83.3366636525663 50.15236776926962 21.91730652193746 28.98835120889029 116.25324699610593 81.80814958584774 47.59392759893203 15.252647445885936 24.391745901900606 121.78866128760083 89.43217871208611 59.653824257465374 38.90848875824143 43.17394858545842
11.759444777933666 30.687202892197433 14.650064341849948 30.55607899188114 14.862805559079206 26.239822550894942 39.85547600796461 22.040190322816276 62.1195493903211 17.412718374437286 32.60727074994931 10.40787454987388 21.18079044168049 53.66893314477509 31.697201640827764 25.68662060700456 42.402529180367004 43.198103926090994 22.0533855567399 2.845226392315494 44.81142128600725 32.49440893870129 51.77045079910988 15.056281484261694 12.212376648021625 22.979617517706448 26.787016542418172 23.947293015023988 58.1070300804515 29.486903566665582 38.46705124713231 0.0 15.825203921486077 55.0771172950935 17.355961043870742 26.79181125812254 29.0765350570624 32.426245420812506 36.08060112613811 21.5861110512186 101.7584885227502 77.81550248000505 64.42429437635738 68.12122890080751 86.7484224007873 86.74985834309666 57.02625243502497 37.05777008727609 43.46714269637389 69.28445697046418 79.2755860717423 44.97193190146336 12.457286113410747 26.129418327341096 60.04300320091466 81.43772368124282 48.64942497440795 22.277270432051658 31.947355465122357 62.76811913890783 92.56333464835241 65.45876095833391 48.95443895046349 53.87981108287911 76.18622076262295
20.14852259323671 41.68268546117183 5.0182808394338885 32.39473185673256 13.514825363494356 15.139506778843463 37.081342861185256 22.898246632858385 47.724023826704894 27.69755606538843 44.536679143612915 17.09054091827723 5.678545895235462 57.47443706374405 30.096996337148102 15.05547535686995 26.71923976310836 48.38483253526477 9.534800279342859 14.634024103955698 50.50276846358587 44.26173550071192 37.20369092489948 25.70700037449585 17.105949837743392 23.679510015715348 29.26999468932791 37.74247024256829 43.96564625577659 38.14933018257144 50.95855318754019 15.825203921486077 0.0 61.961428930200164 19.28281928780185 20.474378089888347 42.044326577191924 36.324724063838346 22.004523557828918 5.760928358910747 87.14567882406982 62.05584036536895 50.022900806419074 59.56894478896647 83.60282924334619 74.45437017682214 42.64796519298243 22.115367971272832 39.423025438965965 70.81034696830254 71.30420856121955 36.93106086995228 6.1943590592462 33.2819867206754 67.61556717749258 78.84736103521992 49.86097044974705 33.91398354934682 47.000341067907726 75.2511642095873 94.55811468500043 72.00988781010038 61.84165377255053 69.70032747764888 91.0310961658742
66.17562116705578 26.81559827765299 57.026073705451594 30.936014020362354 48.46792424963596 55.553473008506714 35.58427599953573 39.516157342836856 106.20784378268675 69.10965421073226 27.640137033025027 46.38400784657537 63.195268395210306 12.15140033527872 86.76437180450431 76.83118068691698 76.42985280774049 14.187171750977052 57.98926916426544 57.87306994678532 11.790764657330929 27.272402889252298 95.99232379463784 67.13474610702174 45.56151224692671 38.9055657351856 33.189716949381335 37.62687756489571 103.20322426427852 25.65010363269144 27.041964544440045 55.0771172950935 61.961428930200164 0.0 72.43250344527668 80.57246744602135 32.5458307565645 26.079275419669028 64.6990354649832 65.23018270704829 143.17353654604779 111.66810395126863 82.67811145107034 59.969788970886285 52.458382267027616 135.3030528236675 101.47999515500484 68.44198352442575 38.278756254147424 25.319234424866934 132.96685792689468 98.37289285881288 63.789662648022805 29.255261765549193 6.1215921199167145 136.44964347933274 102.98985942800624 70.64101890531754 42.05035585549511 30.67813182622266 145.33348499099844 114.3992617755821 86.29802610063794 64.82512248712565 57.89674158969367
