0.0 25.81769366054305 2.4780160674571756 7.1524315033787556 26.442492425123984 38.5987744276697 44.98518885940869 20.37038613052429 23.873670083634572 53.961271611379225 56.24883580657902 36.61066220819253 41.25032261797352 9.815544433787048 40.51685482786846 20.071519207748747 41.55411549146051 20.66527886434978 62.707139909873824 39.954737665205116 4.333991289363396 32.48328469616379 33.483503282458955 4.934349620278533 14.228273530547584 25.309373976617767 59.07444897140766 60.45384147564092 22.74862292810811 4.9791461865507 54.47658120562032 42.06645284264835 38.21007220603067 4.655381583457207 38.41146038021284 9.03445891935166 71.50964893800894 23.767471488736533 71.46268787727386 36.70682401414964 135.6641139117405 120.91440285630932 106.93234040424824 94.06088253278358 82.81947484865442 73.95520805760825 68.398624087468 66.978073643713 69.94601142865449 76.7953011208036 129.1977835187786 113.64619117863172 98.67900497234982 84.60694430936921 71.95709679294197 61.61178688452543 54.88989468256415 53.18353640415803 56.94537998554038 65.23621547838125 123.99243594012253 107.71979017967864 91.8242247456343 76.5410303820857 62.32235908556011 50.083226537424395 41.60875805983699 39.407536623049694 44.42212474271257 54.70285567619693 120.2120684459346 103.36634329248005 86.70046641669259 70.34238589776244 54.5696074430809 40.0792126300009 28.871351535368998 25.680284652443138 32.92581853350354 45.906997922729325 117.99378027146899 100.78994565306648 83.62659295713195 66.53505765671507 49.589653034257935 33.016153950121584 17.880494909006174 12.168431191487569 23.982124177648128 40.01158314061738 117.42616441639848 100.12790520999415 82.83117947610252 65.53720137853661 48.24892553339853 30.975901039242093 13.775618125049494 4.329254408175091 21.128909394558594 38.37750330786513 118.53294493540213 101.41772826018543 84.37869702243249 67.47359300007263 50.83620096836957 34.85204787239195 21.064745153104738 16.477077146860918 26.419254147623008 41.511109881560714 121.26826987080122 104.58720775223586 88.14581092683464 72.10820447920845 56.817352396238576 43.07596922118061 32.88732166582653 30.105181271243946 36.46610979279803 48.496820498573534 125.52568429790638 109.47316242719985 93.86561335503774 78.96732017023578 65.26581145671453 53.68536896963204 45.861920412276795 43.854496379108554 48.39237716533341 57.95801660687656 131.15699143895594 115.8585706608437 101.20749827821311 87.52944841772941 75.35614303903763 65.53159213903577 59.2362065311809 57.638217196835186 61.107260784471144 68.88198517024529
25.81769366054305 0.0 25.273140371830905 32.56556816660406 24.814102500756096 15.1275253682468 28.74934276150605 18.266539952569623 27.411510173048395 28.479810537796027 33.401481379630766 20.67004804252709 15.538315176802708 23.38372575839507 21.19074005826242 8.671615502030111 15.752079206576257 7.049203527812393 39.176842076863025 15.400977047341554 28.78275542621089 8.619955259955596 9.890162383550704 29.48602769181879 17.810922821742608 13.281756794021561 37.1894540962263 44.19355226417258 12.790490268467682 30.646372510386588 31.001923931178023 23.947313906025762 12.818756029618031 22.390523938000122 21.259004593067257 32.03288475588553 50.578751996056276 3.4273085223625417 48.25289697181838 11.449282151605672 110.95468202371202 96.91213149403549 84.09326133537957 73.14429285532074 65.01687593906505 60.852250089313735 61.46132222436773 66.71347332262158 75.64771325304442 87.13874638920177 103.83842648217403 88.71548755415098 74.54635862292355 61.98858258129603 52.21792883342471 47.005773557068565 47.865189215438804 54.509750177726445 65.19395926811134 78.28087071780014 98.2412356649432 82.12513936488351 66.60664385443951 52.22125864671073 40.20426672721638 33.23273432760598 34.51310704821002 43.3197742926324 56.220632251729086 71.0184799620006 94.43369284295382 77.55178722680232 60.906066512020566 44.760809327843276 29.936984538369458 19.688268402447125 21.857370839163263 34.15513556100766 49.53901279038078 65.88145542671711 92.63679170986893 75.36359695838124 58.107502138604914 40.89016205823594 23.795848200672225 7.693693528554772 12.282383266893767 29.00404191487839 46.155448715900434 63.38872088164671 92.9672183792852 75.76753552608555 58.62805115411599 41.62319690377726 25.028900391070547 10.913953684199068 14.508484110913155 30.009848938525938 46.79101571207619 63.85076714773982 95.40286689574269 78.72370613485242 62.38467599188937 46.74381975198386 32.81512710365475 23.819979935148627 25.62540374051667 36.66936303084062 51.296530572374934 67.2066730902227 99.78967168991579 83.96292402879435 68.8496444098808 55.040724448725086 43.78808112943967 37.47022336355293 38.59204733650135 46.6195397351522 58.788806258958964 73.05869480250396 105.88534433490571 91.09203778469548 77.34670921265331 65.31438111157216 56.10814744639368 51.27358887188259 52.04362110636042 58.19619365590002 68.29170000985272 80.86665876802346 113.41460133707717 99.70639020782716 87.28430361027598 76.77517842563098 69.05794194222646 65.13266174497532 65.68272881407125 70.60361931738133 79.08359004623937 90.12352814813687
2.4780160674571756 25.273140371830905 0.0 8.8739240117865 28.139259925849057 37.41669831428924 45.94155298948536 21.690732991296073 25.85738399096749 53.64280722010354 54.82144048736967 37.447755800615624 40.52933028378025 11.806969213331941 38.8793734478903 18.883735781202443 40.91428088631888 20.66527886434978 62.906040369564906 39.83803934227259 3.5565329903943677 31.466983395677396 33.437202247921824 4.267839588471826 15.473101758211588 23.606390540199968 59.52160525862057 61.552208232182664 23.483562588350456 5.560939305183105 53.14790331708543 42.79808659260533 37.88393932034682 6.086214844200265 36.639650790647906 7.757032597825095 69.79101161901394 23.50600573908217 71.74683933489676 36.40995272740934 134.4203210796982 119.52365102809942 105.36449488657034 92.28295401999324 80.80410642701763 71.7018606560526 65.96744061390083 64.50537043110045 67.59345827440104 74.66928138254329 128.16735647704192 112.47878041037866 97.33849100862062 83.04690623012739 70.12486328404779 59.471886473474 52.488237967077644 50.71317366550866 54.656544491532664 63.25781171062897 123.20578336589571 106.81753224114809 90.76900510367328 75.27779443686255 60.77159976140542 48.14909443059295 39.270729636018885 36.94255097565649 42.261340416849215 52.97165911916501 119.69637402627457 102.76890787461934 85.99061525206744 69.46966541002456 53.44524233327146 38.54172361381623 26.70666593568646 23.232274251819177 31.06351788935622 44.59660004575652 117.76907141075758 100.52799567517569 83.31215303447553 66.14125011882447 49.06249368510682 32.22273733264985 16.376645294728846 9.838567797487832 22.893525652437397 39.371853049946715 117.50177994408926 100.21616734771861 82.93735949824794 65.67072786303234 48.42929785186637 31.254804072928543 14.388959646151049 5.9945839397006235 21.53001180612698 38.59872115735801 118.90569869984228 101.8511471424452 84.89675540845397 68.11735386304858 51.68365921195137 36.07130820494457 23.017163933966284 18.898473731790247 27.9861876128781 42.52073610242349 121.92309094397567 105.34230442970659 89.03634399368659 73.18912797060824 58.176754865659284 44.84561977122689 35.16294741722707 32.564468089349525 38.51187797681547 50.045912531610625 126.43845397763991 110.51382086664346 95.07170804517695 80.3906577211143 66.97304784335635 55.73888711319671 48.23858462416806 46.32279856922957 50.62949139447848 59.82969364148652 132.2984381303481 117.14329112061817 102.66898492181302 89.20754543872742 77.29002361237742 67.73629179118105 61.65515866736975 60.109964599682165 63.43305910392742 70.94359745282594
7.1524315033787556 32.56556816660406 8.8739240117865 0.0 28.73378027351454 45.70472714067544 49.10362907177585 24.128344131269092 25.080809939947628 60.34118521887212 63.400251995668555 41.117686028133804 48.08107997203809 12.482711008820232 47.641743470023115 27.20018904412066 48.314268980339136 26.904818308764785 68.28828735409145 46.13223249550638 7.1325662056141175 39.52762992143555 39.61301270297626 6.952311604373466 18.587301816846324 32.40403582020873 64.21190767181923 64.0715669645099 27.768736837603438 4.388194095737634 61.615808698955256 46.73917693017589 44.660431211400756 10.261858225298713 45.47730553446684 9.996341793369632 78.6079509225148 30.260370152990806 76.86178538690756 43.131310949113086 142.77078254208675 128.05985020210625 114.0782312446664 101.12887411065093 89.66015971097536 80.30895358537357 73.88369602975517 71.18118978184854 72.61826041224464 77.96634170326053 136.19800619775788 120.72336088033724 105.8161626431332 91.75340939499117 78.98742583441131 68.24980725167578 60.62801650795519 57.3774696853855 59.22237005876451 65.73508689652924 130.80678781194038 114.63527534428759 98.84726227565064 83.66014855580976 69.46915822493631 57.02290525652294 47.70706231538048 43.57774841795642 46.051936019827025 54.233253237563886 126.74807107184834 110.00316032113227 93.46136262281483 77.25326264054425 61.64264868288439 47.225786891319345 35.48863228223856 29.787923021960736 33.3752446824755 44.03638064387983 124.15266902627589 107.016314572644 89.94337275675493 72.9783624154348 56.219078778280185 39.92543821183871 25.02416380308986 16.03400422852057 22.06087416855561 36.262755086766575 123.11320071640402 105.81419834956861 88.51634050504391 71.22046112437272 53.9284638336029 36.645844545563136 19.397685835795073 2.887229023234519 15.46336151691496 32.68957922174316 123.66892130971218 106.45730560655704 89.28060632698353 72.16376060910903 55.162514032907666 38.43059319961722 22.575007485931778 11.877051923086816 19.26682879610256 34.64202579832907 125.79868434188943 108.91294532152456 92.18167246232275 75.70734588058187 59.70304938350722 44.67679928376811 32.03574700219778 25.59828472692192 29.714738416633676 41.344522981970854 129.42477825649743 113.06304526089663 97.0280226618875 81.51274845704461 66.87993078578702 53.85376611259056 43.88891783733754 39.38212913560947 42.12330807879914 50.95586397715691 134.42611935353366 118.72999757948088 103.5468145856896 89.13906563214545 75.94934468702832 64.7265990222934 56.65211390405913 53.17979997085921 55.18532383225787 62.14055466730527
26.442492425123984 24.814102500756096 28.139259925849057 28.73378027351454 0.0 39.220531691714164 22.08587991047282 7.771290822968724 5.132424738257156 42.14065097177452 56.737457841506796 16.18904799502449 36.12906048567333 16.781283331726673 46.000025350974795 28.163449291094928 35.474177878246365 18.702210309638318 44.84889829044249 28.66179173522154 30.753021608932556 33.12455107189504 23.598586567341812 31.298085379367016 13.268878774459775 35.558676123285984 39.26359619729677 35.79103972343757 12.029255381761143 30.363105210397972 53.96702302043315 21.552919898779415 29.651523839336903 22.053241086299476 45.95890465350653 35.466129848522115 74.45595202267593 21.48513242399331 52.31232802287666 28.30536543864516 129.88921350388597 117.31741030332992 106.08590884294647 96.66304190223649 89.62112253940244 85.55013653862575 84.8786453691741 87.68478396533807 93.65648167444246 102.24055017990982 121.04282502655848 107.48813370888976 95.15629898150465 84.58387868813946 76.50380894372981 71.76295690034266 71.03309182800372 74.4322996932087 81.44521650706373 91.242360212613 113.26247104426675 98.68672424202323 85.13782600425878 73.18829805901902 63.744036662661905 58.04115030527527 57.20966464690096 61.44765260626203 69.83824148779595 81.10267331414671 106.78155003195896 91.2113628578814 76.38998960838033 62.849445672814596 51.607941652381385 44.44559565503174 43.429791802936606 48.94473587988014 59.19233088837968 72.18435712044116 101.8485254029351 85.41105748535338 69.39513524052796 54.175919832608386 40.65815077960792 31.142408391586734 29.754384829301003 37.40998093084508 50.123840340056994 64.99231883916839 98.69584674459728 81.64369109310668 64.72423730439745 48.077790742185734 32.131503222969 18.764474541145727 16.44657955228699 28.06397908105459 43.62793065773463 60.149133109294006 97.49642343731452 80.19633653047617 62.89726383997713 45.60035964779147 28.309599030469105 11.053849570627504 6.454097861059735 23.660869888409827 40.9479150184533 58.243800705708956 98.3217816531589 81.19317944758149 64.15765622138524 47.31585502254047 30.985290750599525 16.73616356836024 14.100458176323533 26.763024722290453 42.8066453426807 59.55897161971191 101.12234345768319 84.54779700601051 68.33477706865732 52.817266890851066 38.838070923028624 28.737396727529507 27.239499532885898 35.45212046415778 48.68701574821727 63.89607426086368 105.74124735230494 89.99687326847841 74.94243507071862 61.090142580432335 49.460570526000595 41.945156135252205 40.879698872561825 46.7076975119359 57.36526652980763 70.70109031218162
38.5987744276697 15.1275253682468 37.41669831428924 45.70472714067544 39.220531691714164 0.0 36.684113645157254 33.23599665880714 42.29796689082034 22.890975334344223 18.33093466384749 30.67336913736641 8.457452601541094 38.05258440198085 8.86801744708652 18.545094206913205 9.867392717396765 22.169910119105786 37.280677872035575 17.48338212412009 40.62243212910443 6.572745356209986 17.505427563997777 41.270476897012884 32.84615293551428 15.698408936988372 38.11119594830936 49.93338229404505 27.440408661664208 42.977523352415666 16.11066658334081 31.47822751240885 13.812568609728757 36.038462282332674 11.271985040436439 42.78956446489995 35.485577569914874 18.51481157299828 46.01934172091816 14.050677978563282 97.06708483966233 82.49084624375449 69.1820979479761 58.019719466017065 50.44913503188975 48.193825457492885 51.95071325039302 60.611967551098296 72.43926298417486 86.13817528176776 90.81227936277585 75.06644012854939 60.18121501828965 46.9818550686432 37.30306458581007 34.27025541968289 39.44730716810439 50.36305725752667 64.15210742450579 79.33004534705725 86.42975459575776 69.72631283834778 53.405304191878706 37.96321799994307 25.079810950467895 20.383804969714443 28.296884706833104 42.24499324782639 58.02824153991982 74.48909832451383 84.21239364608982 66.9710055251871 49.77165185925219 32.68076631354088 16.048708832242497 6.767793866967734 20.80284650646652 37.662012984157634 54.797896233028894 72.0132283084778 84.33119102660417 67.11964286937123 49.970555849343086 32.98150631661703 16.64981621453913 8.084943728276734 21.265689837106123 37.91841409464003 54.97359370370957 72.14637340841765 86.7765509949295 70.1537671866015 53.959647893988794 38.73560963423508 26.22904133172713 21.775882696198916 29.310865353860155 42.92756563041063 58.52466366122699 74.87461468932823 91.36181551890265 75.72729624913168 60.99977733747191 48.0211375238692 38.59784759395252 35.66882959490345 40.66256689453409 51.315988387725405 64.89934019603285 79.93263055454152 97.78636259678758 83.33217786170685 70.1785762069094 59.19894242224848 51.79477332506621 49.5941915769756 53.24632069049898 61.720815212174635 73.3651751732242 86.91455781464516 105.71530906154923 92.46847654767494 80.77007810878911 71.3854723198731 65.31967220693234 63.530522385159045 66.36481560515826 73.2880891037249 83.28681190229969 95.3988251873203 114.83736267857356 102.72829348369483 92.2890502935899 84.14344557732633 79.00414021483178 77.47175625166622 79.75447304441583 85.54743147871284 94.20527693540969 105.0218523915671
44.98518885940869 28.74934276150605 45.94155298948536 49.10362907177585 22.08587991047282 36.684113645157254 0.0 24.977933340853752 27.14477650265276 26.993254117285357 49.655926370320564 8.699366910049026 29.578022366499745 36.6212503401044 45.43170459200881 36.61916729529816 28.27142945922621 27.594257382655 24.15492979243502 19.537226849298428 49.2082143273153 33.21874126847444 20.058408671981418 49.86630630165312 30.82605264116097 42.01135521937308 17.758843655065956 15.893088384554996 22.573056172426057 49.65904247118182 46.52985266078906 5.210170036193073 22.9464997950688 40.33407935581244 47.07416941984639 53.698134472688245 67.14634515310837 27.24183035194388 30.652328476914978 22.642328468275245 113.51644224936508 102.67420841104484 93.79063077571753 87.46456829463642 84.27394573773468 84.57437017922643 88.33022806473633 95.13313421858459 104.38906168576922 115.50981823849071 103.38561948260065 91.40379363995379 81.35975780931938 74.04631262433614 70.32063821847923 70.75180159896112 75.26840122774006 83.20779134757484 93.70395072719641 106.0000648385121 94.28912358561554 81.02305516316808 69.5537942601892 60.905035184713775 56.38984405664284 56.9991570263375 62.583476076217536 71.99428616799521 83.95451858411761 97.53073016774691 86.55383213887222 71.91845791616971 58.75089996684472 48.26776182603312 42.50400385230808 43.38327768053109 50.56018342703444 61.881018422672874 75.50426253366665 90.39486604443763 80.57286997182008 64.63173183911793 49.6109250947383 36.6597430468063 28.728720386964028 30.090725036446333 39.802937513389736 53.49584731055124 68.83347490507532 84.92937418069411 76.7575250098051 59.830913463889985 43.20267817950033 27.421109268620814 15.364755151138962 17.859081832078495 31.631164104600284 47.75800369602655 64.49679005288142 81.4712070174551 75.43716083951813 58.13523429635158 40.833311179033316 23.531399044341704 6.2295894015853674 11.07259821490504 28.374472371009713 45.67638927745576 62.9783137000855 80.28024077925252 76.74068681744797 59.809408977499636 43.17302907350585 27.374589031840472 15.281965125247197 17.788238801748353 31.591408157878455 47.731806453052755 64.47748656142105 81.45599945614237 80.54078561542443 64.59191272852831 49.55927764225738 36.590143195848796 28.640267561302124 30.00668327411032 39.73973986426067 53.44906524960218 68.79729642795607 84.90019542749664 86.50902905608132 71.8647780563813 58.68547951647953 48.188480483737024 42.41436974594072 43.295875496002346 50.4855610386276 61.820351633963064 75.45478674771206 90.35374244718747
20.37038613052429 18.266539952569623 21.690732991296073 24.128344131269092 7.771290822968724 33.23599665880714 24.977933340853752 0.0 9.164903583262898 39.924741618718926 51.27020606526404 17.1169125869929 31.448451417875166 11.649311923108483 39.31908386886161 20.553875199822542 31.045593132886935 11.565388217471828 45.24790065673065 25.654678951871695 24.68755127379577 26.848011653219643 19.63124910333106 25.30431553173681 6.222909586856617 28.013915288307626 40.5493080001565 40.15932335136103 6.101346128470146 24.833330167119907 48.67204192570533 22.796049560057117 25.691974209090873 15.744963594889304 38.965018465397094 29.33196702136769 68.71554869740626 14.840676824245755 53.44004415135761 24.19643923648679 126.67122505659013 113.44439158337882 101.45119521367461 91.17973647561489 83.26961019923377 78.43848499041201 77.26608685939871 79.91360795073842 86.0290973967038 94.94477746475836 118.49162428316299 104.27598156531865 91.133909934431 79.59894880801191 70.4648115445097 64.7555448142602 63.40319712802593 66.67341397909655 73.95550527734336 84.21510133849928 111.49699080726364 96.29206672432721 81.923420775483 68.91613186999291 58.19038748255807 51.20069103110162 49.55403043233378 53.74378759883774 62.609017578558 74.49889302543995 105.92244365981784 89.80923266675256 74.23301070134379 59.61617974852859 46.86518219722669 37.911859906633154 35.734861766316804 41.41689237523667 52.46374945851629 66.2437804255326 102.00116518005248 85.17104021280903 68.57613135060576 52.44022118944206 37.36280387125719 25.311908960402516 22.002674035386633 30.43441968543187 44.352017382012605 60.055476831673126 99.92803162051851 82.68855542242676 65.48202962179077 48.343650257127166 31.38525367487239 15.220811001757506 8.776408042630672 22.827415534292054 39.54579336773347 56.61591611421752 99.81829228872519 82.55651133030473 65.31597864843751 48.119538513581176 31.040559320100126 14.50020948951448 7.4638625232933045 22.357903043118814 39.27793056406733 56.43003851225819 101.67830607999733 84.78589209936376 68.0994030290208 51.81815809945681 36.48870985464746 24.009206714190764 20.498041111264477 29.370205888329203 43.632097366588404 59.52833333323078 105.40382107899829 89.19978509573981 73.49793026414164 58.702621527121295 45.70292905675389 36.472258002754565 34.21112995148014 40.115896482422414 51.4478067354589 65.44598088806376 110.80678296925083 95.49570171887535 80.99022952537969 67.80934926438556 56.88146230763657 49.71514858181753 48.02492665809427 52.34399201706873 61.4173897016716 73.50510426393895
23.873670083634572 27.411510173048395 25.85738399096749 25.080809939947628 5.132424738257156 42.29796689082034 27.14477650265276 9.164903583262898 0.0 46.88646198397827 60.194882158885896 21.276603863722325 39.97473266462373 14.068930817601009 48.48366211326936 29.3224947128358 39.435657339946914 20.717829093859425 49.97022962375371 33.1214466129387 28.054739438675764 35.96571446447934 27.66839442879362 28.527126667479603 12.619068343125063 36.825082172280304 44.39325677077987 40.42290761950305 14.885233693526851 27.258399749873437 57.52684860201434 26.68015275535187 33.77962290182001 19.877084181803205 48.09194715386241 32.72936366508462 77.74521276600947 23.98973803658254 57.44135744255939 32.362582275508835 134.44248211120816 121.62932411658622 110.05126690015018 100.13764317674229 92.42559813057545 87.49921241511166 85.83944624541405 87.63210750210787 92.67707037762274 100.48566990843918 125.78728859556608 112.03423720452793 99.39611050653876 88.3526536464994 79.57062381413732 73.8611202702502 71.95925337865873 74.15855548723691 80.12201135090511 89.09697076481214 118.17963504161 103.46089061275646 89.6692960554926 77.30269364719845 67.1530137581104 60.34935865757408 58.0797722619909 60.85369194809528 68.05718715502059 78.47984865602218 111.83362666369285 96.18303230523875 81.20526680315983 67.35071649531031 55.46752807907419 47.07311688240337 44.201968259087685 47.85868433301085 56.79610318781351 68.99163001111471 106.97413052012472 90.51381430345161 74.43618506747062 59.054634056714434 45.087282556968574 34.30722054993873 30.328481730559968 35.51559256213834 46.921284239923736 61.16016353060598 103.81018734175771 86.76920930491869 69.85662924402293 53.19505516281026 37.12400054870004 22.921195829460565 16.470679959342526 24.817285446945167 39.48701424701851 55.688986432486985 102.49897941549716 85.20340678513521 67.9110730795308 50.62529741424236 33.35627680354775 16.157822828503623 2.867550761142152 18.817120625280428 36.0369086123261 53.309915667608166 103.11123036290088 85.9356094514351 68.82328884115225 51.83699617394651 35.15986672439576 19.597735944251106 11.429752864027593 21.815595734599047 37.68174829153524 54.42996474075688 105.61348555914363 88.90905026855532 72.48545081171628 56.58774082076174 41.820027680280084 29.905977519016773 25.269165791324244 31.327375575555465 43.85189452400937 58.84966710559091 109.87666186826057 93.91104206148631 78.5136478366007 64.09530443110636 51.48523362815564 42.331508260476895 39.13936611345134 43.2496178738387 52.989385644604546 65.90847148866085
53.961271611379225 28.479810537796027 53.64280722010354 60.34118521887212 42.14065097177452 22.890975334344223 26.993254117285357 39.924741618718926 46.88646198397827 0.0 26.30695962559244 26.82962472263062 15.085510163763715 49.47482116475222 30.467657200526922 36.3628123682037 14.029344008117091 33.43636701499134 15.116101733085593 14.416835626304481 57.18073694902478 24.98277612082176 20.879862113589937 57.88859647642539 43.01832787382426 36.94683169678822 18.30224871287255 33.97930942591764 34.19280863886753 58.887822377858974 23.328191778791847 23.28766987682932 15.761477488540093 50.086599338310464 33.648741923172906 60.512463679430965 42.156297832230386 30.194574623686417 23.343024923868466 17.254676591235654 87.92604435947794 76.13905521714315 66.79834018968144 61.037503595311755 59.89851007028601 63.63004198173652 71.47327505396957 82.26039096360643 94.99374119354523 108.9933295203535 78.90839522738489 65.5712145168452 54.50997019140596 47.34757510852503 45.945100157211 50.782033532316845 60.37699042080404 72.87420912872824 87.03231055820866 102.16310071122953 71.5723317673052 56.57471603554067 43.33020876029245 33.956209517542355 32.05074125980944 38.73221582518408 50.71319105570654 65.1320169211954 80.69225604826453 96.84528600169021 66.47703759657534 50.005143587493656 34.3590500369047 21.43096662156763 18.350488219806874 28.51151665821896 43.4486458139677 59.67725815280097 76.37851487710593 93.29893893084477 64.15869718828935 46.893942506225144 29.67252606636017 12.672383479237459 6.279597394384759 22.737434427195073 39.91568671250693 57.16858147299723 74.44424027445898 91.72980242510566 64.91555040454183 47.919569855549234 31.261073786329817 16.029265788939153 11.633273723197656 24.747561933130168 41.08848566296778 57.98964178918817 75.07360737245081 92.23886144834451 68.64594607928008 52.841678537847216 38.35271474596921 27.355605023900726 24.988761158408057 33.15505847399667 46.613177115023674 62.00830040589659 78.20473782182218 94.79263355528285 74.9068955962206 60.719916076365976 48.59505864581807 40.43213520663227 38.81677093865086 44.46832772894144 55.198088300667585 68.66536280502679 83.55681577335267 99.23334717217278 83.12849784813177 70.57101425059938 60.406034354864126 54.00194401161344 52.74685738613599 56.982032323695755 65.65343165324616 77.28191382398127 90.73761820141712 105.32253579007285 92.79094690898566 81.68417260168042 73.02835134479913 67.76922581901756 66.71497326454278 70.05568619968548 77.22306975037645 87.27942286558716 99.35131922017628 112.79345471393894
56.24883580657902 33.401481379630766 54.82144048736967 63.400251995668555 56.737457841506796 18.33093466384749 49.655926370320564 51.27020606526404 60.194882158885896 26.30695962559244 0.0 45.732057904057044 21.05152020717055 56.34862773692552 16.631802842545977 36.26980504207932 22.05667042428212 40.450332651798675 40.832722624566294 30.61808294389501 57.80086393022271 24.903380718896614 33.564815746284964 58.40449894299476 51.169457200845 31.535364628294197 44.603599446910216 59.75426460212394 45.318250023453515 60.33711350326414 3.136242060549223 44.78201349934688 28.056163339923213 54.056135499096925 19.846711057141487 59.34180324162609 17.87849574694709 36.744251767065684 47.73256175813422 29.07399736142457 79.87713746276845 64.70559395471147 50.911476502566856 39.94810059635802 34.61835920209471 37.41281327914155 46.9011103502802 59.986810697742044 74.80527063096689 90.50937698067396 74.80154791973288 58.355128121191896 42.59204059869824 28.662770350792652 20.681838011263164 25.15221621238886 37.897771369700024 53.27813535300886 69.56716090280574 86.25155988675641 72.17952676616541 54.96996495650024 37.844727595125846 21.011024784206725 7.029673855915352 16.002589254994845 32.580098334916116 49.65436686198858 66.845814272233 84.08259641130795 72.27862842328265 55.09943356207641 38.03167572196681 21.34437782727014 7.966799777920703 16.43382669455233 32.79305945178149 49.793696025135965 66.94888278925706 84.16416682211117 75.0880782456503 58.72028924510818 43.088705872338245 29.39238181624875 21.677153279180146 25.97300849213444 38.4448526640158 53.666819851255674 69.86386576671121 86.48990263075929 80.32394587416745 65.25385451102531 51.60331560970035 40.82212930505887 35.61878304856255 38.336100173642116 47.63741022532195 60.56151034417696 75.26471698621518 90.88765656784588 87.55192102683263 73.931829968555 62.17068153771702 53.50862880670754 49.59692152087163 51.52899616364186 58.73092729223866 69.58525525694289 82.66556254674899 97.07617764600576 96.32450345658565 84.09283542807574 73.91544999760076 66.73886649109097 63.587362164458995 65.04861818657888 70.83774843490403 80.02089885092833 91.58272586281805 104.73844028626355 106.2597126736238 95.26337725402752 86.35843688772464 80.2442039370831 77.58330347152466 78.72667754953785 83.51822918828486 91.38590440326233 101.61769780975435 113.57646569526881 117.06177801207141 107.12798456595856 99.23720430258786 93.90587198837225 91.58206869191604 92.49275784595935 96.5464532647883 103.37406569229947 112.4715506812073 123.33764389614112
36.61066220819253 20.67004804252709 37.447755800615624 41.117686028133804 16.18904799502449 30.67336913736641 8.699366910049026 17.1169125869929 21.276603863722325 26.82962472263062 45.732057904057044 0.0 24.776447183106214 28.69676811843054 39.06920300875813 28.161837297666395 23.686004587139944 18.92738231411596 28.745668281012588 15.231569006989169 40.776450974055564 26.24727156501442 13.208449026455057 41.446732074865096 22.607732435146772 33.93393812129225 23.548465493922734 24.5910216036818 13.982296866353897 41.37689201436356 42.69307804467664 5.690452784629573 17.748504543909675 31.98117942155932 40.27153964002311 45.20114617568562 63.56930115125472 18.81865853823156 36.542446825037686 16.949831667534415 114.73492917317483 102.84862049134348 92.68363701903223 84.86081236520221 80.0696037832654 78.86449451746186 81.40490533006363 87.36470568136835 96.10987491500943 106.95937258358089 105.42172972598459 92.39513913770827 80.98564874690781 71.96653249160569 66.32029270352123 64.9328389904747 68.06510753792227 75.15408890109613 85.21800409755576 97.33844202200449 97.27213807097483 83.02138966795322 70.15649871785452 59.58203047058039 52.695381870867756 51.01263626792547 55.01341400495223 63.63460736810712 75.30572131062911 88.83265695643297 90.60083224906863 75.13275235697466 60.663473764771545 48.102915938414576 39.324685561764845 37.11708727150384 42.5162597220821 53.256862602002414 66.81063828322337 81.79080792764552 85.75362894253443 69.23884448651425 53.22650942794307 38.3512194986048 26.59476977347321 23.290739205190018 31.246540565232426 44.821256932448314 60.33452460927699 76.61772417477087 83.05060668717137 65.87734543355127 48.79507369703787 31.950070395841642 16.104905618357297 9.830675314206061 23.07876891801758 39.5895210616167 56.57511808631299 73.708011779864 82.70231256480216 65.43972906587491 48.20536546877391 31.046253604226703 14.237132747017878 6.3431473239889655 21.828618147078352 38.87743697271009 56.081504295453996 73.3316345490163 84.73779203330653 67.98248968937726 51.58930367847869 36.05558830065727 23.17900958665553 19.319403903303126 28.424005576121225 42.91061247346531 58.935804709283865 75.52648101567677 88.99360139338332 73.19564250002115 58.25848746027659 45.04674160883031 35.53976345310607 33.100588082230246 39.075969147823926 50.5660171126491 64.69637622557231 80.08138607072262 95.17229121420154 80.56238044156589 67.24233849040739 56.13795369365918 48.78637535537693 46.98354831165439 51.317638486618016 60.48346091237985 72.67531137967875 86.62479749039422
41.25032261797352 15.538315176802708 40.52933028378025 48.08107997203809 36.12906048567333 8.457452601541094 29.578022366499745 31.448451417875166 39.97473266462373 15.085510163763715 21.05152020717055 24.776447183106214 0.0 38.64949207719809 17.099569846612837 22.191449855489193 1.4403373151785728 21.973995802072594 28.959115911372308 10.04476105091829 43.97092603681137 10.036516366514329 12.618172600195987 44.66140639103433 32.661123817658044 21.915953074830743 29.65838904596613 41.93342528843841 25.350850991938607 45.99710663641139 18.09152169211411 24.466352108882433 7.0318517826161 37.927588032275956 19.72262592412342 46.833948286150864 38.92954041211865 18.240779583388825 37.80916355226433 8.031870238172665 95.70282831493803 82.07096542312048 70.07820199248755 60.70390790379129 55.29623392723428 55.03709249061487 59.993238157740045 69.05066770818243 80.84243816545944 94.34884163129693 88.33647000269096 73.39038761140938 59.7299890602404 48.45513110942913 41.55518507883524 41.28525913081731 47.7579037911128 58.7866282921357 72.31613579081197 87.18993556398566 82.74431439221449 66.58691668061273 51.18323481712822 37.47452100085178 28.065389125506133 27.743513727262062 36.74845827718477 50.29817056505974 65.63591153644718 81.76154321424158 79.30267272118948 62.278908310821734 45.46563284373228 29.228375754023897 15.497901742133612 14.992824865817592 28.427055182752838 44.610794266891254 61.40733908684794 78.42392780371215 78.29570169453879 60.99747350281661 43.702176576947686 26.415569184641985 9.186835531586016 8.350280999479327 25.568927087505376 42.854713462955104 60.14978381946024 77.4479187261538 79.81561776455234 62.927798243596456 46.34646891917194 30.57441753534242 17.897130240616356 17.450844419549096 29.790419734250143 45.487566233040944 62.04418338997921 78.92119575940336 83.72489639213474 67.79606960689273 52.739597940949814 39.564285491353566 30.78813960924241 30.482712370613584 38.84831174010242 51.84492506826227 66.82297916325707 82.71296265845751 89.71167196644407 75.03252935363703 61.72747520086655 50.88601269100118 44.35308038976376 44.08752150151668 50.1889203295749 60.768826343064525 73.92886544398804 88.52574990279204 97.39350824992061 84.02745524061521 72.34935009010204 63.300403808020434 58.121865298730974 57.862412403878686 62.58325456894478 71.30193668791631 82.7645216142135 95.99303797622764 106.40381498270045 94.27876174005314 83.98741921546832 76.2756635961738 71.97746680196262 71.70929644895975 75.514099789229 82.83250531287861 92.83726194374066 104.76153431938651
9.815544433787048 23.38372575839507 11.806969213331941 12.482711008820232 16.781283331726673 38.05258440198085 36.6212503401044 11.649311923108483 14.068930817601009 49.47482116475222 56.34862773692552 28.69676811843054 38.64949207719809 0.0 42.03033257726398 20.94491120857194 38.61566461952189 16.678266072335692 56.31835060797464 35.071135474746825 14.05323002459348 31.50934759725256 28.598960729793475 14.565258821896313 6.5211795518368865 27.90988523565472 51.95922283819298 51.65017666212753 15.759579700815786 13.594541265899203 54.14682705670754 34.34705083780817 34.1692793807522 5.977584983346422 40.67938044463298 18.758087351316895 72.85557369022403 20.4156912931171 64.73192812646664 32.6151155722427 134.29963534623806 120.28487515640803 107.23430730117092 95.54385625376008 85.77147899191758 78.635558653219 74.89353708353418 75.05477363334167 79.09540144348276 86.47330426077005 126.91782706740615 112.02244694199248 97.9214886768569 85.01119223667459 73.91808440238943 65.57102358252367 61.105896618338726 61.375871524837606 66.32314939265781 75.02811620453153 120.72820444457594 104.99150465123333 89.83226368242786 75.59866398861192 62.92204100981252 52.933083628560205 47.363934483403916 47.78573099639711 54.05841963801244 64.49691644085405 115.9219891436711 99.45368452346001 83.32389477260412 67.77474302078363 53.31668050232154 41.117263101140274 33.72385664509086 34.39005620941367 42.74063291681576 55.403571320941815 112.67642065015167 95.66871382961547 78.7892229828228 62.142516265877944 45.98211407392643 31.076182500849892 20.391548254862663 21.554887587975585 33.34850723682983 48.562789337131825 111.12836983905623 93.84896889408552 76.57974152752185 59.32957216184697 42.121881771152864 25.04438431126284 8.882731430741638 11.370933135203972 27.89994253782529 45.01365278907744 111.34868192234563 94.10854786590674 76.89617567634582 59.73556831995888 42.68919825928896 25.98288687177248 11.25017373304051 13.29419589594937 28.7335712482803 45.53255786249421 113.3270409785009 96.4306567587197 79.70844387087321 63.29859083115713 47.52576452470267 33.3075982577712 23.639057201353122 24.635849177052584 35.40842017962428 49.99298440961266 116.97425345567859 100.67264256664363 84.76846735796249 69.53497150573408 55.5269175603795 43.93258463478184 37.0892507228437 37.68103174359701 45.4182220582164 57.48457831577992 122.14086212923658 106.60551104548429 91.70485799851974 77.8044226751554 65.54369998262938 56.01005480750524 50.76393487837404 51.142244200560064 57.03316940287292 66.9980365015199
40.51685482786846 21.19074005826242 38.8793734478903 47.641743470023115 46.000025350974795 8.86801744708652 45.43170459200881 39.31908386886161 48.48366211326936 30.467657200526922 16.631802842545977 39.06920300875813 17.099569846612837 42.03033257726398 0.0 21.15018028001871 18.537751851937465 27.78362400517735 45.3272330287725 26.34643107467889 41.66714748035636 13.134385704296681 25.86619787751272 42.23856065181883 37.73198586077695 15.287506488317327 46.66914899004239 58.79963148768484 33.98095208240372 44.30445341713 15.847763232687893 40.22154502074851 22.6528111073399 38.87754127838054 3.6109087139367726 42.908946509297174 31.04642276005568 24.562598858702362 53.80851909900449 22.79696298075205 96.42390339309746 80.99741511900218 66.50036926310733 53.6909928594786 44.066450530985485 39.99608926748056 43.08396450119712 52.07182139818385 64.54011865791708 78.85483494997861 91.40752616566945 74.98441016791186 59.06520098837936 44.19778771049801 31.888888039466323 26.058936921959674 30.658530262235306 42.420903260046636 57.077411119882555 72.90294203968482 88.38046572846203 71.28060242788688 54.308882583805506 37.63904963535686 21.96939399134472 12.137683971441087 20.265866795823367 35.676325858074435 52.283917043589746 69.23242463646397 87.54935504977124 70.25223520573537 52.95825828288185 35.67199568982973 18.41518449047919 2.1119541486975075 16.38643548849541 33.634562177849354 50.919209194145736 68.21262012415761 88.97576338906765 72.01403097924879 55.263615724292336 38.997771292983586 24.21358062309846 15.8265973995677 22.6578300327711 37.08079983260804 53.24759664561148 69.95955802246921 92.55535547849614 76.37311709638752 60.81053740269557 46.49407661628736 34.98837119206555 29.75537487686293 33.84210109585766 44.764969967838155 58.83218951342548 74.27825904452708 98.05254895318234 82.92083191892321 68.81955100590125 56.52522498847024 47.463414798121214 43.6938743263297 46.521369155137435 54.93655565782573 66.86192288587542 80.75712068472967 105.16699617497972 91.18683997550318 78.54094324721721 67.9780628522745 60.597455176948515 57.63491477081316 59.75125529521408 66.4630641787391 76.57129078527282 88.92515688267123 113.5951467007922 100.74898845401933 89.41783056003138 80.24603789080686 74.04048352236057 71.57686938848752 73.23381521508122 78.75165762487545 87.40219616448722 98.36235376265313 123.06728573937703 111.27351333270842 101.07774424728264 93.00700865079395 87.65029719349695 85.51913939160308 86.85130667304749 91.49564691083908 98.98704460907392 108.73865118129552
