0.0 35.7960391620512 56.58026329351448 24.48948439704022 32.37980279160266 66.67374196312696 54.57275977740014 21.525941622463055 41.228110949689835 40.85425088028192 22.603979616046967 31.19109449941922 34.70988589542679 63.58173394386585 25.359630353390486 11.118689227410728 20.46605470299018 48.31404398404523 9.246985775022527 27.03260758279433 30.351770625004715 43.687050431192134 49.56197938167538 16.681004909379293 33.91196413413128 61.37675356275063 54.116721400013226 25.53050948503567 24.825728797287255 3.5565329903929532 35.905498816782696 29.834159573689558 33.86529705236968 47.50893038361756 54.996072120170865 6.9277094161034745 19.480853876934404 28.103349876516535 16.676083338723622 25.300042793539575 77.37830038109158 50.003343429606396 37.52458002605838 52.06419716218451 80.05057097745551 68.17817370616777 34.256313113066646 9.673636261546028 37.53020278639816 71.54233457247442 70.01738717891627 37.753567047114636 18.522334226656735 40.68992048041799 73.23325825873646 82.15777662213814 57.05988458978883 46.43891299766403 58.754803148049525 84.5132722508331 100.94827915883853 81.63875231846419 74.39060618945517 82.44867672498403 102.2563049017479
35.7960391620512 0.0 79.82292385883594 21.48731947420041 3.4178011519054223 93.19993682622922 72.5705049523288 15.640098141428458 70.9349507199033 37.6474126176255 51.51573390180464 47.21384841638214 48.46025806622846 58.43246753797177 41.985874089554784 43.542623010151814 22.796607625283144 74.01813916567562 28.785267397218643 54.927805252295485 42.5316591011506 8.950010947846978 73.97852771763762 25.98316817185588 7.777398941221793 88.28142854665036 70.34384388425644 26.84788865099167 36.41244440120435 32.969347899162685 62.15599014438715 27.15315557503038 63.01702441044937 47.4322081190153 87.75032738460241 32.923506182208236 44.84964030353851 42.19662687380291 24.007222729751575 56.36375049075795 70.2999101239116 58.77616522946934 66.04532271538413 87.54495144391592 115.58996154120553 49.04508209349499 30.679899972926663 43.265790682170795 72.09325364002082 104.48819068633934 38.400295603078355 4.354312489602005 30.95467152058267 65.51547647291447 100.10603349864395 46.36397610276417 26.225972749208378 40.25948570315757 70.34693957278778 103.30246270410201 66.56191362104033 54.2931197887798 62.12724156095044 84.65602286369449 113.4384725033692
56.58026329351448 79.82292385883594 0.0 58.380330058818735 77.12757569212702 15.122166544616965 12.608441948436143 72.55377717793999 20.5224720928166 97.38195262035723 70.65770634658533 32.72010351161828 32.22468716954856 53.60981921829827 37.88300889569599 45.68339323252255 57.244279694362234 9.351560399307617 64.98048203349941 74.18819002888111 37.74527337069043 83.28151693946968 7.149860167447455 54.85982942325266 73.26723800650981 12.145814228880571 16.36459291417418 81.60477832119977 43.429758250621255 59.78154364563883 81.51135193862783 85.80013011372917 24.411995101869447 44.800279387779696 30.55997064436887 53.174774690731944 37.88050933290397 37.70436621391105 57.06962021369479 68.8588944506445 133.91485018037102 104.53328806811056 79.47331361266387 64.02800082027153 65.40596496795995 123.16340867606752 90.49127115837578 60.024543071585605 37.57728147514339 40.19936681963007 118.22311316509655 83.70853278282685 49.31922391908048 15.890457780479716 21.621305745800623 119.81524655119807 85.92218146525515 52.95654277581186 24.92018803199913 28.852769611882646 127.69561440998451 96.51506076316953 68.69463594059032 50.17527379372204 52.06699755984291
24.48948439704022 21.48731947420041 58.380330058818735 0.0 19.01155447020755 71.97366137810846 51.18180286929262 19.339632478705607 50.820204090945076 49.19367802419966 46.238539308215294 25.729046865964296 27.05169861674012 43.877943100587764 20.665863082011928 27.270239981794898 4.026103318614522 52.87239456561015 23.278466797035954 50.51069464823744 21.088334346091052 25.533158522590004 52.66989819931992 8.115257251817274 15.056200502755594 67.15163918097011 49.09001569968895 33.60651233806533 14.9505744581604 23.60609004960116 59.137618342064464 36.4850694195183 43.01275354270146 29.647653736811737 68.57730878647483 18.404359101445102 25.126118931032913 20.713229863986292 7.828499352131836 49.59335561337739 85.54243052235194 65.95908952691106 61.46931975380556 74.84072928166155 99.08871759771303 68.20788598141226 41.350709513200464 34.092226904286186 54.8590191701613 85.15619369087044 59.86441149895507 25.517143049434974 10.646848739381658 44.389640234411104 78.88205693046365 64.12382235332439 34.26940866350969 25.134913934413646 49.83953429045082 82.04290468619482 78.9723751944837 57.26826824984807 52.129412809783304 67.45442490166226 93.6884508579631
32.37980279160266 3.4178011519054223 77.12757569212702 19.01155447020755 0.0 90.33593795599147 70.19331531818402 12.483942477990654 67.80350465400213 36.57303941964929 48.39939255661631 44.63746648571914 46.0632320747807 57.8995262719162 39.24753651313243 40.18052566852536 19.92652411943254 71.13340488052357 25.458172531208714 51.89211440012543 40.0965836235063 11.961731174525585 71.17456826408906 22.900467712550732 7.240545193938082 85.37729718498623 68.07673908238704 24.644885941428612 33.80697491572269 29.56753529982565 59.27210114676586 25.408918759480756 59.8819250208998 46.16547464040179 84.48544341842177 29.551456688090244 41.73023596040055 39.622165682075426 20.8664416121494 53.176471764673195 70.32104459740927 57.120433478257056 63.04942299655851 84.15763049891494 112.18099220361526 50.18113915971026 29.293550859676007 39.91135094943254 68.72087139415021 101.227658340806 41.180653878097594 6.584644694389604 28.03075545269601 62.63340458828721 97.23691635878437 49.78147006995185 28.60990701643772 39.41697593466482 68.43762414965455 101.03740891999483 69.75061046608572 56.42318228594622 62.42432301800836 83.69473982819264 111.83745172947057
66.67374196312696 93.19993682622922 15.122166544616965 71.97366137810846 90.33593795599147 0.0 27.27611788052285 84.59916191029383 25.972647738436656 107.35457401275136 77.22170582442818 46.73450176733041 46.72589452867472 68.22550100334955 51.30780266683074 55.55516421370078 70.42209656062276 19.215194900507242 75.60228670512738 80.20361636708903 51.94436478620205 97.25121928041202 19.36333673744337 67.6198187480608 87.00272468956814 5.3110732893169095 31.03611122973377 92.17484129945875 57.120599036189354 70.0980273898779 86.53580290539706 96.46109129137827 32.8237032105067 59.92135870486909 25.18267452686997 64.39642233154888 49.469948266914365 51.58796369068 69.7772838205682 74.45573190920669 143.06154954429775 111.95088562445159 83.63126732232413 62.04974783846572 55.686154406641585 134.5312685774393 100.92990656662823 68.33644006292658 39.341215393789064 28.643194734111802 131.5155433498075 96.91184111060679 62.308315383980926 27.70562755510295 6.908823644054775 134.38631190175923 100.73839063951054 68.05590199952361 38.85650746445816 27.980180042028035 142.78881749492675 111.60536562865707 83.17249905973198 61.43587952497794 55.0078696044785
54.57275977740014 72.5705049523288 12.608441948436143 51.18180286929262 70.19331531818402 27.27611788052285 0.0 67.46100194455215 27.29521096227958 94.4392644436652 71.89168353243892 25.91868767971001 24.130112074356862 41.04236083093264 31.953928498616328 44.563986052311115 50.81834816821315 16.95717294048074 61.99100315712613 75.83136456507933 30.103161270207906 74.9488301013847 13.915064600910434 49.21373047752775 65.49646847124352 24.749766144138828 3.773364511031202 78.23840100051821 36.609995320147945 57.36309196656221 83.8580871388693 82.2393732176871 27.639788586531456 33.240040351286275 41.590190124557104 49.87692064911417 35.09255407548283 30.81415247628539 51.42706275324354 71.05073698006153 131.47378888927278 104.2028108232504 82.61868777288042 72.02931713173886 77.1060999957567 118.26121651692458 87.11444878129726 59.891194735331794 44.49493673037721 52.606651200389315 110.730125857118 76.68266640415955 43.52184481691506 17.404589072729785 33.26465933244728 110.05358880176058 75.71153493757258 41.803499663448505 12.557093324901075 31.027093782963835 116.35127333788324 84.52781370185714 56.09909529472468 39.294915950148294 48.331119060214846
21.525941622463055 15.640098141428458 72.55377717793999 19.339632478705607 12.483942477990654 84.59916191029383 67.46100194455215 0.0 60.46428852882458 29.864849115012028 35.915751825916985 41.583013850180684 43.92377374346336 62.90764033106723 35.50989624585935 30.99514795278238 17.627782195473177 65.49528748220213 13.442588648755553 39.427801463464725 38.059780548276905 24.443988255975736 66.04358591336225 18.2869178016284 17.250143878551906 79.43556572443934 65.9398579104684 14.733958859340508 31.253519150563037 18.286917801628363 46.9390701522107 17.20244940103447 52.64040367396206 48.987222438126246 75.82631803464723 20.666112283158643 35.12922566592271 36.841636522927814 16.102794703384102 40.72448010000778 66.30467585331209 47.76190502410041 50.605356555355726 72.35618606303902 101.51229590016835 50.82835149120973 22.02383597568398 27.953990716620893 58.9291952515822 92.51336508290017 48.70942407274133 16.615410576323598 23.966394171078775 57.1625448726967 91.40884710378229 61.348040746030826 40.67282975658248 44.043176005864744 67.97167733785602 98.46482509989559 82.19710648386224 67.96758149475738 69.83972464386368 86.77758539133377 112.1511421967015
41.228110949689835 70.9349507199033 20.5224720928166 50.820204090945076 67.80350465400213 25.972647738436656 27.29521096227958 60.46428852882458 0.0 81.60253407371906 51.53657645132115 29.03462740515365 30.974108718116014 62.028112409740864 31.212353271194846 30.190654084619126 48.4183549224976 11.359641066913857 50.35109259142292 54.73993078426403 34.142458613560905 76.29189018011799 14.276582738974852 44.95622391949761 65.68046161168677 20.687500639450114 29.78174653995996 66.74412469422379 37.14274778532141 44.7309238457977 61.60309820601775 71.05344714149818 7.922111651855899 48.789966727541476 18.850878005857755 39.83804123491868 26.08572789730559 32.754553233202884 46.94015184624851 49.16110774256305 117.10476243982164 86.10953166802214 59.25363230898416 44.74315456864208 53.73753121888749 109.38712083363973 75.38528841452417 42.36968306989199 17.386408680172085 34.70206333167637 108.59723371561691 74.24514775805886 40.325883482723086 11.613092176984146 32.22426196822136 114.87813612920988 83.08466782620779 54.808422722410086 38.72582706955982 48.890095836803525 127.18625189483198 99.27246287305927 76.99655510430357 66.3075072184574 72.52358190939266
40.85425088028192 37.6474126176255 97.38195262035723 49.19367802419966 36.57303941964929 107.35457401275136 94.4392644436652 29.864849115012028 81.60253407371906 0.0 36.932289660366955 69.26201364438558 72.13189548803243 92.65770099426418 63.03258071911394 51.9172257428159 47.172283827887135 89.16506159505303 32.52672830446267 37.32888151885979 66.57238128784387 45.18198289538852 90.39760530893115 46.88399763704933 43.68987069620752 102.04530797016447 93.46679837322635 16.313421958525407 59.824404580292985 37.600533601017226 39.65060949539012 12.758640373592897 74.54307391463178 78.83336784181058 93.07831045147861 44.60027535330739 59.75248082304642 64.9621338585249 44.91582505334188 42.32227383406332 37.12394742838187 22.55768597893587 45.10383321945991 77.16674928759831 110.76959632468478 30.441900376961954 7.842996503077481 39.889466644297 74.26762527243577 108.78899042384627 45.65932136262897 34.77000959704151 52.22992026889229 81.49727994660674 113.8001747304466 69.65855669547062 62.85782826819363 73.7880457568021 96.60756640036062 124.96457553725588 96.06859214671506 91.0374372457409 98.69725045745689 116.57260054356811 140.82573210527306
22.603979616046967 51.51573390180464 70.65770634658533 46.238539308215294 48.39939255661631 77.22170582442818 71.89168353243892 35.915751825916985 51.53657645132115 36.932289660366955 0.0 51.824712491402366 55.57204959325064 86.0480434595926 46.6369287205192 28.362122194856568 42.31532565626865 61.453714652006376 23.904228002772147 4.445061203142857 52.02684294484365 60.35965485863939 63.54833206990049 38.92903264255554 52.32067807853801 72.03540176472875 72.27947332522899 28.968660273133377 47.10644112783063 22.670691276036848 13.337680665847905 32.204205200176865 46.24621175276561 69.88423454753637 58.82995074890445 29.526586788559417 38.65370247827513 49.62475036388118 38.49194235062085 5.573936922840393 67.773466922257 34.86675349770082 15.26395110403343 40.56027527292637 73.83856499239491 67.37116063762763 34.085484783910765 13.402176457968485 39.90322628889043 73.48311150368778 77.96423177251685 51.83849756825755 41.12006263829212 55.58156708776913 82.96133421868093 95.9781189335719 76.10408496430858 69.04074863543318 78.33376658014075 99.50122507016629 118.06281338015707 102.34963651320578 96.9883382682993 103.59873021503599 120.22198433869761
31.19109449941922 47.21384841638214 32.72010351161828 25.729046865964296 44.63746648571914 46.73450176733041 25.91868767971001 41.583013850180684 29.03462740515365 69.26201364438558 51.824712491402366 0.0 3.807673203867065 37.370925657135224 6.229449386149926 23.566852455722664 24.98035360166764 28.038712189400652 37.268078118534476 56.16552502775165 5.31934513844859 50.60021910468131 27.377186880714106 23.309650996149877 40.54932293154841 42.15894456487312 24.390239510555173 52.95871850450691 10.832788537088112 33.35649743418915 64.88904622847527 56.81570060718061 22.480493561202568 21.789190815442186 47.875574819662326 25.356214768059058 13.404051958572524 5.0180851454827495 25.517543931819873 52.56283067540458 106.38555367717093 81.09313601600014 65.03140820155666 65.39761512701111 81.97187776147659 92.35294887386827 61.74872061140316 38.62087642327748 39.560965128808256 63.50903948092569 85.59101509238778 51.192927365733254 17.619964670535982 19.87621424521974 53.61453184972537 87.79646343815628 54.768595930182364 26.188265555763433 27.69291336073853 56.94572585291597 98.36786397723857 70.35291471217887 51.1628456156238 51.77402006289892 71.68172538678454
34.70988589542679 48.46025806622846 32.22468716954856 27.05169861674012 46.0632320747807 46.72589452867472 24.130112074356862 43.92377374346336 30.974108718116014 72.13189548803243 55.57204959325064 3.807673203867065 0.0 33.82738929800679 9.40355958143864 27.352819462143575 26.831978484639386 28.594710460018707 40.42861732352634 59.92361617402901 5.990334634074486 51.21792176686223 27.529203436607226 25.663768250390028 41.48849550140292 42.39780151870335 22.154318654767813 55.81869617235543 12.692500416833672 36.73970719220227 68.66235574100332 59.58354687949096 24.97852331735171 18.57731319520365 49.798186904800666 28.67566312284375 17.210893506703936 7.173029811331476 27.824636192602437 56.35949864285612 109.24510552984216 84.49217915536921 68.83408144543696 68.79026365942174 84.38505291883938 94.51546563046159 64.53827147128568 42.33235846103292 42.58748066217042 65.03985926589263 86.70123340675495 52.5559859972337 20.05022479755714 20.89840724029072 53.53809294685421 87.67192267427575 54.127981996317985 23.83609976775038 24.522024324435094 55.039517707570845 97.16455119511171 68.32495274868941 47.858786201091604 48.03584864934398 68.69670432099869
63.58173394386585 58.43246753797177 53.60981921829827 43.877943100587764 57.8995262719162 68.22550100334955 41.04236083093264 62.90764033106723 62.028112409740864 92.65770099426418 86.0480434595926 37.370925657135224 33.82738929800679 0.0 40.615196816161394 59.34540082698568 46.71737122700438 55.373995082955574 65.94263534226565 90.49310339971895 34.99905308378316 55.64257614096405 52.9291265085762 48.66247873937908 50.824760018907895 65.75042175192912 37.2695758980774 77.43709811964453 38.98121244698632 64.34292840127686 99.38570120888218 80.10060820394092 57.652517902748514 16.256464928476777 79.86864887213757 56.68186564586001 50.0690860116272 37.494971615154064 49.95974200275188 87.88256608264035 128.0712334903375 109.75947665537073 100.43257940557845 102.57154441029982 115.54132968246086 107.28358663391589 84.85056994210652 72.69266181657925 75.91824254022623 92.93916625551672 90.58366223549959 62.65468346340433 45.1733890521817 50.50224767657213 73.85888697703028 80.55635026410489 47.17309615183581 18.871292960611157 29.6951117245379 61.6629782568636 79.75990991605003 45.81257144802586 15.191836585945005 27.525330486424537 60.657624922717176
25.359630353390486 41.985874089554784 37.88300889569599 20.665863082011928 39.24753651313243 51.30780266683074 31.953928498616328 35.50989624585935 31.212353271194846 63.03258071911394 46.6369287205192 6.229449386149926 9.40355958143864 40.615196816161394 0.0 18.856991176794693 19.36781550813813 32.225359703509525 31.09030011734532 51.0327563223695 5.619131559280806 46.04509954114714 32.014832328168815 17.302212030794482 35.7033925494871 46.50055856925683 30.570227539187325 46.729457049395336 5.991242163564551 27.336681431850806 59.84673819441006 50.59257994355639 23.82527220985884 24.449900932414007 49.73675569556674 19.27410786030101 9.602600779351988 3.1217399657426954 19.524452317379012 47.78787434101641 100.15616318729323 75.08871474598536 60.333726847399255 63.53571881261511 82.63293526888515 86.32516200253801 55.52286617650144 33.292324008957266 39.09992459751839 65.9095172582562 80.37752400994671 45.830239104329586 11.624519177110363 23.76346471353153 58.2162283528898 84.00507161361851 51.877142368055765 26.841506024585712 33.83101673337465 62.95595001955432 96.12968612888464 69.67952364439057 53.519679944334044 57.16884583754424 77.89093910240206
11.118689227410728 43.542623010151814 45.68339323252255 27.270239981794898 40.18052566852536 55.55516421370078 44.563986052311115 30.99514795278238 30.190654084619126 51.9172257428159 28.362122194856568 23.566852455722664 27.352819462143575 59.34540082698568 18.856991176794693 0.0 23.58970063500201 37.2615878088284 20.161343802628352 32.65308604223662 24.449900932414007 50.462189602940114 38.611961375491774 19.368915188017496 40.000944143829955 50.25876103960135 44.507548560609735 36.63500816631084 20.92979078421883 14.566302688160905 41.33215746917369 40.932155096661674 22.75184139481023 43.104798764528795 44.83370333583036 10.642139646914993 10.291827987026334 21.96241059709589 20.602213759336813 29.02421403108591 88.23786104876753 59.65052757788851 41.53640452002261 47.8244968968442 72.41487588263679 79.20052838880555 45.37500143392753 15.488999228848986 28.5618403305768 61.53454016229775 79.6757932396093 46.19204902559368 17.720851777632618 29.819483765975686 62.122656625343126 89.51223825659653 61.503049209413675 44.13192842365129 50.07441393938149 73.90591679155477 106.13790473220142 83.69919447264596 71.69805179619388 75.30219950815672 92.70915280079488
20.46605470299018 22.796607625283144 57.244279694362234 4.026103318614522 19.92652411943254 70.42209656062276 50.81834816821315 17.627782195473177 48.4183549224976 47.172283827887135 42.31532565626865 24.98035360166764 26.831978484639386 46.71737122700438 19.36781550813813 23.58970063500201 0.0 51.229241730030225 19.670254880594754 46.61186558204397 20.858211930545462 27.962687823960945 51.24819375311443 4.234986817155888 17.311784733381455 65.487489315352 48.985520918827135 31.231509899610046 14.208476004628025 19.655441474569965 55.28123820927728 34.413780849431895 40.535785695013395 31.880650970391642 65.8121632152755 14.417019662169684 22.42203004319902 20.014554601290303 3.8318994399210604 45.600655424163456 83.88679223034619 63.05381829387707 57.52707692025739 70.97700785305766 95.71257594851316 67.72970823460666 39.35221749707882 30.078539642483815 51.533270349465894 82.47105697947751 61.10365957735415 26.509984550870488 8.170418916506584 42.72688388938284 77.3257516340061 66.90346901559565 37.925970396049706 28.205040818425832 50.47285862394784 81.81891358693125 82.5501171438368 61.280949179328964 55.59660434767952 69.43633694882222 94.58658548090587
48.31404398404523 74.01813916567562 9.351560399307617 52.87239456561015 71.13340488052357 19.215194900507242 16.95717294048074 65.49528748220213 11.359641066913857 89.16506159505303 61.453714652006376 28.038712189400652 28.594710460018707 55.373995082955574 32.225359703509525 37.2615878088284 51.229241730030225 0.0 57.002890993075574 64.92473999522556 33.339242510904604 78.25811213427129 3.0944882075056688 48.40494505428178 67.9225361835692 14.279669458539018 20.02631756142754 73.64042570132446 38.112742039192305 51.63296926222078 72.1811293581562 77.89013494802309 15.25422236954494 44.143571903630324 24.941945528659936 45.502835125893725 30.39390086847602 32.731003242489095 50.564249426930935 59.55122502754558 125.41988788391758 95.53118332885349 70.1217559175312 55.70196830922343 60.68898459329949 115.69310693992138 82.47740412113478 51.13696398438724 28.67569840402165 37.7417801789279 112.31015084695385 77.7064395371331 43.10296883413491 8.502676849132648 26.107077955817193 115.82839678473464 82.66532911638407 51.43670746006034 29.201921368114192 38.139332059747105 125.66937374027532 95.85548548077854 70.55884392110579 56.24607164035041 61.184021249880665
9.246985775022527 28.785267397218643 64.98048203349941 23.278466797035954 25.458172531208714 75.60228670512738 61.99100315712613 13.442588648755553 50.35109259142292 32.52672830446267 23.904228002772147 37.268078118534476 40.42861732352634 65.94263534226565 31.09030011734532 20.161343802628352 19.670254880594754 57.002890993075574 0.0 27.903828838089094 35.29055261841288 37.29662463684543 58.067021898119734 17.28160196273417 28.56841287980206 70.32193714441506 61.16496207306405 16.642502009874157 28.892738710196046 5.690452784629573 36.2234146378467 20.888576637369898 42.86818199281086 50.450976681250076 64.21108068101691 12.11502327238956 27.23334391976522 33.37157343120546 16.09270181674274 28.159293657639168 69.48518783502078 44.509077679974006 39.09924925770234 58.9174950110232 88.36638372686872 59.03985467619744 25.51268316757443 14.52384893611648 46.538586105774755 80.7192073102251 61.15971878688349 30.056019187702322 21.472425717416094 49.128540915187884 82.22535915444985 74.78366845524839 52.33015763686475 47.739978609935335 64.91977777188734 92.43841929798145 95.08867599490976 78.46040551685824 75.26592332493811 86.99786344072548 108.93595512825495
27.03260758279433 54.927805252295485 74.18819002888111 50.51069464823744 51.89211440012543 80.20361636708903 75.83136456507933 39.427801463464725 54.73993078426403 37.32888151885979 4.445061203142857 56.16552502775165 59.92361617402901 90.49310339971895 51.0327563223695 32.65308604223662 46.61186558204397 64.92473999522556 27.903828838089094 0.0 56.44063597887012 63.82839434993279 67.1137884738683 43.286611249040256 56.10582888547809 75.07131814424054 76.318261737124 31.228028792520032 51.54986794532493 26.998742408207452 8.892624417435155 34.083626226987874 49.79496456499434 74.3281783843498 60.92699780711775 33.95808978771644 42.94138590280005 54.03152535522669 42.79658083649678 5.992718604012173 66.22598068274168 32.53616229520234 11.232783235294752 39.857260371797004 73.79620052733448 67.68653198712896 35.38914822631748 17.83719302093667 42.175674749141166 75.0616950856826 79.8202303481682 55.00688942619744 45.55283142170259 59.32265057951435 85.77940981088688 98.76834489104093 79.86612827919251 73.462639521718 82.5207175872169 103.04041305074068 121.37966729367842 106.35187515640537 101.4054799077293 107.93550691255841 124.14398188403217
30.351770625004715 42.5316591011506 37.74527337069043 21.088334346091052 40.0965836235063 51.94436478620205 30.103161270207906 38.059780548276905 34.142458613560905 66.57238128784387 52.02684294484365 5.31934513844859 5.990334634074486 34.99905308378316 5.619131559280806 24.449900932414007 20.858211930545462 33.339242510904604 35.29055261841288 56.44063597887012 0.0 45.54095663614956 32.606808881820015 19.86233143708097 35.65375158754931 47.4226035671124 28.13771202374935 50.27357771503897 6.814409075907631 32.02626243464944 65.28183157861916 53.9526701301453 27.305584724780683 18.856991176794693 52.94539805194136 23.919061017931345 15.131213555810037 2.4973919996695497 21.987650716155677 53.31872981381197 103.65083045532045 79.64928671482213 65.87332420927663 68.77028835414701 86.68438168239061 88.5675553210852 58.91828024135163 38.643798793194826 43.70526480630032 68.71524362430682 80.82476614762176 46.60305657215268 14.3492066879428 25.195384001191375 58.80958943100178 82.51583233177888 49.452268440191965 21.84121327773018 30.056576921341595 61.02953801404169 93.12816621199694 65.51636404202253 48.02857661353302 52.11435488953981 74.29589086353894
43.687050431192134 8.950010947846978 83.28151693946968 25.533158522590004 11.961731174525585 97.25121928041202 74.9488301013847 24.443988255975736 76.29189018011799 45.18198289538852 60.35965485863939 50.60021910468131 51.21792176686223 55.64257614096405 46.04509954114714 50.462189602940114 27.962687823960945 78.25811213427129 37.29662463684543 63.82839434993279 45.54095663614956 0.0 77.8948553568647 31.765866823125222 10.654190059294274 92.5218973816516 72.37446226922542 35.597933984631396 40.14943593534133 41.10077876511672 71.10361751821488 35.55736995605501 68.44221887792844 46.82136567374931 93.76686961540351 40.033445135613505 50.37718083904242 45.679394689003516 30.09171611315676 65.13073203120743 75.67599825080798 66.90272054746983 74.96571028859881 95.7000930904868 122.84919335894996 52.151365000699194 38.68425823789729 51.65272293490667 78.9579680882051 110.43343084621448 36.331670141155044 10.466128499431953 35.97140112129873 69.80827897755903 104.15038257840902 39.08468498377659 17.755486637364548 38.70077812965284 71.23967550839676 105.10604512402948 57.815396561002366 45.97404114715218 57.266200243344834 82.70450877528269 113.11704868096422
49.56197938167538 73.97852771763762 7.149860167447455 52.66989819931992 71.17456826408906 19.36333673744337 13.915064600910434 66.04358591336225 14.276582738974852 90.39760530893115 63.54833206990049 27.377186880714106 27.529203436607226 52.9291265085762 32.014832328168815 38.611961375491774 51.24819375311443 3.0944882075056688 58.067021898119734 67.1137884738683 32.606808881820015 77.8948553568647 0.0 48.62495181115674 67.67797325992224 14.868688978711985 17.079751847446612 74.70617911447991 37.78128587927195 52.80363976336438 74.5224723701356 78.92441828906483 17.31893328075868 42.2414129490566 27.802568320115437 46.36790630250093 31.115918462678803 32.22535970350954 50.813250848251684 61.83300358074233 126.84954821241155 97.38351869175749 72.6022011829692 58.76561576228671 63.486247738397914 116.48728975498464 83.57762902817936 52.877099515638605 31.64792904534645 40.025383862142924 112.34628236260994 77.75817174213819 43.19529655287224 8.954790647369498 26.256373824756977 115.10020725356169 81.65135238263365 49.80633785609008 26.25341014951409 35.95349924078957 124.29144935736335 94.0585699176 68.12095929874525 53.18567427520555 58.41033412753614
16.681004909379293 25.98316817185588 54.85982942325266 8.115257251817274 22.900467712550732 67.6198187480608 49.21373047752775 18.2869178016284 44.95622391949761 46.88399763704933 38.92903264255554 23.309650996149877 25.663768250390028 48.66247873937908 17.302212030794482 19.368915188017496 4.234986817155888 48.40494505428178 17.28160196273417 43.286611249040256 19.86233143708097 31.765866823125222 48.62495181115674 0.0 21.126473795359356 62.59806875584626 47.65319146290691 30.658124070427398 13.050299403363919 16.305306179633032 52.051165929322714 34.18994323004619 37.04147889599427 33.241909871884594 62.044375831934644 10.324834244413761 18.8709952794327 18.557864660151886 2.224214466288811 41.957662679648465 83.88546782689342 61.497288635472295 54.05422022464623 66.75775877573955 91.57584510474621 69.04764710282366 39.16070028963959 26.351178534010412 47.43469257214243 78.74361431138996 63.97805740407893 29.417130619525658 5.691892726307678 39.92846147756162 74.50517266174833 70.8071536566854 42.1589394632695 30.593069039298932 49.89320694079418 80.2344368284263 86.76928335513215 65.34167122088216 58.35192683909561 70.25061308075473 94.12830506332945
33.91196413413128 7.777398941221793 73.26723800650981 15.056200502755594 7.240545193938082 87.00272468956814 65.49646847124352 17.250143878551906 65.68046161168677 43.68987069620752 52.32067807853801 40.54932293154841 41.48849550140292 50.824760018907895 35.7033925494871 40.000944143829955 17.311784733381455 67.9225361835692 28.56841287980206 56.10582888547809 35.65375158754931 10.654190059294274 67.67797325992224 21.126473795359356 0.0 82.20072908428826 63.133934376442554 30.971259007456325 29.901254947149877 31.644473642958 63.94094782421748 32.18929517106447 57.81748344417599 39.6598382306965 83.11268089720602 29.71661949072336 39.73128064647251 35.56532990393236 19.50467776037531 56.7263231010014 77.52633510907646 63.83503681580515 67.33697145605753 85.95580279357661 112.41578559137987 56.80394020400819 36.28793519858094 42.447278609490404 68.42192107586986 99.7806479603304 45.233738614533735 12.126530634983256 25.354840299065984 59.443558550052536 93.90984466350568 49.685112547226886 23.78432985603308 32.5211257280668 62.804444305693515 96.05216376647192 67.03895458075588 50.72193903808954 55.19071243258697 76.90331818688423 105.72148280470026
61.37675356275063 88.28142854665036 12.145814228880571 67.15163918097011 85.37729718498623 5.3110732893169095 24.749766144138828 79.43556572443934 20.687500639450114 102.04530797016447 72.03540176472875 42.15894456487312 42.39780151870335 65.75042175192912 46.50055856925683 50.25876103960135 65.487489315352 14.279669458539018 70.32193714441506 75.07131814424054 47.4226035671124 92.5218973816516 14.868688978711985 62.59806875584626 82.20072908428826 0.0 28.50981474916487 86.88435911958798 52.372605883670495 64.80718393273348 81.52311205587881 91.17312702130513 27.519974771866703 56.482471490573765 22.006973159050826 59.168516546464616 44.31419519889705 46.933100655863036 64.74085180450643 69.35686877037931 137.75929796688803 106.72626559978775 78.72842818872044 58.31494737873811 54.7530713164631 129.27400381244288 95.63203970832616 63.040043465962924 34.604165162956626 28.56029618969185 126.54522025363026 91.94473578484651 57.34832586385034 22.774566770103092 11.974375770151042 129.9362859394813 96.51724140098122 64.36268494507178 36.9373846074931 31.32129296530867 138.99983812102633 108.30820700373603 80.84041025546064 61.11029110234559 57.69363007409461
54.116721400013226 70.34384388425644 16.36459291417418 49.09001569968895 68.07673908238704 31.03611122973377 3.773364511031202 65.9398579104684 29.78174653995996 93.46679837322635 72.27947332522899 24.390239510555173 22.154318654767813 37.2695758980774 30.570227539187325 44.507548560609735 48.985520918827135 20.02631756142754 61.16496207306405 76.318261737124 28.13771202374935 72.37446226922542 17.079751847446612 47.65319146290691 63.133934376442554 28.50981474916487 0.0 77.19920385545954 34.81620666885674 56.752922335178 84.51461271457583 81.12281798895513 29.248121985191027 29.756179259437896 44.87674974096801 49.06779121852838 34.69505310400026 29.11118014155746 49.8459939015775 71.72651668789867 130.5660444046482 103.98947254643562 83.51571550110116 74.36857509128237 80.50615553093343 116.63640318513228 86.03506193679681 59.956858640406715 46.716480991617544 56.256963815215755 108.33703203005611 74.51216163640291 41.976890244049265 19.154731996031874 36.967493310513724 106.98684455570533 72.55348280798418 38.42764295458724 9.17673877111586 32.96352896570869 112.83565224061391 80.85719114625978 52.33273020353521 36.52906088336692 48.21678417125726
25.53050948503567 26.84788865099167 81.60477832119977 33.60651233806533 24.644885941428612 92.17484129945875 78.23840100051821 14.733958859340508 66.74412469422379 16.313421958525407 28.968660273133377 52.95871850450691 55.81869617235543 77.43709811964453 46.729457049395336 36.63500816631084 31.231509899610046 73.64042570132446 16.642502009874157 31.228028792520032 50.27357771503897 35.597933984631396 74.70617911447991 30.658124070427398 30.971259007456325 86.88435911958798 77.19920385545954 0.0 43.54109174527877 22.077175948389545 36.96925575234474 4.314249961555036 59.38669209121792 63.08221428217898 79.66878230359809 28.526503087072022 43.7913345524352 48.64936757542999 28.746694159020382 34.4808876562091 53.433826561656076 33.08600849873539 41.581585878038844 68.97975643736088 100.90698439577665 42.782940665528976 8.904754671769767 26.889838502891465 61.33258749498303 95.89141399578034 49.087901791972364 25.558189708448722 35.93971162834972 65.76433330106191 98.75765817717773 67.77069478742057 53.07005137959387 58.607115915539445 80.29917881992775 108.88490529674338 91.54228783124016 81.04812658444884 84.57147247092637 100.65086119750278 124.51339096979696
24.825728797287255 36.41244440120435 43.429758250621255 14.9505744581604 33.80697491572269 57.120599036189354 36.609995320147945 31.253519150563037 37.14274778532141 59.824404580292985 47.10644112783063 10.832788537088112 12.692500416833672 38.98121244698632 5.991242163564551 20.92979078421883 14.208476004628025 38.112742039192305 28.892738710196046 51.54986794532493 6.814409075907631 40.14943593534133 37.78128587927195 13.050299403363919 29.901254947149877 52.372605883670495 34.81620666885674 43.54109174527877 0.0 26.078859362727503 60.43957190680909 47.178066817237244 29.65431691937118 22.77978091439491 55.56889394481053 18.07016599020212 13.69822905068579 5.826054461445927 15.173732973885258 48.92723521518223 96.88074161373231 73.37980636490812 61.46620750940445 67.57495206883746 88.03087200595658 81.82796531267763 52.14637922104097 33.72693989978115 44.16560579193596 71.82289081891643 74.80599581683748 40.36668730738134 7.606295500512184 29.683259109558396 64.02491596667356 78.01476969582379 45.9927409695764 23.220778478589196 36.84998350908183 67.61273856469269 90.37084547516356 64.62820848624342 50.808712303332285 58.14679229354215 81.08870424456863
3.5565329903929532 32.969347899162685 59.78154364563883 23.60609004960116 29.56753529982565 70.0980273898779 57.36309196656221 18.286917801628363 44.7309238457977 37.600533601017226 22.670691276036848 33.35649743418915 36.73970719220227 64.34292840127686 27.336681431850806 14.566302688160905 19.655441474569965 51.63296926222078 5.690452784629573 26.998742408207452 32.02626243464944 41.10077876511672 52.80363976336438 16.305306179633032 31.644473642958 64.80718393273348 56.752922335178 22.077175948389545 26.078859362727503 0.0 35.7461376971038 26.368953475070516 37.313819234179796 48.45314938362186 58.539112745378056 8.10847908200169 22.32833161323086 29.901890123465034 15.827221328883564 26.05079371877063 74.30554025872765 47.75326829306175 37.87166046860977 54.61664046162138 83.22571043998092 64.65977924943807 30.858669691342858 10.88487787916441 40.98238971284588 75.06986476267154 66.59806832031485 34.703556805050546 19.189025925122245 43.89701911466857 76.6845849464818 79.27512683981735 55.10533792757639 46.72753749357261 61.033918538208624 87.53072388146822 98.63321204932677 80.3052722186281 74.5929511248976 84.10722533979146 104.7792333193796
35.905498816782696 62.15599014438715 81.51135193862783 59.137618342064464 59.27210114676586 86.53580290539706 83.8580871388693 46.9390701522107 61.60309820601775 39.65060949539012 13.337680665847905 64.88904622847527 68.66235574100332 99.38570120888218 59.84673819441006 41.33215746917369 55.28123820927728 72.1811293581562 36.2234146378467 8.892624417435155 65.28183157861916 71.10361751821488 74.5224723701356 52.051165929322714 63.94094782421748 81.52311205587881 84.51461271457583 36.96925575234474 60.43957190680909 35.7461376971038 0.0 39.12172628902597 57.262978544929794 83.2185966271343 65.8133718277162 42.83295076569336 51.59577150259232 62.861971483138745 51.48314790393758 12.807703207150166 63.96627638349466 29.391735244330505 5.5603992979337455 39.91010314956773 74.49542925469996 69.19153899443668 39.4115374193224 26.719101720428647 47.63814032376157 78.86517185568653 84.13121232424783 61.82901036389857 54.42783090873995 67.05779337401253 91.79271837128137 104.70591736945033 87.59232715597952 82.31782271871903 90.96567272879874 110.30867965937679 128.23046388799239 114.46316635706917 110.25060836054027 116.6327245900869 132.08256453215878
29.834159573689558 27.15315557503038 85.80013011372917 36.4850694195183 25.408918759480756 96.46109129137827 82.2393732176871 17.20244940103447 71.05344714149818 12.758640373592897 32.204205200176865 56.81570060718061 59.58354687949096 80.10060820394092 50.59257994355639 40.932155096661674 34.413780849431895 77.89013494802309 20.888576637369898 34.083626226987874 53.9526701301453 35.55736995605501 78.92441828906483 34.18994323004619 32.18929517106447 91.17312702130513 81.12281798895513 4.314249961555036 47.178066817237244 26.368953475070516 39.12172628902597 0.0 63.68242775595964 66.10708842536822 83.94346519108919 32.66417579927476 47.953375792060974 52.41069163800316 32.192892621491175 37.76679182858018 49.70293464381541 31.71154084468971 43.99655514817467 72.53004093832138 104.78717356113219 38.475763318442404 4.970760825581769 31.046525849562453 65.5585179466558 100.1339402364741 45.78492804273791 25.197869145964845 39.60363364262055 69.9771762817819 103.0534075958444 65.71128089268088 53.256543057476236 61.231897623336515 84.0073220643511 112.95978929792666 90.2518485278697 81.41598694203803 86.63979550349812 103.82229946884631 128.24355746737444
33.86529705236968 63.01702441044937 24.411995101869447 43.01275354270146 59.8819250208998 32.8237032105067 27.639788586531456 52.64040367396206 7.922111651855899 74.54307391463178 46.24621175276561 22.480493561202568 24.97852331735171 57.652517902748514 23.82527220985884 22.75184139481023 40.535785695013395 15.25422236954494 42.86818199281086 49.79496456499434 27.305584724780683 68.44221887792844 17.31893328075868 37.04147889599427 57.81748344417599 27.519974771866703 29.248121985191027 59.38669209121792 29.65431691937118 37.313819234179796 57.262978544929794 63.68242775595964 0.0 43.390386252492746 25.917566529628154 32.063434418605304 18.170637575810993 25.666157495060936 39.01945897439446 44.54067730052345 110.47095404961576 80.28429381696789 55.51681764485373 45.9725930655583 59.49499684311544 101.88894159922634 68.11642231588725 35.96088858179235 18.476254378294286 42.24223471781464 100.68792795168999 66.32334493948842 32.47100152130529 10.237109102053564 39.37109946256806 107.11653876655846 75.64653975501668 48.63817544556204 37.46694916231567 53.26067483370454 119.95399945051504 92.79337030441756 72.29819082879519 65.10160106280308 75.12775628709832
47.50893038361756 47.4322081190153 44.800279387779696 29.647653736811737 46.16547464040179 59.92135870486909 33.240040351286275 48.987222438126246 48.789966727541476 78.83336784181058 69.88423454753637 21.789190815442186 18.57731319520365 16.256464928476777 24.449900932414007 43.104798764528795 31.880650970391642 44.143571903630324 50.450976681250076 74.3281783843498 18.856991176794693 46.82136567374931 42.2414129490566 33.241909871884594 39.6598382306965 56.482471490573765 29.756179259437896 63.08221428217898 22.77978091439491 48.45314938362186 83.2185966271343 66.10708842536822 43.390386252492746 0.0 67.36063666736595 40.64855713079354 33.983720895989215 21.340925082569154 34.7683516199576 71.63879961899596 115.10666142319113 94.7186031577405 84.19264218657825 87.17743486221538 102.49939627069219 96.33872448497523 70.99069227130938 56.50663935313679 61.16465925663799 81.75588138975337 83.07399626693011 51.78495239138827 29.273074850824713 37.775437881816515 66.27136396601304 78.16710741988601 43.56326193297279 8.959537600865167 25.64455602527976 60.24838262873144 83.11208436220235 51.84547091504677 29.37900948805219 37.856817082191434 66.31734356563938
