0.0 24.383675735193155 56.28001187041142 53.00594277901833 71.26556388032262 19.995461528480433 21.73251994405843 38.983213154701836 56.6241636732819 38.841337368542575 24.189476329246645 68.62734816965329 72.66137253999462 36.476209346391535 81.71403504710308 34.99897643997396 82.0402236869058 72.91372970469317 52.86629385449275 68.14196186690435 8.496162272929475 21.505234595233656 59.402346107695635 31.907993132408357 54.790662707158695 11.800450433539842 30.64994068774066 24.663197395339516 77.13789021869846 36.42797403230704 20.577828312297086 41.064636613490386 52.177199197018155 43.57708936063098 77.17048299305655 23.04689101556973 76.13301268011735 50.70594749991471 46.85416689112825 74.79064903985211 112.60089428340119 81.1241928723455 53.64822022303542 39.62261962915053 51.54217718643569 105.88768456627945 71.60908674934007 37.92588159979524 11.988966304527706 35.26967194202715 106.40714250233022 72.36798722481403 39.32709872346314 15.841885392594506 36.74451648061934 114.06046540506638 83.11992056280972 56.593903243120714 43.4929401115773 54.54556866162791 127.56972357825417 100.71321664106019 80.0438911251617 71.17339305035655 78.224255337052
24.383675735193155 0.0 32.61699621927652 29.964705522165815 47.54762364626956 37.01264068621812 5.163629859862403 24.614891224460575 35.26400441229049 14.891602749778345 24.414432860365466 47.0054653686563 51.21996387432963 12.431431862342649 59.45993880872023 52.89374392529345 57.701633329894996 53.1725049258858 28.828608200677206 45.69368905635876 17.956266498503997 41.04535033583118 37.064401243465156 9.916437356941492 31.26094458855252 31.341190380259015 6.814009963024827 46.46487699654874 54.79561440645993 13.042787706473206 20.638706322569348 36.901570112220945 28.162431939417015 37.349829715034275 55.33952858904506 23.4413300129746 51.94059982472724 35.03516943555545 24.632551670836694 52.35398120261412 91.92651708863755 63.43415606946433 44.63314757752988 48.530007872163054 71.505409307962 82.43923741330197 48.8347670485963 19.1909095085583 27.32393585487173 59.327513526022464 82.03319223147797 48.152516285284904 17.39931706600062 26.10859737761101 58.7829285811929 90.83027387315079 61.84971309073563 42.372837011571534 46.47956081472687 70.14316631469998 106.57496394168892 83.0958155194123 69.61586254811468 71.99016756120054 88.95820523170252
56.28001187041142 32.61699621927652 0.0 4.748819767993822 14.99064186508989 69.2825797222458 36.951549104296745 41.88270724959432 11.420690605133887 22.356796149795024 53.497500327412126 37.33745842717325 40.83777523430007 23.52134135513963 27.942771713406675 84.87460990566953 27.304608421943332 47.286071238136344 17.101130397782843 14.684317871479399 50.555466029661716 73.54962693243297 8.461455638691808 30.01503506656917 21.200885363742692 63.9532950677104 28.16793788388574 79.08151861250963 23.336480521998023 25.419507288635124 50.89477010803859 59.336772740464866 17.32012316993589 57.82229136520897 24.72604015585735 52.90888576680718 20.54703611226174 44.613398043982386 26.355433535225238 20.861829590770203 61.581781741779956 39.81901364499448 42.1143594104408 66.00387947020045 96.61383108369157 49.82317302119134 16.959082595576042 22.084502227855285 55.5220031915472 89.84716624186692 52.66552815135343 24.00512254512527 27.815124486853133 58.01692495199041 91.39525808388159 68.30978760779853 49.512055193790005 51.29786144451259 72.154750507136 100.87594313956846 90.33243215929114 76.89665977323367 77.85234043942715 92.75570161719469 116.36578575029971
53.00594277901833 29.964705522165815 4.748819767993822 0.0 18.590485946396893 66.93190906166762 34.60586315685022 42.02313047462022 8.453869729334713 21.666844298028533 52.05945432265948 40.92110234036184 44.58926419204154 22.35621413382185 29.57186573150217 82.70853363547761 31.781177100635613 50.68336928551676 19.548895264889552 15.825546363636327 47.7361333362961 71.00818547242488 7.599069984142693 28.74778037049416 23.91248647868165 61.22724574784397 26.297120204250714 76.29846211039592 24.900287289075262 24.56247442905263 49.15680322557929 59.20695565131431 19.611633126964353 57.97694394819676 25.724924024951704 51.37891706458887 24.865357735360217 45.96489346830476 27.614769325012166 22.43883042087072 62.65845635551148 38.40920650964823 37.673385683243474 61.30361070345549 92.15103490199195 52.88222417287126 18.870179382666283 17.6207679627638 51.57279335522549 86.04573390069156 57.15527090375137 28.66989263975478 27.785700183404003 55.82985011807643 88.63827521067803 73.05231960776042 53.59923227226827 52.952039614707566 71.62236939428418 99.24924984055951 94.90079425059052 80.67658361345424 80.03745925655333 93.26313297135569 115.69253391195632
71.26556388032262 47.54762364626956 14.99064186508989 18.590485946396893 0.0 83.99018219496594 51.75198262490388 53.94533968456761 19.22284243439133 36.185140941902034 67.50037513130437 40.15147948578519 42.541884122323154 37.72579023706195 16.33214395548394 99.42377880874307 15.155006443447245 50.253342327852685 26.61460016639636 9.82139321796629 65.50090241391494 88.36015901203771 14.564477104672395 44.14825172574537 29.25601868219828 78.85619443741487 42.77965971278663 93.99359478949758 12.75379611004301 39.293302110563125 65.20371525933365 71.49735865888552 27.14989371603393 69.51170424569085 15.590912140768237 67.00949152810767 8.05058756114687 54.19751493620728 37.17859759162777 10.96008886162946 49.63603383294828 35.93842965428511 50.14214409342919 78.30534796021342 110.2000428301298 34.936101805533866 7.731232565573261 35.970348212976916 70.16276213271391 104.62606594691576 39.8124649326887 20.516553654118827 40.640764334603 72.64475631104644 106.29061884719057 59.64242245644229 48.73418860821971 59.89683988967874 84.82363717926323 114.87939381929924 84.48063357091897 76.95412133679687 84.27119365986798 103.32506625989305 129.01644273840796
19.995461528480433 37.01264068621812 69.2825797222458 66.93190906166762 83.99018219496594 0.0 32.356907889872375 38.989143260973904 72.12668800532808 48.33964172625673 19.835524973415122 71.57301740206813 75.09217060985807 46.47070812204172 96.46618607879914 16.041446375316937 92.44818826754378 73.14499768446 61.3279168955581 82.69892798730876 20.157690251302597 5.3131040417653805 74.07655732160953 40.315560704329656 61.883674032843594 8.232460631797252 41.211861585418376 12.406608092514277 91.79944645107982 45.331989863406655 19.926236007443496 32.09245304280841 60.61840535353906 35.62278221203692 92.34230085171303 19.562290629826908 87.47798500242884 49.202700431935696 52.6698466534206 89.35221642157676 128.79736668762186 98.92401965551618 73.33452552125911 58.00633219133872 61.2070869152805 118.91031826917114 85.78688288666943 54.533956562236135 31.358463297207628 37.25039170037101 115.16621961698048 80.56701731317432 45.97482771555969 11.45336872152708 23.313706130293937 118.15073005851275 84.74064352376048 52.88855649002017 28.42997084533416 34.84491597188224 127.39165767423547 97.10379351374469 70.88340298784487 54.90505223180955 58.30497869137775
21.73251994405843 5.163629859862403 36.951549104296745 34.60586315685022 51.75198262490388 32.356907889872375 0.0 21.792963725371305 40.242763813927716 17.253483973730745 19.283030639478884 47.510690981744226 51.64795900047747 14.989630566004974 64.16997449213441 48.10544591556862 61.17559905065915 52.810072748319904 31.22065403293697 50.4075506527105 14.280490551691916 36.611169606175004 41.85284829119408 10.227957849490231 33.05880849118759 27.20758893876844 9.246985775022527 42.336471395933664 59.49931748907282 14.71182176453326 15.47509401086516 32.415283195097004 30.524012763949898 33.161321407779916 60.15423478569978 18.29252476752417 55.70914447258082 32.95013607086439 25.35195168285348 57.04258653349905 96.85325040169961 68.59069400022724 49.23033682754981 50.372417020639745 71.03482456110154 86.68770522439162 53.44187375729558 24.3342750879772 26.891029309543477 56.99952114263646 85.05819174497591 50.78132736656722 17.816937319992146 21.236669277996892 54.58389697322688 92.41742999542001 62.23204349340334 39.993759745079295 41.48496246959449 65.09478562068159 106.92492526881608 82.08661074956377 66.62023567884056 67.32809263798458 83.80131522457046
38.983213154701836 24.614891224460575 41.88270724959432 42.02313047462022 53.94533968456761 38.989143260973904 21.792963725371305 0.0 49.96029957704689 20.69770363141998 19.15431371228387 32.61815732654483 36.10371537722049 20.909493194360632 69.32591507382617 51.229106482579574 58.140802430577914 34.664515027392845 27.54694738508261 56.54680007967802 30.50966551325223 44.280317591549455 49.48465488575615 16.389835834627533 26.181856102378095 38.3270609611846 20.7354985421211 51.290672331556046 64.87694528357889 18.32370482079951 20.090824543855597 17.56927678641096 26.942664863010464 15.965904367554725 66.54329401531842 19.5159396992269 54.81289388472143 11.7432915711349 17.011029755971567 62.44985820270309 103.12846703200472 80.18590111853261 67.96206209052089 72.12953729353342 90.45033740914187 87.12979153654908 58.428266921584544 40.38499627930249 47.358813549323024 72.45405623038532 78.33677436260234 44.41034067430328 14.239321340391932 28.776552223386915 62.03445345678927 79.18783274801743 45.881471131266714 18.285379973732336 30.958844265619085 63.06658501595296 89.40794606449217 61.74421315373278 45.00812034110728 51.32182709282362 75.0795909436223
56.6241636732819 35.26400441229049 11.420690605133887 8.453869729334713 19.22284243439133 72.12668800532808 40.242763813927716 49.96029957704689 0.0 29.34053777730308 58.60479114264542 48.75247624071231 52.25554865943987 29.658389045966192 25.182437154759505 88.0937979235022 34.13458157133114 58.67145414841446 27.908718210419934 12.15777272997965 52.34433132802672 75.86043450013672 4.750018776271459 35.795074653648506 32.21394923647842 65.83830691821127 32.78254574019508 80.68558687793382 20.714614122361652 32.0489870792865 55.37536789254559 66.89419815363127 28.00562564124446 65.8540389402259 20.54656226942366 57.82508323135471 26.920453833126867 54.356418874205275 36.023353572470434 18.504732556507424 56.68068907656212 30.234102310618265 31.785889763893 59.172848932951055 91.58248047791943 50.48357539727822 16.0027430152361 18.932471752032036 53.438221272624354 88.02103613586095 59.035164089002365 34.410029887546855 35.74613049574871 61.37065801073197 93.0041161141108 77.60363862867652 60.810648371280394 61.38674193142335 78.95261944497064 105.32562390271931 100.79667172633943 88.30401072960859 88.48691553401362 101.27673355922784 122.79546378636994
38.841337368542575 14.891602749778345 22.356796149795024 21.666844298028533 36.185140941902034 48.33964172625673 17.253483973730745 20.69770363141998 29.34053777730308 0.0 31.32573211617896 32.96710563990569 37.213713665996 2.474435976288107 50.297208828069834 63.43074953450073 44.21345337069893 40.24358346403386 14.029732856539685 36.92224073866923 31.5205337812143 53.00295433524717 29.246621975972467 8.046496099945948 16.400500693447743 44.105405962534206 8.215107675382619 59.1201680379924 45.69258680165619 3.108734492375578 29.084668058909816 37.584100709762915 13.345795954250917 36.52455268054822 46.97893166677237 30.824363710108408 39.146944684352015 27.01707253519199 11.198912373498068 43.216680090914174 83.90847188168533 59.5305949173506 49.41617382015146 61.11326505325998 86.15399307021184 70.87614124607916 39.3092039999177 21.4905799448205 42.11082900874055 74.02461887309207 67.81969362776178 33.54385492971743 6.7618885822441746 36.89321949533253 71.21340973532598 75.95331600794675 47.789599908681474 34.548755317428935 49.98217798885922 78.72515942638688 92.36637206063256 70.85981988844553 62.493672432271715 72.00403979524279 94.1195093056888
24.189476329246645 24.414432860365466 53.497500327412126 52.05945432265948 67.50037513130437 19.835524973415122 19.283030639478884 19.15431371228387 58.60479114264542 31.32573211617896 0.0 51.744397069159604 55.257990297702406 29.976360691928136 81.38321537859137 32.93013965081401 74.36683755074883 53.4943263985708 43.00227528179579 67.78694829721003 17.018472370966062 25.126519672414858 59.590215288127524 23.48276966430177 42.97056862468776 19.970409039498076 25.854039313298685 32.150071333278056 76.73689346945078 28.217404140655404 4.409964359295057 16.92385204039333 42.30817654131307 19.40555863297392 77.77147574164405 1.2433707060655694 69.9944168294498 29.682735795175642 33.576924843548376 74.25606140958618 114.71788588063437 87.64024680391664 67.79536135625227 62.501102613842534 74.90889987131176 102.05334545325026 70.43252023928207 43.605340846830835 35.17019829675728 54.47284829163329 96.17976979028646 61.70174464817703 27.54116986154737 10.236227385100527 42.96391781303092 98.32216657869431 64.96133706459109 34.16939812751769 22.582422512358107 47.40495151000737 108.0044555443397 78.73580025794352 55.93297206409667 49.52247756169069 64.58530407413161
68.62734816965329 47.0054653686563 37.33745842717325 40.92110234036184 40.15147948578519 71.57301740206813 47.510690981744226 32.61815732654483 48.75247624071231 32.96710563990569 51.744397069159604 0.0 4.246617121972152 35.33111574453684 56.10541137377238 83.55815112317262 35.4939881671051 10.182176954864676 22.459989490304775 47.84641354983143 60.32283283788128 76.847411005229 45.39240850366642 37.45907046445857 18.143464324009067 70.28087671175011 40.26268980086452 83.81277222032367 52.89456023788146 34.05826162078158 52.193208837959304 45.79859691212757 22.738013586061708 42.43242947030231 55.71907719986365 52.0313530428834 36.13022994143394 24.314620195824453 22.374148193696985 51.07020665556075 87.45944199599376 75.16682990330642 77.75407754263237 94.00046151060567 118.41124475248587 64.96061505711623 47.45791138168411 51.76328576301259 74.1716570479394 103.52895353624203 48.92134888760981 21.034120839625814 29.772775273370616 61.03482695071132 94.65162491786356 46.577985720486424 14.855924898246007 25.821321598379996 59.2252917872325 93.50605391691776 59.569500582301494 39.837906969268204 44.949058540549714 69.63190716525585 100.35742486859792
72.66137253999462 51.21996387432963 40.83777523430007 44.58926419204154 42.541884122323154 75.09217060985807 51.64795900047747 36.10371537722049 52.25554865943987 37.213713665996 55.257990297702406 4.246617121972152 0.0 39.576675667345725 58.19264351489706 86.71809681977187 36.45519296423307 8.142365119165955 26.499993651095853 50.668357963345684 64.32135318192599 80.3839411709326 48.726592260800125 41.63520423186674 22.250152499221198 74.0438568116817 44.48777938061658 87.38639528904125 55.21024368772332 38.289898179028235 55.889234762548995 48.40536647145507 26.81112437354319 44.92181854993837 58.13039622425008 55.59757139841922 37.878770237525565 27.03695561684152 26.58774005113383 53.50122666046858 88.80948235250376 77.9772764668806 81.6610279635723 98.24117102142273 122.5922845390414 65.38815808867044 50.02085538333155 55.887094197940804 78.3546756215861 107.47255302393093 47.62346886168266 22.6471511556627 33.950518852190186 64.70879083216222 98.06458635555958 43.17857463463127 10.629762436304546 27.503596951834577 61.601601399495685 96.06206430482257 55.36079650076769 36.08883517685566 43.98659309001246 70.44193943085415 101.90261724332106
36.476209346391535 12.431431862342649 23.52134135513963 22.35621413382185 37.72579023706195 46.47070812204172 14.989630566004974 20.909493194360632 29.658389045966192 2.474435976288107 29.976360691928136 35.33111574453684 39.576675667345725 0.0 51.427473681957075 61.72507319330739 46.2735512732799 42.42419033937245 16.43419260929682 37.902748792473076 29.270077174268366 51.05109329893857 29.95348260458934 6.493694446406435 18.874854256326017 42.00863077676753 5.8264177090456615 57.07048291189556 46.79173241696482 2.603458061327725 27.48444053299346 37.299893354518254 15.75822625925945 36.484097246948245 47.93355840023699 29.39942100832567 41.03039175492583 28.177189920078852 13.336939287547874 44.31105515227003 84.89661952166647 59.70064032089925 48.12178078226165 58.83922160905015 83.68519042172086 72.54467331636286 40.463829015926756 20.16828478674797 39.636402264868956 71.62524330379571 70.07420468140678 35.89181027755799 7.804047034620171 35.04907241427762 69.21578595909108 78.42480313824917 50.16859802144844 35.7513075626485 49.33814997123671 77.36394106809016 94.77776909660483 72.96060284200871 63.705951322025705 72.03069842955188 93.34435930143289
81.71403504710308 59.45993880872023 27.942771713406675 29.57186573150217 16.33214395548394 96.46618607879914 64.16997449213441 69.32591507382617 25.182437154759505 50.297208828069834 81.38321537859137 56.10541137377238 58.19264351489706 51.427473681957075 0.0 112.27535163739056 24.810794774754747 66.0901054122547 42.492761602968535 13.767279672038624 77.04603121828508 100.45382902590939 22.44249222971795 57.91616290051616 45.4350374711895 90.56495446961948 55.79451903726114 105.5463303568005 4.671595582588847 53.36222433813422 78.6425027226403 86.88462833562123 42.9700633460217 85.11507204161397 5.137679190371382 80.76127377609701 20.57644080897916 70.34159317006085 52.907394954529146 7.141622764953557 33.802553871597894 23.846116919226525 48.88258140141789 81.2725111282564 114.95990689630177 26.27964524712 10.990457146142077 44.11138401765158 78.52191992886645 113.05053417095276 43.01167710425782 35.63061447023356 55.53294534084876 85.39968594211646 117.88611329967208 67.9757346434053 63.362633460047455 76.18217002243135 99.93697829105461 128.7084034461483 94.88177092529436 91.41379157403722 100.52414356084584 119.36673279104721 144.17496890578775
34.99897643997396 52.89374392529345 84.87460990566953 82.70853363547761 99.42377880874307 16.041446375316937 48.10544591556862 51.229106482579574 88.0937979235022 63.43074953450073 32.93013965081401 83.55815112317262 86.71809681977187 61.72507319330739 112.27535163739056 0.0 107.15636185532216 83.63975504040548 75.82237096781569 98.51278027455838 36.184206041630596 13.521009675346628 89.93714174936537 55.388427998171274 75.90048742153996 23.435973718352773 56.71133692055131 13.725228684479942 107.60457616535369 60.35830842292465 34.38608904487194 39.681893417997905 75.12159510988289 43.44948250463908 108.22713332781835 33.092579441970024 102.51827448157215 59.869021684193264 66.50408414832029 105.14680825441322 144.77391419785067 114.9410609458475 88.64637347934776 69.99773107485831 65.84797618423516 134.2690272840363 101.52391269491379 70.57523972850477 45.27085741206786 38.89554028363137 129.08783994107068 94.63170005952959 60.34483624351157 26.882935778248704 14.097431702939383 129.8693991636575 95.68535332307965 61.96903555314676 30.323001499062286 19.84076607157062 136.51128639547142 104.44461615401659 74.67823842834488 51.37913651497709 45.79963938170764
82.0402236869058 57.701633329894996 27.304608421943332 31.781177100635613 15.155006443447245 92.44818826754378 61.17559905065915 58.140802430577914 34.13458157133114 44.21345337069893 74.36683755074883 35.4939881671051 36.45519296423307 46.2735512732799 24.810794774754747 107.15636185532216 0.0 44.597545400148746 31.36484987742318 24.654897638583428 75.40111113786386 97.19197794466237 29.396321987786294 52.169084405604444 31.96407887174927 88.28207583395812 51.92919831120889 103.32876344047325 23.685935785166887 47.15291853961718 72.82572369876243 75.05667129058342 32.058740242513146 72.4588430779339 26.925737419347183 74.10135649169388 7.214367309903673 55.24785838726563 41.302897298454454 23.16154291408021 52.468472065388376 48.072054035163326 65.29713245469836 92.7971979263759 123.91019201766545 29.870822651331974 21.617428531749635 49.36808748768812 82.47393881303647 116.45402860987285 25.374572775175388 14.872602385152668 46.833451616062305 80.99631231844732 115.42220565543832 44.80807280626588 39.65576484283339 59.43249830844038 88.8070374339683 120.97927017424101 70.59654219335965 67.2412984793282 80.33480181342969 103.83032433570796 132.29724042947663
72.91372970469317 53.1725049258858 47.286071238136344 50.68336928551676 50.253342327852685 73.14499768446 52.810072748319904 34.664515027392845 58.67145414841446 40.24358346403386 53.4943263985708 10.182176954864676 8.142365119165955 42.42419033937245 66.0901054122547 83.63975504040548 44.597545400148746 0.0 31.65114074233715 58.028583084247764 64.44021203370147 78.45761807269697 55.44157800102654 43.29664370112802 27.202164121850224 72.98679586867247 46.69739075339073 85.54368657798364 62.97817513678404 40.72970829860991 54.754778217537755 44.38468964831906 31.815677445917764 40.71839808800239 65.83653325829235 54.00442475705521 45.8970937875167 23.977231789461197 29.087253141101964 61.19162789183692 96.93716007382204 85.34880181915702 86.98699631955898 101.21151946783742 123.7558903694904 73.44884628063119 57.611374583465086 60.31749537907695 79.70020277255482 107.05529739008493 54.723582603218745 30.676314680466103 35.808392737288194 63.389940976765764 95.65127893440454 46.869630854760445 12.265864172393597 22.33819525522334 56.94201372059214 91.54586447121844 54.78187596233575 30.77923220267669 35.8957815160598 63.43888335151733 95.68341290569374
52.86629385449275 28.828608200677206 17.101130397782843 19.548895264889552 26.61460016639636 61.3279168955581 31.22065403293697 27.54694738508261 27.908718210419934 14.029732856539685 43.00227528179579 22.459989490304775 26.499993651095853 16.43419260929682 42.492761602968535 75.82237096781569 31.36484987742318 31.65114074233715 0.0 30.74620754404449 45.435598954827995 66.19846083828956 25.55715701719425 21.42194143368194 4.459242114640307 57.700223233714816 22.24128503119223 72.55594447962675 38.26277625814859 16.551433306504205 41.557959035471725 45.012806189841505 0.7113065980788735 42.920530401592956 40.33532502487158 42.74697236753584 27.36366915569016 27.998460163933604 10.597542195142287 35.94007332555188 76.17028813111182 56.892990558123174 55.37608141442115 72.73930745188794 99.55049844531537 59.68611174578545 31.904395535302644 29.46507800853784 55.79724937734372 88.05292216775061 54.05600112461685 19.58031105643621 15.478377400208746 49.90617211542367 84.47796236816187 62.29612592063912 36.514970597289505 34.36152684987909 58.5057403504174 89.77730479800287 80.2411700078668 62.19083181899277 60.75804354866314 76.87760561385227 102.58449555375276
68.14196186690435 45.69368905635876 14.684317871479399 15.825546363636327 9.82139321796629 82.69892798730876 50.4075506527105 56.54680007967802 12.15777272997965 36.92224073866923 67.78694829721003 47.84641354983143 50.668357963345684 37.902748792473076 13.767279672038624 98.51278027455838 24.654897638583428 58.028583084247764 30.74620754404449 0.0 63.31340463758151 86.69765140760107 8.742905166639982 44.368763271337265 34.302964357398295 76.82994059265377 42.099594063134745 91.83680218132494 9.10217006629761 39.94263438455913 64.95970266539801 74.0185683451086 31.11210389124186 72.46949993080372 10.058822913650362 67.13518840942164 17.76959678077317 58.71295227690323 40.695354805788206 6.676636518956782 47.00002299148245 27.32472569657644 40.977056109786375 70.75618446582472 103.57893691351082 38.350929255546774 3.8994712309928965 30.894536209428868 65.4873518315312 100.08780406629923 48.35761115935889 29.578863508438285 42.49937970839055 71.64023230228828 104.17910535265797 69.36819923953524 57.668894227278315 65.07107658484654 86.81922600838519 115.04651385257797 94.29272692382446 85.83380662067037 90.76605269295644 107.25772809867144 131.01402253434333
8.496162272929475 17.956266498503997 50.555466029661716 47.7361333362961 65.50090241391494 20.157690251302597 14.280490551691916 30.50966551325223 52.34433132802672 31.5205337812143 17.018472370966062 60.32283283788128 64.32135318192599 29.270077174268366 77.04603121828508 36.184206041630596 75.40111113786386 64.44021203370147 45.435598954827995 63.31340463758151 0.0 23.528088178985232 54.60364082584944 24.13390554282636 47.04724083587836 13.51933143683758 23.506185249484762 28.563928627188847 72.40295831257846 28.886342799985503 12.928861661649307 33.874836883229406 44.734083312512276 36.06211723430612 72.745161029068 15.794449023590767 69.80951774260495 42.242553010433255 38.78944094781885 69.98970333401624 108.91933054726972 78.76636391662231 54.2187582494975 45.497489519491765 59.95984910227236 100.37739447167928 66.5790940106781 34.420612688139414 18.210705004176774 43.281974956095986 99.33587191446954 65.01293748625336 31.314549267393144 11.374195125780709 40.90227374396998 106.01610665669531 74.73868325993622 48.24057186054228 38.25259292600744 54.719238409011 119.12573599338795 92.25109123029868 72.27970852828511 65.82718491605758 76.39927919190617
21.505234595233656 41.04535033583118 73.54962693243297 71.00818547242488 88.36015901203771 5.3131040417653805 36.611169606175004 44.280317591549455 75.86043450013672 53.00295433524717 25.126519672414858 76.847411005229 80.3839411709326 51.05109329893857 100.45382902590939 13.521009675346628 97.19197794466237 78.45761807269697 66.19846083828956 86.69765140760107 23.528088178985232 0.0 78.0199910133286 45.022911276998244 66.88895628299227 10.189345409710963 45.64886880316872 7.106353096333419 95.79796175420338 50.03932019051072 25.018823083049824 37.10566700051717 65.48765504709604 40.69308982485724 96.21915331751464 24.819040417904628 92.08051718739262 54.51277581173599 57.73675092004635 93.3678319542925 132.44688940247283 101.96462605822026 75.14111145568896 57.36186456151715 57.700741711867764 123.29625083615113 89.87824660615097 57.871173452766556 31.8572751871025 32.795411416427335 120.13450013631727 85.53076570271878 50.92720348591688 16.324908655520822 18.2833160241396 123.42293410428212 90.05035755021558 58.13563703050601 32.33074168163049 33.2511742574158 132.68265562276494 102.26787641989266 75.54828926315858 57.88923471081511 58.22007388589065
59.402346107695635 37.064401243465156 8.461455638691808 7.599069984142693 14.564477104672395 74.07655732160953 41.85284829119408 49.48465488575615 4.750018776271459 29.246621975972467 59.590215288127524 45.39240850366642 48.726592260800125 29.95348260458934 22.44249222971795 89.93714174936537 29.396321987786294 55.44157800102654 25.55715701719425 8.742905166639982 54.60364082584944 78.0199910133286 0.0 36.331934199723 29.65527056269158 68.1224866214234 33.77559799653254 83.11182055751692 17.80312929525341 32.15823211710104 56.612112642269786 66.74599677764682 25.761944341637957 65.44934998734058 18.303758143969986 58.88937620530144 22.183466172302758 52.883694334185 34.55274192170042 15.41018988231744 55.14998616666615 31.42382473780806 36.44489754125645 63.74827339661009 95.8868717472792 46.875775903788494 12.289109274260316 22.350849014504348 56.946932325854995 91.54889489078307 54.363182026899125 30.034683105917868 35.265400900140875 63.0876730761596 95.4531307471159 72.90767673043197 56.9262131262104 59.66952320666902 79.21555467520038 106.69840695922231 96.32094821780676 84.65472859698511 86.31244396086574 100.63781491665269 123.29159945552864
31.907993132408357 9.916437356941492 30.01503506656917 28.74778037049416 44.14825172574537 40.315560704329656 10.227957849490231 16.389835834627533 35.795074653648506 8.046496099945948 23.48276966430177 37.45907046445857 41.63520423186674 6.493694446406435 57.91616290051616 55.388427998171274 52.169084405604444 43.29664370112802 21.42194143368194 44.368763271337265 24.13390554282636 45.022911276998244 36.331934199723 0.0 22.924783304516843 36.29796678947525 4.37636076228475 51.22912410048534 53.27728378958136 5.01829590609575 21.064404897492977 31.597146965291184 20.71346006639182 31.154044667971124 54.38776836894035 22.91311010644908 47.188110003687456 25.665833677653758 15.17289014033595 50.79642340017268 91.35158773852753 65.61358293603742 51.57494423530965 58.391869337245666 80.95708036232493 78.90085164080169 46.955795665456215 24.06642643161524 36.72033215605735 67.17452258024609 75.46844209749794 40.986040129079804 7.686300038673832 28.86445774817653 63.26206307017346 82.19225613265512 52.25130233265801 33.16117882829787 43.17363230007197 70.87379508252819 96.98209845904096 73.18343958503587 60.83491370256147 66.63887836538699 87.03663586541272
54.790662707158695 31.26094458855252 21.200885363742692 23.91248647868165 29.25601868219828 61.883674032843594 33.05880849118759 26.181856102378095 32.21394923647842 16.400500693447743 42.97056862468776 18.143464324009067 22.250152499221198 18.874854256326017 45.4350374711895 75.90048742153996 31.96407887174927 27.202164121850224 4.459242114640307 34.302964357398295 47.04724083587836 66.88895628299227 29.65527056269158 22.924783304516843 0.0 58.80577270258079 24.492084697091496 73.43373447099482 41.37316040104862 18.413960918081273 41.97174840175264 43.287978087918816 4.6259045724517955 40.910247723221744 43.62901603643331 42.84298823435723 28.874285348032675 24.941652671972086 9.437051205816395 39.12938857597575 78.8823173103632 60.8439595389566 59.802538706383096 76.45579542706278 102.51547428013106 61.08799297204307 35.13082443796937 33.636941747928425 58.511109703681456 90.05827641648636 53.295949954273084 18.736920577531418 16.016880754529886 50.5654339510378 85.15891096875043 59.57026969526199 32.44580196552973 30.84937168732188 56.96909720654237 89.07363792925965 76.52567364169967 57.785017763320106 56.717137843087926 74.09018199464964 100.78031705279666
11.800450433539842 31.341190380259015 63.9532950677104 61.22724574784397 78.85619443741487 8.232460631797252 27.20758893876844 38.3270609611846 65.83830691821127 44.105405962534206 19.970409039498076 70.28087671175011 74.0438568116817 42.00863077676753 90.56495446961948 23.435973718352773 88.28207583395812 72.98679586867247 57.700223233714816 76.82994059265377 13.51933143683758 10.189345409710963 68.1224866214234 36.29796678947525 58.80577270258079 0.0 36.40974577774891 15.140435410957863 85.92095175326388 41.260479140055054 18.24009665561584 35.22681212216999 56.98995351261363 38.38769968397129 86.25965974057635 19.224198235950816 82.9119097247584 49.44668937111929 49.96240562582716 83.50592970268984 122.35984011909706 91.77541042463393 65.33244074800398 50.08728423844375 56.07094295904579 113.7697847050464 80.08129085241511 47.72114264144619 23.1613221440833 34.5026275828292 111.75620448287906 77.22094722067516 42.796657377343465 9.74098657698882 27.4421846821223 116.66024392714463 84.1007520059501 54.139568063682354 34.41048590921819 42.80073153002162 127.68707633847005 98.70427886488388 74.67168688011282 61.67631581683269 66.5346225747735
30.64994068774066 6.814009963024827 28.16793788388574 26.297120204250714 42.77965971278663 41.211861585418376 9.246985775022527 20.7354985421211 32.78254574019508 8.215107675382619 25.854039313298685 40.26268980086452 44.48777938061658 5.8264177090456615 55.79451903726114 56.71133692055131 51.92919831120889 46.69739075339073 22.24128503119223 42.099594063134745 23.506185249484762 45.64886880316872 33.77559799653254 4.37636076228475 24.492084697091496 36.40974577774891 0.0 51.517961238299655 51.12836476652715 6.235558476025992 22.861002504944043 35.45698639618341 21.559585894597845 35.22147276332986 52.01941867165603 25.122075194488676 46.50804417815722 29.952289617956296 17.91148055476794 48.653042439814456 88.92496949010841 62.222974254356764 47.22878577740024 54.62809938448289 78.31163153579874 77.69918767723141 44.92654877239141 19.861349603667477 34.13794130080316 65.8116423520854 75.87224557313695 41.71817346092649 10.9117898461617 29.876096306724826 63.72556720461172 84.05931173387984 55.11577004109448 37.474736842904704 46.53806261837942 72.95241064901971 99.82584644843503 76.8787792603585 65.19406019036653 70.60422063252643 90.08006528099392
24.663197395339516 46.46487699654874 79.08151861250963 76.29846211039592 93.99359478949758 12.406608092514277 42.336471395933664 51.290672331556046 80.68558687793382 59.1201680379924 32.150071333278056 83.81277222032367 87.38639528904125 57.07048291189556 105.5463303568005 13.725228684479942 103.32876344047325 85.54368657798364 72.55594447962675 91.83680218132494 28.563928627188847 7.106353096333419 83.11182055751692 51.22912410048534 73.43373447099482 15.140435410957863 51.517961238299655 0.0 100.91489836956966 56.22411917658655 31.789658059641045 44.066642690522905 71.84466381199984 47.68886977961933 101.1718735199519 31.790438682668302 98.02598774982063 61.607864222500496 64.38206567748715 98.51316532709622 137.02638980216977 105.78731515374021 77.46278114983542 56.61104797648551 52.952251297466475 128.9019891366989 95.13319838880109 62.287807776807654 33.22739065674566 26.892209143974878 126.58199099596986 91.9948720196871 57.42792618381499 22.9723992669634 12.34300388259117 130.3767558970535 97.10398044383292 65.23115222439847 38.41691146689945 33.03710969422859 139.78898699027195 109.30987777287187 82.16523116308603 62.8362028395421 59.501587425872145
77.13789021869846 54.79561440645993 23.336480521998023 24.900287289075262 12.75379611004301 91.79944645107982 59.49931748907282 64.87694528357889 20.714614122361652 45.69258680165619 76.73689346945078 52.89456023788146 55.21024368772332 46.79173241696482 4.671595582588847 107.60457616535369 23.685935785166887 62.97817513678404 38.26277625814859 9.10217006629761 72.40295831257846 95.79796175420338 17.80312929525341 53.27728378958136 41.37316040104862 85.92095175326388 51.12836476652715 100.91489836956966 0.0 48.74922220885987 73.97921554147321 82.42127986144422 38.714112627365516 80.71031512199414 3.243238761372603 76.10875839360891 18.370048741421368 66.20419352080675 48.5868953675825 2.480932616179909 38.29148382574859 24.41499006893519 46.05202361309513 77.71955448786683 111.15175460794558 30.10984389978704 6.449065059046581 39.64129453426947 74.13587577087485 108.6999446734344 44.232468995342515 32.89175966649809 51.01037111096986 80.72844377214297 113.25607653514263 67.94044300048004 60.9660935352338 72.1983864595434 95.41033032787021 124.05013879836474 94.25830849662889 89.14275094940872 96.96870514940862 115.12657344410155 139.6424879640461
36.42797403230704 13.042787706473206 25.419507288635124 24.56247442905263 39.293302110563125 45.331989863406655 14.71182176453326 18.32370482079951 32.0489870792865 3.108734492375578 28.217404140655404 34.05826162078158 38.289898179028235 2.603458061327725 53.36222433813422 60.35830842292465 47.15291853961718 40.72970829860991 16.551433306504205 39.94263438455913 28.886342799985503 50.03932019051072 32.15823211710104 5.01829590609575 18.413960918081273 41.260479140055054 6.235558476025992 56.22411917658655 48.74922220885987 0.0 25.997178456235297 34.85272397774585 15.848680287872286 33.95850541799616 49.99423972543965 27.716411222814614 42.18668137777683 25.679937404086303 11.75591149274311 46.271543623500904 86.93940282091627 62.158283533699915 50.6324866001079 60.485115738220095 84.54616366802051 73.96951338455665 42.377468301622976 22.694824159860445 40.36216771249386 71.67983283991211 70.5448516462381 36.13146366259578 5.4076894670908535 33.88004443193334 68.27390118051984 77.9342646004666 48.91399458557777 33.26019881565958 47.060976147003764 75.61787366777558 93.61061221196888 71.11312180380341 61.20446275485368 69.49587919390638 91.14904817587346
20.577828312297086 20.638706322569348 50.89477010803859 49.15680322557929 65.20371525933365 19.926236007443496 15.47509401086516 20.090824543855597 55.37536789254559 29.084668058909816 4.409964359295057 52.193208837959304 55.889234762548995 27.48444053299346 78.6425027226403 34.38608904487194 72.82572369876243 54.754778217537755 41.557959035471725 64.95970266539801 12.928861661649307 25.018823083049824 56.612112642269786 21.064404897492977 41.97174840175264 18.24009665561584 22.861002504944043 31.789658059641045 73.97921554147321 25.997178456235297 0.0 20.97045215528103 40.851855376224165 23.148907663071558 74.87560531313554 3.1890681850252425 68.13309098708133 31.35546049750566 32.74393973730228 71.50209930401167 111.75828137862867 84.05160790836507 63.515517756753624 58.29715319330219 71.81701759330208 99.95998263472869 67.74745709977796 39.77781426371814 31.139489738865564 52.45853490507554 95.2647740912846 60.67555016366365 26.12512033480037 8.853008370050244 43.23290323053643 98.69196080929265 65.87972611756756 36.53785811730906 26.920873243416303 50.09284713973956 109.48122161668408 81.02794501673462 59.49551567424492 53.93239678965133 68.3556068540005
41.064636613490386 36.901570112220945 59.336772740464866 59.20695565131431 71.49735865888552 32.09245304280841 32.415283195097004 17.56927678641096 66.89419815363127 37.584100709762915 16.92385204039333 45.79859691212757 48.40536647145507 37.299893354518254 86.88462833562123 39.681893417997905 75.05667129058342 44.38468964831906 45.012806189841505 74.0185683451086 33.874836883229406 37.10566700051717 66.74599677764682 31.597146965291184 43.287978087918816 35.22681212216999 35.45698639618341 44.066642690522905 82.42127986144422 34.85272397774585 20.97045215528103 0.0 44.42873770210324 3.7683714294615407 84.03969530013424 18.116697963028997 72.12081017946998 21.48483830828692 34.421765532577076 79.98730005541715 120.6865088960549 96.99993084713894 81.53203946299445 79.2508300066255 91.15178757444787 104.37570906464599 75.97223504989466 55.17315031671489 52.06896096794937 69.08748830196636 93.84233336614501 60.85281058732073 31.53711799601687 26.095196822976092 52.55637938074975 91.11332315403885 56.59467811039579 22.34124978442205 13.789822722489932 47.707870386175166 96.85081269328451 65.35662420583401 39.46808781993147 35.19665901267321 57.573543195871636
52.177199197018155 28.162431939417015 17.32012316993589 19.611633126964353 27.14989371603393 60.61840535353906 30.524012763949898 26.942664863010464 28.00562564124446 13.345795954250917 42.30817654131307 22.738013586061708 26.81112437354319 15.75822625925945 42.9700633460217 75.12159510988289 32.058740242513146 31.815677445917764 0.7113065980788735 31.11210389124186 44.734083312512276 65.48765504709604 25.761944341637957 20.71346006639182 4.6259045724517955 56.98995351261363 21.559585894597845 71.84466381199984 38.714112627365516 15.848680287872286 40.851855376224165 44.42873770210324 0.0 42.3671896657471 40.75084369414951 42.04870955755654 28.011936980791884 27.60532807875364 10.033110990275963 36.378698670142704 76.67243309514576 57.1343869149148 55.17982238574128 72.2501618543999 98.94522441906373 60.32918156457356 32.339476930622766 29.10180821347503 55.16185790669789 87.37040544228424 54.766341355380064 20.284515565885822 14.779217181044707 49.19596743311171 83.76703065840054 62.91203801922673 36.894903410003096 34.0496542046051 57.89956553575404 89.10766583496897 80.71723848997634 62.410771270641064 60.57823266949189 76.41417602701661 101.99664917399356
43.57708936063098 37.349829715034275 57.82229136520897 57.97694394819676 69.51170424569085 35.62278221203692 33.161321407779916 15.965904367554725 65.8540389402259 36.52455268054822 19.40555863297392 42.43242947030231 44.92181854993837 36.484097246948245 85.11507204161397 43.44948250463908 72.4588430779339 40.71839808800239 42.920530401592956 72.46949993080372 36.06211723430612 40.69308982485724 65.44934998734058 31.154044667971124 40.910247723221744 38.38769968397129 35.22147276332986 47.68886977961933 80.71031512199414 33.95850541799616 23.148907663071558 3.7683714294615407 42.3671896657471 0.0 82.44283957564507 20.53079294190405 69.78453232001357 18.173327991434675 32.334633634367485 78.29857391442886 118.9058097575655 96.05509383696227 81.91031755322872 81.15878760878608 94.12187368274277 101.9465830297047 74.26651540489205 55.07019504842149 54.265449501357935 72.46760097568169 90.73140078579698 58.09005647673752 30.192139667957598 29.043398520238178 56.305557106789244 87.49833818921437 52.94829603808612 18.599436917503297 16.828849836376833 51.14035053495805 93.08305468042037 61.666443635199556 36.54969537592477 35.550597090557304 59.88860020816924
