0.0 70.9859655137114 51.18134238653535 38.37581512599595 42.7802410228849 19.88631667013548 32.10408808048154 67.05536744487823 11.449308544690687 9.633989670119938 52.75748076893192 62.624268043102454 13.156846336054818 41.91008447311331 47.06286502192388 32.86713338939433 42.33675904213618 23.344254391011013 35.29913309964755 36.425629449690305 18.75285400298132 19.568532349425126 46.746382422900766 48.105178496571114 22.592469520254546 18.334907866913948 31.844969068141083 63.067243725341214 11.344899348602146 16.46723313075282 44.84776122633083 58.51843090234764 18.40312061005981 47.348780590531796 27.035897469924095 27.27457865441616 39.82420657314869 12.980073469324747 13.814000900384787 46.419076998246965 106.64017131552698 82.30566294917072 67.60981315694654 69.01246398232034 85.7270214268645 91.67342148217651 61.9143331234964 40.71337411610088 43.31972719483158 67.01077855850156 83.79968473064439 49.64323279136686 17.3599044025573 23.089701549923745 56.21169515651469 85.01363455727152 51.64783130945358 22.41712010476694 27.062971847741682 57.940745536077166 94.96734796239794 66.65220733084016 47.55050186656442 49.74331751047969 71.2920680689439
70.9859655137114 0.0 107.80117805141477 33.117521569206794 96.08274854786808 51.14860484150019 88.1480041608208 19.572649192727336 61.542541239687985 61.36068089684765 20.029288504832536 10.140572343883404 59.49748030079432 100.60629430757821 53.43759200763268 97.51772132742211 105.07966962536419 63.04191432660741 98.48173177645965 90.83245271470719 66.13208882040398 54.26482021140411 103.99404758086527 36.282112055672805 79.53251540258314 52.879846438058294 79.93006843975674 13.879627772553748 60.27828483158319 60.3678303674963 30.670257154073703 14.449134574462654 53.61823877430095 106.04461948752429 43.99246239710475 61.1810699375766 101.76020854851167 60.994342480721016 70.66586200124011 96.09854326608732 35.70751462055542 24.537023240365446 48.207345115290984 80.25381262528828 113.8079279424519 27.405216130283954 9.104450803942635 42.53927730627611 77.01391522988429 111.56858921895939 42.86994103498763 34.054491300324194 53.63224427592294 83.59401646661843 116.16511638909454 67.34480423057349 61.90683385279307 74.3261027119543 98.03602937505207 126.85636211288984 94.03916607377664 90.00545257642229 98.75876756505623 117.47468997923447 142.27440856110243
51.18134238653535 107.80117805141477 0.0 81.14866312232267 83.07873338777796 63.41584006423649 20.63712812019586 95.55649392139776 61.7318408829787 57.292071467693965 87.7966319075035 102.40175780194119 54.286522572950446 9.302348486870601 97.99809595335354 20.71495212589944 12.805958790646239 45.238402079622475 17.49007619870594 17.171438945350584 43.407377950374766 68.82240558232513 4.442094249471248 73.32732123005172 68.59812519896022 61.28566926658751 27.871189240912415 95.6445128618856 55.274060512248354 67.35750262625733 77.13568646626807 93.38907169281194 59.06779975275512 4.6636516735884115 70.43032597190349 78.45161349899348 13.076609066284522 52.10645649335295 41.55204134675047 13.589531477578676 140.49135856169883 108.67806593243071 79.23907039661376 56.04950151924388 48.98031284051473 133.2502188507695 99.23185632635565 65.82664728750781 34.84507674938582 22.137229996368138 131.6778652048528 97.12998436071966 62.64392342263041 28.445421855761037 9.427433916704114 135.971187598314 102.82394403374711 71.07879339626155 43.89143504337582 34.57677061044049 145.61203862138558 115.16286068592716 87.84579356506694 67.57264751849222 61.725377442459475
38.37581512599595 33.117521569206794 81.14866312232267 0.0 65.10152166514526 19.07694985997664 60.57696985883069 34.75678630576376 28.458091189182774 28.774375259298132 18.143005293451864 24.278485999152018 28.232372594377832 72.8764364407991 31.999907053912132 67.5731209058996 76.04948543466848 36.41156019367399 69.07976137054995 64.02975572028642 37.74602903447891 21.20108146029468 76.9447398676749 27.092883335420684 47.0552695950273 21.079601540632694 54.189133199088296 28.282216238828475 28.39605600884352 27.401071327461175 17.55936765386414 22.759828645612806 22.614794659910377 78.54300963987298 11.541095177539448 30.398262902146918 72.91544681188242 30.118329343738736 40.656055165090315 71.40327008901318 68.7926799235104 49.19230931619148 50.021452500176764 70.56358872766353 99.25273964239534 53.71385369346123 24.28136926131837 26.245751659942087 56.41756676398426 89.84370857862677 51.36703698177957 18.58071410095123 21.136838510695377 54.25072815606646 88.51197447896186 63.18726223097799 41.07154013414515 42.14189119688858 65.26739509280861 95.59577926850855 83.350307095392 67.92932747514584 68.38334831490361 84.45673495606792 109.47313271850331
42.7802410228849 96.08274854786808 83.07873338777796 65.10152166514526 0.0 54.58625933851264 69.35352568692599 99.63404028075165 42.554080583897544 47.0465463340174 83.16307553181622 86.04833543059434 53.45506809005076 74.46980668083211 47.78867548513876 62.413010474067285 70.830131440761 66.0371472664713 65.67217432272997 73.40776888909821 61.532724077873056 45.778668434652516 79.19776862538535 85.63174779647706 20.755338268659568 54.47309058227587 72.58537750422455 93.38180635477342 50.89914840314711 39.76473347100233 79.17654459474406 87.81602003711045 56.320395078682076 78.46273986294712 58.01901469842259 34.99890370350824 70.00298273209631 54.327406019941506 56.189389514240794 83.57705651673571 130.15080945135404 114.28761642654189 107.6044253646988 111.76042444884503 125.68492197226485 107.7481645971781 88.21024776853801 79.66905585134604 85.48683478989936 103.26455924788054 88.71981823753995 63.850810573701764 51.74406051354232 60.60339521311768 84.04104443180466 75.6575470518029 44.15321363639714 23.870305171929516 39.81105386429196 70.67454914369245 71.89133842680064 37.40201319767865 4.930589055860304 32.31972915104565 66.78078423553772
19.88631667013548 51.14860484150019 63.41584006423649 19.07694985997664 54.58625933851264 0.0 42.79183717417611 47.841101583020915 12.416183176436494 10.343573005207164 32.963606818271 43.04529795794899 9.331255659366791 54.77060805205629 38.26581870061362 48.68665953108415 57.39124308229239 21.02313913914318 50.34807339565765 46.573087479228406 20.534045156513173 10.324834244413841 59.09074133280786 31.115335238465637 34.27520241836322 2.1339197942352057 37.79253440172746 43.35935850907709 9.324742359676202 15.103706219247139 25.852454331810993 38.67570592180831 4.6628096018466465 60.46106083668586 7.542274417013741 24.97668414594816 54.34817632676422 11.398077950732949 22.08585254965894 54.92304780476994 86.77070883879813 63.08397096333419 53.14901446690159 63.756152267213416 87.74779217265596 72.78913960408735 42.06161429951004 25.198053403653677 43.537872456066474 74.50498456699329 68.26662941246698 33.721092378247825 2.957315437355777 35.71041334935773 70.26076993698845 74.93606545272543 45.64451385269598 30.761423965747532 46.946188177509875 76.52750998570177 90.35180082343145 67.88264781371358 58.71495937989857 68.42240609011024 91.16244552394714
32.10408808048154 88.1480041608208 20.63712812019586 60.57696985883069 69.35352568692599 42.79183717417611 0.0 77.27796174095522 41.87716080993754 37.10471921796422 68.12376834526432 82.26625014226563 33.71372615417329 12.480906870934808 78.09117607758473 13.914397420818267 17.684237846126425 25.13122649156291 12.694970936616244 4.333159703707818 22.83794361310836 48.572237635358604 16.37171036314168 54.982720834364486 52.11584445071316 40.66380180565727 9.812236505112908 76.54524515989903 34.821606026569114 47.657033482664765 57.62617427344417 73.84734746010484 38.43072174533673 18.04881112621844 49.79536381704952 59.159471331539905 14.297657402802836 31.51906999686306 21.080795286053476 14.549416365176173 121.71346098237635 91.18215813096981 64.87689643162201 49.98643589803037 56.4188107974336 113.0725604638712 79.39823859135451 47.09141882523408 22.93399740394633 35.05966088565414 111.0459390566447 76.51178918017364 42.092290620066365 9.182685842268953 28.13780823844354 115.98095789584404 83.45137887038162 53.58651915371796 34.25974013706027 43.252478697506085 127.06882267420278 98.1542289728917 74.27516784848865 61.5965046067167 66.82992689688231
67.05536744487823 19.572649192727336 95.55649392139776 34.75678630576376 99.63404028075165 47.841101583020915 77.27796174095522 0.0 59.95090416559264 57.983895792102295 16.6351333634415 23.928310690525805 54.17139272719406 89.39178357038533 63.4399382365938 88.44318497037533 94.85353878919561 53.16358063391938 88.81788471993521 79.2642860419478 57.31184510472821 54.37434156584746 92.14811735862541 22.314427795961304 80.75073271898204 48.97561227638455 68.14133147605946 8.087423159323357 55.71679724299922 60.6724428453435 22.2104928830276 13.41772022349467 48.654176057419754 94.48473465704228 42.29585006892566 65.14294377670019 91.46203039170494 55.05822100174523 62.98100057629283 82.9203110059891 45.10504282228071 15.25908032693593 28.741355439607904 61.75874697747443 95.90136328279648 46.080902760116 17.91668542069707 30.22276028812566 62.45536380541702 96.34718108083555 61.775001916509154 44.70094661561775 50.74460654548335 74.47598443082886 104.46600460285356 84.33547400038123 72.55511455823789 76.22840509659568 93.55237815980786 118.69320870615795 109.60029931227528 100.59339382115354 103.05577877615758 116.26097188856846 137.1400416026512
11.449308544690687 61.542541239687985 61.7318408829787 28.458091189182774 42.554080583897544 12.416183176436494 41.87716080993754 59.95090416559264 0.0 5.640919734724876 44.52285914073144 52.65767194338601 12.057597661097313 52.557481798331736 36.27680159046379 44.14047306090998 53.524945138919925 26.47487085929792 46.43939076429281 46.0968118254869 23.49204308461415 8.215844406559864 57.29123788209999 43.450005086046716 22.000313449070887 11.977253984054054 39.66907280616681 55.017461272942434 9.533460225479795 5.881813669279164 38.16057309355494 50.027503898379855 13.7846002528281 58.11465881555091 17.933464607079838 17.776362534776826 50.883732603105095 13.705375526645845 21.32223454789711 55.65341629113454 97.2392051722126 75.1440683927833 65.05820755872203 72.20305458970911 92.67558026691266 80.92872600364132 52.60531462866958 37.14844524999258 48.86227854769713 76.09116222043482 72.3522564922842 38.272501863054494 9.464278223936478 33.30485715140085 67.25851055120543 74.24088595448636 41.702536110648325 19.008980289727585 37.127194725535276 69.21245037988328 85.90706170343591 59.918734593773536 46.85400367268636 56.525675277987624 81.17769195605705
9.633989670119938 61.36068089684765 57.292071467693965 28.774375259298132 47.0465463340174 10.343573005207164 37.10471921796422 57.983895792102295 5.640919734724876 0.0 43.3036730885346 53.0026095841163 6.604372539929749 48.23687446207444 41.0401789148503 40.620677214832966 49.791461865507 20.85705180604017 42.67839588471968 41.24387767908127 17.881073502032343 11.534890719910972 52.86674549570439 40.06754109814867 26.301688568488238 9.008498939642113 34.301966110681605 53.68271664088072 4.011188838326258 11.369844788698954 35.84984370278849 49.01880457183642 9.803499311773347 53.86535030372212 17.40206303746148 23.290569640810354 46.983208487161626 8.090401747343112 16.18811539975458 50.5763334049191 97.02649120611781 73.24171820755322 60.904358612217756 66.70168538245343 87.08427579162407 82.22047851690422 52.29527789130994 33.2297842457785 43.22585455211279 70.90531652697062 75.47286367825357 40.99410632998606 7.728798930731297 28.87569720640181 63.267143309330024 78.87990257635687 46.92090952911275 23.998923163520296 36.676541774452964 67.15082249334712 91.31174433663455 65.55860884850009 51.50563851249883 58.33123921125169 80.91377634118618
52.75748076893192 20.029288504832536 87.7966319075035 18.143005293451864 83.16307553181622 32.963606818271 68.12376834526432 16.6351333634415 44.52285914073144 43.3036730885346 0.0 16.100879362106138 40.514195629033445 80.57873824932352 47.595227744514965 77.70331347100445 85.11587903068188 43.03041789469047 78.57524472471356 70.80745272638693 46.24411463766081 38.32185117074915 83.97145815115262 18.192224138823818 64.63901349899218 34.422577443858714 59.926806183954284 10.503731607722067 41.62907422262758 44.64036986052135 10.743561315555647 5.89340625973218 34.69330863282168 86.01557515601493 26.60066917953174 48.54112129464626 81.78508773116377 41.80034186115868 51.033929745095875 76.22973714383852 54.54824528845808 31.15563268588373 36.88731264891655 64.38565230849423 96.56701617944734 46.16456571063482 11.579243328691822 23.061765535540253 57.65817884658669 92.2601785763024 53.752480715940514 29.753697975462206 35.72220009834977 63.73153295673427 96.13626101662642 72.45656628468932 56.782404636304484 59.944330639157535 79.73203807776412 107.31200694891 95.98388903849306 84.56253230975058 86.50695714287461 101.04851431340973 123.82595729258429
62.624268043102454 10.140572343883404 102.40175780194119 24.278485999152018 86.04833543059434 43.04529795794899 82.26625014226563 23.928310690525805 52.65767194338601 53.0026095841163 16.100879362106138 0.0 51.84886871651493 94.74135794201639 43.466961799851894 90.6928851119171 98.69225993179035 57.19842435785317 91.90464318711798 85.26665141877183 59.7158998100317 45.077545788356275 98.41850883718337 34.23765453049051 69.84439825553366 44.923225050380026 74.65191651734703 16.090756604999978 52.33714606073105 51.03275094005388 26.438929069889777 12.733969160714643 46.01707995971654 100.29969721554943 35.630288277805995 51.21748030194916 95.43899076585255 53.53196041086236 63.66085056712682 91.35564777428843 44.89905475421446 33.04394073629748 50.62323744197828 80.1770264270503 112.64471674831833 30.850651495489373 6.1238687227005375 38.96273663706046 73.44073755102309 107.99927326369168 38.68898958162434 24.032825566057358 45.31179613385463 76.96482577936975 110.40313998879695 60.42449612369456 52.07778776096688 64.55907042990671 89.5458124153943 119.43128909603571 86.10740663962036 80.25545249427016 88.66858393350473 108.0649149426782 133.748502214754
13.156846336054818 59.49748030079432 54.286522572950446 28.232372594377832 53.45506809005076 9.331255659366791 33.71372615417329 54.17139272719406 12.057597661097313 6.604372539929749 40.514195629033445 51.84886871651493 0.0 45.540558587662055 45.53788436677751 39.38389931520077 48.060127546788955 14.549319534539316 41.01785997008864 37.614787044453976 12.359953051566148 15.77571086026684 49.93049097576574 34.9538767369498 32.700836291925015 7.222214878209681 29.50431074610086 50.60607188016483 2.5988075359349696 17.416921349274407 31.979037424268064 46.37080725022668 5.879241674469618 51.229106482579574 16.785968717876635 29.16217430676345 45.02266556283788 2.2234661473815134 12.803518765415477 46.356735324085264 94.89883417857921 69.39062321400351 54.946564582508614 60.149711866761784 81.31203615941568 81.91027988826355 50.39505271563755 27.656273551000194 37.214490956623024 66.33104815564771 77.4711521658523 42.87944246754709 8.388571086301292 26.399697603047123 60.97847417174896 82.9655687089615 52.07739002633019 30.588574712365087 39.42213394069228 67.58243689275065 96.71484920825212 71.83199236532353 57.97152751653997 62.89952849432017 83.34742451577746
41.91008447311331 100.60629430757821 9.302348486870601 72.8764364407991 74.46980668083211 54.77060805205629 12.480906870934808 89.39178357038533 52.557481798331736 48.23687446207444 80.57873824932352 94.74135794201639 45.540558587662055 0.0 88.79895040555802 12.176544405005373 7.704167564362391 37.60920383306735 8.92750549673709 10.18696033989396 35.205224711585615 59.77132605689842 4.929484118214515 67.07737635299324 59.44975430776457 52.63668825782108 21.27524992666975 88.89390672151676 46.38482465223257 58.141319970821726 70.04880201804912 86.2850913021095 50.53715943911231 5.690452784629573 61.93372069173979 69.1724741501581 5.599604003752418 43.39414280983099 32.74358079785261 13.03900666924193 134.00725502705197 103.04453094004174 75.32069315770273 55.884155051532346 54.47633671795952 125.53949751080926 91.8728207524175 59.29508633261782 31.401300075229095 29.17221868444898 123.0110131897531 88.41911935417531 53.84260614821073 19.364040755160175 15.67674009416073 126.77780675561674 93.54243770794669 61.827173536744766 35.9144468457232 33.9401232594975 136.31881805601984 106.00614340969918 79.28791423009474 61.078906886782676 59.74513380042729
47.06286502192388 53.43759200763268 97.99809595335354 31.999907053912132 47.78867548513876 38.26581870061362 78.09117607758473 63.4399382365938 36.27680159046379 41.0401789148503 47.595227744514965 43.466961799851894 45.53788436677751 88.79895040555802 0.0 79.84297394700955 89.36270217863554 59.1883328823808 82.352409533965 82.26635641424 57.88429126547679 29.81723898756173 93.55643942541678 59.06338826242189 38.868211924406666 40.02647799248278 75.00481233278262 55.67725628741041 43.8029777334805 30.666061032968873 49.541025862147364 50.058504058866 42.84426832515483 94.32082433411396 34.466133960689376 20.637508374267902 86.88702947295519 47.72285693511884 57.221996839941646 91.5850674463868 84.56082631886457 75.76479959239786 82.00498809108753 100.51901805263086 126.00821246593415 60.344377698527275 47.57534119279252 57.2729630287669 81.80331003589868 111.79526288856475 41.697840860889364 19.445756638160702 37.58207096958876 69.58113073084675 103.27391992774923 37.97946545585714 9.197048465716682 33.49006513510522 67.47915295196867 101.88297483639315 52.465706814229414 37.185677564480926 49.06858651966104 76.33809725534753 107.8986160411972
32.86713338939433 97.51772132742211 20.71495212589944 67.5731209058996 62.413010474067285 48.68665953108415 13.914397420818267 88.44318497037533 44.14047306090998 40.620677214832966 77.70331347100445 90.6928851119171 39.38389931520077 12.176544405005373 79.84297394700955 0.0 9.571190089247647 35.28623521318118 3.2659691474606194 15.525613086332795 31.487136081617297 51.929115265503036 16.791609136133676 66.40159146042608 48.16259784399683 46.59927285992682 23.390975464967383 86.84895021212179 39.612632518409164 49.3321254584845 67.65224216948862 83.5624342304306 44.97021774724454 16.169381262720155 56.169740110743135 59.644154039990994 7.725370016043407 37.45488068201746 27.040282940635606 23.556409197726694 132.04729522469282 102.85024978660664 78.19614787942298 63.60722573387685 66.12033537320616 121.12350587589194 88.53262872080933 58.30934478139506 36.83427342249354 41.332534133257425 116.09342288968888 81.58296567575174 47.209439210814466 14.019109270363675 23.647264342313683 117.71530974606169 83.85406232005029 50.99960362856125 23.77522990545991 30.404107092647944 125.73192053772114 94.68460885533618 67.20597779264116 49.6278221870227 52.95287534112353
42.33675904213618 105.07966962536419 12.805958790646239 76.04948543466848 70.830131440761 57.39124308229239 17.684237846126425 94.85353878919561 53.524945138919925 49.791461865507 85.11587903068188 98.69225993179035 48.060127546788955 7.704167564362391 89.36270217863554 9.571190089247647 0.0 42.15115470572587 7.11306598078732 16.79473635515706 39.010226798032505 61.200812182847415 10.092661654780391 72.58789138944113 57.4742261723024 55.27582432564644 27.33489339968086 93.85794953925635 48.51206703207348 58.80226500275217 74.78840894573199 90.9137574317829 53.455039480602636 8.207510945950892 64.78688290067102 69.20567174581689 3.3942635068294162 46.03259574660686 35.40060754936522 20.669796153502773 139.08092996690925 108.84931673666945 82.14393883699161 63.57565481246723 61.080973694317045 129.32698130665096 96.1988743819706 64.6360023755831 38.68121258603023 34.77777515863275 125.20305895778338 90.63232547356515 56.10244966153245 21.808376469685538 14.091830946102421 127.25792318238777 93.42493589143018 60.47067393064099 31.30543548864011 26.42351799271921 135.2100492364967 103.90473757954962 75.53433664967383 54.858745719682545 52.041641012692935
23.344254391011013 63.04191432660741 45.238402079622475 36.41156019367399 66.0371472664713 21.02313913914318 25.13122649156291 53.16358063391938 26.47487085929792 20.85705180604017 43.03041789469047 57.19842435785317 14.549319534539316 37.60920383306735 59.1883328823808 35.28623521318118 42.15115470572587 0.0 35.7976879974191 28.079362639761367 5.184119950428589 29.895140151173607 41.22101144740806 31.252503437161025 45.5408854956694 19.171302112946915 17.793530797175137 51.73161420805112 16.961399224138734 31.961979344799488 32.63757310830245 48.7926761909429 16.379438880904583 43.122379454548 26.684230112074008 43.694800974300314 38.79839359439747 12.770128894681106 11.76371909146298 34.99173831517053 96.96360195908376 67.68713498247905 46.43247339928709 46.10009910252742 67.00210366853679 88.0354581627578 54.268113713815104 23.122810809639095 22.78487513859896 53.83759496936872 87.65592930710879 53.65594992358569 21.661283536763122 21.31461164417519 53.23781886449418 95.92655559285068 66.20687595784422 44.26758215870231 43.939837128985815 65.54862160518415 110.92872197759318 86.36035068395513 70.75168839088103 70.34383470865983 85.35497164421444
35.29913309964755 98.48173177645965 17.49007619870594 69.07976137054995 65.67217432272997 50.34807339565765 12.694970936616244 88.81788471993521 46.43939076429281 42.67839588471968 78.57524472471356 91.90464318711798 41.01785997008864 8.92750549673709 82.352409533965 3.2659691474606194 7.11306598078732 35.7976879974191 0.0 13.461159388762654 32.34965786283838 54.09155006040009 13.527990405889474 66.64878686582372 51.250771683034664 48.23844768611822 22.471534968035325 87.51549402603571 41.423930361983025 51.755597147813525 68.3687948771731 84.40524104611417 46.46924926376183 12.987007857486434 57.770302569082425 62.28274800210297 4.652623943633099 39.01361471100286 28.425979376993634 20.689527578358025 132.74584597867096 103.04536967747747 77.52432382015627 61.615560885261125 63.069151665475516 122.46749731170777 89.55057307230682 58.610206701211844 35.2964796354908 38.096726543357896 118.09558457359515 83.52998431289352 49.01839909754384 14.939966804528538 20.939335075981997 120.27617217787964 86.55788608102469 53.972416817559626 26.992961993226253 30.64412346855322 128.67645298455315 97.79725748546392 70.46830379008553 52.555345656562004 54.34290318757523
36.425629449690305 90.83245271470719 17.171438945350584 64.02975572028642 73.40776888909821 46.573087479228406 4.333159703707818 79.2642860419478 46.0968118254869 41.24387767908127 70.80745272638693 85.26665141877183 37.614787044453976 10.18696033989396 82.26635641424 15.525613086332795 16.79473635515706 28.079362639761367 13.461159388762654 0.0 26.3256642065702 52.668414036830235 13.170456030436487 56.953004209732796 56.38502730350675 44.45519818881816 11.122957031551874 78.91885720166553 38.835661505633794 51.89741240416829 60.20204896758657 76.45789616271756 42.13275195866124 15.272541205530985 53.43887749012907 63.442805843534636 13.59817728084527 35.40379409060675 25.129415328538116 10.275198586619414 123.96515829990636 92.86291278066095 65.3795977311861 48.1692242238289 52.54395930498011 116.10991330329293 82.18890833354747 49.227720134729395 22.058270499297247 30.734561270183935 114.75491960521758 80.28121404478905 46.00334921840716 13.505406549778069 25.364087384000108 120.12042808383528 87.71378704889189 57.907932611725315 37.520366560676536 43.09357471126319 131.38537458432057 102.47365565993509 78.32214602995724 64.51854013662044 67.71780041999308
18.75285400298132 66.13208882040398 43.407377950374766 37.74602903447891 61.532724077873056 20.534045156513173 22.83794361310836 57.31184510472821 23.49204308461415 17.881073502032343 46.24411463766081 59.7158998100317 12.359953051566148 35.205224711585615 57.88429126547679 31.487136081617297 39.010226798032505 5.184119950428589 32.34965786283838 26.3256642065702 0.0 28.13490517411161 39.20030776384209 35.731059218915476 41.233645837346685 18.471203919606747 17.290197265407535 55.384633992450986 14.347084505564606 29.24279877819261 36.176709495508696 52.09060324971977 15.957081070091581 40.84630648707061 27.145132755889637 41.14901773249879 35.73308566238828 10.21622565849 6.583769374194492 34.389780969183974 100.56425229816205 72.0421401049257 51.59244517683325 50.28220546766167 69.20714784659047 90.43342467368842 57.209154800224525 27.611899395425475 25.432127009136483 54.092658290403115 88.47391603728978 54.08824807505888 20.45229998014197 17.490220208694563 50.876048050562545 95.19179309019368 64.40530613694125 40.36630998302427 38.80288702534155 61.455013124975444 108.99387424108669 83.3086539593499 66.30063679734383 65.16128044864453 80.5666551034366
19.568532349425126 54.26482021140411 68.82240558232513 21.20108146029468 45.778668434652516 10.324834244413841 48.572237635358604 54.37434156584746 8.215844406559864 11.534890719910972 38.32185117074915 45.077545788356275 15.77571086026684 59.77132605689842 29.81723898756173 51.929115265503036 61.200812182847415 29.895140151173607 54.09155006040009 52.668414036830235 28.13490517411161 0.0 64.39895408906744 40.14613956444349 26.37697783089805 11.371857057858247 45.19021655573661 48.79635404166977 13.988425225863793 6.318796169072261 33.40793304065607 43.53801110213866 14.141741725085517 65.39699407638447 12.254873001326938 14.653442348167415 58.446469728462475 17.934356157313207 27.54354955258512 61.816836260126124 89.87109120155962 69.37151457832938 62.79154679080118 73.9454324139762 96.89093308074942 72.85279796488226 45.48136611980314 34.99157047578503 52.67918177252612 81.97934634617788 64.2886060513833 30.08047252549453 8.455669152228452 40.410585350893584 74.76219653082443 67.47862039592992 36.349885903827655 22.00249139336671 45.18573311891597 77.42245640006271 81.0464323062064 57.601813632409936 49.620763270351 63.255654540419506 89.07941392055652
46.746382422900766 103.99404758086527 4.442094249471248 76.9447398676749 79.19776862538535 59.09074133280786 16.37171036314168 92.14811735862541 57.29123788209999 52.86674549570439 83.97145815115262 98.41850883718337 49.93049097576574 4.929484118214515 93.55643942541678 16.791609136133676 10.092661654780391 41.22101144740806 13.527990405889474 13.170456030436487 39.20030776384209 64.39895408906744 0.0 69.86511579541258 64.36451613005694 56.958749284119236 24.139289351604646 92.00346152641686 50.88269743071694 62.91541495660953 73.3528023272859 89.61020110208413 54.774128445706964 2.845980701085228 66.15151362131685 74.01851312093343 9.438279718773272 47.7583885070925 37.17423577780055 11.930684426302411 136.97419723307777 105.49511501630063 76.75489208918692 55.21062589871516 50.98939645834074 129.25623138537716 95.35914976057663 62.24472795734732 32.40817024650516 24.920221990568397 127.35737016818413 92.79319551377627 58.27613932276732 24.01028067952809 12.31797976544354 131.52998843087678 98.39144367656745 66.7566317173074 40.33426491402079 34.52667567387122 141.23677158561205 110.92431168853193 83.99620973817959 64.81748708516245 61.17215927647384
48.105178496571114 36.282112055672805 73.32732123005172 27.092883335420684 85.63174779647706 31.115335238465637 54.982720834364486 22.314427795961304 43.450005086046716 40.06754109814867 18.192224138823818 34.23765453049051 34.9538767369498 67.07737635299324 59.06338826242189 66.40159146042608 72.58789138944113 31.252503437161025 66.64878686582372 56.953004209732796 35.731059218915476 40.14613956444349 69.86511579541258 0.0 65.38874458094935 31.51859944036648 45.830312339015904 22.900520738076853 36.992491990143485 45.90477752487643 9.886156745871505 22.27373851919471 30.26447833852509 72.18241861298142 28.31478517856072 53.659271856425406 69.19447349777107 35.31132123695893 41.79045401410209 60.87392002802171 67.17250121976896 36.453679864904224 23.247389209124798 46.33417646014659 78.4099176452448 63.474195325920014 29.157094874822054 8.133431479889705 40.951471897525245 75.38399837059063 71.70044603724901 44.18037566381128 34.02483711059854 52.519575416556165 82.18122886672298 88.58906748626158 68.07434087615349 61.765596131562376 73.42099030917527 96.75264720949562 110.2271545589836 94.3218605330016 89.65432475225283 97.84620238226005 116.20911106090018
22.592469520254546 79.53251540258314 68.59812519896022 47.0552695950273 20.755338268659568 34.27520241836322 52.11584445071316 80.75073271898204 22.000313449070887 26.301688568488238 64.63901349899218 69.84439825553366 32.700836291925015 59.44975430776457 38.868211924406666 48.16259784399683 57.4742261723024 45.5408854956694 51.250771683034664 56.38502730350675 41.233645837346685 26.37697783089805 64.36451613005694 65.38874458094935 0.0 33.976403896162395 53.76782279260057 75.07785533355796 30.14382555315939 20.083042128559565 59.545495321667275 69.71860684923186 35.68498078022787 64.21418884536254 38.527816755039574 19.87343707557089 55.86802850291406 33.60762455972014 36.34095900808214 66.65593018824367 114.68565065750448 95.73490373780149 87.01868333667065 91.50976361540894 107.56639137953489 94.87731795454417 71.0789042835983 59.13968175976201 65.86030243447628 87.01978549695536 80.25562034144706 50.14969943740255 31.366473091117577 42.983187855458716 71.45690145553911 73.96433109597915 39.416525336311764 5.608644679456635 30.06834799478355 64.58798988644564 78.0450765070367 46.56475186250918 25.305345980939418 38.82379714512995 69.0583534741947
18.334907866913948 52.879846438058294 61.28566926658751 21.079601540632694 54.47309058227587 2.1339197942352057 40.66380180565727 48.97561227638455 11.977253984054054 9.008498939642113 34.422577443858714 44.923225050380026 7.222214878209681 52.63668825782108 40.02647799248278 46.59927285992682 55.27582432564644 19.171302112946915 48.23844768611822 44.45519818881816 18.471203919606747 11.371857057858247 56.958749284119236 31.51859944036648 33.976403896162395 0.0 35.74830574333096 44.74750852250101 7.420739009158116 15.447207430180208 26.854482163468923 40.19054168289965 2.842342521958149 58.32714104245064 9.580882146879388 25.954373345036817 52.22588732185678 9.268100608846936 19.955690340349875 52.851823751661414 88.44858720459614 64.23327688107852 53.13637237945372 62.57661872857428 86.04063739794255 74.7899975287744 43.78108715056307 25.196535732166986 41.806568777682095 72.49520627000626 70.39876378441554 35.848035242025546 3.005259190098943 33.58326664626984 68.1285129605533 76.87987807455329 47.231813348217564 30.75725236897873 45.34323319281524 74.57107254978098 91.96237441127434 68.94938036616693 58.70044714785793 67.32202192204934 89.51845325460364
31.844969068141083 79.93006843975674 27.871189240912415 54.189133199088296 72.58537750422455 37.79253440172746 9.812236505112908 68.14133147605946 39.66907280616681 34.301966110681605 59.926806183954284 74.65191651734703 29.50431074610086 21.27524992666975 75.00481233278262 23.390975464967383 27.33489339968086 17.793530797175137 22.471534968035325 11.122957031551874 17.290197265407535 45.19021655573661 24.139289351604646 45.830312339015904 53.76782279260057 35.74830574333096 0.0 67.86425402184146 31.218737503480686 45.54755585181675 49.26588926221276 65.520917764757 33.175655607373756 26.368951916274398 44.14127721823096 57.43209245205197 23.979157617026026 27.299959432789983 18.487759923769374 17.2498517457118 112.86523002378989 81.78045208676446 55.06672434064126 42.088781258854375 53.90182259154819 105.49973082093653 71.37550977291106 38.12589580402867 14.40676264768294 36.82901074932491 105.35258701075927 71.15984150767136 37.72438778343962 13.318662121248458 36.42107939962065 112.45214576367428 81.2146726622909 54.230825135856676 40.99955006903816 53.06378415545185 125.57490607941483 98.44122772403067 77.50519496095231 68.68913182290142 76.31579175333671
63.067243725341214 13.879627772553748 95.6445128618856 28.282216238828475 93.38180635477342 43.35935850907709 76.54524515989903 8.087423159323357 55.017461272942434 53.68271664088072 10.503731607722067 16.090756604999978 50.60607188016483 88.89390672151676 55.67725628741041 86.84895021212179 93.85794953925635 51.73161420805112 87.51549402603571 78.91885720166553 55.384633992450986 48.79635404166977 92.00346152641686 22.900520738076853 75.07785533355796 44.74750852250101 67.86425402184146 0.0 51.855009431754596 55.11292220909679 19.213732849174804 5.72380454932686 44.852404505215745 94.19047865864103 37.101474731744375 58.581786419300236 90.49100822199875 51.76618152949108 60.563224984327135 83.51271984434514 45.232159001347426 20.950938420024443 35.025446542297836 66.40382867188121 99.93498632021881 41.27476219085601 9.987044755316159 29.84508778075947 63.8480273696165 98.27138477682523 54.462969928051585 36.75274114740789 46.15345532039711 72.83095126164302 104.27551031777229 76.3786851442357 64.74518552559432 70.32031950663773 89.95959317422684 116.77021132070381 101.51801766759509 92.86066881164234 96.61772871350307 111.54170959245131 133.95076049853208
11.344899348602146 60.27828483158319 55.274060512248354 28.39605600884352 50.89914840314711 9.324742359676202 34.821606026569114 55.71679724299922 9.533460225479795 4.011188838326258 41.62907422262758 52.33714606073105 2.5988075359349696 46.38482465223257 43.8029777334805 39.612632518409164 48.51206703207348 16.961399224138734 41.423930361983025 38.835661505633794 14.347084505564606 13.988425225863793 50.88269743071694 36.992491990143485 30.14382555315939 7.420739009158116 31.218737503480686 51.855009431754596 0.0 15.035073803529967 33.50720562231281 47.44192392567312 7.063072679892948 52.05868558293475 16.855442714905365 26.87352245323058 45.561734985150295 4.225150992809006 13.743237517749638 47.8475773785853 95.81260307577172 70.96439053100042 57.32909876511856 62.70643854183903 83.5006606631069 82.10193446924862 51.176427130829644 29.86911053991561 39.49859308352258 67.99229343951595 76.75076108109015 42.151956266866435 7.599335834197412 27.084438161393063 61.678505764293405 81.4245575273932 50.09266622736227 27.989855400598998 38.11074593229608 67.20317001586085 94.64947486698097 69.40063437272059 55.40007494803478 60.96461147541995 82.21310537415515
16.46723313075282 60.3678303674963 67.35750262625733 27.401071327461175 39.76473347100233 15.103706219247139 47.657033482664765 60.6724428453435 5.881813669279164 11.369844788698954 44.64036986052135 51.03275094005388 17.416921349274407 58.141319970821726 30.666061032968873 49.3321254584845 58.80226500275217 31.961979344799488 51.755597147813525 51.89741240416829 29.24279877819261 6.318796169072261 62.91541495660953 45.90477752487643 20.083042128559565 15.447207430180208 45.54755585181675 55.11292220909679 15.035073803529967 0.0 39.55087254723884 49.84033524711599 17.838312862248717 63.6551178564911 18.458578885025275 11.924546032046996 56.260695564569744 19.259758113686516 27.199924919925255 61.50753618212661 95.89849339430795 75.68575052367095 68.22688295370342 77.30617835598251 98.449712007837 78.15457092927386 51.65570746520101 40.290319622091936 54.526417285812 81.9620222641903 67.92112876803742 34.45552722316879 12.4875314536793 38.9813415609921 72.64986579788876 68.64426247633592 35.84733533052439 15.902128296842886 40.19419700877476 73.30156080648439 80.02747295942723 54.42288845568329 43.75068010241305 57.10700564161548 83.68461650234634
44.84776122633083 30.670257154073703 77.13568646626807 17.55936765386414 79.17654459474406 25.852454331810993 57.62617427344417 22.2104928830276 38.16057309355494 35.84984370278849 10.743561315555647 26.438929069889777 31.979037424268064 70.04880201804912 49.541025862147364 67.65224216948862 74.78840894573199 32.63757310830245 68.3687948771731 60.20204896758657 36.176709495508696 33.40793304065607 73.3528023272859 9.886156745871505 59.545495321667275 26.854482163468923 49.26588926221276 19.213732849174804 33.50720562231281 39.55087254723884 0.0 16.257624816192326 26.445166329439424 75.44034765903415 21.157981744230224 45.86926673481497 71.43550757624413 32.93462812386608 41.3851252002528 65.49145334421249 64.39737003602593 37.4579112229784 32.46545241286109 55.675423026391776 86.83511098178052 56.864004354487385 22.31536953219911 12.541562101551369 47.02616483398221 81.61178784032697 62.59329211039162 34.29427703494165 28.79436987926011 53.637441358116575 85.55510255493589 78.74133526239982 58.62952705425497 55.40254397679866 71.38808856245441 97.55958881604404 100.40028734489275 85.3335704340178 82.93455560616486 94.17634793932423 115.13014476323684
58.51843090234764 14.449134574462654 93.38907169281194 22.759828645612806 87.81602003711045 38.67570592180831 73.84734746010484 13.41772022349467 50.027503898379855 49.01880457183642 5.89340625973218 12.733969160714643 46.37080725022668 86.2850913021095 50.058504058866 83.5624342304306 90.9137574317829 48.7926761909429 84.40524104611417 76.45789616271756 52.09060324971977 43.53801110213866 89.61020110208413 22.27373851919471 69.71860684923186 40.19054168289965 65.520917764757 5.72380454932686 47.44192392567312 49.84033524711599 16.257624816192326 0.0 40.53620452135062 91.69119591072682 32.09817389447842 52.957982068184776 87.575062925331 47.679005907598096 56.92288798454091 81.64942194813923 48.65484224696119 26.620356573031486 38.0109779734846 67.64515401163645 100.50741578582321 41.24964403664059 6.999445629296199 28.130155492559012 62.67753473057868 97.2650778785288 51.38502943580351 31.29320344621574 41.387727085487434 69.58059617533534 101.80771490312918 71.99933687181823 59.15578771173701 64.88217394465094 85.52644232908388 113.2017435500823 96.6014385787046 87.2311644346896 91.0023079657502 106.52825894510593 129.65271204448445
18.40312061005981 53.61823877430095 59.06779975275512 22.614794659910377 56.320395078682076 4.6628096018466465 38.43072174533673 48.654176057419754 13.7846002528281 9.803499311773347 34.69330863282168 46.01707995971654 5.879241674469618 50.53715943911231 42.84426832515483 44.97021774724454 53.455039480602636 16.379438880904583 46.46924926376183 42.13275195866124 15.957081070091581 14.141741725085517 54.774128445706964 30.26447833852509 35.68498078022787 2.842342521958149 33.175655607373756 44.852404505215745 7.063072679892948 17.838312862248717 26.445166329439424 40.53620452135062 0.0 56.22408304128971 11.398144319418792 28.652562943761218 50.34678108547255 7.539706343905902 18.0544373197579 50.33890855966558 89.0317583293012 63.902883475619205 51.33523045672549 59.848442758211526 83.2055837046469 76.19219197946317 44.51584710853679 23.51414319486419 38.974517033304856 69.85667317487744 72.62907563940975 38.161025409264816 5.692019120015532 31.676304903972152 66.10016257470868 79.59825269605462 50.07412799510738 32.76870890025238 45.11088336662749 73.4236258955969 94.80446764361317 71.65935855479873 60.63845832775727 67.9246933439525 89.13634320707096
47.348780590531796 106.04461948752429 4.6636516735884115 78.54300963987298 78.46273986294712 60.46106083668586 18.04881112621844 94.48473465704228 58.11465881555091 53.86535030372212 86.01557515601493 100.29969721554943 51.229106482579574 5.690452784629573 94.32082433411396 16.169381262720155 8.207510945950892 43.122379454548 12.987007857486434 15.272541205530985 40.84630648707061 65.39699407638447 2.845980701085228 72.18241861298142 64.21418884536254 58.32714104245064 26.368951916274398 94.19047865864103 52.05868558293475 63.6551178564911 75.44034765903415 91.69119591072682 56.22408304128971 0.0 67.61989000951183 74.573399173008 8.47251835142304 49.08407464621303 38.4305259853631 14.775761385599306 139.23181183140554 107.94415902161703 79.4555610471781 58.04508223783428 53.10440321167632 131.11508579439177 97.35399512640298 64.49245972730388 35.15105556483597 26.58492814268813 128.7000209563993 94.1068728574625 59.52617837869873 25.00964962313362 10.121931866613128 132.29936695211708 98.92869531970389 66.82430279922173 39.2291289439954 31.736384442545276 141.45456177156916 110.77046732790231 83.22012161972806 63.054497702567645 58.48879848578299
