0.0 14.40810336246908 26.19402398224965 17.987737801274083 22.610297299576995 18.23798416685488 58.29108214837552 77.15070855815232 57.709090654800065 59.868519388302104 82.3205841882893 9.838705231360791 59.86500891957652 53.8201307091918 25.448516214451576 58.51130907570961 63.7539490024829 47.2015995258719 22.603678977723515 47.68094834127498 21.119019231578957 15.452252394342082 23.960161627470708 12.197844010642223 27.381911552409864 27.873774095106867 59.5725325460095 58.29198381626389 15.95459987812519 56.3193667341639 50.78554836157859 7.048187661868382 55.67804608147104 54.178982387730976 26.325773055465532 19.797990976474786 32.815749912553436 26.39383144904774 31.58885967482217 3.1955595585014387 112.31248827680336 87.84130167294471 72.20008607169066 71.444870164138 85.96886303617363 97.14151805887023 67.5845778512013 45.756919970359085 44.883585163944716 65.80422964625967 88.56340045740308 54.67463368746828 23.021854132838644 21.57652653318616 52.87662770480038 88.51661042849416 54.599506692075686 22.8445317314571 21.38901163857056 52.80111454843017 97.0134952910689 67.40213142929598 45.48952385563267 44.61352538883009 65.62207648544334
14.40810336246908 0.0 22.052176284770574 23.17580930155398 8.535679176945068 14.546562417227612 48.00482091835883 63.12725404715435 44.336904562451025 46.25205896078226 67.97414725913961 20.072249148409483 57.3004981544348 40.990506142603834 19.231713293189884 47.93340791223215 49.85511954650695 58.51939276177878 36.933231002471224 36.70742210940645 10.657203279378543 2.501744733906865 31.223846945465265 22.36565358041858 13.529342586982093 24.830128201399443 49.09999877784144 46.190973674963516 29.223388898616783 42.69693522255314 39.13120816911977 8.535679176943654 50.18728254625896 41.54533238387265 13.990177720338327 31.519758441413096 20.62680272085735 36.42498361348934 37.78724336188054 14.348858865160038 98.81199614265178 76.20574205258607 65.15820072711695 71.26456751852365 91.13976906886029 82.8220158066349 54.12642236528109 37.34541936816661 47.481770731942596 74.22387897439734 74.4690314087535 40.34710259786237 10.246634721953484 31.256217689135585 65.14415976390336 76.3042378056777 43.61246440563068 19.40630946029642 35.298868157766826 67.15849008520546 87.69019721344546 61.254624030254874 47.00530494153364 55.33244862341027 79.42715215072505
26.19402398224965 22.052176284770574 0.0 14.910183827036304 26.338465638704857 36.38640109555398 34.36899277878269 61.628205331582905 40.549803231209346 58.36584033817741 69.55807655869798 21.742075009487113 35.33229680558681 35.28467438126994 4.019688981274072 34.958402714355984 60.43421173275742 49.55159870778568 41.20303619117907 25.67156304274687 13.145484684713393 19.73562626748501 20.866472582351967 22.028001242884066 30.13715698253491 46.846592274896835 35.82284777861498 37.4312529130819 30.93906461635567 55.08386277276774 29.707371704020378 20.60575929259604 29.561836737706944 35.03992117007977 33.41345992978539 28.863835790452526 39.0532596689073 28.80245013325011 23.48136009086352 23.34316114469571 93.15100992785362 64.80949998301499 46.024427141801276 49.30558252790233 71.6843707650724 83.37909307296323 49.9107550064541 20.61414383763724 27.452714698380113 58.96786684078752 82.54816755789166 48.52295381212313 17.017812316633783 24.89149725089218 57.8309531711694 90.9037895536885 61.56671074779958 41.37927881366952 45.0427961427179 68.84973623662795 106.30092758890329 82.4557428345514 68.50384921489486 70.57882614980834 87.54844119930581
17.987737801274083 23.17580930155398 14.910183827036304 0.0 30.827016488512445 34.24774965783291 49.12935379330977 75.70321070229433 54.771691615532475 67.45182198364735 82.97890079490895 9.330727465297464 43.08901977413079 49.734898916627536 17.085195997167006 49.78260106491077 70.3415359540692 37.03451288101753 26.774202675122066 40.548185354022216 20.6655852027219 22.004706022624173 8.209668591899877 8.361161560691292 35.69105685839579 44.68855746634539 50.6081405114807 52.27201420771765 16.50192745406173 63.966332431406514 44.52094851576141 16.420925639163464 41.119998315183686 49.607748059100636 37.10367871764545 13.954026812530152 43.661763894521734 14.988946552089846 14.70769267581767 14.830839551079329 107.97304501898124 79.60256150842923 58.39312272214149 53.64462135079992 68.8515334242694 97.1738197097868 64.35451462184912 35.14396085538028 26.898597259239576 51.05696036787304 93.8575978326928 59.27751473744773 24.763947618498324 10.369991105985616 44.68416492571519 98.78110668472553 66.73503178101565 39.29704789427353 32.09030317027429 53.94583598362309 110.85157649961508 83.43064004195135 63.46699094421223 59.07820020525077 73.12452460085395
22.610297299576995 8.535679176945068 26.338465638704857 30.827016488512445 0.0 15.764244787910576 45.85577945216188 56.34229949762842 38.81510950297661 37.72030495653439 60.42416758163519 28.56169815850438 60.35303488717139 36.308484359297154 22.724212893434338 45.51358802045443 41.3327661867911 66.85243187592846 45.213936405911745 34.35239443046266 13.211850206725053 8.895563895004255 39.010752628340356 30.8146851406275 5.018507037824282 23.85949025643657 46.743419848264196 42.24887164575164 37.74565068980268 34.16594168732665 35.93254535314466 17.07135835388872 51.67472728600773 37.10028879375506 7.076943185757405 40.00844994688888 13.061157306143164 44.66433332743685 45.12277421648948 22.838894478247195 92.6556082484475 72.2441701732774 65.17783046167253 75.31168647482669 97.41828232335283 75.32608172236559 48.320911109133235 37.29114696709418 53.30268438841164 81.77132757083795 66.00855616350238 32.09540243669323 9.897121136871856 39.50498619768435 73.60833947722061 68.07693931736009 36.12351200498686 19.24042595548849 42.78232439929692 75.40098135732707 80.6599236567462 56.20742378822624 46.982304584994154 60.416973197445515 86.53262741282421
18.23798416685488 14.546562417227612 36.38640109555398 34.24774965783291 15.764244787910576 0.0 61.24017139495411 70.84755141276216 54.3503564552243 46.03987536226167 73.72365099554162 27.749017444491326 71.71362786355363 52.04949075237743 33.751072778643085 60.9909398342188 50.60062628676544 65.31339363667513 37.95031457864259 49.75688707410967 25.06746862731412 17.02591215487377 41.405958593593525 30.20062088356556 17.878935286404744 10.63138617276136 62.20399809613068 58.00869019596945 33.68753595516076 42.64339725635217 51.583282468661736 17.89997018705832 64.71780597215329 52.85885255754495 13.813794131490024 38.000289724702135 18.41296531072967 44.591532960690955 48.76961868726842 20.58165846705635 107.58082960284511 88.00765139831051 79.44676845402918 85.28166179907481 103.09638775313073 88.58801961722331 63.66923693885081 51.52192368833688 60.41562616519932 83.90702905611647 75.58677120326017 44.03294393738035 23.64918339427638 39.6801102739486 70.60157207947773 71.90497334082946 37.42797393243925 5.122040917398326 32.34921023096549 66.79492144547102 78.85913954880223 49.39293296558957 32.486821418250884 45.452822876176555 73.96863153657289
58.29108214837552 48.00482091835883 34.36899277878269 49.12935379330977 45.85577945216188 61.24017139495411 0.0 36.80409857626828 20.369321718682862 55.416810483323026 47.51613297334381 55.883360092746614 34.21611527713691 16.12399318962344 33.433424898690255 1.55519550880029 54.396473939014754 79.59119263629056 75.56091628038456 11.504235049970989 37.86359652597828 45.65566052922254 53.676378387355406 56.36138778515053 45.92993136819908 69.63290198050089 1.55519550880029 10.602550879292838 65.30666590788233 53.56395613760535 10.89376069318072 51.49646923385785 21.227974084643282 14.685225582589391 50.98470120291938 62.993425527303806 52.86643958664392 61.64542857185071 53.23318719176565 56.00939368865582 60.96877577593488 30.475081747682797 23.132577464503598 50.362170500453196 83.26119648112952 58.106945593481946 24.31223606405973 14.163532859669115 46.95721082119207 81.26627084791366 68.06793832359267 42.85292008645333 37.87255069800098 58.54157699478228 88.4009682154174 86.53092613468039 68.2973140576144 65.08623945444346 78.75714287972347 102.78098107473538 109.26721846469833 95.26475688528049 92.76912260483314 102.62326074122645 121.86732338947488
77.15070855815232 63.12725404715435 61.628205331582905 75.70321070229433 56.34229949762842 70.84755141276216 36.80409857626828 0.0 21.097680288918138 37.82207122733537 11.217478625929301 79.18025145387242 71.00997687419343 26.590127066232053 58.70709373207559 35.26824785238563 33.67268001392664 111.0061576163388 98.73242069908771 37.74675249808575 57.076180081977256 61.72935535281538 82.4732267898362 80.6102683745619 53.053592005793135 74.79982821790591 35.60568583945118 27.213708954888542 89.39881310217748 38.50072681960472 33.455251605179726 70.29480612715945 58.02825911644302 27.147591753630977 57.13529260604107 89.15737573641925 54.48865134898329 90.32908765370743 84.46364189197917 76.14818941174198 37.02380766871676 32.23794570648945 55.70139143288152 86.9531018796369 120.05780232623965 22.018401270113046 12.706613115334553 47.25421057343477 81.84935671499154 116.44968162292125 34.81043033644954 29.69422590656307 54.28230105669656 86.0594534457322 119.41830265779564 59.595210966914706 56.56952480075412 72.4115150977982 98.39480838290845 128.50853484267506 86.6264751343138 84.35886401037645 95.51652645322783 116.29751870606532 142.55362508775076
57.709090654800065 44.336904562451025 40.549803231209346 54.771691615532475 38.81510950297661 54.3503564552243 20.369321718682862 21.097680288918138 0.0 36.099855139899226 29.935222909164636 58.76317047678756 53.276234679282695 5.72524990657646 37.716139376123635 18.906647758867898 34.46790272744437 89.91158336343764 78.56478569886063 17.255942100281597 36.948613531789874 42.594333225141895 61.40811239990276 60.043070179155876 36.688654788419505 60.37951327689587 19.807679595519296 9.908238508923041 68.95567391931047 34.76450016559195 13.184912418487668 50.701320835549375 40.243320459591764 6.675098579541858 41.47310727860596 68.37670056026096 40.87226403981279 69.29326398023983 63.38977143777949 56.35817908113781 54.60358078862511 34.927087040577184 43.047456538338395 69.86485060914781 101.50833915062633 42.999669414169134 9.88512011077295 27.22707077783715 61.47979278050973 95.98473947020959 48.17081008322294 23.766456291486286 34.700238205616174 65.10156069270603 98.32173952722864 66.30151040775988 51.198254175040645 56.93361405809959 79.09750830131898 108.0101821976194 89.86235735573425 79.16342814153445 82.78397270527462 99.1678204563839 123.32907111930247
59.868519388302104 46.25205896078226 58.36584033817741 67.45182198364735 37.72030495653439 46.03987536226167 55.416810483323026 37.82207122733537 36.099855139899226 0.0 34.49431755983964 66.25861788829815 84.33296707424357 39.31676495430891 54.36581909962709 54.132980422180204 5.205771042795619 104.22264315156055 82.2688492602041 47.65967951150803 47.068159482223905 46.38887191144939 75.618218655309 68.46968389785695 32.726177642493504 45.219746416878685 55.21033215373885 45.70152080930929 75.40110511038326 3.5565329903929532 45.41871933620705 54.7850357881881 72.18467705097683 40.762410085321356 33.721423037827414 77.69433389502218 27.75636913892299 81.95760137777062 80.74792733596992 60.4643235762219 72.74133470354869 67.32479753522975 78.54120582971923 100.99296868153192 128.93876255578775 47.733501200282916 39.33763918206991 56.66778141902225 85.26341489735788 117.14643512396003 29.59811874260113 12.564856188527155 42.83170371469743 76.85106589541245 111.23160553288874 32.92515906967199 19.078390500831613 45.15254213729193 78.15604475492258 112.12863503438177 53.875112019512756 46.53779329762536 61.83702295065534 88.75066930223831 119.68440953579749
82.3205841882893 67.97414725913961 69.55807655869798 82.97890079490895 60.42416758163519 73.72365099554162 47.51613297334381 11.217478625929301 29.935222909164636 34.49431755983964 0.0 85.47932042850316 81.7115188954953 35.65528573369145 66.31147188106686 45.96544490558397 29.575470685947845 119.10855558276215 104.50473423446047 47.15410378537528 63.352206660908195 66.91284262659714 90.18262813637358 87.12353232716885 56.48717961325449 76.16424720913017 46.3980567762096 37.49761900666862 95.63919518700604 36.16406314186854 42.97700876218196 75.73377009431822 68.66563873239204 36.474740498679566 59.92433722834939 95.98676439608575 56.14877423143585 97.85486345896464 92.82945718175708 81.70214429457947 38.375084854981225 42.15754917926593 66.90814220940793 97.83132811262323 130.61419046416438 14.911388987686204 23.20398189415225 57.00309870967939 91.40642746434288 125.91969636856334 24.26788607748423 30.027396391890843 60.076657869131694 93.33601209818812 127.31403510477774 50.71852341915372 53.543417086954335 74.54014744008506 103.15220219507233 134.608050364349 78.5655887516998 80.21266504381163 95.34321236766964 118.91728749969339 146.92532454502685
9.838705231360791 20.072249148409483 21.742075009487113 9.330727465297464 28.56169815850438 27.749017444491326 55.883360092746614 79.18025145387242 58.76317047678756 66.25861788829815 85.47932042850316 0.0 52.39790315872986 54.20139015005538 22.52946996072589 56.356981509915315 69.70804661170838 38.62910022460517 19.974927322332874 46.2829378285444 22.164666522851395 19.916584746201387 14.16363226182941 2.4699165754173467 33.57709357726547 37.659187007185174 57.29258740178808 57.66937442009451 10.218563056663815 62.70805198802002 49.92368916616136 11.650553663623475 49.89399618816127 54.300742438537824 33.713258178350365 11.448491921889516 40.38114943585824 16.978021778104054 21.83321538687731 7.1673604399893005 112.9493375495636 86.17329805932947 66.99925595261833 62.82309968815952 76.15354205484601 100.0532110065119 68.58700754130894 42.33841519546685 35.71745269130634 56.15837141571618 94.0512059062928 59.580785716681696 25.47477750277176 11.954585691194545 45.07453291292646 96.24225933217662 62.95221116689119 32.53052216951582 23.416541740334488 49.328283511710154 106.11998208684335 77.09401053297803 54.95752508866231 49.919734683862146 66.01846333726064
59.86500891957652 57.3004981544348 35.33229680558681 43.08901977413079 60.35303488717139 71.71362786355363 34.21611527713691 71.00997687419343 53.276234679282695 84.33296707424357 81.7115188954953 52.39790315872986 0.0 47.93822908505656 38.14100319802288 35.76051282874419 84.62231289011865 57.5665872466952 67.37990237992926 37.248296205048405 47.4858678134967 54.91291522110235 41.98137114794688 51.333862021672246 63.15424426746851 82.12981062118844 35.408619319252736 44.351715399442995 57.99270725230161 81.70932979044464 40.50953988385039 55.40683534457635 13.081140745205573 46.71527576711974 67.28545895068314 53.09725590517059 71.9682273896444 47.81740916930823 36.72912922974119 56.71762772083333 90.810106376738 56.536231738809384 23.260870143492088 16.75240764872078 49.14336929656736 92.06635174637202 58.51471460927617 27.68715621627817 22.450690516578625 51.34526737491184 101.43682081321133 72.25318752207511 50.46217281123518 47.61461908876345 66.20186028824675 116.98725603827269 92.66011089859477 76.68456379360094 74.63173986732522 87.48725030707644 136.62279095300644 116.27509471637008 103.77215824457284 102.03958319970894 111.58021684201549
53.8201307091918 40.990506142603834 35.28467438126994 49.734898916627536 36.308484359297154 52.04949075237743 16.12399318962344 26.590127066232053 5.72524990657646 39.31676495430891 35.65528573369145 54.20139015005538 47.93822908505656 0.0 32.64984298911064 14.816776257978514 38.29789442544267 84.46474167682022 74.1155846764197 11.536191159654253 32.790559694283935 39.06172727287725 56.14703824217486 55.35418916615813 34.859708688759376 58.889670634733115 15.899156931066711 6.963369506148649 64.33733168331965 37.5588063638333 7.5451687376942775 46.77447546181123 34.97692295790736 1.4464293204158292 39.83526798062736 63.47412506447644 40.155488303957256 64.08246326650526 57.88774668718757 52.257231377188496 58.771868003090106 36.042578828041364 39.2279892571192 64.6021317470593 95.93158157423159 48.571144891278955 14.633573118467552 21.540211229191463 55.75548249995019 90.26749608365282 53.53284630096721 26.760064082648437 31.004523571438177 60.01086559624989 92.93100425905244 70.5261095253294 52.96147156610397 55.051847772884074 75.17511252368902 103.27967984237934 93.18548893564996 80.50137431596534 81.68315799532792 96.22128895382168 119.33007042297409
25.448516214451576 19.231713293189884 4.019688981274072 17.085195997167006 22.724212893434338 33.751072778643085 33.433424898690255 58.70709373207559 37.716139376123635 54.36581909962709 66.31147188106686 22.52946996072589 38.14100319802288 32.64984298911064 0.0 33.85541415525613 56.48097445344048 52.870024478093214 42.406210706893944 23.83168410609484 9.530780070515862 16.80293335091784 23.87442008703518 23.236314774896528 26.32640324218433 44.041691855858225 34.81588640260308 35.40213954046654 32.278661225701164 51.07520003865592 27.63194166423292 19.21049084414571 31.235446464859244 32.536133488334265 29.795572479120437 30.882661109519013 35.26759928427629 31.63731491283332 27.144065088830043 22.869444500529216 91.01306703934142 63.6480441223103 47.04871126452932 52.63935320497543 75.65073920934984 80.3113935589684 47.270065532942866 20.34320837364043 31.433756215810526 62.905991798529676 78.77281333646326 44.63119895920188 13.175139669957996 27.38753868706266 61.003465725832875 86.88556225093842 57.65016834184582 38.63689421970383 45.35310334989316 70.82248989730363 102.38006392418599 78.92513328194416 66.11691211849848 70.06058595386993 88.54544353872868
58.51130907570961 47.93340791223215 34.958402714355984 49.78260106491077 45.51358802045443 60.9909398342188 1.55519550880029 35.26824785238563 18.906647758867898 54.132980422180204 45.96544490558397 56.356981509915315 35.76051282874419 14.816776257978514 33.85541415525613 0.0 53.03592000156181 80.66782764368638 76.10687965220991 11.255294787188726 37.91841022023198 45.61411815317548 54.50849592187522 56.89806524572067 45.4233860762722 69.22906951001669 1.256911215687694 9.091127126128473 65.87300660791387 52.33190394700197 10.081377007556872 51.66671800369902 22.76017688624261 13.371879900379202 50.48837721008888 63.68196963008135 52.19079200441892 62.497315545576114 54.24371416822107 56.290402122235065 59.84643233987858 29.855500134971027 24.412135281139275 51.91724035291413 84.79205964457331 56.61176231649064 22.761930672700956 15.039038460695508 48.26067966991625 82.62485740421323 66.53121622409738 41.57405629783514 37.752235045281786 59.30337270263356 89.46160319111999 85.12378658137943 67.24709358753572 64.75383536818298 79.11208402618755 103.53337397470264 107.99860933596499 94.33585656558849 92.35527880476383 102.73475890140875 122.36851441832037
63.7539490024829 49.85511954650695 60.43421173275742 70.3415359540692 41.3327661867911 50.60062628676544 54.396473939014754 33.67268001392664 34.46790272744437 5.205771042795619 29.575470685947845 69.70804661170838 84.62231289011865 38.29789442544267 56.48097445344048 53.03592000156181 0.0 107.28699305355785 86.27184792220748 47.5378411590579 49.75816855592324 49.791461865507 78.44308709606743 71.85293634677221 36.41348706626479 50.220885561066595 54.0477748163188 44.29966221697897 79.07698506431441 8.064310233960374 44.89849843804184 58.381366545080745 72.17787314243228 39.72534633697115 37.885898952299584 81.09864675576318 32.21079619503797 85.03660807304232 83.24177954154297 64.16855597192094 67.91484765224847 64.06586427369953 77.4029653353023 101.35471751649764 130.18876342551854 42.58373531284667 36.48363220874535 56.95231920271803 86.895962179013 119.38626453434973 25.024860646941086 12.44237311841692 45.5876648087726 79.97819235316133 114.49733995542252 32.42069555792627 23.995287162180638 49.95289125428405 82.52062842881361 116.27064169633448 55.569091100080044 50.93049045578549 67.04260781502981 93.75666962136822 124.42154300419594
47.2015995258719 58.51939276177878 49.55159870778568 37.03451288101753 66.85243187592846 65.31339363667513 79.59119263629056 111.0061576163388 89.91158336343764 104.22264315156055 119.10855558276215 38.62910022460517 57.5665872466952 84.46474167682022 52.870024478093214 80.66782764368638 107.28699305355785 0.0 31.71864856085153 73.8610238647427 57.69934180378297 57.990529512171086 29.1701225153096 36.23257528967148 71.85651266276876 74.07649601375276 81.14611812599983 85.50807780261023 31.754421052721167 100.7033085693951 78.14364663750749 50.25441701101406 63.754391992849435 84.04689196516108 72.32283743936459 27.449379341686885 78.99504182837788 22.26569393706408 26.659025996048307 45.40052675590585 140.50296835733053 108.91127448140904 79.85644474033163 57.334477342378456 50.91401857405925 132.86560565653292 98.95990358264001 65.78525643237946 35.456755455048565 24.114459313303858 130.8869647439037 96.31195693704599 61.7692687422465 27.38149147909914 8.882769447641838 134.81653916149236 101.54056881378756 69.57233057449244 42.01149166823455 32.9310775334104 144.17182190830303 113.56269226465338 86.03627466162858 65.59558434759357 59.98421009966236
22.603678977723515 36.933231002471224 41.20303619117907 26.774202675122066 45.213936405911745 37.95031457864259 75.56091628038456 98.73242069908771 78.56478569886063 82.2688492602041 104.50473423446047 19.974927322332874 67.37990237992926 74.1155846764197 42.406210706893944 76.10687965220991 86.27184792220748 31.71864856085153 0.0 66.21708545004682 41.688591607266375 37.680858639171625 25.416212287373515 19.209894485302176 49.963424737990216 44.82524906356447 77.00176119469879 77.6422028454936 10.292280183690776 78.73302098581064 69.89289583727385 28.801780843273296 67.42004053816028 74.24516830996683 48.56535321388264 14.28676554890792 54.82745706182024 20.45397708404137 31.27974833902706 22.81613932011139 132.88291847974665 105.95901575101975 84.80272442345596 74.50125623204167 79.39847827390794 119.23554058502398 88.42057499161247 61.758349822644426 46.95531080924897 54.68382213831651 111.13699767924889 77.26365697916384 44.528198903858275 19.76602329548112 34.54675422948004 109.82227180873384 75.37800214070661 41.202038134691506 10.403153583176705 30.22740777531984 115.52327989674218 83.39500101384724 54.39349756876621 36.84300951493711 46.3787722085575
47.68094834127498 36.70742210940645 25.67156304274687 40.548185354022216 34.35239443046266 49.75688707410967 11.504235049970989 37.74675249808575 17.255942100281597 47.65967951150803 47.15410378537528 46.2829378285444 37.248296205048405 11.536191159654253 23.83168410609484 11.255294787188726 47.5378411590579 73.8610238647427 66.21708545004682 0.0 26.839037288121542 34.41048312981486 46.21425533896859 47.067041631459624 34.53574709422066 58.14297695417614 12.45356075038671 11.795836815471185 56.11029712001694 45.3346120253975 4.313827504006672 40.74919551660768 24.640854386793578 10.688109141241322 39.57246822302578 54.49253573137632 41.76376875298986 54.23418820184322 47.20313932996197 45.6115448966433 67.49849713139348 40.18079766761545 32.676919095229856 53.99908088247052 84.61002059237059 59.76381446405053 25.282421564278675 10.07682327574361 44.257633249244186 78.80855309312768 64.68435193861639 35.29773690529783 26.50730898221414 50.5389649905125 82.46562246728459 79.95666170690996 58.60588640305118 53.58200901760787 68.57268449933085 94.4891212116164 100.98809082393221 84.8836529982403 81.28099751208893 91.66620162155904 112.22081105367344
21.119019231578957 10.657203279378543 13.145484684713393 20.6655852027219 13.211850206725053 25.06746862731412 37.86359652597828 57.076180081977256 36.948613531789874 47.068159482223905 63.352206660908195 22.164666522851395 47.4858678134967 32.790559694283935 9.530780070515862 37.91841022023198 49.75816855592324 57.69934180378297 41.688591607266375 26.839037288121542 0.0 8.16250633209797 28.696862718388033 23.773030778943543 17.063381435781547 35.0254181802913 39.042212362734915 37.1821286608572 32.36920471999475 43.6361309251317 29.732434597350554 14.082417416145047 39.69674697571388 33.0963265804183 20.28849855245292 32.73378829790105 25.938006007064146 35.56532990393236 33.714547479988745 19.468440523026306 91.46774047489669 66.8652113893212 54.50102580855394 62.165613554276725 84.57873004965398 77.89218781803953 46.82863512586651 26.71123213894511 40.35962694535121 70.27908481184059 73.20422758831235 38.61468036895002 4.264095824876541 30.66147185679261 65.24510379836406 79.0024435237371 48.63655167986071 29.7402015229729 42.40615951637564 71.46273500264267 93.35268559902522 69.39836294410478 57.55285662632959 64.83301234014786 86.53957088230726
15.452252394342082 2.501744733906865 19.73562626748501 22.004706022624173 8.895563895004255 17.02591215487377 45.65566052922254 61.72935535281538 42.594333225141895 46.38887191144939 66.91284262659714 19.916584746201387 54.91291522110235 39.06172727287725 16.80293335091784 45.61411815317548 49.791461865507 57.990529512171086 37.680858639171625 34.41048312981486 8.16250633209797 0.0 30.161363792129492 22.085743176845924 13.873199335159997 27.23877205707291 46.771332617523754 44.09737409901422 29.487780216546184 42.84496111742361 36.94001221783138 8.89393202981965 47.69657434466873 39.56438262466226 15.174575868701183 31.322264664920645 21.668052885878026 35.78105674198594 36.4498144880077 14.882071786011297 97.15313208701261 74.06228304168805 62.66171232571203 69.0111320166841 89.40559390002988 81.71231223675667 52.42864153222439 34.86336055211768 45.57385587866104 73.02964976433591 74.19944691653039 39.851952595182624 8.102585225922189 30.626446215908643 64.84720569970013 76.97250091548608 44.760868505413086 21.843769764050812 36.68256645543009 67.88900177524333 89.07582122931159 63.204511726578616 49.496721155021376 57.44429680926224 80.89855248787757
23.960161627470708 31.223846945465265 20.866472582351967 8.209668591899877 39.010752628340356 41.405958593593525 53.676378387355406 82.4732267898362 61.40811239990276 75.618218655309 90.18262813637358 14.16363226182941 41.98137114794688 56.14703824217486 23.87442008703518 54.50849592187522 78.44308709606743 29.1701225153096 25.416212287373515 46.21425533896859 28.696862718388033 30.161363792129492 0.0 11.995976287138868 43.891630782116046 51.59601384436201 55.20538051102026 58.009441533196686 16.198048911392295 72.14107376465346 50.370652807524245 23.952741171754962 42.55395190692398 55.87827351191471 45.19705725153124 11.130523370206008 51.78801840788883 8.027391341023947 7.695668984118026 21.072988687549497 113.66156026235896 84.01366129562878 59.937010081112206 50.213543615899475 62.00935122888116 104.16181092247295 70.7675910969602 39.51285272086873 22.568198785240074 43.03749700640779 101.77901688942814 67.24469348418681 32.85701143191812 5.671990335146309 37.14315043399137 106.98988121082448 74.83123543218953 46.340327683574436 33.01471191413085 49.26813874489518 118.79907283579155 90.78317552297048 69.02703998094427 60.684937015812395 70.67795239714333
12.197844010642223 22.36565358041858 22.028001242884066 8.361161560691292 30.8146851406275 30.20062088356556 56.36138778515053 80.6102683745619 60.043070179155876 68.46968389785695 87.12353232716885 2.4699165754173467 51.333862021672246 55.35418916615813 23.236314774896528 56.89806524572067 71.85293634677221 36.23257528967148 19.209894485302176 47.067041631459624 23.773030778943543 22.085743176845924 11.995976287138868 0.0 35.8331565406505 40.059101227467174 57.79734918296973 58.57937559140891 9.046579816335294 64.92306021825357 50.814468817685764 14.021972800431119 49.42602016322718 55.39556794740544 36.09145345050092 9.246985775022527 42.76302536953583 14.509708371243635 19.69133846932691 9.622566182329257 114.03238420428485 86.74932605332378 66.65049243414495 61.269179548523944 73.89396615221844 101.63118853396232 69.82509194080907 42.62653338301549 33.96074402316847 53.70731629624229 96.10092645703851 61.579904128376526 27.26967140560929 9.488900054678252 42.79365992173232 98.60484796691131 65.38448760066841 34.95984712235149 23.750686704271935 47.967112099697914 108.58846385783914 79.52770324792421 57.032109881148976 50.74911235994202 65.52166151510633
27.381911552409864 13.529342586982093 30.13715698253491 35.69105685839579 5.018507037824282 17.878935286404744 45.92993136819908 53.053592005793135 36.688654788419505 32.726177642493504 56.48717961325449 33.57709357726547 63.15424426746851 34.859708688759376 26.32640324218433 45.4233860762722 36.41348706626479 71.85651266276876 49.963424737990216 34.53574709422066 17.063381435781547 13.873199335159997 43.891630782116046 35.8331565406505 0.0 24.072739457602935 46.67414112341061 41.210342674357264 42.69664448775321 29.170378753433813 35.527122075344 22.059384541165873 53.75021806096243 35.80630776723727 5.071498021293997 45.024633936677475 8.951772794572628 49.654248997349455 49.84970311232363 27.769138768646663 89.71241646567924 70.89609880836295 66.32469538738248 78.52670147529336 101.63016138845732 71.39749823355626 45.85450453331885 38.76202714785038 57.42107837737301 86.52567287070788 61.18157076967948 27.579950842980598 13.152008052947604 44.49887059046472 78.62681598840408 63.12796962740223 31.62891088453982 20.260387868334348 47.068317240113366 80.09505301419979 76.31157697656677 53.120850893088665 47.06384071975757 63.26924760078412 90.47542519871008
27.873774095106867 24.830128201399443 46.846592274896835 44.68855746634539 23.85949025643657 10.63138617276136 69.63290198050089 74.79982821790591 60.37951327689587 45.219746416878685 76.16424720913017 37.659187007185174 82.12981062118844 58.889670634733115 44.041691855858225 69.22906951001669 50.220885561066595 74.07649601375276 44.82524906356447 58.14297695417614 35.0254181802913 27.23877205707291 51.59601384436201 40.059101227467174 24.072739457602935 0.0 70.46938428291713 65.28304725312141 42.335514375480706 42.17473888700046 59.466330331115536 28.4518930334077 74.70071079155633 59.86344435729338 19.05614104900469 47.1983004105078 20.311196831855238 54.18088401065384 59.0745424269533 30.555089149780347 111.81918978814686 94.89452782132193 88.88819196658503 95.87465248196868 113.47901286495565 90.75995470351558 69.12300593919751 60.93760725003613 71.0181347292205 93.64048482514491 74.59633201339382 46.149534478022694 33.01180697496237 49.44302126400749 78.70373808235716 66.97323368435103 32.565195256994336 5.515776170047974 37.352504120063884 71.79727901504165 70.70951051791765 39.62560364841823 23.138410624243978 43.536509080697236 75.16856520191463
59.5725325460095 49.09999877784144 35.82284777861498 50.6081405114807 46.743419848264196 62.20399809613068 1.55519550880029 35.60568583945118 19.807679595519296 55.21033215373885 46.3980567762096 57.29258740178808 35.408619319252736 15.899156931066711 34.81588640260308 1.256911215687694 54.0477748163188 81.14611812599983 77.00176119469879 12.45356075038671 39.042212362734915 46.771332617523754 55.20538051102026 57.79734918296973 46.67414112341061 70.46938428291713 0.0 9.923566541679481 66.75502200480395 53.444525602039825 11.335621774928136 52.748323009940435 22.482489504034437 14.452731138359328 51.738438957713896 64.48469595287011 53.44745651747641 63.178848894977456 54.78701382878975 57.324238097986246 59.41822096300998 28.99567680727777 23.362803561132836 51.436746909213724 84.50150472304394 56.79276735006439 23.204392408777675 15.694654110684674 48.46703462213568 82.74441164971724 67.21997934728009 42.65769901839233 38.9314889511984 60.05389465112879 89.95614252196465 86.08003703205961 68.44254734746976 65.98305595279389 80.11190256189396 104.29209971700779 109.08251394930573 95.56353279379604 93.59736997821634 103.84233939268853 123.29103839198464
58.29198381626389 46.190973674963516 37.4312529130819 52.27201420771765 42.24887164575164 58.00869019596945 10.602550879292838 27.213708954888542 9.908238508923041 45.70152080930929 37.49761900666862 57.66937442009451 44.351715399442995 6.963369506148649 35.40213954046654 9.091127126128473 44.29966221697897 85.50807780261023 77.6422028454936 11.795836815471185 37.1821286608572 44.09737409901422 58.009441533196686 58.57937559140891 41.210342674357264 65.28304725312141 9.923566541679481 0.0 67.62448688283126 44.13544464063637 7.77021646220453 51.263620210207606 31.27237998837061 5.666957516755169 46.24190909479578 66.19793645327637 46.90542091577126 66.0299107429126 58.85407392045207 56.461845225780316 55.72004328525021 30.07112404626179 33.14607882684244 60.728027666414064 93.12338540361375 49.03562850392302 14.507563341420601 20.280539448369044 54.83598746634529 89.42888301539358 57.49385620080404 33.215199712787765 35.99711582125795 62.31510304309432 94.15619284455087 76.20907913250838 59.85450450335961 61.2542894101519 79.47579837607364 106.18618260765805 99.55496398760886 87.45435480852488 88.20456990179558 101.52111496699072 123.40071340590755
15.95459987812519 29.223388898616783 30.93906461635567 16.50192745406173 37.74565068980268 33.68753595516076 65.30666590788233 89.39881310217748 68.95567391931047 75.40110511038326 95.63919518700604 10.218563056663815 57.99270725230161 64.33733168331965 32.278661225701164 65.87300660791387 79.07698506431441 31.754421052721167 10.292280183690776 56.11029712001694 32.36920471999475 29.487780216546184 16.198048911392295 9.046579816335294 42.69664448775321 42.335514375480706 66.75502200480395 67.62448688283126 0.0 71.84469850581812 59.860285741235565 20.712180119924646 57.35896847055147 64.40196867257173 42.13378286914479 5.976566066704911 48.69438477711406 13.643149792538866 23.049756093555597 14.9374385596521 123.04795566487434 95.7284548002876 74.71173072076859 66.29114829961902 74.84622880433088 110.242610726065 78.7657095697462 51.47296290337625 38.596890273768985 52.199608146224165 103.6530141746758 69.33620957662434 35.57983490237994 10.917482642917792 36.97715896622186 104.46254150724027 70.52968332650761 37.832509059544485 16.822904420919684 39.10972186611504 112.511551645059 81.88288111639328 56.08545837114081 44.51029675574365 56.67071421923809
56.3193667341639 42.69693522255314 55.08386277276774 63.966332431406514 34.16594168732665 42.64339725635217 53.56395613760535 38.50072681960472 34.76450016559195 3.5565329903929532 36.16406314186854 62.70805198802002 81.70932979044464 37.5588063638333 51.07520003865592 52.33190394700197 8.064310233960374 100.7033085693951 78.73302098581064 45.3346120253975 43.6361309251317 42.84496111742361 72.14107376465346 64.92306021825357 29.170378753433813 42.17473888700046 53.444525602039825 44.13544464063637 71.84469850581812 0.0 43.32384433449773 51.229489744904775 69.72456398712836 39.00370111847688 30.19875732200085 74.1454063875219 24.305624732807527 78.43960312252372 77.33626966585692 56.90799119415805 74.13791735358092 67.01979355330464 76.69185677478968 98.31782794198682 125.88056208817294 49.86458899425151 38.84986582286126 54.10149576895363 82.09419312658441 113.78385727047267 32.94496211637292 11.002672987358 39.39034596345523 73.32797662270916 107.69046946766163 35.96095739083716 18.082374035237244 41.899907516363896 74.69324235676827 108.61586837188068 55.766703184226834 46.11985065943608 59.48923295389671 85.70711651456368 116.39271272154747
50.78554836157859 39.13120816911977 29.707371704020378 44.52094851576141 35.93254535314466 51.583282468661736 10.89376069318072 33.455251605179726 13.184912418487668 45.41871933620705 42.97700876218196 49.92368916616136 40.50953988385039 7.5451687376942775 27.63194166423292 10.081377007556872 44.89849843804184 78.14364663750749 69.89289583727385 4.313827504006672 29.732434597350554 36.94001221783138 50.370652807524245 50.814468817685764 35.527122075344 59.466330331115536 11.335621774928136 7.77021646220453 59.860285741235565 43.32384433449773 0.0 43.78434991871301 27.63194166423292 6.5242383363085645 40.598552035471045 58.438611726450794 42.12443256577401 58.380773987245014 51.488708654663924 48.86705594301909 63.45456482771748 37.157134440020585 33.61040551219385 57.21452572749268 88.38653984621003 55.46909070183109 20.969246749964377 14.05179255891759 48.47732168614716 83.05120613505974 61.03836768059821 32.90311061210161 28.885788064855383 54.59857618720157 86.73212782071714 77.28539112961468 57.52679346779745 55.14009802250313 71.87716613737996 98.42266899213803 99.08955452308086 84.37851417145325 82.55574565105121 94.37103514655097 115.7197349417108
7.048187661868382 8.535679176943654 20.60575929259604 16.420925639163464 17.07135835388872 17.89997018705832 51.49646923385785 70.29480612715945 50.701320835549375 54.7850357881881 75.73377009431822 11.650553663623475 55.40683534457635 46.77447546181123 19.21049084414571 51.66671800369902 58.381366545080745 50.25441701101406 28.801780843273296 40.74919551660768 14.082417416145047 8.89393202981965 23.952741171754962 14.021972800431119 22.059384541165873 28.4518930334077 52.748323009940435 51.263620210207606 20.712180119924646 51.229489744904775 43.78434991871301 0.0 50.12945110404202 47.130798449943136 22.069948352506007 23.065773317082165 28.741115509094456 28.361447357246945 31.07091686558875 5.989994517458474 105.30085379437347 80.87719457264808 66.24759043212168 68.05246299683883 85.25434914047902 90.50230907571701 60.581702749842435 39.29942807216708 42.586088864633695 66.91436663348344 82.94491742089177 48.69679717632722 16.054581216806433 23.2158113025707 56.701419774080485 84.59266483847814 51.42860282605972 22.994149602585804 28.41492788194867 58.999430678544044 94.96752607239146 67.01265857271412 48.55279042738636 51.17481956116001 72.63031395614175
55.67804608147104 50.18728254625896 29.561836737706944 41.119998315183686 51.67472728600773 64.71780597215329 21.227974084643282 58.02825911644302 40.243320459591764 72.18467705097683 68.66563873239204 49.89399618816127 13.081140745205573 34.97692295790736 31.235446464859244 22.76017688624261 72.17787314243228 63.754391992849435 67.42004053816028 24.640854386793578 39.69674697571388 47.69657434466873 42.55395190692398 49.42602016322718 53.75021806096243 74.70071079155633 22.482489504034437 31.27237998837061 57.35896847055147 69.72456398712836 27.63194166423292 50.12945110404202 0.0 33.72345403308988 58.28381634380666 53.403422203107965 62.251065661909315 49.71470536519361 39.37405965511116 52.72913041420614 79.60341443929964 46.06824141114534 17.398626232547745 29.630922609097095 62.03322501974309 79.26229804998877 45.481743879550024 15.796115215302748 28.72797558017838 61.61109479165917 88.41393776321773 59.908296193014394 41.90232759611504 48.13966874687405 72.62142865455004 104.59518784453796 81.75231135987234 69.4369419457414 73.17307431169823 91.00478066860173 125.10683454060089 106.54445484770113 97.19255296693245 99.67815474078458 113.22432335324993
54.178982387730976 41.54533238387265 35.03992117007977 49.607748059100636 37.10028879375506 52.85885255754495 14.685225582589391 27.147591753630977 6.675098579541858 40.762410085321356 36.474740498679566 54.300742438537824 46.71527576711974 1.4464293204158292 32.536133488334265 13.371879900379202 39.72534633697115 84.04689196516108 74.24516830996683 10.688109141241322 33.0963265804183 39.56438262466226 55.87827351191471 55.39556794740544 35.80630776723727 59.86344435729338 14.452731138359328 5.666957516755169 64.40196867257173 39.00370111847688 6.5242383363085645 47.130798449943136 33.72345403308988 0.0 40.807969673310076 63.40512982342949 41.29044516328935 63.84027135908873 57.43375157691612 52.542751919955464 58.6499927983741 35.16098882192881 37.783632336332495 63.35412273866129 94.84050358784945 49.16084171625251 14.921529151209857 20.57595252660259 54.94489720392256 89.49507110070807 54.72691621974633 28.20623047383984 31.480000124239513 59.84339787927464 92.55440034376842 71.93420378568396 54.360652745526295 55.950264040603145 75.50221263027873 103.27408563197403 94.63163839166359 81.85961061903701 82.71379526370006 96.83426673027039 119.61147815453926
