0.0 35.68385147692725 22.273142489825563 27.952917721651797 64.97255615082881 16.130575596226766 79.36986383873935 13.932413669918063 28.587563294984836 36.9456108015471 20.780470071919844 7.233195356209469 69.00803517954051 4.467577067911271 36.93926879914357 56.09163614765958 77.89262133822366 32.030060981216046 16.850332605736703 24.4213892138273 6.222928281987805 37.62547342404786 17.35836148925549 28.700466356994642 31.303779896512403 18.66409226463003 74.71063206902996 19.205640513441168 28.55951986119553 30.79790734176458 26.3258334382292 20.491048856634464 62.70713990987381 48.00329572526767 26.966740108030418 54.430674681481534 79.90522196058662 23.406086740614025 10.391042045143921 11.039083495986453 67.11534453108504 49.85578251997935 53.49333539432047 75.04853838779749 103.9126440671533 50.471917739906345 23.377466202192398 30.666654371272497 61.06740352421838 94.40793491227436 46.82778817690605 13.970950123432418 24.338988388679514 58.17592690138194 92.58155211741898 58.658089693136645 37.837332253468645 42.63079757688873 67.80807515553096 98.86007371093547 79.3166599152667 65.23698327058992 67.9365073388018 85.84665205627559 111.88699613307284
35.68385147692725 0.0 35.687734893737115 24.953098959057957 61.70477020764374 23.321620618829318 74.78483632304425 25.36222251126893 40.67929757933936 5.993287025334638 29.88971744432245 28.4651759801031 62.73786360247409 31.440261075751078 57.75004665632006 66.13593564420184 66.47124579351913 29.333172768175785 42.1078362776855 44.944392952968315 31.165445197395567 32.88935550992747 28.8939514633581 30.959560157824328 36.125473898631455 39.54966361813583 67.93612315985516 21.971519060269152 45.65790166564858 7.222816121654275 34.2847223005202 30.96861292438487 58.88074880798193 52.26901756392243 43.45842268618376 66.33599971806399 64.49841897916792 16.127809698463626 41.2589122881283 31.12226363481387 63.93363070849662 31.70105410623332 17.81161897785749 44.9933323182853 78.27129345317665 62.94115767729731 29.668051298644635 13.915778278500603 43.611422603362904 77.49267808632791 73.69822346196693 48.337722733774164 40.45325676993524 57.71672005828435 86.14404687233437 92.1788567472738 73.30688858134941 68.15880095324574 79.448778049767 101.84968566786898 114.70812843550914 99.9605556215745 96.0257488294031 104.13668904267654 121.91238401760025
22.273142489825563 35.687734893737115 0.0 13.228186312753406 42.751032989093645 14.657245833191597 57.121357768824005 14.13817929322698 6.818002355588801 33.21006339766744 5.815403108261028 20.75463905095319 46.98335274154598 22.631634376299694 59.19535933427639 35.491122516604605 56.479483057099 47.90928403441508 10.974776415643245 46.38439077655163 17.30823605877328 17.976913826619324 8.005180660777928 9.400964795956726 9.579618508617635 6.6366029888823626 52.65138210191978 14.341822573887905 50.19604806332497 28.525440237130578 4.948260187048961 39.026842732604685 40.549261438588736 25.82546668520433 48.38304077884892 34.48412910398301 59.40538661781351 33.053932194355454 16.434782773450525 30.458043043434614 85.61146447426651 61.49463106693356 51.27045129027993 62.213595189219596 86.64413657024414 72.14891542008303 40.95410573254644 23.32070524188142 42.48900500473078 73.90277082870372 68.37093944518978 33.92983704043727 4.768260783554009 35.903938064656735 70.3583912162407 75.74108051570286 46.94257126864059 32.63942699975944 48.186023602335396 77.28704305541014 91.60667582600263 69.5290724771423 60.593588711373485 70.02611139347901 92.3607696511978
27.952917721651797 24.953098959057957 13.228186312753406 0.0 41.21291212249871 12.818850426336759 55.435918292785416 14.445434704470472 16.326567841182683 21.2527901208206 8.934351826040505 22.97710427110662 43.96894515762569 26.09499417886386 62.645841324658356 41.45974777113473 51.2479820427001 44.35031602050391 23.268910433479938 49.08419627417186 21.751857042672228 10.958364548236844 11.169256920370225 6.02034330296804 11.17467498055521 19.277095312317584 49.64588772606712 9.97798166958224 52.02085993967814 17.835217611630977 10.010843771122202 38.44713207050829 38.560745668087385 28.27730068811399 49.93468702888583 41.471333731931296 52.37312742621605 27.84964087939476 26.556420622512316 32.00879691354081 82.33814988243806 54.286572186081905 38.84994056436073 49.66315347316579 76.27820601306495 73.28681295547159 39.387264764497814 11.252041423427452 33.11664815315712 66.7957219567495 74.52183699049266 41.62003239092642 17.487098702647174 35.69620095979786 68.09910074255714 85.59907824695338 59.07311537089055 45.24243725227212 54.76255750060193 79.66060309644972 103.40188385655414 82.60431851667346 73.14196334856506 79.18819155179865 97.91088842890008
64.97255615082881 61.70477020764374 42.751032989093645 41.21291212249871 0.0 53.18383980442267 14.439257115876904 54.09411947604367 37.0088756152333 56.06222368712322 44.83824553308388 62.311869969744045 6.080770554809927 64.79284407079922 101.7826327558441 23.42507730806542 18.231407176684634 85.47857289059725 51.39970217905239 88.6695063431573 59.59339919252836 30.398434421441692 48.44955643635072 37.458047199918376 33.79967800351253 47.69419819475429 10.62684227781449 50.81649265957667 92.14642553698351 56.00189524343707 38.73194357994875 79.37185652122285 2.8294261758396146 18.305695862737824 90.18289287104973 26.66164051349054 25.504620309306 68.87103394662257 58.38053682375302 71.99971218877356 123.31602255241118 93.29120883652021 67.78242199713694 53.669942027664845 59.67635615117886 113.8704249382103 80.52008993370349 48.94218740691729 26.495889338741968 37.464225791763724 110.90831732098562 76.31375405299036 41.73460903016908 7.390564978313589 27.610100272444985 114.93225457212012 82.00122031835073 51.32069862272742 30.631112647308814 40.4666899888265 125.27061272043086 95.83666467100295 71.21373296937082 57.904359235658966 63.47616451502238
16.130575596226766 23.321620618829318 14.657245833191597 12.818850426336759 53.18383980442267 0.0 67.5625440011441 2.3607153560098526 21.161487806729554 22.71450517271072 9.483655258743118 10.270916793561833 56.37057357869508 13.539299458735574 49.8275539893685 49.64191893557275 64.02969447028987 33.72249843324997 18.83554321766208 36.27663650201265 10.036133598871354 23.54808939505197 6.674449949467116 15.75607326972181 20.111965902857452 16.699410945469328 62.081353897497955 3.1098060304008786 39.30472217363297 16.86370675563645 15.884507464831929 26.20810710761057 50.64035739174486 38.330504463735316 37.25072552355315 48.8927485524965 65.15826838017162 18.403720507965318 18.398863128388257 19.21559138427006 71.71350586076416 46.86030952353949 40.543483958757065 59.04645096552964 87.88638374866812 60.774701689346855 27.566880138592158 14.871221991904097 45.57658888413805 79.54966695638903 61.97564290063244 30.09975562873274 19.1274478004719 47.12294795878823 80.43714430355632 74.73330146940505 51.32316696830606 45.583810991498495 62.58206947111828 90.2771413552984 94.47604400293768 77.0976681698831 73.19240786252622 84.64607070318499 106.6186502714525
79.36986383873935 74.78483632304425 57.121357768824005 55.435918292785416 14.439257115876904 67.5625440011441 0.0 68.5109929183006 51.22913584960681 68.97340951758906 59.27684018892362 76.74842420265963 12.054664800171414 79.23068823095322 116.20832294219092 32.690376213759535 15.486332938338636 99.54097642344567 65.46682822848764 103.10850295436816 74.02593970039547 44.5292165909169 62.888191779693685 51.86277143433206 48.23620064916036 61.886799482871716 7.502858276956042 65.14234266778 106.58030517301648 69.48719827906612 53.16188437695467 93.72455382753422 16.92253140638886 32.06269478162046 104.61176034971915 36.085490956072036 24.06465044437367 82.9004766476358 72.55327300402388 86.42921698085195 137.22005005064756 106.48352582043863 79.01224234882254 59.51404580807786 56.88323914062657 128.28565180783738 94.8073406788779 62.56592016358969 35.148200785728584 30.84050590823256 125.11380842519195 90.5101267683405 55.90666731498218 21.30451282233996 13.306520830343466 128.13336061582334 94.60306951309659 62.25884109753965 34.60383943955928 30.224625541662615 136.93518052349356 106.11956148614667 78.52562966524941 58.87260161479981 56.21821280770262
13.932413669918063 25.36222251126893 14.13817929322698 14.445434704470472 54.09411947604367 2.3607153560098526 68.5109929183006 0.0 20.856991462717865 24.984553386258682 9.599156249639591 8.558810081832574 57.47842429152336 11.655746929526442 48.368848669349255 49.51133279921342 65.44316777269879 33.79828393249598 17.014828096206244 34.90539860541154 7.768302315266065 24.895730932753494 6.2429833967642425 16.657437270552773 20.62415995282276 15.270957620349913 63.19923858253189 5.297699328745579 38.12496730566973 19.06950934200448 16.092625394924635 25.54642014546264 51.60409377141919 38.72574166115381 36.120928601623845 48.60432705425532 66.80715515261414 19.145950863147238 16.123370673590987 17.960108713612254 71.62659908192882 47.754182402965576 42.724407031829216 61.36048202166761 89.99812958869079 59.77641091696855 27.158946194046127 17.229287372328805 47.44406450854574 81.23965226108726 60.11120995519018 27.881500934964265 18.337087501224566 47.85362695991798 81.47723976595385 72.46228111987432 48.987435812016116 44.08598412942972 62.30728346613442 90.64016546518472 92.11622925077764 74.86446261994361 71.54531191432065 83.83037261331678 106.44757821683271
28.587563294984836 40.67929757933936 6.818002355588801 16.326567841182683 37.0088756152333 21.161487806729554 51.22913584960681 20.856991462717865 0.0 37.48337462217865 11.780452842182706 27.54133371394488 41.63374588968777 29.296265219708786 65.50469687084843 28.685870310419403 51.800723212830356 54.65501460090516 14.567081868667463 52.89953083866182 23.974257085979126 16.563731873837842 14.63796839211083 10.655153000795162 7.192228955655216 10.687967358695484 47.20872954574472 20.385515492585217 56.80988017366843 33.45665173618038 6.415292785929973 45.840650839242294 34.99270630304723 19.456898776613755 55.03638938806351 27.758761210654868 55.48586148411258 39.537800548983405 21.376040713594307 37.20872842440583 92.41261557696312 67.78522718819572 55.17587864501077 62.359547757850876 84.42655898119745 78.77661637089561 47.76969363114856 27.440335833003804 40.23481688918729 69.85376874533364 73.90487837252975 39.305877379055595 4.77779716627575 29.925859969814287 64.52240885188549 79.42708180907279 48.82524340464292 29.223030925640064 41.4596762388048 70.55963467465098 93.51950443702923 69.27303014239679 56.9771777503569 63.94400635693358 85.59243073031104
36.9456108015471 5.993287025334638 33.21006339766744 21.2527901208206 56.06222368712322 22.71450517271072 68.97340951758906 24.984553386258682 37.48337462217865 0.0 27.578812710641262 29.761858637617365 56.91985313943331 33.00061918903503 62.171835002172024 61.628129481591074 60.48665753512669 34.87675282360981 40.89529775278838 49.031439820368384 31.749704835412167 27.92807135270833 27.29180214907111 27.233872948779037 32.23486635312355 37.85435323492463 62.066009713742545 20.670900330919952 50.15580015526894 6.1477791552224765 31.08027595673696 35.28803564741162 53.233807446521915 47.458893957892116 47.93506338521336 62.04354542364572 58.52499402348988 20.410443204670447 41.1051957247139 34.07635171069494 69.91765463125095 37.569986942464226 18.14875756460544 40.52281920164427 73.14142699937513 68.23258486169932 34.36348482383907 10.043158389501176 37.626233674456024 71.59227876997517 77.56417702783276 50.287871706973945 37.899402833111196 52.33245303993333 80.22364214286438 94.70981182136634 73.86128557787629 65.84678978655384 74.90580157847214 96.33653336560309 116.26159104742905 99.80250365063017 93.80300251920548 100.16061199350116 116.87589346274527
20.780470071919844 29.88971744432245 5.815403108261028 8.934351826040505 44.83824553308388 9.483655258743118 59.27684018892362 9.599156249639591 11.780452842182706 27.578812710641262 0.0 17.4823695354505 48.51284929084254 20.00558827742473 57.07594056072848 40.15834804376778 57.12152649627559 43.18354283014909 14.42122158250019 43.845133721709686 14.9374385596521 16.935389728927852 3.6113693719304005 7.923901082721111 11.118859252015353 10.642964503756016 54.23437289037479 8.650215969842757 47.32286291560753 22.746511276458563 6.494859133854583 35.12965312940987 42.42708730012493 29.13086412680889 45.38434680762341 39.438867804977825 59.217143990628 27.78129108999681 17.784982059534777 27.212286486445596 81.12798248653087 56.01406179945026 45.69698165325799 58.59749637651268 84.69907004720325 69.12541214011972 36.75201369167826 17.831059737626354 40.98818301077137 73.7357706665092 67.59066871263943 33.80552293122381 10.582088256378432 38.418747125328345 72.3524152815092 77.15108042557898 50.13876390098728 38.34485201069624 53.118596571637575 81.04115326912522 94.49664376643834 73.91805409972794 66.27903020041379 75.60892177040726 97.1353506283513
7.233195356209469 28.4651759801031 20.75463905095319 22.97710427110662 62.311869969744045 10.270916793561833 76.74842420265963 8.558810081832574 27.54133371394488 29.761858637617365 17.4823695354505 0.0 65.86716327753759 3.4153986176363436 39.83819726075103 56.066606928933794 73.9863863919894 28.415205626335418 19.140592508188234 26.439389341372628 4.337397528877261 33.43728356267363 13.875247127502744 25.021910889854805 28.585959846906764 19.333178553077637 71.59094394671146 13.347227302698002 29.840527834114333 23.615776688124182 23.785727723128883 18.38816888882116 59.87804728508748 46.34052948785297 27.908884624822853 54.806947974729994 75.34978198730873 17.060276530857468 14.750895168961254 9.769312892672172 65.31539285702331 44.79292382485707 46.27667981249462 68.34819495119824 97.96040016132994 51.667273038781744 20.6026140706091 23.964116594960352 55.84747654246808 89.768886382757 51.70954751502564 20.70743329257035 24.0534565595942 55.885510115744566 89.7923281732137 65.41567776619416 44.93769061783392 46.41552017446271 68.44139334181658 98.02483086289735 86.51830042837601 72.08447418205805 72.81266128371016 88.32866456734801 112.68087432572945
69.00803517954051 62.73786360247409 46.98335274154598 43.96894515762569 6.080770554809927 56.37057357869508 12.054664800171414 57.47842429152336 41.63374588968777 56.91985313943331 48.51284929084254 65.86716327753759 0.0 68.51612796855646 105.58875807890804 29.466020630954368 12.150651111739938 87.80252994872346 56.163555829381984 92.30387692220614 63.4168239518109 33.01158028312429 52.1080846095749 40.84854564724645 37.70437419933344 52.297566893872805 5.723904829329364 53.8175203997851 95.60224179419968 57.50657937816435 42.682928732593815 82.39724065487069 6.86383768916792 23.698888935931468 93.58486714724796 32.72388022981942 19.610443129520075 71.15491751278631 62.969861862853186 75.43852969352503 125.35278491737103 94.43819432251074 67.220771086427 50.134810703153356 53.88111064354214 117.14162903466199 83.34102638477798 50.63731551689093 24.029032126603038 31.392621196593648 115.34174441610006 80.81541943158317 46.40473711106365 13.058362466915897 24.134946236316093 120.24148600831954 87.60600682530185 57.32749336465431 35.956948553449045 41.16059272806687 131.09151713292235 101.86609877551952 77.22174498864248 62.80504219811166 65.73072615207413
4.467577067911271 31.440261075751078 22.631634376299694 26.09499417886386 64.79284407079922 13.539299458735574 79.23068823095322 11.655746929526442 29.296265219708786 33.00061918903503 20.00558827742473 3.4153986176363436 68.51612796855646 0.0 37.07454580193441 57.513650664355524 76.88433519445228 28.432744841253474 19.31792276091508 23.88638882885678 5.325361927692612 36.363211874082594 16.40829122328302 27.74805719453139 30.99530437360303 20.25615512734898 74.23835189323795 16.640285710934073 27.571924280319227 26.8644818206413 26.094994178863846 17.478838774288356 62.41435095496858 48.42549476313579 25.752484941492654 56.07956034453262 78.43195359872489 18.950548088032672 13.817016631270036 8.150446886971418 64.47855913863518 45.75126040522888 49.2309598056437 71.75662556603355 101.3368420435608 49.517767021073986 20.083716800983407 27.37793945314488 59.08127381167667 92.87890890799235 48.463586233412265 17.349744479060693 25.458977609099584 58.22505399593093 92.34178766514367 62.02918908541729 42.26295709529151 46.03821389858886 69.62541984139408 99.85340950078336 83.35842545481458 69.70439327912104 71.85777563757469 88.67434536289267 113.83102063070483
36.93926879914357 57.75004665632006 59.19535933427639 62.645841324658356 101.7826327558441 49.8275539893685 116.20832294219092 48.368848669349255 65.50469687084843 62.171835002172024 57.07594056072848 39.83819726075103 105.58875807890804 37.07454580193441 0.0 92.3006871646328 113.81078040851128 31.796982905506876 52.63479442618552 13.648484541469013 42.20015642762128 73.26457960210274 53.48248867589229 64.80569157323795 67.99642440243771 55.29139778755509 111.31027504800515 52.731401216058 12.105402066678792 57.078860239926016 63.05124977690899 26.8841019281404 99.44606163805663 84.93908292711741 14.292586242624433 90.31484143705468 114.90529320626527 41.78826133452589 45.298966774199805 30.6910358130132 43.0989979268401 48.527620217936324 72.43725644386997 102.63626168469774 134.96691519295481 16.735923561092783 28.14176592938388 60.81675492002268 94.86963268334924 129.2155856267044 17.909556167927782 28.848696398174877 61.14403000468345 95.0777974399137 129.3670466775861 44.491622868810026 49.75733624023997 73.25911558776502 103.21250421039163 135.4014827608527 72.50002603929441 75.64721382373381 92.64718763383405 117.64036307467225 146.5938671899293
56.09163614765958 66.13593564420184 35.491122516604605 41.45974777113473 23.42507730806542 49.64191893557275 32.690376213759535 49.51133279921342 28.685870310419403 61.628129481591074 40.15834804376778 56.066606928933794 29.466020630954368 57.513650664355524 92.3006871646328 0.0 41.56951314476966 83.29697033127962 39.68061624168001 80.46527488544032 52.26131442509312 33.942223385437245 43.27190194529706 35.68314161529342 30.490200016179585 37.44167467371116 32.89778698817627 48.42852109736396 84.64942650150464 59.18886644425049 33.85935564615451 74.43759552143798 23.781353391109388 14.738478420898048 83.01430896552992 3.402220173280206 48.881734791176456 67.82737653402197 47.00230881600237 65.58626042877185 121.09848444038093 95.51786161257385 77.31256880283462 72.2880153309085 82.87721933414448 106.55334565422903 76.43868303188265 52.22015850121964 44.78653304314032 60.659195744072306 98.09692020869537 64.25084195059253 32.06531904926628 17.97352880512766 44.863792163945995 97.32991800433255 63.08451250474322 29.682493609291733 13.315294421074277 43.22494226648582 104.42195942775733 73.46656299872932 47.80743310137894 39.60542834434598 56.97766020859742
77.89262133822366 66.47124579351913 56.479483057099 51.2479820427001 18.231407176684634 64.02969447028987 15.486332938338636 65.44316777269879 51.800723212830356 60.48665753512669 57.12152649627559 73.9863863919894 12.150651111739938 76.88433519445228 113.81078040851128 41.56951314476966 0.0 93.49153591902112 66.34715396525958 100.30203038151714 72.01466468145533 40.54922244364454 60.617674063783795 49.2214413669991 46.934183962253876 62.27717146297701 9.685323080566917 61.22296610966756 103.26084045533577 62.23644090799444 51.84707147878811 89.40538752258914 18.626917719769498 35.16325753964572 101.16228994908398 44.85083263351722 8.665773945156824 76.99208794331439 72.81578794867309 83.24392359627737 130.20936136178582 97.8587053921255 67.77165773751011 44.771552376399036 42.55360326614955 124.338284723696 89.97558739824098 55.91113456459967 23.48094908873429 19.274499556581944 124.6378067544697 90.38525371066333 56.56195936075458 24.977316668210168 21.05534117756087 131.06561325005174 98.98477279908593 69.37286355154787 47.13832657332238 45.014088365457454 142.79618677133644 113.93412998619132 89.25233095128208 73.11449086741196 71.55582828743869
32.030060981216046 29.333172768175785 47.90928403441508 44.35031602050391 85.47857289059725 33.72249843324997 99.54097642344567 33.79828393249598 54.65501460090516 34.87675282360981 43.18354283014909 28.415205626335418 87.80252994872346 28.432744841253474 31.796982905506876 83.29697033127962 93.49153591902112 0.0 47.507350178269654 22.273101122232234 32.7224962174928 55.080490042438605 40.029433694469546 48.92843281730682 53.675552672786125 47.64435429521928 93.36588868761196 35.34970037291318 20.432263661467214 31.524770535638375 49.60628372787158 12.200862832761585 82.77762518186063 71.88942992004591 18.703372887777228 82.3928008086827 92.60496612020964 16.647678765804418 42.20823867821645 21.090001919883456 38.07179083253776 19.600687804681137 41.39757963254644 73.74401106630746 107.5055611040012 33.799792850974896 8.942510405264237 37.5814303341466 71.69108896916828 106.12122072030742 49.433869607926034 37.00421290196425 51.862738339368875 80.03126283369222 111.87086296084193 73.16578126377853 65.20845908465364 74.470299784542 96.0951548637448 123.76389961543434 99.35206357310673 93.42535987932402 99.9021819843251 116.73592773461128 140.2454649495154
16.850332605736703 42.1078362776855 10.974776415643245 23.268910433479938 51.39970217905239 18.83554321766208 65.46682822848764 17.014828096206244 14.567081868667463 40.89529775278838 14.42122158250019 19.140592508188234 56.163555829381984 19.31792276091508 52.63479442618552 39.68061624168001 66.34715396525958 47.507350178269654 0.0 40.917564762312566 14.806531599293711 28.922874167975316 13.650019929786016 20.32604507695542 20.111965902857495 4.353163803296237 61.705545919229436 20.284055024141 45.24152559529302 35.39752343576536 15.88450746483198 36.79086886975521 49.474818929734404 33.431410109697154 43.73960552803488 37.811913860549325 69.80689709319104 35.21683933441435 7.3586895584522845 27.37940533911377 83.747251588533 63.635576895246665 58.99287020302691 72.83967609077497 97.60054139318243 67.01833424641829 39.376383322611375 31.691929670842832 53.41435811969369 84.24158892419435 59.71553440996992 25.169134578685288 9.791830216089515 44.194217500608836 78.77329560180605 65.09315452531811 36.03465673777669 27.472086441026555 51.04680115118524 82.77486097244147 80.65320794770854 59.54405869694907 54.597136685852234 69.36135218648197 95.05758493465322
24.4213892138273 44.944392952968315 46.38439077655163 49.08419627417186 88.6695063431573 36.27663650201265 103.10850295436816 34.90539860541154 52.89953083866182 49.031439820368384 43.845133721709686 26.439389341372628 92.30387692220614 23.88638882885678 13.648484541469013 80.46527488544032 100.30203038151714 22.273101122232234 40.917564762312566 0.0 29.14483377283713 59.77953616722129 40.235472364919325 51.46119401157272 54.87751027281807 43.075639572780595 98.02777050669127 39.142191697148036 4.751488622338453 43.73365044152364 49.98114869297141 14.044532632592054 86.27219892051406 72.20960680852781 4.495046698705667 78.71258090930361 101.28393370658054 28.82737355870588 33.782479156842214 17.083073449360086 46.31207501487074 41.33240456661473 60.55369713839753 89.55420705467539 121.52359835895211 26.103182288861387 16.073502566268854 47.22489429511567 81.2211523857269 115.57859812991927 28.81377053005539 20.145706215497306 48.74745607239929 82.10741961527772 116.1972079084951 50.90551602019897 46.37709812006956 64.07115861185028 91.946756158073 123.28062716707936 77.23140861168449 74.11622712028228 86.11903570772795 108.32594352318866 135.82076536715778
6.222928281987805 31.165445197395567 17.30823605877328 21.751857042672228 59.59339919252836 10.036133598871354 74.02593970039547 7.768302315266065 23.974257085979126 31.749704835412167 14.9374385596521 4.337397528877261 63.4168239518109 5.325361927692612 42.20015642762128 52.26131442509312 72.01466468145533 32.7224962174928 14.806531599293711 29.14483377283713 0.0 31.603268522519162 11.39823072526588 22.796354797655482 25.798230181287714 15.184066807163793 69.134550707892 13.064500008585565 32.889646929251086 25.643530943155675 20.865078761893418 22.401064969359414 57.24599308642364 43.11175178122294 31.07760975682004 50.88613821035948 73.83645112216254 21.075105638791477 10.718650839525223 13.325606247685702 69.41335463539676 49.06888797523499 48.90921014073631 69.07444542042558 97.69984793644092 54.840719476834465 24.77232472571104 24.792737974443114 54.868386750448074 88.32467433934946 52.88509361749421 20.122886434260465 20.1960466583485 52.968692200876575 87.16843876617058 64.70094021033243 42.20847276011388 42.091852459358414 64.47261648375374 94.53326330166 84.70868227747923 68.87280394063926 68.60125929215017 84.04504634235268 108.70038746610851
37.62547342404786 32.88935550992747 17.976913826619324 10.958364548236844 30.398434421441692 23.54808939505197 44.5292165909169 24.895730932753494 16.563731873837842 27.92807135270833 16.935389728927852 33.43728356267363 33.01158028312429 36.363211874082594 73.26457960210274 33.942223385437245 40.54922244364454 55.080490042438605 28.922874167975316 59.77953616722129 31.603268522519162 0.0 20.26716090909297 9.08903828336819 9.40818257425129 24.569850429713334 38.68763330905839 20.86371843033609 62.85057098135949 26.417370628386617 13.040284781252348 49.40135860018459 27.702259010420608 19.54809788915042 60.78734131585426 34.697737434689934 42.29213738998474 38.476011030833384 34.08173767421325 42.75213607935108 92.94553056841421 63.76583834230553 43.452432101821195 45.87991719211707 68.67780556630032 84.21510707959884 50.334941536204354 19.23224880125253 24.515371178147387 56.80649988859087 84.45148204356404 50.72581759799626 20.22410767649838 25.293688944488984 57.1434780032291 93.58672474297349 64.6883804608686 44.78299916506774 47.13031287382287 69.51139977494756 109.41370060831616 85.83675102224527 71.82823201568105 73.11223665197501 89.02954861810885
17.35836148925549 28.8939514633581 8.005180660777928 11.169256920370225 48.44955643635072 6.674449949467116 62.888191779693685 6.2429833967642425 14.63796839211083 27.29180214907111 3.6113693719304005 13.875247127502744 52.1080846095749 16.40829122328302 53.48248867589229 43.27190194529706 60.617674063783795 40.029433694469546 13.650019929786016 40.235472364919325 11.39823072526588 20.26716090909297 0.0 11.398124399904782 14.713671568451227 10.663219625273182 57.83053886916268 6.936960432339119 43.714880649052716 21.963070772637266 9.98174071090471 31.645244492701387 46.037149196585716 32.628380083950525 41.78132571183927 42.39597718509088 62.551479854504684 25.05269090464634 15.546156934115988 23.615382950422514 77.86839058193797 53.53472175338558 45.423133876695026 60.45965783926078 87.42021412217473 65.5290284643072 33.358388921871 18.065418412687105 43.98619402049195 77.05880791525986 64.18533857984586 30.660834099826175 12.460652796572585 42.01548583423416 75.9617422981453 74.43526421076984 48.45503313986275 39.36999494499108 56.09748082144157 84.49072608130457 92.50148662340587 73.04869551666174 67.15999612459957 77.97169048166262 100.21711543772848
28.700466356994642 30.959560157824328 9.400964795956726 6.02034330296804 37.458047199918376 15.75607326972181 51.86277143433206 16.657437270552773 10.655153000795162 27.233872948779037 7.923901082721111 25.021910889854805 40.84854564724645 27.74805719453139 64.80569157323795 35.68314161529342 49.2214413669991 48.92843281730682 20.32604507695542 51.46119401157272 22.796354797655482 9.08903828336819 11.398124399904782 0.0 5.21923722738937 16.018953427580545 46.57190855885098 13.618074947412463 54.773825404764644 23.81528139607002 4.870797204996224 41.96409421598066 34.9500907498891 23.028858652178876 52.777496627481455 35.567415998752644 51.31741943002709 32.72780857375427 25.06447550425282 34.60767610234271 86.99975897823396 59.86957753766691 44.6608372752253 52.91153255795894 77.45634892477153 76.42372784927083 43.26512766379354 17.26283586158413 33.451290993328634 65.83936036392495 75.51454485197951 41.65333750558102 12.743875639565053 31.37935638490487 64.82108798666698 84.58455460616717 56.336151142826644 39.847217982274465 48.95572943405764 74.83548567240527 100.97922724261741 78.6643054442579 67.6321427573923 73.17722107816209 92.36054245530707
31.303779896512403 36.125473898631455 9.579618508617635 11.17467498055521 33.79967800351253 20.111965902857452 48.23620064916036 20.62415995282276 7.192228955655216 32.23486635312355 11.118859252015353 28.585959846906764 37.70437419933344 30.99530437360303 67.99642440243771 30.490200016179585 46.934183962253876 53.675552672786125 20.111965902857495 54.87751027281807 25.798230181287714 9.40818257425129 14.713671568451227 5.21923722738937 0.0 15.805244299286441 43.407481864743595 18.341623296264004 58.42053424168133 29.005981281807667 4.9791461865507 46.16361467306727 31.451710330129647 18.230532933279004 56.4941673934223 30.34820071004561 49.84897846132459 37.66616028904498 26.007645065612802 38.32830072618348 91.73311574727651 65.03585327582047 49.38793157811563 55.16775551240156 77.73417909241371 80.24205385813451 47.66172135826115 22.34587457558572 33.49451433691155 64.33718072105698 77.7920664600568 43.4512949273654 10.921440744692395 27.301906808286834 61.37070777776961 85.16714071794176 55.48702789054783 36.04176647268351 43.74971837084868 70.17048557015578 100.22089220945293 76.4457786004586 63.54890560400503 68.02754037560364 87.24566237722574
18.66409226463003 39.54966361813583 6.6366029888823626 19.277095312317584 47.69419819475429 16.699410945469328 61.886799482871716 15.270957620349913 10.687967358695484 37.85435323492463 10.642964503756016 19.333178553077637 52.297566893872805 20.25615512734898 55.29139778755509 37.44167467371116 62.27717146297701 47.64435429521928 4.353163803296237 43.075639572780595 15.184066807163793 24.569850429713334 10.663219625273182 16.018953427580545 15.805244299286441 0.0 57.88743586385036 17.5790268371178 47.21202573196717 32.62142849751153 11.532296568522725 37.58399391315814 45.67701050343329 29.979199215041135 45.574182788977716 35.870271357851465 65.58018806782317 34.2284949732345 10.688073661880432 28.402173990547645 84.59660854611738 62.84129673146058 56.002359890122584 68.6898347145214 93.24760486723387 69.1358971941635 39.92543764788682 28.339868747971096 49.06215495461472 80.03674928151237 63.23027312713084 28.627154098513262 5.984553307808078 40.58288086463992 75.18630177578105 69.36509425733207 40.317404344857465 28.88440011159597 49.37573018752616 80.22752381877498 84.97100920552886 63.33981225306023 56.55601949016857 69.1377391795808 93.57490438229856
74.71063206902996 67.93612315985516 52.65138210191978 49.64588772606712 10.62684227781449 62.081353897497955 7.502858276956042 63.19923858253189 47.20872954574472 62.066009713742545 54.23437289037479 71.59094394671146 5.723904829329364 74.23835189323795 111.31027504800515 32.89778698817627 9.685323080566917 93.36588868761196 61.705545919229436 98.02777050669127 69.134550707892 38.68763330905839 57.83053886916268 46.57190855885098 43.407481864743595 57.88743586385036 0.0 59.51382658632109 101.32215399772089 62.88156806432814 48.38482008569965 88.08500730664144 12.233730627231564 28.887416470829884 99.30245328459212 36.259968955890606 18.246944207076282 76.72128013871918 68.56924867735432 81.15924545851514 130.82409283177236 99.62845067392618 71.63462652093388 52.26870829507128 52.223774614075275 122.84839227297557 89.00125869578058 56.085343360486824 27.654159827842726 27.90671061611418 120.99076813415537 86.44321448219321 51.97063048995719 18.008811294819516 18.507887027323857 125.5232438383305 92.62542780282006 61.625380216615795 37.5597867178741 37.664574211324975 135.8072885974272 106.02962756431765 80.22297384427743 63.434615728500276 63.300527199806325
19.205640513441168 21.971519060269152 14.341822573887905 9.97798166958224 50.81649265957667 3.1098060304008786 65.14234266778 5.297699328745579 20.385515492585217 20.670900330919952 8.650215969842757 13.347227302698002 53.8175203997851 16.640285710934073 52.731401216058 48.42852109736396 61.22296610966756 35.34970037291318 20.284055024141 39.142191697148036 13.064500008585565 20.86371843033609 6.936960432339119 13.618074947412463 18.341623296264004 17.5790268371178 59.51382658632109 0.0 42.04290044102359 15.121021382980752 14.581118895674797 28.592700583212668 48.22634575073037 36.540569764694204 39.95781677555047 47.87841427962267 62.1955626294555 19.40681902292737 20.762214000828642 22.05948071452488 73.41842693000208 47.406059853701464 38.7198833646028 56.08876878515468 84.77910331317563 63.35288280436536 29.720335243196896 12.159822311893837 42.51207610438352 76.56072318806243 65.05662392117681 33.16724215574729 19.04247204191882 44.94456233867285 77.92470583299364 77.75977486770253 53.829591932321776 46.297736593621934 61.51543648597083 88.42867467079431 97.24268075536887 79.22040385208722 74.09691588094913 84.25900919820462 105.37340959070534
28.55951986119553 45.65790166564858 50.19604806332497 52.02085993967814 92.14642553698351 39.30472217363297 106.58030517301648 38.12496730566973 56.80988017366843 50.15580015526894 47.32286291560753 29.840527834114333 95.60224179419968 27.571924280319227 12.105402066678792 84.64942650150464 103.26084045533577 20.432263661467214 45.24152559529302 4.751488622338453 32.889646929251086 62.85057098135949 43.714880649052716 54.773825404764644 58.42053424168133 47.21202573196717 101.32215399772089 42.04290044102359 0.0 45.18658293570017 53.58465430961638 14.900794111285444 89.69567705574023 75.99729075364043 2.2261961377797204 82.97504140761306 103.91857846312621 29.749636302124458 38.19962092243381 20.16633344846785 41.59690429490909 38.644913790046544 60.426692028802236 90.5768717139554 123.09257938852556 21.968261136707852 16.036638203312105 49.260494007251246 83.61143469806468 118.11012231008057 29.127702675282176 24.892518921153968 52.77971215712799 85.71233641903241 119.59246337008909 53.17647349363783 50.801573555778006 68.7653240105354 96.28783445387012 127.31391010515357 80.1276151212414 78.36165497207297 90.85923364463751 112.98224996944639 140.24733285788963
30.79790734176458 7.222816121654275 28.525440237130578 17.835217611630977 56.00189524343707 16.86370675563645 69.48719827906612 19.06950934200448 33.45665173618038 6.1477791552224765 22.746511276458563 23.615776688124182 57.50657937816435 26.8644818206413 57.078860239926016 59.18886644425049 62.23644090799444 31.524770535638375 35.39752343576536 43.73365044152364 25.643530943155675 26.417370628386617 21.963070772637266 23.81528139607002 29.005981281807667 32.62142849751153 62.88156806432814 15.121021382980752 45.18658293570017 0.0 27.063740175810683 30.290328200992573 53.19990035332047 45.542430159831135 42.96045399000645 59.29194081341564 61.08486267752193 15.761910270699916 35.18052478904717 28.255150059913902 68.05575280729997 37.40076443415347 23.683175160917568 46.01969476850195 77.9074819433166 64.1309894612413 29.745245696163423 7.185361454243355 40.16631850681321 74.63170111290465 72.03351949140703 44.16947437503511 33.28498377754276 51.57199788653658 81.27905590651645 88.65470315064054 67.80298345043494 61.070567780485796 72.5035546997835 95.8055225386492 110.11410732479364 93.93366968713248 88.97556423064034 96.97663028345116 115.2691705163643
26.3258334382292 34.2847223005202 4.948260187048961 10.010843771122202 38.73194357994875 15.884507464831929 53.16188437695467 16.092625394924635 6.415292785929973 31.08027595673696 6.494859133854583 23.785727723128883 42.682928732593815 26.094994178863846 63.05124977690899 33.85935564615451 51.84707147878811 49.60628372787158 15.88450746483198 49.98114869297141 20.865078761893418 13.040284781252348 9.98174071090471 4.870797204996224 4.9791461865507 11.532296568522725 48.38482008569965 14.581118895674797 53.58465430961638 27.063740175810683 0.0 41.6087261999624 36.40995272740934 22.651656243498863 51.68385067804719 33.310789644141906 54.56737096636407 33.96882521915311 21.29194993655771 33.55071318571859 87.58820173503594 61.894745674489094 48.836807458660765 57.74007053837145 81.71661698050721 75.45094767616798 43.24683236994603 21.0375246686604 37.54613572396253 69.07744277842488 72.83639704832872 38.55055062810748 7.874171708375266 32.13586180708642 66.31951489338749 80.67590058503492 51.75471864101492 35.260899916576385 46.93550276174459 74.54785021108519 96.45287611516557 73.80676104358875 63.13869603348269 70.14505110983706 90.82366294202167
20.491048856634464 30.96861292438487 39.026842732604685 38.44713207050829 79.37185652122285 26.20810710761057 93.72455382753422 25.54642014546264 45.840650839242294 35.28803564741162 35.12965312940987 18.38816888882116 82.39724065487069 17.478838774288356 26.8841019281404 74.43759552143798 89.40538752258914 12.200862832761585 36.79086886975521 14.044532632592054 22.401064969359414 49.40135860018459 31.645244492701387 41.96409421598066 46.16361467306727 37.58399391315814 88.08500730664144 28.592700583212668 14.900794111285444 30.290328200992573 41.6087261999624 0.0 76.80404603111124 64.2587995179646 12.674806827336822 73.19475944463171 89.6268064980106 14.915004120720173 30.860959876932093 9.477539776901137 47.02459531853744 31.50689569337168 46.571356884183494 75.76234541016258 108.19338970376454 34.9338229216716 3.2917392892795383 34.58544946453307 69.11096356777036 103.6887238775129 42.85830186628071 24.932743712040875 42.441625445511065 73.3197355632114 106.51346331044984 63.723336489767476 53.15136927227575 63.121084893005644 86.82323145569967 116.13386474492347 88.83543226944741 81.36945783271194 88.00549715539456 106.13044148496397 131.0614279799762
62.70713990987381 58.88074880798193 40.549261438588736 38.560745668087385 2.8294261758396146 50.64035739174486 16.92253140638886 51.60409377141919 34.99270630304723 53.233807446521915 42.42708730012493 59.87804728508748 6.86383768916792 62.41435095496858 99.44606163805663 23.781353391109388 18.626917719769498 82.77762518186063 49.474818929734404 86.27219892051406 57.24599308642364 27.702259010420608 46.037149196585716 34.9500907498891 31.451710330129647 45.67701050343329 12.233730627231564 48.22634575073037 89.69567705574023 53.19990035332047 36.40995272740934 76.80404603111124 0.0 16.835287981433066 87.7160505527759 26.880377008007198 25.222713993350045 66.15844717132774 56.36287680228457 69.53648842982723 120.58126691830734 90.47518544865729 65.01137626837775 51.5945880947281 59.095910280117224 111.3733644923552 77.90753343268388 46.15175634468748 24.191503946197844 37.88557131904997 108.8287056913368 74.2589878719213 39.748729282768366 6.354508789987879 29.927448719669766 113.396898825244 80.74795147531032 50.75865823923736 32.05441966897133 43.28238637090345 124.2959232377765 95.32590968552168 71.549750679259 59.552412469286075 66.0938581442169
48.00329572526767 52.26901756392243 25.82546668520433 28.27730068811399 18.305695862737824 38.330504463735316 32.06269478162046 38.72574166115381 19.456898776613755 47.458893957892116 29.13086412680889 46.34052948785297 23.698888935931468 48.42549476313579 84.93908292711741 14.738478420898048 35.16325753964572 71.88942992004591 33.431410109697154 72.20960680852781 43.11175178122294 19.54809788915042 32.628380083950525 23.028858652178876 18.230532933279004 29.979199215041135 28.887416470829884 36.540569764694204 75.99729075364043 45.542430159831135 22.651656243498863 64.2587995179646 16.835287981433066 0.0 74.15527965376447 16.190458924932873 40.70028575349479 55.75661833867598 40.58789225847463 56.10675068562768 109.95452189789339 82.53740784172733 62.68683508415799 58.6655238327353 73.13300810611862 97.9317429352942 65.84850367892317 38.42214631586606 31.801477121939406 54.233230548183336 93.13147325114372 58.543148358346464 23.999655189582597 10.932565959824608 45.36422453265272 96.63635196671254 63.924175795412395 35.0550644468032 27.681336646497677 51.94705782508741 107.63794784092184 79.45431183706035 58.607559095771485 54.327734703215015 69.73491230526507
