0.0 33.4078295030914 14.500580099967474 40.201484152784346 20.69892777849847 81.49686263070754 78.26989899158099 16.36005175580843 48.10937274040791 20.868278732796693 3.1867067231400434 30.363900031107057 66.57791377371284 5.132072471652513 31.452609419881284 26.62956694018513 46.383076185910205 43.69202044275304 21.518154337859418 56.80106700579382 49.88982851737911 30.302725386058626 13.658922956508645 35.339374722927765 24.724409807926843 70.59921206924804 59.060104288626874 21.073874153917394 44.811978675694725 71.44592267587451 4.211746708652527 33.51889757337336 66.49937186967038 67.00379373243173 18.2640713203927 34.24356437697191 55.503698438535196 43.9135702991095 25.300345760422122 12.97110197495839 117.52855689286491 90.46380847090644 70.35064829675854 64.10538905598624 75.26328596640393 104.70474388875218 73.21215999031813 46.387347911389675 36.58388198422443 54.0352060697845 98.45428774263429 64.04574034722303 30.08853534341838 10.180180863733092 41.19229571841572 100.01762141598925 66.40242781818705 34.783434622910455 20.133040157761084 44.67256838028075 109.05915399585913 79.26083137636506 55.36669197730547 47.36531053191738 61.776092257852234
33.4078295030914 0.0 36.77167845507753 7.849411575607832 46.18965181609262 48.09027730298418 45.51662475704284 47.36005804008214 18.758110697020026 15.74138753933973 32.17731793342376 10.24047873122691 41.96728379290556 30.53388887449014 24.31171510292693 51.355963566028564 76.4714108605393 10.644442641878614 40.007839337389875 25.233871873366947 23.24595963616046 18.26312212374021 20.729198957284762 8.009481811027388 47.441866576848774 41.32287090047938 27.918183883638445 47.032187354109226 15.262940738071485 41.33250157385777 33.98695980258795 2.3552248117579695 33.949238390234115 35.919331577604375 39.828561671281726 5.2220750922812575 75.60426200308324 14.715152955979425 52.16190239381498 20.723306475076406 84.24881328395627 57.53855889401591 43.798696586546065 54.044266388870035 79.48620307777644 73.51056906362963 40.40033743577564 15.98187380659159 35.68617155791568 68.45754096627381 72.80937530084192 39.12200172312668 12.438183544789839 34.25984975079585 67.73195482159691 82.40189625997432 54.824473096545404 40.20193993197139 51.200506634338055 77.5990371458157 99.3494881009153 77.83108742990991 68.1160694457391 74.9445329949406 94.8068061740545
14.500580099967474 36.77167845507753 0.0 44.52150040768914 9.431581209313165 83.25031247903166 82.07652265575379 13.221039927790601 54.4186251405984 29.58533959194768 11.74396118675621 37.70439618077789 75.49203187074689 18.88432753092454 43.00347100150133 14.9374385596521 39.83827329860045 47.36981755977499 7.020603472006893 55.89227594919921 46.53772392350883 25.914377509997987 17.07135835388872 41.42491261054689 11.646937007155069 67.07766945315119 64.52898565097493 10.261389915130712 50.88684367865484 77.73712698482115 10.29598226791408 35.93516572395793 70.65612882699814 72.57215851643768 4.012769250733643 35.470744057299505 42.49103391131467 50.10714530170753 15.3914693045154 21.218641681030764 119.85865514829538 90.0513316739161 65.17044956744495 52.72506707212056 60.88906256333684 110.26715064295846 76.95638936398828 45.61325930893993 25.173303198187448 39.77012913589234 107.36703142408912 72.7799730295227 38.223340753016316 4.469602807491795 31.20553135241687 111.68096609763936 78.95058038238516 48.87316553625912 30.64008305552446 43.40367822339438 122.44862830263935 93.4400396391871 69.73667250091768 58.22502921347559 65.66500296935678
40.201484152784346 7.849411575607832 44.52150040768914 0.0 53.949715320053485 41.69543985766626 38.14550745277411 54.76262445148811 11.315459901197242 20.68922917390632 39.27383553109616 12.077524519422889 34.87925882149168 36.82644624212798 24.613513769932936 59.170471449564666 84.11955676188371 3.7936157839891305 47.856697369172934 22.6836760093372 24.647396289838216 25.32091867689809 28.153494533624503 6.6226727009283755 55.27759016344568 39.577833942557355 20.074782248734255 54.78182475534505 8.048687673536381 33.48478441477272 41.177028254342744 9.331450210966718 26.4441010748894 28.08872523780062 47.63999272856071 11.311845072740017 83.37054865921793 7.764475525719626 59.91156820332286 27.262379796089405 77.36075711046534 52.34016517308773 43.463971244567745 58.59657378225471 85.86511444003372 65.74769998596815 33.057944288633216 16.0544446698068 42.6322951842703 75.97453440192625 65.23547481660525 32.03671196648053 13.852286300207112 41.86014740697402 75.54805906934814 76.04874710522596 50.39907140527341 41.12836622344571 56.90202338789688 84.72874170135724 94.37111356223706 75.05922594671961 68.96831888578727 79.20941804113104 100.92767751106295
20.69892777849847 46.18965181609262 9.431581209313165 53.949715320053485 0.0 92.34234264941115 91.42521358471095 9.517579093139004 63.823135864516466 38.53602634197364 18.83146225260642 46.96272282388382 84.66627130103875 25.73205621783207 51.323875410406025 5.984568156155651 30.607032400309805 56.7736703188416 8.938386317275524 64.60037678367937 54.68993101417514 34.34591641734298 26.384074751839826 50.81252978306876 4.823602751764305 74.88669653602054 73.96056062756354 0.9423459672476392 60.296572461248445 87.16106731453908 16.830375595891663 45.312275627447114 80.04499981264138 82.00368280024246 6.794090759109813 44.75301502906935 34.81000289374526 59.51017122675691 5.984568156155624 30.035650773426784 128.97158117230245 98.66625959072172 72.32696062829794 55.876149732862295 58.37718225946254 119.69284213093127 86.30736138120176 54.4645314769879 29.642033318707504 34.43480041545822 116.58117161836603 81.97875353658453 47.37844327570064 12.797349075574706 21.85593282868999 120.11698591538003 86.8892336920437 55.3735136020181 31.26582059099476 35.82897595110942 129.7578152092192 99.68240358817278 73.69440349579943 57.61893070056496 60.031739870060946
81.49686263070754 48.09027730298418 83.25031247903166 41.69543985766626 92.34234264941115 0.0 11.929538724115943 94.95444680219616 37.8291815927425 62.36019872384373 80.208277237227 53.27235651722221 42.39670693872649 78.4293854596689 62.557683638749715 96.73563018584255 122.94512855324315 38.00478101200928 84.7377341926418 29.011546187260482 40.93761050438273 58.55618287286429 68.579411219454 47.63870030102503 92.49335826258768 30.62817668146275 28.000260493862783 93.25292671292112 39.80417404908486 26.719137305211397 81.95092194638953 48.14614503004818 18.812323424046916 24.18664341230583 85.6053286461171 47.994142517759215 116.11681838779907 40.730665752385676 98.27262055555903 68.7189621562662 36.63200655778017 15.126767124490813 38.86623480331113 72.02221377349686 106.10685317463889 35.875532579363856 13.208793707708146 38.16728492746452 71.65097389690052 105.85760953285306 53.29361124895685 41.39297220220409 54.60190504402013 81.51183140897562 112.70230708439065 77.46793483401459 69.60925873602848 78.00241023075976 98.58023243210943 125.48508904268333 103.77904205291355 97.82896056420338 103.75734994838335 119.8137554578768 142.61749718824635
78.26989899158099 45.51662475704284 82.07652265575379 38.14550745277411 91.42521358471095 11.929538724115943 0.0 92.85248092028925 31.376417064239504 58.03409291114666 77.41794602168518 48.51735131568128 31.077262433660803 74.63653786255712 55.63942529815374 96.29631410055224 121.8927565789222 34.88242111482264 84.52336261187332 32.50741758112972 44.463051555330935 59.08280567238805 66.21340490623012 43.11685641833785 92.19726634730772 39.23349933024715 20.33430254306124 92.29705771500237 34.11273637905466 15.20516006984429 79.32111365121769 46.15323112637723 11.794874128714202 14.175357166520666 84.86703750224348 46.71916304331928 117.96074089827104 35.05986215336816 97.40952608566447 65.30045802536924 39.936742875748486 26.900125884066306 47.40391054224993 78.52060441485065 111.7080145780674 29.851289416613827 5.12146822312775 39.448875116212676 74.03413005739644 108.63123599140945 42.38867842390018 30.39114496213653 49.449772580390736 79.76073599639783 112.57489367851772 65.66577189704024 58.444351991318065 70.10191559643746 93.84882774793876 122.86461644932105 91.85062268546439 86.6166776485818 94.67348072362377 113.2183474615826 138.08847739800353
16.36005175580843 47.36005804008214 13.221039927790601 54.76262445148811 9.517579093139004 94.95444680219616 92.85248092028925 0.0 63.61645987636566 36.80536682517038 15.95271375216049 46.04426923125222 82.85228333347357 21.37523575645213 47.75909783543933 13.59817728084527 30.10262026680802 57.97380135505383 16.947487882090755 68.35514771125554 59.49307967359072 38.83386512195319 26.63962315542457 50.624583477952775 14.253664549031098 80.14009895570247 74.31042518240987 9.111690614739334 60.20204896758655 87.06775273212415 13.865451044982523 46.94145747536164 81.20171848266784 82.33495388276727 13.473445365858215 46.96305818016732 41.70594257168175 59.34136273640376 10.779331811587507 28.42730220199687 131.41980787678196 102.51739424612981 78.37883117211364 64.58669417508592 67.7821199892773 120.14173417885326 87.74269431601887 57.95130238439857 37.586638839271345 43.15073950560179 114.7600981571467 80.28854807865127 46.01602774418718 13.548125310352113 25.386642606254345 116.09810490058965 82.17237897273833 49.20037513777004 21.99775226683483 30.691569517787578 123.93824293840385 92.82731025074116 65.32948991792516 48.101831962572625 52.482773220135115
48.10937274040791 18.758110697020026 54.4186251405984 11.315459901197242 63.823135864516466 37.8291815927425 31.376417064239504 63.61645987636566 0.0 27.333106517888442 47.73971491033799 17.75677799892792 23.60525152852742 44.032472702694825 24.73554494177447 69.27747740983244 93.46449485430553 10.982293160465433 58.330478416748775 27.731245221494618 33.45738401453077 36.63003435530184 37.513587401791526 13.047499532587056 65.54699962195137 44.178921687573435 11.187568384759405 64.60991849820293 3.5565329903929532 23.459267139868746 49.777512471865904 20.538995561587825 19.815791667440593 18.9364479728512 57.78118452104813 22.627294496493366 94.2939961135735 4.313880243262184 69.71317005513795 35.2798091057336 71.31239839371057 50.74901944938146 49.60119578678737 68.84696877807562 97.02753440877075 56.60205478172455 26.665916824492996 24.76281395803965 53.94599253521351 87.18939491931822 54.05136138512913 20.770632226130605 18.334160778190224 51.339229958087806 85.61626251351582 65.10564842069387 41.67161038613812 40.36245807901129 62.582427136739426 92.7298204678412 84.58903480384537 68.01697037274735 67.02299917134108 82.17437122886967 106.8079719105184
20.868278732796693 15.74138753933973 29.58533959194768 20.68922917390632 38.53602634197364 62.36019872384373 58.03409291114666 36.80536682517038 27.333106517888442 0.0 20.861727866356432 9.592973439448041 46.252019584199864 16.706180630090536 14.751478769841786 44.37990225417514 66.88892368833704 24.440187645262327 35.063060041042625 40.973646397436355 37.74629356539998 24.567796205776634 13.08114074520554 14.932007008074653 41.224163832725594 56.87395359739254 38.39962237338508 39.200737485072786 24.135874897034988 50.59078274589302 22.973814694073507 16.999031218147625 46.241220171650845 46.266150461525 33.427626013136546 19.08468752500678 71.78203227545065 23.214838223419033 44.11849155749818 8.535679176943654 97.70146318804208 72.81260300333473 58.75851137672608 63.231625153501696 83.2988741628469 83.88100907082621 53.05825394976 31.451065570241674 39.471474801181685 67.24330230236576 78.19931301838123 43.62049289011906 9.231281728629048 25.739853217876654 60.288621181363624 82.35869838902885 50.64024851422429 27.216829285875654 36.22041249006379 65.40582713513463 95.07604019119641 69.28349339630363 54.366805114482666 59.21228371668352 80.31959655436768
3.1867067231400434 32.17731793342376 11.74396118675621 39.27383553109616 18.83146225260642 80.208277237227 77.41794602168518 15.95271375216049 47.73971491033799 20.861727866356432 0.0 30.10856985031725 67.00665111828995 7.163754553742736 32.61120123147169 24.814969710412726 46.02726736724119 42.64639318805276 18.709489097064697 54.90895989016406 47.55300355244073 27.64808431512423 11.756949562231899 34.80172396726765 22.5296090081868 68.31766433307287 58.53505969689292 19.316457463977393 44.35897031180061 71.17186324016279 2.13391979423662 32.08055198137398 65.69073016118598 66.53428279456061 15.642310015598103 32.568895477681004 53.48655867719403 43.4847140237919 23.869941614239917 12.486025334611062 116.42390997923589 88.76767532983524 67.82075871602895 60.94581368122284 72.27662735243207 104.31739550218256 72.33159384205871 44.457090171836114 33.40417940154848 51.478912893988436 98.9416916786433 64.41462120334386 30.064636331158685 7.305829940082219 39.97151241747784 101.37360342981513 68.0581684055806 37.17614332179074 22.95782022192302 45.46319300252696 111.10147815933738 81.73031449997646 58.403382753767794 50.36735924423292 63.69922753970107
30.363900031107057 10.24047873122691 37.70439618077789 12.077524519422889 46.96272282388382 53.27235651722221 48.51735131568128 46.04426923125222 17.75677799892792 9.592973439448041 30.10856985031725 0.0 37.830351680739 26.298770597292275 14.07150638660297 52.64035924223794 76.03534613289457 15.855252425642023 42.42637652672976 34.13059583843489 33.440675166714186 25.88645675582909 20.63733955355009 5.646173878225118 49.17858158622901 50.7524008668041 28.8067141508993 47.69407018388017 14.544285196814764 41.097611692834946 32.17937676677514 12.411783772225123 36.73444096593238 36.681629000437866 41.33089104763525 15.228942173779066 79.06426585436091 13.621965851586618 52.72838619005776 17.622544520612518 88.27414621992888 64.37144810585015 53.757226161307244 63.488526455580555 86.98588512761359 74.34124297750282 43.575090499019275 25.803060732381464 42.75100818791291 73.37806746991933 69.665427276842 35.09450506068147 2.1979849318417837 34.24751545127594 68.81720581313645 75.97576865524326 46.28421868927027 30.11605818307603 45.459450122091134 74.9732141115874 91.01486076493951 68.04814582524757 58.07050481060691 67.14614670252786 89.66501331973178
66.57791377371284 41.96728379290556 75.49203187074689 34.87925882149168 84.66627130103875 42.39670693872649 31.077262433660803 82.85228333347357 23.60525152852742 46.252019584199864 67.00665111828995 37.830351680739 0.0 61.79964947171003 36.460377994217524 90.41369905123628 112.94441198203717 34.378256364846415 80.21738896477405 47.19900295648707 55.60673313043711 60.110341967325034 58.44856392736633 34.968786546673165 87.00428657305788 61.3206817762317 20.3919067519348 85.36595190310261 26.861614204879967 15.880700013157272 69.13605033335298 43.931348106576614 25.85601866301007 18.823769872056832 79.15567422967356 46.16876779967912 116.73604686955666 27.29708696759107 90.33593795599147 54.78500256986814 65.95421584959507 57.50549251698726 68.25389532533886 91.67931206031663 120.60840669512073 43.3706127515624 29.335700709665165 47.27572570679801 77.48704901562859 110.3101487064608 31.947448804999574 2.847065418839322 37.28842279844377 71.88603177973275 106.48770376068069 42.05824401838167 27.37695579680085 46.09706425621219 76.78034099126992 109.81958840407485 64.23189746621667 55.54022651410299 66.62199875855035 90.48236581423835 119.70973299307256
5.132072471652513 30.53388887449014 18.88432753092454 36.82644624212798 25.73205621783207 78.4293854596689 74.63653786255712 21.37523575645213 44.032472702694825 16.706180630090536 7.163754553742736 26.298770597292275 61.79964947171003 0.0 26.384922989322376 31.687776890937602 51.27365881446171 40.44507532124409 25.80552661020493 54.80307127355048 48.84728686581 30.29635455519592 12.769250981611158 31.531120816657477 29.616271785216824 69.3240210496061 55.104593949329846 26.140514542331527 40.83911586032151 67.20837522105766 8.952533381237522 30.96252551185217 62.84263921131842 62.96813161121943 22.8034961989139 32.06732366140732 60.50387141963083 39.91996421961551 30.426609218000305 9.83980835201409 114.15594555476325 88.00768331108772 69.6699036342114 66.00916118035109 79.09041651296351 100.53331811805113 69.62471966042585 44.5318082847071 38.902302458124666 58.63892180312551 93.61892048750441 59.30846905265948 25.79417188427574 14.423476653483094 46.32047741671673 94.8910926111163 61.278931791432875 30.012388774405963 21.005414836511004 48.74996819539168 104.04992007541027 74.56826990504707 51.858277183416725 47.041980998582225 64.27618585714978
31.452609419881284 24.31171510292693 43.00347100150133 24.613513769932936 51.323875410406025 62.557683638749715 55.63942529815374 47.75909783543933 24.73554494177447 14.751478769841786 32.61120123147169 14.07150638660297 36.460377994217524 26.384922989322376 0.0 57.29610347858118 77.53489819850243 28.03656681550986 49.04447467611493 47.292559290448686 47.4884313932908 38.35119430330074 27.52079461793695 18.18833909294603 54.57541834287039 64.15356270889995 35.336158547242945 51.86853635624861 22.977214662463957 44.894179486911014 34.70777601193531 26.45628858282823 44.39663258821972 42.11068161053081 46.98058879178378 29.235496755845695 85.49302824879791 22.104771692385764 56.48025372179815 22.012425776779537 95.44578673459343 75.11661295117953 67.60086891829832 76.75945556144782 98.0250741332542 77.82805440605728 51.16491913145257 39.665040219427425 54.070374981055636 81.66222538155098 67.80887599682325 34.2357592526216 11.873605857905776 38.79084398896142 72.54880009682441 68.79312761880914 36.12897992302864 16.52153541365188 40.44092276480797 73.435852927177 80.37755035966518 54.93167802445011 44.376161129314035 57.58310412090256 84.00714172581289
26.62956694018513 51.355963566028564 14.9374385596521 59.170471449564666 5.984568156155651 96.73563018584255 96.29631410055224 13.59817728084527 69.27747740983244 44.37990225417514 24.814969710412726 52.64035924223794 90.41369905123628 31.687776890937602 57.29610347858118 0.0 26.538723377670344 61.85737951075295 12.032748177334653 68.57674674021149 58.16650816983001 38.303967435111176 32.00879691354081 56.3170000180445 4.3301120207100405 77.92683664963974 79.23221195956684 5.558348410317971 65.73585113430734 92.52366576779397 22.806115322571113 50.33842404950628 85.0437352095742 87.25832572770138 11.531010658781323 49.578621104002025 28.943110250581725 64.97105096521304 3.7031926541944977 35.90977588901604 133.35686624901757 102.43782552847243 74.81819902558291 55.64906286408369 54.68705493064824 124.84327770611218 91.18947656274734 58.65185070285151 30.974196587366254 29.556799998871874 122.29989667138518 87.7081747860818 53.1322631814924 18.66025523093118 16.377641093809768 126.08866755780647 92.87170635808502 61.2110444181358 35.54245965125757 34.27210644548791 135.67996176638366 105.41706064048486 78.81148339787495 60.86486467567961 59.93831984257856
46.383076185910205 76.4714108605393 39.83827329860045 84.11955676188371 30.607032400309805 122.94512855324315 121.8927565789222 30.10262026680802 93.46449485430553 66.88892368833704 46.02726736724119 76.03534613289457 112.94441198203717 51.27365881446171 77.53489819850243 26.538723377670344 0.0 87.10708271653625 38.524373259483966 95.03420524767667 84.70497823580358 64.7386692960917 56.05726443632967 80.424613880166 30.868141802883844 104.3638225169468 103.96033557228543 29.702769563869886 90.00114805027931 116.91994886260329 43.91751840211482 75.73964066315698 110.41439097937815 112.00823706620044 37.34346440978723 75.30535500066352 29.57015914050557 89.16468548351267 24.67578393264061 58.45905703103062 159.57579544520985 128.9620765820583 100.95923254917605 78.41608775768539 67.08327471700618 149.80309385635002 116.77149826348725 85.00013290734701 56.650563047186715 39.85440886271318 144.8362201820898 110.38848855184895 76.08257171190178 42.265217583951085 13.378755631191893 145.1695903094136 110.82151274791225 76.70368427849665 43.36303072175776 16.495437016386237 150.76803105213938 117.99553011179547 86.65858001629755 59.087158349731595 43.21681966554344
43.69202044275304 10.644442641878614 47.36981755977499 3.7936157839891305 56.7736703188416 38.00478101200928 34.88242111482264 57.97380135505383 10.982293160465433 24.440187645262327 42.64639318805276 15.855252425642023 34.378256364846415 40.44507532124409 28.03656681550986 61.85737951075295 87.10708271653625 0.0 50.35001369689938 19.452165372252622 22.877283993144175 26.679790149445683 31.33423750188409 10.329783386916706 57.88058762682042 36.39426892508987 17.793785698481564 57.62492972787929 8.514635773682016 31.322854216726192 44.50689516406683 11.535067845976794 23.307977072932594 25.637984458218277 50.346183251037026 12.81883271222322 85.37706692307977 8.659039604661386 62.75249107915238 30.801028065696983 73.83671151632915 48.54667497900601 40.700395413743465 57.888578957484825 86.25819272182744 62.989594350492084 29.769731694433588 14.129275105947915 43.67937117269323 77.5305751183214 63.86921241491156 31.5721330826171 17.58329556201858 44.90428020622951 78.2206231204859 76.06980668613927 51.850374196184966 44.554724725125986 60.63499041537292 88.10730392919922 95.339441355048 77.20832314470503 72.30071739877607 82.99647461977625 104.6144748586414
21.518154337859418 40.007839337389875 7.020603472006893 47.856697369172934 8.938386317275524 84.7377341926418 84.52336261187332 16.947487882090755 58.330478416748775 35.063060041042625 18.709489097064697 42.42637652672976 80.21738896477405 25.80552661020493 49.04447467611493 12.032748177334653 38.524373259483966 50.35001369689938 0.0 56.54553426258784 46.22864303950516 26.271857601232767 22.05859531280268 45.56195816095667 7.756065052931493 66.20033628209184 67.92267075713391 9.850780555803691 54.77415871019169 81.33013230795437 17.316070425122476 38.81670754665826 73.39169197169153 75.90516544510717 3.7819702762258576 37.86192201641958 36.745933461614655 54.059301453978826 14.135180586851773 27.042494317873643 121.3507060690179 90.43810644404589 63.45801284920947 47.640306023166815 53.91742934865144 113.30785938612372 79.42974800693018 46.62988116647561 20.84355647269639 33.006195707209514 111.91785399355616 77.45255954404259 43.20931579064298 11.403684321082485 28.06948725831696 117.41727707683168 85.13818933324514 55.722837288692254 36.829158215358596 44.75006347963197 128.92723289158621 100.28883218684435 76.7348892109102 64.13588283308106 68.79937933220079
56.80106700579382 25.233871873366947 55.89227594919921 22.6836760093372 64.60037678367937 29.011546187260482 32.50741758112972 68.35514771125554 27.731245221494618 40.973646397436355 54.90895989016406 34.13059583843489 47.19900295648707 54.80307127355048 47.292559290448686 68.57674674021149 95.03420524767667 19.452165372252622 56.54553426258784 0.0 12.09221216733802 30.295796278689522 43.19728524560149 29.161784616577645 64.2753191232163 16.942213268993623 26.85803696107268 65.5320525085221 26.838183178630974 37.57586229146687 56.35994655837942 24.151388151895333 25.08412602789064 31.450757163660008 57.80712926232309 22.739189177331312 87.10528094125621 27.33282962876884 70.4157586573735 45.03008701682821 65.20713779907935 34.174674349936836 21.879030503848234 46.736726956401135 79.27671397838436 62.25628316800781 28.199930313654587 10.463301740669808 42.64479610417313 76.95797505150159 71.38264692479183 44.762421452655616 36.14825323038607 54.81375551873695 84.24505398699529 88.94275481158556 69.23260829493574 63.79866579788484 75.77704634550074 99.03952259472126 111.00305431429835 95.72625184410204 91.65174573842253 100.15617645797163 118.56292357569826
49.88982851737911 23.24595963616046 46.53772392350883 24.647396289838216 54.68993101417514 40.93761050438273 44.463051555330935 59.49307967359072 33.45738401453077 37.74629356539998 47.55300355244073 33.440675166714186 55.60673313043711 48.84728686581 47.4884313932908 58.16650816983001 84.70497823580358 22.877283993144175 46.22864303950516 12.09221216733802 0.0 20.65975346370934 36.34095900808214 29.84447108159293 53.836856671174864 20.79232786417043 36.00436426901298 55.63170684202692 31.379163425754488 48.100573252726996 48.69428129151828 21.278747899221695 36.1696853352886 41.87568426565911 47.93593125877907 18.77473156225496 75.28783019713762 31.52991616211217 60.31677689021306 39.588265533873816 76.75642926742823 44.39171099774603 21.08422854047055 36.23963986477811 67.65297050671529 74.27416723953384 39.989626344456155 8.748820267397589 30.8020590520902 64.92954006068241 82.05062944871514 52.94957361106324 35.634797660144 46.16113266980092 73.39408314451636 97.66494536962033 74.72627594648381 63.43789785713016 69.71006568899654 89.94106646955406 118.04617218016062 99.69998829392338 91.32342316381931 95.57478028545488 111.01261500070265
30.302725386058626 18.26312212374021 25.914377509997987 25.32091867689809 34.34591641734298 58.55618287286429 59.08280567238805 38.83386512195319 36.63003435530184 24.567796205776634 27.64808431512423 25.88645675582909 60.110341967325034 30.29635455519592 38.35119430330074 38.303967435111176 64.7386692960917 26.679790149445683 26.271857601232767 30.295796278689522 20.65975346370934 0.0 17.569449925891483 25.984994087889937 34.01793093519796 41.345844710749574 44.38512619117901 35.28186967819169 33.26210254049314 57.89230017172971 28.532889597801834 16.18951436308711 48.47037528384066 52.02005782484923 27.55330397958712 14.024103251272352 59.090171701459916 32.81472552557925 40.12776343859758 22.47800208257642 95.1338011704841 64.3203509260533 40.23188672588354 38.66434565046563 61.36846330521701 88.46042240487536 54.06637618124719 20.39492619118742 17.42372735647578 50.853444478420954 90.46804301862814 57.2633595873459 27.722991813309456 25.551567062957016 54.14838191594217 100.6383673730784 72.14461211740814 51.73411040164459 50.42618717575298 69.31083306189998 116.85879343821587 93.27550890414594 78.35435418671305 77.28667661867037 90.56377448924485
13.658922956508645 20.729198957284762 17.07135835388872 28.153494533624503 26.384074751839826 68.579411219454 66.21340490623012 26.63962315542457 37.513587401791526 13.08114074520554 11.756949562231899 20.63733955355009 58.44856392736633 12.769250981611158 27.52079461793695 32.00879691354081 56.05726443632967 31.33423750188409 22.05859531280268 43.19728524560149 36.34095900808214 17.569449925891483 0.0 24.473162845061584 28.5602207627438 56.99051228948012 47.90307631640181 27.143310816539394 34.01151098575275 60.928429697707244 13.38544543265994 20.436025833945852 54.5760999399293 55.951099146242065 20.71182026605541 20.81660548796032 58.80442050349879 33.20074211743941 32.224183223480516 6.122557866485686 104.91082707779675 77.01160895889808 57.00959321710861 54.44445841978308 71.22572510071572 93.74808995560196 61.10311903077077 32.76156335586827 28.423423533117845 54.19690093343005 90.30275188913217 55.72523276684362 21.23370906069193 13.830889321368595 48.23454015284875 95.41470448547467 63.60782370899915 37.185759152403506 33.383261865330766 56.92925174398256 107.87393804849292 80.96603075484795 62.20126356204593 59.81039766983829 75.36814697546183
35.339374722927765 8.009481811027388 41.42491261054689 6.6226727009283755 50.81252978306876 47.63870030102503 43.11685641833785 50.624583477952775 13.047499532587056 14.932007008074653 34.80172396726765 5.646173878225118 34.968786546673165 31.531120816657477 18.18833909294603 56.3170000180445 80.424613880166 10.329783386916706 45.56195816095667 29.161784616577645 29.84447108159293 25.984994087889937 24.473162845061584 0.0 52.651399270889605 45.97852258758339 23.741946322832295 51.590881220318565 9.581641027028471 36.49548971546759 36.814067969182936 10.346731752629486 31.322063862368612 31.73256285328776 44.851267161234 13.160198894248136 81.85287650424016 8.740795512222826 56.686714553289086 22.407027971772585 82.77418703644703 58.76456543083289 49.495339681079216 61.97668545212842 87.33405302673296 69.52399229294544 38.12907000738776 21.654372169019517 43.345623396782756 75.38978498687186 66.40410992868252 32.15028549894667 7.25461736609803 38.294538276664326 72.63034781505185 74.69505472569094 46.82673238024235 34.65494914178843 51.029590479745345 80.01189710673337 91.3403242046781 70.22154636451117 62.56080158645853 72.74214590275162 95.2037985532669
24.724409807926843 47.441866576848774 11.646937007155069 55.27759016344568 4.823602751764305 92.49335826258768 92.19726634730772 14.253664549031098 65.54699962195137 41.224163832725594 22.5296090081868 49.17858158622901 87.00428657305788 29.616271785216824 54.57541834287039 4.3301120207100405 30.868141802883844 57.88058762682042 7.756065052931493 64.2753191232163 53.836856671174864 34.01793093519796 28.5602207627438 52.651399270889605 0.0 73.61216459568328 75.35183293483291 5.144044197349323 61.99648482770099 88.69927421812876 20.66570041291219 46.348133172523895 81.0054041688849 83.3611316841551 7.848777912423445 45.49800739362481 31.00006555679395 61.2516248328766 7.125995659554004 32.863519881979535 129.10677019761715 98.11489239651985 70.56423641872509 52.21969137441212 53.56571878275206 120.86753708004287 87.09696091433574 54.384228038525485 26.91193966892124 29.760801617590996 118.8298797180426 84.27308043361657 49.781700839063696 15.790417087807617 20.379172846635782 123.30175397376384 90.4144592098554 59.50680291701303 36.085703700412864 38.18546436965908 133.63100693687025 103.94366678136134 78.39712001972359 62.31142518471627 63.35693891788321
70.59921206924804 41.32287090047938 67.07766945315119 39.577833942557355 74.88669653602054 30.62817668146275 39.23349933024715 80.14009895570247 44.178921687573435 56.87395359739254 68.31766433307287 50.7524008668041 61.3206817762317 69.3240210496061 64.15356270889995 77.92683664963974 104.3638225169468 36.39426892508987 66.20033628209184 16.942213268993623 20.79232786417043 41.345844710749574 56.99051228948012 45.97852258758339 73.61216459568328 0.0 41.15122112375977 75.82821635630187 43.61087466971749 49.08143442076099 69.48228020009344 39.87630473939583 36.391598963843514 43.57795092159983 68.21182580749849 37.93099753817308 91.91993358776364 44.15611632900038 80.33476617844288 59.8322880240268 61.917581845586646 27.451127625135566 8.258088494874777 42.1625639009284 76.69433952528193 66.50369784197123 36.5665323635889 25.422893422914285 48.4807022373028 80.3073858819302 81.28609348420635 59.17548250021923 52.82846735741478 66.8936222438281 92.48495514914174 101.92018288468164 85.13119122018978 80.63276716032513 90.2811937463645 110.42858384275505 125.55241928302523 112.13225525551425 108.52879236765995 115.6632106675033 131.80319135910412
59.060104288626874 27.918183883638445 64.52898565097493 20.074782248734255 73.96056062756354 28.000260493862783 20.33430254306124 74.31042518240987 11.187568384759405 38.39962237338508 58.53505969689292 28.8067141508993 20.3919067519348 55.104593949329846 35.336158547242945 79.23221195956684 103.96033557228543 17.793785698481564 67.92267075713391 26.85803696107268 36.00436426901298 44.38512619117901 47.90307631640181 23.741946322832295 75.35183293483291 41.15122112375977 0.0 74.78075160802614 14.266990057546026 13.529578187636584 60.53436910369877 29.190606725789202 9.245289663734752 8.050227908888735 67.70122690625556 30.61195355934577 103.16942983045746 15.184787202842477 79.90713710186162 46.146881156534796 60.24523956082732 42.00675623569493 47.90060323672151 72.24395858865928 102.65833066464741 45.8506403120935 15.85483133955695 28.201442554935106 61.10743222499493 95.22482034413494 46.67428313221993 18.07992759718962 29.497942339272555 61.71080267567312 95.6094528572308 62.113662036180784 44.62160425331673 50.18849687436753 73.76652335888613 103.72527085966601 84.50467663132952 72.41472119101847 75.77266400689383 92.91853780950115 117.98714343585456
21.073874153917394 47.032187354109226 10.261389915130712 54.78182475534505 0.9423459672476392 93.25292671292112 92.29705771500237 9.111690614739334 64.60991849820293 39.200737485072786 19.316457463977393 47.69407018388017 85.36595190310261 26.140514542331527 51.86853635624861 5.558348410317971 29.702769563869886 57.62492972787929 9.850780555803691 65.5320525085221 55.63170684202692 35.28186967819169 27.143310816539394 51.590881220318565 5.144044197349323 75.82821635630187 74.78075160802614 0.0 61.087281002791265 87.96341320886545 17.28385469239408 46.173873162282185 80.90349598139461 82.82573069445112 7.72869960336019 45.63665412743906 34.48929276523663 60.29636107424304 5.130081078046394 30.686771215517926 129.8810686834586 99.6021595146487 73.25901632950648 56.638960846531255 58.684371155077876 120.52819530697799 87.17847392389498 55.38922734179429 30.507153818049964 34.470945761318525 117.28928185343236 82.68555517168913 48.082022055200014 13.480173229347143 21.128268035494607 120.6578863514149 87.35604317763011 55.66570005496843 31.00163202714902 34.90517665310763 130.12167212456728 99.91282361811419 73.67692321425363 57.173417180824636 59.1954743039724
44.811978675694725 15.262940738071485 50.88684367865484 8.048687673536381 60.296572461248445 39.80417404908486 34.11273637905466 60.20204896758655 3.5565329903929532 24.135874897034988 44.35897031180061 14.544285196814764 26.861614204879967 40.83911586032151 22.977214662463957 65.73585113430734 90.00114805027931 8.514635773682016 54.77415871019169 26.838183178630974 31.379163425754488 33.26210254049314 34.01151098575275 9.581641027028471 61.99648482770099 43.61087466971749 14.266990057546026 61.087281002791265 0.0 26.923252113083365 46.38167748297673 17.11160763593897 22.388501483364 22.194668280759927 54.23532653516394 19.308078625304084 90.75279940742352 0.9490447956179074 66.19441907278035 31.927920047633425 73.99241339320837 52.14173006401275 48.55361685690296 66.2643065862914 93.91098905677744 59.958433389308496 29.260135894411114 22.630614323691365 50.625894469618586 83.71776998320202 57.559022723238904 24.01607163639902 15.3412871958394 47.84131357729991 82.07971900988075 68.03657415027013 43.36616705402646 39.07813677710156 59.73612315204314 89.46806888611799 86.84895851347598 69.04809291660506 66.2367537396158 80.01091692272868 103.97575186706544
71.44592267587451 41.33250157385777 77.73712698482115 33.48478441477272 87.16106731453908 26.719137305211397 15.20516006984429 87.06775273212415 23.459267139868746 50.59078274589302 71.17186324016279 41.097611692834946 15.880700013157272 67.20837522105766 44.894179486911014 92.52366576779397 116.91994886260329 31.322854216726192 81.33013230795437 37.57586229146687 48.100573252726996 57.89230017172971 60.928429697707244 36.49548971546759 88.69927421812876 49.08143442076099 13.529578187636584 87.96341320886545 26.923252113083365 0.0 73.22010630580967 42.683033252240214 12.79830876605362 6.227228160434236 80.9991755882163 44.14136719398595 116.69583875962614 27.755273527417277 93.0792133846253 58.695787739549125 51.77902134017638 41.84426131135142 56.70659248689293 84.11393065835841 115.45340749136885 33.350814819200686 14.019394936334646 40.93483719285188 74.49583366823941 108.71268761284587 33.95165893772287 15.382157419538244 41.416862225553174 74.7592955675296 108.8916808491031 52.937506882011654 43.256697902223685 57.74705272574356 84.81226438241706 115.95833814567149 77.85355730102471 71.4145888663152 80.8310890808072 101.79410965347456 128.78342631578016
4.211746708652527 33.98695980258795 10.29598226791408 41.177028254342744 16.830375595891663 81.95092194638953 79.32111365121769 13.865451044982523 49.777512471865904 22.973814694073507 2.13391979423662 32.17937676677514 69.13605033335298 8.952533381237522 34.70777601193531 22.806115322571113 43.91751840211482 44.50689516406683 17.316070425122476 56.35994655837942 48.69428129151828 28.532889597801834 13.38544543265994 36.814067969182936 20.66570041291219 69.48228020009344 60.53436910369877 17.28385469239408 46.38167748297673 73.22010630580967 0.0 33.80508580220253 67.61144615117988 68.54350931032691 14.055967593965644 34.17928606019293 51.561901178398635 45.51303827713608 21.774692314425426 14.56215653397207 118.23074134560855 90.31066331214879 68.7626749201489 60.78961148473625 71.11420473781743 106.3374787814667 74.22749807218253 45.897892184983114 33.141280983452035 49.848826113242765 101.07243028138767 66.54124769687448 32.16664403061117 6.04170442926115 37.857169172003395 103.45289313026728 70.07229581554188 38.8921165201786 22.58121690760652 43.612733573876795 112.99657645682286 83.40779773449958 59.50042153088869 50.18510347632238 62.38264237064527
33.51889757337336 2.3552248117579695 35.93516572395793 9.331450210966718 45.312275627447114 48.14614503004818 46.15323112637723 46.94145747536164 20.538995561587825 16.999031218147625 32.08055198137398 12.411783772225123 43.931348106576614 30.96252551185217 26.45628858282823 50.33842404950628 75.73964066315698 11.535067845976794 38.81670754665826 24.151388151895333 21.278747899221695 16.18951436308711 20.436025833945852 10.346731752629486 46.348133172523895 39.87630473939583 29.190606725789202 46.173873162282185 17.11160763593897 42.683033252240214 33.80508580220253 0.0 34.734784567733676 37.12127633627446 38.83784348939358 2.8779427999413487 74.06912720151053 16.634751067856744 51.295741935116084 21.123730470281235 84.4965984381477 57.05744373229915 42.02676112795914 51.68912308260382 77.27937802146043 74.51957942167651 41.03190811297687 14.453991572642124 33.60162026167037 66.66386216564352 74.54871099325777 41.08430585697263 14.600705591784056 33.66439601268344 66.69522511452124 84.57365239883639 57.17044473839408 42.17862728760156 51.811516339802935 77.36051724210843 101.6791700920666 80.15700551629922 70.0456692354685 76.04212232679573 95.14815447746125
66.49937186967038 33.949238390234115 70.65612882699814 26.4441010748894 80.04499981264138 18.812323424046916 11.794874128714202 81.20171848266784 19.815791667440593 46.241220171650845 65.69073016118598 36.73444096593238 25.85601866301007 62.84263921131842 44.39663258821972 85.0437352095742 110.41439097937815 23.307977072932594 73.39169197169153 25.08412602789064 36.1696853352886 48.47037528384066 54.5760999399293 31.322063862368612 81.0054041688849 36.391598963843514 9.245289663734752 80.90349598139461 22.388501483364 12.79830876605362 67.61144615117988 34.734784567733676 0.0 7.247894048428016 73.56163902000543 35.53257594002283 107.55309568533968 23.33740144304418 86.02758336150355 53.52840653795684 51.60418986000942 33.15159536122948 43.93059858081087 71.80250734449537 103.80816914958704 40.01825045028774 6.872920466585633 29.79710912279125 64.21333504892169 98.76077710212671 46.31617730625445 24.2069331023971 37.70419564325197 68.20616216161068 101.37750328849265 65.52972727862374 52.10770766045212 59.42291519906513 82.1081854395201 111.11807680212354 89.71180818348448 80.21738005538816 84.94807925037462 101.94239963191583 126.34499626881818
67.00379373243173 35.919331577604375 72.57215851643768 28.08872523780062 82.00368280024246 24.18664341230583 14.175357166520666 82.33495388276727 18.9364479728512 46.266150461525 66.53428279456061 36.681629000437866 18.823769872056832 62.96813161121943 42.11068161053081 87.25832572770138 112.00823706620044 25.637984458218277 75.90516544510717 31.450757163660008 41.87568426565911 52.02005782484923 55.951099146242065 31.73256285328776 83.3611316841551 43.57795092159983 8.050227908888735 82.82573069445112 22.194668280759927 6.227228160434236 68.54350931032691 37.12127633627446 7.247894048428016 0.0 75.72751898985321 38.415699021639256 110.96557443905378 23.090233641057072 87.95276003420292 54.11995505267322 53.40541803894159 39.11650687636817 51.01850577313575 77.9134079535745 109.23797293996697 37.81129201238183 10.986693314262252 34.73576182310099 68.46379307319525 102.77577957630172 40.17503490002291 17.417109691684498 37.24951668534729 69.76063201401041 103.6359665700877 58.353637851358805 45.58547478461179 56.086875362157386 81.29116360166856 111.64937342150968 82.47989223686261 73.78784048766298 80.50531426215417 99.56060106366338 125.45225537767284
