0.0 59.72282730258087 78.71258090930365 44.81629116289149 53.25343510927914 52.56646175802856 92.04451510211494 50.58461997353556 17.083180615789537 39.290469682768354 56.18404877531556 74.64016273436468 51.940646582790755 73.33578804051928 50.535380152739386 62.41214783286996 26.765407139087472 55.27757787956726 47.58726562527647 60.57388045729644 35.125242327894696 70.90316063632444 69.06837014286718 52.47356738873577 59.49933862384441 55.66183663752008 103.071690717238 87.16776757966807 19.060000986440247 57.61860125301681 53.813849921630954 70.42201433848393 46.50888010946707 65.95182800762522 52.964787164033936 95.15213201540811 38.812387953775506 15.374307903981922 46.5824628585228 61.37270282144335 28.23229432815342 19.31276207217922 48.41231920555533 81.91075667425176 116.059644161572 26.56976259747384 16.813930001633786 47.479632650862236 81.36813939195545 115.68095788119341 47.192479703792515 42.3076174221453 61.21732131639615 90.00004417559016 121.84940319053925 73.21550006400267 69.96124274189494 82.60388533010008 105.57930007699275 133.66127218211167 100.52816472689669 97.96149236257746 107.15252534874224 125.54497603654261 149.7868016089343
59.72282730258087 0.0 24.312927424723142 14.94392318313095 6.5830456436283535 29.952289617956296 44.82199309105555 15.671681706986067 73.45673773183888 23.107353227544312 21.244003078171787 20.66329586126752 39.20698981663144 14.7120066481459 53.98313503437776 6.4936944464064785 33.11116388658733 24.213895104370675 19.246277221400195 19.970906435823636 24.953846684883533 31.121379803062396 15.96109736024581 9.26821488574285 7.065321837066119 4.447986306064903 55.76186919779262 35.30241704338499 54.81691630825126 33.74311062017897 6.145414646326202 17.768542612096283 32.56028177137608 17.5153987431344 42.38312103010252 37.03077027233387 26.09573791298488 44.35116025543733 22.130850560211705 13.152841478738564 87.8870968913052 63.8445493353687 53.13106500600339 62.96421656127222 86.60758612685059 74.12222019284569 43.203822575052854 25.176953710879445 42.37959020162352 73.16435120635838 69.68804018344508 35.138960287915744 2.81502740837191 34.292222036401974 68.83925383650005 76.23081068492517 46.6978740084056 30.742189425819127 45.872745931231655 75.22214609028315 91.42313506153445 68.58826995196262 58.696665973273696 67.6833294796033 90.06416742214728
78.71258090930365 24.312927424723142 0.0 36.81130995414714 28.56169815850438 32.574582225552874 21.604676057852284 28.135414583568778 94.09078680856953 46.442098423355525 24.41744893747934 33.43823018512104 40.62366789682294 11.74595486053549 78.16949718302949 18.50448285150506 52.354686211652535 26.735378433683763 43.55182524741969 19.70027135160249 44.12036639384233 18.719207778591883 9.75729638715792 33.48392917924473 30.111097130337612 28.479661905186898 31.888121221623877 11.112411946615175 77.28404285591765 56.7739531265152 27.85316480200221 33.611916313177915 38.500623487983965 36.78084712868048 66.22134832068322 35.447947437155634 49.85443837002783 63.74065638935048 46.442098423355525 17.34478992790595 106.74815804056938 77.94854736385169 56.139001638608356 51.2055041282005 66.98674854420548 96.54777446579664 63.41403463085698 33.407353455512286 24.609087443424233 49.89997542988743 93.9665251975196 59.44825390329535 25.16616379068157 11.288515450583386 44.90411156641758 99.59870843666225 67.9284133743741 41.27310179760689 34.46014347291778 55.37478679150135 112.21405840727313 85.21620197444479 65.77529157975349 61.52851872660741 75.09933409959935
44.81629116289149 14.94392318313095 36.81130995414714 0.0 8.683218584319635 27.275152423189382 54.99730020326654 13.309063980791988 58.59255742882969 10.135532336580223 22.27210239190813 31.861534080773392 34.944659972440675 29.144352359552574 45.58871971022709 18.655734973387624 18.380890103367467 24.011046444030324 12.321562753988173 24.1740784482567 10.663404906542725 37.02939852389092 27.21022337158059 8.645253307149623 15.531920108693567 10.85959052949774 66.3387394397483 47.04986788322051 40.56819675606295 30.94992530192908 9.32912465303629 27.927274899671602 26.725208681503094 24.85533408332136 36.24753592920477 50.96778443438393 14.032457266468992 29.457474907333545 14.612629632713894 20.665907019523143 72.95372436680724 50.19012406298113 45.941992435685776 64.00859509202189 92.07795220777018 59.882196399235056 28.25990183433258 20.154794605891357 49.07808601989138 82.49818420360356 58.711997326297826 25.71220309069445 16.43130916989113 47.68343768890522 81.68405177334569 70.04225420764674 45.89708526707655 41.25519386798027 60.76399534120372 89.8741273205537 89.23144289925428 71.65761943184837 68.572172062146 81.63476880784201 104.98139126467024
53.25343510927914 6.5830456436283535 28.56169815850438 8.683218584319635 0.0 26.368250993963983 47.74927680108501 11.229979640920684 67.26072739283627 17.8823118044656 18.846398100493154 26.039543885580365 35.24223915217717 20.461333826285397 51.28137904753162 10.13385019504666 26.578789719413557 21.424438588032366 16.20446276266128 19.089806456399614 18.38035979598771 31.532739990366647 19.21545340203433 6.638839165475705 10.056328778790803 3.761316583917222 58.97339730768207 39.126831883426725 49.13734057816171 33.2332358463302 0.7113065980788735 22.60831951690525 27.895386713849785 21.000524271497078 40.573215039496205 43.502958662346956 21.33919794235913 37.879469175086705 19.078873317769887 13.747506983211427 81.44951882395473 57.324513360976034 48.30097643476006 61.43840488259839 87.24207494853013 68.46218811354478 36.83784187854919 20.53846122038797 43.375990898946505 75.73619468686134 65.83561891909916 31.741510314604568 8.693184383779807 39.22336869146568 73.45901624282608 74.67139223981376 47.30338792640866 35.9754558871879 52.39928978708076 81.19092893085109 91.71403698985665 71.04376959569852 63.857217648057095 74.18251629524961 96.55631326678866
52.56646175802856 29.952289617956296 32.574582225552874 27.275152423189382 26.368250993963983 0.0 40.12407051942555 15.181950240820559 69.41101217937826 35.776263764175724 9.483411081977353 50.37625812310194 9.377913932750358 34.17968022423226 71.63523965167269 26.25811037568158 30.66246981974098 6.410577980056173 39.55518653540334 13.450922733949918 25.40716975542807 18.899239275558177 25.465645752037624 32.45853723281744 36.050464218733204 29.8799868871384 50.79981178467681 37.555916158671096 57.79042018309149 58.0984218273007 26.105725995715716 47.71332359366694 6.493694446406521 47.07787721931137 63.33482586276124 62.96373550418029 39.73782034575087 39.85300206471801 41.88183180818338 19.581320533536875 79.02304694289312 47.15895497209355 24.45680939391775 36.97495670486529 67.31272336464546 75.44417165325855 40.94174416915769 7.448748576538957 28.802697020997016 63.234175226618454 82.0301419403711 51.99827282165611 32.76477739522475 42.87277657271766 70.69266847537143 96.72613967869694 72.84703133517714 60.433577544133676 66.27615000589364 86.76187105113195 116.50183927265017 97.3893521231049 88.26888152777786 92.15642774148279 107.6518513060722
92.04451510211494 44.82199309105555 21.604676057852284 54.99730020326654 47.74927680108501 40.12407051942555 0.0 43.429883137169284 108.50064203987968 65.0922627284134 36.10500041762864 54.71492683310155 44.57801267065541 33.34938958758082 98.72033528049538 38.46987979035533 67.43212671246066 36.768450930898005 63.670805179905585 32.15934246845989 59.90918327081263 21.263343203403217 28.892695436030934 53.549753812744655 51.190737527575294 48.57099568695329 11.380905569257733 11.229118288995531 94.06180018525363 78.0966912151726 47.04995627582546 55.15409954991158 46.5856642491919 58.38153571402907 87.18594577454695 52.265114665780764 68.84318927909801 78.15617180537777 66.58444174717114 34.34594479279908 119.05013376419141 87.08222690757687 58.21098521529118 39.85659318304308 46.726886318066924 112.89060286165345 78.53538575343715 44.56654952792431 14.120898651360305 28.416089477198533 113.53240554238204 79.44677004719368 46.1391437000197 18.458088735716608 30.780361372763632 120.86721099135114 89.52794716103173 61.77734453793436 44.860267724055305 51.022184291648415 133.79841674176205 106.19840360728541 83.9579600444942 72.21170753484951 75.99260412274934
50.58461997353556 15.671681706986067 28.135414583568778 13.309063980791988 11.229979640920684 15.181950240820559 43.429883137169284 0.0 66.17575292341631 23.079924403313875 8.966562628470758 36.32767675205317 24.021036449621533 24.464889712282293 58.87507699036494 14.057084954638531 24.469346370591722 10.843519750191028 25.087746650265444 11.449414150482621 16.551579795110577 24.136184893930874 18.570608619185634 17.30041785735913 21.115051203333696 14.843789274259267 54.80234525726621 36.936888709581254 50.64427890218108 43.339237714586055 11.024380503503018 33.270946429819936 16.922926823485763 32.14116247029271 49.43469029052226 51.53494474101418 27.090891519354553 35.720748204680916 27.652253054498736 10.825784642163477 78.6188266691705 50.94508375259054 37.47946103261837 51.076856103059335 78.78963922028036 69.58661717915047 35.624056183893664 9.523765072220376 36.15499214398103 70.1321427471983 71.38886893104038 38.99760494755013 18.441895352607098 39.42387024361192 71.85560043539527 83.32541832010604 57.884424203835955 46.39935200339395 57.87922979356427 83.31820143518631 101.89433717758024 82.20917591829051 74.35715795687993 81.81913561603876 101.26450831614092
17.083180615789537 73.45673773183888 94.09078680856953 58.59255742882969 67.26072739283627 69.41101217937826 108.50064203987968 66.17575292341631 0.0 51.24791292170028 72.4503203794369 85.9246699663165 69.02270487759237 87.69087774197675 50.74070173482557 76.95223608549689 41.74763173826864 71.7741720339565 58.62190088551841 76.67868249704432 49.982444438715156 87.49530893218964 84.35067826769239 65.32467878576458 72.07396286462195 69.15722594203835 119.63540563429524 103.06802679892046 21.522263695447123 64.33083741357883 67.8844647594728 81.70873211819206 63.46043752618174 76.79894609793283 57.10824045835176 107.0756733948301 49.655697212914475 30.486065152675845 56.95747183760708 76.79152833809725 17.646687555262773 32.689413299849996 64.96644510325409 98.83081161209005 133.07617647516201 13.550005855596497 30.691470412372222 63.99360632154778 98.2000434851736 132.61284638856844 40.931929022511014 49.19462708193686 74.56287387342083 105.32784670783236 137.92429346389568 69.18656870927161 74.18186048591134 92.81097339857804 118.82578155024437 148.39143221089054 97.55768198117525 100.94702528149796 115.14239389296458 136.82071547310719 163.0236603584856
39.290469682768354 23.107353227544312 46.442098423355525 10.135532336580223 17.8823118044656 35.776263764175724 65.0922627284134 23.079924403313875 51.24791292170028 0.0 32.00184648414324 35.35281866703602 42.354013776195224 37.809289375783635 35.993761549276975 27.995320818771535 15.895971876990146 33.415988293318236 8.66599228667313 34.22404021778291 12.376412382503124 47.06914149345559 37.00917764637978 14.264330022969908 20.83289683177288 18.66034006586641 76.41810650117044 56.91825764348702 31.787882707157287 24.99275452553091 18.589787572885957 31.13227846493481 33.9005177591136 26.73267505335515 27.876356678796604 56.076515369838916 4.027821595318733 24.62494422289141 8.818642626157017 30.74658281716298 66.7477063085197 48.369461382565795 51.17387180857633 72.7512019258414 101.79155893609384 51.054753924877254 22.536730474748545 28.356098195272335 59.11920289902198 92.63336202461088 48.577706682784004 16.22883473712226 23.702512988180423 57.053446185512804 91.34130979978707 60.94987643393676 40.075321009735454 43.49714371718877 67.62246601384798 98.226373994004 81.6810392094023 67.34832019910516 69.24282726158732 86.30243824319273 111.78739369906339
56.18404877531556 21.244003078171787 24.41744893747934 22.27210239190813 18.846398100493154 9.483411081977353 36.10500041762864 8.966562628470758 72.4503203794369 32.00184648414324 0.0 41.27845837040675 18.806070473917607 24.768517078983773 67.8407491165851 16.9368225129278 31.39801102999201 3.124763087323074 33.872958645747026 4.733246795970883 24.2574643568125 15.698370480796608 16.352065986829547 25.390026286514615 27.806095450976038 21.957257532420613 47.35510734519137 31.218737503480686 58.330542025619586 51.855009431754596 18.424401167069373 38.845840647603595 14.39180501882595 38.69390729636185 58.31351545294849 53.494168103500414 36.021810380398804 42.05692470834745 36.506810263147024 10.098015766487425 83.6846496058316 53.65639877698243 33.907678258273116 42.60616299870855 69.82601643651016 76.91895757308507 42.4546426456969 9.117084492613625 27.544503563394336 61.87998079262473 80.12026940541793 47.96363033501288 24.012628217996312 35.32063146145675 65.675961458873 92.256633563536 66.13108204783943 51.28506116942098 57.2869871466798 79.55026212446822 110.4196223348021 89.55840721947185 79.01681218404329 82.83319329113002 99.36675607154386
74.64016273436468 20.66329586126752 33.43823018512104 31.861534080773392 26.039543885580365 50.37625812310194 54.71492683310155 36.32767675205317 85.9246699663165 35.35281866703602 41.27845837040675 0.0 59.710508708316446 22.070423949758915 53.37193817279151 24.447203079092173 49.63654058414116 44.3626775657328 27.342105093056695 39.002846466180515 42.491661326328604 47.61558171846622 30.198439851827043 23.235410133703507 16.4368857600771 22.33975308168295 63.961029467105604 43.587603105712795 65.20041873758701 29.40646567004985 25.93000517188236 4.231409585799174 53.223248210963305 9.29338705566338 40.327563162015906 21.37942990184483 36.323211679935206 59.77594792152285 29.00351003815107 31.812752203137364 101.96061193799537 81.99640905869927 73.7943300702587 81.00952131761542 100.37046018682845 83.60013799458855 57.859484398316695 45.839610556752326 57.005551981266414 82.41849984350605 71.93241285116856 39.36592811738097 17.88655088556423 38.53607708089242 71.02800784956955 70.37000024526591 36.460708514097256 10.083750101413615 35.62068481677968 69.50422129232798 79.51094595533618 51.83486732391386 38.03343776066664 51.00056155848084 78.42447414118833
51.940646582790755 39.20698981663144 40.62366789682294 34.944659972440675 35.24223915217717 9.377913932750358 44.57801267065541 24.021036449621533 69.02270487759237 42.354013776195224 18.806070473917607 59.710508708316446 0.0 43.31301049589185 77.50542084280028 35.63594324828427 34.04230590305854 15.6914476865986 47.23985769420942 22.426673578968007 30.763391394865078 24.422293753348416 34.36112703113855 41.029712737771746 45.10681323205779 38.859857401883104 54.375518182430916 44.042511168082285 60.1626894970701 65.87953658427573 35.04474736771677 56.9751864120569 8.457452601541029 56.14215612260463 70.22301965930298 72.17396006027154 46.14091643143748 41.24153120219722 49.32955157654531 28.888201623902752 76.69123314375356 43.17644959363349 15.547242901337457 31.84459338943882 64.66289429338596 76.56973927198177 42.962269256057986 14.94787442687834 31.559025380909713 64.52407286382204 86.22200984554057 58.332085638352694 42.0220171655684 50.23831324379512 75.34418880989907 102.93388860327367 80.83775976263858 69.77722366052393 74.81803284993997 93.38830063799493 123.87976241872128 106.02787597140724 97.6334647683952 101.0808805812432 115.31289351561684
73.33578804051928 14.7120066481459 11.74595486053549 29.144352359552574 20.461333826285397 34.17968022423226 33.34938958758082 24.464889712282293 87.69087774197675 37.809289375783635 24.768517078983773 22.070423949758915 43.31301049589185 0.0 67.36158753124707 10.95641696279971 46.570826276877334 27.773211004578364 33.52522574794578 20.89832959066563 38.21240834802907 26.341888379537554 9.38224033127627 23.878293773358294 19.24596259601701 19.158602140366987 43.45553254453435 22.639670028747524 69.45877631962635 45.34607995655482 19.820383360875212 21.922820832186996 38.938799015189936 25.050301963126188 55.10444459033234 28.897886424237907 40.789257528922086 58.00689711514306 36.32534177937456 14.865263867108764 101.56808229972317 75.36403546178019 58.6360947824862 59.92859629765338 78.3547890660701 88.77757272741262 57.16196957935574 32.378421774224584 34.986736214222155 61.60048140367797 83.86328270707105 49.2633656663811 14.68205042303826 19.977497589585543 54.566405532445785 88.15272084802987 56.19565274608039 30.656822920964974 33.415122405423794 60.73006033933673 100.47373395882954 73.8963150087777 56.755220469404854 58.10714459420933 76.98390077718321
50.535380152739386 53.98313503437776 78.16949718302949 45.58871971022709 51.28137904753162 71.63523965167269 98.72033528049538 58.87507699036494 50.74070173482557 35.993761549276975 67.8407491165851 53.37193817279151 77.50542084280028 67.36158753124707 0.0 60.255776208650936 44.948206337090255 69.38808667221298 35.116698781000316 69.61834595160074 46.747708271397045 82.4322954501361 69.83388549385354 45.189948986665186 48.16039842607491 50.150966966623265 109.73926746452258 89.23815976650398 31.77980260954858 24.01330547396177 51.95228694227704 50.114125486148616 69.10310895497793 44.97210251269335 13.052254122823022 73.4156479264273 31.97671553588913 44.56349302703271 32.21684495805527 65.02363825121256 68.24802025988244 68.11013813196243 83.755348761536 108.56194018543025 137.66335803077396 41.33693820650927 41.436499111465785 64.18762398800203 94.43487334381352 126.92779895677421 19.35614040573341 19.877987845221167 53.01378467438318 87.29628322871241 121.76072232387841 25.60510247110898 25.952247649745452 55.55415626318415 88.84737830969875 122.86698588681665 50.513461428290306 50.518529748731396 70.33806953154965 98.6791584721737 130.08658162906826
62.41214783286996 6.4936944464064785 18.50448285150506 18.655734973387624 10.13385019504666 26.25811037568158 38.46987979035533 14.057084954638531 76.95223608549689 27.995320818771535 16.9368225129278 24.447203079092173 35.63594324828427 10.95641696279971 60.255776208650936 0.0 35.65360323511164 20.052854142945137 25.280021237729798 14.619019240857062 27.287943698086185 24.87216073107276 9.578356328798375 15.146165950991994 13.419707632690626 10.13385019504666 49.50776561968511 29.26974736170439 59.21513316344406 40.23480023251043 9.435751103588531 22.34948450345528 29.952289617956385 23.145688458962752 48.812162861329924 37.57613674988815 31.354116378913755 47.104476177373165 28.19157241191614 7.440010289170435 90.64289908232863 64.63241956052157 50.33258956120376 57.30789558089899 80.1861935111564 78.53400558031196 46.34245280250427 22.8582746904498 35.947508993758056 66.7592014240503 75.55764533765156 41.14855702932383 8.503143686106851 29.090494836537463 63.36453311951766 82.7058920978951 53.0482626002492 34.39191283217284 44.117129305097414 71.44697652340909 97.78264570590412 74.23140773718863 62.08008916714652 67.766898494309 87.89509130611839
26.765407139087472 33.11116388658733 52.354686211652535 18.380890103367467 26.578789719413557 30.66246981974098 67.43212671246066 24.469346370591722 41.74763173826864 15.895971876990146 31.39801102999201 49.63654058414116 34.04230590305854 46.570826276877334 44.948206337090255 35.65360323511164 0.0 31.303782316961094 24.446419562075526 35.30831303811174 8.367970092318899 46.96294147089885 42.62690300628811 26.604163324374912 33.673575167063056 29.21318928810658 78.7292592639589 61.404522148799586 27.21405869965396 40.04383686817292 27.114792457432557 45.53100240176724 26.19000420208343 41.7041849055053 40.416074407294616 69.30077221049504 17.708013124367977 11.464277762180908 24.66571241788147 35.04424398104919 54.997561426764854 32.68137801374928 38.81042323603263 65.87306893911554 97.8116007815529 45.52496800014047 11.1625524241212 23.906834168842522 58.42366935993509 93.00520330134798 52.18357461108686 27.735072440037495 34.787708523382776 63.60799259760079 96.31516192616311 70.5443329285995 54.78987675220137 58.499197745095046 78.97581614014364 106.99065747764462 93.9815224776137 82.59881302624564 84.89596106024187 99.93401542870141 123.13006787876435
55.27757787956726 24.213895104370675 26.735378433683763 24.011046444030324 21.424438588032366 6.410577980056173 36.768450930898005 10.843519750191028 71.7741720339565 33.415988293318236 3.124763087323074 44.3626775657328 15.6914476865986 27.773211004578364 69.38808667221298 20.052854142945137 31.303782316961094 0.0 35.92982812662496 7.188025677675678 24.69912723944171 15.760182395393567 19.15129316115604 27.858107747179726 30.654749697701774 24.68698380784769 47.8612852279065 32.763569118370015 58.44945175438141 54.143355143387836 21.053702661373556 41.87790950348748 11.774673594238951 41.59981767137072 60.23206163244807 56.55504016904926 37.44316456231405 41.56099063163578 38.47556474572626 13.198352749347189 82.47664558776796 51.76996798625428 30.865821475510774 40.250529411309486 68.42768542614868 76.77107676981673 42.18859640933258 7.7981692012901815 27.140367648684702 61.702852499949636 81.08345558803042 49.54142348378593 27.000365438163684 37.396898926305056 66.80477218913707 94.04543457198687 68.58218292153059 54.38092822536366 60.04875007794286 81.54273056337863 112.7107776225875 92.34304607225 82.13087162007648 85.78137991492561 101.81421000142743
47.58726562527647 19.246277221400195 43.55182524741969 12.321562753988173 16.20446276266128 39.55518653540334 63.670805179905585 25.087746650265444 58.62190088551841 8.66599228667313 33.872958645747026 27.342105093056695 47.23985769420942 33.52522574794578 35.116698781000316 25.280021237729798 24.446419562075526 35.92982812662496 0.0 34.971459852273455 19.6227860362427 47.632547349801754 34.83131252686091 10.135262852502443 14.717006612447605 15.147286186915455 74.77552005757526 54.49445292086276 38.206130439697624 18.639685658398026 16.862181614716498 23.114523013171308 38.962638987709994 18.397178110988158 24.519201235315016 48.46285035144619 8.98152993756418 33.19312130022378 2.9140671580045834 29.949286329652693 74.64062485993031 57.01731225022054 57.66732669360064 76.12399683857657 103.2424373738282 57.07796640013389 30.96578491059572 32.47623688450629 59.54303174603699 91.81982267888512 50.44991077249993 15.89720371077398 18.8441779904085 53.40729699104982 88.00244354044332 58.593184610453775 33.653202827535914 35.02501931182871 60.957387038051195 92.73452016517953 76.95288785856755 59.98566836229891 60.57724591021894 78.33079783401591 104.8647410191697
60.57388045729644 19.970906435823636 19.70027135160249 24.1740784482567 19.089806456399614 13.450922733949918 32.15934246845989 11.449414150482621 76.67868249704432 34.22404021778291 4.733246795970883 39.002846466180515 22.426673578968007 20.89832959066563 69.61834595160074 14.619019240857062 35.30831303811174 7.188025677675678 34.971459852273455 0.0 27.76925863203211 12.855324986953752 12.015245559469829 25.721784446805792 26.915305521726214 21.62750258216586 43.50053145058456 26.65243750838179 61.93489318831939 52.30369472608385 18.53777858317441 36.96155728631733 18.925622600107243 37.434921039354364 59.484726207551056 49.786066901353955 38.18513480664781 46.21667853194754 37.743302584673614 7.193613280720226 88.21013588573825 58.38459105488444 37.832811631281125 42.99664595437861 68.27100595959575 80.73202067081662 46.44350206557623 13.827208203201513 24.904569246580074 58.68676624332463 82.71686589008047 49.78392294979542 22.575316201599502 30.589175451749043 61.29108616990265 93.56426528091403 66.12913372440282 48.85348450945143 52.86845565317781 74.82175011500203 110.69835263762654 88.54806710192797 76.30293424889517 78.72901651499502 94.70544327732607
35.125242327894696 24.953846684883533 44.12036639384233 10.663404906542725 18.38035979598771 25.40716975542807 59.90918327081263 16.551579795110577 49.982444438715156 12.376412382503124 24.2574643568125 42.491661326328604 30.763391394865078 38.21240834802907 46.747708271397045 27.287943698086185 8.367970092318899 24.69912723944171 19.6227860362427 27.76925863203211 0.0 39.95582429130538 34.37268727416134 19.256329935764242 26.195170913198783 21.246404267008405 71.26421359129726 53.407037708227186 34.16610191737647 37.29905032896464 18.881857535886116 38.51126844875774 22.35621413382185 35.16427622909305 39.93330372521464 61.535564232205346 15.740695656156397 19.829278954515743 20.749628082967522 26.87255339462286 63.35709455141802 39.52844847153859 38.80341727421297 61.99792166500208 92.60998614554035 53.03681752504461 19.2952775769562 18.071106773279958 51.72693208478356 86.13732956986162 56.66951155670526 27.697993702266135 26.791227692022094 55.346243038030906 88.33735940397357 72.17816339586544 52.41267968207781 51.76193265907031 70.75530591178355 98.6313130632044 93.84855453151818 79.44762309352988 78.81012397007575 92.22192614922585 114.8628263627777
70.90316063632444 31.121379803062396 18.719207778591883 37.02939852389092 31.532739990366647 18.899239275558177 21.263343203403217 24.136184893930874 87.49530893218964 47.06914149345559 15.698370480796608 47.61558171846622 24.422293753348416 26.341888379537554 82.4322954501361 24.87216073107276 46.96294147089885 15.760182395393567 47.632547349801754 12.855324986953752 39.95582429130538 0.0 17.428912502608938 38.07835937066219 38.18165301831792 33.61651756435773 32.16859423590123 19.683726254526484 73.99991431092373 64.47951874011798 30.924360286868794 46.4187263638129 25.38401572662513 47.90379559295626 72.09566544130072 53.78393276038074 51.037062271321076 57.32111407269908 50.445723301670725 18.12011103148375 97.7898399778023 66.00395905404376 39.30683331472875 33.59116560499045 55.73634716501221 92.47578199261316 57.920056254736174 23.50637575496465 12.050751383170768 46.181659128372075 95.51577024005438 62.61766883390953 33.369532441859434 26.47493343613823 51.7992438691707 106.1946156913777 77.81522140131315 56.81481144573334 52.871908958738366 68.9764927634052 122.53060435563195 98.77914253028742 83.03986489394065 80.1788594020636 91.41340164235473
69.06837014286718 15.96109736024581 9.75729638715792 27.21022337158059 19.21545340203433 25.465645752037624 28.892695436030934 18.570608619185634 84.35067826769239 37.00917764637978 16.352065986829547 30.198439851827043 34.36112703113855 9.38224033127627 69.83388549385354 9.578356328798375 42.62690300628811 19.15129316115604 34.83131252686091 12.015245559469829 34.37268727416134 17.428912502608938 0.0 24.696970258954956 22.57595871181545 19.69768516303509 39.944246868258446 19.9165847462028 67.584331739485 49.5476797752249 18.504535904091046 29.17555258340999 30.7430805047468 31.15223591521247 58.343777409384586 38.13231473854903 40.54932479904824 54.03348771857716 37.744861187103304 7.750620445289064 97.16225114206634 69.02233954721954 49.824432604072676 50.94776963932551 71.44009236580386 86.82848992785487 53.66784725708249 24.822086241373164 27.32912497340157 57.20553424724621 84.99294384517084 50.67296797611518 17.508623504761683 20.981113985407305 54.485919507869795 92.16486649986453 61.859816187537305 39.41750509067111 40.9349626110452 64.74898630796204 106.54013464936014 81.58938095404277 66.01232895232354 66.73231421635626 83.32796436533228
52.47356738873577 9.26821488574285 33.48392917924473 8.645253307149623 6.638839165475705 32.45853723281744 53.549753812744655 17.30041785735913 65.32467878576458 14.264330022969908 25.390026286514615 23.235410133703507 41.029712737771746 23.878293773358294 45.189948986665186 15.146165950991994 26.604163324374912 27.858107747179726 10.135262852502443 25.721784446805792 19.256329935764242 38.07835937066219 24.696970258954956 0.0 7.077810133106942 5.018507037824293 64.64116549724515 44.382619075896216 46.042337209377365 26.594453801705612 7.187477097208086 19.282152865562797 33.284420642444694 16.379759040125066 34.1227267531382 42.77120384026534 16.94240081086951 37.253180816098116 13.048243443737054 20.11111936770915 80.383647476601 58.77108106953308 53.30430654508727 67.99601576919385 93.81027215513488 65.28144626260283 35.698397979987526 26.113722784126068 49.84295260247432 81.74078441992802 60.48262696739218 26.0076537389579 9.460556401410846 43.55984834838534 78.1042433874866 68.19829952994714 40.74483435490676 32.620698447834066 53.50619946079001 84.00328426201102 85.08930729203621 65.00422824387113 60.04743153886854 73.35273171712747 97.72582737543992
59.49933862384441 7.065321837066119 30.111097130337612 15.531920108693567 10.056328778790803 36.050464218733204 51.190737527575294 21.115051203333696 72.07396286462195 20.83289683177288 27.806095450976038 16.4368857600771 45.10681323205779 19.24596259601701 48.16039842607491 13.419707632690626 33.673575167063056 30.654749697701774 14.717006612447605 26.915305521726214 26.195170913198783 38.18165301831792 22.57595871181545 7.077810133106942 0.0 6.309686231176902 61.916836323901464 41.21978985955096 52.37465900317158 26.976614336665882 10.130559352853663 12.71682538764688 37.923167786841454 11.03628321734415 36.11222582596386 35.70037036386248 22.950270409786945 44.311889187286155 17.35814300232536 20.205652745883143 87.3384052943298 65.72156369447758 58.35613591564729 69.90236786856073 93.60572224684253 71.47895472226053 42.704779799254496 30.54491643335058 49.36721660168198 79.59955202554671 64.69136321703124 30.131668540786478 5.071167662217921 39.22206460779818 73.79619421738764 69.6795834957846 39.64888530146207 26.146992511457263 46.79890694767875 78.04775158686314 84.38020102078575 61.77386285114946 53.91474312559361 66.2750821127808 90.95477491034787
55.66183663752008 4.447986306064903 28.479661905186898 10.85959052949774 3.761316583917222 29.8799868871384 48.57099568695329 14.843789274259267 69.15722594203835 18.66034006586641 21.957257532420613 22.33975308168295 38.859857401883104 19.158602140366987 50.150966966623265 10.13385019504666 29.21318928810658 24.68698380784769 15.147286186915455 21.62750258216586 21.246404267008405 33.61651756435773 19.69768516303509 5.018507037824293 6.309686231176902 0.0 59.63859364985668 39.364605710942314 50.38498236750221 30.863006352850064 3.8276276854772835 18.856679488194118 31.615474194785627 17.30350623087188 38.89565870411712 40.31520286966293 21.670039023209696 40.31142699029806 18.05810411696092 15.514126652900552 83.76874379021298 60.545513865238505 52.04918284292222 64.39935553187608 89.33217742431458 69.68502723760004 39.043655676739796 24.241580258852743 45.229907315149354 76.80285121864732 65.49049082165925 31.026043520328063 5.5749852026841475 38.65746549528855 73.1612801422215 72.91254300618762 44.50186993216827 32.240163932218465 49.93269626774022 79.63638857796697 89.09347875950145 67.65908567450555 60.10523585288 71.00922803413819 94.16350216795234
103.071690717238 55.76186919779262 31.888121221623877 66.3387394397483 58.97339730768207 50.79981178467681 11.380905569257733 54.80234525726621 119.63540563429524 76.41810650117044 47.35510734519137 63.961029467105604 54.375518182430916 43.45553254453435 109.73926746452258 49.50776561968511 78.7292592639589 47.8612852279065 74.77552005757526 43.50053145058456 71.26421359129726 32.16859423590123 39.944246868258446 64.64116549724515 61.916836323901464 59.63859364985668 0.0 20.82094035145505 105.42395554810075 88.66191956679197 58.269854599221944 64.84336947272313 57.18473621284487 68.44542548761336 98.01298242017255 58.49119269582818 80.14343661639111 89.36359621037832 77.68910522311056 45.67576369069335 129.82279684675905 97.34850680524738 67.03976299029927 43.666379702462564 41.40048866302695 124.21666096994336 89.80898759912925 55.64513977552079 22.846462391665316 18.503838606431202 124.79841121977405 90.60455898937994 56.90850513758314 25.74527112383092 21.95243026474317 131.4859079978744 99.53551665600268 70.14920336666788 48.26301870881271 46.17947382409841 143.42727111218372 114.7168484350013 90.24013896944939 74.30588269272248 72.76125261433249
87.16776757966807 35.30241704338499 11.112411946615175 47.04986788322051 39.126831883426725 37.555916158671096 11.229118288995531 36.936888709581254 103.06802679892046 56.91825764348702 31.218737503480686 43.587603105712795 44.042511168082285 22.639670028747524 89.23815976650398 29.26974736170439 61.404522148799586 32.763569118370015 54.49445292086276 26.65243750838179 53.407037708227186 19.683726254526484 19.9165847462028 44.382619075896216 41.21978985955096 39.364605710942314 20.82094035145505 0.0 87.16821203752522 67.86425402184146 38.41561631544966 44.19634218011264 43.964645328243435 47.65868266341777 77.3314959616687 41.58784553361209 60.46429477805073 72.58466835467807 57.396731316672984 26.676601876773663 114.8625699260114 84.49088748830171 58.981531528244666 47.05042986145015 57.82279598301249 106.31275717099756 72.56093419562974 40.28179559142326 19.365019797156478 39.01579139858793 104.82712512866026 70.38676762831507 36.25908162142458 8.366480227028413 34.93033110721225 110.69055709793298 78.78040111963377 50.54832001943542 36.038071538586074 49.367817768110314 122.8549945631682 94.9798967776092 73.10120699471446 63.72728386340012 71.92580570602789
19.060000986440247 54.81691630825126 77.28404285591765 40.56819675606295 49.13734057816171 57.79042018309149 94.06180018525363 50.64427890218108 21.522263695447123 31.787882707157287 58.330542025619586 65.20041873758701 60.1626894970701 69.45877631962635 31.77980260954858 59.21513316344406 27.21405869965396 58.44945175438141 38.206130439697624 61.93489318831939 34.16610191737647 73.99991431092373 67.584331739485 46.042337209377365 52.37465900317158 50.38498236750221 105.42395554810075 87.16821203752522 0.0 42.825395781270224 49.81696523239877 61.027506214285 52.89788499636577 55.96348048471883 36.07169600450767 86.52052486891054 29.452740453231314 19.237056142893525 36.23237246748485 60.49187991987086 38.9024895866825 37.755020508132425 61.09264183788025 91.83687513741614 124.62160253072736 19.32565249599493 17.2038369382866 51.12061141493427 85.58922573836675 120.13562318703627 29.120319769488507 27.67910464975713 55.48979278405145 88.24367303248646 122.02302657651468 54.19329519571921 53.253142936779575 71.62181789394792 99.08721380878185 130.00642544180857 81.48694798446955 80.65449211390671 93.62105861041262 115.84208751841307 143.06853940809088
57.61860125301681 33.74311062017897 56.7739531265152 30.94992530192908 33.2332358463302 58.0984218273007 78.0966912151726 43.339237714586055 64.33083741357883 24.99275452553091 51.855009431754596 29.40646567004985 65.87953658427573 45.34607995655482 24.01330547396177 40.23480023251043 40.04383686817292 54.143355143387836 18.639685658398026 52.30369472608385 37.29905032896464 64.47951874011798 49.5476797752249 26.594453801705612 26.976614336665882 30.863006352850064 88.66191956679197 67.86425402184146 42.825395781270224 0.0 33.76799681971866 26.325856483775212 57.59147317722207 21.37628192768226 10.965006091470793 49.49488169442448 22.362844823133035 45.741700026956124 16.720554838117604 46.370485392559395 81.69458081117668 70.88391209811168 75.95926467891279 94.39198706394046 120.18586017188107 58.78620873615552 42.847105208201626 51.09549446147035 76.02922941815869 106.51270787370181 42.924160884776526 15.40598150299401 32.047704678031245 64.89697153804818 98.9496280184295 42.82630308596041 15.133734386881278 31.918931543654274 64.83407328841967 98.90877878738588 58.57170614618679 42.55504495789402 50.85310682742481 75.86807384208475 106.39882665611738
53.813849921630954 6.145414646326202 27.85316480200221 9.32912465303629 0.7113065980788735 26.105725995715716 47.04995627582546 11.024380503503018 67.8844647594728 18.589787572885957 18.424401167069373 25.93000517188236 35.04474736771677 19.820383360875212 51.95228694227704 9.435751103588531 27.114792457432557 21.053702661373556 16.862181614716498 18.53777858317441 18.881857535886116 30.924360286868794 18.504535904091046 7.187477097208086 10.130559352853663 3.8276276854772835 58.269854599221944 38.41561631544966 49.81696523239877 33.76799681971866 0.0 22.57255289789842 27.792816237122793 21.13066541798 41.19725789600877 43.14363102554206 22.050504540438006 38.44159383187471 19.74330309349887 13.08742219113117 82.01867488236587 57.705411642366755 48.244946168441004 60.99216280680888 86.64480256402341 69.1410478338294 37.4327747865479 20.41536592919895 42.74585487559844 75.04981983440774 66.54179018932201 32.43110833155861 8.402199305802684 38.52622922496855 72.75161127396359 75.29315517305493 47.7663797805594 35.90298170281713 51.87726274194387 80.55002123106092 92.21801182754155 71.34909175085853 63.81221311551712 73.81110115226964 96.01527599512215
70.42201433848393 17.768542612096283 33.611916313177915 27.927274899671602 22.60831951690525 47.71332359366694 55.15409954991158 33.270946429819936 81.70873211819206 31.13227846493481 38.845840647603595 4.231409585799174 56.9751864120569 21.922820832186996 50.114125486148616 22.34948450345528 45.53100240176724 41.87790950348748 23.114523013171308 36.96155728631733 38.51126844875774 46.4187263638129 29.17555258340999 19.282152865562797 12.71682538764688 18.856679488194118 64.84336947272313 44.19634218011264 61.027506214285 26.325856483775212 22.57255289789842 0.0 50.192552995380375 5.322669942646452 37.12173640557311 25.503529179625154 32.096000334250974 55.586399913552064 24.810201293158162 29.789443543415395 97.72925098494356 77.9715507034851 70.73100466784042 79.50436092296653 100.16869706235943 79.4975195452533 53.64779941757131 42.79177077341102 56.3826516310398 83.19669259616072 68.42674540873396 35.43289408739032 14.953615290560933 39.83191393625202 73.10541878719691 68.10427067103619 34.81187327771652 13.431021546881201 39.29082767944368 72.81481251013841 78.66240981899475 52.4139150958963 41.24904022349356 55.2319580488882 82.42861218594282
46.50888010946707 32.56028177137608 38.500623487983965 26.725208681503094 27.895386713849785 6.493694446406521 46.5856642491919 16.922926823485763 63.46043752618174 33.9005177591136 14.39180501882595 53.223248210963305 8.457452601541029 38.938799015189936 69.10310895497793 29.952289617956385 26.19000420208343 11.774673594238951 38.962638987709994 18.925622600107243 22.35621413382185 25.38401572662513 30.7430805047468 33.284420642444694 37.923167786841454 31.615474194785627 57.18473621284487 43.964645328243435 52.89788499636577 57.59147317722207 27.792816237122793 50.192552995380375 0.0 48.895307155743545 61.772917318470284 67.35250416382573 37.68353372026908 34.425494695888574 40.97977553756894 24.079293257346666 72.66004116657056 40.66840978799261 20.571913479999868 39.841357796418585 71.73778680088816 70.02963922853269 35.805524717131206 7.400957535146415 34.962352423648014 69.17233076839187 78.23816566000316 49.87902962753849 35.347623350975034 49.04917130874514 77.18171923999682 94.50181275685075 72.605071523828 63.302257703909305 71.67726887660143 93.07449457124059 115.46486893363675 98.14587336338403 91.25666897972108 97.04451290519464 113.58778988825844
65.95182800762522 17.5153987431344 36.78084712868048 24.85533408332136 21.000524271497078 47.07787721931137 58.38153571402907 32.14116247029271 76.79894609793283 26.73267505335515 38.69390729636185 9.29338705566338 56.14215612260463 25.050301963126188 44.97210251269335 23.145688458962752 41.7041849055053 41.59981767137072 18.397178110988158 37.434921039354364 35.16427622909305 47.90379559295626 31.15223591521247 16.379759040125066 11.03628321734415 17.30350623087188 68.44542548761336 47.65868266341777 55.96348048471883 21.37628192768226 21.13066541798 5.322669942646452 48.895307155743545 0.0 32.033602335078434 30.671958957339232 27.332588681356608 51.339080406470885 19.84156233573433 30.440120242483864 93.00620131859436 74.33508520218906 69.2532835945368 80.38090988669319 102.5715606162148 74.30929395016065 49.255943588442825 41.53608415930208 58.47363588063521 86.64818172169527 63.160576026977246 30.126537054654296 14.859651733658064 43.91880472305939 77.66443658985987 63.65848410184561 31.147594695099414 16.816439422197966 44.61235856605469 78.05499574769092 75.5731451219462 51.12570445236001 43.71719205020824 60.02804293736633 87.69467959657905
