0.0 74.27748528701193 79.02018312980393 29.248628359700206 35.887334257918276 22.05936055159869 40.989693858340445 17.18381207681481 9.160446972105746 32.01480882605348 11.859820410438926 20.39118705153072 40.62186669132368 40.85244626627414 48.685745035887074 46.569554801000656 36.99324469553771 14.22397596328322 23.54791602052479 27.285117016180298 59.040988997169364 67.60576629052579 17.477850025053158 19.36550877526173 28.550999416981334 60.77797712441024 42.79311026666617 13.035280399850993 36.41363559603837 22.723871222552155 8.85073550687893 25.51357022186352 42.67839588471968 37.46080008773543 47.26302027996959 36.761543804634734 32.11760334945468 12.156476714111902 18.66202446325508 20.1959480398971 99.94379024166517 71.51843482078736 51.34024883944403 50.51301915362366 69.72889199325913 89.74085899923386 56.544956689255855 27.130959760249116 25.878414280630597 54.75529354772983 87.76550218240823 53.38460402088518 19.796508604740094 18.13121046074047 51.57938605654191 94.53499922153834 63.81737950816069 40.040970309146175 39.098979608809465 62.040395201541095 108.4232412537381 82.85823951601323 66.10712404543686 65.34210914492506 81.01731907201628
74.27748528701193 0.0 5.695453300070712 103.4304865831785 40.6231521538134 53.31513276338975 51.69025573258553 65.97660043853877 73.1165453919754 105.19048660890999 72.45903511528694 57.374832293463065 38.90233917076112 53.40504217933713 86.45904804180306 120.40485315152873 40.01397196018282 65.77127883717353 51.517575418530214 101.31188736872032 82.30736866224382 7.2195470820173995 56.86983398753836 93.42997639412653 47.92427462164642 45.398136203415696 53.100006746599874 67.04877543124358 106.5178827522117 80.67012089879391 68.85485460823804 55.534512164918475 35.67098305792754 53.921166108573324 85.92515375083896 111.01886697126238 106.32463945319573 62.38748609685006 55.93440756570931 54.08727439547538 31.765206528514838 32.75204685048529 59.423940033939246 91.5672025030171 125.03095755617494 16.323656803155647 18.355898392471833 52.93647731440257 87.53545936028958 122.13720584109439 33.7527631384755 34.66587916726573 60.4899548402962 92.2560751034431 125.53154762192064 60.227406200757535 60.55575741298667 78.11176373318364 104.5499119513544 134.73941190056175 87.92379993036262 87.93536315897674 100.64477053020244 122.15080766932954 148.68415525729748
79.02018312980393 5.695453300070712 0.0 108.23732834613908 44.645699598762064 58.38104896931975 54.181840198642234 71.27254589100686 78.20194888558113 109.60119282512541 76.65936347854812 62.590840501679175 44.46212513697202 59.09582104886604 92.154198185403 124.90061843879631 45.40412212568792 70.95575998445997 56.556615567642204 105.90123443783476 87.93556523698022 12.827466087274226 61.702400097168564 98.05050100999863 52.08259294894576 50.786970301676796 55.37364042321716 72.21086882149525 110.56817235655808 86.08654771928342 73.28364982365844 60.93810087800471 41.21054474120812 59.587956834118394 91.61877833029067 115.69808508986729 111.12120284622188 67.25129588552923 60.85070085230435 58.83011835572905 26.136821087997497 31.543366164414106 60.84142242065383 93.82546357930606 127.66988975313983 13.90613298909127 22.5770102616382 56.753114895829796 91.25220276118847 125.80885011593156 36.338790415434424 40.330068287416836 65.7826180323661 97.07225643625294 130.05200809763818 63.753045452099954 65.91888428259698 83.7909645116049 109.96058424984977 139.84460077382485 91.78809231466126 93.09092880892523 106.30842221830461 127.79566780869028 154.13201240122595
29.248628359700206 103.4304865831785 108.23732834613908 0.0 64.92328407973848 50.48604494538627 66.80156413714577 40.54924657074719 31.451231523758285 12.755976987408927 34.93148877982033 47.44301941848376 68.13694622088605 63.747454491527336 55.823489235026784 19.991693376337793 65.10605471207884 39.29938398174755 52.16890805422775 7.422403662405078 69.97360889755424 96.67007138744191 46.56117819946475 11.67771288478992 57.45874743827937 84.52898236360859 68.03963509757475 37.88336656691247 22.997248458052706 32.56556816660406 36.14242616350274 51.30868295276949 70.60840277661075 60.72104151141424 54.49934350433757 8.73458463338731 2.91163133658272 41.051218259173766 47.53831980422602 49.410855117552785 129.0236450976474 99.45597490605762 74.36845853999142 59.70453115545729 63.19320525547957 118.70900194563676 85.78880248867836 54.97677305093415 32.86347473560006 39.14595538002352 114.49692737604353 79.91540591618067 45.36796238169027 11.175245067597741 24.215168339604897 117.04834501811338 83.49734954451259 51.36285242310973 26.444673494100407 33.990319543839355 125.95276622304672 95.47612671225532 69.00785379141512 52.94599758498563 56.91462992156535
35.887334257918276 40.6231521538134 44.645699598762064 64.92328407973848 0.0 20.10279781412303 18.754406158453914 34.05184361064332 37.64909073373443 65.15012606596736 32.04528284847403 25.549336753388992 23.596345792316686 38.15559925069968 65.99800261021575 80.55739217933646 19.32838669306253 32.17110166348524 18.380831280430154 61.83263983479698 69.1261359758833 34.905437826749605 20.229372277162664 54.12427513065396 7.543238576691289 48.179278744276644 21.29636956416855 33.005382904105986 65.93907263165231 49.37399298310866 29.049389904489836 27.74366901216279 22.42108221352531 35.94150065765352 64.91694875317822 71.84141474346367 67.73445354842859 25.495229564574505 20.3036306576193 16.939931596848524 64.10198726690575 36.95249782561364 31.88646729112181 55.34296589353102 86.62435181842828 56.84496454698565 22.26725392206957 12.456547615857318 47.00377578638554 81.59901149058965 62.86133026773169 34.77664931475882 29.36195259180171 53.94139051230725 85.74417407890571 79.18089547330648 59.213178054412914 56.01412528053449 71.85930374758762 97.90164639352014 100.92284066915254 85.94215746450965 83.55482499355159 94.71791181932707 115.56935816272758
22.05936055159869 53.31513276338975 58.38104896931975 50.48604494538627 20.10279781412303 0.0 34.482627038123304 14.138274095423123 19.821130836487374 54.059301453978826 25.38979950530474 5.448870443287476 18.75901985734919 24.11423509669839 46.62460015582539 68.56727100841093 14.9374385596521 12.860911038243664 1.8964120970711034 49.273335463445676 51.67499183409294 46.38364615026474 5.882456905260279 41.37335295762995 15.73958331691536 41.240146161487885 37.00635407630615 13.99052711227102 57.76829897712292 29.619703093116463 19.958290018946126 9.034566568235585 20.637467914070676 20.942183995234178 45.45828648992114 58.46893196835476 53.39686524696426 9.977951335869756 4.022734788722341 6.316854937058231 81.0737955615475 56.79433790864203 47.67644352603795 60.95325810491544 86.90434993018525 68.27675565396636 36.495254593888006 19.923321640502156 43.09084328085748 75.57479537622403 65.91420392845293 31.902695145885588 9.259300978797553 39.35149769282658 73.52685975688759 74.97919170247957 47.78336393423744 36.5984820165627 52.82495849250105 81.46368473100368 92.15873874547812 71.61169472564909 64.4826284029909 74.71650929194443 96.96327658128935
40.989693858340445 51.69025573258553 54.181840198642234 66.80156413714577 18.754406158453914 34.482627038123304 0.0 46.369944784131825 46.400877616989405 63.38076742789019 31.949941859950556 39.50404116880146 42.31300057583671 56.03779471506385 80.91697653870494 78.71165252958733 37.92407742947637 43.559184549776894 33.296501681538764 61.88514108210455 85.93203162683558 47.74112035024265 31.60948910434044 55.15880428826093 18.929039962351084 66.91352655082136 2.605782449737454 43.87522773358087 61.205109450749255 60.20864905201439 32.23461013515884 43.356683068253005 41.16308741895933 53.490919591691814 79.69962467757179 72.02637273911749 69.2953034661564 35.04474736771677 32.703131107701545 28.901681519650563 67.37680714977584 34.09654149054306 13.43001118377579 39.91249576349136 73.4880976389566 67.76704466150953 34.85438303924177 15.235935540244403 40.54983953628401 73.83288752907539 78.98750008340824 53.351275882323144 42.994305798154905 56.96911661736468 83.88842821907288 97.36271642238987 77.82719640659816 70.91827740317024 79.97804234983984 100.78853141116583 119.63948907177323 104.14790246950598 98.8667085903822 105.34291045665621 121.71398331434108
17.18381207681481 65.97660043853877 71.27254589100686 40.54924657074719 34.05184361064332 14.138274095423123 46.369944784131825 0.0 9.578608647756937 46.87824151812776 26.596574315563004 8.953635198825403 28.23463999653741 24.178841607946953 35.22123526093396 59.95549083079769 26.0486873013129 3.4350121493302956 16.00183856882348 41.11768602813382 43.31582900043372 58.85758374229208 14.824903420252195 33.70644837125614 28.712277275236108 44.68831443307127 48.726721515613875 4.226938956330035 52.78054484450745 15.491862332351973 21.21950474315638 10.959799580974234 31.055708113460348 20.880587445391928 33.90607622086944 49.095879933961385 43.40751654833633 11.965853403308094 14.054579842251412 17.832128790257045 94.73673446807744 70.89286913688083 58.918041360317744 65.66322386651905 86.87214171599194 80.1683533256783 50.011211052228 31.14664315839822 42.82454112550655 71.3624905568244 73.95525834288392 39.399654304615275 5.489948852190379 30.046639975122947 64.57798282314846 78.11753765531336 46.68498575023313 25.523874150741428 38.96524683619818 69.13721734654081 91.24602481934454 66.20083585563398 53.2359227725519 60.66609813196309 83.19547244207226
9.160446972105746 73.1165453919754 78.20194888558113 31.451231523758285 37.64909073373443 19.821130836487374 46.400877616989405 9.578608647756937 0.0 37.30313056823413 20.562035634461935 16.092060273167753 36.71282489535979 33.7346150312831 39.622595085166544 50.56353487871321 33.875793713572165 7.849257465302369 21.656428025982287 31.59811932704544 49.90585885688652 66.14493451719142 17.46206597901957 24.131122997843004 31.047081205789443 54.26527334726166 48.48661555772444 6.432138743682553 43.325107939162066 14.36509694928336 16.234472762219134 19.9165847462028 39.266202645774456 30.453312571254443 38.207540806081234 39.85249417224763 34.34539251492093 12.205694254431968 17.756674091317397 20.732947037268318 100.62806098743867 74.428171144399 57.860965178740386 59.59045690354036 78.41521821335554 87.90024480975174 56.23208344210216 31.503653054015974 34.896301816577115 61.95048331032084 83.14697273423265 48.54362692752219 13.942839356373542 20.66824223258955 55.27028241542239 87.67526043480169 55.88298865295292 30.882115954963943 34.34153880998746 61.642655902379055 100.23475159751845 73.90045555739584 57.18691619882607 58.94237514166185 77.92854381095606
32.01480882605348 105.19048660890999 109.60119282512541 12.755976987408927 65.15012606596736 54.059301453978826 63.38076742789019 46.87824151812776 37.30313056823413 0.0 33.229769140311895 52.16333138475779 72.62029006302626 70.96799223024233 67.27851491072977 15.504393444892326 68.99674001363093 44.83483803731238 55.49587678909114 6.596420878546589 80.96038394223082 98.79852097587033 49.17854329923645 13.172022011671944 57.62247728050329 91.56640316715982 64.17172659923651 43.43597473559915 10.28062106781625 42.33600221186296 36.33693386054156 56.86490661195504 74.68979954610421 67.72694838151429 65.90737194689345 10.498837443860564 12.540215377797457 44.10538717489462 50.537226485461176 51.519144774124065 128.5640306759411 97.16120680213925 68.89630963192906 49.476399490999945 50.43746608731305 121.01835493231137 87.03077528425274 53.83415805527139 24.833936693271976 27.02183119699027 119.72071635408408 85.23401381083065 50.906555136807775 17.690976829272106 20.719966847611357 124.86613232019432 92.25920942721184 61.861147278710185 39.20038848386722 40.513805901802115 135.72351750528398 106.37226083505459 81.26510793945168 65.48093529748711 66.0777060288657
11.859820410438926 72.45903511528694 76.65936347854812 34.93148877982033 32.04528284847403 25.38979950530474 31.949941859950556 26.596574315563004 20.562035634461935 33.229769140311895 0.0 26.25597877071364 43.69990336814193 48.056793235493636 60.14488771218624 48.71263567112208 39.34828349467012 23.200119952564116 26.17075946072369 30.553293890983447 69.72774783041822 66.34238678508436 19.54837510677668 23.373501910237977 24.57704778089582 66.53584079925784 33.34126059445811 22.443165204076188 34.16523398574147 34.55038583147424 5.6748702279336944 31.936857385337156 44.99385226137691 44.66203996271452 58.7370293887103 40.733621097057615 37.50377220646815 16.628216119945794 21.369003441220794 20.69496158928391 95.37308384358236 64.67050039975352 40.784200307717434 39.23336897114187 61.725135562775115 88.51746940123337 54.15880639404134 20.636456008549043 17.703203352160298 50.948960607986876 90.32758907033967 57.04324895535544 27.26972723491257 25.063732038519294 53.92207499797958 100.33543473446778 71.72533043552434 51.1532678280489 49.835738327676694 68.88653744871186 116.44574488254172 92.76227715177386 77.74838760537821 76.67807145865171 90.04990097001568
20.39118705153072 57.374832293463065 62.590840501679175 47.44301941848376 25.549336753388992 5.448870443287476 39.50404116880146 8.953635198825403 16.092060273167753 52.16333138475779 26.25597877071364 0.0 20.713822224347354 21.822485699050866 41.43220924152626 66.16316702342905 17.795210451797903 8.426938179454012 7.20693813691199 46.950362668368136 47.19907138255425 50.31657565887062 8.62450154045619 39.16650909956181 20.988740579621485 40.707851505193474 41.98693687322885 9.761938355944318 56.76755421196112 24.41936351382961 20.59046584887859 5.688756625294409 23.18302627027459 18.445545213757274 40.235481574236836 55.70445615370498 50.348288875991635 9.640977121648172 7.035756556180933 10.673600808251686 85.82399223485986 62.17742148976947 52.546227172151944 63.64731246842373 87.95257202438147 71.90353317076088 41.116383578996754 24.613786129493064 43.77170878096151 74.97285551713212 67.58518951347601 33.07157117269794 3.8149685793099075 36.472364029027204 70.99835827427445 74.55676587676862 45.55854931615554 31.42111616452892 47.893911031652415 77.42868934827935 90.23814022242442 68.08860777316389 59.36312158161673 69.33027504517378 92.10960324194772
40.62186669132368 38.90233917076112 44.46212513697202 68.13694622088605 23.596345792316686 18.75901985734919 42.31300057583671 28.23463999653741 36.71282489535979 72.62029006302626 43.69990336814193 20.713822224347354 0.0 16.91834834920793 49.282912584520915 86.83522363392419 4.750018776271459 28.891870707560585 17.629278449434697 67.58565978234846 48.70766613432169 31.682793576033212 24.298752517599144 59.7497542386084 25.43670066865983 25.029166947143562 44.87495776330104 30.293686017504754 76.5272523090701 42.077471387245794 38.492566847370966 17.310719733779315 3.302747170163855 16.129768727977336 48.52919622577982 76.41822595972472 71.0387127730269 28.700371304828025 22.615867110323972 23.08056825223619 69.45286690285931 52.47169968902038 55.47667267766083 76.13702483189041 104.45494379631099 52.186921275214075 25.92931979865873 31.875204848018427 61.2745618409204 94.2759744528062 47.17434238864659 13.373282894413654 22.95919576761658 57.1861740682527 91.69648956293507 57.70234490178597 35.67706140838176 40.13698081142926 65.90852874135575 97.32277999895153 77.690654950973 62.88315421027295 65.32628992654176 83.51968081166154 109.90145523781317
40.85244626627414 53.40504217933713 59.09582104886604 63.747454491527336 38.15559925069968 24.11423509669839 56.03779471506385 24.178841607946953 33.7346150312831 70.96799223024233 48.056793235493636 21.822485699050866 16.91834834920793 0.0 33.12531136941123 83.5398679593543 19.523114572657793 26.690063978869947 24.36605829540156 65.0530058872947 31.835579611705008 46.33865860640836 29.65507731170885 57.80953024888371 37.43726584408919 20.781756418457615 58.643322406738065 27.98471444304434 76.92572348810965 32.93533081408491 42.38369684451677 16.1337486319645 19.950271387937246 3.4141980817570183 32.539208349707934 72.4475223631171 66.50627851144658 31.428709148118795 27.781731075583814 30.366797192310607 84.84116793163753 69.38498548494293 69.46433729960916 85.03574315062494 109.6887714342432 64.56206975544016 42.57140955522063 43.02572783316084 65.45934527062943 95.46445827560412 52.33327540406718 19.89868367935645 21.165904784115142 53.80413974773812 87.95810024156455 53.94105968977945 23.77509988853074 24.813736712224983 55.32663359717023 88.8886941139749 68.41673567817679 48.16854274215006 48.521970680933265 69.16190503030579 98.01617680221098
48.685745035887074 86.45904804180306 92.154198185403 55.823489235026784 65.99800261021575 46.62460015582539 80.91697653870494 35.22123526093396 39.622595085166544 67.27851491072977 60.14488771218624 41.43220924152626 49.282912584520915 33.12531136941123 0.0 74.73534801944751 50.54131327993695 38.4859363937817 48.048425492540375 60.689016717414006 14.888295334506571 79.4360264850769 49.45682591431132 56.24542411542059 62.360537849159485 46.78926440488747 83.37766253842669 38.688431934194845 76.32816795158999 26.781110398456963 55.413482532589605 38.26541803706097 52.52401373466729 33.17595053389186 1.4399170600974387 63.79804273565247 57.72538176087982 47.184431074241076 48.23505882343247 52.01975585352569 117.96352046947261 100.80771944986492 93.82793727613291 99.19601152416486 115.19851112467002 96.78897604600937 75.2108829876341 65.87880593972073 73.60792309210514 94.29212442480579 80.0790542778411 52.233814900587014 37.93302064144964 50.44088462884323 77.74623965329685 71.05778091998015 37.113982440184245 10.026944721053235 34.906790355213325 68.78430685803389 72.64876939754983 40.0497589665809 18.026944931054494 37.95795497464032 70.36682457053176
46.569554801000656 120.40485315152873 124.90061843879631 19.991693376337793 80.55739217933646 68.56727100841093 78.71165252958733 59.95549083079769 50.56353487871321 15.504393444892326 48.71263567112208 66.16316702342905 86.83522363392419 83.5398679593543 74.73534801944751 0.0 83.45521533225175 58.356810388756045 70.1054515914151 19.294240589752164 89.22139344061591 113.91700575822162 63.987121421125245 27.205449291449042 73.01971180483133 104.3124602836387 79.41181220103199 56.934926756187615 19.652621157192236 52.52574671647444 51.62297793926115 70.46318272526489 89.08981999610187 80.44923224440345 73.47426573868442 11.291949112354395 17.48362345491197 58.72477486859527 65.22998780479071 66.49474884553932 144.0650188132851 112.58771507715683 83.61852113842176 60.851623823779576 52.996063268089436 136.1189495211187 102.32360822258863 69.33047640229789 39.21926688348484 25.776512763015415 133.66642132721316 99.06842852975721 64.47673378789743 29.913194350132432 5.215699394940746 137.0029160231833 103.48589075716664 71.01899302964588 42.10584704336422 29.9490323590226 145.7311803499203 114.69262122746224 86.40606572836428 64.5941903088451 57.21539169757062
36.99324469553771 40.01397196018282 45.40412212568792 65.10605471207884 19.32838669306253 14.9374385596521 37.92407742947637 26.0486873013129 33.875793713572165 68.99674001363093 39.34828349467012 17.795210451797903 4.750018776271459 19.523114572657793 50.54131327993695 83.45521533225175 0.0 26.197343644968267 13.573113664543415 64.16641816537646 51.260411622006025 32.85412023367081 20.1623767345601 56.279944753744545 20.72087874417245 29.741893630915012 40.504668468955344 27.552367096606282 72.53082440938383 40.68322851583969 34.266505224214434 15.534205366064016 5.725210097988227 17.97076539358733 49.67707813160254 73.23530743708915 68.01650126466713 24.90363286852093 18.589640757896515 18.659023602026764 69.66092340600086 50.38840426849708 51.18738044496493 71.38707268138339 99.83431259457193 54.16350434169667 25.251668498773068 27.137707208501556 56.834059983894214 90.10334303976367 51.14071304073289 17.951488369304403 20.591074442995172 54.042407111862246 88.38565604112864 62.43175787864816 39.91036020971086 41.02167034276052 64.55653451602385 95.11647062654643 82.34480938217735 66.70319932891013 67.17691686006836 83.49210565360288 108.73774616785144
14.22397596328322 65.77127883717353 70.95575998445997 39.29938398174755 32.17110166348524 12.860911038243664 43.559184549776894 3.4350121493302956 7.849257465302369 44.83483803731238 23.200119952564116 8.426938179454012 28.891870707560585 26.690063978869947 38.4859363937817 58.356810388756045 26.197343644968267 0.0 14.75609278758078 39.29938398174757 46.750689869538824 58.72924786778912 12.312775630398217 31.691251468878292 26.375787016745342 46.90016010761587 45.867123887443846 1.4226131961577468 50.28386764404066 17.247462962088978 17.792779626618415 12.108416393590495 31.50027261119445 23.319872899421263 37.153642820491505 47.69395652237043 42.1920648817049 8.752719976055987 11.883551279947104 15.496495189195583 93.92368612704075 69.11809324362237 55.92634934810833 62.23339963391925 83.74383110984263 80.32815100081328 49.295298737066176 28.32455664980298 39.61532454675092 68.78449509935106 75.32238333579473 40.718957296790066 6.120453395514989 28.491065804408514 63.094184566022086 80.52485412256814 49.61225767789558 28.867609530161268 40.001755411176696 69.00565759232435 94.25994686512584 69.57016806127903 56.4789474535974 62.72581006410225 84.1069290356942
23.54791602052479 51.517575418530214 56.556615567642204 52.16890805422775 18.380831280430154 1.8964120970711034 33.296501681538764 16.00183856882348 21.656428025982287 55.49587678909114 26.17075946072369 7.20693813691199 17.629278449434697 24.36605829540156 48.048425492540375 70.1054515914151 13.573113664543415 14.75609278758078 0.0 50.81289024652681 52.69043917481639 44.61324130736327 6.67203038201193 42.90097540150387 14.423927243952827 40.754610481226514 35.84546472300829 15.87807449922257 58.97389800301905 31.49021373702976 20.875513497436664 10.060183705403118 19.297686482833583 21.309176343611608 46.90490870495893 60.09096072532745 55.07818657915891 11.398117761762547 5.018431591165549 6.120731174470495 79.18409223730872 54.97549876090132 46.57577377671949 60.91889838524745 87.45132300934614 66.55512036797347 34.62182422124801 19.042195206644003 43.833634402051 76.64866360296185 64.68288287984608 30.906606718620804 11.018798078247087 41.0178260559012 75.08903227915644 74.38419435189209 47.87444300469487 38.022923414669535 54.720650631888184 83.29335504301477 92.07011502689795 72.17219672348939 65.84463119331724 76.53087294070393 98.85951217191366
27.285117016180298 101.31188736872032 105.90123443783476 7.422403662405078 61.83263983479698 49.273335463445676 61.88514108210455 41.11768602813382 31.59811932704544 6.596420878546589 30.553293890983447 46.950362668368136 67.58565978234846 65.0530058872947 60.689016717414006 19.294240589752164 64.16641816537646 39.29938398174757 50.81289024652681 0.0 74.36863064507048 94.75178804192282 44.72873951339408 7.921770201713787 54.29311207827061 85.7427325248656 62.92557821674858 37.88336656691248 16.222537781977934 35.815371077246 32.784006636316626 51.399342687391965 69.80865970611255 61.86329264283672 59.315943783861435 10.186960339894005 8.526502912630546 39.43690346221746 45.94712361359488 47.29542266262311 125.7207202595614 95.17262250838148 68.59124886864323 52.40699899355446 56.41835200154363 116.93253592138329 83.33642351462862 51.103272367949124 25.94172016240653 33.60423603111079 114.51529819762355 79.94148204542356 45.41345269242859 11.356800728653841 24.2986885171459 118.85848014104687 85.99362294364792 55.292882439943185 33.384686413216095 39.58038027260882 129.28230401207682 99.78822365027055 74.80809103872554 60.246135563875065 63.700303587819576
59.040988997169364 82.30736866224382 87.93556523698022 69.97360889755424 69.1261359758833 51.67499183409294 85.93203162683558 43.31582900043372 49.90585885688652 80.96038394223082 69.72774783041822 47.19907138255425 48.70766613432169 31.835579611705008 14.888295334506571 89.22139344061591 51.260411622006025 46.750689869538824 52.69043917481639 74.36863064507048 0.0 75.69076608619193 55.78714709553815 69.28648346481583 67.00340428131899 38.69388523824949 88.50039001968972 47.34545353889601 89.58564438503295 39.09554607489937 64.49701453114332 42.662992330658675 51.62335614760646 33.38589358416911 15.968389796550477 78.16091993966332 72.02335523830001 54.86994027463494 54.23153673097666 57.748243858711895 114.0680750815329 101.16672099705971 99.26000448351733 108.92683283671958 127.56263049506416 90.5328725036491 73.91610359184902 71.59424820418583 84.75045145161403 107.8624044985489 70.56065679372409 47.704655909815855 44.3562968578432 63.67139792458603 92.38740023907357 57.961411735529126 25.90983309200946 19.441295994094098 49.794164995608845 83.52127922757968 57.779324316285326 25.503686066420553 18.901757442272757 49.587958344269865 83.39967348819958
67.60576629052579 7.2195470820173995 12.827466087274226 96.67007138744191 34.905437826749605 46.38364615026474 47.74112035024265 58.85758374229208 66.14493451719142 98.79852097587033 66.34238678508436 50.31657565887062 31.682793576033212 46.33865860640836 79.4360264850769 113.91700575822162 32.85412023367081 58.72924786778912 44.61324130736327 94.75178804192282 75.69076608619193 0.0 50.14628801194975 86.84860486516787 41.97182787280826 39.57579507729413 49.40608222578636 60.02251769551743 100.48920045828665 73.48295437116867 62.507026444576745 48.358685144160404 28.45286269586433 46.770943473621024 78.87606615660502 104.3672810179295 99.57130051549515 55.62227807405847 49.13324888469817 47.460364239185566 38.57626374784285 33.993742818935125 56.72614685732671 87.606915729643 120.52768308202972 22.221467777722665 13.05217462062841 47.34742967139824 81.90270528299848 116.48682917341102 33.35216679662663 27.986775941226156 53.37597148963644 85.49602999212021 119.01676378937874 57.825713394707456 54.71965518042467 70.98920111761907 97.36267850279599 127.72749950727278 84.78210285969978 82.48136860336818 93.87795637835212 114.96820666597027 141.48155254885677
17.477850025053158 56.86983398753836 61.702400097168564 46.56117819946475 20.229372277162664 5.882456905260279 31.60948910434044 14.824903420252195 17.46206597901957 49.17854329923645 19.54837510677668 8.62450154045619 24.298752517599144 29.65507731170885 49.45682591431132 63.987121421125245 20.1623767345601 12.312775630398217 6.67203038201193 44.72873951339408 55.78714709553815 50.14628801194975 0.0 36.80761859175729 14.072146919315593 47.12251583378725 34.008850311524945 12.95168072404697 52.373649168681105 29.520666936369167 14.205085437193432 13.869179561978118 25.882961450631694 26.388484718561152 48.20536820578111 54.23087505511135 49.4548068987506 5.572633972060106 1.8952942047861434 3.290603441318018 83.38247761867557 57.12612720885674 44.37304334622743 55.40176235548482 81.02196799834827 72.265245839894 39.35626666197383 16.444294434146236 37.23926741992368 69.98542977732838 71.30193699006556 37.57507734784551 11.604242784671541 35.387600332538426 69.02722548196039 80.85633472231534 53.40706322726587 39.518421997047156 51.632554545015296 78.51725566618627 97.89547796859547 76.61668901424676 67.46461608792913 75.01730982259997 95.38597424119575
19.36550877526173 93.42997639412653 98.05050100999863 11.67771288478992 54.12427513065396 41.37335295762995 55.15880428826093 33.70644837125614 24.131122997843004 13.172022011671944 23.373501910237977 39.16650909956181 59.7497542386084 57.80953024888371 56.24542411542059 27.205449291449042 56.279944753744545 31.691251468878292 42.90097540150387 7.921770201713787 69.28648346481583 86.84860486516787 36.80761859175729 0.0 46.5973167980185 78.39473500119921 56.37120690990228 30.286980721530483 20.33720031154978 30.23272271102209 25.096586880499018 43.75111674223315 61.93416908221597 54.560229512117154 54.83209186627339 17.718199769186377 14.14353917334925 31.519586264322896 38.02734730541063 39.388773898130665 118.12018591868193 88.01793429516937 62.74344761661556 50.21084252439551 59.16352104844356 109.02261464312166 75.4964237981186 43.68448261689444 22.62305349847366 38.86020574711943 106.75150855165198 72.20921027311347 37.77974848518268 5.9416008015253245 32.220330875350534 111.72407371127534 79.31308097505064 49.93690116315739 33.04022547610353 45.655799404320305 123.06510638689488 94.49249908766645 71.46626192817558 60.66962207891308 68.18329511311319
28.550999416981334 47.92427462164642 52.08259294894576 57.45874743827937 7.543238576691289 15.73958331691536 18.929039962351084 28.712277275236108 31.047081205789443 57.62247728050329 24.57704778089582 20.988740579621485 25.43670066865983 37.43726584408919 62.360537849159485 73.01971180483133 20.72087874417245 26.375787016745342 14.423927243952827 54.29311207827061 67.00340428131899 41.97182787280826 14.072146919315593 46.5973167980185 0.0 50.460767419267356 21.50316345674089 27.01607557061349 58.595288822829005 43.59246904042384 21.512265959841557 24.470629430635373 25.220769760243773 34.74027486610181 61.186943141451174 64.31227688158074 60.256902542029614 18.851021555478628 14.65902377275984 10.89862661557407 71.57338988125656 43.422015935381125 32.2959318863885 50.945239078972826 80.88659946367548 64.06112250609449 29.59570062046686 6.54505097801359 40.05775839970129 74.57388579337933 68.40870564406002 38.03341155874166 24.66115905356075 46.525779103582536 78.20464475088683 82.76767494912822 59.97785816147778 52.33545587413468 65.386982134686 90.59092637905131 103.03355982630123 85.60485662688369 80.21967799174055 89.08945071420194 108.7813952411946
60.77797712441024 45.398136203415696 50.786970301676796 84.52898236360859 48.179278744276644 41.240146161487885 66.91352655082136 44.68831443307127 54.26527334726166 91.56640316715982 66.53584079925784 40.707851505193474 25.029166947143562 20.781756418457615 46.78926440488747 104.3124602836387 29.741893630915012 46.90016010761587 40.754610481226514 85.7427325248656 38.69388523824949 39.57579507729413 47.12251583378725 78.39473500119921 50.460767419267356 0.0 69.42438035256072 48.260502231705026 97.13654198853818 53.3627902173348 60.974665614825014 35.29372922518971 25.758800991121998 23.884828161732177 46.75562301522368 93.22898664716101 87.28496338445984 50.20826270386773 45.25087096428793 46.78284919738249 76.75115673031296 70.22229500783435 79.78946696012545 100.976754864243 128.14448356411276 51.96157821308228 42.067885959233806 56.870276519140084 84.22333154624735 115.53237946101382 33.44262624379933 14.234450443590983 41.008299958622125 74.53584713562218 108.73985059524952 33.853227880703635 15.165681175040968 41.33769406651749 74.71587671695727 108.86215932950584 52.75319327375504 43.033015039058434 57.58124393160713 84.70051480442787 115.87740525335312
42.79311026666617 53.100006746599874 55.37364042321716 68.03963509757475 21.29636956416855 37.00635407630615 2.605782449737454 48.726721515613875 48.48661555772444 64.17172659923651 33.34126059445811 41.98693687322885 44.87495776330104 58.643322406738065 83.37766253842669 79.41181220103199 40.504668468955344 45.867123887443846 35.84546472300829 62.92557821674858 88.50039001968972 49.40608222578636 34.008850311524945 56.37120690990228 21.50316345674089 69.42438035256072 0.0 46.14452913865889 61.590387427713175 62.39847767075973 33.98307081670733 45.90477752487643 43.684261824895096 56.092829167346785 82.15218333611277 73.02600778295499 70.48146600028927 37.29313045590237 35.14665343663974 31.358378571041722 67.63013271521093 33.88363508936968 10.826764389819154 38.48622028659956 72.38792510652765 69.06044979553005 36.63080772307079 17.582231669156197 40.881562030965 73.67711860025373 80.98431913650185 55.80770028354115 45.44615233184364 58.403938214101956 84.56654848013306 99.70494115628783 80.41174749453072 73.38781592483434 81.85500879839668 102.02677075776508 122.13516484022948 106.7533285059446 101.34199646890131 107.41871250580844 123.29643867071496
13.035280399850993 67.04877543124358 72.21086882149525 37.88336656691247 33.005382904105986 13.99052711227102 43.87522773358087 4.226938956330035 6.432138743682553 43.43597473559915 22.443165204076188 9.761938355944318 30.293686017504754 27.98471444304434 38.688431934194845 56.934926756187615 27.552367096606282 1.4226131961577468 15.87807449922257 37.88336656691248 47.34545353889601 60.02251769551743 12.95168072404697 30.286980721530483 27.01607557061349 48.260502231705026 46.14452913865889 0.0 48.957050788809916 16.586921822911233 17.153035065274672 13.52932021423539 32.88303045066906 24.62764629659133 37.3367543493015 46.27244834451931 40.777211349600535 8.865906992707849 12.705050799645964 16.19661028240115 95.0619565125154 69.95699860530397 56.0890498976536 61.585511045284356 82.67020388470205 81.66175813050394 50.47379524381808 28.66015842116425 38.60109796954532 67.47980629344346 76.74498664907199 42.14153780873604 7.5418735391573035 27.06852265183559 61.67158498937789 81.85518200044682 50.78328003615496 29.196764236022386 38.997427510826 67.70514354871787 95.39407699638373 70.40351486929865 56.639848640693366 62.082868581639936 83.03785436420738
36.41363559603837 106.5178827522117 110.56817235655808 22.997248458052706 65.93907263165231 57.76829897712292 61.205109450749255 52.78054484450745 43.325107939162066 10.28062106781625 34.16523398574147 56.76755421196112 76.5272523090701 76.92572348810965 76.32816795158999 19.652621157192236 72.53082440938383 50.28386764404066 58.97389800301905 16.222537781977934 89.58564438503295 100.48920045828665 52.373649168681105 20.33720031154978 58.595288822829005 97.13654198853818 61.590387427713175 48.957050788809916 0.0 50.56442173151 38.490654046080344 61.91902625047759 78.25420669138636 73.58181499161813 74.92993647410907 19.761200518077988 22.785103158340494 47.86199270676392 53.956785017275514 54.23423679606457 127.90516871057395 95.30104671026012 64.80489493957921 41.37495494073741 40.235891556957704 122.63959055017074 88.17688437907533 53.89535594191874 20.7149349579693 18.664414093756097 123.65624934748838 89.57264232755136 56.12928313030257 25.934195891664096 24.279961473908372 130.80869351825638 99.12901268718424 70.26394027629327 49.41957853299516 48.398155698661185 143.17996905323915 114.82581488305453 90.90753979510062 75.75052889141651 74.87892409337117
22.723871222552155 80.67012089879391 86.08654771928342 32.56556816660406 49.37399298310866 29.619703093116463 60.20864905201439 15.491862332351973 14.36509694928336 42.33600221186296 34.55038583147424 24.41936351382961 42.077471387245794 32.93533081408491 26.781110398456963 52.52574671647444 40.68322851583969 17.247462962088978 31.49021373702976 35.815371077246 39.09554607489937 73.48295437116867 29.520666936369167 30.23272271102209 43.59246904042384 53.3627902173348 62.39847767075973 16.586921822911233 50.56442173151 0.0 30.563328005588108 25.14909511866048 45.16754605201733 30.401945172328723 25.34137056326536 41.23422102426604 35.05809643207772 25.21823510931112 29.122980180506936 32.73578889320867 109.99628748774157 86.29288074881147 72.03121728192576 72.9745726182499 88.63880202765574 94.24944989222652 65.26706470093815 45.07149310610454 46.881852290418216 68.98692256304062 85.16388746076488 51.42661513309364 20.769110016321886 24.756116173399544 56.47322210926231 84.90620300823602 51.002696105158094 19.706286398482316 23.879938237396807 56.09827260974844 93.54938833767378 64.26139607187665 43.61636557791076 45.49801119210348 68.06300062210326
8.85073550687893 68.85485460823804 73.28364982365844 36.14242616350274 29.049389904489836 19.958290018946126 32.23461013515884 21.21950474315638 16.234472762219134 36.33693386054156 5.6748702279336944 20.59046584887859 38.492566847370966 42.38369684451677 55.413482532589605 51.62297793926115 34.266505224214434 17.792779626618415 20.875513497436664 32.784006636316626 64.49701453114332 62.507026444576745 14.205085437193432 25.096586880499018 21.512265959841557 60.974665614825014 33.98307081670733 17.153035065274672 38.490654046080344 30.563328005588108 0.0 26.26765090502798 39.96212103951496 38.98796348927728 54.02443925020665 42.80515595595562 38.88978779938648 10.95641696279971 15.961480811516935 15.760699844836077 93.02749887191605 63.50629286488038 42.50654240426421 44.4453179561746 67.37053997533334 84.727723445993 50.707760906527405 18.937225431733154 23.25535622385868 55.837767454361426 85.37979617031918 51.780114619792094 21.62175774887872 25.469000933108298 56.78634581629988 94.79913828786435 66.05113690312136 46.18923663142441 47.94742228883735 69.70854938086663 110.77089454335793 87.26911099783521 73.1871443037865 74.10514254187039 89.56304993489933
25.51357022186352 55.534512164918475 60.93810087800471 51.30868295276949 27.74366901216279 9.034566568235585 43.356683068253005 10.959799580974234 19.9165847462028 56.86490661195504 31.936857385337156 5.688756625294409 17.310719733779315 16.1337486319645 38.26541803706097 70.46318272526489 15.534205366064016 12.108416393590495 10.060183705403118 51.399342687391965 42.662992330658675 48.358685144160404 13.869179561978118 43.75111674223315 24.470629430635373 35.29372922518971 45.90477752487643 13.52932021423539 61.91902625047759 25.14909511866048 26.26765090502798 0.0 20.220065591061424 12.759859300772849 37.17446386657352 59.76270908830614 54.18823079246272 15.311951254908529 12.079335815749133 15.252579513206669 85.01816479977269 63.402477454130675 56.625541120642325 69.19408664094105 93.61614872955325 69.39414028767416 40.366898415265986 28.952804286613603 49.41540115753768 80.25171321487771 63.23062611497541 28.627926593266444 5.988213153304863 40.58341565358659 75.18658769392744 69.10738854620422 39.876504771335576 28.271531420005463 49.023083541892284 80.01303222544256 84.54974574244464 62.77877580986408 55.932846999829515 68.63370563770765 93.20665866453396
42.67839588471968 35.67098305792754 41.21054474120812 70.60840277661075 22.42108221352531 20.637467914070676 41.16308741895933 31.055708113460348 39.266202645774456 74.68979954610421 44.99385226137691 23.18302627027459 3.302747170163855 19.950271387937246 52.52401373466729 89.08981999610187 5.725210097988227 31.50027261119445 19.297686482833583 69.80865970611255 51.62335614760646 28.45286269586433 25.882961450631694 61.93416908221597 25.220769760243773 25.758800991121998 43.684261824895096 32.88303045066906 78.25420669138636 45.16754605201733 39.96212103951496 20.220065591061424 0.0 19.351488556881435 51.78481851888335 78.80105975558816 73.51618255593534 30.611943655586657 24.314670093004732 24.299688623787404 66.15186780633884 49.554491606289375 54.12978781540569 76.15266565131294 105.18189629224489 49.17587618579052 22.71151180818352 31.752244818160182 62.41348929308631 95.79941833132587 45.42640835600901 12.820292650260923 25.690746132548224 59.586258279464516 93.99937829743415 57.5496756820517 37.434063978162236 43.422137967054184 69.02524125357327 100.19139054155805 78.50742259720369 65.01222764793033 68.44368210297246 86.81738898797965 113.06968636245945
37.46080008773543 53.921166108573324 59.587956834118394 60.72104151141424 35.94150065765352 20.942183995234178 53.490919591691814 20.880587445391928 30.453312571254443 67.72694838151429 44.66203996271452 18.445545213757274 16.129768727977336 3.4141980817570183 33.17595053389186 80.44923224440345 17.97076539358733 23.319872899421263 21.309176343611608 61.86329264283672 33.38589358416911 46.770943473621024 26.388484718561152 54.560229512117154 34.74027486610181 23.884828161732177 56.092829167346785 24.62764629659133 73.58181499161813 30.401945172328723 38.98796348927728 12.759859300772849 19.351488556881435 0.0 32.45639390224701 69.40048559566881 63.502435788185196 28.0354489654216 24.52722776830069 27.232724766774812 85.08852577483042 68.27704014375331 66.91951706857053 81.78911834946423 106.28014187062628 65.7271715751335 42.054303195234695 40.14841109083776 62.04879185734127 92.10340596387324 54.764239186196036 21.44182119812877 17.75483785582464 50.65145216701635 84.91618052102281 57.2478386561481 27.11809310900671 24.255191040488807 53.25490574995074 86.47949500193421 71.79571449176316 50.94572082598584 49.306382000973905 68.27578726088156 96.36834506063893
