0.0 90.07366789743034 63.14022254024542 42.34439720736965 66.17242610231435 18.921839111493625 13.995439271254995 55.28073277122856 10.251822714687929 43.796363400521166 67.7094677426933 53.19542794441639 45.91225185689027 68.042823545805 8.63487901527629 23.198759368299946 19.885590288847375 72.24976470545187 65.01480293755148 6.523587453662278 34.74179191979447 88.46864702130775 68.55951222981561 50.41294508075923 61.68277006881265 18.932640051595946 45.992460922710876 70.52205157028659 7.586731188059772 41.32774608070796 55.29422385836156 35.03032160462473 38.85502435755781 72.61285145592922 11.756344568590022 39.02856672175639 17.055042084515108 65.34999042506257 61.56361474982264 9.581767557753826 77.44566863193383 61.10336729201385 45.47661484631125 31.64387144866863 23.092375399453722 25.766103738819783 37.326096783988355 52.16602341865167 68.17669393869137 84.69675491046635 74.51986852014554 57.36754705366573 40.343194566372254 23.723922164411224 9.838132957365259 15.14815102555863 30.997698964304142 47.8639890194032 64.95982443628054 82.14200739513689 74.21632386461378 56.97450300311171 39.78490563937886 22.766134955854326 7.243517428335527 13.614464677476933 30.281218799563312 47.40531863970258 64.6242192872511 81.87813298707223 76.56623280059762 59.98998040718071 43.97634870035271 29.45763895137301 20.00743591759114 23.05546016120236 35.5179214810202 50.89403699103134 67.2130568264709 83.92674643067015 81.33991381741205 65.9480225952377 51.77653818868266 40.139584547689246 33.76789461678898 35.60987621992013 44.660541648043505 57.61746952537028 72.4133256173036 88.12669730305383 88.1443854972359 74.14253214407023 61.83445649466471 52.42697308291088 47.669461532393555 48.93741082749184 55.82172833005146 66.60302612100905 79.71551531866616 94.19058464453204 96.55115168814844 83.9208049692338 73.22549553405105 65.42125007354021 61.61657083783258 62.54565307183624 68.01478302744361 77.06333614596734 88.60135394547527 101.78574133441164 106.18020537990469 94.79387582787838 85.41784029595986 78.77322929808744 75.58387086171417 76.28438295047916 80.77362377103692 88.47674937041407 98.64369076594184 110.59704310195538 116.72933736860158 106.42659188846714 98.11307279333685 92.32770428771748 89.56176215154159 90.0937724545524 93.86767689259882 100.51899337827918 109.52474436537214 120.35757375434862 127.97108226798315 118.59548788904125 111.13884413384916 106.00687091425266 103.54579549689804 103.94550460620331 107.17399483665119 112.98904145516687 121.01835764175773 130.85497071310002
90.07366789743034 0.0 82.60746354608449 48.14953593758327 60.39047053994913 71.15247709058951 87.0610144864064 48.57442821237388 79.86672033043565 49.95399921911318 64.13754612308043 50.996407878061135 46.577195043126906 89.40740102468074 98.53238974643664 78.82146450475972 70.30551529941629 26.96606036264131 46.62772924009397 89.84803424161443 81.08252969173547 12.864641646736928 80.44024154561339 43.31301049589185 64.76492427686163 71.78762178189184 51.45073557667972 43.776236400981496 84.51556172818768 62.06279348842094 64.16345643566297 74.93808551769234 52.54400032075263 99.65033665172206 100.21945600743604 57.18937202448484 73.01887023757412 36.742408936864685 49.14940105910215 89.21803024533862 140.9266937545266 131.13072913979715 122.99941168275978 116.88068472826048 113.10166086468895 111.89963788254518 113.35662427221406 117.37364105536426 123.7015400158272 132.00841802153127 129.86576335417092 119.22148983510445 110.27727425541444 103.47491110710014 99.25574881805458 97.95415535868328 99.68448156329282 104.29593285839087 111.43138602016253 120.64382455204215 119.44939571242121 107.83642225491361 97.91786714754 90.25409886930692 85.45393456825036 84.00968050447709 86.09039910816264 91.45581519777207 99.57637452125752 109.8427125757465 109.86125360490821 97.16015690237941 86.07779397924077 77.31343107919976 71.72193608898067 70.06707564806615 72.61847936891716 78.96949717588022 88.30407071429742 99.7884051731215 101.33685717092116 87.4528520093974 75.00361433497622 64.82114730383454 58.109536637466434 56.1280098947278 59.35222723187967 67.03520266315543 77.86814528876192 90.72968555555107 94.16567625941495 79.07234225425685 65.08764021494025 53.09492803547674 44.726353894822026 42.19629080520314 46.46839848852692 56.00716055832538 68.65127008865804 82.99335281148716 88.67673292271981 72.48046640203573 56.93841196915555 42.769816518933844 31.862852232540785 28.283125704014896 34.39969108379633 46.534417301525146 61.20682102794657 76.97926725335287 85.19588068660237 68.19797443903636 51.40332633706807 35.104882976147664 20.521117619729264 14.44272610362792 24.38813267956352 39.74521736301981 56.2431880338234 73.11376550625046 83.97326123555315 66.67144104882159 49.36969823854493 32.068158045801475 14.767532643702408 2.5508594555671813 19.84054815745156 37.141640002308556 54.44326493314864 71.74503728305855 85.10627160090449 68.08651083021581 51.25603506838025 34.889855080230994 20.152804440353922 13.916959036132873 24.08195701200663 39.558971687239605 56.112356135486664 73.0136525855602
63.14022254024542 82.60746354608449 0.0 53.16330449792382 22.94496235016577 57.02664366166691 73.7844432235707 35.9783044096427 58.24698959473441 44.76316336295261 19.965021707468114 83.86095958036988 47.97897704083283 7.392949749456248 68.98365395733262 76.41798705794189 54.858687307392024 84.37710710464633 92.30526855006183 68.77652290912108 88.2815209092071 89.97794261435942 6.590740408687914 47.212874870803994 17.85862184813423 61.28611145165591 75.581936408122 95.32354550640271 65.34057761033161 31.47646404073055 19.566111363586284 84.65468481739818 49.06971193305101 17.343533072857554 63.30202776573776 39.83087271716667 57.17892165206324 84.96388567594919 90.87687434677103 71.13272000377683 140.52831749034306 124.23381842134054 108.25238642083693 92.7460004302159 77.99849953576205 64.53228004753461 53.32699420456708 46.063275591716234 44.705551223933355 49.73983480971418 136.66296233764388 119.86455347735134 103.23258241098361 86.86270746308365 70.93661121167342 55.8353352142891 42.448504011231186 32.93744545581542 31.089935986014257 38.039478337324674 134.15810399124706 117.01390046122604 99.92407687351019 82.92226227135147 66.07642714856038 49.54592892073949 33.796688061472075 20.696506435965414 17.697085545852776 28.22659204395411 133.09061772121473 115.79411257174576 98.49951291059962 81.20803616304858 63.92221669951643 46.64834396406689 29.40747792465633 12.33876321511632 6.19709237939759 22.875235227848425 133.49500494426596 116.25655283364134 99.04023855773153 81.86003100124255 64.74467964731858 47.76395560373201 31.138889067826554 16.018065271152608 11.926418694502736 25.032250316662083 135.35806876071874 118.38150223090135 101.51484635974833 84.82369162996231 68.43656888980645 52.63819839754538 38.166825505666544 27.227630770406194 24.99383634275928 33.26785990202135 138.62098195754933 122.08214989084009 105.78767619090307 89.87057346453403 74.57287673885043 60.36732845538618 48.22884172543659 40.08159718887932 38.54548121368217 44.313431829795675 143.1880340608454 127.22101651366219 111.65241292306976 96.674898008842 82.61059752602152 70.01204230440011 59.81272136720907 53.40540733797291 52.205495443278586 56.545471100681794 148.93924160098229 133.63221475778926 118.87359803253769 104.89512931421288 92.05289976778924 80.88990613896829 72.18940249639391 66.91886960180746 65.90639379693387 69.33875349624421 155.7433989032663 141.14238421500121 127.22036576601836 114.22588513257706 102.51227599121498 92.5670737905905 85.01318779268907 80.52641538574424 79.62692747423574 82.43223951251362
42.34439720736965 48.14953593758327 53.16330449792382 0.0 40.620706876913154 23.62910272879577 42.002910868546536 22.47820710220062 32.09403779545638 8.626602271777092 44.105388881746244 30.81025456849782 6.670500161869582 60.47053173896557 50.93675343965136 36.80561930196446 22.459678119126856 35.69937778266209 39.328884281462514 43.049860778550155 44.58042275972799 48.50670681900724 54.91760840109833 10.821260594038646 40.00756818220084 25.25571723396421 22.89967312309061 42.836598787154706 37.59494196152962 22.245700852876 34.82239140600855 39.04180106922788 5.21923722738937 69.57702285891516 52.10590516858856 13.978654205192976 25.42603524838854 33.19688288330288 37.7307453608595 43.042322157327526 105.32276876988517 92.15219615278562 80.55968278448134 71.31894086015517 65.43404130337713 63.8398762383535 66.84414286954053 73.88804148656543 83.96094040804714 96.11519106831827 97.3204796699181 82.93274797451001 69.87923158406754 59.051458271171576 51.862740366161006 49.911064403431716 53.76975226614671 62.36954036128148 74.07721828003342 87.6562055319573 90.81907745805043 75.23475968661354 60.589937925807945 47.756877711050564 38.5876332230143 35.99998312554678 41.25165948877129 52.0202586916117 65.64466845274802 80.69104632029597 86.1590987257017 69.56529169860397 53.422659691234095 38.305907787084244 26.065606032959757 22.14046765365301 29.994933598324632 43.679549205460674 59.28592783766009 75.63366118250518 83.64893263532551 66.44572719399127 49.311648590503005 32.35669952514776 16.15508015098187 8.586647674595676 22.02697698210497 38.669861710781795 55.71572477826281 72.88236455736877 83.4827636800128 66.23737384864764 49.03183642986879 31.93063888519275 15.288029374684907 6.826083160996318 21.405149079034132 38.32073628578913 55.475135677952146 72.69949074167579 85.67423411827504 68.9666245415587 52.64435253342576 37.21789960239225 24.4464290262052 20.218688820929 28.612488660201283 42.746523615413544 58.60518491769418 75.10380657064391 90.05135377513285 74.31047168840334 59.443704746784285 46.30086188458245 36.778982236152366 34.06354654587787 39.58111693893661 50.71205358547696 64.61786042105425 79.86195175213015 96.31654385797893 81.75776077703699 68.48714189722044 57.405122549232765 49.989097975030816 47.97055419455772 51.982117646760415 60.84249643332025 72.80233870702885 86.58668489893071 104.12948010375668 90.7922596255666 79.00768944185674 69.56932065302759 63.531571393477726 61.89770233128424 65.00065650949084 72.23254074147751 82.51478255210834 94.86060056381193
66.17242610231435 60.39047053994913 22.94496235016577 40.620706876913154 0.0 53.76955287934944 73.25078364920157 18.587265423107567 58.31850741198319 32.22502335008991 4.010917048989 70.59628500093635 34.14836944580896 29.225552561710096 73.77907719986247 72.52113324988304 51.588503297070524 65.74649330287218 76.99944160780042 70.38035387632273 82.81957919234078 68.74875124055025 20.052594554788797 31.451171707709285 6.225499448684721 57.59242045715547 63.306287229001356 79.0193285810152 65.7240652445307 25.328795659704724 11.277500316552691 78.00429888952952 38.31433850692241 39.42000384734587 70.27418955308816 31.014922379837245 54.65930827400526 68.23898666709461 76.32730062159075 71.96166560330077 140.61136943199688 125.56425207126667 111.17507839650547 97.73488215069077 85.69135776974018 75.71395432260947 68.70872897658597 65.6343543570579 67.03387190161273 72.649184223232 134.5257747852453 118.74208479535686 103.44506637214491 88.88633892551641 75.49424596910393 64.00532429110068 55.61189025096539 51.839980455277384 53.67294706475366 60.604350968368 129.67984125321925 113.24852374534713 97.12003684605983 81.47442241057321 66.65259170628285 53.34567441899541 42.98442161302691 38.05609738007012 40.59038209268346 49.45298993264615 126.21650845691394 109.2841982410191 92.48878689463871 75.92118383777643 59.771124696824685 44.49560964731251 31.398120110316164 24.300933177128083 28.176932025139337 39.95064932721629 124.25149546910761 107.01924561951729 89.81378968785735 72.65416561836219 55.58283749325637 38.71677859030247 22.52197024095338 10.686553288074613 17.88515522286235 33.53010903701726 123.85616513237953 106.56211338235342 89.27111470479727 71.98536919175125 54.70985632974812 37.45873631725536 20.294309997264985 4.390290988174484 15.01345518437044 32.09745415296369 125.04541158400569 107.9357800441171 90.8989681266805 73.98529811086118 57.30391264080534 41.138359334124516 26.45189881371423 17.485806541363626 22.59460217313495 36.249011044835584 127.77498124969621 111.07232111475517 94.58532686322445 78.45008893258799 62.937728788647426 48.64779350138323 37.023867653781245 31.203118363309574 34.28135457098704 44.44656120462231 131.94927954772933 115.82857098851072 100.10298217985975 84.99211684432689 70.89017217251038 58.53099005161009 49.24470309744833 44.9767547845399 47.11135595415658 54.90678418746054 137.43667281394326 122.01520042900917 107.16937952670116 93.17477851841709 80.47670139644494 69.78650482432815 62.14909264063169 58.766996258057574 60.359809932490165 66.5713912555341
18.921839111493625 71.15247709058951 57.02664366166691 23.62910272879577 53.76955287934944 0.0 19.923205506765274 39.63028543683614 8.771330400172266 26.395514648615308 56.149658949283776 37.78974902620878 27.8837111406375 63.306287229001356 27.414591213321575 19.460397401493022 2.2239421348561126 54.08286036240824 49.400934078766134 19.52726827465987 31.297490315461953 69.76791628573508 61.17523497771472 32.54224791599973 50.52449798347803 4.267839588471826 29.59045314351158 54.54880611698175 14.08075258626988 28.616908552245903 44.0978987703863 28.193465781055725 20.69770363141998 70.17331028688884 29.572370370184398 23.422949761103887 1.8795712224507781 48.00506458299606 46.32730982385079 19.892072780578243 86.85614021980038 72.11329447867669 58.78240027911551 48.05329458054019 41.971095447619454 42.5761879658879 49.624549428083014 60.91933375965433 74.55494444329682 89.46742117360597 81.01281623052118 64.99156765719397 49.83413750032125 36.62906735432636 28.26032220484103 29.22863267485593 38.84185945608744 52.552612161451826 67.92329471508987 84.04808627102494 77.33948647403429 60.37288959759231 43.67022042455892 27.712871175365436 15.087446070534265 16.91069343288296 30.70870884832064 46.89126538253596 63.66529244811277 80.66263620226673 76.15088127995777 58.8496500713119 41.54900130609616 24.250181602806723 6.966829136779073 10.378617966278176 27.66962803826172 44.96903960369173 62.269850908750726 79.57114894064394 77.56133477784618 60.65552743280498 44.058346785763526 28.31775754836658 16.166799973517932 17.87590579375578 31.248090377780976 47.24458544964797 63.924730066601406 80.86658105530745 81.43589424829013 65.51578280919888 50.51277375079646 37.5429409713617 29.429816708350444 30.355648504760502 39.692899500406526 53.18173309770524 68.40889408310711 84.43912857123902 87.44758764703809 72.82133556777652 59.64493223352471 49.099833678345696 43.15986668507594 43.74310478563292 50.62458927514159 61.73284021642134 75.21796847765712 90.01803542220308 95.19229643699344 81.92048529305893 70.42056805309288 61.69152927291017 57.02044412453201 57.40657799757692 62.75665089631947 71.97205812710311 83.78696172547092 97.25857619685871 104.28452823485645 92.2840975373162 82.19571543111013 74.79709727293397 70.93493521693503 71.1871719953098 75.51258853876793 83.27891538369181 93.63382730279324 105.82012394170994 114.40333597247356 103.53302538930322 94.59772671617291 88.18758950703153 84.87667804671823 85.02781015422407 88.62327579807321 95.2739209684679 104.39747846463196 115.40894892404445
13.995439271254995 87.0610144864064 73.7844432235707 42.002910868546536 73.25078364920157 19.923205506765274 0.0 59.551944822189974 15.570452241326231 46.072374462505465 75.38837952316403 44.14943223489062 47.150354514481464 79.32780493106218 17.034643960393744 10.937733375918606 21.956210439036116 66.0862476681543 55.68380466407864 7.767823856708893 21.045922039563354 83.51827576409288 78.65958039514966 51.85258791384088 69.58184100206464 16.966094103235278 38.38269296900773 61.37515539829079 8.558774632458787 47.92929040438307 63.10546237756713 22.313094658432526 40.03041250926046 84.79153530141738 24.133854390027714 43.32260072379522 18.730245055758218 57.96489536284163 52.011603531309426 4.7468217605552745 67.53916179002644 52.33574871338498 38.925987134688235 29.835281436669568 29.38988304503526 37.89585855205795 51.06012757889896 66.15804429003867 82.13005955834308 98.5520989355558 62.878958301212045 46.19562658794742 30.21623797693669 17.050476882931218 16.344084227285915 29.021578512527014 44.900863603279895 61.55189426899506 78.48500765550817 95.55035200378478 61.21144478860081 43.909680806957894 26.608133489091074 9.308011104494511 7.999936088065662 25.299653907681208 42.601169021841656 59.90292413522177 77.20475789494176 94.50662710638962 62.77558484641805 46.05546647278078 30.002509843197746 16.670568899072524 15.949225799822566 28.802090296996372 44.75997847409462 61.449683531958904 78.40525623317413 95.48516884529343 67.3465654058831 52.08810737895561 38.59393446207346 29.402761993372522 28.952769074361026 37.559460192697586 50.81213488427988 65.9677409164758 81.97757266640463 98.42566630389484 74.37197020985403 60.86252074279283 49.759500421022764 42.970621428470096 42.610394302537486 48.82132804583256 59.582744268152084 72.90671937218076 87.63207755884059 103.16044434431483 83.2325062964444 71.37449366459391 62.12636159990058 56.77807220986432 56.4492017716315 61.22069499772591 70.05806755709347 81.6516404119802 94.99761129700744 109.45684144897541 93.40728248762983 82.96605829716228 75.10328063840255 70.68470995814262 70.36222855459563 74.1892695648677 81.5839552604188 91.68710552194268 103.71016540015253 117.06306428750841 104.51303883559787 95.24372073867123 88.42192199282047 84.64150951723062 84.31259024441552 87.47410765492371 93.77369056445026 102.6351278534217 113.45974084080652 125.74154050193901 116.28320328994766 107.97354138998834 101.94829199616875 98.62702048567954 98.28423285270878 100.95027495582148 106.39921018629221 114.23349846149063 124.00184974549651 135.28596244933107
55.28073277122856 48.57442821237388 35.9783044096427 22.47820710220062 18.587265423107567 39.63028543683614 59.551944822189974 0.0 45.99727586045806 14.63079035269313 22.36177521022086 52.01962124950164 15.84585707720979 43.282558653873124 63.63772121305807 56.933740244499035 37.64503985313743 48.5675729710216 58.54933589902666 58.21384406927008 66.1943654997421 54.48709570254089 35.77464248808068 12.863937175403116 19.52425951679271 42.87818221252969 44.851570150654844 60.800562969851185 53.039553186003225 15.803384430389517 16.461516154522183 60.98162312220801 21.094167604987398 53.30985308030811 62.00411298095609 16.395993487263027 40.92108628782789 50.10719263122614 57.780342903225225 59.191333288027636 125.75048094386429 111.56479890976347 98.38148345698818 86.65921331569193 77.06758885646383 70.48190041783973 67.78402729105434 69.42867894526329 75.13121587815718 84.0699040878971 118.64687273186631 103.53045033294244 89.21169886015294 76.14197010557908 65.07819404822442 57.196524376862676 53.911156473759846 56.03643917367856 63.027387456102716 73.5086386423379 112.85843447492289 96.87434400533287 81.43068559005985 66.90276765542356 54.03433926213539 44.29610653779903 40.041054241453466 42.931721728815674 51.78498983189838 64.17899460547648 108.59576467846775 91.89655389612902 75.46935388982385 59.53973783854631 44.6435620673464 32.24631968354962 26.178481222791714 30.48788074084575 42.10010821759922 56.69248273537232 106.04308342075976 88.87959209098743 71.78259611221425 54.81435199334054 38.147059254905585 22.460987081229977 12.349356949013696 19.980744705163456 35.279832290101936 51.853792912207716 105.32483268234238 88.02534953731042 70.72706365932399 53.43113790363911 36.14096086974568 18.872339510588965 2.2079256601744985 15.883899519401764 33.142649008003715 50.430999332715025 106.47815171859602 89.3958589471154 72.41791783745317 55.63993596779002 39.318730252643604 24.389240383242566 15.569841613993441 22.10695168774217 36.520228389027615 52.701511115550076 109.44387276981361 92.89268384513662 76.67365584007868 61.052089651066254 46.632340330280144 34.93568435997433 29.413233107964214 33.293901621545444 44.16490520373316 58.23489659333776 114.08069378740346 98.28909588136158 83.10109778152275 68.91692785681796 56.49776851835344 47.256292275531216 43.27841126403978 45.952029479806896 54.30342120833535 66.21811312861274 120.1953084948442 105.2933605680231 91.24236372443197 78.50059655537345 67.81014632511267 60.27259570916231 57.14939375323792 59.14404605045899 65.79271026528741 75.8817555722769
10.251822714687929 79.86672033043565 58.24698959473441 32.09403779545638 58.31850741198319 8.771330400172266 15.570452241326231 45.99727586045806 0.0 33.84425731822087 60.24661767869348 45.12518935074527 35.79419452681522 63.90069977236943 18.850892439488717 20.020070561078064 9.634426584904427 62.67666581062404 56.900989323752476 12.246306575050058 32.51340091317793 78.52484264005474 63.089129569580365 40.34824792954651 54.35257860553965 9.759082314177771 37.341018374782585 62.23075423816779 7.425509537408047 33.0414456136736 47.878944820766066 30.999571630899986 28.6879109224713 69.71080878513169 20.862210587815017 29.609222223858136 6.8917602213321905 56.266162404726074 53.63817338352534 13.64638862911108 82.95849097347201 67.39049323382521 52.910814735153174 40.698138011512626 33.344129068790245 34.147208278595954 42.64904579469942 55.41262279708603 70.14901857701888 85.84823372267516 78.43204349987808 61.75998849307445 45.560057211448715 30.591720300332526 19.86705293075696 21.266361625317383 33.29456989973967 48.61594940173493 64.94000763033634 81.66768362801366 76.29087768914596 59.02986481878562 41.80269562919803 24.68034202786342 8.335868446655146 11.338766348719105 28.042147586534654 45.19811898322335 62.43469690308128 79.69960034113461 76.73495726295207 59.60008035376727 42.60045377939487 26.002709825314476 11.670319032812243 13.96298486775148 29.196690198164347 45.91994841739613 62.956729416307205 80.10724728103293 79.72108516778096 63.38161503618716 47.72544132900842 33.71820423353935 24.38909109998854 25.523501991490555 36.149432421705306 50.604591651070336 66.43477138635376 82.85556060590297 84.98167221663593 69.85482754568541 56.00192851320644 44.625573499245526 38.01807951921638 38.70418165798018 46.36118778230808 58.30448125661415 72.44426881250843 87.72478771698057 92.12785071044546 78.35534869445556 66.25919642872516 56.91838194996365 51.84422770609178 52.293846094625145 58.139224131198425 68.00289020318735 80.41963329583642 94.38719411388423 100.75912934517581 88.29950354543368 77.71676226025652 69.86902444075653 65.74312623283647 66.04036150736802 70.70496927208512 78.96675656225656 89.83872903351333 102.49360202749081 110.5280265750774 99.25421004228961 89.91681962362186 83.17062810538164 79.67656491167746 79.86262768932376 83.7042788356189 90.73839307468313 100.29550512472582 111.73004701591621 121.1595598821083 110.92032703517579 102.59468685958598 96.67828824640313 93.62896928516048 93.72698216363291 96.96278310026065 103.04118716455085 111.49826017559673 121.83968407500863
43.796363400521166 49.95399921911318 44.76316336295261 8.626602271777092 32.22502335008991 26.395514648615308 46.072374462505465 14.63079035269313 33.84425731822087 0.0 35.61406394604672 39.40118206058734 3.780137007606717 52.108626210895224 52.40277549773957 42.57232454021479 24.658796287910864 41.832086715359445 47.55114442273522 45.725692984656675 51.571509269704116 52.40277549773957 46.33495744431931 6.898608423645196 31.395971418990616 29.13817479184028 31.52243277972829 50.74548147929784 40.347995848615916 14.600932836662839 26.211177865514863 46.35598723943999 6.490493572058039 61.39600553448845 52.21477933145173 7.426490084462373 27.928071352708407 40.68577563915721 46.13885127124785 46.282279728692714 111.42861095113278 97.57503039146262 84.9948953701797 74.3375570503332 66.53350286799936 62.658088753320065 63.43547615730781 68.70791549104034 77.56410338259816 88.93985092368303 104.08695388155024 89.13972269589028 75.20896496912319 62.972920504617754 53.60495385647383 48.78622238985738 49.853805955921715 56.47486606975684 67.02328761640577 79.95957556218943 98.23121238335776 82.25929744268036 66.95162943409514 52.88815643211716 41.358206399499466 34.96502711753428 36.51455524931207 45.19712499432583 57.887435678063724 72.51095124094573 94.13917158701919 77.34991273369796 60.848548772340294 44.95324560591131 30.622772708583398 21.29379349225708 23.828734530041384 35.78970595570939 50.91865110698817 67.10608410384955 92.04641678412861 74.80075088465814 57.58884620494533 40.45381892637052 23.56397904523401 8.527844708327029 13.744109520220025 30.063105991354337 47.08920812031901 64.2628203952682 92.08938214002781 74.85337378814239 57.65686583786591 40.55014346797571 23.72819922696594 8.96962028695365 14.021201228393764 30.19018757708004 47.17005527076403 64.32180150467136 94.26514676383937 77.50248119152062 61.041483340304524 45.212854224062426 31.000856229839467 21.831522807604422 24.30821035049686 36.109198191262756 51.14265048664632 67.27539375407063 98.43235149862237 82.49828861760179 67.24369841863364 53.25570277664515 41.82502036566251 35.51341053943329 37.037546853511785 45.6186910699198 58.215613216045604 72.77195763760909 104.35263583676775 89.44839420461741 75.57287632017888 63.40509313067479 54.1096463192535 49.337648961902296 50.391022770394756 56.94741905528424 67.42005405397721 80.29085022867542 111.74764018598432 97.93753256326406 85.40889652838607 74.80837554997625 67.05669708235962 63.21077692858245 63.978888248244196 69.20757247784054 78.0049495876008 89.32273146796452
67.7094677426933 64.13754612308043 19.965021707468114 44.105388881746244 4.010917048989 56.149658949283776 75.38837952316403 22.36177521022086 60.24661767869348 35.61406394604672 0.0 74.29372065749595 37.71970361722956 25.826333820032186 75.08836428675775 75.13480741635561 53.94643159757034 69.75338151312297 80.86807982819195 72.17474232033234 85.6887365083766 72.66452243979256 16.42466564530733 35.20604485939722 6.077746646064893 60.072951366945816 66.88897658260882 82.95009409325263 67.67099568555584 27.541456651313247 12.42099675834581 81.00540416888488 41.55412553620949 35.935423789350274 71.19398894639664 33.85395883802837 56.94029926429292 72.1814774644265 80.14144125058476 73.8861240833585 142.8733682189647 127.61546497633587 112.94825429164939 99.1342679709659 86.58286041431846 75.92281634757254 68.04887993453114 63.997810683953574 64.49405537130437 69.44019209380674 137.08744627681727 121.13340057461474 105.60461604101572 90.71973605740361 76.85380588224174 64.66564647656092 55.2764468600402 50.279485960370586 50.983028815476736 57.17703327162113 132.5398219870905 115.98602450439883 99.68660170580296 83.79013337226051 68.57741284991504 54.62274130558961 43.164028939592285 36.624174160524205 37.6594487970482 45.75855380761373 129.3612244391003 112.35700187138029 95.459816241862 78.73860762473957 62.335153090794265 46.58632264405855 32.45937107607046 23.14405431969684 24.82730143623739 35.997968128911914 127.65400813782261 110.3962255014829 93.15482095495432 75.94095061421355 58.77881033252032 41.73226999464637 25.03855875634258 10.53516687940417 13.919888959830018 29.5846265317943 127.47732708547852 110.19281446739308 92.91478496257204 75.64768095619903 58.40119406723166 41.20122289359128 24.147371128126412 8.207542987799377 12.261543802446635 28.845114247780224 128.83748063534426 111.75636796099472 94.75540592453416 77.88709734478329 61.2611191744144 45.146000056293225 30.36625970659873 20.11889522263117 22.048627402260767 34.1500483835764 131.68683791745858 115.01482460606576 98.56015807466662 82.45306496730035 66.94489799613 52.56842298810628 40.54586422588659 33.514226813011966 34.65758177706032 43.33359935545041 135.9317434140184 119.82995470496698 104.11388047170192 88.98811749212037 74.81158258350943 62.23635279075313 52.4276378936758 47.14502845491037 47.90984332537839 54.46792958656141 141.44655133607307 126.02338685105394 111.15465262652393 97.09539220185863 84.25182011599215 73.26608232334203 65.08582077225863 60.85314234139384 61.39007591439535 66.58133018682261
53.19542794441639 50.996407878061135 83.86095958036988 30.81025456849782 70.59628500093635 37.78974902620878 44.14943223489062 52.01962124950164 45.12518935074527 39.40118206058734 74.29372065749595 0.0 36.71332618020964 91.11557305668337 59.926361986684185 33.583191951811365 38.62302538998404 25.047414430526434 11.823283780445246 49.888566016652916 31.472691318286387 43.42681113931776 85.72684010544262 39.16706481588184 70.60840277661075 35.39836076108116 8.716636395679474 17.361582728822462 45.793633500868985 52.55265706305799 65.61130973668479 25.718822237302643 34.82525094351798 99.96234003306904 64.94105280018522 44.13215486972689 39.311125478576706 15.320812223433677 8.540487536687804 47.9470614640006 89.93880899412869 80.72795273981627 74.45605116531765 71.89640441800556 73.43820935297042 78.84121022204135 87.39216484873228 98.27274665760784 110.79875091722846 124.47442260904405 78.98318003875234 68.37265308336801 60.909718692162954 57.82616322816105 59.80329135852213 66.39050641460527 76.40459546115028 88.69228970921557 102.43866203979786 117.13126776005441 69.20510954489748 56.854649008386644 47.68919421369565 43.75810301949292 46.41107754878138 54.69834424233173 66.54722992452866 80.3981527302215 95.38289321506358 111.04338736420078 61.17208003724925 46.79655118696185 35.16419074305234 29.69566801713734 33.553753413288824 44.368742578650036 58.39542403836594 73.82530094681812 89.93905631997153 106.42650949844992 55.645181400397504 39.334880571630926 24.429323699242364 15.654497550171337 22.182135628167448 36.57517462478629 52.74610949596411 69.46418606295634 86.41242175807973 103.47778763121165 53.40828488084579 36.116577383910325 18.84364674728529 2.114823004289102 15.892624790667789 33.15708313360432 50.44722384745322 67.74338505489241 85.04189341889068 102.3415587463747 54.86531593826771 38.22883288911305 22.614094348454064 12.651627975270822 20.185216019106175 35.40529662548715 51.945547842146354 68.86114782787611 85.93071771944597 103.07779413345676 59.746614660836826 44.92594012129761 32.64555627259235 26.68023068036139 30.92971371069307 42.428407789391045 56.94209779311658 72.68662415320692 89.0112255650891 105.6473442090156 67.31123336335192 54.54437196104691 44.92304915845421 40.74036863083491 43.59105853387846 52.33821347215211 64.63050558495473 78.8265270839659 94.06830470009766 109.92168113274197 76.76992720943976 65.81546372911802 58.03815692903269 54.807653711900045 56.903681805181655 63.80343213676118 74.17833749564306 86.7909696128501 100.80485062882087 115.71197978219558
45.91225185689027 46.577195043126906 47.97897704083283 6.670500161869582 34.14836944580896 27.8837111406375 47.150354514481464 15.84585707720979 35.79419452681522 3.780137007606717 37.71970361722956 36.71332618020964 0.0 55.351682821251174 54.54582026590457 42.798358857063455 26.342647029621638 38.082498068942236 44.36671646409251 47.390786690569925 51.068957785704946 48.704895734628074 49.24955041325014 4.702358793492022 33.89592697041159 30.195403471049165 29.170303354880815 47.37106642681216 41.95733505668948 18.307652910079838 29.075011752222434 45.614740096608415 7.186974813415049 64.77001422589836 54.809519776593035 11.153893018465453 29.538725179125738 37.17447716872204 43.1236905051579 47.72052052490917 111.53726855980103 98.06667467973932 85.97834359625602 75.93530754982851 68.83864306095535 65.65088807571175 66.9328911129961 72.44775497751432 81.33901259901681 92.63954458201069 103.77048644312602 89.17668350599122 75.73208310579864 64.16320166713466 55.652358361867876 51.731557494980834 53.42119052480791 60.25108845414179 70.74789204788648 83.54062068743369 97.43618400798897 81.75458662885616 66.87691334811922 53.47838130068562 42.965795904123986 37.82708807774816 40.17989784544733 48.95575975254432 61.46230762526575 75.87668105417542 92.82816805507906 76.23047621201823 60.03176704207915 44.668237446457 31.39109190025999 23.96373711620834 27.60129660426624 39.34607075263405 54.15815566336437 70.11996290469777 90.21143429543271 73.03637846342373 55.93956927948731 39.023984599427514 22.698468397340793 10.309349731462424 17.206337405726593 32.93245409450267 49.71667878270344 66.76573145260066 89.76034245998619 72.48103535277464 55.215898195061655 37.98425807578929 20.869255618097124 5.192429002341983 14.734664171300881 31.71707517951988 48.92390937006909 66.18034812965037 91.5069316901767 74.62339030418791 57.98701763603642 41.89331747282181 27.318819231185937 18.33842196757513 22.91265059107881 36.226970543054335 51.947177335288565 68.43491120923825 95.33046081675161 79.24492256402877 63.79911689421159 49.594409488887706 38.047235911024174 32.16033955487093 34.92407897165278 44.763866183126915 58.19471377345025 73.26768918485126 100.99526476904094 85.94656725158899 71.91859684658155 59.636062547281526 50.39185027147952 46.05345182942383 47.970881908210195 55.49949396799917 66.76739761502739 80.21396494157243 108.21248953782063 94.28572821366143 81.65996683839684 71.03237156509807 63.415624442278734 59.96816675497094 61.39638924138326 67.39100969088086 76.89132428075983 88.77893499653376
68.042823545805 89.40740102468074 7.392949749456248 60.47053173896557 29.225552561710096 63.306287229001356 79.32780493106218 43.282558653873124 63.90069977236943 52.108626210895224 25.826333820032186 91.11557305668337 55.351682821251174 0.0 73.3292194932693 82.57029291811313 61.17551877146082 91.73826060204452 99.65835299542812 73.92173159307228 94.60377754446331 97.06913871380378 9.667912401620269 54.6047884888989 24.70672164221926 67.57412681747319 82.78749711713795 102.70570578231195 70.80814257796835 38.62910022460514 26.919023081881843 91.18375247939584 56.29896653920611 10.244165785094888 67.13472538294192 47.02336603945213 63.33370389835737 92.3553670315497 98.19678934560017 76.41839738077368 145.47537582153893 128.95310316701776 112.66510614970758 96.72980384916583 81.35471248544695 66.92704249120492 54.208618059844206 44.68361007941336 40.66179078702433 43.69030708088015 142.1231845027736 125.17682838537486 108.34291486863687 91.68340136677745 75.3141090140793 59.47515442214649 44.73346641069077 32.612606264658055 26.92194651845455 31.380095092829542 140.09745854126885 122.88270134214238 105.69641167887133 88.55516556191617 71.49137015679821 54.577719074791 38.01514941765928 22.589566273616505 13.196142503168959 20.89738267944765 139.45604371318458 122.15429085028659 104.8525966317281 87.55099582513708 70.24955744919524 52.94844073171902 35.6481140077599 18.35081172531385 1.1958895949167097 16.273340626503316 140.2179477201871 123.01942278835556 105.85460073515799 88.7430403116768 71.72287294924364 54.87919822508222 38.444699049205695 23.301844681858572 14.376009168660653 21.658160289073926 142.36063021273068 125.44511975064675 108.65135447980165 92.04599566434892 75.7530430545096 60.02742267440539 45.46173270633467 33.59994844146412 28.1043351956221 32.395377837458405 145.82320785852514 129.34357798029038 113.10976695637237 97.2449618182328 81.963716480769 67.66257489992965 55.10991079158415 45.767734219363355 41.8446379661968 44.78802250969442 150.51456834060642 134.58682471340825 119.04322706217529 104.0560659076004 89.9040500495291 77.04875079592152 66.24937889670106 58.65278195022092 55.58791126007824 57.780458180301544 156.3240578790529 141.02487310588006 126.24384569953257 112.18597194002328 99.15929610818269 87.62493761068598 78.24566032980725 71.87020949284725 69.33224825284249 71.04424161235791 163.13218481590934 148.50232318928298 134.50817798870904 121.36984627089579 109.39611011216721 99.01039298136355 90.75949876732196 85.26543850067061 83.07697079994848 84.45147032687017
8.63487901527629 98.53238974643664 68.98365395733262 50.93675343965136 73.77907719986247 27.414591213321575 17.034643960393744 63.63772121305807 18.850892439488717 52.40277549773957 75.08836428675775 59.926361986684185 54.54582026590457 73.3292194932693 0.0 27.801343120761903 28.480160471206453 80.0675475165514 71.67345913825605 10.064408302852211 37.75688303396989 96.61210307095693 74.71922302774604 59.039575008322 69.02285672086691 26.983595637508156 53.22665566862934 77.28446310264361 14.502204167687555 49.31187964186859 62.72812574114862 39.34625132644873 47.48928810993667 76.97554079096625 8.216139212846707 47.482199362972054 25.567327803975132 72.77779273931186 68.10383828695481 12.446989915978172 72.64570842232354 55.79472479385304 39.33721211701221 24.093438508202603 14.569965026059226 21.04249420289078 35.66513456305188 51.9608474162788 68.75005516154978 85.74335592262857 71.17062603897723 53.86911101222782 36.56798920925001 19.268319892007046 2.008001794382532 15.346321840898298 32.64507190948359 49.94602535736824 67.24748159682419 84.54913196670779 72.4768790146666 55.575736339988815 39.02742171386113 23.586638578226246 13.71977008208822 20.465760691734364 35.32952487899911 51.73215628167125 68.57819884485994 85.60628141625364 76.42196162095333 60.60851995672697 45.88222998902713 33.699780864506266 27.65648741307963 31.50868492847538 42.65469516927434 56.96278327280531 72.58652905651469 88.8344504501015 82.62871358794195 68.23535323278568 55.52771969241841 45.92708329124157 41.64098230213882 44.24195900511692 52.72035250443819 64.80914520160995 78.86520232146147 94.01021260664989 90.6335930071713 77.6959500004003 66.7650471650528 58.967625109779604 55.63711451017819 57.55427545198015 64.25106338735773 74.44865399527383 86.92354933213493 100.83403783677693 100.00564007670134 88.40341967551353 78.9169878205318 72.38305821493466 69.63772727623108 71.12108546495782 76.58782102294715 85.27525815848692 96.31580748893154 108.9967416178895 110.39709423514606 99.95774061075562 91.6201978168884 85.9979687905532 83.64042008879824 84.8202119646622 89.3974053948575 96.89170796908958 106.69015560379643 118.22121120780908 121.54664986003426 112.09721423278987 104.67401568892419 99.73053924460801 97.64414028472781 98.596361912624 102.50255513556094 109.0457326644271 117.78725139324524 128.27847887999215 133.26402432424746 124.65085003883996 117.96194737413815 113.53792326246757 111.64833804131743 112.42106179207985 115.80281196871096 121.57606574950691 129.42117540586386 138.98774730023052
