0.0 44.80992061714793 40.219055873642844 65.02930933935659 29.368729294454177 33.67276142701193 25.1125460290137 45.43327159371943 61.31648686960368 58.67791748218352 13.043051182513652 16.41508349565775 27.0583776868132 61.8112380727083 18.245695817420795 46.976896926304995 33.84326789481568 33.98869982742093 32.00879691354081 86.78850214219712 8.260021706869004 50.139811471140966 37.84984310331342 74.2668758444074 26.458145380509006 59.35991776222514 26.415226958030495 40.56370338697728 29.881382656829828 48.4201606164136 10.741844017306745 27.85277460893451 44.57600277373997 61.030623281684996 18.733142685132304 21.145804957799267 55.28270277720269 38.5199906488743 29.268308441264566 57.83296166358791 108.69080756189378 77.83967143337841 51.95341932959447 41.64278620745704 56.248609213280616 101.18703745787333 67.07173409239313 33.95981679959726 14.2397850520687 40.58478135947457 101.20833613452393 67.10356650896732 34.022060035336295 14.386212000345393 40.6358981477175 108.75028120540523 77.92193257033605 52.07544307992026 41.79349534086894 56.35921413870332 122.43044912818695 95.94448460568098 76.26423228521608 69.43977157438377 78.88149578909442
44.80992061714793 0.0 80.58827734334038 52.08935659150449 56.99878778473269 40.1149289031115 40.748600041031665 0.7113065980788735 22.191198454952207 42.57390246589635 35.881748239534275 57.29492204521353 26.147622391826857 58.937625550027896 60.9753550892556 45.84617518107842 48.10076850282025 40.72236300296791 74.38271702103359 53.079394531629454 46.1153363307184 5.7250112775121735 77.32667303956583 65.69006338446353 57.270898767409044 18.481169631972953 41.56212429922806 23.269550373358417 24.386805442064222 42.37155681455441 35.14510590621326 26.959092787519317 89.30270471450348 60.92038138868219 62.473282382117034 50.0156628695281 21.310441789237018 47.29749019947413 70.95370121951784 32.771581768254755 64.33296866931708 33.22850387978092 21.549539256922166 47.111340186285936 79.80865031962306 61.630213218420195 27.69136764972996 11.4102432103258 43.45605371838053 77.72719412315507 71.09082170641005 44.843106907632546 36.915205493644386 55.761899264478174 85.152071469348 88.91301595051115 69.54379474240118 64.51300685307397 76.69609119184044 99.98713136424925 111.14395512990107 96.14029038023018 92.34511226136036 101.02955872217765 119.50318557569607
40.219055873642844 80.58827734334038 0.0 104.3350310532262 60.20741020430678 72.51731523693192 63.62604895362477 81.28560216256732 99.91129151299471 98.6049613409453 53.24752774991642 24.19227380436667 67.20955973213337 99.22108805439703 38.02125476594234 85.51245483727655 70.32985409929627 72.71054751684882 9.583321599315957 126.79900193681986 45.288133915702964 86.2919139347147 3.75968072750814 112.221115619266 56.20705887592689 97.38415738376875 64.69547540310433 80.66737282797052 69.98329449349808 87.71421411023795 50.68798232560927 68.05295707348506 23.96043876348852 97.71256707131778 34.97920720033674 55.32485110354406 94.62218879813031 75.79636652968156 11.103971899055708 98.02176096043172 144.65585993050442 111.4364522370437 79.4082965046911 50.87339003372565 35.571838121299464 140.29431360873147 105.76719233123177 71.31449109050934 37.14387471203042 8.272323800040246 141.42715188913246 107.2516027689796 73.47802652479548 41.10938516086262 19.38529844391394 147.92813807916195 115.61438755826845 85.12021293474285 59.32138026804887 46.76978867390635 159.14041113150404 129.52965827486923 103.07735238223047 82.86552398699781 74.18352816721706
65.02930933935659 52.08935659150449 104.3350310532262 0.0 49.11617884793708 31.82670985857743 40.72114650069859 51.81603358661987 39.75965604370953 9.52054532009484 52.36731684160721 81.37469897879396 40.87894343861756 13.682756638465495 68.92656441515102 19.297898854068496 35.61520901766319 31.658708121705228 95.25035439368743 36.616980991513195 59.055775616040016 50.74573584673647 102.41758449696721 13.728288015083354 52.63668825782249 42.99300748841134 39.70242446127524 31.169325912973065 39.04699040075826 16.643610680300892 55.99637690157252 39.56187099653479 100.52773340874529 17.46491753978932 71.91992870511835 50.26667472899788 33.79509092306155 29.901315805230272 93.23532609738666 20.929659867876044 79.49980040870146 68.36657997579358 73.63778627984384 92.55172173535965 118.75976649823492 56.97205152220396 40.345976544266215 49.03676294370858 74.67418258320646 105.55892238816449 42.1458712087764 13.105063798181149 31.017134831916355 64.39902427837193 98.62686105491328 43.72277938379771 17.490200996334263 33.09051086153987 65.4133455157223 99.28584349326884 60.43201029680422 45.05866679748613 52.94671154814172 77.27380085643611 107.39618967848756
29.368729294454177 56.99878778473269 60.20741020430678 49.11617884793708 0.0 21.323257933381885 16.45217330837952 57.36125856849004 64.1945277810503 46.75340420519931 25.009420515712584 41.63944752761012 30.90098105996483 40.656369640244584 22.22264118707168 30.109545276443768 14.023715694450688 21.01945983782029 50.63150626486636 80.56712069370421 21.14189678310284 60.58921565558864 59.28675181802604 53.833896485811195 4.016985608443511 64.16741265100522 15.945585908269694 39.77751467242421 33.011106486304925 34.2639617668583 28.647580472783968 30.24698682826508 51.940681130390324 38.48802113509206 25.306693564377007 8.74697147886729 56.35442483873724 19.457383765082213 49.70454805173748 52.08683551738612 113.57973064889526 88.63130039591525 72.14859879008202 70.35690377800195 84.1993361949555 98.79298147840747 68.87717832293633 46.07493011382225 43.54943930808732 63.757580968616175 90.5729271879586 56.58421251148758 24.39143175940602 19.56940603779882 50.654044594168404 90.72293088082034 56.821811185058216 24.932641547792485 20.23376762522749 50.91192826481709 99.2050239503144 69.46149659038552 46.93593144746607 44.45090814237853 64.37083369179906
33.67276142701193 40.1149289031115 72.51731523693192 31.82670985857743 21.323257933381885 0.0 8.894475737895265 40.30100303251896 43.40465110025854 27.029650726988706 21.77106944837903 49.82190080143308 15.788319411170658 28.460487620479164 37.704392181805474 13.306998305832645 8.493093033759502 0.6259196292699553 63.426425641973445 59.73496564831345 27.26273357889332 42.50207370355842 70.65113955049678 40.62131764499232 23.718195679947907 43.82424348524881 7.923672059720567 19.368540911310667 16.29100413401073 15.263064788194052 25.88154922571656 14.463495910321688 69.7328537158256 28.234556267355565 40.587457051654596 19.29638039634052 35.4365202261621 7.545361778141362 61.42132950582235 30.85536233895288 92.54909066685 69.37559931270545 58.782649979340974 67.02695472687613 89.02028950412668 77.55826806196346 47.81575964514509 30.858460112564167 44.86622354562495 73.9496263305585 71.11231790106011 36.56262936598932 3.39768025531771 32.88034142389101 67.42064764785273 75.43486856424597 44.32228795678385 25.166506651530455 41.195666488357624 71.80288887454137 88.9697794345792 64.56956647158297 53.08140233193474 62.135663921489304 85.43327973382605
25.1125460290137 40.748600041031665 63.62604895362477 40.72114650069859 16.45217330837952 8.894475737895265 0.0 41.079409600663105 48.25546080804508 35.653785585464384 14.202000226898926 41.073605315894724 14.603254263818263 36.7010337746808 29.22320322821202 22.020152786686133 10.02372998331414 9.090077322992757 54.533927659486714 67.46174283403943 18.39557485525623 44.17309746391363 61.78212689370439 49.208310984307374 17.565102499294074 47.96363762076348 1.4373952237996754 23.865773578682816 16.57476770630852 24.140750907495356 18.499517095213392 13.843563463826513 61.32575164071137 36.025616338031604 32.0148346800739 11.527919422954866 40.59387340630755 13.623071804523667 52.532004177899346 38.16715642380919 97.72582949850651 72.18031569748307 57.135371769711995 60.94010134207929 80.97983518675103 84.54858762348051 53.199539257999575 30.112406612552235 37.123602110130086 65.14910116099384 79.59047352627982 44.987194436689535 10.38779399367126 24.224353003722896 58.826751622596106 84.31443366524144 52.83005112316779 29.460895893420854 36.60210349245602 64.85617226830217 97.32039931727077 71.63551403496024 56.45199421714072 60.30590737687153 80.50820648326736
45.43327159371943 0.7113065980788735 81.28560216256732 51.81603358661987 57.36125856849004 40.30100303251896 41.079409600663105 0.0 21.531897369110855 42.29715885310114 36.40825671506011 57.97573585355679 26.48603565652743 58.80988108603413 61.53516753421277 45.834024822532214 48.33055370441323 40.905789587842776 75.06382079031323 52.44268058941323 46.66788892745399 5.0186127421976 78.0271179454739 65.43701066491913 57.67523059843346 17.79793820389362 41.8746414809992 23.239145219570965 24.667288116411488 42.29789509920622 35.72454259020709 27.269107088063944 89.93957632850642 60.830548174894034 63.051751963626316 50.43687994568227 20.79468703279658 47.44604749465048 71.63901904730649 32.37766952902911 63.65845732283346 32.665411003154 21.82900639247618 47.75802048873226 80.49843525574634 60.92525045595953 27.011897584563624 11.926953738082222 44.15557706771582 78.43488314031201 70.48226006772023 44.4294287077539 37.08137173550273 56.310842365144936 85.79989888748081 88.43028894029885 69.28168857738332 64.6124012513287 77.09958542398212 100.54204793014154 110.76201665302462 95.9552783490534 92.41912215893322 101.34031984797875 119.9713061485578
61.31648686960368 22.191198454952207 99.91129151299471 39.75965604370953 64.1945277810503 43.40465110025854 48.25546080804508 21.531897369110855 0.0 31.113407495965966 49.69708336860068 75.90399460357892 36.02787082220193 50.64658117763485 74.59033161341816 42.371063347977184 51.81746165220309 43.852830392627716 92.77740048554139 31.011041266074276 60.09286255772435 17.345901291156718 96.89996880754427 53.1570867562341 65.79573166329405 4.247959490103972 48.43680542753448 24.435192868466697 33.18910133581134 37.43569452030861 50.65647579478669 35.93739553119723 105.38898846317696 53.67627252683224 76.72181999694277 59.512719320939276 8.03544988361427 48.607262718939644 89.61885577556558 19.047724253130735 49.47066871342771 28.92502875901075 40.25923716356383 69.2805436445136 101.85096926528554 40.46803751478713 5.865343491403348 28.740161167323794 63.343870178991644 97.9476867019329 49.32476182960935 28.677075029772045 40.083114623955545 69.17930663507683 101.78278733379794 69.52058648142723 56.573221312185815 62.95029024777212 84.37855747865189 112.56791340076363 94.01098183828405 84.6683558985307 88.84880761601806 104.94858301987962 128.5652125402918
58.67791748218352 42.57390246589635 98.6049613409453 9.52054532009484 46.75340420519931 27.029650726988706 35.653785585464384 42.29715885310114 31.113407495965966 0.0 45.72207004378865 75.09211853036588 33.12137181445404 19.73872360116876 64.73191761401354 17.11089911549062 32.745242318940896 27.036950007342238 89.79148937569634 34.438584838800736 53.46774171784885 41.261476697267696 96.45108402736095 23.205796367580213 49.85729227681113 34.05788937214994 34.87661364256554 22.187799355362444 30.975600516917925 12.495108105669344 49.01665305467371 31.909542742115256 96.75570588975731 23.05115354755543 67.60011344284831 46.27312354961807 24.62611346537172 27.376913421958054 87.51586819583032 12.066057228859217 74.03059166554736 59.98849350723369 64.12094641247165 83.78041387277756 111.00272650202434 53.96134328218131 32.45753419799084 39.87470343347329 67.24082027904191 99.23456726030581 44.119084781181336 9.849762439144786 25.345537122052217 59.855066098212355 94.43365860195851 50.838811537640126 27.00468367079415 35.61969922210891 64.83143416610797 97.63354234011584 69.46987504713128 54.31538203819149 58.89869436048665 79.89211446083358 108.12604677551973
13.043051182513652 35.881748239534275 53.24752774991642 52.36731684160721 25.009420515712584 21.77106944837903 14.202000226898926 36.40825671506011 49.69708336860068 45.72207004378865 0.0 29.411085005341764 14.28082861161385 50.231251563378265 25.341728833333505 34.95472409504084 24.07891825586603 22.188083602933233 44.88073457606073 73.98659504298548 10.502154867515713 40.63578615735685 50.89087091031151 62.24748049905376 23.73052380519296 48.1927681331159 15.636414151138117 27.769149658336577 17.173883301049162 35.86864186571407 4.303987706405116 14.9374385596521 55.71956692371114 49.88363333851575 27.187871161713616 16.443313385706958 43.1483398713237 27.7365254306367 42.258759268147536 44.88242829497123 98.16562187461284 69.03514964150231 47.85426356328559 47.00026898267915 67.25203428770445 88.96134216693986 55.31103755177917 24.481636453373135 23.113618180913413 53.51614093889292 88.18424173118665 54.0639991248922 21.54584254593294 20.009559682333872 52.26273475793452 96.0391454919486 66.00511417440313 43.41263350240793 42.51426135874343 64.22687997244277 110.70324519397994 85.79339037030093 69.7177807432848 68.95939283575396 83.93445393188664
16.41508349565775 57.29492204521353 24.19227380436667 81.37469897879396 41.63944752761012 49.82190080143308 41.073605315894724 57.97573585355679 75.90399460357892 75.09211853036588 29.411085005341764 0.0 43.12914782121067 77.59235726070887 22.212196266644522 63.08015526151241 49.035382397209446 50.09689508134836 17.088211654673813 102.61983865342431 22.85969918309899 62.93043844551602 21.560662464410377 90.26501040653454 37.969964158841044 73.51692416226356 42.29252216863372 56.537581712109905 45.86669315641469 64.74372141379251 26.580393192375684 44.0269604937639 34.1762957415583 76.54701699028523 20.251741443372357 34.80852095453191 70.46361066647164 54.1059342995005 13.738421735310641 73.94279547997037 121.61793365053198 89.2016848242334 59.310941199782604 38.38571737158381 42.70792938538851 116.20909055428038 81.74596650315985 47.48795901474406 14.921875320156426 24.188248688542522 117.43344615180499 83.46156905865689 50.35772226256863 22.378881129686036 29.335573921442098 125.09632292742074 93.84676695632902 66.03145727587338 48.040639642698416 51.48266495554624 138.12991444396997 110.48277467406362 87.90768096150536 75.12538776010071 77.16627530288162
27.0583776868132 26.147622391826857 67.20955973213337 40.87894343861756 30.90098105996483 15.788319411170658 14.603254263818263 26.48603565652743 36.02787082220193 33.12137181445404 14.28082861161385 43.12914782121067 0.0 41.74049436315458 38.576077700860424 26.299482877881566 22.690407476165937 16.408532491125598 59.051489730714756 59.7497542386084 24.287233784465815 29.732434597350554 64.68976425529166 52.33169733914361 31.44274840941414 34.989675024630884 15.461892087893744 13.514825363494356 2.9132348471385154 25.40181681651881 16.549459256321622 1.4392866499707808 69.7668643391589 42.37118083065161 40.777345222261594 24.429561531055022 29.100467147644235 23.328670661937732 56.316518849272086 30.81751363372425 85.13504860941732 57.990157980652164 43.27306648534006 52.69797039293527 77.95134266814132 74.7676627820352 41.476655724428575 15.661176546853316 34.13329518520848 66.93086835047485 74.31876075935503 40.669429789020114 13.400673009944034 33.16631957452209 66.44759341266311 83.94763091623685 56.2488299721168 40.93261317336062 50.81189408820254 76.70097881926385 100.80622939333091 79.05701385485048 68.79599367398527 74.90345655389612 94.24928972271245
61.8112380727083 58.937625550027896 99.22108805439703 13.682756638465495 40.656369640244584 28.460487620479164 36.7010337746808 58.80988108603413 50.64658117763485 19.73872360116876 50.231251563378265 77.59235726070887 41.74049436315458 0.0 62.13160305241906 15.551719705896181 28.89139162688582 28.04908041784355 89.81710274804927 50.264914468741516 54.738795102861815 58.777955292737175 97.72767262601627 13.186064835831097 44.53018627570991 53.31235016315983 35.399948847654635 35.98357381164737 40.76098679747372 16.978117127574674 54.32724093183492 40.30548846304376 92.58193454705155 3.798896053213765 65.22251035283952 43.92737325935718 43.672101300738305 23.520297302280568 88.25932362253228 31.68568904837926 92.90455297310538 79.57068065382873 80.16523784109965 94.42548585122611 117.47601575275255 70.6454650791413 52.196123810012594 53.41249358361681 73.32229624251748 101.46048149866718 54.32438435938555 26.52384306594792 29.167359745279303 58.24775194445923 91.26725287293476 50.12427867135231 16.396511767603336 20.49637788916348 54.462932693832165 88.92229299359057 60.61947285978788 37.6889142313472 39.50973409030185 64.00324199297832 95.00864144134874
18.245695817420795 60.9753550892556 38.02125476594234 68.92656441515102 22.22264118707168 37.704392181805474 29.22320322821202 61.53516753421277 74.59033161341816 64.73191761401354 25.341728833333505 22.212196266644522 38.576077700860424 62.13160305241906 0.0 49.64747699221615 33.56139631115678 37.71981542600204 28.438508389718447 96.49770274297148 14.889381056210244 65.90058483773718 37.26516470734349 75.28920069023515 18.210066329129607 73.34739665948712 29.881352383396376 51.311818621050286 41.445971558006306 52.76966000622837 25.909823293131588 38.77626063996036 32.10373042408484 60.29154949935856 3.103103638627121 18.6600851819962 67.61290931399597 39.25449339276881 27.730021502850402 67.10162478626945 123.42691104622202 94.20050155693596 70.05751900229022 57.76821616156199 64.50633289672773 112.89600650994873 80.04951966430218 49.65057693841482 30.28647985606683 42.00236676684243 108.7762432351195 74.18278888826843 39.60751901710896 5.411033052721043 29.743189392929917 111.77899252637579 78.48100572931239 47.10451170070464 25.946935417099475 39.01914357607386 121.37663092079781 91.52286120894418 66.44833068610326 53.37720596981221 60.64380036945152
46.976896926304995 45.84617518107842 85.51245483727655 19.297898854068496 30.109545276443768 13.306998305832645 22.020152786686133 45.834024822532214 42.371063347977184 17.11089911549062 34.95472409504084 63.08015526151241 26.299482877881566 15.551719705896181 49.64747699221615 0.0 16.36005175580843 12.993210520163094 76.30209553611355 51.525953252635865 40.39700822220306 46.68303537979029 83.75584051573665 27.32314025785468 33.48394948881503 44.050920865902484 20.85943781980676 22.602641119451448 25.53309826374446 5.182056073364752 38.963126294813115 24.860497403757265 81.24095336502984 16.109847697353363 52.653793122743124 30.992491741549713 34.52043777483127 10.688002770561699 74.4408784302198 25.45280422302151 89.2399293439155 70.6464803054492 66.42932011471002 78.92751841946964 102.1813141277897 70.79889573813287 45.461435435577435 38.93362179174749 57.96324714653735 87.16923455667133 60.47979402571692 26.91658095291734 13.640077527041546 45.19351324747166 79.33289421342107 62.448441771339816 31.052901865578832 20.581676431408706 47.72605107344649 80.78857811081717 75.75273594509072 52.783231525206645 47.20671907538743 63.76277432997423 91.09182577300025
33.84326789481568 48.10076850282025 70.32985409929627 35.61520901766319 14.023715694450688 8.493093033759502 10.02372998331414 48.33055370441323 51.81746165220309 32.745242318940896 24.07891825586603 49.035382397209446 22.690407476165937 28.89139162688582 33.56139631115678 16.36005175580843 0.0 7.994777737088029 60.936328038878955 66.58153980323127 26.23264609263616 50.76456255558854 68.85761988791891 41.92808149532904 17.173566805023803 52.307167756206546 8.60670421844773 27.861628120212 23.834816160384367 20.268504748892624 28.381277707877828 21.55813499702329 64.91837529038261 27.549855445056593 36.61600459693584 15.076204399300623 43.822566120854965 5.724733555024782 59.37353207894992 38.373128999436204 100.81905314535433 77.84316348209109 65.9500165084948 70.95083655787954 90.07445638307433 85.00726140537405 56.109742944392465 38.27791246397013 46.65748042966225 72.68747447411698 76.66511095293676 42.56756568864944 11.887330078032612 29.418907876341972 63.12280270553633 78.22066758428781 45.28485333900538 19.43735990956634 33.16250732974447 64.93489615232353 89.15728525517514 62.16470412882211 46.633593096584804 53.663266875862234 77.32795781093861
33.98869982742093 40.72236300296791 72.71054751684882 31.658708121705228 21.01945983782029 0.6259196292699553 9.090077322992757 40.905789587842776 43.852830392627716 27.036950007342238 22.188083602933233 50.09689508134836 16.408532491125598 28.04908041784355 37.71981542600204 12.993210520163094 7.994777737088029 0.0 63.59324341651993 59.90457844233834 27.48303454234863 43.085867839465116 70.87133522644355 40.28410166789295 23.495493854697386 44.31239654924759 8.046073246559933 19.87919913631513 16.916407702541477 15.146645816905544 26.322103787821003 15.08638451568422 69.71907308117176 27.763459284423785 40.6208552451305 19.245821276619306 35.873554820843204 6.922421300042196 61.61874727078036 31.103866168724345 92.9552464783347 69.91155416369823 59.408400681265924 67.57126494703323 89.42694633042555 77.81373116297728 48.225243532472156 31.483431651569543 45.29430231428643 74.20765576610135 71.14070177805003 36.61729744669953 3.93797832448949 32.93999168835516 67.4494819085508 75.2250140326783 43.96747603979354 24.542163828177426 40.82081949874355 71.59052623585166 88.59092757926877 64.05136675753276 52.455725265061 61.6070534825463 85.0532501442811
32.00879691354081 74.38271702103359 9.583321599315957 95.25035439368743 50.63150626486636 63.426425641973445 54.533927659486714 75.06382079031323 92.77740048554139 89.79148937569634 44.88073457606073 17.088211654673813 59.051489730714756 89.81710274804927 28.438508389718447 76.30209553611355 60.936328038878955 63.59324341651993 0.0 118.79478962444638 36.33157441738553 80.01812549680558 9.419504235520415 102.85728178472256 46.62886770805511 90.4906023362627 55.55431856183952 72.5639250935653 61.88678732000967 78.66897723632424 42.696355290540104 59.80129498810109 20.32249124562975 88.2466130453212 25.39623930384453 45.8928823382174 87.10067928521082 66.45057135304833 3.7631784771767105 89.76314214718653 138.70267714067225 106.15378608744685 75.45621960955934 50.13458864914576 41.57083118607957 132.9562250770302 98.59978096613496 64.50834496327987 31.552925013868315 14.989940886205698 132.97229322835614 98.62124753540601 64.5408461897299 31.618694643417985 15.126583809924625 138.74887869598817 106.21359156529782 75.53954994660991 50.258741130737185 41.71905315297672 149.6199494739059 119.9473085928259 93.71950595691793 74.65986981069567 68.98991181055159
86.78850214219712 53.079394531629454 126.79900193681986 36.616980991513195 80.56712069370421 59.73496564831345 67.46174283403943 52.44268058941323 31.011041266074276 34.438584838800736 73.98659504298548 102.61983865342431 59.7497542386084 50.264914468741516 96.49770274297148 51.525953252635865 66.58153980323127 59.90457844233834 118.79478962444638 0.0 83.4599261045166 48.3551931160085 124.12201280073869 44.68356569805469 83.35645111781946 35.066327138792275 67.02580573014042 46.23492887511405 56.908024543770985 46.701130869911445 76.15140780912454 59.05191996720302 128.52008581041125 54.06019771751254 99.12571588096299 78.81500729792478 33.21280500343873 61.50562402860939 116.00375370236077 29.410002781556944 45.854785208564344 48.5019498332746 70.68970008626476 100.1820593095959 132.1766736736675 20.44728777302215 26.14029156809498 57.822036203905334 91.64229732854099 125.88917034318112 18.71054753364273 24.817965148503248 57.24184914441875 91.28076624898368 125.62873228101463 43.57343488882657 46.37124791618392 69.25865856417613 99.1869532022599 131.43120759525237 71.15955632231838 72.70702201045599 88.90274670102522 113.64789667034727 142.5578801214596
8.260021706869004 46.1153363307184 45.288133915702964 59.055775616040016 21.14189678310284 27.26273357889332 18.39557485525623 46.66788892745399 60.09286255772435 53.46774171784885 10.502154867515713 22.85969918309899 24.287233784465815 54.738795102861815 14.889381056210244 40.39700822220306 26.23264609263616 27.48303454234863 36.33157441738553 83.4599261045166 0.0 51.01190984851967 43.38931527897 67.46602226983418 18.381472069188167 58.670326310911875 19.540544350267833 37.51177397722036 27.198150786725343 42.427652050912094 11.24572149505441 24.69364237773518 45.48141826422059 53.700030929850456 16.68929441528274 12.898711432587547 53.3716373760654 31.246235120056667 34.185102852467566 54.11728879106658 108.6667406906802 79.33181122271945 56.333109207776 49.478372014469215 64.16857941996011 99.03123272444759 65.65559367434764 34.770309673266674 22.408422910305195 46.79899495127619 96.88454946680278 62.401552870683 28.216046198698805 9.653512969602948 42.25031300925345 102.69750356833521 71.0172562150795 43.988128830497615 34.946983173737344 53.87447582382068 115.27186355504374 88.08564897811577 68.00984800440264 62.34080636986622 74.44589777976839
50.139811471140966 5.7250112775121735 86.2919139347147 50.74573584673647 60.58921565558864 42.50207370355842 44.17309746391363 5.0186127421976 17.345901291156718 41.261476697267696 40.63578615735685 62.93043844551602 29.732434597350554 58.777955292737175 65.90058483773718 46.68303537979029 50.76456255558854 43.085867839465116 80.01812549680558 48.3551931160085 51.01190984851967 0.0 83.04016141366435 64.46307129094689 61.15500006933698 13.354016515303506 44.853661943471565 24.25059559812486 27.601571025837853 42.7447660916869 40.22754869838327 30.342836121690492 94.69479133718723 61.06094016855172 67.51626763519324 54.0339621315702 18.093121382435484 49.36209609526126 76.60891264733016 30.52045427819154 58.747526503843496 28.47320628347259 23.77019361694943 52.0976751488582 85.19483804721303 56.09016691466302 22.546840549597405 16.29313196616906 49.167318576595285 83.45200548203738 66.62928713628557 42.306516521188335 39.17969691258235 60.62246971518858 90.60875726009829 85.62279657249306 68.22824978990523 66.13392992786187 80.54235623603559 104.85808241962772 108.72601317001137 95.41464328441123 93.70830922368793 104.17881326736935 123.77353472505531
37.84984310331342 77.32667303956583 3.75968072750814 102.41758449696721 59.28675181802604 70.65113955049678 61.78212689370439 78.0271179454739 96.89996880754427 96.45108402736095 50.89087091031151 21.560662464410377 64.68976425529166 97.72767262601627 37.26516470734349 83.75584051573665 68.85761988791891 70.87133522644355 9.419504235520415 124.12201280073869 43.38931527897 83.04016141366435 0.0 110.64839284251396 55.31747242042799 94.29618758819801 62.90005350024653 78.09037961781702 67.42445969218787 85.77674514088338 48.141032327398456 65.58180804339608 26.655054927179563 96.34410036941955 34.30153350490859 53.95913581246899 91.76066212602055 74.23700482055524 9.585848573645862 95.50314602938965 141.28800976871636 107.95175943911475 75.76078074912164 47.12369156601452 33.11225736829884 137.32644886867305 102.76182507522948 68.23698127612899 33.873770406872424 5.7821117690428485 138.98923492205202 104.95340836520049 71.46519090750125 39.92711079805994 21.815589001910624 146.08434850486344 114.10184840790147 84.2177742364064 59.672790638433234 49.23268373235468 157.88073220350134 128.73196470252913 103.01577883988581 83.94832618550846 76.66244894545547
74.2668758444074 65.69006338446353 112.221115619266 13.728288015083354 53.833896485811195 40.62131764499232 49.208310984307374 65.43701066491913 53.1570867562341 23.205796367580213 62.24748049905376 90.26501040653454 52.33169733914361 13.186064835831097 75.28920069023515 27.32314025785468 41.92808149532904 40.28410166789295 102.85728178472256 44.68356569805469 67.46602226983418 64.46307129094689 110.64839284251396 0.0 57.714877471142444 56.53708538411113 47.97282392114806 44.11266115849177 50.884394557143295 26.947070619201607 66.19703040825543 50.93625491394826 105.7459355412138 15.661436999569029 78.37634291819047 56.998156278506976 47.46655375374679 36.42618633975704 101.22124885070214 34.557970026581884 89.73558158316472 81.44918828777702 87.23640344990154 104.7909063002327 129.4094360449062 64.95828388648107 53.256390884527455 62.029883695037455 85.17023276030692 114.25860755257366 44.64308668729782 25.101781896799704 40.76807397862994 71.33592638665489 104.4530280390458 37.05241011096865 3.9579318976517652 32.45463861333535 66.97608620154281 101.55364538490352 48.572025854156905 31.51151536983149 44.96158927531787 73.78989377386169 106.12816468419078
26.458145380509006 57.270898767409044 56.20705887592689 52.63668825782249 4.016985608443511 23.718195679947907 17.565102499294074 57.67523059843346 65.79573166329405 49.85729227681113 23.73052380519296 37.969964158841044 31.44274840941414 44.53018627570991 18.210066329129607 33.48394948881503 17.173566805023803 23.495493854697386 46.62886770805511 83.35645111781946 18.381472069188167 61.15500006933698 55.31747242042799 57.714877471142444 0.0 65.5243900361178 17.374253691886118 41.37401205590914 33.78319821176772 37.41362851229946 27.001502877432177 30.958528648836143 48.1400894122581 42.43121513572996 21.291572018935824 7.414194370412461 58.07531556682899 22.79600981280851 45.739147913552124 54.570057456133675 115.25985760007062 89.42191810728416 71.4317155011683 67.84884966508827 80.61766991627141 101.26149037008541 70.66252469120539 46.122872488081875 40.69730144960351 59.83348002632347 93.83561023971899 59.64679904497704 26.5558151476893 15.73320675112007 46.74086077373196 94.5442473236544 60.74542477575467 28.917949348205 19.425194776314054 48.09654690294754 103.21996243539022 73.41650210477552 50.20379710378324 45.229150260122154 62.97417844103476
59.35991776222514 18.481169631972953 97.38415738376875 42.99300748841134 64.16741265100522 43.82424348524881 47.96363762076348 17.79793820389362 4.247959490103972 34.05788937214994 48.1927681331159 73.51692416226356 34.989675024630884 53.31235016315983 73.34739665948712 44.050920865902484 52.307167756206546 44.31239654924759 90.4906023362627 35.066327138792275 58.670326310911875 13.354016515303506 94.29618758819801 56.53708538411113 65.5243900361178 0.0 48.269564535605895 24.507890863632912 32.25095035256237 39.287558074998486 48.817332984622674 35.06701041073635 103.70369890244095 56.191684080148725 75.35426545739536 58.98906672891443 9.694455660868918 49.50078982425814 87.25374970305089 22.08546399263549 50.14724751467644 26.621672608345317 36.021139211896944 65.43067695047125 98.28360239797507 43.41991357895932 9.22130962930254 26.069722729199075 60.572952469701725 95.1492981289546 53.474867796975325 32.40932078118275 40.447521013158266 67.94464757161091 99.95890958537818 73.73946475607025 60.038760904072255 64.54906768803494 84.39962468887379 111.69062777853776 98.07641640113171 88.0213194522611 90.94627976961574 105.77997367536227 128.4612149805144
26.415226958030495 41.56212429922806 64.69547540310433 39.70242446127524 15.945585908269694 7.923672059720567 1.4373952237996754 41.8746414809992 48.43680542753448 34.87661364256554 15.636414151138117 42.29252216863372 15.461892087893744 35.399948847654635 29.881352383396376 20.85943781980676 8.60670421844773 8.046073246559933 55.55431856183952 67.02580573014042 19.540544350267833 44.853661943471565 62.90005350024653 47.97282392114806 17.374253691886118 48.269564535605895 0.0 24.006044088857994 17.265116735333475 23.180463947628624 19.935036446698398 14.605536200480632 61.96109535787128 34.667830398461184 32.726011191164 11.800322087837964 40.70106187523355 12.226914596056016 53.61060250382576 37.81334192682163 97.89295009149906 72.73639060286413 58.24882021728856 62.37032383391883 82.35277307377761 84.31807933203146 53.28992325472482 31.063333070192975 38.53417606962141 66.33002421386135 78.89489089812126 44.303646856627495 9.80187765901063 24.983891857832926 59.55809991060474 83.23266323060469 51.57154691852582 28.043065079721565 36.166882243257774 64.99626195325708 96.01726684448704 70.21545356377425 55.09901094538507 59.46754406684696 80.19771374191464
40.56370338697728 23.269550373358417 80.66737282797052 31.169325912973065 39.77751467242421 19.368540911310667 23.865773578682816 23.239145219570965 24.435192868466697 22.187799355362444 27.769149658336577 56.537581712109905 13.514825363494356 35.98357381164737 51.311818621050286 22.602641119451448 27.861628120212 19.87919913631513 72.5639250935653 46.23492887511405 37.51177397722036 24.25059559812486 78.09037961781702 44.11266115849177 41.37401205590914 24.507890863632912 24.006044088857994 0.0 10.688002770561699 19.177269007962455 29.979400861618217 12.86473577928475 82.93176881190021 37.754817403156736 53.70619019488584 35.2421338771704 16.731486424135788 25.53309826374446 69.80784293479631 17.483931601235764 73.88713095620001 50.09454991641312 44.20901959346319 61.59730974158932 89.6037800130117 61.60734693178767 29.341064761101432 17.921518967845774 46.650975106603745 80.16418146578064 61.05976545810858 28.184119371391176 15.976400948292062 45.9455913595175 79.75964216962902 72.51069742854983 48.06045415490751 41.91222777850586 59.98569823797976 88.51414983041893 91.56362114756321 73.5336609057543 69.46411249800502 81.47446001655355 104.14256293223927
29.881382656829828 24.386805442064222 69.98329449349808 39.04699040075826 33.011106486304925 16.29100413401073 16.57476770630852 24.667288116411488 33.18910133581134 30.975600516917925 17.173883301049162 45.86669315641469 2.9132348471385154 40.76098679747372 41.445971558006306 25.53309826374446 23.834816160384367 16.916407702541477 61.88678732000967 56.908024543770985 27.198150786725343 27.601571025837853 67.42445969218787 50.884394557143295 33.78319821176772 32.25095035256237 17.265116735333475 10.688002770561699 0.0 24.093086360950814 19.29641561551304 2.842342521958149 72.67862958828374 41.64074398209405 43.66972211320826 26.916492818650593 26.20076559840984 23.789496521346873 59.12004073425402 28.087533876792413 82.38000968994133 55.66640900480014 42.49530707295863 53.92376185108972 80.02819501868379 71.85453989528281 38.60399626306241 14.570944319509 36.45828542685777 69.57694302816815 71.63629996931431 38.200009454560494 13.474896760705057 36.03825515320854 69.3598565282389 81.8078327268774 54.82396788773389 41.39606459814623 53.06996913201825 79.46086982262351 99.22334285578147 78.29086832652543 69.34268719804521 76.6949566939067 96.69841987139336
48.4201606164136 42.37155681455441 87.71421411023795 16.643610680300892 34.2639617668583 15.263064788194052 24.140750907495356 42.29789509920622 37.43569452030861 12.495108105669344 35.86864186571407 64.74372141379251 25.40181681651881 16.978117127574674 52.76966000622837 5.182056073364752 20.268504748892624 15.146645816905544 78.66897723632424 46.701130869911445 42.427652050912094 42.7447660916869 85.77674514088338 26.947070619201607 37.41362851229946 39.287558074998486 23.180463947628624 19.177269007962455 24.093086360950814 0.0 39.62452252335487 23.998506672758523 84.65460290074934 18.577554012743786 55.70584191762854 34.165631171370855 29.67615537168203 14.888295334506596 76.61210186790309 20.272512756228053 84.06075799602272 65.90883671550064 63.37599709980581 77.99896017719092 102.693413112185 65.77895186020584 40.370579865142545 36.4352648792609 58.48166321521147 88.92419769086482 56.441836184714596 22.339899209418707 14.398438393459877 48.066752192695944 82.51281119452784 60.35484457261043 30.852903170753788 25.611342349425268 52.48642616942541 85.1384393747237 75.48459178164731 54.66488271779878 51.70474102434126 68.94429724151006 96.06277653041874
10.741844017306745 35.14510590621326 50.68798232560927 55.99637690157252 28.647580472783968 25.88154922571656 18.499517095213392 35.72454259020709 50.65647579478669 49.01665305467371 4.303987706405116 26.580393192375684 16.549459256321622 54.32724093183492 25.909823293131588 38.963126294813115 28.381277707877828 26.322103787821003 42.696355290540104 76.15140780912454 11.24572149505441 40.22754869838327 48.141032327398456 66.19703040825543 27.001502877432177 48.817332984622674 19.935036446698398 29.979400861618217 19.29641561551304 39.62452252335487 0.0 17.47738338463118 54.904200318234786 54.06483181321674 27.328178084591986 19.939532355806634 44.543805786630315 32.00364613075504 39.85242628434882 47.36275676320655 98.43520693814581 68.36776259358598 45.317042056672925 42.75441476530928 63.22236950318891 90.44871768068037 56.38701210234278 23.934724582604524 19.002585382145828 50.439833117468346 90.86388435874835 57.04452904627511 25.431495542150927 20.839709572704574 51.15345426081748 99.57565218041954 69.98497095291214 47.70010291055851 45.249546774424836 64.91965154096741 114.70863358551131 90.0602815735915 73.88094321232198 72.11580256862949 85.6606090796156
27.85277460893451 26.959092787519317 68.05295707348506 39.56187099653479 30.24698682826508 14.463495910321688 13.843563463826513 27.269107088063944 35.93739553119723 31.909542742115256 14.9374385596521 44.0269604937639 1.4392866499707808 40.30548846304376 38.77626063996036 24.860497403757265 21.55813499702329 15.08638451568422 59.80129498810109 59.05191996720302 24.69364237773518 30.342836121690492 65.58180804339608 50.93625491394826 30.958528648836143 35.06701041073635 14.605536200480632 12.86473577928475 2.842342521958149 23.998506672758523 17.47738338463118 0.0 70.16137238563596 40.93202603222227 41.0541542097763 24.074462876405036 28.836678507455055 22.0087334025249 57.12085184861982 29.980370550506066 85.1835916168643 58.47501024807155 44.46599982997767 54.12891310012138 79.23048088148971 74.34293755360865 41.301814672422005 16.722935062045917 35.33160553579596 67.91050929810325 73.40744337502858 39.609214495114905 11.999116624231132 33.37543293233154 66.92318016854135 82.71392457267646 54.84965460105606 39.62574508716099 50.266673952246066 76.66877538537193 99.42641014114109 77.61792030827597 67.51471791714621 74.07224704432505 93.8611926860909
44.57600277373997 89.30270471450348 23.96043876348852 100.52773340874529 51.940681130390324 69.7328537158256 61.32575164071137 89.93957632850642 105.38898846317696 96.75570588975731 55.71956692371114 34.1762957415583 69.7668643391589 92.58193454705155 32.10373042408484 81.24095336502984 64.91837529038261 69.71907308117176 20.32249124562975 128.52008581041125 45.48141826422059 94.69479133718723 26.655054927179563 105.7459355412138 48.1400894122581 103.70369890244095 61.96109535787128 82.93176881190021 72.67862958828374 84.65460290074934 54.904200318234786 70.16137238563596 0.0 90.281835263794 29.397237515945147 50.50276846358587 98.83152057994334 70.64009802171171 23.806894416926593 99.11058876582358 153.25856484629503 122.10639936816006 93.41596597700136 70.27017504790872 59.53181649164806 144.50416970711183 111.02807878090293 78.53564605203971 49.02341617092293 32.14929509797144 140.8414896782221 106.26252607107651 71.70758447913198 37.24358856613853 5.200586445531357 142.6634440854068 108.64392770887135 75.1597764240074 43.466368277303665 22.902020996460923 149.76990531712008 117.73929033637467 87.68615235382583 62.52988900381431 50.258507771227315
61.030623281684996 60.92038138868219 97.71256707131778 17.46491753978932 38.48802113509206 28.234556267355565 36.025616338031604 60.830548174894034 53.67627252683224 23.05115354755543 49.88363333851575 76.54701699028523 42.37118083065161 3.798896053213765 60.29154949935856 16.109847697353363 27.549855445056593 27.763459284423785 88.2466130453212 54.06019771751254 53.700030929850456 61.06094016855172 96.34410036941955 15.661436999569029 42.43121513572996 56.191684080148725 34.667830398461184 37.754817403156736 41.64074398209405 18.577554012743786 54.06483181321674 40.93202603222227 90.281835263794 0.0 63.39268039023532 42.39864456723427 46.51212554447235 22.512891953927117 86.82542018672694 34.838302953226005 96.54809297337131 82.59049293273146 81.94859376930536 94.89300158922335 116.9979431850821 74.43477618228876 55.45178520754552 54.809356914776906 72.99336458520015 100.2337143162909 57.95799220899054 30.22446634252162 29.372618496592896 56.62884349756498 89.13890262393355 52.701400298568444 18.362104733078443 17.080700058159863 51.39248842170347 85.93881279908605 61.60759119879967 36.68622420414731 35.93184081089151 60.2590217845933 91.4660407639127
