0.0 44.70017136098364 20.300819192905173 32.38587327865792 16.248718427705796 62.74563384344953 28.692583528137416 4.860147158094732 39.78435072342183 31.016324563475006 7.618911255895908 27.286184276071705 29.74021532538494 68.1082342878531 65.58849351203061 65.86706923598366 70.24137619605192 65.49119461875473 44.8715159063621 21.13098062372359 4.446558668496338 51.068042944995945 30.68688888439743 24.644427460827973 18.849460460362415 57.766034310358634 25.575871352464876 14.862805559079206 18.835359120041584 35.08329036910046 27.191443839656372 20.0171737000935 32.25142023335071 53.17087538856732 33.05631235077561 63.359003374557275 70.78862756837881 19.44408851594072 25.80225641337253 34.106551107107585 111.76289091002289 88.24111205524378 74.0053762138623 74.57780730438287 89.67527394986399 95.75376095878201 67.04371592459145 47.07178129123467 48.28520462295008 69.58437338644435 86.21170834098257 52.67343278838887 22.613522731476174 25.3594424432664 56.29991344420506 85.33505085492325 51.239483319486055 19.072239262839407 22.290533493427535 54.998521522059875 93.36823920477336 63.62272224994452 42.105792898676974 43.50596649050418 66.38873971087132
44.70017136098364 0.0 28.188884181835267 34.75147676544732 46.34457209281163 29.22450693657894 20.97275277918426 48.19329829004993 37.86461345026682 68.8620736471973 51.38871865061775 61.507440378729775 27.32205372217745 45.10215841219052 34.14851331689646 28.74832695182151 39.167430740492556 20.848089208493843 60.48343102888515 58.265863427490515 44.62220706694777 6.4235411990802165 60.62065392478748 35.35849292838104 35.77197404979367 17.98190379171066 23.05690382369116 29.854350540020864 26.78883475668096 70.39509154035969 54.564094684068564 24.816929346204038 47.875643707471085 17.793743078743063 18.55227542246295 19.31025684041935 35.66254735703193 28.672248413183706 18.90792269664432 65.35638486538629 75.5197474757544 46.06626954218332 30.59094852720183 46.30709541527569 75.81374579408798 68.97122599160062 34.41786206726175 2.646265984487976 34.98957698979698 69.54417698177423 73.50869728532226 42.72177552876717 25.3300894181451 43.045540460481895 73.88548893383 87.4224856652 63.59046386191739 53.287913794602034 63.48428929874126 87.26801697686629 107.11857600297625 88.5452032256382 81.24556174669888 88.06903084678738 106.33057737574278
20.300819192905173 28.188884181835267 0.0 15.960161830727447 18.1743361099443 42.46369629827353 21.67396227799501 22.192819951080867 41.394755048890694 50.3398774630446 25.183902911141193 33.478784410285414 10.269263678294195 48.634319176678524 45.30200742879481 45.75157518208768 49.99773855276323 48.67870199131131 55.763091345499326 30.083514305181325 18.412578625204993 34.51474181248972 46.881364695967186 10.590390572351131 8.037294127331196 38.275670637625645 19.642354620651258 9.24698577502394 13.745395160020715 53.691259155843035 41.82044236131284 7.756350318685206 41.55540158094492 33.239924155898954 24.90118435725092 45.13394607302545 50.50763640090232 17.973381198139474 12.413547273688653 37.90245902358981 91.4688370553737 68.64861638987263 58.766516161375 67.74334522009525 90.10884934941492 76.25953327601903 46.74431651977937 30.812036419958375 45.91914415616015 75.25018114101992 69.69091764431896 35.14461415458448 2.8841050584256402 34.29790774740544 68.84205942341765 74.09808162561961 43.162777021838735 25.1071098142263 42.3385241796118 73.14079791434459 87.84409653194955 63.785886992258646 53.061214819293 62.905840049459265 86.56555874857749
32.38587327865792 34.75147676544732 15.960161830727447 0.0 21.212394706038893 36.29527554935826 36.18374225919449 32.17978435674694 56.83280513521583 63.40147454226084 34.35747257853393 32.21413420570297 8.022494188739293 36.58823321915048 37.45166001898806 41.098975240996594 41.26536982020135 52.32186584346449 71.6629689872283 31.92452830389392 28.885714258198977 40.01160221360084 61.707198269597704 7.775733092816511 13.536554760377157 37.17206107508584 34.71836655407091 25.092155568559985 29.594636797657575 67.37562027320077 57.027547910520816 23.298606993289017 57.479755384273794 30.9548326637909 38.57012045149046 46.601274190597344 43.87230959038056 33.87360450222038 26.00893342320431 33.67496867223647 82.6651114599319 65.26062961625854 63.86828120930882 79.33563734526997 104.42177838601859 63.97346985991997 39.28353695011693 37.26418221002385 60.24013485513514 90.90632535503816 54.32088884558056 20.293662732779833 16.363380919950778 50.18507177471917 84.64145750637313 58.37849065094502 29.409589603347065 26.770218373688074 54.43537511682471 87.20447452641932 73.92189369453311 53.87433505687472 52.299584770123666 70.44752753211556 97.90437519088597
16.248718427705796 46.34457209281163 18.1743361099443 21.212394706038893 0.0 56.51889637007957 36.939476509994996 13.514825363494356 53.03699461596245 45.24255968735795 14.565394350706994 15.452850478947397 22.665265324496215 57.67622131447195 58.24426068240868 60.76383934987549 62.29494153354642 66.67946367935582 60.954153106515626 12.0857897914023 11.802561847454227 52.63662762368683 46.738981847566414 14.251872269194068 10.861556124584446 54.82661820162663 34.166224054424355 20.691558367973666 26.788834756681037 49.93114218112536 43.43812249832091 23.62080522320353 47.87564370747112 49.15751794334118 40.90716610872355 62.65344454786602 64.3667000135268 29.66255661359337 29.647044119476636 20.734570062276678 103.82332398025119 84.56672259978238 76.93189558293149 84.14416535842683 103.13439090616501 84.81327890711911 59.98729748859571 48.97414302507819 59.943846679215774 84.75181454347445 72.11007931706465 40.290887370507754 21.016503065581336 40.68017855445748 72.54589018924538 69.27561114322508 35.018324246421486 6.95048445889935 35.56949399184799 69.83496286878345 77.40190863641455 49.06404901903053 34.90468172544936 49.23640077706709 77.62048680105235
62.74563384344953 29.22450693657894 42.46369629827353 36.29527554935826 56.51889637007957 0.0 47.94892441785332 64.47270785239692 66.90449464338018 91.80543552979817 67.30946153592794 68.50005803068136 34.11657615513545 18.781430650226287 5.136908321104755 5.855422172746194 9.9582923731014 29.731645942659817 88.7575542803174 67.97570760789532 60.719781432271056 28.08806320888984 85.93813768873625 42.28541164710458 46.41763347270075 12.669618592727568 49.02444800588378 49.38516341326271 49.514159048996426 94.44825405630095 80.12508861382808 44.48885725982343 75.3982249489529 11.656789287626644 46.756212660609854 21.59495741255629 8.043941545856148 52.937162005598 41.172468314687414 69.4450938063666 49.264162327719724 29.4135929980538 41.20921210248604 70.18601582134582 102.70731432975484 39.76382916594737 5.208170170528981 29.460861627091276 64.05945756712882 98.66174661173179 48.380033484898306 27.92170452488924 40.16783729463185 69.58540326775916 102.30171634987767 68.59526949860582 55.88028339536536 62.727145314763206 84.50785204984744 112.88601758695984 93.1400956367152 83.9996699206737 88.49592110496089 104.88959877157156 128.71225340738476
28.692583528137416 20.97275277918426 21.67396227799501 36.18374225919449 36.939476509994996 47.94892441785332 0.0 33.18048867299018 21.219095862336157 48.3786392644434 36.236334955934 52.0967871740648 28.501004624138787 60.57858901216641 52.35718478701107 48.71691407165082 57.493900041654754 39.80944318201356 40.904757922768795 47.174947100398086 30.35938306088924 26.298787287361517 39.656936046033685 32.20632728659597 29.127152026613107 38.35003030738141 3.117505961393771 16.287891153025363 10.377546013431528 49.58371030616536 33.594831921412165 14.076216260028524 27.468990791153413 36.36857808555334 4.364508219656921 40.0357273250975 55.24617103031567 9.45829932695761 10.227596083959515 57.66582479225409 95.9852655865554 67.0128516605239 46.50903658231271 47.225795906430946 68.5002060813951 86.74858706876824 53.088399359960476 22.500855431543297 24.27031940836721 55.37741302821543 86.15738226334419 52.125757837971584 20.14810827714108 22.128023622359084 54.48122719830492 94.37430021076442 64.70608590594368 43.15170423828656 43.95548449505165 66.30929549334849 109.43251127687242 85.01554288785765 69.81815357488622 70.11612250208016 85.7480654641314
4.860147158094732 48.19329829004993 22.192819951080867 32.17978435674694 13.514825363494356 64.47270785239692 33.18048867299018 0.0 44.61499979730434 31.90824662330411 3.199688406046424 22.73199919570372 30.73658725803565 68.52862355572616 67.0056230409768 67.9265396360437 71.4993212622521 69.03933751915235 48.75579486637528 16.447454718778875 3.7806362409624503 54.603718288756994 33.42599086960817 24.4281852336152 18.917905295181374 60.3331799325311 30.0744778821891 18.450345645313607 23.08741223784136 36.46741678208501 30.57292847606615 23.376664983119195 36.58446385915514 55.426293729559376 37.532425699826526 66.49135116452454 72.50578054342814 24.07884156755329 29.432905126163337 29.673718751473338 113.14926525240845 90.77363987202298 77.92104999828575 79.36161062685045 94.443524503881 96.07230744723877 68.55519244045178 50.641367988849126 53.14216294926532 74.0164738680541 85.11024654421868 52.26786073281172 24.798190616810373 29.880044241047017 59.71205593093248 82.7312957414094 48.335403302598635 14.933472608800841 22.46240125790546 56.40003378334376 89.62170936162983 59.27042228824433 37.26587926463359 40.73498725686397 65.76293216178297
39.78435072342183 37.86461345026682 41.394755048890694 56.83280513521583 53.03699461596245 66.90449464338018 21.219095862336157 44.61499979730434 0.0 44.66229087417498 46.93547077147101 66.7226428750605 49.42521305891928 81.09864302092667 71.66854542285682 66.59082480378385 76.7669162870273 51.077822328925855 23.897881431672282 60.81432350694237 43.239162874118485 40.99823685944287 32.311352631852095 51.90895314755649 47.777421352986295 55.778230180067446 22.154893025802984 33.572828428497075 27.817639475379504 43.39754021287742 27.10251204156717 33.68561262142633 15.681040839459774 55.28112788294687 20.637259165616417 54.24180861521017 73.52716063199858 23.942758342592807 31.30023585230074 73.19521524087006 112.8245442120517 81.13716749057912 53.21585873260177 38.41146696610641 50.137605350683316 106.45908798221564 72.11264849583064 38.23326969307068 10.87124321811433 34.19703387964648 107.30530870536525 73.34482035691589 40.488823048123976 17.148633545154837 36.655902596918594 115.2043531776329 84.38551676332973 58.00519818623145 44.75606913213824 55.10375270842672 128.86534744691247 102.10040255342088 81.47059615726438 72.42358239141785 79.04203911554319
31.016324563475006 68.8620736471973 50.3398774630446 63.40147454226084 45.24255968735795 91.80543552979817 48.3786392644434 31.90824662330411 44.66229087417498 0.0 30.743512958534403 49.148348550279266 60.33746150121068 98.85494220754619 95.17955069926433 94.13591235534393 100.04332873410114 88.15906737175834 31.758021216415543 43.04429346303271 34.70687462335056 74.58201992333605 13.066873489353632 55.65215961281229 49.86549394977482 84.8301408554566 45.90346534440783 42.45617469753422 42.8050873855636 5.5594275951767465 17.561138735099643 47.32337268401994 29.226930037984374 81.24133101959701 51.957702882533304 88.1596179638831 99.7557171470229 40.236571829560425 51.32190472203 56.03631943230031 141.0682472164065 114.72774909213206 93.9115756366811 82.89169595831159 85.54182646600793 126.51265278290575 96.45454103253398 70.6845210522265 55.53305689777528 59.71880074973737 116.97791968050475 83.68520124919776 52.12899633297429 28.74876945324224 36.47453039535892 113.73447469058898 79.13148607558851 44.52985348037766 9.943742781442248 24.69215659050091 117.3055215041448 84.13833076857303 52.846671655832864 30.018683811213844 37.47413404989913
7.618911255895908 51.38871865061775 25.183902911141193 34.35747257853393 14.565394350706994 67.30946153592794 36.236334955934 3.199688406046424 46.93547077147101 30.743512958534403 0.0 21.387084205309566 33.41546567483443 70.86278147397339 69.7368342951695 70.8591445777853 74.16865754109801 72.23546335402115 49.72557166853629 14.925059999846532 6.85901893189613 57.800299917234334 33.51610964209047 26.678720405412513 21.37444185771855 63.397029621020316 33.12387722954321 21.648541030468134 26.2144319694448 35.57074809481736 31.207247947579564 26.572873493645417 38.09096424506045 58.42177162632089 40.59529144254955 69.65086374047777 75.33177325072977 27.047934020453468 32.6324698132705 28.470089333574798 115.83703226080794 93.81638123376293 81.11435171330608 82.17233137707835 96.53898361702984 98.32791899989644 71.31711263280889 53.839417567624956 55.73182793712743 75.55257664534001 86.63111337126355 54.24554575452585 27.83975038302762 31.660183286531122 60.204034310196015 83.23492227070082 48.692735294438044 14.448764227040202 21.009646287336306 55.39763369264742 89.09388368313861 58.06352618415992 34.63900619059771 37.72509961507536 63.57153644659346
27.286184276071705 61.507440378729775 33.478784410285414 32.21413420570297 15.452850478947397 68.50005803068136 52.0967871740648 22.73199919570372 66.7226428750605 49.148348550279266 21.387084205309566 0.0 36.209821089293825 66.18750919356393 69.41874063970735 73.28715641715453 72.8850004927955 81.54501434600583 71.1067209303242 6.495441623601454 23.500850835614568 67.71681310243507 54.351577368880136 27.30718976401438 25.736674568995713 68.54406861225664 49.222847102141294 35.81199056908532 41.79658754589642 54.511403610494 52.50776283612277 39.044699092768234 59.30120404711129 62.56315473534809 56.16552502775157 77.04138522286098 75.99210369159375 44.24081028234394 45.09859485139939 7.129110087849497 113.55989703162057 97.41878677984451 92.08516495386678 99.3157740556065 116.80006905149732 91.92136791627645 71.30877120050857 64.14918171688439 74.43163221930004 96.74601763712508 74.81457770100137 47.52702560753915 36.26629430575636 52.5975175795729 81.31778662333885 65.87156163453203 31.815309483031086 8.956468636126704 39.2820044164052 73.49004380937775 68.37495550813229 36.676962150510846 20.25120236388214 43.241987403327904 75.66025630869981
29.74021532538494 27.32205372217745 10.269263678294195 8.022494188739293 22.665265324496215 34.11657615513545 28.501004624138787 30.73658725803565 49.42521305891928 60.33746150121068 33.41546567483443 36.209821089293825 0.0 38.519974758539554 36.32954935338196 38.14255929761788 40.76554776367365 45.94872142747981 65.51412810327163 34.52752555014202 27.07095242167618 32.92954779348802 57.15040192694783 8.902636871954797 12.301070442193618 32.38509542045119 27.272706792159212 19.36794050307514 22.899091373119404 63.839848199630396 52.06098628282613 16.467646491335504 51.27476189373317 26.55235385298894 30.67734927581588 40.92489404476209 42.079381910511415 27.21001492800312 18.275010870433743 38.936891459796385 82.42623125198733 61.9030184314756 57.137339995557554 71.35936792935456 96.51132057084244 66.1757081698177 37.9380717536932 29.90332425621098 52.38281103008094 83.597533202978 59.67415237292987 25.07169939002339 9.54097336635417 44.139830639107 78.74308565530382 65.87465859229255 37.415352350336455 29.24356141721522 52.01252275481235 83.3682104167861 81.9425314104542 61.26343569557002 56.45026155417762 70.81559773964769 96.11378211885769
68.1082342878531 45.10215841219052 48.634319176678524 36.58823321915048 57.67622131447195 18.781430650226287 60.57858901216641 68.52862355572616 81.09864302092667 98.85494220754619 70.86278147397339 66.18750919356393 38.519974758539554 0.0 14.202685443716772 23.646852104825296 12.439979847315588 48.512897436525634 101.14990368787254 67.46158077075076 65.05434806140411 45.49299049939696 95.20293720087493 44.18597609254296 49.61648182904566 30.9884001796131 60.85518537048358 57.2596407870725 59.25358408745614 102.32346963125714 89.81833963821553 53.22071333157638 87.16442767074943 27.763733817836364 60.46432859323591 40.37628257586122 19.43155816714039 63.27546640916685 51.863578070112155 65.17408231818811 47.5816716011911 41.57708679837523 59.900876777542955 88.5573156097772 120.38066071077992 27.659336659184678 15.602120475792562 46.00722688989317 79.90466314704726 114.22651602344331 29.626666318660515 18.843909694475283 47.194234922432095 80.58751757613118 114.70069515860597 51.01088527571138 45.427393485479655 62.609914180377146 90.39452549944897 121.72573572194274 77.05876942462068 73.27341983081664 84.82148669384263 106.84159113902143 134.27701600002555
65.58849351203061 34.14851331689646 45.30200742879481 37.45166001898806 58.24426068240868 5.136908321104755 52.35718478701107 67.0056230409768 71.66854542285682 95.17955069926433 69.7368342951695 69.41874063970735 36.32954935338196 14.202685443716772 0.0 9.446744055932692 5.1373232633584545 34.50414423134153 93.24293062778419 69.36638521251301 63.293731593135774 33.206655789420196 89.78665286787327 44.00779740862654 48.54881096951636 17.801215517689105 53.27128234649111 52.728253581381935 53.29881577655412 98.01549431875328 84.04874381940688 47.989334004423746 79.73588365561105 16.408605924169528 51.373169441978646 26.38785598344061 6.989745277251398 56.88198410336385 45.10336380435568 69.84210033996528 46.179317127235436 30.242752208169026 45.73352404381267 75.25505173178014 107.84213846893348 34.836717244879715 2.030416713002463 34.48916715674142 69.06328290640619 103.65725143934615 43.61269801660478 26.19688143071792 43.18942793434943 73.75105215476226 106.80800354905219 64.79121693390984 54.41550415800526 64.17934699129395 87.58839108859955 116.70158572407259 90.0053841496737 82.6335530151674 89.16478641111507 107.08470633070515 131.82803063778906
65.86706923598366 28.74832695182151 45.75157518208768 41.098975240996594 60.76383934987549 5.855422172746194 48.71691407165082 67.9265396360437 66.59082480378385 94.13591235534393 70.8591445777853 73.28715641715453 38.14255929761788 23.646852104825296 9.446744055932692 0.0 12.722945844833907 25.3877813587983 89.11533422317444 72.43417190460332 64.15015388174632 26.348369178740583 87.56362067423365 46.63008621624563 50.38083432400799 10.835745809465571 50.129858820241566 51.97778786306246 51.45269502719418 96.49246089458754 81.64365515874235 46.91307825284801 76.13950396659725 12.894737935284075 47.01971795480754 17.377434052897257 7.1130659807859065 54.575590020163425 42.963543204962036 74.54114967318478 47.3518714421648 24.18051639769687 36.359851528907065 66.73997317075151 99.90622112669867 41.47540883577337 8.215671549762533 28.45415469806363 62.82224542146101 97.35750643703821 52.94210933173088 33.76713749237155 43.27129635305101 70.70660139811568 102.57326529540066 74.09527803172749 61.6668710206932 67.1585910125826 87.24981559878482 114.49700827928405 98.90291312422345 89.75018234382509 93.39754482847056 108.56244595223173 131.3133850734122
70.24137619605192 39.167430740492556 49.99773855276323 41.26536982020135 62.29494153354642 9.9582923731014 57.493900041654754 71.4993212622521 76.7669162870273 100.04332873410114 74.16865754109801 72.8850004927955 40.76554776367365 12.439979847315588 5.1373232633584545 12.722945844833907 0.0 38.09898913738849 98.38024664348663 73.16379626984701 67.81616443315006 37.95607760779897 94.81964609299233 48.12266083529185 52.876367905333545 22.373211750015813 58.396273279436606 57.61654000269648 58.33106684169064 102.95314498101655 89.10398377755271 52.940596309939345 84.86703750224348 21.487998518556605 56.50035755716968 30.099509703813446 7.115092555138563 61.9525659437808 50.17828834697785 72.91226591881473 41.67216667367045 29.3929179740218 48.84829205320781 79.39272953799602 112.31693205978513 29.808001065363314 4.865241524726461 39.416730297091426 74.01716749627461 108.61978616102861 40.620303509098825 27.89582872919423 47.97066823028055 78.86084140345788 111.94516134750887 63.41137521352833 55.92334562521249 68.0340499478675 92.32895864647372 121.71866964796386 89.45033411539272 84.0908220939241 92.38985919929584 111.33382881520461 136.56233896106392
65.49119461875473 20.848089208493843 48.67870199131131 52.32186584346449 66.67946367935582 29.731645942659817 39.80944318201356 69.03933751915235 51.077822328925855 88.15906737175834 72.23546335402115 81.54501434600583 45.94872142747981 48.512897436525634 34.50414423134153 25.3877813587983 38.09898913738849 0.0 74.95538698925098 78.7113587763482 65.46958850498379 14.436740975666428 78.72095813131403 54.62756755963803 55.91093300535007 18.39281660627804 42.44813319843912 50.67222813129381 47.24668880702621 89.10206879218926 72.65419656245922 45.66271005244002 64.18873915678094 24.001646325067778 36.24595093715541 8.136727709586992 31.766823026665158 48.56614228227688 39.691231391417936 84.83299350477192 64.12127857280159 30.527739861079837 12.132586554816909 41.92026517426805 75.90961617808074 65.62954577561793 33.553610173809076 18.420115871553737 44.13167816701411 77.14115505323751 78.09015454017069 53.85382827541769 45.795318664222066 60.737150174728846 87.6105325782868 97.3855274321546 79.0886302060049 73.62628773412635 83.55475693848632 104.578740243199 120.26907348837847 105.7827129424363 101.53800634629746 108.74099119221148 125.43481036974156
44.8715159063621 60.48343102888515 55.763091345499326 71.6629689872283 60.954153106515626 88.7575542803174 40.904757922768795 48.75579486637528 23.897881431672282 31.758021216415543 49.72557166853629 71.1067209303242 65.51412810327163 101.14990368787254 93.24293062778419 89.11533422317444 98.38024664348663 74.95538698925098 0.0 64.62638047541164 49.269244901866635 64.32093675278142 19.421520663373926 65.09978242999328 59.77028031050798 78.44398807963549 40.31294794290244 46.57112336682468 42.68290404841285 27.90362715277881 18.84451047615324 49.09586154211714 14.239545737799434 77.12237469454605 42.104521588948955 77.83266448957255 95.85360540407417 38.41055629624785 49.33085555006645 78.19546670230531 135.96208151941894 104.87253439824723 76.84796613374505 56.63719535023804 53.8955885698105 127.62915508601336 93.9253443825502 61.23382834250063 32.74195285667786 28.095044898872402 125.14437570622886 90.55198717355049 55.97378189380379 21.47837065883614 13.580530956933691 128.8466698039267 95.55815256011628 63.68746432142339 37.089919027068 33.01616977185614 138.23963200397935 107.78223902868208 80.73793989718943 61.76574719305764 59.21307975616765
21.13098062372359 58.265863427490515 30.083514305181325 31.92452830389392 12.0857897914023 67.97570760789532 47.174947100398086 16.447454718778875 60.81432350694237 43.04429346303271 14.925059999846532 6.495441623601454 34.52752555014202 67.46158077075076 69.36638521251301 72.43417190460332 73.16379626984701 78.7113587763482 64.62638047541164 0.0 17.623918934120223 64.59798472898888 47.88809723077095 25.815071365323472 22.946499795068714 66.82818586254191 44.206898580154814 31.01530058548229 36.801179944462106 48.33832480632725 46.013198500654056 34.76063779433372 52.93373723659251 61.077853995141155 51.361183669807716 74.73900112072643 75.70093121966167 38.888848172448334 40.960819744048834 13.620853922346242 114.37886971170515 96.37776821775859 88.8229812078878 94.26064497300537 110.79402423111938 93.92171759075761 71.1798964629461 60.88224625667192 68.85854908811707 90.3943210579139 78.43225037728459 49.20800347615275 32.9555829377223 46.320043409881784 74.83218244894147 71.22966391805899 36.788255080220125 5.285861857419474 33.12640779002731 67.53985034280673 74.74952852941715 43.15649680559347 23.072027146647926 39.96245332659048 71.10921834822113
4.446558668496338 44.62220706694777 18.412578625204993 28.885714258198977 11.802561847454227 60.719781432271056 30.35938306088924 3.7806362409624503 43.239162874118485 34.70687462335056 6.85901893189613 23.500850835614568 27.07095242167618 65.05434806140411 63.293731593135774 64.15015388174632 67.81616443315006 65.46958850498379 49.269244901866635 17.623918934120223 0.0 51.04096299447971 35.05285684812877 21.110303015989743 15.459291811221364 56.563802680824544 27.286822870910164 15.054611102285987 20.086974239674298 39.013381318848694 31.636107930357625 19.830702510079693 36.487690571976714 51.64571897329812 34.67507316496094 62.80067012803359 68.75559781410608 21.557939380261626 25.9662214821795 30.142959810581736 109.45161750817296 86.99892668557673 74.51656106092997 77.01539106558845 93.29936232343597 92.64187670165856 64.8296685809659 47.09636796470187 51.264638505066195 73.70801710070282 82.2985394296536 49.09218772424786 21.021045722105388 29.471579453260077 60.74629035738288 80.94045285531567 46.80157081172244 14.975633005634407 25.55395407537783 58.96263210998588 88.98006489865512 59.53092421619328 39.56306439830956 44.51255249446352 69.22661867288451
51.068042944995945 6.4235411990802165 34.51474181248972 40.01160221360084 52.63662762368683 28.08806320888984 26.298787287361517 54.603718288756994 40.99823685944287 74.58201992333605 57.800299917234334 67.71681310243507 32.92954779348802 45.49299049939696 33.206655789420196 26.348369178740583 37.95607760779897 14.436740975666428 64.32093675278142 64.59798472898888 51.04096299447971 0.0 65.84797216737826 41.258827080392855 41.98693687322867 15.661335234652007 28.679077866598636 36.238946198699786 32.96533130126148 75.88228062688444 59.769393251807415 31.227446857852332 52.34073766663829 17.758327164830007 23.26436808934027 13.820239712871365 33.45509713925356 34.570356999695115 25.26579180906274 71.39004999875645 71.82642308415672 40.98262748580968 24.391786017340674 43.64843023081315 74.90163192471589 67.59700097716383 33.095480889882026 4.015137094852329 36.49364263516695 71.00918768728266 74.65244587563608 45.71352796592831 31.64333065080917 48.038618653951296 77.51743133869223 90.38737251390123 68.28444997802019 59.58556641338119 69.51904745276732 92.25042444199737 111.17497227991012 93.88440647542087 87.5408064874854 94.37800340577344 112.00770489808825
30.68688888439743 60.62065392478748 46.881364695967186 61.707198269597704 46.738981847566414 85.93813768873625 39.656936046033685 33.42599086960817 32.311352631852095 13.066873489353632 33.51610964209047 54.351577368880136 57.15040192694783 95.20293720087493 89.78665286787327 87.56362067423365 94.81964609299233 78.72095813131403 19.421520663373926 47.88809723077095 35.05285684812877 65.84797216737826 0.0 54.28856409047084 48.51284929084254 77.61925816441821 37.68777942375498 37.96236659622461 36.48918863377118 11.093413715528403 6.080770554809865 42.09652107789398 16.64462803814655 74.79453024854855 42.64136529816151 79.64376983714925 93.67270095292595 33.022887969350705 44.76661092575491 61.473878174629014 134.89238711305597 106.66946080220121 83.39995184093489 70.196085381404 72.76117905258108 122.6473057207126 90.85034167328651 62.12912370960963 43.14037429524995 47.5076438802502 116.02330592429645 81.77634865237277 48.04357885680226 17.995841995706314 27.09918408888075 115.98786395667247 81.72651892786213 47.95950325862716 17.772303048127313 26.95266785678975 122.54669834539058 90.71572709647138 61.933948117087276 42.86147030833812 47.25693881504104
24.644427460827973 35.35849292838104 10.590390572351131 7.775733092816511 14.251872269194068 42.28541164710458 32.20632728659597 24.4281852336152 51.90895314755649 55.65215961281229 26.678720405412513 27.30718976401438 8.902636871954797 44.18597609254296 44.00779740862654 46.63008621624563 48.12266083529185 54.62756755963803 65.09978242999328 25.815071365323472 21.110303015989743 41.258827080392855 54.28856409047084 0.0 5.82704112723904 41.26643978232385 30.232156226104376 18.852669352295926 24.129780365565438 59.681870994287245 49.79536381704952 18.344007490466296 51.04008677782797 35.367361202278126 35.25177320482196 49.792713073677085 50.11679579151804 28.2299641573643 22.56358985877486 30.209381491095765 89.72362405675318 70.56779758540074 65.60541350528331 77.60861672436418 100.68215025837137 71.665385330092 45.74028435066858 37.990091297564256 56.472539589042626 85.6146931579457 61.78607639484267 28.03339559541972 12.209671396369009 43.670741432608274 77.84628452007364 63.99358831621196 32.57271642844184 20.53367399961644 46.65971584582981 79.54541973036325 77.25860422662097 54.01379095859512 47.5489058892923 63.2385834754033 90.17843189531602
18.849460460362415 35.77197404979367 8.037294127331196 13.536554760377157 10.861556124584446 46.41763347270075 29.127152026613107 18.917905295181374 47.777421352986295 49.86549394977482 21.37444185771855 25.736674568995713 12.301070442193618 49.61648182904566 48.54881096951636 50.38083432400799 52.876367905333545 55.91093300535007 59.77028031050798 22.946499795068714 15.459291811221364 41.98693687322867 48.51284929084254 5.82704112723904 0.0 44.05177880910981 26.786236111356192 14.233151837747902 20.03222371650912 53.861366017082545 44.1054076718383 15.0635316070135 45.826765448841066 38.49089485388959 32.625975733818805 51.79260094298623 54.375645028992416 23.851798213238578 20.369707670480903 29.898095504805806 94.54655364402025 73.98126244671423 66.34886194849001 75.66956900118691 97.18211648743784 77.18641567998534 50.19262013228095 38.41459301011185 53.168489606046805 81.07355369000247 67.60155450855055 33.82708293782664 10.650127104536345 38.43736689439917 72.3622100225655 69.10725225814758 36.718160022716376 17.76182870237428 40.958395536561014 73.71937393659016 81.08796108588744 55.956613840713096 45.62720014846276 58.543605253661404 84.66214974888734
57.766034310358634 17.98190379171066 38.275670637625645 37.17206107508584 54.82661820162663 12.669618592727568 38.35003030738141 60.3331799325311 55.778230180067446 84.8301408554566 63.397029621020316 68.54406861225664 32.38509542045119 30.9884001796131 17.801215517689105 10.835745809465571 22.373211750015813 18.39281660627804 78.44398807963549 66.82818586254191 56.563802680824544 15.661335234652007 77.61925816441821 41.26643978232385 44.05177880910981 0.0 39.977748506010805 43.318872463567736 42.02680601273983 86.88850331158967 71.63375880915687 38.126723835451756 65.64932955931994 6.332474006905108 36.40307000609137 10.66500545941772 17.883037852399255 44.82064767780998 33.515533575164135 70.75788377084285 57.66761320693182 30.476181136199944 30.444764339559658 57.6178079253202 90.04211214558708 51.937831264679865 17.50849024633033 17.61846706105473 52.049282119018976 86.61812393069407 60.57704687558064 35.632353331659516 35.56101773520844 60.45115998392415 91.86367555578605 79.00391780445244 61.790732408334094 61.55774274614979 78.45637176036513 104.4807845651531 102.04662084949409 89.17225683389144 88.795126793778 101.05524373984927 122.20660628789527
25.575871352464876 23.05690382369116 19.642354620651258 34.71836655407091 34.166224054424355 49.02444800588378 3.117505961393771 30.0744778821891 22.154893025802984 45.90346534440783 33.12387722954321 49.222847102141294 27.272706792159212 60.85518537048358 53.27128234649111 50.129858820241566 58.396273279436606 42.44813319843912 40.31294794290244 44.206898580154814 27.286822870910164 28.679077866598636 37.68777942375498 30.232156226104376 26.786236111356192 39.977748506010805 0.0 13.474701295371183 7.427719414650185 47.33822157907137 31.672571196254243 11.900775507557904 26.50340883633741 37.562704857293106 7.482013233843738 42.295953237913935 56.498420286983794 6.394068011288645 9.330899361103143 54.900639251613846 97.47274248268873 69.10746938277258 49.45261074141459 50.100805203443045 70.49420006736752 87.38136373237633 54.10684822104969 24.788036702215077 26.385411599839955 56.327440645194564 85.76534634434164 51.48120124077254 18.433294594502176 20.593966078580728 53.88218025382504 93.06732648239517 62.80244749570185 40.269036311274384 41.156662658152456 64.50561369823602 107.48453780373102 82.51652400354789 66.78173215179918 67.12223860603926 83.34123968639652
14.862805559079206 29.854350540020864 9.24698577502394 25.092155568559985 20.691558367973666 49.38516341326271 16.287891153025363 18.450345645313607 33.572828428497075 42.45617469753422 21.648541030468134 35.81199056908532 19.36794050307514 57.2596407870725 52.728253581381935 51.97778786306246 57.61654000269648 50.67222813129381 46.57112336682468 31.01530058548229 15.054611102285987 36.238946198699786 37.96236659622461 18.852669352295926 14.233151837747902 43.318872463567736 13.474701295371183 0.0 6.131227622427985 45.38039432612706 32.731559981577675 5.217818265140462 32.393093995260024 39.12177311524225 20.377104792501285 48.5249354223711 57.36766089343074 9.630815161760857 10.99659313080644 41.42593798974765 98.64586705010785 73.73737460686642 59.482607468109926 63.51336567375299 83.21358962087348 84.77241964486457 53.99939580381081 32.25433622574855 39.49158780486674 66.88545920481687 78.93080049971161 44.36697549532672 10.081667442825854 25.093939089007076 59.603907559213944 82.83831353599692 50.93855202399611 26.87244053850469 35.27551734983017 64.50921076595215 95.30305211568917 69.24464971392096 53.86808533262263 58.33968678173407 79.37296027549723
18.835359120041584 26.78883475668096 13.745395160020715 29.594636797657575 26.788834756681037 49.514159048996426 10.377546013431528 23.08741223784136 27.817639475379504 42.8050873855636 26.2144319694448 41.79658754589642 22.899091373119404 59.25358408745614 53.29881577655412 51.45269502719418 58.33106684169064 47.24668880702621 42.68290404841285 36.801179944462106 20.086974239674298 32.96533130126148 36.48918863377118 24.129780365565438 20.03222371650912 42.02680601273983 7.427719414650185 6.131227622427985 0.0 45.042063142348006 30.805816801093787 6.432150484887673 28.452263923146457 38.5802904464682 14.625505576369259 45.98488767734584 57.3296883315464 4.313161168036372 8.519124782739103 47.51687264320964 98.63620847220959 72.07246954637554 55.26823769466993 57.52836967138258 77.19615614711418 86.43641222913546 54.38141457124022 28.95279882471811 33.37712220014123 61.51943945184711 82.46356467623674 47.87995184890554 13.401283675306948 21.4837925979458 56.021126459486624 87.84132532790646 56.56795596003586 32.842130793634745 36.77110518385921 63.407093495740114 101.08797042691792 75.36323854312047 59.457936815031374 61.527744523946886 80.19269923912178
35.08329036910046 70.39509154035969 53.691259155843035 67.37562027320077 49.93114218112536 94.44825405630095 49.58371030616536 36.46741678208501 43.39754021287742 5.5594275951767465 35.57074809481736 54.511403610494 63.839848199630396 102.32346963125714 98.01549431875328 96.49246089458754 102.95314498101655 89.10206879218926 27.90362715277881 48.33832480632725 39.013381318848694 75.88228062688444 11.093413715528403 59.681870994287245 53.861366017082545 86.88850331158967 47.33822157907137 45.38039432612706 45.042063142348006 0.0 16.779313911924188 50.02657898035954 27.721395902372212 83.62224747842504 52.87335594086869 89.60020530982878 102.32640237064412 42.07167111870032 53.531868648953576 61.443221515515994 143.65076761277703 116.43464476998982 94.19787564859524 81.14297790613561 81.79153847328311 129.9493105999173 99.21083416185444 72.06633819095454 54.213704755520084 55.49320377731083 121.28127731232469 87.66496306510166 55.28097269276495 28.664765915719347 31.339979880311912 118.7545483802089 84.16780359226932 49.60493708979762 15.229400099953995 19.951784198813083 122.74910080383083 89.6662949957796 58.3745065609476 34.20464037069973 36.430312634450125
27.191443839656372 54.564094684068564 41.82044236131284 57.027547910520816 43.43812249832091 80.12508861382808 33.594831921412165 30.57292847606615 27.10251204156717 17.561138735099643 31.207247947579564 52.50776283612277 52.06098628282613 89.81833963821553 84.04874381940688 81.64365515874235 89.10398377755271 72.65419656245922 18.84451047615324 46.013198500654056 31.636107930357625 59.769393251807415 6.080770554809865 49.79536381704952 44.1054076718383 71.63375880915687 31.672571196254243 32.731559981577675 30.805816801093787 16.779313911924188 0.0 36.60866176865689 11.763659242309307 68.91050430414411 36.56069588259236 73.56748672231909 87.81466203735958 27.18897826957519 38.96432071019739 59.624798212727235 128.9880436944826 100.60399113922216 77.45438783891085 65.36033129181322 70.28182672481218 117.16433439645091 85.073462771264 56.05652481170414 37.97368791520066 46.22223564583267 111.317349739026 76.90156467515047 42.790203757487056 11.95847052750024 29.152377068878256 112.38418639368001 78.42390547312378 45.44513818065143 19.36647245705115 32.85890995266319 120.18080778081874 89.14513649676442 62.00885091014586 46.2401692364663 53.160345570520086
20.0171737000935 24.816929346204038 7.756350318685206 23.298606993289017 23.62080522320353 44.48885725982343 14.076216260028524 23.376664983119195 33.68561262142633 47.32337268401994 26.572873493645417 39.044699092768234 16.467646491335504 53.22071333157638 47.989334004423746 46.91307825284801 52.940596309939345 45.66271005244002 49.09586154211714 34.76063779433372 19.830702510079693 31.227446857852332 42.09652107789398 18.344007490466296 15.0635316070135 38.126723835451756 11.900775507557904 5.217818265140462 6.432150484887673 50.02657898035954 36.60866176865689 0.0 34.85957473505777 34.03388503697028 17.606628277373666 43.34262717546774 52.43238894284509 10.742377495069746 6.250734625343403 44.157131808788144 93.74750190582117 68.52963107262495 54.761510382511645 60.795823605105326 82.39076270978047 80.56806217576197 49.19383716583927 27.270777740074653 38.2386944511967 67.64274476507116 76.0488325639469 41.45778472556622 6.994659709185836 27.820082397934584 62.400665660654695 81.64111379544715 50.91653425535373 30.241574635887023 40.39120683622843 68.8707755157692 95.58609626053124 71.00155021570504 57.79730290790763 63.518706461929874 84.40091038665527
32.25142023335071 47.875643707471085 41.55540158094492 57.479755384273794 47.87564370747112 75.3982249489529 27.468990791153413 36.58446385915514 15.681040839459774 29.226930037984374 38.09096424506045 59.30120404711129 51.27476189373317 87.16442767074943 79.73588365561105 76.13950396659725 84.86703750224348 64.18873915678094 14.239545737799434 52.93373723659251 36.487690571976714 52.34073766663829 16.64462803814655 51.04008677782797 45.826765448841066 65.64932955931994 26.50340883633741 32.393093995260024 28.452263923146457 27.721395902372212 11.763659242309307 34.85957473505777 0.0 63.8356720462282 29.324614363197917 66.1058509869577 82.7120947360201 24.19240100050315 35.30086051320611 66.25611787334813 123.31602255241118 93.29120883652021 67.78242199713694 53.669942027664845 59.67635615117886 113.8704249382103 80.52008993370349 48.94218740691729 26.495889338741968 37.464225791763724 110.90831732098562 76.31375405299036 41.73460903016908 7.390564978313589 27.610100272444985 114.93225457212012 82.00122031835073 51.32069862272742 30.631112647308814 40.4666899888265 125.27061272043086 95.83666467100295 71.21373296937082 57.904359235658966 63.47616451502238
53.17087538856732 17.793743078743063 33.239924155898954 30.9548326637909 49.15751794334118 11.656789287626644 36.36857808555334 55.426293729559376 55.28112788294687 81.24133101959701 58.42177162632089 62.56315473534809 26.55235385298894 27.763733817836364 16.408605924169528 12.894737935284075 21.487998518556605 24.001646325067778 77.12237469454605 61.077853995141155 51.64571897329812 17.758327164830007 74.79453024854855 35.367361202278126 38.49089485388959 6.332474006905108 37.562704857293106 39.12177311524225 38.5802904464682 83.62224747842504 68.91050430414411 34.03388503697028 63.8356720462282 0.0 35.100367895462014 16.718641209142998 18.938482923754414 41.7775028361774 30.109072932257067 64.59572325219548 60.10403591173887 35.51986475527368 36.13393857363018 61.192297772685734 92.6184007708108 51.24348873868717 16.855775584263842 18.362826806645426 52.774272628461844 87.33789841723505 56.91798420153027 29.870470561679852 30.654125266463303 58.15451898509269 90.65904841156878 73.84947853272804 55.55186325377472 55.794918128110666 74.39714788491983 101.74280162800753 96.27063146181644 82.85701607641083 82.80858109803465 96.14552747380726 118.42883584369048
