0.0 59.65496813000976 20.487387563702658 55.65899969163965 64.980121854903 75.13976516117063 19.288836350195808 39.11950020725803 17.754197073595332 24.505017488301558 32.11781461516381 35.56402590586631 33.16893301813702 42.13598856357656 71.60108566652858 57.642559521254775 27.094718176543395 62.733546424576765 32.0150166911684 15.525596782744428 15.968005624070893 37.24593844185135 8.289763397583869 47.934889725152914 66.19838794218424 76.46510218043746 24.992854271609264 56.81028660538079 16.467811981254375 20.974813558287753 22.668167492911646 53.07404169033808 59.07186161583544 56.17727033877125 66.7008888433171 49.88536660456415 61.064283846186854 60.869096770884624 24.661695398522024 59.63063194675656 66.26911395384546 40.56382470119049 35.97338166911111 57.77176133089255 88.18106672989359 57.1256577949062 22.967970638370108 13.659001819426805 47.33352664736895 81.78759635637998 61.09824786857983 31.509854009921593 25.44780085059191 51.93414000306623 84.50777413179102 76.161236847495 55.14913327886412 51.74093561685509 68.61214578784092 95.56638160842283 97.29253350570052 81.68891218720944 79.21523399940881 90.9492267486983 112.53090250134866
59.65496813000976 0.0 66.19420496031078 9.910121257120556 14.48219780680741 21.957694446084684 42.12355421551982 34.705168867264106 41.99879094428095 74.27421056860422 29.819205411986843 24.187412345962603 28.42915551220501 41.553460543411404 60.134558368615934 6.233934432430915 50.518169612304256 12.524744989563565 89.41750544716069 54.1915799116067 43.858591305838736 28.30609744742697 62.70233608013974 21.05574707561041 28.725224399693932 28.53259897410928 43.67507022952814 10.62312837196043 44.71547034845 44.38483560003773 37.05229808979716 7.5248259764179135 19.41934985528835 26.440261189785765 61.53060506036337 11.289482664001298 11.42094171406803 2.4775310343190924 84.05459034509744 8.798849098150471 125.86986468541426 97.10485700387481 73.55449933248694 61.53012427887676 67.50132383950972 114.64437138726906 82.18448861509248 52.53647016499454 34.069098565623555 44.228480737008326 109.62926862428081 75.09912014515702 40.69438390065714 8.187896100592361 29.544951025301863 111.66477196364671 78.01397573076076 45.805945540051454 22.47296176639724 36.1486998476131 120.39368890779782 89.96205965447912 63.92582009276496 49.74590659030505 57.07544499970409
20.487387563702658 66.19420496031078 0.0 59.46674294267442 67.12948870894972 85.21269180013257 34.44211142868799 55.19537683709023 28.13045864100456 8.136727709586937 44.691362392022256 44.63162970951319 45.24657981226923 59.879491045032935 90.34806569823573 62.41755486432791 46.63855847284879 72.6056336725071 42.815225113924306 12.42938959914912 26.474623305920378 38.71606110698935 12.346591148976238 60.40963286917979 63.59393206808896 88.27674675917442 42.73105815816141 60.19223717810469 23.510793915166264 38.352929554462555 32.11996276274991 58.78396495349475 59.304660853162105 70.12604402179835 85.98239235430063 55.089548895873584 63.97407440900205 68.00070636614204 32.18210082953322 63.40082567037688 64.86010674774118 32.03689919210119 15.51588701649569 43.01131208823013 76.51178708348378 64.71593414500741 31.74670283668428 14.913245405619275 42.799618863629206 76.39411364741169 75.92505293533291 50.69357298615394 42.06998070500538 58.006451940741 85.75799620016583 94.53109541217745 75.57928960741333 69.87910252453788 80.30384708609736 102.02492674668038 117.05773786493202 102.15108964457094 97.78467684331348 105.27823956071674 122.47383072198282
55.65899969163965 9.910121257120556 59.46674294267442 0.0 9.977483158779563 31.77263672042865 40.008042795450145 37.78222544388234 37.9675089925007 67.60317220978416 29.401283431285897 22.050504540438006 27.990658023709138 45.406818276437235 67.52839867246934 3.7833995998554704 51.25198213982804 22.10696554853857 86.7072812829794 47.99778166295357 39.70236487357626 20.769249575222556 57.52508526770645 26.03597446573459 20.53119004071994 38.4354068846251 43.675070229528146 1.551551835969765 39.72301359896429 43.39417578660367 33.172538707227076 5.660524298632307 10.366093363807067 33.81498576773458 68.14926408556204 6.431705376467313 5.690452784629573 12.387649411283267 80.31854757360371 4.012263922094185 121.22100688290985 91.0561704325268 65.44251271296756 51.66257253371204 58.737747373414955 112.06754030904656 78.58412083760516 46.76150029603331 24.34451021694013 37.32982522451035 109.53950783056709 74.96923362081007 40.45642478352236 6.921901869797279 29.22254690110495 114.07837305698517 81.40039273981652 51.31283854229347 32.168705030157355 42.79577655161523 124.91593029766186 95.87658749444223 71.94050100662965 59.6098700836046 65.77250800739341
64.980121854903 14.48219780680741 67.12948870894972 9.977483158779563 0.0 32.77907305471913 49.888465834953415 47.18496301409817 47.42718869269637 75.235486564499 39.36263612205941 32.014808826053475 37.94895339579188 54.593471866253324 74.61349796893657 10.210271738331059 61.17855966234414 26.434667190919065 96.32811618635847 56.226826785630756 49.09975195561327 28.725701980796206 66.28900839487228 34.555704223169364 15.237986845893913 40.602682508532915 53.64109907217885 8.535679176943654 48.77671992923685 53.36250692930411 42.73713106137388 14.871161012221846 9.097784020586934 40.88375121753924 75.89867772670468 16.40683768965619 4.312358804055034 16.367241559804587 89.62503118227497 6.862788030045511 130.00596428004604 99.04398634022871 71.50297799876118 53.01362700566145 53.87965838900428 121.68472529662085 87.94656499987974 55.28895234316094 27.820536277575922 29.764748583085566 119.51426757531067 84.946463470412 50.42813855706428 16.277182209577607 19.538427858943397 123.81859373979428 90.84960751348116 59.75861670525616 35.82411774428767 37.289095064173736 133.97486421433604 104.15271055988876 78.36513379240422 61.88041270462948 62.54647044520564
75.13976516117063 21.957694446084684 85.21269180013257 31.77263672042865 32.77907305471913 0.0 56.04911753128194 40.780132224786065 58.56244308302229 93.07707199209655 43.04563467269982 40.72614156762772 41.97083495112223 44.51803188592246 50.595791142502215 28.000712582850028 58.77390175711724 12.627367562828976 101.74754339201537 72.84340469185143 60.44876651905277 49.19349036957472 79.75725528398432 27.80204928264073 48.00629608498204 8.437086854832181 54.04669745777041 32.25638700405138 62.302972387485895 56.33401187747879 53.83679890321897 28.952184786174808 40.26501371582917 23.871947201224707 54.39460245026273 32.542257111415786 31.62030038469059 19.518206617003816 98.27702468062016 29.70118252179334 140.87438606554556 114.69981377187642 94.13406098410161 83.43329748499747 86.34655961538505 126.15383469506284 96.23614771831697 70.73045134409521 56.02670675505715 60.580372202515086 116.43655878646618 83.22114066758968 51.854447756322614 29.10066523215696 37.411938586614326 113.02112437525292 78.41726911612635 43.81342319596072 9.209691884033573 25.394393337551687 116.46347914909141 83.25845510064823 51.91375600455171 29.205224299785975 37.492553096876456
19.288836350195808 42.12355421551982 34.44211142868799 40.008042795450145 49.888465834953415 56.04911753128194 0.0 20.8146154972495 8.309852972764252 40.94260280277204 13.043622123351081 18.173327991434657 14.230092291880696 25.672561433897123 56.447463249967676 41.22732093847023 16.46587923115031 43.7904928454625 47.293995048409805 23.16792998459799 9.019776658657424 26.164848092303785 25.28289484720367 28.65892199417965 54.63970029646202 57.17872017392876 9.46415923030983 41.3730795771879 13.012633655334014 5.646173878225118 9.28765402471057 36.34290274445062 45.79500902663722 37.03458110419962 52.726568314095914 33.714931187190274 45.676475740652364 42.99835034616601 42.43830768347216 43.74986030635492 84.89661952166647 59.70064032089925 48.12178078226165 58.83922160905015 83.68519042172086 72.54467331636286 40.463829015926756 20.16828478674797 39.636402264868956 71.62524330379571 70.07420468140678 35.89181027755799 7.804047034620171 35.04907241427762 69.21578595909108 78.42480313824917 50.16859802144844 35.7513075626485 49.33814997123671 77.36394106809016 94.77776909660483 72.96060284200871 63.705951322025705 72.03069842955188 93.34435930143289
39.11950020725803 34.705168867264106 55.19537683709023 37.78222544388234 47.18496301409817 40.780132224786065 20.8146154972495 0.0 27.599087332442444 61.74963380400204 13.450922733950083 20.23806087010285 14.037715782225881 8.005656009987105 37.2931304559022 37.00901378351985 18.005179061565613 30.395908228285332 61.588027741204066 43.544930847832454 28.991742092346453 35.1859631641186 45.90390273792297 14.239809915231799 57.2249322944977 39.65675757725885 14.576218868261163 39.33290206674528 32.58937058471857 18.177261593148394 25.091379473405773 32.3664097511816 46.96049232823157 18.125507511396478 34.970763231362824 31.81209044251024 42.9888729725176 34.34626060333326 59.46272987076749 40.322213971071086 101.97339489847808 79.62247944216634 68.3788603920373 73.52796214095056 92.3678365889584 85.5413394521434 57.330550228483176 40.633557014117706 49.09381482564233 74.5931772001192 76.32768410053706 42.53336272076329 13.67881590760447 30.98361730161361 64.24726105982916 76.97039924391738 43.665877498135224 16.84710458004087 32.492931308079996 64.98158057809702 87.25191184397491 59.83019413328825 44.059336978440236 51.9385719469725 76.47759392450607
17.754197073595332 41.99879094428095 28.13045864100456 37.9675089925007 47.42718869269637 58.56244308302229 8.309852972764252 27.599087332442444 0.0 35.35950870990456 16.600031963827863 18.129555652584912 17.255029123290463 33.3605425455446 64.18153314494054 39.890371294519724 24.58948974627929 45.98055678993745 48.955439918427444 16.04558623911239 1.8946555639663034 20.77825649493801 21.200051302588765 32.504623462120946 49.981043448619204 60.790519096001574 17.76625208432305 39.15566221832406 5.004456141411339 13.861298171894934 4.946548433830068 35.32707683350204 42.04076906913609 42.01416166489904 60.74058451886867 32.13452749125688 43.43475019802267 43.30688874459134 42.37838381140753 41.92117090047504 83.87232118428253 56.13740722530466 40.78078927661675 50.69081882793587 76.62158643593241 74.2921576334308 40.621242222366966 13.25508313767186 33.1083133634354 66.41893460463156 74.79929859002452 41.53313350358666 15.808766713397238 34.20062643786228 66.96490431424441 85.21380809204098 58.10466220989143 43.42497129891798 52.82160708881989 78.03418417334616 102.56024315993851 81.26156781839138 71.2954150307236 77.18409731815 96.05461168881452
24.505017488301558 74.27421056860422 8.136727709586937 67.60317220978416 75.235486564499 93.07707199209655 40.94260280277204 61.74963380400204 35.35950870990456 0.0 51.95379476877705 52.40209939369455 52.60394691045839 65.86213680913178 95.89419673095574 70.5459908268159 51.55238487548492 80.4558104895032 39.99477394610677 20.24424051405381 33.60180900188375 46.85250629148893 16.395392624375187 67.83899174176426 71.36489037665667 95.92913327122999 48.5816011619639 68.3282831223694 31.000093828526676 44.27703818831331 39.62746484977522 66.88190737136759 67.3434015609777 77.32456255484013 91.15371211177617 63.19661923933911 72.10276495358214 76.05529285617031 28.993489211691053 71.53750388920336 57.59990352978361 24.11298954059625 15.491169979288138 47.8891337870403 82.10733601322106 59.87795721756547 29.096393585441543 22.42048170012585 50.53319107806534 83.66227538227422 73.83008907316362 51.913246168292304 48.310450103236214 66.08801280903447 93.7878599312137 94.4149314243894 78.27186879994687 75.72011571404761 87.95072888405508 110.14476749136793 118.21617373619591 105.55048351302742 103.44753119072003 112.5012228937592 130.40822403220204
32.11781461516381 29.819205411986843 44.691362392022256 29.401283431285897 39.36263612205941 43.04563467269982 13.043622123351081 13.450922733950083 16.600031963827863 51.95379476877705 0.0 8.037517798144991 1.4226131961577468 21.038596102066087 50.625562978750715 29.8748771193042 21.919263710761182 30.747406269261766 59.925421239004464 32.44207839463792 18.357059596998674 22.07115851690788 37.27911929642165 16.03059388649877 46.815519432006184 44.528125923297985 14.281040250964294 30.894272843881826 21.225778727183982 14.565913307395759 12.811719115284275 24.895730932753494 37.003315923004 25.43566732092995 48.416163209571344 22.973568642627843 35.052856848128776 30.435330013771445 55.461961578071026 32.773192934947446 97.94016289155907 72.13436624437583 56.650260224356416 60.0827019901993 80.03376836127515 85.00840174590867 53.472013355740906 29.78126080739694 36.18605002718698 64.23999047423538 80.30149646417168 45.697997991359486 11.096761731728304 23.51220185186678 58.11508896487089 85.19404861746304 53.76396059730619 30.29752181707165 36.60812788957566 64.4764224892686 98.26224506155967 72.56706891194048 57.19512972236595 60.59190479111407 80.4131063757548
35.56402590586631 24.187412345962603 44.63162970951319 22.050504540438006 32.014808826053475 40.72614156762772 18.173327991434657 20.23806087010285 18.129555652584912 52.40209939369455 8.037517798144991 0.0 6.810419217896418 28.18153693811189 56.39803301516444 23.064950729932043 29.76959951589751 28.099465436996788 65.37249733149015 32.212931966540026 20.02166020599185 15.119243240536546 39.25460019641876 16.954637847723518 38.797182629513856 43.70027325583641 21.917055964414764 23.48133443960361 21.58455838259752 21.34834726543661 13.24694142054965 18.169592896729014 29.070444946098853 27.492966020849607 54.87613779307204 15.66109403344491 27.74095732506758 25.310261364803612 59.87285329685165 25.674707962592933 101.83149746577173 74.10991101432909 54.860786986676814 54.054925697305386 72.31158994675842 90.67163794221955 57.99752689483983 30.01538932467167 28.861346790776388 56.21275969673307 87.50845329975989 52.96485626221443 18.64609068088743 16.87991396105634 51.15701703418202 93.16027347972798 61.781871099297604 36.7423069697772 35.746735936248015 60.00413004492204 106.2290400174386 79.9926610544612 62.51261577517047 61.73826099093952 78.1676598091185
33.16893301813702 28.42915551220501 45.24657981226923 27.990658023709138 37.94895339579188 41.97083495112223 14.230092291880696 14.037715782225881 17.255029123290463 52.60394691045839 1.4226131961577468 6.810419217896418 0.0 21.79165976904659 51.01472665471686 28.452263923146457 23.306288493774723 29.60517829127415 61.24328692344812 32.93184093596296 19.05752078504894 21.22708434919391 38.13325865722974 15.252132510516686 45.52080134814986 43.65063671494571 15.698659142646989 29.48640297170993 21.740305288045402 15.95814638910792 13.198440626241865 23.473117736595754 35.66569402303683 24.94934138373898 48.99007229972438 21.564842309012246 33.638573446083676 29.074504098917185 56.668229856588766 31.35296721076759 99.10377738471118 73.03563558251057 56.935431749703056 59.53046836634915 78.99939171244691 86.35175719567883 54.690039754781736 30.33503544750587 35.27417968929333 62.95363833635978 81.72410095497554 47.12058514171499 12.518978623549426 22.089692662802342 56.69249185366755 86.53445158187573 54.97540888505153 30.84183353028096 35.70687120411018 63.194789730332914 99.42196721247637 73.46286501497293 57.47738897442953 60.044156143628406 79.38352390183033
42.13598856357656 41.553460543411404 59.879491045032935 45.406818276437235 54.593471866253324 44.51803188592246 25.672561433897123 8.005656009987105 33.3605425455446 65.86213680913178 21.038596102066087 28.18153693811189 21.79165976904659 0.0 30.825243602960306 44.384233834924665 16.94835854979057 35.56532990393377 60.70228098992703 48.840224182016954 34.49484347327503 43.01597511759192 49.61145842669328 20.533574324875325 65.09237021783129 41.931055152790165 17.28435739282511 46.95185796331889 38.34253858719586 21.594607137388163 31.632197723046946 39.89291646211451 54.791716188890646 20.694370324811732 27.678177875717335 39.582638707061555 50.465380034124834 40.91386629504029 60.02389084757482 47.74328300154952 101.96061193799537 81.99640905869927 73.7943300702587 81.00952131761542 100.37046018682845 83.60013799458855 57.859484398316695 45.839610556752326 57.005551981266414 82.41849984350605 71.93241285116856 39.36592811738097 17.88655088556423 38.53607708089242 71.02800784956955 70.37000024526591 36.460708514097256 10.083750101413615 35.62068481677968 69.50422129232798 79.51094595533618 51.83486732391386 38.03343776066664 51.00056155848084 78.42447414118833
71.60108566652858 60.134558368615934 90.34806569823573 67.52839867246934 74.61349796893657 50.595791142502215 56.447463249967676 37.2931304559022 64.18153314494054 95.89419673095574 50.625562978750715 56.39803301516444 51.01472665471686 30.825243602960306 0.0 65.14282556601847 44.60297953616712 49.07517194911886 83.20070119958181 79.60248910054018 65.31625484764099 71.48655578345642 79.50646759633985 42.26160240900609 88.04458061639757 43.47379145954766 47.634556108219 68.90598057516692 69.16696172814704 52.02094281176059 62.24288232880366 61.963892617481825 77.85424158983415 33.801076026628614 7.186960728664346 63.202226554815766 71.23131355131753 58.40576813547049 85.49057541171308 68.42292774172022 124.85333581846382 109.8246978895656 104.54287420814917 110.41558001883683 125.89133232056227 102.12749118468943 83.36970553715668 76.58805553073864 84.70945521483138 104.30911972740321 82.855134804739 58.46535602995734 48.64391342050339 60.90214064750427 86.29437480424757 69.95288331118412 38.271881206474745 20.75846693591201 42.33127754951368 74.48359698151167 67.1969840148726 33.01873514001868 7.739020124664943 37.74124199646479 71.99835841927066
57.642559521254775 6.233934432430915 62.41755486432791 3.7833995998554704 10.210271738331059 28.000712582850028 41.22732093847023 37.00901378351985 39.890371294519724 70.5459908268159 29.8748771193042 23.064950729932043 28.452263923146457 44.384233834924665 65.14282556601847 0.0 51.45648676609836 18.647895326306983 88.28604701902607 50.743092161092115 41.68146311539123 23.867473988721933 59.936637923751455 24.40463800036854 23.046878383531258 34.754270488807336 44.118607649437436 4.392383261916815 42.00940125929781 44.21088519859722 35.005419563689635 4.9791461865507 13.340740898672605 31.343306828951786 66.09135868004013 7.758968861794132 6.211152976369328 8.699635808577105 82.25856708031631 3.3976422264497383 123.52007063276587 93.81330059242555 68.84371990655038 55.432617285194716 61.6513360323063 113.6247348791153 80.47289984249252 49.356200444706786 28.125097631313658 39.253629037289315 110.17623797843248 75.57253406895089 40.969095799507755 6.370253539701732 28.24088993277563 113.76256518661245 80.6656076630062 49.66687390701628 28.661743677056723 39.63624377551511 123.77353422377041 94.14371398206892 69.28913102016944 55.979658468519 62.13899208629553
27.094718176543395 50.518169612304256 46.63855847284879 51.25198213982804 61.17855966234414 58.77390175711724 16.46587923115031 18.005179061565613 24.58948974627929 51.55238487548492 21.919263710761182 29.76959951589751 23.306288493774723 16.94835854979057 44.60297953616712 51.45648676609836 0.0 48.05622565783832 44.00249749638378 37.30117537560657 24.86401766316925 41.485659329679024 35.17691829092811 31.648196895340785 68.46648450901459 57.4923472924174 8.047670916696031 52.761035922543925 28.825569979918033 10.82186101797382 25.488245880262532 46.50366925472255 58.83999413244754 35.88164532732057 39.60821553896224 44.841373522766766 56.86646569839924 50.64121017339722 43.091397584450334 54.49244138793512 85.05199931176693 65.69747864767696 61.589418690937975 75.26709752196328 99.658402171616 67.58801204649575 40.92592142496281 34.300962075529995 55.434774618241576 85.81553330890799 59.15544225125656 24.81876401147808 11.288477283846316 45.09703277306995 79.59214146944137 63.463253403688505 33.754101358525766 25.415309003880598 50.47157865924155 82.72645477778973 78.43955487553008 56.964954173098114 52.269023771201205 67.92568214958851 94.28970437677746
62.733546424576765 12.524744989563565 72.6056336725071 22.10696554853857 26.434667190919065 12.627367562828976 43.7904928454625 30.395908228285332 45.98055678993745 80.4558104895032 30.747406269261766 28.099465436996788 29.60517829127415 35.56532990393377 49.07517194911886 18.647895326306983 48.05622565783832 0.0 90.11668515880895 60.22641146977654 47.87013934098852 37.18576279221048 67.180403492407 16.41948091888766 41.15549185469919 16.9765379900465 42.58940233110788 23.020854558760693 49.67882221002305 44.495132649087715 41.229365715315595 17.98317762820418 31.93598825568191 16.618200083914537 51.297454202637944 21.19758047845823 23.852339680424297 10.22906001796417 86.17468904382311 21.310525491398273 128.68689704050175 102.11171721315473 81.78042253776647 73.10281546213828 79.96721295454522 114.83106252028676 84.16461586178501 58.1034086695731 45.42183977563805 56.081145248888596 106.71903798299562 72.82161406218758 40.14810244619546 17.765163507965067 37.60558719132635 105.68235881770845 71.30792345473041 37.35948859156472 10.074486911949144 34.67148170467908 111.91786826350413 80.18224572703926 52.22645251866405 37.694013798265864 50.0889362115946
32.0150166911684 89.41750544716069 42.815225113924306 86.7072812829794 96.32811618635847 101.74754339201537 47.293995048409805 61.588027741204066 48.955439918427444 39.99477394610677 59.925421239004464 65.37249733149015 61.24328692344812 60.70228098992703 83.20070119958181 88.28604701902607 44.00249749638378 90.11668515880895 0.0 45.554464316581324 47.36675907492092 69.17934105855137 34.27798059880971 73.97422465081294 98.21010076393686 101.24140366512964 47.70349733871002 87.9643263489763 48.43437632267625 45.64830099704421 53.591006717629085 83.48595977671157 90.8895894235735 79.69412883883858 76.61442831373886 80.62247480854948 92.26767643020615 90.25645631682578 11.015742291894941 90.59064337126102 41.773873388113245 34.84903246116992 55.48590799331212 85.66066346070735 118.28628364528537 25.360919874769735 11.076156102851888 44.6882545632858 79.1596667664752 113.711562622241 33.9555587787976 25.056118031877993 49.974814197132396 82.23137467790761 115.85059271548148 57.22271078350032 52.24758055978001 67.67557311831665 93.9412539627331 124.35729841779482 83.71040253068286 80.17832058523565 90.79881191513276 111.6020382860763 138.05917282060366
15.525596782744428 54.1915799116067 12.42938959914912 47.99778166295357 56.226826785630756 72.84340469185143 23.16792998459799 43.544930847832454 16.04558623911239 20.24424051405381 32.44207839463792 32.212931966540026 32.93184093596296 48.840224182016954 79.60248910054018 50.743092161092115 37.30117537560657 60.22641146977654 45.554464316581324 0.0 14.554810963439664 27.50740529573159 11.39817089062214 48.03585542206278 54.50871742755683 75.84735767339835 32.14686881962858 48.84579723387801 11.218290688649164 27.792816237122793 19.754939731911964 46.87402320459312 48.96998367978556 57.86372624843867 75.7076950028672 43.24150133498603 52.80514960241722 55.910534981766475 36.29845843767942 51.98577400128213 74.04554712895131 43.0733577715667 24.954507075592453 42.24905763185473 73.0895374985998 69.69745239606115 35.15745165022698 3.035157481563449 34.3108174444006 68.84843095402668 76.3224786755539 46.84599503274674 30.964646205986426 46.020722979668406 75.3116201998158 91.56880149043147 68.78053308631088 58.91913282829144 67.87453758253895 90.20658317046653 111.96768527975654 94.04543820307507 86.87365751958727 92.9743315161264 110.16408804743986
15.968005624070893 43.858591305838736 26.474623305920378 39.70236487357626 49.09975195561327 60.44876651905277 9.019776658657424 28.991742092346453 1.8946555639663034 33.60180900188375 18.357059596998674 20.02166020599185 19.05752078504894 34.49484347327503 65.31625484764099 41.68146311539123 24.86401766316925 47.87013934098852 47.36675907492092 14.554810963439664 0.0 22.085784178430867 19.310400035143818 34.30943668302116 51.3082424658202 62.63600712723514 18.43605814663173 40.870441198441675 4.014579657025079 14.330180591219207 6.816005808683059 37.14823501603581 43.54995351109631 43.73272570987898 61.71886627425222 33.923002116690796 45.13832103963009 45.18195465528413 40.61866327059325 43.66789642508048 82.01856574084366 54.251952868224954 39.424962278238915 50.598467451840385 77.20690489339552 72.68089738621434 38.88457822646303 11.677322783781328 33.99354608657665 67.59892268561059 73.68478567452979 40.71358001025972 16.750898019302927 36.03385354882813 68.63769845044193 84.66310360754643 58.137952856141204 44.57597453123317 54.670183302375435 79.909047501752 102.45776639364003 81.72630881908464 72.49507896394218 78.90902773579543 97.94122780967288
37.24593844185135 28.30609744742697 38.71606110698935 20.769249575222556 28.725701980796206 49.19349036957472 26.164848092303785 35.1859631641186 20.77825649493801 46.85250629148893 22.07115851690788 15.119243240536546 21.22708434919391 43.01597511759192 71.48655578345642 23.867473988721933 41.485659329679024 37.18576279221048 69.17934105855137 27.50740529573159 22.085784178430867 0.0 37.698478109896506 30.79525786181352 29.222739897036206 54.05536712260622 33.47314970181022 21.477336653271287 20.77825649493801 31.23790729224029 17.103407978623206 20.783256729870473 21.90847094315221 41.300067617532555 69.97774649702387 17.02004683445183 25.328795659704678 30.406017704162284 61.62413399774108 24.68624802856833 101.34394995157834 70.43961556502629 45.25161800749489 39.096095286357475 58.34489389932871 94.36930811743476 60.07708469384242 26.60447922179655 14.184249810136286 45.710392575005166 95.51173673184749 61.840017776471846 30.343566077833515 20.300848871085325 47.94126809258975 104.50531270601829 74.87671314601546 51.83143566002867 46.48964441722216 63.4892913658771 119.59125749667973 94.63697383168545 77.49189442895789 73.81449404564032 85.36342485908567
8.289763397583869 62.70233608013974 12.346591148976238 57.52508526770645 66.28900839487228 79.75725528398432 25.28289484720367 45.90390273792297 21.200051302588765 16.395392624375187 37.27911929642165 39.25460019641876 38.13325865722974 49.61145842669328 79.50646759633985 59.936637923751455 35.17691829092811 67.180403492407 34.27798059880971 11.39817089062214 19.310400035143818 37.698478109896506 0.0 53.30887908993387 65.58844175319558 81.78338556478084 32.33238773750746 58.517771834499044 17.99198818800249 28.091075489208237 26.010105096575067 55.68959240407507 59.52017060293898 62.22957355784796 74.76728257443321 52.23725207533973 62.63629828580119 64.17410901582593 24.90370598111026 61.537309537295954 63.730814265205225 34.95027300081007 27.861585574017333 52.20972888805621 84.08498737694347 58.30013417021202 23.767522750725227 11.213337377073092 45.622768839064484 80.19968479948152 65.82927317704979 38.61219882828414 32.29778316512675 54.68297636539932 85.62794648009225 82.85726293286068 63.24151194298109 59.400663564193316 73.83885168482867 98.84685321426652 104.85351469125442 89.9472749592143 87.07165011768456 97.29922655772413 117.2497930633501
47.934889725152914 21.05574707561041 60.40963286917979 26.03597446573459 34.555704223169364 27.80204928264073 28.65892199417965 14.239809915231799 32.504623462120946 67.83899174176426 16.03059388649877 16.954637847723518 15.252132510516686 20.533574324875325 42.26160240900609 24.40463800036854 31.648196895340785 16.41948091888766 73.97422465081294 48.03585542206278 34.30943668302116 30.79525786181352 53.30887908993387 0.0 46.44142007686317 28.543616552306652 26.303953440598153 27.525625952334902 36.905001061625114 28.545631809492416 28.290391330807946 20.376276492915544 36.09883817424363 10.58717264461852 42.26913054017094 21.068157011414375 30.601989295117242 20.385569602734304 70.55892377926615 27.80204928264073 113.19309626937915 88.1398606312686 71.54967090173625 69.74839186385475 83.6963757678401 98.52840647351232 68.50065090861231 45.515419989196566 42.962655047325626 63.36203903555616 90.48051550121306 56.43753552899343 24.05240820825642 19.149215585472007 50.49473009493125 90.82617763994476 56.98500082814269 25.298934437324277 20.679261051560175 51.08891838076331 99.47791650393482 69.8471210353654 47.49950675175687 45.04003049609281 64.77517991712654
66.19838794218424 28.725224399693932 63.59393206808896 20.53119004071994 15.237986845893913 48.00629608498204 54.63970029646202 57.2249322944977 49.981043448619204 71.36489037665667 46.815519432006184 38.797182629513856 45.52080134814986 65.09237021783129 88.04458061639757 23.046878383531258 68.46648450901459 41.15549185469919 98.21010076393686 54.50871742755683 51.3082424658202 29.222739897036206 65.58844175319558 46.44142007686317 0.0 55.83130745714434 60.492267186318095 19.138612979294678 49.79533809262934 59.15724757802611 46.033188923475244 26.152537188896204 10.36317578521862 54.28904877580482 88.65019859996963 25.602684910173913 17.312588236161023 30.929220474885142 90.18018330208179 19.963069394582487 128.22338482837714 95.47471172061067 64.68720194597987 40.59897745587979 38.81944362492803 123.25800241637583 88.7592636789302 54.39422514287048 20.83529889253494 17.445364484643815 124.55195461426668 90.53127215596032 57.21433464575986 27.311095747613074 24.762044024992473 131.9211155069074 100.34199182342638 71.61467019300758 50.8292997195514 49.32935731955149 144.4382240494296 116.1719039206059 92.32641665539231 77.11788656052315 75.92703674396972
76.46510218043746 28.53259897410928 88.27674675917442 38.4354068846251 40.602682508532915 8.437086854832181 57.17872017392876 39.65675757725885 60.790519096001574 95.92913327122999 44.528125923297985 43.70027325583641 43.65063671494571 41.931055152790165 43.47379145954766 34.754270488807336 57.4923472924174 16.9765379900465 101.24140366512964 75.84735767339835 62.63600712723514 54.05536712260622 81.78338556478084 28.543616552306652 55.83130745714434 0.0 53.79306222517147 39.12451659086017 64.93397547790028 56.624379172815736 56.31817692899846 34.82886981553591 47.57978373176537 21.61144392137046 47.86907709938626 38.14917451305721 39.032569554433074 26.05797525025746 98.66480437623984 36.87043759150386 141.30217432117004 116.66247311016814 98.2275766467338 89.8992603929656 94.39170117421887 125.06773048718718 96.56878672461838 73.5112408812478 62.265986794186524 68.88383190026725 113.54804816353759 81.25287028036122 52.01662931841341 34.70247301274517 45.7998324428722 108.25954101414565 73.75489408991888 39.42453678651841 7.978553532903467 31.11067419979553 110.10409357906238 76.41245877395606 44.154978335900864 21.337905030335143 36.82113650781487
24.992854271609264 43.67507022952814 42.73105815816141 43.675070229528146 53.64109907217885 54.04669745777041 9.46415923030983 14.576218868261163 17.76625208432305 48.5816011619639 14.281040250964294 21.917055964414764 15.698659142646989 17.28435739282511 47.634556108219 44.118607649437436 8.047670916696031 42.58940233110788 47.70349733871002 32.14686881962858 18.43605814663173 33.47314970181022 32.33238773750746 26.303953440598153 60.492267186318095 53.79306222517147 0.0 45.161669545881985 22.446294058535013 4.3873571214508935 17.86254071178957 39.14172735598403 50.95548472189693 32.50937511964647 43.56121662513655 37.24464689365474 49.332223231770485 44.02917891893529 44.968312872399196 47.049386836673946 87.55428560406985 65.2685514855614 57.00004699241222 68.06480412530247 91.71379625001786 72.2451765171352 42.849307581761266 29.113548661084486 47.47601706512031 77.81506025305593 66.08219835060544 31.486245406680556 3.2809690737163635 37.749175667925954 72.34701214594364 71.47220339555504 41.545080224623916 27.176305766776075 46.324394989377495 77.1244942847554 86.27618402950445 63.55982365041806 55.053768130885025 66.45884847102961 90.53968547393065
56.81028660538079 10.62312837196043 60.19223717810469 1.551551835969765 8.535679176943654 32.25638700405138 41.3730795771879 39.33290206674528 39.15566221832406 68.3282831223694 30.894272843881826 23.48133443960361 29.48640297170993 46.95185796331889 68.90598057516692 4.392383261916815 52.761035922543925 23.020854558760693 87.9643263489763 48.84579723387801 40.870441198441675 21.477336653271287 58.517771834499044 27.525625952334902 19.138612979294678 39.12451659086017 45.161669545881985 0.0 40.783595863218856 44.82963162734895 34.39532722574117 7.155003615964023 9.106142498426909 35.159192898429716 69.59377679966632 7.921959848012351 4.312463193248821 13.082065667945947 81.47192187862024 3.2685414197484706 122.23705859128704 91.87351746807343 65.83609834325856 51.213712952823265 57.498703123295975 113.32519827836634 79.75431608773593 47.683805287598005 24.116044897553223 35.83665636163717 110.9858489218737 76.42535350408761 41.93643587284086 8.446812854712487 27.908540615526448 115.61878257763514 82.95193971344017 52.812684834354236 33.04798053030678 42.308300789801024 126.45976833971525 97.37176185607166 73.24773632374102 60.36543398490991 65.70787044985278
16.467811981254375 44.71547034845 23.510793915166264 39.72301359896429 48.77671992923685 62.302972387485895 13.012633655334014 32.58937058471857 5.004456141411339 31.000093828526676 21.225778727183982 21.58455838259752 21.740305288045402 38.34253858719586 69.16696172814704 42.00940125929781 28.825569979918033 49.67882221002305 48.43437632267625 11.218290688649164 4.014579657025079 20.77825649493801 17.99198818800249 36.905001061625114 49.79533809262934 64.93397547790028 22.446294058535013 40.783595863218856 0.0 18.34174893651545 8.63130449637286 37.70660463480611 42.625622488763845 46.653825896236874 65.66032282478336 34.28504309621806 44.97499502195327 46.215348214135616 40.93507344048302 43.728904280860846 81.5233440355482 52.59721060872497 35.800936466268205 46.81641899197293 74.13957559701959 73.59265674029501 39.33942000680192 8.611276167232534 31.552677515259795 65.6646184023188 76.00368742329809 43.645827707180736 20.693051134359838 36.69186243664112 68.2585488245405 87.9094939747511 61.95604085797115 48.41313404538121 56.955428007126535 80.86296242734225 106.16177959742997 85.72197644102347 76.29502881029316 81.78230846359195 99.75219753665861
20.974813558287753 44.38483560003773 38.352929554462555 43.39417578660367 53.36250692930411 56.33401187747879 5.646173878225118 18.177261593148394 13.861298171894934 44.27703818831331 14.565913307395759 21.34834726543661 15.95814638910792 21.594607137388163 52.02094281176059 44.21088519859722 10.82186101797382 44.495132649087715 45.64830099704421 27.792816237122793 14.330180591219207 31.23790729224029 28.091075489208237 28.545631809492416 59.15724757802611 56.624379172815736 4.3873571214508935 44.82963162734895 18.34174893651545 0.0 14.752632187180772 39.24585081736009 49.96070794266842 35.67510244353633 47.92530241745894 36.98794310009152 49.08410378505914 44.975662368909866 42.06779984175844 46.96275491748101 84.71609733582231 61.4454087952203 52.6218536477192 64.47775435204004 89.10949576868283 70.5714718532441 39.99031695491011 24.75804524738855 44.96152469168948 76.32141995782361 66.16449647516207 31.65702692972819 4.631231072078256 37.889093885369824 72.41942250985308 73.27397516729879 44.54658450851685 31.536581591084456 48.98518958049624 78.73612036711143 89.18677330924467 67.4230054940554 59.43254908508781 70.09550054537799 93.21649846875287
22.668167492911646 37.05229808979716 32.11996276274991 33.172538707227076 42.73713106137388 53.83679890321897 9.28765402471057 25.091379473405773 4.946548433830068 39.62746484977522 12.811719115284275 13.24694142054965 13.198440626241865 31.632197723046946 62.24288232880366 35.005419563689635 25.488245880262532 41.229365715315595 53.591006717629085 19.754939731911964 6.816005808683059 17.103407978623206 26.010105096575067 28.290391330807946 46.033188923475244 56.31817692899846 17.86254071178957 34.39532722574117 8.63130449637286 14.752632187180772 0.0 30.40636225167318 37.69924969816898 38.147658302164295 59.287377294066374 27.257131123706934 38.69068311597647 38.365965128065376 47.25379335121069 37.10295921472301 88.8184187402301 60.895351227198475 43.84739580180351 50.31662211142417 74.40261303997983 78.9484404087818 45.4708759659165 17.23933868285589 30.35850711746082 62.77685106483333 78.52393564916227 44.73663938510364 15.217639230640664 29.268368433058896 62.26194218293485 87.68222175067045 59.24142662049067 41.54206460407545 48.34006125689451 73.093103642468 103.9194871661466 81.19146019826763 69.13471321004118 73.22517257780714 91.31815369268796
53.07404169033808 7.5248259764179135 58.78396495349475 5.660524298632307 14.871161012221846 28.952184786174808 36.34290274445062 32.3664097511816 35.32707683350204 66.88190737136759 24.895730932753494 18.169592896729014 23.473117736595754 39.89291646211451 61.963892617481825 4.9791461865507 46.50366925472255 17.98317762820418 83.48595977671157 46.87402320459312 37.14823501603581 20.783256729870473 55.68959240407507 20.376276492915544 26.152537188896204 34.82886981553591 39.14172735598403 7.155003615964023 37.70660463480611 39.24585081736009 30.40636225167318 0.0 15.892169244979454 28.32911960407198 62.5042912474696 3.764660266760766 10.62887624489253 9.669291476249535 77.63658605416892 8.042026664990741 119.11799295425747 89.87426957911214 66.03383329815071 55.12118168766467 64.11721239219862 108.80837759077626 75.82319579474279 45.319870337135434 27.449297167977104 42.9869378258162 105.19710904445492 70.59342467787201 35.990080281790576 1.412290384204937 33.21983841124252 108.95249749372209 76.02796943282262 45.65847788021354 27.99964480951489 43.337081784983184 119.3811618235125 90.21958088453403 66.49870128498742 55.6720333146715 64.5868937027809
59.07186161583544 19.41934985528835 59.304660853162105 10.366093363807067 9.097784020586934 40.26501371582917 45.79500902663722 46.96049232823157 42.04076906913609 67.3434015609777 37.003315923004 29.070444946098853 35.66569402303683 54.791716188890646 77.85424158983415 13.340740898672605 58.83999413244754 31.93598825568191 90.8895894235735 48.96998367978556 43.54995351109631 21.90847094315221 59.52017060293898 36.09883817424363 10.36317578521862 47.57978373176537 50.95548472189693 9.106142498426909 42.625622488763845 49.96070794266842 37.69924969816898 15.892169244979454 0.0 44.17348585316776 78.33532191204863 15.249788903835352 8.657771913725277 21.79833429087151 83.52455230853452 10.73042343381078 123.00666691880588 91.33045029323188 62.82261504658398 44.124024517247264 48.39418236099182 116.15398280844539 81.95994358729733 48.35252831147152 18.79765002044647 27.633065509594847 115.86882560630235 81.5590455111904 47.676223991752806 17.00053045542407 26.454961911138305 122.19719709949773 90.24739098870563 61.25235286668727 41.87997653609542 46.37711385771769 134.20645272520875 105.80873047412476 82.30654158090884 68.90580515763224 71.52913419432225
56.17727033877125 26.440261189785765 70.12604402179835 33.81498576773458 40.88375121753924 23.871947201224707 37.03458110419962 18.125507511396478 42.01416166489904 77.32456255484013 25.43566732092995 27.492966020849607 24.94934138373898 20.694370324811732 33.801076026628614 31.343306828951786 35.88164532732057 16.618200083914537 79.69412883883858 57.86372624843867 43.73272570987898 41.300067617532555 62.22957355784796 10.58717264461852 54.28904877580482 21.61144392137046 32.50937511964647 35.159192898429716 46.653825896236874 35.67510244353633 38.147658302164295 28.32911960407198 44.17348585316776 0.0 35.14510590621326 29.952134292590156 37.43439786954787 24.876784859452943 77.4776805768575 34.62331185986576 120.0468840852034 96.70843205420707 81.78336616509878 80.12021489313733 92.43760268631182 103.4573124077406 75.35753614525865 55.21688051208239 53.045757707602284 70.52378184603768 92.624114378281 59.783702802554345 31.04511772121811 27.356008576879407 54.108656734472675 89.65940676576032 55.123863370356226 20.816470325553105 14.928650087027878 49.0638133729262 95.30054776210834 63.81564528647384 38.17738550035542 35.177022972748716 58.41375803799081
