0.0 38.385636989419865 60.982900843776726 80.71014066308288 21.693082611458152 31.08325708460964 62.7101397689355 81.58842342361844 38.843735962770836 82.73854360544404 39.266528627353786 21.681557753393523 95.47503815627938 25.481660125760566 20.748213342267388 38.43103628656836 25.537207157494592 49.02098382953278 21.572129716546208 33.01606948879904 24.24969686901235 43.988796220622454 40.598445820673106 47.5446755690786 56.09779674726702 21.375102375529476 37.57147743769625 85.28771127868013 53.53593380200522 53.11172383811066 22.131004753077082 85.92947818382669 95.08145770539335 16.164619850926627 79.19187131245218 26.36806330144283 29.407013694626883 28.89985664827865 22.23485025008406 28.299003195139083 46.15297387670357 16.70138263613893 28.68145831687343 61.32835074673965 95.3653912289392 46.33825765139682 17.202210115465856 28.97323412001199 61.464061936180194 95.45189299172591 61.382276312909575 43.60726240026498 49.29727858681791 73.16876978077043 103.3050575650407 83.61610953422152 71.38540641285539 74.79876282377813 92.13354322326767 117.37581031305167 108.71366103983082 99.39105630954121 101.6521836735999 114.81469073980749 135.74359049742904
38.385636989419865 0.0 29.929494382047036 44.94364500788709 21.567643040081606 28.21656839663644 32.32819411899132 44.29787373421153 30.076595640380066 47.28523494663136 4.86242965119229 22.368328943823254 57.89628321823136 41.764755943084694 22.19232178056995 13.89647427270759 54.354823182507864 46.119930016733925 59.724631881904195 20.433348020052026 16.40784808604519 6.669685110875552 9.607907265037637 22.890921936532994 39.206866240115545 30.11796733309737 26.782832736961602 48.06371194737794 37.049724317197274 43.75222132169862 20.233409431802368 50.553509451858496 56.76562177462283 43.430588033307075 43.54319397822032 14.349380149827054 58.108487302092044 16.44645579121638 52.02045860379167 34.086854866033875 84.53227646145793 52.71883207584424 28.4198124352546 35.08471482368504 63.631986308757206 80.32044214512757 45.73097586759043 11.230549279637666 23.575043506869807 58.14029989161754 85.70201008959818 54.55799217097027 31.672569284916033 37.74342247165477 65.12155859586014 99.12637375434169 73.72232716421107 58.640553170721304 61.94543434304261 81.4281806354024 117.87638357720823 97.29543726274171 86.21295449381348 88.28168575263106 102.7100270760366
60.982900843776726 29.929494382047036 0.0 21.910008873321505 39.37068817786663 34.60007892087554 2.4915844323457725 26.347600817902762 29.13129911402808 23.275736054608135 33.656672486814834 39.51574211156403 39.361513028938596 51.04207547885118 40.3194304820806 42.874345599582334 66.77100420957329 38.32315638887202 79.79461055773277 28.792129185684416 37.09536275754676 30.60519930736548 22.086048146716326 14.243092983859219 21.751591725655025 43.2940373994199 27.735346441085195 29.189954922961753 21.55291989877939 31.313255532242227 48.75267444597269 26.14493269552008 43.74609964540577 58.513364268183715 20.385750480507813 35.21314953925029 69.51718005382868 32.08318831619223 65.71542864636537 41.476696524292045 104.68273683401017 77.32746269024202 58.27000183354648 56.621950472149834 73.56285048166542 92.91714823329254 60.630217476169314 33.366004870894095 30.747316397994066 56.32357255299611 88.84135123660839 54.240396071104904 19.649677921783784 15.001783860112885 49.58680868555128 93.46702929070953 61.46194370885559 34.84097718057253 32.3273114273367 57.193134589441804 105.65721830839819 78.62967099447003 59.971611096983764 58.35541716822392 74.89263573106305
80.71014066308288 44.94364500788709 21.910008873321505 0.0 59.63711577114788 56.33158857308972 21.48332259081188 7.942782404939727 51.040565656855534 2.576919134513897 46.982803894642245 59.936637923751455 17.793391446380898 72.8766693211731 60.569262336918136 54.785405508128974 88.54037999123008 59.06814422563375 100.52569012183275 49.95238672594367 56.46047915272328 42.48488764605234 40.16187837074507 35.93244795068784 41.42465049200491 64.59859467851891 49.591123737060805 8.66005269007432 41.985571608670185 51.39977410510995 65.1622359874038 5.711314268169032 24.420862807364134 79.90751651499971 1.551600240121931 54.35467913575964 91.3637809334956 52.210536000454276 87.3653761751967 63.29620892385093 125.5705282686421 96.47273282675933 72.39339695270709 59.744496000127 65.5193927022769 114.77984887354786 82.08102536386387 51.91348944122507 32.36604226292133 42.36679882298389 110.25291480034055 75.68324969096457 41.17107525226165 7.550806772250433 28.527636078781626 112.7470201423409 79.2402986910727 47.33923104600925 24.4504423179679 36.73539080203109 121.83159602193358 91.59953587848194 65.82412132944619 51.67163359365867 58.325837176418524
21.693082611458152 21.567643040081606 39.37068817786663 59.63711577114788 0.0 12.743012636653292 41.04400143775663 61.22383670559239 19.51531421436623 61.54996562748815 24.64575314035639 0.9488850063863774 75.18078727448805 20.765328192980135 0.9488850063864361 28.92478056085014 32.817228812710596 33.61235023983485 40.919237332314644 11.54034181046956 5.32318225181238 28.18882293803768 20.200814350633884 25.85829494637195 35.900642185807754 8.976903473967473 17.31626851123674 64.83081010509022 33.296254314413055 35.16634630440928 18.951807563574945 64.69074647737858 75.91771240627082 22.086456103797172 58.09925005775806 7.222885461029861 36.544585369199766 7.426611121406433 30.58618371738307 15.107037126973085 65.99730802251295 38.26731476399386 31.112175890822385 53.538630861709706 84.61465532981364 58.97825707152915 24.397370566107778 10.338421171639176 44.87079888460025 79.46539253788134 64.79365209875631 36.17188823556032 28.520765921858448 52.08937629779787 83.71387340959 80.71524767580519 60.03222432563961 55.56599952927404 70.47047783487773 96.1217549993824 102.12004750254994 86.49559293155066 83.24176196760752 93.65689573827164 114.0559386691908
31.08325708460964 28.21656839663644 34.60007892087554 56.33158857308972 12.743012636653292 0.0 35.62556468525001 59.517485125295096 7.77009707432607 57.845163316624394 32.51464045527993 12.02054401160341 73.23345598826172 16.660281927795413 13.268973831536087 39.01031146759192 32.2089828235763 20.9112759249314 46.49539174262948 8.217319086726146 16.094904047623125 34.63430956951796 22.23992344780813 20.40505297245291 25.06543954680127 9.96020785967552 7.190059372477187 62.828764920543044 22.533644687709124 22.713964166826045 31.509680979122777 60.74494891089158 75.7669151529835 24.264844690593247 54.785260624801595 16.616701594388232 35.114976758647344 12.249943574199136 31.123388944982516 7.140817220770639 70.85557379099767 47.62947251362011 43.72002617618439 62.84213911170841 91.55134040032598 58.54035972768839 26.261346225721233 18.633128647212263 48.98550040419289 82.74548691926846 58.57760285598805 26.343502025893645 18.74767042029637 49.028774183804245 82.77086899534498 70.94785131484505 47.76538270185947 43.8666779219542 62.9432962917937 91.62014588755967 90.7395636252766 73.8391661355504 71.17256488732684 84.10471460279167 107.12809869966094
62.7101397689355 32.32819411899132 2.4915844323457725 21.48332259081188 41.04400143775663 35.62556468525001 0.0 26.58049505107587 29.7686040225883 22.603252840983956 36.10799662557874 41.14546029247359 39.165990203038675 51.89751217832445 41.99251304334795 45.34163690409103 67.686690630774 37.95314190862065 81.22716524247457 30.22164131433303 38.98485168553824 33.091877207553125 24.300685864542615 15.499801962008686 20.87297948566921 44.57876573132289 28.62289482540513 29.18995492296176 20.965603907906623 30.65679411386449 50.976181283881296 25.305906492102253 44.130034379692205 59.71156104681807 20.003583014990568 37.15524616457491 70.33062508270176 33.8365779957525 66.73970871497029 42.37460661811464 106.03816961658202 79.13614632054757 60.62801284610158 59.02348921298975 75.40940701408182 93.68720832014738 61.79319757291746 35.41670431942832 32.941220969251866 57.53905237836081 88.85129471303857 54.25653150527971 19.693760837627675 15.05893711466705 49.603964803883734 92.71419881298448 60.32160242333361 32.80715888604646 30.145721547872828 56.000538205840435 104.3137724212114 76.83184808559923 57.61683483941925 55.95590628520695 73.05630879132295
81.58842342361844 44.29787373421153 26.347600817902762 7.942782404939727 61.22383670559239 59.517485125295096 26.58049505107587 0.0 54.99694909673142 9.657105734517813 45.544237723462565 61.6361136041188 13.956998322668584 76.17733267175204 62.12571539644058 52.45463631609142 91.57247263424004 64.52923856747542 102.06728415014126 52.494291644644896 57.50657937816435 40.75471994728591 41.14622373914182 39.43678125227382 47.2950147792784 67.05792344361271 53.16474080114101 3.7695428957974024 47.536633901012245 57.183140382131754 64.41113289022647 11.337329145369685 17.609152687329253 82.33341085375764 8.486126942948648 55.321064333713764 94.61631043066303 53.864367008235405 90.14561198121694 66.61943991146468 127.15401331096609 96.79468859189441 70.46331929367742 54.366772778362545 57.803214357449704 118.02711588389262 84.56979515786142 52.61693710319066 27.926251729460116 34.43908607818807 115.17535023311231 80.57994847120027 45.9972740136299 11.542298926785625 23.357106822417983 119.05068215079942 85.97955106294867 54.83373508171439 31.872101082280754 37.679705074346806 129.04828107212552 99.24748759474943 73.76624211817227 58.54607499723029 61.71399403042103
38.843735962770836 30.076595640380066 29.13129911402808 51.040565656855534 19.51531421436623 7.77009707432607 29.7686040225883 54.99694909673142 0.0 52.332014997914115 34.79176845784534 18.957834396060136 68.39632396471784 22.317910505816403 20.20616837589669 42.47209579553242 38.15276804982344 16.115691216748353 53.87389343777867 10.333082552562585 21.627010452588486 35.88495268664618 22.116998527314305 15.648745157730973 17.30041785735913 17.69306760253203 3.2946506510553824 58.098550762509426 14.781942077374296 15.760627381262301 37.44243057651024 55.074486352938365 71.8446554237284 31.350031566357444 49.51700170977861 21.46710638826579 40.62652927648373 16.454151959300532 37.50353520369764 13.067007590533718 77.92965804409727 55.399530809516286 49.59830521584172 65.15890731327235 91.79423717759065 63.935143127237524 33.19650974920396 22.608844861529153 48.11608199013334 80.7093594306317 60.81716762707415 26.769481969022582 11.3725921667894 44.010452636759396 78.35405178401983 70.0437710844223 43.73695012350242 36.256610160534436 55.77627444131117 85.45334303778141 87.80569202759257 68.49004786969688 63.77075775867547 76.40227887108516 100.01341245332861
82.73854360544404 47.28523494663136 23.275736054608135 2.576919134513897 61.54996562748815 57.845163316624394 22.603252840983956 9.657105734517813 52.332014997914115 0.0 49.414395951881914 61.82355629139826 17.348474442144045 74.31776542729926 62.48675111402764 57.289098989354386 90.03687590828233 59.75301467154409 102.39295615570956 51.66357007674 58.49441699632977 44.952802104584755 42.25834818063236 37.444834255934815 41.98556442671789 66.29093170126355 51.01103761870399 9.426243003403114 42.69656674632296 51.95906589207351 67.484497193456 3.2685414197484706 24.968334237208552 81.58174358447475 3.760666160801758 56.40933478472938 92.79212182663117 54.12747000393244 88.93449646058573 64.75062488925262 127.41142267151827 98.593284839488 74.84904985357424 62.2808475846149 67.45522183153996 116.18763740595621 83.73575013506048 54.0242173310533 34.93404799847469 43.78345355321064 111.08547105661785 76.56862561138199 42.194555952900956 9.636402443045718 28.28769216417903 112.93795434816258 79.20819190171952 46.7732771036862 22.279741756505175 34.63928390773322 121.42710667586961 90.80309409611992 64.34803213844752 49.30460694042019 55.82138456355272
39.266528627353786 4.86242965119229 33.656672486814834 46.982803894642245 24.64575314035639 32.51464045527993 36.10799662557874 45.544237723462565 34.79176845784534 49.414395951881914 0.0 25.517076005502805 58.793367532608215 45.25837072875406 25.14575363785615 9.35977462148813 57.0865792075252 50.871564420150136 60.81311922044883 24.95911652478579 19.331937521430753 4.943371993321724 14.383407696176311 27.607193060192962 44.01014089379207 33.48564835756936 31.497516807694975 49.30782478318311 41.87740396500285 48.60931811805277 19.177355411771664 52.66647130823759 56.769160292634055 45.954524739926704 45.65378199790226 17.514581157158954 60.93337219515098 20.449196574893374 54.582966738482526 38.05404432816432 85.31625896991265 52.59958789114202 25.48360975501237 30.44597188954135 59.99454275808349 82.66647008065421 48.22538448501111 14.576824841981125 22.229116420836935 56.30841048952728 89.30564027911456 58.79582621113693 36.51345904869887 40.05431214850913 65.34749321708665 103.46040328064254 78.48844582969339 63.33716479686585 65.24979690251402 83.05573299008611 122.55309924888982 102.15670991160584 90.81531184339758 91.94315958606505 105.13973829151344
21.681557753393523 22.368328943823254 39.51574211156403 59.936637923751455 0.9488850063863774 12.02054401160341 41.14546029247359 61.6361136041188 18.957834396060136 61.82355629139826 25.517076005502805 0.0 75.59242166945923 19.84733505721115 1.256187072111426 29.86892419096441 32.064688792375826 32.842946486127744 40.59121324622995 11.38383773291271 6.219611795953819 29.004139233635165 20.6991042374642 25.87599375351977 35.50889404214975 8.051400297170964 16.869780599814973 65.22788420429832 32.905336645500945 34.54902281229056 19.80642287225866 64.95098100049067 76.44575059115024 21.42270613743546 58.39580684387427 8.04759668546255 35.76633974064122 7.7742708476970535 29.881532183174 14.17642005118317 65.65349496309416 38.31451801651465 31.944637046006193 54.477096439119606 85.49786483769842 58.28572256889275 23.732475118286512 11.139552577205112 45.604859659020995 80.18959504782877 63.885586881560904 35.22913227366718 28.207382009114536 52.39334049683931 84.19803410014126 79.76697694874026 59.17387621799427 55.09193732977525 70.45205751474772 96.36731901173899 101.19932021408337 85.69987465360848 82.71853751028142 93.4610411296364 114.1152829237112
95.47503815627938 57.89628321823136 39.361513028938596 17.793391446380898 75.18078727448805 73.23345598826172 39.165990203038675 13.956998322668584 68.39632396471784 17.348474442144045 58.793367532608215 75.59242166945923 0.0 89.87856189919529 76.0823774953718 65.0791491102551 105.36669818556031 76.86148685581723 116.0170218298437 66.3576930491139 71.43827928966135 53.91178352630281 55.091571443209425 52.98646597464258 59.19838886923394 80.9529172072342 66.7301657083425 10.42531434979667 59.778819342934035 69.17598536347425 77.84893840878425 15.93778382776516 10.738336280439885 96.24355621845655 19.205278148123927 69.24718999827391 108.34842362563535 67.82020772846457 103.99873869446397 80.30159546912427 141.10257459953866 110.54005640930076 83.2049206266191 63.417669451477835 59.29021858128584 131.77312582094038 98.47206765763792 66.51447303241842 39.32477249304172 32.611898685164846 128.0059588799001 93.41906294605836 58.852113981791106 24.39006978246299 11.001539589027788 130.28468540191506 96.48979011344377 63.571243073560204 34.163859562594816 26.22744096065199 138.31067961059608 106.9868651781353 78.4686982090724 57.12517773294507 52.5741126346405
25.481660125760566 41.764755943084694 51.04207547885118 72.8766693211731 20.765328192980135 16.660281927795413 51.89751217832445 76.17733267175204 22.317910505816403 74.31776542729926 45.25837072875406 19.84733505721115 89.87856189919529 0.0 20.437720758957813 49.55709972968482 15.835430418131734 25.642668450874634 33.56517566769545 24.19260405219002 26.061888114372678 48.432936402252004 37.82975012586388 36.95784650426251 37.972810013902304 11.800778960417077 23.30750809271054 79.47972459992656 35.80371813314539 31.7527576429328 37.2438456501239 77.15476685100928 92.36826575195875 11.307824242675055 71.33497402767185 27.749532971393762 18.488803817172922 25.5312316109572 15.366503110040531 9.584554881796542 56.37005290532862 39.499267794001554 48.34900105959546 74.22859358707723 105.24716985596342 41.91376320106574 12.345477796629158 30.706842833547235 64.2515499423027 98.53154439826216 44.055561630854484 18.298911251761723 33.52098315081741 65.63010731178709 99.42743170721504 61.073392447525805 45.90751265389876 53.66427005078101 77.76259866275964 107.7450849408194 84.40297294000995 73.9611936313415 78.81244933664559 96.6814039075666 121.97513366815664
20.748213342267388 22.19232178056995 40.3194304820806 60.569262336918136 0.9488850063864361 13.268973831536087 41.99251304334795 62.12571539644058 20.20616837589669 62.48675111402764 25.14575363785615 1.256187072111426 76.0823774953718 20.437720758957813 0.0 29.151761649165636 32.163812313312064 34.07157222131325 39.9981529214095 12.441710075838028 5.827249131370501 28.787378702276843 21.07481926649265 26.800184094228918 36.707224967591515 8.711619183012516 18.08718819725972 65.73760881265426 34.1031068331548 35.80481810242008 18.660219959958017 65.62957951099573 76.76872570294677 21.348492762059312 59.03201379656693 7.849488748412285 35.92190306993772 8.359971440454013 29.881532183174 15.199410178197507 65.07917404497422 37.331074808967614 30.769424879206216 53.80282499517131 85.07390055870012 58.25545914341256 23.658736693625176 10.983056436050266 45.56724306151767 80.16841121406938 64.4158136508838 36.17313918817649 29.367238913880456 53.02087528948416 84.58623696299775 80.63715854011184 60.33114283426884 56.321722882578264 71.40882547710493 97.0623431471694 102.23711193940822 86.91176384790064 83.96189655924783 94.55296502176863 115.00280020222432
38.43103628656836 13.89647427270759 42.874345599582334 54.785405508128974 28.92478056085014 39.01031146759192 45.34163690409103 52.45463631609142 42.47209579553242 57.289098989354386 9.35977462148813 29.86892419096441 65.0791491102551 49.55709972968482 29.151761649165636 0.0 59.477479560348534 58.567774144770404 59.77954759206251 32.243281233062284 23.82071277503782 12.59400097154747 23.491764234984824 36.78389918693607 53.012139063090416 37.861122008114414 39.2197393009597 56.162344548952746 50.7974360325546 57.012049543809574 16.372000065432893 60.496706144379395 61.77468271813248 48.153539512560634 53.54474059553387 22.6292699282217 63.462158003139294 26.78455183520655 56.6606067079846 43.60987511253331 83.38042378183555 49.428213067305165 18.134299659667185 24.686206704566054 57.31331589570152 83.90676027902269 50.3029679483599 20.37848018575373 26.36334636236494 58.048422154468206 93.35551847183767 64.72949545131077 45.38039027653344 48.20445571447533 70.5887864219245 109.43913587847521 86.14876659649262 72.53309770284947 74.12992171027832 90.13431686693825 129.711883373005 110.56812516331485 100.10049664117065 101.04241717912377 113.10920487097205
25.537207157494592 54.354823182507864 66.77100420957329 88.54037999123008 32.817228812710596 32.2089828235763 67.686690630774 91.57247263424004 38.15276804982344 90.03687590828233 57.0865792075252 32.064688792375826 105.36669818556031 15.835430418131734 32.163812313312064 59.477479560348534 0.0 39.2216277969777 21.841290882353974 39.14806242723356 37.956567956937214 60.92945471264092 52.06239485891975 52.61057254104687 53.41742047661078 24.967688720393724 39.06719639708402 94.9477333441909 51.360016464483515 46.32860406628255 44.64615619075518 92.9076697130556 107.41727417350484 11.32464311175072 86.99420200112388 40.01219666577627 4.032921237556449 39.14216063078271 3.312319144918154 25.312508850496897 41.63478102419381 33.24409690307821 53.588422044361366 83.86359153701446 116.57323450480627 26.536112475492835 9.236951730065096 43.14315011377827 77.66721083401866 112.24042938370795 35.860125083223394 25.72485679859926 49.319678565010435 81.22767927328253 114.70956287917663 58.981113870462984 53.23981595838966 67.71251094674297 93.43602195486018 123.57344448208286 85.33762427573676 81.26085434565341 91.20783096229835 111.48603524403714 137.6013420012037
49.02098382953278 46.119930016733925 38.32315638887202 59.06814422563375 33.61235023983485 20.9112759249314 37.95314190862065 64.52923856747542 16.115691216748353 59.75301467154409 50.871564420150136 32.842946486127744 76.86148685581723 25.642668450874634 34.07157222131325 58.567774144770404 39.2216277969777 0.0 59.09921037887445 26.344244355229417 36.84756667558598 51.7384715134069 37.73703184570381 28.165030521578547 17.882121024957936 28.31843897215218 19.39786024393551 67.09795146043147 17.082899987841124 8.218499995419146 52.41565835882392 61.96228018784159 82.03874394481886 36.899733865904 57.669941281085 37.057510785748505 40.219504731946934 32.20466306796899 39.94360184229286 20.81951954684398 80.854394718672 64.49611990559809 64.62850876624132 81.17091309528634 106.74909106494569 61.59884162127524 37.97252970831617 38.52583901538319 62.62107526419687 93.55955001021854 51.49462641435063 17.59777660884169 19.039974747566404 53.01144442469922 87.48005227692063 55.761421433246156 27.62463520682056 28.491220522382118 57.05456730084611 89.96411773131835 71.88400303573313 52.93584085928506 53.21561336237048 72.50106665827786 100.37784979496702
21.572129716546208 59.724631881904195 79.79461055773277 100.52569012183275 40.919237332314644 46.49539174262948 81.22716524247457 102.06728415014126 53.87389343777867 102.39295615570956 60.81311922044883 40.59121324622995 116.0170218298437 33.56517566769545 39.9981529214095 59.77954759206251 21.841290882353974 59.09921037887445 0.0 51.015227347975234 44.631212002814365 65.49459511512987 60.92679101536495 65.73361988075764 70.75988370151077 36.82162811786359 53.6583492768786 105.70301543222216 68.39957495563395 65.27721588398174 43.408018483424144 105.50134760134353 116.18798564434475 22.725253400293006 98.98378076598509 46.8429714435561 23.462358728621552 48.338742644352045 19.842558363695098 41.09852003876085 25.088025952457848 15.99357151541099 47.71825421540898 81.811499269906 116.20698435116348 28.76193091274943 21.256046107191523 49.7115542581339 82.97894950921585 117.02402232245457 51.35828354322448 47.388184189324484 65.1799020147996 92.98393498545616 124.25142902649044 77.84972631622969 75.08097926260463 87.22656140088095 109.42823486548427 136.87713526454692 105.33647845953703 103.08329753564347 112.03216666146422 129.8880059838208 153.57483327938382
33.01606948879904 20.433348020052026 28.792129185684416 49.95238672594367 11.54034181046956 8.217319086726146 30.22164131433303 52.494291644644896 10.333082552562585 51.66357007674 24.95911652478579 11.38383773291271 66.3576930491139 24.19260405219002 12.441710075838028 32.243281233062284 39.14806242723356 26.344244355229417 51.015227347975234 0.0 11.935487561595167 26.670558133060947 14.02681865442514 14.754939196121832 24.808939603763214 14.649612346702309 7.221547099553662 55.932623987979945 22.221099633495456 25.736514840488883 27.61958664110745 54.69678749810191 68.30124727236637 29.96486732867241 48.40100098760205 11.373269404295428 42.34905143871773 6.309686231176902 37.651362730216235 15.055883074049149 75.89292152473618 49.68117509384298 39.642485532867745 55.4044947579645 83.44227524905723 65.66902095042012 32.158900978203185 12.280935077534755 40.77130946348577 74.62325267002204 66.78052247520529 34.35201383803849 17.185241821291932 42.49062516945466 75.567340347222 78.74884593775255 53.905552849010306 44.77780546663422 59.15327920095116 85.95338481314215 97.66037314132065 78.81205072921391 72.66279007837828 82.11682926503826 102.96221199235161
24.24969686901235 16.40784808604519 37.09536275754676 56.46047915272328 5.32318225181238 16.094904047623125 38.98485168553824 57.50657937816435 21.627010452588486 58.49441699632977 19.331937521430753 6.219611795953819 71.43827928966135 26.061888114372678 5.827249131370501 23.82071277503782 37.956567956937214 36.84756667558598 44.631212002814365 11.935487561595167 0.0 22.97545742135172 16.388794011218227 24.48210899629366 36.68817409570167 14.26167118014363 18.87113094135765 61.17519329277216 34.1132269644443 37.35860012068528 15.818246708162194 61.6915693483098 71.6641702216481 27.03697806907949 54.94229013154441 2.2241123132326615 41.7349640062817 5.819619469520898 35.615535053156215 19.83601116113483 69.69622834652995 40.28300852372554 27.977077263797018 48.34824169874816 79.29204023672956 63.94295507937446 29.341412431197295 5.290545688347159 39.8737466881608 74.47614307461852 70.10482109180182 40.979481721854135 28.9618429360733 48.919292846809746 79.63821018256051 85.64736058108187 63.8582195032552 56.701549053577075 68.89884451779668 93.13338568749275 106.540680172244 89.75769534034008 84.59719403465138 93.01419585198143 111.98799062892417
43.988796220622454 6.669685110875552 30.60519930736548 42.48488764605234 28.18882293803768 34.63430956951796 33.091877207553125 40.75471994728591 35.88495268664618 44.952802104584755 4.943371993321724 29.004139233635165 53.91178352630281 48.432936402252004 28.787378702276843 12.59400097154747 60.92945471264092 51.7384715134069 65.49459511512987 26.670558133060947 22.97545742135172 0.0 14.107067305064467 26.5780724400013 43.190905700287175 36.7850778676306 32.61713961081999 44.5112396226941 41.24366087766453 48.71019176721153 24.119803670270088 48.18763877796578 51.82843938901032 49.93359318569362 41.19543565489028 20.965993087274995 64.70841025355953 23.063849078878754 58.54324414388082 40.67118053305288 90.09638451921774 57.52191928924489 29.916998208315693 29.599413050650703 57.02689376215883 86.77985617120682 52.2259204153284 17.866288041668444 17.48473312866357 51.83706874242033 92.35344711733954 60.96546307168331 36.04512666385138 35.728834306810256 60.404329494502015 105.41607385228066 79.22396840670935 61.92827347298161 61.55136297274724 78.33782519009833 123.61538681389034 102.01151030310044 89.03166784404256 88.5529942752348 100.75382366192375
40.598445820673106 9.607907265037637 22.086048146716326 40.16187837074507 20.200814350633884 22.23992344780813 24.300685864542615 41.14622373914182 22.116998527314305 42.25834818063236 14.383407696176311 20.6991042374642 55.091571443209425 37.82975012586388 21.07481926649265 23.491764234984824 52.06239485891975 37.73703184570381 60.92679101536495 14.02681865442514 16.388794011218227 14.107067305064467 0.0 13.295097235488196 29.62726311551754 27.095021766649296 18.924835167056244 44.80027938777965 27.513183573935663 34.62585076879823 26.67609339068025 45.483024001886236 55.75403318205162 41.93885636657775 38.656933651807144 14.233916867614552 55.51403575916278 13.045921100832278 50.18709012008867 29.00667524803727 86.01124266962756 56.336166203692066 36.666374153851294 43.70253973399511 69.78703732947453 78.54564124924431 44.23272415488833 11.768741926937363 26.745578333938596 60.72068764249933 80.80601659606808 48.09801810545597 22.18271195753336 32.643106632542846 63.51313602810968 92.07875401589921 65.14905620996774 49.041930160383906 54.41168172705812 76.88276860475291 109.61733513295664 88.03046991992298 76.66490587891111 80.00245396891604 96.529882298774
47.5446755690786 22.890921936532994 14.243092983859219 35.93244795068784 25.85829494637195 20.40505297245291 15.499801962008686 39.43678125227382 15.648745157730973 37.444834255934815 27.607193060192962 25.87599375351977 52.98646597464258 36.95784650426251 26.800184094228918 36.78389918693607 52.61057254104687 28.165030521578547 65.73361988075764 14.754939196121832 24.48210899629366 26.5780724400013 13.295097235488196 0.0 16.61576163058449 29.09248011185322 13.744996874385427 42.62460493449775 14.759398888494148 23.168123601511706 38.24818308773409 40.36796688600524 56.19664448189053 44.27788023274224 34.387740095275106 22.930525414092134 55.446555797282805 18.940599074301335 51.493476507766104 27.373724116736657 90.54027715556184 64.11464491678437 49.179685337332685 55.86951815975922 78.86046234366593 78.87078961590454 46.388666360553984 21.864611235912633 34.627446168271575 65.68793479450785 76.37584931558987 42.04920261117979 9.89211460472486 28.677967711211302 62.784163148884325 83.87830856818248 54.40028426146043 35.749705576587495 44.62647433883727 71.41311656036595 99.13341299469104 75.66773747720214 63.392080457293616 68.60234458561443 88.2540874306034
56.09779674726702 39.206866240115545 21.751591725655025 41.42465049200491 35.900642185807754 25.06543954680127 20.87297948566921 47.2950147792784 17.30041785735913 41.98556442671789 44.01014089379207 35.50889404214975 59.19838886923394 37.972810013902304 36.707224967591515 53.012139063090416 53.41742047661078 17.882121024957936 70.75988370151077 24.808939603763214 36.68817409570167 43.190905700287175 29.62726311551754 16.61576163058449 0.0 34.98957755019356 18.682171104602208 49.644634095362456 2.604387886762742 9.978019608464823 52.0788160437647 44.118580310526276 64.89688533543074 48.06202508529607 40.071096117722604 35.82487447609187 55.25102673328859 30.907835900629152 53.32326295096796 29.661700832584167 94.30875973447499 72.68909346006227 63.78119520795221 72.43722679631826 93.9203769076504 77.82828339010206 49.727851947768954 35.82326060024808 49.8856885071077 78.03003916713241 69.37555572997505 35.21382107704318 7.868408779751681 35.75840766162387 69.93045674196865 71.84282413359345 39.81503219207582 20.09797676929123 40.21774514902364 72.29005361956561 84.27628803322615 59.23267890327047 48.055559225369514 59.20280645722208 84.23429710852808
21.375102375529476 30.11796733309737 43.2940373994199 64.59859467851891 8.976903473967473 9.96020785967552 44.57876573132289 67.05792344361271 17.69306760253203 66.29093170126355 33.48564835756936 8.051400297170964 80.9529172072342 11.800778960417077 8.711619183012516 37.861122008114414 24.967688720393724 28.31843897215218 36.82162811786359 14.649612346702309 14.26167118014363 36.7850778676306 27.095021766649296 29.09248011185322 34.98957755019356 0.0 16.95424306526424 70.53090848134934 32.4744682225943 31.781298761776306 26.57620973712352 69.30431972321756 82.56819988073707 15.316111066661414 63.04708729783639 15.971080118694259 28.452263923146457 14.239990535816597 23.1867182416628 7.6858547271843705 61.473622667309826 37.770934208949214 38.32900328971313 62.50130678899077 93.48019063909048 51.46864316642323 17.522299482050332 18.970885208101784 52.98690167119793 87.46532323455752 55.85155895589109 27.80447155724894 28.664006535531996 57.140235684429605 90.01795614515962 72.04238803463959 53.14875140539359 53.42544654915714 72.65377734703553 100.4871576183063 94.13304520472654 80.38667157317391 80.36004596465672 94.0648194704346 116.76205200085474
37.57147743769625 26.782832736961602 27.735346441085195 49.591123737060805 17.31626851123674 7.190059372477187 28.62289482540513 53.16474080114101 3.2946506510553824 51.01103761870399 31.497516807694975 16.869780599814973 66.7301657083425 23.30750809271054 18.08718819725972 39.2197393009597 39.06719639708402 19.39786024393551 53.6583492768786 7.221547099553662 18.87113094135765 32.61713961081999 18.924835167056244 13.744996874385427 18.682171104602208 16.95424306526424 0.0 56.36920397777495 16.085423489045304 18.546636383995153 34.671464586213446 53.85084607456417 69.77725684822782 31.44872663837998 48.052763004405186 18.529452977412056 41.78292622051124 13.473514772628592 38.1484113080826 13.755261466090884 78.04522008569171 54.23735217906394 46.7668319478203 61.86594358496081 88.67054520177093 65.19058602509666 33.42684434968628 19.486999657582086 45.13291707582083 78.03246162607866 63.27724198268193 29.560241450854882 11.766858796171391 42.402389400090584 76.50045004656127 73.16871569364899 47.021975489618875 38.253076588694825 55.77056593873474 84.57092082016972 91.09714724129684 71.6174016681342 65.98623887493105 77.29220357607026 99.9437604790579
85.28771127868013 48.06371194737794 29.189954922961753 8.66005269007432 64.83081010509022 62.828764920543044 29.18995492296176 3.7695428957974024 58.098550762509426 9.426243003403114 49.30782478318311 65.22788420429832 10.42531434979667 79.47972459992656 65.73760881265426 56.162344548952746 94.9477333441909 67.09795146043147 105.70301543222216 55.932623987979945 61.17519329277216 44.5112396226941 44.80027938777965 42.62460493449775 49.644634095362456 70.53090848134934 56.36920397777495 0.0 50.03960919468426 59.59125951270695 68.18063191294692 9.986699508202122 15.760811080354129 85.82480521398092 9.750741327164757 58.99595774385601 97.94287224599516 57.45376081746385 93.57353205804654 69.90689911707278 130.79100982475524 100.5381298123969 74.19121672239837 57.40689445925637 59.00474748367772 121.36516028404891 88.05107450304102 56.31447756966061 31.37655366475418 34.532519880117775 118.00077273211048 83.39711894185179 48.79375927206365 14.192845157748888 20.418060072310006 121.20385796247297 87.83065907403184 55.972439464083415 30.764315435123148 33.982525621074664 130.491519285894 100.15180319412931 73.67174525187919 56.74031815640238 58.36263061598529
53.53593380200522 37.049724317197274 21.55291989877939 41.985571608670185 33.296254314413055 22.533644687709124 20.965603907906623 47.536633901012245 14.781942077374296 42.69656674632296 41.87740396500285 32.905336645500945 59.778819342934035 35.80371813314539 34.1031068331548 50.7974360325546 51.360016464483515 17.082899987841124 68.39957495563395 22.221099633495456 34.1132269644443 41.24366087766453 27.513183573935663 14.759398888494148 2.604387886762742 32.4744682225943 16.085423489045304 50.03960919468426 0.0 9.764263899483863 49.54574914185977 44.96773810573434 65.09560738716205 45.728187514794165 40.58752391134178 33.277335854877904 53.30487110812877 28.342109570219 51.168999488839056 27.310024936211768 92.07720337627148 70.14218745543474 61.28965721397149 70.62363799437667 92.81031702672365 76.04919715800315 47.433580624370215 33.335286531366876 48.65563338875699 77.57791288489751 68.42289517268759 34.033451057305996 5.45094936833544 36.00005219798035 70.40702037855712 71.92295131512275 40.558386280995144 22.62518143107025 42.11483512019408 73.6903263992663 85.18865737672913 60.910076280464075 50.574416047959396 61.64665314939168 86.24182424823876
53.11172383811066 43.75222132169862 31.313255532242227 51.39977410510995 35.16634630440928 22.713964166826045 30.65679411386449 57.183140382131754 15.760627381262301 51.95906589207351 48.60931811805277 34.54902281229056 69.17598536347425 31.7527576429328 35.80481810242008 57.012049543809574 46.32860406628255 8.218499995419146 65.27721588398174 25.736514840488883 37.35860012068528 48.71019176721153 34.62585076879823 23.168123601511706 9.978019608464823 31.781298761776306 18.546636383995153 59.59125951270695 9.764263899483863 0.0 53.17641957149619 54.062895345141435 74.76855360815 42.66973989900793 50.0408628334901 37.07596862109976 47.6664956589528 32.017892171832706 46.71615179555715 25.034349102693252 87.82836689884262 69.22233103243897 65.30246997152103 78.30623503268782 101.95142320681231 69.52344869575863 44.02118879157846 37.90842059773362 57.71533407556541 87.29203496225728 59.58282339941609 25.8118502090873 13.313277920147893 45.640860175298236 79.89859733985213 62.15870077313468 31.25641676491313 22.02430512061283 48.86740593721138 81.76688590010365 75.98858945632992 53.57222415105699 48.58508626642101 65.16017149194329 92.33631584428981
22.131004753077082 20.233409431802368 48.75267444597269 65.1622359874038 18.951807563574945 31.509680979122777 50.976181283881296 64.41113289022647 37.44243057651024 67.484497193456 19.177355411771664 19.80642287225866 77.84893840878425 37.2438456501239 18.660219959958017 16.372000065432893 44.64615619075518 52.41565835882392 43.408018483424144 27.61958664110745 15.818246708162194 24.119803670270088 26.67609339068025 38.24818308773409 52.0788160437647 26.57620973712352 34.671464586213446 68.18063191294692 49.54574914185977 53.17641957149619 0.0 70.75294888156037 75.92640342051398 33.43899135174824 63.75074415643369 16.295885603264367 48.677891917779085 21.323912128858606 41.62159847683864 33.75297340043067 67.1408484456739 33.63220215872629 12.215080279872453 39.52395504787531 73.27980302344952 68.05906905216993 35.41367381329989 16.464172591108486 41.022663720959805 74.09114772928547 79.68746821970623 54.372843013224134 44.244045943254655 57.90924989937696 84.52362346854524 98.29528223322953 78.98012886629412 72.17001520791867 81.07967395391186 101.6566183504253 120.69572245536052 105.3484898728198 100.1189719776967 106.5080753523885 122.7142575747308
85.92947818382669 50.553509451858496 26.14493269552008 5.711314268169032 64.69074647737858 60.74494891089158 25.305906492102253 11.337329145369685 55.074486352938365 3.2685414197484706 52.66647130823759 64.95098100049067 15.93778382776516 77.15476685100928 65.62957951099573 60.496706144379395 92.9076697130556 61.96228018784159 105.50134760134353 54.69678749810191 61.6915693483098 48.18763877796578 45.483024001886236 40.36796688600524 44.118580310526276 69.30431972321756 53.85084607456417 9.986699508202122 44.96773810573434 54.062895345141435 70.75294888156037 0.0 24.63488656311245 84.57780003246603 7.018870381951897 59.61524720681306 95.61146915175235 57.2728410136452 91.85741941410497 67.60323049231131 130.50208454046384 101.81913566406492 78.09130501593125 64.99338941742198 68.88252779549471 118.98449470769518 86.71839142297709 57.250998812335474 37.81669398577027 44.467469553361 113.39052690956618 78.94387843034652 44.7405086121717 12.889650912548241 26.93373184259242 114.59133253973211 80.64353731746053 47.649074776503376 20.792694425415178 31.449730593943706 122.38700900731392 91.28962869398634 63.90481201351046 47.2087497155644 52.61482169055307
95.08145770539335 56.76562177462283 43.74609964540577 24.420862807364134 75.91771240627082 75.7669151529835 44.130034379692205 17.609152687329253 71.8446554237284 24.968334237208552 56.769160292634055 76.44575059115024 10.738336280439885 92.36826575195875 76.76872570294677 61.77468271813248 107.41727417350484 82.03874394481886 116.18798564434475 68.30124727236637 71.6641702216481 51.82843938901032 55.75403318205162 56.19664448189053 64.89688533543074 82.56819988073707 69.77725684822782 15.760811080354129 65.09560738716205 74.76855360815 75.92640342051398 24.63488656311245 0.0 97.64452592102545 25.46764966472631 69.44050122345692 110.6491149940116 68.7857103781398 105.75470337932245 82.90744623153624 141.1557397296705 109.31065392559779 79.79663752993314 56.400317015986566 48.880428172804976 133.95197480278154 99.92619711235419 66.4996532733937 35.41198388225149 21.923937159978262 132.3882653799541 97.83965784234522 63.35138582763226 29.138481928219395 8.91951653012632 136.6584449228815 103.49349828198413 71.70153141807987 44.34125430280942 34.43858103487753 146.25217533156325 115.75878305750595 88.34745738094247 67.8618516212835 61.64388774782477
16.164619850926627 43.430588033307075 58.513364268183715 79.90751651499971 22.086456103797172 24.264844690593247 59.71156104681807 82.33341085375764 31.350031566357444 81.58174358447475 45.954524739926704 21.42270613743546 96.24355621845655 11.307824242675055 21.348492762059312 48.153539512560634 11.32464311175072 36.899733865904 22.725253400293006 29.96486732867241 27.03697806907949 49.93359318569362 41.93885636657775 44.27788023274224 48.06202508529607 15.316111066661414 31.44872663837998 85.82480521398092 45.728187514794165 42.66973989900793 33.43899135174824 84.57780003246603 97.64452592102545 0.0 78.35593074958598 29.163570521225328 15.324158144441679 28.894222622746337 8.628887900677118 18.420384276288242 46.614564104357704 28.431691606250556 42.87940322565061 72.55180209108474 105.2792637896391 36.91152399989463 2.3109187671195177 32.296663957423405 66.90039667809323 101.5042169777738 46.459540565366446 28.179155401233285 42.713927496047575 72.45504342983781 105.21324036189579 67.53485877005626 56.34260703081204 64.67467598653462 87.09724558949384 115.68854217631014 92.57282775115199 84.53684396839651 90.09962048075387 107.1639832425865 131.32026143899463
