0.0 14.56176865512252 63.34286425183091 37.386952588820556 54.653652385431144 52.58121252521815 34.2344936005649 20.08153699779768 39.481437724705366 27.576692443786115 85.50399411645648 59.52527138744967 15.146181606404335 40.31873954887905 30.26709986537243 49.45660515756033 23.00914993525889 84.73565831773975 55.53824220353066 79.18286846191303 69.11037404280083 31.17156243804762 61.93479869993727 35.60072311807303 56.873368583754434 41.109044668409005 28.237988810996395 72.78955036192077 21.314562154330535 34.778146683725986 77.58848370448632 64.30441871966609 18.307911890924057 21.532541807017505 35.56972004249632 45.128092648853325 31.236114260032085 69.23085670642416 38.3590989286555 69.79770240947623 126.96109549107074 100.6641077710938 80.8835872810118 73.11495104489946 80.8961477398574 112.88490979138456 82.39044915494576 56.81710314787902 45.420195447859136 57.381346669753746 104.61707533530112 70.75626507270852 38.249364490825776 17.732088502653106 39.50554749969703 103.55873520554694 69.19648733363734 35.309326490486406 10.009778775471537 36.72186352981872 109.91839266385072 78.31547166379848 50.78779031487327 37.68703591708762 51.53690130078724
14.56176865512252 0.0 52.206045709407505 24.078702878510448 40.09214171152919 44.78295950930043 42.19864753163036 12.961457448627707 30.14271070179552 20.555544956824523 72.08226912815341 44.96511819393764 3.8041065151401865 25.797057238501658 15.749930908225005 56.36192145230933 29.583785398885226 72.45439628895683 41.26053771149582 66.26408515115757 54.581166738748195 43.42240552051324 49.808720545373376 25.439950450923284 42.312198380483146 32.328194118991235 25.290194039954926 60.246431630371426 15.212134514901265 25.746162987968173 63.465734023726036 50.001780605061505 3.768611537223747 19.309757335352668 21.068307108058573 51.57639795493713 37.12151332994197 57.40887010882885 26.46438699814834 56.59803105640954 113.80768645676909 89.19040368697783 73.16026226955977 71.72640445225554 85.62527355248736 98.69306737459925 69.08384439028629 46.900452946032715 44.96160963658394 65.10191333219137 90.06918699601056 56.210982333772854 24.53040573331385 20.944146145619793 51.67614432132846 89.82590600232302 55.82393463343756 23.63854879011448 19.90229439177451 51.266681942821755 98.02565420563471 68.13583106690432 45.50577448906107 43.518743011410386 64.12338044400721
63.34286425183091 52.206045709407505 0.0 29.572111264641077 36.78484999232851 18.493971550046467 65.3204364865153 61.5630824538755 24.385118990651325 36.67186953451993 29.170378753433813 38.54646975570574 49.51540504108849 40.8857545097585 41.13167773911934 69.885294790938 57.87331727403264 22.686219143452384 46.44533568804143 20.63749365495675 44.614496209591884 77.48580819255416 6.678127947982294 27.75336135357811 36.8786863297419 23.52529685993845 40.49599218102461 13.529449013344895 42.50022441917879 28.961185240979763 31.298136123392602 28.868115405889387 49.290721209185556 69.26871205846635 37.965201376817355 65.8646902952613 58.34942891644045 7.223221243928638 25.760274099111232 16.736153733649534 66.1922919319606 37.32329486392226 28.275030636687 50.997711373237784 82.44328937308562 60.395159313900464 25.805469122088034 8.895144493893719 43.441677516185266 78.03902540504787 67.15735689235163 38.99407355890214 30.427005439504327 52.210202515987035 83.19161936550415 83.48039415962468 62.9033067083277 57.78811209296836 71.5324815920721 96.38006051081207 104.99538912342828 89.30088100273291 85.55685020766394 95.18410343580673 114.86846448734977
37.386952588820556 24.078702878510448 29.572111264641077 0.0 22.629705028621636 28.602154687484273 52.64930456025949 32.06513612058003 15.139506778843392 18.31194850057915 48.15488817564737 27.376514601335426 22.314791308251454 15.308834048682444 11.616040771846645 63.127861252625515 41.298015101055164 48.52695723403227 28.955298985739546 42.18539002241095 37.33011575627035 59.95581195482474 26.15642543065527 11.364097783497321 24.468221674584548 17.623918934120073 26.18319491099128 36.24951598236299 20.665629033320194 14.355335873886535 40.6194872565895 28.087401584245782 20.668173950375444 39.78623473368022 9.630891940291793 58.266823584837574 45.77356691091481 33.900070054495195 6.309089019703032 32.55278069004225 89.77910365926212 65.67012980957345 54.40258036924707 63.257504373108794 86.24487970108227 75.89336709281228 45.09114872964561 26.48510737983345 42.00655694473684 72.26673808818053 71.0708065033853 36.48256923007573 2.39803006079573 32.79295059426611 67.37847608207953 77.03309073574691 46.96705978297091 29.538951775323184 43.977630342135726 73.41901388640774 91.69986527250855 68.24911771798406 57.46136465782244 65.88220069966407 88.16977878329062
54.653652385431144 40.09214171152919 36.78484999232851 22.629705028621636 0.0 45.64647134554981 75.03541567383449 41.45656410440955 35.987121665301125 40.8911122991583 39.33016428626173 4.9791461865507 40.14689980584909 14.650450840096434 24.475722267129598 85.75471573837119 63.29137260217297 45.85151505127968 9.683870542501767 37.28621140255273 14.99062157684156 81.1271871119289 30.403776117213276 33.45072702075787 2.2248963648502977 38.01199276294912 48.80861447431618 34.754574690158044 42.43135943728432 36.55345756995795 26.925984387010075 13.5757658876527 36.35128361283882 48.214132239647455 19.29743891783578 80.8963167502105 68.26260471233094 36.66864358739352 27.54133371394488 28.04234086172888 79.97162420701402 64.15777915147595 65.0519702975436 82.11014139587117 107.92205550830785 60.426773337405855 37.38104877357262 39.21890102162256 63.825802820906816 94.89033423910259 50.08230051533303 16.268918891699204 20.395399558437692 54.425367510361866 88.89950865081278 54.46146853487859 26.80093628094906 29.417233643521836 58.372098677945715 91.34590845673458 70.88591546197641 52.518132493268766 53.72429930067299 73.54761243659213 101.62188306990444
52.58121252521815 44.78295950930043 18.493971550046467 28.602154687484273 45.64647134554981 0.0 47.87253166620638 56.527206989143 15.005564060009371 25.135270347160105 47.661687780554885 48.99455565319604 41.31686577845454 43.59024089351748 39.069203008758215 51.45386378195033 42.0411965737265 40.23964485193011 54.431639286071025 39.12690146358473 57.20978220758395 61.1242192040876 22.759907527172825 19.997571145907752 46.579591100049896 12.570133670905161 25.779557900819988 32.014943198185165 31.409012493974522 19.0633027810325 48.44204181130936 42.47492796840527 42.915019156210526 63.77944606939118 38.22064487127826 47.533213094348625 41.144685017964854 25.637700544940284 22.434926074050555 34.26873273446233 83.38627436687241 51.81682964047543 28.487492812850572 36.509327457020945 65.18562009924457 78.88657269923549 44.28896843427098 9.735938006104593 24.95833816368707 59.54748684935834 84.15057419765526 53.0269347882596 30.614218172589673 38.17646869398377 66.12482919316274 97.61098821557337 72.35996342695697 57.78247445080361 61.939124639703635 82.02979171778581 116.45904454799461 96.09213866833386 85.43653933256685 88.08983186236028 103.02886870413577
34.2344936005649 42.19864753163036 65.3204364865153 52.64930456025949 75.03541567383449 47.87253166620638 0.0 52.97474930294298 43.549269017101594 34.41743123534417 93.53061803461125 79.90649864372304 39.5210231264441 63.59393206808898 52.95346762008447 15.314454434733195 12.651133899232724 87.83414720997976 79.6137511544938 85.44227447367118 89.91882279146807 15.656351319563163 67.43155893524701 43.40746106548409 76.99270033875325 43.12740264364986 27.03674624570761 78.22830777745114 32.83072909016401 40.54447609048306 90.44172207912038 79.7859272450438 44.461349170237476 55.7076808197968 56.986208809573704 11.461775453806336 7.139834815158542 72.5026674227236 49.17835193893942 78.3408567768113 131.19829669607535 99.398578087877 70.2991911116476 48.97642180750116 47.436464805363855 124.24581236873048 90.11350865265864 56.55718744820534 25.91977859726105 23.233657767981136 123.41147507692077 88.970307635426 54.73473752152614 21.700685085593612 18.460779119358726 128.81426858726425 96.25955909704648 65.82944713731347 42.37872074013643 40.65983646984854 139.73229569142765 110.32192840370358 84.92062180846371 68.16793108318184 66.910330654567
20.08153699779768 12.961457448627707 61.5630824538755 32.06513612058003 41.45656410440955 56.527206989143 52.97474930294298 0.0 41.57407135977976 33.2203422417236 77.76252069455232 45.80630569768658 16.754269097052216 27.03065331345885 20.86272785278863 67.75013113469961 40.707561480165246 80.07156209842587 39.53498732571249 73.01735402020525 54.351533022330834 51.2520925784844 58.136790875733645 36.63561455367441 43.61591381962821 43.95736680472466 38.2510173636337 67.72637830106714 28.147673499699792 37.5324256998267 67.38500479478856 53.53247492566198 13.717018638943928 7.722853770015767 25.355659752333555 63.10945541953259 48.6823609636758 65.90610257674487 36.18213267269987 63.06740196537463 119.55036862724165 97.58672543780561 84.55038041263137 84.67044455302859 97.89852419882065 101.81882352279662 75.060113400949 57.40873943989397 57.89905911049001 76.18158352999322 89.59533122481034 57.582733844341924 31.607894707421963 32.820522393104525 59.58317114705769 85.28291863806537 50.68090289857468 16.086827926246475 18.54380095258242 53.13956606649846 90.02596562900943 58.244412330250064 32.786995475658706 33.94703229554869 60.20509410130072
39.481437724705366 30.14271070179552 24.385118990651325 15.139506778843392 35.987121665301125 15.005564060009371 43.549269017101594 41.57407135977976 0.0 12.29813977067617 50.48314132002504 40.22322539322509 26.85910202103675 30.431764629349907 24.42039984549573 51.46829058377334 34.38457492515702 46.75719688574157 43.514173446934585 42.81409821312689 49.64303023435647 54.07717730691635 24.624879869465598 4.995751233994955 37.451007194528344 2.596946674874596 16.93145738137869 35.75934067433169 18.284996959910334 4.703514541532216 46.950441573125765 37.182630649410434 28.038781617203735 48.90534515931498 24.35013321415905 46.8307080595245 36.40943555375769 30.95409821718628 8.924106072412773 34.96285172873106 90.0812201900863 61.54248126281303 43.071428074480345 48.14186307946397 71.93712666619173 80.81381114474586 47.098550228207614 17.3356693382747 27.88598331117711 60.41176487288726 80.84062796065058 47.14412649660637 17.45797094953182 27.96146256520781 60.44631155366191 90.15337572694007 61.647079753248825 43.21936633313117 48.27302256977774 72.02413267302013 106.33932978454388 83.37604112236086 70.63875765798885 73.64008834565875 90.83308767792788
27.576692443786115 20.555544956824523 36.67186953451993 18.31194850057915 40.8911122991583 25.135270347160105 34.41743123534417 33.2203422417236 12.29813977067617 0.0 61.88966858951588 45.679885663248285 16.831583036964435 31.016733210984622 21.60128559428474 44.99627172665987 23.604139747373566 58.924116618749025 46.42859671733876 54.55851829797269 55.642056908730595 42.9829538854156 36.48851195663328 9.758649032571656 42.76875510478682 13.610694952725021 8.033463984788938 47.642838838970754 6.2848105044873135 7.747757254981907 56.87610589105394 45.52362227703376 19.64377467426636 39.86515468428725 24.19675698635071 40.10179898589215 27.481820912171436 43.136590496633474 14.989509640221785 46.130643717184405 102.10477329468455 73.83322402024083 53.592079427992914 51.8428660027138 69.98614365135845 91.56610633678514 58.55825494343551 29.472556301636363 26.51488051484374 54.15063400668317 89.03595570518488 54.55564285385208 20.496064534629205 16.08455442295097 49.92184748113484 95.15544979853307 63.97747890024892 39.07055256102446 36.80666298242708 59.81458763465772 108.470097043566 82.3371362217624 64.71341500575487 63.174585048566506 78.67026340619314
85.50399411645648 72.08226912815341 29.170378753433813 48.15488817564737 39.33016428626173 47.661687780554885 93.53061803461125 77.76252069455232 50.48314132002504 61.88966858951588 0.0 37.27063127692943 70.46916839839147 51.47841794581729 57.39193336237217 98.96812536471106 84.86418537427787 13.232332338765952 47.12108674827979 8.62874672101546 36.220181177399915 104.54687670498116 26.09908912817863 52.146194255692855 37.8118982961976 50.51199080294859 67.40792189502945 15.648745157730973 66.73050978188328 54.35893645791081 13.988708994407363 25.754614632667263 68.50694227700313 85.2082671695274 52.48006759735786 94.85293234630878 86.4381247547898 22.13156064813781 47.737553568634425 15.831358706182389 41.84080480556575 27.93274217080762 46.95383377338877 77.61395627771805 110.62562629785663 31.224983348229316 3.420582522374607 37.99020394059477 72.59245978105325 107.19575201303478 42.52386556803862 28.93675225733849 47.552395082178954 77.974118033919 110.8762104598581 65.19543058008911 57.070979123135125 68.25349570623288 91.94984079259207 121.01982189984523 91.11177524910644 85.26925136385316 92.92495035437656 111.32815950044592 136.18951252221743
59.52527138744967 44.96511819393764 38.54646975570574 27.376514601335426 4.9791461865507 48.99455565319604 79.90649864372304 45.80630569768658 40.22322539322509 45.679885663248285 37.27063127692943 0.0 45.091789661238536 19.34050398617034 29.405908690282832 90.44494461731045 68.22057339323219 45.06296648375737 9.871103149922858 36.29898801519495 10.0379970491165 86.1041707268361 31.95602268062151 37.96774555169991 2.9141714182645435 42.130432250603306 53.55205073873716 34.72675303036066 47.36227732018847 41.074809031718566 24.091077606951405 12.063782917385526 41.23655590324559 52.34546230562612 24.257773624315817 85.60338591301546 73.10070085565465 37.50445927352394 32.00602327506884 27.743364020816003 77.00929358687516 63.21189681831806 66.75203788910369 85.50265076206256 112.07296762464367 56.415349710215494 35.68223757493474 41.935473418796356 68.1085695072913 99.56807724424284 45.144247415791476 11.791477402204798 25.19778772538069 59.3773675360788 93.86835860443244 49.96429466268527 24.356915976134896 32.93831756480457 63.01944910491701 96.19154827767845 67.51258063482092 51.340601353695625 55.75455930158037 77.3051689759796 106.01137744803258
15.146181606404335 3.8041065151401865 49.51540504108849 22.314791308251454 40.14689980584909 41.31686577845454 39.5210231264441 16.754269097052216 26.85910202103675 16.831583036964435 70.46916839839147 45.091789661238536 0.0 26.325764442627232 15.69844740305597 53.35398550817639 26.869961404539353 70.23247813297691 42.195483555049954 64.3435735511373 54.8998240662512 41.919678252592455 47.479664571427335 22.3025593971102 42.34397401795961 28.952983337914358 21.50836523251384 58.126856335512926 11.408034371146707 22.356630327476992 62.45171539674428 49.23390122555134 4.942395292740679 23.05585406012353 20.862903446930954 48.52137275837283 34.12256048223784 54.97430858025442 23.926084098405898 54.82933966554736 112.04646123529018 86.67606955309591 69.75557277942244 67.92426797146523 82.1969571846294 97.75477194345333 67.39349583347466 43.84741757594135 41.20841759575046 62.197236584290366 90.2291364162941 56.037364931523086 23.10687221308344 17.95886643137676 50.059627331397145 91.16136975819279 57.512872493501995 26.45589702003926 22.066882207899816 51.66070955951686 100.31590397006445 71.0246883826782 49.199057876323856 46.812427821362945 66.00814092051462
40.31873954887905 25.797057238501658 40.8857545097585 15.308834048682444 14.650450840096434 43.59024089351748 63.59393206808898 27.03065331345885 30.431764629349907 31.016733210984622 51.47841794581729 19.34050398617034 26.325764442627232 0.0 10.833793362920792 75.66859020976594 51.30758454435369 55.542362927127705 16.09680236868273 47.70405511296579 28.791634907483033 68.05538534306741 35.73430181121079 26.347843624209958 16.8639803777927 32.931163303874726 39.004992576468 43.43155859643058 30.829670067718034 29.125578231467106 40.43860706701245 26.58550232482076 22.13017326741909 34.089310793361456 6.820798693443418 70.74277214371585 57.21225888200421 43.24421524006942 21.6081750356069 37.7717701980203 93.01593650574313 73.69311310587015 67.85388583425666 78.5645540653975 100.67468855627641 74.80866423503686 49.021486979625294 40.05870237694616 56.57841104314671 84.80776535987142 64.30995616680937 30.918481199540356 13.076171033153013 42.20037641779319 76.06319111363715 65.34791899930156 33.00449541045179 17.409539522284877 43.72340980319973 76.91053382038642 77.46011053555883 52.94460556566285 44.73264463043946 59.94750566850781 87.07016181576725
30.26709986537243 15.749930908225005 41.13167773911934 11.616040771846645 24.475722267129598 39.069203008758215 52.95346762008447 20.86272785278863 24.42039984549573 21.60128559428474 57.39193336237217 29.405908690282832 15.69844740305597 10.833793362920792 0.0 65.42842108947103 40.5718425446634 59.2151502391392 26.917771583151165 52.27478660872736 39.20261893787545 57.2419120088405 37.35392264192744 19.593097640894985 26.68256994518721 27.014881092832876 29.323795765773013 46.870192439274355 20.393102956461384 21.73674669787267 47.99654705154507 34.380599678229956 11.98180228254647 28.560100289435464 5.321390101289557 60.50080187691077 46.71569970275425 45.129840642842666 16.886762466854368 42.36749822248389 99.23243013821036 76.74512928125155 65.78240190627922 71.83038207420805 91.57867127669464 83.10912900151023 54.56072760994964 37.96636941633142 47.96711323190444 74.53233682453579 74.54965692741689 40.49435803567903 10.806815987516359 31.44255182427869 65.23291663730112 76.14935598655156 43.34341540413609 18.799649113839404 34.97212977484316 66.98896044420118 87.35177587417424 60.77363883216339 46.382649744665414 54.80946825421592 79.06717407035374
49.45660515756033 56.36192145230933 69.885294790938 63.127861252625515 85.75471573837119 51.45386378195033 15.314454434733195 67.75013113469961 51.46829058377334 44.99627172665987 98.96812536471106 90.44494461731045 53.35398550817639 75.66859020976594 65.42842108947103 0.0 27.04258928014318 91.46713835888113 91.36682582438033 90.51006317864056 100.29043160113103 27.104567237560822 73.26722050814789 52.65029824686202 87.55069428442818 50.34441440226123 36.99007450344912 83.33702277058336 45.04316749640972 49.57054430580749 97.89763811832916 88.64142225599238 58.228099739422824 70.85132891132302 68.88601889104746 4.928511997311073 19.243385932067344 77.07281132329017 58.63855082292996 84.68216371274052 133.93964951655744 100.62060748134859 68.58584924952396 40.967864427344715 32.36584999450814 130.1505152716319 95.56694703258415 61.00639502513724 26.55886352971557 9.155345936551008 132.30557441816134 98.45529573947235 65.39853887086396 35.43071978664043 25.070825952520945 140.1307332346887 108.65397381491645 79.8094766948719 57.69074477991355 51.785079088200945 152.75668963850723 124.37701514515074 99.99705134436886 83.21004374070577 79.01357608278906
23.00914993525889 29.583785398885226 57.87331727403264 41.298015101055164 63.29137260217297 42.0411965737265 12.651133899232724 40.707561480165246 34.38457492515702 23.604139747373566 84.86418537427787 68.22057339323219 26.869961404539353 51.30758454435369 40.5718425446634 27.04258928014318 0.0 80.55509912425973 67.38469319247325 77.15649451751025 78.25811213427126 19.701213874591783 58.961469796676006 33.19503543543372 65.31647241473064 34.56832846928823 17.496493581712215 70.04499727887655 20.860013168447445 30.64696684661714 80.45835061637872 69.04197960062434 31.810554771674514 44.03192636962735 44.81351387145138 22.440626407655326 8.231147806382046 64.84802017867484 38.59152541846941 69.27258127923479 124.05333043537574 93.74658839258042 67.6935619969486 52.64233368748418 57.920753766522104 114.97931605447891 81.48241869425085 49.53149332987293 25.733168217298548 35.57900928225806 112.3618937581509 77.78051824982121 43.23513689351522 9.143265166132315 26.320633090907624 116.63669696576036 83.78382992343151 53.19940553574965 32.17854654920357 40.442261100969084 127.11002589993072 97.71945632970638 73.04801446437212 59.31036589441565 63.986040685540445
84.73565831773975 72.45439628895683 22.686219143452384 48.52695723403227 45.85151505127968 40.23964485193011 87.83414720997976 80.07156209842587 46.75719688574157 58.924116618749025 13.232332338765952 45.06296648375737 70.23247813297691 55.542362927127705 59.2151502391392 91.46713835888113 80.55509912425973 0.0 54.78975395119496 8.837206018586787 46.378260478376745 100.17184524379026 22.801014621694783 49.57249950646605 44.82748492898589 46.11547510864526 63.15107204500974 12.34520738067527 64.48388747311968 51.176652160401915 25.041045500064634 33.00034756845008 69.1642745013311 87.746852462972 54.911806989958336 87.70097067028634 80.92160163586215 15.803298126289919 46.39728228193317 17.955703834464867 43.50648144225709 18.328041012574356 34.2617656762793 66.38274193740574 100.17143608225399 41.16105039136974 11.79650153101158 31.287937480716664 64.9119774739665 99.21213036545193 55.68576907275085 39.15255250750733 48.57740925478873 74.70898100727213 105.82024299077759 78.18409162698812 67.20961360414036 72.91281344935611 92.25069536697785 118.73866029989244 103.58379378779028 95.34996700582624 99.23863403002525 114.01610922384312 136.18265762452248
55.53824220353066 41.26053771149582 46.44533568804143 28.955298985739546 9.683870542501767 54.431639286071025 79.6137511544938 39.53498732571249 43.514173446934585 46.42859671733876 47.12108674827979 9.871103149922858 42.195483555049954 16.09680236868273 26.917771583151165 91.36682582438033 67.38469319247325 54.78975395119496 0.0 46.06976094033092 15.205805569539182 84.05990028936988 40.08629071361217 40.28469121102724 10.078447991497315 45.75501561547189 54.46202047302602 44.102921392216636 46.796769336841095 43.30728589692968 33.778277236604374 21.849836522445845 37.74610121571649 45.333973335714354 22.631151962658603 86.4528748947411 73.14317691748732 46.29844142788719 34.687645890886685 37.23599855623586 86.44114297155184 72.9981498089179 74.70034699303675 90.69899169253375 115.18344339519825 64.7168459035687 45.55292696774811 48.54570233966018 70.94447353084111 100.52048786737747 50.06249063907779 20.211140541782473 26.562702151716245 58.288196058698496 92.1102609072655 49.255614948198605 18.14079289475965 25.03821871739088 57.61586320609943 91.690317133814 62.83201905806627 42.85870031526182 46.051009580740306 69.27730141177379 99.3620411139355
79.18286846191303 66.26408515115757 20.63749365495675 42.18539002241095 37.28621140255273 39.12690146358473 85.44227447367118 73.01735402020525 42.81409821312689 54.55851829797269 8.62874672101546 36.29898801519495 64.3435735511373 47.70405511296579 52.27478660872736 90.51006317864056 77.15649451751025 8.837206018586787 46.06976094033092 0.0 37.59838749990327 96.85770810012077 18.195978847551117 44.89931357551028 36.16803745669946 42.63398374099093 59.66176728722474 7.2240200334857345 59.70035350587796 46.903771891651196 16.74935075121975 24.237571220008107 62.8187206193213 80.61979023310207 47.68317991327844 86.44938479467724 78.38344971986302 13.52950513018115 40.955810493508146 9.980804692844082 47.80908453054735 26.92965752840857 39.49107544770237 69.20060924437281 102.04285518099606 39.79620320064342 5.447667477490359 29.503740903150074 64.0790038014874 98.67431825797475 49.870111067755644 30.408527175251443 41.918562104966846 70.60092031769396 102.98859561465764 70.67904675827938 58.39657196656451 64.95829084485783 86.1614034602843 114.11741017754605 95.44157292931231 86.52154792275502 90.87117582953005 106.88250964111302 130.32604905391162
69.11037404280083 54.581166738748195 44.614496209591884 37.33011575627035 14.99062157684156 57.20978220758395 89.91882279146807 54.351533022330834 49.64303023435647 55.642056908730595 36.220181177399915 10.0379970491165 54.8998240662512 28.791634907483033 39.20261893787545 100.29043160113103 78.25811213427126 46.378260478376745 15.205805569539182 37.59838749990327 0.0 96.0993194722445 37.94451200499542 47.69663620331246 12.942696595633718 51.402853650208634 63.470647708488855 37.947743835837976 57.40014789996662 50.79819100454422 22.23147577099807 15.768355118061915 50.89145133726023 60.41848630341118 34.14851331689646 95.46881484809578 83.09087304118613 42.10868113495343 41.709063838650145 30.932085512952785 72.87081187365204 63.74241702464089 72.18594564634151 93.55907376818878 121.20463824403963 49.83039833483419 35.52389623851817 49.35235971001705 77.48672926938411 109.39634644197346 35.543110166743546 7.30631738173987 35.189561432225744 69.41240206650355 103.88797454082287 40.631969583744315 20.915783566049946 40.23467242722443 72.07658108974576 105.66969305652817 60.381945415405156 49.134391625644085 59.809735736934414 84.46909184491112 114.40129983223146
31.17156243804762 43.42240552051324 77.48580819255416 59.95581195482474 81.1271871119289 61.1242192040876 15.656351319563163 51.2520925784844 54.07717730691635 42.9829538854156 104.54687670498116 86.1041707268361 41.919678252592455 68.05538534306741 57.2419120088405 27.104567237560822 19.701213874591783 100.17184524379026 84.05990028936988 96.85770810012077 96.0993194722445 0.0 78.66261917054221 52.69428390697696 83.24384203340898 54.26044783636905 37.197006214422174 89.74396724146322 39.29779961714392 50.25441701101406 99.81461530331482 87.98860984389496 46.59059279536901 51.78923168098913 62.03616019424939 25.144528143661265 20.603913171627923 84.50180992882605 57.87419640453968 88.91977529059447 143.67809840210185 112.94102250359803 85.22171382097545 64.53366401618226 58.8322566328507 134.5348127097438 101.16966927108425 69.03494588560321 41.12397294622667 31.802109573912816 130.85011796663073 96.2623375192285 61.6925932609575 27.20971678798264 8.343590230435915 133.07841592617433 99.24282016258393 66.20613977628285 36.22446075230386 25.219301979298496 140.939406378435 109.46856888710322 80.60782227569209 58.36674212811416 52.06279189251464
61.93479869993727 49.808720545373376 6.678127947982294 26.15642543065527 30.403776117213276 22.759907527172825 67.43155893524701 58.136790875733645 24.624879869465598 36.48851195663328 26.09908912817863 31.95602268062151 47.479664571427335 35.73430181121079 37.35392264192744 73.26722050814789 58.961469796676006 22.801014621694783 40.08629071361217 18.195978847551117 37.94451200499542 78.66261917054221 0.0 26.938206047225236 30.380829600893502 24.463352368554578 41.46787202111833 11.158091849777707 41.83535188794079 28.78583428704971 25.744379028852293 22.2104928830276 46.61831628831434 65.85751600851853 33.61552635957016 69.0220039952343 60.34018504446501 7.775999281873913 23.60271055514358 11.536427979028916 65.62670211858594 39.51544458291315 34.79813551915967 57.05421681267135 87.71710563885192 57.01045544506325 22.682584617884295 13.178060299384308 47.19827237277976 81.71013749897983 61.57459362045839 32.415568774005706 26.55091613773326 52.47834530540839 84.84011924464055 77.01005638804871 56.30495550809911 52.95988425427965 69.52735261357184 96.21932382530355 98.3230621011393 82.90244281733202 80.45455381787161 92.02056920216975 113.39032058075018
35.60072311807303 25.439950450923284 27.75336135357811 11.364097783497321 33.45072702075787 19.997571145907752 43.40746106548409 36.63561455367441 4.995751233994955 9.758649032571656 52.146194255692855 37.96774555169991 22.3025593971102 26.347843624209958 19.593097640894985 52.65029824686202 33.19503543543372 49.57249950646605 40.28469121102724 44.89931357551028 47.69663620331246 52.69428390697696 26.938206047225236 0.0 35.10909396249669 7.526587165846119 16.371912444229032 38.061692918567054 14.913157933808352 3.1070807290632154 47.28571731870915 36.41208008591898 23.172971491510978 44.0160939548916 19.97366548992092 47.87156568026538 36.32450009227102 33.86262044706849 5.991355661073748 36.37523957470669 92.55377508838782 65.07613411633683 47.94180466332041 52.50468067208322 74.89911752242367 81.84057864143773 48.82363470802409 21.55137398547742 30.659803589974825 61.728703312248435 80.11016792499254 45.8920546654721 13.761365255907023 25.836456449449486 59.50229076165574 87.89478591608112 58.32597440633771 38.38193361458771 44.03696179779469 69.2832073411966 103.06002454424434 79.19083769825079 65.694602406327 68.95755716797596 87.11647657441904
56.873368583754434 42.312198380483146 36.8786863297419 24.468221674584548 2.2248963648502977 46.579591100049896 76.99270033875325 43.61591381962821 37.451007194528344 42.76875510478682 37.8118982961976 2.9141714182645435 42.34397401795961 16.8639803777927 26.68256994518721 87.55069428442818 65.31647241473064 44.82748492898589 10.078447991497315 36.16803745669946 12.942696595633718 83.24384203340898 30.380829600893502 35.10909396249669 0.0 39.4001575048011 50.6469139443812 34.02534499917701 44.459600183080944 38.21596778221669 25.120895784541712 12.120976771914062 38.56951855250018 50.32180389564121 21.48658498068885 82.70570889220093 70.18676783973935 36.325314157006865 29.158896362498428 27.177458478458377 78.17323316570273 63.08886739070273 65.14703145513784 83.0833674071419 109.34503136203678 58.32059695632182 35.990474457614496 39.80161811119503 65.32882738144367 96.67665126283319 47.88902210926508 14.055237265079054 22.2844069998943 56.48445574543307 90.9903650455655 52.79504521514786 26.210195043523818 31.328518986009982 60.5873099927012 93.56822331772183 69.87946007192649 52.569574271086424 55.12517477706636 75.55668868659167 103.79617079134687
41.109044668409005 32.328194118991235 23.52529685993845 17.623918934120073 38.01199276294912 12.570133670905161 43.12740264364986 43.95736680472466 2.596946674874596 13.610694952725021 50.51199080294859 42.130432250603306 28.952983337914358 32.931163303874726 27.014881092832876 50.34441440226123 34.56832846928823 46.11547510864526 45.75501561547189 42.63398374099093 51.402853650208634 54.26044783636905 24.463352368554578 7.526587165846119 39.4001575048011 0.0 17.083593546864986 35.49169673464792 19.804530534708267 6.596362136845223 47.6948118569041 38.4954100099903 30.35938306088915 51.2290646232398 26.912107447790618 45.79343108445065 36.00223856568758 30.34234208300089 11.350890078161926 35.21345424127626 89.5621992667486 60.389664718431135 40.83209288748425 45.63367344834838 69.94589790070424 81.11840977174097 47.10585484757026 15.892721425395198 26.096886866061734 59.19770511003023 82.01701863207192 48.62313903867932 19.911730447488797 28.698317436983846 60.3784638166087 91.98458553281449 63.89559872830238 45.81426384116287 50.10051576360812 72.9108514701817 108.55051855260055 85.87302607435254 73.21126877258575 75.76512973956359 92.27985497531319
28.237988810996395 25.290194039954926 40.49599218102461 26.18319491099128 48.80861447431618 25.779557900819988 27.03674624570761 38.2510173636337 16.93145738137869 8.033463984788938 67.40792189502945 53.55205073873716 21.50836523251384 39.004992576468 29.323795765773013 36.99007450344912 17.496493581712215 63.15107204500974 54.46202047302602 59.66176728722474 63.470647708488855 37.197006214422174 41.46787202111833 16.371912444229032 50.6469139443812 17.083593546864986 0.0 52.54877032955736 10.260453052168604 13.529169498610495 63.50472108234751 52.77058798987663 25.386862141422647 44.13701500965619 32.184671673780095 32.10746589999811 19.95514671781619 47.405151663608606 22.19112333909088 51.8842975786965 106.62617921636472 76.8519688618626 53.2740190677462 46.52773435910567 62.340612678272635 97.69616105266661 64.01870580410728 32.35888495753556 19.764820090510785 46.14159430947773 96.44147633299566 62.105170180624256 28.42531568672524 12.401515371903358 43.52527079829186 103.14267529650544 71.98757808385706 46.0525601854301 38.135182861871236 56.41429796945738 116.43376912689989 89.85430565028805 70.60836307891664 65.51378995295626 77.41668719606236
72.78955036192077 60.246431630371426 13.529449013344895 36.24951598236299 34.754574690158044 32.014943198185165 78.22830777745114 67.72637830106714 35.75934067433169 47.642838838970754 15.648745157730973 34.72675303036066 58.126856335512926 43.43155859643058 46.870192439274355 83.33702277058336 70.04499727887655 12.34520738067527 44.102921392216636 7.2240200334857345 37.947743835837976 89.74396724146322 11.158091849777707 38.061692918567054 34.02534499917701 35.49169673464792 52.54877032955736 0.0 52.9359827768027 39.94386391891824 19.88043611438657 22.968690849615133 56.909877041861186 75.40268077756797 42.585901465690384 79.25214752806387 71.17551115920453 6.674484117860505 34.439976504115364 7.076066844635335 54.492416227943956 30.265837805446292 35.46065226041808 63.1959981985814 95.52408034837892 46.872337649494945 12.276108312268255 22.343769710218574 56.944180259570274 91.54719928544013 55.01643814886355 31.19101293178026 36.246219158046124 63.6359632060474 95.81295067474429 73.88337698167412 58.159292111701355 60.83620785603785 80.08980069973813 107.34290487359918 97.43055027524484 85.90364889000928 87.52642106280872 101.6711591400545 124.12851219335514
21.314562154330535 15.212134514901265 42.50022441917879 20.665629033320194 42.43135943728432 31.409012493974522 32.83072909016401 28.147673499699792 18.284996959910334 6.2848105044873135 66.73050978188328 47.36227732018847 11.408034371146707 30.829670067718034 20.393102956461384 45.04316749640972 20.860013168447445 64.48388747311968 46.796769336841095 59.70035350587796 57.40014789996662 39.29779961714392 41.83535188794079 14.913157933808352 44.459600183080944 19.804530534708267 10.260453052168604 52.9359827768027 0.0 13.59893084305813 60.77642268749454 48.69639708135722 15.126481127027327 34.363834561316246 24.165621881659177 40.1169384436016 26.383762871040034 48.75748211526255 19.061111494736515 50.90336057898311 107.4237980147595 79.77089955021314 59.84742874985666 56.52280354265474 72.12998123066836 95.81932393596263 63.45505306447305 35.58910240371634 30.024393272993496 54.14040731280221 91.68233995458871 57.07873154607161 22.4759014225703 12.13281126098998 46.73433949379844 95.98355411613494 63.700502917651185 36.020888514425415 30.530209193641415 54.41986644722643 107.71661997330945 80.16118292068053 60.36185339361325 57.06211101742027 72.54935391465612
34.778146683725986 25.746162987968173 28.961185240979763 14.355335873886535 36.55345756995795 19.0633027810325 40.54447609048306 37.5324256998267 4.703514541532216 7.747757254981907 54.35893645791081 41.074809031718566 22.356630327476992 29.125578231467106 21.73674669787267 49.57054430580749 30.64696684661714 51.176652160401915 43.30728589692968 46.903771891651196 50.79819100454422 50.25441701101406 28.78583428704971 3.1070807290632154 38.21596778221669 6.596362136845223 13.529169498610495 39.94386391891824 13.59893084305813 0.0 49.98526485759903 39.36752283104746 23.87235866053094 44.724539740567884 22.61205650021912 44.80317202591434 33.43717972785172 35.388997554665195 9.089246047140676 38.67208239101272 94.38161940182054 66.18742202808852 47.418070090826625 50.109736489098296 71.89097157657676 84.33326441816534 51.0047483356424 22.039000526494593 27.655000665796038 58.640676203643324 83.08528056445452 48.933306139673014 16.751877455589685 23.69883313798026 56.89900114411027 91.00052259579768 61.31671067231669 40.412977394725836 43.6062417092943 67.5620139568485 106.04628444510453 81.83653013181839 67.40467118264593 69.1688553187266 86.13965527212038
77.58848370448632 63.465734023726036 31.298136123392602 40.6194872565895 26.925984387010075 48.44204181130936 90.44172207912038 67.38500479478856 46.950441573125765 56.87610589105394 13.988708994407363 24.091077606951405 62.45171539674428 40.43860706701245 47.99654705154507 97.89763811832916 80.45835061637872 25.041045500064634 33.778277236604374 16.74935075121975 22.23147577099807 99.81461530331482 25.744379028852293 47.28571731870915 25.120895784541712 47.6948118569041 63.50472108234751 19.88043611438657 60.77642268749454 49.98526485759903 0.0 13.856800733895515 59.742201482273 74.52790294840928 42.77052415070803 93.43401638940219 83.30740562737819 25.963649100611164 41.940418984940486 14.565740879496792 53.05499386734535 41.677714726999724 55.263475709329455 82.2550418008084 113.4572711030421 35.31199275810991 13.546974919800254 38.922424215290846 72.39641264906982 106.59445061693486 35.87968877679123 14.95208975024321 39.42877123998612 72.6673317760468 106.77689031623643 54.18556795875023 43.0948139827018 56.329993410742986 82.96861618040492 113.9707520839507 78.69570545403126 71.30372505253453 79.81342500223586 100.25417132618962 126.98964278980425
64.30441871966609 50.001780605061505 28.868115405889387 28.087401584245782 13.5757658876527 42.47492796840527 79.7859272450438 53.53247492566198 37.182630649410434 45.52362227703376 25.754614632667263 12.063782917385526 49.23390122555134 26.58550232482076 34.380599678229956 88.64142225599238 69.04197960062434 33.00034756845008 21.849836522445845 24.237571220008107 15.768355118061915 87.98860984389496 22.2104928830276 36.41208008591898 12.120976771914062 38.4954100099903 52.77058798987663 22.968690849615133 48.69639708135722 39.36752283104746 13.856800733895515 0.0 46.25040763757712 60.67427472264338 29.101143142397508 83.97135993034631 72.72504554549408 26.5034436158507 30.611963464365004 15.904932164838762 66.63953241679904 51.157777927748214 56.464269757365386 78.44816014816486 107.3071221086766 48.728996181355754 23.86983485349238 34.05683026560143 64.3802072395479 97.59405312338252 43.7253369940885 10.55483255719252 26.566098767868063 60.786219125256665 95.28391777046565 55.25417389731131 35.24274222964049 42.730663002715666 69.31522037260588 100.8866766384304 76.1433249045932 62.941588173257095 67.23287359871036 86.45029345705825 113.23349927899908
18.307911890924057 3.768611537223747 49.290721209185556 20.668173950375444 36.35128361283882 42.915019156210526 44.461349170237476 13.717018638943928 28.038781617203735 19.64377467426636 68.50694227700313 41.23655590324559 4.942395292740679 22.13017326741909 11.98180228254647 58.228099739422824 31.810554771674514 69.1642745013311 37.74610121571649 62.8187206193213 50.89145133726023 46.59059279536901 46.61831628831434 23.172971491510978 38.56951855250018 30.35938306088915 25.386862141422647 56.909877041861186 15.126481127027327 23.87235866053094 59.742201482273 46.25040763757712 0.0 20.870788924364092 17.299734758952216 53.38047545147587 39.011129358080595 54.27755515143177 23.54125758778775 53.094604141803586 110.2719070098817 86.08348755814022 71.10274726341652 71.3834364014116 86.77758813393426 94.95230149256668 65.53856121632 44.37890673452273 45.14966920633955 67.09932045672149 86.35699937524699 52.452025829408285 20.970206232789288 22.872143508817125 54.784771710144355 86.51449597798903 52.708552451295006 21.59803992685634 23.44375174608397 55.023576794474096 95.38143435798077 66.15308701222763 45.27320577870981 46.02080770360659 67.68297911481568
21.532541807017505 19.309757335352668 69.26871205846635 39.78623473368022 48.214132239647455 63.77944606939118 55.7076808197968 7.722853770015767 48.90534515931498 39.86515468428725 85.2082671695274 52.34546230562612 23.05585406012353 34.089310793361456 28.560100289435464 70.85132891132302 44.03192636962735 87.746852462972 45.333973335714354 80.61979023310207 60.41848630341118 51.78923168098913 65.85751600851853 44.0160939548916 50.32180389564121 51.2290646232398 44.13701500965619 75.40268077756797 34.363834561316246 44.724539740567884 74.52790294840928 60.67427472264338 20.870788924364092 0.0 32.93661034221274 66.4101316268895 52.22166919001711 73.62760390638941 43.819277086366995 70.65644404889773 126.94145494811211 105.29868297662327 91.95753822062886 90.66014331225738 101.8677126786592 108.6392219005558 82.55776847511486 64.99129990199636 63.45653882113395 78.89470770816679 95.26129785391689 64.1333596645777 39.32292561361675 37.07194141438031 59.97663633579486 89.05611802005487 54.588239729607615 20.581869282169556 16.19272787193807 49.956473005380076 91.49523418510621 58.44839177790745 29.255706007325976 26.27590867144101 54.035133283885024
