0.0 75.91097739222849 49.44361869230553 27.465484465782723 39.15288230954919 52.610190239462916 36.812351496034005 27.102711061853515 41.07712786902776 72.1059681201734 92.94405810803222 36.01832182606255 47.43040159041564 54.21049909674184 35.62551894043874 34.518183022964436 27.1980772841006 39.63460077993663 87.98991450105255 24.12277164272872 7.674384269955936 80.65125280225377 75.01115935824811 70.84182196867354 60.473129990791 56.23078336080419 31.463976453198118 32.24161189343701 46.58129692205772 55.5625662924363 89.10974626749127 99.00125365800373 47.19483028425872 55.48541502541456 55.28233370053702 53.39359457221339 32.328637968609414 48.38487613434531 76.73544925210184 21.629591126290705 147.4265024345205 133.2073945570053 119.80203924869177 107.51525264612992 96.77402955222556 88.1452116763249 82.29596702828236 79.83956625039316 81.084947995169 85.87120324091899 140.192034357524 125.19177224225515 110.86408512785435 97.50591315532624 85.57250156912066 75.74031387132571 68.91465346482882 66.03450594618921 67.60602551214232 73.3436131650632 134.0415676178831 118.29643187484258 103.05168584277455 88.5661014839285 75.279206463378 63.94265975394418 55.759024060931736 52.231925192760386 54.276877874491994 61.33909969652231 129.13018182023978 112.72724578874933 96.63832776217988 81.0506459309835 66.31858248478864 53.15832882730664 43.036819453839264 38.43480321053284 41.24326285745143 50.23430828204573 125.60338789006616 108.68834692389733 91.91742544832267 75.3868694240396 59.2980412716778 44.13667355400725 31.281701406233303 24.652674703842454 28.908035802834984 40.77137886600711 123.57983778189485 106.35428094888252 89.15830236651611 72.01309408986013 54.96618592113413 38.149580651124076 22.09553004168782 10.94291673284342 18.708165069163613 34.335935821251404 123.13369504591931 105.837933213984 88.54458152065746 71.2553947757342 53.97437550301669 36.71305892396528 19.523773674359518 3.6359785121198205 15.619747095058917 32.76348908780006 124.28195474708825 107.1655887994358 90.12011305316909 73.19507044714926 56.49879738462454 40.31652367433708 25.640636957918485 16.975707737696013 22.751247217506464 36.68482048305208 126.98135490607586 110.27064415781643 93.77459364411163 77.63016710243838 62.11215868739486 47.83415778065247 36.290522533468845 30.73444943961474 34.218704248018085 44.6759671402093 131.13610405384117 115.009186737227 99.27865914569583 84.1670670165623 70.07597348188058 57.757188554882035 48.57826140686552 44.52534125838625 46.94537707151012 54.99031481928405
75.91097739222849 0.0 39.01049313408219 53.5363859454674 48.91198409788335 90.46241515482758 67.56779408728644 78.39341106646174 40.85724200331222 22.006857252743217 29.282226484441892 40.99547468812001 47.70956621840913 42.7392522038238 41.530457091054124 49.43134944658989 68.85723921877077 39.227448951870834 25.95933416677834 59.494071286651874 73.31632523852394 5.827145116949935 9.882845071670594 5.992718604012173 46.28040811429802 103.58915090582366 45.6684628863687 64.16528296828706 39.97530214319123 49.264175453497074 28.408399382919058 30.592660449191722 45.87840447925778 59.324151399746135 30.118269193366547 22.57022147042252 43.77508778319606 59.55204684013045 40.766305524980964 55.00107739071095 77.44566863193383 61.10336729201385 45.47661484631125 31.64387144866863 23.092375399453722 25.766103738819783 37.326096783988355 52.16602341865167 68.17669393869137 84.69675491046635 74.51986852014554 57.36754705366573 40.343194566372254 23.723922164411224 9.838132957365259 15.14815102555863 30.997698964304142 47.8639890194032 64.95982443628054 82.14200739513689 74.21632386461378 56.97450300311171 39.78490563937886 22.766134955854326 7.243517428335527 13.614464677476933 30.281218799563312 47.40531863970258 64.6242192872511 81.87813298707223 76.56623280059762 59.98998040718071 43.97634870035271 29.45763895137301 20.00743591759114 23.05546016120236 35.5179214810202 50.89403699103134 67.2130568264709 83.92674643067015 81.33991381741205 65.9480225952377 51.77653818868266 40.139584547689246 33.76789461678898 35.60987621992013 44.660541648043505 57.61746952537028 72.4133256173036 88.12669730305383 88.1443854972359 74.14253214407023 61.83445649466471 52.42697308291088 47.669461532393555 48.93741082749184 55.82172833005146 66.60302612100905 79.71551531866616 94.19058464453204 96.55115168814844 83.9208049692338 73.22549553405105 65.42125007354021 61.61657083783258 62.54565307183624 68.01478302744361 77.06333614596734 88.60135394547527 101.78574133441164 106.18020537990469 94.79387582787838 85.41784029595986 78.77322929808744 75.58387086171417 76.28438295047916 80.77362377103692 88.47674937041407 98.64369076594184 110.59704310195538 116.72933736860158 106.42659188846714 98.11307279333685 92.32770428771748 89.56176215154159 90.0937724545524 93.86767689259882 100.51899337827918 109.52474436537214 120.35757375434862 127.97108226798315 118.59548788904125 111.13884413384916 106.00687091425266 103.54579549689804 103.94550460620331 107.17399483665119 112.98904145516687 121.01835764175773 130.85497071310002
49.44361869230553 39.01049313408219 0.0 22.010109086578222 11.744553443645357 51.45300690592202 61.58156537864696 64.72890042515769 9.246985775022527 25.02789028176917 45.316585805154176 18.173477631343374 8.797595913574431 7.424775292007942 18.054960183701787 42.545992683649324 57.17870834857485 13.17959639876677 40.52781681680242 45.79511433097389 50.63261492033445 41.18361450039862 32.899581787100225 37.001380206004434 14.900239387747748 64.67363957630349 20.627891344280258 56.02952215749437 2.9132867738466492 13.644381053342826 41.14849202568018 52.31509193651491 6.889102361752623 22.40298720584211 9.026350837061191 25.551545483008805 23.068009692968392 20.870109690415266 27.615309129527162 35.56532990393236 99.31625087851468 86.378303258758 75.21568945515723 66.72543509001586 62.01501848176419 61.952695085446535 66.55152455897316 74.95845179501437 86.06467714038676 98.96556415297799 91.16530360324253 76.91366791793816 64.17954971490128 54.04645639001076 48.1843008961491 48.178177791119225 54.03007806383013 64.15656173547725 76.88681323573104 91.13617417289277 84.6023906402433 69.04667913285121 54.553014665218 42.22945691703272 34.48667520465485 34.55492171293703 42.39649248764362 54.768518773484026 69.28511264826162 84.85264364343246 80.01930966163388 63.37525109729069 47.20663862748832 32.23697807398487 21.18231635527983 21.374518544633414 32.61535383621649 47.63784540367185 63.82537950941312 80.4779818973952 77.76695700189141 60.519903399963965 43.31663965731632 26.243423791867798 9.990834344329917 10.470420570899694 26.798434663737233 43.87933398970533 61.084771095507286 78.33272640253693 78.04741266103001 60.87822044803241 43.81358321070637 27.05209177891211 11.946317946664369 12.342066373503553 27.579919130957748 44.35865781543876 61.42835138692042 78.59966559754977 80.83431424934568 64.39657507857987 48.56297476621268 34.18358186446042 24.028798028647632 24.185948710154044 34.51446377984263 48.95148026041901 64.80708097121185 81.25502558570979 85.88397109915682 70.60407832784668 56.50240987474761 44.708118136024346 37.467537861910294 37.51698309031976 44.83233997419096 56.666219703462374 70.78763496459649 86.07801770861448 92.82778140215737 78.8682238118843 66.49885366637655 56.76882450228415 51.20549205579588 51.18599889551303 56.71606151820878 66.4237748868568 78.7795988250253 92.73097430929798 101.27679976267045 88.61536984300338 77.76291250975622 69.57119044040459 65.05323746394203 64.97992042052225 69.36533427620087 77.45580887574845 88.2380204087827 100.85230463446025
27.465484465782723 53.5363859454674 22.010109086578222 0.0 12.108297812040265 44.91261327524571 46.58752151147933 45.76432394966594 14.19135554033442 45.60747267169321 66.41001733350318 13.257487862691288 20.637346872914268 26.912988942670054 12.642933252997262 31.362441705195472 39.86646052176969 14.356075340459961 61.49867846331782 29.317827006612763 29.328083604634937 57.36948217492958 50.44954226897651 49.509560590414345 33.57748753996107 55.04215003917731 9.369570449431686 40.73148810907537 19.17898922395769 29.17027482832522 62.40950825303627 72.92301943055112 20.07267040432131 31.710477616039974 28.539376653337655 32.74993050551209 13.381701622565126 25.38883532235762 49.29805874221821 18.215644575279097 120.78983370903718 107.20446596556958 94.83723088166475 84.22643553585235 76.1102737397356 71.34524748434214 70.61305936466108 74.03346008034417 81.08262153122347 90.92039958830715 113.04536209449444 98.43861591908946 84.85143624547143 72.85649784350699 63.36458190237716 57.626114896336844 56.790544224160236 61.05948431955021 69.49858454851731 80.81178008025604 106.60776135410808 91.00877927500564 76.14910188408432 62.55779902643046 51.25402822342684 44.03609074561055 43.012601132399546 48.576693106813195 58.88982135451593 71.93769313786093 101.7255465481568 85.26504611249942 69.21617525403131 53.947560698432575 40.35479220841261 30.74717488595286 29.342423778340113 37.08472007914585 49.88270896743352 64.80742553817588 98.63003881429711 81.56449078574092 64.62476528870363 47.94441522205775 31.93252486496972 18.423296893723467 16.058085923894136 27.839161437937104 43.48434461405586 60.04556665038937 97.49162455701808 80.19052907870986 62.88989306213955 45.59023958150642 28.293370974816572 11.012417419710737 6.383215022308456 23.641724364011957 40.936907895866916 58.23609984822953 98.3782848008332 81.2612802160196 64.24342124110348 47.43154490021531 31.16084881609348 17.057500248498265 14.478635950626291 26.963238895391385 42.93150792763841 59.64834668801835 101.23681275865309 84.68404694016832 68.50250645126462 53.03309353074933 39.12971587217834 29.128514458163707 27.649883912434984 35.7669098712132 48.91561753279319 64.06959864841264 105.90762347325004 90.19140341225742 75.17485743437567 61.3737283564521 49.80878713543604 42.35329291776156 41.2964038101441 47.07111551608628 57.66014451743344 70.93941088765968 112.16447940263902 97.43041720478766 83.68512902385028 71.5011490057729 61.80879116432464 55.9190297490437 55.06585128629386 59.46643536179324 68.10994610380797 79.62644942856376
39.15288230954919 48.91198409788335 11.744553443645357 12.108297812040265 0.0 42.734841192376294 57.02843936333488 57.562916284916966 8.862565524038189 36.737526570993616 57.04963636051164 15.967795458150132 8.535679176943654 15.08229800839145 15.484822304117168 39.794767227389954 51.11466109764144 12.868374335721194 52.27062070851061 40.10394718590051 41.423930361983025 51.75544393672936 43.859982409252275 46.00978573065075 21.48596441503449 55.04761333788602 15.498847499509667 51.22338884697666 9.53346022547972 17.11726582305336 52.864978453555736 64.05674178191879 8.04632692860735 21.05654531817716 20.154396345387767 31.519668904157143 19.460684680159275 15.976341844232513 37.72755645489724 29.078058878693792 110.93041347537404 98.11702767190287 86.87367333479601 77.88330137357734 71.99494191969487 69.9958870678041 72.20987651339951 78.28025192192702 87.40720182474624 98.74679506361541 102.50122994152896 88.52193386908645 75.92405133441869 65.50945370835942 58.456938326905146 56.05030696908246 58.862197916216914 66.23124591237091 76.85763258076193 89.5896846502953 95.42351067564569 80.2601405659316 66.15465839916665 53.94341834352906 45.18905650500423 42.105987266272734 45.85283404734304 55.05229792934293 67.51098810543232 81.75216457717606 90.01671731757406 73.78104929123317 58.16344883870467 43.82967072205128 32.52388351571399 28.165149935101926 33.57764213554349 45.39107996598513 59.93289529230676 75.64564392113947 86.59448876068545 69.5845260718244 52.76475780769778 36.39980325961852 21.551897855089656 14.238523026121511 23.231431031448086 38.410621585227275 54.861324504063916 71.71378260197632 85.3958036740994 68.09396356681322 50.792185098008396 33.49056379820288 16.189603568701187 1.1411694007038624 18.417786924318943 35.71891776744118 53.020570550156165 70.3223600297213 86.51315360109616 69.4837462112723 52.63239410961024 36.208555791368866 21.228819937235055 13.746954572192738 22.93485131292799 38.232822680689225 54.73758065682386 71.61961618732343 89.86016983253437 73.59084775207405 57.92309959887615 43.51169848702768 32.096108598658965 27.672410683317015 33.16736773974477 45.089866893088356 59.70617852409102 75.4670077270118 95.201932653979 79.99778198498358 65.83758316648363 53.55590243181963 44.72792312290519 41.61303428112821 45.402722725521166 54.679748840731406 67.20898547954262 81.50414479321729 102.22614734013683 88.20472581934315 75.5556784302113 65.0841444506241 57.98214901628005 55.557283772783045 58.39514008803383 65.81847325464487 76.50391419454124 89.28787589708472
52.610190239462916 90.46241515482758 51.45300690592202 44.91261327524571 42.734841192376294 0.0 86.53850681878117 79.56426093707701 51.580363699713445 73.85787520018684 90.86346146969214 56.76421019108473 42.78390520015664 48.645620421433776 56.15990653979498 75.30661129337089 77.72188148413481 55.14588209564189 86.88547907255506 69.97086200642468 59.653827256533035 92.39664267372157 83.83561843343179 88.24698422686382 48.27219230761324 14.383398965638948 53.95778981605311 80.99736661296052 50.68939764217703 43.302364929189594 86.53753124635881 98.66964567376553 44.58638220056754 34.13088327914438 60.3795445152189 74.23547353075485 58.17673256532954 31.34544901617222 64.83932537426863 60.28168468301597 139.80013118706074 130.29493521033274 122.50761141548749 116.78232238194038 113.43173295370453 112.66790365976192 114.54259576087884 118.9311028549004 125.57013762190577 134.12592199476802 128.5639741139823 118.21671643417906 109.63737685236089 103.26752885910247 99.53228815773949 98.73112989920183 100.93394568981117 105.9535394865595 113.41653063963844 122.8785256647704 117.94862370023547 106.63185727581433 97.09534736607486 89.90738743619885 85.66124265353962 84.7999823846409 87.4237031594645 93.23866728899448 101.69893127861 112.2077292778508 108.13723331822953 95.7198528270593 85.0271029245602 76.78290988051792 71.83530663597755 70.87803835616234 74.0659866264596 80.91065097113432 90.58689484592234 102.2943136557876 99.36839189978451 85.73817903669617 73.6660786563409 64.03939966357429 58.08696961231201 56.9723190078108 60.96139755984339 69.1768502942476 80.33230362383142 93.37997193630197 91.9410248711707 77.04942731961717 63.39385653487655 51.95817974854936 44.48852031313204 43.09882872000966 48.3166041330268 58.39678101866814 71.3062299671314 85.77690499865346 86.20270156799283 70.13591927463744 54.82607140419615 41.12734561160827 31.23665357984339 29.3037201576582 36.611432936924885 49.201580733727646 64.03048953461727 79.86063580802805 82.50668467563315 65.56179272179624 48.867748381652255 32.80971681035129 19.068579411128272 15.794190154907508 27.092705343860526 42.62963102529612 59.154617048450966 76.0260778497665 81.13262435180914 63.83202648279564 46.53241961970224 29.235563044066172 11.95340191822867 5.455555737925739 22.701452805409605 39.99578016014345 57.29469872367429 74.59501439861732 82.19706881979846 65.17351604490445 48.34799921773075 32.03410099706045 17.707371026287042 14.129087524743364 26.161498495854204 42.04675559967379 58.73796108994094 75.70389192880582
36.812351496034005 67.56779408728644 61.58156537864696 46.58752151147933 57.02843936333488 86.53850681878117 0.0 15.592677726472573 52.651943235307414 74.8530032726013 93.29184576140707 43.42408698852439 64.90631704288599 68.73064461875947 43.58737403591867 19.9165847462028 9.673136450740113 48.4020685055854 88.65823409547237 17.318773478430057 29.169999725685383 73.34491975510949 71.55948181481737 61.57913248678277 76.25870992460707 92.28653050448095 41.85128171981584 5.856163628987839 58.983913691479245 73.34491975510942 90.5765942229759 96.99550810676008 63.58232761482311 77.92649194817334 62.19483619115491 48.23507819674568 38.63098945139963 71.92187201283453 87.28184842598648 28.372389025054034 144.9646913372731 128.6561070933606 112.64426053495798 97.07609567781758 82.20407930565591 68.48325590289913 56.754783110946754 48.486677091391485 45.60168513697998 49.05887179603831 141.1006866024574 124.30649364297558 107.67317949180799 91.28872559121106 75.31572131067838 60.083216886643584 46.32749340151183 35.79369996073517 31.856708673776097 36.70448796564701 138.5519991836636 121.41921288543116 104.34225430011853 87.35387113340154 70.51810807480399 53.977961482902984 38.12019255228088 24.318507963955444 18.120225549734783 25.768339359920414 137.39188520454346 120.099820067376 102.8110740721873 85.527660058282 68.25362869271734 50.998515036367635 33.791311806736935 16.780062063103323 4.472328652916511 18.89831939180425 137.65547312679107 120.39988999407004 103.15983185047119 85.94464190557916 68.77299764573205 51.68831692108358 34.81884798711655 18.754610426058722 9.477964833646174 20.655299334912943 139.33467953889055 122.30749940743372 105.36985747697271 88.5731352192135 72.01600283905114 55.91171623056042 40.8000774927139 28.317549322759383 23.19120179239023 29.537959411639783 142.3794028809618 125.74948439671249 109.32830460545327 93.22623263109182 77.64206085817796 62.96154127111979 49.987284838365156 40.39812512027052 36.93230675784508 41.166599971301466 146.70460557442158 130.60454233938285 114.85448462972685 99.62057908319065 85.18020833512867 72.01233911858317 60.94741222618744 53.31133188559814 50.67849777253614 53.78868974325879 152.20110305003342 136.7221543068138 121.73500885422442 107.44566290806107 94.17229831536524 82.40731920171457 72.88486771762172 66.57428049105604 64.42638357264742 66.84366966524252 158.74720217658057 143.94135024085702 129.75451426037876 116.413225990007 104.24263980489928 93.70005483468677 85.39060928231943 80.01309634480087 78.17492293259072 80.12006690083432
27.102711061853515 78.39341106646174 64.72890042515769 45.76432394966594 57.562916284916966 79.56426093707701 15.592677726472573 0.0 55.48191465013516 82.11518464334623 101.82891907943134 47.093033859361164 66.01484647728333 71.22827229630899 47.04822739526515 28.9713982219935 9.589008264521658 52.01773719232357 96.99626589771654 19.82922945078338 19.923765153467365 83.99222020053702 80.89562569362761 72.51673252171909 78.49047766365918 83.18445972828216 44.101009080877425 15.368730909596737 61.886784889348995 74.6413021652506 98.6736711818402 106.391411052857 65.0880594089044 77.29049915169736 67.42555288830931 57.16962141439013 42.131017126784926 70.61310355917969 91.92971506574722 29.163570521225328 155.01040378514278 139.2340595516122 123.86572214408456 109.077984174202 95.14195639949786 82.49044084514908 71.80563711723414 64.07902886880761 60.45568697719451 61.663230236799805 150.00955809278742 133.67034442368094 117.6067913825456 101.9492850513179 86.91754143001248 72.89968612336885 60.60340261613041 51.28238999610087 46.75144470680287 48.375764428923304 146.18332137696476 129.38181593447553 112.73177654860922 96.31179002033839 80.26317121837266 64.8621670566005 50.702397189712755 39.15448570254582 33.07752597874874 35.410168081190285 143.62565699189062 126.4982984627686 109.42587213351624 92.43881912399873 75.59471463410544 59.01608501882133 43.0110161713111 28.560611759226813 19.498240609971777 23.310213224372657 142.4049713209658 125.11701422825932 107.83353886623324 90.55711138278849 73.29271588730104 56.051471388765584 38.86420139568121 21.858598261891505 6.624496086418007 14.44586589295742 142.55563122788402 125.28767896219989 108.0305987399559 90.79059030499526 73.57965460094755 56.42440175951645 39.39763845854325 22.78920748453187 9.23229651341057 15.806197503734452 144.07333251980648 127.00403399231828 110.00743319652759 93.12334437700788 76.42637227301557 60.07274499405205 44.44311200772793 30.665239609138045 22.455173951852007 25.822934684269725 146.91569369982162 130.2049441182074 113.67119766398831 97.40463116388136 81.56525273949366 66.4592057235089 52.72066848150539 41.72312349011293 36.067665177654554 38.205250921211814 151.00789334469314 134.7846397972115 118.86595777673288 103.3926217465836 88.59827349350107 74.88641680378488 62.968232458448774 54.04371099321791 49.75086550770774 51.266714947780834 156.2517072727902 140.60840000512826 125.40152381841031 110.81090243464264 97.11469466498134 84.74765861668966 74.37581100217419 66.93318148612086 63.45891746700057 64.5965287690285
41.07712786902776 40.85724200331222 9.246985775022527 14.19135554033442 8.862565524038189 51.580363699713445 52.651943235307414 55.48191465013516 0.0 31.418838556469534 52.23495509788967 9.320657985881713 13.261464355558884 16.093244333513187 9.087999796226345 34.03576704085108 47.98376926392535 4.7324489042850235 47.316626229292545 36.615903479791214 41.72640095338777 44.14262268739314 36.736791394888044 37.57287435276021 23.608641648018555 63.72325051484238 11.380905569257733 47.02698728656249 6.4322209635216625 21.034184565620045 48.261821997307244 58.73561690049819 11.52594549364316 27.75894412976382 14.361526878902017 22.660179159886205 14.023134527496563 23.92938585941668 36.71399484819771 26.318344128909832 106.64987034094867 93.01476258895241 80.79599277739952 70.7314216762729 63.84802855327112 61.22828319030164 63.40291593675712 69.92604672541734 79.73750338679558 91.78879047115895 99.12353673891008 84.32151052964275 70.66442777734622 58.95344079150339 50.559446420400675 47.28329172910566 50.13845175510454 58.2299031880094 69.75873794230284 83.30992753743395 93.13868420621964 77.23162600231458 62.075291012377434 48.38044639841639 37.771703342034805 33.338321692410254 37.34827912301667 47.71846973547889 61.301866974460374 76.40349190545187 89.00689953042897 72.21899473826124 55.746300264874385 39.98035193327411 26.228207020172363 19.393836690865562 25.749460479995832 39.353021278480085 55.07265753327046 71.52654533164971 86.99268528565801 69.73310043484986 52.501397671782975 35.33838814822591 18.436920961231692 5.454529341771482 17.840885189464192 34.72111657969084 51.87993973521591 69.11015710811638 87.24286187478863 70.04352497074724 52.911124362849584 35.94150833160928 19.56298059507646 8.50538930213442 18.991743822111168 35.32342379263139 52.2830321640331 69.41181372715677 89.73848954558632 73.11465559185314 56.89657587023412 41.56198932078898 28.570766422763633 22.447484465478936 28.110523844999797 40.92950854840899 56.204616503703726 72.39754339579498 94.30142976775954 78.62360600229647 63.790989006659196 50.553103063114804 40.5049290023795 36.39216139555684 40.085366930932025 49.879765098798224 62.990891277670904 77.75873516733844 100.65085395062157 86.10365325504033 72.7721440789078 61.45268058580727 53.43949939951061 50.337157136866644 53.014901951004326 60.71269568051906 71.83442177867397 85.04726941611082 108.47342095845501 95.09068450192719 83.16662066650098 73.41545203142282 66.79568617079926 64.28212874058313 66.34315149450619 72.59014199862332 82.0727541314363 93.81491627638782
72.1059681201734 22.006857252743217 25.02789028176917 45.60747267169321 36.737526570993616 73.85787520018684 74.8530032726013 82.11518464334623 31.418838556469534 0.0 20.852619348005483 36.54505941383598 32.18473709466066 25.34788274489033 36.82815439039222 54.997739339659745 73.25556682528105 32.49086599550181 15.912410465436313 62.286236034467336 71.7561052979848 20.896413349620936 12.358521454971802 24.049068743211595 26.443510372711835 87.78578840615003 40.81549228560384 70.17675587628139 27.290265449555864 30.692113729449947 17.035866372818358 27.400726645021038 30.843031027813627 40.52414335182338 17.076319888435968 27.14557858231857 41.05861461945847 42.56016082376074 18.86997905487122 54.313033028012605 75.33093914333777 61.6338206106938 50.21364782283693 42.92782484750892 41.986795525679725 47.7670282183539 58.30259089430419 71.5220270892018 86.19926766829158 101.7051240970607 68.48542824576542 53.09176187728391 39.31827018597244 29.52672443061616 28.22124084465458 36.328491684230386 49.414472326436616 64.51767770555368 80.51075264609783 96.95432811682556 64.0815766636256 47.30328247182738 31.104104461389916 17.205894714146936 14.944330976092914 27.37400154474568 43.290317735679295 59.97899612002493 76.93907367707673 94.02379942225878 62.636590516816604 45.335771754093265 28.03632521766419 10.74488087816451 6.601742244671401 23.88361652782048 41.1823369715077 58.48295666795027 75.78417489832455 93.08565792654427 64.35012434982751 47.6647960806259 31.64869060527583 18.16752593817655 16.037173394087993 27.98276991833286 43.6759939119874 60.2566347065033 77.154676839086 94.19946305657821 68.98719781690116 53.73452516438642 40.17803488322739 30.65712543580444 29.396492195418006 37.24456641319204 50.08863405704114 65.03302512209389 80.92235174369651 97.29475436633807 76.01459421713548 62.463770625152186 51.224324113661766 44.10039404221518 43.17942521737728 48.81378292226295 59.15921464885413 72.21872739162808 86.77546385713934 102.19159604551719 84.84031584048594 72.90328278701227 63.48697393798488 57.835982296076516 57.079800334961455 61.39954506506421 69.85987712432461 81.17634199070703 94.32651978860395 108.64660114692012 94.96417850044244 84.4208328460114 76.38224798563067 71.69593827652064 71.02855969692317 74.4882137600817 81.55133754190264 91.38619310086591 103.20339574132835 116.40074941138411 106.01481312924591 96.6315781726886 89.63738856813478 85.61973598881573 85.00173636361166 87.8551615527215 93.86395405319495 102.47454592036314 113.09421507804332 125.21281339105806
92.94405810803222 29.282226484441892 45.316585805154176 66.41001733350318 57.04963636051164 90.86346146969214 93.29184576140707 101.82891907943134 52.23495509788967 20.852619348005483 0.0 57.24051353023249 51.49154472521645 44.08338358648415 57.55262716927156 73.80085401439085 92.69676628559667 53.31406301159953 4.959041252047154 82.05948425584731 92.4294795739545 24.189442622050823 22.05949792436457 34.51131473588359 42.65612946072689 105.14499863559253 61.59460851442993 89.04924550161613 47.78867548513876 47.942851251652115 4.34873694939545 7.877242340326366 50.45150850140233 56.73652683043742 37.873981945317006 45.095722323188994 61.61188236786771 60.36713478771109 26.977564396595135 74.73530293237057 54.48331824850589 41.07404826582343 31.69277809098045 30.339680188495624 37.88495048690122 50.485166350782926 65.27590549434599 81.06691632992556 97.3727645534261 113.97269365327419 48.18747766493697 32.30532518917891 19.077407474216844 16.82181098434911 28.296847565535085 43.78541136032511 60.26877568291604 77.11161264751811 94.12113841383172 111.22090179425324 45.58698636141371 28.299988792292364 11.059791988385934 6.516304555766947 23.6921726389814 40.97425358321343 58.268117028974714 75.56567382454291 92.86486015746947 110.16490837207935 47.29541630565068 30.965252970255484 16.719754834870198 14.105542676870979 26.778634933937795 42.82449142584449 59.577610434391666 76.57518584033124 93.6842533731906 110.85320201005302 52.89688061954371 38.955158342232146 28.907418420584104 27.431431135198 35.609522386833476 48.80883988791944 63.99435689063091 80.04350487379648 96.52646127893188 113.25397510639088 61.33380850006739 49.76799987653148 42.31520971272875 41.2674877978281 47.054644192178586 57.65395863005996 70.94028309816017 85.67248100122711 101.22119170463449 117.26205999134596 71.6108297969327 61.9425666754486 56.07451263200846 55.231505013274145 59.62705848604507 68.25651499925893 79.75723386820727 93.07083134280438 107.52600484118584 122.72001696822487 83.04748744220007 74.8168980736848 69.97815010287682 69.24597413555651 72.74447445597399 79.91997485852332 89.89625346065972 101.85362329398538 115.17671186662675 129.44450363178706 95.22674817828027 88.0845544047331 83.95429425150775 83.28528059995206 86.15818039367956 92.24264618665738 100.95969069163648 111.69463798807874 123.92418975714276 137.2493974435398 107.89729020751359 101.59139833690129 97.97176298239783 97.3385206994227 99.74856403137828 104.99253109041408 112.67543781503355 122.33864529113315 133.55298992651836 145.96138271962135
36.01832182606255 40.99547468812001 18.173477631343374 13.257487862691288 15.967795458150132 56.76421019108473 43.42408698852439 47.093033859361164 9.320657985881713 36.54505941383598 57.24051353023249 0.0 22.32020631897883 25.321778306574572 0.6232591972416274 24.724988484684676 39.166042001092485 5.018055067241771 52.28277536295546 27.76873683760344 35.21193750348345 45.24353714780943 39.08056187482196 36.615520900977636 32.86069575235957 67.75077869288279 4.697735958036505 37.85621142601754 15.564022407875074 30.331479296269634 53.57004577560014 63.0569317188829 20.713048351625936 36.533922190422274 20.534516098996576 19.558381142892856 4.9791461865507 31.932241401312574 44.85178270738157 18.169742081768586 111.65090333782801 97.2122661001013 83.86431053037343 72.21438857868134 63.208470095232855 58.08959375732397 57.89808763011486 62.679132386976654 71.44127770048799 82.9321175366887 105.0120827009978 89.54565853255423 74.88669267820747 61.61422602107931 50.82630505833725 44.37361889130645 44.19759214160701 50.36408024276288 60.978343173692096 74.15443630380297 99.93143453538391 83.55804773285578 67.648447085905 52.62496332565766 39.51164963247129 30.849043228968863 30.67353581580072 39.099583764804464 52.10948494786068 67.08747060549995 96.65506396514508 79.62918221815315 62.75447663568555 46.196909219083096 30.477810149107434 17.95415851828602 17.73468666899089 30.089845810967958 45.771070963377014 62.31609310485441 95.36915679767051 78.07055849248547 60.77385727643474 43.481317172818606 26.2011783668011 9.005117569131182 8.625318948188774 25.814989858245724 43.09460367266329 60.386998765671734 96.15362277926994 79.02257391886326 61.98651525754969 45.153093234383014 28.878858241805375 15.095957999928212 14.849252923732907 28.49255247819332 44.74219094903875 61.56796752351785 98.95922674349708 82.39823890862144 66.217227660966 50.78073403700408 37.03180938058454 27.617695579707284 27.437739680177497 36.628298552782425 50.29060744769073 65.69146357385729 103.62189147726974 87.91878103762332 72.94267231450482 59.24745183747514 47.94364789875763 41.05644795027854 40.88246791282308 47.49553838928943 58.64283307434073 72.25540322246002 109.90545561671648 95.21176699859053 81.54784647765673 69.52353015424457 60.13061213012787 54.740835538221994 54.553890109062316 59.61873922663728 68.78488568114064 80.66614047694786 117.55019232409215 103.90455329527263 91.50385583312173 80.92246923128502 72.9563388498606 68.52371624674734 68.3159055879026 72.36931105429665 80.03913022186417 90.40961513373975
47.43040159041564 47.70956621840913 8.797595913574431 20.637346872914268 8.535679176943654 42.78390520015664 64.90631704288599 66.01484647728333 13.261464355558884 32.18473709466066 51.49154472521645 22.32020631897883 0.0 7.585008243154534 21.976477704145466 46.949055119476725 59.362489340914124 17.99390213180571 46.91832333743912 48.220291702248865 49.931196494034666 49.65471045363987 41.19114614615231 45.79794448067448 13.047220750288416 56.20217398152653 23.061280778289927 59.15323591570752 8.8824137928768 8.627338704298179 47.192907433882134 58.865249907261436 2.0091544687446214 14.59303384248627 17.600236606220616 33.78563361013606 26.58833801252199 12.094827635744148 30.028392817629506 37.31144099005615 104.5571792500136 92.46036238013224 82.24550378403903 74.68879820174254 70.64842294162516 70.7295705825002 74.91884975596115 82.59349457376989 92.89362758526545 105.04977938316944 95.54571903816968 82.1824333191074 70.55223846970281 61.64399765834321 56.7542476743147 56.928067756611064 62.1229688245044 71.24899788902258 83.01972194710227 96.47189669144504 87.89132901683952 73.1866102846402 59.886383956772804 49.144510292464645 42.92658442575064 43.23083690136325 49.93819898712238 60.97087031577117 74.42966603473629 89.22336126183026 81.97516480613501 65.99940401342926 50.89817978687436 37.73642499666546 29.260220913529995 29.782427281499643 38.94271577760708 52.390714253169314 67.61470593144581 83.65058079165067 78.19286768954605 61.260842825547066 44.613560474727734 28.749979150254635 16.169892777358555 17.177955993405813 30.453431993456835 46.45915923293412 63.152260778633966 80.10415229328636 76.860165893847 59.55835077455166 42.25663020682989 24.955200852465104 7.656037254002439 9.653049620727602 26.952948469945817 44.25443592640817 61.55617248337861 78.8579941802967 78.10257502619956 61.14608017454087 44.45657085325098 28.506892845344982 15.735687583305614 16.771805630450388 30.227268167241153 46.31192820386175 63.04454237608961 80.01966401572678 81.80283114202207 65.78621470333238 50.622709661166674 37.36577643049713 28.782869722832178 29.315793646819156 38.5886997868134 52.1293542233145 67.41336083156148 83.48869798821755 87.6501541740444 72.89813097289394 59.53512010330996 48.717846894196896 42.43974246284107 42.749736007154794 49.524268506578146 60.63391351009918 74.15520762491418 88.9956359715991 95.24986673880844 81.83986426345531 70.15474332172455 61.19077542944612 56.26395244023504 56.44158086237867 61.679576164206125 70.86456477506246 82.69160371495097 96.191031120875
54.21049909674184 42.7392522038238 7.424775292007942 26.912988942670054 15.08229800839145 48.645620421433776 68.73064461875947 71.22827229630899 16.093244333513187 25.34788274489033 44.08338358648415 25.321778306574572 7.585008243154534 0.0 25.14357030355487 49.87447165305402 63.990032662755006 20.401463290761534 39.58956629799868 52.652670140506764 56.16250336637845 44.024521825867005 35.328913517410044 41.61641291813088 7.543560099911781 62.46544352736219 27.28859863656003 63.11872838454324 9.763294555606569 6.89092245094615 39.764449741808896 51.55080303615074 7.127782045360686 16.702478016655498 13.246482810559602 32.13789282957945 30.112180886081816 17.300315209075663 22.683960460111816 42.13365388947927 96.9762147343362 84.97737053425905 75.07738310033035 68.19652539065639 65.29633503967878 66.8965569819574 72.7006188047512 81.81872209407294 93.28407831613093 106.34015196870727 87.98663514831361 74.60579044619408 63.15932760550419 54.87146846365155 51.29674581842441 53.39040086228351 60.56743654271272 71.309147567591 84.26313177444882 98.56092997716435 80.49007668188455 65.64151054532435 52.32274986828681 42.01474962062526 37.30301599670847 40.20569119048958 49.3982488619967 62.14968352272958 76.70518964216643 92.21440157964035 74.93609064906725 58.732642401745046 43.385940513368624 30.23023873576893 23.32607517120082 27.80386988985587 40.008943098940236 55.01896785652505 71.07861189643651 87.61256909383157 71.77712722538645 54.66426965633862 37.7242885450912 21.372288137993444 9.441432048428245 17.8946853241361 33.91182789863779 50.779105593269946 67.86557480137539 85.03921510822957 71.33213854319042 54.081344098736714 36.87849050550624 19.848623036959996 5.160048742284244 16.062311839936562 32.98610483711302 50.16853451184952 67.41212123844568 84.67951237886882 73.65033998245521 57.090738274066275 41.14661692619719 26.934135273631867 18.882877749314407 24.215498589731627 37.6155492116714 53.312105414440424 69.77208249435695 86.56106675692789 78.4872408033955 63.181163711624244 49.21565043432561 38.09474200159895 32.84732575856694 36.13021687806785 46.15784499580848 59.61886495438264 74.67917904582117 90.54423685733902 85.41596255328321 71.5702624449593 59.560230996572926 50.707421634763534 46.83766586824533 49.14258969391319 56.876393541952226 68.21698472845657 81.67553312335609 96.36872552208209 93.97486604156114 81.55161125849816 71.19515844639162 63.91816103316683 60.83590609170056 62.571391759211714 68.76078897077313 78.35565435530414 90.27661089743201 103.72473097847995
35.62551894043874 41.530457091054124 18.054960183701787 12.642933252997262 15.484822304117168 56.15990653979498 43.58737403591867 47.04822739526515 9.087999796226345 36.82815439039222 57.55262716927156 0.6232591972416274 21.976477704145466 25.14357030355487 0.0 25.01222079412489 39.200369104421995 4.9791461865507 52.59401056771791 27.803422196200838 34.93191893305297 45.74670311694004 39.52371175236804 37.18114609667153 32.67538134479014 67.13042055702284 4.218894447783659 37.99309051640618 15.40027067573597 30.052821749853727 53.85940887748568 63.41514086607052 20.399737279793012 36.129950708768234 20.695552989617962 20.155955457826227 5.01794985346909 31.45773567520437 44.882455290282174 18.052349103008517 111.98060119869972 97.58902532103112 84.29874117873088 72.71612440749219 63.77843536013031 58.70638780353299 58.514000075232275 63.245818237939616 71.93661048584195 83.35715575419063 105.278096547986 89.85604536592959 75.25585841765027 62.060322470276574 51.36367476910083 44.98527101513878 44.808773613332335 50.89874103613644 61.418576564824484 74.51513481955176 100.12212632018779 83.78497009734033 67.92725068999209 52.98122965021364 39.98273553840965 31.447364341255 31.27240706928407 39.56891836809645 52.460883472622506 67.35947168420641 96.76031152395875 79.75631596742791 62.91497672318033 46.41369371630799 30.80389491050932 18.4997629145157 18.28427803074426 30.415468552936666 45.984768570182155 62.472469637157864 95.38259903601995 78.08690345876609 60.794756042770345 43.51038738544338 26.24916829488132 9.143163540342666 8.768672675419944 25.863011794118144 43.1232502862146 60.4073474756376 96.07440294866412 78.9266029494811 61.86468578405859 44.98647556771238 28.618867267743855 14.59483080482419 14.341950760138838 28.232728522820274 44.577968896403924 61.44930109329629 98.79224717342751 82.19854337301024 65.96971553870884 50.459058735698214 36.59153253697793 27.02728811835674 26.846205642427126 36.189413044335936 49.973381717754435 65.45009204578861 103.37642006242966 87.63066004709808 72.59674165275224 58.823015733852955 47.42060126898492 40.447319228209906 40.27361175982412 46.9749714104241 58.22403315807091 71.91755069965548 109.59291044664475 94.8524727366399 81.12999917774329 69.03521976119602 59.567994654789615 54.125133033535356 53.93898111455456 59.059266508576094 68.30285394024534 80.25747548401996 117.18214265193343 103.4898964675803 91.03490625038351 80.3942847002601 72.37277969389407 67.90499864331181 67.69822606970838 71.78928999048982 79.51758216698455 89.95043613992254
