0.0 28.500416853763546 16.467067932555853 16.045586239112478 49.74172533863335 32.321316445539104 38.34401617018927 10.361405626787757 21.957517245172326 65.54604814344852 1.4401271894778678 47.07737663468955 37.084532038820704 7.140626165253187 21.957517245172326 39.32092611991961 13.775540594248731 24.68952523252803 71.03084630539999 52.37382312722007 8.525589009213336 25.418669948157806 12.818767818618586 33.09089077531424 50.56398710119349 42.5630845719126 36.79308540445993 30.083514305181243 42.794401077879755 52.96220266870284 44.063566771628025 20.23152887492728 27.683127286326012 23.067891856825344 29.48176047128413 43.04619789870334 23.04010927495569 21.849953405012418 56.16330148376214 47.63785357798093 82.44549142643058 56.19392169151012 43.738671828780056 55.346208468417984 81.29053432040476 71.42983290988177 38.4484988689946 15.786152791059143 37.61605632683733 70.53780749460759 70.70758863243957 37.102183160598024 12.183283667572308 36.26491840850594 69.83342834203627 80.55613636079741 53.40990035870291 40.13435624954101 52.571269639248584 79.44515703124598 97.83312290801256 76.85270865217032 68.08906646910829 75.89905385084404 96.33262705138509
28.500416853763546 0.0 35.80257215429728 44.49350322602103 67.95773888587846 8.535679176943654 44.38789525534875 35.254301554543524 11.789255783415104 80.65437879529867 27.563987498169684 56.80911399237336 42.9987178619797 26.44329763985953 11.789255783415104 12.71445956776116 16.088709446543138 51.74776651931438 88.67413424576081 69.80007745893482 36.136799494693655 10.365689473221025 35.27810058595865 59.00473859513041 66.53112172330371 41.274667633783494 45.32548246747543 58.029818996726554 41.13148048081976 58.72803219136853 17.654026805470963 42.29789509920631 23.680706439618557 39.48845507078609 15.76117486264716 22.193851872444306 25.05453767564113 50.295748423692295 75.06720820404801 59.219270480134284 93.51846378421021 75.61242448753056 71.29887899082303 82.73196053866654 104.88269725193233 74.22236073315756 50.10204171076192 43.661066236036554 60.80445046918421 88.78565232584947 62.19716931000819 29.745695928765326 17.20392682519381 45.847506867473136 79.3905711623194 61.84160292515684 29.001851151092815 15.895969845663677 45.37738769260654 79.12258678494747 73.325638747044 48.776222879627056 42.14749660353252 59.737123737974954 88.0650746064287
16.467067932555853 35.80257215429728 0.0 21.671600728453537 34.193541444149865 42.347073255114985 23.620337379330575 24.863624987737676 24.953493195120927 49.39550840335003 15.66120961615741 63.04314615479628 22.57084062921343 23.506416526798496 24.953493195120927 48.33983270525513 20.212937062556133 32.95279148532491 55.54586746998946 36.6103644522602 12.461075811176737 37.121247225935136 4.3442613664847975 41.9600805129592 34.41785935209566 30.45401483071163 21.350118135368362 35.18515586702253 59.05182224635047 37.34298411989345 46.68771948380742 34.323560690210456 21.928701255294026 6.668870805448389 28.629411200190805 55.07579777403922 16.352421944928775 25.752132345961698 40.97296899401729 31.20977815835347 97.49287860677903 68.78679554005292 48.50978214246454 48.678419741276294 69.14327151399488 87.81120286405607 54.351220429972265 24.33415940340261 25.001915996627083 55.25295133404217 86.61451235965409 52.41411694988533 19.678869612380083 20.54576628172657 53.40272899658199 94.22670818122978 64.11855110096188 41.69568983066898 41.960676839676886 64.63506901400943 108.81417604004534 83.93940474516215 68.16077618465474 68.1228899318148 83.8470860357065
16.045586239112478 44.49350322602103 21.671600728453537 0.0 46.13082171640335 47.700043265235706 45.00654096545639 12.476789070523383 37.60473165183597 62.99584917752653 17.13443160669858 47.013720345893134 44.0569344906304 19.471511700794093 37.60473165183597 54.852070304818795 29.62952662286351 11.28905996327083 66.17764908129536 49.14504389425716 10.40173840960227 40.379212351405265 17.616508816678383 20.28849855245278 48.726972955222564 52.07833330331902 42.34089129065188 14.549312098679911 49.942710100968576 57.68926161818199 60.00271763936678 17.082868944188803 40.77350013571332 27.256906995099953 44.48819047049166 57.118950380613 35.37821453456014 5.805913022295529 51.308169118127665 49.407126202040025 78.47971437282217 47.79068745898516 28.349126720310668 41.451599514025396 70.90582597406036 73.18805066081367 38.58428586581553 3.9821963416188035 30.62389712813582 65.22762205238952 78.38862939611985 47.642341518619254 28.100665578130887 41.283668932105435 70.80871732297518 92.32486057689894 68.02236239025443 55.901672833175134 63.3856892574091 85.47097469832804 111.77505416819405 92.52220905707611 83.79601658082319 88.75754849265769 105.4928870895042
49.74172533863335 67.95773888587846 34.193541444149865 46.13082171640335 0.0 75.4297467048292 29.45132785991952 55.48191465013516 56.23338789424642 16.91949350361054 49.26022604634525 93.01007486845015 30.201933339569965 56.86516637806255 56.23338789424642 80.66282490078936 53.691259155843035 55.06708349789332 21.360010735572818 3.101749351345588 42.750722862745 70.95551963782947 37.033861057671345 62.28554181605093 5.73829860023019 39.767521583881376 26.317606509176645 52.39224958631365 92.44686278304286 27.80118870137455 74.25673394669785 62.96913705637055 47.086117543106546 28.834765568683444 56.26469514023174 88.6850836316243 43.52659586775519 45.99205136741129 7.145233732859507 16.20874920583505 123.9600034918064 91.30190157443668 60.83438299720881 38.215667433998675 40.18560040571981 118.9584200354855 84.45256844579737 50.082134892380616 16.705012788078015 21.089048525957228 120.44638059915988 86.51696089354996 53.45918965773787 25.008636700472156 28.068227138391872 128.19803711923817 96.92709384398441 68.91876468858268 49.99540517634633 51.42076195147271 141.18503252600672 113.40704271583809 90.46460328123862 76.81975489636173 77.54642626562084
32.321316445539104 8.535679176943654 42.347073255114985 47.700043265235706 75.4297467048292 0.0 52.764255422658586 36.97491929271966 19.850616009455948 88.62923925266247 31.688443502917906 52.17300345692071 51.36521462469973 28.462917274421226 19.850616009455948 7.244380161366665 22.13510898734225 53.422258725939294 96.37218266295704 77.40682190468796 40.59951433792748 7.681587202555359 41.17748264074206 59.78789060315484 74.30502589036196 49.80714665887376 53.55721328614128 60.249246200182995 34.572536218780286 67.21362640020513 21.683755641333548 42.346160626424584 32.161689662788966 46.689020229654304 24.257492454263392 13.747997619086933 33.18859552319523 53.39242920575716 82.48856670408739 67.37864353898472 88.31455666949452 73.22319270782148 72.92850105142172 87.57997411288044 111.43021469981225 67.4926834991245 46.33808465308427 46.19515187596842 67.19809691129552 96.3949926263544 53.95380735018863 22.76098931482756 22.802676105263767 54.00658789904067 87.7969881675537 53.54257873617453 21.777576376751043 21.830457653683197 53.607143957605686 87.55417659101269 66.50299300378056 44.89789740057126 44.76399311689083 66.23163703846782 95.7301686266213
38.34401617018927 44.38789525534875 23.620337379330575 45.00654096545639 29.45132785991952 52.764255422658586 0.0 47.93703130572383 33.00956692319742 37.69052639398175 37.15097939895651 85.37076630631924 1.4226131961563322 44.56187479407663 33.00956692319742 56.44833274399123 34.34689271011124 56.27270737610364 47.091103014571466 29.978294946287576 36.061229883357285 50.537522007765006 27.944672039022507 65.20197506040854 25.68953331273748 10.762746854328213 3.722115561239849 57.56172271431557 78.16231675480181 15.141307551571096 46.49058858623193 57.66660009568117 20.865389382156255 17.786740328253615 29.919846229615906 66.51194695179477 19.926296427241603 48.39064278529392 36.154439530475564 15.818148790996897 120.65646711359352 92.40456280347117 70.09996687602248 60.69752421869038 69.63587795494391 109.03766891937654 76.77480580498913 47.899492307720436 33.00280162293188 47.73721254455253 103.91361815790165 69.377446384568 34.97533355022585 5.307702799132608 35.04173687209488 106.22864961829318 72.76842161250764 41.240816266407755 22.38774725396424 41.18813040738129 115.53632864242478 85.67603187368293 61.04856037193721 50.08269257462637 60.699510330216725
10.361405626787757 35.254301554543524 24.863624987737676 12.476789070523383 55.48191465013516 36.97491929271966 47.93703130572383 0.0 31.077046132656687 71.97340513161895 11.787677089692846 38.33843823709039 46.74269840156452 8.811079551343516 31.077046132656687 44.21814035389251 22.84973931984948 16.548591839647482 76.31456777760742 58.34041700497322 13.046199411716925 29.375455628016862 20.62046235505073 23.937584784541198 57.1795618925107 52.77422531341766 46.04913116377846 23.2843985485641 38.009462459364975 62.15281331643729 52.08987925396541 9.914314751854151 37.9884929161115 31.486881205547732 39.099073151164674 45.22950232186992 33.401481379630766 17.392455001057254 61.32713382990651 55.75058292234551 72.73959658252868 45.832545747579495 36.125129769783726 53.89116035793217 83.05611802168447 63.698925942667046 29.63871513608943 9.706027393920056 41.2893904631463 75.56635379611747 66.47712182923294 35.16798265601544 21.194634990323383 45.348477059320004 77.83702500510165 79.84980861866066 56.35248376350316 48.68286505797295 62.92256120512411 89.12510589432827 99.63831608441457 81.82168792282182 76.52792273888849 86.09876343858751 106.60305311554077
21.957517245172326 11.789255783415104 24.953493195120927 37.60473165183597 56.23338789424642 19.850616009455948 33.00956692319742 31.077046132656687 0.0 68.88656375234744 20.66955732083617 60.268826490103194 31.600105404503505 22.952077913619608 0.0 24.446079231526404 8.261925060545748 46.615711233267675 76.89036526016419 58.0356893243528 27.96855929779149 17.958892438404565 25.212999796321853 54.813467217350244 54.74303531660771 31.214846129089604 33.70796040576394 51.950898891222955 47.97615081984691 47.694041757374 22.650514494969936 39.90504287795146 12.940008231955277 27.98096179243684 8.493093033759358 33.578584538208794 13.34110088895779 43.31361707791433 63.355603347194446 47.53601856769725 97.14953982131229 75.35022790670138 65.666203849435 73.08360647808621 93.62236094159124 80.59663594464428 52.559166207186045 37.735138419381435 49.80202690019532 77.01538539550216 71.73075315909378 37.74061028962331 9.912564388722817 34.16162689301227 68.04871139605862 73.3931873429249 40.784760719941374 18.30522771607771 37.43813447145692 69.73517304639553 84.96811716652256 58.987976506251265 46.19950581002957 56.427119630068205 81.41534161221745
65.54604814344852 80.65437879529867 49.39550840335003 62.99584917752653 16.91949350361054 88.62923925266247 37.69052639398175 71.97340513161895 68.88656375234744 0.0 64.91896808901294 109.77280363127555 38.882136563860755 72.68345052200608 68.88656375234744 93.16460766823361 67.70776486624104 71.97452564445494 10.72049687774128 13.861529486064777 59.0677424717609 84.97547233405699 52.72774434239718 79.08268961907253 14.988205612959659 45.94109623240177 35.758198449056586 69.1180847947595 108.33637300307429 28.57113091450358 84.17909330478466 79.74414602233314 58.01339931342802 43.31924572939491 67.26841402382772 102.22096291015656 55.613012054100366 62.90510245825539 13.718420907898686 21.892299339050208 140.8678065861814 108.06686825371854 76.8633930251044 50.32234547019883 39.3893362986243 135.60602688703653 101.17851381555002 66.93310437336946 33.43412833681357 12.267562421788993 136.00871074214416 101.7126341746884 67.73034846562291 34.98842459408775 15.994661853809575 142.0276636879743 109.56069843969682 78.93069050122757 53.39830555329696 43.21483590965862 153.00118258287205 123.33392113865565 96.99436492990763 77.45523901917782 70.60791582259446
1.4401271894778678 27.563987498169684 15.66120961615741 17.13443160669858 49.26022604634525 31.688443502917906 37.15097939895651 11.787677089692846 20.66955732083617 64.91896808901294 0.0 48.22904603465193 35.87759253936676 7.849430861473214 20.66955732083617 38.61607161766203 12.542198064941179 26.034657756268732 70.58373869973157 51.84780763358809 8.929228770498757 24.951292974832267 12.236721648586363 34.484532259649406 49.93103357641739 41.20730372264237 35.679210798505224 31.30698989204931 43.43080816151986 51.84247629314583 42.889262532002256 21.641329536790096 26.243520659081963 22.191395418796397 28.10651029665037 42.72115892497261 21.61750034648472 22.92512863897481 55.761215767289514 46.738591756266295 83.72350657761383 57.618217293994874 44.998966707095164 55.8996393178375 81.35998388139626 72.41266182423213 39.623827053127506 17.068991217444136 37.516689153997206 70.13203392147501 71.20135316205877 37.38561971425021 10.981279575297139 35.190119511231465 68.92715424057877 80.54658772972189 52.94128369686666 38.89255642940208 51.15962347111238 78.21002431545485 97.45703079214243 76.06084397135062 66.83859463549207 74.46012418470359 94.9525621927284
47.07737663468955 56.80911399237336 63.04314615479628 47.013720345893134 93.01007486845015 52.17300345692071 85.37076630631924 38.33843823709039 60.268826490103194 109.77280363127555 48.22904603465193 0.0 84.08383939121963 40.910875903026806 60.268826490103194 57.43218381248887 53.98557941682116 40.328504844294756 113.18202433208118 95.97750138769088 51.35746361480277 46.52944774573248 58.88633898592182 37.513239232996874 95.18575292402903 88.53421429685997 83.86595499747172 46.38202592822895 21.54925159759606 100.0353781928902 73.64002434515606 30.041001226016927 71.3682489498424 69.70627047519662 68.60505275910582 49.56675952856668 68.18271942791797 48.47111837253428 98.32141480908398 94.08199431930359 36.91731042569228 27.166188177479903 50.07950677287828 81.68692346023707 115.03213106304554 26.352639338750127 8.700954974498643 43.03261480389556 77.60644018567466 112.19878556277091 40.46120332842147 31.775897871349667 52.69859854148158 83.30313789154927 116.17452030371209 64.73620531328658 59.49749281850197 72.69052927425288 97.07038920617521 126.31782887740066 91.40742943066707 87.55737566224639 96.80895935215437 116.07049533179229 141.3062272299829
37.084532038820704 42.9987178619797 22.57084062921343 44.0569344906304 30.201933339569965 51.36521462469973 1.4226131961563322 46.74269840156452 31.600105404503505 38.882136563860755 35.87759253936676 84.08383939121963 0.0 43.249429976756154 31.600105404503505 55.0883847559266 32.93318336914498 55.33588104315068 48.1784169914022 30.847129778968736 34.98162478798925 49.11592938398451 26.876398436591302 64.28716738543197 26.620994721985358 10.575090643417939 3.985396565770596 56.7728377200567 76.76509079007411 16.546474372977734 45.325265157613195 56.50022493634114 19.512463190451445 16.914008611094943 28.60665607856959 65.11317731258428 18.50443395911003 47.552952628819526 36.98922871286529 16.991182876563723 119.4412904492668 91.35253583047208 69.41996573887653 60.72692473930756 70.36454390377483 107.6866403474706 75.49849222808642 46.887792924410334 33.041502688125995 48.78370273615263 102.49299621445135 67.95925270432679 33.570219611168696 5.505735452194091 36.4488746399502 104.84030584121292 71.4189127105812 40.05841992705848 22.439640640885166 42.39389682474478 114.26465323690833 84.53755257426558 60.262672170218465 50.11373630659431 61.53038699964885
7.140626165253187 26.44329763985953 23.506416526798496 19.471511700794093 56.86516637806255 28.462917274421226 44.56187479407663 8.811079551343516 22.952077913619608 72.68345052200608 7.849430861473214 40.910875903026806 43.249429976756154 0.0 22.952077913619608 35.684052632029584 14.961132584478031 25.333530299006775 78.13677243169676 59.508894319124636 14.895157338205752 20.991068112171515 19.95585695205302 32.660367384882534 57.6998311053951 47.79576369035945 43.28594996185778 31.869794376084574 35.65460282368696 59.41513482433746 43.3649981444494 16.95297164011572 31.48132672328725 30.03778404629044 31.253076351759255 37.72491315232074 27.607138462902707 25.03582093649028 63.24753841701353 54.573390031096444 76.924177372967 52.626593402935164 44.906604943563956 60.48523429626786 87.72194442396196 64.67837406766098 32.425982139749024 17.732615869070543 44.41054059086653 77.62084557436627 63.597952775223455 30.234491528911636 13.356689014946975 42.86641561303247 76.75617119274904 74.17249864458125 48.555192115242214 40.10582768178818 57.04534821953094 85.40895561466205 92.48669494732238 73.36080852485202 67.85714621499812 78.88054854042355 101.16547910612353
21.957517245172326 11.789255783415104 24.953493195120927 37.60473165183597 56.23338789424642 19.850616009455948 33.00956692319742 31.077046132656687 0.0 68.88656375234744 20.66955732083617 60.268826490103194 31.600105404503505 22.952077913619608 0.0 24.446079231526404 8.261925060545748 46.615711233267675 76.89036526016419 58.0356893243528 27.96855929779149 17.958892438404565 25.212999796321853 54.813467217350244 54.74303531660771 31.214846129089604 33.70796040576394 51.950898891222955 47.97615081984691 47.694041757374 22.650514494969936 39.90504287795146 12.940008231955277 27.98096179243684 8.493093033759358 33.578584538208794 13.34110088895779 43.31361707791433 63.355603347194446 47.53601856769725 97.14953982131229 75.35022790670138 65.666203849435 73.08360647808621 93.62236094159124 80.59663594464428 52.559166207186045 37.735138419381435 49.80202690019532 77.01538539550216 71.73075315909378 37.74061028962331 9.912564388722817 34.16162689301227 68.04871139605862 73.3931873429249 40.784760719941374 18.30522771607771 37.43813447145692 69.73517304639553 84.96811716652256 58.987976506251265 46.19950581002957 56.427119630068205 81.41534161221745
39.32092611991961 12.71445956776116 48.33983270525513 54.852070304818795 80.66282490078936 7.244380161366665 56.44833274399123 44.21814035389251 24.446079231526404 93.16460766823361 38.61607161766203 57.43218381248887 55.0883847559266 35.684052632029584 24.446079231526404 0.0 28.29001845276194 60.66515535580704 101.32271176754921 82.48176855558374 47.481414051082176 14.903098614194262 47.52784258491096 66.97361956927114 79.16288370419252 52.22928004895813 57.63959099035049 67.48987305192362 38.41216245612815 70.3476920815804 18.598759683037347 49.47741348309407 35.584401044918486 52.19250233381367 26.79253486424067 12.20673226721179 37.56522345657303 60.566212558766466 87.77615606194203 71.58791701355726 92.90455297310538 79.57068065382873 80.16523784109965 94.42548585122611 117.47601575275255 70.6454650791413 52.196123810012594 53.41249358361681 73.32229624251748 101.46048149866718 54.32438435938555 26.52384306594792 29.167359745279303 58.24775194445923 91.26725287293476 50.12427867135231 16.396511767603336 20.49637788916348 54.462932693832165 88.92229299359057 60.61947285978788 37.6889142313472 39.50973409030185 64.00324199297832 95.00864144134874
13.775540594248731 16.088709446543138 20.212937062556133 29.62952662286351 53.691259155843035 22.13510898734225 34.34689271011124 22.84973931984948 8.261925060545748 67.70776486624104 12.542198064941179 53.98557941682116 32.93318336914498 14.961132584478031 8.261925060545748 28.29001845276194 0.0 38.37923217574919 74.85911169462828 55.83182848642676 20.423371382088508 17.307526778537138 19.251451592509888 46.551599563093134 53.027701246471906 35.0737693310322 34.142716707776025 43.8456588123719 44.0007515368802 49.47268556588886 30.37437822133699 31.864145278620697 17.388708904771086 24.856623528758213 16.32258679438231 35.02370443474414 14.88356384846636 35.39319253341054 60.67247077057056 47.27898365369051 90.65428437982462 67.56956560048383 57.51419379008363 66.6701443892245 89.31250299582702 75.75288070131707 45.92081250074717 29.55977577043025 45.096306981449835 74.75567336218464 69.65014226547818 35.064432169538556 1.655552707114611 34.21727154206848 68.80230268257402 74.53978895338304 43.90987073242941 26.359326893332696 43.08587050268027 73.57180924576258 88.62038197363685 64.84109812246092 54.31353718043057 63.955836698777446 87.32430466626595
24.68952523252803 51.74776651931438 32.95279148532491 11.28905996327083 55.06708349789332 53.422258725939294 56.27270737610364 16.548591839647482 46.615711233267675 71.97452564445494 26.034657756268732 40.328504844294756 55.33588104315068 25.333530299006775 46.615711233267675 60.66515535580704 38.37923217574919 0.0 74.02005982954701 58.15141785397023 21.25473953906647 45.776331528145526 28.851120884583178 9.024211168324088 58.28009536555084 63.324169364541476 53.5538182021299 7.521208473361735 47.94889322667744 68.7211133356232 68.32673187226297 13.703786665915205 51.32328913984465 38.502792668065624 54.12660895215531 60.800768966355356 46.085950162089496 9.09153290381827 59.51154182222263 59.98492707602686 68.89353525433573 36.977845964634035 19.57677322264968 42.35547276081716 74.83026901612699 66.64856880986937 32.64763487316621 9.19550683590006 38.70529129060673 72.84569133830837 75.70777677851687 48.411365568396164 36.7488937841071 52.4607481788068 80.92346403365516 92.8178471169271 72.11563367939098 64.66025684313087 74.53861634324174 96.57035856774941 114.42168859723067 98.16678275081858 92.60560175186573 99.54679072547037 116.78191399860194
71.03084630539999 88.67413424576081 55.54586746998946 66.17764908129536 21.360010735572818 96.37218266295704 47.091103014571466 76.31456777760742 76.89036526016419 10.72049687774128 70.58373869973157 113.18202433208118 48.1784169914022 78.13677243169676 76.89036526016419 101.32271176754921 74.85911169462828 74.02005982954701 0.0 19.0291235322603 63.81675576934743 92.15741584561655 58.3709189285645 80.2889737407872 22.175547900904725 55.971954963344444 44.75096138401209 70.16282066666902 113.6414077557973 39.14266137681108 93.44410985267768 83.23214920941503 66.76530245283945 50.036437668664924 76.04723535046065 109.76781381641906 63.8344331719317 65.15477604744993 14.9880858007727 31.357141445381338 142.52239888966267 108.89645329090108 76.15167968817214 46.20126108946431 29.408708926630247 139.35385915766744 104.75457998981192 70.15981995070534 35.58276243015017 2.1725489130726428 141.7344059688551 107.87264187413182 74.6941333858453 43.78083973816575 25.478460768146793 149.39888559174892 117.67477977602823 88.14465376164118 63.9249997545565 52.89735927165039 161.5967984019242 132.68735907689813 107.20575006016028 88.17560900199544 80.32142176394876
52.37382312722007 69.80007745893482 36.6103644522602 49.14504389425716 3.101749351345588 77.40682190468796 29.978294946287576 58.34041700497322 58.0356893243528 13.861529486064777 51.84780763358809 95.97750138769088 30.847129778968736 59.508894319124636 58.0356893243528 82.48176855558374 55.83182848642676 58.15141785397023 19.0291235322603 0.0 45.54057180609755 73.12861764688921 39.61111273939529 65.3868914668352 4.55019746406312 39.97896525895093 27.07880941755901 55.49328966854476 95.13136475892678 26.707135501471626 75.47654404340277 65.93926585448614 48.43280661662244 31.00861632887533 57.67230124227839 90.76026167826265 45.13660902912238 49.07295664455621 6.240099966297674 15.639635950055242 127.04262887288276 94.4036150675753 63.8677069155042 40.50868917433612 39.97064265664236 121.88303143535042 87.40424134546197 53.08843907097117 19.801924790085355 18.992182402547538 123.049125485482 89.0083586971958 55.66629161437075 25.881104989064994 25.21457194186088 130.37121976196136 98.79770126551126 70.14362953781321 49.74016397645233 49.22246661197278 142.9058073462639 114.69476480224871 91.00799606071344 76.189032020875 75.6427712047853
8.525589009213336 36.136799494693655 12.461075811176737 10.40173840960227 42.750722862745 40.59951433792748 36.061229883357285 13.046199411716925 27.96855929779149 59.0677424717609 8.929228770498757 51.35746361480277 34.98162478798925 14.895157338205752 27.96855929779149 47.481414051082176 20.423371382088508 21.25473953906647 63.81675576934743 45.54057180609755 0.0 33.86903056413048 8.120644434976422 30.25139574474869 44.21028879356276 42.27415062475923 33.79651105490983 24.8972817261128 49.86444238867812 49.70519278200089 50.58992168782752 22.02401899812906 30.37224406134559 18.84598862524415 34.37891939881806 51.566058793550255 24.98426415602426 15.694457584266148 48.84874162942008 42.78871277083187 85.19010704868485 56.383838292066166 38.67487647221528 46.98064376127883 72.89335823376301 76.71833968625462 42.662478293839094 12.21977345517908 29.553528919905904 63.185058986515216 78.12606054782142 45.12274727533171 19.060207380057204 32.94493721221024 64.8251067817581 88.94534811830202 61.86316055679742 46.23461564582546 53.320184752988354 77.09252809655172 106.34087231610565 84.81125664545046 73.97476120910909 78.39852838701204 95.99552658841095
25.418669948157806 10.365689473221025 37.121247225935136 40.379212351405265 70.95551963782947 7.681587202555359 50.537522007765006 29.375455628016862 17.958892438404565 84.97547233405699 24.951292974832267 46.52944774573248 49.11592938398451 20.991068112171515 17.958892438404565 14.903098614194262 17.307526778537138 45.776331528145526 92.15741584561655 73.12861764688921 33.86903056413048 0.0 35.388997554665195 52.10884926070652 70.33096799873213 49.15346461885852 50.81469463448763 52.65977205146 31.01535111781136 65.44317583772009 27.31132545135997 34.69506472066056 30.89882211422711 42.13235572617054 24.628338076205008 18.022179881942364 30.611824908836173 46.01060308210076 77.90151207402828 64.2935155156303 83.17583580724668 66.26763599940608 65.26373269683569 80.75942877497171 105.73358582206983 64.07130958805985 40.05167829651778 38.70363033425062 61.53563936778785 92.03330195027281 53.771897407819274 20.03903848740376 17.508927816704073 51.05306474846278 85.44660124450142 57.2463242086429 27.995478345679043 26.17628465800365 54.603066282853504 87.59359402712843 72.54160706603166 52.44679484848993 51.32109930393732 70.08460306965911 97.90125305544223
12.818767818618586 35.27810058595865 4.3442613664847975 17.616508816678383 37.033861057671345 41.17748264074206 27.944672039022507 20.62046235505073 25.212999796321853 52.72774434239718 12.236721648586363 58.88633898592182 26.876398436591302 19.95585695205302 25.212999796321853 47.52784258491096 19.251451592509888 28.851120884583178 58.3709189285645 39.61111273939529 8.120644434976422 35.388997554665195 0.0 37.8735612634073 37.745219552165786 34.47323559110089 25.693044457535336 31.500444024648782 55.609992984777726 41.663014118706606 47.574002679731784 30.001688422810943 24.372212214195052 10.871720382005796 30.04278509581558 53.41106343070224 18.76989368124586 22.0484455604098 43.59110895743414 35.232488771085045 93.17873708910096 64.47662202086903 45.02233502672821 47.870707519240945 70.3634617434977 83.8371033577285 50.18776168332351 20.095095851802085 26.146974261684893 57.95140705810366 83.43801579617467 49.524411984528655 18.392484882217484 24.874702676763313 57.39398384629556 92.09782085878099 62.91904689806666 42.78348154102934 45.79157234959492 68.97921338277003 107.65171296221196 83.88767618156594 69.85810863308758 71.53971404475651 88.03674372878088
33.09089077531424 59.00473859513041 41.9600805129592 20.28849855245278 62.28554181605093 59.78789060315484 65.20197506040854 23.937584784541198 54.813467217350244 79.08268961907253 34.484532259649406 37.513239232996874 64.28716738543197 32.660367384882534 54.813467217350244 66.97361956927114 46.551599563093134 9.024211168324088 80.2889737407872 65.3868914668352 30.25139574474869 52.10884926070652 37.8735612634073 0.0 65.89180774582962 72.34679435050356 62.419762807186906 10.134253444639793 49.115834288003356 77.39978847194948 76.01561351156843 17.67279187117713 60.15699993806777 47.4177784274355 62.563761003714724 65.75905087739449 54.98600950817743 17.20668125249794 66.17949129913436 68.31816813402143 62.248563483609125 29.02944984808562 14.331291845171538 44.30479159410564 78.20035073560712 63.23918181638164 31.07857750584589 18.09450475559554 45.648586884240665 78.962175288116 75.6277894103628 51.676393259675095 44.90158888277529 61.29169375171182 88.83696716984966 95.05730197206124 77.17723909187596 72.6051900797709 83.55508863573384 105.29075867963356 118.10160505109118 104.03518435291504 100.46545103431394 108.43408560787067 125.76665611506066
50.56398710119349 66.53112172330371 34.41785935209566 48.726972955222564 5.73829860023019 74.30502589036196 25.68953331273748 57.1795618925107 54.74303531660771 14.988205612959659 49.93103357641739 95.18575292402903 26.620994721985358 57.6998311053951 54.74303531660771 79.16288370419252 53.027701246471906 58.28009536555084 22.175547900904725 4.55019746406312 44.21028879356276 70.33096799873213 37.745219552165786 65.89180774582962 0.0 35.530289213542865 22.94844995975216 56.18911147936012 93.35102929289107 22.282061192878423 71.55281477770708 65.21885576774203 44.670898379285056 28.425186070038393 53.94401315031695 87.78167521364507 41.659081593599495 49.19305655622945 10.757953022020805 11.08950565234952 127.04495179022118 94.91006708820491 65.34710237363821 43.90203456251154 44.48994701873457 120.86896684070571 86.5499430110383 52.60541008060148 20.94317905428308 22.466761509966133 121.03212068993156 86.77555346499902 52.972345734971285 21.84015657956158 23.297333742612036 127.51007328825564 95.52607347893326 66.23037278474996 45.194175358267955 45.753517202794164 139.42506357802438 110.7993811424713 86.65111922530623 71.65953643826045 71.80891979711305
42.5630845719126 41.274667633783494 30.45401483071163 52.07833330331902 39.767521583881376 49.80714665887376 10.762746854328213 52.77422531341766 31.214846129089604 45.94109623240177 41.20730372264237 88.53421429685997 10.575090643417939 47.79576369035945 31.214846129089604 52.22928004895813 35.0737693310322 63.324169364541476 55.971954963344444 39.97896525895093 42.27415062475923 49.15346461885852 34.47323559110089 72.34679435050356 35.530289213542865 0.0 14.43092643776539 65.54199786994447 78.7860662471331 18.874315508451737 39.48663421433805 62.6867244227011 18.308315119137767 25.942539774382546 25.614612341630117 63.31866931191435 20.37984590906811 56.15136143861429 46.21419199116584 24.82022211961115 124.71417886536457 98.32979674104392 78.60423604306364 71.29696630176932 79.89144740195638 110.82534839703995 80.17141876040219 54.47450777853284 43.61541795709244 56.8502809493756 102.90461613006616 68.92113186808471 36.13494544055149 16.006111741634133 40.01882571129689 102.34759384975371 68.09437177238134 34.54719412666845 12.04265052965596 38.61856932053349 109.26698604094321 78.02324042645807 51.29133933392173 39.60808719931324 53.86671782956156
36.79308540445993 45.32548246747543 21.350118135368362 42.34089129065188 26.317606509176645 53.55721328614128 3.722115561239849 46.04913116377846 33.70796040576394 35.758198449056586 35.679210798505224 83.86595499747172 3.985396565770596 43.28594996185778 33.70796040576394 57.63959099035049 34.142716707776025 53.5538182021299 44.75096138401209 27.07880941755901 33.79651105490983 50.81469463448763 25.693044457535336 62.419762807186906 22.94844995975216 14.43092643776539 0.0 54.527207643206395 77.55670575018316 16.169503261485346 48.69676460063382 55.64348307366179 22.264933718521416 15.111293096759006 31.510543136348655 67.28490526256299 20.38701724345605 45.4644196153693 33.17395826720601 13.963962526230986 118.7752372726648 89.95731497607851 66.87204661176955 56.97554995328973 66.44807402608313 107.93887360753808 75.22067546648051 45.39093690326435 29.28074183195959 45.268356339220176 103.78657985888648 69.18877642723918 34.60308909249793 1.5859169403377735 34.67723831123053 107.09887282514515 74.02147600203067 43.393896649435824 26.109818681871875 43.304226181895395 117.24463140982951 87.94536141275445 64.1659339024973 53.80469343036492 63.77633165503812
30.083514305181243 58.029818996726554 35.18515586702253 14.549312098679911 52.39224958631365 60.249246200182995 57.56172271431557 23.2843985485641 51.950898891222955 69.1180847947595 31.30698989204931 46.38202592822895 56.7728377200567 31.869794376084574 51.950898891222955 67.48987305192362 43.8456588123719 7.521208473361735 70.16282066666902 55.49328966854476 24.8972817261128 52.65977205146 31.500444024648782 10.134253444639793 56.18911147936012 65.54199786994447 54.527207643206395 0.0 55.30410426877685 68.89183664447802 74.1330077096857 21.206222719240905 55.239261066715066 39.889213062019415 59.00649635656297 68.10044672493719 49.78612180442024 9.453186373618237 56.1133245094893 59.263360484875044 72.3825385312889 38.95409923944672 13.800816999249024 35.47328559848953 68.71023338218107 72.49996253868315 39.16986431411865 14.39313667523741 35.70569852362151 68.82936758003417 82.85545659309287 55.9310622089115 42.26535366921613 53.284668438621914 79.29042205048101 100.326897133366 79.36842445163158 70.19946531273307 77.14493295411627 96.79604356513059 121.89110073066912 105.1060687368471 98.14171441436824 103.00957095631365 118.25739928108526
42.794401077879755 41.13148048081976 59.05182224635047 49.942710100968576 92.44686278304286 34.572536218780286 78.16231675480181 38.009462459364975 47.97615081984691 108.33637300307429 43.43080816151986 21.54925159759606 76.76509079007411 35.65460282368696 47.97615081984691 38.41216245612815 44.0007515368802 47.94889322667744 113.6414077557973 95.13136475892678 49.86444238867812 31.01535111781136 55.609992984777726 49.115834288003356 93.35102929289107 78.7860662471331 77.55670575018316 55.30410426877685 0.0 93.30011024397908 56.15135816768132 34.42795832371641 60.567059572088276 65.44321858851428 55.44732994912043 28.89760520871799 58.870131091956125 53.60663566621093 98.69400026802074 89.76432678063087 54.680888667382995 47.971947343931845 63.304234428307325 90.04640291797797 120.84739747268551 33.09095270635581 20.584005043420717 46.33830592237532 79.15568929190195 113.0435974210714 28.474020431888434 11.91919341821234 43.22287905399695 77.3900519799188 111.82609618013358 46.23085366805104 38.16309131818028 56.30611081188659 85.31800254233185 117.40005054088888 71.23553618250448 66.08092999419519 77.80518312678075 100.6745908920411 128.8870416106553
52.96220266870284 58.72803219136853 37.34298411989345 57.68926161818199 27.80118870137455 67.21362640020513 15.141307551571096 62.15281331643729 47.694041757374 28.57113091450358 51.84247629314583 100.0353781928902 16.546474372977734 59.41513482433746 47.694041757374 70.3476920815804 49.47268556588886 68.7211133356232 39.14266137681108 26.707135501471626 49.70519278200089 65.44317583772009 41.663014118706606 77.39978847194948 22.282061192878423 18.874315508451737 16.169503261485346 68.89183664447802 93.30011024397908 0.0 58.35465215498894 71.66405099846662 35.05247044703301 30.863360443677855 43.556125973258105 80.92185432460847 34.903740871004395 60.23055159885013 32.60100518540983 11.934093010374788 134.83569358576375 105.47383154415702 80.39633431788693 64.78571263616325 65.76916536197024 124.02440437541617 91.38851537969411 60.96309096404273 38.418303340410596 40.376521133496304 118.97299062551176 84.4729023365061 50.11609713885533 16.80560585838191 21.168061240628553 120.40886008720575 86.46519898995271 53.37615920194738 24.832333603423006 27.912755142804585 128.1139977329753 96.81693732425549 68.76519836480276 49.785498662300824 51.2186437397412
44.063566771628025 17.654026805470963 46.68771948380742 60.00271763936678 74.25673394669785 21.683755641333548 46.49058858623193 52.08987925396541 22.650514494969936 84.17909330478466 42.889262532002256 73.64002434515606 45.325265157613195 43.3649981444494 22.650514494969936 18.598759683037347 30.37437822133699 68.32673187226297 93.44410985267768 75.47654404340277 50.58992168782752 27.31132545135997 47.574002679731784 76.01561351156843 71.55281477770708 39.48663421433805 48.69676460063382 74.1330077096857 56.15135816768132 58.35465215498894 0.0 59.720632522671345 27.247511722029166 48.25415147182168 18.426765677317736 30.65961918244473 31.61207149884525 65.76690761107801 81.34906628788656 62.30525099173942 109.96970567891945 93.24846377230847 87.7035866595655 95.30616727039113 113.44300425448459 88.86471439861641 67.36033882625851 59.77187801034761 70.72993657639068 93.95506813073186 72.76376724614097 44.2599407648743 31.908518472268543 49.72121687759222 79.50521949097187 65.4703742997049 30.983948953767584 5.338016535289913 38.624317395004844 73.14393695900596 69.80263119069694 39.251250956224936 24.57146520730868 45.40590185942675 76.9056419592464
20.23152887492728 42.29789509920631 34.323560690210456 17.082868944188803 62.96913705637055 42.346160626424584 57.66660009568117 9.914314751854151 39.90504287795146 79.74414602233314 21.641329536790096 30.041001226016927 56.50022493634114 16.95297164011572 39.90504287795146 49.47741348309407 31.864145278620697 13.703786665915205 83.23214920941503 65.93926585448614 22.02401899812906 34.69506472066056 30.001688422810943 17.67279187117713 65.21885576774203 62.6867244227011 55.64348307366179 21.206222719240905 34.42795832371641 71.66405099846662 59.720632522671345 0.0 47.711423975207296 40.84078164862736 48.18218115708296 48.13239283985073 43.25124802108714 19.527552878433273 68.33083480805001 64.71006106720938 63.180165771959786 36.02392794044977 31.59986569183638 55.62569306957548 87.09030966248356 56.12173077654305 21.526023627282235 13.112784824272417 47.7008905922196 82.30224301640848 62.4962564299563 34.821849544115395 30.23541134148881 54.869287837095634 86.61372380664247 79.12073303549423 59.54204417308335 56.7909658104222 72.80087029958828 98.84085076104938 101.0566141822679 86.3789186127883 84.29064880032479 95.62022251521562 116.51720050707189
27.683127286326012 23.680706439618557 21.928701255294026 40.77350013571332 47.086117543106546 32.161689662788966 20.865389382156255 37.9884929161115 12.940008231955277 58.01339931342802 26.243520659081963 71.3682489498424 19.512463190451445 31.48132672328725 12.940008231955277 35.584401044918486 17.388708904771086 51.32328913984465 66.76530245283945 48.43280661662244 30.37224406134559 30.89882211422711 24.372212214195052 60.15699993806777 44.670898379285056 18.308315119137767 22.264933718521416 55.239261066715066 60.567059572088276 35.05247044703301 27.247511722029166 47.711423975207296 0.0 21.68691357863644 9.282966766974031 45.87269712283304 5.613688189473134 45.90675034581617 54.2046077622676 36.21591994968652 107.98200172735075 83.73425353195239 68.97465593966746 69.98818858456748 86.22038826455267 92.85215428333967 63.251527468544396 42.128526588312425 44.08734094864515 67.13716083744518 84.6705424125325 50.6130383614297 18.684494461021288 23.05195860995835 55.75416611917651 85.45718462407133 51.90645045990602 21.919808456218014 25.720140244917946 56.89835176628829 94.98949337190169 66.32154971675816 46.57153847888547 48.31236456918206 69.95768062690375
23.067891856825344 39.48845507078609 6.668870805448389 27.256906995099953 28.834765568683444 46.689020229654304 17.786740328253615 31.486881205547732 27.98096179243684 43.31924572939491 22.191395418796397 69.70627047519662 16.914008611094943 30.03778404629044 27.98096179243684 52.19250233381367 24.856623528758213 38.502792668065624 50.036437668664924 31.00861632887533 18.84598862524415 42.13235572617054 10.871720382005796 47.4177784274355 28.425186070038393 25.942539774382546 15.111293096759006 39.889213062019415 65.44321858851428 30.863360443677855 48.25415147182168 40.84078164862736 21.68691357863644 0.0 29.8330962309592 59.857964011814865 16.67899262876375 30.640273586811915 35.833597120408044 24.571036017366346 104.02041714979927 74.84891605449725 52.718913973221504 48.487298885229585 65.70816557116022 94.46152208921544 61.01254004335279 30.280817879901186 22.49828487726573 49.90255219325247 92.78073358677925 58.40126667145551 24.657745479430183 14.14757628828556 46.7670445607744 99.37867636534195 68.31479976774476 43.04104012863351 37.85471068418182 58.38026913520256 112.81168786421826 86.55096550432432 68.1941081047574 64.84271102014382 78.44419676942
