0.0 9.642883628119325 52.82983733326128 47.88385035612433 11.916314157320862 23.032030852288475 13.74997242594089 13.210972703132164 11.618149903385206 8.128385247244745 8.46013501088292 35.82900810395236 53.51681493187613 8.16250633209788 44.55156774820522 52.536525481788665 13.344161504386863 8.45298232975066 37.17489256546231 48.557001955417 11.260022796094578 19.258294759829298 59.55625274757935 39.15566221832406 8.63886968104074 17.306493869347804 16.199318887463672 23.818242282267555 7.51876368687424 5.675308637908586 4.436712753592629 30.595584225582158 17.627685869393257 48.956638008425955 25.798670641344525 38.336307173491754 16.824211258630132 11.52017152277895 36.25723430988076 54.19144997321887 107.41517158887795 94.78014929975598 83.82854309199733 75.29849198254837 70.07989351698808 68.92902421056375 72.04109663717543 78.91336485951406 88.67586495024712 100.48974683012199 98.85817905784182 85.0075108415882 72.65199958493058 62.68211865863248 56.37802557040816 55.01467392293099 58.93594606387044 67.22332885199522 78.50608229426767 91.68496487404998 91.68666740936375 76.59006106971383 62.64451542497629 50.8068750790277 42.860788398821576 41.127377663891814 46.30961659663313 56.53676122301429 69.61993632722078 84.23877422569382 86.24705701939568 70.01841060124077 54.454667766610356 40.33303732573819 29.780983835548003 27.308792292581348 34.68923917763026 47.53552916427379 62.566922499484356 78.53867256995818 82.88113766456705 65.84764069878791 49.00258532770918 32.63905222578389 18.112837154941133 13.767889729999563 25.490144833769882 41.3358555963832 58.01957609569741 74.98401323582732 81.84520461493914 64.54492580555153 47.24585669734127 29.950093521165563 12.67118099573081 4.777358345976179 21.9954785522939 39.28730838021567 56.585313658397475 73.88515712181326 83.22632333045604 66.2796140428315 49.578887468296124 33.494140232419106 19.605134011935558 15.670916748967592 26.561372070956324 42.001760001659896 58.49360394588052 75.34963878012145 86.90931972318376 70.82886354377273 55.48815599096936 41.71153902642576 31.614537937176003 29.28847927756904 36.261005449285165 48.68896694697945 63.4435180050953 79.2354336116228 92.61995167851339 77.69981045939385 63.99039145592121 52.44982753901882 44.787310436301716 43.12222745270821 48.081746869078536 57.99040283162742 70.79988570729759 85.21188513705422 100.01141453106112 86.33985489995138 74.1994323430907 64.46114088725322 58.34054608678437 57.014889807912816 60.79863247494062 68.85453849004972 79.9006817193039 92.87619779125504
9.642883628119325 0.0 43.36740502173435 53.54540733764439 13.243766189760793 32.67445103835752 5.018507037824282 20.935793572891797 17.63212719297173 1.554562021952443 12.097086765643748 45.418154434890575 59.87095308319998 8.895563895004255 54.0594856015311 58.14281234736902 10.645796399824782 13.529303442191429 31.530334822377018 39.75666637314888 9.642883628119275 22.013970599777448 50.46683236172878 45.7956410549654 13.63043257946598 26.92038058173819 13.882970932317757 30.12604969714081 11.632910693800907 7.11306598078732 12.288459728146263 40.167358830341904 27.202613330085633 42.171604811347876 19.8398397384234 43.60607485471904 11.229979640920684 4.878401883560574 30.118269193366547 44.605148126457706 97.81415716826406 85.36429296896986 74.8679475982848 67.24619344860541 63.54199699053833 64.4345724151921 69.74766487599612 78.58977847903557 89.92587891848997 102.93526125152513 89.21787496994239 75.40981541659583 63.34155784035429 54.1882577666402 49.59116102406129 50.80256750884583 57.45624527498235 67.97235481027295 80.85767469696165 95.15454659505461 82.16743546830722 66.96139443551729 53.05541163748039 41.76879851468746 35.68046833812151 37.42013600259164 46.11013773810697 58.742918654999656 73.30773252539382 88.85957612902862 77.08826952369161 60.65182566747948 44.87090349609822 30.771145078921755 21.88698525510886 24.696725346377985 36.59955911341603 51.65112367535836 67.78540249712715 84.38361435471033 74.38536346254945 57.19351891413096 40.09648678906025 23.303888915653047 8.78222996095564 14.487830282984811 30.681920217893605 47.66105925103781 64.81115836278936 82.02505267562141 74.31847880487904 57.106900779877634 39.97340776263728 23.09246470823638 8.207552078062703 14.148472800907342 30.52389294884603 47.559964104025894 64.73720504521523 81.96691183165291 76.89449540335498 60.40647838609191 44.54024413529232 30.289198953382716 21.207293741769792 24.099264542252342 36.20098485011419 51.37080460491879 67.57306664911616 84.21395736993547 81.8642665219579 66.59073964739382 52.58899871713731 41.17750200203845 34.98968793829751 36.76516773759083 45.582722180468345 58.33180324490959 72.98028284379043 88.59092393546774 88.82684933123609 74.94890805448556 62.7946689779446 53.55094829016708 48.8972356157515 50.128606766623896 56.86401990066918 67.47487146695657 80.44191554698142 94.803202747584 97.35553168797685 84.84080596850367 74.27327573147274 66.58656727946625 62.846771755829835 63.75230836742189 69.120845250746 78.03665803967975 89.44519591011463 102.51761052621447
52.82983733326128 43.36740502173435 0.0 83.22787472536544 53.13797971673175 75.64727542270373 40.71048799415863 63.77740272097052 59.76822391609896 44.789695017253685 54.029801990007506 87.73616385229181 90.86823361364195 47.89744383132926 97.3803474232998 87.00649860229935 48.088994444240754 52.99090405066785 32.72614979416275 11.126188411670052 45.44583650533098 54.031669999637856 10.206999409179508 79.38201767292132 55.87416563105757 69.65503402361908 49.302813621379016 71.14942658652008 53.93388071854899 48.41723611744232 55.59307525622403 82.46873012841218 69.77053872075268 27.51756479405692 42.556175702063676 73.89554328921317 39.09016073460943 41.784117555835564 30.644380433025294 14.657672409658735 54.971534281761265 42.00703180266185 33.256887349237715 32.34438262191867 39.8121377719445 52.17817778028727 66.77444761759804 82.42451193898692 98.62799895360979 115.15152140606658 48.179235846373274 32.66746641507492 20.292857287325635 18.845393375081393 29.95345966185322 45.144022191577506 61.4611082978752 78.20271751286289 95.14501731136438 112.19712880242699 44.980251107776716 27.758065193547363 10.794022625072184 7.824654186817482 24.58969396774546 41.79466991474335 59.05632366400693 76.33621580680321 93.62424830280933 110.91661482571179 46.12836970303127 29.574235634579605 14.83770112362005 12.821559002559766 26.595872146569597 43.00001737874432 59.91139802455834 76.99651142279664 94.16083564110446 111.36775208870209 51.33271650022256 37.14212659494185 26.883785591659993 25.780784754212494 34.717004081724596 48.42109516857649 63.895579794309555 80.12114797067099 96.7205364021339 113.52989274414736 59.53889188286828 47.80386438498574 40.301928097785364 39.52198782287519 45.80868683295744 56.864665760249544 70.48014464644153 85.44013998881086 101.14984136234156 117.30843724185033 69.69439814658735 59.9302774060821 54.08018995601047 53.44525722859612 58.19642492144288 67.2008333715044 79.01759245028936 92.57595587325761 107.21723309771637 122.5539159639086 81.06983140485283 72.79289144449098 67.999882154596 67.4377813152785 71.2068548099915 78.68716186606488 88.94725493402323 101.14469993450362 114.66288822307916 129.08755552768443 93.21952870129198 86.0621043160959 81.98885429335526 81.4637331490369 84.55287440450127 90.88849477590927 99.85454198945506 110.81435732519627 123.23715017116365 136.72472246720542 105.87713585363896 99.5753501880292 96.01667435299655 95.50823034220078 98.0974581372015 103.5522546506439 111.45266490026285 121.32185500826745 132.7213525023418 145.2914011024244
47.88385035612433 53.54540733764439 83.22787472536544 0.0 59.4115450281376 41.18122106468919 58.53122475680758 53.166422920263614 55.6365299795675 52.32573894556733 55.66640645956378 38.12417634770565 7.754131141925621 44.65848155214305 52.541845711048225 4.6527689500349005 61.16320336964352 40.37056276334555 51.62437514710289 73.72849163128325 44.72776948726944 32.22477119846314 84.69197751413205 10.278707020324967 54.97586175006528 39.94970573208466 64.083167392197 62.13564331569865 54.751405626094005 46.67632411154037 50.37397672816629 37.00635208820665 39.004595319947285 62.440967136824156 73.04878811067448 10.034925063659651 48.43282712883311 50.547857776915464 53.22472505212163 91.40992261943298 135.61190708574935 119.66763647972346 104.15756659566402 89.30820633797877 75.51035916689551 63.45371971775803 54.310554526939185 49.715185835446526 50.914287336310544 57.54677393167634 131.0568638255803 114.50424989320163 98.21024531819648 82.32854111168133 67.1523077200873 53.28774284267457 42.05284766910855 36.000108494868506 37.713140693652086 46.33855311815473 127.88687886624145 110.87893402001495 93.97836712731548 77.2556808379472 60.85768818264002 45.13964394599761 31.148482397715036 22.395975336842444 25.132503305585864 36.883830997174556 126.20640952442719 108.94539573967924 91.69980362757558 74.48034641730023 57.3105863187529 40.254166127471414 23.55856026378228 9.398240125443529 14.844573347832055 30.84005646837805 126.0750559601713 108.79390184313861 91.52059802732323 74.26062274476276 57.026079645561 39.84997956321475 22.86441393918492 7.500361359639781 13.727449086325318 30.320681695164865 127.49760802566526 110.4317887172333 93.45283085080331 76.61850270368593 60.05056241966215 44.05061708035694 29.555970823379578 20.133695274203653 23.149248096102184 35.568545336731816 130.4232095267373 113.78178562132604 97.37085825128895 81.33007731269103 65.93016803117007 51.746504997972764 40.09142856569585 33.69944586303298 35.53436084471091 44.59189491299121 134.75395915566992 118.69897485063979 103.04836940340181 88.01811703748153 73.98725634373059 61.64204701575355 52.19264798859924 47.403646829092885 48.67074733605625 55.5812940179266 140.35979252974428 124.99847685339262 110.21371251710639 96.27149626460022 83.5944670109815 72.84616800278062 64.99068261562226 61.15315868792678 62.08320356404727 67.58427974474809 147.09492520227482 132.48317042553253 118.59742841258148 105.72414937674814 94.27898839540056 84.84188647694253 78.14377714324172 74.92289549192803 75.6248424074054 80.14661232351334
11.916314157320862 13.243766189760793 53.13797971673175 59.4115450281376 0.0 28.435787314335467 13.042847661810576 12.066677522942468 7.4240411619635385 12.856501133502979 3.7710169039916606 41.75440106805782 64.69251775901232 18.55559304981603 47.001569290555494 64.05893265259695 5.1788960830204065 20.315232259317018 44.77349072355471 51.32231809852782 20.942297785595855 31.01799472007643 61.318122122453914 50.30402342558286 4.9791461865507 24.216713842343598 5.827249131370482 18.069878724983866 4.663685933347367 15.681110976695548 9.092157053763147 36.9203798712775 24.90357514618363 55.24388836944822 16.941303633455117 50.04522951578855 24.329688952724695 17.907822283732752 43.34836746084889 51.21574590548133 106.01179586559044 94.86085550065208 85.77498337131829 79.4657061959221 76.62202015877146 77.62573225715532 82.33625851906251 90.17454989281813 100.41077757113334 112.39165395422293 96.19876814617542 83.80551699285098 73.4249327811104 66.01341696629379 62.6339849889827 63.92929940251154 69.63899022115655 78.80937118284041 90.39324866092356 103.58405384214873 87.57554240263902 73.7962693327106 61.81427941008592 52.86608498828748 48.655346844358405 50.38417055688127 57.51946227538654 68.38943244165023 81.51344938274488 95.97120621296527 80.52540827497769 65.31598975548829 51.44631574487506 40.323393159464985 34.6977868791662 37.15648717254527 46.43253611377583 59.414341931287005 74.1812334114013 89.85741204691674 75.49051036632979 59.0275273826572 43.22490435557879 29.1761419368316 20.804174923282925 24.760687880564443 37.310603969314876 52.6287203619043 68.89263225788551 85.56470584289039 72.88973979881183 55.678649009725014 38.54897065052437 21.694416699759397 7.347495405477099 15.363497537605124 31.887330078041323 48.95181281102531 66.13978780223364 83.37491516408171 72.98381958891012 55.80119091329168 38.72494314744286 22.004155632166235 8.21327202033068 15.793863946479387 32.09591513454668 49.08729700411377 66.23964836028759 83.45377541784143 75.76270996405398 59.373661240174705 43.69423775037031 29.863899807335052 21.75384900277609 25.560100093590773 37.8433458189808 53.00594555669987 69.17986008599895 85.79502989221409 80.95035001785337 65.83678531465223 52.10290633284419 41.15398900953358 35.65524070641989 38.04798264905402 47.14561689994133 59.97063295835148 74.62541026504977 90.22269288909645 88.12229662594225 74.44134131510027 62.57946147887312 53.754686022777015 49.61496858990823 51.30716826474903 58.32587325446752 69.0658456455361 82.07908470917326 96.44979433130074
23.032030852288475 32.67445103835752 75.64727542270373 41.18122106468919 28.435787314335467 0.0 36.48520657770701 17.08275388253386 21.484782077598187 31.15807241322666 25.318770445409932 13.33519853640802 43.80291183566614 28.161837297666462 22.219910441174704 45.32981410477037 32.85657254965709 23.70678409067727 55.45789959680116 70.54203427569766 31.064322347534976 29.362293444829927 81.84002721485624 30.902659820351218 23.602556323156495 6.120981560038338 34.26300859590094 22.2796685370412 24.83701286659078 27.25956814390147 21.36502767013928 8.558289029168964 6.2848105044873135 68.14210653101281 45.36744373062043 34.77387530995689 37.63254883502985 33.881883186358365 55.262561176769985 77.12578767509716 130.39060164441952 117.46232337276498 105.79114444199803 95.83744304135863 88.1847217598264 83.46828878242053 82.1951685331494 84.52110177765638 90.16799863969 98.5667272907266 121.8796334043206 107.98225508947093 95.20704007191046 84.06714122948894 75.2919562794834 69.77939393007658 68.32378535510642 71.17447691723979 77.85989580480576 87.50549283275241 114.47332750473008 99.58756274989096 85.614961693223 73.08118597958253 62.85297837094889 56.2034972548986 54.459786861892475 58.065503822931014 66.15161487921154 77.32508412959317 108.39846425801267 92.57412219314611 77.38484795232023 63.28954757318041 51.19984881062739 42.848427641555254 40.611039526801804 45.4007803735534 55.42482054604665 68.4199981983953 103.88896687292682 87.27567278728618 70.99210386490458 55.33014268993832 41.008300346533424 30.01077861170216 26.80155026901896 33.68544921986803 46.36600058050165 61.348289779324496 101.15447374218532 84.01738623512195 66.96512251306166 50.08439765338465 33.63449055858847 18.783605449982666 13.156045150527191 24.332119226314273 40.121507197761204 56.79904458108194 100.34024832916421 83.03981264660419 65.74016375798386 48.44214460972443 31.148470504531883 13.875397366332031 3.6796312716109387 20.815050262635253 38.10126698020289 55.39729569642026 101.4925288628566 84.42223216748853 67.47003510528148 50.754413344128515 34.619760174776346 20.487986701492297 15.482244264946784 25.658422783912346 40.93558251584454 57.3742246651621 104.54629678647687 88.0535420761534 71.94187824170915 56.53804816436195 42.61663299827431 32.163852359800394 29.181481487539084 35.59935108496805 47.76796213149424 62.40955125091925 109.34230976281202 93.67251717962317 78.68954700675795 64.87105444328353 53.13348439832717 45.13075655718509 43.00125316782225 47.54087634932523 57.182747726595096 69.84484887532952
13.74997242594089 5.018507037824282 40.71048799415863 58.53122475680758 13.042847661810576 36.48520657770701 0.0 23.075966200291433 19.100400472035364 6.401759382708446 13.342456676576553 49.492266606738404 64.8857209314394 13.873199335159997 57.3110660969648 63.12096670798849 8.788237488004311 18.536323384244053 33.096841976761006 38.30893510701369 14.254763794751252 26.83269984947852 48.490797831017616 50.81349132613263 15.169459315942232 30.96526128133831 11.502099980206518 30.996080504356314 13.223435745008304 12.108441394940996 15.316399001067454 44.28629716180276 31.33636486021346 42.70099184409225 15.190602441174532 48.575343780045884 14.150410968541085 8.704377125825314 31.39180302513838 40.655655619398225 94.56388097426587 82.66609523442766 72.96391206122169 66.42646363555879 64.0305483736779 66.22718946975529 72.60071329647074 82.18503490988138 94.00313718549307 107.31958387671256 85.52465482307733 72.2029842100997 60.91614381692494 52.98097327182879 50.01891425122287 52.872500789012435 60.72735956085644 71.96404908988329 85.25572019540024 99.78453082945954 78.0165397561569 63.17438758873267 49.94129802081969 39.94959922198485 36.00715119592704 39.94704777290249 49.937216017226284 63.169547176875454 78.01131370908898 93.70083068830336 72.51680341981239 56.27519629824776 40.91234390541427 27.91869041607913 21.99540612421323 28.05091320977701 41.09283147389531 56.47210896067497 72.7206202369085 89.36548187088304 69.50393729594664 52.354236847751 35.35319254106561 18.906179424983566 7.9845042879982415 19.20349675639137 35.672251923474704 52.677871232420316 69.82922001949595 87.04019249829311 69.3030889863215 52.08852584491186 34.960325106940005 18.16445880585852 6.031933444414861 18.480646733483482 35.290194268935146 52.42112879965689 69.63666493276739 86.88652879773589 71.9378183301937 55.530562226838306 39.88669709704871 26.40010413589894 20.04230576729623 26.554362571297453 40.09097094951535 55.750779014942644 72.16456470341393 88.91575263030825 77.11800490711798 62.06647463379399 48.53880682521736 38.19021032390259 34.054022717178725 38.20430164192488 48.560979878317326 62.092485628753444 77.1459180923212 92.98503367141672 84.37605142267748 70.84500928690629 59.307797736856536 51.13234444510631 48.06579520962999 51.03750517485382 59.144191975523185 70.63955123673199 84.14605871800828 98.84267520026836 93.22782366521062 81.14142514368584 71.23994174524702 64.53698460717881 62.07745260141793 64.34976703770195 70.90042010530931 80.69412172658072 92.70872476673469 106.19307261149177
13.210972703132164 20.935793572891797 63.77740272097052 53.166422920263614 12.066677522942468 17.08275388253386 23.075966200291433 0.0 4.662371627418892 19.76781317526433 9.899518479474661 30.19126562991709 57.40530532960383 21.27464047477743 34.97572808298429 57.70255580950095 17.049988832460965 19.838023523752014 50.38586461204492 60.68996909074983 24.433416810576038 30.05584296864213 71.302638674494 43.30186360631177 8.006421119782525 14.203522202757238 17.753165060406555 11.00850446401607 9.868496338781362 18.88582142327517 9.013201066171428 25.637346874867784 15.076845243701994 62.094634947555456 28.83465998300362 44.73343483677134 29.957866355455756 24.22671842833174 49.44900973701956 62.94574977099829 117.45045201806013 105.74205620645466 95.74359943919491 88.03960374918876 83.26936672902367 81.9468343211268 84.23455637557464 89.85720857524994 98.24385981003822 108.75695223567044 107.96019603261746 95.14184407753467 83.94776922115508 75.10776468550749 69.52564686016302 68.00842391351749 70.81784218493249 77.484699888589 87.12796082925226 98.88061132341032 99.57211911244138 85.55198643770223 72.9546237570286 62.64432246503569 55.901202244275815 54.07658415061769 57.63947224135459 65.71940225601807 76.90559258686876 90.04776385220993 92.5864054539603 77.349356215939 63.18472171815308 50.994126424334624 42.51115760209168 40.1584590258237 44.910030747848815 54.95293997567678 67.98121859634344 82.5940207961103 87.34031034622161 71.01641486622222 55.29053090346191 40.8590833578805 29.674851916657715 26.276210493539956 33.151046706374146 45.89395184274512 60.92805586850609 76.92146271483367 84.15986214159088 67.08487642404 50.16564337035243 33.638011021822805 18.578285094890436 12.549997986269775 23.844603218979966 39.72833543844637 56.45200662125058 73.44406270915756 83.28209902651476 65.98544587351591 48.69254258619531 31.409583368907114 14.17299329098637 3.728154739646097 20.630999108562307 37.89578734095003 55.18384600299057 72.47852515532153 84.77858679087744 67.85593960884032 51.18750511916509 35.13694919398627 21.16038977012844 16.11308071174251 25.888472783482218 40.98178930125773 57.33684211591925 74.12308851849544 88.52898442657025 72.46671982901631 57.13299515008617 43.308683191867686 32.95169491570711 29.9114628339468 36.08720372885552 48.047749063867315 62.55873528319539 78.2132583599756 94.26460444383733 79.34141818415776 65.59733104110704 53.94129449566083 45.98935611698874 43.807336284611665 48.18556589663772 57.648235196720385 70.16761000498771 84.39414777209153
11.618149903385206 17.63212719297173 59.76822391609896 55.6365299795675 7.4240411619635385 21.484782077598187 19.100400472035364 4.662371627418892 0.0 16.66873078580673 5.761768854385705 34.70668923087902 60.302815681996364 19.72120836628529 39.58043592372656 60.233609988382746 12.480283154929698 19.47860034221702 48.23505882343247 57.16738993800359 22.707674965273043 30.194026366251958 67.5596938314965 46.02906388573949 4.017291820513306 17.957274956877818 13.091492377416497 12.598961240749862 6.02644579377341 17.032386867298484 7.207583849058757 30.03709285350682 18.755691170412998 59.53038865973015 24.18148976999588 46.78768625274884 27.587736792491366 21.48280818325428 47.109807495523945 58.48652644679846 113.13283520641603 101.6606479873311 92.02944272589959 84.86831764639723 80.83641744083188 80.40586708856222 83.63230579708218 90.1238243558445 99.2417598225269 110.33690271548298 103.49378241521495 90.86456631474358 80.00292436330551 71.71651472530608 66.96820995685682 66.520041252711 70.45411779781122 78.11108515395091 88.53017912441514 100.8589891378993 94.98294535997233 81.08574488581976 68.75126436084935 58.96842283867996 53.16496634486658 52.67307295392673 57.628914582567646 66.83136382750372 78.80654033452184 92.48356946556271 87.928682757232 72.73580432405984 58.72178159908053 46.95428055097207 39.49516064562273 38.906778218046774 45.45672109509043 56.72385757871259 70.4810965359273 85.53525789686037 82.70466399879093 66.3565023124734 50.64602715364686 36.40831565883961 26.169095268611727 25.35327120231573 34.633306073148354 48.526839314511044 64.10111616442784 80.38509046156025 79.6718094617619 62.55377860136352 45.57484281633245 28.9805187012967 14.191114005000085 12.712909000573289 26.84327625045499 43.33841241328695 60.28754089518703 77.39296007973131 79.08266314169781 61.80512676872664 44.546529791851015 27.342759084969735 10.467720312764765 8.380536915943885 25.09197412995635 42.28113608646926 59.53566416922983 76.81152051393772 80.99057934402853 64.21745995608939 47.82261442030771 32.385719118991105 20.23312189981553 19.19988819964908 30.44017506607803 45.64301562482081 61.95706221799223 78.69423300405144 85.22799928043246 69.46219313484153 54.634141013374766 41.755132965147816 33.17832981278114 32.508778583424835 40.14409640782407 52.5831241310582 67.20959816778486 82.87330030711686 91.47169677195265 76.96236745953213 63.859565173548766 53.21264406194071 46.73146987658136 46.20366252267541 51.81148472219337 61.90948903517696 74.69834724295748 89.02586530688457
8.128385247244745 1.554562021952443 44.789695017253685 52.32573894556733 12.856501133502979 31.15807241322666 6.401759382708446 19.76781317526433 16.66873078580673 0.0 11.300918103434375 43.87418558206701 58.57725439445139 7.7713488944766995 52.607696793351 56.93502727115559 10.866551131251933 12.15677504146677 32.02071252313787 40.98012648327448 8.954480041950005 21.024979261084734 51.774507938586424 44.45588482558933 12.7096804446554 25.38346092146137 14.155612627104276 29.23327460367432 10.745487175325835 5.72479961288653 10.98174352914138 38.62129743323583 25.658573753909877 42.930053095039256 20.86986764529767 42.41697480697976 11.476469457321533 5.062889041916756 30.705494245126836 46.15375677982816 99.29748587269609 86.77470866651501 76.14724514296427 68.30555861051104 64.27743964313157 64.77825771750778 69.7104699066037 78.24046313766259 89.34362901100191 102.18459537919311 90.74658137450035 76.89108288593957 64.71658650226625 55.343796895101335 50.362054031690825 51.07287404428239 57.26466436917368 67.44439526545362 80.1058828377534 94.2542297330325 83.72082917651555 68.49878585071811 54.531617793341844 43.058312397504665 36.510908577826676 37.5603763980571 45.68615278694613 57.98598528145712 72.36181087321975 87.79975004363699 78.6302347440125 62.204522450214 46.41985183176833 32.23218745930071 22.84154999709068 24.561558127890297 35.82617901214202 50.62085835971713 66.63436600608999 83.16560225503511 75.86543060178138 58.68736864252495 41.61206805386059 24.852252795390275 10.120178953330973 13.635060206876291 29.463961094850244 46.35783031707127 63.47192412211859 80.66619591604251 75.68178491464339 58.450864970954676 41.2793906167866 24.29374383233804 8.665870697661536 12.598494607141982 29.001038664915665 46.06638521504091 63.260389469034784 80.50065422479733 78.09751107125648 61.53285416979771 45.52004706521992 30.92844747434812 20.970805358022492 22.8405807150689 34.67450379290936 49.81628182632155 66.02813258393729 82.68299877130148 82.88560949531424 67.48012693707093 53.2524057963633 41.43401786549841 34.58966423137649 35.704619149523396 44.18034299768981 56.81279352350469 71.42963131777915 87.03676736894845 89.66677558822536 75.61956635201534 63.20766780797202 53.5798656955219 48.42620189601676 49.17412262717535 55.58591481821766 66.031778713554 78.92591436089802 93.25827791061357 98.02817801099609 85.32601797595822 74.49986392643393 66.47273748499367 62.33550075935111 62.860951342362945 67.94099259637177 76.67563151833376 87.98307328513391 101.00289412942134
8.46013501088292 12.097086765643748 54.029801990007506 55.66640645956378 3.7710169039916606 25.318770445409932 13.342456676576553 9.899518479474661 5.761768854385705 11.300918103434375 0.0 38.65244636699786 60.922455012815064 15.756626451843303 44.73925958648969 60.31204987973645 7.542435067533558 16.913104456860964 43.24496052378395 51.4374487088578 18.42962230974022 27.709211373771787 61.79896849650229 46.53441184996073 1.895613567505177 20.77872163188535 9.246985775022527 18.0444698602834 0.9478467142014924 12.895911730239092 5.321645962862185 33.7098514595253 21.421337685077937 54.221524871422986 20.162752692812642 46.33970167165496 22.59529898239578 16.289604203302392 41.986936873228764 53.07513642911061 107.55403751010739 95.94682335531652 86.26934942866706 79.23190141487522 75.5756148847514 75.79141601247336 79.84791625152285 87.21081659197135 97.13109256887776 108.91215528197536 98.08794156936297 85.25300833701648 74.25363134709463 66.01381139420862 61.65014201444075 61.986707568341515 66.95266244944804 75.64166373107061 86.9445729401343 99.9787548629688 89.85436217496037 75.68170013496645 63.08990182054369 53.213290926974075 47.76688805126091 48.274211544612925 54.56946077918102 64.99196290666472 77.90242023398096 92.26224339935712 83.22006629389637 67.71076611278414 53.316268021356024 41.22146526373074 33.97796544722504 34.76353330842319 43.14177250583454 55.79094905516309 70.4468284070402 86.09058858697125 78.59121939947578 61.96108542578163 45.831040033129376 30.99200117546679 20.475249111714458 21.83298647707102 33.6576076663617 48.8641135407079 65.12511353828906 81.81424703287612 76.33359739149441 59.08481338312696 41.87989639789515 24.81027488900652 8.711327443575222 11.61628940680161 28.15497471723534 45.26787482381944 62.484972983842844 79.73880281584928 76.65702445470127 59.500168242676956 42.461204330117965 25.775006402076304 11.156220977553991 13.538271957118575 28.996923600298338 45.79379410561446 62.865211432859155 80.03568746506893 79.53001309574849 63.14222001304004 47.40852224147971 33.270213132636556 23.76882938880321 24.93428336654976 35.737806191171785 50.31276342599994 66.2138097648889 82.67934513148795 84.69346161486145 69.50552905252465 55.567631586038615 44.08187580007644 37.38139712291114 38.08192367173259 45.845435466211505 57.89716727490975 72.1184233505922 87.45718368044139 91.76146068468589 77.92620750567595 65.75350135060766 56.33163443523924 51.20238384297983 51.660586128191596 57.57299003745564 67.52172375878276 80.01511201933552 94.04442619289762
35.82900810395236 45.418154434890575 87.73616385229181 38.12417634770565 41.75440106805782 13.33519853640802 49.492266606738404 30.19126562991709 34.70668923087902 43.87418558206701 38.65244636699786 0.0 38.35795218218763 39.84469735522647 14.903981579804084 41.42609992709534 46.18809623659515 34.858449128758586 64.8456282300671 81.8489338141664 42.43252475477798 37.61003760297908 93.31442141822015 28.611178614547626 36.93688870958128 18.530748606654303 47.58033397665338 33.30794712429683 38.160828452076004 39.44394367305175 34.57890007247619 5.276637616460753 18.21564457527905 77.65845146737148 58.69242315296143 34.83563585521247 48.96510192477994 46.04800027749682 65.03309064204099 90.01584737199796 142.66436509325837 129.23974961184624 116.83912989724294 105.82310359643992 96.66619791590618 89.93806741311607 86.20925534242419 85.87137491514713 88.9630706495355 95.15061973120655 134.56352023003933 120.28060100972246 106.89337338644172 94.78212838652252 84.4973297951295 76.77651931076626 72.44416737528402 72.11358506088469 75.83712289106336 83.0714003778853 127.50188201075656 112.3623218387551 97.94156389925166 84.6079525037931 72.95997829597927 63.925803534462695 58.72440208989346 58.38920758941604 62.99794317155441 71.60222931937123 121.66065260657669 105.71917742337226 90.28000119513072 75.65128429246036 62.40560129683841 51.61884723944438 45.09163743468797 44.72929914403248 50.66427436031353 61.08789773850646 117.22250317844941 100.60419017090187 84.26149786907445 68.39229548090356 53.420232628390124 40.356480792970196 31.658789379368024 31.218927960785127 39.31504923251539 52.109824835101534 114.35098459280033 97.25884187243135 80.25664616444448 63.416783827135106 46.914389846142676 31.28807703524892 18.858415648630228 18.1947300964501 30.086024198662127 45.58510488271667 113.1654593697205 95.86861685364445 78.57401461762502 61.28354935430248 44.002098159322564 26.747138837938927 9.66166663889681 8.366584793011409 25.404040083979137 42.65494504404015 113.7186865276922 96.51805559864817 79.36147315589518 62.28534948439705 45.380602390417614 28.9490303854315 14.67673741739087 13.837624659184963 27.681511252551015 44.042766128674664 115.98578056511415 99.16708429431712 82.54835196297552 66.2801682744814 50.70109951057212 36.699492736571806 26.866606282762355 26.3720835296375 35.60715569581664 49.385856014561874 119.86950662684957 103.6624855681265 87.87393999873255 72.77673989266479 58.90487696151889 47.34787547902428 40.1567455986072 39.77453009125955 46.369908271498595 57.593659932402296
53.51681493187613 59.87095308319998 90.86823361364195 7.754131141925621 64.69251775901232 43.80291183566614 64.8857209314394 57.40530532960383 60.302815681996364 58.57725439445139 60.922455012815064 38.35795218218763 0.0 51.04981920197305 51.90609207133144 5.697851719912089 66.86077393121369 46.46596945646695 59.37023207178234 81.44373320898248 51.39833734311699 39.126777989468636 92.43379081687226 14.390711352746605 60.05921701639839 43.5948781887929 69.64647435624943 65.59508000545505 60.036205849661435 52.86820287390981 55.60081820699062 38.30641795832977 42.65809282857451 70.17747483305547 79.06442000486507 17.171831870233422 55.48539601182141 57.17892165206324 60.95409482893912 98.80315113030417 143.3642242817518 127.41837887212012 111.87620761198274 96.93208173832784 82.91001867249568 70.36344227238382 60.221731184165954 53.86093103212174 52.669184187746076 56.97180110284436 138.7549920157987 122.23359633245323 105.96160902856128 90.07429908827497 74.81712623161397 60.66738540636314 48.60213143312841 40.52787881261265 39.00714031708041 44.71365880635979 135.4461549118993 118.48174883861314 101.63119251160084 84.9622523886475 68.60743346617477 52.85911538226998 38.469504643947076 27.648328204777005 25.449319714340255 33.609764232512056 133.53446385084573 116.30165286851445 99.09293052031082 81.92347827955183 64.82450696239606 47.87160021987295 31.302979211440192 16.33327593067447 12.344565320924888 25.233186055621108 133.08017002605914 115.78215918055659 98.48552525388354 81.19114825048236 63.90086066406077 46.619212806121325 29.361464224319338 12.229216238550128 5.977076869361282 22.816895837845337 134.09809272717436 116.94540740965682 99.84423085470215 82.82647424214403 65.95673972766664 49.38694640647651 33.56429226079311 20.31662458076989 17.25343541238679 27.95190713510923 136.55529865304797 119.74234989553285 103.09131996344168 86.69555507803946 70.7327888188712 55.57737564273022 42.110225338836244 32.50240911712182 30.63088709705048 37.66702823291487 140.37619264981666 124.0625044227549 108.05664556379995 92.51851924761343 77.7291339444115 64.2079763788629 52.93594529911661 45.6121528323274 44.24281607901583 49.32635371207391 145.4532945925485 129.75375567852828 114.51685701486618 99.95439556152013 86.40803821232976 74.43463016550278 64.91052682650383 59.03334687255459 57.92402626057572 61.83968643756791 151.6604269465607 136.64481667979513 122.23508181187155 108.67250343503724 96.31562312563584 85.68765367254899 77.50314319302178 72.59331165530782 71.63469179768185 74.77939368853494
8.16250633209788 8.895563895004255 47.89744383132926 44.65848155214305 18.55559304981603 28.161837297666462 13.873199335159997 21.27464047477743 19.72120836628529 7.7713488944766995 15.756626451843303 39.84469735522647 51.04981920197305 0.0 50.316592504056885 49.251196595806256 18.010586638223586 5.320495007222285 29.21684314779375 42.38020258969017 3.2073520685857466 13.293239266109204 53.701217898172295 37.07160224092305 16.419614694746894 22.055449881181257 21.276548759780262 31.977670418434887 14.899670867390858 2.878363091598589 12.5917563592763 34.582980425187834 22.05638605934246 41.27785391654656 28.640878486591134 34.71126926363894 9.538820345735383 6.671520019687497 28.449278033569403 51.2625204072462 102.84850824829314 89.46166531348365 77.63799957747925 68.19548300617042 62.22768140517339 60.76709858458152 64.12247433194014 71.62009958925782 82.13331310973378 94.66265940581131 95.106020364697 80.48443924292089 67.14936848044476 56.027076409930835 48.65934413406188 46.852247853680474 51.19802108694583 60.382484830801026 72.59169692328616 86.55499596573387 88.94388531365736 73.13546486936002 58.18321097457366 44.94979630381768 35.41737803758128 32.969766108639725 38.96573646638459 50.48128455539216 64.63048733522959 80.02842011912405 84.70779611004959 67.94526836965989 51.54047083846335 35.986006212581714 23.071129588570326 19.190447267991303 28.336926098177443 42.85325382662538 58.894254514637375 75.49421788840715 82.69433823856623 65.4296970101264 48.19180858213154 31.02529721786329 14.191589409157055 6.240740494669655 21.79921932886632 38.861016124597164 56.07017633809755 73.32301319772098 83.0653243724368 65.8958139181541 48.819890049848944 31.987782522967503 16.179245678128627 9.95142926479749 23.13022031530055 39.61939465688074 56.59592713118356 73.7239085806563 85.78982138185866 69.28345936458246 53.284266078258156 38.43096749637003 26.709108842940555 23.42060436772391 31.34300406801277 44.888239889160836 60.38406443707713 76.65655468873831 90.6558493722196 75.19878356170278 60.74485924690921 48.20503762918199 39.44895731147553 37.24810955435587 42.63015306181835 53.34740000258939 66.88248706643365 81.8492267369184 97.34271708201376 83.10369419923258 70.25342850428021 59.69560494958928 52.8231681254221 51.14400979812973 55.13468230245941 63.73897907747597 75.39351777069247 88.90673988169047 105.50469245057066 92.48935432032027 81.09262630328953 72.0863389555916 66.44967518835716 65.06436234051641 68.18999931424827 75.26668327786501 85.31684512504131 97.42457265734383
44.55156774820522 54.0594856015311 97.3803474232998 52.541845711048225 47.001569290555494 22.219910441174704 57.3110660969648 34.97572808298429 39.58043592372656 52.607696793351 44.73925958648969 14.903981579804084 51.90609207133144 50.316592504056885 0.0 55.52510147250635 52.02566868590948 45.92609916243339 77.46991162268279 92.67246862289493 53.263708907825006 50.75531023311386 103.9003464022907 43.34979764127472 42.85357457002827 28.336793520911137 52.53310520840514 33.176101086963094 44.53535037251663 49.23208496646909 42.01806313810588 18.347005935814675 28.475656796111366 90.21501519155912 63.41039494219749 49.73091361726743 59.82064786227772 55.79582409147956 77.37330595505419 97.76578251440407 151.82247528258162 139.32472178930308 127.95060043476478 118.02541316288166 109.94227623993065 104.13104249052608 100.98469126019462 100.75319191664585 103.45611363091842 108.87512648584918 142.75479582118996 129.43139052523435 117.15252734994954 106.28085982248555 97.28928180718295 90.7384385748335 87.18027762274342 86.98283778382569 90.16819851065833 96.40161133178009 134.54742895716856 120.36192021294156 107.0965012420978 95.13683231333972 85.03564364971243 77.52284865560269 73.39762244926995 73.2346737799744 77.05914255327981 84.33026149147193 127.36692398326653 112.3162123292687 98.01135797403067 84.83052248588014 73.38191406838858 64.59326275671381 59.652077827044366 59.52434543127413 64.23878519534823 72.86145662860861 121.39574425498937 105.52881526384057 90.19112249553157 75.7050189984929 62.66390368386671 52.16304580062906 45.97722771735449 45.88606748334219 51.92167667493456 62.32891325433868 116.81957073861749 100.25572773499643 83.98999093991458 68.23587773991908 53.447733743702145 40.69268082068307 32.46285725413878 32.41124385999736 40.569066475863394 53.29088458251183 113.80687628685946 96.74496056628396 79.7864763761403 63.01498506595863 46.63268152309536 31.257602948106925 19.44686635325566 19.44313742025994 31.25064299189187 46.62490637999261 112.48340153878156 95.19175450322624 77.90467361143916 60.626064997198554 43.36605683045907 26.161489912474952 9.324471314699723 9.390501456130103 26.232247546432216 43.43723801667436 112.90858245211128 95.69150124790497 78.511731066666 61.4005985588204 44.43746365377375 27.89365398959375 13.421504167540467 13.451048273949688 27.93631524624591 44.48210655673286 115.06302979912107 98.21286007292736 81.55207956972933 65.22597812197132 49.566374723524845 35.46735859904905 25.64668185717748 25.6179975040839 35.40511323949546 49.492151220299085
