0.0 34.00125369522237 31.628149659328805 22.83901361122344 42.209601530739434 8.53277451207637 43.01371178447911 57.357050846489564 72.56601729708106 50.846627176762205 31.5032148753868 39.96927226438936 61.05999581140362 30.199212768019716 15.68536746531284 51.25186221859807 16.250770237270885 3.794421475632123 38.8209232255712 47.73015231684559 4.391584030613561 39.019224855801305 14.846242049056588 23.034665923787255 45.94232258295821 51.75685543139741 51.28588653973856 45.239039408763944 63.09005388294783 52.21751668970131 26.945176036095912 44.93014376593778 60.52600996643325 8.047088513887923 47.05321934884913 40.08549074971462 9.939610257083764 30.21687080698378 20.863718430336103 44.06839800083747 101.38494083013187 89.95371956433733 80.64195901085182 74.25138312832233 71.5688388461601 73.00423237841113 78.3315112233755 86.83732958652016 97.69496620785263 110.21152157532006 91.85367722073899 79.10936502599361 68.3972410852143 60.80107629791213 57.56784265299404 59.414135307486696 65.91448838305094 75.88212846894987 88.14858138760131 101.88692122878835 83.6362518757552 69.44649154096946 57.00273713258364 47.69185661870437 43.57084608814815 46.054623697681784 54.24336266321107 66.04816966422547 79.88168333698304 94.86047777179927 77.15374668616549 61.52448970378286 47.08008454563618 35.306022295349955 29.583870298494528 33.20549465668499 43.91712298160244 57.909686828382426 73.32843437627488 89.43878392195523 72.87075469054582 56.08608917176774 39.74750721354604 24.754629516731605 15.634303855747124 21.789530819289602 36.108839240840425 52.264952989860205 68.97908938542675 85.92622798382259 71.18546606748211 53.88862609766658 36.596599009257055 19.322310635532173 2.471014052771931 15.41342679300749 32.67652266473996 49.96649011403908 67.26261017887114 84.56110757750113 72.27983924656053 55.319708593001444 38.6636520726524 22.98257296001687 12.658284387068603 19.773176347823828 34.93476316844772 51.46464502819064 68.37758794808401 85.44642891765872 76.03392924251183 60.1207582600523 45.23895335799974 32.822711307873675 26.58586097561464 30.577700691582127 41.97491756871168 56.45796471477613 72.19293597049493 88.5146788829168 82.08356924196194 67.57723246779125 54.720726342929595 44.95263029124226 40.56877597233032 43.23907645757092 51.8855993230781 64.13515912868394 78.3149244450297 93.55127834541393 89.9667902338169 76.92065311506823 65.86538847250445 57.95179819607979 54.56437869494438 56.52283541461139 63.33316206343833 73.66170581236311 86.25371517681941 100.2599563759804
34.00125369522237 0.0 9.88625401107647 19.175104597604903 44.310892876187715 33.36954021003528 9.499953911823535 76.61787150775703 86.45688348075585 38.98038583949048 10.958849687206252 46.12961826104381 55.62163505922282 9.975197811736729 19.953928740761754 52.90026302736862 19.81225493732741 37.78626819786421 44.57797436307483 29.994015144167136 36.820338329104324 17.794932918558224 19.34136942469527 11.980441288405032 56.4664508160099 27.47355800505168 18.306702785536636 66.86577336985627 76.50034390200605 43.74045134121189 9.174570169721669 56.11687195792398 56.867837951532245 29.56568094814236 37.17168096581426 16.904794872252012 24.726600378061487 41.02521879684469 24.535968228281167 18.14603054933036 110.70754904823353 95.6320422391962 81.44639144671856 68.70402424265713 58.35813829626123 51.86330836597551 50.721142485159035 55.26451778878304 64.29930519753461 76.2452323902499 104.94969179245341 88.93509295495248 73.50626331805827 59.12358050496351 46.76250456571733 38.426201108933085 36.947544803260456 43.03924069079695 54.20644286786356 67.99270324349614 100.8442137552148 84.0740018571123 67.572414572428 51.59782666552346 36.84224890921667 25.516229647629704 23.313423790778128 32.16620221513534 46.09256429954975 61.750267085336965 98.59780130409868 81.37850231138684 64.20364540266361 47.121850087323615 30.29096658138896 14.605813409184288 10.38412935117011 24.5161931700068 41.14572323880002 58.1688110782915 98.33797403618108 81.06494740640824 63.8075836528912 46.5832935546152 29.45016499665352 12.780245358623475 7.620406661434464 23.484462887351814 40.54235895568203 57.74564239348096 100.08020946404423 83.1602891804913 66.43742081424729 50.109279480062554 34.73702222846747 22.38511457068424 19.85542276427421 29.76733259328452 44.459669185089126 60.547023841916086 103.7236474688767 87.49159791019311 71.76121952136089 56.949748123433416 43.995264033389326 35.02286346656194 33.41147909699587 40.05947038501891 51.88355868297249 66.16460094064763 109.07789267706201 93.74941671631301 79.2377587004476 66.08323901565998 55.26363505636847 48.371965502119295 47.16277705522477 52.03374711400017 61.558077812546586 73.95935272297092 115.9060262015326 101.57823457172135 88.32193395075531 76.6947569561521 67.54334106583404 61.974313633593404 60.97723861204524 64.76362526560352 72.5887466254209 83.32238934329592 123.96464733400113 110.6449800529734 98.57015586172453 88.25262509620735 80.3720239930812 75.69336060766452 74.81974094168783 77.87932090277916 84.44566187227237 93.78505845067932
31.628149659328805 9.88625401107647 0.0 24.087890763276693 34.45893482644636 33.519724480313045 13.869250586651502 67.67974617753254 76.84596061889427 29.89784363242241 19.295245856638278 36.448353742636534 46.102600525965634 1.436974867447201 15.982924927716065 43.014455736132135 21.421704996973745 35.341216928453925 34.904433139356435 21.81182580045897 35.27488664629638 27.303100416943906 18.989261539558846 9.193895420789016 46.90643018100087 37.354843816858825 26.325692798842155 58.49317501845858 66.92451488846862 34.317736382375784 14.855430105703274 46.61961236106246 47.213840154060655 29.502700347484346 27.728127193867753 26.607779972188432 21.690725488317607 32.03334660499083 28.785229620969172 12.975420157894021 100.83116606855727 85.75456027762705 71.69008689160572 59.3615692289115 50.06821983004899 45.700774233291376 47.63400347522004 55.209955638426344 66.52806557388529 80.01581849332506 95.20958177037384 79.10013216798292 63.620012883582675 49.36486454900744 37.74893835558953 31.808544833947042 34.601927466531684 44.51417669465348 58.00378566633773 73.11685892325022 91.43617300743367 74.5370031340742 57.8763164083472 41.74066636566625 27.085245414899994 17.990271610543022 22.636282578268048 36.05363737833946 51.8270229739859 68.34418713653368 89.74442565398722 72.46141335131892 55.19025682032192 37.94714752169585 20.801949338759314 4.916271114457114 14.640077908573568 31.673452208229214 48.89577489440227 66.15965208780176 90.251501075806 73.08563499186597 56.0035689388948 39.1152466646409 22.85428636817431 10.646472898909424 17.409464696069733 33.03853254681648 49.78667392700033 66.81761941730302 92.92140206267521 76.34346329354545 60.17451755119315 44.85901788886893 31.660719480184778 24.314225850203744 27.90470834896131 39.55849676157233 54.31194465913492 70.23824277319319 97.57671592858237 81.92125788387291 67.07962423047029 53.73049387859879 43.277736193104 38.1793847469761 40.510182441458994 49.22591629756691 61.67668344915488 76.04960367549377 103.95098057684343 89.38569081987733 75.97695314886248 64.45070536845391 55.982048566291866 52.084416359217194 53.76135619523679 60.55147181586889 71.00266463119092 83.75545568352568 111.75035220112281 98.30785204930478 86.25206422760122 76.24365970011246 69.17705513913454 66.00398869392347 67.27763626875443 72.76487073373325 81.6202470977898 92.88538804271 120.69878214189579 108.32804196479734 97.47007545946047 88.6822914321994 82.6278662874073 79.93035738082064 80.9261518005704 85.48628153002089 93.088392856116 103.06151419876936
22.83901361122344 19.175104597604903 24.087890763276693 0.0 52.205876018376884 17.996709676878872 28.32834841348032 76.99747889058627 90.13045809235739 52.95238921752415 10.77810468586633 52.144306208182584 67.72835575702257 23.00651014895311 18.13360446090362 61.619563870223665 7.538423963016868 25.978881456957556 50.6604153362564 45.77435616010872 23.605437185505746 16.42124198188394 11.434253888359859 16.58167723862135 60.94955753567839 28.996132958401404 31.86256507214693 65.55982855766165 80.21142058141734 56.55520703802524 10.075023627344404 60.234242062964086 68.24349728382977 15.40062381998122 50.135963889584595 17.733595908026807 18.179318263680198 44.0924865853912 5.426631975974953 36.17342644764124 117.19945296930513 103.7409902327245 91.58255502259668 81.30944451205124 73.71415876242746 69.67796416602964 69.82084382047321 74.11863346344843 81.91998214255999 92.34113479249105 109.35548012203759 94.8326950659292 81.40367095719158 69.70347056345351 60.739513856958716 55.84533866356702 56.096468064228546 61.429831353123056 70.70454867073349 82.60351564598227 102.85333106548364 87.29115190669577 72.52163730431052 59.14165824326205 48.319652200095746 42.07786858101154 42.48541451554177 49.377920728246686 60.58096112584609 74.1662445652578 97.9606632244437 81.49679849889587 65.46659215567708 50.28649031483479 37.017528614862634 28.470574954238284 29.147208247487708 38.5649550232249 52.18871199947877 67.51871933945733 94.92674314462079 77.84088226121203 60.87718818107346 44.176620886575726 28.210429411591697 15.453010215967158 16.747400526833044 30.345807397402336 46.47551324419571 63.22808979028468 93.93189634973882 76.63013701823971 59.32847756606761 42.027041348140756 24.726296971984144 7.4310781662463645 9.887653249203689 27.18499685741548 44.48590815973715 61.787390289222735 95.04019144007326 77.97855915769037 61.05232171502491 44.41653841134165 28.582938639691296 16.119940363074146 17.36183090971834 30.68756208899236 46.69831218135364 63.391252183477235 98.18041597538081 81.75960697431425 65.79196207857491 50.70740484242168 37.58469406255236 29.200808892233823 29.857577638347927 39.10207584236242 52.58497331169755 67.82400896004425 103.16714958534405 87.65901085324204 72.96196605201936 59.67830152568115 48.97198926286666 42.82191808400128 43.219006017379115 50.00753113853416 61.092787926744855 74.58290138695484 109.74891184537776 95.2840381702266 81.92661574017256 70.31067459101465 61.43215538063967 56.59440455220515 56.83873412782066 62.105192428734824 71.289314168357 83.10220130068637
42.209601530739434 44.310892876187715 34.45893482644636 52.205876018376884 0.0 49.697954252432275 46.206060533845054 37.83714189725852 43.145482708567236 18.363091857439144 52.19250233381362 5.189431263117073 19.51576102745634 34.3682016741617 34.40848370307926 9.462510734977062 45.68694130035053 43.895617501385196 4.897404272925649 24.985200889929843 46.42063001360772 60.99806041233168 41.472548435267484 36.714213436515955 14.571507709667603 71.77316548552946 59.53416700525547 33.013421214302795 33.526964958259214 15.107037126973225 46.504329444094765 14.895536308049305 18.48397036992201 46.847533610366995 15.179949548705888 60.606654293616046 36.98266473063732 13.24074864301502 54.658221256366154 34.904674789203625 66.43169364698936 51.848246951103754 39.52240167526722 32.163776017399655 33.25214989255208 42.13800171478884 55.17450168131917 70.08244298121055 85.89284442678793 102.187677164089 60.951411991964335 44.64682084952023 29.501096770459622 18.601153725069196 20.50373721319319 33.068348463007936 48.63476340009971 65.08361439277171 81.88483146696747 98.85892219110346 58.46483845771022 41.20387795910479 24.001985955956677 7.290037638485871 11.353744566917186 28.34402812923015 45.56944034624251 62.83691116157251 80.1192515139942 97.40854721210881 59.3494927378074 42.44417240498898 26.064656097645752 12.487508449404212 15.206001463350999 30.08687649418776 46.66830656119486 63.63453921288055 80.74336733010571 97.92007556258103 63.4645412471236 48.00605970176837 34.35296402645765 25.580873786513973 26.969365341821344 37.40351356728496 51.66632931004659 67.36844171042613 83.70373282879137 100.36350650135827 70.24448203799338 56.63015424443614 45.589118123845566 39.350568249423326 40.215332405873454 47.799423722383516 59.590293375140234 73.5929849201155 88.76687446794294 104.60351229485856 79.00612098806738 67.1466506753062 58.08681536210856 53.27460389092754 53.86082620471599 59.686628804626515 69.44565209907618 81.74107542415804 95.59920557152157 110.43329515303459 89.16708502484525 78.80138432229246 71.18454114393194 67.25705340232707 67.6644306463996 72.33346891221225 80.52625585943792 91.29905064143202 103.85204389098149 117.6166187200204 100.30288430984054 91.15868864022306 84.60393503737855 81.26762288175281 81.54574562726235 85.40299834877374 92.39219133568614 101.8707185998983 113.2150652127418 125.92196023026321 112.12330593441291 103.96820547831051 98.21307962936652 95.29375380308653 95.47072463024466 98.72734298507 104.77684137255685 113.17223142732692 123.43577555467269 135.14250496633852
8.53277451207637 33.36954021003528 33.519724480313045 17.996709676878872 49.697954252432275 0.0 42.82474597156006 65.77797706890273 81.09794762043526 56.55870229345147 28.188090690041587 47.850394286478625 68.06738196058792 32.1002486727069 18.903833064612993 58.92982747478987 13.625912589405 9.764069988799614 46.623771062255 52.18395706287744 6.523355261223457 34.352457267870975 14.616944947535439 24.342537637040458 54.29304856288766 46.67988284042446 49.06410115660043 53.5908452761776 71.61885752881166 58.548204468611445 24.944869018012838 53.30729607204971 67.75886714966806 4.017291820513224 52.95445884112469 35.72465677272416 13.797874433716743 38.248881155488505 14.444177899963304 46.460988217391105 109.89206500168203 98.3037781864752 88.59844292368479 81.45194779226047 77.57473775682409 77.45930870682679 81.12172027919932 88.09203667201974 97.66455230483571 109.15680032038055 100.3830769259689 87.5972638154521 76.60609099783858 68.28176757758126 63.678885392531605 63.610495690846925 68.09026314474588 76.32146987563787 87.24874582696268 99.9920726256637 92.06677000284394 77.9752131660376 65.44218333690924 55.53311276891247 49.838495464229496 49.82495769161838 55.49665710928468 65.39062053590035 77.91462840908613 92.00079971534552 85.29286497049982 69.88716123646084 55.608140987999676 43.57778023642214 36.11769738424723 36.17541632373107 43.72117308466558 55.795418749356614 70.09582069334847 85.51272976326585 80.4520186950093 63.91824496349505 47.92982555640175 33.28221338947429 22.73443841279269 22.906659804686207 33.63460789856221 48.33808069399396 64.34721946944505 80.89048567823106 77.90548815092674 60.6969973558725 43.56258997810179 26.64556917732052 10.999400964189105 11.432438058639658 27.186905156053296 44.116531341077135 61.254568946110986 78.46457448795687 77.87869983029019 60.6627677524228 43.51510392044147 26.568223891112794 10.81157462867089 11.252695005077609 27.112165489060683 44.07073023942996 61.22174763812234 78.4390774906844 80.37417359663044 63.82068480283997 47.80024380586402 33.09619734907844 22.462518156599504 22.63807935342075 33.45313174573675 48.212580124696466 64.25344514370116 80.8162670210782 85.17045924996067 69.73840491067719 55.421933909237566 43.34102035275467 35.83301523022291 35.89252797016864 43.488501882882765 55.614149964180896 69.95230664303871 85.39569298999368 91.90798983399719 77.78853400954718 65.2206666182712 55.273109084486 49.54997199488555 49.53771053133444 55.24012769574894 65.17407885113583 77.73384914760632 91.84848368515067
43.01371178447911 9.499953911823535 13.869250586651502 28.32834841348032 46.206060533845054 42.82474597156006 0.0 81.09138995453834 89.247488379732 37.016224828712396 18.78485314902404 48.94875116620578 54.29739828646458 14.879835584820537 28.183068713821797 53.883659150462314 29.30181073315886 46.80810070273625 47.448410868489844 27.027153985458522 46.04965601687507 22.67097582178963 28.606373289205106 20.196752360225737 59.5983306653917 28.52407971790854 13.334385965555832 72.23613682492466 79.45620821016016 42.42124007549268 18.541760318038417 59.43984689965096 56.007101275665114 38.98354724080413 36.16089401899532 21.116351339435706 33.42012815238571 45.56231614615345 33.74467171489428 13.654059468619671 111.73603224751348 95.94536133624383 80.7761637468828 66.65410494345393 54.400878582719095 45.55048061292451 42.295883799482844 45.844760851481155 54.89305254302936 67.25665131559035 107.12468150558317 90.55877480736248 74.32896902446166 58.71464223398125 44.37040031334637 32.99644329627192 28.416680865487912 33.54042139864149 45.178773984628066 59.63214741095466 104.22458645379521 87.12500366190392 70.12475077104439 53.318923885761954 36.97360117721025 22.133668691467694 14.541800491724677 23.05951429251695 38.08846286393613 54.48333115112703 103.18018595804588 85.8786633070216 68.57734648123865 51.276443825200545 33.97658803137463 16.68103651133778 0.9050004835256551 17.946996255688283 35.24321105223179 52.54318964324734 104.04739086506997 86.91392540739264 69.86353881749463 52.97650823711741 36.48039934568217 21.303553468509367 13.25050892985226 22.27158112856658 37.61892353034114 54.15769780684911 106.77962429450464 90.15220770651825 73.83537723826619 58.09143910461556 43.54627022395175 31.884949294087953 27.124386084918378 32.458044263618866 44.38498555008519 59.03591478953674 111.23950911348554 95.36931879677965 80.09426249964265 65.82993347124032 53.39264681891877 44.34720584195075 41.00341371002319 44.6608390428806 53.912952899829115 66.4629804845979 117.22997186024654 102.26277816740483 88.15431973155872 75.38826944028591 64.76339278035113 57.47957648777678 54.88356015882396 57.61256314332802 64.99929601064575 75.69219461332547 124.53024662154691 110.51926312341074 97.5700931234119 86.16280506430928 76.98587685503267 70.91059052228299 68.76400814377851 70.90385136608121 76.97346176304897 86.14616559966194 132.92460718810156 119.85731916361586 107.98741934757666 97.75207689757002 89.71250949060945 84.4978118165861 82.64445574964074 84.37423749163453 89.47959465775922 97.431328582375
57.357050846489564 76.61787150775703 67.67974617753254 76.99747889058627 37.83714189725852 65.77797706890273 81.09138995453834 0.0 18.332108732426097 55.53053503711927 81.32685659994755 33.4525713323626 47.307800695940436 67.05250146189705 59.90457844233832 35.673369161418215 69.46385464079532 56.35395178004662 34.72415744382655 62.81224846357762 59.76443305430376 90.36654414521946 65.69962648332685 65.9445232332299 23.325364230363792 102.66793276889928 93.99521757171229 12.394769575499819 13.644223124807935 50.889632611509 75.35463878631907 22.943340730236276 44.32951587139811 65.06181294200935 52.83745928745254 90.60521119860364 58.822914172800324 35.65525154787349 77.01673034012863 71.67476366113233 48.09232718148909 42.889632435045606 44.326898050966925 51.85491196543404 63.33793952060707 77.02702093436841 91.94201438242085 107.57421041548449 123.65189916537025 140.0217064259443 36.04852817351183 28.823170736599568 30.99618680038847 41.103061419213745 54.92603532828529 70.30637732574081 86.41651268891368 102.9142860574566 119.63944383336248 136.5084334511518 26.290301427128973 15.007936184182938 18.921124659544745 33.00745944099022 49.19032841526078 65.94389320419594 82.92296607518286 100.01276001048312 117.1648353283612 134.35534124288094 22.08916634161933 4.787286843191954 12.514733915081347 29.816650023210766 47.11857676376866 64.42050556984525 81.72243512953574 99.02436504781411 116.3262951646776 133.62822540298527 26.26315349504134 14.960546433211519 18.883730699326655 32.98613705992404 49.176089805997115 65.93332235315886 82.91459944950685 100.00585595165009 117.1589700566958 134.35025091977175 36.00892901055882 28.773856079015594 30.950545549158402 41.068812947129615 54.90052982362747 70.2865463927805 86.40045534336227 102.90086692522885 119.62795574184682 136.49841327437892 48.047808086335884 42.83993527578472 44.27903512511704 51.8141925868211 63.3047617467166 76.99986928981139 91.91937546445118 107.55495341901786 123.63522608040172 140.00705323090878 61.03757482450661 56.97174214747673 58.00578458178944 63.892569719255306 73.47480972652875 85.51919458111365 99.13231257965388 113.75234472625378 129.0374916111914 144.77724382158198 74.482238690062 71.12997101240485 71.90292445978848 76.67644481318855 84.77743040463373 95.36161227673637 107.69935170995284 121.25655649727952 135.66813737854585 150.68916144301423 88.17381133255766 85.30131519246066 85.8876343377469 89.86509378277697 96.81664329378818 106.15963331674907 117.32412821637459 129.84110429735793 143.35672867060137 157.6143043329898
72.56601729708106 86.45688348075585 76.84596061889427 90.13045809235739 43.145482708567236 81.09794762043526 89.247488379732 18.332108732426097 0.0 57.785362767844035 92.83751143453412 40.41338295822287 44.70156480537006 76.51615241520386 72.2345267899862 37.00964573207636 82.73622100414775 72.13152313761853 41.94964838496395 66.86282021939572 75.49345746038101 101.90627884356978 78.69699103296645 77.0604276517324 30.001208282311467 113.57105808191278 102.54338069384391 29.848544473887177 10.003388571818446 52.236338965844396 86.87506210752416 30.427395800156468 41.61137883383368 79.81996686844103 56.196775071825584 101.8470083433064 72.29291729168074 46.330848445921774 90.95046541572184 77.96401448266099 29.96241948242189 25.52023120785392 31.6785137564666 44.20955417077278 59.19587434401254 75.18330141654027 91.64942169771894 108.37626398881372 125.25942322925592 142.24324951314796 19.324114881684014 11.373311446008424 21.999908888106958 37.912435288037535 54.67561145882213 71.69522444245754 88.82398835805542 106.00900710935552 123.22674729648847 140.46517679015807 15.96414292624545 3.365454824093796 19.144510285819962 36.33747133610124 53.60060571697963 70.88266081671979 88.17251179814984 105.46632462656288 122.76242497107688 140.05996537349057 23.281872654162886 17.23966639765047 25.51624493566684 40.04576842343752 56.16903538880436 72.8352226553187 89.74235865418773 106.77604773154859 123.88409888384311 141.03945440207534 35.142460708087505 31.416358529299554 36.5744635484438 47.823675584877215 61.92919562669738 77.34374801720331 93.42159389286017 109.87193370119456 126.549587855754 143.37525350965484 48.308227822819966 45.61426243593948 49.257896649598855 58.05792977406318 70.0985693106661 83.99761312944126 98.9752089442507 114.60928558136112 130.66441014615702 147.00269112257703 61.95245751916452 59.818146183725105 62.58602280044182 69.6742843807161 79.94183869950457 92.3340958789809 106.10923129016281 120.7950689547569 136.09711392089628 151.82916770418527 75.81713225672169 74.0244238046165 76.2212553098905 82.08794593468461 90.91682264377502 101.94112553921195 114.52861728361664 128.219740839712 142.69718416155527 157.74459564674936 89.80005243045346 88.23178580579426 90.02400771488965 94.98668976285332 102.66107259957631 112.49353648121615 123.97165401644413 136.68146024548346 150.31083618487312 164.63155437937922 103.85330876076134 102.4396210470672 103.92739863481025 108.19701668991597 114.93888228360305 123.74958951952671 134.22234224029714 145.9999157872695 158.79224056870203 172.3735418192241
50.846627176762205 38.98038583949048 29.89784363242241 52.95238921752415 18.363091857439144 56.55870229345147 37.016224828712396 55.53053503711927 57.785362767844035 0.0 49.17379775492542 23.474187520066774 17.33475003723624 30.584881432555594 38.1288850336731 20.866077940031392 48.24481369643413 53.562966049198444 22.77991518090325 10.233388399464388 55.23326970764516 56.7750099081518 44.49873785115713 36.398278610764905 32.28457235881903 65.23538387683101 49.74595139125765 51.376354644881474 49.05970563566316 5.827197121072562 44.59150393229384 32.844292766773 19.315989220044948 52.93428268532898 4.022714831477502 55.81386669208385 42.76384336233767 28.547793673443092 56.877515187685034 23.517581143773278 76.22425612027286 59.75717976830737 43.93649217629557 29.809757694605793 21.107805689922728 24.518743166487702 36.81724555245667 52.04384566733014 68.26657799949612 84.91643521591135 73.61472639595425 56.40656536057552 39.28086904012114 22.427351887060745 7.854867034881645 14.8028761717786 31.2292288270104 48.27129277999725 65.4498591558576 82.6798875406415 73.67271260263368 56.481874716463345 39.388438696000016 22.614362173226016 8.371558532831676 15.08210695526651 31.361923575027983 48.35683915036173 65.51267722411447 82.72938536996061 76.39213977142474 59.970201596182626 44.22445607022194 30.23063553010465 21.695425993757578 25.02404979627643 37.154084594003805 52.28154847046457 68.44710361681096 85.06093728120871 81.50701460020417 66.33523599171718 52.49801062742428 41.35729907064318 35.546008691330485 37.62072251114691 46.53843864526648 59.28778341002719 73.91186462662617 89.4963333559112 88.60338756646499 74.84654998965462 62.86615514902688 53.860955636256676 49.48285846599088 50.93923520252574 57.79065447970371 68.43548398601622 81.39885043711406 95.74357366013389 97.24835407681802 84.86068252854206 74.45886396398164 66.97464685806383 63.449019978894235 64.53407523514427 70.0157804516588 78.98396086255602 90.40694967780348 103.47492904757281 107.06734679179772 95.90791863722632 86.78666492934383 80.40028486403406 77.42848731321347 78.26122752600963 82.78377295688162 90.44429578861043 100.52796854934199 112.38442296109513 117.7669511996541 107.67059838765749 99.57677122428179 94.0041574954502 91.41500169294312 92.06137133413198 95.87785092805325 102.51098065190088 111.45901784192789 122.21455236602189 129.12831671719937 119.93826708740185 112.67170351721303 107.71859989691052 105.40559702100556 105.90581727434629 109.180600434655 114.99314770520064 122.98416018123143 132.76084671034772
31.5032148753868 10.958849687206252 19.295245856638278 10.77810468586633 52.19250233381362 28.188090690041587 18.78485314902404 81.32685659994755 92.83751143453412 49.17379775492542 0.0 53.19205287102425 65.31759160567118 18.755045573174076 21.56615375245559 61.25386588460762 15.292865896910719 35.02696615529193 51.643681140889306 40.63616384669686 33.151675676057074 9.083851402197988 17.25271362693446 15.79309422345023 62.97035534071891 21.48304247708424 21.101388851469803 70.61916643981218 82.83452201377517 53.589807804378616 5.989314623834052 62.44355851690068 66.30911570944465 25.03723261166511 47.002651384476906 9.330155970169805 24.256847116324114 46.56516047834434 16.022291653556657 29.10442905106894 118.45643398689066 104.00605288622997 90.56095536624196 78.63847374525004 69.03207794746024 62.8135442033638 61.027454494358516 64.04572105772095 71.2604651019566 81.56560981269054 111.75504438054138 96.34100025408627 81.68653140453422 68.28245157883691 57.01753828700718 49.37822241776528 47.16058443432606 51.075779949797806 59.93373481584417 71.93102625827395 106.50339775245347 90.22539571631006 74.41087631294593 59.43099509047884 46.10657245581684 36.308360638740595 33.30895170123904 38.72187569220599 49.879747727044624 63.838099846057624 102.92373155013685 85.99056048424478 69.23994683758791 52.84577327738397 37.28126926579117 24.203761948277723 19.505458631889613 27.817539611666636 42.0223734843798 57.93665511629316 101.19369061273466 83.92176358613048 66.6653976684884 49.440889438846575 32.2992462764777 15.517555570156356 6.087791967382507 20.785604406047042 37.75890556321856 54.93761923726328 101.40800903117363 84.17888572510606 66.98730148096976 49.872092085874456 32.95247835726321 16.829121851699558 8.9042746063237 21.773059541165544 38.30873776115576 55.31515079497333 103.55461227068834 86.74124202834335 70.16580050748972 54.04763823987049 38.95851619377987 26.703855808298467 22.519702314979646 29.99815354319049 43.489683672769395 59.00446679871878 107.51779855470285 91.41515699351545 75.84254738297146 61.205883723575006 48.36254289026792 39.12055790649966 36.34016635547178 41.34615428681602 51.93369235466119 65.44783779864976 113.1067203072451 97.89860289664342 83.50954414154528 70.44325886713436 59.57652826944182 52.298890670391536 50.19647850260917 53.87856890076042 62.32828542082803 73.92855594465263 120.09454442073935 105.85953922098857 92.67404132017374 81.05188012467967 71.75674223288904 65.78256826311366 64.06524772565996 66.93324355280126 73.85428671554509 83.83045799258343
39.96927226438936 46.12961826104381 36.448353742636534 52.144306208182584 5.189431263117073 47.850394286478625 48.94875116620578 33.4525713323626 40.41338295822287 23.474187520066774 53.19205287102425 0.0 23.573971919355362 36.162876868459705 34.05521414273989 11.544777706678559 45.25997581899974 41.27309097033595 1.5558786082975669 29.503464733358168 44.021798494528994 62.16127610733675 41.03824645688349 37.45489449883489 10.688244166803067 73.42465200917925 62.19800662124944 27.94904698086428 30.537440474856506 20.27932062773359 47.341513372570894 10.688244166803074 22.064378127667027 45.30779074431895 20.141018389050593 61.93139330969449 35.854415512881154 9.867639421235996 54.11481209165682 38.45656776680233 65.3292441275015 51.622423716834625 40.7498049390953 35.424935495401186 38.05276582933076 47.32660350995181 60.252048034773985 74.96344885987627 90.5948978553217 106.74296159267121 58.832125321466044 43.14942630899216 29.346863555574323 21.431640140826914 25.614515153191448 38.0999076477436 53.34617069489945 69.56102559357966 86.1995941068593 103.05685399536513 55.28170804306805 38.19128546678915 21.442823485264284 7.7284166816417335 16.074063635600606 32.49209090053093 49.51575277004723 66.68280832152938 83.90528845590066 101.15488761322163 55.2490790197825 38.14425604037818 21.35933460238997 7.494761496243567 15.96355519804255 32.4378191110685 49.48032429409028 66.65662941715007 83.88458361164417 101.13779639468409 58.740101177475715 43.02444644408359 29.163640693936873 21.181225802050083 25.406340855885947 37.96091972206174 53.24746132764271 69.4857128533445 86.13911936396016 103.00651882267576 65.19108709797811 51.44827307930106 40.5299807067016 35.17302143413384 37.819454055124815 47.140092710334876 60.10634861554143 74.84694726177416 90.49898039294341 106.66195646529735 73.83010494414822 61.987404748998586 53.223059355811195 49.21027834924653 51.08141238864183 58.27239171678696 69.14285450751379 82.24657300224777 96.67970293533054 111.9291423012516 83.98453461822758 73.7402642291586 66.48717971223292 63.262607816459195 64.67197239627122 70.43766367297113 79.61883506957606 91.18962285121422 104.35817992402792 118.59344881259248 95.1704154952955 86.2117550335131 80.03880122410835 77.32164620690446 78.42033230191072 83.18379854233606 91.03858762466062 101.26790611160814 113.230020109391 126.43405543278872 107.06481046178709 99.13087458854379 93.75318435180691 91.38414237645688 92.25581825660974 96.28023238955815 103.08881082807437 112.17573404496028 123.03723143802887 135.24643415314952
61.05999581140362 55.62163505922282 46.102600525965634 67.72835575702257 19.51576102745634 68.06738196058792 54.29739828646458 47.307800695940436 44.70156480537006 17.33475003723624 65.31759160567118 23.573971919355362 0.0 46.563118990388546 51.11861495011507 13.254159697372733 62.089091900385014 63.031822362528395 24.024363578787277 27.54133371394488 65.36773552293585 73.35292293225368 58.02667705539251 51.26451005174257 26.79519045415745 82.348677499476 67.08065335915236 47.074744647542886 37.53900043981463 11.934612335573922 60.286015825048985 27.872247963395967 3.111561900719038 64.88869180511851 18.455406102712463 72.52621881055377 54.713566508423675 32.74690868927854 71.02862863109236 40.84905038959376 59.59849211974099 42.79007208337063 26.6216673953819 13.606946056548406 16.133743741922896 30.56401958745578 46.9758852989318 63.85938620084771 80.91984622032824 98.06495153069845 58.40369427509978 41.117470909860245 23.854033320132068 6.789475666368551 11.04049983388196 28.22059311763439 45.49312802843597 62.78185328805784 80.07628293899288 97.37337756767882 60.59014019717364 44.154613870374575 28.75425335610562 17.398177180480424 19.424169878201756 32.41315326881403 48.19376471397807 64.75629492857735 81.62615286485185 98.64579186763228 65.82170848589922 51.06796558225836 38.49787047512695 30.902169426750024 32.03921411666739 41.19208090056489 54.45891055066424 69.52314340920631 85.43928324975543 101.80856494647311 73.45051897662482 60.543856554843934 50.347218132541514 44.75299050901208 45.49199846155277 52.2964402924127 63.23778450525226 76.56253058468148 91.23227920135605 106.69367565666782 82.81663020690372 71.57149715325656 63.12734007242815 58.70553482082271 59.214149211009925 64.53671830179148 73.63665830029018 85.3136787155681 98.65691562129788 113.07805762836085 93.3987310096435 83.5384835232937 76.37225525500592 72.70111680431903 73.05389288113734 77.37556471007507 85.06334481886742 95.30611269736751 107.37516226234105 120.72399799250643 104.82909095871854 96.09437625108637 89.87656471403926 86.71874955731597 86.95494849201953 90.55860816166404 97.15573508207031 106.18987290829806 117.0983273080485 129.40797621724403 116.85892358146715 109.0357728698569 103.53866671687045 100.74907067428113 100.89181817311992 103.95483010968172 109.69374835417689 117.71785823845205 127.59676274505317 138.93537192202447 129.32089574652048 122.24014149297594 117.30327982412993 114.78726354983813 114.85130142875704 117.4911748062225 122.5405240125567 129.7182833793528 138.69439501666523 149.14451556191725
30.199212768019716 9.975197811736729 1.436974867447201 23.00651014895311 34.3682016741617 32.1002486727069 14.879835584820537 67.05250146189705 76.51615241520386 30.584881432555594 18.755045573174076 36.162876868459705 46.563118990388546 0.0 14.564449692986368 43.068659559875016 20.098519225978247 33.91625948828347 34.612540616680775 22.788840541308215 33.838591190772405 27.007458548122358 17.588305334574454 7.792234363441655 46.53996106196689 37.40642515638659 27.036807450067606 57.70166621461482 66.57166550534197 34.84843933671728 14.022647958896892 46.21667853194756 47.58862195589206 28.082993855870768 28.26608427066455 26.41165991615947 20.263279163590155 31.39781802393487 27.60760759084182 14.375784316535599 100.78920358970501 85.84553175545987 71.9663109077547 59.8961376915256 50.93768287445238 46.90896059971419 49.04035536357511 56.64066688799796 67.897545305074 81.30615593452093 94.97655606497237 78.97308351953806 63.65263484945892 49.65154791304962 38.439599130542035 32.994509191609765 36.0330511699673 45.900241837844156 59.2789330978406 74.29575964939278 90.99710649967693 74.16241313154289 57.605255739348785 41.657883926797595 27.406293709825864 19.119163521586916 24.05601234271687 37.290117767430694 52.9256636574251 69.35712437246863 89.09688941892202 71.82905170654043 54.582809694200954 37.38806011667881 20.375584521373163 5.5834872626724295 15.68118922668628 32.54746597263035 49.7140711171468 66.95038217190846 89.40860154789443 72.21357378562482 55.085530405099625 38.114882842755804 21.674550542404464 9.24884864779648 17.32078157596125 33.364516488200096 50.25023044299894 67.34755802288355 91.90973602423664 75.27433452543328 59.023404986157615 43.589107238393034 30.248458461996332 22.992156154785548 27.22168778394454 39.396857270641526 54.423482758969804 70.50127391904495 96.43004645541639 80.70738383840381 65.78234338423475 52.34174762828961 41.841454768326095 36.88445578052299 39.60966760899998 48.7452090643434 61.49773974761837 76.06941257838527 102.70320693481052 88.07472516468567 74.59937440988476 63.02124295427865 54.56178531262945 50.803550284090505 52.76091335876776 59.87593997112756 70.60625573058196 83.57068541585147 110.43082128805942 96.93623605672961 84.83510167478792 74.80673857867613 67.77753936954677 64.73202140371521 66.22210652736564 71.96661195778992 81.06609726719545 92.53606897309324 119.33056209239821 106.92094408453073 96.03685098865567 87.25106556151214 81.24717450973424 78.66474128037284 79.83647603959692 84.60654539040729 92.41945341705438 102.58229109856548
15.68536746531284 19.953928740761754 15.982924927716065 18.13360446090362 34.40848370307926 18.903833064612993 28.183068713821797 59.90457844233832 72.2345267899862 38.1288850336731 21.56615375245559 34.05521414273989 51.11861495011507 14.564449692986368 0.0 43.867999365121264 11.279865432791542 19.368540911310667 32.5877147566856 33.282653011378244 19.512061862729098 30.518319825975198 7.0648064228845 8.04191424202556 42.84938221114196 43.044293463032716 38.15797488265157 49.05734903430174 62.27431944714853 40.707900945556545 15.698524364796258 42.160740798241484 51.275202914757614 15.040340146428033 34.72830820765097 30.895826726681733 5.760928358910747 26.018799551424742 20.25319170747761 28.411060791877823 99.07008681839532 85.67550629499355 73.92157734748534 64.70860652512367 59.23432165359911 58.55683485015264 62.83150400996608 71.17155209165941 82.35094838815722 95.37643585158507 91.39204144844963 76.71120601225304 63.36731803932259 52.39206851442249 45.53179846156376 44.72208044505556 50.256226159507165 60.41536258667231 73.30107629003977 87.71991515060341 85.37540135288518 69.46892180098858 54.42069583208458 41.18254815111295 32.07961203567239 30.998545825562978 38.61900150240236 51.19232178329802 65.94383550276778 81.70210628080186 81.38955114610043 64.53118179333572 47.989583342358436 32.25583812233149 19.405936577842645 17.648058075873166 29.069396814060205 44.46704404733949 60.89596439304672 77.70476980381619 79.73966622361938 62.44714222614326 45.16182405919628 27.897109346313144 10.752704068807335 7.190699346214008 24.217870401194208 41.473098676555814 58.75580106071589 76.04724834023482 80.56940457102526 63.49843561985941 46.59813984033754 30.156838099724194 15.690636346480188 13.47850848342006 26.755508780694182 42.997177192025624 59.83619456513174 76.88105131151295 83.80513640003342 67.53879471879367 51.946001524162746 37.86813612961275 27.718491496743543 26.482903638801773 35.11529548208356 48.61619221816957 63.97417207050218 80.12843200559452 89.18532714373309 74.08070193196437 60.171289810548046 48.496636317112575 41.011818402219646 40.13378453700837 46.24043654528769 57.134413277147 70.63434212231915 85.5148249799664 96.35134008500296 82.531344937935 70.27065217599865 60.52442247856787 54.65479278904413 53.942437214884805 58.575815743190574 67.46232538710846 79.18272540456 92.66791331045695 104.93786913509824 92.36821618408682 81.55065618673048 73.26542751802963 68.43849352559869 67.81241113984106 71.4976223035057 78.89225606678806 89.07725479106325 101.21372316088993
