0.0 44.2128231539553 36.230453113722504 21.72897611458902 35.03880333625912 39.625678830913756 49.144820961483695 7.755395017968089 49.45716796990889 30.8967216560868 46.013198500654056 42.534464671037334 25.04693416779989 40.7958151386849 59.68676603117569 50.50659382064171 33.00439892998249 64.6905487437688 36.17846638266036 42.845126704441284 21.163034958969718 21.959990986525305 21.186482201418233 28.42451140181668 18.696184705683372 42.197772056743915 46.444657493389535 19.926470834630095 37.58919476493387 47.939389340588654 35.53460558175715 41.030021668544066 14.408811141026183 43.961317343200065 37.2593233981179 53.86655717400318 35.948804441859714 45.92276361394606 7.543918121088725 50.32544397571367 79.61784120693868 51.059663462182215 35.63716242148871 48.2468131230889 76.02849548588966 71.47106199252886 37.24925491180253 7.858406306787323 33.628193185916565 67.78502396011056 73.9527056176994 41.77418092640557 20.39627469130371 38.49389764517996 70.30219481559872 86.14899830385515 60.661308364088335 48.29852362727118 58.14214534878075 82.6019332432622 104.7183976958693 84.80290372960116 76.23557170015027 82.62525371805468 101.17679061129817
44.2128231539553 0.0 58.91890673132676 58.10771488886684 36.78415231714443 4.626708210435764 52.72908209978547 43.55260640998079 20.12043525830327 51.939966259665844 60.71232674019928 52.829267569426385 28.82002976337337 53.63486911869504 78.48443437025496 79.38419446710652 46.13145414349923 87.96064723236461 53.23610941055936 55.41350371876163 41.774253360373784 47.869482449313004 52.84951676387483 49.85872513560636 44.129730191629285 42.950976839067984 52.718531242924485 40.92119821883201 17.2549575728342 7.087346842563968 54.89661538491997 51.63338229444912 34.811661559141825 32.111920821404766 31.69613154176061 86.03788934820157 51.8243270311997 54.27570465884841 37.85902366075757 70.26536512073379 92.85992483087074 78.28814571160665 77.65206149678397 91.24358786743187 114.08629529025572 71.36358204990444 51.29557417613171 50.6410924584432 69.94722145303447 98.05874035428064 56.233201078513524 26.802433100745688 25.873047811536686 54.91179702354154 88.06839937134468 53.210074037293644 19.76225498061733 18.564335362529476 51.89966720177947 86.24018463858518 64.03278026095657 40.59290085576488 39.87729589199348 62.66930932504046 93.05651191694575
36.230453113722504 58.91890673132676 0.0 19.215599287518366 68.4163285300051 54.9940082909353 22.433389480875245 43.9476920638224 73.62380660754312 67.12558717984501 82.23373979651258 14.194445716021587 56.035208937389804 11.345746477364873 95.52845609263393 84.34290947202403 68.67184811122306 99.52904328990698 72.36336469229676 78.91627518478244 56.81223225754329 14.796504457728693 15.574988643797179 9.595085414493688 54.78077562868383 23.68926804958486 19.037645187586026 20.36668422171891 62.671362822651425 65.44557769963399 71.76504618570044 13.722884981775406 47.57843849620105 35.182885349696996 68.70960360016807 85.86855122093917 8.689678178252787 81.68500543167097 40.88458677828317 86.26935222552076 43.39692792786616 19.370015819393846 35.523923000022265 67.4058464149746 101.0939888887609 40.159022486393425 10.350544355358814 31.565378958704475 65.42526444815222 99.7968436690712 54.293305232915586 37.81401318863414 48.029812711918275 74.69038050519168 106.04371591538279 76.735031067696 65.90462325958063 72.06485432610965 91.85878607088871 118.6486384767793 102.14737153404488 94.06129130873661 98.26315974501172 113.39511290683258 135.85262500751793
21.72897611458902 58.10771488886684 19.215599287518366 0.0 56.67961498552953 53.58847202690095 39.31223102788677 29.14784152116362 68.17612757185373 51.399541325349766 66.4351741588006 31.07124397459138 45.870162838018004 28.433931511696912 78.2096368324485 65.83141877675892 54.477561398322294 81.3371928247546 56.91919971199696 63.81124396578158 42.7584407536403 12.744668037265466 6.594820289229736 16.73326456086615 39.97574316922125 36.572955143957515 35.96114460742889 18.404872874826427 56.34794780244915 63.46480671051895 55.89293120184638 29.972258083917815 35.680919412540824 44.40557902336292 58.48079561305712 66.89698427740878 23.74883858058937 67.23443578480979 28.48762599127596 69.18867599318199 61.04523095914342 29.824516200298127 21.15020734349249 48.989884008394654 82.1433756300987 59.1028363835991 25.65676351086172 14.77315938884175 46.6162572717119 80.76358786543636 69.69263619434902 44.829288633883586 39.460014815397464 59.1552743994851 88.52359165227432 88.42056984409098 70.31081843674087 66.81163031714183 79.86704853147631 103.38503602607062 111.2491667901742 97.26222130218818 94.54196301634809 103.97647016247667 122.79540064195187
35.03880333625912 36.78415231714443 68.4163285300051 56.67961498552953 0.0 34.5079429482403 74.06746061999782 28.293625133863852 25.831248977668213 18.468925954473978 23.950907767699974 70.03826095939 12.979238967427284 69.30065241463566 41.71630769118873 44.76359214917181 10.773376196913098 51.44792024158713 17.548411725418152 18.641635466985758 15.725412690404191 53.66918707151023 55.05362689684528 59.19445534964833 19.436631208360946 64.66260911357001 72.42873506963866 48.45894707925119 19.728919210445707 34.713346642295605 19.736189425460587 68.49779868199307 21.16318224141844 59.24862818702767 6.103768234575254 52.401946329000666 65.25804413972082 17.79352233446773 28.309017334830422 33.750987198433116 110.53901724744857 85.30195907459328 68.76585641490603 67.64488669304326 82.56928777584321 96.20178722807232 65.87543852497079 42.651949069251145 41.153735459032596 62.951544455801134 88.74134227590012 54.52059306203257 21.559606450294176 18.76141029741131 51.32267263117545 89.88703583343597 56.34951401881633 25.801252726172162 23.473175058343767 53.208304289867314 99.34149332499334 70.3411667750164 49.21220603476363 47.86038795974443 67.48485964918765
39.625678830913756 4.626708210435764 54.9940082909353 53.58847202690095 34.5079429482403 0.0 50.08560779803458 39.156692459193195 21.40526275237211 48.68646244422049 58.2568255445696 49.60271942089487 25.405238333406327 50.23520649345006 76.00153791445372 76.05007822705333 43.29518319296147 85.1917040746495 50.34975493720985 52.999207233896065 38.097815427825 43.5544245098334 48.41861197008538 45.80137677018291 40.258960867382996 40.18649090729057 49.82804183215403 36.596037850172806 15.761564001780624 10.451933800776628 51.87258521590671 48.344615508825704 30.60962442069525 30.15142866069253 29.881440812571853 82.49594787372496 48.156258076494666 52.22857707608154 33.362924893747135 67.55125626035317 90.07382952323492 74.34362879395248 73.0438851352754 86.8250931780553 110.16595703407216 69.53520238910454 47.738026003676005 46.01642162829612 65.96150521015568 94.75835823956128 56.178479233681614 24.80344667762151 21.66218206816487 52.13577489219933 85.80138484869082 55.4618973700471 23.15050553274795 19.766664629142134 51.38431114949091 85.35118693722161 67.78753963058269 45.17884994551832 43.38119713733554 64.1681375545923 93.5307078886503
49.144820961483695 52.72908209978547 22.433389480875245 39.31223102788677 74.06746061999782 50.08560779803458 0.0 55.91238563043501 71.23811259345149 78.11310800544722 92.5510570072394 8.382661604569714 61.09592747108624 11.2086327280019 107.9740313082049 99.63205966292426 77.45132994942689 113.71860689051044 82.63775034700612 88.35293553452779 66.39449301228063 28.897757954077207 33.565779556850906 22.939354403482888 65.49515576108902 9.958751177122757 3.422411391895746 29.22509194553375 62.433241293343684 59.81282745411428 82.69721939505135 9.343777722319972 55.803769167161434 21.413733778892805 72.48287846032845 102.5503053753741 15.57100137854841 90.04576909840361 50.801561041980264 98.54363390260859 40.159391461178984 35.76422756231764 57.794597904350056 88.29599902301395 121.02472334940133 22.584515241554936 13.65564998609375 47.51575642205423 81.99921538732461 116.55406223658724 31.94136665401317 26.30567075294959 52.5220870892946 84.97055289257872 118.64343215393829 56.06531387228607 52.87329884609876 69.5891833606112 96.35624291311953 126.96928388865594 82.94061176121306 80.604894115773 92.24902273206953 113.65449747222647 140.4262680267149
7.755395017968089 43.55260640998079 43.9476920638224 29.14784152116362 28.293625133863852 39.156692459193195 55.91238563043501 0.0 45.58942684236715 23.188490367369166 38.28619381263483 49.67596880373214 20.00917221297787 48.083302405677486 52.315293568541634 44.25816395322428 25.356891807298894 57.82887324225702 28.430340668714052 35.09128105028837 13.617103542773762 29.539416920638576 28.938128643644507 35.93600183233972 10.953915051889178 48.368848669349255 53.36886952864129 26.792173017361332 34.06203332130026 46.2133774833308 27.83710910574887 48.14787426802256 9.61498122165515 48.60150668560527 31.25267811876197 48.405433486713314 43.3144585495964 38.21951591756884 6.492821186920832 42.9114826301691 87.31695314506699 58.70444754268917 40.77986186737062 47.69282152459035 72.67073987697904 78.3986826968814 44.51845065238163 14.56993595108177 28.94002771329118 62.10973321270552 79.10416568802758 45.73824696175754 17.92637403248792 30.750154174241253 62.96537558424503 89.20532884063047 61.453154557335864 44.61172955363186 50.97783165636696 74.84710364922051 106.05008821253973 83.87672332973601 72.24085805480526 76.13758453997087 93.64761255481808
49.45716796990889 20.12043525830327 73.62380660754312 68.17612757185373 25.831248977668213 21.40526275237211 71.23811259345149 45.58942684236715 0.0 44.115737225228905 48.245152214226025 70.08622019835413 25.82582515647707 70.40003949273888 65.45265345071309 70.52758377779426 36.60010095427073 75.94007300274701 43.29954781907547 43.07263383429908 37.75468258499112 60.49528862374017 64.23299827561443 64.0823465245302 41.19506935417331 61.290119094539584 70.75871622422676 53.76057088952597 11.91715863734034 14.028955248195128 45.553399517229636 68.73563884728239 36.00598544859795 51.55468202168826 19.728629019190127 78.23171716861148 67.72592402516592 40.470910157142335 41.960510752476125 58.531951830964374 110.987003578171 92.62607735893388 85.06337427609029 91.03118846932387 108.31569183705746 90.93945132487877 67.59172283502004 57.114695935472476 65.95700338918886 88.50623937304488 76.24795565967904 46.205714451878734 29.17229958295975 44.29351857032888 73.94353400380658 70.35308203577758 35.75906733111782 1.6492509483962026 33.49005149042639 68.08304823385244 75.34885153357519 44.720449828299735 26.781116071112496 42.77122938510849 73.05045029285444
30.8967216560868 51.939966259665844 67.12558717984501 51.399541325349766 18.468925954473978 48.68646244422049 78.11310800544722 23.188490367369166 44.115737225228905 0.0 15.130827732221968 72.40423969973578 23.296529060242843 70.98079876496226 30.0346501103278 27.457018082193468 7.983016158758404 37.40400884836391 5.616626337925046 12.642596327105583 12.09221216733802 52.707447579845656 51.973966892218236 59.060104288626874 12.655635735738427 69.81562483354749 75.80314536264429 49.48054804560361 36.245514771857174 51.37496523030951 4.6566896796256625 70.85741823736377 22.79591712902539 67.60030477856424 24.479146654243536 34.486965819498344 66.305869464874 16.825668328663046 27.361392923484562 20.66507510362633 110.50404588444421 81.21950595980233 58.110902019589176 50.51683396585617 64.20147108881892 100.69688800622154 67.41192605679356 36.6567423722459 23.192891463278936 46.118847925899374 98.22764985986413 63.70000818843881 29.352423477811417 7.764815480756414 40.66784761331288 103.62237273255687 71.67011879217297 43.93687223443709 33.45331932087629 51.9868581794765 115.78676806808318 88.2102625139144 67.45596388747623 60.94543145803132 72.61656882710939
46.013198500654056 60.71232674019928 82.23373979651258 66.4351741588006 23.950907767699974 58.2568255445696 92.5510570072394 38.28619381263483 48.245152214226025 15.130827732221968 0.0 87.14543618902937 34.1653749409971 85.82304219849517 17.772149410213093 24.68157791246221 15.661041178591002 27.734159191174232 9.96704182037082 5.314756639003412 26.1729776393846 67.75852396501811 67.10479335745289 74.06757486904561 27.552298039771177 83.92875173663916 90.37363820960611 64.28575268310337 43.67063510719349 58.53710020960115 10.548997806338532 85.59232308192 36.769372808736854 80.62100111774694 29.496015343934225 33.16028932434433 81.21382239265154 8.440317693563209 42.10323104846746 10.368428865215899 125.59714671959439 96.25918042034313 71.77607113199821 58.58811298074014 64.09459885837347 115.11793541046934 82.25887928393102 51.7275898759426 31.301757999850654 40.971852775725125 110.92415143667895 76.33655269170136 41.775895457385495 7.618127407337089 27.671294668652887 113.71359902805776 80.30019946234783 48.582957532731214 25.83268842388076 37.00262314524836 123.01198641319947 92.8926572099909 67.23795812413023 52.98717345755587 59.0689290524476
42.534464671037334 52.829267569426385 14.194445716021587 31.07124397459138 70.03826095939 49.60271942089487 8.382661604569714 49.67596880373214 70.08622019835413 72.40423969973578 87.14543618902937 0.0 57.09893164328837 2.8562500146706298 101.97926072745854 92.77364763946916 72.42618981851575 107.21916024743173 77.1824315557862 83.2005387529501 61.00444397532171 21.34853192661364 25.535087236316024 15.05719992280871 59.74952796721416 11.394638865810608 4.9632164101368454 22.936036498384645 60.3490512070823 59.80055116837081 77.03893360601029 1.557051743905992 50.68200164992507 24.092778886302572 69.08192004993391 95.31713255228277 7.361756300863992 85.25087173096072 45.0667472853138 92.56347490743322 41.16849929514869 29.520265685114577 49.42554693134503 80.05723667468492 113.0056434389202 29.096935023050428 5.568948191534866 40.12790979877425 74.72843843083434 109.33107646244592 40.103222646942385 28.02968789873812 48.558190676001125 79.52969194281013 112.6360753022477 63.08496245433247 55.9942286550056 68.45281631283159 92.90326012792916 122.35618776347162 89.22347601690252 84.14243693387498 92.70267685644245 111.81385638642469 137.13353433345773
25.04693416779989 28.82002976337337 56.035208937389804 45.870162838018004 12.979238967427284 25.405238333406327 61.09592747108624 20.00917221297787 25.82582515647707 23.296529060242843 34.1653749409971 57.09893164328837 0.0 56.41858965801556 51.58869237091701 50.64815441000631 18.588286226785332 60.19506483820181 25.389451430302106 29.17021272889851 13.15913856302885 41.42193125044008 43.428782591068774 46.6631633991488 16.040971691979657 51.73351205225069 59.4502444381454 35.84650789265004 14.938814877388939 29.16517458935837 26.67526606983778 55.562464792336094 10.721051120882146 46.84673263857791 12.776960866770928 57.21809208362843 52.469321929821724 29.696776134875766 17.603959453695463 42.737428694641 97.73538777531084 73.51650834274471 60.431215704711505 65.5283947821922 85.62005064239837 83.27601051847873 53.02272389717262 32.90530125373888 41.820362642945625 69.3538815951074 76.85603213688815 42.34157786860097 8.580375448384634 27.373172178785595 61.804630516517605 80.4246980605087 48.46581613477882 24.991636224635364 35.98710464925537 66.0333612130449 92.83700219660734 66.93097711792875 52.303004307591024 58.19153428699268 80.1979233325073
40.7958151386849 53.63486911869504 11.345746477364873 28.433931511696912 69.30065241463566 50.23520649345006 11.2086327280019 48.083302405677486 70.40003949273888 70.98079876496226 85.82304219849517 2.8562500146706298 56.41858965801556 0.0 100.3946150753538 90.82103947032311 71.286505031819 105.414563561497 75.85603532545385 81.98780165214643 59.74389949795316 19.246703230308224 23.074275810855305 12.803518765416891 58.34111596363141 13.46017845288062 7.786506663730567 21.53964864561015 60.37141338728378 60.53585779278473 75.62804173060172 2.6289939599084415 49.573453796112126 25.951822908590227 68.58782564419118 93.18954054559772 4.9791461865507 84.1784486064401 43.72073360128168 90.99469099902782 41.42056855573857 27.305120825918554 46.58664735763328 77.3944556502404 110.47319938741697 31.241776441655446 3.5692816600509816 38.0037542672722 72.59948550606403 107.20046475450611 42.95772981287198 29.56489146337426 47.933667697672504 78.20503580695267 111.03718380096811 65.75384294527943 57.702248865141385 68.77732394130511 92.33569274375034 121.3104658282831 91.70884038140706 85.90110386351905 93.49971811948392 111.80386546318385 136.57496392773115
59.68676603117569 78.48443437025496 95.52845609263393 78.2096368324485 41.71630769118873 76.00153791445372 107.9740313082049 52.315293568541634 65.45265345071309 30.0346501103278 17.772149410213093 101.97926072745854 51.58869237091701 100.3946150753538 0.0 18.41801087281283 33.00576900386124 11.17484778791763 26.347395529481428 23.074951433360205 42.08135276348607 81.62899444603488 80.01763438681395 88.10996097455669 42.51727086369634 99.82188887002624 105.56470301822002 79.06012786554983 61.42368409953905 76.21808545398676 25.636889157454004 100.44618719732674 52.81570785995326 97.45700698936342 47.17101585066928 25.526688282962567 95.60107222602167 24.982923369090205 57.17628705575653 9.430436152877022 138.81864508416356 107.63673253877022 79.34428484654114 58.310927487321194 53.84804892529121 130.54022952898845 96.83139265200792 64.08375315218845 35.099543751588236 27.423899499949965 127.97677172335192 93.37943380654534 58.78977413395089 24.240683876613126 10.669503000985614 131.46315843859225 98.06071691185285 65.90966180931548 38.30274119698928 31.38397030191654 140.54971836004205 109.83999080149694 82.28131026236444 62.21249594811546 58.01177020154062
50.50659382064171 79.38419446710652 84.34290947202403 65.83141877675892 44.76359214917181 76.05007822705333 99.63205966292426 44.25816395322428 70.52758377779426 27.457018082193468 24.68157791246221 92.77364763946916 50.64815441000631 90.82103947032311 18.41801087281283 0.0 34.10096704905489 16.033209135055547 27.231098655592405 28.757896590974592 38.32056909766132 71.59076586139533 68.82916404190652 78.0951570997719 37.09592527925303 92.54589873139163 96.86703186926374 70.43038589230852 63.57516503940474 78.7440780817267 25.056380820285067 91.30645884376813 48.04031403250594 92.48610699714415 50.852785088953084 8.511630797388861 85.8693426854217 33.02020482341996 50.25867728754934 15.699042172682574 126.86162714128974 94.16213781635207 63.513567777849154 39.95331930275197 39.41308783965773 121.83875261886512 87.34305334727188 52.98857807320958 19.53517223809915 18.71655984710136 123.14812864250497 89.14391734303531 55.880778586207484 26.33499263186068 25.675849820353438 130.5993639551773 99.09579700455838 70.55899039579677 50.31874693078175 49.801530960848545 143.23676167566842 115.10307559243297 91.51727322528819 76.79094844995231 76.24325156536088
33.00439892998249 46.13145414349923 68.67184811122306 54.477561398322294 10.773376196913098 43.29518319296147 77.45132994942689 25.356891807298894 36.60010095427073 7.983016158758404 15.661041178591002 72.42618981851575 18.588286226785332 71.286505031819 33.00576900386124 34.10096704905489 0.0 41.89664587648428 7.11559257668326 10.954841642718117 11.887989393931258 53.94331095989462 54.11306573048377 60.025144294819235 14.529148965064705 68.60806994044636 75.4157882290478 49.805574061231724 29.664573548737668 44.83574844753285 9.047253564645615 70.8691460231578 21.745469055655047 64.97463080567458 16.871987579830243 41.643909133361674 66.84114604715559 13.01361763402958 27.84104654943339 24.277621229123937 111.75828137862867 84.05160790836507 63.515517756753624 58.29715319330219 71.81701759330208 99.95998263472869 67.74745709977796 39.77781426371814 31.139489738865564 52.45853490507554 95.2647740912846 60.67555016366365 26.12512033480037 8.853008370050244 43.23290323053643 98.69196080929265 65.87972611756756 36.53785811730906 26.920873243416303 50.09284713973956 109.48122161668408 81.02794501673462 59.49551567424492 53.93239678965133 68.3556068540005
64.6905487437688 87.96064723236461 99.52904328990698 81.3371928247546 51.44792024158713 85.1917040746495 113.71860689051044 57.82887324225702 75.94007300274701 37.40400884836391 27.734159191174232 107.21916024743173 60.19506483820181 105.414563561497 11.17484778791763 16.033209135055547 41.89664587648428 0.0 34.86240220308009 32.99738421231957 49.39550840335003 86.29636724033237 83.9593623771089 92.82092918167132 49.11529450005089 106.10217239436112 111.10479788710461 84.52235293039503 71.1495036326071 86.1514122072919 33.54946188673835 105.71883684332336 59.90721173459912 104.82972101640708 57.16409549700684 19.758392045262486 100.51073792900443 35.57739245700702 63.33363976138654 17.70949646549626 142.37157181835812 110.002062370608 79.5365262358684 54.2814913562722 44.2912815533927 136.14201325549791 101.88917732673693 67.99272057385856 35.488935708467004 17.051920025501328 135.51288493672058 101.05479460562691 66.74768305937168 33.06489115403918 11.23267610868116 140.55944265821938 107.66830852829037 76.30726137821364 49.47683655125942 38.31373527245399 150.71235011413486 120.50935352993443 93.41073691378314 72.961612711666 65.69625382909551
36.17846638266036 53.23610941055936 72.36336469229676 56.91919971199696 17.548411725418152 50.34975493720985 82.63775034700612 28.430340668714052 43.29954781907547 5.616626337925046 9.96704182037082 77.1824315557862 25.389451430302106 75.85603532545385 26.347395529481428 27.231098655592405 7.11559257668326 34.86240220308009 0.0 7.027536129400166 16.24325733774082 57.838351918102795 57.32765166558367 64.12570494574676 17.61466699902501 74.09664545137503 80.43345884464641 54.3187300203048 36.761854720336785 51.92434438102308 2.5825124779020294 75.6297243666242 26.90889915117836 71.17482330314078 23.626315984556754 35.01488283050408 71.25034474655669 11.376833287796472 32.13622184517543 17.34988003022601 115.70025307161829 86.72712731991378 63.650896368764954 54.553410058259296 65.54012843362517 105.21303525223644 72.29196615746511 42.15820475973718 26.894987645002125 45.43354230787593 101.6442681519345 67.04244757176504 32.4449796558711 2.3490494916583082 36.786053911041506 105.69727649594954 72.98849831244459 43.33088774245203 28.681860105970692 46.50344810701088 116.57961078197296 87.8861412553604 65.20685573046232 56.34435447051924 67.02410435625283
42.845126704441284 55.41350371876163 78.91627518478244 63.81124396578158 18.641635466985758 52.999207233896065 88.35293553452779 35.09128105028837 43.07263383429908 12.642596327105583 5.314756639003412 83.2005387529501 29.17021272889851 81.98780165214643 23.074951433360205 28.757896590974592 10.954841642718117 32.99738421231957 7.027536129400166 0.0 22.26233583256214 64.29184970915784 64.02924801419486 70.49456166210996 24.16052655392917 79.55437168254613 86.2751626151221 60.462240292653235 38.357271654164045 53.22683875134182 8.813268015839544 81.64413926396723 32.5745582429122 75.83691917586167 24.1913961488459 37.09601187078715 77.46939479273232 4.959911494006229 38.33939035621695 15.459771143276452 122.17286674020163 93.5941875424733 70.6280258173789 60.0961532673151 68.04087567559921 110.87972649350921 78.43580979410552 49.03950024843783 32.44075720008336 45.76862121176713 106.01459927448367 71.46090045240419 37.00107176812783 5.133450585203415 32.84020862046649 108.44636652206326 74.98922713753699 43.37047357275936 23.096661792181955 39.75874257159251 117.72358005105555 87.76285213876494 62.774190914519416 50.731487167588384 60.01310233606347
21.163034958969718 41.774253360373784 56.81223225754329 42.7584407536403 15.725412690404191 38.097815427825 66.39449301228063 13.617103542773762 37.75468258499112 12.09221216733802 26.1729776393846 61.00444397532171 13.15913856302885 59.74389949795316 42.08135276348607 38.32056909766132 11.887989393931258 49.39550840335003 16.24325733774082 22.26233583256214 0.0 42.11179498733139 42.231032791032604 48.25759691077629 3.7402810881415416 57.89794875664458 64.20068379957816 38.20977741329842 27.812343571558486 42.31977233341984 16.466119670398996 59.44961578021687 10.74240560859149 55.513900464089325 20.067727813696106 44.426494337093914 55.208184347107306 24.885497494931524 16.079763079943216 32.74363590042242 99.96913096828739 72.22254339650213 53.22751983502596 53.338976622289394 72.46881020569431 88.97024069949802 56.1877986101772 28.16519297652793 28.71118037632384 57.01078899861853 86.1561896774519 51.6602609979532 17.59346424185292 18.577709027435873 52.68383464035814 92.27898580955939 61.24757440889245 37.17462031132383 37.5162937335077 61.86941951877857 105.79795747272719 80.02783875007678 63.32837880798816 63.334773777464605 80.04301965812779
21.959990986525305 47.869482449313004 14.796504457728693 12.744668037265466 53.66918707151023 43.5544245098334 28.897757954077207 29.539416920638576 60.49528862374017 52.707447579845656 67.75852396501811 21.34853192661364 41.42193125044008 19.246703230308224 81.62899444603488 71.59076586139533 53.94331095989462 86.29636724033237 57.838351918102795 64.29184970915784 42.11179498733139 0.0 6.162754301436598 6.524564187133892 40.22468618463813 24.478571588843558 25.801025307979998 6.959410264514861 49.11143420122373 53.83611769716725 57.36179638853843 19.956540976642806 32.78254574019502 31.66188195202446 54.1573223087537 73.97588620018163 14.281932065752212 66.95588604142546 26.119773350958756 72.2801681306372 57.88206349426917 32.41096027714063 33.84444067291026 60.29312340115743 92.30338044035697 50.42628997131245 15.8227741253698 18.782014201181397 53.38560058258781 87.98940309692603 57.75774267905922 32.190462486663584 33.63530788365903 60.177080548458854 92.22834236529113 75.69495613910367 58.378270397384426 59.00094155149536 77.12971109095896 103.97916204760406 98.61025705396997 85.82315644970247 86.03464800632065 99.16159649755689 121.07352669667561
21.186482201418233 52.84951676387483 15.574988643797179 6.594820289229736 55.05362689684528 48.41861197008538 33.565779556850906 28.938128643644507 64.23299827561443 51.973966892218236 67.10479335745289 25.535087236316024 43.428782591068774 23.074275810855305 80.01763438681395 68.82916404190652 54.11306573048377 83.9593623771089 57.32765166558367 64.02924801419486 42.231032791032604 6.162754301436598 0.0 10.650851137957229 39.88233442744319 30.16597955046335 30.296264040521077 12.286102736034099 52.581280491993674 58.526184147167115 56.58260986881828 24.30593751411046 33.894642851930016 37.81499133050059 56.19565746670681 70.59539574354889 18.180380496384508 67.07427035996007 26.81753755706845 70.79462709868027 58.810956589267676 30.25126690530579 27.683813728270035 54.88617124974855 87.48390654793634 54.20822269996088 19.99293478596449 15.992417495230164 50.06646918094966 84.57185819207967 63.38351509707104 38.32428953838788 36.26107249838648 59.630634881965186 90.50741892921832 81.82592973712102 64.20419871071931 62.798539823122766 78.48512720869894 103.78321105859428 104.74930527029443 91.43221219671477 90.23292149972964 101.58153887650353 122.02596518061702
28.42451140181668 49.85872513560636 9.595085414493688 16.73326456086615 59.19445534964833 45.80137677018291 22.939354403482888 35.93600183233972 64.0823465245302 59.060104288626874 74.06757486904561 15.05719992280871 46.6631633991488 12.803518765416891 88.10996097455669 78.0951570997719 60.025144294819235 92.82092918167132 64.12570494574676 70.49456166210996 48.25759691077629 6.524564187133892 10.650851137957229 0.0 46.51576674611409 19.97860430042891 19.708438692212162 10.84670915603723 53.081203860561004 56.23593633964453 63.716705245734325 13.748971076076975 38.60572648199748 29.211905557767185 59.27658109111417 80.38732252243281 7.824372578866194 73.02221938019453 32.19146432092527 78.74920311008218 51.73519558845138 28.641836942136926 36.86487824499235 65.51735446653457 98.08602493643814 44.03916139771472 9.488760591825006 25.208724862602853 59.79780457092137 94.39771948770564 52.96970318852013 30.796551059555377 38.54741508566654 66.46966536442895 98.71862624800934 72.63268016089732 58.27073593870328 62.53191709564774 82.58203311545881 110.10964207759312 96.68742028512878 86.20353789448394 88.92892130546977 103.8285439453032 126.67711088113572
18.696184705683372 44.129730191629285 54.78077562868383 39.97574316922125 19.436631208360946 40.258960867382996 65.49515576108902 10.953915051889178 41.19506935417331 12.655635735738427 27.552298039771177 59.74952796721416 16.040971691979657 58.34111596363141 42.51727086369634 37.09592527925303 14.529148965064705 49.11529450005089 17.61466699902501 24.16052655392917 3.7402810881415416 40.22468618463813 39.88233442744319 46.51576674611409 0.0 57.32255373209908 63.158388472164624 36.82962659549825 30.92252933679819 45.11514519991441 17.29125559141263 58.202337708391724 10.957923445629001 55.769126505188616 23.79119540363274 42.67835975891779 53.68907689767426 27.28571300959737 14.71145206195147 33.09461377518234 98.09348008927812 69.62767582723448 49.68407441049373 49.83786576293965 69.95663001051393 88.07530374319892 54.77298685725667 25.253682785366816 25.889463966938134 55.656335129770696 86.47256904736858 52.18138429301735 19.056268187236515 19.955918148613915 53.18071833405314 93.71811485805215 63.375701085636905 40.55492146589532 40.83811398923515 63.91892666001534 108.04593452685724 82.95030850655283 66.95039638099723 66.92331172653427 82.88471458573001
42.197772056743915 42.950976839067984 23.68926804958486 36.572955143957515 64.66260911357001 40.18649090729057 9.958751177122757 48.368848669349255 61.290119094539584 69.81562483354749 83.92875173663916 11.394638865810608 51.73351205225069 13.46017845288062 99.82188887002624 92.54589873139163 68.60806994044636 106.10217239436112 74.09664545137503 79.55437168254613 57.89794875664458 24.478571588843558 30.16597955046335 19.97860430042891 57.32255373209908 0.0 9.841134850708205 22.62123881077564 52.509931935257455 50.0218352273132 74.32930420514153 10.85319753860409 47.188110003687456 12.737990682164819 62.83203587740299 96.05172083899494 15.065961196822187 81.00152743058065 42.794267999621255 90.40886951498794 49.92195341404062 40.761352786718525 56.7943361656067 84.7615930162015 116.35411883645105 31.542534337993523 13.33988949256574 41.902569627181265 75.6871821478308 109.98238609847877 33.27917688843527 17.014468891735316 43.20104168349326 76.40691831834096 110.474221629159 53.196912027033626 44.67773506231457 59.64146437091023 86.67712636353835 117.74361934216263 78.49877013205165 72.78515474950339 82.63202327936426 103.69751428398247 130.66387542164313
46.444657493389535 52.718531242924485 19.037645187586026 35.96114460742889 72.42873506963866 49.82804183215403 3.422411391895746 53.36886952864129 70.75871622422676 75.80314536264429 90.37363820960611 4.9632164101368454 59.4502444381454 7.786506663730567 105.56470301822002 96.86703186926374 75.4157882290478 111.10479788710461 80.43345884464641 86.2751626151221 64.20068379957816 25.801025307979998 30.296264040521077 19.708438692212162 63.158388472164624 9.841134850708205 0.0 26.589714912083036 61.559158084461075 59.775353833555386 80.41112389436874 5.999216816446823 53.70060571667816 22.27062813485078 71.09500755739083 99.63198377173981 12.212534638669124 88.11375259734166 48.447131685622075 96.13634403932865 40.25546443777305 33.030945962562384 54.37296346012369 84.95074872832238 117.77807543239072 25.0384083531447 10.323563055655864 44.509372247019094 79.05976653035069 113.6427003911162 35.28492949846319 26.814382016551807 50.870797537997404 82.77383117357839 116.23260445079043 58.94726720043399 54.11389665634857 69.11328291985296 94.97250393276386 125.13075437675722 85.53395334017858 82.06313423257888 92.45205433535017 112.93861263499676 139.13159818646741
19.926470834630095 40.92119821883201 20.36668422171891 18.404872874826427 48.45894707925119 36.596037850172806 29.22509194553375 26.792173017361332 53.76057088952597 49.48054804560361 64.28575268310337 22.936036498384645 35.84650789265004 21.53964864561015 79.06012786554983 70.43038589230852 49.805574061231724 84.52235293039503 54.3187300203048 60.462240292653235 38.20977741329842 6.959410264514861 12.286102736034099 10.84670915603723 36.82962659549825 22.62123881077564 26.589714912083036 0.0 42.52354038526764 46.878836022867034 54.12086464425482 21.395457638890583 28.160499125062156 27.160868091723714 48.43453124790202 73.58443253556526 17.03888147670473 62.74231271555651 22.18253306302539 69.6397291105532 62.185844640077896 38.908970730422055 39.440675189610324 63.18271790548774 93.93282147499937 51.62753024568965 17.979467877033894 19.390051312902504 53.136996091199805 87.5554684537494 55.35416888791676 26.80081620792448 27.700707390522613 56.66763039726484 89.72155361961984 71.15548419086936 51.951447027139714 52.24566671500214 71.79884022229639 99.87664465426343 93.07171741874478 79.15273338546862 79.13724110076907 93.03218670561303 115.9396813096619
37.58919476493387 17.2549575728342 62.671362822651425 56.34794780244915 19.728919210445707 15.761564001780624 62.433241293343684 34.06203332130026 11.91715863734034 36.245514771857174 43.67063510719349 60.3490512070823 14.938814877388939 60.37141338728378 61.42368409953905 63.57516503940474 29.664573548737668 71.1495036326071 36.761854720336785 38.357271654164045 27.812343571558486 49.11143420122373 52.581280491993674 53.081203860561004 30.92252933679819 52.509931935257455 61.559158084461075 42.52354038526764 0.0 15.1796345212377 38.64949207719805 58.92406105606884 24.447203079092258 44.29467327853026 14.444094195319034 70.72535991149655 57.307086229073505 37.039132363643496 30.122637424949463 53.44210721274904 101.49985762869277 81.428047007136 73.16817429517782 80.44492383518796 99.9196625380404 83.25203545978263 57.36001856473706 45.21345232821807 56.50800858071126 82.07842600986599 71.77643970736563 39.082828003534104 17.26053745427268 38.252234215869045 70.87587214682259 70.46410743749996 36.6403471610429 10.70942609512763 35.8011276164125 69.59599007137481 79.81798979995185 52.300335743729924 38.659588350563695 51.46481762961123 78.72430479346934
47.939389340588654 7.087346842563968 65.44557769963399 63.46480671051895 34.713346642295605 10.451933800776628 59.81282745411428 46.2133774833308 14.028955248195128 51.37496523030951 58.53710020960115 59.80055116837081 29.16517458935837 60.53585779278473 76.21808545398676 78.7440780817267 44.83574844753285 86.1514122072919 51.92434438102308 53.22683875134182 42.31977233341984 53.83611769716725 58.526184147167115 56.23593633964453 45.11514519991441 50.0218352273132 59.775353833555386 46.878836022867034 15.1796345212377 0.0 53.82860999024765 58.58100125483739 36.92934820877918 39.1661863806018 29.049389904489836 85.82844754460578 58.56933939922531 51.50086544411754 41.064027226296496 68.46245190967937 99.9370983249509 84.79313726958608 82.38356728134346 93.69606028042418 114.74133861721026 78.35303202024872 58.11179947356688 54.859483260782845 70.97142117586785 97.25800942429915 62.35958043747722 33.86978896126839 28.292217678218126 53.37207324991521 85.3905642887501 56.88682642363782 22.372928119539655 12.642748550115737 47.05299730444021 81.62710521591612 64.66387030563274 37.91008031560648 32.98133156029912 55.97497877472725 87.02565277656088
35.53460558175715 54.89661538491997 71.76504618570044 55.89293120184638 19.736189425460587 51.87258521590671 82.69721939505135 27.83710910574887 45.553399517229636 4.6566896796256625 10.548997806338532 77.03893360601029 26.67526606983778 75.62804173060172 25.636889157454004 25.056380820285067 9.047253564645615 33.54946188673835 2.5825124779020294 8.813268015839544 16.466119670398996 57.36179638853843 56.58260986881828 63.716705245734325 17.29125559141263 74.32930420514153 80.41112389436874 54.12086464425482 38.64949207719805 53.82860999024765 0.0 75.4910386782232 27.208488757776117 71.841966405945 25.83739685960697 32.68744921373702 70.9589414020517 13.502919183200937 31.982770869639126 16.371765360273216 115.14841207924555 85.71744046418145 61.89186992177356 52.04352691994712 63.09718690939998 105.28172525923904 72.05942197014552 41.17914146353484 24.3664906166291 43.43469597783762 102.4088229624128 67.83340875329299 33.31711057564936 3.680022093817687 36.220290716620156 107.09419708070885 74.65886912718953 45.53637932421864 31.112896953554564 47.5110332892045 118.44401837515828 90.05681850140265 67.72194672845832 58.79693887872463 68.72178997814214
41.030021668544066 51.63338229444912 13.722884981775406 29.972258083917815 68.49779868199307 48.344615508825704 9.343777722319972 48.14787426802256 68.73563884728239 70.85741823736377 85.59232308192 1.557051743905992 55.562464792336094 2.6289939599084415 100.44618719732674 91.30645884376813 70.8691460231578 105.71883684332336 75.6297243666242 81.64413926396723 59.44961578021687 19.956540976642806 24.30593751411046 13.748971076076975 58.202337708391724 10.85319753860409 5.999216816446823 21.395457638890583 58.92406105606884 58.58100125483739 75.4910386782232 0.0 49.124950339830725 23.413375309119324 67.56723044374762 93.9007852796866 6.227228160434236 83.69431398102495 43.516730619041844 91.02897603758724 42.62304210751119 29.9086611424918 48.653565524752665 78.9597872277576 111.78981927269619 30.54156343338968 4.324377529552575 38.7229617015456 73.31500298519322 107.91462338513503 40.71964136860093 27.154166024977002 47.026040663941195 77.97684590328825 111.1043145942898 63.18693462475283 55.230720021199055 67.10492418927832 91.38109189314706 120.80037974775043 89.08508689100846 83.41354333455878 91.51067417059701 110.38707139454156 135.6138832797498
14.408811141026183 34.811661559141825 47.57843849620105 35.680919412540824 21.16318224141844 30.60962442069525 55.803769167161434 9.61498122165515 36.00598544859795 22.79591712902539 36.769372808736854 50.68200164992507 10.721051120882146 49.573453796112126 52.81570785995326 48.04031403250594 21.745469055655047 59.90721173459912 26.90889915117836 32.5745582429122 10.74240560859149 32.78254574019502 33.894642851930016 38.60572648199748 10.957923445629001 47.188110003687456 53.70060571667816 28.160499125062156 24.447203079092258 36.92934820877918 27.208488757776117 49.124950339830725 0.0 44.92253571010136 22.883429589903642 53.42907840835 45.193633870596685 34.60552048631316 7.1953812248774485 43.460859495916246 90.29309435969621 64.14545044305436 49.7115818025324 56.768393918849306 79.80517753025723 78.35757392700219 46.045592302529826 22.25599185763356 35.57115687039854 66.55922665579114 75.61012058716217 41.24395036773387 8.949308694096414 29.222771732283285 63.42479189382083 82.96872849070864 53.453376582054375 35.007829346926876 44.59443743811668 71.73988202083402 98.18656417458703 74.75781116198732 62.702768938673785 68.33243808174191 88.32771317106948
43.961317343200065 32.111920821404766 35.182885349696996 44.40557902336292 59.24862818702767 30.15142866069253 21.413733778892805 48.60150668560527 51.55468202168826 67.60030477856424 80.62100111774694 24.092778886302572 46.84673263857791 25.951822908590227 97.45700698936342 92.48610699714415 64.97463080567458 104.82972101640708 71.17482330314078 75.83691917586167 55.513900464089325 31.66188195202446 37.81499133050059 29.211905557767185 55.769126505188616 12.737990682164819 22.27062813485078 27.160868091723714 44.29467327853026 39.1661863806018 71.841966405945 23.413375309119324 44.92253571010136 0.0 56.37336044526375 97.00261362837603 26.541962151871097 76.53726733417629 42.32187024679606 88.2042343917508 61.390245608559745 53.185141631860986 65.44734815528305 90.18231825340644 119.90473186367895 39.384999800741014 25.128042194882834 45.896635106251544 77.30734788953829 110.63992622466664 30.705010475449285 5.349671006979455 38.84963930384907 73.38136105825986 107.95928866959471 44.0869059364443 31.942059270483185 49.91762898813128 79.73756250874015 112.33531378334283 67.48106429910382 60.05322945557389 71.09057913519584 94.31932070966559 123.01699808332862
