0.0 53.822971193989176 3.450409218134972 30.34113467921266 58.95155941934953 10.037603338128147 54.2770029354673 14.029732856539685 32.063858574802474 42.52692138320522 18.569053164526853 59.847655479015955 37.50579047755063 29.93389854497758 47.37754937631192 57.430428622689924 37.513385810689165 7.080410953928412 73.1363806617425 25.008055107325827 14.772249114995116 54.35042392319036 21.52058651816254 48.04865806172298 85.58276837338374 10.962897898186409 29.93389854497758 21.37601236962778 33.4372699839915 33.454843448292564 31.28676554381677 62.3215759863799 18.109508629102745 28.230106459106246 42.342671961115045 52.302716819113115 51.3509429147977 9.910721972407597 78.03132170958357 28.720828826698888 82.6651114599319 65.26062961625854 63.86828120930882 79.33563734526997 104.42177838601859 63.97346985991997 39.28353695011693 37.26418221002385 60.24013485513514 90.90632535503816 54.32088884558056 20.293662732779833 16.363380919950778 50.18507177471917 84.64145750637313 58.37849065094502 29.409589603347065 26.770218373688074 54.43537511682471 87.20447452641932 73.92189369453311 53.87433505687472 52.299584770123666 70.44752753211556 97.90437519088597
53.822971193989176 0.0 51.852968497123115 25.727638819310936 5.130958627800661 63.831544751724934 71.01101243025057 41.883382010969655 22.63742469021432 11.520552133453478 41.39288970661672 9.950750642973233 53.46188135915106 26.241336001917198 7.352590953224347 23.19810080261614 23.396992113587615 59.86180081582276 19.363832338189034 49.4257670042341 41.29814654529613 5.756280638236826 32.86787807466798 95.3529321305941 33.090403841323415 63.90856453853038 26.241336001917198 32.84422220931761 22.545151082557574 22.876802657363232 38.42337007795206 10.777762542698714 45.08921520231075 25.795229255025937 12.04386690333663 21.746164725159996 7.574657735237369 63.294252917060994 24.310352672566374 43.884697564692374 118.12018591868193 88.01793429516937 62.74344761661556 50.21084252439551 59.16352104844356 109.02261464312166 75.4964237981186 43.68448261689444 22.62305349847366 38.86020574711943 106.75150855165198 72.20921027311347 37.77974848518268 5.9416008015253245 32.220330875350534 111.72407371127534 79.31308097505064 49.93690116315739 33.04022547610353 45.655799404320305 123.06510638689488 94.49249908766645 71.46626192817558 60.66962207891308 68.18329511311319
3.450409218134972 51.852968497123115 0.0 27.732954743108042 56.96689252642256 12.204292484356138 51.2701233439016 13.923849477188039 30.61179525057994 40.71759564836057 19.10983258254321 57.48910432771236 34.19085403799259 28.88985796768456 45.21991933176486 56.78055776797182 36.78230185967299 10.386102240670931 71.2102286301025 21.65535069062727 11.771668052795112 52.69585116035619 19.162140127108184 47.87470856740784 83.99166449189067 12.10859167027586 28.88985796768456 20.005179208886947 32.22831012831618 32.30721223785022 31.963520067788888 60.026085540663786 14.660283795100048 26.092765126082096 40.62150920592317 51.65121561654701 49.79537594235426 12.888764318825533 76.1366596263831 25.27082641978784 81.248399389291 62.704343833492175 60.4743999812109 76.00827162883667 101.45022248820271 63.564537558358815 37.342911468092694 33.81377300338951 57.333106129769476 88.46261627266387 55.480334793234015 20.998699525442518 14.095299552004455 48.48983204623923 83.05843972163113 60.9443079486605 32.729900168800555 28.690172297248075 54.49630754032891 86.66839684711269 77.12870733961442 57.318059102624794 54.92432002411646 71.71332225246812 98.30421594849112
30.34113467921266 25.727638819310936 27.732954743108042 0.0 30.611440244468078 39.935076722388935 50.88375408683112 22.1193835862933 12.85566048672789 16.43422988107393 24.90591613008702 29.95476138939627 31.49447908940762 15.856964351739233 18.504450248101804 38.7339706728314 22.295630558868755 37.12560656172919 44.8123156789563 24.48493853744504 16.249858060431944 28.212925560174657 9.067483567071463 69.6409925966912 58.79858187150939 39.35451718096677 15.856964351739233 13.729036272141665 15.708359726465273 16.279882257953783 30.59826961930489 32.60657799062138 19.367753022407378 5.618043025351778 16.99150997957541 34.25855909221454 26.153039738950874 40.23654232625973 49.791461865507 20.035242590338164 94.4173064339372 66.96096541012913 49.474470042136936 52.976264940344116 74.56577815415217 83.52194343025322 50.624803360108636 23.338227566321315 30.353278020468018 60.768549243597086 81.39204798906874 47.06217546978497 14.138050546233549 24.078492805316415 57.918187018654834 88.66171199264906 58.64915852309594 37.594917969044104 42.212099673696855 67.41790786330783 103.36607471835802 78.97738110904737 64.69221867569738 67.2868092222169 85.23333468159277
58.95155941934953 5.130958627800661 56.96689252642256 30.611440244468078 0.0 68.95773198531498 74.34462138602025 46.97950400610272 27.699117606794175 16.614899534423827 46.36838601954367 8.17357637331176 57.33576435997666 31.20597190374262 12.108098753432548 24.18829511338993 27.79088858377273 64.99013576963519 14.279690459976555 53.9532473732742 46.33972477702092 7.685027667480498 37.950022690985676 100.15252149499477 28.418059470550517 69.01330983879711 31.20597190374262 37.965580045671736 27.477180570974788 27.777365453776003 42.81674062322369 7.56179528339325 49.9316856263675 30.894153420383304 17.071856815604413 23.800948821203818 10.780494132033255 68.42442602520256 19.244930073008824 48.223318033672456 122.10348747002698 91.43649965547813 64.85994798676859 49.475244365858025 55.530120895810285 113.64926717538142 79.91155871977014 47.43842435455307 22.578675659102878 34.117952532402434 111.79133986957909 77.27131994944565 42.88663775009895 10.125418618773159 27.579668250997585 116.84489250148462 84.35434998746202 54.52903230823867 35.01436723138914 43.28311456706702 127.99361445727972 99.09687057759692 75.18506255974701 62.291066505862474 67.09947661909406
10.037603338128147 63.831544751724934 12.204292484356138 39.935076722388935 68.95773198531498 0.0 55.732825322238014 23.607365423233347 42.08399669693911 52.55939470300917 27.376913421958054 69.67301390845208 41.44735841920642 39.838105730681484 57.31839745561845 66.99898660361103 47.21302721546917 6.251727891558338 83.15778190019677 29.811092435145497 23.866091746514133 64.38575210962469 31.324676364044418 40.4278736619826 95.60721645361386 3.8496823437177206 39.838105730681484 31.398088266576142 43.39422976565594 43.38970248279856 39.52252272998859 72.19114973664554 25.02801940263467 38.16626313212425 52.38010033557429 61.88724476987256 61.37655777264614 4.041004417023311 88.05845474205124 34.93671199253968 77.64459802789929 64.35638089322848 68.18782025847032 86.90333027161608 113.35596014982477 56.64445967601775 36.70880288692665 43.37403980320583 69.35350149945286 100.6644859562316 44.630237595390014 11.914946921141329 26.209295762985516 60.22243585732329 94.66472283114186 48.77030716334401 22.915103452832586 32.65741764893558 63.26735133139503 96.61187513440598 66.0955900557298 49.969213666768496 54.95475210884158 77.05799386941439 106.06908707356908
54.2770029354673 71.01101243025057 51.2701233439016 50.88375408683112 74.34462138602025 55.732825322238014 0.0 60.45289833518295 63.39959389851292 65.87223962571841 66.08030067414215 68.92488432455998 19.680217006195434 65.3914138008565 64.27398504528085 89.18292897994895 72.89602145724565 59.18620811490727 85.92245932609198 30.964450858764387 47.268337149121756 75.5965449246268 51.79859328897542 48.81033594511909 101.32271176754925 52.061551754347505 65.3914138008565 58.59028973381042 66.26046674473781 66.77648014992958 77.16393407279966 71.71897186250165 39.60203752109952 55.44084935961902 66.76921594742387 84.96931429817192 74.67730737104445 59.363875105316026 90.35041332863473 31.763569314910576 50.3768876276794 17.14643001008527 21.095555148497386 54.68910277054778 89.05968002711116 53.64406305888985 25.114442891521023 27.903969541007335 57.63136580575401 90.87884059024783 69.41535826045926 50.53441424535646 51.805124773569716 72.170795696189 100.63938303584712 91.43379833684023 77.86440369359764 78.48777859889363 93.01901718831697 116.35928784427773 116.1999398107848 105.63119540226005 105.86837696735427 116.84569915362023 135.98662413613678
14.029732856539685 41.883382010969655 13.923849477188039 22.1193835862933 46.97950400610272 23.607365423233347 60.45289833518295 0.0 19.33035397519301 30.366055108083337 5.761768854385705 49.10772244518099 41.5110631844141 16.467191823368644 36.16950522486057 43.43978480005589 23.605672564188342 18.536584871470886 60.86809973183314 29.488471730299135 13.332673091474236 41.607719510499415 13.507053760396657 61.76510824477957 72.52444455728181 24.98793143412594 16.467191823368644 9.289217126297842 20.160124874474665 20.072790831599953 18.342177935855027 51.30506947884728 20.855525754805964 17.99541856886919 29.9527830082761 38.31767026452456 38.4340957696259 22.086291163602137 65.65165106453686 30.15734500155997 94.60178481365287 73.72398906987644 65.69417782244405 74.77294294756526 96.2342483481208 77.48837668323745 50.17195375833371 37.74689133329014 52.22314721941882 80.15305885673371 68.21019718316623 34.31941878566346 9.89275288651772 37.58674183073402 71.57172843442646 69.95800430533913 37.6443358597028 18.30075303915147 40.590478993248155 73.17857809179974 82.02992638433238 56.87733976593243 46.21652498396343 58.580841845313586 84.39357397012219
32.063858574802474 22.63742469021432 30.61179525057994 12.85566048672789 27.699117606794175 42.08399669693911 63.39959389851292 19.33035397519301 0.0 11.134206727574329 18.91213255407703 30.533887539099638 43.81837903289252 4.307140879489817 17.55258345804145 27.779987897657236 9.506655917564597 37.62449955299556 41.53841750274415 35.18439542242544 21.949567424991546 22.36359125745482 13.609190413378842 77.01106467372334 53.52356894512696 42.683001280934555 4.307140879489817 10.687847127558 2.870376325853402 3.4256573107811352 19.561853541743957 32.4808210057305 28.139168337966108 7.981539390174521 10.635753849269324 22.879435414782186 19.29564183427468 41.12657418039772 46.33261560166686 31.935840749338396 105.10865944164608 79.1227740822107 62.19148397211884 62.20877905765995 79.16355170174201 91.8536198495653 60.610736358317496 36.12574739545148 36.487152107061156 61.256748966165645 86.09078657639076 51.55211538318064 17.27633511866107 18.280508671916902 52.58076004581809 89.28324111889964 56.67759196374238 29.12121297134415 29.640917450305672 57.48013794281899 100.58168952992973 73.06035862819328 54.34848518026082 54.44723854752268 73.28061022576235
42.52692138320522 11.520552133453478 40.71759564836057 16.43422988107393 16.614899534423827 52.55939470300917 65.87223962571841 30.366055108083337 11.134206727574329 0.0 29.98284141899842 19.715879356404905 47.067041631459624 14.907210287506775 7.159646219585059 23.42796602787426 13.980965285402673 48.42792816764737 30.64132649114573 40.916791949762604 30.68794996218823 12.155757642366423 22.08574317684593 85.51143789428107 43.394103000564954 52.81885724438181 14.907210287506775 21.37738436313765 11.342081960368565 11.761280364145948 28.37899877021895 21.472704344994337 35.404777492762385 14.989308303856234 1.2433707060654815 19.691338469326833 9.754208556068537 51.884297578696476 35.512274607041014 36.1944998355079 110.75617096882968 82.43639914700529 60.98677038266382 55.11631502200849 68.92768648671475 99.73242694305424 67.05756074297427 37.96993746737876 27.95632450476822 50.16209962220153 95.95406302924268 61.352571306525306 26.75720837759291 7.912824687781844 42.47507256091796 100.24393971288876 67.80904558757584 39.26988855401277 29.681979386283096 51.134664595874 111.6758903164392 83.65676602226259 62.61147151239898 56.89226723203207 70.34241692808115
18.569053164526853 41.39288970661672 19.10983258254321 24.90591613008702 46.36838601954367 27.376913421958054 66.08030067414215 5.761768854385705 18.91213255407703 29.98284141899842 0.0 49.427458244477855 46.993996351327304 15.162441508640743 36.4255383905808 39.95464332768486 20.778489004526307 21.66915721659417 59.82071823447357 35.12603469642006 18.837378514142014 40.329133616026674 17.26520206515335 66.61498349288678 70.58373869973157 29.30045687075665 15.162441508640743 11.179869459082353 18.903964412740798 18.644224929971518 12.853953893093728 51.39203710063343 26.483771148167655 19.968147356097827 29.353152547248648 34.90410985410219 37.014715974410535 25.179396773344017 64.46027203930495 35.4333885203425 100.16892122986225 79.47496043412526 70.66457501543547 77.88100705533313 97.63286653832958 82.49709249606768 55.83794461400209 42.71768265415125 54.097535328653706 80.14427496839484 71.90069219058758 38.68904526852504 14.792736359968256 36.546655294516825 69.62284909672343 71.59416238885643 38.1216575037761 13.253242672578079 35.95673928089583 69.31793956780434 81.69342957803374 54.6546813960655 41.17369392642288 52.89832753281753 79.34742686950206
59.847655479015955 9.950750642973233 57.48910432771236 29.95476138939627 8.17357637331176 69.67301390845208 68.92488432455998 49.10772244518099 30.533887539099638 19.715879356404905 49.427458244477855 0.0 53.041152782678935 34.5434255070795 13.00862387925341 32.20149278323132 32.888446225042394 66.31387956502411 17.061209512697552 51.35057246447029 46.1944094387154 15.018998542456211 38.3525548981931 98.19240118952025 32.43064661437023 69.27533274002835 34.5434255070795 39.83545634859382 31.051302251182594 31.47712460627122 47.79525248805415 2.9117859840838474 48.56527709996759 31.70391383403975 20.59452674450266 31.3817164780528 17.456660529713176 69.61272484323898 21.717455415311328 45.16180478750804 117.69284999478519 86.07125226200841 57.96322720499658 41.3041483074433 49.468690549060256 110.97881603349079 76.72724330257121 43.042922151853766 14.600255340447202 31.120616812231326 111.15697404442224 76.98234344043452 43.491835956399996 15.863437796067517 31.72708296080429 118.19615256529944 86.75190038220752 58.95993053069443 42.67873062094112 50.61120565829422 130.99457165339976 103.37219583959272 81.28223983627258 70.16090597204021 75.05372420032292
37.50579047755063 53.46188135915106 34.19085403799259 31.49447908940762 57.33576435997666 41.44735841920642 19.680217006195434 41.5110631844141 43.81837903289252 47.067041631459624 46.993996351327304 53.041152782678935 0.0 45.719334349508266 46.36556273095032 70.11424370343094 53.295375699347055 43.45663588869416 70.04291051982966 12.578371732214638 28.184596863837555 57.551121745987075 32.14487865267776 49.643603012861675 85.28047418244047 38.28006134700179 45.719334349508266 38.989785528271064 46.669176317734596 47.173628306567814 57.66005770033988 55.93950217778796 20.822746943574494 35.84224118813287 47.872851638491454 65.73584599145582 56.26767403200139 44.48282328456688 74.75846421514618 12.088391700588264 64.78271365720843 35.4760187637084 26.7420629962958 50.66132713206797 82.53995582475328 59.75037586886952 25.250930362761338 9.998289318795868 44.23998566708798 78.79873800859575 67.38026712607426 39.983699225162724 32.43651449010726 53.8553080364344 84.51920727077426 84.30138522168933 64.35645280614406 59.76259928165534 73.45862315625125 98.05894220259991 106.15945707046296 90.92103312524328 87.51081890893848 97.18208585456729 116.72736361594853
29.93389854497758 26.241336001917198 28.88985796768456 15.856964351739233 31.20597190374262 39.838105730681484 65.3914138008565 16.467191823368644 4.307140879489817 14.907210287506775 15.162441508640743 34.5434255070795 45.719334349508266 0.0 21.633821035222805 28.134286123749074 8.344006462416209 34.994594922194636 44.7393535513246 36.20419966159806 21.649855232307722 25.308904163155873 14.108016441207287 76.13095932096512 56.06243671046568 40.7814758371173 0.0 9.088830541693735 3.7687716526020756 3.6107624027331573 15.393567909137312 36.37735681716018 28.55496270171039 10.381268940313145 14.214808423761223 23.047173805013244 22.061082754694734 38.538279413393894 49.43673903199285 33.67241514092468 105.63847315370457 80.71802552339335 65.31529172926776 66.41950074983866 83.37738232168734 91.29107794838191 60.958473260636985 38.634691564439336 40.794272925999564 65.0425660323317 84.23075213457605 49.88066802649393 16.619136261661414 21.42810180874612 55.108843336565265 86.26606518261816 53.215663767629245 24.835987504827823 28.22396530602473 58.06207623727036 96.82501869904658 68.90132950543686 50.144905355653336 51.73431379262881 72.34069586992626
47.37754937631192 7.352590953224347 45.21991933176486 18.504450248101804 12.108098753432548 57.31839745561845 64.27398504528085 36.16950522486057 17.55258345804145 7.159646219585059 36.4255383905808 13.00862387925341 46.36556273095032 21.633821035222805 0.0 27.003989147020093 21.08128526019622 53.66025071549097 26.32561853699065 42.074008060423495 34.34736721418031 11.325824345122937 26.087946640459183 88.06666296948077 40.40848225744172 57.191537342538155 21.633821035222805 26.926962174700876 18.263034383455018 18.733772273465274 35.52831074190359 15.137766236321763 37.82825022709925 19.153054025908464 8.261333741674811 24.25939898020891 10.910418569668165 57.02294605938497 31.303599251226604 36.57085497325519 110.91708866855554 81.18713596345516 57.226829170205356 48.510590111777695 61.858331489922385 101.67722732760855 68.15473057592405 36.69771240996698 21.052860756814503 43.98374528976249 99.76670672732462 65.29733955071953 31.127845346923362 8.30640607414469 39.54621891142726 105.58425193571307 73.80649513830846 46.27735668059269 35.08018397652536 52.10062786826609 117.99197240347064 90.53158438758325 69.74673777267775 62.673954150049404 73.39086502455173
57.430428622689924 23.19810080261614 56.78055776797182 38.7339706728314 24.18829511338993 66.99898660361103 89.18292897994895 43.43978480005589 27.779987897657236 23.42796602787426 39.95464332768486 32.20149278323132 70.11424370343094 28.134286123749074 27.003989147020093 0.0 20.001727851289697 61.55680488195251 29.77818015763571 62.69828760568312 49.56725466829114 17.475175337317868 41.38356537769089 104.26145202017192 34.211580199664894 68.39025363890094 28.134286123749074 37.22285132535499 25.359950947958747 25.09225201782565 30.2861848020473 31.697817631963172 55.91443876574114 35.303703408418244 22.454651704773525 5.131075754782816 16.272616396067537 65.09268394723908 32.657036924335436 58.7593291370663 132.75991158919146 105.58004216943264 84.04669039459333 73.31641504288847 77.98395316737376 119.39703830529194 88.3662302879409 61.28900845440747 45.81384576477529 53.25681529404379 111.6283330441271 77.65518252442534 44.66114948386885 18.808440642740223 33.28280143819234 110.63902127379079 76.23947655221461 42.17552613870922 11.829822013202769 29.932705129146207 116.60184492811248 84.58720014462813 55.75684004453595 38.17699034867731 46.91446013494186
37.513385810689165 23.396992113587615 36.78230185967299 22.295630558868755 27.79088858377273 47.21302721546917 72.89602145724565 23.605672564188342 9.506655917564597 13.980965285402673 20.778489004526307 32.888446225042394 53.295375699347055 8.344006462416209 21.08128526019622 20.001727851289697 0.0 41.98576587322391 40.098191476235115 44.307941095399165 29.99385707403384 20.752889881139865 22.30246335680121 84.31144611699737 49.9250578753463 48.45811407440333 8.344006462416209 17.34729544295949 6.638582041788458 6.121769712689814 15.038884069799469 34.14280795236276 36.8344217208028 17.456741651474896 12.825984426979556 14.876113654303841 17.35536942979993 45.540856835561776 44.4882230235195 41.363897688662696 113.93321113904405 88.5386477685777 71.35945501381698 68.8477713251531 82.35668484535059 99.56208313439508 69.27569946737736 45.61205625632774 41.912048585223594 61.86762448028715 91.80161265363776 57.68621101119788 24.9542240291112 17.679908203560906 48.962194726249145 92.33441775931627 58.52269545012785 26.814486396686313 20.198442934768075 49.917803753531814 101.02934539812624 71.34940629557403 48.67611609683583 45.19743500679348 64.11762111629054
7.080410953928412 59.86180081582276 10.386102240670931 37.12560656172919 64.99013576963519 6.251727891558338 59.18620811490727 18.536584871470886 37.62449955299556 48.42792816764737 21.66915721659417 66.31387956502411 43.45663588869416 34.994594922194636 53.66025071549097 61.55680488195251 41.98576587322391 0.0 79.06270284216897 31.186942907527314 21.827998318170593 59.98578568964881 28.16858872481492 46.67924118369714 91.02695181943992 9.463666788475015 34.994594922194636 27.055895074299023 38.6600168729527 38.59399060831904 33.4880969317137 68.71428056728305 24.913296194137196 34.61068601657918 48.13605194525616 56.473938811514536 56.87010812633851 3.5565329903943677 83.90607401739045 35.418390675339076 83.58805029358845 68.92660529815396 70.06823169416236 86.38867215209534 111.40562672528749 62.892446321256884 41.79952561535389 43.97459639458012 67.19489685541217 97.4236493205381 50.25087052563593 18.16642609813587 23.016083474825486 55.895555928917894 90.07629132777257 51.92412049982092 22.347574748644657 26.411410388366953 57.36340117477491 90.98574439936479 66.84566519851951 47.49079730507187 49.36823872947714 70.80878798213058 99.92677423191358
73.1363806617425 19.363832338189034 71.2102286301025 44.8123156789563 14.279690459976555 83.15778190019677 85.92245932609198 60.86809973183314 41.53841750274415 30.64132649114573 59.82071823447357 17.061209512697552 70.04291051982966 44.7393535513246 26.32561853699065 29.77818015763571 40.098191476235115 79.06270284216897 0.0 67.69446302295219 60.617491418698165 19.51385818693729 52.22530364163753 114.1960127785778 15.401046165196277 83.27151802488197 44.7393535513246 52.00698960424346 40.97102823484425 41.19081987253328 54.74221751060942 14.215602214334245 64.06592623761956 45.15883345395915 30.94011301161761 31.73437305887942 22.877780531266797 82.52471709638898 4.9791461865507 61.72645431159728 134.73972662274807 103.06703122405258 74.06512121631637 52.37634675072422 48.94621007827105 127.43516869316895 93.40963930596517 60.048695849452834 29.684637341506537 23.48097481171667 126.06647389914104 91.55100526519351 57.142545854748604 23.319686672536527 14.737648534553163 130.8201617765811 97.93625623272493 66.81269256614166 41.60758990436911 37.32662902908845 141.07844883110332 111.15332721922493 84.86325829858924 66.65778349125947 63.87115645384145
25.008055107325827 49.4257670042341 21.65535069062727 24.48493853744504 53.9532473732742 29.811092435145497 30.964450858764387 29.488471730299135 35.18439542242544 40.916791949762604 35.12603469642006 51.35057246447029 12.578371732214638 36.20419966159806 42.074008060423495 62.69828760568312 44.307941095399165 31.186942907527314 67.69446302295219 0.0 16.362600711259557 52.52676844195563 22.104989792279788 46.963245287873654 82.37106374828213 27.018554991128845 36.20419966159806 28.374751496065247 37.88974993287814 38.30573621269438 46.51042066251046 54.23512203789763 8.642289549356315 27.40830625461259 41.46649864486866 57.95573572981277 50.61364756019436 32.51069003096835 72.6155474960361 6.672745372964482 70.08059588368016 44.88798188379141 38.90242351830291 58.3668813073174 87.72008749948152 59.74161505965782 26.172989266564198 13.994384171337426 45.842260344652466 80.01272088005716 61.83703138538 30.617710081586267 21.11676070717557 48.46894559366044 81.53163486098761 75.3362397292676 52.65142800796852 47.57739558936884 64.41937686850196 91.82001691169239 95.52039859045995 78.67087381729094 75.15857448188517 86.6213676893952 108.4087471188337
14.772249114995116 41.29814654529613 11.771668052795112 16.249858060431944 46.33972477702092 23.866091746514133 47.268337149121756 13.332673091474236 21.949567424991546 30.68794996218823 18.837378514142014 46.1944094387154 28.184596863837555 21.649855232307722 34.34736721418031 49.56725466829114 29.99385707403384 21.827998318170593 60.617491418698165 16.362600711259557 0.0 42.84190962486581 8.62705793168094 55.12674207464874 74.04092848959455 23.1097357825581 21.649855232307722 12.860911038243609 24.212143197399325 24.476905389064857 30.22491917550741 48.81952532544354 7.761832765864261 15.698678406460305 30.814685140627493 44.55054667117742 40.22647645411336 24.610579281190464 65.58456383966497 16.925910536199552 84.16569809441489 61.088537039919956 52.67403595544 64.90068454727387 89.69082299498308 69.90677922429218 39.434471462157056 24.860407008151384 45.561438442585064 76.99670154213585 65.45418123397776 30.950032184323828 5.139390072609198 38.597621109802134 73.1299772135868 72.63453272876784 44.04911392865191 31.618168133674974 49.53713455173014 79.3913211127149 88.66497420218188 67.09903931554113 59.47999295168011 70.48576526024944 93.77313956813104
54.35042392319036 5.756280638236826 52.69585116035619 28.212925560174657 7.685027667480498 64.38575210962469 75.5965449246268 41.607719510499415 22.36359125745482 12.155757642366423 40.329133616026674 15.018998542456211 57.551121745987075 25.308904163155873 11.325824345122937 17.475175337317868 20.752889881139865 59.98578568964881 19.51385818693729 52.52676844195563 42.84190962486581 0.0 34.2334005156736 97.62172535649722 31.30357051252996 64.80431715311774 25.308904163155873 33.00889550488373 21.543471779629115 21.73084309685734 35.65015618126303 15.086923836707657 47.43453644877505 27.143887463849065 12.09221216733802 16.365769303641027 3.3990346999410166 63.490124824381525 24.136664049686182 47.37565500892475 121.91804543621758 92.49192724853522 68.11972455886698 55.86260474433602 63.21200686261271 111.7171145657247 78.69800495228452 47.96746051513128 28.341092813898356 41.235867937310815 108.04252946086352 73.43892690920708 38.835785205271556 4.244390781297056 30.375416167665605 111.54138054230826 78.45063826145132 47.56432961412443 27.65986257889392 40.775118424993046 121.59582158109119 92.07069111790742 67.55202042332094 55.175481233106254 62.61139642201858
21.52058651816254 32.86787807466798 19.162140127108184 9.067483567071463 37.950022690985676 31.324676364044418 51.79859328897542 13.507053760396657 13.609190413378842 22.08574317684593 17.26520206515335 38.3525548981931 32.14487865267776 14.108016441207287 26.087946640459183 41.38356537769089 22.30246335680121 28.16858872481492 52.22530364163753 22.104989792279788 8.62705793168094 34.2334005156736 0.0 63.70780409890563 65.46662133638654 31.104059247626232 14.108016441207287 7.024040244012652 16.094664570090156 16.442034139274217 25.802402480772994 40.86844462559871 14.578974191813204 7.1130659807859065 22.19112333909088 36.4498144880077 31.599637707127023 31.358726402121267 57.1779622203169 20.064751111841662 91.65963736694437 66.76457005275562 53.92888122980492 61.26939180547381 83.63223205439225 78.34795905757322 47.06601447243022 26.207977888643992 39.41253415808107 69.38788762787303 73.93126602968889 39.35501507939624 5.1630080161658265 29.989171652124394 64.55151822936126 79.89878471557026 49.58193737507296 30.459117745196153 42.33182985820148 71.07071414934703 94.29899953104994 70.31224260223313 58.22465000961765 65.0476482321347 86.41221831763279
48.04865806172298 95.3529321305941 47.87470856740784 69.6409925966912 100.15252149499477 40.4278736619826 48.81033594511909 61.76510824477957 77.01106467372334 85.51143789428107 66.61498349288678 98.19240118952025 49.643603012861675 76.13095932096512 88.06666296948077 104.26145202017192 84.31144611699737 46.67924118369714 114.1960127785778 46.963245287873654 55.12674207464874 97.62172535649722 63.70780409890563 0.0 128.4373897641053 37.633161350159156 76.13095932096512 67.04268998488257 79.10218430875472 79.29482118194058 79.30434514644192 101.05422429592608 50.27398322496213 70.63429263984398 85.76073823275232 99.15978950145067 95.19298697056773 43.92355128474973 119.15848201971949 53.44132246779573 41.18310051653892 45.25127811529869 69.23967482964675 99.6765316695615 132.17985230359747 16.260367228116777 25.08297891131866 58.21309288005329 92.42956560060833 126.85636394880977 21.211597295107996 28.51292905328937 59.75693108096421 93.40044393201983 127.55878435585663 47.46192341302578 50.98197293400123 73.07873863064167 102.35553526680583 134.19248206169235 75.31536371585588 77.37943715235227 93.26037007318234 117.48260298986247 145.95058556177017
85.58276837338374 33.090403841323415 83.99166449189067 58.79858187150939 28.418059470550517 95.60721645361386 101.32271176754925 72.52444455728181 53.52356894512696 43.394103000564954 70.58373869973157 32.43064661437023 85.28047418244047 56.06243671046568 40.40848225744172 34.211580199664894 49.9250578753463 91.02695181943992 15.401046165196277 82.37106374828213 74.04092848959455 31.30357051252996 65.46662133638654 128.4373897641053 0.0 96.09898042697567 56.06243671046568 64.20928041879023 52.36948084007182 52.45347107884492 63.329232172729334 29.607866776930056 78.16620262439213 58.35671768364915 43.394103000564954 37.99235330199944 34.23185509621835 94.5581340108723 11.28380703723376 76.59482452854454 150.02995485828896 118.4676111235448 89.19057265099629 65.34628873754168 54.590406605179666 142.06039602972663 108.29667413094882 75.29955545235148 44.79638815216524 27.170749875944608 139.3397322071678 104.7359593263706 70.13227356212477 35.52892945894173 0.9634710852807643 142.1697785951876 108.43879977125339 75.5019203257981 45.13253790632172 27.716264382517913 150.23703011528846 118.72733654909854 89.53206312138107 65.80725544822133 55.13614127577591
10.962897898186409 63.90856453853038 12.10859167027586 39.35451718096677 69.01330983879711 3.8496823437177206 52.061551754347505 24.98793143412594 42.683001280934555 52.81885724438181 29.30045687075665 69.27533274002835 38.28006134700179 40.7814758371173 57.191537342538155 68.39025363890094 48.45811407440333 9.463666788475015 83.27151802488197 27.018554991128845 23.1097357825581 64.80431715311774 31.104059247626232 37.633161350159156 96.09898042697567 0.0 40.7814758371173 32.03342228556509 44.21225245313659 44.26111095779689 41.790957621137984 71.8689589972402 23.09873479506836 38.11980581137142 52.72971025994722 63.26174359843072 61.89631142681152 7.860540260237284 88.20679456394305 32.5127964838654 74.12820259996677 60.51121418698558 64.98467301440665 84.73011550523677 111.93820295394282 53.75759066576417 32.869483053750386 40.81374748646304 68.16124820657306 100.10486619145948 43.456179597470076 9.389051457871215 26.128972500264037 60.59823673283833 95.16524345001366 49.90721877048153 26.17093623099736 35.6924051639804 65.25197418380306 98.16585428924687 68.53259836380171 53.578537070413944 58.646413456231656 80.0183951864033 108.4494578307742
29.93389854497758 26.241336001917198 28.88985796768456 15.856964351739233 31.20597190374262 39.838105730681484 65.3914138008565 16.467191823368644 4.307140879489817 14.907210287506775 15.162441508640743 34.5434255070795 45.719334349508266 0.0 21.633821035222805 28.134286123749074 8.344006462416209 34.994594922194636 44.7393535513246 36.20419966159806 21.649855232307722 25.308904163155873 14.108016441207287 76.13095932096512 56.06243671046568 40.7814758371173 0.0 9.088830541693735 3.7687716526020756 3.6107624027331573 15.393567909137312 36.37735681716018 28.55496270171039 10.381268940313145 14.214808423761223 23.047173805013244 22.061082754694734 38.538279413393894 49.43673903199285 33.67241514092468 105.63847315370457 80.71802552339335 65.31529172926776 66.41950074983866 83.37738232168734 91.29107794838191 60.958473260636985 38.634691564439336 40.794272925999564 65.0425660323317 84.23075213457605 49.88066802649393 16.619136261661414 21.42810180874612 55.108843336565265 86.26606518261816 53.215663767629245 24.835987504827823 28.22396530602473 58.06207623727036 96.82501869904658 68.90132950543686 50.144905355653336 51.73431379262881 72.34069586992626
21.37601236962778 32.84422220931761 20.005179208886947 13.729036272141665 37.965580045671736 31.398088266576142 58.59028973381042 9.289217126297842 10.687847127558 21.37738436313765 11.179869459082353 39.83545634859382 38.989785528271064 9.088830541693735 26.926962174700876 37.22285132535499 17.34729544295949 27.055895074299023 52.00698960424346 28.374751496065247 12.860911038243609 33.00889550488373 7.024040244012652 67.04268998488257 64.20928041879023 32.03342228556509 9.088830541693735 0.0 12.2363327761848 12.34726362085877 18.790058024059835 42.064292290014556 20.214277379693307 8.922057094836783 21.08447223077328 32.131986619563314 29.978514581848344 30.527237496023215 56.85268593510532 26.948962356975407 97.02649120611781 73.24171820755322 60.904358612217756 66.70168538245343 87.08427579162407 82.22047851690422 52.29527789130994 33.2297842457785 43.22585455211279 70.90531652697062 75.47286367825357 40.99410632998606 7.728798930731297 28.87569720640181 63.267143309330024 78.87990257635687 46.92090952911275 23.998923163520296 36.676541774452964 67.15082249334712 91.31174433663455 65.55860884850009 51.50563851249883 58.33123921125169 80.91377634118618
33.4372699839915 22.545151082557574 32.22831012831618 15.708359726465273 27.477180570974788 43.39422976565594 66.26046674473781 20.160124874474665 2.870376325853402 11.342081960368565 18.903964412740798 31.051302251182594 46.669176317734596 3.7687716526020756 18.263034383455018 25.359950947958747 6.638582041788458 38.6600168729527 40.97102823484425 37.88974993287814 24.212143197399325 21.543471779629115 16.094664570090156 79.10218430875472 52.36948084007182 44.21225245313659 3.7687716526020756 12.2363327761848 0.0 0.6231381790477637 17.708658059801284 32.79665341999901 30.671958957339232 10.82693513360514 10.563967501164928 20.375115021326202 18.307307229536775 42.19574723186753 45.66881494243017 34.763633237239645 107.72313090684509 81.94847278053496 64.97391583208024 64.20627365546915 80.11279364518934 94.08808098789204 63.15958763350419 38.993989049351846 38.03629845805798 61.382570533333634 87.667076618774 53.22412585343567 19.36368735249069 17.662128070273756 51.41792210037386 90.01770800946578 56.97930132465259 28.016768997365944 26.797079175006335 55.191241164072196 100.52640136926178 72.32295186369645 52.44490859088154 51.62494150982879 70.53089970133887
33.454843448292564 22.876802657363232 32.30721223785022 16.279882257953783 27.777365453776003 43.38970248279856 66.77648014992958 20.072790831599953 3.4256573107811352 11.761280364145948 18.644224929971518 31.47712460627122 47.173628306567814 3.6107624027331573 18.733772273465274 25.09225201782565 6.121769712689814 38.59399060831904 41.19081987253328 38.30573621269438 24.476905389064857 21.73084309685734 16.442034139274217 79.29482118194058 52.45347107884492 44.26111095779689 3.6107624027331573 12.34726362085877 0.6231381790477637 0.0 17.139277088566978 33.18816773672708 31.02055378554857 11.335913135162716 10.94224478631101 20.0790055987338 18.464932144505422 42.1352038192402 45.86582903822822 35.249047434583204 108.09279562084598 82.42935503859313 65.57378619104773 64.80756944286529 80.59092651870048 94.32313172878007 63.50600547928908 39.54747248457247 38.59822176810039 61.72903014933449 87.71719697576619 53.30588256417683 19.585223582651352 17.9024647973447 51.50018354394098 89.86924780900968 56.746631121021046 27.54495670499489 26.30808223426103 54.95772735916679 100.21654789284045 71.89561927492306 51.859540509993565 51.035792201499774 70.10492494928039
31.28676554381677 38.42337007795206 31.963520067788888 30.59826961930489 42.81674062322369 39.52252272998859 77.16393407279966 18.342177935855027 19.561853541743957 28.37899877021895 12.853953893093728 47.79525248805415 57.66005770033988 15.393567909137312 35.52831074190359 30.2861848020473 15.038884069799469 33.4880969317137 54.74221751060942 46.51042066251046 30.22491917550741 35.65015618126303 25.802402480772994 79.30434514644192 63.329232172729334 41.790957621137984 15.393567909137312 18.790058024059835 17.708658059801284 17.139277088566978 0.0 49.146930148226616 37.980375129655215 24.981581945202446 27.348162402737977 25.661526945847964 32.271033503238904 36.83556301573328 58.93697503228755 45.678655081579606 112.94301499550788 91.3134561787699 79.4663635673643 81.7703590344412 97.22455097798296 95.26019303107763 68.48615025479137 51.97119438556746 55.735636577785904 76.85519626626224 83.54955117180734 51.14307952469394 25.40759407149508 32.715764715311536 62.36939038056709 80.46312074174374 45.97881860844323 12.191949643615667 24.04349030326738 58.3300019730721 86.9246353461029 56.44194443148656 34.78975494539282 40.37070849426026 66.66404020626926
62.3215759863799 10.777762542698714 60.026085540663786 32.60657799062138 7.56179528339325 72.19114973664554 71.71897186250165 51.30506947884728 32.4808210057305 21.472704344994337 51.39203710063343 2.9117859840838474 55.93950217778796 36.37735681716018 15.137766236321763 31.697817631963172 34.14280795236276 68.71428056728305 14.215602214334245 54.23512203789763 48.81952532544354 15.086923836707657 40.86844462559871 101.05422429592608 29.607866776930056 71.8689589972402 36.37735681716018 42.064292290014556 32.79665341999901 33.18816773672708 49.146930148226616 0.0 51.35036092832453 34.117477993738106 22.247004357275102 31.344892402335628 17.90553249566491 72.04346436492432 18.82349164843173 48.062791224688254 120.57237071928 88.8648842665389 60.423997703343396 42.42607818925328 48.41183215413291 113.87861217250587 79.63694173964858 45.94123826532013 16.55303481574659 28.848903869859907 113.89747127711027 79.66365944651228 45.987106148938786 16.6787244749211 28.920518511051963 120.62579862259146 88.93669575055986 60.52857945476799 42.573495676419256 48.53984612191917 133.04922306323843 105.03458546827387 82.20214681528164 69.83467728384757 73.4256888093527
18.109508629102745 45.08921520231075 14.660283795100048 19.367753022407378 49.9316856263675 25.02801940263467 39.60203752109952 20.855525754805964 28.139168337966108 35.404777492762385 26.483771148167655 48.56527709996759 20.822746943574494 28.55496270171039 37.82825022709925 55.91443876574114 36.8344217208028 24.913296194137196 64.06592623761956 8.642289549356315 7.761832765864261 47.43453644877505 14.578974191813204 50.27398322496213 78.16620262439213 23.09873479506836 28.55496270171039 20.214277379693307 30.671958957339232 31.02055378554857 37.980375129655215 51.35036092832453 0.0 20.857599076986972 35.755626705792764 51.011159605476905 45.14767433735266 26.922686635471507 69.04152517104532 10.646607023432287 77.09942529846883 53.335907901675455 46.25937837369446 61.88662560774748 88.9651172976825 64.33091204785782 32.48762893154477 19.164396151069003 45.54064540248776 78.58419017213556 62.676627421861234 29.107880211703677 12.68976271673571 43.23937773786204 77.28589663344252 72.89728060917764 47.11898734312737 39.00269136942873 56.71901284281701 85.48513566213236 91.07880543188355 71.93162179475786 66.69134486537203 78.20537447837171 100.89198959606301
28.230106459106246 25.795229255025937 26.092765126082096 5.618043025351778 30.894153420383304 38.16626313212425 55.44084935961902 17.99541856886919 7.981539390174521 14.989308303856234 19.968147356097827 31.70391383403975 35.84224118813287 10.381268940313145 19.153054025908464 35.303703408418244 17.456741651474896 34.61068601657918 45.15883345395915 27.40830625461259 15.698678406460305 27.143887463849065 7.1130659807859065 70.63429263984398 58.35671768364915 38.11980581137142 10.381268940313145 8.922057094836783 10.82693513360514 11.335913135162716 24.981581945202446 34.117477993738106 20.857599076986972 0.0 15.143851602623819 30.549420204426784 24.573437137300377 37.92618277094468 50.103127104307646 23.95792997014242 97.45621570509938 71.14421827736132 54.95528684272434 58.081539698108635 78.24094132428858 85.08226899008939 53.13690880038253 28.335685353381397 34.309364020892595 62.81874928736711 81.04146546217612 46.45885511280154 11.999401552079917 22.89978999699287 57.4427493360731 86.5097235343661 55.37346285733537 32.30085456080967 37.62056240918725 64.66919607218487 99.93787823240906 74.4772749929058 59.16872477989282 62.04675666023189 81.20006496344917
