0.0 7.534903152944541 109.07163604050847 28.723530482309624 29.485078843783448 49.13424670785328 19.678946908557908 88.39081505540405 15.033085737003189 42.323560138688805 30.03647493454666 31.037236921641302 35.35237746136261 10.802347844800142 30.860475762410154 70.45684371270954 44.01958382034533 37.47692996980291 51.468543009760005 24.96599504871588 2.8452263923140793 9.977194766465162 102.22840483858057 20.277407901959318 33.47260219340349 56.427832372038694 37.64729745144857 89.1287746697582 22.417307064179642 31.449719278147153 19.838908087029445 54.700981177677534 56.58219435834043 18.270761087693323 51.90414555588962 66.43141297605194 42.9337892570181 18.66144190552105 43.98540075300098 27.62753866547458 130.44835301816147 117.22000902229114 105.18065723976787 94.78445670353717 86.62504396195017 81.37804178228777 79.62132604764328 81.58068321173128 87.00541718390883 95.30561263358726 122.23737375605458 108.05200983574483 94.90621935012074 83.29367604269125 73.94034637524753 67.78794532807304 65.74137660574051 68.17143111888518 74.64215832939877 84.22738233879993 115.16733073795946 100.02231482933901 85.69780184580745 72.68055724748868 61.80221635098766 54.36234794102066 51.86247376684518 54.98061367970858 62.88656422288635 74.06262500465769 109.45963822980984 93.4250200004107 77.93434953880978 63.38767884587458 50.60572434529003 41.262420666638974 37.98607505132635 42.213776804885924 52.151419177527906 65.23990042935144 105.33607589036315 88.58085466840947 72.08437761072385 56.07546637589558 41.12747396922791 28.934253973664422 24.116876727033166 30.409984959878447 43.20441389004469 58.37110865836711 102.98716517231102 85.78739099554936 68.6389817087376 51.59318035177131 34.80108906668321 18.949628868937122 10.284656578813332 21.24083285207174 37.35351244776502 54.20433466749798 102.53497608912971 85.24650879935712 67.96489344139736 50.697137549034736 33.46470241875218 16.37945046182582 3.924286436198855 19.005977685500024 36.13541045396339 53.376231851981196 104.00425764271111 87.00023888160342 70.14206732518022 53.567618366266444 37.653445417889195 23.76523199727075 17.621085028592123 25.591621850602152 39.975888557442175 56.03502751501878 107.3160971469863 90.9158678882417 74.92232043109841 59.66340504625273 45.878082378947056 35.33530418744043 31.481387191521122 36.50041774052061 47.66751503060302 61.73177643108821 112.30756254594455 96.7311619089616 81.8507804352984 68.12405101068036 56.3996975982811 48.16294163803205 45.35543517974537 48.921013363897636 57.68985258964311 69.72572072085703
7.534903152944541 0.0 113.96403452726213 21.96064931935805 35.64879220217485 53.50370483122526 13.947690419755954 93.1396022545273 19.536632373001886 35.50046321357016 33.805085802202576 26.22526602996613 37.49180329354372 6.249589826586189 24.65624573101756 70.49869240272591 36.61170091697729 42.46100330073157 51.33316606187613 22.912914753283516 10.264085780051595 9.827675140001665 107.46008290463112 24.735843897539137 39.53488990354027 60.50652523143716 30.33010539440986 93.39634460642813 24.988729285461606 23.925372174523584 25.04035728137757 57.265070761372456 50.380885698144894 13.729649559715524 50.59336514720614 67.76593345772915 35.46973687115519 25.60703753083237 45.96528529584938 22.88311071633356 134.58182633941743 120.79640252310222 108.02758077114242 96.67900504204653 87.30627863534887 80.60165648087262 77.2628774455445 77.72491171058753 81.92347670356914 89.33327843148564 126.93454512425487 112.25437224144538 98.42968778758969 85.87465748629745 75.22768219908812 67.39915096103375 63.441161261973946 64.07503683296558 69.17466124880522 77.86752329026213 120.44941113589013 104.90031500088621 89.99329530148084 76.10658302097379 63.90878208261065 54.5449772562377 49.645526777959496 50.526268246088314 56.919512518264426 67.2715370443074 115.3227498933496 98.99944324965621 83.07316246786522 67.82417208600737 53.83115969493297 42.35772216920098 35.90636348900524 37.18957769397624 45.55842268464435 58.02398214817313 111.74177398017888 94.8235327895559 78.07363196907072 61.629481311731915 45.82144961125688 31.618488927398193 22.328541365316674 24.415363950602867 35.949513961429886 50.86586705399482 109.85779222578628 92.60629306269907 75.37791340795711 58.1931908173287 41.10691423731984 24.327405360615643 9.621861457163327 13.858250144928125 29.83681097428321 46.76679157271448 109.7582525456677 92.48872988353463 75.23409949124016 58.00765220425543 40.84506236314724 23.88438698940955 8.445246087769453 13.072637007116425 29.481840383026345 46.542210987797894 111.44793776777811 94.47868333491334 77.65637133868654 61.10248806003739 45.11349817569219 30.588445875670445 20.85161762237942 23.078962862343257 35.05993053446372 50.24410974727442 114.84788049278289 98.44841048603561 82.41875612055352 67.02478014543226 52.82517303906635 41.077787425147434 34.394451485950675 35.73905323951652 44.38794340869058 57.11398317197803 119.81252626048175 104.17177132246114 89.14693954426434 75.10857553028762 62.72257811150613 53.15682355627345 48.123553227368426 49.038834192038 55.60971625213965 66.17232218487617
109.07163604050847 113.96403452726213 0.0 120.36635702790748 80.44637830716175 60.611840043077834 112.930718528167 20.91052276363617 94.49206905049601 127.50113406239828 80.44249251227899 110.38366845759522 79.71926370842002 110.4742036739368 117.72070354395456 73.43880973874363 145.04130424011527 71.62215076058513 80.62495236023155 100.38098897146175 106.66287747790722 104.82431938687968 9.368937908219142 89.2427470425607 76.464524742986 54.187397685418766 130.3672788253248 22.84161961987455 89.8708307830142 130.20164027137014 89.26123417689091 62.34218202455808 128.5314872335324 109.39717953129089 88.31231433492846 63.38522238517959 136.6860662049506 92.34471354091713 73.45251954374811 109.86885113979153 25.98744341647169 25.508716098483905 34.99646686702946 48.96449227607716 64.56780179777407 80.8652661440744 97.50944683697755 114.34904411762932 131.30889639676934 148.34776496226536 13.65826500473182 12.811246297153755 27.210677543222165 43.76559179265439 60.73834200470867 77.85613955181186 95.0406431703893 112.26122373489471 129.50349017126499 146.75979929963276 10.207628695879176 9.06375380510598 25.667510559706912 42.82760884606617 60.06913164392909 77.33764018434186 94.61836036389289 111.90563507910917 129.19683325376815 146.4905655630302 20.695188460287984 20.118811240091524 31.304220678197378 46.40963073610693 62.66151405825411 79.3586087911853 96.26953911088499 113.29859424579142 130.39950414616132 147.5472867626817 34.04157797862733 33.644735787688596 41.2773037441424 53.613167279444575 68.14422903082418 83.73534819721655 99.89138835817002 116.37731196969573 133.0705690866025 149.90190897759376 47.91450655969339 47.57884343829985 53.201461577017454 63.211924917788785 75.89336042399155 90.12524411974215 105.2806718498333 121.01315163508647 137.12420879544166 153.49468125008536 61.961176720421925 61.64482765019795 66.02785267730854 74.28300667002544 85.29330588094672 98.13575379718769 112.18288423479304 127.03569598049354 142.4423805850367 158.24124214292195 76.08527836318089 75.76913433278598 79.31985556852025 86.2612479220207 95.85954273927754 107.40477927115617 120.33788647273742 134.25838098491215 148.8895712976653 164.0414022407774 90.250311743632 89.92413241903715 92.87763183309363 98.81717199168315 107.24778108382411 117.63508700705096 129.50913065410703 142.4987376405085 156.3260682447059 170.78777202218484 104.43946359416834 104.09714248231218 106.59966757446752 111.75609029298732 119.22256013085871 128.59733475399165 139.4962031790899 151.59078939461529 164.61775325793803 178.37293089045923
28.723530482309624 21.96064931935805 120.36635702790748 0.0 49.9607079426684 60.794571801505946 9.965413674032458 99.57612490375807 33.16897966550271 13.600689885263298 42.04076906913609 11.676452534554633 40.6910812855788 18.27855415913522 4.557459935291367 63.677840668182746 24.968842322439436 52.65142790076287 45.74474447791286 19.99959608887175 30.900715718357194 22.62844993562537 115.19346693042107 36.705328015055365 53.164740801141015 66.35784686785257 10.68745294042532 98.23036452587021 32.72010351161828 10.778330136514391 38.55562226547598 58.880298281743855 28.690103465080465 13.172877067596156 41.64433103936895 64.89536290741087 17.07135835388872 43.226549106848765 47.23314288311989 10.796428623539592 138.01836823285547 122.66705204654723 107.90754030588711 94.01895958519982 81.44807043834278 70.89927718382727 63.39024170125009 60.07190600910377 61.62500264609822 67.71516758898908 132.41438265753743 116.35570744705541 100.70966036946378 85.7025311388917 71.73642806436148 59.54837945252832 50.444097729511675 46.28074775221124 48.3519528637851 55.96979717166944 128.10981952168663 111.45558682645613 95.03303772837211 78.98681619871654 63.602393468752496 49.50070934064134 38.13245919303244 32.50472445122127 35.46460528289297 45.36108235880925 125.23880156513361 108.15874086198484 91.16238774459138 74.30720396343946 57.71700000522437 41.709177953406666 27.327108678524922 18.777596202839444 23.60375556648574 36.88344265088221 123.9010647305752 106.61405733729856 89.33282764179596 72.06153245004538 54.809564089069035 37.603532603150086 20.55909786098101 5.480952243802516 15.366153134759871 32.2631365313911 124.14620375876072 106.8975424865749 89.66940656917092 72.47643452958063 55.35140334842108 38.38535327482898 21.95008069023495 9.42814623704154 17.166451104190383 33.15414526787629 125.96497427756707 108.99492859300535 92.14838692469004 75.5080592143569 59.24795219713253 43.79364922660412 30.399977392195087 23.003142788943343 27.071046724506093 39.18226133362302 129.29095803980104 112.80505453244712 96.60494722131726 80.86258918539886 65.90681174695783 52.41530637536916 41.82974842375386 36.75320893508924 39.37735242426864 48.46710641185026 134.01193601505224 118.16230389737005 102.78211041575786 88.11750945453595 74.59175434013284 62.943349537455894 54.3921113676801 50.53552611561543 52.420207108404135 59.503091680414975 139.98677942686734 124.86763349445516 110.3913342686649 96.84658371011406 84.68156930040107 74.57458609093145 67.45711905356545 64.32923317202369 65.76268607042446 71.48359830799862
29.485078843783448 35.64879220217485 80.44637830716175 49.9607079426684 0.0 23.299625863833718 40.22632455100068 60.14714200210184 17.082806940136102 61.914646892124345 13.861298171894859 45.0412655090605 22.930525414092052 34.16550735390316 49.58744394144019 58.04371376490863 71.1739750921483 11.237770510902482 42.727598910859044 33.42076710704796 26.826930990183463 28.452263923146457 73.1864920864633 13.342528528764456 4.023412278015435 30.861199264392873 60.57200547668407 61.84310707266597 18.858608146200382 56.9351051649375 11.449519809738227 34.75492683813262 71.61787670835116 36.80884813034407 47.65116962924483 49.57434936928512 66.80436521270228 11.913571045217333 28.75136849417899 42.55007638853447 103.01277890094975 91.11628615540208 81.18751112786393 74.02253507180548 70.46948849663526 71.07215555209976 75.73138818197974 83.77305290042561 94.33607477195152 106.6740595875356 93.84760227012042 80.66086224452688 69.30854935284961 60.8265846337716 56.52229518197497 57.34426193404672 63.09244780924123 72.6061129240234 84.62467941851102 98.23300447670921 86.03756894271817 71.46814038440411 58.409175222552356 48.106893999111485 42.6100878934586 43.76837637337593 51.13146575693698 62.54508494279783 76.21058555342938 91.12038130941319 79.9807796939077 64.08399775927023 49.14572314056509 36.36695097348644 28.78398563696206 30.548162320355956 40.454570806151075 54.2094462524642 69.56626706074931 85.66782738194092 76.09712448542938 59.189357504617064 42.59929971105359 26.92086991827001 15.280011311273064 18.464475660730116 32.35904177219377 48.49732894327537 65.23485917870991 82.20641943727335 74.72625792638031 57.42445065997877 40.12274974646914 22.821397076707807 5.523665951620914 11.786399376180276 29.086786324067887 46.38832472472436 63.6900762016227 80.99190420077511 76.00428854567521 59.07050182636891 42.43476369632502 26.660960770044806 14.819485945390381 18.087016710302205 32.14616397893074 48.356222132458996 65.13052475266309 82.12404620720397 79.80403728339125 63.86428781518581 48.86020846755437 35.98197474914861 28.298319106404968 30.093139479123757 40.11370146509436 53.95674998351693 69.3704729284787 85.5096718609682 85.79104057412097 71.17252508011416 58.04876444559503 47.67069146840766 42.11930247071602 43.29297287473942 50.72703819668034 62.21646367469175 75.94240807450065 90.89727927697389 93.54620546314612 80.31160117930273 68.90364542447863 60.36695920125805 56.02968423453251 56.86105529713161 62.65566251695354 72.22868421286601 84.30262120693567 97.95702834849605
49.13424670785328 53.50370483122526 60.611840043077834 60.794571801505946 23.299625863833718 0.0 52.678314673573816 39.71935336014329 34.221611990425636 69.7330674302975 19.831602623818885 51.98536579413033 20.627891344281675 49.86269074205663 58.729119911273784 41.04849190016871 84.97183253508763 12.310528455084427 32.137085207336504 40.93296543580698 46.951316968625946 44.22943943307642 54.665425755744614 28.934314311770507 20.13726563430634 7.600708166191851 71.2102286301025 40.00026563028615 29.28621372347783 70.10963271461806 29.38812033322791 15.227743549119017 74.64963810245551 49.09489718207562 39.62672855319753 30.116040818371047 77.63271154124284 34.531972421762084 18.008206564638034 50.81433348135794 81.31412697566269 68.43444410436696 57.90734419903848 51.20497400556009 49.89328303623153 54.363880471062664 63.40524257559452 75.39044734314862 89.13986646424665 103.95582481895855 73.44801240900632 58.91914714683082 46.336040360383556 37.70011583832324 35.97605028885347 42.023338953208295 53.25742390845141 67.12266940523787 82.29981565492677 98.18235038679092 67.6591748802252 51.55925100356746 36.57403577458709 24.812801774061285 22.190121252019384 31.110113158664497 45.188362556802495 60.94955611499735 77.37195862105285 94.11005727998024 64.50937255681475 47.370414200420626 30.416549077382577 14.320967022174644 9.150249042592472 23.687071179250275 40.46159842340955 57.54926476782701 74.73558808270052 91.96527442039857 64.38712657612994 47.20456705047255 30.158806851205732 13.76769804763936 8.261887614329659 23.359825833063468 40.27179580708935 57.416609188282465 74.63397270951171 91.88311135728472 67.30893650394657 51.10089641810904 35.92800905802885 23.854844240490564 21.1186384821955 30.358717490814282 44.67681840468 60.57306345689191 77.07713973038307 93.8689856135183 72.9097130385534 58.24982459120142 45.485883714941785 36.655107593778844 34.88460908616291 41.0972350953829 52.53320147160942 66.55223154896439 81.83745801440686 97.79696972331797 80.63306293515086 67.62751908698475 56.95589388944766 50.13151076032808 48.79615666263546 53.36350298242978 62.553689000679434 74.67909062138055 88.54191750630824 103.44601368011804 89.93369654815679 78.43852737647302 69.39617945901011 63.85727221407408 62.7564104333202 66.31498496638973 73.86258698682845 84.33493123348863 96.78726073244194 110.55252777641677 100.3740028440714 90.16863774142536 82.36814165489466 77.70021254754738 76.73864764977642 79.6178484968696 85.95270966216238 95.0548238639709 106.21513792030676 118.85527438227639
19.678946908557908 13.947690419755954 112.930718528167 9.965413674032458 40.22632455100068 52.678314673573816 0.0 92.04139466985148 23.299240023948535 23.183215784471034 33.30749441138509 12.478705366681693 33.402561076125735 8.886209900569378 11.226857147132273 61.17509181835624 32.30997947122169 43.67562291590621 42.31440539398645 13.634190165952935 21.548878584663886 12.679024795944619 107.32833714346825 27.094043228006285 43.550763713005615 58.74391722880142 20.381415538320184 91.20940668115915 23.767927708302285 17.470094852277892 28.783909286603336 52.61276783605485 36.90377521450373 3.6102200761693046 39.881840070225095 60.55087004615948 26.57805404092863 33.263384276251834 40.84799680599641 9.29983223929544 131.64388223462475 116.81613943207341 102.76479302206846 89.85481895579755 78.65028827942326 69.97528675049305 64.85296614624147 64.14021541146035 67.97588396645432 75.67144720330246 125.31790197985467 109.67189117585629 94.60429256482257 80.44079767015954 67.75081541023745 57.518043679705464 51.2365007580714 50.40569384909976 55.27196609659091 64.55964529944282 120.3083351150743 103.93787028125043 87.92481689091123 72.50636619257263 58.157372862020566 45.892200477875605 37.79702736989122 36.74021853706972 43.2409436201445 54.66646064081472 116.78478574055903 99.85739581030866 83.08443876341678 66.58272734267685 50.61824123127834 35.914680279149266 24.824047273490514 23.26614570171338 32.63594487502862 46.77186557366801 114.88411800705374 97.6380638008213 80.41601633784899 63.23759256089726 46.151530749565225 29.319749598967828 13.71294610783601 10.73104439285283 25.31756277688094 42.01804260736283 114.68707414031215 97.40720292202089 80.13685077008047 62.88386109037589 45.667916352264 28.556096482540934 12.002340301934503 8.448382281141713 24.441923362429538 41.49883776905351 116.20232373860966 99.17870325313073 82.27127148493656 65.56996904555352 49.28479852526825 34.01872553324351 22.006085620725447 20.247807733434936 30.56781686509212 45.35990447520963 119.36465457167378 102.8491249364657 86.64105541780833 70.95146730211465 56.21616480658251 43.417875393949146 34.76600159467454 33.62954170169532 40.64388672708407 52.64611311870164 124.0481215511816 108.22538753141511 92.93134757402495 78.47572253571526 65.41670660712872 54.76271349728998 48.13799836332688 47.26819008508893 52.44043775630016 62.16445962790541 130.08847301044202 115.06856615381875 100.78310629715014 87.59217776354485 76.06733982802476 67.0729920660692 61.72542291583056 60.9915149587617 65.02766682875198 73.04741954871591
88.39081505540405 93.1396022545273 20.91052276363617 99.57612490375807 60.14714200210184 39.71935336014329 92.04139466985148 0.0 73.70856339747662 107.04486411060168 59.550683384417894 89.76283426456158 58.89543407551628 89.58023095915198 97.02039921136969 56.811165223595395 124.18833297036237 50.91389230158199 61.20150163837532 79.57897725432548 86.03425762851758 83.94512419229153 16.37240865862575 68.44377351674875 56.22053858466655 33.30051024182675 109.65922747630893 7.272033176792908 68.96402383605253 109.33950709424136 68.5556096178893 42.13753753855384 108.87480974905287 88.50159006180112 69.09978903948235 45.539476337049514 116.00539125182368 72.05910615437779 52.89529368393547 89.1423490661366 43.21344661479985 34.29342339083645 32.914803053128814 39.867757459182776 51.905687185812894 66.31493868044768 81.85261312028182 97.98335526708134 114.45669048323197 131.1435798481107 33.84655870065224 21.389836110560722 19.187824698140226 29.62316862369664 44.56011217235398 60.76501500981332 77.44599716106264 94.35088700251163 111.377777203376 128.47817171032045 28.777664114242423 11.897065211595057 7.323926084294221 23.758222782651494 40.91429982480834 58.156858876486936 75.42661375446482 92.70836755335962 109.99646489868933 127.28832110551548 30.250615316691896 15.102602444719974 11.823306379926423 25.49913030850366 41.94441343981498 58.882723193717815 75.98506078286513 93.16113424170676 110.37652605409738 127.61532499612235 37.502341605401995 26.780014504992256 25.032447541713253 33.686620267014646 47.346214654704916 62.827147008619484 79.06672790944172 95.67943992965269 112.50010528883567 129.44768385894702 47.9804613016999 40.10953662876157 38.911842950211025 44.92431909728365 55.86558602803656 69.44378510282023 84.39562315479007 100.10748951465415 116.27168200780066 132.723038495294 60.018198253800364 53.8785037432735 52.93677547188693 57.449205537476125 66.31153914761597 78.05593647461629 91.58022822132949 106.20662488866614 121.53787938768191 137.3381413447842 72.84631436439543 67.81965400111145 67.01579733753398 70.57917815024992 77.91287028124715 88.08008852086208 100.22215475203993 113.70818036915627 128.11444856997178 143.1634214838342 86.11216308326915 81.844900207075 81.12060239074064 84.03093452954593 90.22485891798405 99.08851476572572 109.97828755030925 122.35438319941736 135.81107401239012 150.05792861512336 99.64091277286819 95.91720362566528 95.23957962918897 97.67146066277026 102.99281553256576 110.7880634249662 120.5783523923625 131.92024960156385 144.44872641891243 157.8815568439156
15.033085737003189 19.536632373001886 94.49206905049601 33.16897966550271 17.082806940136102 34.221611990425636 23.299240023948535 73.70856339747662 0.0 45.65970876220769 15.020407303111064 29.799504238200758 21.211196443698558 17.17317163871761 33.25239875651888 57.71368454030321 54.14789566513432 22.928293936003016 39.37255440089462 19.212005319835473 13.170475515522268 11.397938853630025 87.92551269165699 5.287337343845053 20.665804524847534 41.43797328165213 43.680621638084375 74.21678182308608 8.76385693472226 39.85249417224763 5.7246015645834225 39.96095092648537 56.878026400613514 20.005081261307886 41.53452179380759 52.43215372073906 49.84098599260653 11.275502148573759 29.75503839026432 26.88329511278584 115.5085897153898 102.1887756300326 90.2305239704178 80.24486944475997 73.0453332790789 69.50318252546568 70.1744545705429 74.94601919478414 83.11466499735594 93.79701118589033 107.53656088048919 93.12660963859214 79.87313361317105 68.45120946754797 59.9175870356748 55.618027195979835 56.52708392115147 62.417593982234216 72.07842544600547 84.22197661637243 100.91331729224676 85.42992932313348 70.79373713667762 57.65361036379666 47.27398370040224 41.766319668411015 43.04331027273632 50.593802354343794 62.17269731072768 75.95960058997873 95.91877332292356 79.49646372227198 63.54269671114255 48.521858566956304 35.63393193025707 27.99809535342644 29.945274662914954 40.103060961224465 54.02315628376836 69.47990517978144 92.81630452090049 75.7418259176528 58.80046516131791 42.153029718864275 26.362356253396186 14.552746869637456 18.091538274726435 32.27286436485675 48.523030541642335 65.31572485268735 91.79799509860469 74.49624497695639 57.19460403312735 39.893214318260746 22.592653011007943 5.3010371443513495 12.020300446847799 29.318728726804306 46.619756421245455 63.92127288073224 92.93239650721395 75.88339337695535 58.98187058922647 42.40454367169616 26.76083309278174 15.259477371783875 18.662092849683418 32.59460641623528 48.736594293715925 65.47377702011492 96.14332342318804 79.76601927616699 63.87806124945387 48.95819923581649 36.22310756278846 28.740762973612643 30.63754358352894 40.62014750198225 54.406280657921386 69.7767873480773 101.23333532470117 85.80598572433145 71.24500724507902 58.20429361174758 47.94093656513949 42.516254175855885 43.76797009337284 51.20882159919972 62.671815671305545 76.36671012856249 107.93685462480268 93.58644740550741 80.40634197352827 69.06978110133558 60.62002667195952 56.37054857546776 57.26419475057928 63.08276622733792 72.65246678520043 84.71141956949485
42.323560138688805 35.50046321357016 127.50113406239828 13.600689885263298 61.914646892124345 69.7330674302975 23.183215784471034 107.04486411060168 45.65970876220769 0.0 52.37295355647557 17.793408305086654 49.11548732203158 31.811029580001268 12.407381421010687 64.64690105917593 24.174687089580903 63.115131923554834 48.88686440477492 29.39925760119284 44.47593248408595 35.78702308383734 123.07914299624129 48.575110213134906 64.80887834061922 74.41788558264335 8.662385444789576 104.89806712040323 43.681008903510865 16.792295166810366 50.72821343074014 65.18859501379355 16.41651238634343 25.90737078225289 42.91729684941408 68.3423227120763 11.662011939591624 56.20793049271512 54.15575359266398 19.56035585228486 143.33508581163875 127.2925116058867 111.62670479887746 96.52129280660063 82.28547705232914 69.45603307551693 58.95831032069958 52.2180544424118 50.754990811903 54.99194489729905 138.9160299089473 122.31851313474665 105.94659450519067 89.92357900554337 74.47500370901248 60.04589275119699 47.57309363269817 38.981998179128674 37.07694794738796 42.76109094681889 135.80637310922612 118.79159502993389 101.87357908575805 85.11004743940946 68.61432232431453 52.63878108834948 37.8479631488206 26.32121479342598 23.491602234578217 31.77444565300848 134.09728527431494 116.8429241138298 99.60506560399133 82.39406807212066 65.23119647818993 48.1679220591405 31.367206092324025 15.69610466360607 10.3704853413921 23.820986794302314 133.84245517645655 116.551717498798 99.26487999776155 81.98440982782996 64.71540785210972 47.47039158164794 30.290355646131015 13.427088970768816 6.463845302535689 22.405119476755985 135.05011894121188 117.93025835600343 100.87253843607292 83.91486250937095 67.13308613681257 50.70217276840015 35.11810583658059 22.238802949179487 18.829745633916183 28.517823367644166 137.68178061465392 120.92143408755348 104.33801939501978 88.031584796954 72.19006935658975 57.20105651943864 43.94569582622826 34.48472209414412 32.34001384900279 38.74616749032711 141.65806284764722 125.40986700182785 109.48500356931416 94.0478631633848 79.38348958576306 66.00893550478044 54.875531968078676 47.58331373355758 45.99698661662179 50.655474577040636 146.86974111949672 131.24196929406295 116.08998369628546 101.62681874590628 88.19202019543974 76.33053601450311 66.88471570600834 60.987505497620994 59.69993822138517 63.30391445672848 153.1907092312026 138.24771606436175 123.91995710268873 110.44712630801172 98.18180494333701 87.63248887085257 79.4853858361002 74.53245729027996 73.42298679936508 76.32476638675963
30.03647493454666 33.805085802202576 80.44249251227899 42.04076906913609 13.861298171894859 19.831602623818885 33.30749441138509 59.550683384417894 15.020407303111064 52.37295355647557 0.0 34.70582029005729 9.205163583041294 30.031759724148056 40.58740692969146 45.66537303860873 65.58699950158726 10.742912260120475 29.188331428395603 22.974389177582236 28.16512046527472 24.409198829429318 74.36027265783129 9.920299536110727 14.639291827407156 26.701589363646363 52.66965359514754 59.5953534223125 9.578734829198757 50.77411746076437 11.453174592008276 25.26348276244113 60.04892362605921 29.69780419628924 33.80309203603034 38.70129120703515 59.09059872837108 19.503713714652744 16.329698316280076 32.86793540982302 100.7849360428694 87.23061307752062 75.2293383181451 65.63858462217996 59.6329707490152 58.330571498648126 62.02835564680256 69.93765222640691 80.83149420414507 93.67434372855281 93.25272915095557 78.44959020349263 64.89459841245834 53.54422092384052 46.0582487389985 44.43472685718042 49.25679259007061 58.963736932352155 71.59550908452344 85.87092383477581 87.36784287569382 71.38817995919476 56.19709610698353 42.64579800815005 32.83174787654065 30.592357763351465 37.31715614077074 49.4768333197443 64.04727185618097 79.71736406185418 83.47948213041711 66.59577386153222 49.99882553647702 34.109827223547256 20.63468853200448 16.935546280366424 27.323019310222186 42.485224961672394 58.84006794058288 75.61762459791026 81.8726626236162 64.57958064654504 47.29297162688323 30.024018244303104 12.84413310359769 5.216839680069478 22.094629544938673 39.34264188669035 56.6235627979757 73.91431413916368 82.6805334281142 65.59612367756428 48.665647155133534 32.13334595848523 17.189286486357876 12.53411964599272 24.84853473866191 40.94518457623931 57.74322072126507 74.77141082321785 85.83492999328776 69.51246520304277 53.805583457724794 39.45642133899819 28.588248278088084 26.009172909513072 33.6805076025734 46.807974645194726 62.01860018944417 78.10465690042271 91.09236571157156 75.88088559998626 61.77948214888901 49.741390576848474 41.59823752685797 39.81616130553444 45.15468905697254 55.5992004751603 68.86437504228331 83.61841372070941 98.11528411037314 84.1463970718134 71.64721082820498 61.52015128567276 55.08933403669653 53.69953399005879 57.71606962243055 66.16153678898246 77.60317469962348 90.91675319749163 106.5550838102168 93.80877315776006 82.7337728130239 74.08346383487573 68.77887227450105 67.61211531065118 70.78809370292716 77.7766127521371 87.67063350892533 99.60808037360147
31.037236921641302 26.22526602996613 110.38366845759522 11.676452534554633 45.0412655090605 51.98536579413033 12.478705366681693 89.76283426456158 29.799504238200758 17.793408305086654 34.70582029005729 0.0 31.39635518903389 20.504223289096704 7.73107889383978 52.00429503516086 36.15711366216235 45.43272719115512 34.15496756571461 11.796490984635435 32.387017968133954 22.09259030731932 105.66265241509036 31.848092263885587 47.65480928001278 56.869327069943715 20.164501310071408 87.9663087188333 26.37410187626359 22.436728894986086 34.27542566939472 48.32481817932174 27.087175691987905 12.79205127977602 29.99106976881015 53.42582162206899 26.354551115698158 40.93759793136583 36.93479822736483 3.410238735526333 127.20922339632264 111.60474696315117 96.58029387082115 82.45354677570256 69.7719297439112 59.46728156987708 52.94613836181615 51.66168939007067 55.975595815952964 64.77889391085051 122.11101414034414 105.78448536681786 89.82383627645065 74.46470594776072 60.16951013510594 47.900460515399445 39.58844446354369 37.930757998172545 43.6914925290344 54.569746987748516 118.46910664471451 101.57854934197408 84.8539036715374 68.41695020182523 52.53840506096384 37.92624108245074 26.74371596913185 24.305632062347975 32.63452130774225 46.23819889366533 116.42030507515459 99.19256567509242 81.9960721909719 64.85568396390921 47.83175460149203 31.116022757565055 15.72418883148554 11.1806294428257 24.525006691916936 40.947021258061156 116.0490468832547 98.75856628226958 81.47294689150993 64.19611565887041 46.9377778088362 29.73015699626282 12.77978927290586 6.440288979913071 22.76719481792245 39.92400940607888 117.37125717903295 100.30189881486928 83.32851767870629 66.5246185244348 50.06116198990529 34.43003149045875 21.527801926917356 18.443901482674388 28.55907573311633 43.47155587598612 120.3311065358232 103.73432485125505 87.4114054925391 71.55002567290408 56.53996147242612 43.276287026556254 33.87647414299575 31.95469743257196 38.64322167922147 50.63796186227059 124.81210184980034 108.87728002077198 93.43001076758773 78.75769924526594 65.38414899730722 54.278008081610416 47.07250635090422 45.65351047532818 50.51107457791242 60.14314394004255 130.65777044847104 115.50242886360488 101.03893072704047 87.61059482912628 75.76980589503482 66.37173344102669 60.56440266630475 59.41029453365478 63.164987760136064 71.05451862292414 137.69433697907832 123.37113004259572 109.90827255646799 97.66221573362226 87.14743682751251 79.05776664986186 74.1907847951756 73.19222628379744 76.21429516347767 82.81801099439878
35.35237746136261 37.49180329354372 79.71926370842002 40.6910812855788 22.930525414092052 20.627891344281675 33.402561076125735 58.89543407551628 21.211196443698558 49.11548732203158 9.205163583041294 31.39635518903389 0.0 32.56322199113279 38.31481411739165 37.00299554970432 65.33019734277086 16.823834230404984 19.99403814141427 20.691711319452004 34.02089031402142 27.66542472238735 74.52795764270343 17.10868414296944 23.142746022005117 25.67359339367621 50.89769848452677 57.817613870603864 12.936549180687642 50.50839819627238 19.425670535197018 19.80456525446018 54.53757404665233 29.964377604359807 24.779518572571792 31.23606570437049 57.291646261161674 28.13995209194444 8.633826311862276 30.395707380330958 98.31703133408293 83.80797332612225 70.56922663922354 59.455501989869475 51.85170487486756 49.40590544911829 52.83927801689871 61.169736983974076 72.73366316334888 86.23999306920466 91.95450275365484 76.28047171086405 61.48575106082888 48.3838013599938 38.73234199098492 35.4697593698537 40.18358837889067 50.69561274736981 64.21897663602928 79.2263605118391 87.4261154580802 70.78223003490358 54.549370747926126 39.24098552505662 26.510137243984207 21.55066458754966 28.71909203637049 42.23568025227207 57.80683749419028 74.1493059406554 85.0254992108499 67.80876886061753 50.65013403996035 33.6386139381557 17.215979282031803 7.741890153287541 20.547435586941784 37.19100268613622 54.24811128458853 71.4230901083782 84.93330351638679 67.69365847183926 50.496635028973856 33.40811730782579 16.76328892899089 6.680330099727927 20.173228934093633 36.98655055387231 54.108817017007155 71.31785636810186 87.15685560170691 70.45091270237742 54.12075650268519 38.64573753848045 25.62501389340479 20.457302018402437 27.911872678175197 41.69359217699415 57.413850093070025 73.84481226216826 91.52750595631719 75.76755766657917 60.85120418546465 47.57859933718923 37.72644943595124 34.37374968392381 39.22412721491086 49.94214104679894 63.62869287498498 78.75094583307995 97.75763650494682 83.15404594835391 69.79496658093326 58.53871797898071 50.80283245559307 48.30917313300388 51.820138676975084 60.29576665563256 72.0037104665866 85.62821559172015 105.51831157725009 92.11369059037602 80.21498904944394 70.58789910861287 64.26159888726457 62.25069671339088 64.9572163033489 71.8500189089432 81.87859942092352 94.0450925213003 114.49863562674989 102.23360620157322 91.60877674119276 83.2544940413738 77.90467664775551 76.19482641740792 78.36357295147991 84.11142979599161 92.77553956905206 103.62699419214357
10.802347844800142 6.249589826586189 110.4742036739368 18.27855415913522 34.16550735390316 49.86269074205663 8.886209900569378 89.58023095915198 17.17317163871761 31.811029580001268 30.031759724148056 20.504223289096704 32.56322199113279 0.0 20.097910903551977 64.52006760689598 37.00857503648125 39.52048815617507 45.3574292390048 16.708609863791427 12.699366100014744 5.824604535432748 104.30528520614747 21.91308864358702 37.8282003291614 56.57007561977845 27.924416537453528 89.43972402512351 20.693036285384146 22.97127669250637 22.897772220867278 52.35767296109972 45.78767787764566 7.748933913812678 44.3962233814488 62.216992654499016 33.69004272353054 25.663582940525988 40.840374087164925 17.10650096538178 130.43414146417769 116.28201372273229 103.09528182559657 91.2932446463418 81.4798433113571 74.4456995337587 71.02146476527294 71.72603224190728 76.4453262818135 84.50941417813924 123.24782657506965 108.19806014785748 93.92715981721783 80.84862491497073 69.6375374209581 61.32675398091448 57.19486478830949 58.1397629087411 63.93675916570515 73.44578941387913 117.3143099916156 101.41982103384197 86.0698399603638 71.61535509837722 58.72142116751882 48.645205366545774 43.395981261222936 44.70761520579847 52.086802632135466 63.450797021848686 112.83150010258203 96.22373265363922 79.91104707706143 64.11905779858593 49.35018855051041 36.855638049008434 29.663856983007935 31.62689006711515 41.46426592406621 55.10916376603124 109.97700571464406 92.87580324040015 75.86567283567663 59.025403410511366 42.55712192414014 27.146481372489532 16.16993262533561 19.61413870336042 33.266719086886816 49.26811551391972 108.87901334050942 91.57900131439825 74.27988294691833 56.98247215240763 39.68900159639301 22.408595582145256 5.271343029687057 12.33460789146537 29.583976059056955 46.872105992970575 109.59034690999074 92.41972797128682 75.30923550123615 58.31182244070375 41.56644285995238 25.57308270064369 13.375679299258252 17.393903694723996 32.01405669213519 48.43515889463701 112.07655120780596 95.34144177137762 78.85136604374715 62.79964613349795 47.63153788933498 34.531745809515094 26.736300330777627 28.912424005831877 39.442831898778955 53.612087576033424 116.22374645609595 100.1621626056213 84.59115848597806 69.83963823653849 56.552557351937345 46.01645484206495 40.44183710784314 41.86019541710775 49.676105235073706 61.496834077083534 121.86241549205525 106.62456330708369 92.11865163974788 78.75019840268716 67.20149407833324 58.559261896444184 54.231289779091554 55.24108722836377 61.3255406420885 71.1952627751437
30.860475762410154 24.65624573101756 117.72070354395456 4.557459935291367 49.58744394144019 58.729119911273784 11.226857147132273 97.02039921136969 33.25239875651888 12.407381421010687 40.58740692969146 7.73107889383978 38.31481411739165 20.097910903551977 0.0 59.49928330539087 28.426039649796806 51.3087196909693 41.85485581861609 17.825869121547168 32.775472356767715 23.55983772148136 112.80526092930667 36.24532011184804 52.56420873124436 63.95173322669803 12.647295160324136 95.40620200553313 31.598236036467988 14.943939610609654 38.34862664452086 55.847993995760035 25.763224858082587 13.594541265899203 37.41851414256558 61.15329665438647 18.991716287573805 43.846204234966166 44.34007271179979 7.921808121318222 134.84227526496144 119.29866024282795 104.3101137536975 90.15391109576395 77.28876955811647 66.46862773871257 58.83282593141212 55.7065768179713 57.82596609329914 64.67735591828169 129.5760908961506 113.34053347506926 97.47253309223679 82.18526552384122 67.87227721292003 55.29538083899635 45.904436098725014 41.899407494442634 44.75051314442936 53.37004298699763 125.66505289823864 108.86870053002383 92.259374167182 75.95985795087915 60.2222355097612 45.63162293222252 33.71175024946575 28.096777932549312 32.265856371211214 43.49082404832701 123.23830602728322 106.07137635676547 88.95676644844596 71.93183103982817 55.07978705098801 38.62758303989875 23.433096392140023 14.312318004045617 21.430993721347 36.22768474836811 122.38421323081843 105.08241499902027 87.78066893659631 70.47901346441618 53.17753700491408 35.87649854614767 18.577121870329144 1.3451279007198018 16.038169602058208 33.336916509032285 123.13551581106289 105.95248053997767 88.81561651293505 71.75801046629911 54.85365184856757 38.305964309997826 22.901602736036466 13.428798889459367 20.854126616204443 35.89107521112063 125.46336615165383 108.63690357207372 91.98699561215707 75.63033702353353 59.80801256899036 45.086126794235305 32.97315975013751 27.210469883729044 31.500794457821684 42.92901588018005 129.28259870827122 113.0064233889503 97.08562442243431 81.72815032796771 67.32063566987856 54.62005824389171 45.09255906316732 41.012587677096 43.92529064119463 52.683349482267765 134.4661427839188 118.87530843855771 103.82790182734362 89.59813770493516 76.64279616333344 65.71992824712724 57.98964196852796 54.819586138215506 56.97608546610614 63.92230008088144 140.86339598052948 126.03419760770184 111.91707674883531 98.817688862353 87.19592685167503 77.71752795075069 71.24316883892736 68.62837988799883 70.30512364243283 75.98984642133131
