0.0 60.509385512389045 6.215133424805905 54.685809471223685 24.393338592890814 58.69726948125512 31.02175851301193 51.968776935025296 57.518345069836904 12.064844339934712 18.13412585215059 37.46818216520573 58.2241588851244 36.175345389029616 59.09784097111793 42.31266671532936 26.51547800015948 64.1839750143793 44.972731036810806 62.56053276935439 6.522566858204121 51.57295808120422 6.017291504729308 56.54800521092191 19.581839057908102 52.50415040098004 36.749777648819844 52.898861948766196 59.0388232334698 50.09705321083354 21.66463411420024 28.477058463739116 66.28520451679321 40.82405478363259 32.869707426251445 44.64608609987651 26.61524975922291 25.22255936004912 46.17229461056804 74.51454764649226 117.45045201806013 105.74205620645466 95.74359943919491 88.03960374918876 83.26936672902367 81.9468343211268 84.23455637557464 89.85720857524994 98.24385981003822 108.75695223567044 107.96019603261746 95.14184407753467 83.94776922115508 75.10776468550749 69.52564686016302 68.00842391351749 70.81784218493249 77.484699888589 87.12796082925226 98.88061132341032 99.57211911244138 85.55198643770223 72.9546237570286 62.64432246503569 55.901202244275815 54.07658415061769 57.63947224135459 65.71940225601807 76.90559258686876 90.04776385220993 92.5864054539603 77.349356215939 63.18472171815308 50.994126424334624 42.51115760209168 40.1584590258237 44.910030747848815 54.95293997567678 67.98121859634344 82.5940207961103 87.34031034622161 71.01641486622222 55.29053090346191 40.8590833578805 29.674851916657715 26.276210493539956 33.151046706374146 45.89395184274512 60.92805586850609 76.92146271483367 84.15986214159088 67.08487642404 50.16564337035243 33.638011021822805 18.578285094890436 12.549997986269775 23.844603218979966 39.72833543844637 56.45200662125058 73.44406270915756 83.28209902651476 65.98544587351591 48.69254258619531 31.409583368907114 14.17299329098637 3.728154739646097 20.630999108562307 37.89578734095003 55.18384600299057 72.47852515532153 84.77858679087744 67.85593960884032 51.18750511916509 35.13694919398627 21.16038977012844 16.11308071174251 25.888472783482218 40.98178930125773 57.33684211591925 74.12308851849544 88.52898442657025 72.46671982901631 57.13299515008617 43.308683191867686 32.95169491570711 29.9114628339468 36.08720372885552 48.047749063867315 62.55873528319539 78.2132583599756 94.26460444383733 79.34141818415776 65.59733104110704 53.94129449566083 45.98935611698874 43.807336284611665 48.18556589663772 57.648235196720385 70.16761000498771 84.39414777209153
60.509385512389045 0.0 56.860313663003154 88.55992891009642 38.45744651932501 12.589695978194465 32.029347224586225 15.272938673441557 94.01348267546358 61.72609855738117 54.38172485788198 65.08917871223004 68.16788353957658 31.29749031546054 6.069886849594476 60.46268802098022 56.95872814540152 4.268024088653949 16.789824019733356 72.99180906628978 55.58976598679151 8.93690154139804 61.54552826686698 86.55453518813827 44.95994914502799 14.612469743413456 23.785574689546852 9.267548480152506 90.73469272324884 16.200433360474126 40.466313311770065 57.61918228539792 71.93097649625209 24.90340885469115 61.251225073849355 63.65579901591839 80.59094290527058 45.086008186252194 17.45837252116527 82.19345718894664 146.66141211727484 130.6470584469169 115.00625230253209 99.91457535449803 85.66275024799796 72.74607415090875 62.004644515527666 54.73445616452274 52.40081635689975 55.62850466497008 142.16360920008313 125.60068653480707 109.26700966960615 93.28307785145805 77.86457533537663 63.42521453240232 50.806789433658906 41.69662018063177 38.65996229094372 43.00329640994682 138.9391752721827 121.95610335042782 105.0771070478005 88.36184849115735 71.92457628818258 56.01056723508101 41.23024584109836 29.34950194881912 24.931183678267548 31.312060567645702 137.07804619270297 119.84132388559529 102.6265466125979 85.44697902769578 68.32918393092532 51.33499317974331 34.64676996871714 19.084779542294 11.259304930032462 22.09135761457578 136.63596935798017 119.33773547281292 102.04075491148204 84.74579510380087 67.45441039984274 50.170297455283674 32.904917274764735 15.720114017198611 3.1974925043898543 19.28832552776136 137.62662636747956 120.46555303211984 103.35145345655329 86.3122742029637 69.40321827474948 52.74956888953452 36.700675900194405 22.58482870003062 16.490046867075936 25.14917665332406 140.0195962600629 123.17995819660375 106.48861910833297 90.02810134534987 73.95269567910245 58.58030811448808 44.64317342757931 33.95706852717752 30.19703970008872 35.62792506957776 143.74482856936274 127.37952544341803 111.29786785300415 95.64304156653651 80.66394198719061 66.8165832658024 54.96311661011841 46.649080393860075 43.932144742553966 47.77692024172473 148.70217995321462 132.92350635941813 117.57412988430289 102.84644256834898 89.04943984184338 76.68710439195213 66.56364233515441 59.82660143348203 57.67515283581188 60.59968257032134 154.77323500550696 139.65180441649767 125.09671140760669 111.33030342034557 98.6832014153983 87.64131760438445 78.88165432909926 73.22785506036422 71.42135991972978 73.74544784517677
6.215133424805905 56.860313663003154 0.0 60.243905988295325 23.175610564695248 56.21285414063156 29.29006469427384 49.620674856729195 63.293731593135774 17.377107292005178 21.39021853993396 41.81677742401677 61.71473208138906 35.18277272676838 55.98361783736503 45.83256351806041 30.206257828913394 60.70440612156073 40.78422775735679 66.26717873802846 1.4369748674471243 47.954244537329046 4.733246795970942 61.849467120823626 19.808734601139825 50.10003898558092 33.37832687471816 49.785975183372116 64.51441042114597 45.41190720932897 16.843338632418924 32.21233468827197 69.65287552571007 39.06022784291986 36.961557286317245 48.42750273623289 32.823880967106355 26.366364080581945 41.66680461964386 78.3133795846648 123.24267502107459 111.25069532970132 100.81347206855432 92.45903830690742 86.79095606260223 84.3525045255576 85.42071564440721 89.87063468454828 97.23909692951915 106.92442022252142 113.936712042914 100.8942039522403 89.31066957549083 79.82380771597936 73.25280968199247 70.41872793759899 71.76565775149896 77.07471239471093 85.61192801722541 96.52451717812077 105.69853214613183 91.53431126386464 78.63573318754315 67.72979318116391 59.914682591650696 56.488153193227376 58.23016115205623 64.72472355959658 74.74306634915233 87.07732224753651 98.7957430471665 83.50695919134382 69.17319100443223 56.52568624516133 46.947638798727475 42.564223283064486 44.92271307774011 53.132776404785616 65.01414029477168 78.92584924790951 93.52460618807667 77.22892455007181 61.485536589842816 46.854511313877715 34.769654145349 28.65697238988585 32.12825675289522 42.917796957144816 57.011922503517674 72.50855754737591 90.17180013637432 73.15208980626309 56.304666779778735 39.848655113220715 24.583077156677366 14.813932822464087 20.815621150190143 35.29646040452579 51.547092113137204 68.31601458332607 88.95455231275102 71.65323004421585 54.3522950405107 37.052289785745266 19.755656971041205 2.5324668097980156 14.874622540507223 32.168447352910526 49.4679412980374 66.76869797464539 89.9596108843157 72.89157215924699 55.967345226566 39.37281943251499 23.807705200782653 13.494720534490762 19.902785639163312 34.768477225915504 51.18872805148381 68.04731801434434 93.1150289162769 76.7346950822021 60.8664785714759 46.04294694259051 33.67324869705791 27.32274432948827 30.949749640570346 42.04701669755603 56.36245371448428 72.00146338388913 98.2137219583023 82.82073145089134 68.3470351727229 55.51635936915393 45.733143127294575 41.227174109712195 43.66399743438284 52.0779679031015 64.15909983709739 78.2264068253469
54.685809471223685 88.55992891009642 60.243905988295325 0.0 56.108049462582336 79.07590718106965 59.87378003456992 73.71352771320129 5.828968916684494 42.86699132993217 42.02351868605969 23.79074242763362 29.72476268624882 57.85794020144454 83.74757472150608 28.459208979332132 34.67781671085979 90.17804017521435 80.50409530660734 29.027039094884188 59.78482116561448 81.6976904973487 60.4520344771726 5.253285776693574 51.05387785540495 74.42045667687493 70.50569057081385 79.33493416658318 4.641970156157354 87.56972774123497 67.72329908092121 33.18910133581134 34.60112165891598 63.9595481052779 28.406855381145576 25.63791339897461 34.66324680731917 46.64548023316919 83.34945054076039 35.064426489741 63.36106260475368 51.058351548679966 42.40273695467772 39.84638966835976 44.45428289771631 54.43654651298094 67.44774091440497 82.05951341812028 97.55529488438243 113.57382271863153 55.50308780515752 40.95357075074015 29.538238287528145 25.817250969414683 32.54633215438071 45.28473681467823 60.33955089823417 76.3526409453525 92.82941623479645 109.56087631997244 50.48476212075928 33.878394574062526 18.587441329424532 11.91441459627496 23.17599013868777 39.12815746213877 55.889281956256234 72.90352469195038 90.02748986359532 107.20861389579107 49.18320016426887 31.9157452964443 14.729426008276985 3.743094510755866 20.243001155386203 37.473470726829746 54.74903190129731 72.0372511498064 89.33077960919907 106.62703405435558 51.87892172013226 35.91384601183567 22.06577447190729 16.81382532038076 26.023514211999483 40.87118927989778 57.11739827342135 73.84478660700981 90.78777496808102 107.8447954671295 58.01735386070911 44.28668382689138 33.98994494309679 30.79011736890398 36.59856930893411 48.26580778176876 62.597364989617965 78.14077670357835 94.29867889484139 110.80257070996763 66.65395760567641 55.07379875427422 47.140219625190106 44.83281226772295 48.953708315224304 58.15198889299473 70.46662911573341 84.54668283160498 99.64658091816533 115.36656513574857 76.95204568649386 67.12099437353967 60.72507729235984 58.89430120890074 62.0341760152773 69.47399404905573 80.02330460823487 92.62569453187263 106.55517758434715 121.355630390666 88.33229367477325 79.8598967006674 74.50704359557201 72.96357611160003 75.4635990529357 81.63647208413425 90.73565900850548 101.98084872028721 114.74281957400363 128.57069350843852 100.42735481281716 93.00657102580107 88.39381926981815 87.03670885546204 89.08415383175762 94.31468926716659 102.24094644986708 112.29353508352787 123.95620711583567 136.81783843095224
24.393338592890814 38.45744651932501 23.175610564695248 56.108049462582336 0.0 34.68845945490263 6.805236651686576 27.900720405535363 60.797743182509656 23.28879014234138 16.36005175580985 32.79786032021475 46.56628900487739 12.008666568198516 35.94208248399893 32.39154940789899 21.506329907763515 41.633365405263326 25.674576138605854 51.66200577335246 21.739671747672343 29.815420535011388 27.64371126065617 55.69521027618595 6.521918811393719 28.483089581089573 15.648745157730973 29.90272300703976 59.3962486436599 32.39056722542464 15.150083883054858 22.91901192491344 53.60469713313441 16.473359249319255 27.81543366363448 35.716838127447 42.176468805822225 9.627007086248652 28.078575239440166 63.483154622813494 118.6018609903788 104.40065627337339 91.27588075454109 79.76070186816351 70.6466311698592 64.95242264326616 63.603315144658374 66.86284443671151 74.12551526618834 84.36372347828457 111.5884725296012 96.39749419027935 82.04674323639279 69.062006706991 58.362273520591 51.39504524901993 49.75387309001159 53.92723434811674 62.76580937928276 74.63007808607027 105.99171599064934 89.8905491499675 74.33091636945615 59.737482072164084 47.018674317768955 38.10055169209676 35.934046227692065 41.58805900454805 52.59833609184521 66.34991033772631 102.04503330018814 85.22333141833623 68.6407668898961 52.52432583933354 37.48020804390695 25.484082280488987 22.199598394705312 30.576414973647267 44.449110237799445 60.1268734738135 99.94415357604477 82.70794865136921 65.50640428249949 48.37650803597422 31.435606457015673 15.32388569272479 8.953149611545017 22.89562401530009 39.58501744312175 56.64318942935692 99.8057361435569 82.54139891296147 65.29696417168272 48.09384527931358 31.000900078051114 14.4155154516544 7.298752908157833 22.303585596985425 39.24718455047864 56.408744782914894 101.63780111804219 84.73753539911677 68.03946543280756 51.73972814730648 36.37776439912866 23.841050274104674 20.30175547220006 29.234201441521726 43.54110074602371 59.46198816040792 105.33755978643516 89.12183582016655 73.40374468589094 58.58520157656622 45.55271616084829 36.28473579314665 34.01208828712983 39.94709305893132 51.31692054455806 65.34363335893208 110.71788776139347 95.39301209813446 80.86968081571783 67.66599016397262 56.71128288334453 49.521262298107935 47.82513632938778 52.16161751971061 61.262773783060965 73.37658340898892 117.54817520260886 103.20760019952026 89.91517643155815 78.2071872353048 68.89618485028436 63.05314748662127 61.67178851415404 65.0370245218144 72.49078967869656 82.9379863941473
58.69726948125512 12.589695978194465 56.21285414063156 79.07590718106965 34.68845945490263 0.0 27.886146928474734 6.792500358847857 84.70312259772209 57.44097171920304 49.027169413402945 56.24835338890994 56.727917249192025 24.586267409787496 6.527161114680671 50.640459861693024 49.790730399784195 12.027197119746216 21.813764592583762 61.38925119999839 54.82438987165774 13.606317884440092 60.93399849147858 76.60973741285676 40.744288573966564 6.208543063521309 23.579677177684566 8.677630386297054 80.85173442830967 24.949971290698528 41.38354074513411 50.07850417720018 59.96267944158285 18.514040755296357 53.003096460783915 53.64109907217885 75.3793554804208 38.98520162465405 24.102509767566623 70.11175173012882 135.42024954199607 119.1523315514518 103.22120253051871 87.8103615721757 73.24893826659171 60.156950764641884 49.70930399777943 43.83920041720216 44.400906445444484 51.183101740824206 131.5332531256009 114.73616436292511 98.11466498835384 81.77589435240243 65.93038485337674 51.03962906617814 38.235862251347065 30.292374083844336 31.17665844555152 40.311902394784845 129.0618620209658 111.907583377458 94.80697550118296 77.79543937313655 60.94760510593936 44.45000727087335 28.908616742642174 17.15591719903866 18.752473577876057 31.744250393074484 128.08807858059322 110.78829693149304 93.48931054489492 76.1916611054461 58.896526591325696 41.60704331849914 24.33525938963997 7.209523707157927 10.5101475382843 27.706727651208762 128.64592961949123 111.42984138913204 94.24519511746757 77.11301420548644 60.07819923570354 43.25593593247186 27.04579209109233 13.805312482320906 15.761070461664023 30.082369220577448 130.71579925097703 113.80243237568679 97.02616869603095 80.47280015980265 64.31466454785364 48.94477441909671 35.405030245921665 26.648672523691292 27.66762882204572 37.67696881108455 134.22772840724363 117.8014908592062 101.66614658195363 85.98561164608994 71.06160283064422 57.486375091189586 46.45773544930511 40.13309087031826 40.76413522140551 48.07775364662027 139.07246514401638 123.26876794054633 107.92556409853917 93.2703879639477 79.68376751169335 67.81106095651639 58.70159129664138 53.778372076003386 54.19455171219573 59.83882700366082 145.1165174845644 130.01910776711276 115.54144110458776 101.94789027503273 89.64157262239118 79.22463155543973 71.52736847215958 67.48687375215543 67.76048487193192 72.29923916794554 152.21700855732638 137.86407941296864 124.26452653333699 111.69387710066518 100.53881476821051 91.31958078615384 84.67089146941294 81.22644493738578 81.39405580239213 85.15239720998275
31.02175851301193 32.029347224586225 29.29006469427384 59.87378003456992 6.805236651686576 27.886146928474734 0.0 21.100825932704456 64.86251407457716 29.928013201887044 22.365532146174527 36.14359446712638 46.91735822715411 6.837205607289073 29.237802468775534 34.17862123142372 25.97660165969715 35.046944821593335 20.683162285827613 52.09059656063289 27.857677518481776 23.60357919552975 33.89253299457829 58.93363502519615 13.077819651663471 21.679635745865287 10.631930497129646 23.27061873451117 62.82889062737362 27.709778982281254 18.041128493311856 27.04750960130321 53.333071700974926 9.824366513599946 31.499532470759725 37.58649140643316 48.584673094116745 13.643329948074905 23.4759846771142 63.53552897999538 121.46587180563812 106.73486346149012 92.89456517007451 80.40625282876985 69.99733456351395 62.711915091990086 59.70458809552221 61.60509298356083 68.00318536684033 77.79701186474728 115.10213543165561 99.46743637395167 84.48516737867355 70.57208659092595 58.49614171386888 49.617346523134785 45.83303227649044 48.35448180291915 56.3413548318268 67.89141263181574 110.17761060620934 93.75210468282626 77.70789521443817 62.34007874253571 48.298679583068335 37.12072297601671 31.966268034526802 35.55903686638256 45.888522602921825 59.54642309539441 106.89147199502129 89.8855138992971 73.01874029751166 56.41612590732122 40.40462958919564 26.09599440926486 18.115732342642588 23.95977033595034 37.66528153257585 53.49755390134011 105.39712761296424 88.11144367448803 70.83369270360575 53.57155080773441 36.34726410824324 19.26264983476105 4.437259002228828 16.341431226901925 33.36328820617904 50.575578529630924 105.77057053121663 88.55576972346842 71.3831090209514 54.292589706658354 37.39699830201537 21.168344487479143 9.817091019162017 18.530107533861543 34.482860028619804 51.31747779933377 107.99242057175191 91.1860626327922 74.60659493143906 58.44741968126479 43.18296653694904 30.20177481384159 23.627032745299342 28.337907866765754 40.57768154605454 55.576706707824854 111.95264911093315 95.8224437748188 80.18224571011967 65.3846391101352 52.151857536028245 41.99033419622538 37.48688832091618 40.57156805824875 49.85523224351862 62.63978718017583 117.47552660129118 102.19217220640192 87.66231472196161 74.32915603618498 62.957653263571466 54.78329512566282 51.356142751205596 53.59475743832489 60.87728069294445 71.68255880798013 124.35294885012466 109.9944449782179 96.60534492491277 84.64691438131528 74.80842375803226 68.01612397833031 65.22866457394346 66.94816613195067 72.85621401076607 82.05298042474433
51.968776935025296 15.272938673441557 49.620674856729195 73.71352771320129 27.900720405535363 6.792500358847857 21.100825932704456 0.0 79.2541074595493 50.67176590631751 42.332434424678915 50.51813377775517 52.93464255591508 17.960471871278582 10.034655916424372 45.430576181483076 43.43831866482577 16.46451814021347 18.158236067338766 57.79731272238885 48.22140247672657 11.780893159955118 54.32990052831904 71.518839883566 33.95566288680765 0.7113065980788735 17.602009543626785 7.01806580589167 75.72592195910391 22.952515628287593 35.20887263774733 43.833741363530805 56.92647344168752 11.764665013928193 47.01225276575028 48.56424797008123 68.71252259245034 32.35825209792963 21.000381813176972 67.26164731218788 131.3888359603976 115.39918219835154 99.84797955481876 84.97628800307375 71.21111400018853 59.32772306864488 50.66791317029878 47.04677309677623 49.580873589596074 57.461551721742076 126.95586500131152 110.34937956238869 93.9940831198594 78.04804887777449 62.82369287302073 48.99839813082249 38.12581583728352 33.24185355647574 36.81266090953384 46.947112364397654 123.96283633261201 106.9084689246495 89.94869880621806 73.14935310065772 56.653323417088124 40.829915533107446 26.893804189642754 19.446931847188086 25.135659249001648 38.52442506546095 122.51537201799935 105.23444045982647 87.96176434846596 70.70339430268962 53.473183884785726 36.31124170091486 19.399603170732384 5.735536830736383 16.975323635420143 33.79556616707179 122.6682173165939 105.4115309711049 88.17257768516673 70.96428201261939 53.81606135198089 36.81196638696439 20.31714918672375 8.316580117171936 18.00715775977194 34.32292569543779 124.4154722339653 107.43058410243007 90.56578983294516 73.90335170821186 57.619091606694866 42.153591302937635 28.854843964344195 22.067849895670662 27.204580426405652 39.89861666370564 127.69167853419822 111.1912762130753 94.97653570063117 79.22305251940597 64.27090365367991 50.832207818777476 40.444838192291535 35.86591432722294 39.18737008443185 48.8225708786887 132.38332525960683 116.5250512706992 101.14114802956374 86.48512912916787 72.99674500427538 61.449763931089045 53.12554638378648 49.67167558580282 52.06657774431782 59.60942178932934 138.34642156449308 123.2277402442095 108.76172753533494 95.2462313831068 83.1460739594694 73.166853447854 66.27368315362224 63.47997732295037 65.3139171238194 71.41989797041906 145.42456561058702 131.0894427851776 117.55536562498315 105.13215595852513 94.26006947971484 85.53265711615671 79.65798404447035 77.28931145144747 78.74366743609785 83.82229364499102
57.518345069836904 94.01348267546358 63.293731593135774 5.828968916684494 60.797743182509656 84.70312259772209 64.86251407457716 79.2541074595493 0.0 46.001887513139344 46.12778958821142 29.0111220953755 35.31767896236929 63.140643665987234 89.28317210276475 34.14851331689646 39.29218962733072 95.71449729595444 85.53631990304213 34.28732711494403 62.94517233840887 87.00776449182192 63.112470746049446 10.254002036531087 55.48633047795727 79.96269580802418 75.48280438143664 84.76980626298077 7.109022901958701 92.57128909664641 71.8100876952013 37.93940438374442 39.775547278335495 69.31436773002667 33.37188151264804 31.398590778963907 35.46971250003369 51.46552782257011 88.32309290365833 39.28721301804145 59.94918364401823 48.812542476214894 42.072904459866336 41.90822806710904 48.3856918220745 59.3696561365215 72.8494493433719 87.68143345398565 103.28470641055253 119.35716437102927 51.20901494423955 37.62399280947178 28.416130690953544 28.250631092694572 37.24821950104489 50.74910422866446 66.04712960557403 82.14429440506242 98.65017436598039 115.38950873639996 45.316487849925046 29.144230565925522 15.617332329574658 15.398985437201302 28.793562222972 44.94132272270672 61.71781379975248 78.72208954249601 95.8329745609267 113.00205057418886 43.446234493248596 26.156001098671744 8.911290128342634 8.567344190351456 25.808937941090733 43.09891837696866 60.3957436358627 77.69484236317946 94.99497253431987 112.29565744140982 46.090554732831585 30.32849888652108 17.72029625967446 17.518915492976397 29.975462402906107 45.70401227657839 62.272767529359264 79.15586433746542 96.18792329543034 113.30178622757806 52.57254543761751 39.451580069337524 30.784592632116752 30.62130719760764 39.068492456996744 52.093560913196065 67.0808498135205 82.97379750287807 99.33866855132774 115.9758612991671 61.6941333180791 50.93088744566482 44.50223340257663 44.3356124505893 50.493054538804294 61.09136480414347 74.25271323112236 88.84526021204246 104.26983923120419 120.20658366069392 72.46519895837709 63.501082158846906 58.41461340683692 58.2309533886756 62.99300004444757 71.72230772579715 83.17907215825058 96.39566335211309 110.7437900249543 125.83698737898696 84.2553790172009 76.627038871952 72.40942996959784 72.20274427059336 76.03969543165542 83.36379640936781 93.35790320719725 105.26424796331968 118.50786461374182 132.6889381922275 96.69245726111869 90.0659537942236 86.44650431322587 86.21367360669618 89.39392741810632 95.64741677218426 104.42346357128486 115.14672590091436 127.32617389516267 140.58384673357637
12.064844339934712 61.72609855738117 17.377107292005178 42.86699132993217 23.28879014234138 57.44097171920304 29.928013201887044 50.67176590631751 46.001887513139344 0.0 9.422052260414162 25.708249400071498 47.07502130232909 33.12009960731946 59.165730021987386 31.31401209030395 15.797299520115478 64.9195789261242 47.9854211720629 51.174461563750135 16.951451558387326 53.010181170875406 18.050057828007507 44.54576862672786 16.8505073766665 51.30082695992628 38.4335306262498 53.17349968025715 47.144862991015316 54.116463117509696 27.887515978817596 17.590121314983744 55.20693874925249 38.92889046864487 21.40634997424675 33.32731750282952 19.2462929736692 19.35686174390724 49.888503579590775 63.000869471132134 105.9343778362628 93.87954402408171 83.68592297994942 76.10510603443943 71.96755633610346 71.87043694446479 75.82927396006707 83.2675591873185 93.3572845438653 105.33929600126514 96.86830451303364 83.56530422885707 71.98297796082322 63.076426303801505 58.08975287006335 58.04223131430548 62.945049349211864 71.79105273851553 83.33383864278636 96.61159074459471 89.12848114357782 74.49944054238617 61.27929060618352 50.58498393131531 44.285822422539674 44.298215112797465 50.617526440435704 61.32406077463718 74.55099733001465 89.18389037157293 83.0864980213381 67.18935172987412 52.19349724844029 39.14872489561096 30.65605166551152 30.751807806156535 39.37338186944092 52.47439426199315 67.4949645771833 83.40436301595324 79.13231501966317 62.256741917113374 45.70112661276207 29.999940983565498 17.61000767100284 17.858911141184606 30.438158123400953 46.181540235844714 62.75109778294142 79.63277160285001 77.58586655044164 60.2880962961697 42.99367412292889 25.709357578530987 8.497041399961303 9.063219678701559 26.2830322123611 43.567960780226315 60.862551899821376 78.1603917205424 78.58943845790893 61.56842013378453 44.76330770330689 28.55783453722703 15.03525684925565 15.338866377532883 29.03817372235607 45.27541366640608 62.090445886160914 79.115717124664 82.04950023762237 65.90862683864307 50.54190197904209 36.92872568902968 27.77927047035635 27.899016402520196 37.19855543033911 50.87062116263535 66.26173730209986 82.41435387420518 87.67565631545357 72.76315583073155 59.16619427862442 48.01568293166321 41.34100425093816 41.368551107205626 48.08680663231884 59.26238677763501 72.87266678308521 87.7925179297227 95.08410418697244 81.4999756529628 69.58594855736605 60.33955158005762 55.120030627421094 55.08423650347854 60.24141008718968 69.44408477795514 81.33039637838175 94.89723326992143
18.13412585215059 54.38172485788198 21.39021853993396 42.02351868605969 16.36005175580985 49.027169413402945 22.365532146174527 42.332434424678915 46.12778958821142 9.422052260414162 0.0 20.90529569295967 40.35340879867596 24.46531377040175 51.29405167956824 24.451669440031182 8.876655833069867 57.28845936003712 42.0085177966659 44.877149975057094 20.398461992774465 45.94581224668607 23.850701652979453 42.59056709172832 10.036305579191469 42.99005721713645 32.00879691354081 45.49800739362483 45.828745748365066 48.62346453874129 25.71011300579574 10.882619646068733 48.33830199271015 30.58170988106952 15.83907331034657 27.049637781168826 26.399911129541962 10.220414862477426 44.31511024717427 56.924287582530276 105.32276876988517 92.15219615278562 80.55968278448134 71.31894086015517 65.43404130337713 63.8398762383535 66.84414286954053 73.88804148656543 83.96094040804714 96.11519106831827 97.3204796699181 82.93274797451001 69.87923158406754 59.051458271171576 51.862740366161006 49.911064403431716 53.76975226614671 62.36954036128148 74.07721828003342 87.6562055319573 90.81907745805043 75.23475968661354 60.589937925807945 47.756877711050564 38.5876332230143 35.99998312554678 41.25165948877129 52.0202586916117 65.64466845274802 80.69104632029597 86.1590987257017 69.56529169860397 53.422659691234095 38.305907787084244 26.065606032959757 22.14046765365301 29.994933598324632 43.679549205460674 59.28592783766009 75.63366118250518 83.64893263532551 66.44572719399127 49.311648590503005 32.35669952514776 16.15508015098187 8.586647674595676 22.02697698210497 38.669861710781795 55.71572477826281 72.88236455736877 83.4827636800128 66.23737384864764 49.03183642986879 31.93063888519275 15.288029374684907 6.826083160996318 21.405149079034132 38.32073628578913 55.475135677952146 72.69949074167579 85.67423411827504 68.9666245415587 52.64435253342576 37.21789960239225 24.4464290262052 20.218688820929 28.612488660201283 42.746523615413544 58.60518491769418 75.10380657064391 90.05135377513285 74.31047168840334 59.443704746784285 46.30086188458245 36.778982236152366 34.06354654587787 39.58111693893661 50.71205358547696 64.61786042105425 79.86195175213015 96.31654385797893 81.75776077703699 68.48714189722044 57.405122549232765 49.989097975030816 47.97055419455772 51.982117646760415 60.84249643332025 72.80233870702885 86.58668489893071 104.12948010375668 90.7922596255666 79.00768944185674 69.56932065302759 63.531571393477726 61.89770233128424 65.00065650949084 72.23254074147751 82.51478255210834 94.86060056381193
37.46818216520573 65.08917871223004 41.81677742401677 23.79074242763362 32.79786032021475 56.24835338890994 36.14359446712638 50.51813377775517 29.0111220953755 25.708249400071498 20.90529569295967 0.0 22.12888254325836 34.129668661555165 60.51224442193914 8.465500377236255 12.229365457751518 66.9350011636156 56.73302358430158 25.72944323817007 40.977838247114875 57.9968382846789 43.476296303518126 22.909206481913703 28.414973337628936 51.22922406603975 46.77067400714681 55.83005552549555 26.705707717253567 63.80963681400046 45.66033569117447 10.350943807696925 30.230436730954843 40.31873954887904 5.176789696072631 8.633396713424123 29.651549431982765 23.193451436446274 59.60668239877933 37.36565986009546 85.81070526918731 71.87096141815084 59.716798815417455 50.65037053899932 46.51372937321088 48.58288808008577 56.17624068688624 67.45328776751822 80.88773116404461 95.5740921178942 78.98222206233798 63.602663173990095 49.50873216192871 38.15283468313713 32.540305239904505 35.50792267288976 45.403327154095884 58.828735303583464 73.88427785899087 89.75333625295488 74.24684857399718 57.64566128853481 41.61924967914729 27.203190228075147 18.616581576582437 23.49154309320287 36.821732991377694 52.52179909665823 68.99239578722593 85.7908731089115 72.0187257252447 54.759619468027 37.53995873221721 20.45958423552003 5.16276870537507 15.278327214114295 32.232187210291016 49.42786673929417 66.67853955040538 83.95031132097986 72.52932543042327 55.42638699452999 38.50167340897012 22.167239058361925 9.955263522898964 17.479737077889798 33.326990517823425 50.14527433164032 67.20953749853702 84.37066122699864 75.72325961722082 59.526687867558124 44.176373302885146 30.957845794611124 23.74732285226018 27.716300933317044 39.637888447388555 54.523774007784844 70.52114953573682 87.0191588093243 81.28479007967294 66.42767321250102 53.07316737524067 42.656688559318326 37.69790072821081 40.26632608855306 49.19683903362073 61.78986633704687 76.25190390885079 91.70291584287946 88.76995968547726 75.36378144682864 63.85917226932298 55.45258091055307 51.6786618852465 53.526441846995816 60.48286019416584 71.06316412564803 83.90751296198628 98.1308752878576 97.73770929652503 85.70064071123602 75.73131630526724 68.73541424843674 65.67019511356862 67.07670484202586 72.69584988495279 81.66260649883975 93.01380790636527 105.9860749025801 107.8186229837436 96.99130254331091 88.25220979737841 82.26952508569191 79.66667710200676 80.77107515812976 85.43907878099746 93.13639590661039 103.1873187962587 114.97625727080708
58.2241588851244 68.16788353957658 61.71473208138906 29.72476268624882 46.56628900487739 56.727917249192025 46.91735822715411 52.93464255591508 35.31767896236929 47.07502130232909 40.35340879867596 22.12888254325836 0.0 41.95061535999115 62.51192362991056 15.919403507775376 31.710375687221212 68.67213979427498 65.10184594635565 5.17731627217624 60.66372662362116 63.322074601240935 64.10508647360582 25.146150154289334 44.647689980192034 53.57496285525316 56.44335949360656 59.62168171390515 29.06822862958059 72.02637273911742 61.4355357373096 29.74858600721427 8.147947765061732 46.42858781525511 25.70469431405448 13.788829460618365 51.059320071394616 37.83686797028292 68.32272095989545 16.969764043606318 78.700188609946 62.48586479720087 47.05271062169613 33.49839577465683 25.080632515248112 27.10432438802941 37.93364389262306 52.36400426501837 68.14489864676278 84.5232284383935 75.46859051379423 58.382804094188955 41.47660231986496 25.115300763628678 11.830519483435229 15.743478535702163 30.89443490202586 47.53722926063628 64.52769397697203 81.64907519701163 74.81104206464687 57.534232441148305 40.27899369371051 23.093728714903072 6.55414537001334 12.300686147508191 29.297960346450854 46.52040008231721 63.78587860779909 81.0669016202703 76.79370208192397 60.078223771338955 43.820376053951954 28.80572577535555 18.385494590594483 21.094906475367864 33.92161318443805 49.54864979815848 66.01646496551481 82.82506076166362 81.22343170801048 65.62135890021494 51.12522224686392 38.98875063590799 32.018209241564904 33.5993674118717 42.79460221182102 55.96916282179752 70.93958779081107 86.7814021853067 87.73027734018156 73.48800759467008 60.85290774059067 51.03301796981673 45.873357062817405 46.936811521985256 53.85598468146924 64.78096416867777 78.04731240445835 92.65471413061944 95.89225256131182 83.02018355912072 72.02828510187418 63.89438966885531 59.79639125980349 60.55922707914789 66.01460263702789 75.14740007664703 86.80456160287763 100.10808304709826 105.3251730896892 93.71089729965385 84.07591517237623 77.16523702367977 73.74872983002398 74.30991557034052 78.76381787652734 86.5112796958309 96.76441017288772 108.81722147934242 115.71853104926723 105.20743526923252 96.67009065160626 90.66578406885246 87.71623771592466 88.12870305090941 91.85790237094034 98.52794597701296 107.59328060963983 118.50547628266999 126.8363131661519 117.27290683365757 109.62245211064375 104.30672234833419 101.69250532211814 101.98775388216326 105.16796678048668 110.9854203163589 119.05414230287666 128.95222784364555
36.175345389029616 31.29749031546054 35.18277272676838 57.85794020144454 12.008666568198516 24.586267409787496 6.837205607289073 17.960471871278582 63.140643665987234 33.12009960731946 24.46531377040175 34.129668661555165 41.95061535999115 0.0 27.375033947136462 30.67949085143393 25.728295235818692 33.63688429857868 23.459823877835316 47.11845449851381 33.746477529826564 23.87040415187827 39.64491794676664 56.35301806865979 16.91605250247491 18.637712898190692 14.509158468715752 22.059210257597126 60.41206085221256 30.534838019207353 24.875115729422806 26.325735757241628 47.87085507872962 6.431810599878346 30.037406911983908 34.0574564377947 50.79361440208796 14.403746232014337 26.597223583250607 58.20929660321728 118.16346253333685 102.9786483380574 88.5736982777292 75.39693572967062 64.20900004138677 56.21026003745197 52.868618849403845 55.03897040335134 62.14648457876493 72.75838581389533 112.48251294860906 96.43814627364337 80.91367334326415 66.27544908221105 53.25930818457602 43.35180279720661 38.99884413060953 41.966022227431004 50.99108098441559 63.54321205730455 108.34249777388307 91.59849900398605 75.10781400740069 59.08293272620821 44.03535697058113 31.402912237697137 25.13729579736847 29.602954118214946 41.46681389452677 56.22605202299857 105.92431390475323 88.73850318545928 71.60863498768644 54.58740008300471 37.821751369753215 21.90658557077474 11.314817360887657 19.36142242448724 34.93447080658 51.62056575255518 105.34663493300519 88.05131590870165 70.75922939057817 53.47351142194625 36.20328538666103 18.99086335410593 3.056383194550618 16.0232217322587 33.20932640512101 50.47463377810264 106.63938398711176 89.58696120639661 72.65260682550324 55.943643054614064 39.745356675557154 25.068063660713204 16.608266421433154 22.846738733466754 36.97059219683 53.01309426359566 109.736459439955 93.23564871968674 77.08690492079398 61.56788679824104 47.302510672028674 35.82121443455707 30.454890377587706 34.21330660615217 44.858771791063845 58.76033969355 114.49148807040457 98.76341626980751 83.65899776104096 69.58554002186037 57.30768547711647 48.21719828402252 44.320757744816255 46.930426004036796 55.129884489949724 66.89430023446967 120.70863220112265 105.87628161158592 91.91135457440247 79.2736031963758 68.69940465793582 61.26670555704297 58.191985636084034 60.147336996625306 66.69178417407734 76.65887409649444 128.17522671597717 114.27855954081272 101.43459808470143 90.09469628138518 80.89387491991695 74.62755384958784 72.06533619099847 73.59511981034699 78.97948298292559 87.50979315006715
59.09784097111793 6.069886849594476 55.98361783736503 83.74757472150608 35.94208248399893 6.527161114680671 29.237802468775534 10.034655916424372 89.28317210276475 59.165730021987386 51.29405167956824 60.51224442193914 62.51192362991056 27.375033947136462 0.0 55.45766448709287 53.07869079959133 6.431367162335665 18.127985851242922 67.27452396030573 54.648289539874504 9.344875216742858 60.713038885747565 81.54066469731288 42.31560756338104 9.329157455697297 22.621042393703807 6.205934133402215 85.75190212606877 19.757317963792335 40.209779075588976 53.579176577594936 66.06960302195051 20.959267770064553 56.9181145012256 58.57762592898745 77.67426234365591 41.598760129516805 19.77586439575104 76.29183829232602 141.12022507512611 124.99494360190027 109.2302894890328 94.00786442163617 79.63920655158098 66.6785578974563 56.11024115690537 49.49131700123104 48.46776218120191 53.362530859292065 136.88532715118203 120.21567453421567 103.75322558142524 87.61485624024576 72.01876179329278 57.408613181415355 44.76051257112056 36.1934511336171 34.858802696724794 41.46099549091642 133.99035591629016 116.92401913374766 99.93872394103563 83.08418836560512 66.45997058890606 50.29497535474922 35.22716171052095 23.474088255738206 21.443512718905453 31.101883818251828 132.52319511888444 115.24756259129622 97.9812099223409 80.73009159142858 63.50662370796455 46.341646465416304 29.33800462516064 13.137816012154893 9.12136391538701 24.34152266620083 132.53129327603497 115.25683188205916 97.99206222582899 80.74320150187557 63.52321059267406 46.3642679761399 29.373555652364903 13.216639667571595 9.233998174375001 24.38374963389631 134.01438283437514 116.9514260556455 99.97063967299633 83.12239786659823 66.50750895882214 50.357481659875056 35.31592644660885 23.60645786448989 21.587647753191234 31.200956854043955 136.92452263858044 120.26009858416054 103.80445786491427 87.67523814331554 72.09186531242399 57.4998648258037 44.876938575159194 36.336655418163694 35.00675918054764 41.5848722484933 141.1734488648574 125.05475513540539 109.2984128123726 94.08664330711007 79.7317502555395 66.78854462872526 56.24028390262097 49.63800477891118 48.61682474877862 53.497307634360645 146.6447787893236 131.1724840255739 116.21723046951458 102.00668323475355 88.89868877362986 77.4550513641148 68.51487264346864 63.15049675587454 62.29267519892111 66.11704925466978 153.20753163574437 138.4379107592911 124.32315898255298 111.1131221906883 99.17000215260799 89.0052699117167 81.28881939616764 76.76256631725074 75.99866024226574 79.1061721478311
