0.0 34.23098408265726 6.523401688497114 25.12631610887434 46.46285736306717 5.647487492806389 56.906035992869825 22.71417812929551 41.29903733647688 37.266784119336094 15.97121501045798 44.33978947466943 33.36909861878254 14.281400655586754 32.68435538188935 14.59303384248627 45.3090976357691 42.34079967487004 44.5481323563194 14.42341912625527 8.04665442091649 26.223943161526357 20.06242686276714 35.7591722659349 42.53758852141083 7.924244935790497 23.658890258124824 47.01390130898461 37.009366118412636 42.12078558258259 49.05342101430591 25.772716716516694 9.504918637620383 16.372092529674717 25.564088726999724 25.261469388941062 45.98013823904642 50.3410851146204 55.761588560509175 18.05768426025667 82.64686608490064 66.82807848053521 51.96334122134122 39.15475381340407 31.059778160182393 31.544160322076966 40.2997200906212 53.402340643502434 68.39781934271046 84.28180440167397 78.559820554432 61.72639996276241 45.24780470331935 29.72022106054411 17.830636013080582 18.74257060029268 31.3583905217594 47.05449703107666 63.58942566880922 80.44760253864584 76.88920046123992 59.595643821131915 42.30893474830732 25.043257352300483 7.937071266301746 9.8763882039496 27.0333603131361 44.30322423797524 61.59109000607537 78.88512306251035 77.79086968694678 60.749260896390574 43.91171714538525 27.653535330222436 14.138954709458226 15.291009603979639 29.435230924154475 45.8013490502148 62.67222064427525 79.72806166300914 81.17914875129993 65.0126316845247 49.617947166590696 35.999297208141854 26.993859189561785 27.569870954400738 37.28588809413534 51.17702056102535 66.68318927592153 82.90306596515558 86.76315931910408 71.83412722584193 58.23352687645933 47.12590868818774 40.61113992535252 40.94366741710859 47.98133925042158 59.38635979829109 73.1435324752157 88.15848657222868 94.1529653782445 80.5664819926793 68.67193394275951 59.49294380052662 54.421370551313224 54.613735849253736 60.01944746693225 69.43131400936909 81.47257216840866 95.15015515482398 102.96038233914871 90.65909668112316 80.22464888671918 72.46797751905203 68.30748305576967 68.402541738339 72.73647083995607 80.62860325739025 91.15942153696099 103.52680621460014 112.85388499730837 101.70771110449508 92.47485254289647 85.77539812622462 82.23089572142547 82.25024143022536 85.831025487632 92.56083606870314 101.81715242226068 112.98069479604224 123.5727619367372 113.43318603485488 105.17897321817033 99.28148685987577 96.17525342930428 96.13123126616097 99.15349913534615 104.97755793517716 113.17167252440504 123.26408952246116
34.23098408265726 0.0 35.654399659642564 27.59676671019609 21.375517522746062 31.55019044900133 45.537979489564805 35.04831640604577 60.383091576847846 7.17818691296098 44.34561261878658 10.788745195976759 22.08607163279595 40.02095474424281 7.824372578866194 29.156173969354395 45.679514215944735 8.94012166229513 14.225019061035788 20.691558367973588 40.43389390886572 8.019663291455034 33.09061671307487 4.347041394435361 24.175136534902077 36.36219424609364 35.30525858244818 65.05743591063177 57.08896509560456 8.084751943666962 75.15473388904302 8.773983104060942 26.115915934804605 41.86570840061063 21.76112660028557 56.26934042311053 29.498863144869333 16.893193467062435 40.77147762245724 40.96283022168108 107.96122809297036 94.38136964067273 82.21163859465295 72.16895819710041 65.24306826056785 62.479210998481484 64.41537145852996 70.6662774981785 80.22966965381826 92.0791585094091 100.35711138857577 85.62136646687891 72.03602580449078 60.3826271426888 51.97726749911446 48.53774862802883 51.077311756805905 58.82663121340825 70.07820868593814 83.42685511434993 94.26267823231369 78.42417618182598 63.35580507820496 49.762158208636045 39.20834690864166 34.598038533177736 38.15051505164133 48.08957321894433 61.38778405609558 76.30871991740906 89.98528670157614 73.25202300432413 56.8601568394402 41.2190187601376 27.63420144469445 20.664031108119374 26.25008160005466 39.36804410428798 54.85736522457683 71.18658337310005 87.7909961935075 70.5517683385196 53.35314800855259 36.25297467580859 19.511825310875203 6.771843528654271 17.598800705980956 34.23873671002369 51.318396120721744 68.50969167205604 87.83609537617663 70.60762275531108 53.42664575868906 36.3605542936737 19.71006559390926 7.320984124147543 17.8162924603684 34.35050350690105 51.39267701702928 68.56508409114974 90.11722157526776 73.41329503426188 57.066816514709494 41.50232044718385 28.05307565940596 21.218362366094414 26.686591111409516 39.65905678269055 55.06558653747041 71.34639621301332 94.47250993326278 78.67510866191364 63.664730013384165 50.15307076698656 39.70101638622667 35.15278697282267 38.651955926579575 48.4864568417285 61.69770524297633 76.55706827208004 100.6329602557791 85.94304767850882 72.41632385786032 60.83372617668582 52.49821218680434 49.09260726432372 51.60239971334129 59.28096648402589 70.45821514361668 83.74478454111468 108.29085428022283 94.75652446927121 82.64007996846523 72.65439273884849 65.77714520229082 63.03410947665482 64.95120602401211 71.1527473137358 80.65644311714135 92.44946869368476
6.523401688497114 35.654399659642564 0.0 20.985906087210537 50.28887582581327 4.234539628362597 52.42439446476691 16.99493185510746 34.85972450732277 37.48130422988901 21.546919109914466 46.23211420433416 30.548222415673184 7.8243725788647795 32.67103997193707 10.43892674118135 39.71998859141897 44.2656172824644 44.21999666686917 14.963364097468187 5.070541701254714 27.72647883477522 14.608169129309966 36.42251367826151 39.969237967490265 1.4226131961577468 17.943597047392487 40.564106902855194 30.58618371738307 43.72648267604195 43.57405329844592 27.85106702136564 9.552219517528297 9.978095558522458 22.776702397241127 29.164492261584638 42.82427303402455 52.3401439904141 61.16000859375298 11.536013620799428 77.25063575127676 61.84098594618658 47.74581787394215 36.52023369334052 31.40860672705927 35.18497473389509 45.69653247756965 59.47329213050681 74.73072083191107 90.72484531827311 72.60740906386155 55.96129619332469 39.8774323715037 25.445327148818865 17.41929548375449 23.62437632761308 37.56996910914069 53.51267252826228 70.10293705411665 86.97096967563624 70.53980644922794 53.26396003117902 36.013166076503715 18.856308542454283 3.589729960120978 16.39894810251877 33.521312398170195 50.76558695874431 68.03914169049222 85.32419547252208 71.27236683991096 54.226008999587 37.415008701851185 21.401372558335403 10.717633399754012 19.24654855016989 34.995780368309035 51.746426960374095 68.77058826141834 85.90580867172886 74.7227697036227 58.66768305937615 43.57765913165008 30.900458439044666 24.685520140956758 29.370428905002925 41.4074860386199 56.26053965728002 72.21237678882329 88.6719629695058 80.54243117364435 65.888946145657 52.861417741541246 42.965241810736195 38.68333981033311 41.77913128286733 50.92442537177188 63.55945755670418 78.00652823333773 93.42878842008287 88.26386636738043 75.09204862183498 63.92043017810582 55.96004816043449 52.68711943392098 54.94577405570165 62.13568690449513 72.81036365566848 85.6770359671634 99.89224142125653 97.43589881487058 85.6403300022985 75.98335092839518 69.36400265565342 66.69296710618855 68.43413336506055 74.27786418820979 83.36584047470014 94.76928488804597 107.75557112437154 107.68840112000501 97.0962412679498 88.6411304397492 82.97892231221687 80.69965734779215 82.08562267301573 86.96174911260013 94.79094773821643 104.91417131316257 116.73613200607491 118.74170361270934 109.17429958398125 101.67169091642643 96.71560013768931 94.70665984313852 95.83039736912298 99.98123940890446 106.8068393865336 115.83532784652341 126.59626750255858
25.12631610887434 27.59676671019609 20.985906087210537 0.0 48.061076720846486 19.50304003038604 31.78089510360601 8.672903048087974 33.000974272432714 25.19434299173423 41.009726371089 37.76193921304465 11.05809521785773 19.493323518071293 20.821072392073745 10.66020368999201 22.19698265717693 36.18374225919449 29.32188459064356 16.202123944785615 25.511964032738323 22.482984497065026 8.2990362595466 25.755174100715028 20.229211527122054 20.501606198154892 8.526484473953182 37.497704421802425 30.007019982568735 34.6926709250181 49.12079371715524 24.38661789567088 17.076319888436025 20.24072984791783 5.887606185071025 49.99098537644904 22.200108524833478 43.491063846127865 64.80388024301702 17.97076539358733 81.00240545913056 68.42010635397439 58.308944971124824 52.127305903876824 51.31549303112021 56.10708044755096 65.27962909434176 77.28878521446306 91.01858882574865 105.80128331033393 72.85360313828116 58.594405492526825 46.45070643759429 38.48036916274893 37.45018560857658 43.85203418546126 55.15607229603416 68.99341003900476 84.12309941475343 99.96003196265285 66.74269686670199 50.834505987458876 36.227302499637084 25.286338748556116 23.771652061341623 33.007498991264235 47.038384018714794 62.72507621356994 79.08837989447754 95.78214612357448 63.26311828575983 46.19362520505504 29.397161507947587 13.90138196946598 11.000770763789093 25.44599604916068 42.103369143912595 59.13207160582989 76.2838338857778 93.49095118249147 62.853461236316726 45.63357115159378 28.51318139595396 11.928691512493382 8.384468957144072 24.433960563074034 41.50242171865812 58.70772571679211 75.95693898367759 93.2256915839498 65.57129466442058 49.29364211189579 34.041789086968876 22.0575483395024 20.320906874228246 30.627681214346847 45.40795348691708 61.51765117490913 78.1388018538827 95.00334250475272 71.05862680490162 56.35749336806618 43.608644003419194 35.01383673239833 33.895897266278 40.87301185513623 52.82975016567202 67.15705521237055 82.63090090703544 98.71357384967405 78.7384796653322 65.7367772151814 55.15072232192767 48.58583190728628 47.73119050673561 52.8644741564775 62.52792419406707 74.99021653258157 89.0843782175565 104.15000194038893 88.03884082634089 76.58535931739614 67.66455590282538 62.372767178766374 61.651659685122155 65.65201668435937 73.60803314736603 84.40848825224178 97.10889933485862 111.05934839714848 98.50164604547102 88.36359636506097 80.69920514852001 76.25800889828538 75.61013021641627 78.84913013006118 85.534580806625 94.9411889831479 106.34932946241983 119.18563691925961
46.46285736306717 21.375517522746062 50.28887582581327 48.061076720846486 0.0 46.097248338962956 65.93026233802742 54.55496188672892 79.94199355513616 27.208696620773523 50.22112639178006 15.786739362131227 43.46158129259086 56.51106966417033 29.19021294001079 46.98308619836978 67.05047477177487 15.745026729999323 31.029660444024476 36.78670748779092 54.16188239046834 25.70919867740785 52.18045997204104 24.926899162600872 44.63316025666585 51.38762022141472 54.98420370636391 84.96289598099749 76.30773253204546 17.966919696115966 92.96589136642697 24.197774283557333 41.34624124776816 58.626011428365594 42.448394350565714 61.93181149779682 49.85431923633516 15.919965491742 20.981820271005372 58.46033478619523 126.42730685343894 111.79007348958548 98.02484899517292 85.55358197021586 75.02435360251755 67.35418144019648 63.58625449070207 64.40909595394078 69.66021390866754 78.45542072165146 119.88961593233476 104.37458584114691 89.51698105057929 75.70486899428427 63.622842194271804 54.435342149344606 49.771964675779635 50.891964269888234 57.45813392013729 67.90864338663356 114.71201709489851 98.41212241030755 82.52122256849206 67.3295319815128 53.43675650143629 42.14754298811259 36.00071083379536 37.608434522521286 46.16757390221197 58.71288426604949 111.0849309374184 94.17915306460054 77.4485321922412 61.03727288910576 45.29385721084982 31.244673092615624 22.352560673134917 24.935027912421766 36.641309224737896 51.595801600112985 109.16307425041649 91.91499857608187 74.69183652884364 57.51597362683248 40.44771066229329 23.720469447108343 9.381755760901099 14.563217670563754 30.575653289503133 47.501233001195 109.036680164548 91.76553902647477 74.5086848185929 57.279031966702426 40.111648205494 23.145508625995046 7.82293080808728 13.615996194867549 30.138113534317252 47.22213306822206 110.71189999599675 93.7408920074158 76.91746576175547 60.365138245294794 44.38823000387699 29.9230961257961 20.47388756497697 23.274022722670882 35.537189910959 50.82140564000399 114.10939070779126 97.7122497613315 81.68918216716646 66.31190871194428 52.1548081694083 40.51773460760989 34.087499830802535 35.790173178696875 44.7059657323789 57.57619536219654 119.08178461334839 103.44993962104334 88.44213405404062 74.436782791321 62.115703946065636 52.67436956809682 47.84893134108834 49.02197201288235 55.816572252574964 66.53215932457934 125.44187234321225 110.67952406105033 96.76231610464725 84.11081768812045 73.38261748863997 65.52924927239879 61.65915612886371 62.516522796237 67.92256454383354 76.92417688497513
5.647487492806389 31.55019044900133 4.234539628362597 19.50304003038604 46.097248338962956 0.0 51.27586654981984 17.334750037236198 37.78343250290055 33.666561577248736 21.612940703262478 42.07396632814697 28.10104815388132 11.121922980325946 28.908511579917768 8.945623772025174 39.781353765582054 40.10106647979495 40.60131088579955 10.896848312506178 8.896805295242693 23.586667954993978 14.590384187080888 32.481229726035885 37.39543116545463 5.296626553185394 18.26783544326429 43.43093412378082 33.57940603626525 39.60706508476328 47.48170955112905 23.64469674634846 5.449759579152212 13.346613730225986 20.267405883568472 30.654749697701774 40.630704133407306 48.173990870788494 57.399239995066395 14.281506804358305 81.15683137349792 65.90646446578583 51.95768079432128 40.67243395858778 34.750552948309775 36.87360481215729 45.93944153988568 58.82099626519576 73.53974890945976 89.19073658734065 76.1685460211658 59.686426994822305 43.84065773792454 29.668982346367667 20.90945468334798 24.348996200266942 36.704951653460235 51.964842681434504 68.20665519583446 84.868499987535 73.59624982074334 56.38256032069123 39.246549216641185 22.367466083011067 7.683023428285106 14.712836418922022 31.186850729843194 48.24401680897444 65.42984069783962 82.6641176453312 73.69340899839565 56.5087441172973 39.42678177438087 22.68077176643628 8.548509941879368 15.180578513403272 31.409174348371018 48.38735196266208 65.5350955911002 82.74705436309381 76.44984516112005 60.043355369375575 44.323149199189466 30.374165304710864 21.89405428670431 25.19564725101006 37.26933055233214 52.363123391917355 68.50913599646218 85.11062254882476 81.59646418941578 66.44461082304723 52.635511368459554 41.5308947302433 35.74689899439954 37.80970469218598 46.690621763571116 59.40675014630528 74.00687248937238 89.57443719436628 88.71820192112868 74.98181072743935 63.02639201499154 54.04703325530437 49.68439473222826 51.134116977853566 57.96169701857862 68.57929925513568 81.51922358622807 95.84544279396096 97.38259941429169 85.01378809015445 74.6325093459147 67.16675164469093 63.65082396433585 64.73156915969003 70.1969977284152 79.1438862061812 90.54603661572672 103.59589064583338 107.21620170658252 96.07330557150932 86.96855908125553 80.59568589305191 77.63042568124929 78.46008851287253 82.9709110382749 90.61480430073598 100.68067107881309 112.52038210572839 117.92675845771976 107.84456847395907 99.76399152386051 94.20153675679272 91.61701543641898 92.26103172723924 96.06867804329482 102.68863760913861 111.62165629458167 122.36218566200814
56.906035992869825 45.537979489564805 52.42439446476691 31.78089510360601 65.93026233802742 51.27586654981984 0.0 36.33054719086584 45.7233798457697 38.86105193184583 72.77689029876235 50.81770957308728 26.15488727519146 49.01056449513811 38.16202595451122 42.373319489358494 17.827868518357647 50.3580134737402 35.61534318283778 46.33661500481335 56.515972137421194 45.831161861989365 38.087225266455135 41.40884224536471 21.393443092067887 51.73248256987742 35.47688903667365 46.54778832178687 45.72587428836601 48.15543857858562 64.73518969795903 48.30209083899534 48.559604875351575 48.8517865632884 32.6389754826449 81.5846392348688 16.099689070471484 54.06294148831244 86.20932754341159 46.00935046134142 89.23597386895695 81.89940607452715 77.78592917027869 77.41106650279748 80.82685219670385 87.59093122869263 97.0053957737303 108.38176397647528 121.16868858389107 134.96584679034376 77.22385278887153 68.68128894111926 63.79192390288946 63.406575002421086 67.60230798974074 75.6203969252508 86.40318807830751 99.05186258769788 112.94125086376648 127.66704705313957 66.08045704203411 55.92427140431076 49.87106690362893 49.451232026797626 54.7944088086883 64.48357912847247 76.89303330216366 90.91560380957257 105.91249838380918 121.5235346078637 56.32398998673287 44.03123229813472 36.10837358726482 35.60319542314397 42.779294773964025 54.69237839170718 68.9286014846001 84.31936673562952 100.33477346477697 116.71797454137146 48.793806677154684 33.9236237998767 22.792552194968692 22.06581341340679 32.45013574426096 47.09388495575062 63.098083907398255 79.646807139162 96.4602046660192 113.42063208678252 44.63148253630785 27.63555436366549 11.584122255081809 10.167266284061185 25.90884232840495 42.87045963995141 60.02664325544628 77.24786652796202 94.49857807158688 111.76512436265403 44.78614039932701 27.8835036322147 12.161188362190295 10.817234146907385 26.169522950043433 43.02776583684526 60.13856216288185 77.33445551468556 94.5690366087468 111.82441900171305 49.21709853992688 34.52694288476375 23.67716371995725 22.97428299784786 33.07171869285147 47.52231871352976 63.41698727527778 79.89849231835383 96.66713596086815 113.59582992080959 56.93449355564065 44.80600390290201 37.04492859790536 36.54836253114449 43.565424276613065 55.30657195007573 69.4146593238002 84.71528951023534 100.66614596782019 117.00159370918746 66.80889175162221 56.77924580259049 50.82360547190523 50.407304777344024 55.654786489327016 65.21284785888604 77.50275591782659 91.42942746149588 106.35179650019744 121.9047596000638
22.71417812929551 35.04831640604577 16.99493185510746 8.672903048087974 54.55496188672892 17.334750037236198 36.33054719086584 0.0 25.44199424055638 33.46123268102274 38.466114082821825 45.56057324087711 19.577115843131953 12.693393098873226 28.879679271144926 9.437412843574 22.725389479999908 43.87162273828477 37.95343336234759 19.2462929736692 20.43422597530146 28.89139162688589 2.9139889949571542 33.73222244185215 28.4066165937948 16.015658395137592 0.9499238811185295 30.412914610149876 22.041131902121755 42.5495883904797 40.63948723521777 30.384040591518012 17.482369535450516 12.766804363629657 14.13359446331668 45.827250597287204 29.61688480146182 51.4472442195227 69.80654880869224 10.096780956987855 72.96162083969405 59.9525259421853 49.63785796335307 43.957170571862704 44.71300785429657 51.62342126658655 62.68497826665008 76.10873604476248 90.85360328143403 106.37160843350635 65.45119502265095 50.59171088598359 37.86677762891124 30.11600642216586 31.285207284921174 40.61113029842883 54.02289302285219 69.18375094004973 85.16465918893232 101.57931045420172 60.37772476960111 43.864017372463195 28.308070213896855 16.65395166068207 18.76363024848603 32.02352232017374 47.9338146925026 64.56398103928149 81.4743956821173 98.5208561844795 58.380128192030796 41.08414372278383 23.796805647912723 6.586550580456186 10.91746005018769 28.1729092434566 45.463703021496926 62.760635477244676 80.05972791911262 97.35982898172257 59.767645665527745 43.024285198148334 26.994806306707396 14.320014685202759 16.736752252422733 30.885072991003742 47.18441897153417 64.01221645915427 81.03993534450899 98.16359400280123 64.32156414803453 49.128367011608205 35.89762307996684 27.611452464178118 28.89386333490434 38.80758220364207 52.686920591237005 68.15060405496239 84.3315369920081 100.88518967834253 71.43883925114238 58.09837194341119 47.39239686761565 41.41694253310171 42.23023047907521 49.498757493786414 60.9554510283952 74.69747262225387 89.68033904658205 105.37608550305737 80.44184307321467 68.82258728857948 60.00754698993994 55.35306352090352 55.90810636545054 61.53186040097268 71.03043081775324 83.08533643452826 96.7456610343992 111.42249098556447 90.7710924236328 80.60372270784772 73.16569701330624 69.34095856910037 69.7266667925942 74.25724072170858 82.25057901267607 92.81631271857819 105.18207202481288 118.78703150443404 102.02443756467089 93.04101502182777 86.61959825503843 83.3544170244743 83.61604261955003 87.37279919656287 94.20747956261796 103.51218325025415 114.68729077760977 127.24094057632294
41.29903733647688 60.383091576847846 34.85972450732277 33.000974272432714 79.94199355513616 37.78343250290055 45.7233798457697 25.44199424055638 0.0 58.13978454150384 53.73754717539055 70.73427816599136 42.09105031973822 27.03701741514266 53.82184338258089 33.37751503993832 27.955564721583915 69.11434366662544 61.466280560912814 43.81679616898877 34.61105181661461 54.321995203698336 27.764561872177854 58.75288916175926 48.791952969793265 33.437356157909804 25.103805953241356 5.725648802786568 4.314532286503428 67.67744990043653 19.043162494923116 55.745899874606685 40.54426541512513 24.927725609446334 38.88206286565337 56.07678570200914 47.63344036820147 76.49191090175644 94.33455993285165 23.50706175670636 48.180012609919714 37.19971860878178 32.32696995060838 36.12416614891321 46.51436601588475 60.174127196495746 75.34569260337399 91.27830890097331 107.6345410616144 124.24720381113312 40.010852990866056 25.81989381991438 18.198281723967625 24.380319513122473 38.16195071584555 54.0090822577173 70.54317423525688 87.37511016874346 104.3608753495367 121.4359366550828 35.8334204603715 18.742486724448856 4.152242708266846 16.790323241880447 33.842315431887975 51.062737854340575 68.32435586769387 85.60225193563453 102.88822572252457 120.17879169122895 37.02452045277118 20.920450079994 10.160140246902067 19.17041391366076 35.07840063203184 51.88638273837291 68.93919304669215 86.09146916889729 103.29367304365987 120.52442831013974 43.14174778210386 30.427273216352877 24.272169703174704 29.174787091867376 41.37522078060007 56.31483197557933 72.31543693567566 88.80537850189134 105.55557207159637 122.45927099487982 52.49012201930965 42.611442451443516 38.405253610376924 41.628095571147185 50.887518467536744 63.599426801865974 78.09571692482997 93.55052791443029 109.55896997751121 125.91005079088774 63.66168334440384 55.74406492551025 52.54228451367974 54.887909313259065 62.15604198288451 72.88871353230981 85.7954288108541 100.03822613398097 115.12227329942394 130.75675496579444 75.85501301980494 69.28778968084796 66.68061451519512 68.48724450663165 74.38677787595165 83.51631301672354 94.94866039721016 107.9546823267921 122.03225194390654 136.85108455980213 88.64935386698579 83.04156779977329 80.81941307357997 82.25773265711999 87.17553062394866 95.03416860437332 105.17649342752426 117.01016127277595 130.07437263199103 144.0346780892124 101.8182440377062 96.91585775943591 94.95831424058954 96.12569216181542 100.30894893114217 107.15545282113543 116.19537939980476 126.96105941773752 139.05223591150522 152.1532362554371
37.266784119336094 7.17818691296098 37.48130422988901 25.19434299173423 27.208696620773523 33.666561577248736 38.86105193184583 33.46123268102274 58.13978454150384 0.0 49.08631829299145 13.340489391153845 17.30575424302204 40.58159109461029 4.87231830843081 29.372312140794605 40.66361300618961 12.236499394219214 7.806188033145889 22.933677843662213 42.48490686154991 12.216919210760917 32.00063880819581 2.841384666856589 17.48096525609629 37.94396121233953 33.52790856882774 62.42318996847117 55.20059539600999 10.267024473959012 74.09049583344067 14.040338975532132 28.28241226845311 42.18272395704333 19.380971972688915 60.75321850983803 22.762063276107895 18.547487325131808 47.35858873410386 40.81955750329969 106.1961341727041 93.40272224336758 82.27520711589257 73.57338149171856 68.23171401375375 67.05805474000678 70.26158401955914 77.29999513215131 87.25009960319578 99.23992184898451 97.80647033626796 83.7877661647835 71.22761883096595 61.03324844901643 54.54760264940641 53.14625386709671 57.204085974560684 65.71750460093355 77.22676463720431 90.59721710974365 90.84701566218338 75.58752739191458 61.420472654301626 49.29686345429904 41.06815254408414 39.26463653199699 44.67142635129806 55.209302695827475 68.55146969695518 83.36214376140043 85.66715536567064 69.30613848010793 53.539991342737196 39.09515359190704 28.0898899116326 25.462979315497773 33.262519981211845 46.50954391166213 61.794746004012744 77.92787763014323 82.60243615088376 65.49810973036386 48.53406328007018 31.934639793523676 16.81666254234969 12.020484991955703 24.594653481571555 40.792338746028406 57.6354562826751 74.68861855391688 81.89072272321867 64.6023705548293 47.323943809274205 30.07255554840676 12.956662376931666 5.4868174634395155 22.159620822431634 39.37900439701458 56.64871351403575 73.9334907973268 83.59214801956131 66.73630351629032 50.18499190319934 34.38087879139624 21.077676567166314 17.470096775307518 27.65596358972438 42.699093335530726 58.99394062210833 75.73684504518482 87.56613880042168 71.62961780346009 56.50207576631539 43.045045268909355 33.34630737624763 31.141378360997802 37.76643501819909 49.81496480871234 64.30759489284799 79.92566383794073 93.5233934172723 78.76966685195414 65.27939539788812 54.00779813239113 46.59387087250966 44.987099205342695 49.75332285591668 59.37719194877283 71.9347792125513 86.1526421240563 101.11390191217946 87.60875330157229 75.66546631020661 66.13568303788921 60.177163377171716 58.88420888295045 62.546828551559685 70.39572508547816 81.22627100238411 94.0135773891772
15.97121501045798 44.34561261878658 21.546919109914466 41.009726371089 50.22112639178006 21.612940703262478 72.77689029876235 38.466114082821825 53.73754717539055 49.08631829299145 0.0 52.89472901141856 48.52493542237102 28.16028767376675 45.07706074034569 30.55529637484102 61.16374897831237 50.95105015007061 56.8137195673125 28.092488342267657 19.556868595579378 36.974548286913986 35.92020990246868 47.00134259499187 57.338726893176776 22.692112671181974 39.41589262827393 59.406939285146464 49.452090524709114 51.3638103120171 57.07483134928512 35.61203481630399 24.467819811401814 29.795872369505616 40.877904201192 12.060924807239694 61.19269307026496 58.36174328114312 53.29529277071934 32.18655869642513 89.42827542528975 72.56983552940844 55.98265447514053 40.005576680367156 25.79819216780172 18.14825784730489 24.328662043570887 38.119815331881256 53.97285276134694 70.51049098957228 87.63122497609181 70.35376969962279 53.09225696261746 35.86971014831235 18.793562226640816 4.298066369145921 16.80661435759752 33.84028244741267 51.05468307981144 68.31332323157243 88.08552994074901 70.91626348295382 53.83201094807394 36.95087974517673 20.774088670202605 9.821972364184862 18.976107532369845 34.96322793947933 51.80226919472485 68.8711551696146 90.75738144813324 74.19414018569422 58.063322574129515 42.856029432736534 30.010663590005592 23.73502558439304 28.718875150091982 41.047618448452184 56.069162742794084 72.1200795965385 95.46072422942771 79.85366703232279 65.10893210619417 51.96580197643497 41.95739200367052 37.671043868740846 40.94507274764759 50.32491482536928 63.145876791073924 77.72331112869702 101.91462515128575 87.43350073892464 74.17104420772769 62.90287006335726 54.87165790908126 51.611308232186346 53.99311020391205 61.363550075113366 72.21090722540251 85.21763598451149 109.81077785845412 96.48201402435689 84.60404017256788 74.87055952978325 68.20593993827062 65.55297315454547 67.38714138460898 73.3727050515273 82.61218649202297 94.15245803977736 118.86199697345053 106.62584235700983 95.96170454938058 87.44661097046858 81.75483685637943 79.49515380132132 80.95547020294188 85.94637504277051 93.9066193581709 104.15761846453832 128.8249332091571 117.58172158003178 107.95244222268386 100.40253489636612 95.42682508451878 93.43746346375215 94.6229935705945 98.86927200490229 105.8084386131301 114.95385646670283 139.504261394052 129.14300928948975 120.38709104333722 113.60828963115001 109.17551098275759 107.37969019661611 108.35202110831794 112.02044470915786 118.1340616842167 126.33839467473737
44.33978947466943 10.788745195976759 46.23211420433416 37.76193921304465 15.786739362131227 42.07396632814697 50.81770957308728 45.56057324087711 70.73427816599136 13.340489391153845 52.89472901141856 0.0 30.637309057397484 50.79737026839202 17.00201526260152 39.94180826350621 53.971459087837104 2.0010152028363595 15.400447237464446 31.30680010621031 50.9118817133013 18.512262545630932 43.72354373692002 12.058556772529828 29.8748771193042 46.99830062142587 45.758891040658064 75.24162060892037 67.56615112409584 3.106594851518558 85.86220942874913 18.577313195203573 36.68014219899843 52.65208644065185 31.874456356836706 64.94990142123797 34.904635760664505 6.123346021386433 36.760904744733814 51.74373655584234 118.52203114059482 105.11196543514761 92.99606386642141 82.74478664721731 75.12536686107092 70.99035836709032 70.95160620219134 75.01545887855825 82.57842893404349 92.7888139041906 110.61256029811913 96.14827727424404 82.78008118770282 71.12868867053119 62.16700696287646 57.1741292004241 57.19897933875029 62.23554705653314 71.22851458388877 82.90016377795935 104.01924639034668 88.52026156065199 73.82665147849328 60.527819266088144 49.755040113209965 43.43058603459519 43.53817020826232 50.036320827895814 60.91304633640046 74.26890130426133 99.00549212658387 82.59892191952184 66.64672450482645 51.57227381246294 38.42294261550441 29.86059554680327 30.094806324963436 38.96728272815196 52.24854479142387 67.38012538208449 95.81964623517177 78.77018039514469 61.86105853867419 45.24988769913392 29.445316083870697 16.888264298691727 17.381393270403766 30.29397171506007 46.17411766101559 62.809920319234315 94.64652077189987 77.34548342358005 60.044960805302146 42.745577905502145 25.44965899815386 8.179208766831431 9.210177482680779 26.485257838193412 43.78154858534365 61.0810339678998 95.56028743518172 78.45592741755766 61.46225936565345 44.70569172778962 28.60596417797107 15.385586352636157 15.932486166758261 29.490417607586533 45.65345674817149 62.42999489512637 98.50287326282528 81.99856745541136 65.90465930585415 50.61416008944442 37.13317000768592 28.18974029752635 28.445748913451393 37.71431869243676 51.32532579130088 66.67022071847022 103.30100797441958 87.67903523265268 72.82055738933228 59.30227083525291 48.263759309102916 41.72202041940648 41.84219045361048 48.57485156830435 59.72410649484803 73.30161646944451 109.71144567810957 95.11499991107004 81.58323324396345 69.73868028933096 60.57922048210101 55.45177385690425 55.485631811835724 60.672154199950484 69.87320013353931 81.74421534457784
33.36909861878254 22.08607163279595 30.548222415673184 11.05809521785773 43.46158129259086 28.10104815388132 26.15488727519146 19.577115843131953 42.09105031973822 17.30575424302204 48.52493542237102 30.637309057397484 0.0 30.30543357942361 14.28131578473001 20.21385039019005 23.608137221608114 29.42696081997595 19.386140179901215 20.81090222685241 35.42436886749299 20.201938333558005 19.337720353571957 18.872438535201713 9.452726950211575 30.354578643529617 19.271766625216173 45.916333188414455 39.643794224419665 27.548188035066417 59.30095273935402 22.624885248072903 24.11433431062119 31.20876516034374 7.834074370512047 58.63044681498097 12.66863940327786 35.7436639999716 62.33369212545308 29.014480541744096 90.2580086154841 78.5008786966045 69.11557532649293 63.168287211282454 61.66195930854204 64.90652434409279 72.2648707126623 82.64539391669166 95.06316685087408 108.82299943912446 81.17157717220765 67.91046680561362 56.86422907236866 49.537380628072135 47.676682941755544 51.87371780130255 60.88843556904969 72.95630924579831 86.81328824851163 101.73088743864834 73.6987381063726 58.82011147561409 45.68167144606976 36.22889419863488 33.71881552328562 39.49800428412372 50.812736998107454 64.82657029851323 80.13577396287106 96.12340192168703 68.37076711055352 52.022364862635946 36.562314345265996 23.79056427354483 19.846682353234076 28.644412827193708 42.96307374710897 58.9055240123163 75.4493707480929 92.2716969991923 65.71156005112779 48.49128847917104 31.361033925573942 14.640262835339163 6.623714923788436 21.728399835069077 38.71803941175698 55.89958183102229 73.13790657633636 90.40053630562022 66.04431141095098 48.93921147952335 32.04613885311427 16.049201077269743 9.32265733129645 22.692736037949913 39.26476591972944 56.27785231547299 73.42604935862822 90.63269847159582 69.32594756890812 53.26584185233693 38.30305351325332 26.376296308696865 22.869307025622263 30.806046468954452 44.42669121822388 59.97633186901969 76.2843429190924 92.95242150126383 75.1712085824197 60.64659270738048 48.00015449736756 39.098944667343936 36.771553326609634 42.122129713935436 52.868776294051706 66.44281917230711 81.44259297034323 97.21034254230962 83.04041068312603 70.1235503173886 59.47785986625512 52.50352675828197 50.737814621595945 54.68758859051939 63.29170452608673 74.96431404584374 88.49947966674726 103.16670211025193 92.41789260515415 80.9638284358311 71.88817155791833 66.17680831470466 64.72653058435671 67.81128680594857 74.87262870376168 84.92433981775582 97.041586504779 110.54722331299287
14.281400655586754 40.02095474424281 7.8243725788647795 19.493323518071293 56.51106966417033 11.121922980325946 49.01056449513811 12.693393098873226 27.03701741514266 40.58159109461029 28.16028767376675 50.79737026839202 30.30543357942361 0.0 35.71273951902042 11.219680099172466 34.57282391346802 48.897577778503944 46.5326841027863 19.919850507999346 8.709390222161987 32.46226398083447 11.40991873165646 40.02164533627503 39.66136453939279 6.401759382707031 13.533986294525349 32.74447688335325 22.761811138518294 48.06497893893717 36.568282325256 33.07555908247796 15.18300817495728 2.2246916353618182 23.163663931207047 33.86545327989815 41.61504590280545 56.912167279375794 68.50778740672635 4.026294192982123 70.20271253320142 55.27940472287849 42.21271216560481 33.267435919558594 32.097355956608745 39.40135744628273 51.70495547092722 66.28006196643015 81.92313196281864 98.12472282309682 65.0471112478809 48.59741119296385 33.030322153808946 20.469687405830626 18.593712307977164 29.515356787334014 44.66876480450613 60.97665886226546 77.71563174029431 94.65726607867664 62.72583325267069 45.458428320487364 28.233327852078116 11.246619311822489 7.386855785483577 24.111374472525096 41.314218710043995 58.57545991621193 75.8552429913508 93.14324893551222 63.5502596509173 46.58430845267763 30.00455183885161 15.138081543404072 12.52050076119378 26.135749664771172 42.52181706486235 59.42933187558775 76.51339158979792 93.67745589344963 67.40505345318736 51.697138808669514 37.42268957209959 26.963527819736424 25.54048891565216 34.29740397619677 47.94807471461227 63.40689569764446 79.62764330920255 96.22577274132792 73.81693673616624 59.78252781361844 47.93398940238835 40.25034501629781 39.25836768821917 45.39884160274536 56.38791031663292 69.97745541585735 84.9281951330156 100.6352752066958 82.18953307907546 69.81514403662169 59.93237218827986 53.92887951469669 53.136228373256635 57.76931188960565 66.7070306416981 78.49243522841097 92.03801795524181 106.67535338516313 91.9889134987508 81.0751917156592 72.68497007451776 67.76219223112543 67.07470592990826 70.74609044746268 78.16453230148197 88.39157518831254 100.57404573903511 114.08724050282804 102.80777399352658 93.11833061736094 85.85621742075675 81.67152571382742 81.04238165958839 84.04866809018853 90.32812995017784 99.26149798585583 110.205264726773 122.62233578298775 114.35700181333837 105.67703032407518 99.27947903504688 95.62355631523344 95.02622497570387 97.54369118400915 102.94770173328837 110.8167687660789 120.66960069476245 132.0629326018739
32.68435538188935 7.824372578866194 32.67103997193707 20.821072392073745 29.19021294001079 28.908511579917768 38.16202595451122 28.879679271144926 53.82184338258089 4.87231830843081 45.07706074034569 17.00201526260152 14.28131578473001 35.71273951902042 0.0 24.507112656171582 37.88774858847429 15.537342705752316 11.892467807482312 18.281872625258803 37.69151719706313 9.007290258482024 27.298656462310912 4.947281926076784 17.017796611940753 33.10752799339242 28.99880552735883 58.25818082785959 50.76111187937661 13.909376634890133 69.45569288292006 11.279865432791473 23.562139069669986 37.32496253847048 14.941936541831906 56.575594644173684 22.304856662055805 22.67006824455152 48.44620258328797 35.99693779907086 101.76249404590163 88.76114271453746 77.46076463106498 68.70585126840056 63.55715758348711 62.906477425528436 66.88521409489611 74.75783014031933 85.45483491402491 98.05620221524741 93.63847623678805 79.36224268399151 66.53772520269561 56.16826654003498 49.81145889117532 49.05293760307538 54.128568408862016 63.65779707398099 75.98309231875655 89.96247822187205 87.06060023180937 71.52055630407116 57.00473257025151 44.5263606969876 36.25412747059793 35.2822111077697 42.11905486735019 53.86931265034301 68.03306995933991 83.38946019032623 82.40008378642206 65.79536918974475 49.668892748229524 34.69407309771276 23.217881269911565 21.75253581796408 31.71730000575523 46.23324481455335 62.19123920433308 78.71911484946453 79.9928283922165 62.76861241581471 45.60326959524788 28.60299064261394 12.46263745693958 9.550757761735602 25.01659445292859 41.94229851806794 59.08634524736106 76.30169963475842 80.0424265797726 62.83151941625081 45.68941842568343 28.739509817514396 12.77142269205739 9.948487079126224 25.17039724168409 42.03378098624586 59.1510095877268 76.35154530880328 82.54444905900502 65.97525200004723 49.90584203367505 35.03089562596237 23.71593587227721 22.280910370257025 32.08026973463404 46.4818226002877 62.37537450706093 78.86397304322836 87.28822852499927 71.79620496125852 57.348607338606335 44.9637408325968 36.78750772836855 35.827516929441586 42.5747427832399 54.22466215682483 68.31344492960467 83.61726519888026 93.93468398558792 79.70992331462674 66.95013522173039 56.65395881882423 50.35596494839268 49.60319621156707 54.625384716377326 64.07877923969352 76.33445457054985 90.25801721959088 102.1128734385289 89.16079415446194 77.91629805472287 69.21665830658692 64.1064432661543 63.458808261751166 67.40251197427187 75.21882006158687 85.85649165225095 98.40476320909077
