0.0 47.87659500026201 49.11558386586376 17.925186310550313 83.82214119639556 58.97464928320232 92.71519351679598 33.65767141650265 85.34895862501111 95.18575292402903 72.31870316328768 72.62026408234117 63.45628492295128 34.916946060050435 34.148354024207734 68.29681309141479 51.5902971160754 22.60048548573268 57.314894336974056 43.64120223312376 3.399217588819711 12.332523553219573 4.990965167230567 22.19523840728219 48.77575523991627 19.14576244518169 73.83941791990758 9.306987506924868 100.3668142613223 94.80684350029881 66.87470998714701 68.28827851231915 74.07051768425957 7.533355252290759 87.96040261831754 35.29861530060861 62.4110813204665 20.723645331255135 58.36745252673469 44.80348450227866 130.41217206686858 99.33207462441439 71.56251019821701 52.63392513893257 53.04971893712805 122.26424004842609 88.4703866250734 55.680506556440825 27.721343716585707 28.835248759623514 120.25104744552384 85.69288450385108 51.19648795129674 17.138966819550333 19.006890063488996 124.67025590498184 91.73697370939756 60.69188790823811 36.69020912889797 37.46559635203798 134.89090827528258 105.09116621381078 79.29395984329446 62.65535645930881 62.91770890683536
47.87659500026201 0.0 14.669156880079429 54.77191041680521 48.643996526257894 24.49282522879512 45.094156419729075 16.654941091072725 51.3779074716676 55.44005491056298 49.68488815888855 27.95169761545236 18.916805341455408 36.77291348948866 16.940185308193524 26.013161142011263 19.424745237109754 25.314906670483595 22.15499195891339 6.814808216938551 50.12536484090356 36.105835032370244 50.06704226315074 53.59142857782605 3.127180883519644 28.730894797580753 26.34826558200436 38.692590745975096 58.99945833091468 54.19684834739749 50.943566768249305 25.68586294140442 32.1866885327841 54.75937206643131 40.09991920047598 21.38880714571103 25.936018502620726 35.20796097496395 24.701996103359768 14.61993993105013 97.56435879417775 74.59597346840481 63.285785070469416 69.57296968637723 89.83586040130507 81.9838465079887 52.8469797508967 35.483595739054934 46.045607629347394 73.32216932643883 74.2588754506442 39.961478240982416 8.62045775280597 30.766186458513722 64.91269178821743 76.79818745623062 44.46321251605439 21.232968014814304 36.32556382356755 67.69859848122141 88.7246989197797 62.7132684842092 48.873753904841124 56.9134564883255 80.52606515703852
49.11558386586376 14.669156880079429 0.0 50.99905133304725 37.474339838697084 11.533884809473154 46.28190795944203 25.969058435308046 39.78503802580532 46.904860376702416 35.302379633565714 24.004593539070065 15.5470759435972 47.932622708707044 15.144967835991931 19.21552823028818 4.874599806693628 27.886533632153142 9.292344347749783 20.03937910287822 50.51806815370354 39.2541688643213 49.88839036039081 48.38664588356919 17.748504543909675 31.3452633298911 28.238368002030047 40.929679844940246 51.62656558271234 46.22359344454843 36.27757004053918 19.246245722847934 24.966922218778194 54.858618702155454 43.0999797298273 14.711636902465555 14.256357085661298 42.35412425203087 11.375593319780034 28.609060084050597 86.42011835847042 61.042211133460796 48.77165107662537 58.53207739134506 82.87425381021019 74.08661483995398 42.00861745897658 20.867853411029568 38.74347163153831 70.43785775394024 71.42109129293051 37.15416739955851 7.399015858325768 33.52479862785789 67.7342765314864 79.40337760180435 50.7276868890719 35.1643318701903 47.90190425419069 75.81216790704092 95.39669787419301 73.09756310109495 63.09321463719327 70.80275398710883 91.8699213411858
17.925186310550313 54.77191041680521 50.99905133304725 0.0 80.43827159547695 58.36774305119585 97.11347057012544 44.407365157268146 81.32910998462198 93.21475543464337 65.19437571241397 74.90697194293031 66.49159429553526 51.51459976022117 38.264957778402945 69.63893934388454 51.866963345829255 31.317033752713623 57.29930803553025 52.47378073541713 14.972885761295911 26.09740376654197 13.046608569091898 5.653836472436153 56.55897111002453 29.001824878646808 78.57024758816033 23.01322375476089 99.03202768010514 93.31545612679187 58.06902076483074 69.79224229936149 74.65658529162859 14.454798819728186 93.35133043839399 36.328727851262364 61.97885663750521 36.83865876502389 57.56804168584201 56.12759722475849 123.77827535095709 90.79515573910575 59.6765733611517 35.6883840641439 37.15995631167688 119.50838269786888 84.93825978929202 50.414446777935964 16.235114374552722 19.503729400558914 121.71418126130695 87.98694161643425 55.352558789588024 27.94554578494825 29.880515210448454 130.06650627640227 99.12271031717086 71.61097120719195 53.15782677214055 54.02019762521887 143.49562780675618 116.03972333748504 93.45680012322194 79.98664573770738 80.35102623057983
83.82214119639556 48.643996526257894 37.474339838697084 80.43827159547695 0.0 26.01089096682752 40.44098933433353 63.17680777825799 3.2361887368601034 14.011700381022784 21.216536105215557 26.033459331679694 31.35398584196548 84.880255898723 51.82737007211969 23.889228206524344 33.47029920048369 64.63367568289627 28.18470389640221 55.34601666099311 84.47450722494435 75.60399700814942 83.39549448221315 76.1123709541279 50.885528656546306 67.89279700616292 36.331832136251435 76.74175108878498 20.50708300222439 15.215951678403949 30.386220767170364 24.423660849336716 19.039507650704312 88.28266795947536 43.16759994086833 48.823150046987735 23.317801217047638 79.76657918634893 26.343418481406097 63.10332886973254 49.07544877016149 29.92466320785958 42.159322541595785 71.09267683123629 103.56527474564747 39.07019113192221 4.653826477393955 30.194217073992164 64.78099849935572 99.37967179693861 47.43550449637761 27.17839563915496 40.27460224055752 70.00187336816703 102.82665635580962 67.67052673660264 55.19479815937145 62.517407663971596 84.64739653298578 113.21100731957895 92.27061507440041 83.336233584948 88.15161736368212 104.83895197981127 128.8659087927624
58.97464928320232 24.49282522879512 11.533884809473154 58.36774305119585 26.01089096682752 0.0 42.08690577369002 37.46731526336786 28.260186886213067 36.23525261259439 25.75535325231609 18.576084924357794 14.094910206964476 59.385724586205825 25.94028960523108 12.490770256051247 7.542113783619078 38.790383142853756 2.3592704216091924 30.711208712454724 60.011748218884634 49.951068145862635 59.15645594409793 54.92849307261929 27.26066205384019 42.13308780248724 26.73267505335507 51.32798816675591 41.42912467396707 35.83812979756363 28.993296503441613 12.87980721411674 16.437440110554853 64.12629051804856 40.55132683808717 23.680546786158114 3.611516205396597 53.755711448689006 0.9484855937153008 39.05576261580846 74.8919794465425 50.122720400104754 42.55097449656287 59.19209048986924 87.13002661305151 63.3830351088723 30.585952979249853 15.762058844531042 44.22934634094386 77.83879659765368 63.41738818007962 30.65642681990692 15.897119305550655 44.27720422701938 77.8657417683644 74.97917236522021 50.251714500095005 42.701439021008945 59.299330026672116 87.20222331488682 93.90234957364675 75.44312167311243 70.43036070313481 81.38774206916486 103.35497645120489
92.71519351679598 45.094156419729075 46.28190795944203 97.11347057012544 40.44098933433353 42.08690577369002 0.0 61.201356621231234 43.35821924133185 33.68391929689582 58.35759256886652 23.515237928793788 30.740406069718993 77.46203721697466 59.37851474015179 29.606821165231484 46.46686871722252 70.12760271624208 42.06744928335656 50.51842123113403 94.74309525307125 81.16407335476865 94.4785984293259 94.66532023698436 44.85205655245189 73.62849232070076 18.878083773747417 83.65299924676016 31.59510712639547 31.160624608657265 65.8679202120507 29.207269854572793 27.432889957243756 99.31797725289636 6.840009767577767 60.811394154076254 38.97292136370486 79.66633898480978 43.034687347689704 53.79409532838386 75.03605884578701 69.07176660740588 79.41138967947653 101.1740566122012 128.6894389617184 50.10562143241133 40.9840361415367 56.95288465401044 84.86691260152001 116.43013600218306 31.63055928865277 13.544831116198807 41.967654461193334 75.72289610077854 110.00673328753206 33.17006252959386 16.802026547653316 43.11858762844779 76.36076582271944 110.44260939417534 53.008017518650426 44.45472428449986 59.476139699667804 86.56451910429759 117.66153505827123
33.65767141650265 16.654941091072725 25.969058435308046 44.407365157268146 63.17680777825799 37.46731526336786 61.201356621231234 0.0 65.62577938408945 71.3051055884978 60.06553455722486 44.47843524856929 35.27633617395618 22.003182197477216 15.549555465375317 41.96386496534864 30.54600276931116 13.153926823091139 35.16768565383765 10.68780475570381 36.407042679270596 21.345176456821896 36.79923782371682 44.788324772954454 16.36005175580843 15.53129156381175 42.71973089177634 24.382440683411343 75.22780798123486 70.23491860068117 58.960829283056036 41.71573521824467 48.186729954053945 41.02421531816479 55.76846607878619 21.761879897821238 39.86590264943139 18.58759313660481 37.34400355309287 11.720582526907254 112.23611077507489 86.64197501347172 69.36489100834514 67.16333356287191 81.27181335815045 98.1558816343505 67.61427337736711 43.63059346495265 40.37812855286453 61.25343829050957 90.86044848725325 56.61631501724213 23.453048393344375 17.015762039549557 49.23290731487436 91.97910370851879 58.37860735338187 27.401030525715004 22.100216090181448 51.19444333734392 101.23323884598095 71.96973207858238 50.05926590506578 47.191439380293524 65.90104611509047
85.34895862501111 51.3779074716676 39.78503802580532 81.32910998462198 3.2361887368601034 28.260186886213067 43.35821924133185 65.62577938408945 0.0 14.987690074679854 20.137395649582388 29.250240810246343 34.37439825463137 87.4210491142894 53.86165927915778 26.95484932662847 35.61056895701538 66.60881429460613 30.50132990243146 58.03527680118896 85.88765367073515 77.45106903830343 84.75174339159751 76.8617696564675 53.68963543163672 69.81076946978284 39.56738355730691 78.48100703374557 21.46764286166631 16.608337082141627 29.449335863633095 27.502033206614875 22.238519758498434 89.60362568602494 46.25593649939709 50.579656166148965 25.78346429955548 81.94504998378744 28.514515532646314 65.89498740323891 46.6356615876487 26.698997305093055 40.56634894183035 70.52135534510312 103.4201872767943 38.37507641376323 4.12814617285485 30.923955866226965 65.5011057657595 100.09671833374604 48.747113872980734 30.205705896324282 42.93396079910398 71.8964677462989 104.35380166339765 69.89804935252296 58.29935255776012 65.62529716910146 87.23148893793613 115.35498952311937 94.87292589023907 86.46495805597122 91.35761432073876 107.75410077572802 131.4168428540691
95.18575292402903 55.44005491056298 46.904860376702416 93.21475543464337 14.011700381022784 36.23525261259439 33.68391929689582 71.3051055884978 14.987690074679854 0.0 35.03344715529706 28.539627200775485 36.64873321191028 92.2118651986116 61.94355445707096 29.437696704002697 43.71175134950764 74.76580950681604 38.02621961679012 62.24950204214978 96.13222214567567 86.06239583994318 95.19939076480368 89.13337238518058 57.11222356472414 78.18679443593516 36.56322962396003 87.5366051799692 6.5138390438085825 2.5340687295695816 44.29409024467148 29.75419303128421 23.25476909906286 100.14815432601114 38.29803090448577 59.8887248310447 32.89167161058476 88.94166665167697 36.82036770184281 69.11478703259023 44.14803643594211 36.31510147916305 55.52795574813095 85.1043532558382 117.46053726685194 27.190599019754202 10.961850023061196 43.541348883217864 77.88702969661648 112.39120585287043 33.77394348886309 22.755909312774786 47.85215925922324 80.35342226682756 114.0980340801371 56.15227535800294 50.117578216405754 65.30904646862945 91.72555663576689 122.29754786098226 82.31895551384795 78.11446095979375 88.44242825389746 109.25654556178911 135.81847409011297
72.31870316328768 49.68488815888855 35.302379633565714 65.19437571241397 21.216536105215557 25.75535325231609 58.35759256886652 60.06553455722486 20.137395649582388 35.03344715529706 0.0 38.09011632095934 38.33853933713501 81.88627424133121 45.58068167900381 32.975749666023745 30.428905660081792 57.11578451113532 27.918888746365305 55.341131237056906 72.20747648379539 66.63631288909805 70.78786452034743 60.214956146827184 52.62385471617272 59.76549926177368 48.573140674380994 66.92340215051361 41.54323005427173 36.41538698918659 9.329709438715314 33.599370809495944 31.805468347764883 75.36030137862943 59.42604764860937 40.54620194333096 25.847441763943753 73.40618837355954 25.31147384275621 63.90832066206177 58.63451374983734 27.369323843428948 21.330785046586705 50.554660634482616 83.97257797056625 57.23717571997809 24.262201983217377 17.206584807950673 48.97275397037678 83.03882620252521 68.64687343925343 44.852726031725325 41.3033286844119 61.60346594862042 90.98809373354553 88.01602733473686 70.8402157289036 68.4442591134856 82.13198153771265 105.83701394058808 111.2618739095701 98.02137361191484 96.08251869579803 106.06689742336009 125.15270141502305
72.62026408234117 27.95169761545236 24.004593539070065 74.90697194293031 26.033459331679694 18.576084924357794 23.515237928793788 44.47843524856929 29.250240810246343 28.539627200775485 38.09011632095934 0.0 9.332197338942645 64.3903790902388 38.49225350304058 6.134675367180607 23.326451433238567 50.53762967892459 18.60189094274815 34.612615836642526 74.23825024860315 61.96243252333843 73.71179654959344 72.03843305503952 29.158896362498428 54.09183890211203 10.708350567813786 64.02063923440825 31.31118648978689 26.928094652241032 44.272966106937275 5.699302930071847 7.074767627827056 78.6620663305662 22.333139669641838 38.70674282145258 15.557218749526175 62.83702593767963 19.524338777943566 40.85547718425026 72.28620086365518 55.70076812701123 58.091765482937895 77.72726533272123 105.37171938411062 54.277755691096566 29.056413182734534 33.72412639433003 61.848196617758894 94.38179548048329 47.630971185575056 13.157769932988494 21.734735484000296 56.271883449292886 90.85981141693635 56.50873761222808 33.00256438859986 37.14750942166565 63.761603073504084 95.63463267330161 75.62807723553647 59.93621423663636 62.12793898101863 80.76013336538611 107.60717816557104
63.45628492295128 18.916805341455408 15.5470759435972 66.49159429553526 31.35398584196548 14.094910206964476 30.740406069718993 35.27633617395618 34.37439825463137 36.64873321191028 38.33853933713501 9.332197338942645 0.0 55.622713786787344 29.40433283844502 7.537510722842082 16.12288436303136 41.26051388764249 12.987609673968267 25.68555695172904 65.15893465381816 52.669949771958485 64.69578631692495 63.93355727791166 20.463576254907686 44.816667182936 13.212097450230273 54.77415871019169 40.08269913540038 35.32131165265088 42.77540216957166 7.077666730026595 13.444496796500875 69.62558913425413 27.852280005848606 30.163290547702374 12.64456094927443 53.552860643643065 14.938971674213066 32.514640455279874 79.51505381705522 59.65520230774296 56.476871747688385 72.21721002523199 98.16215312151982 63.06750290023817 35.144559321405254 29.792786085226428 54.17490268190683 85.88987124932494 56.835245181578436 22.24265815432985 12.412936336238989 46.99234549372541 81.59249034876075 63.88185937022049 36.5728442288314 31.449830458296667 55.094905928416054 86.46758586239207 80.80471490812614 61.348211604106794 58.24598423261325 73.59603785685738 99.17131335600061
34.916946060050435 36.77291348948866 47.932622708707044 51.51459976022117 84.880255898723 59.385724586205825 77.46203721697466 22.003182197477216 87.4210491142894 92.2118651986116 81.88627424133121 64.3903790902388 55.622713786787344 0.0 36.54106466362513 62.78515133218356 52.54608833640246 27.622280171924803 57.064944566567334 29.96239958014191 38.31611731185077 25.765475535083922 39.72008272630435 54.17900453169575 35.23794742860045 26.913730408694935 60.399426277351814 28.6058608716451 95.64654000029823 90.94207372260425 80.2141769171419 62.458053317816045 68.95739506934028 41.910357609921874 71.21911545208319 42.291400764953984 61.638359316171226 14.692505727107799 59.29662743645723 23.95452862007824 133.9520933470995 108.61368987396304 89.69630376508277 81.78412535554742 87.9009805574234 118.63621420633012 89.240644404327 65.17691935412344 54.101441124053764 63.25107082148645 108.54866691976022 75.45346984545257 44.70436055664921 26.430556440167415 42.34984645506883 105.20494296623468 70.60499079943969 36.012550729414016 1.896648960445934 33.24372312950078 109.22633888365388 76.41628875464612 46.29625434399761 29.018529326634294 43.99596369253674
34.148354024207734 16.940185308193524 15.144967835991931 38.264957778402945 51.82737007211969 25.94028960523108 59.37851474015179 15.549555465375317 53.86165927915778 61.94355445707096 45.58068167900381 38.49225350304058 29.40433283844502 36.54106466362513 0.0 34.19437210534671 18.403020306758766 12.853025930113608 23.966772825568214 16.86069953099046 35.7595647195797 24.130112074356862 35.298442744604316 36.744113649721335 19.256035852646065 16.24325733774082 40.60220203908386 25.794718462110044 66.75963471133078 61.32844363529264 43.700742122831535 34.16568430428831 40.07405234228878 40.22207907006041 55.24467707638957 6.2748529285408265 29.09128686667398 28.277732311056678 25.51678548513493 23.96526872133477 100.29220726234168 72.66499103908487 53.820797370577246 53.92549266755531 72.89747946401214 89.13414051717416 56.44459003336456 28.669362071096398 29.201313987028474 57.25683361003823 86.11951119905757 51.599630041756 17.41629765981067 18.411600157557135 52.626044968302864 92.0520650879077 60.90830162791633 36.61821140718706 36.97024865787795 61.542983716127935 105.43183551424801 79.54765724360423 62.72615491063047 62.73829892792493 79.57638280568322
68.29681309141479 26.013161142011263 19.21552823028818 69.63893934388454 23.889228206524344 12.490770256051247 29.606821165231484 41.96386496534864 26.95484932662847 29.437696704002697 32.975749666023745 6.134675367180607 7.537510722842082 62.78515133218356 34.19437210534671 0.0 17.794665267480582 46.655774449428776 12.707943371400356 32.82677457434066 69.73311608742378 58.10079475904121 69.09801547713694 66.56886313352224 27.804582730664592 50.182110911511266 15.700182979330867 59.95798389660578 33.29976966876132 28.277443511800296 38.61370208716258 0.6291795421288109 6.222928281987733 74.07022437923968 28.404800882804967 33.71767613606885 9.42336105998859 59.907683385633504 13.436865486017119 39.943371127591455 71.99671095301723 52.628081037770386 52.44720639037242 71.59965098636978 99.48425303650875 56.19418841681521 27.614685297407192 27.607973228097134 56.18429350708288 89.14030960929102 52.2692697908903 18.459914214526986 18.55569637240498 52.3709162574459 86.80993859073048 62.50135946323522 38.785716727420166 38.69204696353413 62.32694411937895 93.09700433740876 81.7358545595993 65.21651948853214 64.96472803393237 81.13207962074625 106.48563178940486
51.5902971160754 19.424745237109754 4.874599806693628 51.866963345829255 33.47029920048369 7.542113783619078 46.46686871722252 30.54600276931116 35.61056895701538 43.71175134950764 30.428905660081792 23.326451433238567 16.12288436303136 52.54608833640246 18.403020306758766 17.794665267480582 0.0 31.250439831552637 5.724865712397272 24.913781080620108 52.72842189249865 42.41484152826885 51.94027385506221 48.78251031386749 22.46380266576775 34.59130681968334 29.314265665341402 43.82570438529069 48.777886640243494 43.23718122439013 31.6214589193547 17.981903791710632 22.900096718801574 56.9180986275549 43.95567994240004 16.371981601007214 10.834233594747019 46.335002078405026 7.127782045360727 33.48035775078133 82.19058698196392 56.25387946538292 44.36801800179852 56.279292714127514 82.22537476613961 70.88197403846796 38.07045011325085 16.410765386807096 38.5242312047578 71.37064298276043 69.89922341484696 36.22536467722558 11.554412565024684 36.73667983369922 70.43092099645864 79.62563698871959 52.47152023450474 39.51078990178363 52.571554238472935 79.75749384549195 96.88752773173702 75.97517183450802 67.46869889948618 75.67422823368776 96.4153369385341
22.60048548573268 25.314906670483595 27.886533632153142 31.317033752713623 64.63367568289627 38.790383142853756 70.12760271624208 13.153926823091139 66.60881429460613 74.76580950681604 57.11578451113532 50.53762967892459 41.26051388764249 27.622280171924803 12.853025930113608 46.655774449428776 31.250439831552637 0.0 36.817028772163155 21.627248038672406 24.815481152332087 11.448334240705934 24.825581191485156 31.652427864389804 26.40437800534621 3.5565329903929532 51.25660384873885 13.571622823047631 79.50061995302559 74.11010290379357 54.028082503502226 46.576106417992165 52.65913491345686 29.455645772379338 65.36948063216228 16.609853890374296 41.93783302433807 16.364744178670357 38.35487947310979 24.848707939749907 112.91250134351617 84.43784975356137 62.49049903888754 55.45420596245903 68.11805882354476 101.95499903852587 69.26025279394483 39.92471650253729 28.032533627818598 48.708340954703345 98.08407074843471 63.48042127452667 28.877279135903606 5.734547051756012 40.33270662848023 102.10909188788989 69.4848067888403 40.30941680414914 28.572692776172165 49.018235818704 113.19063915490483 84.80601508731382 62.98248074654473 56.00284682260998 68.56119973595455
57.314894336974056 22.15499195891339 9.292344347749783 57.29930803553025 28.18470389640221 2.3592704216091924 42.06744928335656 35.16768565383765 30.50132990243146 38.02621961679012 27.918888746365305 18.60189094274815 12.987609673968267 57.064944566567334 23.966772825568214 12.707943371400356 5.724865712397272 36.817028772163155 0.0 28.35284013108684 58.446516134522426 48.052070713369645 57.64607557820664 54.03403372614159 24.945236303714697 40.19856314527182 25.98370139717 49.515240638133804 43.05440511435692 37.5212661715404 30.762079041043577 12.99962350233323 17.35836148925549 62.62277909603243 40.15438525921244 22.085948343266093 5.134956634655898 51.60850398195629 2.6081062535097828 36.705892733501905 77.13683348590376 52.47487542715267 44.18088603826508 59.54078854552769 86.79330031168256 65.20825158083888 32.729645838831544 16.88765410468202 43.52017356973918 76.79627371038318 64.41490713311487 31.134196972576486 13.573786197662212 42.35573884172572 76.14867723307341 75.1105153351399 49.47670059933387 40.609369914206276 56.965959853746824 85.06434548849442 93.42889595368622 74.2089081024267 68.40854057899124 79.03959607089197 101.0423179120919
43.64120223312376 6.814808216938551 20.03937910287822 52.47378073541713 55.34601666099311 30.711208712454724 50.51842123113403 10.68780475570381 58.03527680118896 62.24950204214978 55.341131237056906 34.612615836642526 25.68555695172904 29.96239958014191 16.86069953099046 32.82677457434066 24.913781080620108 21.627248038672406 28.35284013108684 0.0 46.17035093249094 31.48849986690318 46.34397458885834 51.97942507966694 5.724667538894429 24.73485659459631 32.106958527337376 34.339289842238884 65.75661584926448 60.99115220663507 55.847604694511766 32.49596081487832 38.99499652422284 50.82106153038727 45.093295027393545 22.56861569797821 32.43353815727547 29.190088986903543 30.822055474777052 8.599285935648615 104.31870270435276 80.80726261732542 67.6165846433301 70.7739939312322 88.54761874707219 88.74594672843595 59.589324830585376 40.2586257940082 45.66673857920921 70.32047936802428 80.35736847790614 46.318289082341956 15.11003608593258 26.572439288615556 59.82247003585887 81.40555080128969 48.09764185174541 19.868351469553662 29.512174040974315 61.17216876320086 91.56693977338881 63.67790620176324 46.044130669772805 50.7943220537463 73.72163379467015
3.399217588819711 50.12536484090356 50.51806815370354 14.972885761295911 84.47450722494435 60.011748218884634 94.74309525307125 36.407042679270596 85.88765367073515 96.13222214567567 72.20747648379539 74.23825024860315 65.15893465381816 38.31611731185077 35.7595647195797 69.73311608742378 52.72842189249865 24.815481152332087 58.446516134522426 46.17035093249094 0.0 15.239817464029182 1.9840336423550353 19.61031527685692 51.173516182811134 21.48087417060625 75.86771838488697 12.058427481462255 101.44086697996921 95.83885525358879 66.40030859305914 69.75260833857155 75.40107904488639 4.651899133541553 90.1341330918518 36.36141893838594 63.50197978256388 24.091452916097513 59.36554229308477 47.7102285235114 130.5435162052164 99.0228605226805 70.45747291621349 50.177638208799216 49.660311784724314 123.1237107509892 89.11049253054442 55.82793860111726 26.223743014341387 25.562820402040373 121.84924845563133 87.35755919583238 53.012262820224755 19.598722694823987 18.782249985814403 126.90548117429734 94.22066935472986 63.599505029175745 40.08851047611108 39.548823382902825 137.59600768398417 108.07026533382825 82.58618821108338 66.00416680859016 65.47821706356666
12.332523553219573 36.105835032370244 39.2541688643213 26.09740376654197 75.60399700814942 49.951068145862635 81.16407335476865 21.345176456821896 77.45106903830343 86.06239583994318 66.63631288909805 61.96243252333843 52.669949771958485 25.765475535083922 24.130112074356862 58.10079475904121 42.41484152826885 11.448334240705934 48.052070713369645 31.48849986690318 15.239817464029182 0.0 15.919584452559013 28.42571730431942 36.77029490421586 7.9220357402977575 62.33595869447545 3.26927642085762 90.88056595340348 85.45842680685209 62.53868775323291 58.02360784116619 64.09059624051288 19.78355291364808 76.18190477420711 26.912816764996915 53.18534079779622 11.172642446813235 49.46528476156313 32.49056420601608 123.4649371748988 93.99593233336027 69.438260547648 56.59417736888727 63.07869647309509 113.25168234124666 80.2484920536803 49.48268092256274 29.190567944802503 40.62611369686691 109.46894625339172 74.86704559096813 40.26851418839838 5.734662334648291 28.966771773427467 112.76594769556506 79.56786689229425 48.381528818334516 27.300908909019036 39.30327379987118 122.57254106062092 92.83152203795449 67.86863404290642 54.67547743965249 61.37964258628688
4.990965167230567 50.06704226315074 49.88839036039081 13.046608569091898 83.39549448221315 59.15645594409793 94.4785984293259 36.79923782371682 84.75174339159751 95.19939076480368 70.78786452034743 73.71179654959344 64.69578631692495 39.72008272630435 35.298442744604316 69.09801547713694 51.94027385506221 24.825581191485156 57.64607557820664 46.34397458885834 1.9840336423550353 15.919584452559013 0.0 17.627746781146566 51.2297882179152 21.60917234863788 75.61574680666347 12.66568250031066 100.57508413470178 94.95253100947026 64.84220680696006 69.134550707892 74.69761116008357 4.9791461865507 89.97870857661749 35.57074175151175 62.672378544333654 25.336734648447738 58.48962705099359 48.2332099985676 129.2049487459805 97.51244399275588 68.6895138632657 48.19373949305443 48.185458066073124 122.13477494939927 88.02276992672269 54.534037554779204 24.387761922351384 24.706538899207185 121.28541558191293 86.8513598607673 52.640457585349374 19.842611430063307 20.28036169352861 126.78200580179823 94.30875136947017 64.10484075850275 41.46742176528873 41.52697873779622 137.86732696017526 108.6318361954041 83.6009714225177 67.61759837445751 67.45314965665997
22.19523840728219 53.59142857782605 48.38664588356919 5.653836472436153 76.1123709541279 54.92849307261929 94.66532023698436 44.788324772954454 76.8617696564675 89.13337238518058 60.214956146827184 72.03843305503952 63.93355727791166 54.17900453169575 36.744113649721335 66.56886313352224 48.78251031386749 31.652427864389804 54.03403372614159 51.97942507966694 19.61031527685692 28.42571730431942 17.627746781146566 0.0 55.627657542921945 29.873105236839955 76.3668237658253 25.61539157196196 95.06924426930796 89.34410813151656 52.84765682522708 66.76438437376062 71.33221153880753 19.79427924983955 91.22269758225279 33.95823167304125 58.5330954312735 39.51617056728467 54.09077302349362 56.4239867989103 118.70093321221589 85.49909135224627 54.084344366515886 30.57738701430879 36.60157777433169 115.157499172747 80.55466607696991 45.95338119197523 11.367790653008047 23.272182769114675 118.34411824743954 85.00759571237938 53.3112797935403 29.20160950452997 35.47133578492971 127.75801722844417 97.5795239071328 71.52770133586996 55.726624570574884 59.071967717422 142.16700945826784 115.65179871963494 94.51952406933924 82.9895429179446 85.06062520381617
48.77575523991627 3.127180883519644 17.748504543909675 56.55897111002453 50.885528656546306 27.26066205384019 44.85205655245189 16.36005175580843 53.68963543163672 57.11222356472414 52.62385471617272 29.158896362498428 20.463576254907686 35.23794742860045 19.256035852646065 27.804582730664592 22.46380266576775 26.40437800534621 24.945236303714697 5.724667538894429 51.173516182811134 36.77029490421586 51.2297882179152 55.627657542921945 0.0 29.69437823297867 26.385619681984412 39.50946401641349 60.41181912622261 55.764290582169785 54.02557337792632 27.426970879092888 33.88665859616694 55.82301875588465 39.52899380346706 24.089790711259067 28.497927311395973 34.90401266487782 27.519628701646315 12.220856480221912 99.65509364236925 77.28586658434595 66.40663289780282 72.39713286855954 92.0196557115932 83.40003787248796 54.99879125123493 38.587476757804694 48.45560120234067 74.84465789147254 74.63554158957672 40.65080636817054 11.37384524648448 31.640053102462716 65.32743583113836 75.9994087585489 43.08186324158922 18.19428743170904 34.65350770242879 66.82475172508292 87.01662347674554 60.29537304474575 45.760080622066184 54.288596092650224 78.71043178500337
19.14576244518169 28.730894797580753 31.3452633298911 29.001824878646808 67.89279700616292 42.13308780248724 73.62849232070076 15.53129156381175 69.81076946978284 78.18679443593516 59.76549926177368 54.09183890211203 44.816667182936 26.913730408694935 16.24325733774082 50.182110911511266 34.59130681968334 3.5565329903929532 40.19856314527182 24.73485659459631 21.48087417060625 7.9220357402977575 21.60917234863788 29.873105236839955 29.69437823297867 0.0 54.76352083509923 10.035164568970592 82.97101953414789 77.56062708780735 56.28257240065075 50.10812196265673 56.16856222180568 26.13168647735281 68.81759499738752 19.480742704760264 45.32768623577322 14.297204695184883 41.67161408171232 27.222319859386673 116.00222415691982 87.12587906232639 64.18813129943825 55.17343748028347 66.05221278691364 105.37738650740165 72.52875962665337 42.55922896700927 27.513534478328648 45.798917026564745 101.64058941212427 67.03692131629644 32.433665188929815 2.1888056344032947 36.77626295751166 105.52633717317862 72.74301624726037 42.91997202493005 28.063153695301718 46.12804139593664 116.27270835765005 87.48238618293861 64.66673393544139 55.72430769206345 66.50867509247051
73.83941791990758 26.34826558200436 28.238368002030047 78.57024758816033 36.331832136251435 26.73267505335507 18.878083773747417 42.71973089177634 39.56738355730691 36.56322962396003 48.573140674380994 10.708350567813786 13.212097450230273 60.399426277351814 40.60220203908386 15.700182979330867 29.314265665341402 51.25660384873885 25.98370139717 32.106958527337376 75.86771838488697 62.33595869447545 75.61574680666347 76.3668237658253 26.385619681984412 54.76352083509923 0.0 64.79254565794442 37.88934977707062 34.54289021141616 54.28683041032146 15.095318809996376 17.697918412117378 80.44651904982 14.874908823455662 42.41064832598807 24.46417481175505 61.287086279049156 27.642896838106754 36.44715278395026 80.7110511717482 66.17948045983705 68.11714447374628 85.41041501483701 111.10672570561668 60.20898606687184 38.94983727559445 42.4721747531441 66.97394580376024 97.78528103905604 48.350658971659975 15.542512823184303 23.242335699040275 56.86559253761117 91.22520508357992 51.500872424005905 23.520974770415652 29.137253158606203 59.49428260636697 92.87091405603488 67.59263995354664 49.51839698767008 52.25120060780081 73.50587697559668 102.32716938347556
9.306987506924868 38.692590745975096 40.929679844940246 23.01322375476089 76.74175108878498 51.32798816675591 83.65299924676016 24.382440683411343 78.48100703374557 87.5366051799692 66.92340215051361 64.02063923440825 54.77415871019169 28.6058608716451 25.794718462110044 59.95798389660578 43.82570438529069 13.571622823047631 49.515240638133804 34.339289842238884 12.058427481462255 3.26927642085762 12.66568250031066 25.61539157196196 39.50946401641349 10.035164568970592 64.79254565794442 0.0 92.49384687950811 87.01536629745472 62.40702803512307 59.9092450127821 65.867988654744 16.649099643270535 78.79239692951322 27.91945964715063 54.6476671412489 13.917676265053874 50.79495061652693 35.65318854996776 124.22852272773136 94.2299508962085 68.70690657169973 54.3763915288187 59.8977669201364 114.70629936303135 81.39420483434648 49.87322971340837 27.28557308178654 37.36986687039796 111.60906765470888 77.00981543596905 42.418082643814486 7.932853701030256 26.859280918819508 115.45524103139095 82.43669628021922 51.54166092043897 30.20123230631117 39.52877130687264 125.60840380140272 96.02530105462695 71.12690615627363 57.376006469014236 62.60803830693692
100.3668142613223 58.99945833091468 51.62656558271234 99.03202768010514 20.50708300222439 41.42912467396707 31.59510712639547 75.22780798123486 21.46764286166631 6.5138390438085825 41.54323005427173 31.31118648978689 40.08269913540038 95.64654000029823 66.75963471133078 33.29976966876132 48.777886640243494 79.50061995302559 43.05440511435692 65.75661584926448 101.44086697996921 90.88056595340348 100.57508413470178 95.06924426930796 60.41181912622261 82.97101953414789 37.88934977707062 92.49384687950811 0.0 5.725662124581382 50.80766397811951 33.52081676917415 27.093985551291762 105.54061444776214 37.03781858251872 65.09760997417177 37.95735314531564 93.19461624807195 42.08548419970762 72.16472692253679 43.82748696434282 41.01497370590784 61.9550855734319 91.59400795866242 123.83584724684047 22.991035193785788 17.39928924918556 49.71654826628866 83.87840851285543 118.29747248225334 27.38321902817266 22.8464263018751 51.85485238149643 85.15127859537536 119.19481023618745 50.83891208482719 48.372382016056214 67.00740127343673 95.05213533429294 126.39081121102681 77.67075520267608 75.87104820195523 88.74024105337021 111.30134542000617 138.90965870184448
94.80684350029881 54.19684834739749 46.22359344454843 93.31545612679187 15.215951678403949 35.83812979756363 31.160624608657265 70.23491860068117 16.608337082141627 2.5340687295695816 36.41538698918659 26.928094652241032 35.32131165265088 90.94207372260425 61.32844363529264 28.277443511800296 43.23718122439013 74.11010290379357 37.5212661715404 60.99115220663507 95.83885525358879 85.45842680685209 94.95253100947026 89.34410813151656 55.764290582169785 77.56062708780735 34.54289021141616 87.01536629745472 5.725662124581382 0.0 45.60201078030472 28.55099072581051 22.056565543927572 99.91384480837348 35.834989010806154 59.518223364837255 32.404155577959486 88.03687456027505 36.473313558530535 67.68148509824567 46.217673543243414 38.78266831060267 57.157182594551216 86.16622209328028 118.22486321910958 27.964422771214892 12.745624481903873 44.01983119166341 78.15300841952083 112.57394238453475 32.23372666360248 20.422972435105283 46.79775683049855 79.73587560407384 113.66810126306291 53.9172634730468 47.62374827378939 63.43329243469626 90.41213894192224 121.3249283318009 79.91293455352852 75.59838650455424 86.24904711032838 107.50545736430911 134.4272730683215
66.87470998714701 50.943566768249305 36.27757004053918 58.06902076483074 30.386220767170364 28.993296503441613 65.8679202120507 58.960829283056036 29.449335863633095 44.29409024467148 9.329709438715314 44.272966106937275 42.77540216957166 80.2141769171419 43.700742122831535 38.61370208716258 31.6214589193547 54.028082503502226 30.762079041043577 55.847604694511766 66.40030859305914 62.53868775323291 64.84220680696006 52.84765682522708 54.02557337792632 56.28257240065075 54.28683041032146 62.40702803512307 50.80766397811951 45.60201078030472 0.0 39.20680746908838 38.65418862187475 69.19142853125723 66.2893323493505 37.978139941452376 30.181520673847206 70.37680245001302 28.30394831739031 64.42600621293188 65.98277670541242 32.78905452494069 13.83359778941083 41.26094782314902 74.88934676565103 66.38136265344593 33.57671950063111 15.593489461915567 41.878010593758795 75.22784501389957 77.8059863694309 52.53146615777091 43.12953227808384 57.92733697283958 85.12234946750043 96.41312848990681 77.27551423871449 71.00897406930278 80.67093180736315 101.82376746275821 118.87581594205517 103.74518072261775 98.94103050654263 105.87848979523177 122.57994848808968
68.28827851231915 25.68586294140442 19.246245722847934 69.79224229936149 24.423660849336716 12.87980721411674 29.207269854572793 41.71573521824467 27.502033206614875 29.75419303128421 33.599370809495944 5.699302930071847 7.077666730026595 62.458053317816045 34.16568430428831 0.6291795421288109 17.981903791710632 46.576106417992165 12.99962350233323 32.49596081487832 69.75260833857155 58.02360784116619 69.134550707892 66.76438437376062 27.426970879092888 50.10812196265673 15.095318809996376 59.9092450127821 33.52081676917415 28.55099072581051 39.20680746908838 0.0 6.503314686580147 74.1042614253275 27.903352291147993 33.804823953512596 9.893884593700234 59.715436386927095 13.82776199765943 39.54329945711864 72.43770643631629 53.22429090299497 53.03992603598813 72.03087635932869 99.7921105425397 56.44150559027263 28.109995952750293 28.098842694134007 56.4248422076215 89.29067949373052 52.19284943700883 18.244415074457837 18.343324454149357 52.296750799810845 86.76564099892799 62.14979955326557 38.22187519722715 38.13210643944264 61.984151024776914 92.87003851251859 81.24709688673238 64.60856362640989 64.36008670636247 80.65329226692462 106.12476087149204
74.07051768425957 32.1866885327841 24.966922218778194 74.65658529162859 19.039507650704312 16.437440110554853 27.432889957243756 48.186729954053945 22.238519758498434 23.25476909906286 31.805468347764883 7.074767627827056 13.444496796500875 68.95739506934028 40.07405234228878 6.222928281987733 22.900096718801574 52.65913491345686 17.35836148925549 38.99499652422284 75.40107904488639 64.09059624051288 74.69761116008357 71.33221153880753 33.88665859616694 56.16856222180568 17.697918412117378 65.867988654744 27.093985551291762 22.056565543927572 38.65418862187475 6.503314686580147 0.0 79.67609286876113 27.6911161808655 39.167030016793056 12.86916059827023 66.10153834531214 17.311074695870047 45.95896239271063 66.20054497556727 48.6288089884195 52.3623972235171 74.25423148200464 103.34588435156307 49.97242917504057 22.288911806035834 29.85288586665908 60.66664069188532 94.1516600178314 47.0580526328528 14.717595083614073 24.771105731203942 58.35632390661468 92.69393824432292 59.448954578379826 39.04117235216067 43.69296541428601 68.47455340889384 99.31405163140215 80.35124186684135 66.47960128691606 69.11962885757454 86.77718126138762 112.59576221055846
7.533355252290759 54.75937206643131 54.858618702155454 14.454798819728186 88.28266795947536 64.12629051804856 99.31797725289636 41.02421531816479 89.60362568602494 100.14815432601114 75.36030137862943 78.6620663305662 69.62558913425413 41.910357609921874 40.22207907006041 74.07022437923968 56.9180986275549 29.455645772379338 62.62277909603243 50.82106153038727 4.651899133541553 19.78355291364808 4.9791461865507 19.79427924983955 55.82301875588465 26.13168647735281 80.44651904982 16.649099643270535 105.54061444776214 99.91384480837348 69.19142853125723 74.1042614253275 79.67609286876113 0.0 94.74759121776378 40.5492168816976 67.64572955999924 28.044210543370763 63.45581938187608 52.27397002400847 133.86283515902937 101.92862535762015 72.48755365736967 50.14240662981435 46.57135590214317 127.06171795869147 92.9042146031277 59.26680757901546 28.084948632079943 21.44347612582846 126.2466336041331 91.79665027158303 57.53164259513396 24.24885960847103 16.154778828218312 131.5289605948161 98.87240356036311 68.16497199628155 43.72643526421163 39.653062776276585 142.23068193152184 112.59883170155346 86.73060442448254 68.99760442796295 66.28658930518313
