0.0 22.150118806836993 42.02404699204021 20.64238761385699 101.60044148740934 32.289168669535975 37.53231263773391 22.07115851690788 80.63579223172584 40.208429176837065 64.22886116422607 61.75965643755746 90.5014025678461 41.22332357621651 49.518037182437745 64.4298296693094 47.26475773511332 50.36809920937775 74.37514664488847 50.478558336591426 12.193641845627146 11.259661401158779 44.983983513074776 30.091453006497833 92.16654474065943 25.32160646983508 58.92056871573217 25.23781391526567 80.6623175282832 63.18906929768666 43.5029651793639 37.13177948289077 73.20668543919257 45.6482064709729 47.68091280682393 61.77246905481387 45.69365266086078 51.41566480491551 74.46717045934169 52.169526004518886 127.95197439378616 109.18109211457228 99.31755858074668 101.00548230896516 113.73170585537818 107.48133016142131 84.52999491763151 71.64607408877681 74.26813589888714 91.0665046715184 91.21549513916484 62.79366711531734 44.27912703672738 48.71402198775153 71.97422574024935 81.70669070541781 48.102686136916816 18.617291796399474 27.8242471030684 59.971859506182376 81.36019084315846 47.51720618951488 17.06283195456445 26.8187752303811 59.51642038704105
22.150118806836993 0.0 64.15540720759273 42.14865930745189 118.77202766207972 53.378932940737556 59.37541292297993 42.829556291123176 99.94443864812864 61.87965373814354 85.77249223419464 80.05759216682897 106.14056262239261 63.27289702895188 68.08044080018294 85.87154744592837 69.30225478791422 71.58701981381708 91.69392769983871 72.07302793818968 27.41608589197494 11.44363812781157 66.8836511070523 50.54713697552536 108.8421340193027 47.47048891757293 75.84219589975565 46.87113032641024 98.56448848718173 84.99166603655428 64.66992880500122 52.97880447521252 91.37562243461308 67.73832494227932 65.56414624864102 81.97502207123937 67.80274458901121 72.4230461216405 90.86308040603738 74.31345737907579 143.92960511083533 128.3185249990559 120.87235139022349 123.08198751477869 134.4722827067934 121.02082410788083 102.23362855938886 93.01653340541712 96.16195664486168 110.62031488136142 100.8224942731078 77.53718560334802 65.21983594194958 69.92861288413084 89.00093735227158 85.28419516039732 56.09634209933237 37.61692448631884 45.586118251767004 71.66577359601446 77.27134671143214 43.08401697218609 11.681475373968818 28.48743702027362 62.30139742945998
42.02404699204021 64.15540720759273 0.0 24.353353856381347 74.51295842330896 19.207854033812744 7.750620445289064 25.991079636784857 49.025251634410274 8.738770372986355 24.983977225688847 41.97166937965609 69.01732824056982 2.912819881690997 33.854829774560386 25.706278293000704 9.318035279749328 20.071347716050905 50.58100436852464 16.929930368819694 40.63127902042144 53.15224850825468 6.489911913907827 20.300819192905173 67.51374232895068 16.837784763079267 40.78138483880835 18.583237438766115 53.84000353253786 22.621948713910257 13.529258748282704 38.717632889786316 46.79310223512502 4.003726646183021 35.66231844762286 29.74021532538494 3.8090995926128564 22.19030814047971 53.56618951553048 10.200744715952647 102.15303597916083 75.82666107633976 58.8125292423138 59.69033388129608 77.85723870565387 89.44884507406208 57.77458491658729 32.70393752113998 34.58367370243811 60.970087209826616 84.57453990528126 49.974532539504516 15.391861562941632 19.267052179378737 53.85520953884044 88.82883568217827 56.81887449846408 31.000760713180455 32.993181803819745 60.090707613461056 101.06523345144913 74.36835678710044 56.937853094779676 57.861742848030886 76.47770264762644
20.64238761385699 42.14865930745189 24.353353856381347 0.0 94.00417588775895 11.732778492503943 22.804155038448872 3.610574475026649 70.14629359518878 26.06064851876368 48.910895877780625 42.91250333072442 85.58505710820131 24.593751439673042 30.858785618715203 49.45399589834211 27.53346084222908 29.72572842343005 67.7426523739186 29.943861110773167 25.379139707046374 30.726064884586712 29.130818574524938 22.919855354630986 85.66383230283434 8.908740193028397 54.15404564798197 15.157017144490517 72.71513246838778 46.90280355581349 31.010044545091844 23.546849823924255 65.19987819865317 28.330805405871807 29.903537551462094 50.36639089530545 28.158044777799383 30.797534760961057 69.28763108922381 33.82702010762176 121.41267052327514 98.13877106659872 83.16326146683686 81.21431881754417 93.11353798696805 104.70429749339003 76.73261406723766 56.635665164115686 54.05648375526228 70.93242322060505 93.6390872515066 60.93728880281966 32.454123887781705 28.071865518058 54.015105254833735 90.31626915903239 55.74693359188307 21.290067015155053 13.91644784591561 48.258909087475146 95.54723624154343 63.80463276799889 37.518309235968175 33.749836291338674 57.14293419144985
101.60044148740934 118.77202766207972 74.51295842330896 94.00417588775895 0.0 93.27168779093432 72.03663927645064 96.99684496823362 26.213758008673548 68.7977540695399 53.483393940177244 111.98151207060751 16.000405056234108 72.54033194154374 107.04294294689167 52.162978700934424 79.8699466713123 90.57127994127528 27.242952855606855 86.55934346377417 91.88272960857833 111.47691442961236 68.05467666063404 72.65505981542994 10.36505048831432 85.14589896388291 42.978029298575656 79.68642956074802 21.302980603774298 57.69070331635069 63.375693691266825 113.0534482805628 28.848496410807932 71.27217865879754 109.4671846489109 44.77858466918871 71.87465783674755 92.49830530369499 28.068749766982744 71.31839888294026 27.64654780321831 19.7352341406037 49.086422379911575 82.60946550948138 116.76480743563852 25.946178317864796 17.29704577235781 48.166614281783296 82.07136520125447 116.38834372994253 46.84731041762031 42.50529577892027 61.75395872772694 90.63787420605189 122.52231892177032 72.99756163877385 70.08516636141717 83.00588771982851 106.12626706013833 134.27714634941253 100.37403237191175 98.05458508410341 107.46685296714415 126.00878883226102 150.3395249991766
32.289168669535975 53.378932940737556 19.207854033812744 11.732778492503943 93.27168779093432 0.0 21.63856946351277 10.564574886156072 68.09519634615702 24.713165859498154 43.90662261686223 32.18594808407202 86.69792938346967 20.799059396884232 20.682868008489343 44.73427102693163 18.530533500705065 18.209337347804908 68.35618259013076 18.970550318952306 36.638018103183576 41.93816592547853 25.423102618918165 27.747969982793364 85.8067193836974 13.043420881144474 56.556636848561496 20.777966023861495 72.30728245347983 41.07705566224584 30.27712446950498 19.804444551793818 65.03117768360553 22.987710907693806 20.711493571282322 48.55967615239249 22.553032446715473 19.1396524570375 70.73621322664894 26.513249116977587 120.91198759264151 95.03148085969562 76.40033997205774 70.97744379082376 81.44531351073864 106.67669039944116 76.29529280225071 51.5445940651658 43.445790318479254 59.27095630425127 98.59229583583989 64.6277867245425 32.061046015509916 16.55053964108809 43.75819796740575 98.19051582053531 64.01885813542091 30.826974348750333 14.037159570377412 42.8792805548673 105.55913319734707 74.73932262441755 49.234385133801794 40.70510535310677 57.3115094331785
37.53231263773391 59.37541292297993 7.750620445289064 22.804155038448872 72.03663927645064 21.63856946351277 0.0 25.353689700468852 47.52134398277891 3.286556967537089 26.867622802986258 48.51195539689255 65.06012485813484 5.1657348341242555 39.36291716714568 27.20937363262905 16.994510204706977 27.194460006762203 46.73340432869995 24.374526843116886 34.416674830600996 48.79124660505499 7.529476564145214 12.683492722653279 64.28330025702085 14.029105907237371 35.25516539077233 12.577342573422644 50.90380725705336 25.657518067793415 8.69602837896919 41.372276044288895 43.53560368366236 9.521399038472047 40.64382040207118 27.73374452386382 9.911287773126265 29.26409529018448 49.11862429405927 16.698123942441498 99.62707083583193 75.35357721412215 61.85103793447517 66.08873677481776 85.46737566656604 85.07693949330572 54.91251149263113 34.46033801045527 41.88649622537678 68.6751405461834 78.35347833391383 43.89374309457273 10.435882943663941 26.191763532031086 60.48109750294828 81.41966525416268 49.11267002618351 24.28561803791276 34.093585165356245 64.26350655602637 93.31527518913602 66.86955280317521 51.284870974022304 56.422896777005036 78.30551041582709
22.07115851690788 42.829556291123176 25.991079636784857 3.610574475026649 96.99684496823362 10.564574886156072 25.353689700468852 0.0 72.85740208532467 28.638103231967797 50.85870659877336 40.30313701336581 88.84621567071113 26.58601083711837 28.129567340819058 51.479807454600746 28.003881080695706 28.761220510382387 70.90968273146562 29.457969460739555 28.135414583568778 31.39376422617567 31.229941379308052 26.4093332394144 88.78757631423744 11.889815398717955 57.524782366701054 18.63897692991214 75.7321411792679 48.611325514875205 33.77962290182001 19.955191922476644 68.24110473546727 29.9947740476401 26.9007068416841 53.064199695724184 29.746617901868618 29.612150117889946 72.57152660701892 34.97674208622955 124.46672531995928 100.67331622013994 84.69352756530924 81.27482238495443 91.83096441956744 108.08401084446689 79.75162934344631 58.5942876091774 53.86146929204759 69.0190146614517 97.2323889800167 64.44210678277273 35.30261584163366 27.103618634770537 51.164240443660496 93.8511882116229 59.2674587762086 24.740090937521945 10.313429020415235 44.671196821632634 98.71126882286813 66.632565563695 39.124408449277745 31.880655919481235 53.822573793372186
80.63579223172584 99.94443864812864 49.025251634410274 70.14629359518878 26.213758008673548 68.09519634615702 47.52134398277891 72.85740208532467 0.0 44.23489434432954 27.283946839020853 85.7726666006146 26.926456244722736 47.302423135511326 80.95569039922003 25.954074847395002 53.8195913970388 64.39286244954076 15.642042350022107 60.37909936317292 72.52878362536984 91.28491211081023 42.67801742286782 50.627550212753114 22.050504540438006 61.24295104677956 27.25027241785559 56.80614866251415 10.534393445723529 31.51673769536839 39.1369868017507 87.73993033891223 11.535113381076078 45.57343848824299 83.46975926715143 19.793269205083043 46.140052831948694 66.30539591439607 20.775781141331375 45.17308297212443 53.54723024597959 28.545413508829068 34.017889265470416 62.405403131742354 95.00785905340338 46.93145499049218 12.497894593087716 22.46525259796923 56.991508864181455 91.57636646118713 56.03585076786624 32.94007205484436 37.74806244505204 64.49511753108773 96.38028972494651 75.3632384965556 60.011169179757765 62.59273048282986 81.41956868837931 108.32926286479997 99.1020689551783 87.7777286564641 89.34956951089903 103.23016924269783 125.3965567887193
40.208429176837065 61.87965373814354 8.738770372986355 26.06064851876368 68.7977540695399 24.713165859498154 3.286556967537089 28.638103231967797 44.23489434432954 0.0 24.028894354332976 50.51802644202389 62.016609072710466 5.825950732487444 41.81848071715913 24.284746710876036 17.970318790047315 28.78416587795433 43.64973371974056 25.66328912231375 36.365915390107865 51.46234129476351 5.751681944064903 13.500988499256717 61.120029967767266 17.244940822796725 32.618621965447375 15.017159057815295 47.69510154305281 23.136382841496566 5.572416881684787 44.49310759416969 40.35622871843552 9.065459053890404 43.27659323301457 24.447997638704692 9.633354687832755 30.894989703016382 46.16619098110507 15.952419499848794 96.3999981812752 72.08358011288544 59.109323624598 64.70369775279599 85.28781631635357 82.13616642640068 51.699390861734365 31.529985893571904 41.3556383151878 69.43539043864102 76.08757581831107 41.52815944731612 7.396696340733835 27.922902122378662 62.446137315428665 80.13689818915597 48.49102958957328 25.993836120150263 37.34730443199742 67.14763470781833 92.97377820382934 67.47715785013878 53.451000704579315 59.629282812912756 81.54196777449603
64.22886116422607 85.77249223419464 24.983977225688847 48.910895877780625 53.483393940177244 43.90662261686223 26.867622802986258 50.85870659877336 27.283946839020853 24.028894354332976 0.0 58.500384986303054 52.06281490817434 24.322410000964876 54.190504879691794 1.4226131961577468 27.438886812210527 37.383075750314134 34.995461089727044 33.377717681764125 59.573708464440514 75.47716140430984 19.816526315576333 35.790548691331814 48.584575443964496 40.571986541312995 33.44868949222449 39.00356354975457 35.130705626197106 4.313406293409261 21.32463434179268 62.7518229587635 29.901285370398487 21.026510051779788 56.93801155684601 13.991054222309002 21.394746008896544 39.22292611156037 39.62427089503471 18.5245300415036 80.60838128734007 51.65037393373848 35.10899494685809 46.82256219127033 74.47747001072614 72.82127198853327 38.52222876322787 7.735632737773921 32.102513436542466 66.30351554892326 75.49390220873569 43.32104245785671 21.188250821031247 37.630001733749054 69.1226293802146 87.6747587646099 62.016049840051444 48.98902959047138 57.867668628161354 81.80596918350585 106.1387120612898 85.97489363139798 76.89393295080065 82.63419370246069 100.69201292319308
61.75965643755746 80.05759216682897 41.97166937965609 42.91250333072442 111.98151207060751 32.18594808407202 48.51195539689255 40.30313701336581 85.7726666006146 50.51802644202389 58.500384986303054 0.0 109.19134203930932 44.8123156789563 12.243250119667822 59.819087684787576 33.71132115899908 22.266199148931292 90.99320034760693 26.080931931518883 68.2901958582041 69.19283669195205 47.80275016687044 58.38114166068968 106.59524028588264 44.956896561145484 82.66217489215668 52.34148303702221 92.87367901185094 54.324417667926845 55.49582251020931 27.823372285255463 86.57051144218221 43.60632427392337 14.504302502499616 68.9405717558725 42.898567006805195 20.154989800471657 94.58459042385081 41.20342020976703 139.02880658813893 108.34503987212418 80.8892924596544 61.17433263832767 57.76081443328056 129.95220367542322 96.5384724477471 64.39422216429969 36.99179365413808 31.384829325894692 126.54608702138805 91.9459177537773 57.35020322466615 22.77924922832206 11.983194401827662 129.25969965737255 95.61288060422694 63.011245773944864 34.55216962548628 28.49787594421553 137.73165505807472 106.69091087962119 78.68093995353507 58.25142359513239 54.68605473552024
90.5014025678461 106.14056262239261 69.01732824056982 85.58505710820131 16.000405056234108 86.69792938346967 65.06012485813484 88.84621567071113 26.926456244722736 62.016609072710466 52.06281490817434 109.19134203930932 0.0 66.63767519574665 102.68612420803018 50.64411683916165 75.81266533139298 87.08441226714211 18.436914713263207 83.16210198367631 79.95616696004778 99.71576789665247 62.57517328268037 63.13234496049065 7.126365095667751 76.99264268218865 31.834526329454604 70.64834775036546 17.083091288290618 56.365839238837935 56.44419501831458 106.40541735986966 22.62382278490843 66.35532166065535 104.66716604555056 40.251106145754875 67.0260342141267 89.14118577942904 16.328953865340022 67.99397145869244 37.789051497297635 34.55302542601122 57.91930131256617 88.93938445920413 121.90413239733385 20.815882955907206 14.433378010286695 48.76677168122585 83.3242332187475 117.90891342315389 32.43622779447871 28.661042441513572 54.64104622088007 86.8600863924665 120.40991396585393 57.30969272862843 55.07517982711273 71.95101404189032 98.56682933659526 129.02980160383456 84.43962345748093 82.72639484953724 94.61493553428399 115.99585712852287 142.6632921723444
41.22332357621651 63.27289702895188 2.912819881690997 24.593751439673042 72.54033194154374 20.799059396884232 5.1657348341242555 26.58601083711837 47.302423135511326 5.825950732487444 24.322410000964876 44.8123156789563 66.63767519574665 0.0 36.47027557191117 24.901983483886823 12.188179384215612 22.97340466033611 48.20485148933129 19.840381027668318 39.04517755507391 52.43437217361056 4.7040924212618345 17.84826006129204 65.32160212305952 16.468103665704504 38.03179907578622 16.98400253830102 51.708215863163375 22.418420178266587 10.742574364525625 40.52571444374865 44.559900717676996 4.593728419309181 38.14728535128287 27.782742904991782 4.860908009622724 25.089221272097465 51.05211002963809 11.713539726378874 100.18673367557119 74.48519300429489 58.76645427200426 61.26775757576998 80.3042333172738 86.98161676911168 55.67021669651655 32.05279624954129 36.748167535943 63.78331471857026 81.73953075399227 47.14709514998973 12.617473607428073 22.145136381153993 56.713912370769734 85.93066916563203 54.02888980872775 29.137652789325124 34.259677929793526 62.3962266428507 98.35623262657019 72.02742619672725 55.648437021136154 58.312466529815254 78.09440283425575
49.518037182437745 68.08044080018294 33.854829774560386 30.858785618715203 107.04294294689167 20.682868008489343 39.36291716714568 28.129567340819058 80.95569039922003 41.81848071715913 54.190504879691794 12.243250119667822 102.68612420803018 36.47027557191117 0.0 55.37594239031294 27.17901790929408 16.974392069695778 84.2761310556341 20.901347517725743 56.20137889648267 57.10351847486038 40.18366869062828 47.91669245260453 100.77246580908162 33.700784665694776 74.4281703519093 41.34164211347582 87.01090187692115 50.33664543326625 47.16683483616568 17.070090820201727 80.24544434321582 36.33121247275134 3.7755363154915185 62.77307751665139 35.66316220532338 15.426191628386139 87.40348119289716 35.807808336952114 134.50283780320635 105.50484429908893 81.03272672554344 66.30313168196349 67.97558078544388 123.23024871143446 90.84424244284008 60.94658121087865 39.637385478134 42.69175663207469 117.69500041112346 83.25479929272848 49.04551647945456 16.565517385450175 23.199625941900738 118.70276618877156 84.66052157714353 51.3742073933163 22.495833300473336 27.70674837690416 126.09671391296929 94.66144790210991 66.45307931326549 47.603018342881754 50.108846875594544
64.4298296693094 85.87154744592837 25.706278293000704 49.45399589834211 52.162978700934424 44.73427102693163 27.20937363262905 51.479807454600746 25.954074847395002 24.284746710876036 1.4226131961577468 59.819087684787576 50.64411683916165 24.901983483886823 55.37594239031294 0.0 28.526021620508672 38.61003317860372 33.57889740133349 34.60009750338372 59.51720284834041 75.66561203437895 20.324096420457764 35.71251284635085 47.19028204844351 41.02553632480636 32.24910699474699 39.19216115337903 33.719878285521006 5.72472034845769 21.2812378356116 63.702919354332344 28.48000202836196 21.785826469418385 58.08561292932763 12.702629827949194 22.18709249148484 40.46911973339446 38.220562278648245 19.63957775298597 79.33474885241664 50.62118409852021 35.01194896061126 47.791204705941226 75.74293571654046 71.40566049907224 37.124768928810816 7.251347053464118 33.49282086564316 67.71860537808155 74.13037679104545 42.085040445811885 21.019854735685584 38.82478273791733 70.48218933778017 86.50787794184154 61.165253500125424 48.92413472264807 58.65800128286216 82.96239330968673 105.1834362140093 85.37123830707428 76.86143226416087 83.19765365808321 101.64033521422486
47.26475773511332 69.30225478791422 9.318035279749328 27.53346084222908 79.8699466713123 18.530533500705065 16.994510204706977 28.003881080695706 53.8195913970388 17.970318790047315 27.438886812210527 33.71132115899908 75.81266533139298 12.188179384215612 27.17901790929408 28.526021620508672 0.0 11.448518213951264 57.48554938065096 7.849017300087179 47.77242483617244 57.985293889715784 14.239783419900737 29.26460337168402 73.66332826622373 22.257304642274995 49.08415148221124 26.288454601081163 59.89590490587853 23.926786848579216 22.270170091543935 35.717917698937846 53.25988052419967 9.9582923731014 29.659561617447377 35.691903676102115 9.246985775022527 13.571777983379306 60.92663404258256 8.930835492648656 107.35816367912888 79.07836645598577 58.101638422358945 53.78673022368106 69.31827986891615 96.4879165817323 63.701626786566656 34.651386359210484 27.173185509077626 51.68063039086743 93.14661834074694 58.567017065647654 24.05728025440773 11.057316317035921 45.39416284783894 98.10675300249449 66.10611778456021 38.857929727563885 32.321736768128815 54.53702140397815 110.2533044543448 82.93137654424363 63.19986406875909 59.20827605464251 73.56496870796937
50.36809920937775 71.58701981381708 20.071347716050905 29.72572842343005 90.57127994127528 18.209337347804908 27.194460006762203 28.761220510382387 64.39286244954076 28.78416587795433 37.383075750314134 22.266199148931292 87.08441226714211 22.97340466033611 16.974392069695778 38.61003317860372 11.448518213951264 0.0 68.81462212830083 4.014286055130639 53.44094737564708 60.147081160184314 25.614600571090936 38.43616137709382 84.72598765423398 27.719584437073518 60.49016008423129 33.79436772593913 70.96694049177934 33.44270908145871 33.48362484931157 29.36859798365298 64.4872121098036 21.37543291583228 20.08499052091438 46.86812517564035 20.66536630443608 2.13391979423662 72.33619986930418 19.284412782513407 117.9047148384387 88.5455315723359 64.60571102769825 53.87283166027441 63.44654004158063 107.80486535180238 74.7103629998855 44.0025979632478 26.185107558042546 42.77770483176631 104.4967432340538 69.89832684002633 35.310582186326094 1.659127611765745 33.96354759621113 108.6029608575577 75.84698048645309 45.88859804244308 29.21643461815627 44.67968569280197 119.36054668810428 90.45746811667836 67.17855105682777 56.90476834176999 66.01619765395944
74.37514664488847 91.69392769983871 50.58100436852464 67.7426523739186 27.242952855606855 68.35618259013076 46.73340432869995 70.90968273146562 15.642042350022107 43.64973371974056 34.995461089727044 90.99320034760693 18.436914713263207 48.20485148933129 84.2761310556341 33.57889740133349 57.48554938065096 68.81462212830083 0.0 64.92394020519576 64.67975125072152 84.2411778291995 44.14288334071724 45.75950248716315 18.001118204490528 59.022428092784565 15.86321407078714 53.03720116131699 7.57908599951721 39.20249511478375 38.08055053031351 88.10464998022314 5.327031302677011 47.95165494642226 86.23385792906575 22.193906617385327 48.62700611414244 70.88872032804345 5.310229155915022 49.8599711244192 53.9178830964237 38.56297568517332 49.61747113665268 76.36431864571574 107.68449402497369 39.00270850918982 10.67206320879279 33.18775304444807 66.96128230592004 101.29685118899627 41.730776074295655 18.22411725262444 36.29913629888853 68.54184277450477 102.33860070406058 59.73160612486009 46.27923043069263 55.77169601327115 80.46122973627736 110.59995213064106 83.66796578088689 74.44955103737263 80.4977545285236 99.0544648176529 124.65324381911522
50.478558336591426 72.07302793818968 16.929930368819694 29.943861110773167 86.55934346377417 18.970550318952306 24.374526843116886 29.457969460739555 60.37909936317292 25.66328912231375 33.377717681764125 26.080931931518883 83.16210198367631 19.840381027668318 20.901347517725743 34.60009750338372 7.849017300087179 4.014286055130639 64.92394020519576 0.0 52.6304241825206 60.63643053103501 22.08564756829398 36.14509001846074 80.74791161151566 26.743535712337128 56.90452784629291 32.146651563027895 66.99278635764661 29.457327576282193 30.108100694186987 32.38604156108354 60.55389672961484 17.79355196360918 23.897677676730837 42.92733533568501 17.082696496355695 5.9870515980412 68.50879906361284 15.288073806213555 113.89052222260007 84.60390545988778 61.15056591579044 52.112990052380155 63.92915516990055 103.90038090892025 70.72525474857935 40.04593527819808 24.497652388987884 44.625505937353026 100.98703974086182 66.41266671310954 31.902297653460277 4.441292886133279 37.63705302942859 105.7372422176146 73.37299737862824 44.515890350196685 31.218065930868192 48.60356144247819 117.22277704813192 88.99926433983279 67.04733428384507 58.86091577428525 69.48853263219662
12.193641845627146 27.41608589197494 40.63127902042144 25.379139707046374 91.88272960857833 36.638018103183576 34.416674830600996 28.135414583568778 72.52878362536984 36.365915390107865 59.573708464440514 68.2901958582041 79.95616696004778 39.04517755507391 56.20137889648267 59.51720284834041 47.77242483617244 53.44094737564708 64.67975125072152 52.6304241825206 0.0 19.762598040689547 41.8550177281727 23.807012260445216 82.14270547825166 25.888339524740612 48.91191202236235 22.078287166443907 71.3777952975692 59.325619091417686 38.25154971538167 46.346683355783256 64.1028138719391 43.63852478967321 55.02781166853281 54.71431421161903 43.871804054907976 54.87571173468508 64.23398758310171 50.702820642450895 117.64716643137234 100.92068305056657 94.46582285168856 100.28598122605878 116.5566098327894 96.2088932566849 75.11583325720488 66.50859410973874 74.82756976082187 95.75857519035226 79.14474215220164 51.74562617207404 38.55067616397133 51.86062692409177 79.29514363676279 69.74413218658883 35.927962599825534 10.594584869645583 36.44892550464386 70.28268152395 71.1146427794733 38.49797281518404 17.37077680335884 38.93895665450717 71.59322095405521
11.259661401158779 11.44363812781157 53.15224850825468 30.726064884586712 111.47691442961236 41.93816592547853 48.79124660505499 31.39376422617567 91.28491211081023 51.46234129476351 75.47716140430984 69.19283669195205 99.71576789665247 52.43437217361056 57.10351847486038 75.66561203437895 57.985293889715784 60.147081160184314 84.2411778291995 60.63643053103501 19.762598040689547 0.0 56.236713263682205 40.998310502187444 101.82056418399048 36.36182818289324 68.55152017637091 36.47659334517522 90.78228633633785 74.4473466099017 54.670400100279096 42.64096417016414 83.41168384008272 56.82766195577401 54.75213396737972 72.69182748496029 56.85331607567268 60.996784433693584 83.94702452288202 63.253749914079066 137.39067727404242 119.80740372524416 110.57145780653923 111.77163365106041 123.1030722989942 115.83523076296939 94.5810178022092 82.87375753494231 84.7659894473412 99.48471623907149 97.70618086791356 71.48311251480048 55.38925865219902 58.48847389579062 78.54062762964851 85.22036711374042 53.35572573233025 28.740162151496136 34.641035311908105 62.99878323693074 81.03067892801904 46.44020977235389 11.927682029114445 22.862643596034346 57.42809159753563
44.983983513074776 66.8836511070523 6.489911913907827 29.130818574524938 68.05467666063404 25.423102618918165 7.529476564145214 31.229941379308052 42.67801742286782 5.751681944064903 19.816526315576333 47.80275016687044 62.57517328268037 4.7040924212618345 40.18366869062828 20.324096420457764 14.239783419900737 25.614600571090936 44.14288334071724 22.08564756829398 41.8550177281727 56.236713263682205 0.0 19.251334564933046 61.02448105773882 20.766237948405777 34.87661364256554 20.106214687072804 47.35073088247886 18.243577886222724 8.214371351514531 45.08256074295139 40.309536279422005 4.313248663461038 42.09205009413984 23.276188986659342 5.018115231340513 27.747934655844492 47.22685653531254 10.40787454987382 95.69859813736103 69.78307358243386 54.552093535791506 58.965942187762344 79.8300171939766 83.0553460999045 51.287519240768994 27.52217535179862 35.768310481264905 64.77742913679384 78.90835138197514 44.3273924143098 9.907665903642842 25.025193186888135 59.57527229816391 84.51788159568505 53.60261008893091 31.591834078153 38.95747458418019 66.57448719232939 98.22612307557328 73.18007776964251 58.79680901815818 62.87761255592126 82.73398341729036
30.091453006497833 50.54713697552536 20.300819192905173 22.919855354630986 72.65505981542994 27.747969982793364 12.683492722653279 26.4093332394144 50.627550212753114 13.500988499256717 35.790548691331814 58.38114166068968 63.13234496049065 17.84826006129204 47.91669245260453 35.71251284635085 29.26460337168402 38.43616137709382 45.75950248716315 36.14509001846074 23.807012260445216 40.998310502187444 19.251334564933046 0.0 63.75990836730839 15.260710382115864 31.428428324911017 7.770375665146658 51.42402379732966 35.74590670705107 14.469027744362512 45.65899038461904 43.87845632748796 22.111345590238326 48.384844988083096 31.700944734666113 22.55181954106702 40.37932303469835 46.803889831525176 29.239811410894383 99.67561277324725 79.1637812946915 70.66354780676012 78.19543428006703 98.13496384377498 81.89361111936476 55.38857577175649 42.70882414990116 54.543666409035914 80.75145807250748 71.20525052889236 38.03351089621474 14.756637034730318 37.199715850811316 70.3187707476631 70.89565418245905 37.45608222353797 13.212622586832056 36.620208659390805 70.01683337171771 81.0838103051702 54.19526970435103 41.16419950595055 53.354254581317015 79.96050738230713
92.16654474065943 108.8421340193027 67.51374232895068 85.66383230283434 10.36505048831432 85.8067193836974 64.28330025702085 88.78757631423744 22.050504540438006 61.120029967767266 48.584575443964496 106.59524028588264 7.126365095667751 65.32160212305952 100.77246580908162 47.19028204844351 73.66332826622373 84.72598765423398 18.001118204490528 80.74791161151566 82.14270547825166 101.82056418399048 61.02448105773882 63.75990836730839 0.0 76.89815382609335 33.28181277770259 71.02484741715573 13.767633767010627 52.892720638896016 55.58870209592196 105.6049902916967 20.77855563074307 64.55630055809578 102.96452935803605 37.99997044221613 65.19854817297777 86.73271147558087 17.980989539513114 65.46915103813386 35.923585614193286 27.64184718725221 51.307705717062454 83.04053740922745 116.42088419679656 24.936400099824684 10.075954961838523 44.45312124927815 79.0284088867184 113.62109458845455 39.557922944921614 32.18510330928581 53.868064381590564 84.63150549851204 117.55020613519906 64.18306621491207 59.72509012094292 73.54925397531268 98.21753966891929 127.58786541818506 91.02520981220391 87.72113140000903 97.46337544569113 117.0381424844139 142.44805585440815
25.32160646983508 47.47048891757293 16.837784763079267 8.908740193028397 85.14589896388291 13.043420881144474 14.029105907237371 11.889815398717955 61.24295104677956 17.244940822796725 40.571986541312995 44.956896561145484 76.99264268218865 16.468103665704504 33.700784665694776 41.02553632480636 22.257304642274995 27.719584437073518 59.022428092784565 26.743535712337128 25.888339524740612 36.36182818289324 20.766237948405777 15.260710382115864 76.89815382609335 0.0 45.80821672500851 7.8243725788647795 63.8684455322613 38.87685242685772 22.10598703080153 30.43242106977994 56.36742850741747 20.63260078144094 33.712632134042366 41.46849085130082 20.593789870757746 29.286719845734282 60.7382896741627 26.89268589854192 112.591652813683 89.27889890537078 75.22839558146387 75.78027066297551 90.6682720120221 96.35185762176174 67.88742001668133 48.25491227639377 49.42858236818848 70.37504092257436 86.46566393430946 53.08427221143043 23.5460623403258 26.18668223147108 56.67376624049074 85.17555655505511 50.97586756465869 18.359061782480584 21.689252204667063 54.75988138191296 92.84065017069943 62.853096543603364 40.94463786140605 42.393881612764666 65.67225617315289
58.92056871573217 75.84219589975565 40.78138483880835 54.15404564798197 42.978029298575656 56.556636848561496 35.25516539077233 57.524782366701054 27.25027241785559 32.618621965447375 33.44868949222449 82.66217489215668 31.834526329454604 38.03179907578622 74.4281703519093 32.24910699474699 49.08415148221124 60.49016008423129 15.86321407078714 56.90452784629291 48.91191202236235 68.55152017637091 34.87661364256554 31.428428324911017 33.28181277770259 45.80821672500851 0.0 39.06548333868254 22.99571119899105 36.849131172466876 27.291194902106408 75.88106592757127 16.457877330876418 39.12688984456506 75.87134461013783 19.692393042715366 39.838105730681484 62.623071865434035 15.588834594730287 43.049694189960746 69.03492882976924 53.76310496399019 58.39452857574323 79.52464985708967 107.85739824286065 50.559368126255066 26.47976450879309 35.227099699281254 64.61858540395414 97.49367675520787 44.159566250974216 10.027894744182401 25.414646147110133 59.88408794346081 94.45188152231755 54.28912153826581 32.994666859980875 40.30908291736072 67.49689689612057 99.40661354022366 74.48434148863281 60.54246046842928 64.63471332864337 84.17058315798216 111.29470887602052
25.23781391526567 46.87113032641024 18.583237438766115 15.157017144490517 79.68642956074802 20.777966023861495 12.577342573422644 18.63897692991214 56.80614866251415 15.017159057815295 39.00356354975457 52.34148303702221 70.64834775036546 16.98400253830102 41.34164211347582 39.19216115337903 26.288454601081163 33.79436772593913 53.03720116131699 32.146651563027895 22.078287166443907 36.47659334517522 20.106214687072804 7.770375665146658 71.02484741715573 7.8243725788647795 39.06548333868254 0.0 58.393020843050955 38.121940045627085 18.413530118293867 37.99852399956022 50.84086000704088 21.5769982792371 41.4844828538632 37.331146456903284 21.796736470467014 35.563867071092346 54.32491264068291 28.624534924005893 106.89463581491643 85.21570176888989 74.10611474485445 78.20782832750012 95.58221766984867 89.58817910868765 62.39016900205491 46.409458070116 53.00901496430863 76.55642883006128 78.83416739899458 45.8034523052674 19.38903527702789 32.38458409919625 64.15945789945296 77.41394632226329 43.33691201593561 12.574149219008314 28.861443860883607 62.471666237766705 85.79238855055664 56.85895620925347 38.73466086566484 46.504119034880816 72.24761799199915
80.6623175282832 98.56448848718173 53.84000353253786 72.71513246838778 21.302980603774298 72.30728245347983 50.90380725705336 75.7321411792679 10.534393445723529 47.69510154305281 35.130705626197106 92.87367901185094 17.083091288290618 51.708215863163375 87.01090187692115 33.719878285521006 59.89590490587853 70.96694049177934 7.57908599951721 66.99278635764661 71.3777952975692 90.78228633633785 47.35073088247886 51.42402379732966 13.767633767010627 63.8684455322613 22.99571119899105 58.393020843050955 0.0 39.443402756632835 42.216120273415946 92.1113850385225 7.553819097942184 50.823829185435415 89.2234069824345 24.243360727829472 51.46096759226422 72.97868902734125 11.559858754991378 51.720089218696344 48.7522259648448 31.009851176004993 44.0599353359788 72.90940016146385 105.28589202555712 37.71697435099881 4.01956505551443 31.695392880427292 66.24117476328342 100.82679611966664 45.547114503591686 25.732162758755166 40.553549093410986 70.86521058294298 103.89421244947046 65.82287477746276 53.84733824205223 62.138703281672825 84.95704016002773 113.88141426742916 90.53604309510081 82.02562962963503 87.48917146876131 104.76272582636267 129.1929746799546
63.18906929768666 84.99166603655428 22.621948713910257 46.90280355581349 57.69070331635069 41.07705566224584 25.657518067793415 48.611325514875205 31.51673769536839 23.136382841496566 4.313406293409261 54.324417667926845 56.365839238837935 22.418420178266587 50.33664543326625 5.72472034845769 23.926786848579216 33.44270908145871 39.20249511478375 29.457327576282193 59.325619091417686 74.4473466099017 18.243577886222724 35.74590670705107 52.892720638896016 38.87685242685772 36.849131172466876 38.121940045627085 39.443402756632835 0.0 21.40944784467536 59.52213846923972 34.148488885045566 18.61860026253965 53.180130500774716 17.791668943313162 18.87342568099967 35.23007228606705 43.756998965756566 15.012260422524067 84.72338516819494 55.24792771867161 36.351679947216454 44.55766318057673 71.02221945582814 77.1301590733226 42.83261838782743 10.72651993090418 28.11292468435221 62.13266541352966 79.43170087183769 46.81513248608666 21.650969639010604 33.77452698986414 64.86539285994857 90.87921864878707 64.21357591002702 48.81130043037469 55.104550979494974 78.00826108625337 108.61796251181629 87.34816817779902 76.5263600748889 80.4835740327869 97.43545654256891
43.5029651793639 64.66992880500122 13.529258748282704 31.010044545091844 63.375693691266825 30.27712446950498 8.69602837896919 33.77962290182001 39.1369868017507 5.572416881684787 21.32463434179268 55.49582251020931 56.44419501831458 10.742574364525625 47.16683483616568 21.2812378356116 22.270170091543935 33.48362484931157 38.08055053031351 30.108100694186987 38.25154971538167 54.670400100279096 8.214371351514531 14.469027744362512 55.58870209592196 22.10598703080153 27.291194902106408 18.413530118293867 42.216120273415946 21.40944784467536 0.0 50.04516436378781 34.83968696747806 12.489348308572932 48.72901743365577 19.368540911310667 13.179166380104336 35.614387483324734 40.61037031975657 18.23891589957279 90.95023272939838 67.247893932813 56.27971096042541 64.86389378176989 87.41873820865113 76.58004781610809 46.22716273558102 28.359056744992916 43.20139231987523 72.96110725000919 71.05488922431596 36.45183646943756 1.878801458863463 32.75939287382443 67.36230519818879 76.32084993006373 45.800469441780734 27.66465807966237 42.75304727122364 72.69905249632431 90.5134460718976 66.66143069946388 55.58419305686888 64.26704011599963 86.9810101386624
37.13177948289077 52.97880447521252 38.717632889786316 23.546849823924255 113.0534482805628 19.804444551793818 41.372276044288895 19.955191922476644 87.73993033891223 44.49310759416969 62.7518229587635 27.823372285255463 106.40541735986966 40.52571444374865 17.070090820201727 63.702919354332344 35.717917698937846 29.36859798365298 88.10464998022314 32.38604156108354 46.346683355783256 42.64096417016414 45.08256074295139 45.65899038461904 105.6049902916967 30.43242106977994 75.88106592757127 37.99852399956022 92.1113850385225 59.52213846923972 50.04516436378781 0.0 84.83161945964909 42.28583409890078 13.667530942744836 68.3084545059396 41.77223877075469 28.760177604832894 90.35812093891076 44.53485527186686 140.69750422281675 114.27578265795857 93.36404494950787 82.27672126344531 84.95172995405362 126.23875920251908 96.09832560420031 70.20220240153773 54.92365102310442 59.15794827453782 116.83255695741974 83.48375987191761 51.808018133563984 28.168139937026258 36.023023975763415 113.73998864732921 79.13933811480607 44.543675647035165 10.004880118839065 24.716605660613165 117.46097734845952 84.35294230903345 53.18453279003711 30.604054568968856 37.940212972454006
73.20668543919257 91.37562243461308 46.79310223512502 65.19987819865317 28.848496410807932 65.03117768360553 43.53560368366236 68.24110473546727 11.535113381076078 40.35622871843552 29.901285370398487 86.57051144218221 22.62382278490843 44.559900717676996 80.24544434321582 28.48000202836196 53.25988052419967 64.4872121098036 5.327031302677011 60.55389672961484 64.1028138719391 83.41168384008272 40.309536279422005 43.87845632748796 20.77855563074307 56.36742850741747 16.457877330876418 50.84086000704088 7.553819097942184 34.148488885045566 34.83968696747806 84.83161945964909 0.0 43.93993456662244 82.3393929287873 17.630543838294464 44.5964948584283 66.53623965440404 10.537165522270024 45.37081882023402 56.22562059424508 37.39011957155873 45.05052616284908 71.10490144123175 102.35766871635981 43.416899889892235 11.551638195994691 27.869455440199292 61.76427608744799 96.16547253141498 47.04005490088768 21.404958772347545 33.1424868518509 64.29248236821549 97.79298964057347 64.37794991526538 48.705217546253095 54.723716207726774 77.5369662359988 106.8835172857674 87.63662524481893 76.65121495840366 80.40758547293842 97.21157968371476 121.77661113814591
45.6482064709729 67.73832494227932 4.003726646183021 28.330805405871807 71.27217865879754 22.987710907693806 9.521399038472047 29.9947740476401 45.57343848824299 9.065459053890404 21.026510051779788 43.60632427392337 66.35532166065535 4.593728419309181 36.33121247275134 21.785826469418385 9.9582923731014 21.37543291583228 47.95165494642226 17.79355196360918 43.63852478967321 56.82766195577401 4.313248663461038 22.111345590238326 64.55630055809578 20.63260078144094 39.12688984456506 21.5769982792371 50.823829185435415 18.61860026253965 12.489348308572932 42.28583409890078 43.93993456662244 0.0 38.410982087434014 26.601978065142696 0.7113065980788735 23.506044178096236 51.20153730984835 7.178567261661076 98.88569031236962 72.07718026383272 54.83301374087897 56.68331494460741 76.25048397406671 86.92815302597721 54.71434474119921 28.734253040955444 32.442212021697536 60.61500630659471 83.19349259926317 48.622533360695016 14.212619560157167 20.849475387084407 55.33766310458187 88.72641303822408 57.503301981225384 33.70043141122828 36.873356054216714 63.074603977335684 102.02993108997715 76.29575601967214 60.22262947811604 61.8649738027522 80.1409510397198
