0.0 45.86695927359352 77.36597107302322 74.1133570936888 52.49509941600466 25.830480873849464 28.776449466741415 77.03056014419796 36.002577285948824 49.261147976548216 78.51079759912703 88.26800883859775 15.775201925253606 7.219628899958738 51.732101442576784 62.905080040554864 28.989332023891514 39.22453780784527 62.970006879598756 18.519606581540213 41.98552853097759 44.10539912754396 75.66133697477183 70.72874241070741 50.79504390102129 39.827199774580684 52.64901428719802 46.36087175987972 31.35292399974776 34.34570804135784 72.71541413442039 91.29547810994437 16.613433666288625 45.246116050718655 60.341185218872134 4.3297359682733445 26.019709380445008 33.713178969398164 56.07037577849432 16.337825929692265 137.66373361162215 122.36705736368964 107.67908542989935 93.88593976739745 81.44353546664439 71.06493361219715 63.7659442515122 60.668460013626685 62.401313862680205 68.5994274053361 131.97670260684444 115.962371357837 100.37627179384434 85.45304638356016 71.60833165368707 59.5985403969236 50.743686327025635 46.86747503508163 49.16199304146593 56.88537362949704 127.58734670814205 110.96474420463045 94.5860778337583 78.60398228414654 63.31946137959994 49.3845177714375 38.30163507414717 33.07428231967251 36.325050589941945 46.301389801413364 124.63291263609693 107.57054275117025 90.59907402895116 73.7812615342408 57.25267403250497 41.361511164453276 27.246877241553623 19.306004887525887 24.53086059877184 37.80894352411453 123.21670475174818 105.93405427506798 88.65892420660897 71.39677365851824 54.16001474587901 36.984166433234435 20.026567287217187 5.745579946381497 16.238024559475033 33.06128635323407 123.39171902960517 106.13663851436053 88.89976940876623 71.69424818285485 54.54974518598586 37.54993252981031 21.0483591265827 8.647697187372456 17.47126690206487 33.68116570840104 125.15127757653268 108.16796009383461 91.3043486276723 74.6416220449832 58.3521257579782 42.86351123370745 29.4669609217664 22.316678797406905 26.95325017574193 39.416144071025215 128.4302453568278 111.92846944387917 95.7096852073433 79.94631094644592 64.97067528196325 51.47496362865345 40.94950959382552 36.093766953127044 39.08151623555797 48.48378111462798 133.11634510930608 117.25185795938808 101.85645019370862 87.17898880505297 73.64996350498954 62.02547502413806 53.56027793348242 49.889363449838484 52.03744028457011 59.376284744885886 139.06733961288134 123.93683004770564 109.45156200565886 95.90435181618736 83.75164868963948 73.68667660273994 66.66189053098844 63.691307724466604 65.33032527314056 71.26158720551217
45.86695927359352 0.0 34.45778588731146 30.485723683353225 31.940288454064838 40.67827136046827 69.8945583836578 35.29263876194293 9.9582923731014 27.41608589197494 59.28385175819726 43.720090184321194 31.322332084076088 52.81633627691688 17.63838499693091 17.08289555133906 38.97480143321613 13.173340581401444 21.190773310773658 32.50169669061772 7.750024174632967 6.421184834256101 32.01362314126899 29.198182655841062 34.61198265173687 6.671315955555417 28.600342998279107 16.2195440719321 14.712191553289367 11.534477680548019 58.49523846178219 49.516001954045564 29.874877119302784 35.2109393584626 22.665464194042215 46.60010069424826 31.768211616654174 12.156700417013475 17.015255284930298 47.92031133585065 95.8630417505966 82.40328381780755 70.63694444704657 61.54309859374366 56.428949797521824 56.3879250646981 61.43018914240993 70.47294878229857 82.20646695317399 95.6455343147523 88.30633287143253 73.51840981978567 60.08834968653116 49.142323736419634 42.63837737324759 42.65910801372399 49.196268117858445 60.16187435216418 73.60254399780995 88.39639624285391 82.49459636808132 66.45938482695323 51.254766040976385 37.89409005392006 29.044498427749584 29.15327641367753 38.14385889252141 51.56262430848276 66.79194778341862 82.83920666278863 78.8148904596837 61.85462843711107 45.15435557333032 29.16417772950214 16.15225573378431 16.430281044553084 29.626433676333786 45.65314531124328 62.36510601679379 79.33042220605114 77.57127356953261 60.26940113178374 42.96757552168505 25.66589144143141 8.365227109801888 8.940339454262755 26.2411112257083 43.5428038946291 60.84463187082361 78.14650528225317 78.87907061624712 61.93601182325831 45.26526215926171 29.3348082425718 16.456931956699727 16.728504498294143 29.792075030020683 45.76030184511758 62.44321687600339 79.39154905390313 82.6171890812046 66.61080010397576 51.45004529171362 38.1565897563105 29.38457477101398 29.490521163044505 38.40101761431769 51.752248071861715 66.93774658928346 82.95624369283074 88.47807816986546 73.72366994866927 60.33816028806093 49.44605692600586 42.98646748162888 43.00540791641326 49.49544136638811 60.40560573727287 73.80095240072522 88.56087639697508 96.07395391764348 82.64743038632128 70.92030040258862 61.866617822856306 56.779978201675846 56.737567629532435 61.74978031247601 70.75038719937866 82.44329773245967 95.8481899922391 105.02896188238905 92.86136686022097 82.54740175291818 74.85721793889158 70.65282782462036 70.56012005727835 74.59442650895626 82.14995952880118 92.36662111047876 104.46654488459227
77.36597107302322 34.45778588731146 0.0 4.344327636931789 59.876261191306995 75.11776174899434 96.54179758664341 39.293572056074744 42.70377026097907 35.214142826724725 80.48613919200625 12.239900710304145 61.670126053831986 83.67437438549294 44.25348213313042 23.052598920398086 73.28115828027256 38.18728383742469 35.44862396125116 66.56726995791568 41.6511909808061 39.67557081338832 3.2332498241734804 7.11306598078732 63.734165974590724 38.68711397542229 32.74608262849437 31.804074610629353 48.2883289699509 44.884243798301696 82.86845149971673 15.139022818561827 60.75492770791927 66.47904960194127 41.911065597812296 78.99066347242048 66.21815655655912 45.176239229806896 39.1638278942204 81.96638674863415 61.440687724540986 48.16435666343474 38.2538897468421 34.72207643557359 39.32674390946115 49.86251762908761 63.440178320331775 78.4968118425426 94.32682755489472 110.59863926168828 54.63836697373774 39.16387627218308 26.095570071547765 20.660587205190247 27.775033097742515 41.409619378884265 57.068136505534085 73.46767551024894 90.20497768446707 107.12183795419583 50.96806990804717 33.881776108474895 17.231330426797065 6.676536391839203 19.772377753006197 36.55175918782364 53.664035175722034 70.86846715467694 88.11108895171894 105.37315478596688 51.10912483147347 34.092629677121884 17.640450096709003 7.666608440575 20.12663942147006 36.74370242471079 53.79434027293459 70.96672281408402 88.1897600211182 105.43863201989164 55.032230676194125 39.70902842381922 26.90313676093949 21.667069503277325 28.528167452809086 41.91613149655924 57.43499913034535 73.75166082589631 90.43532013552282 107.31494809833947 62.023782030717186 48.90263245410244 39.17515435179629 35.72989378776864 40.21523636324215 50.56295576273674 63.98958578680293 78.93940091464155 94.69370770077853 110.91021086027541 71.18525381129027 60.05228844446898 52.382399226946085 49.8021642535952 53.05937046518806 61.22940011294204 72.67381575448091 86.09662576636875 100.7098597658085 116.06474121399455 81.79059544884765 72.25800489957408 65.9653741364615 63.87750341660744 66.39227248292133 73.03578433221458 82.82035550081731 94.77811098520954 108.19086330430635 122.58192781385856 93.34886108885017 85.06626947293199 79.7321407193711 77.95410221278223 79.96970405375967 85.51110341666008 93.95652066140855 104.60492563827088 116.85562410891482 130.25731084390424 105.54731935084352 98.2415461877621 93.60148573435539 92.0312274473409 93.68525753200524 98.40111834564877 105.77005560933307 115.28443604407964 126.46094132977092 138.8989205376433
74.1133570936888 30.485723683353225 4.344327636931789 0.0 55.53538939196503 71.07933335513864 94.09858519463548 35.79045992592099 39.03266736543435 33.87973746987262 76.39604334842002 14.351806365330768 58.50083198131735 80.54865554710632 39.90954929334737 18.71939526078649 69.1742989218859 35.104013718730265 31.228452110355015 62.780160162066856 37.544054700828674 35.53355964898172 1.55612279284003 6.251727891558338 59.38991938323472 35.01287696786195 31.724962614987565 29.22436680783016 44.55597024543671 41.16185314147726 78.64885064606075 19.36364572265311 57.505588136950536 62.150915105686806 37.6452258302554 75.59045142276679 62.197616548304424 41.500966101547554 34.82777156948092 78.20075699705068 65.38455251510453 52.39145368314407 42.58280709356998 38.476393158312526 41.78847365687541 51.09624800554333 63.828543140425886 78.33291522739235 93.7908024588466 109.80022756258471 58.120521645954746 43.032809719987604 30.403306849821615 24.40512449155259 29.420567882646182 41.644209761551785 56.58287088690023 72.57901231012518 89.0646700826649 105.81128751124807 53.690015991423685 36.86069755880031 20.821078565178325 10.345853345778027 19.474833273433454 35.358374698829664 52.15240428199414 69.19714563599669 86.34425132377274 103.54287802576559 52.811126716287 35.57437827239896 18.459989394409273 3.836608133048136 16.952328749835686 34.04051810224368 51.27227154950597 68.53939248032854 85.82053570006896 103.10865098849176 55.6523874881879 39.652239991375296 25.4189708675372 17.85105218308525 24.28802356253382 38.20822102052491 54.115988940121596 70.68185343349116 87.53296859469721 104.53147285648339 61.70196765456475 47.738850941918315 36.736515410780285 31.91948994433505 35.872617838833335 46.406294631510605 60.157728104631715 75.38613213576545 91.35586562649364 107.7377744735027 70.13443328284933 58.186077092395905 49.508621589763365 45.99229136443318 48.76660052878589 56.919021409728316 68.55707022753906 82.21357531948198 97.0400704034975 112.5752271559847 80.2015595756805 69.94390169970484 62.85462976884483 60.06625886250946 62.16029517397845 68.69166623738353 78.56133652532161 90.68582058068439 104.2815821866526 118.84474991794703 91.36446539327677 82.45341624945499 76.47452355906103 74.14058432458587 75.78909105218489 81.17778630324597 89.63462636449933 100.38718088160101 112.78072758280757 126.33323208505261 103.26827968570106 95.4192945390044 90.24423144250495 88.21494320458423 89.54555521228602 94.09363458611192 101.4272795569223 110.9957177724247 122.27543107816891 134.83763599950262
52.49509941600466 31.940288454064838 59.876261191306995 55.53538939196503 0.0 30.99046428800153 81.19676920130723 33.83375939820494 33.41546722803304 58.70554458444127 29.058579270977692 64.77481847290139 45.518530074744966 59.32213511244112 15.843632907979217 36.83639968607799 27.287701892323746 42.30547988230051 25.88642586350769 33.993920722832335 25.290472315712947 25.711946865285835 56.75198363766698 56.97171109660666 4.349544967771028 34.39082661574056 60.287767546574415 47.76061963320919 31.5210638061842 32.1002486727069 26.788348962155194 74.45509009390787 43.63962458801925 10.1335143787262 19.31799198345784 50.46720905554132 26.66710360677857 32.937350829549544 20.734570062276678 43.82570438529071 117.75682077890684 106.98523747688574 98.10040286835002 91.65267511358113 88.17829934893493 88.03003978727692 91.22411491553595 97.43236724711716 106.12713621066052 116.75421919639604 107.53275716488804 95.67135713625349 85.68202954191324 78.28472835966328 74.25815847694128 74.15346522384361 77.98644502285082 85.22747038383824 95.10123399078802 106.88056232290687 98.27985291178314 85.19014247574566 73.8545010739891 65.1944042861338 60.37242283736642 60.31620508687754 65.03811052537243 73.62447360108094 84.91093258735191 97.96869857180648 90.29730284412204 75.88757170187273 62.951945900693524 52.58968304464856 46.552178779154026 46.5536169571578 52.59350217335729 62.95726333173191 75.89374715850343 90.30397568927818 83.94841029144847 68.24748707668141 53.542618889001 40.92203839231945 32.88043580016637 32.95969560237283 41.11287697983264 53.78572688411489 68.51458839417865 84.22767877950598 79.62501710671745 62.87896293872567 46.5413435596407 31.25926086032064 19.66972719330017 19.88383754010929 31.663036366104706 46.994050662279605 63.3486051344943 80.10220219447542 77.6661848716934 60.39095186870617 43.13712317226952 25.947432559683346 9.189159384204647 9.712135544103447 26.512714616867797 43.7062470222865 60.961147906509645 78.23682388921695 78.24972050131926 61.13618518824056 44.169679814690674 27.622476087932615 13.181610306216758 13.53593772314921 28.131858533847463 44.702286449712275 61.67576880615501 78.7922559427847 81.32090449878869 65.00354529305517 49.36135155617328 35.30348267394831 25.58983167339424 25.73040644757823 35.60869109591561 49.72539272721468 65.39083434899648 81.71914394105775 86.61548087169999 71.48806457542365 57.59819163431371 46.07891529943222 39.08564498266954 39.125634885612605 46.18061735885507 57.73378548992742 71.64102879756655 86.77782251271397
25.830480873849464 40.67827136046827 75.11776174899434 71.07933335513864 30.99046428800153 0.0 53.810403619101386 61.88944442421419 33.80491379831774 57.64032909663913 53.686513850376556 83.73644356859616 27.954842192425257 31.354698321286996 36.94054938314542 55.02523773731949 3.767411784395747 41.959135363355465 49.77911856213374 12.50519342843035 33.593516925988446 35.692300278928144 72.58738821601695 69.77948489066313 28.045676479684737 37.50356734435522 60.52929781209303 49.891486431841244 28.250587265121524 31.4527111309501 47.3141894015282 90.19380605382688 26.718441306559054 21.735875879848876 44.96017332230929 22.43164187033698 8.923240430685254 31.523643898290878 42.61284847163992 13.07008232634801 136.44858265772984 123.05775367546701 110.75597648330843 99.94619788465508 91.16073263678653 85.02938572722616 82.14861081461622 82.85814769772682 87.07026806259641 94.3168653016002 128.357832378152 114.06376949211662 100.7176482845917 88.74816408888191 78.78527381919429 71.67072555241288 68.30049209719525 69.22363996064418 74.28026808800816 82.71574767861337 121.36295141956387 106.16863354818695 91.72399168425298 78.44425843034708 67.02545665934458 58.56638224997336 54.4640206852856 55.68964983308542 61.927730281386275 71.88497469513132 115.66304185004053 99.63403729416271 84.11093333122743 69.43387073451433 56.26883049871925 45.93479887329885 40.65139346653275 42.352938687312864 50.33599727392453 62.2282846384172 111.45704236362818 94.74202186871358 78.28243267844881 62.28112047320374 47.206427654226154 34.30256257978991 26.899719895073087 29.48277810126257 40.169436415515605 54.37502351745089 108.91822060651955 91.75576463801929 74.65771710671807 57.6813827673263 40.9783104509798 25.10009466113836 13.398521996933052 18.1035589466034 32.78216155913935 49.19668892888366 108.16407315973002 90.86340452830139 73.56332944744148 56.264395431405845 38.968122152342765 21.68087848423514 4.507775123730336 13.011271199770492 30.28167625564591 47.57499608427866 109.23158180369529 92.1258208040977 75.10997099519044 58.262862232972225 41.78907724385538 26.3970704219356 15.684264901251863 19.84690133985888 33.77151623429689 49.85823516122523 112.06868733202906 95.4575442862335 79.14293608403858 63.35436364586344 48.60715939200042 36.19732014432252 29.26679889274452 31.64734648546758 41.776465289123934 55.567086074801196 116.54618992174426 100.65325145505463 85.31028234086098 70.87535622018471 58.030100529432794 48.066345997783564 43.03439635685873 44.634622482537495 52.26130863884389 63.788273524143754
28.776449466741415 69.8945583836578 96.54179758664341 94.09858519463548 81.19676920130723 53.810403619101386 0.0 103.62389731117041 60.08244224175973 62.954541279363355 107.15455501019288 108.42216928917125 38.97335394407244 22.466660019696942 79.07498204306374 86.71483112691173 57.249953926327066 59.778660842838974 89.25273801888092 47.207202827975806 67.86594419764221 69.77024283504775 95.56080723604737 89.46865414768632 79.57013547082161 63.2817316753237 66.16982255151927 64.87424380204187 56.75076455498336 59.06596799082552 101.09768546900708 108.66209415555039 40.67193059036732 73.99526970046675 87.52978131181237 31.470439546734415 54.79608363482778 58.2371764101561 82.77294059165544 41.966699913367876 153.17771969176022 136.68164143228427 120.41192897874136 104.47439120487039 89.0475627779568 74.44959837269195 61.275779891655866 50.64981685343177 44.43861986865974 44.529565089055055 149.7114136542144 132.803539950064 116.01190572829174 99.3954401411402 83.05934007591046 67.2083598209646 52.28558586158356 39.361282386603264 31.041066614440254 31.248908544892885 147.49647742641653 130.31309627739765 113.16584106098789 96.07405694656055 79.07372235349601 62.23981867807579 45.75640725544734 30.202895463857942 18.15195024006273 18.58720028096703 146.5896779867477 129.2905605521426 111.99231213441851 94.69540897128024 77.40075294829336 60.110283707438334 42.82907227008197 25.57589156501334 8.522710887806308 9.479480265899733 147.0152363764762 129.7706515447579 112.54366824081208 95.34382781857886 78.18904481047689 61.11727200182202 44.22474566147766 27.839689366428342 13.891776795724759 14.478522175797401 148.7617126879006 131.7369353491565 114.79505063633351 97.97906770426114 81.36708368922088 65.11541638019662 49.57966453194644 35.706853156570006 26.277863918808126 26.547757805315367 151.7834924350988 135.12452052665597 118.6496935084478 102.44788793513278 86.67234833544353 71.60536600491794 57.80369509551214 46.41025903935917 39.56340952193775 39.69031183346965 156.00644512591117 139.83009951863224 123.95806811262939 108.52395439651056 93.74430550592982 79.98275477509564 67.86153120910997 58.41090553076266 53.07711806614605 53.115225218160646 161.33621888044485 145.72598796843607 130.54288081813618 115.95480159222447 102.21683036623533 89.72032616088833 79.05621772946499 71.05438984551553 66.68027587345509 66.65196309592794 167.6672242286887 152.67426873896005 138.2217380296287 124.49798258894728 111.77177081199135 100.42306562763225 90.96888340674911 84.05097064082219 80.32730458944965 80.24380561317705
77.03056014419796 35.29263876194293 39.293572056074744 35.79045992592099 33.83375939820494 61.88944442421419 103.62389731117041 0.0 44.19358973807234 58.387417616251845 43.78619505259998 38.26340263961977 64.67224275005582 84.24940013385647 25.614768875827526 22.73293171467307 58.59215163415591 48.125751129714274 14.42491724061847 59.83178028013935 35.775810015838395 33.95068624781652 36.22532997433779 40.52468884368411 38.12809510065505 41.80315690990496 58.04769388054352 48.21217553516446 46.89155101724411 44.80679296469982 48.25826652842156 50.437413769866794 62.95302546003058 43.70900331987746 17.08297994115257 76.47841663585342 54.860201122368125 45.69368905635879 20.97106540293055 73.395182069576 87.95025651755971 79.89662266770544 75.03585657126678 73.99983780210637 76.94321921917167 83.44596298491861 92.76252076391212 104.1404270365713 116.97973582010182 130.85096639027032 76.33708812113781 66.96489976814443 61.15505381781495 59.95230973407262 63.61850600221477 71.40759902063766 82.15517097592432 94.86092486498958 108.8412331884222 123.66458282303452 65.74034046394317 54.64085872204613 47.41474304193367 45.92815707101695 50.68862500126473 60.232724788294185 72.70026756858528 86.84111936010127 101.9614361251787 117.68429053716098 56.732645606003025 43.44500666261106 33.98606810491579 31.958500300311115 38.553175648184926 50.498095593336316 64.90359511903537 80.45871211338681 96.60973421530703 113.10166148142451 50.1773740434556 34.49418710169179 21.46255156131575 18.169903496022755 28.255296218697907 43.189005934030845 59.42163579479662 76.12675919320625 93.05024571557772 110.09143966672933 47.10976231648057 29.879330776332917 12.842610977075346 5.983682203868781 22.480876221063237 39.66974521669701 56.927156282299144 74.20530376031394 91.4924403263472 108.78428064070718 48.20041332204715 31.56341601974696 16.368618128670207 11.761255470412205 24.64620951039987 40.929905917435455 57.80823294110897 74.88016716935905 92.0380362513829 109.24135590908794 53.19415196177761 38.73334400928292 27.742326090690494 25.25295941660994 33.23398629820963 46.5831977737256 61.9209283516884 78.08405089739131 94.65065887036099 111.4409531006897 61.14193629274168 49.039120543165645 40.866128821975394 39.16569669265735 44.682986485215 55.298218201947876 68.6871368056701 83.52639558766903 99.16703549096322 115.28334340634514 71.05928947913259 60.909166393674745 54.489726422951584 53.16985824701247 57.30302934286752 65.87063323797821 77.41410258972427 90.80553970680769 105.34252991020809 120.61157066674485
36.002577285948824 9.9582923731014 42.70377026097907 39.03266736543435 33.41546722803304 33.80491379831774 60.08244224175973 44.19358973807234 0.0 26.326960812359637 62.24077284217848 52.80871009997517 21.375517522746062 42.899168290696444 22.55381079759702 27.036919180620643 32.82883801877709 9.39671334008671 29.795872369505616 23.961062988150065 9.395124380535979 10.581099931680749 40.58712073190481 36.70341903203454 34.97313587130963 4.020365416340483 28.562849852494704 16.630658521014745 5.678220464818213 2.3523352941339053 60.09036721093514 57.43745463502963 19.916584746201387 33.727735348552514 29.684439458045045 36.92957627163448 25.01136720943898 2.4724799983535775 24.21791833138947 39.29670785194238 104.04465531134106 89.89609570035199 77.04559789052759 66.2528391512673 58.6647393779488 55.609019111002596 57.808933360437024 64.73083465857754 75.0798744294031 87.65039955568297 97.14590616769739 81.85169113483366 67.53352258459705 54.95961315802421 45.59656301902134 41.66820268222907 44.633359109163884 53.35484468093658 65.57474537787765 79.69981233719972 91.90948046822375 75.59270632596886 59.83202928664036 45.21278620742648 33.27506835431361 27.730382987433934 32.08469941557023 43.45792864193767 57.8486388463783 73.50543041249207 88.63058720583906 71.58907632391835 54.711272893653955 38.21470380191654 22.937228777658657 13.805144462986329 21.301648659364233 36.27190551770696 52.69017647030185 69.53826957403685 87.52954192134953 70.22765532259888 52.92579748196773 35.6240103011917 18.32249395199672 1.0349218072157504 16.283179834343976 33.58461599799187 50.88638837441841 68.18824103682303 88.68751057967523 71.65921561307377 54.80259533576816 38.34473044117124 23.15221098525865 14.157825335999897 21.5308101757798 36.406320594722914 52.78235685811449 69.60780728887904 92.01923464393661 75.72550278894029 59.99894776572272 45.432427027468606 33.5715184424709 28.083767692575417 32.3891787091182 43.682141882526764 58.016462092753585 73.63694697866887 97.30162969534705 82.03560669977861 67.75528998513673 55.23063284683175 45.92135905879611 42.021715344410396 44.96201544337263 53.62877990888185 65.79676409801156 79.8817077081337 104.23849113516287 90.11934263961267 77.30476710009992 66.5526583261386 59.00155811209893 55.96257324930259 58.147515556669475 65.03195938772161 75.33841074601033 87.87089814596273 112.52416294461666 99.5454534875907 88.06586718849749 78.74380107496022 72.41729795173462 69.90445957577208 71.60790100029993 77.24920125048077 86.0574011511372 97.17511555166442
49.261147976548216 27.41608589197494 35.214142826724725 33.87973746987262 58.70554458444127 57.64032909663913 62.954541279363355 58.387417616251845 26.326960812359637 0.0 86.65294563975806 47.45324057107031 34.232991866087836 54.17048846748008 45.054026908142774 35.787960191326455 57.528522438377905 16.930316704299624 46.16575145495701 45.78101925153307 33.415261201761496 33.14972145669421 35.104743396973596 28.19122843433066 60.80485057844101 24.41929717478753 3.407803582533567 11.20854747544685 30.647577666336975 28.333296399254376 85.4778135797047 45.874035946110524 34.22053800080342 60.01532258631419 49.35178988205226 52.168947643965765 49.54567405256549 27.811301611415143 43.859982409252275 59.23225301825709 90.41771308650891 74.2675261796287 58.77650389912713 44.63629394526188 33.59805685741199 29.39335763261071 34.609520108675405 46.15601425906139 60.5115342994154 76.10271529353123 86.80936457417823 69.85052602613894 53.1134505410096 36.9011341902763 22.384396677472 15.464189556496512 23.9986153060176 38.87722146079149 55.187458669014966 71.96238791262074 85.40848844113705 68.10979788702447 50.81331353011163 33.522450520433935 16.255157309844364 1.849103222697022 18.47489701124446 35.748259394150146 53.04024767225647 70.33712597088444 86.3226427208809 69.247488237138 52.32153903352123 35.757308419176375 20.45335187216947 12.522257748143478 22.225820891442247 37.81375580879028 54.44709341470017 71.39891226841796 89.48089058941608 73.12936432827324 57.33836624854443 42.733859312376964 31.038482407166043 26.44432300724174 32.15473867492959 44.353831739249536 59.15494680398123 75.03374736400478 94.65883671974558 79.3536675905638 65.05704681073908 52.59790593057978 43.58171251604859 40.38436841714247 44.284696545908474 53.75943705937151 66.4659716449723 80.89548373890403 101.547928540494 87.42141011439881 74.64397628300152 64.02845100425382 56.8001846352693 54.32843183133463 57.23281515002729 64.79437358899308 75.62886791099423 88.54286853216932 109.82654385863209 96.87300880136678 85.47268930825982 76.32478029101702 70.31396903333544 68.27391216293405 70.54991572616741 76.75900482654365 86.05399305553281 97.5567799035418 119.20542858987251 107.34342224768888 97.12860937167743 89.12913991434448 83.98047850850885 82.21993872966563 84.06067002196744 89.28020234024027 97.33649459750536 107.59420149755756 129.4455271950156 118.56291050539726 109.34738732709599 102.25070471635223 97.73551170055659 96.16611676054961 97.68460427021758 102.15336481542727 109.21083328799355 118.39497626078796
78.51079759912703 59.28385175819726 80.48613919200625 76.39604334842002 29.058579270977692 53.686513850376556 107.15455501019288 43.78619505259998 62.24077284217848 86.65294563975806 0.0 81.69683724027882 73.8712695997967 84.7322932096426 41.693239373959614 58.59307278919465 50.07076438782143 70.80791561826805 45.41838749710617 60.6699129060475 53.58866639670395 53.56375826084491 77.25598164237142 79.5255690079239 28.80692808836757 62.79542435414849 87.86605403894822 75.4897970617406 60.579136478745006 61.060178494799814 8.558739200968342 93.36355120034304 72.02485984394396 33.43507772680413 39.6001175262837 75.70484006136915 52.750198704073064 61.91848761340052 44.12252894951971 66.49716202720616 131.417595329406 123.66529891317707 117.95879755791535 114.60409966968909 113.80936418039975 115.62738889883983 119.93942106784016 126.49065721263784 134.9553925211609 144.99889499602028 119.26159701745527 110.72394510729539 104.37873448829986 100.641507856247 99.80566462427186 101.94259647468535 106.87413137937104 114.23892347566886 123.60278318698936 134.54898394670806 107.59403766717053 98.10733960841699 90.9521891698105 86.70772071289606 85.80696029252704 88.35223554098367 94.06422328604211 102.4144333881853 112.81857877121008 124.76387598502528 96.59227379886903 85.95881558767962 77.75896693545815 72.81953201490083 71.81643189006421 74.90796939284199 81.6302407822772 91.18375339937964 102.78203101528585 115.81236227837151 86.51087677943035 74.50790314009991 64.94167169590541 59.00941516685079 57.84028611165221 61.70562032840129 69.77367502263704 80.79508113407672 93.73378157173792 107.90225086915001 77.70905089517294 64.12959756930539 52.77516676271855 45.34903988450498 43.89256040958571 48.941623894521705 58.84481700858984 71.61596663618634 85.98654031104103 101.27797293017753 70.6666989153137 55.429879000015156 41.83144673276832 32.03088642302044 30.013242641389425 37.07183677916626 49.462680174199896 64.1677619783281 79.9196842085045 96.20561038711524 65.95001086025137 49.30558881083435 33.337526265190995 19.759874518347104 16.3776383672061 27.289445762092047 42.66043923263026 59.10858410612205 75.93713695229438 92.93968601161006 64.07472644234304 46.77951741877739 29.49219428519958 12.246199007382845 5.372415569467591 22.50488614776419 39.78430022693422 57.07735786736959 74.37454275652878 91.67351870586624 65.28618322828027 48.41819325144534 32.01671422896845 17.450827412542672 13.516863535169938 25.682536038298064 41.65564247456891 58.390969144654186 75.38256323842145 92.48929255962125
88.26800883859775 43.720090184321194 12.239900710304145 14.351806365330768 64.77481847290139 83.73644356859616 108.42216928917125 38.26340263961977 52.80871009997517 47.45324057107031 81.69683724027882 0.0 72.72837340425662 94.78310272471239 50.00955258498891 29.06235275897936 81.5398006045215 49.40410946425037 39.01261094487083 76.22082706723089 50.199539893076384 48.061627466430735 12.865727026226683 19.29843047681696 68.92198560508504 48.812162861329924 44.9720560632836 43.553641393910866 58.1942191773135 54.83919634459334 85.2558033750736 12.73559791067694 71.6825687086317 72.56013658959051 45.693763092977306 89.60835470034021 74.9708129808029 55.25513790077988 44.35039496526214 91.64024096255754 53.29189610648749 42.45783031400502 36.932580418306834 39.03934700784653 47.77899863219697 60.33491346471098 74.8096105604547 90.28488720935253 106.32474246958499 122.70797790060044 44.65040638053317 30.986593736125407 22.921393693164124 26.25495538685404 38.10467388588541 53.040746201103346 69.08969850269314 85.62805157639852 102.41899770178878 119.35598040952988 39.37757297727264 22.784399375949867 9.2939608684564 15.885207417183866 31.890675331668664 48.78938187649367 65.89769075638355 83.08622486612077 100.31375344548104 117.56313516772023 38.86947238250254 21.89870381139399 6.854489025162944 14.598912864516137 31.27276674213359 48.38963802758925 65.60367095691902 82.85432797055442 100.12268039621708 117.40092010640468 43.29419412068417 29.007631344917282 20.179439646377425 23.910009811068576 36.53599636537027 51.93054176649705 68.24510958592276 84.95128293952266 101.85655423261865 118.87601307054507 51.39301670997457 40.05985574592261 34.16211150766322 36.441948732332904 45.691239167033665 58.70324514238252 73.50619421666057 89.2129930583085 105.42041366223937 121.92898362132028 61.736453916192374 52.626898563725966 48.2337372859023 49.820664614014596 56.88941977617076 67.7452270801605 80.8772387724173 95.34957766122953 110.63750909176444 126.44555003899353 73.38128731434661 65.8469537077386 62.33397059600447 63.51315659781579 69.1448683911298 78.2738729177705 89.84030348862846 103.02648044365425 117.28736422183181 132.27581234236752 85.79912904041963 79.39434683789403 76.44683806320782 77.35283294336337 81.98467816172243 89.76747248533744 99.96797363836575 111.92710736725161 125.14169547520544 139.2547862764599 98.6984968204338 93.12618005622429 90.56627928457279 91.27261292173299 95.17248651864264 101.89989158436337 110.94163787021962 121.78333020017156 133.98875104969352 147.21910437075462
15.775201925253606 31.322332084076088 61.670126053831986 58.50083198131735 45.518530074744966 27.954842192425257 38.97335394407244 64.67224275005582 21.375517522746062 34.232991866087836 73.8712695997967 72.72837340425662 0.0 22.054731245379358 40.54007784414726 48.37288723812066 29.512271031321895 23.49006706491502 50.285616313497016 15.674429496314207 28.900186529493492 30.79752867686989 60.04259808875083 54.98420370636395 45.076118210891714 24.903526647354028 37.55995330419316 30.595584225582158 17.78270237024445 20.158440383062487 69.5014738739015 75.5237127309083 1.8885942173694463 40.885627312644075 48.81847183866353 18.07832925432551 22.88805106738817 19.366068877642846 43.89361265512007 25.60755243357561 121.89401470749179 106.66051155195436 92.16006661994928 78.79841550770844 67.2577277808522 58.62348385063346 54.30030409036044 55.308520526884934 61.38600096497235 71.24709846022691 116.24837384212645 100.19060719252823 84.6246819170413 69.88005066557443 56.60222472812972 46.07719478379069 40.51061078305829 41.926327824300586 49.73157966098737 61.54143919506188 112.09326963744502 95.3610041724237 78.87490942719742 62.82906778901632 47.67014142116122 34.584725079653296 26.8043697265504 28.975083536323933 39.48856666592466 53.645582582258406 109.59842351193916 92.42926110532693 75.32088039353505 58.32679127696138 41.58734159236908 25.60687843983753 13.439877559360426 17.443085646126246 32.040677389440376 48.452674033052396 108.87806185904292 91.57787527086754 74.27850104967472 56.98067910583811 39.68643922871297 22.40407820158028 5.252197215150834 12.32647659420587 29.5806029178672 46.86998727178835 109.9670728210603 92.86409508030975 75.85140513819707 59.00714892221041 42.531917927330326 27.10713775753358 16.104106570249026 19.56016450960563 33.235076035045 49.2468575510629 112.81305454708958 96.20220192214045 79.88523932316353 64.08704001212811 49.30877571135265 36.80042738471278 29.595556730617275 31.563141948566468 41.415894413897384 55.07295270346937 117.28814002794591 101.38968728696123 86.03449364605952 71.57306768493238 58.670081396277205 48.58350951430335 43.32713762724606 44.641111386490124 52.03000393300157 63.40440288534778 123.21489320429015 108.16071633336234 93.88433796001675 80.79910257627266 69.5803043031932 61.26206186406964 57.125820852199276 58.07216458513738 63.87558922246579 73.39280076865961 130.3954417034351 116.23880125687242 103.0467642859101 91.23870535150908 81.41901553974368 74.37943157843918 70.95232628953761 71.65789826305118 76.38170706818288 84.452146090215
7.219628899958738 52.81633627691688 83.67437438549294 80.54865554710632 59.32213511244112 31.354698321286996 22.466660019696942 84.24940013385647 42.899168290696444 54.17048846748008 84.7322932096426 94.78310272471239 22.054731245379358 0.0 58.944395588754496 69.88612301449848 34.783569362574845 45.48978414303165 70.17730068274669 25.478959882540742 49.14307275640569 51.24802170477745 82.08858499570856 76.92463044594291 57.43492663442764 46.65043936186166 57.57815106243149 52.29708797734665 38.41556925616097 41.33045378817601 78.63109561420725 97.3368803971587 23.170899752750667 51.702763363656324 67.55615296522845 9.029075890905252 32.69814153091445 40.66310742290992 63.287886099112136 19.968959265485655 143.50076390696768 127.94317198931819 112.89436482075881 98.58760718916001 85.39667035785004 73.92132750069982 65.07557410710955 60.0332771563363 59.76499579061076 64.33048587211205 138.1928224617122 121.9881010242684 106.13030120215363 90.8013673110497 76.32063422625772 63.273166057414514 52.73377768025874 46.44257212220889 46.17008916688872 52.011010310212825 134.14696771322727 117.40656197854493 100.85584417960415 84.60620825628938 68.87109921256003 54.101338236847575 41.34476934763317 33.023230716869136 32.716757827749 40.607233096456085 131.47982106921833 114.36381870734134 97.3135896676203 80.3710051104741 63.622120483222275 47.27326930705601 31.94466764708731 20.121471494828644 19.697651207439257 31.14214724455034 130.2761280826519 112.98430698451558 95.69614005164748 78.41404425389169 61.14316782089022 43.89675529642067 26.722215465658476 9.997099213904283 9.193514314610846 25.8420768839106 130.5763840280897 113.3288007876764 96.10075576046324 78.90504784325559 61.768689805018646 44.759900055630695 28.111197296421082 13.256821699760168 12.647544323522704 27.25601916911255 132.37035082594653 115.38185428743103 98.50251635441887 81.79993927822201 65.40967292526562 49.64203326844516 35.34046590629466 25.14510891940135 24.78538648731226 34.56971467549357 135.59873125206425 119.0550818361302 102.7614514615118 86.8586558946186 71.60756317065012 57.528835420994064 45.71867789987541 38.334513370733625 38.04706459521572 44.99255644813539 140.16239893021398 124.2047718575081 108.65934593147041 93.73143758935498 79.7684909942021 67.3731604374868 57.56712749760819 51.8411652899347 51.57266231533393 56.83901307507645 145.9360757128193 130.65639220400615 115.94628256290599 102.05234462944098 89.35611135791899 78.44132341170284 70.14457063415024 65.46887313731185 65.19799766839849 69.38355309259974
51.732101442576784 17.63838499693091 44.25348213313042 39.90954929334737 15.843632907979217 36.94054938314542 79.07498204306374 25.614768875827526 22.55381079759702 45.054026908142774 41.693239373959614 50.00955258498891 40.54007784414726 58.944395588754496 0.0 21.344055496649382 33.92467192825276 29.890948653234023 12.866849791963768 34.23389409685086 13.164613637622095 12.427629435079265 41.18042307378838 41.13949536987394 19.505978705828568 21.96345806011238 46.17851023622558 33.856914077766135 23.267589534722635 22.207694055073258 41.39020967105314 59.02978437318763 38.71436445119691 22.55381079759689 8.627549466344078 50.96534072512138 29.403407432689892 23.153833180005986 5.885352635461291 47.917497790203896 103.27574352129497 91.80730205517014 82.40127307683264 75.82906093574842 72.86158620329273 73.93417741331237 78.8822034398571 87.04728044630352 97.62552755374581 109.92245362151819 93.7495539783331 80.99549078605352 70.21578752177514 62.44149854301748 58.87547279495711 60.26938266625681 66.31117787142541 75.89889833109629 87.8795189920763 101.4084492612964 85.50821998368447 71.34218163137302 58.8766662757366 49.415792419004035 44.90081297687139 46.78620767430797 54.41065344268392 65.80876039296079 79.37109321160662 94.1671476010104 78.95524504762678 63.37912735132678 48.97556330181953 37.134980427488095 30.953460157475696 33.703643332158954 43.731720818699515 57.33847043124373 72.537203769434 88.51158468559352 74.53736885661577 57.80921700591364 41.55362811219502 26.649853122278284 17.100805750246952 21.757129105153936 35.3980225465855 51.29697415274778 67.88557533038302 84.75986870158201 72.64524256282598 55.35965938797284 38.088923255252816 20.869926415524205 4.3652203938800636 14.186967126132869 31.34004610784535 48.59877066859237 65.88016467501716 83.17009830081611 73.47428411999309 56.43825560388327 39.6332681814891 23.55903606613712 11.746207748650493 17.878243623889382 33.166289755813054 49.79043020243735 66.7598987851137 83.86533380556234 76.93656547706843 60.857688682184545 45.681417526636515 32.68999868420351 25.47921882554407 28.782905364401092 40.08030890270284 54.617919710438045 70.41671404186029 86.79067087277488 82.70198230933572 67.96932549136002 54.76081236156415 44.45638273925442 39.40430680913548 41.56603008561538 50.01476134258249 62.24085378818513 76.45310615898072 91.7329659131888 90.33053529042715 77.03100940880806 65.62504768061648 57.255716078911966 53.371217266971925 54.93137818852048 61.52337324205863 71.77391077980184 84.35972232137048 98.38867261705767
