0.0 28.69989622125136 4.9791461865507 22.614794659910377 78.36506111453019 53.81906001649015 6.67397237950483 48.302976885443734 24.931255101294536 53.21541769770063 61.451016511228936 8.925573577442908 47.77421094035814 44.27843294025495 27.540120606065823 47.66927013138535 35.372844579295815 54.57677520500532 29.355932325618017 31.513661486303594 27.3366970381297 24.57991377254015 7.359896298375479 32.20846128054983 65.86699826496738 56.942039897133284 10.887049417307253 31.21393317846182 27.59440622129726 46.23879594495055 72.5505155316287 4.358179434691865 53.21651913499713 17.555030948422832 29.949286329652693 40.75515590481174 37.17030936661007 54.35098671976845 34.29866040656819 48.237212368120744 86.46552842568875 71.683690264041 72.08033010146362 87.4491579083228 111.77609378384425 65.59379485286145 44.65358260246853 45.60876259959654 67.53662919529582 97.14449860898142 52.24339695173539 20.861675506497463 23.149455294849904 55.05847665512159 89.00463593685728 52.505782132202484 21.50446119338244 23.725024919655933 55.3006512255688 89.15322488119473 66.21931932641955 45.55916943510574 46.48759251622895 68.12762484513186 97.55239077539515
28.69989622125136 0.0 33.64269461449198 10.843327560933238 49.79532600679946 75.03006027154237 22.75990752717285 62.150915105686806 34.85684566905887 48.09368208212968 36.122282437742165 34.15581051919638 64.52907472774386 32.33397072054603 17.40506578251466 41.847296065158076 25.62048828447883 27.950582427614428 38.02472708696085 13.811768643972977 15.413336260039173 4.3133537303837315 35.6151324052585 31.629376196138466 38.64233857281697 72.0254153236593 18.504568596014135 33.22420604546744 33.47743930320404 46.57918798605863 46.97922290368029 32.033374976168986 65.99174705171124 25.91836388878248 15.008463087600568 39.54734428840032 31.446277941685857 27.255886868301243 35.882092470850914 30.579819785937005 107.98996741886278 85.73381621794056 73.71221811847522 76.88591961515365 93.7237848583001 91.0986015780789 63.39010324580313 46.17867030237645 51.39502324516449 74.46637939190583 80.77354644595144 47.53966046551529 19.761614786602482 30.263379040624773 61.936026616935486 79.61260173654915 45.5579906740006 14.41342598418877 27.107477904664442 60.47095206370807 87.9793584264981 58.86297109662983 39.80146228389072 45.807080353589306 70.76189651166234
4.9791461865507 33.64269461449198 0.0 27.492545031010245 83.33711144960719 51.457563182889125 11.5364279790289 47.93008039975247 26.7947630701254 56.12264910869293 66.30461449348883 8.314483690800449 46.71730004700393 48.233202823927584 32.00497892870719 50.817820126397045 39.40722233197441 59.513277007371585 31.07336499610447 36.270381444688184 31.94020976884085 29.492804403297274 2.851450475197573 35.31682883337338 70.81667447867295 56.06972355097054 15.57283862355098 33.998751194340194 30.007088783257796 48.54321957416968 77.39531796590246 2.894328619701685 52.951646367826584 20.79468703279652 34.61466778157517 43.50691068623182 40.686180946130996 59.30600698751649 36.95033980041392 52.63364559708779 83.69903274851026 70.79783594409355 73.57919204927872 90.61026358768582 115.76398691362442 61.8670853050866 43.16837923688505 47.89887124686985 71.55358094711637 101.68750269271216 47.45794065883613 17.39788627148684 27.34899537038385 59.900746528926554 93.93126267369405 47.74701634396627 18.16467174619816 27.838521525351112 60.12371838919815 94.07225944033289 62.5307843336021 44.1057135176645 48.73753702548463 72.11240975344057 102.07776613600838
22.614794659910377 10.843327560933238 27.492545031010245 0.0 56.95974945982596 64.46298246088455 15.959687237138779 51.31915832065193 24.018335378000657 40.01668108249368 38.83828004237557 25.798744083417247 53.706585577727985 26.08420361650207 8.406792536144284 33.74478195440111 17.81357324446545 32.10564043057145 27.209868906909247 9.285570419214332 6.871123691379606 9.62205362466358 29.9709336168101 21.57839970119967 43.46097038328096 61.18724933464416 15.316399001067454 22.833504055775872 22.712743080252366 37.038544493827345 49.94071171342308 26.692398691521593 55.20594429738278 15.3163990010674 8.453876342825657 30.071926368448874 22.69472474650347 32.01485821601531 25.684687708217165 27.332918524348393 97.33825117688578 74.9495815548289 64.45864872499287 71.32438575951767 91.72890275184429 81.27070945129252 52.66871343658463 36.57713592363214 47.92294551692309 75.16753873012676 72.98090131112693 38.82038933338736 9.093200810791274 32.453088838710315 66.47234500561773 75.091007874534 42.62159297702836 19.732913791390896 36.83778712294056 68.69864778930116 86.84614485536034 60.84988333839225 47.51814376223312 56.63964980297784 80.95020772962674
78.36506111453019 49.79532600679946 83.33711144960719 56.95974945982596 0.0 117.18877795845705 72.11089399495748 99.2017278349011 76.44182332262005 68.91735909372514 26.180227402316905 82.7438879548747 103.82705767177825 54.62439111802234 56.78428757285459 65.25768551567153 56.82848121311282 26.88558870564733 77.49369267895025 50.42851105952864 55.55854780549705 54.059301453978826 85.39320002581566 67.05581133977358 17.362223351702532 108.6347653967801 68.28543341555206 69.88222830431468 72.9701841281202 74.8203244126197 22.961294535558835 81.82161013088047 101.29750566746058 70.78827890714912 52.83073708963445 69.6431403976089 62.03130388598103 26.12874624104584 70.69292115189998 45.74247214800653 148.3729803410378 119.40181991256644 94.306938480378 76.97761650043553 73.15776781110856 136.609332884672 104.57155428272365 74.85402134423126 51.63190362742433 46.08033038758808 129.909411575346 95.73915383237136 62.051303493042234 30.489199433791313 20.091456579776487 129.064635198648 94.60033516293082 60.29609647641438 26.774382740306073 13.891305751734805 134.18568080058634 101.41467333962392 70.41947090815725 45.0299308967847 38.617539410622975
53.81906001649015 75.03006027154237 51.457563182889125 64.46298246088455 117.18877795845705 0.0 55.83961624770461 21.42334514419024 41.264972871512185 56.91844394009275 92.93203448164836 44.97903132773409 14.9374385596521 64.3399305708613 61.387716068293834 56.69843102441705 60.417510324145304 90.30382244296118 39.713346730879465 67.86682696259741 63.00698209303179 72.34631625251907 52.29970659963323 50.192828754789744 100.7058138533531 17.698598618554556 62.99817168840746 47.332521742515674 44.31521543549059 47.09823072666516 102.11917078225088 54.34660032781041 23.121273505178777 49.156627668937794 65.39553130777178 49.540415733231406 55.71388045742598 91.11678928831714 46.83220109209159 73.0931785794796 33.075950770114495 26.76084270766119 52.27915430495839 84.52763060901525 118.11678029191921 23.093726437717855 12.672282697160478 46.71945362584025 81.23842684218813 115.80807698442601 39.81486659296497 34.682023552351396 56.70357484806793 87.30739676564703 120.10287733900539 65.18948434177717 61.99073507027467 76.35977346720489 101.06215995883841 130.34986285435306 92.33907293311364 89.89138711497382 100.1454760637025 119.88523296408896 145.29459587760198
6.67397237950483 22.75990752717285 11.5364279790289 15.959687237138779 72.11089399495748 55.83961624770461 0.0 47.6978920823202 22.001079472943275 48.295225059446004 54.787331355894366 11.779396752532422 48.09771293977811 38.220048404033825 21.06003927820865 42.5020473536902 29.279846580801088 47.98758550461794 26.423265722550994 24.845241444097887 20.74642492383693 18.85507782719259 14.032652032193083 27.290217692610778 59.30435691728847 56.88621861534569 7.217442462765303 26.750966977804122 23.7602833490849 42.13598856357656 65.88422502324303 10.888756760222087 52.3922688519576 13.05446316382486 23.316950939283345 36.15411377647171 31.660306252817296 47.80450937041751 29.94149152647685 41.7597584276866 88.83373113452105 71.5061393068263 68.77200190847829 82.10245216447066 105.57841243140564 69.5019447986321 45.6105137721424 41.53240908770914 61.354595957522655 90.54642614361825 58.02955468767269 25.112954462704558 16.992453881217006 48.39089003559321 82.39820829597399 59.179742835514965 27.64480991423332 20.52019004264759 49.72695460886809 83.18239573939648 72.35296034044916 49.81000319065502 46.064493206573474 64.47987453260352 92.67246879823261
48.302976885443734 62.150915105686806 47.93008039975247 51.31915832065193 99.2017278349011 21.42334514419024 47.6978920823202 0.0 27.470111766612348 35.703445597355596 73.97840070990661 39.80830642430956 6.675815967914597 44.96353043207785 46.1320105354263 36.10277084964505 42.7532978791735 72.50743698886055 24.144448081797822 52.27952186796722 48.01644325617467 60.4282403550079 49.819442790910614 32.806590920996356 82.20739344036859 9.915968685452462 54.719244475628656 30.274985778553155 28.79178234716713 26.22401813069583 82.45270622372527 50.50101624789941 5.09347724651975 37.14047268286151 49.90737690343966 29.80705919595765 37.19116716912324 73.55959481244615 28.77257373095422 53.90838633982021 49.259856876468994 23.93015204655622 33.370882179547095 63.635087026335576 96.85080147794932 44.46090463957427 11.27024151902544 25.925244677849125 60.10051534298834 94.58794448836993 55.950271674979824 35.63834481454762 42.4803670300672 68.80336318849405 100.28985606514556 76.72972242040004 63.259834261782466 67.16353634960603 86.10953637545875 112.75434159298032 101.23076141736341 91.22503565074099 93.76054672795446 107.95724170304898 130.05070113282056
24.931255101294536 34.85684566905887 26.7947630701254 24.018335378000657 76.44182332262005 41.264972871512185 22.001079472943275 27.470111766612348 0.0 30.22316160219205 53.46170031166656 19.00549335069037 29.710572598655723 27.382452827151283 20.123612419618055 25.747398580217336 20.713328497183397 49.67239079401523 4.454238736972192 26.60708167805777 21.756048423170594 32.96836555421583 29.467610864055715 11.65418569588259 60.536187931890076 37.263944452618745 28.401581039952845 9.094030686062737 4.448735470464529 21.841240390736925 63.61191076662868 28.49580860220833 31.652782614781298 9.839917349377469 24.134848553271173 17.60826700397291 18.175874325049747 50.31537596046433 11.174679098867358 34.8540233058549 73.73885229834725 51.31436024343134 47.156357225306024 64.8775285992597 92.67836121527108 60.24518640169699 29.014250728222052 21.190074313446814 49.50818111046835 82.75233523938233 58.47335957103455 25.167623788626077 15.573603048863678 47.39743931695985 81.51901442466337 69.3280912101057 44.80985525389716 40.05355759492832 59.96229878312752 89.33919926520188 88.26751750798235 70.46481075372245 67.33641001060617 80.6093190832564 104.19357073605052
53.21541769770063 48.09368208212968 56.12264910869293 40.01668108249368 68.91735909372514 56.91844394009275 48.295225059446004 35.703445597355596 30.22316160219205 0.0 42.737477434615656 48.929538929329574 41.98588131134075 16.97197701128187 31.638759814482928 6.285669962746764 22.530158916143062 44.362528655152566 26.84223306184834 34.349706844155534 33.38984100180549 48.9948824163828 58.92760968321701 21.041617503569416 51.575351908438094 43.30382720038641 52.47601291551553 22.124742353285228 26.320879528594052 10.26761325508729 49.142304245286 57.302969917400695 35.79568598801489 35.665168351326805 33.13370564676288 12.680810589649095 17.401900914284234 45.91979159852242 19.259758113686516 24.23047849820714 83.46867814920716 51.48217684673188 26.993537621963135 34.665975445920765 63.79381532427712 79.64733192792607 45.08678839611756 10.807114871037108 24.405393156416384 58.90082289515045 85.48961725107509 54.66929559163774 32.61632673184474 39.163162858340584 66.32132045707809 99.30406118734291 74.28391386179146 59.74688002950639 63.37243891082173 82.80838652614987 118.33011951858418 98.08556101364823 87.37416207024202 89.67952911627282 104.14076297918581
61.451016511228936 36.122282437742165 66.30461449348883 38.83828004237557 26.180227402316905 92.93203448164836 54.787331355894366 73.97840070990661 53.46170031166656 42.737477434615656 0.0 63.613690211677245 79.00501283050042 29.028163994730445 35.58709926395727 39.217980263058664 32.86747696604395 8.880066650020076 53.70755006183812 30.190287343019907 34.99259863754578 40.1672015182103 68.80868059066813 42.91908621943988 8.871876603905596 83.16536109596471 53.18880875969797 45.82742356882905 49.516121067405734 48.934188390131546 11.108523361809212 65.51419042703807 75.72986758050534 49.791461865507 32.159518091194705 44.18853626558283 37.22285132535499 10.376028789348958 46.09992753921925 20.073101626948574 123.23718536616866 93.44395807209371 68.34426793441756 54.816975812621685 61.103673657030406 113.47268584290218 80.26004736364231 49.01163446564872 27.52173256725367 38.82771631926489 110.17962379738012 75.57742473563395 40.978032645173876 6.426942471247257 28.25360897035799 113.9207764593054 80.88653207726331 50.02156763283389 29.266393365247023 40.07149520838254 124.06120975268963 94.51814232299863 69.79231345356187 56.59546920748948 62.689070674703665
8.925573577442908 34.15581051919638 8.314483690800449 25.798744083417247 82.7438879548747 44.97903132773409 11.779396752532422 39.80830642430956 19.00549335069037 48.929538929329574 63.613690211677245 0.0 38.96147411168163 42.70317464402722 28.191744432063174 43.94542977885328 34.20566404988281 57.619225477126946 23.124342728744107 33.48431550601882 28.62478887894643 30.44907989200456 10.693930959926984 28.60175383857073 68.99956288421917 48.205405168967886 18.46198128186716 26.911555840967342 22.612496673501706 40.84661863137015 74.565134656552 10.710400441316253 44.79511265530598 14.906344123004216 31.454292323537633 36.249515982363064 34.46820934175009 57.6700670391433 29.66986507338643 48.139777363836174 77.74706751278379 62.95219807402344 65.39213762362643 83.57071118828273 109.93987246191058 57.743624512822535 35.7431746792445 40.19521392173806 65.94367467766791 97.34635873465217 47.18242042674934 13.40148936301194 22.975484358593608 57.192654164846346 91.70049260421072 52.155858530513505 25.867319152700315 31.82525836561103 61.24883826401269 94.25941627144397 69.40069410372794 52.40325734207249 55.41254329693036 76.09074888342623 104.42153854313563
47.77421094035814 64.52907472774386 46.71730004700393 53.706585577727985 103.82705767177825 14.9374385596521 48.09771293977811 6.675815967914597 29.710572598655723 41.98588131134075 79.00501283050042 38.96147411168163 0.0 50.12732187594364 49.356191523704766 41.93859604039097 47.048944634350114 76.99536654105819 27.13892181970589 55.701264286159294 51.143955641442254 62.41570583783593 48.30028925440613 36.87357941196042 87.03551073408627 9.473856582166018 55.27630391127129 34.14388569573288 31.88220864087689 32.23042556354647 87.83936988672062 49.444156216243115 9.938375836907664 38.849316035169885 53.26727338227957 35.09855467877417 41.87263766742909 77.9434797151103 33.13425109921583 59.002453362804665 44.638037528718414 24.102099843687423 39.5488459860554 70.30045803668193 103.51348105689868 37.86937436837549 5.25076828540603 31.873275222287724 66.32567249922602 100.88180234716204 49.81769612365617 32.64460950319384 45.21473062775476 73.60643215943733 105.76519038620545 71.66334273745252 60.78775998557601 68.18688158708497 89.4345115777225 117.2279611841711 96.93004608148182 88.97114118404563 93.97336405395127 110.18539556598347 133.58648394119578
44.27843294025495 32.33397072054603 48.233202823927584 26.08420361650207 54.62439111802234 64.3399305708613 38.220048404033825 44.96353043207785 27.382452827151283 16.97197701128187 29.028163994730445 42.70317464402722 50.12732187594364 0.0 17.994016365319652 11.493271242316533 8.940966038291164 28.598677025605667 26.318344128909832 18.59202226187103 19.228432247537118 33.96489934776411 51.069964600072346 15.760656694036197 37.40895838515709 54.15002564066909 40.53898678098174 18.536192840231813 22.97570418683045 20.300819192905113 37.77928548845633 48.62693434891187 46.73994263288193 27.827266452431648 18.027436531597104 15.161838585654278 9.268043547045444 29.965806249580442 17.88128301831522 8.957480313468135 94.2167594424855 64.85027271087314 43.92196758356646 45.24977190880658 67.533441603382 85.61955816134315 51.70759677219282 20.285299265888373 23.32728331532299 55.42275620763809 85.85197653307041 52.08802642845074 21.227654880813105 24.143619826210262 55.767962459879286 94.84911641018687 65.75725361950198 45.23822365958303 46.51662405499869 68.38066030931112 110.48979466463562 86.63801017116516 72.10445274951552 72.70981107737799 88.14271591083185
27.540120606065823 17.40506578251466 32.00497892870719 8.406792536144284 56.78428757285459 61.387716068293834 21.06003927820865 46.1320105354263 20.123612419618055 31.638759814482928 35.58709926395727 28.191744432063174 49.356191523704766 17.994016365319652 0.0 25.35975334496183 9.445346869277868 30.39610910108421 22.223388110616394 6.49165718332102 2.0061031620460605 17.50881236856014 34.737207677983115 14.320865571360699 41.63359936942734 56.044617911253496 22.585970680708556 16.20338925143437 17.480815411775666 29.211365349924314 46.43907299230833 31.871434221063783 49.56851812673196 14.281209756472029 4.020534561917759 22.183530502025715 14.39843350305244 30.795412932387098 18.624697145985063 20.7046185638748 93.73846878038668 69.21792168926277 56.481263964822205 63.11844436074178 84.69082123148759 79.88603543447334 49.07231768934651 28.79661045210958 40.561507467816206 69.68547701545396 74.61138004551061 40.008218966526684 5.414014321042477 29.20308084570026 63.80582045793118 79.63783803794604 48.670963194403576 28.113689487289644 40.084110100400686 69.41132253466078 93.31514332044775 68.64884210798691 55.7889320684375 62.50552159272753 84.23935770778337
47.66927013138535 41.847296065158076 50.817820126397045 33.74478195440111 65.25768551567153 56.69843102441705 42.5020473536902 36.10277084964505 25.747398580217336 6.285669962746764 39.217980263058664 43.94542977885328 41.93859604039097 11.493271242316533 25.35975334496183 0.0 16.256464928476863 39.822625729324216 22.933360809980613 28.137020545176707 27.104648647229194 42.71030228033947 53.64913654159638 15.504183436430166 47.909519105390586 44.605165105055285 46.42157576919529 17.051884874560383 21.546919109914516 9.979285253729298 46.703414622023196 51.83741955628254 37.06764451029318 30.136052368022685 26.869321831012766 8.425816569667386 11.202700494557963 41.27008166826305 14.572834518122237 19.704321793519068 84.9223613194686 54.23232711780034 32.639217372444044 39.80360625179042 67.06840526209338 78.94667586614835 44.39495299032315 10.202954483775262 25.14245250315936 59.62415419977772 82.71489861009921 50.73945264976499 26.496643883826344 34.99278065580264 64.35650501614224 95.07524953224626 68.9336730847283 53.47148458048378 57.97713523016665 79.10939845209379 113.24794831336175 92.21097876965422 81.08858548629351 83.92008145332007 99.52149883298648
35.372844579295815 25.62048828447883 39.40722233197441 17.81357324446545 56.82848121311282 60.417510324145304 29.279846580801088 42.7532978791735 20.713328497183397 22.530158916143062 32.86747696604395 34.20566404988281 47.048944634350114 8.940966038291164 9.445346869277868 16.256464928476863 0.0 29.96038529394995 20.878411931434826 12.056402184360568 10.998578608702513 26.49032239762084 42.23364692444992 10.23121526634432 40.31826219484217 52.461202345367894 31.7486184982946 13.087422191131136 16.656869369299944 21.758096390508065 42.89925423285324 39.726217409906575 45.42237949566644 19.305256056990185 10.620080072605907 14.934350778373831 6.303263551222564 30.896311722074962 13.988699872931932 14.348574832492623 91.666198803517 64.57004732238455 48.27732681115176 53.73006441772926 76.40647633467184 80.6105748849569 47.77197544087015 21.473365732826355 32.16980227690782 63.27348469461567 78.62651863048166 44.374866502184695 12.287438743869817 26.975665948543355 60.82141879739424 86.34178605269982 56.834939868959 37.42118755483061 44.33180216903257 70.17906102524694 101.56926576444225 77.8802550204275 64.87777670716922 68.9034913096952 87.64148409410213
54.57677520500532 27.950582427614428 59.513277007371585 32.10564043057145 26.88558870564733 90.30382244296118 47.98758550461794 72.50743698886055 49.67239079401523 44.362528655152566 8.880066650020076 57.619225477126946 76.99536654105819 28.598677025605667 30.39610910108421 39.822625729324216 29.96038529394995 0.0 50.615271822397105 24.312182935071906 29.401929210233696 32.13283348883767 61.887519607165345 40.180711939003075 11.380905569259147 82.0566439223363 45.666741561543006 42.99942958162807 46.11476261929088 48.88357681111414 19.122976970804867 58.477520280658155 74.81245305104926 44.631931967713 26.582024488056366 43.234747563964284 35.32118123953616 1.8606942288136963 43.874185582066964 20.177542214241615 121.5862137081232 93.34821947682802 70.98840253155905 61.31555275800891 69.81848772738266 109.90736534956703 77.68635435726767 48.84201611593335 33.62659087271984 47.65275312040503 104.65819341359233 70.1372491643945 35.77686008037473 5.9655208665324215 34.43900240064595 106.79137329651122 73.25398597722187 41.50591057921941 21.77567140794966 40.25498998181529 115.89988344626113 85.88295624675081 60.94085396611598 49.46210175384287 59.78308839166792
29.355932325618017 38.02472708696085 31.07336499610447 27.209868906909247 77.49369267895025 39.713346730879465 26.423265722550994 24.144448081797822 4.454238736972192 26.84223306184834 53.70755006183812 23.124342728744107 27.13892181970589 26.318344128909832 22.223388110616394 22.933360809980613 20.878411931434826 50.615271822397105 0.0 28.566098981878135 24.035292012529826 36.464491831203645 33.700443820701814 10.834233594747019 61.17594584544649 34.04412578994131 32.72099791244557 7.924359638216022 4.743625838570419 17.885083708349516 63.48394068759922 32.857708838257636 28.01562212084796 13.977912159448795 26.128777562168647 14.543024998784746 17.082855648247893 51.40569616794395 8.74071750602504 34.42204496241892 71.62659908192882 47.754182402965576 42.724407031829216 61.36048202166761 89.99812958869079 59.77641091696855 27.158946194046127 17.229287372328805 47.44406450854574 81.23965226108726 60.11120995519018 27.881500934964265 18.337087501224566 47.85362695991798 81.47723976595385 72.46228111987432 48.987435812016116 44.08598412942972 62.30728346613442 90.64016546518472 92.11622925077764 74.86446261994361 71.54531191432065 83.83037261331678 106.44757821683271
31.513661486303594 13.811768643972977 36.270381444688184 9.285570419214332 50.42851105952864 67.86682696259741 24.845241444097887 52.27952186796722 26.60708167805777 34.349706844155534 30.190287343019907 33.48431550601882 55.701264286159294 18.59202226187103 6.49165718332102 28.137020545176707 12.056402184360568 24.312182935071906 28.566098981878135 0.0 5.133541905201507 15.456720926041982 38.861874612981474 19.84572723415661 35.65205722128049 62.17438529422696 24.57636281768922 22.0829034361308 23.826198014701895 33.625526886584474 41.22337529293043 35.707161592477945 55.54093496931429 20.393003618929765 2.472602174066732 26.660293319060663 18.188376728762904 24.573587366538913 24.151272391156702 18.283000153527034 100.15616318729323 75.08871474598536 60.333726847399255 63.53571881261511 82.63293526888515 86.32516200253801 55.52286617650144 33.292324008957266 39.09992459751839 65.9095172582562 80.37752400994671 45.830239104329586 11.624519177110363 23.76346471353153 58.2162283528898 84.00507161361851 51.877142368055765 26.841506024585712 33.83101673337465 62.95595001955432 96.12968612888464 69.67952364439057 53.519679944334044 57.16884583754424 77.89093910240206
27.3366970381297 15.413336260039173 31.94020976884085 6.871123691379606 55.55854780549705 63.00698209303179 20.74642492383693 48.01644325617467 21.756048423170594 33.38984100180549 34.99259863754578 28.62478887894643 51.143955641442254 19.228432247537118 2.0061031620460605 27.104648647229194 10.998578608702513 29.401929210233696 24.035292012529826 5.133541905201507 0.0 15.64753571636212 34.618407609292895 16.32525504221284 40.71572806231011 57.93159708459632 21.642799854479634 18.177261593148394 19.30091136688862 31.181750446789852 45.94564841966349 31.625515240973527 51.50011279452347 15.262320710388622 2.845226392315494 24.15120561020376 16.255041993697255 29.697187283374866 20.626545391757883 21.143614121896558 95.45427462624367 71.16535538188047 58.41476887368894 64.45813209605787 85.39440566210152 81.240556544519 50.75518168184804 30.773128923179698 41.38500956198704 69.80894731760431 75.3553292233781 40.779309609688276 6.506370794696711 28.575653070248322 63.13206281012418 79.66658072941996 48.21982017387104 26.42687018149667 38.29424650379003 68.03940476380112 92.76316694059534 67.54737138025814 53.991550589625724 60.517151336088595 82.48855431061527
24.57991377254015 4.3133537303837315 29.492804403297274 9.62205362466358 54.059301453978826 72.34631625251907 18.85507782719259 60.4282403550079 32.96836555421583 48.9948824163828 40.1672015182103 30.44907989200456 62.41570583783593 33.96489934776411 17.50881236856014 42.71030228033947 26.49032239762084 32.13283348883767 36.464491831203645 15.456720926041982 15.64753571636212 0.0 31.398126892181836 31.18757289897838 42.91401598486933 70.2311463358998 14.226131961573223 32.44483225475383 32.104383295284194 46.57125830005712 51.094408806256766 27.80479088360508 64.47278636675341 23.572429060411963 16.024960099957692 39.573847306102934 31.89583105037553 31.492787712324557 35.30665722090216 33.2295731424563 105.38827983586383 84.19976125048647 73.94090675338254 78.99153890822895 96.98874355593868 87.77413798323343 60.979212034286576 46.12420744461346 54.14087121167951 78.29328559649251 76.75959028404864 43.85028151497533 18.668364212044406 34.19088476341749 66.21460204930035 75.29939807576743 41.26562068087185 11.426109359335717 30.872527032064664 64.57958114546517 83.89401613729717 55.30361382386086 38.38749159091771 47.78635129490819 74.08304313447971
7.359896298375479 35.6151324052585 2.851450475197573 29.9709336168101 85.39320002581566 52.29970659963323 14.032652032193083 49.819442790910614 29.467610864055715 58.92760968321701 68.80868059066813 10.693930959926984 48.30028925440613 51.069964600072346 34.737207677983115 53.64913654159638 42.23364692444992 61.887519607165345 33.700443820701814 38.861874612981474 34.618407609292895 31.398126892181836 0.0 38.15091972174757 73.15537710734799 57.71152874407833 17.255871720698828 36.80294671081827 32.767299477347706 51.259343892619036 79.90915987972353 3.6119574549118374 54.871970070827615 23.643927091138192 37.263113707603424 46.29880420453305 43.537245822111686 61.63102090430638 39.73465686803423 55.39445449847062 84.20286803263677 72.40235192968548 76.08436896448117 93.43615409302386 118.60249421883151 61.66486898336489 44.55002352192371 50.61294387537678 74.38717995936399 104.40331392456659 46.02836054090765 17.78236219949279 30.14406303875149 62.417676721638884 96.32298737987594 45.14842974839957 15.385688709106097 28.8081478906674 61.78956717957184 95.92102532294773 59.68142797004837 41.787919032247075 48.22249631990547 72.79704504435561 103.28713387293323
32.20846128054983 31.629376196138466 35.31682883337338 21.57839970119967 67.05581133977358 50.192828754789744 27.290217692610778 32.806590920996356 11.65418569588259 21.041617503569416 42.91908621943988 28.60175383857073 36.87357941196042 15.760656694036197 14.320865571360699 15.504183436430166 10.23121526634432 40.180711939003075 10.834233594747019 19.84572723415661 16.32525504221284 31.18757289897838 38.15091972174757 0.0 50.52181328853774 42.620700247336316 31.886901380656653 2.913390664498227 7.22271769224457 15.671681706986067 52.65014548106154 36.34746011723164 35.79540203513279 14.655380521667743 17.631328802183102 9.0214203359123 6.522937668594541 41.08411825075846 4.322272405671443 23.605570193450657 81.50871013802737 55.26211529736175 43.1155517296123 55.306582521663 81.5690087872632 70.59730441732535 37.54269860515471 15.158461143393593 38.01254487771092 71.09836910953808 70.12115793676517 36.64787844883077 12.80657608239053 37.14567241135463 70.64308004733789 80.26621864420896 53.42979993922522 40.763254572098724 53.510410773199894 80.37354623617951 97.78015851698997 77.09991660478416 68.72114971002533 76.78253207426316 97.2793892980098
65.86699826496738 38.64233857281697 70.81667447867295 43.46097038328096 17.362223351702532 100.7058138533531 59.30435691728847 82.20739344036859 60.536187931890076 51.575351908438094 8.871876603905596 68.99956288421917 87.03551073408627 37.40895838515709 41.63359936942734 47.909519105390586 40.31826219484217 11.380905569259147 61.17594584544649 35.65205722128049 40.71572806231011 42.91401598486933 73.15537710734799 50.52181328853774 0.0 91.52963198448779 56.73055691204803 53.400399051224184 56.802999530431464 57.5221609271681 11.068968220306807 69.71566374669362 84.14340308920875 55.903542303470346 37.883223470726904 52.51075460125909 45.162878978836176 11.531537859795948 53.95367097322062 28.479520237908897 131.4494401326 102.08863776699465 77.20107234009416 62.3915230013169 64.96291002185117 120.7634342452189 88.0439140751821 57.571580565730166 35.66616465419921 40.30503743993674 116.02166802896221 81.48176539426238 47.03596986056153 13.429093756733774 23.30562994191906 117.94354987646621 84.17122944819349 51.5146186502269 24.850777884015887 31.24438425210492 126.22496487917702 95.33235799598219 68.10713487348333 50.83022505997812 54.07077176221333
56.942039897133284 72.0254153236593 56.06972355097054 61.18724933464416 108.6347653967801 17.698598618554556 56.88621861534569 9.915968685452462 37.263944452618745 43.30382720038641 83.16536109596471 48.205405168967886 9.473856582166018 54.15002564066909 56.044617911253496 44.605165105055285 52.461202345367894 82.0566439223363 34.04412578994131 62.17438529422696 57.93159708459632 70.2311463358998 57.71152874407833 42.620700247336316 91.52963198448779 0.0 64.0012915967107 40.13906798855129 38.703970298827386 34.626135351787234 91.26865444441776 58.76572169368623 7.547584871752814 46.831285038772585 59.80966573635994 39.018877544962564 46.751435466569646 83.15916322113621 38.51968492254616 63.10632556150885 40.32058234680992 14.74692603595462 34.699346041496895 67.71608173350612 101.79263802587958 40.08664269026946 14.100850513743548 34.43224848850741 67.58088616192553 101.70360514975575 56.518110779930794 42.090699265777786 52.381073532889545 78.17126419041807 108.961167420066 79.92329250806964 70.25497037874351 76.67168088056148 96.00046897191974 122.26361290697983 105.76892016613323 98.44315521358239 102.90631334679111 117.82626203903986 139.89642919183117
10.887049417307253 18.504568596014135 15.57283862355098 15.316399001067454 68.28543341555206 62.99817168840746 7.217442462765303 54.719244475628656 28.401581039952845 52.47601291551553 53.18880875969797 18.46198128186716 55.27630391127129 40.53898678098174 22.585970680708556 46.42157576919529 31.7486184982946 45.666741561543006 32.72099791244557 24.57636281768922 21.642799854479634 14.226131961573223 17.255871720698828 31.886901380656653 56.73055691204803 64.0012915967107 0.0 31.8743813047559 29.531907540753874 47.30625550696746 64.26772325612373 13.645874047785274 59.34407098871778 18.831921561608766 23.692134581718417 40.905789587842776 35.26889464876876 45.21692661123847 35.084206714048555 42.60975626343519 95.95621250539372 78.58046336896832 74.41055389764038 85.40327068252431 106.98249182541703 76.10574969756173 52.82746645207577 46.73553442785632 63.02770848454374 90.30828747506725 63.0304106124049 31.435539237210293 19.96000222567407 46.94100922593508 80.0210166264035 61.236763252381294 27.70105091284528 13.401778972912014 44.572632270577024 78.66818814049527 71.57809301097197 46.1326256079989 39.08760318643279 57.639293293492365 86.66926427818602
31.21393317846182 33.22420604546744 33.998751194340194 22.833504055775872 69.88222830431468 47.332521742515674 26.750966977804122 30.274985778553155 9.094030686062737 22.124742353285228 45.82742356882905 26.911555840967342 34.14388569573288 18.536192840231813 16.20338925143437 17.051884874560383 13.087422191131136 42.99942958162807 7.924359638216022 22.0829034361308 18.177261593148394 32.44483225475383 36.80294671081827 2.913390664498227 53.400399051224184 40.13906798855129 31.8743813047559 0.0 4.664124289955372 15.45002903133834 55.55981914838419 35.229573416466046 33.45936876096739 13.775239945641593 19.77215974691636 9.544180209889191 9.268149559674653 43.872032432166385 3.2132434674506682 26.502943666744233 78.78059277708182 53.047290712189245 42.620032380923696 56.68984144800957 83.70082401722458 67.6839339425828 34.69400484578076 14.868869758671055 40.41463671701196 73.75942442416755 67.45193325273665 34.243397576966665 13.795220869628833 40.03569436451704 73.55444507836629 78.18138362929687 52.161535141369875 41.5228060501359 55.877381546036325 83.15792677990413 96.27420206689895 76.47373179399985 69.44422953237114 78.68627623104159 99.77634393237769
27.59440622129726 33.47743930320404 30.007088783257796 22.712743080252366 72.9701841281202 44.31521543549059 23.7602833490849 28.79178234716713 4.448735470464529 26.320879528594052 49.516121067405734 22.612496673501706 31.88220864087689 22.97570418683045 17.480815411775666 21.546919109914516 16.656869369299944 46.11476261929088 4.743625838570419 23.826198014701895 19.30091136688862 32.104383295284194 32.767299477347706 7.22271769224457 56.802999530431464 38.703970298827386 29.531907540753874 4.664124289955372 0.0 18.645420379525167 59.50907666488612 31.440261075751 32.51513233147522 10.763802433302223 21.386424579878266 13.64011858775787 13.745084955279438 46.85571474405224 7.0680645579850445 30.6117063442609 76.34973144801617 52.25644007526988 45.022273567919406 60.97614497577469 88.34020005263208 63.991494668498156 31.816522681290248 18.014437022781213 45.073250017062165 78.31682381837442 62.899064313039155 29.5794670152811 13.727681084784003 43.55232908405722 77.45975271652584 73.57602947296678 48.152929898115914 40.234323620706 57.56492449007491 86.04338359371489 92.01221462596871 73.09916395765586 67.93741566746726 79.26071958932788 101.70445140977705
46.23879594495055 46.57918798605863 48.54321957416968 37.038544493827345 74.8203244126197 47.09823072666516 42.13598856357656 26.22401813069583 21.841240390736925 10.26761325508729 48.934188390131546 40.84661863137015 32.23042556354647 20.300819192905113 29.211365349924314 9.979285253729298 21.758096390508065 48.88357681111414 17.885083708349516 33.625526886584474 31.181750446789852 46.57125830005712 51.259343892619036 15.671681706986067 57.5221609271681 34.626135351787234 47.30625550696746 15.45002903133834 18.645420379525167 0.0 56.6650834118162 50.06732571672081 27.090082549234193 29.094153678231137 31.812752203137364 7.0318517826161875 15.474818260432313 50.2121341324467 12.237016749918087 29.082631624416116 74.94310307292113 44.58488065291399 27.45895226914467 43.76089726036894 73.96538237990308 69.63324161706517 35.03115819024452 0.6558668025110413 34.183807415775604 68.78582432942542 75.32265628009888 45.214174778495874 28.460132537092957 44.39003467749607 74.33579019987322 89.94756361073297 66.62719720204997 56.414487952215424 65.73277213088856 88.62162292353369 109.99925069626623 91.71493969822315 84.36906797095497 90.66070568245627 108.23724837591683
72.5505155316287 46.97922290368029 77.39531796590246 49.94071171342308 22.961294535558835 102.11917078225088 65.88422502324303 82.45270622372527 63.61191076662868 49.142304245286 11.108523361809212 74.565134656552 87.83936988672062 37.77928548845633 46.43907299230833 46.703414622023196 42.89925423285324 19.122976970804867 63.48394068759922 41.22337529293043 45.94564841966349 51.094408806256766 79.90915987972353 52.65014548106154 11.068968220306807 91.26865444441776 64.26772325612373 55.55981914838419 59.50907666488612 56.6650834118162 0.0 76.62100662093503 83.74566111509324 60.54114063293139 43.12792596415749 52.746409669401395 46.596377027328884 20.146927378155993 55.47230248937342 29.11965427289744 131.55682774661238 100.57989495568643 72.93993808067783 54.027371053319506 53.96741644431642 123.20093183736802 89.48278174991087 56.83933785448877 29.139250165624574 29.36536986644618 120.91314888976586 86.3355410859772 51.793009560924894 17.494574266398352 18.01273224052813 125.02716065641498 91.95824822237847 60.627409441209295 35.914913072396516 36.04044995454112 134.95856952713768 104.95042530272141 78.80452876074648 61.64820709484389 61.527512766809664
4.358179434691865 32.033374976168986 2.894328619701685 26.692398691521593 81.82161013088047 54.34660032781041 10.888756760222087 50.50101624789941 28.49580860220833 57.302969917400695 65.51419042703807 10.710400441316253 49.444156216243115 48.62693434891187 31.871434221063783 51.83741955628254 39.726217409906575 58.477520280658155 32.857708838257636 35.707161592477945 31.625515240973527 27.80479088360508 3.6119574549118374 36.34746011723164 69.71566374669362 58.76572169368623 13.645874047785274 35.229573416466046 31.440261075751 50.06732571672081 76.62100662093503 0.0 55.49853058886412 21.701596591414077 34.20566404988277 44.77183058902266 41.43725116959905 58.186113315946784 38.26495739417993 52.57369574382241 86.58980841367696 73.50394423421386 75.5156684360735 91.63598640760517 116.13114694988687 64.63344824240009 45.96729625656816 49.42992984851949 71.89199921165856 101.43183465542184 49.59089854165377 20.261715744473094 27.507568944682326 59.14089017897048 92.91648266328274 48.40678329517707 17.191905505364346 25.352675050660675 58.1790874879756 92.3130861847664 61.881884277580006 42.048452680340496 45.84320943242488 69.4978419550029 99.76533931165994
53.21651913499713 65.99174705171124 52.951646367826584 55.20594429738278 101.29750566746058 23.121273505178777 52.3922688519576 5.09347724651975 31.652782614781298 35.79568598801489 75.72986758050534 44.79511265530598 9.938375836907664 46.73994263288193 49.56851812673196 37.06764451029318 45.42237949566644 74.81245305104926 28.01562212084796 55.54093496931429 51.50011279452347 64.47278636675341 54.871970070827615 35.79540203513279 84.14340308920875 7.547584871752814 59.34407098871778 33.45936876096739 32.51513233147522 27.090082549234193 83.74566111509324 55.49853058886412 0.0 41.440544368883735 53.22667984575304 31.654366472977806 39.573933471145274 75.95607613629824 31.593986337461317 55.68945927026405 47.865457820052846 19.743735347683543 29.721657125961706 61.41488014152113 95.15801010304814 46.13776870288002 15.129350512997346 26.90636974556418 60.115390364597715 94.33249453016559 59.74442612607226 40.69862189622873 46.24049240245599 70.81534009730645 101.42122849687476 81.32114217094436 68.3533113126676 71.59599826525448 89.30041189245274 114.96914783793513 106.11180557807687 96.31259923853389 98.42353771924587 111.77183588712708 133.01642127319997
17.555030948422832 25.91836388878248 20.79468703279652 15.3163990010674 70.78827890714912 49.156627668937794 13.05446316382486 37.14047268286151 9.839917349377469 35.665168351326805 49.791461865507 14.906344123004216 38.849316035169885 27.827266452431648 14.281209756472029 30.136052368022685 19.305256056990185 44.631931967713 13.977912159448795 20.393003618929765 15.262320710388622 23.572429060411963 23.643927091138192 14.655380521667743 55.903542303470346 46.831285038772585 18.831921561608766 13.775239945641593 10.763802433302223 29.094153678231137 60.54114063293139 21.701596591414077 41.440544368883735 0.0 18.05621637185103 23.274831109074277 19.904756628710587 44.95786880021657 16.936203271634948 33.35349289658777 82.07647274880637 61.04532205774415 55.77911730661903 69.93484915522268 95.21161137518713 66.2847047512278 37.48544385596338 28.48674904231957 51.11429539577595 82.5147712185015 60.39133833869619 25.796607375345985 8.869642475579242 43.436511865475005 78.0361773042636 67.05926478826659 38.82644805109837 30.213889135759924 52.087456065442645 83.11537171881635 83.32531008865755 62.69923937085706 57.567982014224015 71.35643704864292 96.25071574709091
