0.0 14.622091099317824 59.28939795129859 86.44942900676453 71.14308309792443 41.928292089200646 34.165861708395695 28.59703846986989 35.75859653145995 35.92909238686087 66.66484592426272 43.256860750866664 32.60773898413525 62.40146715096078 43.97086718193577 62.65630512910362 29.191046526153087 37.61920990493066 57.271576940555406 47.57310811404026 4.712183119244709 11.912574941238528 46.37134200947758 79.03808681513631 62.5605742542369 36.956494189814045 35.919331577604375 96.36215185994799 29.625453369341084 68.22943848455316 62.63007919507406 45.070986149439435 40.49682612404459 55.84119458692428 14.849912412866976 74.6648576299512 52.30839714167691 11.309197881974452 48.54941409236473 60.23883197770515 72.55032932085312 38.64223127489602 10.851083892202215 33.721243093829685 67.46369898214385 73.8836777424513 41.06916370397723 17.58985621195353 36.427713893005304 68.84331558709843 85.12051684990325 58.79599902151351 45.423018483717804 55.35653268633259 80.37571031836448 103.07066416274773 82.48636498259043 73.34294674549578 79.68139117916493 98.55865865481015 124.87106551941768 108.29393796526026 101.27696670474329 105.74083393629945 120.41543475850796
14.622091099317824 0.0 63.52094715427224 79.147733875579 57.640024432296904 33.60798594143822 46.21508425746466 17.708406930445047 23.253183501496988 42.180690417108984 52.62398079252295 34.018381285889475 34.027263351295936 47.991791577887966 36.63524816995554 49.909827610223374 31.741038042300815 30.33730364718598 65.32601508992731 33.66895447353536 14.890587585333028 11.534300773072667 38.44849500349282 72.05502239153452 47.93850597620127 29.47052909630111 46.50700043459686 86.71084899111389 19.063302781032675 63.05358009207397 48.05289103251002 36.188380589584476 38.7514695497239 41.407851884398205 23.606287334414613 60.53987462119193 54.185192669880614 6.239850687594159 49.64168906993396 55.68151146024178 84.99983218484213 52.089531080756835 24.42361930178541 29.57284677504129 59.560385391089405 82.77041557272206 48.40171612204846 15.14476486622482 22.60210237975888 56.45528771472187 89.79856241543999 59.53505210943913 37.68146848133524 41.11196570463775 65.994881628631 104.22774308943985 79.4879814364558 64.56029836412489 66.42666051551916 83.97467772960762 123.48968926760882 103.26818094059846 92.05228320505385 93.15374551981824 106.18996928983526
59.28939795129859 63.52094715427224 0.0 60.54902365378675 113.30598544349442 48.15848892237867 39.10784082650386 55.99325065789775 61.201434677677 23.70254482363984 106.01414743309762 51.16167961244699 29.794058211424993 87.26611798924661 44.974703649852245 73.67899846334026 31.780219521446615 45.59331967550596 17.69361168996131 72.77287808671934 54.77784542661264 52.41290141041686 46.914816636570016 54.39647393901482 93.53577079075156 46.273536498040144 32.69524202006428 78.84831581066025 55.13085684138776 41.09071921739861 96.15675787317903 50.103627535788654 29.90154952233972 93.21479438005419 44.558322098412766 112.41417971671822 12.499368248102309 66.2637889454878 17.257774986860632 36.02771516950452 52.220633465848344 47.28949054309494 64.34601585873932 91.86585917516088 123.0165634755799 30.046276909070844 20.70776285694959 48.473624380131405 81.64203090318534 115.65465096840904 26.27805031788791 14.78226147180882 46.274689183604345 80.36809530481358 114.76744706485184 45.71955987387313 40.06768469278903 59.29068632412788 88.4317620481552 120.49810171889129 71.42776616331184 67.74543948576876 80.44705987737302 103.67632513174368 131.98711079921753
86.44942900676453 79.147733875579 60.54902365378675 0.0 97.69488725327817 45.54209119980237 89.17682508380474 61.69759672448415 58.888819332333874 68.71272615209634 89.4086851572645 45.330311559133825 59.30060688596901 63.51834621825406 42.75483152543595 44.78091972862171 63.00158495326389 49.17579373849758 77.90079713662938 59.15146359996006 82.3309396555581 74.59994266286779 40.72220058271166 7.53856954769909 72.89011969063009 49.956984033734486 83.41670655629078 19.292745345927024 60.27896081897368 20.907560563747314 77.00216252283977 43.06426445124481 49.15271858043261 79.43322553948303 77.89515223670037 92.00355182861489 51.84632874063285 85.11335610896614 50.568803345225916 28.723426142723916 112.57452490728697 99.00674764883792 96.57288246538069 106.0423514543437 124.73296316313453 89.4575264388486 71.93637566567064 68.86072034850767 81.87502076918057 105.16654790983293 70.2111950850033 46.152133558315676 41.53612901301778 60.953290802005355 90.00100204993961 58.77148734121786 25.846514542590086 16.638766296539295 47.75464808708423 81.72524655268339 59.8010091416652 28.089046114129417 19.91676692772728 48.98173102429718 82.44144357876064
71.14308309792443 57.640024432296904 113.30598544349442 97.69488725327817 0.0 66.84753029645933 103.79949643083708 57.61916532154405 52.161024504148195 96.47970740330301 8.315293552935536 64.33909896658867 84.66603869697028 34.21414430854475 70.7190934090245 52.92134009833508 84.1205078681156 68.21187305741334 119.86638393016752 42.387175345277846 72.4458940465788 68.08889600540293 69.92812392421294 93.57666394849414 24.80891875273821 67.42445969218787 103.60403156337007 93.09355047960125 58.33043193975105 92.90853695351001 20.69929995720016 66.17065062927585 83.6143945100587 20.378532717493602 80.8852553884133 9.248019944155764 101.49650814560022 59.8596294314367 96.47970740330304 89.34779578051737 142.5666018271145 109.60463631270366 78.07651785921867 50.73002047635431 38.025692784715496 137.6276780426436 103.16033451315504 68.83010742284085 35.04233120754462 10.639477562367436 138.2776801154003 104.01799414812935 70.09720546707179 37.447858970854874 16.909017961375067 144.44113959377893 112.00996170154765 81.38818117168493 55.64760867784142 44.3180829132488 155.46335748357725 125.7832272744976 99.34152292286487 79.44060211972763 71.74701061835073
41.928292089200646 33.60798594143822 48.15848892237867 45.54209119980237 66.84753029645933 0.0 55.20408839044259 16.369163558845784 16.09742341165482 38.41997094504876 59.06583578791495 3.1081504981577557 24.796832433493122 39.13024302865459 4.022057532547724 27.749017444491272 26.837762178995018 4.873839328228958 58.87610305527796 24.926959686116085 38.29413998087418 30.049578447819005 4.873839328228877 38.46650268654283 45.54061148216445 5.205520909124312 51.39332348577912 54.45206977615356 14.93211865975502 30.5892011936782 48.40479094404129 3.436662488898041 18.65737883506177 46.46961391115129 36.779080635033054 64.87435735998353 35.764887007333186 39.58330591367873 30.90086431234613 24.404781796198982 89.20125838873949 64.51199551961126 52.55027027518708 61.286740157235684 84.53045844373325 75.91943246685739 44.59638394774095 24.673007043715447 40.29292335318348 70.94451809967359 71.84772454378154 37.31888469050536 4.261100171065553 32.22528483188585 66.73556156972066 78.43407918486758 48.71772602236831 31.46051449335906 44.73193722644507 73.53205788041952 93.451224788678 70.22061128301297 59.35926533566097 67.16320281337825 88.84286432332244
34.165861708395695 46.21508425746466 39.10784082650386 89.17682508380474 103.79949643083708 55.20408839044259 0.0 50.94906519729307 58.842852069503664 20.51191747902988 98.41215582944406 57.95691614960681 31.500982748364493 88.48801645623794 54.648367348606776 82.33120819225073 28.609161223282968 50.44572674706959 28.41355562198979 72.44176832879901 31.699344600295532 35.94437515185048 57.522340492120605 81.8268201831495 91.1840191480147 50.417126864737575 6.475315122303625 104.30453924244539 51.09730536690542 68.31743442622948 92.23466107742797 58.552720124676995 41.1995099005331 86.51600009143334 23.088944095530046 106.15178102312552 39.82302680692344 45.092864653455415 39.30101228013684 60.49275455221551 38.78476273406924 9.853681533197737 32.93607363066432 66.83806953871209 101.21621816720798 42.11013362269157 19.069145142931678 36.72667543481841 68.76708900113569 102.48816429147939 60.40221662008235 47.13375600311217 56.47623461870728 80.94658817667123 110.95019664574444 84.43722064439562 75.30514465376652 81.28240004922843 99.68718808572365 125.15184992520126 110.52924662743962 103.49520130495937 107.70535347670071 122.00112204954353 143.3971705710015
28.59703846986989 17.708406930445047 55.99325065789775 61.69759672448415 57.61916532154405 16.369163558845784 50.94906519729307 0.0 7.994947149659723 39.40306633613671 50.7458713808828 16.39657906524495 27.058701634570347 37.53976946563519 19.84830201344186 34.25642975785597 26.791630411391097 14.116240599192237 62.508454677904126 21.508239728238976 26.049529878865794 17.80869547032837 21.23872477831015 54.7440678772561 40.77320814008288 13.170758036393199 48.92869652170169 69.04781898986292 1.4373952237996754 46.73332934231759 42.404186043777415 18.634497945120515 27.068159318182975 38.02544541883827 28.758837600823284 57.761631194416836 44.68438975026721 23.89061477599992 39.70193577541165 39.97945134667244 88.37085281896236 59.034418533509346 39.44037953877974 44.95387111485604 69.86403611017384 80.24388148029232 46.122935729698895 14.505939772692493 26.236840132731782 59.675570166535664 81.5895083283557 48.40549394162173 20.59572841513468 30.002073678883434 61.407760356104866 91.99291947746337 64.28335803893023 46.87020860237974 51.53732856655028 74.23065043911312 108.88767290236234 86.57365280233687 74.3519840214698 77.17632938485917 93.69579620914394
35.75859653145995 23.253183501496988 61.201434677677 58.888819332333874 52.161024504148195 16.09742341165482 58.842852069503664 7.994947149659723 0.0 46.40065266282339 44.81659994864877 14.616800295461333 33.43746202208597 29.678413333742885 20.10731302602824 26.92263026398932 33.73267002665851 16.248490579730053 69.10641619122129 13.613656882315635 33.61896638078517 25.564123569152404 20.421925777586058 52.383815115889135 33.51438559868843 15.40062381998122 56.626935378342395 64.2252228788428 7.750143165730476 46.23867122364997 35.51611411524575 16.941794607516478 31.453690601399256 32.01481587345235 36.75372430685604 51.39711902095126 49.33634098124936 29.45359653672134 44.319034569214644 40.459484913800225 95.9852655865554 67.0128516605239 46.50903658231271 47.225795906430946 68.5002060813951 86.74858706876824 53.088399359960476 22.500855431543297 24.27031940836721 55.37741302821543 86.15738226334419 52.125757837971584 20.14810827714108 22.128023622359084 54.48122719830492 94.37430021076442 64.70608590594368 43.15170423828656 43.95548449505165 66.30929549334849 109.43251127687242 85.01554288785765 69.81815357488622 70.11612250208016 85.7480654641314
35.92909238686087 42.180690417108984 23.70254482363984 68.71272615209634 96.47970740330301 38.41997094504876 20.51191747902988 39.40306633613671 46.40065266282339 0.0 89.96481907632368 41.4462961444089 13.663189825221291 75.49003766882275 36.91891124374132 66.16891446255413 12.669186850048646 34.13388425003889 23.473117736595754 59.65477427922536 31.578201886107045 30.6642647942088 39.679271611415594 61.40141432852682 79.91167587816564 34.39083615659819 14.756420488297135 84.22330683900667 39.01443078432144 47.831070329504726 81.7580063928646 41.48309936386656 21.794551101262524 77.33988459491208 21.08568481159302 97.12928715564897 20.1970496121305 43.918421616556245 18.929623732810615 40.080972528131085 50.784707952457325 30.306645093057924 40.65385768188936 69.1506817360481 101.51716434519653 41.202804366812806 6.720538217062414 28.06268978983472 62.64756867293418 97.24595385461859 49.20268784922137 27.600040536691115 38.69703209879674 68.02939554612051 100.76396842392468 68.9111424264029 55.39171032893171 61.50229772939438 83.01577385404696 111.33507901429141 93.17221463091883 83.45341068186825 87.42196794361429 103.51544692660731 127.21247411384269
66.66484592426272 52.62398079252295 106.01414743309762 89.4086851572645 8.315293552935536 59.06583578791495 98.41215582944406 50.7458713808828 44.81659994864877 89.96481907632368 0.0 56.4760174333996 77.78186407193785 25.9749201584622 62.88547657700577 44.62933700216174 77.46382807632405 60.66482122430349 113.22539327740544 34.38535119783967 67.51456469126809 62.49265301148756 61.985378550900535 85.26226265089227 16.550923186549188 59.907642308645734 97.82207991288269 85.12517711631904 51.3490940090398 84.67507684415874 12.407082904291755 58.242854941958065 76.20134155851386 12.803518765415477 75.35498343774488 8.075505756350974 94.06017269146302 55.53738318708913 89.05307779216871 81.24373940578684 137.063227578811 104.70537766941526 74.39706264449299 50.014485980703306 43.160094384832064 130.97392117623374 96.6750966912872 62.7122847543152 30.239660134028597 17.055599612595465 130.72213595750546 96.33685393212303 62.19447981675364 29.161078715839615 15.080948319523799 136.3402308350126 103.7659153684208 73.08142480736888 48.05462438435629 40.89525659204943 147.1571505052509 117.49772730370569 91.38363908345059 72.73917556206568 68.01301663790677
43.256860750866664 34.018381285889475 51.16167961244699 45.330311559133825 64.33909896658867 3.1081504981577557 57.95691614960681 16.39657906524495 14.616800295461333 41.4462961444089 56.4760174333996 0.0 27.802596730338667 36.10562633963546 6.432279736773166 24.737685022513478 29.72621940552125 7.5171339109725075 61.98423398974047 22.191068943922783 39.833672967683796 31.482311263255205 5.880527481732578 38.46739938712976 42.6783958847211 7.573751892524714 54.27256375954199 53.180644635192 14.99411288482992 31.623697924510985 45.629536009238855 2.354646894011008 21.75059295886435 43.967460118712346 38.99609232144994 62.134756700242626 38.738314322378095 40.1230663539677 33.90603504840037 26.0117517986196 92.23100404115547 67.18149677360697 53.99024594502736 60.92074813000543 83.08144314371606 79.01840343512295 47.66013287694171 26.342167947239638 38.87380506944803 68.72610123521676 74.64226139389955 40.06525176556003 5.816866582965939 29.279716518704742 63.840598264365404 80.55602936608827 50.14578867885913 30.57389424321572 41.83016290212972 70.42441820669971 94.85397012802892 70.70758995758823 58.28069314527037 64.71864799068295 85.8787278075354
32.60773898413525 34.027263351295936 29.794058211424993 59.30060688596901 84.66603869697028 24.796832433493122 31.500982748364493 27.058701634570347 33.43746202208597 13.663189825221291 77.78186407193785 27.802596730338667 0.0 62.07162418652518 23.533247196223737 52.5369348548057 3.8404384748939644 20.47077059477982 35.6696061648892 46.386847977914215 27.89683217943551 23.458807303267843 26.35861389970555 51.78769093315555 66.88244919156185 20.737313276789894 26.96504090589736 73.22286124526377 26.437505869760663 39.01169734028131 68.95137365587314 27.922585381263684 10.163069265192917 65.02853293850453 19.912572136564204 84.67732344954511 20.276442484577895 37.432858632459734 16.06642093146946 30.823797747619505 64.43756497800088 41.22267647957707 40.51229195413093 63.07146747951966 93.32524678483081 53.32434038798798 20.065100864480538 18.883434914841278 52.01358286311883 86.30813598318579 55.98674820099888 26.28625829282667 25.342967045104167 54.666367951068686 87.91703358171151 70.88917592600698 50.6396075976829 49.98274691062444 69.47654753044121 97.72674588205035 92.28030808724891 77.60611114268556 76.97080335909968 90.66997027653936 113.63241309052721
62.40146715096078 47.991791577887966 87.26611798924661 63.51834621825406 34.21414430854475 39.13024302865459 88.48801645623794 37.53976946563519 29.678413333742885 75.49003766882275 25.9749201584622 36.10562633963546 62.07162418652518 0.0 42.33978376965191 18.82348984706982 62.91482417476051 42.23548098450808 97.44122220984426 16.06527444869616 61.39044213132602 54.091638495144245 40.66384814581864 59.65240629957635 9.427039078186931 41.734342663604586 86.28347999464907 59.55772212596653 37.426484956456044 60.37859791535205 13.609371562446148 37.24365484539636 57.701011072070564 18.155111210982046 66.09509076436517 28.81126977015001 74.82783993416503 53.185707523695775 70.01151557200363 58.10060762923143 125.5705282686421 96.47273282675933 72.39339695270709 59.744496000127 65.5193927022769 114.77984887354786 82.08102536386387 51.91348944122507 32.36604226292133 42.36679882298389 110.25291480034055 75.68324969096457 41.17107525226165 7.550806772250433 28.527636078781626 112.7470201423409 79.2402986910727 47.33923104600925 24.4504423179679 36.73539080203109 121.83159602193358 91.59953587848194 65.82412132944619 51.67163359365867 58.325837176418524
43.97086718193577 36.63524816995554 44.974703649852245 42.75483152543595 70.7190934090245 4.022057532547724 54.648367348606776 19.84830201344186 20.10731302602824 36.91891124374132 62.88547657700577 6.432279736773166 23.533247196223737 42.33978376965191 0.0 29.667505072966346 26.049071586258286 6.422363049155632 56.45281177236504 28.622807265408525 40.092034967436454 32.060623468978385 2.8808846880741292 35.51511364739052 49.084099179373304 7.211392735775642 50.45729032635569 52.81708432950326 18.417307639602495 26.89336631928255 52.05931012653413 5.134130893489109 16.096691555287293 50.341816854072924 37.53362639435076 68.56683215092951 32.50571458173232 42.46593974897753 27.751169523299094 20.46110391813132 87.55783100291153 64.15251361819148 54.40140121126454 64.79410560573972 88.49766101608665 73.24013159899485 42.83027640731394 26.449743865132685 44.26721130819635 74.9294582682707 68.2262935767464 33.640111162107544 1.8279476650264808 35.635376751514265 70.22302421334004 74.42140199940667 44.80244182547231 29.509486883091196 46.14323507822708 76.04224993683653 89.52776217816779 66.79212176267441 57.46254727402249 67.36089837844007 90.37602780695303
62.65630512910362 49.909827610223374 73.67899846334026 44.78091972862171 52.92134009833508 27.749017444491272 82.33120819225073 34.25642975785597 26.92263026398932 66.16891446255413 44.62933700216174 24.737685022513478 52.5369348548057 18.82348984706982 29.667505072966346 0.0 54.405433479470446 32.17376954360138 86.0845456303115 18.25545394454698 60.30456469508224 52.04020239241228 27.215578723042796 40.83745021872836 28.129567340819058 32.062997132698904 78.90768019476008 42.73590026445749 33.4407718174253 42.43082471971919 32.22412555820029 24.775944966620024 45.756094646854685 35.05947267970653 61.97876554822982 47.576474134551226 61.2176341308978 55.99372544636091 56.78345720934342 41.2984427923461 116.94975145997377 91.30758692762407 73.42797433195764 69.5774411796721 81.7626696659376 102.66740084342786 72.3136001511164 48.09094927730723 42.320717191877584 60.532370436932325 94.79350078260771 60.735163220701224 28.045733937508317 16.709793914602418 46.54806239993015 94.9366694459023 60.95632696424404 28.51713077047953 17.482278364767406 46.82823641052297 103.06349443266613 72.86972249859957 48.915524442331986 43.24673524108585 61.17721136040131
29.191046526153087 31.741038042300815 31.780219521446615 63.00158495326389 84.1205078681156 26.837762178995018 28.609161223282968 26.791630411391097 33.73267002665851 12.669186850048646 77.46382807632405 29.72621940552125 3.8404384748939644 62.91482417476051 26.049071586258286 54.405433479470446 0.0 22.237124509063413 35.76687582003869 47.02591338744591 24.482367693549207 20.736257383588093 28.919222111073864 55.47859036499205 67.242607059875 22.35442119317894 24.55563809199446 76.64665497102803 26.36291552934963 42.799417451301665 69.10249188025833 30.10919546234066 13.853579486099118 64.79015969586958 16.120660880305707 84.55036333625984 23.233501616009967 34.69463408881632 19.359971719045056 34.60210848079471 62.91526360300402 38.19269906740508 36.79492928088693 60.3645928542076 91.26189791237962 53.524011371710884 19.37033987393125 16.746767842473307 50.799136728233805 85.29656642744904 58.05817045125526 29.605691941015497 27.876278764762443 55.43032494538026 88.10674782564534 74.00064603198825 54.42898448644384 53.32669458859662 71.55250955606837 98.94741105837875 95.81614178606726 81.44410798482724 80.50021036666845 93.39248608883919 115.58010420940077
37.61920990493066 30.33730364718598 45.59331967550596 49.17579373849758 68.21187305741334 4.873839328228958 50.44572674706959 14.116240599192237 16.248490579730053 34.13388425003889 60.66482122430349 7.5171339109725075 20.47077059477982 42.23548098450808 6.422363049155632 32.17376954360138 22.237124509063413 0.0 55.26370913948545 27.20904323566213 33.82333402746035 25.70700037449585 8.766256140810498 41.92163376103652 47.98529400444542 0.9476071921684013 46.7700386268767 58.937538470344506 12.734251589950835 32.84725917732545 50.563987101193476 8.309852972764173 15.698986960795011 47.916692452604536 31.93425836887857 66.86282021939572 33.43732663054312 36.10053767003165 28.452263923146457 25.88361253085149 84.89661952166647 59.70064032089925 48.12178078226165 58.83922160905015 83.68519042172086 72.54467331636286 40.463829015926756 20.16828478674797 39.636402264868956 71.62524330379571 70.07420468140678 35.89181027755799 7.804047034620171 35.04907241427762 69.21578595909108 78.42480313824917 50.16859802144844 35.7513075626485 49.33814997123671 77.36394106809016 94.77776909660483 72.96060284200871 63.705951322025705 72.03069842955188 93.34435930143289
57.271576940555406 65.32601508992731 17.69361168996131 77.90079713662938 119.86638393016752 58.87610305527796 28.41355562198979 62.508454677904126 69.10641619122129 23.473117736595754 113.22539327740544 61.98423398974047 35.6696061648892 97.44122220984426 56.45281177236504 86.0845456303115 35.76687582003869 55.26370913948545 0.0 81.9596091557504 53.403543393949455 53.79682769160586 58.872577328019545 71.4928981592572 102.53622177254248 55.72190743516951 23.156039234792132 95.84105232847982 61.99667007481662 57.90848621994376 104.61761085448958 61.47289641817741 40.36120289738646 100.53211173498586 42.792891517824 120.2579537543416 26.973478920220135 66.46840513656754 30.192296380514165 51.9717981546918 34.67599466013235 34.151232484279525 59.37192745960855 90.98671263149357 124.20537425985819 17.761328965879198 16.955243088075317 51.520385356814394 86.11663209885697 120.71724366626333 32.299342546996 31.758294243949752 58.041115676486925 90.1320869374158 123.58663039659221 58.1870379107412 57.70262118580015 75.28776715036234 101.9887128645398 132.40068540888333 85.69004104027476 85.14903142791822 97.73765295750431 119.37192671624673 146.0868980903708
47.57310811404026 33.66895447353536 72.77287808671934 59.15146359996006 42.387175345277846 24.926959686116085 72.44176832879901 21.508239728238976 13.613656882315635 59.65477427922536 34.38535119783967 22.191068943922783 46.386847977914215 16.06527444869616 28.622807265408525 18.25545394454698 47.02591338744591 27.20904323566213 81.9596091557504 0.0 46.09358313032944 38.45707498630008 27.60665253139644 53.756511534077426 20.7763428092678 26.583147923245562 70.2247035395495 60.25619897335043 21.362856554437478 51.019331662119306 23.48129281364744 23.875503518153877 42.90218284303846 22.145710340643948 50.17625545703733 39.95290249709558 60.513003179661936 39.40136413244366 55.57020755842647 47.00230881600237 109.54276187709684 80.5166769055769 57.97462685640243 51.32234385620531 65.58743873294722 99.45916374618977 66.29341137723944 35.94928972329712 24.181198732612646 47.665010371496 96.77466253076946 62.23237741272605 27.843424427361803 8.514561889146878 42.00706178023582 102.07485990847324 70.12219674495725 42.54176450211502 33.12574192091036 52.72249642282902 114.25362148356201 86.76126676424741 66.30179573771505 60.490678181268635 72.91844415102001
4.712183119244709 14.890587585333028 54.77784542661264 82.3309396555581 72.4458940465788 38.29413998087418 31.699344600295532 26.049529878865794 33.61896638078517 31.578201886107045 67.51456469126809 39.833672967683796 27.89683217943551 61.39044213132602 40.092034967436454 60.30456469508224 24.482367693549207 33.82333402746035 53.403543393949455 46.09358313032944 0.0 8.414390800002503 42.58878000004197 74.88387134509759 62.25622066713 33.21691396417456 32.74428194288599 92.73191010722302 26.926503667775386 63.841570914866985 62.641636792408846 41.530344425859695 35.88875759951471 56.20137889648267 10.645466888419756 75.42540104802717 47.619415965713536 13.514825363494356 43.83937995052233 55.80346197560997 70.41664766964678 37.205014038776554 14.309865833973937 37.68530006196558 70.9256075849871 70.28407839527664 36.95580859392159 13.655132803586781 37.44388154392059 70.79884623608953 80.70867017349465 54.08616236403422 41.611979500647266 54.15368018570413 80.79916879489163 98.38967230068081 77.86441534089431 69.56986391602753 77.5359528433648 97.8695112350206 120.16482527596604 103.8181803515399 97.52697716369306 103.14783248079654 119.00465025293158
11.912574941238528 11.534300773072667 52.41290141041686 74.59994266286779 68.08889600540293 30.049578447819005 35.94437515185048 17.80869547032837 25.564123569152404 30.6642647942088 62.49265301148756 31.482311263255205 23.458807303267843 54.091638495144245 32.060623468978385 52.04020239241228 20.736257383588093 25.70700037449585 53.79682769160586 38.45707498630008 8.414390800002503 0.0 34.4614760013626 67.21381618046595 55.720668460123385 25.049254997437114 35.53386740847573 84.49977121500878 18.606930850800854 56.6931830788791 56.49441340407084 33.23260131552732 29.83419366317846 50.58605939553046 12.863964009280739 70.20877260742797 43.731255638310266 13.983219545183902 39.451430819882006 48.817560914621644 74.57709687011925 42.85990060186253 22.51762193111534 39.64795116015886 70.93462681085178 71.27126651240692 36.868003309310005 5.810311963509447 33.213304586934115 67.58210782021057 78.67161505269621 49.58515219883956 33.510953885988904 46.71309399504371 75.0737948892635 94.28981232828815 71.66045627039315 61.43820931389375 69.345990672486 90.76265514008269 114.81931940325175 96.89528999398306 89.37905685498164 94.77991271464371 111.23194402332491
46.37134200947758 38.44849500349282 46.914816636570016 40.72220058271166 69.92812392421294 4.873839328228877 57.522340492120605 21.23872477831015 20.421925777586058 39.679271611415594 61.985378550900535 5.880527481732578 26.35861389970555 40.66384814581864 2.8808846880741292 27.215578723042796 28.919222111073864 8.766256140810498 58.872577328019545 27.60665253139644 42.58878000004197 34.4614760013626 0.0 33.60989274265251 47.75894006344895 9.418409114965504 53.301094427158105 50.19450240157227 19.802120658363606 25.899690342104492 50.8841765326845 3.7703747136754564 18.592499169647052 49.583766268963416 40.31544514514318 67.42467827536034 34.416866089861706 44.39120377353132 29.782061923927284 20.131225012855165 90.2508897376136 67.03238233135745 56.8880325289825 66.13582229944056 88.91814504879049 75.50621538113339 45.516517091475365 28.93364913017113 44.69224466202506 74.51493387756469 69.63835064906729 35.041219327507065 1.062365343208399 34.19392615092282 68.79080569694815 74.76767838769784 44.292096708058196 26.985441062019195 43.46813001737664 73.79419167061712 89.012716965813 65.37139734240226 54.9396984424175 64.48345838823091 87.70779561772441
79.03808681513631 72.05502239153452 54.39647393901482 7.53856954769909 93.57666394849414 38.46650268654283 81.8268201831495 54.7440678772561 52.383815115889135 61.40141432852682 85.26226265089227 38.46739938712976 51.78769093315555 59.65240629957635 35.51511364739052 40.83745021872836 55.47859036499205 41.92163376103652 71.4928981592572 53.756511534077426 74.88387134509759 67.21381618046595 33.60989274265251 0.0 68.88068596816997 42.72650450355646 76.13297402759889 24.46565522208412 53.31555189404616 13.801628200079653 72.90270639958912 36.159448751013244 41.63401493851958 74.71822164087591 70.35979965674389 88.40715471439917 45.063809548311426 77.96015487716048 43.488780864135215 21.334149458406564 106.11654517296594 91.66788212957695 89.10656843772384 99.35623248706077 119.15553615766186 83.78347448806066 64.81426341289476 61.456403055264076 75.81340779701543 100.56459971718544 66.15144481622934 39.76812631072648 34.377723527651106 56.36475552496513 86.98837417262628 57.705296447314375 23.34514947929926 12.44768314255946 46.47308546130855 80.99015109402657 62.30082724208284 33.03671442573676 26.387483581024735 51.92318792374381 84.20557560581578
62.5605742542369 47.93850597620127 93.53577079075156 72.89011969063009 24.80891875273821 45.54061148216445 91.1840191480147 40.77320814008288 33.51438559868843 79.91167587816564 16.550923186549188 42.6783958847211 66.88244919156185 9.427039078186931 49.084099179373304 28.129567340819058 67.242607059875 47.98529400444542 102.53622177254248 20.7763428092678 62.25622066713 55.720668460123385 47.75894006344895 68.88068596816997 0.0 47.35653807248611 89.60192035962662 68.83483837415463 40.982679070861685 68.98394999760218 4.1996914674633095 44.140442347931966 63.676621851417856 10.506819461361351 68.28658178019856 19.99047972139728 81.24291351178765 52.39706836517657 76.31704785058778 66.16651251266417 129.08312998655722 98.56902808209949 71.86133313389603 54.83655858825747 56.963533706171745 120.10838460137971 86.60250402309775 54.48674166691216 28.852348177250107 33.029572157875506 117.30888869568692 82.71310933059416 48.12895043650687 13.645058152171705 21.232844385662442 121.11377521078248 87.97889219597951 56.629157156690034 32.684468044018274 36.39401744143963 130.94840783391246 100.97733903591873 75.10093405131731 58.98022894965804 60.9259742217724
36.956494189814045 29.47052909630111 46.273536498040144 49.956984033734486 67.42445969218787 5.205520909124312 50.417126864737575 13.170758036393199 15.40062381998122 34.39083615659819 59.907642308645734 7.573751892524714 20.737313276789894 41.734342663604586 7.211392735775642 32.062997132698904 22.35442119317894 0.9476071921684013 55.72190743516951 26.583147923245562 33.21691396417456 25.049254997437114 9.418409114965504 42.72650450355646 47.35653807248611 0.0 46.84607416601297 59.51827998155975 11.787278988362797 33.75878011518505 49.888428095219005 8.61857013111318 16.372078644977947 47.147729926920725 31.59049204306012 66.15442261659263 34.16587947362475 35.26361381168328 29.170342319458594 26.82332250650005 85.12088286355166 59.61233970399938 47.502710104882446 57.91540353833169 82.74473121355452 73.05403945240022 40.77364132297873 19.56869657118083 38.706909676279345 70.76978691666841 70.85397934957011 36.72589676751362 8.494093232581115 34.50160531169641 68.58152040516234 79.34585006446683 51.11314928834709 36.38918169803323 49.301313027363136 77.01879507365756 95.72487859074721 73.84920433850732 64.33452145820661 72.24215799479494 93.24001931590486
35.919331577604375 46.50700043459686 32.69524202006428 83.41670655629078 103.60403156337007 51.39332348577912 6.475315122303625 48.92869652170169 56.626935378342395 14.756420488297135 97.82207991288269 54.27256375954199 26.96504090589736 86.28347999464907 50.45729032635569 78.90768019476008 24.55563809199446 46.7700386268767 23.156039234792132 70.2247035395495 32.74428194288599 35.53386740847573 53.301094427158105 76.13297402759889 89.60192035962662 46.84607416601297 0.0 98.95859209689608 48.90093614058679 62.51794214843851 90.9319877988876 54.65374234205037 36.18681420632623 85.62387440380373 22.900839029670273 105.40059543741701 33.48695933459674 46.251980237580106 33.20859693556669 54.8243193555279 39.48739650713976 15.782248554328623 36.52059453835481 69.37779076097111 103.38109810588799 38.320431250510914 12.614017335952092 35.27921135141595 68.73851476334536 102.95725039124116 54.63001655741759 40.75766507665277 52.27578431635487 78.7346797725606 109.8196875809608 78.1480510794597 68.95806702322793 76.14507941406406 96.10250892011085 122.75207660040944 104.0976228142801 97.16491047696483 102.17824365097223 117.61987934256456 140.08264505168844
96.36215185994799 86.71084899111389 78.84831581066025 19.292745345927024 93.09355047960125 54.45206977615356 104.30453924244539 69.04781898986292 64.2252228788428 84.22330683900667 85.12517711631904 53.180644635192 73.22286124526377 59.55772212596653 52.81708432950326 42.73590026445749 76.64665497102803 58.937538470344506 95.84105232847982 60.25619897335043 92.73191010722302 84.49977121500878 50.19450240157227 24.46565522208412 68.83483837415463 59.51827998155975 98.95859209689608 0.0 67.74638366087667 37.93845770509622 73.02818102406319 51.29526444812768 63.19798806310409 77.24811913849099 90.12817008409361 86.05671661213005 69.18485976476549 92.9248579485205 67.17322140844442 44.57967967345479 130.3999958006874 114.1464948718527 107.00147434359116 110.74221674155484 124.39047978491419 108.22323852532257 88.23912697632817 79.08697465145681 84.36875872433716 101.8634242306709 89.50350673214112 64.17750301617912 51.199895483471686 59.320400626480044 82.52995693590321 76.81273070133258 45.02729962427227 23.44277619110819 38.29508754690966 69.12530387200171 73.35082592162101 38.889341948392726 6.266747693527019 31.00027889901432 65.4034893003573
29.625453369341084 19.063302781032675 55.13085684138776 60.27896081897368 58.33043193975105 14.93211865975502 51.09730536690542 1.4373952237996754 7.750143165730476 39.01443078432144 51.3490940090398 14.99411288482992 26.437505869760663 37.426484956456044 18.417307639602495 33.4407718174253 26.36291552934963 12.734251589950835 61.99667007481662 21.362856554437478 26.926503667775386 18.606930850800854 19.802120658363606 53.31555189404616 40.982679070861685 11.787278988362797 48.90093614058679 67.74638366087667 0.0 45.3053777721444 42.74359393254456 17.219328979099505 26.00680665384534 38.59103370563369 29.156173969354455 58.265300008590685 43.70628214889627 25.22344644058909 38.710194634071456 38.57828256855314 88.29238242525577 59.32554024430446 40.476150635442934 46.38902811918962 71.13641264405273 79.71070618429528 45.72764197811117 14.936186787573194 27.386383205360815 60.59529824019303 80.62535752799882 47.289761290130265 19.158387715229107 29.87666593723671 61.749781909609624 90.74960713140354 62.892163534265975 45.49915292417371 50.79111382529485 74.05482573213128 107.5119816216234 85.13651822023046 73.02313973443056 76.23177028103265 93.19301650175618
68.22943848455316 63.05358009207397 41.09071921739861 20.907560563747314 92.90853695351001 30.5892011936782 68.31743442622948 46.73332934231759 46.23867122364997 47.831070329504726 84.67507684415874 31.623697924510985 39.01169734028131 60.37859791535205 26.89336631928255 42.43082471971919 42.799417451301665 32.84725917732545 57.90848621994376 51.019331662119306 63.841570914866985 56.6931830788791 25.899690342104492 13.801628200079653 68.98394999760218 33.75878011518505 62.51794214843851 37.93845770509622 45.3053777721444 0.0 72.69527289471472 29.29837785696842 29.012443586581256 73.03368417353714 58.26422358601854 88.9591026481914 31.30373484981298 68.59999911652632 29.70586616708689 8.209421927496342 92.46524245865704 78.13519031202655 77.81475181521594 91.65098999953767 114.62727889104295 70.84447994094565 51.05526129436154 50.88367404684752 70.47315853657845 98.68431016947088 55.56962077573421 26.332632928811332 26.337787001798965 55.57694805155034 88.76239039423459 52.507699242556264 19.118604161476068 19.205120478076584 52.60233228887651 86.94841662737574 63.45223714444296 40.28646021921421 40.18258106747089 63.25432183958175 93.71449784749835
62.63007919507406 48.05289103251002 96.15675787317903 77.00216252283977 20.69929995720016 48.40479094404129 92.23466107742797 42.404186043777415 35.51611411524575 81.7580063928646 12.407082904291755 45.629536009238855 68.95137365587314 13.609371562446148 52.05931012653413 32.22412555820029 69.10249188025833 50.563987101193476 104.61761085448958 23.48129281364744 62.641636792408846 56.49441340407084 50.8841765326845 72.90270639958912 4.1996914674633095 49.888428095219005 90.9319877988876 73.02818102406319 42.74359393254456 72.69527289471472 0.0 47.20883160326866 66.25709807555286 7.940891996457325 69.2149805498526 16.544661962901607 83.95509630845483 52.130108838972795 78.99450675255434 69.63814967081704 130.41217206686858 99.33207462441439 71.56251019821701 52.63392513893257 53.04971893712805 122.26424004842609 88.4703866250734 55.680506556440825 27.721343716585707 28.835248759623514 120.25104744552384 85.69288450385108 51.19648795129674 17.138966819550333 19.006890063488996 124.67025590498184 91.73697370939756 60.69188790823811 36.69020912889797 37.46559635203798 134.89090827528258 105.09116621381078 79.29395984329446 62.65535645930881 62.91770890683536
45.070986149439435 36.188380589584476 50.103627535788654 43.06426445124481 66.17065062927585 3.436662488898041 58.552720124676995 18.634497945120515 16.941794607516478 41.48309936386656 58.242854941958065 2.354646894011008 27.922585381263684 37.24365484539636 5.134130893489109 24.775944966620024 30.10919546234066 8.309852972764173 61.47289641817741 23.875503518153877 41.530344425859695 33.23260131552732 3.7703747136754564 36.159448751013244 44.140442347931966 8.61857013111318 54.65374234205037 51.29526444812768 17.219328979099505 29.29837785696842 47.20883160326866 0.0 21.11732947360709 45.820845802685355 40.20659156892126 63.74217946034708 37.62888569342052 42.25876489487227 32.88469017564001 23.823684570356374 92.23108386641782 67.89619807384167 55.74951357735002 63.25279824450296 85.37340556223504 78.3336122182898 47.55259711061912 27.94966119340124 41.18199861551162 70.75005186751198 73.188479086219 38.5850910476973 3.9899180239651244 30.624892734353775 65.22808504484314 78.53542769183652 47.88128327874259 28.500174449298505 41.55407764145196 70.96521375471488 92.57369075745483 68.35662006638142 56.30416718106986 63.73761390683883 85.72980846884555
40.49682612404459 38.7514695497239 29.90154952233972 49.15271858043261 83.6143945100587 18.65737883506177 41.1995099005331 27.068159318182975 31.453690601399256 21.794551101262524 76.20134155851386 21.75059295886435 10.163069265192917 57.701011072070564 16.096691555287293 45.756094646854685 13.853579486099118 15.698986960795011 40.36120289738646 42.90218284303846 35.88875759951471 29.83419366317846 18.592499169647052 41.63401493851958 63.676621851417856 16.372078644977947 36.18681420632623 63.19798806310409 26.00680665384534 29.012443586581256 66.25709807555286 21.11732947360709 0.0 63.4166954523093 29.331802173884117 82.5209353747307 17.88292309928372 43.249325243811434 12.865348796043271 20.803633399076666 71.84231475436825 51.01076937044505 49.37296678310168 68.32343639585098 96.40178902243109 57.27139782801147 27.167336717745332 24.309724035225017 53.27953175643514 86.4945180270228 54.752389231383845 21.411815497689155 17.71892640007997 50.63899343530033 84.90882023075163 65.68689096581888 41.99189890455307 40.08364712683628 62.007299771340406 92.07572398218721 85.03392505752092 68.2096083933876 66.85135514972399 81.73388180776118 106.23804368204279
55.84119458692428 41.407851884398205 93.21479438005419 79.43322553948303 20.378532717493602 46.46961391115129 86.51600009143334 38.02544541883827 32.01481587345235 77.33988459491208 12.803518765415477 43.967460118712346 65.02853293850453 18.155111210982046 50.341816854072924 35.05947267970653 64.79015969586958 47.916692452604536 100.53211173498586 22.145710340643948 56.20137889648267 50.58605939553046 49.583766268963416 74.71822164087591 10.506819461361351 47.147729926920725 85.62387440380373 77.24811913849099 38.59103370563369 73.03368417353714 7.940891996457325 45.820845802685355 63.4166954523093 0.0 63.427516484779474 19.828262662576993 81.28376046344123 45.064893797449095 76.27359934138299 69.14612365770189 125.00224012176469 93.21210391743843 64.39139232879958 44.708224131939375 47.39428250791106 118.2693070685811 84.05730785763815 50.38336064560344 20.154033633309005 25.859952235239454 117.9894267695787 83.66669019826108 49.73506352505904 18.49024918392954 24.597832463939355 124.20624515667053 92.1517890359411 62.861241609323066 42.49637348959007 45.33398738805702 136.03162163143793 107.42930989404756 83.50015043232999 69.26945633887425 70.8449292753791
