0.0 92.72460089583475 61.185006254232654 81.09853864014762 53.735938454204536 43.16515821731332 29.866937381824176 43.92683239423098 52.09128190854709 34.48181758799563 62.680883374205585 16.428841966476593 26.14472389323824 29.765509392888077 56.71427816228746 62.9988204822521 86.26378701275098 47.830419540086 24.14166769774484 51.34941036855589 4.312202371547339 71.52197849422224 115.23337098716858 74.71056845834485 70.26006156354264 41.0923174462659 31.229563238558693 28.543343349424685 45.58792541591771 10.853022657255236 66.93406792983576 23.432648286356297 30.33010539440981 58.138336273647575 78.25281355778792 70.03830962583616 49.25678806259582 17.822619491864305 22.804828679459586 58.334225367030186 129.8029816351191 96.58596502360706 64.83608811659047 38.38519363643182 33.73370636016118 125.88471436235977 91.30286611772118 56.747859351944605 22.344570912427912 13.156530166244554 128.11415407353093 94.32538665568016 61.45050061437496 32.40205006748461 26.804198113274957 136.1895994629795 104.93813380826951 76.62388430861803 55.90375803679945 52.669189065795734 149.16417223109912 121.16225309449132 97.4954629676529 82.00714271720979 79.622296188737
92.72460089583475 0.0 32.350203950693526 12.720523324410763 55.096047186521844 83.28427378836216 90.5319384978987 69.02153414535259 69.82391590525475 107.10251738401897 77.70555975857785 91.86873775905954 80.93787620127684 88.98077401203383 42.378383811407566 47.8101407314323 9.106011122213292 58.81525575263857 89.80593870735737 42.6181831829232 88.423024283948 25.800323507931154 23.628913485925995 18.48485201703054 47.734730730460754 69.91991217099809 85.72966981185384 108.49569747470713 65.0135459585661 99.491705557361 79.1007963406344 70.8247716917983 71.85653108537448 42.43830768347216 23.13722527031503 34.29186346921455 47.03170367025318 101.674011147003 85.4317946946454 44.737847766399916 41.86850991191475 25.221340382542728 43.75044949623372 74.7457663241071 107.95646931521556 33.493774526624236 3.2813290798507824 35.979932516306164 70.5209061348545 105.10325920319052 45.81166206271985 31.28386729847555 47.47091233541894 76.96187286658534 109.48793277790914 68.43641449717057 59.49622175683797 69.21591425920344 91.85134717882998 120.32157735137865 94.21352901596036 87.71534032940087 94.3741273029074 111.86453402701504 136.07194835972254
61.185006254232654 32.350203950693526 0.0 20.07472178232485 27.35435724639637 53.28224175028727 58.70806833504086 39.05059938969425 42.14279828329752 75.16867582898313 52.94504020477553 59.51883855035434 48.79915149614232 57.161889158291565 24.107771553709128 24.698849400765525 27.864134744314978 29.11921784631103 57.62492738154197 10.268438129094253 56.93512897922666 11.772311854222352 54.092495077596475 13.874973879633185 29.554896046166817 39.34487031662682 54.05185586488248 76.21840436071606 35.23374716018018 67.34887937028503 55.59078474741424 38.657909606142695 39.73841217373672 14.656524282012603 18.88117850878265 28.451984769213126 15.170362007804139 69.33590612425581 53.18115178024951 17.847587927414775 72.78030820238209 44.82975047951927 33.42562816310727 51.182726894439206 80.72733905247784 64.85996181398593 30.48867069000358 6.867119513017944 39.49189178051709 73.93859343015569 68.63814652137671 37.806186503711416 23.286572625193646 45.27764722249644 77.15380974346118 82.52324511709395 59.23617124240678 51.01534631960042 63.96100933425933 89.29870910354458 102.4859367466727 84.66574636008207 78.9173123020279 87.64889020845519 107.38457024336509
81.09853864014762 12.720523324410763 20.07472178232485 0.0 42.571561253854505 70.63133481842024 77.8403299352549 56.34771513258475 57.41543727229781 94.42071001100501 65.87100357821927 79.47525610532529 68.32377692572823 76.28925781762928 34.833001111230736 35.792598665555886 12.129100619066852 46.13650256366489 77.20225421817626 30.294166296441745 76.8236454424126 13.29836761063285 34.14858904821808 6.432668570894534 36.67251099600156 57.211043076818775 73.02496259360625 95.93970370528078 52.34546230562607 87.42324072705387 67.54398521747018 58.73145399678579 59.24451100031876 29.776339646941786 12.488711101038204 30.540375631560686 34.415669604251136 89.33612523994091 72.86947836642479 32.17104453649967 54.41293490173513 32.45511686231751 39.2522293155428 66.5054597127986 98.48883493132324 44.814914312499674 10.473027669636675 24.613946258094977 59.134276611101036 93.71623801844989 51.566496573376035 27.467057381332754 35.27912336821821 64.26223994004418 97.00255692646323 70.09216399963705 54.65859977637307 58.796355663950806 79.50634052347283 107.61181515119368 93.64652525872609 82.5162192565405 85.10525296557111 100.357384473151 123.67306919698099
53.735938454204536 55.096047186521844 27.35435724639637 42.571561253854505 0.0 28.473444365118926 38.59110392313518 14.709789468890836 15.009001908772984 54.8536551504309 25.788901773669526 44.94965449678957 31.598936604913163 37.11827328478118 46.52679151101334 9.977921017644608 53.29696863611934 5.990674863663872 39.87675570868239 21.54597329294796 50.30845451909385 29.307103888809138 72.34868273332444 38.17721159760249 16.632171233811036 16.466572840406627 33.575689440984036 58.3567640239925 10.832474935304106 55.55516421370081 28.807732667474998 31.50074843649588 23.95724638495352 13.152841478738495 33.1758091006626 54.70279333947719 15.63545807727289 54.65702853233597 36.61590347979123 10.418407192988555 96.94928522171219 71.80952759173522 57.52254928609636 62.09565344228243 82.44809126210711 83.43127916602582 52.35097183256533 30.254060773714674 38.53349410617854 66.70225015631762 78.1732574819836 43.574194885227264 9.012054807936194 25.66277851756164 60.25606747902024 82.76504111290673 51.292447606043474 28.40102987182966 37.1101331143264 65.89799410669517 95.80040507344984 70.26518630636677 55.600994064371136 60.336887690244524 81.14434565603237
43.16515821731332 83.28427378836216 53.28224175028727 70.63133481842024 28.473444365118926 0.0 15.462626597140126 14.324412973160886 15.69806318777147 28.61952140087134 20.760745012198896 28.011366970006847 17.677348196557535 14.691582915100993 66.06364787257085 37.48565782008253 80.70534082111628 24.522684661976477 20.128728853570074 44.515984546913984 41.727595276166525 57.51049767230562 100.75338202230307 65.72726817149837 41.822624557041365 14.035920643525436 12.150022101972752 34.36309916883893 18.297570864655043 39.27989031386671 24.711004704665523 31.64896876167003 20.061798192588736 40.8551737445943 61.649246266758595 77.14841530835534 38.43925118990222 35.00485958692607 20.363393420548256 38.61191017285048 125.0265887152363 97.99181810679912 77.2522256891322 68.7617463655886 76.70208983446727 111.81916554926049 80.64139888982886 53.82718543258688 41.067235302229015 53.576963208340196 104.6564143831463 70.47503593915442 37.085673901806835 13.372158615561947 37.10974188177882 104.78575591571214 70.66520498342756 37.442464246261764 14.323248354286731 37.459620114935575 112.1819635456276 81.13911008576079 54.56314798336113 42.0183143786348 54.30248670205232
29.866937381824176 90.5319384978987 58.70806833504086 77.8403299352549 38.59110392313518 15.462626597140126 0.0 24.184424334674624 29.410716757087794 16.604286624873858 36.22262587917698 13.601271271006851 10.73792531207312 1.5511647789494114 66.01159078232274 48.46881675815664 86.55715675577315 33.19393346286263 5.7414730456296335 48.78237694192609 29.457784080144563 65.41302956068715 110.00678416155392 72.22503123969973 54.09157514291339 22.128824385731203 5.017425194512084 20.002265854060866 27.803349152772196 24.266075875071465 40.13621269542602 26.603388285477518 19.215329996343215 48.900862050612055 70.64218207002229 78.43043308674429 43.60859865569214 19.55089342209646 8.916048226328764 47.429024301175026 131.48837637824874 101.90449302998151 76.64621455795097 61.31510943330985 63.5549134011875 121.09911113549451 88.22961146850034 57.43490139386266 34.75493336827341 38.88286031448194 116.6741714689931 82.10973887783388 47.60262740753967 13.596508395181521 22.32876915354444 118.88169002826662 85.1893206754139 52.691826381969854 26.2770024055487 31.61292807083091 127.3771827251906 96.59227759701038 69.49815618296415 52.19888452443005 54.90225487818003
43.92683239423098 69.02153414535259 39.05059938969425 56.34771513258475 14.709789468890836 14.324412973160886 24.184424334674624 0.0 8.60482028116744 40.22071766890392 21.32480248786963 32.344080763837994 18.883062484946397 22.77026305312567 53.48074414854323 24.385067632201853 66.38517750821055 10.212636571550007 26.208155359997363 30.640273586811915 41.22020852800323 43.28393937418194 86.98159033714819 51.40321879676335 29.933625749905403 2.834923654081079 19.215304294967897 44.140028509215185 4.017154457783275 43.57379452284507 25.524104792391796 25.34621288727486 14.072397514104074 26.58369755747793 47.69167167462379 63.82071230939739 24.429272382350717 41.532541986462974 23.69951075716185 24.470662006758204 110.7245891233894 83.83803071844004 64.7493563027869 61.244802874836715 75.52586052282973 98.07291409484314 66.4187978164664 39.99313179282993 34.384271713559414 56.213337878919624 92.51579269907405 57.98332977522747 23.66041305824629 12.345758038388707 46.25877558032978 95.30278879275534 62.29530613818044 32.76633518156152 25.717780135715927 51.42003158816526 105.77625187157308 77.24857806527707 56.04349833243326 52.05005416045762 68.35456174704765
52.09128190854709 69.82391590525475 42.14279828329752 57.41543727229781 15.009001908772984 15.69806318777147 29.410716757087794 8.60482028116744 0.0 44.14012034644319 13.162996021024226 39.490252786567005 26.392049223038544 28.208416635253965 59.34442767143872 22.57112156289571 68.28913404368073 13.769098732850187 32.59270678082477 35.15785284267197 49.5625905933943 44.11884701513806 85.97069040085327 53.16931636410739 26.21793761950919 11.320935834214886 24.822647315780806 49.25163910638154 9.371380775022379 50.91009081073575 17.201304268125934 33.9303271250252 22.628359703440193 28.1601248705783 47.394611538633605 68.69666386366896 28.872440591075602 48.09794168472483 30.873240443778844 25.38191260022137 111.69090212818281 86.7758897048791 70.56923148691568 69.46036147488552 84.04898086779707 96.97581920200518 66.99048387240376 44.33918471092665 42.88385039609643 64.08516912198532 88.98362362114095 54.9104617076427 22.518522013307646 19.845915422907762 51.725123304617725 89.53362490992596 55.78925726109527 24.565465041395182 22.12086188412069 52.63128916470763 98.48278042072567 69.13440970495755 47.48781386768532 46.10244703220831 66.26157313690406
34.48181758799563 107.10251738401897 75.16867582898313 94.42071001100501 54.8536551504309 28.61952140087134 16.604286624873858 40.22071766890392 44.14012034644319 0.0 47.88908052119394 20.460944843492314 26.506888156177457 18.151983378008353 80.84145817443621 64.60511869214456 102.97906839239745 49.63803398768369 18.04468828105477 65.1436100394334 36.13011463520478 82.01696906443968 126.58072483955692 88.76053114809753 69.80768761150185 38.42338187550847 21.531615782985526 8.526577825932426 44.02130254562629 24.63259180260923 51.15367463812674 40.72608901875365 35.46973687115519 65.4866959715061 87.20492299759728 93.64573353105307 60.126179204282906 17.233939812383724 22.751196514785505 63.95368470180264 147.9291972352178 117.85119641215734 91.04687002677093 71.30870589869711 65.38426021786914 137.67574892047966 104.82088191662993 73.58701813798069 47.30230121596894 38.14174448440899 132.63276633912494 98.16720562590196 63.851407092099706 30.20027298899862 11.914829556840148 133.39281221161423 99.18231342215189 65.38706889575911 33.29646826725002 18.34909689420401 139.86127107739182 107.64942564154742 77.5270116352434 53.1722787358151 45.15484382428264
62.680883374205585 77.70555975857785 52.94504020477553 65.87100357821927 25.788901773669526 20.760745012198896 36.22262587917698 21.32480248786963 13.162996021024226 47.88908052119394 0.0 48.429769340003574 36.53696485956631 35.42725029087754 71.8396296127009 30.096176964130827 77.41304097144086 26.341106934116436 40.7295938224533 47.14961421808159 60.63975795062054 52.759136181260786 91.27041272030948 62.46704464520259 30.60716772901678 23.739788868444347 32.64648227498977 54.550612220305766 22.532035065199974 59.83091580819476 4.30651026571795 46.503111871964975 34.768017410021756 38.36616970711636 54.62787255658019 80.4836274759725 40.99518908165599 55.7646603818251 40.26342608420704 35.25776785183613 119.25145670607282 96.72762781487428 82.98363492799011 82.52914018189401 95.55396340649932 101.99854680545121 74.65993585060585 56.02952303930172 55.671427538189015 73.85192751460859 90.39559474090305 57.98517026036819 30.790229648990092 30.47356828469089 57.48113026566891 86.74109580547021 52.16208232956005 17.680561434362993 17.296703748762173 51.77454931498963 91.98751580069101 60.41482796657288 35.11461355236839 34.7988075042733 59.86413111869598
16.428841966476593 91.86873775905954 59.51883855035434 79.47525610532529 44.94965449678957 28.011366970006847 13.601271271006851 32.344080763837994 39.490252786567005 20.460944843492314 48.429769340003574 0.0 13.515248280182808 13.725280555166668 61.6343926318763 54.85797551627955 86.69212215900896 39.01221479655794 8.022586252867942 49.25058530440125 16.681164144065804 68.13455865030593 112.94947530973265 73.39089912027463 61.439976896663914 29.67312739465757 15.867045574655602 17.664640235025637 35.053756971660704 11.466555514004755 52.54581772571232 21.8978765015143 21.37508109868177 52.65137065967697 74.18839010949645 74.74148290170619 45.32998014865087 9.977347946242741 8.658181498804627 51.958857010010504 131.43333957706537 99.94429777503942 71.39896873816969 51.00561725828048 50.0014342184905 123.92647975198564 89.94190988843451 56.71127376763538 27.159466820945685 25.5724725343463 122.51720547628003 88.00815541970408 53.62143655998259 19.99836875611227 17.873564357858772 127.40809416875295 94.63903676014692 63.83652634367012 39.85582656402721 38.68722949390095 137.93031809971725 108.27193986148286 82.55682981741298 65.5989650774875 64.69617587227589
26.14472389323824 80.93787620127684 48.79915149614232 68.32377692572823 31.598936604913163 17.677348196557535 10.73792531207312 18.883062484946397 26.392049223038544 26.506888156177457 36.53696485956631 13.515248280182808 0.0 9.3561817682514 55.27467379353659 41.5556337817267 76.54146690147375 25.727451488681343 8.887156726993778 38.69305496050467 24.253368561771495 56.31650406289593 101.14895199314425 62.507701438496994 47.994028480359574 16.175543851607475 7.730755992725963 27.72507658152269 21.542773077290892 24.6934712180436 40.795129485479045 16.1970759067405 9.081366659763724 40.225565322949116 61.983220252579 67.71150141619 33.91098275297189 23.061316590475368 5.01747007272703 39.20107567347598 121.49238242827691 91.41382254196184 65.93463649697057 52.27874333759057 59.27528234843782 112.20391621327235 78.7766971559518 47.081419235328724 24.947843219162237 37.72230834940942 109.51806238392582 74.93818387234961 40.39939366117899 6.583677289559361 29.145030407874074 113.9030055409135 81.15670683205674 50.92899902803286 31.55868036717384 42.3435137616442 124.61431966968546 95.48691610767224 71.42520797137644 58.99284895155515 65.21915999026098
29.765509392888077 88.98077401203383 57.161889158291565 76.28925781762928 37.11827328478118 14.691582915100993 1.5511647789494114 22.77026305312567 28.208416635253965 18.151983378008353 35.42725029087754 13.725280555166668 9.3561817682514 0.0 64.6185934795312 47.01220146670137 85.01266788247307 31.68942647282965 5.705424791875373 47.24437800086892 29.1338199002073 63.86659373945352 108.46989184251234 70.67462982866495 52.69562209068279 20.665147832459333 3.5565329903929532 21.374800476792007 26.347600817902762 24.703992411949944 39.40258585743183 25.367436457002725 17.70140213956219 47.36209551232484 69.10848443126312 76.99354892368 42.05945833008747 20.365560546671485 8.071551531510444 45.90484834002756 129.94211673948416 100.39636184418045 75.29070702005717 60.437877046093604 63.49463542454562 119.56150712691142 86.67901246521926 55.914069028257266 33.68010877898904 39.20651780681358 115.22863178332716 80.65538709402107 46.12807653295065 12.048299245205486 23.608847441358293 117.61404200227852 83.99766839133153 51.70103691274133 26.17689142360166 33.05004653014653 126.33763489364262 95.72967149385384 69.0068471308286 52.483548208960585 56.05268637927776
56.71427816228746 42.378383811407566 24.107771553709128 34.833001111230736 46.52679151101334 66.06364787257085 66.01159078232274 53.48074414854323 59.34442767143872 80.84145817443621 71.8396296127009 61.6343926318763 55.27467379353659 64.6185934795312 0.0 47.21147072659625 33.88193020469398 45.61523709297984 62.902525302153315 25.057814908797152 52.536525481788665 34.26684578583178 65.96598952994636 29.402974978329038 53.07938288004232 52.55489696930034 62.38639241577855 79.29581068809323 50.54828688049357 65.77766341887195 75.19112528818981 40.127071453615464 47.56514251428297 36.473495509595516 40.552391832740106 13.342515403065903 30.93029151764664 70.13016678084182 58.20217091051677 39.52766544491757 73.95754901109136 40.011690112589726 11.269599269021626 32.37166387158822 66.05828947254415 75.26547254864589 42.35935408111427 17.84900183701997 35.18106484010647 67.46611185056476 86.31863817983589 59.69861948681733 45.51655815535979 54.538087524690525 79.19509417820186 104.05606551091441 83.12439312452234 73.39219037913772 79.10696176808926 97.59179323080984 125.67804392500095 108.77197106605115 101.30333557471141 105.29977708823903 119.61761348884593
62.9988204822521 47.8101407314323 24.698849400765525 35.792598665555886 9.977921017644608 37.48565782008253 48.46881675815664 24.385067632201853 22.57112156289571 64.60511869214456 30.096176964130827 54.85797551627955 41.5556337817267 47.01220146670137 47.21147072659625 0.0 47.33464782302626 15.847228911477359 49.85361450120864 22.821325500177412 59.398121815721744 22.668275236531542 63.423457899798976 32.4744682225943 7.585008243154534 26.347932578088482 43.461136822467026 68.29671162864324 20.665687500452606 65.33278761858638 31.99883253586326 40.159663407161915 33.7094731590482 10.74141574532521 24.978011619762793 53.1462614943641 18.710702701252657 64.60511869214457 46.57308747922842 7.811767545621152 89.57345395205921 66.85279218272932 57.532402305735886 67.41993867522424 90.41962325480362 74.44963646355072 44.84889612508162 29.57931407529834 46.187502447392106 76.06886463536439 68.22792705894244 33.64339351833518 1.886846491624933 35.63841771910225 70.22455276428484 73.21447507825174 42.786792018276046 26.37992659053019 44.2259225823111 74.90530471902508 87.51363355384774 64.09273247949915 54.331547204250576 64.73601820637192 88.45554505402173
86.26378701275098 9.106011122213292 27.864134744314978 12.129100619066852 53.29696863611934 80.70534082111628 86.55715675577315 66.38517750821055 68.28913404368073 102.97906839239745 77.41304097144086 86.69212215900896 76.54146690147375 85.01266788247307 33.88193020469398 47.33464782302626 0.0 56.22841042731814 85.31318499724665 37.848432933636396 81.95160790828746 24.671458837443385 32.209405996091384 15.12013973750843 48.69567105817787 66.93474252462106 81.91557520781349 103.73537709369275 62.44853540560867 93.62454963430379 79.27146483176169 65.17254320094968 67.51512489310743 40.19419529878288 24.603731573956402 25.200037427224625 43.02524483332022 96.32099911431395 80.79596166746036 42.90851109818572 44.95228517496907 20.345347605406815 34.669948933354284 66.21876253724075 99.81327881458243 41.40429049059087 10.504859252693452 30.020689351033536 63.929527095033464 98.32385267229112 54.889646589529114 37.37638340717392 46.64699808590154 73.14176976253758 104.49077565255857 76.91754043541452 65.37419605621277 70.89452848284078 90.4049445685412 117.1103966705126 102.10021526980985 93.49097282643324 97.21807200695471 112.0572555932625 134.37628888250597
47.830419540086 58.81525575263857 29.11921784631103 46.13650256366489 5.990674863663872 24.522684661976477 33.19393346286263 10.212636571550007 13.769098732850187 49.63803398768369 26.341106934116436 39.01221479655794 25.727451488681343 31.68942647282965 45.61523709297984 15.847228911477359 56.22841042731814 0.0 34.14271670777461 21.455320363106676 44.46623303023659 33.09992803934793 77.07588342079868 41.21456339732787 22.6210331292281 11.305112946001396 28.18282729540043 52.76765675508331 6.227268798840339 49.569076911592695 29.945135580630048 25.928042513174066 17.96657999478633 16.382556242865466 37.709712292226875 54.98600950817751 15.1530145726985 48.764097214683055 30.74345176151077 14.409780785820434 100.5125112542588 73.94854603707242 56.822578047049674 58.172318715080614 77.03263806487682 88.17444396550272 56.229410164857306 30.718084284326345 33.47080776992941 60.76042609693151 83.86248872789022 49.262026446930165 14.677598022597062 19.97425637666492 54.5652302471218 88.75449684233206 57.12645358844463 32.316262961580996 34.92976047325774 61.56844682396902 101.52839665816015 75.3110343045298 58.5685911922486 59.86317138314931 78.30523692150864
24.14166769774484 89.80593870735737 57.62492738154197 77.20225421817626 39.87675570868239 20.128728853570074 5.7414730456296335 26.208155359997363 32.59270678082477 18.04468828105477 40.7295938224533 8.022586252867942 8.887156726993778 5.705424791875373 62.902525302153315 49.85361450120864 85.31318499724665 34.14271670777461 0.0 47.47628861029281 23.737599333843196 65.19582174796133 110.01814373553489 71.36402682972292 55.98274546007392 23.765990366406914 8.090925268117298 18.860084142621517 29.400177723888874 19.15118815858832 44.78294003874299 22.884892573065706 17.95843857857679 49.04014624787268 70.81580759812762 75.63169127402529 42.787009666248714 15.505359315577751 4.712127487735778 47.91659184353021 130.25433473451514 99.84541883556949 73.2585836180904 56.20790828339994 57.85010201641647 121.07766976548847 87.65804482092821 55.70371556737843 30.2773089131844 33.54649524419232 118.00374091772399 83.40128002391393 48.800804798743876 14.21682062599823 20.434574347110257 121.49681547312585 88.23078632980682 56.59245184638185 31.868134863191276 34.97554713996864 131.0325684283916 100.8492911752188 74.60842891267413 57.940041375261714 59.518666997324125
51.34941036855589 42.6181831829232 10.268438129094253 30.294166296441745 21.54597329294796 44.515984546913984 48.78237694192609 30.640273586811915 35.15785284267197 65.1436100394334 47.14961421808159 49.25058530440125 38.69305496050467 47.24437800086892 25.057814908797152 22.821325500177412 37.848432933636396 21.455320363106676 47.47628861029281 0.0 47.147260398609426 20.26877371296834 64.169657662245 24.142529198646663 29.522670773411942 30.480726743225972 44.23641993435191 65.99903756231227 27.122239814743548 57.177855685744014 50.32768204222296 28.51356273636157 29.674123446821042 12.3147653059635 27.208577639088674 33.539963921457534 6.304234523571162 59.0704567112576 42.99005721713642 15.01010533488927 82.79986993778739 53.644921799762 35.98008302163975 45.893187731153205 72.88780798152897 75.00744169866594 40.73538410386832 9.353074214648341 30.17352726682326 64.25151180673878 77.37350070109281 44.90659067051602 21.009318920559583 35.51094758574206 66.89924989399034 89.09222608769437 62.84463579711485 48.54153339541925 56.19538591110707 79.71430892926314 107.1368432816201 86.35855340217725 76.36777310900956 81.2466261571126 98.8166596364529
4.312202371547339 88.423024283948 56.93512897922666 76.8236454424126 50.30845451909385 41.727595276166525 29.457784080144563 41.22020852800323 49.5625905933943 36.13011463520478 60.63975795062054 16.681164144065804 24.253368561771495 29.1338199002073 52.536525481788665 59.398121815721744 81.95160790828746 44.46623303023659 23.737599333843196 47.147260398609426 0.0 67.35152591827656 110.96382930027174 70.43038589230852 66.73653787899653 38.391226179626834 30.129005735923272 30.949226661163618 42.60337998526421 14.016291599354782 64.9256884043066 19.502054514041784 27.346437343150566 54.20181115341548 74.11926348528205 65.8709772143851 45.20668499809228 20.29108806080172 21.596556253714763 54.50417560889152 125.51721434303653 92.35977568429566 60.83519562013134 35.58580731669788 35.023051460780565 121.60059493507262 87.0135929479739 52.448834497493024 18.034670384090454 17.160205268949063 124.0516519827278 90.37662375443412 57.80915703644579 30.177904304979986 29.569510216741328 132.5173933252564 101.58740124101476 73.98609374475014 54.978954758744656 54.4631094269716 145.9545185293455 118.43749110438701 95.63936081228572 81.61535148211684 81.05537665722495
71.52197849422224 25.800323507931154 11.772311854222352 13.29836761063285 29.307103888809138 57.51049767230562 65.41302956068715 43.28393937418194 44.11884701513806 82.01696906443968 52.759136181260786 68.13455865030593 56.31650406289593 63.86659373945352 34.26684578583178 22.668275236531542 24.671458837443385 33.09992803934793 65.19582174796133 20.26877371296834 67.35152591827656 0.0 44.86080350282393 10.083039272923937 24.519117486160297 44.29941065954093 60.51397973529104 84.03999996412077 39.26914851976754 76.84378159433459 54.606106768388514 48.40512746840017 47.30318185931508 16.72767061163552 7.133097810076709 35.13643728991052 22.83934153989031 78.09189827075173 61.03755708113607 18.93754720010409 67.64245299438385 44.42005413683839 42.01909906964406 62.87202779038515 92.38507879744026 55.8953679374871 23.135569770908475 18.46804974225129 50.415622329245195 84.48226399225679 57.20057798164295 26.10581166734949 22.044719641850563 51.819638220220355 85.3195705934674 70.84020692030587 49.111193008053824 46.90734242235668 66.20803123455201 94.66532183598632 91.45205778301622 75.67260500911605 74.05374892793515 87.38605505024655 110.37861118689041
115.23337098716858 23.628913485925995 54.092495077596475 34.14858904821808 72.34868273332444 100.75338202230307 110.00678416155392 86.98159033714819 85.97069040085327 126.58072483955692 91.27041272030948 112.94947530973265 101.14895199314425 108.46989184251234 65.96598952994636 63.423457899798976 32.209405996091384 77.07588342079868 110.01814373553489 64.169657662245 110.96382930027174 44.86080350282393 0.0 40.56421948037792 60.77847414119986 88.37951156176938 105.04962373181296 128.87331709928765 83.00158044503075 121.33599599823225 91.6876563033787 92.68305246397287 92.15610793324961 61.11059136976115 39.3832814386261 57.05114676924744 67.61950310706045 122.88893305336688 105.89385064342441 62.677547731614055 33.47440627318826 39.69388030978702 66.52448446693647 98.33740170158427 131.56677678086973 11.0989562294023 24.236310467623294 58.7065998122243 93.2758552824083 127.86383263663213 27.269682320579985 34.6721681487529 63.68300359510621 96.45585872197523 130.17980814317292 54.6062894254787 58.47948852565427 79.07371529356102 107.14594000503637 138.21233882338527 82.69034664635389 85.09022443713367 100.18843091752483 123.4091552913301 151.05177936067264
74.71056845834485 18.48485201703054 13.874973879633185 6.432668570894534 38.17721159760249 65.72726817149837 72.22503123969973 51.40321879676335 53.16931636410739 88.76053114809753 62.46704464520259 73.39089912027463 62.507701438496994 70.67462982866495 29.402974978329038 32.4744682225943 15.12013973750843 41.21456339732787 71.36402682972292 24.142529198646663 70.43038589230852 10.083039272923937 40.56421948037792 0.0 34.59866200092761 52.065599960410005 67.47643026762773 90.02459899392537 47.441353256924984 81.1547281131136 64.4725909057046 52.4640135682874 53.428912170027004 25.08554429816351 12.90829526486962 27.038754021288213 28.636593298086527 83.21073707773215 66.96652594463637 27.789654894090244 59.44793512594203 34.408467921178925 35.05231697856236 60.565863102731285 92.20964812693892 51.17762889540797 16.65633965161339 18.1816373860109 52.71209122863076 87.30069599702797 57.48569017614238 30.928893962144294 31.67695418911743 58.69500327928169 91.00339791000223 74.76886057641626 56.75731043872114 56.98419746356933 75.2848054315742 102.38750798690936 97.34656183838862 84.0933496122963 84.03422585506623 97.19327188597686 119.27294077204371
70.26006156354264 47.734730730460754 29.554896046166817 36.67251099600156 16.632171233811036 41.822624557041365 54.09157514291339 29.933625749905403 26.21793761950919 69.80768761150185 30.60716772901678 61.439976896663914 47.994028480359574 52.69562209068279 53.07938288004232 7.585008243154534 48.69567105817787 22.6210331292281 55.98274546007392 29.522670773411942 66.73653787899653 24.519117486160297 60.77847414119986 34.59866200092761 0.0 32.22746581204691 49.14341621120342 74.06967525272397 26.584272914361417 72.15974685606595 31.5162335483705 47.609685855995416 40.58495592685298 17.208045503364026 24.63677982883786 57.746011895346626 26.005353749242207 71.03597210586007 52.99426939155505 14.775794194393674 88.87318718653569 68.79302828873134 62.9388221576745 74.73210275151551 97.99620544236787 71.6107260823732 44.58220034318361 35.24031660078742 53.76818827401569 83.27656966695588 62.873995719830845 28.69503400764715 9.40872834592064 41.81503216482711 76.17954590479414 66.13350321460835 35.214267087156 22.389604423212237 46.4477080890894 78.79295785692332 79.9348159671076 56.89874872754252 49.8012735031661 64.16909311642888 90.27726520297969
41.0923174462659 69.91991217099809 39.34487031662682 57.211043076818775 16.466572840406627 14.035920643525436 22.128824385731203 2.834923654081079 11.320935834214886 38.42338187550847 23.739788868444347 29.67312739465757 16.175543851607475 20.665147832459333 52.55489696930034 26.347932578088482 66.93474252462106 11.305112946001396 23.765990366406914 30.480726743225972 38.391226179626834 44.29941065954093 88.37951156176938 52.065599960410005 32.22746581204691 0.0 17.11640200745868 41.96708928664222 5.690452784629573 40.84458258384159 27.988007242576906 22.78037059561442 11.307456017980588 27.575003040733435 49.01474938435397 63.281037399254835 24.41502664075478 38.9772956162066 21.052721348691836 25.71379952407011 111.48841606708612 83.98194987651249 63.8048298809022 59.02484351801404 72.74335305740406 99.47784363021916 67.39756984161158 39.79773195730017 31.939356897503043 53.39683109417689 94.57068837693508 59.99132123899462 25.478547957299114 9.706103550273061 43.97857142233888 97.84192681165786 64.98154144005551 35.594957560202594 26.575241672185477 50.40166789562112 108.5545390361486 80.08322482005764 58.62898301599351 53.44335508444419 68.33612922510054
31.229563238558693 85.72966981185384 54.05185586488248 73.02496259360625 33.575689440984036 12.150022101972752 5.017425194512084 19.215304294967897 24.822647315780806 21.531615782985526 32.64648227498977 15.867045574655602 7.730755992725963 3.5565329903929532 62.38639241577855 43.461136822467026 81.91557520781349 28.18282729540043 8.090925268117298 44.23641993435191 30.129005735923272 60.51397973529104 105.04962373181296 67.47643026762773 49.14341621120342 17.11640200745868 0.0 24.926284075101062 22.795665982358543 27.19636972108732 36.71860323055395 23.887876242359813 14.99686409014502 43.95647569694483 65.67595290475393 74.55918026740929 38.90797379676614 23.429803742149105 8.53245002621063 42.4411139243932 126.81498297345516 97.58394474984765 73.19834579641892 59.90120677057905 64.90837010638299 116.14434358349143 83.39026950525508 53.03960981336363 32.66952754832834 41.427412563787 111.67451703493803 77.10376807833119 42.58683412569484 8.782933559881094 27.12002018963113 114.1366109308818 80.59681351984044 48.57334893300263 24.854327314964713 35.65036365699463 123.11531687361739 92.77106897743059 66.71104902188948 51.856144459085726 57.64163607837857
28.543343349424685 108.49569747470713 76.21840436071606 95.93970370528078 58.3567640239925 34.36309916883893 20.002265854060866 44.140028509215185 49.25163910638154 8.526577825932426 54.550612220305766 17.664640235025637 27.72507658152269 21.374800476792007 79.29581068809323 68.29671162864324 103.73537709369275 52.76765675508331 18.860084142621517 65.99903756231227 30.949226661163618 84.03999996412077 128.87331709928765 90.02459899392537 74.06967525272397 41.96708928664222 24.926284075101062 0.0 47.65754207127179 17.930624666079847 58.07356370703384 39.47928714683111 36.752812500696486 67.89406600306695 89.6734716771584 92.40449352674153 61.53615088809711 10.727633320564875 23.070235099240403 66.719252679596 148.60982340460734 117.49068702470116 88.9833266112888 66.53414347514618 57.709107073912314 139.9289772957168 106.4065463967536 73.88791488843896 44.62433461123585 30.299751409907458 136.52404545762477 101.92993976824656 67.34585745169271 32.80351615850052 3.3957459468007487 138.78408642492306 104.91040867961993 71.73707216598652 41.00077641167469 24.713605159285798 146.44693877791306 114.76829370860416 85.39096937202316 61.69501688988349 52.112701128081724
45.58792541591771 65.0135459585661 35.23374716018018 52.34546230562607 10.832474935304106 18.297570864655043 27.803349152772196 4.017154457783275 9.371380775022379 44.02130254562629 22.532035065199974 35.053756971660704 21.542773077290892 26.347600817902762 50.54828688049357 20.665687500452606 62.44853540560867 6.227268798840339 29.400177723888874 27.122239814743548 42.60337998526421 39.26914851976754 83.00158044503075 47.441353256924984 26.584272914361417 5.690452784629573 22.795665982358543 47.65754207127179 0.0 46.06609919520681 26.522455736969935 25.47872135083773 15.271966676681496 22.575315569616805 43.692600740100005 60.50523018886534 20.84853759492196 44.50635040148606 26.501691224453758 20.456266963554643 106.73176914540612 80.05467216218806 61.811145757401235 60.22683920947827 76.34601364241867 94.09521679864469 62.40442274936674 36.46299599388745 34.053254166918485 58.17674884549752 88.88309569098647 54.308115374352205 19.834120828082156 15.24032677288425 49.658806156392636 92.36130018164275 59.78279898067551 31.815067008139525 29.073288012520912 55.43605158526148 103.6585208652734 75.9480814919092 56.44406830138852 54.759056252834114 72.15244464514382
10.853022657255236 99.491705557361 67.34887937028503 87.42324072705387 55.55516421370081 39.27989031386671 24.266075875071465 43.57379452284507 50.91009081073575 24.63259180260923 59.83091580819476 11.466555514004755 24.6934712180436 24.703992411949944 65.77766341887195 65.33278761858638 93.62454963430379 49.569076911592695 19.15118815858832 57.177855685744014 14.016291599354782 76.84378159433459 121.33599599823225 81.1547281131136 72.15974685606595 40.84458258384159 27.19636972108732 17.930624666079847 46.06609919520681 0.0 63.9149719077436 28.692899903022123 31.624462561194836 62.13544290281645 83.23218903051459 79.11162167441174 54.059301453978826 7.420877725593293 20.036897075686625 61.78671904149203 137.83708408924798 105.25663900624038 74.52301965064338 49.22624260358584 41.08025760553861 132.18452445314742 97.80946775624516 63.682701938507265 30.64526285371918 14.752247639493492 132.33326069564998 98.00853700826764 63.98519426814288 31.26319183415055 15.984979230742978 138.2645639098127 105.8106886785267 75.29630736253215 50.37842620090088 42.44122538087645 149.29048694659286 119.73840583867383 93.7106283374699 74.97224546314965 69.67605768761044
66.93406792983576 79.1007963406344 55.59078474741424 67.54398521747018 28.807732667474998 24.711004704665523 40.13621269542602 25.524104792391796 17.201304268125934 51.15367463812674 4.30651026571795 52.54581772571232 40.795129485479045 39.40258585743183 75.19112528818981 31.99883253586326 79.27146483176169 29.945135580630048 44.78294003874299 50.32768204222296 64.9256884043066 54.606106768388514 91.6876563033787 64.4725909057046 31.5162335483705 27.988007242576906 36.71860323055395 58.07356370703384 26.522455736969935 63.9149719077436 0.0 50.763880942098716 39.05830926167827 40.94046375053306 55.9646622383739 83.44647788594342 44.27078457766169 59.68647695351648 44.452495322355546 37.771800991304794 120.38897146656524 98.8466133766983 86.2700109480414 86.65500500729168 99.85178159384822 102.2789041171836 75.99458897773646 59.02687253615907 59.89955435028771 78.01623128374861 89.52210350591379 57.88690108928232 32.90011333050283 34.767505444208446 61.073556066919174 84.57743696923525 49.9793901896956 15.407479717338912 19.279414067986558 53.85959125752644 88.76052601104318 56.713004666881204 30.808103918549243 32.81393125184269 59.99341088621085
23.432648286356297 70.8247716917983 38.657909606142695 58.73145399678579 31.50074843649588 31.64896876167003 26.603388285477518 25.34621288727486 33.9303271250252 40.72608901875365 46.503111871964975 21.8978765015143 16.1970759067405 25.367436457002725 40.127071453615464 40.159663407161915 65.17254320094968 25.928042513174066 22.884892573065706 28.51356273636157 19.502054514041784 48.40512746840017 92.68305246397287 52.4640135682874 47.609685855995416 22.78037059561442 23.887876242359813 39.47928714683111 25.47872135083773 28.692899903022123 50.763880942098716 0.0 11.98396869735763 34.71420158091925 54.998442541818854 53.04920511153694 25.87812415207922 31.21297800260469 18.235860074099936 35.01403139811851 109.72532634693718 78.04676276694752 50.37632790312815 37.13595221213124 51.13913159024459 103.50559129281972 69.11765927254524 35.15603624136225 9.460212027356231 36.577274440983274 104.71451890456008 70.89893881820439 38.51021206236418 18.282811388441313 39.753412471797766 113.11411023015725 82.70132370618852 57.262804737484764 45.97131198433816 57.81441948776483 127.2883220494518 101.0727204790615 81.38685644382316 73.66609575815914 81.38989257657197
30.33010539440981 71.85653108537448 39.73841217373672 59.24451100031876 23.95724638495352 20.061798192588736 19.215329996343215 14.072397514104074 22.628359703440193 35.46973687115519 34.768017410021756 21.37508109868177 9.081366659763724 17.70140213956219 47.56514251428297 33.7094731590482 67.51512489310743 17.96657999478633 17.95843857857679 29.674123446821042 27.346437343150566 47.30318185931508 92.15610793324961 53.428912170027004 40.58495592685298 11.307456017980588 14.99686409014502 36.752812500696486 15.271966676681496 31.624462561194836 39.05830926167827 11.98396869735763 0.0 31.39670100636568 53.08419327892999 59.589147409148474 24.83033766489202 31.303594458261003 13.740256573574912 30.59253675649853 112.46718863190304 82.69582978047741 58.50760035373832 49.01515713086779 61.45436723120892 103.19848103926222 69.69960811832377 38.22289632993004 21.41937872838776 43.02830830650893 101.14270973279318 66.64696963718632 32.382757458378656 7.0937288138477905 38.03751550057911 106.7176476759419 74.76612710998964 46.75599010699506 34.308932799393915 50.625236197962785 118.85405273442561 91.11769840690437 69.80947709330286 61.96023112571644 72.10794970788908
58.138336273647575 42.43830768347216 14.656524282012603 29.776339646941786 13.152841478738495 40.8551737445943 48.900862050612055 26.58369755747793 28.1601248705783 65.4866959715061 38.36616970711636 52.65137065967697 40.225565322949116 47.36209551232484 36.473495509595516 10.74141574532521 40.19419529878288 16.382556242865466 49.04014624787268 12.3147653059635 54.20181115341548 16.72767061163552 61.11059136976115 25.08554429816351 17.208045503364026 27.575003040733435 43.95647569694483 67.89406600306695 22.575315569616805 62.13544290281645 40.94046375053306 34.71420158091925 31.39670100636568 0.0 21.78725159123807 42.85966962802262 9.639070973317338 62.62268173459114 45.08803786322972 3.210298173899805 84.17985636731956 58.68638457179457 46.86946203864377 57.8291659251931 82.98487580912054 72.20024508243789 39.84877805194494 18.91618929418699 39.02008079938443 71.28925989715043 70.22731894221315 36.18710964809162 9.054849017084688 35.34581282059404 69.36508836830964 79.01434733240104 51.07693288518798 37.00360191599149 50.24447760791042 77.93956632324505 95.63980719631003 74.06678827977855 64.95827105192433 73.13026922898642 94.18740374118643
