0.0 3.7813331759525397 48.35215232114039 6.555828883699393 33.00696068071941 15.165863750214278 19.599350054656924 37.70433431414409 36.23575813644895 18.504389208201427 79.28608533353948 30.3703673140397 23.99211063472201 59.2594544542346 25.090799481318168 39.02227064815935 46.63418485493728 28.080234217288822 62.35883730512903 10.412928642502521 12.838061314060758 20.665629033320183 34.98179097592954 22.698052156096946 34.34444691279588 24.550323050329812 10.9553912023956 7.03928336658294 32.390418761629476 14.874371305963448 91.16957855898372 10.872060295462097 48.078107112158094 54.5565129982962 35.443326628289306 37.72000757163142 14.989429074645424 29.576540214703165 51.21586728678962 13.330582797254644 106.77242330811225 78.89966251773289 58.69207839577992 55.30967676342066 71.19239831192347 95.46060352857974 62.91707544135526 34.62991171434004 28.891937217141876 53.52661146187703 91.69484916155083 57.09863759647004 22.52593701624063 12.22438677483954 46.757970401385585 96.36413414402946 64.26729307859434 37.0048792942144 31.67451255468195 55.063834970902995 108.383483521594 81.04690022177975 61.522442043985755 58.27702824032756 73.49968348373878
3.7813331759525397 0.0 46.78252903095674 7.536022494272038 36.41244250837081 12.029255381761057 20.709551947898987 40.587039968127 39.68416495806762 21.563969393057942 75.82001976330697 28.775406736791687 26.435176606104314 55.78630813350641 22.059353701404863 36.78368962229997 42.951412991249626 31.846391667338867 58.87725287905307 6.850212877344545 9.060061984060932 17.82646085009618 33.73977445966718 19.947274079327105 37.50353848816124 23.99168360418653 13.51482536349577 8.210695877736327 35.6390561585064 18.52995229117789 87.8580804341529 9.881034851315361 50.08381930176302 51.042075478851125 37.449007003192854 35.05572391995247 12.65842418723454 33.35482303780287 47.441353256924984 9.758649032571656 103.05015025139035 75.12330732708325 55.339779409873515 53.6308969931382 71.30818385936436 92.04269568226722 59.29393764359698 30.89542902029476 28.073605182370883 54.92331346581089 88.92952073862998 54.38336594812709 20.03735072262133 15.50143397272914 49.73879356736594 94.49429195959492 62.999061217634626 37.462337278032194 35.11134024126976 58.796430265384814 107.39615474502932 80.93025779827767 62.930625960375565 61.364527417801334 77.23814635117814
48.35215232114039 46.78252903095674 0.0 54.26850266311556 77.46607067587604 51.463151704575594 67.49190179514824 84.60167709113148 80.0772459338286 65.67775607522375 52.78246626172485 18.015478381024177 72.08530475716489 38.92886067891367 29.207186415188275 13.014075761831668 58.48935777172234 64.06632183314284 41.04871443939193 47.50479763702145 43.68536635434171 31.04595364964543 13.74693712655162 57.969067961528516 80.24588094225125 25.179180001686913 59.19488830486343 54.911693685812295 77.92883074429628 59.52389617217855 58.646091850357735 37.484840724735264 96.38366647250724 37.750015223094756 83.76934635164376 18.42289949469177 34.34445603805482 66.19864324395283 49.92566780480731 40.48109476724651 87.12353333316474 74.12620309154234 76.11588252860973 92.12660215794375 116.5149936195544 65.07160935603295 46.57577077212933 49.99105264298281 72.27532848809565 101.70130634894285 49.80162911701495 20.767521092921683 27.8787824836578 59.312831697436174 93.0249773221597 48.25219011739628 16.755773471827563 25.06172180400431 58.054075796130775 92.23509849756314 61.469811888794624 41.445253912442844 45.295740025719844 69.14132448380538 99.5196720841297
6.555828883699393 7.536022494272038 54.26850266311556 0.0 30.638337427225455 13.141070366294288 13.271955038631816 33.71088461713683 34.003933316910484 15.2828891547659 82.01359039583747 36.25362541661856 19.205278148123927 62.01366105090649 29.223621256850237 44.30121922753847 45.593701226986504 29.498465036882063 65.07040876926423 10.635753849269294 14.563062135365024 25.175503084569677 41.10812057147935 19.101824269769065 31.106919243324658 30.963904853453705 6.866990696645835 0.7113065980788735 29.457603485198785 14.505621127176866 94.3981699224671 17.020056462658236 42.57313998211077 57.16767371925618 29.948381904132976 42.430290201779485 20.191462265959213 30.628149896555 51.944877493197005 16.37191244422903 108.0367259803016 78.77965410330175 55.99411401170517 49.59087488573812 64.6372656049273 98.3375301447224 64.98437454357884 34.21276895336237 22.647377533391143 47.43563411538928 96.17493950701575 61.69428421997972 27.524607326135804 10.19200168417815 42.9535024769563 102.02943556505848 70.39819006291158 43.55038408688974 35.102679276168324 54.429693909065534 114.67939464111934 87.59032046216196 67.73140876968743 62.43237976674278 74.85211531690308
33.00696068071941 36.41244250837081 77.46607067587604 30.638337427225455 0.0 43.20244921152884 25.67457166052166 10.337704771665274 3.3938662920347085 15.416444073848533 112.23210115508869 60.51224442193914 15.527841179908954 92.1982434131848 57.99473406049993 70.4303730430205 75.04586006940345 17.79671194126511 95.28770087185268 41.25053480086225 44.961418295322744 53.45567309448932 63.74523983489694 46.773651606613335 4.815983694043528 52.29583835378841 23.791043722382643 29.995267035025005 3.0847798340458503 18.586829067253017 124.17179859725152 42.13191590929585 27.022750754144568 87.44141979755994 19.789880267682342 70.04395029473666 47.44052270248954 16.32615624861485 82.49219502021188 46.16677251108753 138.64793457767746 108.73925575162805 82.58317933004717 64.88849718446956 63.21259699725455 128.44749230680378 95.52381515323957 64.38689188906305 39.51425107650364 37.03932822042315 123.86787193538026 89.33040433705494 54.87664495980472 20.924262637168855 16.09524630556953 125.52605460476649 91.59507266092855 58.45827574515324 28.981518025670674 25.6384962099817 133.1891759424392 101.75452935870996 73.23537335816319 52.608588540272635 50.662760268957385
15.165863750214278 12.029255381761057 51.463151704575594 13.141070366294288 43.20244921152884 0.0 20.777153688546168 44.8024880404603 46.594879786635566 27.80828395732361 71.1353389064403 34.29996543748656 29.937494732376546 51.402152823213406 22.873839561623555 39.63334760750184 32.452904179342525 42.36761715125446 54.353806051850064 5.654792157273801 7.980593871740713 20.41866300079526 39.925784968323136 8.224761401077332 43.0547888601673 32.3795824238547 19.60905381728743 13.650333014220765 41.68496404904519 27.62088723563162 84.12567988496528 19.361638817987593 50.51793718893787 46.44289702622395 38.490529045143376 36.27056117347052 18.509713497200305 43.61276399889594 39.38045143685412 11.264105249343269 95.59363388981484 65.72803911602524 43.55491575886091 43.228572994894925 65.07850363435608 87.54402472788787 53.47462434691348 21.212407500892223 20.86261283840813 53.06017900863253 88.17478601914979 54.49177509673225 23.638182812824738 23.302860127880617 54.05675132242735 97.31724599432081 68.18814510475121 47.15312062062701 46.81909143850444 67.49410899796464 112.92218395771422 88.88333762453308 73.78231252343593 73.36324307377662 87.83652478511449
19.599350054656924 20.709551947898987 67.49190179514824 13.271955038631816 25.67457166052166 20.777153688546168 0.0 24.696421999606468 28.928528627865454 12.712562100579351 91.90795105971662 49.48436171651422 10.37280759213164 72.17103840164881 41.47256601619777 57.21202315989307 50.35877745885245 32.40669745067758 75.1293389659125 21.56431842661379 25.877495253952528 37.79022771866077 54.37943386614639 21.9186991920437 24.101007428224708 44.14790061633784 10.551278010888609 12.666926838635053 23.374962440447383 18.104105411210664 104.88087405016624 30.285129335572922 30.10351573513082 67.21580168968141 17.78266495196618 54.93515632907078 33.2613860047949 32.70040802760691 59.43465690524762 28.429950270953604 115.4980755125765 84.21631431593661 56.919147850304356 42.21387015616769 52.14452916779421 108.31755141326283 74.16233446767527 40.77084881430272 14.809548350611927 34.22329150862297 108.17435236560769 73.95495577213954 40.39593295029665 13.754208695798157 33.78425753330251 115.09475627358478 83.66743842558573 56.111487288476155 41.12881206654888 51.27846314014081 127.93725246518807 100.46232175058861 78.81736744194824 68.74909838510152 75.06971058776367
37.70433431414409 40.587039968127 84.60167709113148 33.71088461713683 10.337704771665274 44.8024880404603 24.696421999606468 0.0 10.8553656590311 19.244961230716623 115.56871704404303 67.091061164855 14.867700970013866 95.62000588669167 62.64429544385805 76.47543268156275 75.0143076323662 27.980394734211725 98.6537973158608 44.13118497618121 48.23485379173337 58.330446117826924 70.86568702004656 46.606419535311844 5.591033765335704 59.51155263714429 27.093219083429354 33.005546112007835 7.9475850214705135 25.12182004211214 128.0942383023531 47.91498386087233 16.712326911576955 90.73329386963954 11.886855207165773 75.42161407136946 52.66958932645384 26.613296729085953 83.9810698514087 50.0380691313681 140.1269897033077 108.86770275058531 80.39639035353937 58.90485451385466 53.579694046075986 131.9340149405287 98.20233042560695 65.38847644172965 36.08946868616766 26.908890676293904 129.39917750309476 94.80166608072305 60.211452169366744 25.658066577036028 9.279445892200883 132.84690373402825 99.41422990979254 67.17823712261368 39.210701800236 30.93347519044109 141.84142702138956 111.0456920004803 83.29520541880576 62.76804142684268 57.761172513754666
36.23575813644895 39.68416495806762 80.0772459338286 34.003933316910484 3.3938662920347085 46.594879786635566 28.928528627865454 10.8553656590311 0.0 18.802832459407444 115.49981369353361 63.30934124665873 18.684618106648138 95.46714123377743 61.158786407431485 73.33070216960077 78.4293954144586 18.846464475055754 98.56013035823305 44.606299389615884 48.28782855188764 56.59737844234033 66.38801479313327 50.13880521864666 6.206205971007611 54.94290916541629 27.164645131337387 33.364922937649446 5.69532714471786 21.659257958061822 127.37290814255053 45.158698592173515 27.40053180782662 90.72479675991256 21.62751599980439 73.07501564659655 50.54406287064438 17.114077480361264 85.87690676735187 49.442440516581506 142.02559113697205 112.13009293146382 85.84766918548152 67.53711744769696 64.40091248343342 131.69498902077348 98.85077701041952 67.78061076065899 42.56495475208066 37.73815907187051 126.82119796123607 92.32071590148085 57.94364468359998 24.221279412231752 14.51646775347127 128.0292126104241 93.95820927597272 60.49510798795154 29.766059235190617 22.521671037061054 135.15598963426083 103.37577111802652 74.16717683649085 52.05575600405599 48.10036273460892
18.504389208201427 21.563969393057942 65.67775607522375 15.2828891547659 15.416444073848533 27.80828395732361 12.712562100579351 19.244961230716623 18.802832459407444 0.0 97.18634474043397 47.99362614150743 7.47071439684704 77.16388830955029 43.5503896051888 57.24572930291354 59.856003279084156 19.827166413297814 80.23579893291446 25.918034243885355 29.75369852959543 39.16642247584886 51.991346003847546 31.84962615732821 15.950831378363267 40.77913400989867 8.415971305294903 14.622868974669396 14.190536068893069 7.4764118698338144 109.39035867829558 28.69572831160962 31.430982512746034 72.35190147803488 19.387876229188645 56.19668603965344 33.43719774155341 20.011875467378907 67.07577595120874 31.211948543832612 123.23718536616866 93.44395807209371 68.34426793441756 54.816975812621685 61.103673657030406 113.47268584290218 80.26004736364231 49.01163446564872 27.52173256725367 38.82771631926489 110.17962379738012 75.57742473563395 40.978032645173876 6.426942471247257 28.25360897035799 113.9207764593054 80.88653207726331 50.02156763283389 29.266393365247023 40.07149520838254 124.06120975268963 94.51814232299863 69.79231345356187 56.59546920748948 62.689070674703665
79.28608533353948 75.82001976330697 52.78246626172485 82.01359039583747 112.23210115508869 71.1353389064403 91.90795105971662 115.56871704404303 115.49981369353361 97.18634474043397 0.0 58.76584350121445 100.76262945013478 20.033908924561167 54.869606220587634 48.65042224348596 49.46631316638829 104.82690939766196 16.950980109049905 71.4611697254609 67.45675421068718 59.532497348635474 59.817371070794394 71.8667508951661 113.10360046091522 67.86950441245945 88.829213656234 82.70426586855143 111.36449823406838 94.08159225543831 14.229973006749507 71.56314305203479 121.23814321726958 24.84668621223932 109.54748498961496 45.74570317005917 65.74842202591554 106.7510819780813 35.54111386104006 66.06578727858836 34.53661966622504 35.422611675062534 60.92274607054935 92.53775883504288 125.73674435630133 16.410373330535695 18.432350873323273 52.96278976127024 87.55122486055242 122.14839820715335 31.002842913728514 32.020044953849315 59.02737564185606 91.31275736367614 124.84650185236816 57.16962918506434 57.54404808052451 75.82258269259874 102.86693457954087 133.450155554574 84.79823020661011 84.8393995306253 97.9766624762815 119.98269823097739 146.92511072206497
30.3703673140397 28.775406736791687 18.015478381024177 36.25362541661856 60.51224442193914 34.29996543748656 49.48436171651422 67.091061164855 63.30934124665873 47.99362614150743 58.76584350121445 0.0 54.20962985529261 40.56089670473222 14.24396824172471 10.64751665636512 48.29837394620939 48.689434121614816 43.45080985506993 29.897569770255075 26.350509193834142 14.246118212032492 5.770172990983937 41.442878262044005 62.967688832572314 9.32678663788356 41.25757999602331 36.89623190170006 60.719734028237625 42.19355298217942 67.93831936291805 19.523677597623 78.43807133258107 37.3169697714678 65.80980283265933 13.200466764166995 16.45754079894336 50.77943490819206 43.79652410952343 23.074627650424127 91.17643213741589 71.37901398495053 65.35714556871203 76.43899722173283 99.04067393901666 73.48754629683155 46.999877341588636 37.5817080129027 54.86901112713814 83.68786820325984 63.896562904950486 30.057269546131195 10.9069212256036 41.58527606301591 75.72689229322742 66.03234742376792 34.32770582765548 19.782802607932247 44.712130135463944 77.47152569788426 78.94874335283369 55.080200808206264 47.21826093693295 61.80704661963769 88.34856568273426
23.99211063472201 26.435176606104314 72.08530475716489 19.205278148123927 15.527841179908954 29.937494732376546 10.37280759213164 14.867700970013866 18.684618106648138 7.47071439684704 100.76262945013478 54.20962985529261 0.0 80.84479481599297 48.40488898866645 63.007933677583296 60.59340557006867 25.726249354980776 83.86561165889704 29.40054610426183 33.57540915510407 44.25871513275897 58.50273517601678 32.13507564836862 13.73232332300007 47.482385885669 13.041113268645198 18.493971550045053 13.05872501685882 14.94711709602882 113.39223695516063 34.70589866335286 24.41465666536317 75.94128668032957 12.054664800171365 61.48939736450794 38.91039587829261 25.451930591560124 69.17189907120536 35.570758672546944 125.35278491737103 94.43819432251074 67.220771086427 50.134810703153356 53.88111064354214 117.14162903466199 83.34102638477798 50.63731551689093 24.029032126603038 31.392621196593648 115.34174441610006 80.81541943158317 46.40473711106365 13.058362466915897 24.134946236316093 120.24148600831954 87.60600682530185 57.32749336465431 35.956948553449045 41.16059272806687 131.09151713292235 101.86609877551952 77.22174498864248 62.80504219811166 65.73072615207413
59.2594544542346 55.78630813350641 38.92886067891367 62.01366105090649 92.1982434131848 51.402152823213406 72.17103840164881 95.62000588669167 95.46714123377743 77.16388830955029 20.033908924561167 40.56089670473222 80.84479481599297 0.0 35.02912103854917 31.374345907182803 34.149888199549714 85.07581018538775 3.113516391082185 51.49156131678482 47.45158210004921 39.68634309975856 42.65908474189139 52.771156140683 93.0891597926005 49.26338969827971 68.81685164906965 62.70706370079482 91.3378795309221 74.06908715380882 32.74471894831107 51.74564906559982 101.76456831626538 4.9791461865507 89.88733944615969 27.36688299288091 45.89618793062495 86.96738008327226 20.098712212592964 46.03188002660438 50.618073244473045 35.93845322860953 49.15063110702597 77.0378198806505 108.8517151027895 36.32434296729703 7.761636821191098 34.58151771014765 68.74862162234385 103.20715977880855 41.03437958117438 20.524678094419524 39.415107033774404 71.27892439096284 104.89359184496712 60.458711769402235 48.72997027028709 59.06582699411698 83.6525049007546 113.58485362910295 85.05087974460442 76.94266791862289 83.67457310466038 102.35932911819023 127.85995605460488
25.090799481318168 22.059353701404863 29.207186415188275 29.223621256850237 57.99473406049993 22.873839561623555 41.47256601619777 62.64429544385805 61.158786407431485 43.5503896051888 54.869606220587634 14.24396824172471 48.40488898866645 35.02912103854917 0.0 16.83880714604269 34.59580568541891 50.05143226012199 38.13970127933428 20.01210666087567 15.753000410526484 4.66310165571612 19.874854187157084 28.819186367696485 59.43308336685946 18.227441138612818 35.570796809619395 29.93348950967154 57.47576512880187 39.532312984387616 66.25311162915537 16.716592060129205 71.50492671193084 30.65666429544706 58.9728967389602 13.536554760377157 10.879206197246821 51.93829708683151 32.30222712034175 13.045735616559679 84.4885057319592 60.737318263788325 51.327758025452134 63.04647764534439 87.8064953627587 70.80701399785997 39.79773984793629 23.42926996414344 43.69033089309713 75.25691373121614 66.95183529824048 32.521569464640784 5.254588384560279 37.315183313903866 71.77805444852272 74.46531406838741 45.93940726012373 32.72015802711949 49.25060208000377 78.58414808917514 90.56034878932529 68.8631231833457 60.645402549484665 70.76992384534134 93.45416815571348
39.02227064815935 36.78368962229997 13.014075761831668 44.30121922753847 70.4303730430205 39.63334760750184 57.21202315989307 76.47543268156275 73.33070216960077 57.24572930291354 48.65042224348596 10.64751665636512 63.007933677583296 31.374345907182803 16.83880714604269 0.0 45.8487902332829 59.22885110326412 34.07300189783753 36.271864770174034 32.18113899164227 19.564063592858417 11.312706532903352 45.61113606089467 72.62005635793365 19.967569478760826 49.9668244922118 44.986568738933165 70.44414541006734 51.92913706063341 57.37481219484706 28.56241814647412 86.86749128220596 28.829922946913875 74.23181136193645 5.704422402424276 24.141766894863096 61.305750013058564 38.435382860376286 29.15058320023636 81.7255476668832 64.45494957105275 63.43970246808843 79.30656414600999 104.63864642072573 63.03528737110643 38.38828658788254 36.99602732951163 60.486229234582474 91.34163460993118 53.54632078131774 19.43133589796509 16.816628879009233 50.82199371768744 85.31005175549848 57.96905477852187 29.43216048173157 27.693629468031812 55.3395558294057 88.05021322656286 73.84461956573199 54.218616188201544 53.11395819926245 71.39559147143052 98.83507534328845
46.63418485493728 42.951412991249626 58.48935777172234 45.593701226986504 75.04586006940345 32.452904179342525 50.35877745885245 75.0143076323662 78.4293954144586 59.856003279084156 49.46631316638829 48.29837394620939 60.59340557006867 34.149888199549714 34.59580568541891 45.8487902332829 0.0 74.57977481541158 35.92326623509428 36.24153784734652 34.36290890305221 37.02784540342016 53.44950013864631 28.45938009376414 74.25620132956368 52.58140600161221 51.92182638646507 46.09362750756778 73.20595605776654 60.06315776709755 63.682756686970265 45.53213242276162 76.41923374340493 30.119668316701755 66.2737193163388 40.18745430422452 40.871472055229724 75.92815442294692 14.26167118014363 35.54554924881324 66.15717418245944 33.85769241267524 17.62849445968367 43.243879798944505 76.31612742322024 64.92458146308206 31.40472280222254 12.335473878051934 41.38747615778944 75.28967004173504 75.1563091994796 49.054708665807375 39.485216578792254 55.737101384090316 83.95826861665323 93.1477237059372 73.52948692709661 67.31595787001883 77.78853797926067 99.82705453639358 115.32177232520833 99.93371660382725 95.23161568356697 102.69396237453824 120.0737921409332
28.080234217288822 31.846391667338867 64.06632183314284 29.498465036882063 17.79671194126511 42.36761715125446 32.40669745067758 27.980394734211725 18.846464475055754 19.827166413297814 104.82690939766196 48.689434121614816 25.726249354980776 85.07581018538775 50.05143226012199 59.22885110326412 74.57977481541158 0.0 88.184285704648 38.37160616371963 40.84304576136033 45.40275113499137 50.74843564005454 48.523881501952744 22.392576646435202 39.613963583208346 24.47191057106013 29.14256486435723 20.066609358866614 15.34544647099229 115.57365663391941 33.342569638172094 44.41654075924078 80.68313326716778 35.140438433967056 60.10217927904032 39.21184694800057 2.1339197942352057 79.08321511415495 40.76217426271179 134.04898452904334 106.9585692076445 85.47448122528567 74.6082066466894 78.87729840526086 120.53927701822401 89.62339289378117 62.68811358267285 47.13871442968368 53.93634206263848 112.53783182185872 78.64190603706616 45.81683703414001 20.215417469329857 33.361520172181926 111.24017307044755 76.79083511243635 42.59274033438676 11.238488358537944 28.86725881457453 116.8698913483679 84.67123494617523 55.44991396595915 37.080942536492806 45.498659864144464
62.35883730512903 58.87725287905307 41.04871443939193 65.07040876926423 95.28770087185268 54.353806051850064 75.1293389659125 98.6537973158608 98.56013035823305 80.23579893291446 16.950980109049905 43.45080985506993 83.86561165889704 3.113516391082185 38.13970127933428 34.07300189783753 35.92326623509428 88.184285704648 0.0 54.5320627837975 50.51090680222267 42.797659365047906 45.380644843856025 55.53870007274111 96.15529215494834 52.22779142877464 71.88133091605323 65.7623020896844 94.41352463493084 77.17378129356825 29.8748771193042 54.856292689473364 104.65311649069035 7.925739349912551 92.82559982483201 30.250377908769426 49.00816394030513 90.0776528549909 21.701982363952062 49.12098726090032 47.74102234268751 34.73209896882361 50.28183506886526 79.02555239512002 111.16044115735434 33.2802676725756 6.74080330145611 37.123499827449756 71.45434659428804 105.96294943258754 39.29714914921112 21.865998321401424 42.50673966959472 74.3664510069866 107.92942247763992 59.91034541935684 50.043424521805775 61.75956931259859 86.71187738167932 116.69815837538636 85.10235259879636 78.25592645686734 86.02501747609362 105.22048866429905 130.90887223653468
10.412928642502521 6.850212877344545 47.50479763702145 10.635753849269294 41.25053480086225 5.654792157273801 21.56431842661379 44.13118497618121 44.606299389615884 25.918034243885355 71.4611697254609 29.897569770255075 29.40054610426183 51.49156131678482 20.01210666087567 36.271864770174034 36.24153784734652 38.37160616371963 54.5320627837975 0.0 4.313178662726735 16.71268601005493 35.36821186868663 13.875433482888212 41.71846917343277 27.13748130749766 17.50251384884547 11.304392857795564 40.092141388329175 24.3208521012672 83.99289261716817 13.776346199141505 51.66472910976597 46.61669941309877 39.24450770808296 33.53973029859362 13.610290011878597 39.78296224468902 41.51163659242312 7.121415862566209 97.49287860677903 68.78679554005292 48.50978214246454 48.678419741276294 69.14327151399488 87.81120286405607 54.351220429972265 24.33415940340261 25.001915996627083 55.25295133404217 86.61451235965409 52.41411694988533 19.678869612380083 20.54576628172657 53.40272899658199 94.22670818122978 64.11855110096188 41.69568983066898 41.960676839676886 64.63506901400943 108.81417604004534 83.93940474516215 68.16077618465474 68.1228899318148 83.8470860357065
12.838061314060758 9.060061984060932 43.68536635434171 14.563062135365024 44.961418295322744 7.980593871740713 25.877495253952528 48.23485379173337 48.28782855188764 29.75369852959543 67.45675421068718 26.350509193834142 33.57540915510407 47.45158210004921 15.753000410526484 32.18113899164227 34.36290890305221 40.84304576136033 50.51090680222267 4.313178662726735 0.0 12.692825630291543 31.95430775371877 15.70581855314273 45.64887207489023 24.603622697976757 21.374813164229497 15.258608388048621 43.94363339011429 27.490328542245567 79.85942269505576 12.482116138684786 55.97751965354761 42.613041241135676 43.54908250638408 29.289280460016666 10.608964535730573 42.387419689753486 38.3821545856163 3.2847179119110406 94.07410021306454 66.11738831581422 47.83193899200915 50.981294430888845 72.8361381452721 83.77498649205528 50.56333304747704 22.13370325948084 28.600679628345585 59.50583849104656 82.30261782532556 48.10789853043215 15.807323930898797 24.087873867674 57.4928902894458 90.09088710046977 60.37119097161998 39.59570957277308 43.425643240309235 67.81282712020514 105.10048837727106 80.91666511242062 66.66086649142343 68.80847291066974 86.14122800034669
20.665629033320183 17.82646085009618 31.04595364964543 25.175503084569677 53.45567309448932 20.41866300079526 37.79022771866077 58.330446117826924 56.59737844234033 39.16642247584886 59.532497348635474 14.246118212032492 44.25871513275897 39.68634309975856 4.66310165571612 19.564063592858417 37.02784540342016 45.40275113499137 42.797659365047906 16.71268601005493 12.692825630291543 0.0 20.006772093992666 27.243765865938194 54.99563405603683 15.662628412550065 31.32230318265971 25.879068392450787 53.00224398046811 34.95164359319353 70.86620571244026 12.061600731826918 67.67232122412513 35.28758282641346 55.08145832023232 17.254817064664827 6.216106132566841 47.28304500405772 36.11360450824478 9.592201201433882 89.01221964878305 64.6274951408327 53.15119905813899 62.194740508830726 85.4758473753662 75.45857037526305 44.362245297784284 25.23615930626613 41.23785432407166 71.82687161429683 71.1094990435494 36.557196902917084 3.3392664431033583 32.87441283376487 67.4177840169598 77.53003749411138 47.77037631805652 30.788745381795913 44.818753663299184 73.92110907321421 92.50393977922339 69.31590882139454 58.71284595266025 66.96632040032267 88.97507841714767
34.98179097592954 33.73977445966718 13.74693712655162 41.10812057147935 63.74523983489694 39.925784968323136 54.37943386614639 70.86568702004656 66.38801479313327 51.991346003847546 59.817371070794394 5.770172990983937 58.50273517601678 42.65908474189139 19.874854187157084 11.312706532903352 53.44950013864631 50.74843564005454 45.380644843856025 35.36821186868663 31.95430775371877 20.006772093992666 0.0 47.1676647776837 66.49924446022685 11.449731288286147 45.70409292627261 41.724052219213604 64.18420717118386 45.77912631637053 67.96867644935863 24.130795901615897 82.86184295441295 39.93830140184567 70.28032446315936 15.80486319183103 21.798605978486247 52.87230326158876 48.036752546993846 28.670415254675504 93.03616017344325 75.02059011385987 70.67678730187264 82.20149066331061 104.46874820355323 73.85618603387451 49.56298861010346 43.047216915964725 60.369324564824 88.49105735585037 62.04854309667475 29.43653872889122 16.668785121336406 45.65125908114851 79.27847745186618 61.981248653007036 29.29573235052762 16.42118503666859 45.562279758284056 79.22776022441556 73.68647870914513 49.31207436842457 42.760777784768834 60.16732883785463 88.35468695027048
22.698052156096946 19.947274079327105 57.969067961528516 19.101824269769065 46.773651606613335 8.224761401077332 21.9186991920437 46.606419535311844 50.13880521864666 31.84962615732821 71.8667508951661 41.442878262044005 32.13507564836862 52.771156140683 28.819186367696485 45.61113606089467 28.45938009376414 48.523881501952744 55.53870007274111 13.875433482888212 15.70581855314273 27.243765865938194 47.1676647776837 0.0 45.81342775183838 40.309123509099564 24.460231119161392 19.402514211010416 44.82233201328456 33.30048080592953 85.39400863272742 27.56671743737188 49.54994801615367 47.80581911787152 38.45970473760797 41.610494984445694 26.301211475499166 49.54983272171139 38.01253781718139 18.880635719863047 93.7743197873801 62.31091855622637 36.966373525938586 35.287528293874615 59.318978545147104 88.21203772189148 53.662776416921616 19.310040626300864 16.152891001503967 50.43617976139816 91.39759803918693 58.70769028699554 30.569723643643112 28.587868791798243 55.63153434943077 102.51859481113551 74.72158988106287 55.239219962624325 53.98359534656113 71.91583572351198 119.37698356563462 96.38329809857393 81.99601195897347 80.94245908565182 93.67362099085376
34.34444691279588 37.50353848816124 80.24588094225125 31.106919243324658 4.815983694043528 43.0547888601673 24.101007428224708 5.591033765335704 6.206205971007611 15.950831378363267 113.10360046091522 62.967688832572314 13.73232332300007 93.0891597926005 59.43308336685946 72.62005635793365 74.25620132956368 22.392576646435202 96.15529215494834 41.71846917343277 45.64887207489023 54.99563405603683 66.49924446022685 45.81342775183838 0.0 55.08106343659173 24.274527939151493 30.424189997189686 2.464802926608779 20.775648934909757 125.34118339713086 44.10537182329593 22.220048151722203 88.2616345269413 15.43269982361514 71.88512953216507 49.14292575311534 21.02538671748153 82.43197264650894 47.16252639114368 138.64633149091918 108.07866578693817 80.83304226125381 61.49596253360446 58.51765596986158 129.40544821485634 96.05598718705315 64.05132601690697 37.05710591370995 32.229223966359854 125.84439232704473 91.24777541089095 56.660005966783125 22.122620919024246 12.779622762490227 128.43667938287746 94.75896487713618 62.107841933715655 33.62065476413171 28.251630328919656 136.8328935314729 105.7640286694766 77.74071149908295 57.41085391229054 54.251207632179714
24.550323050329812 23.99168360418653 25.179180001686913 30.963904853453705 52.29583835378841 32.3795824238547 44.14790061633784 59.51155263714429 54.94290916541629 40.77913400989867 67.86950441245945 9.32678663788356 47.482385885669 49.26338969827971 18.227441138612818 19.967569478760826 52.58140600161221 39.613963583208346 52.22779142877464 27.13748130749766 24.603622697976757 15.662628412550065 11.449731288286147 40.309123509099564 55.08106343659173 0.0 34.908955929064305 31.52144754712795 52.755250863311005 34.39828931605245 77.2486199168062 14.112128323418325 71.89335996632089 45.704880217371745 59.38694152912156 22.13058015669866 14.045086312939166 41.72244978480376 50.240704105036684 21.480010166963336 99.83644061362392 78.44604091280168 68.8114037499212 75.5711501111514 95.29821437604056 82.74930003108929 55.340491541409015 40.89639380842042 51.74245571626657 77.95428208103671 72.93117344747854 39.34614215162831 13.119943044588828 34.510839895629665 67.85804592389275 73.36164160152492 40.131220632827755 15.295398885163452 35.38691186382354 68.3034975827827 83.88305103020396 57.00661652848766 43.104065185200604 53.48817227225961 79.1127470151123
10.9553912023956 13.51482536349577 59.19488830486343 6.866990696645835 23.791043722382643 19.60905381728743 10.551278010888609 27.093219083429354 27.164645131337387 8.415971305294903 88.829213656234 41.25757999602331 13.041113268645198 68.81685164906965 35.570796809619395 49.9668244922118 51.92182638646507 24.47191057106013 71.88133091605323 17.50251384884547 21.374813164229497 31.32230318265971 45.70409292627261 24.460231119161392 24.274527939151493 34.908955929064305 0.0 6.209113306712505 22.594161731751132 9.139113193059266 101.12831716722944 21.734197538893163 37.189001777538145 63.987162367314134 24.580769485763575 48.513857132229546 25.87822901479711 25.289283885222414 58.730485810611746 22.973650649379525 114.86148972201218 85.3351707478395 61.36630461258308 51.423319113859726 62.59148973927602 105.13608695381772 71.84843174426433 40.81226372605576 23.747167396273596 43.093600579838615 102.4318015716416 67.86777601391313 33.38637701753647 4.2566913290124795 36.282816500627376 107.28105880107206 74.92420822211224 45.96610733115203 31.732691574575032 47.91533211916782 118.76191855194601 90.47068627492162 68.26625703657784 59.417199738266305 69.24817976443049
7.03928336658294 8.210695877736327 54.911693685812295 0.7113065980788735 29.995267035025005 13.650333014220765 12.666926838635053 33.005546112007835 33.364922937649446 14.622868974669396 82.70426586855143 36.89623190170006 18.493971550045053 62.70706370079482 29.93348950967154 44.986568738933165 46.09362750756778 29.14256486435723 65.7623020896844 11.304392857795564 15.258608388048621 25.879068392450787 41.724052219213604 19.402514211010416 30.424189997189686 31.52144754712795 6.209113306712505 0.0 28.78841021685797 14.061997588226268 95.10014114164383 17.618443789029985 41.88395447972954 57.85794020144452 29.25600809176638 43.13387082255482 20.86900147838052 30.23536897393468 52.55846815988427 17.08272297025094 108.6667406906802 79.33181122271945 56.333109207776 49.478372014469215 64.16857941996011 99.03123272444759 65.65559367434764 34.770309673266674 22.408422910305195 46.79899495127619 96.88454946680278 62.401552870683 28.216046198698805 9.653512969602948 42.25031300925345 102.69750356833521 71.0172562150795 43.988128830497615 34.946983173737344 53.87447582382068 115.27186355504374 88.08564897811577 68.00984800440264 62.34080636986622 74.44589777976839
32.390418761629476 35.6390561585064 77.92883074429628 29.457603485198785 3.0847798340458503 41.68496404904519 23.374962440447383 7.9475850214705135 5.69532714471786 14.190536068893069 111.36449823406838 60.719734028237625 13.05872501685882 91.3378795309221 57.47576512880187 70.44414541006734 73.20595605776654 20.066609358866614 94.41352463493084 40.092141388329175 43.94363339011429 53.00224398046811 64.18420717118386 44.82233201328456 2.464802926608779 52.755250863311005 22.594161731751132 28.78841021685797 0.0 18.53529898969782 123.4968605582454 41.97167654472889 24.405123097913773 86.53499482163177 16.7151668764357 69.80815382389817 47.093838314769066 18.77335093105929 81.0559668418001 45.34581350322189 137.2592582221014 106.97945998986815 80.27386141495792 61.95133470097911 60.223168263945425 127.6374754691756 94.4419105844549 62.78582128958694 36.873836057122055 34.236468378043305 123.73981224949877 89.15438457425319 54.592322051657675 20.17407123233052 15.116840215640277 126.09840687771371 92.37072172493718 59.65513577118978 31.304363806639046 28.214076994547135 134.38412310812308 103.29946111428337 75.34763909799206 55.48474294382391 53.6157496781322
14.874371305963448 18.52995229117789 59.52389617217855 14.505621127176866 18.586829067253017 27.62088723563162 18.104105411210664 25.12182004211214 21.659257958061822 7.4764118698338144 94.08159225543831 42.19355298217942 14.94711709602882 74.06908715380882 39.532312984387616 51.92913706063341 60.06315776709755 15.34544647099229 77.17378129356825 24.3208521012672 27.490328542245567 34.95164359319353 45.77912631637053 33.30048080592953 20.775648934909757 34.39828931605245 9.139113193059266 14.061997588226268 18.53529898969782 0.0 105.77750649536499 23.5471950596074 38.61957475707892 69.39747813789198 26.801006295277443 51.45714398703213 28.884839092784503 16.254320730489063 65.7819154384223 28.204859693297923 121.55974735344186 93.05727674558726 70.26610008551359 60.08141457224987 68.38867905990033 110.20146817865161 77.79108106616756 48.511594551175996 32.40572676002829 46.27873438796034 105.30403333094554 70.75120029724495 36.29571924416358 4.886728111088964 33.54452223609621 107.75230964436865 74.31390887313232 42.77146107685237 23.045232175187568 40.34366842784651 117.08627619795534 87.18885647212318 62.365063987599164 50.71202634025862 60.405479235294955
91.16957855898372 87.8580804341529 58.646091850357735 94.3981699224671 124.17179859725152 84.12567988496528 104.88087405016624 128.0942383023531 127.37290814255053 109.39035867829558 14.229973006749507 67.93831936291805 113.39223695516063 32.74471894831107 66.25311162915537 57.37481219484706 63.682756686970265 115.57365663391941 29.8748771193042 83.99289261716817 79.85942269505576 70.86620571244026 67.96867644935863 85.39400863272742 125.34118339713086 77.2486199168062 101.12831716722944 95.10014114164383 123.4968605582454 105.77750649536499 0.0 82.6985628141133 134.5083407756018 37.720587545994654 122.61598473048048 55.55430663913095 77.02589421707289 117.56819167390987 49.69431996211555 78.1797759462343 35.08505584719907 47.17592873450132 74.93334194542486 106.76738075104878 139.92273518832124 7.069693287979078 32.487109114729634 66.75101151626278 101.24641427030214 135.79701340984462 22.139462412242967 38.62062863126651 69.91276742845693 103.33867657600128 137.34924112005538 50.511997013400205 59.447165561891666 83.1340698456902 112.62054016880316 144.3963399360049 78.95430088997772 84.74982889098888 102.59638117968305 127.53130371535522 156.19597139058055
10.872060295462097 9.881034851315361 37.484840724735264 17.020056462658236 42.13191590929585 19.361638817987593 30.285129335572922 47.91498386087233 45.158698592173515 28.69572831160962 71.56314305203479 19.523677597623 34.70589866335286 51.74564906559982 16.716592060129205 28.56241814647412 45.53213242276162 33.342569638172094 54.856292689473364 13.776346199141505 12.482116138684786 12.061600731826918 24.130795901615897 27.56671743737188 44.10537182329593 14.112128323418325 21.734197538893163 17.618443789029985 41.97167654472889 23.5471950596074 82.6985628141133 0.0 58.91569188882627 47.34196474214382 46.29099811081407 27.91723422071223 5.877313679397826 35.222047475643954 47.0271685661407 10.21399457394394 100.9219731905294 75.46223204054083 59.988659014125155 62.43009619871793 81.18609220516984 87.42177603500855 56.34920564414668 33.20745248442179 37.75013505711606 64.36028562431623 81.77416441925253 47.20656339396476 12.835869486062231 22.269120334103423 56.76197805258893 85.54905298758928 53.42548787810444 28.013695711151634 33.318067838263794 61.88911250138023 97.65966562283221 71.08211055891822 54.43089206118595 57.16272384950638 77.24785694956473
48.078107112158094 50.08381930176302 96.38366647250724 42.57313998211077 27.022750754144568 50.51793718893787 30.10351573513082 16.712326911576955 27.40053180782662 31.430982512746034 121.23814321726958 78.43807133258107 24.41465666536317 101.76456831626538 71.50492671193084 86.86749128220596 76.41923374340493 44.41654075924078 104.65311649069035 51.66472910976597 55.97751965354761 67.67232122412513 82.86184295441295 49.54994801615367 22.220048151722203 71.89335996632089 37.189001777538145 41.88395447972954 24.405123097913773 38.61957475707892 134.5083407756018 58.91569188882627 0.0 96.78781015845331 12.643884256823654 84.89884203716913 62.73413120308828 43.177625131232396 87.46126702929367 58.46234452508776 142.5666018271145 109.60463631270366 78.07651785921867 50.73002047635431 38.025692784715496 137.6276780426436 103.16033451315504 68.83010742284085 35.04233120754462 10.639477562367436 138.2776801154003 104.01799414812935 70.09720546707179 37.447858970854874 16.909017961375067 144.44113959377893 112.00996170154765 81.38818117168493 55.64760867784142 44.3180829132488 155.46335748357725 125.7832272744976 99.34152292286487 79.44060211972763 71.74701061835073
54.5565129982962 51.042075478851125 37.750015223094756 57.16767371925618 87.44141979755994 46.44289702622395 67.21580168968141 90.73329386963954 90.72479675991256 72.35190147803488 24.84668621223932 37.3169697714678 75.94128668032957 4.9791461865507 30.65666429544706 28.829922946913875 30.119668316701755 80.68313326716778 7.925739349912551 46.61669941309877 42.613041241135676 35.28758282641346 39.93830140184567 47.80581911787152 88.2616345269413 45.704880217371745 63.987162367314134 57.85794020144452 86.53499482163177 69.39747813789198 37.720587545994654 47.34196474214382 96.78781015845331 0.0 84.9232259395231 24.269868126498842 41.471369291477885 82.54665710443307 16.513720842968766 41.283442018032126 54.20933024545459 36.37929780648029 45.85939637721382 72.64670857675321 104.14813200898449 41.201657262817676 9.683334056875081 29.745766180824788 63.80209638307608 98.24183248491337 45.40322999381234 21.31442296271865 35.24205057856645 66.51725942981003 100.00967775763786 63.48433621572434 49.041265258851695 56.34392885069472 79.61808089138614 109.07908670420346 87.20027122283602 77.10952365002204 81.7472220984983 99.06602016007857 123.85589498509628
