0.0 52.69649412561213 48.21439706889121 26.094666004599166 34.701509672485734 39.54263165019398 33.12515651759286 21.11678456201464 22.813694562012905 65.244726790267 16.889861732893735 64.00316179977375 37.531596467278696 24.45923776600819 15.846771291244115 16.086245625322167 9.893264181894558 59.398156839621095 47.662995662500514 36.73354298493838 4.6596007681350375 49.859375570848556 52.904630116215415 25.580939256408183 13.607525959579412 37.98683441941529 15.232500453087507 15.500756489398436 23.93139125726573 61.424447375389455 37.98683441941529 46.061806742763274 44.0780117338497 26.001361560882504 14.44192150776907 51.05651479707879 25.654043753073395 52.46837428883924 48.33918783281511 32.31979358367405 96.62232418943161 66.48246284934659 43.575067038820634 42.100823451398064 63.56883253683754 88.8692672691563 54.72665807852762 22.07078229442782 19.341242073644235 51.535422245642984 89.6885160786203 56.035221467636205 25.113965258746703 22.72279768841502 52.88467543860278 98.86715790271128 69.67586644319631 48.26544991413303 46.89559451729468 66.8105961192548 114.41023806124635 90.21778975527516 74.7231475442173 73.63830625136475 87.500878249615
52.69649412561213 0.0 34.746914062257915 64.53458240727792 86.34189657052127 18.60115713448682 42.41287447817609 40.616191839268225 46.12755751620414 77.570319640717 42.46345377886823 21.11452838372527 66.26599162013386 30.65400003432533 37.328455254706235 41.35955450114574 58.59946516375065 17.78526445502597 25.731637837952555 85.6125979195101 48.37292322302715 11.912985268605507 46.51388371411648 52.105681083376396 40.719469902659334 21.449828346813018 61.3928535362524 40.326057663830376 42.411061114464516 69.82253168987059 21.449828346813018 11.33894358399727 53.740245412333145 29.51333667676367 67.05025805177435 46.10930798784084 66.12137346259766 10.135256249366076 21.072306955188612 84.12232365150533 55.324919069484174 42.257006113631675 53.900665887892046 80.12320713794259 111.03600398612488 38.18569917524761 14.059170082092017 36.496896445861935 69.72257297179638 103.85230598376398 38.243097869843595 14.212914086405403 36.5558446543732 69.7531582750164 103.87264731162232 55.44372966956103 42.411016346798746 54.02037135112648 80.20302861685958 111.0930697278365 79.32511388763277 70.62316301795138 77.95861072187462 97.78657978120842 124.26440258641595
48.21439706889121 34.746914062257915 0.0 44.0338704148193 72.74739578364307 42.25877263393808 17.794392721180873 27.242914670583744 57.09429915398516 43.258788230711204 31.423773608609384 55.832072429104706 39.440822382697334 41.372425308041976 40.385094894962606 32.13513376916515 47.92929040438307 52.20456341339014 9.047172910548072 68.1321846115796 43.8362239485662 43.73380620239969 11.78982342308524 30.806360413194746 35.27895879040342 44.043831143291 47.52360504648215 32.954537810537545 54.57990959553502 35.32375997962598 44.043831143291 23.90532424756799 21.767263010435812 41.59338144453085 60.85604729023319 11.395818029789066 46.35738380314998 43.538836098459086 13.77326422063748 71.14523823568435 89.75237284361017 74.61076311365933 73.97834340647525 88.16788754101373 111.66516587956589 68.84949886171603 47.76991251075426 47.100866796610035 67.45246347357588 96.31196222375712 54.99686833895912 24.127068236371084 23.117626380387275 53.6803801256773 87.31317829793637 53.93322187839568 21.61749090391308 20.51075288424358 52.62050584020255 86.67177087100609 66.27722678074993 44.01786667061283 43.32778769911288 64.89872565596635 94.5579970182941
26.094666004599166 64.53458240727792 44.0338704148193 0.0 29.926284165971737 57.63319229333548 26.43640785239864 23.952252411095948 48.53429312542248 42.57533448515164 22.896557712073438 81.0853347925947 13.152644758797782 44.64754246079762 36.111503275753904 24.54056490462677 16.92545252435492 76.44498237280295 48.368848669349255 24.126577685090638 26.020761716248575 66.20169861522977 42.471473349860986 13.514825363494356 27.320492617680376 57.102830089747485 11.81201661355429 26.23458988844914 49.01917215513315 40.9203185648404 57.102830089747485 54.57122119416995 28.529535419534117 46.098057319350396 28.069853195242903 40.65355750471005 2.4695507277089006 68.06007734520041 51.3516317761298 28.82580905623585 115.76422084076727 88.9930197177163 69.5193089099075 64.34970930638072 76.44350782466574 102.71229045818886 71.37526831462895 45.098469053231284 36.98842472752969 55.65288748834825 96.32879884477752 61.93166355376771 28.047770559199513 11.518547448922847 43.28428648506052 97.92699446076693 64.36719642604233 33.036688338735225 20.846022312813204 46.61048793375763 107.15023610388809 77.57078267758448 54.29632006248068 47.68401450990401 63.2000864545522
34.701509672485734 86.34189657052127 72.74739578364307 29.926284165971737 0.0 74.236382944838 54.96662657543098 48.06091038182637 53.74853467463698 68.5285195283198 44.919802009944775 98.70358447241856 40.872581183065584 59.15896907892542 50.48065814500939 45.54057180609756 27.768628539751347 94.09409104837351 75.60072295884747 10.107851638637612 38.42760501656356 84.47450722494435 72.3126228442737 42.08646399297384 45.62945353341891 72.67869287757394 25.87540238360249 46.23910246344418 56.18392291790609 68.82301603649161 72.67869287757394 78.25367632562286 58.425036830675204 60.69874132064954 22.519857968130623 70.4725131807027 27.457018082193425 87.00649860229935 77.73010779415172 2.465532355044072 131.0063601402036 99.62665328973901 71.29574104606061 51.33716330429363 50.82061571137714 123.32954157367627 89.39206285018037 56.27212569745615 27.147919162717642 26.501189669025134 121.76877684186981 87.2463131426942 52.83045272128086 19.106222725578824 18.272717185140436 126.55064571506091 93.74660872605081 62.90165499115579 38.982567783503015 38.43818178983446 137.01240961470003 107.333105805671 81.62823763931115 64.81297035850552 64.28881273996733
39.54263165019398 18.60115713448682 42.25877263393808 57.63319229333548 74.236382944838 0.0 42.05772278609866 34.85493137482563 28.167249391647843 80.89691056479808 34.82180576333799 24.479485558635826 62.970543302402945 15.147366277171358 23.785727723128936 33.09998937875816 47.454393904758334 19.857957186947996 34.700275451451596 75.3793554804208 35.957633341607014 10.688208602525108 53.40158866133969 47.52784258491096 30.63656496741929 2.849291987090369 51.428549315243785 31.412198815686224 24.398824679644946 73.95927467042951 2.849291987090369 21.15455640350962 55.69899623597971 13.645673926553476 53.0838487218248 52.38030808865123 58.63687511939846 13.64662537969853 31.267113307307024 71.86154631148001 58.23173521063384 33.753127530338936 35.8112946399843 61.8098746379049 93.55912010337903 49.75618069718979 15.245237783880789 19.596208019774203 54.133721455049255 88.72295398903861 56.22628164762127 30.19669397987096 32.513488504645885 59.977117054604655 92.37003428222307 73.81089053132041 56.36935244537059 57.46091611649229 76.29421025519757 103.60816959212141 96.62041976736411 83.84079153158343 84.36689131431616 97.9846293665649 120.32840083524466
33.12515651759286 42.41287447817609 17.794392721180873 26.43640785239864 54.96662657543098 42.05772278609866 0.0 12.632916743789945 47.35568003653108 39.19992544340106 16.613140209820088 61.85798131662235 24.20735078456909 34.8198354258471 30.178479825300045 18.064063252453746 30.9709316184078 57.525614957266015 22.193140807028982 50.44357688465031 29.30731221080495 47.596093127036404 19.800846600328658 13.045364783360505 22.213421849769823 42.78578850085322 29.97636069192809 19.613919529560274 45.78033666484013 32.91704105546327 42.78578850085322 31.313234584202824 14.061093362712867 35.67442655488665 44.3387125382471 17.940163717606243 28.697335897927577 48.56280881016113 25.676249884825292 53.39361943994278 96.99846183996766 75.79719055170622 66.90659897652077 74.85010536826395 95.5162287554357 79.96263685622034 52.518802757342485 38.95190080519014 51.68269626463863 78.86555771223627 70.50993723310822 36.727598777481475 11.001536923221892 35.888760870024285 69.64068163272628 71.70541648891708 38.9534401222912 16.968293914030177 38.122490171730405 70.80659766517765 83.09067392006692 57.12772480971003 44.921136780085305 56.2765924343469 81.92079052782688
21.11678456201464 40.616191839268225 27.242914670583744 23.952252411095948 48.06091038182637 34.85493137482563 12.632916743789945 0.0 35.079104330038255 49.87118023447437 4.226938956330166 57.461505789348834 28.161837297666395 24.36668593446059 18.196830772104757 5.438198386085217 21.276603863722325 52.863304802501595 27.951697615452332 45.67611957724799 16.9700160126768 42.607503695112214 32.06740290608828 12.675446696724856 9.618517617498773 34.840006181935166 22.19112333909088 7.024040244012652 33.80990512673138 44.40710638373818 34.840006181935166 30.996086765278292 25.6872112466381 25.512797314868383 33.70400056848063 30.264632983876748 25.506066867497363 44.296986029975095 29.706051368291348 46.13058668991999 92.41261557696312 67.78522718819572 55.17587864501077 62.359547757850876 84.42655898119745 78.77661637089561 47.76969363114856 27.440335833003804 40.23481688918729 69.85376874533364 73.90487837252975 39.305877379055595 4.77779716627575 29.925859969814287 64.52240885188549 79.42708180907279 48.82524340464292 29.223030925640064 41.4596762388048 70.55963467465098 93.51950443702923 69.27303014239679 56.9771777503569 63.94400635693358 85.59243073031104
22.813694562012905 46.12755751620414 57.09429915398516 48.53429312542248 53.74853467463698 28.167249391647843 47.35568003653108 35.079104330038255 0.0 84.47279731855427 31.883502972821294 49.89077716112819 58.87760018700001 16.920257471346815 17.255621971711694 30.00344660495227 32.69538321261475 45.80082066305336 52.861480766738566 58.02435015495981 22.625807070145342 38.498823923253184 65.33558818699977 44.801043376680845 25.627963193344083 25.52158736499558 38.045197837790816 28.13995209194444 3.7700538249091653 79.4108936416884 25.52158736499558 44.483853669990495 60.7649239184441 17.477689895028433 31.23215352020768 63.727538796375285 48.32438249927483 41.584323515954985 51.423051234207975 51.28503250122506 78.64761462112186 46.011706525075084 21.060712529109942 34.130290218128415 65.42970603413936 76.46157875323432 42.20329064243839 10.522148722227447 28.89924987790423 62.88458340769879 84.24327511187178 54.95621906586789 36.5823958446455 45.29002558125753 71.82569323081714 99.68472753199777 76.3820062531156 64.23512427231563 69.3748213515773 88.85018188253417 119.86057366363804 101.1090050939429 92.05538386678774 95.49892923562822 110.27504826071858
65.244726790267 77.570319640717 43.258788230711204 42.57533448515164 68.5285195283198 80.89691056479808 39.19992544340106 49.87118023447437 84.47279731855427 0.0 52.638394872779976 98.40163105275627 29.42828927573928 73.78134508137603 68.0314818935135 54.57169561586409 58.13241020014989 94.45332033134072 52.232256879822785 59.41453946415247 63.08591322237637 85.13881791362783 32.11492847644722 39.967919113367714 58.9272300959991 81.8292706835227 53.81931595786052 56.51064157121298 83.55400429391479 8.121834964766093 81.8292706835227 66.33826225990111 25.235531016688473 74.73081687284626 70.52506773849449 31.982320444403506 44.50699586816918 85.52863757771945 56.95744084788778 68.32477719955543 132.84623210678475 114.61684429064394 104.97886329097588 106.29554843725835 118.20138169115211 111.84653162008321 89.69815497472011 77.30854652632405 79.3864202380195 94.98703102048009 94.64839382981351 67.28343157867961 49.90601364164992 53.37573000233109 74.8474129939286 83.63217097138823 50.804787347651896 23.722540520175134 30.646982811142234 60.91438498002467 81.35000734781447 46.990099385950316 13.898508768269876 23.9399459596538 57.86127236767248
16.889861732893735 42.46345377886823 31.423773608609384 22.896557712073438 44.919802009944775 34.82180576333799 16.613140209820088 4.226938956330166 31.883502972821294 52.638394872779976 0.0 58.20908129522503 29.077310400725786 22.864567164833936 15.602600557155696 2.0054249438108416 17.620445321952655 53.56202091686212 31.74867097266905 43.22215461518809 12.776960866770928 43.32840147054277 36.2143789958803 13.724634334543824 6.290475600658054 34.46140449761649 19.215390530418173 4.011188838326175 30.936158274773778 47.55774908504274 34.46140449761649 33.48441732660949 29.07931664922712 24.167300039142365 29.649922990996583 34.396932781968665 24.107460900705266 45.25701957056344 33.193067592941084 42.899426150466866 92.87665498220967 66.98546193440438 52.37206200935759 58.25302865285268 80.24213054612795 80.44578977376709 48.50048656867153 25.058182479752272 36.03291589488397 66.0581013458723 76.85227053483761 42.33481237130467 8.547238598688045 27.36290068346939 61.800125218020575 83.24869096751179 52.9802006675481 32.8373742085382 41.76743940630873 69.32228510072638 97.69178938418783 73.45906997765259 60.36197670998326 65.46514740963488 85.57211485421084
64.00316179977375 21.11452838372527 55.832072429104706 81.0853347925947 98.70358447241856 24.479485558635826 61.85798131662235 57.461505789348834 49.89077716112819 98.40163105275627 58.20908129522503 0.0 84.84531191053186 39.55686729490099 48.26506944874225 56.66911268039949 71.87256154864532 4.671448741325658 46.83618191968655 99.77045072475319 60.4310441910226 14.883746667086172 67.61124239057276 69.8543657815438 54.70285742112058 26.100394319865188 75.69171381569478 55.15958443510903 46.27349218349168 90.75053050360226 26.100394319865188 32.09560727071095 74.1118825678734 38.026219616790144 77.34982323974133 67.16691514469665 82.30155776037076 13.327479388070222 42.18664191026669 96.32204575181824 35.17517582526892 24.77012247824097 48.83306913566655 80.93591301157106 114.50510507645888 26.706043964724657 9.710088011849097 43.24595668929569 77.72382946407754 112.27924340208286 42.42882381673692 34.22437465620742 54.19633988991266 84.24969673925959 116.84867243277267 67.06868153061045 62.00454420837432 74.73753394577433 98.59824782621796 127.484548011787 93.84598056268308 90.0771902592553 99.07284300871376 117.9476668509997 142.83757166760375
37.531596467278696 66.26599162013386 39.440822382697334 13.152644758797782 40.872581183065584 62.970543302402945 24.20735078456909 28.161837297666395 58.87760018700001 29.42828927573928 29.077310400725786 84.84531191053186 0.0 51.9409988609885 44.316274348343704 31.052216227750836 29.3224947128358 80.34519787740476 45.844561319572264 33.05884098992094 36.36694764640033 70.16027036540912 34.60342323224508 15.51956713548831 34.892855623552165 63.001668428088585 24.632391705057554 33.03095240757973 58.76613579830209 28.21060613483954 63.001668428088585 55.3651451400692 19.566864513978132 53.229522974036044 41.18215410154483 33.01147204254315 15.104765564546973 71.53251257570676 49.69090423507743 40.23453670670829 119.99044007551392 95.8903725933089 79.91846377559372 77.28969919205879 89.19178103051831 104.0856498606704 75.25845972658715 53.74622626966369 50.08278887629128 67.25118936334724 94.08869662279798 60.83505896639079 30.724124130236472 24.122293522549434 51.13359094693409 91.94781204001848 57.500280313775455 23.5163307612564 13.950156554762955 47.23398567191614 98.17839495170648 66.9327419115582 41.422426216778135 36.69432650415701 58.06858489418458
24.45923776600819 30.65400003432533 41.372425308041976 44.64754246079762 59.15896907892542 15.147366277171358 34.8198354258471 24.36668593446059 16.920257471346815 73.78134508137603 22.864567164833936 39.55686729490099 51.9409988609885 0.0 8.969042501233162 20.899620245572862 32.78979888861111 34.96941203798463 36.31391657026106 60.687797057469886 21.1067922917855 25.676509222886867 50.7097952573711 36.521790013963304 17.38861786457084 13.537377861691983 37.13071172890564 18.943095125071075 13.723241525812751 67.73430173095726 13.537377861691983 27.665151622999442 48.85858061319262 1.5547081408084356 37.95128834493631 49.27353054631582 45.31029944309416 28.459224979004734 34.59857286455003 56.77061154982201 72.49204725018596 44.36456626181931 32.80497215549097 50.783376121281165 80.47713970905411 64.81245365417642 30.38840429291617 6.411715634351995 39.415975116652 73.89845807948961 68.85311076217977 38.19151772625623 23.901396740791185 45.59391496133165 77.33806935846877 82.91776770793797 59.77955174565947 51.63947839066436 64.45524778307072 89.65001127216682 102.9774161290472 85.25457324618581 79.54285972380333 88.20726191601808 107.8364772359145
15.846771291244115 37.328455254706235 40.385094894962606 36.111503275753904 50.48065814500939 23.785727723128936 30.178479825300045 18.196830772104757 17.255621971711694 68.0314818935135 15.602600557155696 48.26506944874225 44.316274348343704 8.969042501233162 0.0 13.605937037355494 23.829412787211538 43.636758834839696 37.18609157101363 51.74340004461142 12.192123464960707 34.017076703370954 48.14268120912794 29.240474631747635 9.45005074639538 22.420260823375223 28.179721317069813 11.611822173816794 15.641936449367655 62.58529752364648 22.420260823375223 32.008112264682026 43.79719683310187 10.517789825056804 29.8748771193042 46.511084299574144 36.62608081991592 36.62369675442875 36.59372251125605 48.12109942790655 81.45580863271759 52.9512724169436 36.97909540724903 48.227559549313376 75.36026313087065 73.0298217558821 38.91143697225174 9.470895005025067 32.55992384158607 66.52407302888015 74.98549412403638 42.437135919490416 19.335044893176914 36.628195383364954 68.58755508868717 86.62240243005253 60.533069780574806 47.11555452505668 56.30550085740226 80.7189840276217 104.7620932484978 84.28534374369936 75.0179059292228 80.90795574879675 99.2937684314849
16.086245625322167 41.35955450114574 32.13513376916515 24.54056490462677 45.54057180609756 33.09998937875816 18.064063252453746 5.438198386085217 30.00344660495227 54.57169561586409 2.0054249438108416 56.66911268039949 31.052216227750836 20.899620245572862 13.605937037355494 0.0 17.956736875167568 52.01223470839327 31.903259979951297 44.25315882346551 11.731935935423854 41.80141370650488 37.467700142866455 15.726145655266729 4.37551450634286 32.65973646830826 20.072068724422568 2.0057640597335653 28.98622388598086 49.41047207614562 32.65973646830826 32.72010351161828 30.849018840496374 22.21859349244685 29.389235557317296 35.67561567895367 25.641702933769402 43.80443374747521 33.0667514515872 43.46083178309939 91.23214572822509 65.07914417202863 50.4191533701772 56.95342374431003 79.62474084557824 79.21587288142527 46.96765145285126 23.056689790876426 35.385116926073906 66.08666242296268 76.26670791278816 41.85246538572745 9.027774502230342 28.39412433347402 62.65624958025865 83.35286014005075 53.59409291667078 34.522257058788064 43.65864867945658 70.81808322492267 98.32779622332686 74.61896411952884 62.14823902814047 67.46552405100911 87.38174734633125
9.893264181894558 58.59946516375065 47.92929040438307 16.92545252435492 27.768628539751347 47.454393904758334 30.9709316184078 21.276603863722325 32.69538321261475 58.13241020014989 17.620445321952655 71.87256154864532 29.3224947128358 32.78979888861111 23.829412787211538 17.956736875167568 0.0 67.21485203209782 49.22717792125876 27.932258034519148 11.745954860535537 57.32471413030943 50.41306646052625 20.30973603614732 17.880788928585975 46.23153575016652 5.413279719514433 18.50448285150506 33.79219251421387 55.21287693089801 46.23153575016652 50.56487095353003 39.352570039286775 34.34206036944633 13.58025846479822 48.51676745351859 16.11744162839031 59.7095560898024 50.81134413053531 25.60703753083237 105.28183312161418 75.94688175320485 53.351700536263955 48.163157007568955 64.71310591167841 95.85266105618604 62.36047565002533 31.381080647479887 21.80739621511561 48.592178841586666 94.1973467360464 59.80909599856838 25.999400698060583 13.025465428442262 45.36749610768139 100.70007401262087 69.51865850206542 43.81793685843986 37.44339779847669 57.26109695554279 113.97260355868433 87.49802581178076 68.67917283939961 64.59510157207494 77.60798681190914
59.398156839621095 17.78526445502597 52.20456341339014 76.44498237280295 94.09409104837351 19.857957186947996 57.525614957266015 52.863304802501595 45.80082066305336 94.45332033134072 53.56202091686212 4.671448741325658 80.34519787740476 34.96941203798463 43.636758834839696 52.01223470839327 67.21485203209782 0.0 43.283482228386745 95.10719251767728 55.79273687620736 10.257608257807734 63.99409877746 65.29491416464604 50.03148481285345 21.5711596339264 71.02148765683754 50.49504875784325 42.136563876289706 86.8804351051292 21.5711596339264 28.327014946668108 69.9809138963509 33.445966098600735 72.82196859024616 63.46843131772204 77.64831204582977 8.986625791962302 38.709370553273054 91.71782006160329 39.645315426787434 25.530425069040003 46.11611525352999 77.43662880524052 110.72943957078708 30.661564923399595 5.096796325428886 38.815941784215795 73.36369384775587 107.94739481780542 43.79212704795706 31.53772197671566 49.662265221046255 79.57944727955729 112.2242016414026 67.11595824716812 59.64644998189341 70.75048298522901 94.06565468885417 122.82446271407605 93.27587385494928 87.83532422384401 95.52173880633337 113.70340298571584 138.30122188059872
47.662995662500514 25.731637837952555 9.047172910548072 48.368848669349255 75.60072295884747 34.700275451451596 22.193140807028982 27.951697615452332 52.861480766738566 52.232256879822785 31.74867097266905 46.83618191968655 45.844561319572264 36.31391657026106 37.18609157101363 31.903259979951297 49.22717792125876 43.283482228386745 0.0 72.06097686978914 43.05662109898361 35.10714532638806 20.783711289293038 34.8540233058549 34.11589028307037 36.761823937523125 49.80878367396664 32.18350529479924 49.9616805550004 44.33767643770711 36.761823937523125 15.111281307675139 29.769454731832308 36.23870064904662 61.291404839249104 20.44234395077589 50.51826530722306 34.72306003315525 4.731834523727811 73.78966016441153 80.7110511717482 66.17948045983705 68.11714447374628 85.41041501483701 111.10672570561668 60.20898606687184 38.94983727559445 42.4721747531441 66.97394580376024 97.78528103905604 48.350658971659975 15.542512823184303 23.242335699040275 56.86559253761117 91.22520508357992 51.500872424005905 23.520974770415652 29.137253158606203 59.49428260636697 92.87091405603488 67.59263995354664 49.51839698767008 52.25120060780081 73.50587697559668 102.32716938347556
36.73354298493838 85.6125979195101 68.1321846115796 24.126577685090638 10.107851638637612 75.3793554804208 50.44357688465031 45.67611957724799 58.02435015495981 59.41453946415247 43.22215461518809 99.77045072475319 33.05884098992094 60.687797057469886 51.74340004461142 44.25315882346551 27.932258034519148 95.10719251767728 72.06097686978914 0.0 39.58472418887585 85.14858752893647 66.25649391880853 37.4075874425255 45.30934446027651 74.15784375776859 24.277311733930116 45.3486908095367 59.960376705548605 60.33271121598371 74.15784375776859 76.60973741285675 51.7434000446115 62.2419762309446 27.586444555301924 64.48449409782265 21.77536828072757 87.45100052576097 74.71065025411626 11.118313832758643 133.1628477901742 103.1157713225197 76.9946030000679 60.15200596616076 60.853488715004254 123.35214282221558 90.21872702215104 58.804102944377185 34.22371389047637 35.76924536524872 119.45710924605024 84.86676673972885 50.295024649851186 15.8639582844606 19.19883070983126 122.04567899897906 88.44073968485178 56.06445813164798 29.317654265869116 31.155554792815074 130.73314685130953 99.98785951715357 72.79278093667531 54.7248243958757 55.548396898911044
4.6596007681350375 48.37292322302715 43.8362239485662 26.020761716248575 38.42760501656356 35.957633341607014 29.30731221080495 16.9700160126768 22.625807070145342 63.08591322237637 12.776960866770928 60.4310441910226 36.36694764640033 21.1067922917855 12.192123464960707 11.731935935423854 11.745954860535537 55.79273687620736 43.05662109898361 39.58472418887585 0.0 46.06465790926526 48.98485703048086 23.12673245294853 8.962432239821375 34.606827535380646 16.48816858313484 10.956416962799764 23.003323321654587 58.812077916084114 34.606827535380646 41.484351679110084 40.96904065738967 22.66140868894643 18.999855570545524 47.16103706847592 26.021623291443014 48.57895362881616 43.68507246908591 36.10291570641531 93.58060032132254 64.30640757503966 43.682039741473595 45.56038168774588 68.10431268153704 84.91725704336964 51.02092703366132 19.752985186697813 23.918127624879588 56.11438506524344 85.15163762869038 51.406512991392255 20.719748438239254 24.715108398890845 56.45542844936785 94.2173498710233 65.22112798576055 45.00556629489463 46.819070931251474 68.94467892231397 109.95076337767584 86.23537777651036 71.96295973647082 72.90783188947401 88.58438638100368
49.859375570848556 11.912985268605507 43.73380620239969 66.20169861522977 84.47450722494435 10.688208602525108 47.596093127036404 42.607503695112214 38.498823923253184 85.13881791362783 43.32840147054277 14.883746667086172 70.16027036540912 25.676509222886867 34.017076703370954 41.80141370650488 57.32471413030943 10.257608257807734 35.10714532638806 85.14858752893647 46.06465790926526 0.0 55.44655485582337 55.05845511694079 39.94272789691113 13.049360646930062 60.98314341634877 40.31690725653958 34.73527584021439 77.72881917250265 13.049360646930062 20.02078342991931 60.38021044402698 24.217151700437952 63.61499730131227 54.752864342614956 67.42587390758725 3.113027423161948 30.81158335967205 82.12712447501418 49.85460738462528 31.174675110182886 43.04735266744539 71.61790619434862 103.92309712274353 39.136122950240654 5.173690321942039 30.27791771558051 64.81968688992094 99.40465579383554 46.726407485350286 25.932758022579247 39.45250706616677 69.53656794680111 102.51346176130242 66.63788598587271 53.935573173806034 61.418905231392955 83.8469763729785 112.61947714746728 91.12222319588804 82.07468278811572 86.971087387828 103.85763823156793 128.07642438573367
52.904630116215415 46.51388371411648 11.78982342308524 42.471473349860986 72.3126228442737 53.40158866133969 19.800846600328658 32.06740290608828 65.33558818699977 32.11492847644722 36.2143789958803 67.61124239057276 34.60342323224508 50.7097952573711 48.14268120912794 37.467700142866455 50.41306646052625 63.99409877746 20.783711289293038 66.25649391880853 48.98485703048086 55.44655485582337 0.0 30.81341465179795 41.33928980586316 54.99133439436786 48.736045821640275 38.78534657342793 63.22965743114582 24.03758794809837 54.99133439436786 35.687765819101735 15.05538481514674 51.16326097974096 63.91974111680567 1.8978498890030489 44.93280435608343 55.3132352269089 25.476459235105466 71.03862695489875 101.37661993456787 86.18891163423358 83.51381574755413 94.42089740110237 115.11200555134526 79.73815352706582 59.54380463415216 55.92451709866497 71.44532143797373 97.34532190675642 63.53391665493819 35.28690107515845 29.130955513711942 53.35635023624775 85.0883541466468 57.55439091704089 22.973079264172377 11.741857180492959 46.290759675546084 80.88666166157216 64.69978752064115 37.326889812188654 31.54945903210868 54.7017137920277 85.93034436342303
25.580939256408183 52.105681083376396 30.806360413194746 13.514825363494356 42.08646399297384 47.52784258491096 13.045364783360505 12.675446696724856 44.801043376680845 39.967919113367714 13.724634334543824 69.8543657815438 15.51956713548831 36.521790013963304 29.240474631747635 15.726145655266729 20.30973603614732 65.29491416464604 34.8540233058549 37.4075874425255 23.12673245294853 55.05845511694079 30.81341465179795 0.0 19.799362680994513 47.49958962499603 17.963587714178136 17.728820329697484 44.248240793618955 35.844661703751285 47.49958962499603 41.69752449340927 19.054840535063374 37.777850625603534 33.85806699320598 28.92478056085014 15.698216754957087 56.60152418174725 37.88659593109496 40.60892101418144 104.90945606372819 80.3716413992685 65.63521110900123 67.46209722233976 84.78833418553727 90.24374396203288 60.198318019717334 38.71136962430769 42.049152930690674 66.57717975651015 82.8774311301945 48.582817357876955 15.70874606482654 22.98025831601401 56.60629691518017 84.73649000335081 51.662667518322614 23.508226364229355 28.82861795667307 59.19787778787644 95.28235900366526 67.4540064765446 49.154537315247005 51.740743955242486 73.02637283011296
13.607525959579412 40.719469902659334 35.27895879040342 27.320492617680376 45.62945353341891 30.63656496741929 22.213421849769823 9.618517617498773 25.627963193344083 58.9272300959991 6.290475600658054 54.70285742112058 34.892855623552165 17.38861786457084 9.45005074639538 4.37551450634286 17.880788928585975 50.03148481285345 34.11589028307037 45.30934446027651 8.962432239821375 39.94272789691113 41.33928980586316 19.799362680994513 0.0 29.886799606580166 21.063971554956765 2.5997378271572935 24.647552489478503 53.78505872696157 29.886799606580166 33.013943527033696 35.20103356934541 18.806780033364262 27.725209666717305 39.58219567135651 28.11953719546166 42.164368193156314 34.73469403252763 43.42972704933136 88.86557941776572 61.74947113688939 46.08380200319693 53.190695333743484 77.00387635992028 78.09081738454574 45.06226049654873 18.91790652183169 32.86358711731242 64.78419432362071 76.73901583810438 42.69930695279234 12.346554771335105 29.60568109761329 63.20923690276613 85.2596361101575 56.48787091914898 38.824983090445045 47.103129440591154 72.97161115220564 101.18835813221109 78.31650597641975 66.5028940019055 71.46022131062354 90.47242709897601
37.98683441941529 21.449828346813018 44.043831143291 57.102830089747485 72.67869287757394 2.849291987090369 42.78578850085322 34.840006181935166 25.52158736499558 81.8292706835227 34.46140449761649 26.100394319865188 63.001668428088585 13.537377861691983 22.420260823375223 32.65973646830826 46.23153575016652 21.5711596339264 36.761823937523125 74.15784375776859 34.606827535380646 13.049360646930062 54.99133439436786 47.49958962499603 29.886799606580166 0.0 50.396858271383046 30.88344787416319 21.751857042672203 75.040258902972 0.0 23.641251411484664 56.596458645515774 11.988848386036636 51.25486963744384 53.899904247861485 57.99659406853167 16.09951910717347 33.51215775912578 70.28332921859064 59.122938206543786 33.124093771418586 33.071560483696544 59.03464572708582 90.9466296115262 51.84889871675646 17.245345454942388 17.35943539576371 51.962991352871946 86.56679131801839 59.00127870575334 32.90845748686964 32.857591159473024 58.916169739965355 90.87050046015399 76.64205346315869 58.76950338992511 58.5533715971646 76.14415768236448 102.77237371268227 99.33142595464184 86.08095086157844 85.71956144807011 98.38938724840011 120.03255817831987
15.232500453087507 61.3928535362524 47.52360504648215 11.81201661355429 25.87540238360249 51.428549315243785 29.97636069192809 22.19112333909088 38.045197837790816 53.81931595786052 19.215390530418173 75.69171381569478 24.632391705057554 37.13071172890564 28.179721317069813 20.072068724422568 5.413279719514433 71.02148765683754 49.80878367396664 24.277311733930116 16.48816858313484 60.98314341634877 48.736045821640275 17.963587714178136 21.063971554956765 50.396858271383046 0.0 21.08447223077328 39.03102111520367 51.40088554803271 50.396858271383046 52.69624125712228 36.58769156781995 38.66862739139816 16.796323001963373 46.84226691983441 10.778897689301425 63.22814197163597 51.85666311931073 23.990907611393123 109.51965789829725 80.78297869786424 58.75393441227681 52.65891142671487 66.99774681905764 99.07487301637732 66.08473023605967 36.24079762621271 25.582063837717303 48.891014545490805 96.01099208448434 61.440751473737635 26.95691883273577 8.557990122994436 42.59879232596491 101.00212929579466 68.91477922141743 41.13269761303468 32.0840486258388 52.55196366607704 112.98554196734243 85.38136881528463 64.87688178180247 59.353413066144896 72.32863678961606
15.500756489398436 40.326057663830376 32.954537810537545 26.23458988844914 46.23910246344418 31.412198815686224 19.613919529560274 7.024040244012652 28.13995209194444 56.51064157121298 4.011188838326175 55.15958443510903 33.03095240757973 18.943095125071075 11.611822173816794 2.0057640597335653 18.50448285150506 50.49504875784325 32.18350529479924 45.3486908095367 10.956416962799764 40.31690725653958 38.78534657342793 17.728820329697484 2.5997378271572935 30.88344787416319 21.08447223077328 0.0 27.04378133028784 51.27541859050052 30.88344787416319 32.064177404451925 32.646793262986165 20.280932628499247 29.262807124590353 37.0198978507539 27.236844642783677 42.3975621154955 33.06297751990786 44.10538717489462 89.60274140018106 63.17901586922112 48.46992726123807 55.6946018450778 79.05221390816841 78.01885150269794 45.47213371082107 21.05552525645864 34.83965827558439 66.17488102714442 75.73076377972087 41.46268160689196 9.900130046560879 29.524979413913137 63.56327138674515 83.50624862973486 54.27637704232052 36.24066792639571 45.559590443151905 72.33806683511352 99.00154203841576 75.81528865370076 63.94830351042475 69.4664517010691 89.19958051074872
23.93139125726573 42.411061114464516 54.57990959553502 49.01917215513315 56.18392291790609 24.398824679644946 45.78033666484013 33.80990512673138 3.7700538249091653 83.55400429391479 30.936158274773778 46.27349218349168 58.76613579830209 13.723241525812751 15.641936449367655 28.98622388598086 33.79219251421387 42.136563876289706 49.9616805550004 59.960376705548605 23.003323321654587 34.73527584021439 63.22965743114582 44.248240793618955 24.647552489478503 21.751857042672203 39.03102111520367 27.04378133028784 0.0 78.21472057122894 21.751857042672203 41.053876539088265 59.43875790576202 14.104125145472619 33.69260571470734 61.67349504643501 48.99789247652544 37.818557027736944 48.32180542591947 53.7185996329469 75.56519858630412 43.44403020034551 21.436274845690516 37.76889719261275 69.19762212405183 72.79709088198646 38.47691826768469 7.508898448126916 32.04914024543409 66.27793556736086 80.49781948643474 51.47924385741474 34.85910071567733 46.63723840590397 74.36220719006086 96.18461030466393 73.45906760866035 62.73569367819325 69.78593843046957 90.54923764027656 116.67904247825416 98.58337566754373 90.653505861173 95.45746412286509 111.35928318791561
61.424447375389455 69.82253168987059 35.32375997962598 40.9203185648404 68.82301603649161 73.95927467042951 32.91704105546327 44.40710638373818 79.4108936416884 8.121834964766093 47.55774908504274 90.75053050360226 28.21060613483954 67.73430173095726 62.58529752364648 49.41047207614562 55.21287693089801 86.8804351051292 44.33767643770711 60.33271121598371 58.812077916084114 77.72881917250265 24.03758794809837 35.844661703751285 53.78505872696157 75.040258902972 51.40088554803271 51.27541859050052 78.21472057122894 0.0 75.040258902972 58.656497238600195 18.88582142327517 68.58824347672493 68.192044792605 23.981818881954663 43.104154279941454 77.99772796281253 49.06898227552562 68.32993622084751 125.02740426106719 107.57877472320152 99.54493529546698 103.14967734094886 117.32509598222344 103.77533476882552 82.19081156968682 71.66654057569994 76.88699956947374 95.29891132558033 86.58370964161534 59.26896689573834 43.859996693008355 52.243711535016786 77.00603022960487 76.25152419314318 42.9630253340902 16.49841791198942 33.06695760233416 65.64677616034818 75.644463123066 41.88625604282702 13.479002582817115 31.682171599346212 64.96682157170349
37.98683441941529 21.449828346813018 44.043831143291 57.102830089747485 72.67869287757394 2.849291987090369 42.78578850085322 34.840006181935166 25.52158736499558 81.8292706835227 34.46140449761649 26.100394319865188 63.001668428088585 13.537377861691983 22.420260823375223 32.65973646830826 46.23153575016652 21.5711596339264 36.761823937523125 74.15784375776859 34.606827535380646 13.049360646930062 54.99133439436786 47.49958962499603 29.886799606580166 0.0 50.396858271383046 30.88344787416319 21.751857042672203 75.040258902972 0.0 23.641251411484664 56.596458645515774 11.988848386036636 51.25486963744384 53.899904247861485 57.99659406853167 16.09951910717347 33.51215775912578 70.28332921859064 59.122938206543786 33.124093771418586 33.071560483696544 59.03464572708582 90.9466296115262 51.84889871675646 17.245345454942388 17.35943539576371 51.962991352871946 86.56679131801839 59.00127870575334 32.90845748686964 32.857591159473024 58.916169739965355 90.87050046015399 76.64205346315869 58.76950338992511 58.5533715971646 76.14415768236448 102.77237371268227 99.33142595464184 86.08095086157844 85.71956144807011 98.38938724840011 120.03255817831987
46.061806742763274 11.33894358399727 23.90532424756799 54.57122119416995 78.25367632562286 21.15455640350962 31.313234584202824 30.996086765278292 44.483853669990495 66.33826225990111 33.48441732660949 32.09560727071095 55.3651451400692 27.665151622999442 32.008112264682026 32.72010351161828 50.56487095353003 28.327014946668108 15.111281307675139 76.60973741285675 41.484351679110084 20.02078342991931 35.687765819101735 41.69752449340927 33.013943527033696 23.641251411484664 52.69624125712228 32.064177404451925 41.053876539088265 58.656497238600195 23.641251411484664 0.0 42.401322524596246 27.00621734692242 60.48249313329341 35.14141654317332 56.32597105457202 19.639026057869284 10.81259356384887 76.15073976635404 66.63953241679904 51.157777927748214 56.464269757365386 78.44816014816486 107.3071221086766 48.728996181355754 23.86983485349238 34.05683026560143 64.3802072395479 97.59405312338252 43.7253369940885 10.55483255719252 26.566098767868063 60.786219125256665 95.28391777046565 55.25417389731131 35.24274222964049 42.730663002715666 69.31522037260588 100.8866766384304 76.1433249045932 62.941588173257095 67.23287359871036 86.45029345705825 113.23349927899908
44.0780117338497 53.740245412333145 21.767263010435812 28.529535419534117 58.425036830675204 55.69899623597971 14.061093362712867 25.6872112466381 60.7649239184441 25.235531016688473 29.07931664922712 74.1118825678734 19.566864513978132 48.85858061319262 43.79719683310187 30.849018840496374 39.352570039286775 69.9809138963509 29.769454731832308 51.7434000446115 40.96904065738967 60.38021044402698 15.05538481514674 19.054840535063374 35.20103356934541 56.596458645515774 36.58769156781995 32.646793262986165 59.43875790576202 18.88582142327517 56.596458645515774 42.401322524596246 0.0 49.73099556572905 52.868955859027004 13.529353777641763 30.99191206791965 61.00096477087264 34.25558800777682 57.35459716601267 108.99130539565013 89.44117498255406 80.71598064119483 86.16926307882332 103.58542796719497 89.90414227335401 65.10180845435055 52.806590153971584 61.10340659631946 84.10420004658202 76.66427546389501 45.31179571169657 24.97496542959471 39.86453731509458 70.3523712600744 72.54791329899089 38.007751661852424 4.564303379680854 31.494932305038766 66.01426264875525 78.99465604494209 49.11793388692845 31.302117303274148 44.06709701091605 72.79306905911342
26.001361560882504 29.51333667676367 41.59338144453085 46.098057319350396 60.69874132064954 13.645673926553476 35.67442655488665 25.512797314868383 17.477689895028433 74.73081687284626 24.167300039142365 38.026219616790144 53.229522974036044 1.5547081408084356 10.517789825056804 22.21859349244685 34.34206036944633 33.445966098600735 36.23870064904662 62.2419762309446 22.66140868894643 24.217151700437952 51.16326097974096 37.777850625603534 18.806780033364262 11.988848386036636 38.66862739139816 20.280932628499247 14.104125145472619 68.58824347672493 11.988848386036636 27.00621734692242 49.73099556572905 0.0 39.43898341283697 49.76420739391748 46.78792598175399 27.02965072699012 34.332315219352296 58.30807704421337 70.94005662098621 42.94693532125084 32.42254286160478 51.505705799647586 81.54317007630901 63.35118849122158 28.890812505037715 7.130156355285942 40.765835335503546 75.2842722621953 67.74516485801702 37.488981487190784 24.825049527099132 47.13794029183794 78.8830192472877 82.22263416076076 59.63757716050891 52.41679739390075 65.82705892817224 91.17940405069832 102.59976459849574 85.37099284767288 80.27720303259393 89.41689111981668 109.27515586929475
