0.0 37.157450165945264 46.93802493760859 23.206736314299818 40.51816818585432 16.80293335091784 9.331417775571998 30.651577895578413 56.927591982054814 28.92140300787023 29.163745695128338 23.125264524229134 43.43714640951465 13.639195542651949 35.96791478521879 45.166293961737736 32.44337069183169 27.738629043093557 21.503957176871722 40.52652896303276 7.442467932421921 49.556466294429995 37.91658989934749 26.926105679947526 42.9808918518232 18.984732680814275 24.19245705968209 41.08769924456022 55.74598847169127 27.863864258173695 42.594333225141895 12.429097932869459 43.59858667860432 57.3897326442083 37.308557934425714 34.043418223045705 20.645424511800794 36.10583503237026 26.858291956227415 44.38055349813678 98.81199614265178 76.20574205258607 65.15820072711695 71.26456751852365 91.13976906886029 82.8220158066349 54.12642236528109 37.34541936816661 47.481770731942596 74.22387897439734 74.4690314087535 40.34710259786237 10.246634721953484 31.256217689135585 65.14415976390336 76.3042378056777 43.61246440563068 19.40630946029642 35.298868157766826 67.15849008520546 87.69019721344546 61.254624030254874 47.00530494153364 55.33244862341027 79.42715215072505
37.157450165945264 0.0 21.523704814838545 15.005743532406726 25.81758806216404 20.84569948748672 40.934859265639794 15.259844329332312 40.08760514351131 19.156583001123057 65.69720131304213 18.11290160853825 37.11810775702 37.6804114949325 5.017994933634707 28.394331437203046 20.688844795589574 29.63209223083303 25.873253010948616 35.56014963396104 42.524172775136385 21.348230714727023 24.385377373298244 15.795406701218631 26.869961404539396 23.802434833383096 34.0554844812577 25.09032624872038 36.23735040150074 20.872617645789756 47.213232438239864 38.869394513429526 34.12256048223789 48.769660040048265 10.435045897553874 23.890685116621615 49.25944396580533 33.81498576773451 27.374516586212124 40.29676475706951 94.8998428488105 63.22122094051666 37.18468563324987 34.10739477766347 57.78203333111318 89.60797062277877 55.0409323265818 20.597919150111505 14.625270081055328 48.973227239662414 92.93545974714444 60.260545040983864 31.945413548654926 28.364205492012108 54.620412007391515 104.0585375324722 76.1733246183605 56.31493598169146 54.1772011866541 71.37062928776241 120.84287983374476 97.68575035044883 82.92609996266408 81.27544715531417 93.43118637640927
46.93802493760859 21.523704814838545 0.0 25.394356873915655 47.340212215460596 31.158457256250767 46.38733214692668 16.402301035388238 60.93328958797349 18.203819123858437 71.24443056300906 36.273755470143016 58.580379400680286 40.707604961280495 17.386667260048206 49.76752906521661 41.7769413930874 49.5045143225948 44.17514297905133 56.90651488598965 53.945715685145196 40.778239567559616 12.28845972814619 20.21516224936199 48.33592064701194 28.19678650512002 52.768162844340814 46.59778408734465 56.78556956602765 19.61097967738636 34.99149729768632 53.39814244361053 55.640196810651055 70.22209370836559 12.272696343592653 45.098983768057195 64.20182841142024 54.82182164146804 47.16306921085522 61.70857521749475 74.73273731258875 41.99304464039156 18.349320967732492 36.122394324621254 68.32133761431027 73.16080127886549 39.15446365430115 10.416030837541497 32.84460179162813 66.66254217597549 81.92182813126664 53.65887683445919 37.976183186104194 48.98910290578824 75.84523851408441 98.29015006443474 76.1705173800413 65.86130299295566 72.5826710921846 92.70138321515282 119.17062240101298 101.49345981193622 93.7810714202502 98.40497021190185 113.87215989921079
23.206736314299818 15.005743532406726 25.394356873915655 0.0 30.894392282540256 6.405862138257761 25.995264930404613 9.528099852969966 47.722108341747756 10.580385572395041 50.97924857367229 13.287741604585333 39.65245944474452 22.739662220744943 12.8598987353494 34.9425679240144 22.751304665232276 26.785114197575 20.195861731235457 37.2592598485113 29.498862131179735 33.034382913762215 20.235386246383516 6.111036327669365 32.8674196589994 9.323574825407775 28.588838613013408 30.74381906208696 44.82950396044867 11.144180722182954 37.51661424279191 28.038781617203824 37.78331403936372 53.332561665772225 14.362776753551843 25.991747518632838 38.84794168344933 33.97021759792978 24.5324359612836 42.16514069469396 90.37856254610978 61.97291629710432 43.678590353133515 48.68074846569731 72.29543832108732 80.92564110006606 47.28841902971379 17.84040495461031 28.199571120478836 60.55577479988024 80.73241225750301 46.96003153598564 16.9592931427553 27.6557692915177 60.30685214347916 89.85864098176175 61.219229764212876 42.612600778336365 47.73567131860858 71.66851335282324 105.92180720880896 82.84778001045758 70.02028595213687 73.05262911539145 90.36201181810272
40.51816818585432 25.81758806216404 47.340212215460596 30.894392282540256 0.0 32.063138159400445 48.53307241326174 37.680058755060166 17.171674638631984 40.52825526059386 68.35886205345855 19.365197885165927 11.789042189289168 48.82131091196848 30.27840583634924 4.654219825265606 8.625274605232981 14.976547600352625 19.1380590406947 11.107089267669176 41.67582280857432 14.877823862166967 48.554418532230535 35.92612443181331 2.467114040147266 39.12681646504525 21.163025697039405 1.2385230031489007 15.274926651473663 41.60649637386552 68.40429299393963 33.887785603165604 8.406523438047342 23.145348405745075 35.82671962939036 6.479459050847505 40.53808811476057 11.788594594449673 14.570541391984149 15.164862125360006 119.79920278323672 88.90389339145995 62.05455421846056 46.823555038701535 54.11963675489441 111.79921231223982 77.89836592135703 45.0787587401128 19.770713262454485 33.83068508616781 110.54932328029018 76.1104466153676 41.94401188024085 10.984217024903518 29.61180097760322 116.26750165864333 84.12997157506217 55.067235036921446 37.17225733211728 46.108363008349876 128.02314894398393 99.61544843466783 76.49393263180214 64.6078877282529 69.94147446161416
16.80293335091784 20.84569948748672 31.158457256250767 6.405862138257761 32.063138159400445 0.0 20.205652745883143 14.808709922298076 49.221166264586465 14.387602064658687 44.859941142564416 12.818697130150708 39.250925760694194 17.93600933951755 19.199522543683013 36.467862560002374 23.48137613650855 24.84729787215148 17.62262049859963 36.614795196648885 23.162464262621718 36.7773185216976 24.29827580490922 10.998578608702513 34.28397513904949 7.540027112019136 25.283630552380753 32.15951809119471 46.83117059869272 14.12787144798059 37.716139376123635 22.380029782034505 37.949439251914335 53.348057115104 20.660475199452712 26.347772261854487 33.136400574647666 32.84187305789135 22.823949091485954 41.37335425128476 92.33197568469296 65.50318550740661 49.50705803231549 54.82734887694376 77.17470752092619 80.92835071454685 48.301378930967374 22.61624238051001 32.93647807328446 63.66297756120945 78.50026176653772 44.15283339443138 11.467680969681984 26.615712044412362 60.66414063659651 85.813141873748 56.03604008035266 36.20787935176231 43.32220604348347 69.55175638126676 100.76776213974907 76.84172155789312 63.63909957312139 67.74951184744651 86.74580251997929
9.331417775571998 40.934859265639794 46.38733214692668 25.995264930404613 48.53307241326174 20.205652745883143 0.0 31.068657437834027 65.3142090221563 28.297946761304203 25.274931764886393 29.98568722658016 52.375041457461556 6.624959303565395 38.66557959355326 53.18115178024954 40.141683668294725 36.61840688050441 29.961767007858437 49.47375177323123 14.575465447572093 56.101630044988106 35.742890054610704 27.799137441256118 50.966620038348765 18.67263886853842 33.43723608308995 48.979044720829414 63.8065769358461 26.783363948530106 35.381879371345136 21.554672728315396 52.296463054504144 66.44268847602554 38.66849312521593 42.12961971782225 28.336004587079724 45.08878688766066 35.52355743532085 53.478563184318844 91.26260451369392 70.8078640531849 63.9798285756573 74.61807784805806 97.14458730219754 74.08566709595296 46.90052021424181 36.131158881258564 52.972555219510596 81.8630056199781 65.13812292534733 31.07068369287058 9.09136453510868 39.93459189915165 74.17373893939177 67.76282984611414 36.20787353564216 20.61711807251667 43.97689693182219 76.40494633374759 80.84023932898984 56.89030808170648 48.29781469630088 61.83574651925968 87.80346851024994
30.651577895578413 15.259844329332312 16.402301035388238 9.528099852969966 37.680058755060166 14.808709922298076 31.068657437834027 0.0 53.68432088986913 4.0213805101538025 56.30790513956603 22.178281376569544 47.56268244982865 26.139696331428873 10.639838820333058 41.21238970207539 30.306166680485124 35.82088801180615 29.545820654524267 45.38860564827757 37.568527923014955 36.36191572308175 11.167224357343713 3.8183671173762823 39.32714159438856 12.407383939471687 38.028138753983775 37.287490728822625 50.25795245050072 5.880527481732578 32.06419868137403 37.15598097463626 45.2769862708782 60.70249392251271 7.990049526535097 33.68840948659482 47.93401458524368 42.47236179784213 33.51306423864448 50.321027644512306 82.2599930664311 52.81556793751819 34.74324765734408 44.93922099125636 72.29664717635083 74.88820648638655 40.517438936960595 8.362766353364185 29.88415098295551 64.1174135058275 77.71760390149099 45.49152667823325 22.221101120710017 36.23425123873943 67.28231478545186 89.78880346836092 63.819339572634114 49.78547271557913 57.263293645364996 80.46354839250299 108.04692349364015 87.47476928003019 77.61616801177631 82.41019662057728 99.76646816608427
56.927591982054814 40.08760514351131 60.93328958797349 47.722108341747756 17.171674638631984 49.221166264586465 65.3142090221563 53.68432088986913 0.0 56.8620513449011 83.68672827223345 36.534855009769174 15.855101546345187 65.91285429536545 44.99753140647851 12.803518765416891 25.79311610343735 29.628690364791666 35.44103156778509 18.307741373561687 57.1204692785504 20.879168943582545 64.11914254595322 52.372432080622225 14.950201600888217 56.206950402206665 34.90745252229452 17.082533699453865 4.667117038797768 58.096123622508905 85.09440268661473 48.74535274135757 13.925804943968592 12.823938083283366 50.51562881409789 23.293044966024926 53.24025429846785 22.38287333376473 30.128930464358916 17.46084411269389 134.98728855153684 102.92632541783391 73.21819928927789 50.2274506811247 45.60158713660539 128.38534068252687 94.18627420142154 60.449662377158305 28.846455642839555 20.122703919317328 127.71656104596646 93.28105051034926 59.04270442231506 25.79883038211173 15.490981089963773 133.07047268599584 100.42279947020153 69.6889676949279 44.979899924477515 39.80774033690194 143.7755462080575 114.11015435164275 88.1227341196859 70.03480934187773 66.6250859738866
28.92140300787023 19.156583001123057 18.203819123858437 10.580385572395041 40.52825526059386 14.387602064658687 28.297946761304203 4.0213805101538025 56.8620513449011 0.0 53.38030774895059 23.84341771332301 49.93759646446004 22.952077913619693 14.637890898813694 44.25549350460529 32.79893611135714 37.364779608013215 30.69372373501838 47.63489835398251 36.10101403712601 40.07081958818118 9.934460766522776 4.662225664344537 42.298944559169705 10.014710997196659 38.96303656886083 40.22104476151056 53.579086659965455 1.8951345339906016 28.452263923146457 36.611183376751946 47.85675351223882 63.36849530012598 11.786195246352582 36.13247699594306 47.263020279969666 44.47258207954502 35.11233365051152 52.55903238386668 79.90492784560453 51.502091643212275 36.262405156596856 48.70613151028558 76.31802605037319 71.54198544385966 37.38391107755521 8.46823517582631 33.77452116437355 67.8570455156231 73.78001891232601 41.47053215278835 19.772852119808906 38.17031729698085 70.12722268674698 85.7932714905327 60.159717882582704 47.67292404468456 57.62840903074831 82.24456928324264 104.2551142058978 84.2354305348687 75.60971360201093 82.05359187970451 100.7149303947502
29.163745695128338 65.69720131304213 71.24443056300906 50.97924857367229 68.35886205345855 44.859941142564416 25.274931764886393 56.30790513956603 83.68672827223345 53.38030774895059 0.0 52.201286033908936 68.73883989393138 30.536886548953046 63.78259989782059 72.90869990165842 60.86082815381976 54.11161435685913 49.310945805390936 65.91455795507245 26.693419420036133 78.56223737311956 59.968531460304035 53.07393886725536 70.81317141678898 43.93440456080254 48.87654166650195 69.09528545479644 83.22153170463716 51.76833149274968 52.4207858026814 34.946793204145266 69.82527396211047 81.5343784300638 63.94342373679895 61.94001050439252 33.31338836109829 61.5497245621462 53.92393742569861 68.74598557443896 103.55266017698426 89.80175091686291 88.31908109878707 99.65375198816893 120.23387651633129 80.93491343520768 62.689464459586006 60.86265797177604 76.63773715603232 102.16265372325903 63.05866091364261 37.1420855968198 34.31486055175735 58.0544581653724 89.2074318464241 54.782331504026786 20.327252398533638 14.837276152732368 49.21327631537759 83.77710066750696 60.205010247649284 32.109379947226635 28.848283234925983 55.02978060982135 87.28786974956834
23.125264524229134 18.11290160853825 36.273755470143016 13.287741604585333 19.365197885165927 12.818697130150708 29.98568722658016 22.178281376569544 36.534855009769174 23.84341771332301 52.201286033908936 0.0 26.667136585526087 29.589454496458163 19.75815452679156 23.87163843685802 10.741787937036548 13.64288143011114 7.991163348970065 24.14927875394497 26.581857885921867 26.435799032393888 33.26947171557824 19.260981210437368 21.661754886211803 20.159656580053934 16.534462547674185 19.5632592872839 34.38830366226414 24.41478026940101 50.126943274503574 21.332501406383916 25.17248676971795 40.6381933304479 24.060795975339893 13.529102682793383 31.34411084742722 20.707099089587846 11.337298973257129 29.0133553216799 103.65607828564818 74.98966809028668 53.82494876526158 50.65182064554712 68.03598897512292 93.48901957318756 60.31157518238079 30.489685498119382 24.83145673086382 51.94638645579726 91.20840981882911 56.74623004885428 22.718908696998422 14.38807091228827 47.88254317957072 97.37011044717083 66.1167139608495 40.702980311352604 36.56332360234757 58.41106012498455 110.57134983440055 84.20971256113286 65.96443421299792 63.293886596460176 77.81840520224223
43.43714640951465 37.11810775702 58.580379400680286 39.65245944474452 11.789042189289168 39.250925760694194 52.375041457461556 47.56268244982865 15.855101546345187 49.93759646446004 68.73883989393138 26.667136585526087 0.0 54.06288837090672 41.28671440849447 11.940897947902915 17.272344011988743 15.758720581462365 22.761811138518294 2.911657103195874 42.53477144730328 25.391986757545837 58.6760835364029 45.27548944184437 11.923570119809886 46.735663738850555 19.93326155275427 12.845718263117275 17.307174900705682 50.75361687379874 76.79225761393013 33.90439284681132 3.7769663677283627 14.239503630496051 46.74337624257622 13.878545118560021 37.506667766838795 7.351303394237248 17.07135835388872 3.4019734805063617 129.7885927814768 99.72209543853978 73.74758445625083 57.68629388673085 60.09578344365442 120.13388580361463 86.91238001218106 55.40948884405312 31.328892139964605 35.8835043716004 116.58173767916749 81.97955111996838 47.37981048051012 12.802362215936016 21.85884061995558 119.67698277317433 86.28556828406327 54.430311813176154 29.579703450761006 34.38167143779946 128.94163206746535 98.6274685815644 72.2745266684475 55.808900919221195 58.313430785707354
13.639195542651949 37.6804114949325 40.707604961280495 22.739662220744943 48.82131091196848 17.93600933951755 6.624959303565395 26.139696331428873 65.91285429536545 22.952077913619693 30.536886548953046 29.589454496458163 54.06288837090672 0.0 34.779710188162774 53.3991239060558 40.226107892533044 38.43083165015708 31.303724311646572 51.21407506166333 20.24329411519176 54.70373971416415 29.611926882617844 23.25640373991414 51.17967459965736 14.145209393805096 36.22234823932069 49.10695488721799 63.962436672479846 21.280440054090597 29.225195907793637 25.97241627190305 53.52584158464021 68.28543341555206 34.01254675253784 42.62944283176811 33.98515435980749 46.96278703196246 36.99320996098699 55.53778556827884 85.35043399892047 64.22125642824635 57.95543195083614 70.62636568911788 94.93220786281846 69.28363713242328 40.77633634234636 30.332062362006795 50.71681751952816 81.35843116575475 62.53924726625495 27.960840275443918 6.878524159786522 41.324011975531164 75.91368916288697 67.95257598148686 38.493079845139526 27.21621782548853 48.93432877745844 80.26989009752538 83.18273518475385 61.33836750023315 54.774258638257 68.06496660239651 93.06049717415536
35.96791478521879 5.017994933634707 17.386667260048206 12.8598987353494 30.27840583634924 19.199522543683013 38.66557959355326 10.639838820333058 44.99753140647851 14.637890898813694 63.78259989782059 19.75815452679156 41.28671440849447 34.779710188162774 0.0 33.11435745199051 24.390807785263263 32.42936090340765 27.745285787714707 39.54580067839497 41.939077334453 26.347669355214347 19.367440711258656 11.901689163842256 31.4940169078266 20.654568094185016 36.22853083553518 29.633821054717806 41.20500174764947 16.443118904755615 42.34498774117434 39.290638686745304 38.46095553175593 53.36355755651394 5.569813321044289 27.719584437073465 49.951125801379916 37.442940622374216 30.105741111089873 44.37232708632278 90.00612443978495 58.62584987171684 34.1718345569319 35.96212519434948 61.754925209911285 84.61033965650688 50.03453831910448 15.583797799551373 19.41928845109313 53.9093410743828 88.33271593043067 56.04729064274295 29.576524099125354 31.67151199592344 59.38215616952308 100.16158433249664 73.1470091434046 55.34822452472136 56.31310692445442 75.32400086894442 117.67669604088404 95.5556731565098 82.5148123206453 82.95316470031301 96.68757167681652
45.166293961737736 28.394331437203046 49.76752906521661 34.9425679240144 4.654219825265606 36.467862560002374 53.18115178024954 41.21238970207539 12.803518765416891 44.25549350460529 72.90869990165842 23.87163843685802 11.940897947902915 53.3991239060558 33.11435745199051 0.0 13.173019637445911 19.19663287122426 23.75726613047999 12.39231300072465 46.21659116045616 13.473445365858215 51.879994722152034 39.71538244861956 2.221806198331368 43.40754431152979 25.23829260978154 4.312480599275393 10.625571946549405 45.430337329704784 72.37221041698449 38.308798957080754 8.164259495382682 20.493756525428836 38.68312076484837 11.122957031551874 44.52936650601247 14.498845631309674 19.021261339520965 15.257813347207856 123.0213097340111 91.61084429586292 63.605554105592475 45.75589373809083 50.36221489791557 115.71226610243473 81.63137289966446 48.29992137731397 19.92316785831356 29.25460098783792 114.96715968445383 80.58151860470075 46.520604054008686 15.159293807400887 26.27344481127251 120.90744538875394 88.77869616889504 59.49393956454684 39.9027092571299 45.16358021074851 132.63761062028163 104.05973468479232 80.36721791543197 66.96357034343532 70.02941165937546
32.44337069183169 20.688844795589574 41.7769413930874 22.751304665232276 8.625274605232981 23.48137613650855 40.141683668294725 30.306166680485124 25.79311610343735 32.79893611135714 60.86082815381976 10.741787937036548 17.272344011988743 40.226107892533044 24.390807785263263 13.173019637445911 0.0 10.57714598997073 11.700404351806371 15.2520055053014 34.350411906480666 18.58225544810625 41.40595042834418 28.14251134084144 10.953853275053255 30.64329149688706 16.533535284202078 8.888643926322654 23.75770431660682 33.7177795463152 60.22355925900371 27.235025194058128 15.06469309188598 30.602438652285976 29.7177620363035 3.400029761667021 35.33075592859039 13.127450624196674 8.950662823305978 20.152308111011447 112.5574242355522 82.52766273581759 57.85556284568243 47.733917278296154 60.038298083219864 103.6404133649969 70.00500325857818 38.14331184829295 20.099018764662826 41.807600157785394 101.94143355736554 67.48801526993732 33.347590271413196 8.021508042453574 37.56967724352456 107.8023912102673 75.97782693888423 48.15324019507707 35.49181055231808 50.945386558581106 120.1214545562712 92.49121251444564 71.23805818579238 63.16544524084255 72.79877751999238
27.738629043093557 29.63209223083303 49.5045143225948 26.785114197575 14.976547600352625 24.84729787215148 36.61840688050441 35.82088801180615 29.628690364791666 37.364779608013215 54.11161435685913 13.64288143011114 15.758720581462365 38.43083165015708 32.42936090340765 19.19663287122426 10.57714598997073 0.0 7.353327665878012 12.86337554802042 27.49530758014541 28.458623915342002 46.89720369397429 32.83914250295464 17.290820193938025 32.37200053842536 6.272179815970215 15.970403355505653 29.17573060903879 37.80108330225644 62.526500720320826 19.243215299140036 15.94426569029552 29.900458017218675 37.23184366418935 9.387289850283203 25.623467747196578 8.535679176943654 2.343956803700037 17.11624394281581 116.9393945169575 88.6291241194278 66.55981484090019 58.31023855790731 69.02714357359704 105.5718957498942 73.13671263795011 44.128996864392526 30.6691059399582 48.256148005870784 100.9696153699247 66.38641188884377 31.848114506999675 4.037743241379609 37.59200183514726 104.03456463562732 70.92042467164359 40.386444075897685 25.04526557656866 44.925583177544155 114.15065217700136 84.95054913780852 61.62483424527355 52.66350334999976 64.37444343354298
21.503957176871722 25.873253010948616 44.17514297905133 20.195861731235457 19.1380590406947 17.62262049859963 29.961767007858437 29.545820654524267 35.44103156778509 30.69372373501838 49.310945805390936 7.991163348970065 22.761811138518294 31.303724311646572 27.745285787714707 23.75726613047999 11.700404351806371 7.353327665878012 0.0 19.926243552988637 22.701360808806065 30.127167088511325 40.43107519668216 26.306614035511043 21.60467605785233 25.112209610458294 8.594728645695167 19.81059387874274 34.28306275692317 30.9709316184078 55.22825350780159 15.617256447368204 22.362259153655494 36.993120415387054 32.00530715604683 12.669801086390182 24.509329449083886 15.759149864837083 5.690452784629573 24.382287026386663 109.8931337164458 82.1647441433536 61.809231797866445 57.31063344383437 71.71769580339188 98.22667392466292 65.91919943740783 37.90831585102768 30.390428416615617 52.9618168174335 93.82095163957638 59.22000730024611 24.627260511444657 10.04236294547075 44.60998256367359 97.66383050928957 65.08531768748175 36.45289636710397 28.572172044902118 51.949635840780715 108.88524138792869 80.8242965011262 60.03277320800194 55.40845293114187 70.22147318838847
40.52652896303276 35.56014963396104 56.90651488598965 37.2592598485113 11.107089267669176 36.614795196648885 49.47375177323123 45.38860564827757 18.307741373561687 47.63489835398251 65.91455795507245 24.14927875394497 2.911657103195874 51.21407506166333 39.54580067839497 12.39231300072465 15.2520055053014 12.86337554802042 19.926243552988637 0.0 39.6564767789896 25.53376710337406 56.53545276836208 42.977523352415666 11.84250367601202 44.12378382953777 17.070258350251734 12.286222238387207 19.282295739197927 48.38983481969823 74.23386883212234 31.045523950789505 4.826649842157474 17.07135835388872 44.934725323974206 11.864269287934592 34.9344368583871 4.443781271629654 14.239630086292726 4.932645769965233 127.53213196052315 97.77571204236797 72.46051316556715 57.75597798989388 61.77192681668048 117.53462970049206 84.4545302136839 53.34401385035428 30.87778488976946 38.15925879813247 113.74375079659082 79.14469529916963 44.553104376022105 10.046382030677897 24.733273966379475 116.76579119111479 83.39115798222872 51.66005756514899 27.897651282911934 35.8139278531502 126.11176252333014 95.93297270080703 69.97779394930919 54.63923346404795 58.8965008711089
7.442467932421921 42.524172775136385 53.945715685145196 29.498862131179735 41.67582280857432 23.162464262621718 14.575465447572093 37.568527923014955 57.1204692785504 36.10101403712601 26.693419420036133 26.581857885921867 42.53477144730328 20.24329411519176 41.939077334453 46.21659116045616 34.350411906480666 27.49530758014541 22.701360808806065 39.6564767789896 0.0 52.44612367810376 45.26805358194662 33.78381778264255 44.12682052344526 26.2666262951691 22.61141733958888 42.430454586742705 56.54035547846492 35.133087438162946 49.46144964398482 8.738692609024529 43.33917364867153 55.910413532795744 43.82195852655338 35.27590539909839 13.790177086729717 35.23223213611588 27.233654790290082 42.91211585849048 105.5848507426196 83.58211572454374 72.23941130172373 76.45814630758214 94.1696174096555 88.62575506648169 61.01304354317729 44.55866993252637 51.41181977925605 75.46980802104225 78.42259539236767 45.097985984478974 17.674914735225098 31.397870648881586 63.67180970399923 77.68523153421847 43.81526584580904 14.121312287331376 29.56174922606869 62.79517649379035 86.65567630059898 58.141599298305024 40.57718716111549 48.03533993299182 73.23320874078344
49.556466294429995 21.348230714727023 40.778239567559616 33.034382913762215 14.877823862166967 36.7773185216976 56.101630044988106 36.36191572308175 20.879168943582545 40.07081958818118 78.56223737311956 26.435799032393888 25.391986757545837 54.70373971416415 26.347669355214347 13.473445365858215 18.58225544810625 28.458623915342002 30.127167088511325 25.53376710337406 52.44612367810376 0.0 45.676832180257904 36.10541767292564 13.692511874802065 42.32832274590589 34.700337081699125 13.64096917268103 16.388398902462207 41.63462540234656 68.42540686777573 45.739986645014824 21.617534156405846 32.210509244820116 31.51906999686307 19.077067827959286 53.83517043640196 26.66615904368919 27.290650891295677 28.728447053984457 115.39988897425401 82.64938494596022 52.340636349909644 32.295487622270954 41.72876410836478 110.95564578586725 76.38188904519633 41.85791135009248 8.051747463090747 27.79263675812221 113.48904264531954 79.98481992778835 48.064782431457346 24.853942844308065 36.332587483426565 122.56803890780628 92.30939142731246 66.43738177729551 51.9772067259914 58.17333333583242 136.8960060192765 110.47365185790774 89.79460153542917 79.47606305865168 83.45388043780775
37.91658989934749 24.385377373298244 12.28845972814619 20.235386246383516 48.554418532230535 24.29827580490922 35.742890054610704 11.167224357343713 64.11914254595322 9.934460766522776 59.968531460304035 33.26947171557824 58.6760835364029 29.611926882617844 19.367440711258656 51.879994722152034 41.40595042834418 46.89720369397429 40.43107519668216 56.53545276836208 45.26805358194662 45.676832180257904 0.0 14.124466322676815 50.08119640361832 19.036083842302517 48.794180035793296 48.08845415539925 60.46543357216948 10.321534554055491 24.185199542689308 46.38150385858943 56.308886504156526 71.65964425915219 14.226131961573223 44.79753862761966 56.94309294369719 53.63923232860505 44.60472486935655 61.46686270791071 71.25088450699539 41.75004107082348 28.359869327728138 47.543004951140595 78.17436487549881 65.36369146082224 30.759966227298527 3.846205780418329 38.44821830966911 73.05198217127729 71.15033309973052 41.5797881225816 28.11097311786218 47.39634994687968 78.0861083424033 86.29320153996349 63.96194844732428 55.951212164123994 67.56284861495587 91.61731255231845 106.88646385946025 89.6258687710742 83.87844035493897 91.83194089182548 110.56823316764392
26.926105679947526 15.795406701218631 20.21516224936199 6.111036327669365 35.92612443181331 10.998578608702513 27.799137441256118 3.8183671173762823 52.372432080622225 4.662225664344537 53.07393886725536 19.260981210437368 45.27548944184437 23.25640373991414 11.901689163842256 39.71538244861956 28.14251134084144 32.83914250295464 26.306614035511043 42.977523352415666 33.78381778264255 36.10541767292564 14.124466322676815 0.0 37.73362354459188 9.184103699953601 34.688891102564476 35.64483234484753 49.17827542970309 5.724746763261188 32.774292448038764 33.36249567038512 43.203122272036126 58.721302959632986 10.870166309825924 31.472169605356232 44.131985874051324 39.84249688055261 30.567179531620624 47.90297697852625 84.5575507335959 55.865802204206524 38.55933457415118 47.407622458508726 73.50489105364191 76.01357779929658 41.97231426531067 11.838020024907143 30.223412610994032 63.887581109348325 77.43438360614091 44.47125084435122 18.818839900578123 33.54777958658035 65.5103540791267 88.34039949945263 61.3923971350518 46.13935435230698 53.69792329845051 77.67179195330937 105.83849909060055 84.47233415166592 73.91962159334918 78.65998696876225 96.46462831803736
42.9808918518232 26.869961404539396 48.33592064701194 32.8674196589994 2.467114040147266 34.28397513904949 50.966620038348765 39.32714159438856 14.950201600888217 42.298944559169705 70.81317141678898 21.661754886211803 11.923570119809886 51.17967459965736 31.4940169078266 2.221806198331368 10.953853275053255 17.290820193938025 21.60467605785233 11.84250367601202 44.12682052344526 13.692511874802065 50.08119640361832 37.73362354459188 0.0 41.26047731360959 23.419299940140164 2.13391979423662 12.842418779328671 43.43890501019915 70.33524184145215 36.297800684424274 8.231147806382046 21.899709453663867 37.06221947930635 8.945945315999607 42.76934886974143 13.309608322301012 16.984426457713766 15.319543203412579 121.27939782528702 90.07854934248594 62.565263584857135 45.9292260538642 51.95565270257367 113.6991676605518 79.68271077964336 46.540482296895384 19.430569025523315 31.36759407384818 112.784146196102 78.38369204308098 44.30118623944734 13.267984210908871 28.00600090581414 118.68863865874238 86.59193503234097 57.48182130850826 38.794105901826725 45.83265024499541 130.48988562200662 102.0379172766012 78.68057622794515 66.06284730007322 70.23344443465614
18.984732680814275 23.802434833383096 28.19678650512002 9.323574825407775 39.12681646504525 7.540027112019136 18.67263886853842 12.407383939471687 56.206950402206665 10.014710997196659 43.93440456080254 20.159656580053934 46.735663738850555 14.145209393805096 20.654568094185016 43.40754431152979 30.64329149688706 32.37200053842536 25.112209610458294 44.12378382953777 26.2666262951691 42.32832274590589 19.036083842302517 9.184103699953601 41.26047731360959 0.0 32.521765569513526 39.12681646504525 53.579086659965455 8.879268891213657 30.17614330844839 27.675244496267524 45.331788777650125 60.7857382284384 20.039379102878303 33.63978278049833 38.0459999271657 40.37877113739901 30.36246369387658 48.899370944346344 85.00679168262032 59.04315955240221 46.26928947110726 56.483732237004304 81.45421577350913 73.4108740435487 40.81628765405589 18.374713437312614 37.4718387066614 69.75310132355224 71.72112702673222 37.72247952680168 9.843954460784108 34.141968240522424 68.038938332129 80.56338840604705 52.50863731997349 37.66538239098229 49.74969009155612 76.98187379865382 97.10148264716719 75.28882676061366 65.59639351452685 73.02147735279243 93.57433073310081
24.19245705968209 34.0554844812577 52.768162844340814 28.588838613013408 21.163025697039405 25.283630552380753 33.43723608308995 38.028138753983775 34.90745252229452 38.96303656886083 48.87654166650195 16.534462547674185 19.93326155275427 36.22234823932069 36.22853083553518 25.23829260978154 16.533535284202078 6.272179815970215 8.594728645695167 17.070258350251734 22.61141733958888 34.700337081699125 48.794180035793296 34.688891102564476 23.419299940140164 32.521765569513526 0.0 22.1924706205065 34.89023029363242 39.10089315222356 62.22411514216448 13.97530332794926 20.992626782067262 33.42000568342075 40.58617645022537 15.647349297680975 19.379540297158954 12.676622117425161 7.588941630305203 20.383400797507445 117.52855689286491 90.46380847090644 70.35064829675854 64.10538905598624 75.26328596640393 104.70474388875218 73.21215999031813 46.387347911389675 36.58388198422443 54.0352060697845 98.45428774263429 64.04574034722303 30.08853534341838 10.180180863733092 41.19229571841572 100.01762141598925 66.40242781818705 34.783434622910455 20.133040157761084 44.67256838028075 109.05915399585913 79.26083137636506 55.36669197730547 47.36531053191738 61.776092257852234
41.08769924456022 25.09032624872038 46.59778408734465 30.74381906208696 1.2385230031489007 32.15951809119471 48.979044720829414 37.287490728822625 17.082533699453865 40.22104476151056 69.09528545479644 19.5632592872839 12.845718263117275 49.10695488721799 29.633821054717806 4.312480599275393 8.888643926322654 15.970403355505653 19.81059387874274 12.286222238387207 42.430454586742705 13.64096917268103 48.08845415539925 35.64483234484753 2.13391979423662 39.12681646504525 22.1924706205065 0.0 14.869430287337245 41.34472142365913 68.22132092686947 34.74292039879566 9.355026410451432 23.731015892889882 35.19510673279961 7.155518131323953 41.5719897736301 13.025194642870648 15.441961735318621 16.237207761245642 119.31116205357554 88.25123117103806 61.12463177770344 45.595787222511454 53.07113538732317 111.59264358957167 77.60434265633924 44.57351582110204 18.60137210376193 33.16733624645039 110.65965651998576 76.26914411282308 42.228633445700154 12.016030882484282 30.006080886512215 116.67514610653853 84.68728747117034 55.907154003856 38.39413169826191 47.08964960413703 128.66790613418573 100.43514811638278 77.54855245263228 65.84153023250065 71.07183919197718
55.74598847169127 36.23735040150074 56.78556956602765 44.82950396044867 15.274926651473663 46.83117059869272 63.8065769358461 50.25795245050072 4.667117038797768 53.579086659965455 83.22153170463716 34.38830366226414 17.307174900705682 63.962436672479846 41.20500174764947 10.625571946549405 23.75770431660682 29.17573060903879 34.28306275692317 19.282295739197927 56.54035547846492 16.388398902462207 60.46543357216948 49.17827542970309 12.842418779328671 53.579086659965455 34.89023029363242 14.869430287337245 0.0 54.89739740705163 81.95232321062853 48.418266843951464 14.50989726205741 17.254973547970124 46.66921282182121 21.717646027870078 53.79292662243359 22.861741624735178 29.31274979914408 19.596548915386744 131.08033235885662 98.76337149754065 68.71081093163077 45.639560699914945 42.890388624973156 125.11091189849657 90.76871713718137 56.74531520548333 24.41214118753603 19.150079101351334 125.26835589147919 90.98361419549992 57.085246948229575 25.184977449910285 20.116934712280262 131.53065575001244 99.3547956726545 69.55039300097646 46.88239151382834 44.19818804491718 143.09823599821635 114.10057106371777 89.1938047511752 72.71099378580709 70.80255471064504
27.863864258173695 20.872617645789756 19.61097967738636 11.144180722182954 41.60649637386552 14.12787144798059 26.783363948530106 5.880527481732578 58.096123622508905 1.8951345339906016 51.76833149274968 24.41478026940101 50.75361687379874 21.280440054090597 16.443118904755615 45.430337329704784 33.7177795463152 37.80108330225644 30.9709316184078 48.38983481969823 35.133087438162946 41.63462540234656 10.321534554055491 5.724746763261188 43.43890501019915 8.879268891213657 39.10089315222356 41.34472142365913 54.89739740705163 0.0 27.058858453893844 36.063171669917054 48.78154498233281 64.31850720826856 13.680156823650744 37.01553092568041 46.62483384128658 45.11118057034396 35.58423671143598 53.301029105839234 79.24138456881145 51.42424539223117 37.47713702511932 50.59096149548155 78.1612549167385 70.29105292111693 36.3095090095986 9.52792750632748 35.468789025339525 69.42723688562265 72.0753530968084 39.6241308042042 18.44274086691355 38.79491423108259 71.16743483118404 83.9121905384822 58.305338325971384 46.39591925694767 57.449649787099816 82.72336603231831 102.37150087030095 82.5021076622459 74.35063595452078 81.51185242769496 100.77248049728266
42.594333225141895 47.213232438239864 34.99149729768632 37.51661424279191 68.40429299393963 37.716139376123635 35.381879371345136 32.06419868137403 85.09440268661473 28.452263923146457 52.4207858026814 50.126943274503574 76.79225761393013 29.225195907793637 42.34498774117434 72.37221041698449 60.22355925900371 62.526500720320826 55.22825350780159 74.23386883212234 49.46144964398482 68.42540686777573 24.185199542689308 32.774292448038764 70.33524184145215 30.17614330844839 62.22411514216448 68.22132092686947 81.95232321062853 27.058858453893844 0.0 54.48142744675577 75.17980902231513 90.71148246891705 37.87709513343569 63.3950873776867 63.16220152661591 70.54755696520235 60.537090146981825 79.04272342187804 56.22562059424508 37.39011957155873 45.05052616284908 71.10490144123175 102.35766871635981 43.416899889892235 11.551638195994691 27.869455440199292 61.76427608744799 96.16547253141498 47.04005490088768 21.404958772347545 33.1424868518509 64.29248236821549 97.79298964057347 64.37794991526538 48.705217546253095 54.723716207726774 77.5369662359988 106.8835172857674 87.63662524481893 76.65121495840366 80.40758547293842 97.21157968371476 121.77661113814591
12.429097932869459 38.869394513429526 53.39814244361053 28.038781617203824 33.887785603165604 22.380029782034505 21.554672728315396 37.15598097463626 48.74535274135757 36.611183376751946 34.946793204145266 21.332501406383916 33.90439284681132 25.97241627190305 39.290638686745304 38.308798957080754 27.235025194058128 19.243215299140036 15.617256447368204 31.045523950789505 8.738692609024529 45.739986645014824 46.38150385858943 33.36249567038512 36.297800684424274 27.675244496267524 13.97530332794926 34.74292039879566 48.418266843951464 36.063171669917054 54.48142744675577 0.0 34.87905596452776 47.18016062253448 42.19226010869315 27.655714222593048 10.809160880766415 26.646028165253473 19.317281534231245 34.194104535977516 110.67280162784398 86.59173424890055 71.7115516613063 71.98419011627684 87.2677454462275 95.23130828604465 65.93844047254107 44.96191360713734 45.71749455578157 67.47906958201368 86.45853224452001 52.617489833423825 21.376931513165033 23.24213182153848 54.93879056223342 86.41057461058273 52.53937593153045 21.185734054470004 23.068058372398962 54.86607323482018 95.10063812777776 65.75131758569418 44.68960196078073 45.45223482476757 67.30134579404896
43.59858667860432 34.12256048223789 55.640196810651055 37.78331403936372 8.406523438047342 37.949439251914335 52.296463054504144 45.2769862708782 13.925804943968592 47.85675351223882 69.82527396211047 25.17248676971795 3.7769663677283627 53.52584158464021 38.46095553175593 8.164259495382682 15.06469309188598 15.94426569029552 22.362259153655494 4.826649842157474 43.33917364867153 21.617534156405846 56.308886504156526 43.203122272036126 8.231147806382046 45.331788777650125 20.992626782067262 9.355026410451432 14.50989726205741 48.78154498233281 75.17980902231513 34.87905596452776 0.0 15.549332804931451 43.97455010327196 11.794579483490724 39.43898982541173 8.485410389675911 16.77723448229772 7.1261993092399525 127.53263582242218 97.04142332744607 70.45780847935757 53.910741091934355 56.949394471032534 118.58535684285692 85.06001126396579 52.94116016708946 27.661699675058525 33.50246384517029 115.89995297005791 81.3099586193269 46.74049540148394 12.36497948105574 22.714880414649524 119.89806530232815 86.86417745153292 55.767919839194185 32.704322965194976 37.73487640046704 129.96412444665495 100.18672366909469 74.6918597677121 59.288756051416755 62.017962209228024
57.3897326442083 48.769660040048265 70.22209370836559 53.332561665772225 23.145348405745075 53.348057115104 66.44268847602554 60.70249392251271 12.823938083283366 63.36849530012598 81.5343784300638 40.6381933304479 14.239503630496051 68.28543341555206 53.36355755651394 20.493756525428836 30.602438652285976 29.900458017218675 36.993120415387054 17.07135835388872 55.910413532795744 32.210509244820116 71.65964425915219 58.721302959632986 21.899709453663867 60.7857382284384 33.42000568342075 23.731015892889882 17.254973547970124 64.31850720826856 90.71148246891705 47.18016062253448 15.549332804931451 0.0 58.92598576781024 27.343176287275405 49.07079526322986 21.374912636402406 31.303599251226604 13.039088521855806 142.9104134963201 111.97182413640104 83.94512511060955 62.85435686809319 57.003051188064816 134.10752354094126 100.60601512117229 68.21400508117797 39.74378571726814 30.01373553624982 130.81358386228368 96.21312769868248 61.61649557961481 27.03837052684411 7.7723099054831195 133.43737856177546 99.7192370384673 66.91158105618202 37.48645528537818 26.984258137061875 141.6503047819081 110.37396230968992 81.82183442007006 60.016763854901285 53.88886364453313
