0.0 40.585710887812624 53.21099883397409 62.667995489955686 69.94013448471276 96.7742941922492 76.32337981353503 60.14788552424707 23.45655451147879 79.62801499993009 84.94189611476509 26.194507509889775 54.32235528017634 100.59591160172903 56.86747145849713 103.70029914199615 90.370240787802 24.940878954992936 56.80504425608823 101.75598726632676 15.577323660338717 37.51153920444034 77.33439789912887 99.03499145540916 57.92038174800484 102.55917904988063 68.99501355878432 48.511292142704974 34.308976387016855 19.64580424191404 53.474832572701445 26.564337588744092 28.32271651602255 91.89934510303196 48.865324798858715 95.92813991077479 82.83859771688883 24.142943652554408 63.53204238528314 103.95969236506376 43.41441850294858 28.339034621115623 17.89140020101992 20.876199070831465 33.91520813338698 49.63244066536143 66.14551503039213 82.98066834756844 99.97532519919831 117.06003650443624 39.98296486998857 22.764772865492546 6.045316224817486 12.39235142000357 29.484037376076966 46.73071909449507 64.00722861521847 81.29455137787156 98.58699921020838 115.88227778064841 41.42003185784304 25.19288904177013 12.347358792132791 16.39956925409891 31.371124716931007 47.93810647066543 64.88982685810876 81.98798813875565 99.15686441227518 116.36515935947706 47.28376833356068 33.94760003479565 25.84250006678681 27.963199612621068 38.662083709225854 52.974365141747946 68.67692821342011 85.00275311223564 101.65198505478985 118.48837308146645 56.205312978493815 45.51374711339049 39.78279923871362 41.14057636866324 49.00131531221861 60.89677126382981 74.9293705294733 90.10610609129304 105.93637765728977 122.16639405477464 66.97352673147577 58.23962094792793 53.82335116467616 54.77912312399458 60.85434287753889 70.74213229022861 83.0924005657976 96.96878002351676 111.804477025781 127.26443879825092 78.83517049283658 71.5085837592573 67.9018563801048 68.60421089536186 73.49220713358793 81.81908316574346 92.66235122442615 105.24709688164548 119.02219361219001 133.62000166323355 91.36522902474124 85.06673236556503 81.99861929729342 82.52199045607811 86.57173315718332 93.69168471885266 103.24862865565173 114.6346700726955 127.3601844175125 141.06312875742992 104.32298811211733 98.79492604587175 96.10544924186055 96.49220555872068 99.91948003865816 106.09301412679308 114.56972199912386 124.88147639945612 136.61337230177148 149.43129601744195 117.56696115341464 112.63084371760432 110.21831818800027 110.49480747129955 113.44065143628394 118.85753835710625 126.42824666762445 135.7930145133221 146.60845176308328 158.5780172877591
40.585710887812624 0.0 14.567211786316584 23.31476021170496 29.509821172914823 59.519177171402674 35.84670716667369 39.17247246307688 29.837214004850157 40.20437801757684 44.668206382811704 31.52537789999152 15.839184924341437 68.28826747301966 16.714607248802682 68.12779265468792 50.996804760402725 31.701491223464753 26.191483521125853 67.35039110386388 45.585084545291046 7.227891601208627 36.973735938251224 59.624798212727235 17.940143485376566 66.43037467654872 28.563871500953802 12.237611770928348 35.058994699694544 22.62612006062185 13.853590415026941 14.597410683825279 15.573316219836398 53.857149263336794 9.093614170324235 59.37121731287889 43.65178354322622 30.409016155085148 29.190388870049386 70.04303899326105 82.2841008909694 68.70447356222921 57.172013260593644 49.14953202225741 46.49104086557331 50.05856818336493 58.728243642931616 70.64599025500581 84.44766581491764 99.3512132215396 75.12716345305485 59.990639065406484 46.39365567691301 36.11889011794995 32.488237631068095 37.48473516167992 48.51220032775686 62.453744610083845 77.75741299455677 93.75856632800946 70.12601229068883 53.626182561559965 37.8495606956145 24.251246689475263 18.50320565653068 26.369038768549995 40.58319509373748 56.54535502469878 73.11956344310744 89.96819367812445 67.75975467501942 50.50729708307935 33.306204700855886 16.319711775372898 4.698533942293836 19.404457165879684 36.46509567405167 53.68041500446574 70.93788984388408 88.21278242901754 68.30282280564694 51.230266662358595 34.38775934077873 18.417625085100006 9.726920694030909 21.1832530485376 37.43742224519569 54.34247059274763 71.43781062565824 88.61337717831421 71.68912256943779 55.64553797422378 40.647661188373085 28.40333934148064 23.66385161910624 30.197962235931623 43.15746557657127 58.411707805848074 74.56540246367385 91.14154783772292 77.5470287464564 62.98124594251212 50.18405776933985 40.85276745435082 37.65852100093455 42.024831232371724 52.08373370880776 65.25374192132377 80.0130801372983 95.62866616172813 85.36918210427119 72.35442020942833 61.4908731593538 54.09060295016328 51.6639106223133 54.87464334068506 62.864885193557406 74.10439654004277 87.34775251867042 101.81600385312294 94.66984143324967 83.07816876929586 73.7582387096956 67.655493729578 65.67302558089865 68.17124869826611 74.70197060397848 84.33351693048684 96.13840099565932 109.41542220402192 105.05694958844532 94.69463309327168 86.57867406468232 81.38392012965235 79.68375302124669 81.6966396036395 87.16572569822125 95.49905202240785 106.0233772528584 118.1546719203882
53.21099883397409 14.567211786316584 0.0 9.468486542188943 17.800737786257166 45.01168116736414 26.59198137883 47.55786558636252 44.404391373109284 26.42949959058841 35.77295007233554 46.04709327561771 17.41447826856057 54.11632959756296 5.6300130439428635 53.56645047769606 37.20375467685174 46.25310990045912 15.500350906926869 52.87066179571543 59.77690901588647 15.707603355571353 28.235793504155108 45.87423041918972 5.8059130222956155 51.86381903220734 16.915749746403062 5.441756234898963 49.08419472687415 36.675672422586466 14.128579766016072 28.641735775517414 30.121589325603466 39.473501769761285 5.690452784629573 44.810245504515244 29.707577635831257 44.972386873597394 15.563546906752839 55.60681401953301 95.8872668673326 81.54970080363897 68.59330178133563 57.95196279527459 51.09325326303572 49.611618204624925 53.95188956361748 62.92059844563939 74.87254920580337 88.60867415069215 89.34666055777804 73.78588849199863 59.19963133392052 46.513898799185704 37.69876171602313 35.742942105809384 41.62483162587984 52.78638770937583 66.62496730866219 81.79289230861677 84.6752269433752 68.08191261045148 51.952968381375065 36.90238955369963 24.96343562367571 21.9834304362628 30.693332201015565 44.71690286340022 60.46348893341434 76.88157723722493 82.1923626128111 64.9825648000309 47.83927580147463 30.873487259130833 14.712628826424584 8.857990942926392 23.220247311829535 39.98260986998618 57.06795619190507 74.25366981459253 82.09691170412425 64.86234615911458 47.676602099072 30.62198926759163 14.179826029999216 7.946200747807758 22.889520461446548 39.79235590074604 56.93545845826204 74.15237468964641 84.3969762508837 67.73712211033406 51.50240170845103 36.2682865624619 24.020645227212913 20.91185650816226 29.938798349944665 44.20485390977305 60.08758715603419 76.58771905308096 88.90679990832025 73.25509923052189 58.539797194283715 45.675091098676255 36.663712814220084 34.65471868222443 40.698636534189326 52.062619062925776 66.05574457026276 81.33212327714338 95.3131688637329 80.87699534389944 67.79586060425834 57.010272554266585 50.02764996407907 48.518681637145484 52.953387968696724 62.070623080064024 74.16309947838197 88.0128997434776 103.26362386082778 90.07018011592298 78.48944647472295 69.33428876550765 63.65994438027887 62.42297628032936 65.8738335474045 73.35387143175689 83.79089145537037 96.22749636408078 112.43097475853807 100.40385448301305 90.11009334872452 82.20346021012385 77.41882094836068 76.3454243755436 79.13443516388051 85.40830670248546 94.47530840399234 105.61853038637393
62.667995489955686 23.31476021170496 9.468486542188943 0.0 9.470857839449433 36.470973028749235 19.354765964797053 50.670590216904266 52.89145952265736 17.022049974244375 28.228459235372867 54.26773900217334 20.199690737632967 47.74278623940701 7.1404672842633 45.67558585143726 27.822318806425795 54.587376595760105 17.831536635430687 45.540532161193454 68.8680998581312 25.174025711522933 21.2417715793588 36.487690571976714 5.72465434068535 43.74776944390732 8.768920498350697 14.564449692986368 56.47774014609629 45.81968634241531 17.47940670868834 37.763072217903115 38.81397004430598 30.619012760856844 14.249455965702907 36.61550875752707 20.384578786465774 53.39043691298312 13.17709519861807 48.432429344605424 105.2384577910756 91.00509749574177 78.02192616657359 67.0194940011589 59.11431815334853 55.64252929714319 57.41409185709755 63.99502513696479 74.11509267335896 86.54148775393907 98.42614413784469 83.07137280594925 68.64914559582692 55.88615645707167 46.1792686984104 41.7192079628497 44.126690904254744 52.46467829729884 64.47189441158261 78.4819275411791 93.26367843439867 76.9141839129517 61.0915664467627 46.338721680343056 34.07469141754961 27.813699783647056 31.38198572976906 42.36467860445942 56.59869954665049 72.1856593765636 90.03538601946984 72.98464215570363 56.087948068270435 39.54327401005435 24.08725375351207 13.9797618139122 20.23324888396702 34.957798178155386 51.31689409501191 68.14332145316413 88.95215212492339 71.65026393052005 54.34840272551718 37.04660632448791 19.74504508358187 2.448708718580219 14.860657699737692 32.1620230084127 49.463783767148946 66.76563254382565 90.09140015398754 73.05341498825052 56.176998190862975 39.66889757227451 24.291981558751136 14.32801193812946 20.474279199733008 35.09719242328338 51.41150015158623 68.21425367365158 93.3717990776347 77.04465228000004 61.25498969114833 46.55296783694646 34.36413249452883 28.165903591430226 31.69309677994643 42.59455807069055 56.77015154369535 72.31952413158601 98.57978601724592 83.252524030331 68.86723632813198 56.152601520814265 46.49987109442439 42.0721559025418 44.45896455224546 52.743129335398514 64.69761039881918 78.66656740075764 105.43002485317449 91.22554541424176 78.27776413861866 67.31578424203477 59.44846074629987 55.99573545945307 57.75485712736656 64.29947808144702 74.37688127876842 86.76471796311525 113.62579231718024 100.54457056431782 88.91732265827501 79.38551175426558 72.77718250698298 69.92615190655033 71.28467406808026 76.62918767162304 85.21296649531878 96.17253518454218
69.94013448471276 29.509821172914823 17.800737786257166 9.470857839449433 0.0 34.165313236748865 10.088437735917077 48.98038762219518 57.69107359416317 12.803518765415477 18.77351238997965 58.6057415070842 20.863899661785574 48.94800581827596 13.145484684713459 44.45300389402441 22.750499809454865 59.102686484986094 26.913430101362554 45.344375631476595 74.70104377211513 32.92337737951956 12.051879034047207 31.019129843593763 12.267967340708573 42.13191590929585 0.9463302803086207 23.221685410014835 59.560531824936234 52.03000526006969 19.332254337489193 44.06623711378394 44.271208901501616 27.74095732506758 21.13689847193788 35.124171241251 16.37189862898826 58.06500246299723 20.955722595319155 48.40206850558542 111.73346293123447 98.16643286290463 85.95128406078322 75.74490617246924 68.45181721108622 65.05923944516789 66.16986386732012 71.57436706376245 80.41157905493102 91.69431258552919 104.06851480967225 89.3874225821752 75.81996889235047 64.07749117928805 55.33428318027796 51.152143070442385 52.62985286659191 59.34611959712476 69.80489406936879 82.59652163975974 97.8458655368034 82.09398168278585 67.10988831538205 53.542125903851954 42.76082597945023 37.26827184341873 39.345479912988985 48.0199578154715 60.51836715571074 74.95155791092029 93.35447273706619 76.71113336653833 60.43880674895525 44.94231543490194 31.392436169543256 23.44929332176957 26.70139776408681 38.40274605352379 53.247423815215306 69.24244621644667 90.85153042353656 73.65902533917448 56.5333232413869 39.56127460917421 23.084311769806263 9.96943530341142 16.26674582865278 32.07082145253273 48.89970701982407 65.97376974071747 90.50220435412255 73.22971045103509 55.97540071983281 38.763565005926374 21.695528373662835 6.123024095849647 14.247820533922004 31.10020657612652 48.271718442689895 65.51189393509172 92.33094672647864 75.46796884471964 58.860316073537575 42.80620496649632 28.265127766308407 19.083385452548253 22.981419488257806 35.92808889625549 51.49972223656788 67.91411560044847 96.21361646379334 80.15060034787432 64.72932762351202 50.54069002852581 38.95568274477279 32.85479361221342 35.21417447777546 44.714059093906535 57.942768770301264 72.89780655428896 101.91568740485705 86.88321647685224 72.86482158978843 60.56875514062175 51.250062706831685 46.725439644052535 48.35977095436273 55.612688641381055 66.67516616661167 79.98179407141538 109.15232299497627 95.2319375590383 82.59969655749302 71.93742722687787 64.23373432580054 60.62711802338541 61.83864389889159 67.60979177388825 76.9210350492834 88.66398900934212
96.7742941922492 59.519177171402674 45.01168116736414 36.470973028749235 34.165313236748865 0.0 37.282255564500005 82.75045724774668 89.29057858109269 21.37520762025371 38.28306556352893 90.73169290254694 54.802481368416 20.182521188297475 43.55748126368761 10.855782664698635 13.879199842678753 91.03328190481494 40.90047675880515 13.59944985311512 104.675237117499 59.916965141598 38.55213067757666 12.766589227482893 42.16419061628724 8.205128996983964 34.859559615211126 48.78579050226979 92.78646416705726 81.57729120600226 52.816895484816335 73.58922347177263 75.09211853036591 6.520303585886855 50.442721023509435 3.1719360132180237 17.87961402913542 89.81373517148195 33.410274148523534 16.55353932272656 140.06560524907053 124.86030314539435 110.27470641528318 96.58996063101885 84.2462115544643 73.91834599841188 66.55158628162212 63.19018472719555 64.46378287841647 70.12027672495535 134.21968336017363 118.29621483661049 102.81909918230951 88.02409634688108 74.31969851978225 62.42832136204462 53.57121146576672 49.40805357099203 51.09930026355974 58.13624417817205 129.63583603473026 113.09316819914228 96.81625287669146 80.96552579909923 65.84947481957748 52.11139721296976 41.15518830529227 35.64559929283324 38.028612820048195 47.121645309230786 126.4514565528007 109.44552679771107 92.54937657159128 75.83641716015163 59.461319593387934 43.804636559803896 30.01258297403353 21.940268588162546 25.704220100761116 37.93085515213217 124.77378624148561 107.51177623552104 90.26505207215021 73.04444210109895 55.87409702306726 38.8207703999045 22.15633116655398 8.571295532545104 15.960717511313002 32.16730016445999 124.6636941271622 107.38457430053644 90.11420749549936 72.8588183951733 55.6323455725944 38.47365020958281 21.54527970496961 6.847614567041234 15.109401163848819 31.755497356820438 126.12528675579533 109.07024357599795 92.10732759111157 75.29882632580272 58.77736285323948 42.87604470835162 28.646879823585778 20.041055994735224 24.111321305806754 36.87518668165178 129.10517594198228 112.48729038388237 96.11109515802478 80.12491996188469 64.8179840579109 50.8079461097949 39.49976950159198 33.73016848070588 36.248100820491445 45.70375731530503 133.501689937564 117.4846939766301 101.88870400530274 86.94058472227628 73.03920264489382 60.90556261601966 51.797225560288005 47.48810564364582 49.254343597863716 56.5293121542067 139.18058660970533 123.87126378981866 109.15878121934756 95.31990486180402 82.79386589662874 72.2665857740267 64.72086086522629 61.26838879389748 62.590225453389166 68.41017761871342
76.32337981353503 35.84670716667369 26.59198137883 19.354765964797053 10.088437735917077 37.282255564500005 0.0 46.25199990713883 61.56097215384583 17.37203090827517 9.18906510106601 61.965691999661885 23.273322118996347 54.61872361332264 21.225778727183982 48.09372875988426 23.87395604651041 62.63839406052254 36.98990781455094 49.91625573086225 79.39321596345195 40.520946759097875 2.003729160392956 30.592502265256726 20.78856994936019 45.48738288975766 10.636694626074044 31.996757147405585 61.57029195010301 57.52346956672369 23.15587442192844 49.86902451241144 49.21148514150852 30.814152476285418 28.661519896884265 38.989285301384676 20.08744621142118 61.7937728672282 30.94228289313007 53.01662610707197 116.88349755295351 104.19550757197683 93.00721262362607 83.92058988302901 77.676735368554 74.98913943961118 76.23485328613317 81.23312552437932 89.35644640642026 99.844951554661 108.26757899838421 94.47593520004355 82.02579665921446 71.62021795230687 64.2602150485206 61.05726961957706 62.652218041781964 68.71176023446323 78.2049031720168 90.05222419341847 100.89495164954386 85.96909550132712 72.11298227811713 60.0714721293109 51.14278085617166 47.13055296631042 49.25136273696515 56.822593739588136 68.04866131205416 81.43178846434887 95.05546726038845 79.06753390135921 63.769241727305335 49.800257789556134 38.63060151769398 33.21579870582659 36.23483691239943 46.058069225862255 59.400642150245965 74.39243944874222 91.04469658997141 74.22053113677836 57.6797148295666 41.76031081042568 27.56101251302525 19.339262088227883 24.230487017643803 37.40237612404414 53.00444107751367 69.416969133866 89.10996968853179 71.84520158255233 54.60396278579177 37.418791834026706 20.431658808273518 5.78384387168594 15.753300833210286 32.58210541518443 49.73664814163484 66.96706811840518 89.38622152837883 72.18598982977005 55.04953122848125 38.06307766648172 21.583746352671476 9.035018760070267 17.208086865802052 33.30642843917967 50.21186442835594 67.31907393575463 91.85350170898748 75.20597683364248 58.93660333040304 43.47204340868351 30.08030900015796 22.771528416104413 27.036477372566974 39.26971856883314 54.33195716757815 70.43098343935347 96.34359262043301 80.60454137929142 65.65670850238429 52.18449655173186 41.645492169507065 36.66305203443365 39.4045527788378 48.57947306927951 61.367081211292245 75.96432806075588 102.59118242781065 87.94466730210547 74.44648657657318 62.84103183718002 54.35450545604696 50.58191679591511 52.54854339125487 59.68977785791756 70.4492073142402 83.43867870358963
60.14788552424707 39.17247246307688 47.55786558636252 50.670590216904266 48.98038762219518 82.75045724774668 46.25199990713883 0.0 36.93538732650435 61.50553976874764 49.6553737452391 34.76210011719048 30.66747853631597 97.6908147403952 44.583497313728664 93.29420559164718 69.93553584225619 36.00666579119854 62.821004317314234 94.32474646007184 53.64743616673321 45.95382997367675 45.52795815109927 76.82366019320405 45.83498834244638 90.86936728150255 48.43978023825582 48.96251662631338 28.391168026973613 42.70522471476282 33.75786521847979 40.57067102984838 36.123796099562576 76.235195631191 43.011839592067986 83.97866669574869 64.89816639657876 36.401016156682985 62.50665170055897 97.38128664783947 88.55385486433867 81.45831784237586 77.63899945468886 77.58128178469768 81.29317736936217 88.30056877792303 97.89833789247358 109.40686922265775 122.28788107904168 136.1523890291395 76.4296306312392 68.14914657352715 63.606744907062414 63.60836340811728 68.15367834578738 76.43636521553377 87.40026350723035 100.16879889979492 114.1379190391377 128.9179387409991 65.14586634695928 55.26396129989195 49.62790322841129 49.70366166634418 55.467837808379144 65.43401197436087 78.00795253482559 92.12802634253951 107.18492272736368 122.83462022257714 55.22041591367552 43.18423240930654 35.76547462441898 35.94673938900098 43.63341175696249 55.80581351104455 70.1670198373901 85.62266157472426 101.67486084733939 118.08057474555962 47.512490278437966 32.81220288135661 22.23861695276146 22.609356704779824 33.56369225553014 48.37945189456526 64.44635594013882 81.02348871049381 97.85187863366916 114.82110468836403 43.22525148181651 26.25651994466869 10.445128300642812 11.292030929112114 27.287957260779976 44.27717981197271 61.441175805877165 78.66562723567904 95.91797080849564 113.1854528254909 43.38498321416698 26.517465800629665 11.081901502098681 11.880842299236404 27.535678873033792 44.42956372370583 61.55056440664347 78.75068983371544 95.98741398851018 113.2440261714234 47.94726002697714 33.435817925050436 23.14474876424616 23.497152364421794 34.16524903973465 48.796758227125956 64.75873905349117 81.27100499483362 98.05595097003817 114.99423501651611 55.843221285899546 43.974227814734505 36.71113421291555 36.883456366127966 44.404714241187136 56.40811338051336 70.64473921219859 86.01273403607811 102.00200473032235 118.36103597089372 65.8849145559361 56.12932158075035 50.58538217014206 50.655329538624514 56.31825019668485 66.15307682092595 78.60925653826443 92.63531846368693 107.61919258522747 123.21193274443394
23.45655451147879 29.837214004850157 44.404391373109284 52.89145952265736 57.69107359416317 89.29057858109269 61.56097215384583 36.93538732650435 0.0 69.42364855645022 69.14325105940885 3.3115827172915036 38.29012083235022 97.69089971214706 45.942576553529044 97.95974500783684 80.094655180036 2.4813011376006555 54.09215383067694 97.09540519607455 18.4953299932479 31.303835644696335 62.08871611163922 88.59236221506396 47.28752140433119 96.26633431664145 56.77857733160657 41.49037589219459 11.622657322403787 11.468577859687283 38.719147793273684 17.176147581343617 14.351806365330779 83.5102777161162 38.864567573555675 89.20060253152721 72.96542972001635 0.9521633860191013 58.543078383840765 99.73749646734635 56.00258165997806 45.79930123557012 40.71324563318592 42.61767569427726 50.731348576962546 62.687947091061375 76.71110237533087 91.85920356568404 107.65843611412409 123.85988046110178 46.70675038695958 33.8699269784023 26.67458635306656 29.573727233463888 40.45228435617929 54.74376182308669 70.39944452311295 86.68329886100747 103.29867857455218 120.10807579226821 40.37389135518847 24.458607411633547 12.849463627867983 18.18534630372361 33.09105302801034 49.57864082915944 66.48141340306697 83.5477581703782 100.6945397135719 117.88666432867615 38.49530764335372 21.23060015369573 4.278041835812333 13.585966573831502 30.815076184799924 48.096496125371104 65.38876467355782 82.6850756682398 99.98333119937382 117.28267085940671 41.67775739193896 26.546539768353487 16.46555286357021 20.88593865541211 34.641633635188015 50.62188729476751 67.25935258839353 84.16518218875864 101.20497823735793 118.3208759773238 48.943719987174816 36.88036104382923 30.389858106245047 32.94897663336292 42.97017322656097 56.62107075540224 71.86212256974719 87.86974910205109 104.29156291119786 120.9589869406093 58.798266472495506 49.16356187958102 44.44749111630247 46.18232442993594 53.7469876953742 65.14118709531114 78.71920857835529 93.53479200377647 109.08485139516806 125.09578835856628 70.1588597513413 62.25261500542058 58.54235554106591 59.81407487818351 65.77945392519922 75.33157643157318 87.3009341314077 100.83033589166894 115.37225409376867 130.58887485405188 82.40482554198668 75.73068750471602 72.6526430334669 73.62312002459589 78.49209397846298 86.60451249480515 97.15123315651874 109.43066469110893 122.92463706081848 137.27545362671592 95.19495038572566 89.4218999265399 86.770677614147 87.52543344965044 91.60201530106838 98.58921651659647 107.92318897476954 119.05323398336625 131.52416896784004 144.99040733681213
79.62801499993009 40.20437801757684 26.42949959058841 17.022049974244375 12.803518765415477 21.37520762025371 17.37203090827517 61.50553976874764 69.42364855645022 0.0 21.879738008906155 70.57674430223904 33.57703732552298 37.32266985173212 23.557559239079932 31.789849396138333 10.805448488931486 70.98850353593616 28.828931103831476 33.020564091288016 85.78918764239238 42.11652335869701 19.06122390256464 19.466221711589895 22.276199468877834 29.399441530926083 13.529180644717977 31.223539226091898 72.01363748257945 62.78859294254246 31.798291958952774 54.73332585083206 55.56400078197722 14.9374385596521 31.2111378764019 22.4736105245959 3.6104493069351444 69.86594560757962 20.922535012696695 36.111648859106616 122.25995840411484 107.96661081055856 94.6824888935167 82.89421806724069 73.32681711398396 66.93941933300147 64.68108415043655 66.9708329561264 73.38416259972547 82.97030316667384 115.32191334968145 100.0798964941934 85.62434572307328 72.42770459993604 61.30837725696704 53.57576658799781 50.80068232369979 53.75645820833522 61.62390111885245 72.82825340789454 109.7591655602567 93.64641764107691 78.04444600168989 63.331875613884684 50.29537044629105 40.583605193231186 36.92073449000987 40.96289983330972 50.90662621776469 64.06026011175338 105.78897637702822 88.98204580855965 72.40864882324716 56.27549526538276 41.10427356366977 28.476345235041343 23.04244270105063 29.149907174160283 42.03797100039436 57.30074971857541 103.59466800581173 86.37393535340875 69.19372348484748 52.09413808706342 35.19290082463221 19.026153209698464 9.17398144519937 20.125669113038143 36.39555427561964 53.31925896802263 103.28951615647529 86.00938778969089 68.74022782957734 51.49307283661274 34.301132229750976 17.32952071820082 4.771833860942778 18.54567341632461 35.5503459973014 52.74870323130007 104.8900145488554 87.9163216670259 71.10102657044374 54.590697411167476 38.77685403555285 25.017123626963816 18.622041801820604 25.815040340957957 39.80909538498804 55.69401892079982 108.31169597157204 91.95350149775746 76.0143263002262 60.824481748005994 47.11439025300924 36.58718860409044 32.499036648393286 37.04673815998405 47.82721657798602 61.65332833623813 113.38976455445214 97.85757429839687 83.02815195594037 69.35377578006674 57.66213177625541 49.38217993836642 46.37866943426386 49.61920283614932 58.06765562892523 69.85945175014741 119.9139053938944 105.31495043010428 91.66148924393163 79.4425212732453 69.41970550187288 62.65598604944615 60.258986167971685 62.73128398581512 69.55557718347596 79.62059026586759
84.94189611476509 44.668206382811704 35.77295007233554 28.228459235372867 18.77351238997965 38.28306556352893 9.18906510106601 49.6553737452391 69.14325105940885 21.879738008906155 0.0 69.27632068448132 31.078376102159112 57.30100663448419 30.413146232416242 49.05639575726921 24.41687887868936 70.03633846535085 45.54293124513685 51.68348045642651 87.26563987338557 49.598156201011626 7.732306005449186 28.893575978577257 29.972161688116177 46.28911873681944 19.46272774605126 41.18322338453839 68.10793138947257 65.88142423117849 31.49386524907317 58.39981475355314 57.41307238909154 32.25562149687835 37.77889100425685 40.56624384021099 23.43321499659074 69.30124730208064 38.972512651937556 54.729026764872316 124.86032422515679 112.60603529383458 101.8273884885558 93.03867019580309 86.8461311826175 83.82712028652558 84.32319333615983 88.27510984409759 95.25370515649823 104.65524792447879 115.76886269590304 102.48153738389989 90.5604283061075 80.61393540634698 73.44870131668088 69.92500701087148 70.59030544563198 75.33369483436115 83.46274419628695 94.10410988229015 107.76010555440321 93.38347535351427 80.17109773398973 68.79705428112209 60.31055270029828 56.03917540261917 56.93956371631696 62.78962474961279 72.39929806067298 84.49543222240732 101.09183198101115 85.63976057358677 71.04564513276267 57.961226670585255 47.64691916304364 42.18600500325805 43.44875296733236 50.93755249876633 62.45141614503256 76.18680664112125 96.04376039036491 79.64653613314566 63.72948535334104 48.765086549581916 35.96289485610408 28.41365383353141 30.33234938853326 40.391544810713675 54.23663100201333 69.64522359886746 92.88051907642092 75.82014265218614 58.900847904837775 42.292296937628166 26.583444488412695 14.947685631671405 18.409229611507246 32.451175761522585 48.64124305550532 65.40317184903896 91.797210074743 74.49528205857852 57.193355597093195 39.89143271320636 22.589521627450484 5.287738154456204 12.01446903575971 29.316349732197374 46.61826746049288 63.920192149300156 92.86666587323678 75.80324940686107 58.87920063510635 42.26228307609856 26.5358913696099 14.863349130184336 18.341140110873265 32.41278066413775 48.61575811199136 65.38431141964017 96.01696495783922 79.61437013730936 63.689466216956504 48.71301760024835 35.8925878502383 28.325032103010642 30.24974093919951 40.32984022208855 54.1909125219494 69.60979665037347 101.05364446629005 85.59488597051055 70.99179522399476 57.895513768993 47.56733207566971 42.09651633902563 43.36228010461785 50.864162479651775 62.3918564756455 76.1382264366866
26.194507509889775 31.52537789999152 46.04709327561771 54.26773900217334 58.6057415070842 90.73169290254694 61.965691999661885 34.76210011719048 3.3115827172915036 70.57674430223904 69.27632068448132 0.0 38.724805221332744 99.67891008834981 47.23199776502824 99.59975984656386 81.16802595816333 1.266552957328566 56.365179461951556 98.87574414661223 19.457284252048645 33.579688858095246 62.39007027692926 89.59599621523205 48.60400498307788 97.84024537640387 57.7084524323337 43.43079242515599 8.393653136334965 14.621152605952796 39.42674592397533 19.707681719476934 16.372250258392626 84.85068333061263 40.43129955842524 90.74589581188509 74.14548543111334 2.37314307595394 60.51324355700849 101.5622022506211 56.493450686014754 47.17687447794585 43.11043360355115 45.71723931277283 54.040049409419815 65.9491652319033 79.85588478058729 94.88591443363197 110.58216703428077 126.6972732858637 46.517621094628666 34.68045407126464 28.987725086051974 32.81085194786315 43.72099374693761 57.83777374394587 73.33212350529112 89.49135205457058 106.01185469478906 122.7478475065259 39.240224338139676 24.114161470865916 14.896405224642308 21.471504875829588 36.03970980028233 52.301131643349414 69.07002669521131 86.05022563580684 103.13741612060902 120.286010840119 36.32130568466713 19.024799616205634 1.8336728450340951 15.60433637283923 32.898964619560694 50.19862582092759 67.49945034923118 84.80072619061187 102.10222391961041 119.40384708238182 38.75846140246117 23.32568696978586 13.589323962620147 20.590397998465466 35.524244742610314 51.94893791162997 68.8049783559559 85.83863147654472 102.96178403529689 120.13617273922713 45.702689800639625 33.58458285714773 27.67349654654654 31.661182405215673 42.868967636668856 57.199441919417815 72.83209306494693 89.0840123655359 105.66985659383485 122.45401496217623 55.48676851611598 45.9722120857706 41.7948815233852 44.48466019737999 53.00625338587123 65.10872320108751 79.16649423437941 94.30920853921987 110.09007609430778 126.27005950168059 66.87556450182406 59.16615477439485 55.92517199224035 57.90780691941541 64.63514206929095 74.83840809731339 87.30733824066104 101.20797173344876 116.02686767008736 131.4538426482138 79.17951110553503 72.72876465058253 70.0588390902799 71.59398131292878 77.0833632129722 85.7710971507569 96.7998286494614 109.46425007328082 123.26121352009503 137.85108258125302 92.03215459282036 86.48662795409997 84.19403147196662 85.41669532957836 90.0114855525133 97.50283076023248 107.28567129495497 118.79523268016344 131.57917058691766 145.30150631886394
54.32235528017634 15.839184924341437 17.41447826856057 20.199690737632967 20.863899661785574 54.802481368416 23.273322118996347 30.66747853631597 38.29012083235022 33.57703732552298 31.078376102159112 38.724805221332744 0.0 67.81473917941587 13.91858364134633 64.77671131669179 43.56324867014336 39.37618900927668 32.91472172086811 65.1579353711184 56.22963918586582 22.593948864579982 23.82802661734694 51.64555752604314 15.170284393856583 62.59807356917537 20.073333129884443 20.177930023109397 38.88090516459667 34.96193510618339 3.2942826931990137 27.80922237923473 26.393941807843497 48.46920563839857 14.080752586269956 55.49589852048224 37.177226244103885 38.52067652008371 31.869268514236573 68.13260766096164 93.79898399623224 81.64619848959302 71.64250608349866 64.79112786006367 62.143595344505606 64.2219375048327 70.61007501007921 80.28575683359733 92.21994051638326 105.65002000969302 84.99672741915505 71.41076558387792 59.77669634726039 51.43648147850817 48.13389703180633 50.85995159227287 58.781795858566085 70.16100475720333 83.5974632889684 98.25073721634881 77.78520913060652 62.69740080436025 49.092741382130335 38.57380362303972 34.12458463165163 37.94396009159754 48.101027217548854 61.533579548773254 76.53601691658258 92.34636018477717 72.63987477241506 56.21848719263095 40.536364087129265 26.91815262069802 20.1168755915655 26.143871988987613 39.50983444075618 55.11137458299662 71.49973297308249 88.23758631036392 70.01780241534213 52.803135822417794 35.6730019961645 18.859173133783777 6.12267688982773 17.83309716343547 34.601516696808496 51.722567435622 68.93400051989548 86.18168189556671 70.20233500155332 53.04646961653723 36.03056111332451 19.524037127699113 7.930196318447716 18.528391667870885 34.963236094642774 51.964100635741076 69.11454932073904 86.32547362734354 73.17223921435 56.90156669661222 41.47422373830804 28.30451232889422 21.929223492730543 27.556260797784176 40.45386775889603 55.78883907619707 72.02072587504286 88.65825729676921 78.61242164554731 63.716137344885794 50.38141260068738 40.19371305985543 35.937301789391405 39.57463842857422 49.391513543043686 62.542773122143174 77.34586340500802 93.01545010436384 86.05559131601332 72.66216203826907 61.25941665549689 53.14455576653162 49.94669987234758 52.57093484579419 60.26138809268079 71.39935532566959 84.63452208512413 99.13040934836786 95.03217869283658 83.05360776588593 73.2351147750421 66.53988132664217 63.956415437898 65.96956754659324 72.1958316440116 81.67732775349735 93.42819236472985 106.701274055788
100.59591160172903 68.28826747301966 54.11632959756296 47.74278623940701 48.94800581827596 20.182521188297475 54.61872361332264 97.6908147403952 97.69089971214706 37.32266985173212 57.30100663448419 99.67891008834981 67.81473917941587 0.0 54.65865619880568 12.411200834341447 33.213027088597876 99.74154518380323 44.249494116161976 7.533188592043763 110.88865289776294 66.571216275574 56.196377139938434 32.78913018361362 53.251820179180314 14.622115598920061 49.38935252893137 56.248117756354645 103.1867976571703 88.37563173668357 65.21423388678124 80.84972180095346 83.37216722498492 25.244397195683884 59.80143590708285 17.269863318644678 34.57123444071742 98.35885918846279 39.16600746678656 6.324352305708146 143.82507762456066 127.56269160448518 111.61330888305127 96.13284686013546 81.3893166610093 67.86472267261102 56.44221289332747 48.62642599749029 46.282159743214216 50.18217225210283 139.865171159137 123.10160164202192 106.51033268819741 90.18650692386686 74.3065913114654 59.22872118394845 45.75283306529964 35.73948060125743 32.55775842356017 37.96594807547939 137.2284355863099 120.11133065682033 103.05596466383224 86.0990350436906 69.3128249329861 52.860225567492975 37.186705635945806 23.87908262978054 18.87543325638122 27.222513774204238 135.9918958262937 118.70312978126032 101.41885324024459 84.1418329282982 66.87769275156086 49.639873189659895 32.47032054161762 15.596150330896272 5.556219712350137 20.425883900570955 136.19371330307092 118.93322901623547 101.68683104550308 84.46314862020891 67.27962964024292 50.17755351901207 33.28270440816943 17.216363473124943 9.153204504857474 21.676539325485873 137.82756684930106 120.79226299403712 103.84514680870798 87.03774659995481 70.47010182855364 54.36186412710087 39.282316532847865 27.01295271166037 22.69383038272616 29.983851685611768 140.8436055543229 124.20708562138536 107.78026780859112 91.67594699149122 76.09914258681377 61.45231375663374 48.58396183620119 39.28260362440647 36.39439057778266 41.28786143363801 145.15565647204758 129.0542091358727 113.30716860801725 98.08537757044188 83.67597864134929 70.5783166676472 59.6626301761363 52.31310896369938 50.12379248898643 53.72921971939392 150.65241658784032 135.17958234798922 120.20641376530698 105.94497583241248 92.72425500297086 81.05510838936598 71.69914431147626 65.6528564732462 63.863302455103266 66.67412397002036 157.20959239553562 142.41828750456796 128.25663838689624 114.95758333407002 102.85626205430862 92.42434378669641 84.28399615854583 79.14549068874112 77.60740549953847 79.87799499579748
56.86747145849713 16.714607248802682 5.6300130439428635 7.1404672842633 13.145484684713459 43.55748126368761 21.225778727183982 44.583497313728664 45.942576553529044 23.557559239079932 30.413146232416242 47.23199776502824 13.91858364134633 54.65865619880568 0.0 52.81591725072395 34.322826639399544 47.58296411626449 19.957110783457964 52.64035209261291 62.26623174109221 19.788893436578423 22.792901860895416 42.93032375866863 1.4226131961563322 50.88343674474464 12.20987109194082 10.849471801742677 49.33801389941879 39.34047919856875 10.880909762747413 31.304408429289523 32.00706772041438 37.61893676526796 8.007951415084547 43.74916290729825 27.057788823054025 46.41534657747759 17.969382097649728 55.51316583938333 98.97268648063445 85.14003938788345 72.8063091163415 62.86008025768311 56.574901111204376 55.21546780092687 59.122542538549055 67.38620697827535 78.64493275736918 91.80331534567301 91.77876647954929 76.69978555771064 62.778002003525714 50.97061182225188 43.05385356328118 41.32760151469003 46.48668939032118 56.68120708980125 69.73672982672294 84.33486254000744 86.3116185248803 70.09755683994722 54.555929500987915 40.46901776440191 29.964034112136464 27.50736752429517 34.845045305618115 47.64880987977264 62.65262141286335 78.60663358219644 82.91361240084973 65.88832431207487 49.05698922913618 32.720297310666496 18.25815632194635 13.95763019887472 25.592642723549613 41.39884098248257 58.06425285933414 75.01842198967067 81.84292929303824 64.5420538013281 47.24195109594906 29.943960637186898 12.65674582036878 4.73911929711048 21.987243790294066 39.28272047740722 56.582143539717855 73.88274093333759 83.18949376722355 66.23357359535808 49.51760496050985 33.403782161726845 19.451083678669086 15.478668603354354 26.44893644521768 41.93108427314724 58.443117211843635 75.31064069845458 86.84091398501035 70.74529527542015 55.38193578101526 41.57078738210717 31.42946804843043 29.089553203840364 36.10127830076421 48.570691057874576 63.35322651789575 79.16350255040206 92.52466489825544 77.58672223075796 63.85366050673853 52.28369818115064 44.5935519194732 42.92189758231829 47.903009856660695 57.842994878685964 70.6797736385696 85.11259241952617 99.89436987463282 86.20487077189757 74.04304273691197 64.28189816562256 58.14336167711012 56.81405111305193 60.61122109051182 68.68989490212611 79.75951994878642 92.75536752239205 108.60726791724801 96.12292883471395 85.33689316087307 76.96650118514388 71.86089589678798 70.73064044494951 73.75871284609592 80.47708386779155 90.06366314421525 101.71064297108073
