0.0 10.17233476978579 48.2407462471182 14.239767530933694 29.32750707961339 66.55154072222055 33.45474403213584 49.856399981943376 24.483817851980085 29.21634830028935 30.813177737625338 12.863984056200735 53.01034162686516 12.182424661151368 58.59252500226222 49.4832170419065 6.1131001052258656 34.85951649214228 4.658144501067166 37.947109998428886 33.50634788471018 13.539736464488982 53.87482867870013 19.857836413245323 20.66761851145217 39.957001720459424 34.03496012520067 45.67814147809402 22.29172263628268 23.444035098350078 12.940505600714781 56.879219700230855 46.015918799348206 5.5650474904528995 48.423015871305694 57.32047474350715 49.08404099742234 1.865419381745856 20.008133509018553 33.30049170969402 107.40772636024536 78.23006725618235 55.66214430643889 49.71330144877984 65.11034879063433 97.6440808508195 64.31401712829303 33.66102485781563 22.90593615998257 48.07436686938054 95.46535479824556 60.9871094900338 26.83420704299416 10.750599881420019 43.65695493855011 101.36195592118884 69.7808824251007 43.11992966698406 35.272035045253624 54.98850713930528 114.08828363844664 87.09798391788767 67.4593205125162 62.53191049519082 75.26286283116309
10.17233476978579 0.0 53.89420108205699 19.487449375822155 29.99416297391093 71.91804337716069 37.299287122388435 51.22936557021379 33.3860772679846 25.504660587613287 27.482331656789352 17.29538299790032 52.18363547278141 10.803192448378708 59.75303870899849 55.99516915060565 5.170149637693197 34.368775844904086 10.313260357041631 35.998180617068805 29.8748771193042 6.484681440692268 58.18601252621736 17.35313246445112 12.07349138774432 45.06099520642182 34.85961584421033 48.066246873134055 30.973011576828593 18.894517246249784 23.101174106999323 61.87063552163285 46.340539376449534 12.74563957062812 48.566648641082715 61.41350084540833 47.85104654950252 12.002089658257667 26.422362383081506 30.81072694394841 114.22677661332736 86.44929345609071 65.52854551193643 59.23922949507258 71.54976200076007 102.37432074321573 70.21271098803464 42.11868107780345 31.82730089975707 51.447119889481044 97.43518423179391 62.86501581185473 28.377094306976055 7.304993575489582 41.186412353095484 100.43482352496828 67.38021093550303 37.254190172370535 25.109746233506474 47.62317542263712 110.72977689263155 81.81710592566712 59.34471600245234 52.38657250132538 66.04325707848187
48.2407462471182 53.89420108205699 0.0 34.61068601657918 76.13923476248942 18.32330159773626 17.943597047392487 22.85427668339691 28.624590380370712 42.04940196741909 40.83038203671779 36.660198534280916 34.13344087099877 60.397322155746316 27.099954025654 5.710885526963748 53.20925110615086 82.13669095569682 44.7909459308428 85.85351088991811 81.74653987961581 50.458771846134205 9.503633175318264 41.30891765979256 65.87114161774069 9.091127126128418 26.896950450555554 17.64317556500368 29.170313738146135 44.74435305260677 42.69675776363998 9.332555412075456 27.15161121180054 52.43629280667491 28.334721607217347 12.726016402561683 96.3810215970915 47.738991829798 28.233279403388934 81.43238690403594 60.822464051139725 38.6453522537869 41.0168695564474 65.31564242491461 96.14942496803594 49.60985940471147 16.327729422236004 21.607975410172138 55.335953139667616 89.7334055617134 53.143032798694286 25.026111143847352 28.6927996378089 58.438801076347275 91.6610953421957 69.1988640084044 50.720579063866225 52.45454776166327 72.97390013485688 101.4579159032611 91.39982845006509 78.13639410865976 79.06581060304424 93.76698569631512 117.16582984036097
14.239767530933694 19.487449375822155 34.61068601657918 0.0 43.460637894609235 52.8092737137367 19.215473076021937 36.10135446394856 16.6226784326934 21.81182580045897 22.60339188260853 2.3514684745905616 40.535978373552624 26.086097459767654 44.83755231797963 36.513184757466504 18.64490835548439 49.080155267428125 10.265730375892502 52.16157747290404 47.422145361310506 17.37489475135679 39.72619794990065 13.752724886428611 31.55876687466009 26.00554938819397 21.030501506637595 31.603620639457283 14.029840141753537 18.742108494624226 15.940461119570559 42.94514432438039 32.90344417045441 19.295887800469934 35.36893706391366 43.13773099222991 63.318383669779024 14.280596120772078 7.054354390193328 47.43937176194614 94.74296547479955 67.41518117724551 50.081850773185 53.538629782722865 74.9625637196902 83.67771520329671 50.879037007044765 23.879672537237493 30.767630441368482 60.974596138110805 81.33358597572439 46.961926041241846 13.803847275807902 23.88562986447972 57.83903388479643 88.40717275237316 58.26720278168809 37.001837155461246 41.68975045715907 67.09519312750737 102.97533340844943 78.47000319366053 64.07761051556767 66.7016911080124 84.77657508299025
29.32750707961339 29.99416297391093 76.13923476248942 43.460637894609235 0.0 94.37968151002394 62.622800747463934 79.13534519042811 48.892665231267436 55.48586148411254 57.43760805279584 42.19119104742665 81.57337461295361 19.26869141179605 87.85915322635684 76.42439814378507 26.841714282711326 6.201566103030802 33.796971486368186 11.29239413914707 13.25733133439219 36.47107498573772 82.62703467097165 46.959997797746475 26.132098942381432 68.4668583267578 63.12198187334323 75.00109933356774 47.5659631432081 48.88864263714322 34.01453618182034 85.1614207277558 75.03405673276306 24.192341970152643 77.39149642856471 86.1495237110075 20.255672296507388 29.18986224321459 48.432578416267155 9.908264667741985 132.7472352707766 100.94519569894042 71.78335605120428 50.10570314735353 47.572327896687256 125.74345490903364 91.63065189550032 58.10150011891032 27.390514792468263 22.793514879133966 124.77872128470732 90.3145210947765 56.02275240175772 22.698843226138955 16.93454493139128 129.9876180776102 97.32191630592332 66.64200874151626 42.492195304221525 39.558101473174965 140.68580216326296 111.08838204950746 85.34362692651209 67.97950445682022 65.98229865804937
66.55154072222055 71.91804337716069 18.32330159773626 52.8092737137367 94.37968151002394 0.0 34.99894273751835 30.988335906187885 46.25202614488477 57.391933362372114 55.83095561992814 54.7929541230959 41.310891257091264 78.69690097996829 29.77437834699045 18.536994503986175 71.44447163762229 100.40461519787618 63.034526144162925 104.16771144673811 100.05368006716769 68.11761297194138 15.13902281856189 58.27854021084144 83.79941187600433 26.862338545784038 41.80873786492138 28.808634253247792 47.09753436859921 61.13652501636791 60.724269190423186 10.257007120724698 37.30980488806093 70.75376299400567 37.32844964459222 13.417843446175864 114.63163088292072 66.06205816917712 46.54387220421536 99.75568681330893 44.4695520698139 31.702441188526226 49.26848232451828 79.02250806424608 111.60898291438684 31.395182057846046 4.718101682942591 38.12765025044302 72.66380905809125 107.24362350794931 40.033812760188226 25.17237639160497 45.380976964780096 76.68154781417371 109.97967379219806 61.876102383809865 53.283900002872144 65.14978670217924 89.6917731395185 119.3295117820651 87.5406667960206 81.47828474272848 89.4917727952626 108.50607301711658 133.91445900442696
33.45474403213584 37.299287122388435 17.943597047392487 19.215473076021937 62.622800747463934 34.99894273751835 0.0 18.603978819525075 22.134370633638614 24.49282522879512 23.518235578489715 20.779187239161683 26.494820045583342 45.16248125329358 26.980677266386454 21.873319442776157 37.51116995072784 68.28826306132945 29.33052519710213 71.35018554335649 66.39074231985722 33.15288129003701 20.88675922022549 23.436604845473017 48.984225411390845 8.949723067515247 10.68998997218251 13.095937667778836 20.988644224208965 26.80521629700187 31.922549741892386 24.790281277303883 17.96472768381924 38.430839508133516 20.269965324168705 24.14710863854411 82.53255610730982 33.43724511691749 14.886301906561236 66.57105335833755 78.6384636507334 55.51760753635718 48.73612845688724 63.74185733787543 90.2532394185831 65.07828662202121 33.93044481236213 21.499143408528084 46.561761522945396 79.17467076968153 62.306514965966194 28.309638443961884 10.752798111846273 42.71607334986644 76.9971193902663 71.58759237169777 45.08554556806989 36.543927470361304 55.07304267166831 84.41238416972679 89.23652361004272 69.60615575297373 64.20008541588508 76.11214944196598 99.29371527541417
49.856399981943376 51.22936557021379 22.85427668339691 36.10135446394856 79.13534519042811 30.988335906187885 18.603978819525075 0.0 40.5141956290335 29.954203448983165 27.99085441466212 37.04882649433999 11.342593834368806 60.619137774377194 8.742983430579157 28.565127922262946 52.77038158665428 84.45275237263077 45.33884179910657 86.88881832383208 81.09853119881929 45.73421699762034 16.93958383600471 34.42387591947563 61.709472980161344 19.694266678529022 16.3721295814183 6.16748324006065 39.54088209481851 35.415351025967304 50.257305794115844 22.378521468332302 6.650025844881142 55.21945845026926 6.343053076860578 17.60451162598602 98.49251828617733 50.22052294898261 33.17943293555253 81.83822763032617 74.80571147185712 59.7244244708116 62.712888541741144 81.81438138374865 108.85341846909718 55.358433146881644 32.540762897024045 38.05368118829775 65.0545949690639 97.01007305041998 46.213315598722126 11.770342192512839 23.157411109257204 57.69614146968216 92.28368278815948 53.00274231241934 28.389763025150756 34.60502605099161 63.11797083780971 95.7344759652486 71.31183751391842 55.327896548661954 58.5813205823436 78.7220624946874 106.57087848785831
24.483817851980085 33.3860772679846 28.624590380370712 16.6226784326934 48.892665231267436 46.25202614488477 22.134370633638614 40.5141956290335 0.0 37.05382391808346 37.32970587972552 18.77991353047938 48.47799127271204 36.03120918536804 48.48403551341265 27.854163998047444 30.509665513252163 55.05229800635878 23.080955884435458 59.35265243334915 56.49132731200462 33.1422756428646 36.79109915873593 30.11493702511486 44.96318947661548 23.072203219256362 30.24257053020291 34.611084941765895 2.5983423554807645 35.09243145648492 14.880829171141695 37.95470624691518 39.98250949735113 26.895154915962625 42.34513767473584 40.39218671323069 69.07345562529578 23.238184351844016 11.338740791940708 55.47658033476347 84.08839364128367 53.83218103783984 33.46316277061844 41.67129212659116 68.90604973313854 77.58908006592777 43.09019059264514 9.397750955842088 26.73434006360872 61.12271404424062 80.98328473685275 48.888107075341786 24.832343231279854 35.18646299070818 65.22555278160057 93.19607474334532 67.06504741608573 52.00707162457647 57.50263551010124 79.39252710139797 111.36243311499338 90.44149666857845 79.70237283675239 83.18655696673902 99.40960412092166
29.21634830028935 25.504660587613287 42.04940196741909 21.81182580045897 55.48586148411254 57.391933362372114 24.49282522879512 29.954203448983165 37.05382391808346 0.0 2.13391979423662 20.59353704059458 27.740957325068994 36.23410970236688 37.481651569486694 46.342435013966494 29.044552900167837 59.809252618476044 24.877264078397268 61.04171324238923 54.26503737993487 19.061111494736483 42.29001437326487 9.393177772050207 33.57602602283798 33.34913160286897 15.585975698246672 29.17282060583724 34.64280750257123 6.670602095522042 36.99767453274389 47.25722239981116 23.78495687288211 34.58298042518777 25.528344636776517 44.66704838058598 72.99035212406373 30.52480441896358 25.724058476657397 55.757949784235265 101.80087630649977 80.0088432349593 69.52820633016722 75.24418819625345 94.25478311732671 84.91013382293055 57.242439120168214 41.6951261917304 50.94203530968951 76.46253380701958 75.14318216989568 41.56709501307184 14.282849516419885 32.78760488539525 65.88554560168281 75.32468912968504 41.89132942888524 15.192382461083684 33.19011604557574 66.0848654088747 85.39123000644548 57.94717909411406 42.64865870563626 51.71807939031209 76.97681796467079
30.813177737625338 27.482331656789352 40.83038203671779 22.60339188260853 57.43760805279584 55.83095561992814 23.518235578489715 27.99085441466212 37.32970587972552 2.13391979423662 0.0 21.570349424137643 25.60703753083237 38.173932067088856 35.42112963481333 45.27543479073837 30.89531506679031 61.820446204513765 26.390900660074184 63.10903820953957 56.36475747964175 21.06657231991175 40.704212984008784 10.960587700617602 35.70138171606691 32.2689608424399 14.105675912662335 27.432572443956865 34.979672487537115 8.739237153349311 38.07736437278591 45.74605235515971 21.752278495252032 36.23742069270966 23.45245162360186 42.992262257305136 75.0526337626909 32.05722924792023 25.995558271296666 57.83015934125875 100.27670573149715 79.00047416083817 69.4369636008964 76.13585688169549 95.74239021312033 83.06567172624825 55.80812949945176 41.52119313306734 52.233057566001264 78.27768384662878 73.04634522837117 39.5572618792029 13.734490186112017 34.74688922981072 67.9772553047928 73.23315721283204 39.898029154893266 14.678571302027146 35.127175953770134 68.17057162338365 83.55767199808194 56.531168879530355 42.47917890717041 52.99063414838394 78.78041035053106
12.863984056200735 17.29538299790032 36.660198534280916 2.3514684745905616 42.19119104742665 54.7929541230959 20.779187239161683 37.04882649433999 18.77991353047938 20.59353704059458 21.570349424137643 0.0 40.86411803331607 24.38352127635183 45.791020190564026 38.70906608143229 16.781109345545172 47.69381461274093 8.558403499096636 50.59772103482729 45.64563891851993 15.023659041422928 41.485067461226514 12.049617261198751 29.351201989172864 27.944382404769684 21.513453892303968 32.81600818087815 16.18164149672228 16.987047171752337 16.537244988108338 44.85625311558617 33.485648357569396 18.170637575810993 35.929494542725614 44.84964030353851 61.88676667980428 13.176875527655815 9.390258045234432 45.79311586207379 96.93982229878063 69.75469022536944 52.238959003396154 54.65258673051978 75.09797603161803 85.54059971072226 52.95936759307104 26.21143669562225 31.052030407871552 60.301427447772205 82.60691537664665 48.124165848158256 14.24156167962097 22.012784683820072 56.224168913065085 88.980234768655 58.30494858732012 35.72512720326518 39.34380804770956 64.91855346300396 102.94596039513841 77.8153423051443 62.50892344933668 64.4537415625382 82.43776664693874
53.01034162686516 52.18363547278141 34.13344087099877 40.535978373552624 81.57337461295361 41.310891257091264 26.494820045583342 11.342593834368806 48.47799127271204 27.740957325068994 25.60703753083237 40.86411803331607 0.0 62.44735403789364 12.74387221876546 39.838977199771534 54.736607591480876 86.41515686710953 48.353468408522225 88.1648027067489 81.69974480049531 46.0419146643685 28.0685564748652 34.83289066349521 61.25211776896594 30.018327165282244 19.542328893632664 16.757655827827286 47.0677686321455 34.1945315129277 55.972639593677854 33.4145717001097 8.530793107331906 58.562180279051084 6.343053076860499 28.230601903649784 100.03467118266823 53.74806104604701 39.42881354560625 82.9411259635355 84.08176868765045 70.90366054974939 73.3462528469886 90.14862731806447 115.18956410485958 62.3887736033661 43.34866342185374 47.54654941501366 70.97226425895451 101.03598575671234 48.13917197684294 17.848881599292206 26.73267770686026 59.20760363079897 93.22711722033877 48.424126832561186 18.596940950674025 27.23318965373857 59.43313282555962 93.36915009167079 63.04685595076368 44.28200510317398 48.39116133371403 71.53552685865884 101.42868084589692
12.182424661151368 10.803192448378708 60.397322155746316 26.086097459767654 19.26869141179605 78.69690097996829 45.16248125329358 60.619137774377194 36.03120918536804 36.23410970236688 38.173932067088856 24.38352127635183 62.44735403789364 0.0 69.27987553256128 61.65733073441685 7.848940611077721 23.987903959430607 15.844792231537191 26.318344128909832 21.364839908909882 17.284283801912995 65.8103603505459 27.722013006192622 12.416527830274923 52.02263788258207 44.382292599011386 56.90795662308494 34.03007498325563 29.66428730411232 22.458507590522657 68.96291438831307 56.166716381819114 9.357183860741836 58.476527908718126 69.20784210990152 37.88036934017564 12.96413517358008 32.166837965954336 21.4195982773553 119.5071870115196 89.85385679753578 65.27068363870589 53.306729718820044 61.78795557488845 109.72226743079669 76.49410578217793 45.37137926687978 25.702480077360473 40.71258400342359 106.64134896317728 72.04775449510639 37.47312201073271 3.527767710920243 31.867063610585365 110.82513248088206 78.05347973975249 47.93034893917196 29.952094082041143 43.49453380749079 121.52539585395846 92.49700902333429 68.83139509900839 57.57269021806817 65.46951811479565
58.59252500226222 59.75303870899849 27.099954025654 44.83755231797963 87.85915322635684 29.77437834699045 26.980677266386454 8.742983430579157 48.48403551341265 37.481651569486694 35.42112963481333 45.791020190564026 12.74387221876546 69.27987553256128 0.0 32.59319178606186 61.43157928386048 93.14883922577313 54.06545913351974 95.51875907016955 89.6268031283028 54.117445442071414 18.796550461819173 42.7522495278683 69.98825003050388 26.443538173060833 24.92754269144979 13.940326934591637 47.69858224399077 43.338547938891324 58.826691972397256 23.459381290021902 13.748086062358615 63.96163446280463 11.993406852749985 17.697134373875734 107.1598005080757 58.96335488298736 41.740273698928824 90.4414356925194 71.53171511764472 60.63395325024738 68.05107388967005 89.33198407819222 117.15050341249916 49.716421403975716 32.491271633990664 45.105174397335375 73.53981664431895 105.7192809080175 37.85205323832142 5.1255264480911435 31.853071864344212 66.31605711913474 100.87554091680948 44.721489215010635 24.254896329327003 39.641284396215795 70.35201415314094 103.54816944801112 64.60178965315076 52.36160358548457 60.86776283345546 84.0406585695235 113.20592188403853
49.4832170419065 55.99516915060565 5.710885526963748 36.513184757466504 76.42439814378507 18.536994503986175 21.873319442776157 28.565127922262946 27.854163998047444 46.342435013966494 45.27543479073837 38.70906608143229 39.838977199771534 61.65733073441685 32.59319178606186 0.0 54.8058876218663 82.51978246991087 46.422944722175764 86.51863131233674 82.87594568581355 53.110796157002525 14.30365333172385 44.702650003986754 68.05936187569644 13.006514719607791 31.617256870699485 23.29299371272895 28.891199466515186 48.481938447561035 42.52821221503516 12.134709046253144 32.76067706909105 53.24952705817268 34.00581329401051 16.986452854583906 96.67128456747044 48.778082208956896 29.717238082074598 82.30566549775362 58.23173521063384 33.753127530338936 35.8112946399843 61.8098746379049 93.55912010337903 49.75618069718979 15.245237783880789 19.596208019774203 54.133721455049255 88.72295398903861 56.22628164762127 30.19669397987096 32.513488504645885 59.977117054604655 92.37003428222307 73.81089053132041 56.36935244537059 57.46091611649229 76.29421025519757 103.60816959212141 96.62041976736411 83.84079153158343 84.36689131431616 97.9846293665649 120.32840083524466
6.1131001052258656 5.170149637693197 53.20925110615086 18.64490835548439 26.841714282711326 71.44447163762229 37.51116995072784 52.77038158665428 30.509665513252163 29.044552900167837 30.89531506679031 16.781109345545172 54.736607591480876 7.848940611077721 61.43157928386048 54.8058876218663 0.0 31.788701739604836 8.419546194983923 34.148314433876315 28.87967259462335 10.767466137054528 58.26564527393991 20.18843578422312 14.554657895911639 44.649879315644355 36.53889499663641 49.09608887792446 28.256783251788658 22.65098032582513 18.807529032830587 61.587046185379435 48.34571013163902 7.587513607074236 50.66752904776159 61.6210294261237 45.72824609973512 7.706308185600447 25.10613091145635 29.189810801914096 112.91330524396537 84.15455537196672 61.720021517993175 54.143606288716455 66.69704886759587 102.30459169948317 69.42473003185172 39.60047596971397 26.6728917503994 47.429205264387804 98.80696055995712 64.20938755245314 29.62650528285514 5.241044871053492 39.649232754966285 103.14655944999758 70.64832752492215 41.689293888384384 29.65882424240551 49.154166393098386 114.43500808580804 86.16707852635567 64.4123460282349 57.16577450662793 69.14977790684671
34.85951649214228 34.368775844904086 82.13669095569682 49.080155267428125 6.201566103030802 100.40461519787618 68.28826306132945 84.45275237263077 55.05229800635878 59.809252618476044 61.820446204513765 47.69381461274093 86.41515686710953 23.987903959430607 93.14883922577313 82.51978246991087 31.788701739604836 0.0 39.2001851309604 5.687752779365674 10.853372937029595 40.75412647288911 88.46812635820852 51.62650040317332 28.589095429486353 74.35164486363976 68.30209370688156 80.49574063613728 53.68854103651876 53.15311805589963 40.17151010132856 91.10941359184457 80.13415028683835 29.93242595335084 82.45476533804465 91.97022860157644 14.279145323407784 34.87599085957835 54.28669985502706 7.1045409562622925 138.9426168206251 107.1315332454844 77.74374105128175 54.82538046147168 48.604162652705185 131.7465452024342 97.70972666762388 64.28122113839694 33.343759385550015 22.05410126167369 130.2901033773781 95.75521531131686 61.29816407914833 27.21620874796922 10.901034664745742 134.75959816615148 101.69955228763926 70.14470414935363 43.503919975553835 35.49272510421476 144.6063583333771 114.31682312785017 87.29520005058536 67.58214690277248 62.522155566405864
4.658144501067166 10.313260357041631 44.7909459308428 10.265730375892502 33.796971486368186 63.034526144162925 29.33052519710213 45.33884179910657 23.080955884435458 24.877264078397268 26.390900660074184 8.558403499096636 48.353468408522225 15.844792231537191 54.06545913351974 46.422944722175764 8.419546194983923 39.2001851309604 0.0 42.040053592993985 37.15964948362521 11.227055091873677 49.972272746928816 15.484564028149386 22.133217378880012 36.262368502249146 29.42400112537649 41.2985087182108 20.659823850390655 19.405819742768127 14.334516011414848 53.20488517123744 41.3958016488371 10.220006898482232 43.795338915337425 53.36357880177772 53.36230972123932 5.670086031439479 16.708131624957456 37.24118027773526 104.5755028768681 76.24397663558318 55.54327596563819 52.45731978175915 69.37786862139184 93.94290281484085 61.00636397522873 31.829668072127703 26.444715197400733 52.72913826699723 91.091494284013 56.559851653327485 22.253703080481984 13.648874537828167 47.6677065224774 96.7121504200367 65.15285966171261 39.13290100113389 34.82393566813248 57.34860753431407 109.50775163480219 82.82120065203296 64.1992054821678 61.46956800991727 76.35614381330477
37.947109998428886 35.998180617068805 85.85351088991811 52.16157747290404 11.29239413914707 104.16771144673811 71.35018554335649 86.88881832383208 59.35265243334915 61.04171324238923 63.10903820953957 50.59772103482729 88.1648027067489 26.318344128909832 95.51875907016955 86.51863131233674 34.148314433876315 5.687752779365674 42.040053592993985 0.0 7.943770169226995 42.15580158994681 91.81368800925713 53.34722866497164 28.430119897969373 77.82147371806612 70.59457621527766 83.22519952556736 57.842997588239605 54.374444167467814 44.511359575553676 94.68851332769735 82.26291217462715 33.419190786181844 84.5230376007812 95.26690458851259 11.963056423233535 38.20337913076841 57.763296569599795 5.3108196959376075 143.40737029715638 111.96499920988192 83.07495272012581 60.510610827695444 53.069952041527074 135.42110111661944 101.63588856937977 68.67077133311112 38.68252317169582 25.919917747193306 132.95521136765387 98.35729496479954 63.76582974760929 29.203748760191875 5.872918144931386 136.30976746063627 102.80617559309398 70.37545002624832 41.60691511135172 30.07331037121431 145.08141207288833 114.08180854691356 85.88068654350809 64.27375803679111 57.284640143279915
33.50634788471018 29.8748771193042 81.74653987961581 47.422145361310506 13.25733133439219 100.05368006716769 66.39074231985722 81.09853119881929 56.49132731200462 54.26503737993487 56.36475747964175 45.64563891851993 81.69974480049531 21.364839908909882 89.6268031283028 82.87594568581355 28.87967259462335 10.853372937029595 37.15964948362521 7.943770169226995 0.0 35.69990632119424 87.12426009430172 47.04858675253617 21.044951730604165 73.38485148201313 64.73188731336855 77.78225172421111 54.72212311964885 47.633848436987016 41.97700454012672 90.32639253047886 76.17348297685271 29.726976773843955 78.36515540117516 90.49485678871906 19.403636418092198 34.101564093063416 53.51330016922722 3.7655214297867365 140.4603197258174 109.94312692654242 82.70833153952152 63.15561941704928 59.42544601409197 131.08326234549236 97.79897445945087 65.8884870821028 38.894493724062634 32.84975102026009 127.29492656074216 92.70826301419646 58.14206669419917 23.6861139321513 11.679822443772226 129.58660285288653 95.80237434120968 62.91538142069381 33.66657851985783 26.521214140720485 137.65484290953782 106.36928355704684 77.94097268789847 56.8328073954098 52.72516291707195
13.539736464488982 6.484681440692268 50.458771846134205 17.37489475135679 36.47107498573772 68.11761297194138 33.15288129003701 45.73421699762034 33.1422756428646 19.061111494736483 21.06657231991175 15.023659041422928 46.0419146643685 17.284283801912995 54.117445442071414 53.110796157002525 10.767466137054528 40.75412647288911 11.227055091873677 42.15580158994681 35.69990632119424 0.0 53.91473939351418 11.380905569259147 16.086323132125884 41.43757624752688 29.403592420730913 43.00464902566044 30.584595669600663 12.425599612887378 25.51883642963661 57.93693825683475 40.54447609048447 17.731751584842247 42.69675776363998 56.9954351258721 54.067970319535725 15.348355094296354 24.393251302255695 36.91075465414778 111.19361172648735 84.73469576555 66.26233100326137 63.21552674292219 77.43699116684196 98.05871650112768 66.75868809380543 41.14321560311397 36.38182437641193 57.873493936911196 91.92289035886596 57.46078649524619 23.42049880760893 13.7895290414932 47.187244304177746 94.1647689637583 60.951568158927785 30.952046299699273 24.409224517745173 51.26828332722764 104.24512371078396 75.47684227625994 54.048763254897914 50.404276474664535 67.48866981074536
53.87482867870013 58.18601252621736 9.503633175318264 39.72619794990065 82.62703467097165 15.13902281856189 20.88675922022549 16.93958383600471 36.79109915873593 42.29001437326487 40.704212984008784 41.485067461226514 28.0685564748652 65.8103603505459 18.796550461819173 14.30365333172385 58.26564527393991 88.46812635820852 49.972272746928816 91.81368800925713 87.12426009430172 53.91473939351418 0.0 43.638385164947316 69.83628378538597 14.240059803649649 26.721499843509587 13.78040998869154 36.928063692871724 46.23295405223492 50.04318271081529 5.480859441121303 22.756193106809516 58.5416711126305 23.17768887686534 3.6121047865405833 102.74692572651637 53.644975562402294 34.19465117513791 87.15435660190882 59.60806917535983 42.83577600639404 50.11491737467709 74.71897766152502 105.11501197711901 44.194679772988145 15.799808329427718 30.67488752083763 63.459546671236055 97.5096403492384 44.24419865623891 15.936535040041448 30.74488016595353 63.493091251843595 97.53126724210591 59.71817013831043 42.987452534983554 50.24342238413865 74.80441896508371 105.17518664532922 82.33595939591511 70.93226751136771 75.35462590154198 93.38099068008493 118.98090560368836
19.857836413245323 17.35313246445112 41.30891765979256 13.752724886428611 46.959997797746475 58.27854021084144 23.436604845473017 34.42387591947563 30.11493702511486 9.393177772050207 10.960587700617602 12.049617261198751 34.83289066349521 27.722013006192622 42.7522495278683 44.702650003986754 20.18843578422312 51.62650040317332 15.484564028149386 53.34722866497164 47.04858675253617 11.380905569259147 43.638385164947316 0.0 27.286110190497013 32.225327340989445 18.174825203729267 31.999247398582565 27.561960125061688 4.9947837105345245 27.97788524351089 48.024469210215486 29.163570521225328 25.27803918772012 31.322602370271305 46.529107038935166 65.20316472764479 21.13631417075886 19.221102941789532 48.14348674125691 102.07340221632616 77.60460821617433 63.40937616938193 66.43644143793689 84.86242107274956 87.53253373442074 57.36524170838831 36.25504800944591 41.62832103434973 67.42578715951693 80.57688053379258 46.1757871889186 12.908389915719233 24.41113065127508 58.481053606145466 83.1331099815986 50.466214444500075 24.02933899444396 31.667411827311522 61.83111124921568 94.43178182433977 67.33983661809454 50.46536105205603 54.34757244384496 75.8641647211313
20.66761851145217 12.07349138774432 65.87114161774069 31.55876687466009 26.132098942381432 83.79941187600433 48.984225411390845 61.709472980161344 44.96318947661548 33.57602602283798 35.70138171606691 29.351201989172864 61.25211776896594 12.416527830274923 69.98825003050388 68.05936187569644 14.554657895911639 28.589095429486353 22.133217378880012 28.430119897969373 21.044951730604165 16.086323132125884 69.83628378538597 27.286110190497013 0.0 56.97419485960879 45.43272719115512 59.090146210945406 42.64290401163531 27.058266261674618 33.12059665965887 73.69151645345875 56.31801250400882 20.504223289096704 58.38064030648239 72.97719275184441 40.3125952128427 22.20466627888934 38.49138990067651 23.149092671548292 126.29075300387396 98.37652599308007 76.16624731956311 65.72232033603063 72.33477273430607 114.02095881365186 82.19780184693617 53.91664242567557 38.109790813228805 48.913537032025665 107.83433195181306 73.46130602688295 39.493495214623415 10.85178284194892 32.72061373123456 108.7741941121465 74.82161227996839 41.94723446640062 17.768391896525703 35.59086228073995 116.66839265748135 85.79975272403769 59.21567143903955 45.23503483152814 54.596112176425024
39.957001720459424 45.06099520642182 9.091127126128418 26.00554938819397 68.4668583267578 26.862338545784038 8.949723067515247 19.694266678529022 23.072203219256362 33.34913160286897 32.2689608424399 27.944382404769684 30.018327165282244 52.02263788258207 26.443538173060833 13.006514719607791 44.649879315644355 74.35164486363976 36.262368502249146 77.82147371806612 73.38485148201313 41.43757624752688 14.240059803649649 32.225327340989445 56.97419485960879 0.0 18.710760586278603 13.557582386828354 22.923462234142246 35.73562126782118 35.83377656608366 16.94371824787887 21.95390412278474 44.457947350852805 23.73689892170942 17.827242597361767 88.62933625198326 39.61815453587991 20.073755341256422 73.2539340884008 69.90936437855069 46.744914835219646 43.3321547772909 62.968920524243465 91.90927594805395 57.699850557230654 25.324784222792612 18.66192814923624 49.49789241256247 83.34666201458775 58.04682689369737 26.098608046096903 19.689863333158467 49.890823212723504 83.57839379977258 70.76581808905632 48.00481978447335 44.675976102393086 63.89242024221987 92.5384152280556 90.79801722527573 74.2376446842928 71.9230947084515 85.02582504674274 108.07685230236068
34.03496012520067 34.85961584421033 26.896950450555554 21.030501506637595 63.12198187334323 41.80873786492138 10.68998997218251 16.3721295814183 30.24257053020291 15.585975698246672 14.105675912662335 21.513453892303968 19.542328893632664 44.382292599011386 24.92754269144979 31.617256870699485 36.53889499663641 68.30209370688156 29.42400112537649 70.59457621527766 64.73188731336855 29.403592420730913 26.721499843509587 18.174825203729267 45.43272719115512 18.710760586278603 0.0 13.997194471881823 28.474910606540647 19.824121419363422 36.45345823382005 31.67359241943894 11.989076076080075 39.52048815617507 14.419863877214805 29.200925711131777 82.26004259562573 34.59766970226157 20.212121151076857 65.51401312584997 86.21676785503071 65.35777986024507 59.2007936156985 71.64226957103142 95.68323709431138 69.83829985723644 41.70331852657811 31.555999482287238 51.4512498261922 81.8139156371201 62.584743119239945 28.0615206059107 7.273380332373663 41.39093426745406 75.94979310658776 67.46681962341937 37.6369552675094 26.002904242829327 48.276325791733335 79.87426500612875 82.35360891999912 60.21964067968519 53.53029223082455 67.07740372693469 92.34751126035738
45.67814147809402 48.066246873134055 17.64317556500368 31.603620639457283 75.00109933356774 28.808634253247792 13.095937667778836 6.16748324006065 34.611084941765895 29.17282060583724 27.432572443956865 32.81600818087815 16.757655827827286 56.90795662308494 13.940326934591637 23.29299371272895 49.09608887792446 80.49574063613728 41.2985087182108 83.22519952556736 77.78225172421111 43.00464902566044 13.78040998869154 31.999247398582565 59.090146210945406 13.557582386828354 13.997194471881823 0.0 33.76805211337672 33.81479210845013 45.01241935788705 19.17809801464394 9.547887006490212 50.888328058814906 10.72683493543035 15.63371575165934 94.65479172243926 45.87055847761608 27.949867939882843 78.28338157725818 73.23023462622211 55.61391290824825 56.72693948345666 75.74815064358332 103.2105483749739 55.86244481076525 29.520038227657857 31.891917364634065 59.64560293021188 92.1571664266799 49.794539120038515 15.368826658083446 19.69161754544558 54.168007461106185 88.74367878949816 58.646005769437764 34.45646800584592 36.468863647819404 62.18957692136662 93.80801976725863 77.46051630453069 61.02884807553881 61.99753984500904 79.73490787793564 106.14330905968147
22.29172263628268 30.973011576828593 29.170313738146135 14.029840141753537 47.5659631432081 47.09753436859921 20.988644224208965 39.54088209481851 2.5983423554807645 34.64280750257123 34.979672487537115 16.18164149672228 47.0677686321455 34.03007498325563 47.69858224399077 28.891199466515186 28.256783251788658 53.68854103651876 20.659823850390655 57.842997588239605 54.72212311964885 30.584595669600663 36.928063692871724 27.561960125061688 42.64290401163531 22.923462234142246 28.474910606540647 33.76805211337672 0.0 32.545455641235044 13.643678176217936 38.45672733695049 38.622553525789634 25.025264210613013 41.02261839585039 40.53995260778943 67.7994073594566 21.137904361563024 9.004979590294333 53.83696230785497 85.74976566220681 55.93983081177417 36.06019287791216 43.2000095946967 69.47643216865309 78.48624984065542 44.12814546089209 11.37314743918742 26.575499931980865 60.64667644393946 80.96833773504282 48.36773199600798 22.756298296258368 33.031902107843166 63.71192849483312 92.41396311888826 65.61764246108153 49.656993856768224 54.96150189369229 77.26916562544268 110.06082183702556 88.57704510783867 77.28609284430763 80.59234570902967 97.01469496254624
23.444035098350078 18.894517246249784 44.74435305260677 18.742108494624226 48.88864263714322 61.13652501636791 26.80521629700187 35.415351025967304 35.09243145648492 6.670602095522042 8.739237153349311 16.987047171752337 34.1945315129277 29.66428730411232 43.338547938891324 48.481938447561035 22.65098032582513 53.15311805589963 19.405819742768127 54.374444167467814 47.633848436987016 12.425599612887378 46.23295405223492 4.9947837105345245 27.058266261674618 35.73562126782118 19.824121419363422 33.81479210845013 32.545455641235044 0.0 32.59681941205397 50.893079846580356 29.591547397387327 28.615886016412155 31.522778617316575 48.90858938122081 66.3213748903195 24.913198344146103 24.119554650595305 49.093113020246115 105.26516022582949 81.72006808522158 68.33996163232877 71.11467108338903 88.53817137079703 89.66172354920164 60.53581465687968 41.045935690198405 45.82331952124936 70.06859625991315 81.15046513761554 47.16052755320472 16.052554388133604 26.193614144766066 59.24000437059552 81.97168469494812 48.547334625158435 19.727633019071195 28.57209316472036 60.319140486417 91.87542819295109 63.73980122211806 45.598752982482175 49.905373934626894 72.77817311304418
12.940505600714781 23.101174106999323 42.69675776363998 15.940461119570559 34.01453618182034 60.724269190423186 31.922549741892386 50.257305794115844 14.880829171141695 36.99767453274389 38.07736437278591 16.537244988108338 55.972639593677854 22.458507590522657 58.826691972397256 42.52821221503516 18.807529032830587 40.17151010132856 14.334516011414848 44.511359575553676 41.97700454012672 25.51883642963661 50.04318271081529 27.97788524351089 33.12059665965887 35.83377656608366 36.45345823382005 45.01241935788705 13.643678176217936 32.59681941205397 0.0 51.92538165974221 47.98204864863211 13.10723977030933 50.45877184613416 53.64554704517201 54.21254149419995 11.157847563872837 17.086798921686746 40.75767393857893 98.89672453936373 67.97246303684774 43.06712633910097 38.5243694921979 59.23094421315497 92.11756777003374 57.76886023347946 24.159656724049068 14.999656427881552 47.55148002399593 93.66754218701846 60.18767965727155 29.433865866088198 22.4721047398438 50.38338890347072 103.17185728987172 74.00125708924442 51.987993065823034 48.20921337759862 65.88107881154505 118.73504195348046 94.32933018752693 78.05626226410746 75.3809181806725 87.55872757997116
56.879219700230855 61.87063552163285 9.332555412075456 42.94514432438039 85.1614207277558 10.257007120724698 24.790281277303883 22.378521468332302 37.95470624691518 47.25722239981116 45.74605235515971 44.85625311558617 33.4145717001097 68.96291438831307 23.459381290021902 12.134709046253144 61.587046185379435 91.10941359184457 53.20488517123744 94.68851332769735 90.32639253047886 57.93693825683475 5.480859441121303 48.024469210215486 73.69151645345875 16.94371824787887 31.67359241943894 19.17809801464394 38.45672733695049 50.893079846580356 51.92538165974221 0.0 28.23598235108338 61.285274781881114 28.642785567339217 5.857526176901093 105.37550089545996 56.494932448797 36.92880882395852 90.16478819684055 54.54365398368256 37.52576336783959 47.288295845698464 73.88511495980663 105.2457352170535 40.76502183759296 10.344568887682644 30.774763057987176 64.66849938583701 99.05451236588945 44.20203995376341 19.90888472519964 35.12483734893518 66.82807687924051 100.46430546485544 62.0571795903741 47.70982215420698 55.64324716445428 79.44133063720884 109.18099332669541 85.75254215012069 75.80562607961957 80.83458103871249 98.57336416841706 123.6686251121352
46.015918799348206 46.340539376449534 27.15161121180054 32.90344417045441 75.03405673276306 37.30980488806093 17.96472768381924 6.650025844881142 39.98250949735113 23.78495687288211 21.752278495252032 33.485648357569396 8.530793107331906 56.166716381819114 13.748086062358615 32.76067706909105 48.34571013163902 80.13415028683835 41.3958016488371 82.26291217462715 76.17348297685271 40.54447609048447 22.756193106809516 29.163570521225328 56.31801250400882 21.95390412278474 11.989076076080075 9.547887006490212 38.622553525789634 29.591547397387327 47.98204864863211 28.23598235108338 0.0 51.50819843191978 2.4776196919264857 23.892485266788782 94.00610518132747 46.58638180008059 31.206097961991244 77.12591842210016 81.34615614356453 65.10592340955749 65.23145088340723 81.64728950400176 107.10833001290915 61.954318605957006 38.54127858704213 39.0813689666434 62.961157307243 93.78535035940173 51.57296461822148 17.82362915324034 19.24698368636904 53.085445783239095 87.5244895735879 55.51183310514142 27.12200027680318 28.008704872173464 56.817405462529855 89.81532688482606 71.44013112954872 52.3370773463703 52.62559388388167 72.07317625307344 100.07216633376315
5.5650474904528995 12.74563957062812 52.43629280667491 19.295887800469934 24.192341970152643 70.75376299400567 38.430839508133516 55.21945845026926 26.895154915962625 34.58298042518777 36.23742069270966 18.170637575810993 58.562180279051084 9.357183860741836 63.96163446280463 53.24952705817268 7.587513607074236 29.93242595335084 10.220006898482232 33.419190786181844 29.726976773843955 17.731751584842247 58.5416711126305 25.27803918772012 20.504223289096704 44.457947350852805 39.52048815617507 50.888328058814906 25.025264210613013 28.615886016412155 13.10723977030933 61.285274781881114 51.50819843191978 0.0 53.92512099268369 62.0387228507997 44.208844910392486 5.017769705012073 24.38421665089517 29.06132539043291 110.73723406335615 80.64694439072268 56.035133677513194 46.59135874280198 59.96986868167253 102.00435524172768 68.28735404450633 36.28063471896123 19.08543130615101 42.509650904916995 100.62911260325087 66.23484282630957 32.291536644729995 9.65842157529852 39.2260080760892 106.89593268258366 75.33671454615289 48.15940854171643 36.849214949490765 52.832079201719786 119.60928189490096 92.35143260902417 71.73539371549417 64.48192876975611 74.59654405390621
