0.0 5.01822059173623 9.322407746849866 12.1089727941024 10.342886023572285 1.4226131961577468 33.04140277455038 19.603566235739137 11.78186067940457 27.240034950836808 19.84506922605828 53.96362723783041 31.48610193568349 32.07948863637572 34.193755943203456 30.45098776386349 58.86949221271439 31.310094370651047 22.996367995335397 23.60690303705814 55.75794978423529 10.342886023572285 26.59351289374843 5.200870616250173 48.06091038182635 35.56421249441156 28.63796104105613 10.966241438064921 26.950551157585277 22.838537444801634 19.088250929443294 38.41186489085756 8.932302561376877 31.277000930790013 36.29798339430795 29.68675184675696 61.95887607384647 23.07450821865389 3.2876604767574102 9.423208113293715 90.18791218219324 64.74825563115176 51.43555768933534 59.1075246239978 82.07670329598433 77.54529924627887 45.72996693709065 23.74931759866975 37.83746907974335 68.51395343906663 74.04870263886018 39.573170771833915 6.611755971668699 30.269601562976696 64.68103454793011 80.89314303615669 51.15451724605019 32.934817769564575 44.1299597903434 72.14594945835657 95.88891222837579 72.41143544233971 60.72010300932043 67.26981692685425 88.08125829003315
5.01822059173623 0.0 5.634352785023858 16.195581407122535 7.627467373034406 6.432209213347137 34.82585913099005 21.48361290971204 8.292811519526518 22.838410722930487 15.553715894519362 58.3803957206832 26.854971162450322 32.51599108210181 29.269541401346533 31.036377469341307 58.11491394454339 31.293275683392284 20.4645902940759 28.514373617028646 50.779910897910526 7.627467373034406 21.74206991616521 5.637636156603826 43.22152261126901 34.02288878388762 30.929858227092016 8.772295675297306 29.909983023729513 17.826274589396046 18.172364572074784 42.821264374367644 13.045291119501314 29.413626421450953 31.35305366657974 28.742645514003456 61.26404861728549 25.1927977551668 4.225597968081143 12.695707475449927 94.63918411969377 68.33654531790957 52.706673589631194 57.27918659089732 78.60419042658286 82.48196707992427 50.362347200709145 25.7740248595834 34.45399714508263 64.0679225583283 78.98321731005001 44.45930519379939 10.476884906758805 25.253801966334034 59.67074666475878 85.2163637651554 54.68735640681161 33.38292435626319 40.40998288983528 67.426613339287 99.36627426972836 74.68961927245827 60.648215925209335 64.59610721322103 84.03506496276177
9.322407746849866 5.634352785023858 0.0 21.333496357953983 12.049617261198751 10.64060552093502 32.085074929780305 19.329449503403414 11.855712577516549 23.48285603216796 16.88229917282333 59.12555205014673 22.364197368101884 28.536059620476514 25.67489266037083 36.361919117542676 62.638291154777725 36.37988873301121 14.898631416944722 32.61653197262406 48.7223078306245 12.049617261198751 20.942582450012722 11.271985040436439 39.200553222570306 28.721007991886484 28.851120884583178 13.413981858993267 28.68762314320878 15.290469103172118 23.02351531306195 43.68840466377653 14.565524066537304 24.00602663663414 27.852168538085046 33.36441457289714 65.81481169949592 23.116264264976863 6.522474212091778 18.139003905841943 95.31767401737349 67.50342351298129 49.22170008131634 51.80395448008966 73.07074659875953 84.75281021172837 51.689185526196425 23.56590595310467 28.875230008226115 59.22037533022976 82.87019724296388 48.5705894486858 15.671239886304422 22.954877295700516 56.5960957633005 90.21512784941226 60.155805283150016 38.64584198390857 41.98940191965157 66.53981681647505 104.86593919817516 80.31535252770713 65.5669131609188 67.39627552790886 84.73647037848107
12.1089727941024 16.195581407122535 21.333496357953983 0.0 16.40784808604519 10.969767194757084 39.715995413834634 27.258365970179387 18.536241778598836 33.71174363382883 26.679373770924997 51.411258638514724 43.007182813846754 41.09630498857471 44.956223919497624 23.716598554279603 53.68479664463239 25.877899956492836 34.924029315691655 14.212394215675987 64.38178261347603 16.40784808604519 34.94332736239228 11.534890719910972 59.078884867291 46.72579838354879 34.547897236235755 15.847686872718773 31.394575440824163 33.09913122816438 18.003001765243095 36.56090989896838 14.434202505978812 42.7463798009438 46.939337080474985 26.64807762427748 56.5592036200346 29.872925485031548 15.310839473082085 4.313616742058257 86.81699537350133 65.4044348182729 58.421547787879476 70.30790952909975 94.17066837478771 70.83749300041471 42.209407946855364 30.66193519093217 49.93506649659634 80.26022618986826 63.98049892944239 29.4223914571907 5.7187684911071734 39.9322654659786 74.50719197252243 69.02104733406026 39.114211959718 26.28268510994385 47.39703422446176 78.72115044312217 83.83981343944114 61.435571397651465 53.984647021008335 66.70196669606501 91.53556780572508
10.342886023572285 7.627467373034406 12.049617261198751 16.40784808604519 0.0 11.280030418213077 42.409615988263766 29.018548751672395 2.13391979423662 17.737195134092307 10.4348651401873 64.01136966137817 28.75607333710101 40.07468257034925 29.47197972200603 24.668216452258367 50.67132041260139 24.413242168474973 26.60131530157314 30.402953483614997 47.98338844617948 0.0 18.535867065744426 5.877956248766106 43.65695071370229 40.69995329930884 38.389733441376016 1.4371850474009704 37.08592110054422 17.505958023059122 10.992621868530046 48.50189328703137 19.27410786030101 35.910735391721836 31.296986428428646 21.340925082569154 53.83704715868098 32.68568955114374 11.44554556376821 12.108372671991669 100.15616318729323 75.08871474598536 60.333726847399255 63.53571881261511 82.63293526888515 86.32516200253801 55.52286617650144 33.292324008957266 39.09992459751839 65.9095172582562 80.37752400994671 45.830239104329586 11.624519177110363 23.76346471353153 58.2162283528898 84.00507161361851 51.877142368055765 26.841506024585712 33.83101673337465 62.95595001955432 96.12968612888464 69.67952364439057 53.519679944334044 57.16884583754424 77.89093910240206
1.4226131961577468 6.432209213347137 10.64060552093502 10.969767194757084 11.280030418213077 0.0 32.83255825164357 19.451830738221123 12.850973027230605 28.441034530901828 21.03443472721422 52.83030117557462 32.87011820846184 32.27428498437539 35.614349382978304 30.256709158151903 58.98385242460696 31.283802339586952 23.989389190520104 22.192922249438308 57.13891810064124 11.280030418213077 27.930387758204795 5.755885077892614 49.47207673173104 36.273755470143016 28.287590716148117 11.768894484897116 26.385704020024665 24.256679079108448 19.40722156451512 37.291809852071474 8.101700452957239 32.07977705137462 37.719799440819564 29.929979458964596 62.05241537964349 22.814165320470405 4.348153913430152 8.64013046848278 89.0317583293012 63.902883475619205 51.33523045672549 59.848442758211526 83.2055837046469 76.19219197946317 44.51584710853679 23.51414319486419 38.974517033304856 69.85667317487744 72.62907563940975 38.161025409264816 5.692019120015532 31.676304903972152 66.10016257470868 79.59825269605462 50.07412799510738 32.76870890025238 45.11088336662749 73.4236258955969 94.80446764361317 71.65935855479873 60.63845832775727 67.9246933439525 89.13634320707096
33.04140277455038 34.82585913099005 32.085074929780305 39.715995413834634 42.409615988263766 32.83255825164357 0.0 13.453679343162237 43.055508373962724 55.30272287390089 48.96288747013816 37.70450655745542 44.01839352009698 9.268125079569387 50.18559984474647 62.637538958111854 91.80461924411325 63.997781028528976 26.441993971308644 39.403672845759026 75.39103666692075 42.409615988263766 51.79064805842343 38.21555780996876 59.3981218157217 22.79604956005712 5.447981276202873 43.42194675038932 9.939610257083764 44.57924839911897 52.12690949626355 26.62101653455786 25.682468635499863 23.602876271002437 52.259026141736484 62.724897476504225 94.85951598238879 10.04668931250222 31.03775762098643 40.0895907669442 70.7700297980495 38.4964909318682 18.71924284358663 40.1707335432506 72.60725278013861 68.84741948296755 34.871409105457 9.322869852340123 36.778653555196485 70.80448812135889 77.87515674497915 50.28342578867277 37.2442334799692 51.387450741969595 79.30343250737567 94.77362520739206 73.61472537631454 65.19958866650086 74.01091639796013 95.38876213985849 116.15636204995037 99.43824272875437 93.15745554147982 99.3143628316383 115.94420011395142
19.603566235739137 21.48361290971204 19.329449503403414 27.258365970179387 29.018548751672395 19.451830738221123 13.453679343162237 0.0 29.759953945829697 42.80874864435716 36.11902207112696 42.45335056543805 35.46555124018152 14.050629034997513 40.892202167656 49.50760692362435 78.43216460080228 50.70925951738185 18.661830203958846 30.13500771851149 65.73878871467684 29.018548751672395 39.90370954138738 24.767161175513273 52.162538894879624 23.18051183860477 9.544180209889117 29.99882032246096 9.898965333442694 33.24847771004972 38.68116027452574 27.99590563866812 12.84236450563434 21.06700594617133 43.087118886003836 49.29015619337439 81.50391620944659 3.788623782543369 17.60708981739194 27.07478798325947 77.98070270049269 48.49173556645909 31.886381723613237 45.57267555733907 74.37627761679738 71.16197034165093 36.6582220894225 4.298673093534782 32.98463360010158 67.47108741422507 75.09222645477594 43.74199380234008 24.139689264519333 40.58238783062873 71.45613223809875 88.34821159607053 63.7183340019821 52.05234776445466 61.267193116241806 84.80974131014831 107.53415384123939 88.22524786288726 79.99076943655632 86.07020824780545 103.98253227115718
11.78186067940457 8.292811519526518 11.855712577516549 18.536241778598836 2.13391979423662 12.850973027230605 43.055508373962724 29.759953945829697 0.0 15.789627124167643 8.42223127873983 65.67778880234113 26.983501660039416 40.27093480717229 27.471797183731585 25.717078178921362 50.82117572372583 25.17225540341343 25.929852929433387 32.501936781378156 45.86443390889862 2.13391979423662 16.40736954869436 7.768430344614486 41.64482264840863 40.182170609559094 39.221187007140394 3.10708072906318 38.147050987154984 15.529569808851054 11.724709012847239 50.14254125594226 20.67659535681472 35.32583840686601 29.26607568617905 21.6525725812011 54.004472000821764 33.480357750781415 12.39770307409426 14.23986295722212 101.86483750936976 76.39264614017054 60.74547870479385 62.76125810242197 81.13398419097345 88.31034515586471 57.28693699870719 34.05443228167865 37.847730235147125 64.03149325462509 82.5094216952216 47.95816352149002 13.675540495757051 21.654319360726728 56.08612008089971 86.04513140638359 53.763087987466946 27.78519995734747 32.37912536112219 60.9888587970026 97.91099464980488 71.0859465972378 53.987604709374054 56.310850200797034 76.30178875840802
27.240034950836808 22.838410722930487 23.48285603216796 33.71174363382883 17.737195134092307 28.441034530901828 55.30272287390089 42.80874864435716 15.789627124167643 0.0 7.410480786519011 81.1694086528441 23.682167946454033 50.53132507283886 20.255603573993106 31.52432811599368 47.66393888867267 29.116701798192953 32.51804038956196 47.89739087370755 31.321957246047827 17.737195134092307 5.985734886501936 23.55509943415067 32.60919062843162 46.381678775690965 52.31535065040128 17.968618770688387 52.09059656063289 13.05284202204266 19.5658927399273 65.60907873338888 35.867601530124915 41.44747060213303 21.044001000572507 23.39736305722305 50.8100918548856 46.59336256846373 27.02058787457487 29.42104418707742 117.41293184226271 90.84435054935928 71.51478718303169 66.112047644336 77.60161210333479 104.06055679371674 72.95671557523495 47.02755757348632 38.669444688237405 56.337258463949034 97.22165512184431 62.91888918387188 29.332155408530305 12.522635466552039 42.98964748053481 98.26610638200513 64.50648973865061 32.56985100019785 18.850771628247124 45.21898283752045 106.96317169446307 77.00371762320796 53.03620628120921 45.72657921711083 61.34994000541373
19.84506922605828 15.553715894519362 16.88229917282333 26.679373770924997 10.4348651401873 21.03443472721422 48.96288747013816 36.11902207112696 8.42223127873983 7.410480786519011 0.0 73.79655754418141 23.451076626494476 44.902072756499486 22.053715840132245 28.395820878516574 49.10271046383889 26.742354623257413 28.031112725122817 40.785983975035464 37.780585046683726 10.4348651401873 8.73721687923391 16.18811539975458 35.789454278024564 42.3420966992805 45.66210366007675 10.832349548939613 45.15223694491352 11.316442585098034 14.830842388599555 58.23876885827185 28.53492451897818 37.36221920076912 23.471359534963163 21.756659151280136 52.30381656301202 39.905768706726924 19.767594009390578 22.366625597576697 110.03055476349695 83.79209778050028 65.8049141491295 63.51563752912215 78.31324347993915 96.73235911785676 65.55007127791572 40.38942399373017 36.88672497163389 59.03208085748579 90.5041599438485 56.04804063411782 22.059381611169712 15.056670999747068 48.59674816804221 92.78119827602103 59.622940713500434 29.938017975693 25.14995699258124 52.569965841684784 103.00081923454593 74.41320242049322 53.481658315268426 50.77458034556501 68.48821354040479
53.96362723783041 58.3803957206832 59.12555205014673 51.411258638514724 64.01136966137817 52.83030117557462 37.70450655745542 42.45335056543805 65.67778880234113 81.1694086528441 73.79655754418141 0.0 77.90637977183832 46.946235473191514 83.1545665523103 73.20873960650975 102.55090280536793 76.15777404502232 60.930587224209326 40.018793907578434 107.58430471860808 64.01136966137817 79.84502071578815 58.183299351571506 94.58478429731309 60.464318561758155 35.83750651674762 64.26648549859794 32.8896751745922 74.31664937012047 69.26823152738936 15.561019935306714 45.3370719870511 60.72437026628537 85.36752229893347 77.89597891843805 105.04890061900517 39.5542749386023 54.278525505388515 54.72182583105708 36.2617820343989 19.93300006127854 43.296409433337296 75.80686361623067 109.6067014177928 31.74439129018987 9.640137269825763 39.6612030969594 73.81018040835708 108.2484519472311 48.05965430817147 37.18886961379813 53.39589114212515 81.93935486053357 113.89390709965413 72.2558971852928 65.32602947434897 75.55684155479649 97.69827640967938 125.60191418436457 98.69697828760194 93.52113013195884 100.72731807879605 118.06975056845486 141.87889889121388
31.48610193568349 26.854971162450322 22.364197368101884 43.007182813846754 28.75607333710101 32.87011820846184 44.01839352009698 35.46555124018152 26.983501660039416 23.682167946454033 23.451076626494476 77.90637977183832 0.0 36.33249741898177 6.616503507421498 51.606891663771144 71.30848070063604 50.162513833112065 17.607857724302622 54.97588714863445 31.508956423321315 28.75607333710101 17.699037991763447 31.711517286141884 17.1161562096156 27.206586065481236 43.283271219014175 30.035819730609266 45.220595957374236 12.163936696425806 37.606145632706124 63.13890186559298 36.281991025576595 23.025053003580876 8.413667019213072 45.182013524653215 74.46637749512732 38.58283161341668 28.88500608826345 39.2400276374031 113.34692146056891 82.43788529308432 56.02948122303424 43.32918311598491 54.86666530948645 105.68111084632957 71.64087660028827 38.61583640761662 15.646087501133884 37.32649056657528 105.19890165928598 70.93420812294065 37.30102423748701 12.079838237072893 35.99069504842089 111.99314977534979 80.58381209722018 53.29033015330034 39.759164288327135 52.120498306144995 124.8814743767896 97.56330140330236 76.39749924157705 67.44866918429169 75.21192083002462
32.07948863637572 32.51599108210181 28.536059620476514 41.09630498857471 40.07468257034925 32.27428498437539 9.268125079569387 14.050629034997513 40.27093480717229 50.53132507283886 44.902072756499486 46.946235473191514 36.33249741898177 0.0 42.74965814292881 62.514838749970316 90.59830693246008 63.34594082412789 19.24474172655569 43.820945151862425 67.84094847154331 40.07468257034925 46.32613400054491 36.937307226892294 50.924443642718785 13.529208522628263 12.194857118466295 41.28189437132696 16.72050021639721 38.74702941240071 50.61097008611633 35.25558667868523 26.678434062646826 14.634130264979168 44.71725583926062 61.23100773592143 93.73398674424556 12.684833835520687 29.407125848583835 40.48388432512818 79.86649441339173 47.032561159253696 20.98365552092023 32.61001225815708 63.88551565514405 77.94425038333883 43.72068003717647 11.939116877184386 27.720752416339156 61.55640235643167 85.7961065987428 56.43892676725109 37.477475779988694 44.928811653156004 70.90460656160404 101.17104635543767 77.6759454551782 65.00997773920564 69.3816599109308 88.2955552727066 121.23930015401173 102.25426445131636 92.77708854218548 95.67616518517595 109.97706977414568
34.193755943203456 29.269541401346533 25.67489266037083 44.956223919497624 29.47197972200603 35.614349382978304 50.18559984474647 40.892202167656 27.471797183731585 20.255603573993106 22.053715840132245 83.1545665523103 6.616503507421498 42.74965814292881 0.0 50.397071732859715 67.66275735525306 48.51701297685231 23.75495744619141 57.78144065000635 25.20543894038226 29.47197972200603 14.498899809841959 33.42871677718549 14.191313163222938 33.81598951588493 49.13319882790209 30.576120546840308 50.756299219747405 11.974554131488512 36.83930041698222 68.12889665479128 40.143769080575886 29.633360451583215 2.2220089507663077 43.13029692206693 70.76903237928084 44.19410932290622 32.01484644420919 40.91469552736702 118.8717794361293 88.47593870308498 62.61222714129193 49.06523945444278 57.35252335755566 110.1610110748013 76.49369589648926 44.29411074006219 21.621668862654598 36.98473288391734 108.24133766413765 73.72841786126148 39.375444297245885 7.73467641184281 31.049612189332922 113.45809996240922 81.12828048000631 51.82361276522958 34.41521883053934 45.58463815060729 124.92014181964988 96.37932592099038 73.26449623528819 61.97723506274119 68.62541976811002
30.45098776386349 31.036377469341307 36.361919117542676 23.716598554279603 24.668216452258367 30.256709158151903 62.637538958111854 49.50760692362435 25.717078178921362 31.52432811599368 28.395820878516574 73.20873960650975 51.606891663771144 62.514838749970316 50.397071732859715 0.0 30.01481238158825 3.770454957391233 51.180260503207485 33.24433800496709 61.20810205050948 24.668216452258367 36.27920728975826 25.835192501776838 63.8059827883514 65.04279614579053 57.7097745051247 23.232316070305192 54.907791087045965 39.469486467702254 14.129605196866356 59.23844504726294 36.96089974070592 60.36727371452013 51.68773121124767 9.268116921618825 32.85174905035951 52.60725218369234 33.30360888474736 22.559512556125526 107.17256160236327 88.60990574588254 81.3154180261575 88.13287354571261 106.38295900557266 87.46588264448434 63.64956413318783 53.357771912859434 63.542387859783275 87.30988894703228 73.53324935800542 42.76361925224075 25.399945474522674 43.08629778675601 73.90901576925604 68.96854754672613 34.412543621399 2.5768300876683323 34.9844427585275 69.54161850262881 75.49094758442523 46.01947459201631 30.52109126083502 46.261410241038526 75.78611507868354
58.86949221271439 58.11491394454339 62.638291154777725 53.68479664463239 50.67132041260139 58.98385242460696 91.80461924411325 78.43216460080228 50.82117572372583 47.66393888867267 49.10271046383889 102.55090280536793 71.30848070063604 90.59830693246008 67.66275735525306 30.01481238158825 0.0 27.95809201490662 76.44129002115065 62.579025552330535 67.42821780816912 50.67132041260139 53.64465065271895 53.79298651825913 78.209872962026 90.81909727202488 87.10484058913127 49.39312149707811 84.59863762588064 59.87403953893491 39.98903331802557 89.03663187391065 66.3365619088835 85.88875758960882 68.09205087297741 29.372785354993653 3.20440515294695 81.76744328941719 61.261169244638694 52.126909496263636 135.36801790304293 118.52492824644486 110.3015594209568 112.60251533607217 124.84725052067296 113.40559009623809 92.92298780967434 82.48186299724019 85.828643514372 101.60992389923466 94.79337465355172 69.24765354834162 54.767582188916116 59.98779450715231 81.19347150263724 81.85102283305221 50.299567338366735 27.48352121972738 37.08749562423717 66.26055880742582 77.47500757028777 42.886343729051966 8.423450450304289 26.410696983311553 60.98319171224808
31.310094370651047 31.293275683392284 36.37988873301121 25.877899956492836 24.413242168474973 31.283802339586952 63.997781028528976 50.70925951738185 25.17225540341343 29.116701798192953 26.742354623257413 76.15777404502232 50.162513833112065 63.34594082412789 48.51701297685231 3.770454957391233 27.95809201490662 0.0 51.00661860829909 36.32539164686793 58.142282588059416 24.413242168474973 34.187394711705046 26.421902208189323 61.63878927446684 65.09216538095849 59.21127860307966 23.00482634507065 56.642282036494414 37.99949752799906 13.459908258220299 61.943229660993666 38.426032796188785 60.321935302844864 49.688226224607135 5.991582693575712 30.936158274773867 53.95115195438081 33.9569311845483 24.169286058391037 110.41400078872195 91.15373518178421 82.59222665381546 87.91284872114447 105.02658061790542 91.03843865464091 66.6453503898314 54.68092921258595 62.715238869174996 85.27129780082433 77.30289458183745 46.374368380111626 26.83779140329502 41.04622425004233 71.02223930471217 72.4886497678032 37.89555065198083 3.5207322632948634 31.36196318023963 65.95152989706384 78.26007308276675 47.93866760045531 29.435187522399342 42.773616619044105 72.02480054626929
22.996367995335397 20.4645902940759 14.898631416944722 34.924029315691655 26.60131530157314 23.989389190520104 26.441993971308644 18.661830203958846 25.929852929433387 32.51804038956196 28.031112725122817 60.930587224209326 17.607857724302622 19.24474172655569 23.75495744619141 51.180260503207485 76.44129002115065 51.00661860829909 0.0 43.671749678119966 48.95717840415454 26.60131530157314 27.711729136868584 26.064196131741095 33.69970314913587 14.391519070467051 25.764198240465248 28.021261159783464 28.05110322771774 19.974490425853357 37.55655220116805 46.65771998181317 23.56330150506273 9.447530700588372 25.817588062163985 47.53903129522397 79.64116532521936 21.379958259205182 19.712423334573938 32.38386612922467 95.98933278187613 64.83041960921639 39.83523662144824 36.953217971384056 59.490049857254654 89.77852458235475 55.31562287765814 21.314464919086628 15.609238211267902 49.273155395126864 92.14236943789105 59.041500861838045 29.604505880560577 25.725475294013613 53.31058765432832 102.48914915661699 74.03513290424256 53.41519276029636 51.185656550399216 69.14887389456118 118.74972219780895 95.10841064038571 79.90282017568659 78.21795968690925 90.80955572797032
23.60690303705814 28.514373617028646 32.61653197262406 14.212394215675987 30.402953483614997 22.192922249438308 39.403672845759026 30.13500771851149 32.501936781378156 47.89739087370755 40.785983975035464 40.018793907578434 54.97588714863445 43.820945151862425 57.78144065000635 33.24433800496709 62.579025552330535 36.32539164686793 43.671749678119966 0.0 78.33867315884736 30.402953483614997 48.855466075012664 25.021862449336297 71.6640002224655 52.786794480532855 33.967707061757984 29.967874475499865 29.603216897598276 46.239159561712775 31.566771614828568 26.79237943651997 20.122977479842074 49.7290578305468 59.867063352296384 38.68588403562797 65.13559684059234 31.188738848129525 26.094065014508395 18.478542903539427 74.1746756074514 56.41161238828903 57.07411430208484 75.67982581104916 102.91848495347698 56.78384752886096 30.425290923462438 31.966114957492213 59.26894526869223 91.6440092467355 50.47333919042705 15.970718645015026 18.905662183796803 53.428818017439234 88.01538189677157 58.91840968882376 34.21118194777888 35.556537207607875 61.261456920639084 92.93277821819528 77.43265288233988 60.594300829443 61.17442497188236 78.78920398915432 105.20434627520721
55.75794978423529 50.779910897910526 48.7223078306245 64.38178261347603 47.98338844617948 57.13891810064124 75.39103666692075 65.73878871467684 45.86443390889862 31.321957246047827 37.780585046683726 107.58430471860808 31.508956423321315 67.84094847154331 25.20543894038226 61.20810205050948 67.42821780816912 58.142282588059416 48.95717840415454 78.33867315884736 0.0 47.98338844617948 29.4834047395773 53.34916220421883 20.749000957406487 57.93780954740609 74.24294912537361 48.56337743638076 75.63715546078643 33.433595645283475 50.746155857267404 92.29103798003969 63.169608199396194 54.21638355201397 23.15228143046393 52.151646085283176 70.04432705918462 69.1651802238422 54.37494281730637 60.07190982839199 143.5720685970785 113.64698841026414 87.2531429093507 68.59561067563784 64.74857949208199 133.23381621617176 100.4005953533288 69.31188607513585 43.85001478740112 37.8990538765007 128.28361989649525 93.79567255087954 59.442594814894285 25.769532417151662 13.768382524070454 129.3418931224012 95.22477528947525 61.65255870929687 30.482221314312984 21.263614266548448 136.26866355203666 104.35829098298456 74.87970239212125 52.13539554621872 47.15974780849243
10.342886023572285 7.627467373034406 12.049617261198751 16.40784808604519 0.0 11.280030418213077 42.409615988263766 29.018548751672395 2.13391979423662 17.737195134092307 10.4348651401873 64.01136966137817 28.75607333710101 40.07468257034925 29.47197972200603 24.668216452258367 50.67132041260139 24.413242168474973 26.60131530157314 30.402953483614997 47.98338844617948 0.0 18.535867065744426 5.877956248766106 43.65695071370229 40.69995329930884 38.389733441376016 1.4371850474009704 37.08592110054422 17.505958023059122 10.992621868530046 48.50189328703137 19.27410786030101 35.910735391721836 31.296986428428646 21.340925082569154 53.83704715868098 32.68568955114374 11.44554556376821 12.108372671991669 100.15616318729323 75.08871474598536 60.333726847399255 63.53571881261511 82.63293526888515 86.32516200253801 55.52286617650144 33.292324008957266 39.09992459751839 65.9095172582562 80.37752400994671 45.830239104329586 11.624519177110363 23.76346471353153 58.2162283528898 84.00507161361851 51.877142368055765 26.841506024585712 33.83101673337465 62.95595001955432 96.12968612888464 69.67952364439057 53.519679944334044 57.16884583754424 77.89093910240206
26.59351289374843 21.74206991616521 20.942582450012722 34.94332736239228 18.535867065744426 27.930387758204795 51.79064805842343 39.90370954138738 16.40736954869436 5.985734886501936 8.73721687923391 79.84502071578815 17.699037991763447 46.32613400054491 14.498899809841959 36.27920728975826 53.64465065271895 34.187394711705046 27.711729136868584 48.855466075012664 29.4834047395773 18.535867065744426 0.0 23.87503907580579 27.527714805303773 41.171447594442746 49.25360083648311 19.205278148123927 49.52194082017477 7.755922339985558 23.29580074488552 64.32363364776451 34.62024995890742 36.2995598759977 15.51448285888878 28.686132373176363 56.79323604692281 43.63962458801925 25.656873378618467 30.64338013378355 116.09208486407358 88.3360334914434 67.26009735387794 60.32718972024946 71.76072870373658 104.11699133169402 72.04493279649121 43.9935283274861 32.79058498683519 51.08667271469918 98.90941892397204 64.36549481006892 29.960218208652723 6.8677806303893085 39.89451251964066 101.51654327215667 68.2689444126545 37.5570627220242 23.563979407692443 45.76934855300341 111.39086209752371 82.11965737955158 58.941969887756954 50.985068586854496 64.1841284294092
5.200870616250173 5.637636156603826 11.271985040436439 11.534890719910972 5.877956248766106 5.755885077892614 38.21555780996876 24.767161175513273 7.768430344614486 23.55509943415067 16.18811539975458 58.183299351571506 31.711517286141884 36.937307226892294 33.42871677718549 25.835192501776838 53.79298651825913 26.421902208189323 26.064196131741095 25.021862449336297 53.34916220421883 5.877956248766106 23.87503907580579 0.0 47.5680131683164 39.422793885799834 33.838782029562964 6.111036327669365 32.099176138256325 21.56562887783654 13.914876715659325 42.69599033291542 13.855386843851885 34.898262266112766 35.405070382740426 24.53861481604734 56.89891097563155 28.26687522612939 7.535254274310885 7.54066885519968 94.30231878910497 69.62703953173681 56.54833600790395 62.78770854185943 84.15266335370998 80.54979432593602 49.65235586834092 28.935829534120614 40.0505521666889 69.03368697414835 75.32267868759388 40.71949862050242 6.124020309697093 28.491825059482093 63.09452416259902 80.30369600931127 49.25580486403668 28.25640645989614 39.567084459991506 68.75698737294181 93.88161718946428 69.06144092599443 55.85696994585156 62.17164509134783 83.69838533584978
48.06091038182635 43.22152261126901 39.200553222570306 59.078884867291 43.65695071370229 49.47207673173104 59.3981218157217 52.162538894879624 41.64482264840863 32.60919062843162 35.789454278024564 94.58478429731309 17.1161562096156 50.924443642718785 14.191313163222938 63.8059827883514 78.209872962026 61.63878927446684 33.69970314913587 71.6640002224655 20.749000957406487 43.65695071370229 27.527714805303773 47.5680131683164 0.0 39.37509493474729 59.376096940704386 44.74565647063186 61.73533210869028 26.165694334782863 50.616751551967205 80.03677827968822 53.351619008713925 36.45600913103602 12.409315431346752 55.99671360698912 81.18922776554557 55.063384592755135 45.675941599325704 55.07421409699929 129.64932537741615 97.85195539153369 68.81771941460353 47.87032031546963 47.3505265009171 122.74952112283715 88.59753394802355 55.01318003772788 24.458655006493096 23.766583734168602 122.0487618063543 87.63307832651796 53.4608708368069 20.77077609328382 19.990940540622766 127.6492200895579 95.2108982756332 65.04408069344574 42.32227828528201 41.79047222934325 138.7898916497157 109.57243909506045 84.5243978419623 68.39150014546878 67.8615487306334
35.56421249441156 34.02288878388762 28.721007991886484 46.72579838354879 40.69995329930884 36.273755470143016 22.79604956005712 23.18051183860477 40.182170609559094 46.381678775690965 42.3420966992805 60.464318561758155 27.206586065481236 13.529208522628263 33.81598951588493 65.04279614579053 90.81909727202488 65.09216538095849 14.391519070467051 52.786794480532855 57.93780954740609 40.69995329930884 41.171447594442746 39.422793885799834 39.37509493474729 0.0 25.17625882549306 42.09499399039369 29.270958030613816 33.455946724580464 51.69212138834257 48.348618519814664 33.33501082930324 4.980263394082994 35.45498230305676 61.83072536153787 94.01758978817959 23.720067375912098 32.34996678241938 44.91193693201002 93.15801813157192 59.80195198410001 29.47842034860555 23.590840549462598 51.37046754581505 91.32752469333457 56.93573167479081 23.18386256300218 15.104919484536383 48.100715891034476 97.90915734432959 66.9008004478803 41.953073473541295 37.93722331006547 59.27254606013522 111.42173934321328 85.3130778552525 67.35438732128921 64.72774301088353 78.97799013002371 129.71645041705426 107.93205736940885 94.16470061806189 92.08334820577996 102.40305430754113
28.63796104105613 30.929858227092016 28.851120884583178 34.547897236235755 38.389733441376016 28.287590716148117 5.447981276202873 9.544180209889117 39.221187007140394 52.31535065040128 45.66210366007675 35.83750651674762 43.283271219014175 12.194857118466295 49.13319882790209 57.7097745051247 87.10484058913127 59.21127860307966 25.764198240465248 33.967707061757984 74.24294912537361 38.389733441376016 49.25360083648311 33.838782029562964 59.376096940704386 25.17625882549306 0.0 39.30760530271444 4.74122962231387 42.38023546715114 47.686735454210094 23.183346908121308 20.7870689384275 24.927056605087813 51.279291940421935 58.2113420635526 90.12932837104152 5.763449800992984 26.944470961944713 35.15340597448033 70.2750357963356 39.46969596702961 23.916030057377256 44.50774582261716 76.05751595399492 66.21461821739446 31.76069099190186 5.287851896773261 37.97414017296822 72.46353099911917 73.6484703496334 45.15434244388604 32.38156987627601 49.52828952606496 79.07193451809279 89.76461337335957 68.17856926874143 60.28044365777075 70.80910644060765 93.74918830892013 110.83767902767494 94.00425490454148 88.22307073119663 95.52236335582108 113.4038580192723
10.966241438064921 8.772295675297306 13.413981858993267 15.847686872718773 1.4371850474009704 11.768894484897116 43.42194675038932 29.99882032246096 3.10708072906318 17.968618770688387 10.832349548939613 64.26648549859794 30.035819730609266 41.28189437132696 30.576120546840308 23.232316070305192 49.39312149707811 23.00482634507065 28.021261159783464 29.967874475499865 48.56337743638076 1.4371850474009704 19.205278148123927 6.111036327669365 44.74565647063186 42.09499399039369 39.30760530271444 0.0 37.865993527863324 18.63664597755139 9.609675899721655 48.793919010058076 19.84830201344186 37.31719044531181 32.361613914826904 20.037416287630478 52.552335770580825 33.63137334223597 12.391981156166455 11.534536664304893 100.35410806030875 75.66917556346084 61.44496517240953 64.96095634854079 84.0187505511363 86.13992436054039 55.67152205078091 34.25468849198677 40.52508504536191 67.12685654867468 79.73245565451973 45.23561477728385 11.406628861918984 24.674186873179934 59.01164115540188 82.96108453812657 50.662727792487644 25.411145052602446 33.460192235971526 63.15288197760871 94.84665366343351 68.26889432505764 52.15553025887204 56.343233176539144 77.61265165384928
26.950551157585277 29.909983023729513 28.68762314320878 31.394575440824163 37.08592110054422 26.385704020024665 9.939610257083764 9.898965333442694 38.147050987154984 52.09059656063289 45.15223694491352 32.8896751745922 45.220595957374236 16.72050021639721 50.756299219747405 54.907791087045965 84.59863762588064 56.642282036494414 28.05110322771774 29.603216897598276 75.63715546078643 37.08592110054422 49.52194082017477 32.099176138256325 61.73533210869028 29.270958030613816 4.74122962231387 37.865993527863324 0.0 43.053428570510285 45.71017639995733 19.246434833733563 18.452145133863276 28.513967734901563 52.944392205844515 56.06698482753495 87.5713591688195 6.672234607625244 25.749475671361374 32.47354815830852 68.14147601472574 38.82253597243257 27.675947161859494 49.18909441629267 80.42397760410846 62.52870671447823 27.93747320179551 6.783807584414185 41.30849879515614 75.90532584082588 69.07877900014734 40.43049859889338 29.869891937777385 50.444359352969855 81.19048007712806 85.02545004625242 63.7927016918853 57.484611988537125 70.24416441968984 94.65091043810283 106.2169814788576 89.91670380681708 85.33868944352473 94.20765379189716 113.41156895287223
22.838537444801634 17.826274589396046 15.290469103172118 33.09913122816438 17.505958023059122 24.256679079108448 44.57924839911897 33.24847771004972 15.529569808851054 13.05284202204266 11.316442585098034 74.31664937012047 12.163936696425806 38.74702941240071 11.974554131488512 39.469486467702254 59.87403953893491 37.99949752799906 19.974490425853357 46.239159561712775 33.433595645283475 17.505958023059122 7.755922339985558 21.56562887783654 26.165694334782863 33.455946724580464 42.38023546715114 18.63664597755139 43.053428570510285 0.0 25.53363658448593 58.93363502519615 29.763132804859605 28.564656390525535 13.866264145591003 33.07218255466449 63.05977552770621 36.90050183114691 21.084296924391243 29.001185215658257 110.44414840631163 81.72763137791118 59.6297011874566 53.16762659799906 67.02754280229317 99.92098421596378 66.97796524170194 37.185140922471625 25.9665885240822 48.58636506746598 96.70156390779215 62.119690567842156 27.593001217485867 7.664577095235004 41.84461774024602 101.48356670196524 69.26663093726613 41.129723050050345 31.309394459749637 51.61141686986328 113.25773410332354 85.45773503185283 64.60280396037892 58.641348420585544 71.4064483949574
19.088250929443294 18.172364572074784 23.02351531306195 18.003001765243095 10.992621868530046 19.40722156451512 52.12690949626355 38.68116027452574 11.724709012847239 19.5658927399273 14.830842388599555 69.26823152738936 37.606145632706124 50.61097008611633 36.83930041698222 14.129605196866356 39.98903331802557 13.459908258220299 37.55655220116805 31.566771614828568 50.746155857267404 10.992621868530046 23.29580074488552 13.914876715659325 50.616751551967205 51.69212138834257 47.686735454210094 9.609675899721655 45.71017639995733 25.53363658448593 0.0 54.171392727194124 27.266127627169798 46.89446228025581 38.29917222002301 10.644899651516562 43.12318004816267 42.15963095782699 21.2959295385873 14.571174801856097 104.81294994210853 82.32153153587315 70.44624196300339 74.45313851127398 92.29639774264797 88.31488717980307 60.165363669477536 42.837395057360965 49.447280892392335 73.82306213050435 78.75406028843176 45.135661550642865 16.343328448556697 29.863545259595384 62.54125674843511 78.7012958645981 45.04438063264787 16.091897087898243 29.72797919062842 62.47725194955866 88.17366755035862 59.95978908094576 42.55087761691623 49.20160859054823 73.66029875183175
38.41186489085756 42.821264374367644 43.68840466377653 36.56090989896838 48.50189328703137 37.291809852071474 26.62101653455786 27.99590563866812 50.14254125594226 65.60907873338888 58.23876885827185 15.561019935306714 63.13890186559298 35.25558667868523 68.12889665479128 59.23844504726294 89.03663187391065 61.943229660993666 46.65771998181317 26.79237943651997 92.29103798003969 48.50189328703137 64.32363364776451 42.69599033291542 80.03677827968822 48.348618519814664 23.183346908121308 48.793919010058076 19.246434833733563 58.93363502519615 54.171392727194124 0.0 29.779782821703723 47.76040256197437 70.34937433942656 63.20242113378912 91.6889283062616 25.6147481406529 38.72824090004232 39.60116905660734 51.81799857509613 29.622771378842273 38.27206394455411 66.68456987546844 99.11484009169223 43.313250629472854 8.710122616922673 25.894964908071746 60.49864952919857 95.10246262742966 51.67882583856612 29.380892353231843 38.086895351205136 66.57946624919526 99.04482833858934 71.19725944747998 56.9172676097372 61.68381711703341 82.24964181316214 110.09044555793841 95.24151976432331 84.88077449296948 87.93895168678192 103.23026262691072 126.38998998832822
8.932302561376877 13.045291119501314 14.565524066537304 14.434202505978812 19.27410786030101 8.101700452957239 25.682468635499863 12.84236450563434 20.67659535681472 35.867601530124915 28.53492451897818 45.3370719870511 36.281991025576595 26.678434062646826 40.143769080575886 36.96089974070592 66.3365619088835 38.426032796188785 23.56330150506273 20.122977479842074 63.169608199396194 19.27410786030101 34.62024995890742 13.855386843851885 53.351619008713925 33.33501082930324 20.7870689384275 19.84830201344186 18.452145133863276 29.763132804859605 27.266127627169798 29.779782821703723 0.0 29.880564872019725 42.33978376965189 37.62393203160014 69.35080810950775 15.67469908435418 8.966975855435374 14.40725845218046 81.59741381632328 55.82624000996641 44.38260797772016 56.72634655705354 82.82968418142713 70.19092786807681 37.43125382303523 16.44020343628611 39.170281257946606 72.0637960219909 69.19817129978082 35.5526401225524 11.595055793217114 37.41326247142067 71.13305061203181 79.01270478513248 52.01203037476877 39.526178555471674 53.0491279880077 80.37987851815909 96.38747353237183 75.66240412913135 67.48198722130115 76.0105430660435 96.93374835988233
31.277000930790013 29.413626421450953 24.00602663663414 42.7463798009438 35.910735391721836 32.07977705137462 23.602876271002437 21.06700594617133 35.32583840686601 41.44747060213303 37.36221920076912 60.72437026628537 23.025053003580876 14.634130264979168 29.633360451583215 60.36727371452013 85.88875758960882 60.321935302844864 9.447530700588372 49.7290578305468 54.21638355201397 35.910735391721836 36.2995598759977 34.898262266112766 36.45600913103602 4.980263394082994 24.927056605087813 37.31719044531181 28.513967734901563 28.564656390525535 46.89446228025581 47.76040256197437 29.880564872019725 0.0 31.395196841310362 56.95941195298474 89.08868393485373 22.36650404268018 28.01834654298796 40.68424246550143 94.37263967784236 61.660026083371925 33.053968419126804 27.89288717646078 53.46310687752822 91.02087588695343 56.44709497052858 21.9682373987477 13.182815276740904 47.537606410621805 96.15921005014685 64.33683941601149 37.77168141242327 33.3017523563918 56.44598556101662 108.58877260492997 81.61352341042038 62.64822275956842 59.86333913233066 75.08146159412343 126.17225404379644 103.68579737863112 89.31270459294001 87.16353346148843 98.04545716120397
