0.0 46.45253540782914 18.639499909313027 44.2156361835783 59.46023379244609 56.67623502854759 25.786258171726036 33.18918363014406 10.663353332098417 14.40881114102627 12.236666074612296 65.935213353226 14.680063467534573 19.505695196090837 50.497871989254506 25.60703753083237 11.786232223917095 4.6622256643445015 32.60981306400436 39.32135478504683 15.661311044817356 43.092837181556554 31.182495485753282 36.774151080992674 29.61824845473501 4.015257738912949 35.53386740847571 30.077255254402562 16.339088556896904 3.8219296991095035 14.53169284546196 61.70224625583901 11.757516352112455 3.2097090177320515 48.30222199518147 21.375672806213622 13.019607870939854 19.526057891087287 13.272641562167804 38.36033539623185 96.1505829382437 82.2979565493604 69.99765988884744 60.20872704819974 54.3066194945386 53.59129327127227 58.254134561110035 67.18453213189935 78.9473128566701 92.4678038116394 89.02522474973959 73.888761384188 59.93591169818241 48.205642807559364 40.66891344967213 39.784960465019196 45.93943483080667 56.89223410316996 70.43952700825864 85.35475185446143 83.69518241354191 67.40293586782339 51.77005344649019 37.627537390132446 27.39042117640574 26.140949493053373 34.859342715838395 48.43251774118415 63.83536825986919 80.01818651341266 80.51786445441735 63.43332618783519 46.50978631788728 30.020768687055085 15.428734845679374 13.174146745408702 26.604198976024243 42.90363202566776 59.76933039592122 76.82927207837751 79.7510307301944 62.461586667551536 45.18170298016065 27.929130455633693 10.8351253102735 7.312805318914804 24.254234092975697 41.49424285250465 58.77065659859047 76.05867164772337 81.46279232055973 64.62310984773366 48.11255928093727 32.43767308541945 19.70530766858353 17.975202527974158 29.268223417588146 44.59666062169689 60.99022557477159 77.77830888597566 85.50439431158242 69.62666511534401 54.62098988593906 41.44564596893873 32.41511369916549 31.344004453673662 38.89553479478015 51.40026878768031 66.10462637790393 81.83131807714216 91.56780006828325 76.91955999041014 63.61823035915497 52.69386666645729 45.877137660671 45.071984215437936 50.56638792529083 60.67239273317314 73.51205831345453 87.89544937129283 99.28319541140708 85.92071743636586 74.20433421954885 65.02994301067815 59.58355895722019 58.908439524306395 63.15777652456031 71.45839322944919 82.59779615236835 95.58863234779228 108.29798274742295 96.15146624269381 85.79302761355818 77.93888918303077 73.39744573825111 72.79139625477984 76.21467988891567 83.1712403798209 92.8704514669874 104.55177673395329
46.45253540782914 0.0 61.88909789729994 79.41607727799898 89.14855329327854 96.07753337145644 66.10688512815584 69.7332329933164 51.300864818092165 50.49062102082171 34.88784981024849 26.235730140776443 56.3972058343946 65.4953914256749 95.43949487510324 25.719460156109843 50.20965680285749 41.79210657495 27.864412512246563 80.5201173302497 60.773084322223184 7.460031435105512 74.21197924328861 73.57457418097663 62.37131797263581 43.65286321546865 77.9352408348367 69.3380000452725 56.44519818009393 47.55208675391218 39.54931919115299 22.501817056188937 41.30278811341413 48.4950471827974 94.07879504456913 29.506566664327202 46.13270299118296 59.01692523107177 59.31273161137212 81.96376405266606 126.1578767859577 109.5433610095898 93.17936639392914 77.22531331244313 61.99848405655864 48.19318778628451 37.41741556230181 32.80626373779023 36.757954353245815 47.16727457414805 123.19345135910521 106.13176849768985 89.16271610092723 72.35149916877285 55.84085200744521 40.004673544191505 26.10093656125718 18.99620238168822 25.28169994357059 38.93821812438018 121.78570833767161 104.50198632493738 87.22548371184612 69.96154903972615 52.72252983002525 35.54469625258321 18.598365091345602 5.2044604741633576 17.521047513125534 34.432561267798526 121.98857205079904 104.73724959982962 87.50591084907386 70.30925010532393 53.180918610787316 36.21798993976235 19.849149184451377 8.65724485621394 18.831364547991086 35.11418417195724 123.79412189590907 106.82523344881875 89.98326240056285 73.35567904820192 57.12998258868376 41.77709059020504 28.73198237950296 22.45972952703758 27.965393169144466 40.72343435272366 127.13406746167573 110.66108596619684 94.48485552054767 78.78836866012988 63.925998526015924 50.637601415798976 40.503175246052656 36.27057858938458 39.8661469890782 49.61624349578539 131.89184651869925 116.07159779495261 100.73963333830166 86.1570247275495 72.77563719616832 61.386114908898755 53.28149878700255 50.08275549092746 52.6910614561204 60.35822058661551 137.92074230221513 122.84881966182226 108.44458198503816 95.01218746389362 83.02468131306618 73.1954451022643 66.48866216675141 63.89526388034731 65.90266180231146 72.1277370748911 145.06227534904062 130.7803606575678 117.31421762882611 104.97824776037797 94.217425508514 85.62767051794819 79.91218036022038 77.70778020579237 79.3077900473459 84.49636644789679 153.16079108443313 139.66960176653296 127.1048379100076 115.76853810294288 106.05536969823032 98.44694460983169 93.45872243227058 91.52014602916552 92.8224859327709 97.23560610801823
18.639499909313027 61.88909789729994 0.0 27.048139672601394 43.450005086046716 57.43927080624286 31.777433035372795 40.461558260889774 10.588245926403905 12.491013011414951 27.365237069236954 77.36078276907601 5.574805944807843 8.361303808841116 33.56058521882395 37.44167467371116 26.35144414495503 22.341845197350597 41.22084801647407 20.6826356666049 19.243978738520667 57.15247209204005 12.734001051967775 19.555837137659594 16.92383422301859 22.647070791734034 36.09544446827044 35.7775625940379 6.4323620818842056 15.683239229020428 22.927449728100644 73.33670639582448 20.721483417617684 15.513028415247009 32.67134940434001 33.082792717860826 29.771060936219037 6.218247756536946 8.431099997962994 20.28086962784432 100.98698264580985 89.37200791091463 79.8437866673989 73.22154108165653 70.33098339438769 71.62534265213074 76.89357276631993 85.40341148477036 96.29928967083863 108.86713473729596 91.61180546844578 78.6763682401826 67.71939886782124 59.837789832993764 56.337405396895825 58.016751437420275 64.47233277584898 74.47226319481666 86.8000709823056 100.60360184794652 83.5866810932139 69.21282560103242 56.50488496964719 46.83901845235132 42.351978704720594 44.63397111331124 52.8147468135462 64.6939596178908 78.6124937106709 93.66560067555666 77.33318685637992 61.55248754450565 46.85835396461803 34.66138527953804 28.387102751500308 31.76402455092453 42.553361660758206 56.66862978290332 72.18440478482327 88.3660153370954 73.30622660087606 56.434614553282046 39.932958652801666 24.558690100281456 14.502756214354209 20.402039650099606 34.94093747530887 51.22702028336778 68.01660612121167 85.01189572665464 71.88104839534688 54.57925290091515 37.2775828042336 19.976363931606404 2.6843352671326093 14.631124338945279 31.931920498366008 49.23351396866891 66.53528276327795 83.83711833532982 73.20977749876282 56.30984859306695 39.75725404954021 24.27328005008941 14.016335936121534 20.060804959316403 34.74373025472097 51.09334949147445 67.91646785823387 84.93218191142613 77.15023860559944 61.323532037242714 46.558583121310626 34.25693446858054 27.894144050706675 31.326327612563126 42.22918596517439 56.42676057569189 71.99558519099003 88.21257892719166 83.33270697349573 68.90730018017524 56.131960730307334 46.39054907618454 41.85778425440554 44.16752418642008 52.42300366997389 64.37606283156143 78.35233658528269 93.44840748591623 91.30279058829782 78.31798161840983 67.3046152818062 59.370148642257156 55.842780908978106 57.53882278797894 64.04462814561226 74.1040550778348 86.48587099419416 100.33393793700372
44.2156361835783 79.41607727799898 27.048139672601394 0.0 16.916635441830547 78.00923810870366 57.48913917109861 66.03620936820413 33.807673901775765 31.656907568043906 48.99313540277242 87.83242879869708 29.58932529347553 32.717372085523856 30.97514921232414 53.74758613476799 53.31410657097724 46.7730029181005 53.117874403794644 13.433051115987134 45.66759237009925 73.1200432345681 19.657735227021412 7.522632191805379 17.11360120645174 48.12565151075432 58.72993367415321 61.06073264971042 27.895386713849696 40.59367567347171 41.269165536844234 84.4318909024875 40.66474964879627 41.02319073581941 34.87715113243889 50.343173565911876 56.4432458542625 24.69418745803992 35.38409822327536 20.628666114512644 122.9176263253671 113.149622684897 105.33564711280182 99.93511484487571 97.35051614346385 97.80534748124441 101.25865981042 107.42166245739487 115.86275558117552 126.12537366841721 111.95886588408563 101.19615429196146 92.44033334023489 86.30439388775795 83.36882614435986 83.96995613483685 88.03536497393173 95.12190615665162 104.61743720430165 115.93152674928665 101.78509475648566 89.86674254798197 79.94089935406589 72.82687302797635 69.39488131645885 70.18714799254485 75.07004733056544 83.32753651355985 94.07515478935036 106.5621003332581 92.65542342046244 79.42907133254243 68.05604957844652 59.60682028002146 55.43481570206177 56.495691768268266 62.52364523312883 72.28656767619077 84.49963400914947 98.25338191015165 84.90747262450228 70.28175275686287 57.1705859069521 46.86290937106525 41.50293864287517 42.98326205401285 50.708312702548774 62.400403820337786 76.2561018942135 91.29556952261855 78.94922040299434 62.9896275871503 47.96995862268368 35.117668521459635 27.642256057879887 29.893945257153508 40.27296328286998 54.30363841935721 69.8181114395184 86.0172203091681 75.20733279258822 58.25372522110973 41.5880132307747 25.77483138313948 14.065339213255042 18.166957575528453 32.572314531355616 48.89361662132564 65.71855571062758 82.74046246574753 74.01876552431524 56.71810057831801 39.41854662032656 22.12271012068993 4.8703582504482075 12.519587727629432 29.807270341821273 47.10541640373648 64.4055956022996 81.7065164854215 75.50421289702075 58.63475931769216 42.11764909855241 26.617104674476586 15.548526851265917 19.332760888482863 33.233524192159294 49.33448233452391 66.04564856605808 82.99925765991694 79.51393137424212 63.69277465459026 48.88541027567779 36.35253315131989 29.188003174806106 31.32222735190231 41.33925322702349 55.09532940780315 70.43270775563272 86.51443148399169
59.46023379244609 89.14855329327854 43.450005086046716 16.916635441830547 0.0 94.41966795713093 74.3606212726132 82.93005656214228 48.81194789544935 45.79925521007558 62.281385421487 93.15136463872572 45.21905672328853 49.569078705280546 43.440316097052445 64.2668002211522 69.3527089965434 61.40104273047476 61.52156736583926 29.318153957885123 62.39232126576958 82.25472336603272 36.48694485804724 24.04258321234189 30.161154321300824 63.20280100968503 75.54802345533676 77.96626595296027 43.24505523032102 55.69556107853763 53.85535702929989 90.26737380898399 53.92435926757533 56.35017726128105 48.47138121061441 61.59233458736837 72.1337565910731 40.16728607323366 51.871823760168795 36.27716008636321 139.3975149778551 129.9575487190904 122.24938848039278 116.61694871442417 113.37002999381927 112.71497639754742 114.69620454947145 119.18231413169508 125.90583741372144 134.53173237654383 128.12378738010082 117.8423000417118 109.34613025280863 103.0776913786999 99.45908935760308 98.78196287406692 101.10542844108505 106.23278622266314 113.78562217554664 123.31908406734786 117.46651881748133 106.21424774169923 96.76377488873847 89.68649935143691 85.57328163266905 84.8562503377068 87.61882355939366 93.55325537301293 102.10799806024029 112.68785769680491 107.60919574814449 95.25218089568872 84.6457673054287 76.52138839595735 71.72746226978042 70.94239781506286 74.29338984280947 81.27041739341458 91.04363082819211 102.81874190617107 98.79172269965956 85.21369544795365 73.22322765362962 63.72288444993407 57.95057114397307 57.04935712174281 61.23469081256295 69.5948513077903 80.84489505691319 93.95237380329999 91.31596478214347 76.46358684017916 62.87654091575568 51.56494234901745 44.307242730288394 43.19750958449063 48.65822137409548 58.88908877951063 71.88137202486108 86.39816611378609 85.53456700991401 69.4904084004929 54.22528084231315 40.62702083504769 30.974797468749173 29.445387607426042 37.05850970154735 49.78297849721274 64.66889725030133 80.52637525543305 81.80763571873693 64.86985963499247 48.19149960402218 32.17848810887193 18.63335927153823 16.051840280795027 27.691760380075937 43.29801528221457 59.84409059951122 76.7243426158846 80.42136317165242 63.12079276441966 45.821249482139656 28.524602172062497 11.244223144285979 6.1583909616715555 23.4122319403621 40.70691623908602 58.00592258586098 75.30627251731127 81.4953038050369 64.47734045114194 47.6642747172269 31.387123160491285 17.237536934859154 14.416193054736256 26.781212222842658 42.72414770802214 59.432188500326134 76.40503926963531
56.67623502854759 96.07753337145644 57.43927080624286 78.00923810870366 94.41966795713093 0.0 31.23329532813442 26.34876160576364 61.3942636983051 65.99528926571215 67.85455200197482 119.81928444566663 60.14505673110023 49.11392554764121 56.33687577967369 81.45244441323335 47.553142887620815 60.255776208650936 89.14700354656478 65.10358176491727 41.77593964090333 95.41606489551793 58.57836246638141 72.221643197788 74.12318806158073 57.03927565697478 21.715580765888518 27.295004448710973 62.35111887014594 58.5886353738424 71.01164228052914 115.56364640395685 68.12473039325616 57.03631152860868 50.263862704403245 77.57131110524087 50.69542976662634 63.51571751704925 51.13629599775037 58.27062744412582 44.98934191966037 37.811564793672176 37.86944559346664 45.13515612685168 56.912008040682885 70.98928039753304 86.2478181456662 102.1596851485433 118.46190668500857 135.0131561442994 34.27506738312421 24.17301212253813 24.3433741478078 34.63489993617589 49.0434888759726 64.88191109612893 81.31895260404917 98.05402998586126 114.95705554230899 131.96350828921246 27.02221542487642 11.907389130758203 12.33227291719709 27.587990949818483 44.371418547736056 61.44315725264266 78.61560667161038 95.83464353482304 113.07898761691636 130.33859455047153 26.273691198221016 10.103213926127914 10.609262880292158 26.86543189412095 43.9278937307466 61.12513156752488 78.3684695233854 95.6329742635204 112.90893659179999 130.19179545133804 32.48231794343282 21.568544858110382 21.771884138131433 32.8867665461635 47.83069675530264 63.97439607849658 80.6001415529765 97.46155111789318 114.45451820434609 131.52806237278742 42.715071503590345 35.087922936362475 35.163265549263905 42.90053680149499 55.16488717707505 69.60302724902934 85.11583831852307 101.2103669019712 117.64811392181858 134.30311595510616 54.760615240956156 48.989230029312466 48.988432391796124 54.7584745002104 64.77512426040867 77.40700929601851 91.57824864560347 106.67712188284465 122.36070943097329 138.430416680445 67.65742562806615 63.020095724500074 62.96214855269757 67.49537982972736 75.80049412091799 86.80148605868199 99.60911362462292 113.61402868390354 128.4251298288001 143.79351476919152 80.99976350119863 77.10968416484732 77.00344066934348 80.6959796768007 87.70882039499661 97.32686161502723 108.86176365345321 121.77000433659563 135.66012347837525 150.26007128583413 94.59915505402432 91.23063819107624 91.08090728244413 94.16531801503506 100.18560615658168 108.65485430109884 119.05155254284394 130.91730244326808 143.88912783977747 157.69430952271938
25.786258171726036 66.10688512815584 31.777433035372795 57.48913917109861 74.3606212726132 31.23329532813442 0.0 8.684243760510586 32.25791244647051 36.99389709789537 36.63217118321028 88.94816154670306 32.50885601076585 24.795100822356456 48.228807733912035 50.21965245310372 16.408272732372122 29.0989358343637 57.99282003916769 47.10799783536397 12.750763706412508 64.75599756814476 38.556462746989645 50.37243713997075 48.41442668231085 25.83574318007111 11.993863237711532 4.3592947890267615 34.864127748783424 28.167614897464116 40.29922254555433 84.682120976322 37.4740537659072 26.6263620778379 43.418527913912584 46.36432397439826 20.005554164796653 36.936152792391454 23.71847070122502 42.21918167482055 70.88562502028184 58.04971061589163 48.09855041822573 43.07988839177487 44.68766717080791 52.31446255372716 63.83825631336977 77.54061856593717 92.4579724387431 108.08843781177974 63.26623968250217 48.50040568983954 36.064818772068726 29.116361148944403 31.52083997259454 41.69021169438537 55.509401745653754 70.87470032132006 86.97046706483 103.45632252100884 58.15361469510236 41.64558199814903 26.183556616377423 15.346508185030988 19.60011553893874 33.638167073741485 49.775501788422176 66.50103316302831 83.46188821518338 100.53904065756028 56.23573716201431 38.93550004543955 21.63797114593407 4.375388980086886 12.992300182520795 30.284803140009917 47.58416060325714 64.8848902387504 82.18612549672717 99.48760258908204 57.831357456077505 41.196461737622194 25.466521837272357 14.09438645662795 18.640612785118822 33.09087307302027 49.40902788734585 66.22847509271296 83.24591587410676 100.36068366939288 62.67267045750128 47.72711810337368 35.022876483436995 27.821499716503997 30.3344640693369 40.804821637448825 54.85068023205189 70.36242370391251 86.55549729222074 103.10939553633986 70.09024877847396 57.08023217728181 46.929393366592556 41.776645903529385 43.438617024808785 51.256647178505794 62.97840451891993 76.8376217501331 91.87200836611581 107.59004066621334 79.36491624041575 68.10256809063978 59.79822775335478 55.7888404227329 56.98824265076735 63.10010536085084 72.8991440552406 85.12135761682664 98.87216115720604 113.5978054000239 89.92377183919012 80.10791932384436 73.12292724756522 69.82360628476656 70.72764137576239 75.68455766619661 83.97972992388047 94.74031645053287 107.2266283991703 120.905177174571 101.36617750790218 92.71507098698822 86.69340221733398 83.86946251534697 84.56421614415835 88.69501517201992 95.81849474520658 105.32920444134416 116.64466483617474 129.29189268424733
33.18918363014406 69.7332329933164 40.461558260889774 66.03620936820413 82.93005656214228 26.34876160576364 8.684243760510586 0.0 40.55366055533267 45.277391835472166 43.04228394058335 93.71222684077213 41.08460061774403 33.398974529218194 54.85130441930966 56.35301806865979 22.428213032693943 35.93169042710039 64.53826472153716 55.333433831488755 21.377473377584902 69.22546136934481 46.91608296335571 58.97827614648842 57.07206769617088 32.54598859613625 13.404974971780629 5.094432161992943 43.441266738586364 35.957920435755646 47.67824251278159 89.47037944231822 44.9442178814104 34.45269681293007 49.632096012158556 52.78250407539433 24.837265445155275 45.57995644845827 32.37333485788788 50.10519659738355 62.968893518615765 49.60340668673071 39.428692973264766 35.319303149498175 39.229988415831016 49.28730341561065 62.59546337827784 77.49744036865037 93.2320865491608 109.4408430670711 56.19407507040514 40.70482157836904 27.471845803443077 21.242257634306043 27.32171466792823 40.50222291210577 55.97406019453693 72.28051019384114 88.96381443282151 105.84592475985409 52.462489585086026 35.401631504727995 18.787005203335255 7.165261154248527 18.666647312588328 35.27406735777991 52.3334432806838 69.51281964388016 86.74092607095294 103.9935467614065 52.4280797520381 35.35085221405398 18.691584392935837 6.912399804953292 18.571499242020316 35.22404386517733 52.29989787198887 69.4876876698757 86.7208828775896 103.97690938617461 56.09764989266757 40.57221054074736 27.27588038475926 20.98938949333082 27.126494977905146 40.371406046952906 55.87992090678773 72.20797831802855 88.90517500600131 105.79687892704216 62.82543651309245 49.42200326246651 39.20128694413942 35.06643620214906 39.00354542886325 49.10810241055199 62.455123463957925 77.38466727673693 93.1388134460622 109.36177562825466 71.75625130293005 60.323807962436874 52.227059492415094 49.14337604969866 51.97286605661628 59.88311893114193 71.20041284856279 84.56779160305997 99.15959708024413 114.50869721983858 82.17482333702459 72.35585259127882 65.7018353769879 63.22014626470925 65.38758727581265 71.7842615056605 81.41939439743281 93.29495871621819 106.66524650962947 121.03592134909256 93.58546148597902 85.03960504585243 79.39719441731827 77.2966931166731 79.02105594551936 84.33599486090476 92.62546629206815 103.17498830750348 115.36621536599091 128.73357492086984 105.66712862410084 98.12251727472422 93.21581024843357 91.37296495064936 92.77673591621964 97.28668608989291 104.50142780260168 113.90816517689072 125.01305665038738 137.40498946191818
10.663353332098417 51.300864818092165 10.588245926403905 33.807673901775765 48.81194789544935 61.3942636983051 32.25791244647051 40.55366055533267 0.0 4.736039979967642 16.90237616953946 67.35046708090469 5.173104051628652 15.761434240029388 44.14470538009903 27.059400470118547 21.519632625528953 13.005658390745845 31.59998845799425 30.34682967228899 19.87714042184393 46.627003593396545 23.09900542553041 26.465901791880956 18.981147764904243 14.409540003320375 39.68484416167135 36.596713971605006 6.024411794255048 6.883785612239973 12.65992735529332 63.26298034409509 10.229767186602647 7.644570728101018 43.07714974846574 22.65240599877117 23.557742561095196 9.21481912015072 10.833981987577367 30.77679756424038 103.10380154204499 90.15530119136216 78.893956312539 70.13720782877351 64.90680296608309 64.07223884467018 67.79604767174388 75.40590122267396 85.87484712205526 98.29355200964928 94.90802581716316 80.70034799297854 67.94306694417321 57.607950002738626 51.18391192119694 50.19572844357517 54.937517661457534 64.15100870572641 76.23171497039016 90.03276178531902 88.22368765938981 72.76011959244785 58.338308256323415 45.94984968035981 37.658019458029266 36.380921398641604 42.75188560276634 54.134861889575625 68.05990074470931 83.26118048174706 83.4150374382346 66.87647022942704 50.848474015615984 36.01921138746064 24.655853425721144 22.74092934031376 32.01718079887976 46.17099853024399 61.94460092817175 78.36591926902872 80.81765506027017 63.62263526121586 46.506981823255586 29.6086523102265 13.753491103832939 10.017885807735231 24.703660602610256 41.45958213583442 58.53406142734953 75.71188173643164 80.64551972099366 63.40483749271527 46.209960075935875 29.14208004413688 12.722997866758988 8.555813606951933 24.15041706838741 41.13388832844606 58.304925347651235 75.53572199236538 82.9137401916285 66.2530283511555 50.02949989668546 34.858995901233456 22.93599729056916 20.872996654487082 30.724837641875826 45.288640386385126 61.292886121474545 77.85426430995508 87.43256519542378 71.80324143732015 57.14600110312785 44.433470945627434 35.800966126205076 34.46437215442581 41.14103374452768 52.8780134294988 67.06930660132834 82.4573065814728 93.87749619540766 79.49143101462919 66.50934694940982 55.917807295891436 49.28297300618186 48.26514268452465 53.187770049889124 62.666227601791356 74.99250359278874 88.99099630027384 101.88358127201971 88.76369472868144 77.3072935998289 68.35595481519252 62.98690536157326 62.135808587758376 65.97773824705308 73.78319560010064 84.46036191581507 97.06616449538878
14.40881114102627 50.49062102082171 12.491013011414951 31.656907568043906 45.79925521007558 65.99528926571215 36.99389709789537 45.277391835472166 4.736039979967642 0.0 17.46405607682704 64.90680632144564 7.140541391042576 19.24615127513375 45.50463590005818 25.366181715847745 25.812333669883888 15.629849030219495 28.730138984260307 30.11652656216854 24.58776339073859 45.28416720451549 23.874163486712952 24.63943863576921 15.64753571636212 17.7418235955053 44.27974549392105 41.332647910908214 6.216495348506365 10.621102791459526 10.95641696279971 60.90581047378367 9.411649898168976 11.743320101322087 45.03857864867884 21.143614121896558 27.425815634929204 8.52630741667767 15.082940165026265 31.643101936109332 107.83691135963797 94.8758027007941 83.50286237233965 74.44951115211285 68.63980621821344 66.92389621958843 69.60520363771654 76.22107623425252 85.8668280046517 97.64867352364092 99.5905410630387 85.43257488592292 72.64897560326148 62.094462580790605 55.06605790151955 52.986026508544185 56.40449539070079 64.45242445485671 75.66678768469353 88.85668416782242 92.76912032228067 77.41166263428534 63.06922758562388 50.612207567416014 41.7632586337372 39.05701113617397 43.651306926730385 53.704089269269076 66.79467001422572 81.47166875974756 87.70587005925515 71.2948708185055 55.428405083937896 40.74761463297873 29.10564600650384 25.15193200747098 31.887478122952494 44.71815471868468 59.84418087739277 75.90552767301558 84.71669725604647 67.60116230000327 50.61253298721185 33.94190400074529 18.471334541990693 11.359601801363503 22.70691320208911 38.74119592894393 55.54160258394319 72.57804057647822 84.02329736745487 66.73416268492112 49.45397861901447 32.197159757941165 15.04432633730045 3.836662174965104 20.045492300845353 37.25100145980429 54.517575341992675 71.80117335960931 85.68143575865768 68.80083027163994 52.196860718762196 36.25165516460878 22.41796034267344 17.01938894793378 25.989737683991248 40.74292012221551 56.949247806756546 73.65568764101566 89.56057488744445 73.55426886008541 58.292995319232446 44.54913109704305 34.20359341131934 30.88455059672339 36.55863880747668 48.14479847201738 62.43411015529512 77.95398350501125 95.39008969584516 80.51998170071097 66.8309019334701 55.20847048100903 47.20471090955071 44.80287949369074 48.836615868521925 57.97789102500858 70.26066044015116 84.32312092582701 102.83876189127787 89.18099488505013 77.00250263071295 67.11346836355786 60.6444269665815 58.736462870071904 61.813382701249516 69.21353302277292 79.74226412571723 92.33548009249928
12.236666074612296 34.88784981024849 27.365237069236954 48.99313540277242 62.281385421487 67.85455200197482 36.63217118321028 43.04228394058335 16.90237616953946 17.46405607682704 0.0 53.70625889878092 22.07489887921826 30.62691469658734 60.7498991319316 13.643329948074895 20.619934344228984 7.824372578866194 21.49625250510105 47.13301613154024 27.769215025818074 31.017727051500838 39.99175570407593 42.08877039341044 32.37486363791018 10.832976791193737 47.214156579476565 40.71813226788235 22.609245690316502 12.694428339211994 8.762168867414593 49.469796380197046 8.388548640767825 13.745043316667807 59.20498300671148 9.757682750813435 18.916750590106805 25.57437124674216 24.48226008058635 47.63574642713851 105.40130633302718 90.66405464291506 77.00134392688133 65.093347307977 56.069434598013906 51.46960135688683 52.470553331436754 58.786893142423494 68.97346866036645 81.59338629970698 99.23577021793665 83.45088806022723 68.4037289363483 54.70645605384958 43.64893266595031 37.634679474991295 39.06681024770844 47.27334358922277 59.51494898477696 73.81054178442218 94.78171443966028 78.12709475935468 61.828985205825205 46.265698096072065 32.51026240720618 23.917157774627388 26.188826682815336 37.39505024466227 52.05416270897655 67.96758683801414 92.28734275767262 75.09567079381105 57.96963931072999 40.991603564798005 24.47155930813611 10.775715210375864 15.234435755418351 30.769679856048285 47.54126139749973 64.59321205239024 91.91237938409608 74.63650498970652 57.37633460406645 40.152125356036144 23.044653850883403 6.973698738807884 12.842210852692453 29.663543071640092 46.83633950292399 64.07864785553481 93.68228184506036 76.79575662191563 60.145810038683486 44.00182521176083 29.214973993328645 19.224482193834035 22.008149684712482 34.60994822590784 50.10040225961564 66.49033030184509 97.48026611006442 81.3652024206726 65.85513262242559 51.49960450611662 39.575604603719185 32.84746777398758 34.50206142465618 43.595146403092684 56.651476425563416 71.53286808419638 103.08235617063883 87.97000238671451 73.82529065280222 61.32151999164346 51.66417658724826 46.65563765658859 47.78088490442715 54.66242268459248 65.51069378022584 78.70212576269206 110.21371733851304 96.19172359368699 83.41059671048939 72.52932756481952 64.51646943562069 60.522244324634045 61.33681639971637 66.78445771514072 75.87369963779793 87.47667437144695 118.59871224177203 105.65345991219232 94.11875048050852 84.57370364248295 77.75455008714621 74.41448331240011 75.0196450946862 79.47996936130563 87.20590842994595 97.42362114006603
65.935213353226 26.235730140776443 77.36078276907601 87.83242879869708 93.15136463872572 119.81928444566663 88.94816154670306 93.71222684077213 67.35046708090469 64.90680632144564 53.70625889878092 0.0 71.84698517504347 82.95370250247846 110.02658109567916 40.635696449184685 72.56390019934521 61.48572313902435 36.32417870398967 92.6562429747165 81.43135439307362 24.56684567015339 88.24559031630191 83.67998568237324 72.20476075536517 64.16463484107972 100.30197617133771 92.6039030766418 71.10658358138679 65.79298902861942 54.69456134374197 4.267839588471826 57.2822125363878 67.08742740805036 109.92838618915505 45.06636026958985 69.13337622553202 72.88120379342054 77.24127157534821 95.86994070112371 152.00467082398225 135.54646481202028 119.32716481052111 103.45919180403395 88.13251638556116 73.68568713881089 60.74968726641831 50.499232530441 44.81656433523857 45.44865631646543 148.45049659974492 131.56698613400724 114.80811276340769 98.23768466645838 81.97006549673227 66.22876718741429 51.49870469836738 38.94473757713912 31.30459393193948 32.27958541413037 146.15554572598734 128.98397714848622 111.85258775815255 94.78316637452482 77.8165026228107 61.03834651783388 44.661657196837346 29.365961831346258 18.13196122275024 19.84662525682604 145.17958011328315 127.88212294019011 110.58606517238263 93.29218514824203 76.00196948738368 58.71865528939207 41.45087633372722 24.23186694171521 7.409801544975443 11.015466363211441 145.54914919494794 128.29960612688114 111.06635891255297 93.85838417922213 76.6926954035312 59.60583716954048 42.69256574645414 26.290065885603735 12.585428377691596 14.977700075783995 147.25411726515208 130.2218089115008 113.27124378918111 96.44553132080742 79.82366217418529 63.565747561636904 48.04271195855749 34.26821808524983 25.282999393230543 26.511507597417157 150.2490065559851 133.58376387071795 117.10331526154206 100.89825269785833 85.12599383752054 70.0793745226436 56.34278230281333 45.128771081870234 38.696373457697185 39.457814636815755 154.4587608093411 138.28045246246583 122.40979817115635 106.98380371127692 92.22586534358513 78.51360795560362 66.49709350291924 57.25417599607353 52.2773211662079 52.78727462545642 159.7873307980792 144.18143374028352 129.00881010383438 114.44191903078347 100.74385875706952 88.31981557084946 77.78269131078986 69.98997651714976 65.92221976445283 66.2689505354475 166.12702006170346 151.1456413359267 136.71322439982723 123.02312501596396 110.35196230524299 99.09139525948069 89.77380675324406 83.05570948856041 79.59804089210772 79.82561045667293
14.680063467534573 56.3972058343946 5.574805944807843 29.58932529347553 45.21905672328853 60.14505673110023 32.50885601076585 41.08460061774403 5.173104051628652 7.140541391042576 22.07489887921826 71.84698517504347 0.0 12.237834576817972 39.09240507109806 31.866874922270796 24.196398788806817 17.75761543312553 35.783905610836996 25.25673673622904 19.766773710222623 51.59186543100301 17.928381433283555 22.1163055057572 16.327923197083322 18.650040051222277 38.4978795453819 36.73567012707513 2.356669635915367 11.2221873584993 17.353563326447336 67.80805263082696 15.166149683766493 11.472195967656203 38.240758742426785 27.509826082962096 26.9472533665894 5.060975294558579 9.079637579790612 25.619843398395528 102.85781203504152 90.543125621563 80.09417455737123 72.32418059781534 68.1556197311773 68.2516007397841 72.59521063368209 80.50179694281613 91.04781774153547 103.42901923525766 94.06395643220725 80.46292131271869 68.5509660979627 59.35391849145483 54.27006327911785 54.46366988307254 59.88357326283959 69.31444868866514 81.37347656224098 95.0657247324591 86.69170034835071 71.74819619639497 58.12798176603221 46.99602887150278 40.46105601714272 40.79550511060723 47.85556685810665 59.285269504472296 73.0618706293365 88.09106968411156 81.12963421132513 64.95107709438429 49.537638607477994 35.88904034066326 26.84733038988753 27.427093106878726 37.18093702775128 51.10096941299795 66.62511858386358 82.85658774231386 77.76722405787314 60.71911778869442 43.87019854658911 27.587865160593566 14.010682205044045 15.173037128930776 29.374407631719137 45.762468463162094 62.64394738592412 79.7059451762995 76.89362331706519 59.60132388452056 42.31689839374995 25.056646812092694 7.979021756118621 9.909975066726396 27.045591181956652 44.3106530967391 61.59640843634556 78.88925570426687 78.59188242646918 61.767013605714006 45.30293879230874 29.803705536604472 17.96879993939541 18.873446581775372 31.436420081675156 47.106287651258604 63.627576349050955 80.47761747741548 82.7036963990074 66.89802680329528 52.05285481861248 39.27292339407975 31.207922738865655 31.689359161491875 40.41293900583067 53.48742755747342 68.46395611482603 84.33522857939141 88.8947247260931 74.383159596747 61.33629247459294 50.89333073298554 44.9090797880635 45.190970088325926 51.636480354828606 62.36290904923672 75.56879476579401 90.17126512961644 96.76663100953971 83.59230930541547 72.18216143442137 63.494500866030734 58.74977283232644 58.9085471923289 63.934302323603745 72.82630054886737 84.37086017219171 97.63150616984463
19.505695196090837 65.4953914256749 8.361303808841116 32.717372085523856 49.569078705280546 49.11392554764121 24.795100822356456 33.398974529218194 15.761434240029388 19.24615127513375 30.62691469658734 82.95370250247846 12.237834576817972 0.0 31.132179363618285 42.42765205091206 23.324211433811243 24.01438183695987 47.35972332866781 23.30075285225041 13.217980733591363 61.481731546688486 14.473347080424235 25.581200152195322 25.070130289901073 23.096788908600253 27.897349771520116 28.501004059732438 14.029149617087219 17.943452023087715 28.307461827618162 78.82861994951985 25.67152915486845 17.055982866515905 28.80358851350833 37.982964126887865 27.559221860277432 14.544915375669671 6.244294435056372 20.16775080769533 92.87430908319168 81.63035910451896 72.80168927092613 67.34499675158936 66.10070656208799 69.29610683395222 76.3759754791139 86.39051471035779 98.44818244437963 111.8903946456498 83.3191897415205 70.62342427521422 60.26565408086499 53.618377406202406 52.12112871086216 56.18713419525921 64.77712843714139 76.37970290866329 89.83508219188833 104.4295231066947 75.22612645861774 60.913226435825734 48.585787389817604 40.11786193781534 38.17084601359513 43.62671948582756 54.29801423196918 67.76403599728006 82.6701961307542 98.36393958330588 69.11080777400578 53.214594456917006 38.54858193607338 27.182789949107693 24.300735866227345 32.26233488070491 45.7154408744878 61.13636896964882 77.3570971614249 93.96433443404598 65.52938968133998 48.49532275385689 31.752241972524526 16.227339149061265 10.824108542271443 23.868582695900766 40.26127517087859 57.19217115263394 74.29422405681635 91.47148265733269 64.90276157250791 47.64911129116572 30.4502984091335 13.51728740692742 6.076756021677829 22.132563970808253 39.26177952367944 56.496352042217914 73.76246861417687 91.04218405388313 67.3135020609033 50.869624124545496 35.2567970239032 22.295219065119717 18.703577970946366 28.306939849581187 43.02852353209679 59.1636443266595 75.81511565380252 92.70511686028739 72.45904820874924 57.47725074534472 44.222884828631514 34.73328713720513 32.49380605051009 38.78146633962952 50.506092055752184 64.779912329921 80.25407934525063 96.35198993728814 79.8121327121606 66.46935133637177 55.3631276113398 48.06953529730133 46.42184444335511 50.97056162530753 60.33002367214346 72.66449238150177 86.71359894831625 101.76969649445324 88.82612328299541 77.01508737572102 67.61111548393654 61.724370699120264 60.3922899655613 63.90035355345736 71.54004073973593 82.16687545149115 94.78137560313743 108.69369184978555
50.497871989254506 95.43949487510324 33.56058521882395 30.97514921232414 43.440316097052445 56.33687577967369 48.228807733912035 54.85130441930966 44.14470538009903 45.50463590005818 60.7498991319316 110.02658109567916 39.09240507109806 31.132179363618285 0.0 70.83975830943108 53.51642210899928 54.854468446176455 73.7051186242551 19.20527814812534 41.62863935783316 90.66652664698343 21.783652722109597 29.88150676058321 39.623696465165416 54.19813770581819 42.974289927862344 49.96989352080827 39.319174474068426 48.42131173924905 56.33493764028175 106.1327640067511 54.25691386799528 47.79726110741298 6.076226844645805 66.54124825270281 58.069148106528736 37.2183747343229 37.270217799928666 14.217890453129566 100.48148610706816 93.97461329749291 90.35818087995713 89.98137459002511 92.8836299245779 98.77633145796796 107.16731132978636 117.52265990597039 129.37152923477387 142.34143308264748 87.95605693199964 80.5093695032735 76.32781069162809 75.95259227106285 79.43766953393309 86.3167184831007 95.86184808621283 107.3643210146645 120.26382005553732 134.1579698710505 76.01723869707386 67.32801797186471 62.33938097932208 61.951834757678945 66.24617899095499 74.41624569917877 85.35627691511057 98.14430897981893 112.14995208417115 126.97091442663209 64.98934370147046 54.63667266600599 48.429533891696494 48.00391706602571 53.49798970205735 63.39082187781359 75.9832892293169 90.15113273416952 105.26013381870688 120.95812232594464 55.41906465638466 42.87298250921395 34.6932367790104 34.173920968045735 41.602899149152464 53.781536869328505 68.2115411459477 83.73698782470416 99.84818506737346 116.30195673000038 48.183096371203284 33.04327831199367 21.46666013294844 20.699964804489724 31.54158173800466 46.47543441580217 62.640022507128485 79.28613135455306 96.16402976440472 113.17005967000922 44.43691718124465 27.32166674113553 10.817615934296544 9.288790639186715 25.578426938023256 42.672516843472806 59.88609971383663 77.13922257942808 94.41021055703014 111.6907763905494 45.05956239221964 28.318602505200598 13.12385377754869 11.8844870887142 26.62629779014867 43.305792221314015 60.336860633243475 77.48803176931168 94.69406839462516 111.92967129405535 49.88771037178085 35.47205624118759 25.029200535274644 24.35910430468086 34.04382503851194 48.20071640131104 63.92454205965792 80.3000378021013 96.99771152962651 113.87592805486496 57.878247506665026 45.99388598245021 38.466743484939805 37.9822320854668 44.769591771015996 56.255573357185924 70.16957683586011 85.33203551983767 101.18324886804804 117.44466871564642
