0.0 29.606845727637506 42.26536990351844 19.821878380187417 33.470158465784095 70.24819641417429 23.86644893408548 58.069020764830775 44.54761979646996 41.27462374857524 27.464340189236648 56.085066325697774 41.48599603902433 36.21883533842382 41.90730589940707 23.555437153680526 32.754442210856155 46.29060979835367 20.052102869246298 75.98988678477403 22.08647120809598 32.55178648385406 47.418536860565936 34.60165491722466 26.18758105969227 26.67260915930825 10.873636301081394 51.85294073393254 33.1987767475834 48.34069585483831 56.45592167465552 54.387326250701676 14.427524180545943 38.539608014031685 40.318365215301846 28.445905673883058 16.936045920829716 51.95287490558835 38.91368908000087 71.85318770338061 83.61772667326747 60.73789874662949 52.73576146782944 65.32862155900493 90.27401129330191 69.24301287819782 38.8836924416377 24.982609509320213 46.164516162873475 77.67262620570152 64.74388775986327 30.24323964866121 5.691245333864256 39.30624873064679 73.84054639504494 71.9964385112379 43.55757787396985 31.715501569173664 50.093098397732064 80.04747960967595 88.14582605565823 66.78107792363423 59.53589771910978 70.88101930272722 94.33185945453839
29.606845727637506 0.0 38.180123133655464 37.19220607221304 59.72096060763511 86.87705091186291 40.41388281931339 70.64268867565029 44.968590799001326 61.65909998645943 56.43693805872725 70.41874705438316 64.03506335675863 12.239341378084925 66.53035882879288 6.828795694234535 5.783616449333785 17.764217687203875 21.387983060478692 89.9348944589503 51.46165120183519 7.360082109286191 31.129063796879976 58.46654349526799 52.396275004609386 53.90813746082867 38.289629008232566 64.32118595291348 42.213734828334644 65.51166928801754 80.3365290597115 70.4725475890415 38.689422986375 31.729390912243556 63.6756602928745 22.45459994711669 38.1129565972589 27.760179575072286 62.44306117335976 86.71583537921624 56.334411666132475 31.184664869405687 34.15025819007385 61.276719657920076 93.47872504155599 49.00613659964552 14.408486928340867 20.210442293858957 54.81034456077418 89.41331094997217 56.84116532058665 32.08284646345416 34.96481534790107 61.73010529974266 93.77372660186097 75.24273111429945 58.63062279487231 60.07014573348614 78.57535251473698 105.52033344731971 98.45361504481038 86.21014654708361 86.98262647398197 100.47128016071562 122.54669253229724
42.26536990351844 38.180123133655464 0.0 28.21221130220642 49.72018161152054 56.4404763158079 65.09340422521663 38.31012262338443 79.51780666398749 41.00546662235404 54.86759427444072 39.868949638683475 45.927849902931676 50.300909345376226 51.28228120434673 34.35856555492727 34.13395648031114 38.82253841514305 23.472669660951446 56.69350742603688 53.34264744429371 45.530729695615776 17.386484225958416 44.42518533209261 45.068191643833615 48.11756742923471 52.70147118653102 33.076055520342926 72.11400082892762 39.33356902138746 60.76606727169672 41.83582365712619 56.69288863240491 68.09818682430878 47.010367205606585 57.31698982758837 32.720354381889244 31.253261448292744 46.45507776548145 54.554179968755115 86.70781221717361 53.02235828583177 22.346050058440277 24.1282225757718 55.31587468839541 86.18956205660776 52.178441490089334 20.282759275026887 22.2495462875165 54.530227533975705 94.47048777196305 64.8450087400611 43.35781268002933 44.155943499081296 66.44108244278831 109.57306436764982 85.1947274397768 70.03420713127257 70.32924137179141 85.92076381048909 129.12480149446972 109.00556743608063 97.39551762631734 97.38703060552785 108.98281681740494
19.821878380187417 37.19220607221304 28.21221130220642 0.0 24.598724227734913 51.92538165974221 43.402503160894824 38.46422434774642 64.0180523221077 24.631194993921426 26.971387376693823 36.80413989527613 26.862510073719665 47.75899947470321 29.832011109996852 30.438135319421615 37.27410897262539 49.10442443714435 16.6387146782937 56.8579053256746 25.130616566564363 43.036003557742255 39.78446250434694 21.741717626372296 18.272559095893055 20.9520357651916 27.80057281124676 32.16144292510173 53.020594120245725 29.88133978344155 43.21598180131558 35.61408295780903 32.75584061621689 56.477413661925794 26.629788483696835 45.59284035799734 4.594533546262154 49.31909372199439 25.466013676028368 52.93114151460125 93.47452133638134 64.89943456036728 45.6202162841584 48.42818107800618 70.74030231975615 83.95430636577535 50.38150840468538 20.569802472337 26.510124694515188 58.11459542852683 83.34280759091706 49.36531553334243 17.963760715644934 24.562380609879447 57.26059643616523 91.81822287433393 62.512849797614834 42.189450003079095 45.242302745219035 68.61927708829113 107.24704209713859 83.37252544322438 69.24443549335903 70.94624433011089 87.55975794752845
33.470158465784095 59.72096060763511 49.72018161152054 24.598724227734913 0.0 43.49514153721426 49.889713986184404 38.87154353319211 74.71095098496205 16.40565954206358 12.353238774037864 35.046593407485425 12.43666646394508 68.68139411975113 9.329994650741371 52.914480524850305 60.83398782042059 73.30372995806563 40.81470836453005 51.625680124380324 16.931457381378713 64.43878023412132 63.70276315244101 6.83479709273275 7.410846753330426 7.140234808656861 33.45473500128082 34.85762166979376 61.22373589434054 25.722453095114048 23.546619966038982 31.370218851720708 38.41563990023064 71.31670654196644 10.202475882830752 61.77236054904454 22.033250156554026 73.88717011909624 9.046579816335347 46.95717858533608 115.76422084076727 88.9930197177163 69.5193089099075 64.34970930638072 76.44350782466574 102.71229045818886 71.37526831462895 45.098469053231284 36.98842472752969 55.65288748834825 96.32879884477752 61.93166355376771 28.047770559199513 11.518547448922847 43.28428648506052 97.92699446076693 64.36719642604233 33.036688338735225 20.846022312813204 46.61048793375763 107.15023610388809 77.57078267758448 54.29632006248068 47.68401450990401 63.2000864545522
70.24819641417429 86.87705091186291 56.4404763158079 51.92538165974221 43.49514153721426 0.0 91.31998545935265 18.24650979684499 114.63992724663188 29.40152483395498 55.839277128111036 16.819232331702118 31.268492417033325 98.4981146228201 34.8867952731564 80.63139938604708 85.17966868323269 93.726970303842 65.58313344749679 9.606813803364394 60.1201788846475 93.57333772928524 73.75887987224573 38.301903986693716 47.82695988262414 49.646379568699096 74.37836008301366 23.51175978468514 102.22063575891126 22.059135435561807 26.74980883683444 16.46427247115875 79.67567239300907 108.26448786525026 33.350672949667974 97.48090069671292 53.52405020436634 87.68344252172136 34.63203674119972 5.581170142093691 141.30535346455414 108.84962238020142 78.25660212905514 52.865578339874716 43.13074405544001 135.28461224845603 100.98657805068474 67.0037407242177 34.28648838004454 16.014836550253392 134.91134433398335 100.49060462486247 66.26087841142353 32.82526466169688 12.623137277753075 140.23067521973064 107.46378026863073 76.335507557535 50.00579174087093 39.608995838331225 150.6404875630884 120.61721549089768 93.80423915591079 73.78837530909217 66.9699919149928
23.86644893408548 40.41388281931339 65.09340422521663 43.402503160894824 49.889713986184404 91.31998545935265 0.0 80.902024946972 25.40434436920374 61.92041649951132 39.24719877314743 78.49174887705124 60.687247145680736 39.581680667401315 59.200386481980246 37.49083600852012 45.69110268469917 57.9715099007483 41.76794947687157 97.96731477540197 33.45494300474112 38.69675745309152 66.97330791356163 53.466786872928225 43.93349128389671 42.843623803525816 16.941742429395067 74.88425566202436 11.398390617297432 70.07091802439415 73.27520439933252 76.26160632452587 11.655851110184928 27.06295514402636 58.98016733581467 23.359657315044803 39.91010317733954 67.65614559318908 57.57395186627838 93.60391484852529 82.49857469681305 69.03637172687344 71.55969544061297 88.71484091015878 114.0816355827477 61.12530237400557 41.52688801695151 45.907357688788565 69.89500536503074 100.28938768659748 47.63407198232026 16.451489107573593 25.829245075087872 58.80901321637137 92.97688904661227 49.032694903267505 20.11494433906082 28.28190061970812 59.91635770100493 93.67455918280463 64.3575632553424 46.11239790821925 50.0562271680808 72.66163953826691 102.21847771336445
58.069020764830775 70.64268867565029 38.31012262338443 38.46422434774642 38.87154353319211 18.24650979684499 80.902024946972 0.0 102.47456897489319 22.46591504112393 50.51907204755234 4.382327207799668 27.122676848927778 82.59664607022495 32.93759563838592 64.75589267928426 68.4001459863588 76.13633495640813 49.791461865507 19.293996125610086 53.290705088623945 77.62283648811761 55.57019881082128 32.240320136169395 40.46288345194216 43.119661472897754 64.27261736758453 6.431541940308709 91.12273061866073 13.208158700748223 32.737158707613325 8.765491042761466 69.5620999223326 94.58999111861911 29.447042317979335 83.54783292341111 41.20028197888033 69.5620999223326 30.197753767046823 16.407187125931618 123.9448138059891 91.0199771097596 60.014906954403735 36.24603897562456 37.69078252787716 119.53377216382593 84.97365062808088 50.47349627041137 16.41585397794787 19.653005095214315 121.59450833167774 87.82284595356853 55.093779462362896 27.434307883961832 29.40752305927568 129.819080441441 98.80081371040156 71.16890478529416 52.56643705300695 53.44392088240611 143.1485645708667 115.61422431356402 92.93288969486089 79.37966310371628 79.75259023143815
44.54761979646996 44.968590799001326 79.51780666398749 64.0180523221077 74.71095098496205 114.63992724663188 25.40434436920374 102.47456897489319 0.0 85.39490423977364 64.5375623400376 100.61504769690899 84.83346071006828 37.020706098770596 83.93652194910533 45.98594803382345 50.69837211470909 58.955001243623585 56.71850794325338 120.53747553567982 58.66574557266518 39.36568581902182 75.94205335854396 77.65684558317695 68.31146356215936 67.5858210344524 41.26060573465948 96.17818123117618 14.22313650451083 92.8428291131954 98.23213904531556 98.91952366643993 36.364414036596095 14.213365391747029 83.30792884807656 22.710742300205037 61.47773294269726 71.71646993757417 81.88682707041995 116.38699149448858 66.98056438719293 64.61649370101414 79.11360208678876 103.6214665733281 132.70504946577347 41.05143636824556 37.413973137665636 59.23867524583907 89.51796581805631 122.11691964194797 22.297733760220353 14.922107425631514 48.40457812381463 82.81419329311993 117.33810792884164 30.37053020682516 25.37617299130693 52.53928459260024 85.27395800773061 119.07041875160304 54.41265258075964 51.61030845062529 69.0022932489917 96.19674820706574 127.04769817740997
41.27462374857524 61.65909998645943 41.00546662235404 24.631194993921426 16.40565954206358 29.40152483395498 61.92041649951132 22.46591504112393 85.39490423977364 0.0 28.23114555469166 18.69004665853737 5.579900315961592 72.39015221702341 11.802391121834651 54.972946332142556 61.21954208037485 72.02105513500983 40.52755460629716 36.4432510009279 31.562509435510893 67.6564439935725 57.29551346970629 9.85887226022698 18.82888530034933 21.116505506957434 44.97868963054225 18.74472379188225 72.831993008871 9.34940612982702 20.080684157257124 15.24535649145932 50.2798000374892 79.68852252634167 7.57608649071701 69.17815022765825 25.089296329375255 69.51432103485087 7.9680746705396315 31.91657782177538 117.75423047716613 87.80358390617435 62.8305950495154 50.80060806397824 60.070988535497484 108.46147852920168 75.0108789432149 43.40755174699737 23.16555830603857 39.79842445196947 106.01147768964064 71.45631197951461 36.992291609460544 5.0703799042904 32.83050202605132 110.85897418589133 78.4067406484884 48.99342511417069 32.371721211599095 45.7201801040144 122.13790693031353 93.54896802140034 70.56864887864836 60.02701618450033 67.98040027241278
27.464340189236648 56.43693805872725 54.86759427444072 26.971387376693823 12.353238774037864 55.839277128111036 39.24719877314743 50.51907204755234 64.5375623400376 28.23114555469166 0.0 46.90086272859633 24.75089753402623 63.6808700184145 21.268439106043804 49.91319680089538 58.68176084288367 71.91215855668855 40.62458417619811 63.958163353678884 5.990448031393535 59.967323866111705 66.50824283725773 18.373302913286626 10.84525061168306 7.722853770015846 23.967227016418796 45.962491762394805 50.643037976482844 37.56726696628042 34.417966415660736 43.4264138264011 28.307028928419047 62.78663958253495 22.5487677625513 54.20912606437806 22.86097812184607 74.80290256298892 21.35139157122616 59.29647393199458 111.07582983237779 87.10153930384455 72.32062906969826 72.58529944159052 87.75952977898078 95.51366444935027 66.34184989241996 45.54603003293294 46.2867098765515 67.86233878544276 86.56454123924489 52.78990144122942 21.793984534303725 23.622701013602125 55.09933228325872 86.31113682647604 52.377178048437806 20.784038007485673 22.703187157156528 54.71511851311089 94.82320509603355 65.35310855287692 44.107128112483 44.88507640477372 66.92326051602494
56.085066325697774 70.41874705438316 39.868949638683475 36.80413989527613 35.046593407485425 16.819232331702118 78.49174887705124 4.382327207799668 100.61504769690899 18.69004665853737 46.90086272859633 0.0 23.065644195545257 82.20243638778241 28.751561405629193 64.32024736003127 68.51669795405762 76.90795989236263 49.27288586700368 20.068474776418064 49.95019120322761 77.24864575324825 57.245458778612985 28.541336610939137 37.11121348718608 39.640204866297665 61.71893158119576 6.7928979146956365 88.92455625217659 9.340658273733444 28.42509945253555 4.383165481302934 67.03324505396724 93.23074286802283 25.403561578070665 82.26650743519718 39.149548558114425 71.04705943208867 26.230031089442026 16.37166002598985 124.51530765704864 92.0475280059185 61.93755333643117 39.93245730063454 41.8063309904769 119.09452634353387 84.64241721684992 50.3986513813025 17.6227696829533 21.816338901893655 120.14220898335869 86.09690727947509 52.78306939132286 23.54305191631238 26.783317209195904 127.49894107309771 96.00910927110365 67.63380339046226 48.22579051435181 49.71856386669791 140.17449981755166 112.15814593907142 88.9087037205747 74.9987606185914 75.76027451126937
41.48599603902433 64.03506335675863 45.927849902931676 26.862510073719665 12.43666646394508 31.268492417033325 60.687247145680736 27.122676848927778 84.83346071006828 5.579900315961592 24.75089753402623 23.065644195545257 0.0 74.28864916385763 6.2411615473825215 57.25482324186054 64.05012805297022 75.38374402656636 43.319454770216765 39.207624300072226 28.851718685262764 69.68135404241796 61.83939756160572 7.220544207203688 16.77949344629234 18.389131437051148 43.83563357830514 23.99561931019566 71.832398979439 13.945117180005361 16.39560787022062 19.154415000830717 49.04456387268671 80.02053756322837 2.3419346862402497 69.81217835455308 26.375221343298776 73.65211564997834 3.3996316933203725 34.549747963473884 120.33616411245961 91.20608826537078 67.46184630931558 56.37768093838876 64.81185955596052 109.82161253843461 76.94671097973556 46.643803016313804 28.728568861241904 43.241823016437145 105.91256436808268 71.31083475039667 36.713123161437125 2.3078278596217845 32.52157936335349 109.32014856332972 76.23591715971038 45.47280096926521 26.80441327190814 42.00021302268912 119.41949295422029 90.00441249612241 65.84352259564233 54.44943431014404 63.15780677187475
36.21883533842382 12.239341378084925 50.300909345376226 47.75899947470321 68.68139411975113 98.4981146228201 39.581680667401315 82.59664607022495 37.020706098770596 72.39015221702341 63.6808700184145 82.20243638778241 74.28864916385763 0.0 76.19186554272548 17.882884857722836 16.46874989564043 21.946255589156813 32.936987480601715 101.8712707555624 58.19921902080232 4.9791461865507 41.67354061634216 68.26388136825209 61.27120879489781 62.34226649462385 42.56022853478812 76.2355332385802 37.97334686195435 76.87739728325667 90.36849227738414 82.04610156249709 41.410957823487074 22.883272458093558 73.70058368087743 17.056184283564196 47.9562207291578 35.058928160859026 72.40078563716851 98.5474379311125 47.40063230326115 29.69150318207921 43.71713591859796 73.04538163166357 105.61678263893992 36.93772881091877 2.6940295225076416 32.326060050936455 66.9144595715629 101.51339822447018 45.69963735747382 26.91979411051742 41.90148031457007 71.98356109043117 104.89219398314708 66.47527227197735 55.07991390051408 63.58794619252173 86.30093730734438 115.09592325847487 91.40994438468506 83.27358891442223 88.92649507871906 106.18884442349177 130.5332833617598
41.90730589940707 66.53035882879288 51.28228120434673 29.832011109996852 9.329994650741371 34.8867952731564 59.200386481980246 32.93759563838592 83.93652194910533 11.802391121834651 21.268439106043804 28.751561405629193 6.2411615473825215 76.19186554272548 0.0 59.70396451833243 67.04058331974987 78.8970142092303 46.47053097487039 43.46470932551398 26.212341646105394 71.7527538825334 66.71494215165299 8.101614282029212 15.844944237418407 16.37185261712104 42.67839588471968 30.14682159944243 70.51947218461196 19.89978155086016 14.5587996447392 24.635108303026957 47.694312107733005 80.15011800392051 4.399083378401532 70.34541142463188 28.42270569947669 78.03386759294908 4.8380736802757855 38.76478861953869 122.83972211775291 94.70800160282019 72.4181697703377 62.56160618660161 70.55703604810743 110.9770374395693 78.87594249724543 50.2170917049021 34.884506921327166 48.030530672401866 105.44753646670571 70.96265058622916 36.70239795422824 7.299839658246901 33.97591365324484 107.23575090301958 73.56985922615574 41.47756305196703 20.569356396266908 38.99557339163462 116.00366807330334 85.74305718854669 60.346511279543265 48.232143958705045 58.359118553609385
23.555437153680526 6.828795694234535 34.35856555492727 30.438135319421615 52.914480524850305 80.63139938604708 37.49083600852012 64.75589267928426 45.98594803382345 54.972946332142556 49.91319680089538 64.32024736003127 57.25482324186054 17.882884857722836 59.70396451833243 0.0 9.25341442979989 22.783861561606095 15.055565921193216 84.01697809081024 45.09052012950922 12.942168135599735 30.481896060399354 51.643228873160794 45.60380945910859 47.16613771419901 32.971416883356696 58.38047476616916 41.08231483377911 59.08620165910936 73.53682626576791 64.18692276645706 34.05554420334658 33.83036992617256 56.86926266083478 23.344899589768954 31.28500194959442 30.299666776875043 55.630598516103284 80.66816323405975 63.15008663074598 37.295674248617615 34.47950545119399 58.15101355100324 89.26970124175374 54.7930436661011 20.355839541639085 14.876053860035947 49.22487134773313 83.78384776138618 60.1286291631474 31.96725583432721 28.69148249193553 54.94851418451774 87.23714561939234 76.33755091871681 56.68834326101798 54.72215543169791 71.90451849934091 98.69551518227217 98.17362324494388 83.60157400075823 82.0677260332054 94.21107017720259 115.80615456746969
32.754442210856155 5.783616449333785 34.13395648031114 37.27410897262539 60.83398782042059 85.17966868323269 45.69110268469917 68.4001459863588 50.69837211470909 61.21954208037485 58.68176084288367 68.51669795405762 64.05012805297022 16.46874989564043 67.04058331974987 9.25341442979989 0.0 13.54071596477719 20.738369250967338 87.66583181612033 54.04698439957092 12.132435932236968 25.61121587727688 58.93905345527541 53.658695733342405 55.45516053712013 42.20840450576895 62.19485927653066 47.91815854302259 64.28497389999085 80.43994126016054 68.91772614819446 43.128196971361334 37.319206981705214 63.90134775996949 28.23220506129792 38.8680813097764 22.12012846000952 62.738784185933135 84.6634435453812 56.604140953653946 28.43217057708327 28.418168253090634 56.583042181478966 89.38978381469956 52.147601942589056 18.115763175743037 18.21656322298577 52.25284000908455 86.73943287513126 61.92552257418726 37.85947633194781 37.77223489208122 61.76548945752271 92.72562658273336 80.93305262595271 64.21683803348405 63.97050164020407 80.34567434915475 105.89338602971247 104.23715001040848 91.64831639191733 91.25864442106406 103.20640626770935 123.97451445042132
46.29060979835367 17.764217687203875 38.82253841514305 49.10442443714435 73.30372995806563 93.726970303842 57.9715099007483 76.13633495640813 58.955001243623585 72.02105513500983 71.91215855668855 76.90795989236263 75.38374402656636 21.946255589156813 78.8970142092303 22.783861561606095 13.54071596477719 0.0 32.5294502996221 95.0736235060341 67.4306805907535 20.16808500064156 24.580669084531852 70.82851293968233 66.30021461106338 68.2911964128653 55.682780651477636 70.27777306077128 58.68410001204169 73.90494952661092 91.73955615459006 77.92417787031934 56.38068731678029 44.82909944741672 75.47826888787952 37.92104695258748 51.27480919510237 13.835286888399807 74.40423623491036 92.54322687160224 47.93403171767868 15.825118150153651 24.455056496135462 57.79721159358165 92.07517582772127 50.300324085571575 21.926059734718628 28.744208618081284 59.720640517826375 93.28305430063286 66.06628968343162 47.94314862183486 51.25571847305756 73.14755061955721 102.31711467295925 88.32589007645818 75.52291427799861 77.46421026366878 93.23327050831075 117.38367498021424 113.313950070613 103.42172171711526 104.6264856317294 116.58472540704881 136.49887408076248
20.052102869246298 21.387983060478692 23.472669660951446 16.6387146782937 40.81470836453005 65.58313344749679 41.76794947687157 49.791461865507 56.71850794325338 40.52755460629716 40.62458417619811 49.27288586700368 43.319454770216765 32.936987480601715 46.47053097487039 15.055565921193216 20.738369250967338 32.5294502996221 0.0 69.02182732504677 37.00779105531917 27.996100675199337 27.58242729313979 38.37797145403921 33.93561658788075 36.12906048567333 30.914092604057892 43.394167100573 48.6712757224918 44.12489047738247 59.712899647597816 49.14654544961137 34.195820432999824 46.377001529040065 43.216258098390924 35.2851901354506 18.832528063370976 34.195820432999824 42.080352788575915 65.62825099150778 77.22750705343391 48.29324991474425 33.0941235133865 47.46616602723247 76.1950504015772 69.82403931158552 35.40544856001373 5.152572863763703 34.560181190700625 68.9718575810663 73.34233522562643 41.864318603909 22.825169928184266 41.03900299367943 72.403420675038 86.45903117277459 61.88243312124602 50.779038011688904 61.01138901156992 85.21192517259392 105.657344660853 86.50936246510075 78.7337134581162 85.49185928897242 103.98774399960439
75.98988678477403 89.9348944589503 56.69350742603688 56.8579053256746 51.625680124380324 9.606813803364394 97.96731477540197 19.293996125610086 120.53747553567982 36.4432510009279 63.958163353678884 20.068474776418064 39.207624300072226 101.8712707555624 43.46470932551398 84.01697809081024 87.66583181612033 95.0736235060341 69.02182732504677 0.0 67.85534082247723 96.89984277354759 73.59201332262646 45.92589030164756 55.24559922149778 57.34987856408726 81.07570991370179 25.636713737125035 108.60530866207297 27.896459999719365 36.29887824129776 21.712864612544863 86.39866789246382 113.29884658286359 41.424572759722686 102.33315385281661 59.06540720981202 87.7550656947557 42.60725405254826 4.700594257140557 142.96941130123022 109.69179360481459 77.5832318283974 48.99854486906531 34.31309079793621 138.80540020705155 104.25821473522197 69.76722036477246 35.49659447959071 6.885120657900696 140.2006095874167 106.0917729294132 72.45387325037157 40.47850449558953 20.549963874835854 146.99675365367804 114.8448264539601 84.64887408132519 59.46712324802456 47.97973277685172 158.50025499046617 129.1172854695549 103.02892101621198 83.38696729665108 75.40926109281988
22.08647120809598 51.46165120183519 53.34264744429371 25.130616566564363 16.931457381378713 60.1201788846475 33.45494300474112 53.290705088623945 58.66574557266518 31.562509435510893 5.990448031393535 49.95019120322761 28.851718685262764 58.19921902080232 26.212341646105394 45.09052012950922 54.04698439957092 67.4306805907535 37.00779105531917 67.85534082247723 0.0 54.63372533638655 63.71812306477275 21.930614753588678 12.84104016133544 10.507208250880666 17.976787437981827 48.264135180406 44.851934766294335 40.72401365195641 39.910562848826864 46.78522406669583 22.368450723852376 56.799604575994614 26.81324890820756 48.29802186410966 20.65251234252952 71.14700358251295 25.49860540936099 63.24846144867059 105.55264080497452 82.37962525084275 69.47090913914754 72.53119096735415 89.94499427784946 89.59970129777552 60.84202606987769 42.07397785810883 47.260013783559316 71.3555884720434 80.64029101923663 46.80294100580966 16.52347461047756 27.393180081143562 60.18802698247122 81.02899121766096 47.46344726229327 18.29508676671076 28.48669056206775 60.68873737467435 90.64560399872717 62.35815248373543 44.21844662468477 49.16117418380492 72.61672849083031
32.55178648385406 7.360082109286191 45.530729695615776 43.036003557742255 64.43878023412132 93.57333772928524 38.69675745309152 77.62283648811761 39.36568581902182 67.6564439935725 59.967323866111705 77.24864575324825 69.68135404241796 4.9791461865507 71.7527538825334 12.942168135599735 12.132435932236968 20.16808500064156 27.996100675199337 96.89984277354759 54.63372533638655 0.0 37.692302210399234 63.77603745690307 57.039163332860255 58.246632899894536 39.74441421877303 71.26499205376153 38.54994406112166 71.99850310997947 85.8356799229165 77.1274153517669 39.147391259331854 25.576162555829143 69.15552822748298 17.757165340691007 43.41596244625888 32.36399510840952 67.87305214293166 93.58834528692245 51.36152261391622 30.466139238410832 40.164692382401284 68.50588753778669 100.83525166862033 41.913705000051216 7.417904458077237 27.352263605738955 61.93643289903779 96.5347165233617 49.79813359249015 27.775620065194243 38.183194545408654 67.37408950226755 100.07706950785068 69.33434296762483 55.47543565288827 61.17672645589493 82.47699564913866 110.71184585866963 93.4816399861994 83.50455143058771 87.18900048809728 103.08031869923981 126.66452145982763
47.418536860565936 31.129063796879976 17.386484225958416 39.78446250434694 63.70276315244101 73.75887987224573 66.97330791356163 55.57019881082128 75.94205335854396 57.29551346970629 66.50824283725773 57.245458778612985 61.83939756160572 41.67354061634216 66.71494215165299 30.481896060399354 25.61121587727688 24.580669084531852 27.58242729313979 73.59201332262646 63.71812306477275 37.692302210399234 0.0 59.270981903868105 57.97103973987712 60.73100172420688 58.27913410761426 50.453241445018726 71.52289702260586 56.490049220100325 77.3124341836797 59.20349256527039 61.084458968400575 62.85807829517208 62.62967886314686 53.25676219478878 43.65568542138574 14.209781360755201 61.89083690772747 71.6879573112771 71.27352501929661 36.87232904788534 5.837443216669302 33.21801695407495 67.58440182889379 74.56833231513774 42.84478839763603 22.48911164194158 39.63191811162893 70.925751776235 87.36537671498698 62.361164851882805 50.39767128510257 59.88105056733043 83.82338408479887 106.28553766039543 86.71313561434671 78.33552276865856 84.54865011047141 102.73864030179479 128.65436704212948 112.81057908978808 106.27859539439284 110.7189478609518 124.96744968894649
34.60165491722466 58.46654349526799 44.42518533209261 21.741717626372296 6.83479709273275 38.301903986693716 53.466786872928225 32.240320136169395 77.65684558317695 9.85887226022698 18.373302913286626 28.541336610939137 7.220544207203688 68.26388136825209 8.101614282029212 51.643228873160794 58.93905345527541 70.82851293968233 38.37797145403921 45.92589030164756 21.930614753588678 63.77603745690307 59.270981903868105 0.0 9.575836371966897 11.424098402936142 36.61880270397449 28.054051850734538 64.6158787631504 19.20231604431829 22.143990315082316 25.066509147618394 41.82415371107824 73.08291982899341 5.724206601538768 63.017891408665214 20.38363205216251 70.23983819084397 4.3127593989270325 41.31840735164017 114.78971545767983 86.6332826759235 65.02892860525041 57.853145480506264 69.71370257776054 103.34983959454094 70.94206732832254 42.18057933099146 30.339123461768153 49.563699782768765 98.82033488150176 64.2297772309882 29.67025952404387 5.480751530650577 39.68132173319005 102.12511432298099 69.16241697101653 39.14310245160231 25.99551154881145 47.05520560813742 112.57616292096179 83.70583019614531 61.112504391330276 53.45660868657133 66.14588775709758
26.18758105969227 52.396275004609386 45.068191643833615 18.272559095893055 7.410846753330426 47.82695988262414 43.93349128389671 40.46288345194216 68.31146356215936 18.82888530034933 10.84525061168306 37.11121348718608 16.77949344629234 61.27120879489781 15.844944237418407 45.60380945910859 53.658695733342405 66.30021461106338 33.93561658788075 55.24559922149778 12.84104016133544 57.039163332860255 57.97103973987712 9.575836371966897 0.0 3.194379597963263 27.14504365853298 35.54593571230029 55.12879355141821 27.90436498206491 30.39189600361517 33.99821084623318 32.30686816497101 64.30799757753007 15.053353641450233 54.577825315316915 15.111549854971901 67.49376044449404 13.642882679625101 50.683226619364724 108.37509046101626 81.92026035166798 63.808155884885515 61.86125878390146 77.3106253949252 95.40163546642184 63.96512380633543 38.424415520471484 35.44246018258326 58.57246700214504 89.67455352098027 55.148269936140785 20.880416308480886 15.016852999101483 49.09046692886289 92.54934585466746 59.66886302024777 30.82545917031173 27.10882836257159 53.98529559559502 103.31025923531621 75.1573806380806 54.94595094778328 52.76634010546436 70.3158533490364
26.67260915930825 53.90813746082867 48.11756742923471 20.9520357651916 7.140234808656861 49.646379568699096 42.843623803525816 43.119661472897754 67.5858210344524 21.116505506957434 7.722853770015846 39.640204866297665 18.389131437051148 62.34226649462385 16.37185261712104 47.16613771419901 55.45516053712013 68.2911964128653 36.12906048567333 57.34987856408726 10.507208250880666 58.246632899894536 60.73100172420688 11.424098402936142 3.194379597963263 0.0 26.325767313203087 38.37866737761848 54.15026387788583 30.355581624681967 30.686653592564667 36.359619813899904 31.32248641425874 64.2408455862975 16.41977434652232 54.81555028728012 17.44243062625666 69.94695558214907 15.07044306737524 52.74129267755392 109.60732689311135 83.81604243000031 66.5677632097136 65.05521117502707 80.17399313762206 95.87579024266863 65.03430417036974 40.76252852484869 38.58155250547882 60.91238055558556 89.18858912809992 54.80210939766308 21.137435302689042 16.886810264740312 50.18357065475967 91.11064037005299 57.85007187619916 28.052796684830042 24.94262508471289 53.405582563273036 101.15226338851157 72.52254728421352 51.788694003454765 49.99427242932642 68.64106068625794
10.873636301081394 38.289629008232566 52.70147118653102 27.80057281124676 33.45473500128082 74.37836008301366 16.941742429395067 64.27261736758453 41.26060573465948 44.97868963054225 23.967227016418796 61.71893158119576 43.83563357830514 42.56022853478812 42.67839588471968 32.971416883356696 42.20840450576895 55.682780651477636 30.914092604057892 81.07570991370179 17.976787437981827 39.74441421877303 58.27913410761426 36.61880270397449 27.14504365853298 26.325767313203087 0.0 58.37868218181609 27.99707658030231 53.184979661032 56.989589581970726 59.38343152172788 5.323438486008155 38.837617957375656 42.193640618392095 30.734915900383704 23.824369506693365 62.34976841944876 40.77902290900798 76.68984317172955 89.32392401274271 69.36903621901943 63.56208516596821 75.25283951920755 98.39012521523837 71.92136191157205 45.07493071420166 35.85591200282331 54.16985729524802 83.53400756573907 62.94433421184803 28.847419014196486 9.859581151822557 41.91780623442284 76.23547075223964 65.92991184607463 34.833956519872565 21.792239864864868 46.1654075102908 78.62845492237777 79.5421430742276 56.350868375092155 49.18023843166781 63.69284875004378 89.94259144016709
51.85294073393254 64.32118595291348 33.076055520342926 32.16144292510173 34.85762166979376 23.51175978468514 74.88425566202436 6.431541940308709 96.17818123117618 18.74472379188225 45.962491762394805 6.7928979146956365 23.99561931019566 76.2355332385802 30.14682159944243 58.38047476616916 62.19485927653066 70.27777306077128 43.394167100573 25.636713737125035 48.264135180406 71.26499205376153 50.453241445018726 28.054051850734538 35.54593571230029 38.37866737761848 58.37868218181609 0.0 84.97489622004201 10.544244931292768 32.77907305471913 9.45571209386544 63.640078419690425 88.17979218723022 26.208984870715963 77.13015811470282 35.05557881557872 64.26009110784838 26.710685289206108 22.4693565867082 117.97594207700816 85.34219508878115 55.16421121386597 34.60813081776525 41.79937586284122 113.16884875546364 78.62807749136266 44.18613571995388 10.830899698883826 26.02029910040242 115.19425731567908 81.49017965601087 49.055344229950684 23.812794257627143 33.50397736167503 123.71694362110215 93.04884908673141 66.37093195553815 50.4670092022083 55.52966364707177 137.53387638732377 110.61001426903196 89.15335453391381 77.82546667534514 80.99396998873148
33.1987767475834 42.213734828334644 72.11400082892762 53.020594120245725 61.22373589434054 102.22063575891126 11.398390617297432 91.12273061866073 14.22313650451083 72.831993008871 50.643037976482844 88.92455625217659 71.832398979439 37.97334686195435 70.51947218461196 41.08231483377911 47.91815854302259 58.68410001204169 48.6712757224918 108.60530866207297 44.851934766294335 38.54994406112166 71.52289702260586 64.6158787631504 55.12879355141821 54.15026387788583 27.99707658030231 84.97489622004201 0.0 80.73578394869264 84.64779142206818 86.89638233025109 22.84017832699583 19.6670657303693 70.18166660962828 20.961302775353886 49.92766819665262 69.96975572697843 68.76903971129929 104.31452476611982 76.24051438364528 67.53477995678979 75.52510642372587 96.13480962680308 123.18492710427202 52.62626154689909 39.31633049202829 52.123394938994686 79.26377970975005 110.65021131483896 36.520475961466644 11.098133042973002 36.15859433029864 69.9040150859336 104.21396595719973 38.79900903620018 17.12343252708395 38.417566698550296 71.087661170612 105.004049256765 57.30940098749597 45.3419703970861 56.764734681659874 82.36133748943023 112.86876763204847
48.34069585483831 65.51166928801754 39.33356902138746 29.88133978344155 25.722453095114048 22.059135435561807 70.07091802439415 13.208158700748223 92.8428291131954 9.34940612982702 37.56726696628042 9.340658273733444 13.945117180005361 76.87739728325667 19.89978155086016 59.08620165910936 64.28497389999085 73.90494952661092 44.12489047738247 27.896459999719365 40.72401365195641 71.99850310997947 56.490049220100325 19.20231604431829 27.90436498206491 30.355581624681967 53.184979661032 10.544244931292768 80.73578394869264 0.0 22.779191681293092 6.20485224234437 58.50835120148629 86.2137551891886 16.25676526207782 75.42183022085048 31.518897995764913 69.64839831945075 16.989636190404983 23.583110227258718 120.81069329393556 89.45233290452174 61.668733697137895 44.7119914225206 50.893106077449026 113.51009083490962 79.41517158287458 46.08521973625248 18.32415682553361 30.70099694330155 112.90622130795268 78.55762839069088 44.6053696299272 14.241800255023836 28.47578976006734 119.101023190263 87.15114549637893 58.31307768511632 40.00415390363418 46.8516175085607 131.13418701087372 102.85305570309326 79.72511597425199 67.29193232159696 71.37983738029729
56.45592167465552 80.3365290597115 60.76606727169672 43.21598180131558 23.546619966038982 26.74980883683444 73.27520439933252 32.737158707613325 98.23213904531556 20.080684157257124 34.417966415660736 28.42509945253555 16.39560787022062 90.36849227738414 14.5587996447392 73.53682626576791 80.43994126016054 91.73955615459006 59.712899647597816 36.29887824129776 39.910562848826864 85.8356799229165 77.3124341836797 22.143990315082316 30.39189600361517 30.686653592564667 56.989589581970726 32.77907305471913 84.64779142206818 22.779191681293092 0.0 24.136339153808834 61.8962138470042 94.69956025640508 16.682162449462833 84.8983592465502 42.4221752685738 89.59110258418319 17.96775827769703 31.845632228494942 136.6624188729133 107.55672402796272 82.79523771217819 67.35298247788994 67.91588524123372 125.45046737087902 93.04130810414736 63.0109242405495 40.97431444969574 42.21656816095056 119.87424879499552 85.44755312199199 51.25997955554955 18.674555758002533 21.557943333068877 120.71761493348444 86.61596219167313 53.16724323129322 23.367393838009665 25.693636029524896 127.85354593116803 96.22782939996684 67.58606227533964 47.652609556875895 48.66704534908033
54.387326250701676 70.4725475890415 41.83582365712619 35.61408295780903 31.370218851720708 16.46427247115875 76.26160632452587 8.765491042761466 98.91952366643993 15.24535649145932 43.4264138264011 4.383165481302934 19.154415000830717 82.04610156249709 24.635108303026957 64.18692276645706 68.91772614819446 77.92417787031934 49.14654544961137 21.712864612544863 46.78522406669583 77.1274153517669 59.20349256527039 25.066509147618394 33.99821084623318 36.359619813899904 59.38343152172788 9.45571209386544 86.89638233025109 6.20485224234437 24.136339153808834 0.0 64.7068698593174 92.06522116361172 21.49523536446291 81.20680942759495 37.50574385544125 72.77123738286706 22.419432415679516 17.467468937766007 125.24205762575322 93.27522943602195 64.10760262480967 43.7506784373085 45.9704239195289 118.82071089510183 84.54272485136866 50.70930908148786 19.754656273080798 24.57457174012844 118.83876099536046 84.56785822281432 50.750810897030526 19.859949698319397 24.65848799938943 125.29342394538985 93.3435543510684 64.2060496263962 43.893451615222276 46.10503223980969 137.27943685862806 108.77165026778266 84.92149719981789 70.61735015232385 71.81030755862105
14.427524180545943 38.689422986375 56.69288863240491 32.75584061621689 38.41563990023064 79.67567239300907 11.655851110184928 69.5620999223326 36.364414036596095 50.2798000374892 28.307028928419047 67.03324505396724 49.04456387268671 41.410957823487074 47.694312107733005 34.05554420334658 43.128196971361334 56.38068731678029 34.195820432999824 86.39866789246382 22.368450723852376 39.147391259331854 61.084458968400575 41.82415371107824 32.30686816497101 31.32248641425874 5.323438486008155 63.640078419690425 22.84017832699583 58.50835120148629 61.8962138470042 64.7068698593174 0.0 35.04673814162505 47.35940444050676 27.976323207503814 28.9285937042646 64.07705246197241 45.94975033786768 82.01017741932725 87.36443495588563 69.34072147045855 66.1702163763466 79.64690916326892 103.45788256257468 68.6683732888841 43.79178271550799 38.92200137214261 59.2195184249413 88.84710320474773 58.27239180779913 24.701468869941575 14.81574342266335 47.15615244598013 81.38029211871479 60.61021613190319 29.75798254858481 22.188378492706594 49.93954489084237 83.0086714538306 74.49234579750028 52.38157449888677 48.304867034758935 65.70922370093629 93.25693028690537
38.539608014031685 31.729390912243556 68.09818682430878 56.477413661925794 71.31670654196644 108.26448786525026 27.06295514402636 94.58999111861911 14.213365391747029 79.68852252634167 62.78663958253495 93.23074286802283 80.02053756322837 22.883272458093558 80.15011800392051 33.83036992617256 37.319206981705214 44.82909944741672 46.377001529040065 113.29884658286359 56.799604575994614 25.576162555829143 62.85807829517208 73.08291982899341 64.30799757753007 64.2408455862975 38.837617957375656 88.17979218723022 19.6670657303693 86.2137551891886 94.69956025640508 92.06522116361172 35.04673814162505 0.0 78.8066712594327 11.128582212205917 54.785046866587486 57.78545791387574 77.39462915806943 109.40837451274479 56.5777632036677 50.58949445291283 65.66853095760412 91.9794559435312 122.48628502657117 34.078653785384944 23.201662688304665 48.06375809944249 80.47843013554838 114.18526951601484 27.06867205920497 10.65866638679933 43.46671009192457 77.84572023075236 112.36285411646271 43.76234427749269 35.84956419987545 55.227440570725754 84.91042098742174 117.32143646045161 68.61906913984606 63.6631958436672 76.10653237356928 99.63022605099985 128.27679260475577
