0.0 77.94904448661495 11.45944163526739 84.56428971082913 14.692065735563114 41.64153794482267 64.5097714239992 43.20064958382407 11.350282312623653 37.9347212352699 44.103691792260776 80.23066764784458 67.09867336526833 64.32140608429758 74.84486539700578 59.19166243270348 0.7113065980788735 89.34622738243567 7.224230545170655 20.498691747133844 23.29931839751188 78.93908172568624 10.657276053201702 84.21834952146483 57.03564683713511 26.017300232073158 60.75614977367535 43.955670076081134 52.18755442979592 40.05864383694631 43.00582636143986 84.0279954131172 75.49881828141675 61.87759071359782 74.33571288310736 14.720720294053194 32.1786937791841 93.79001466507461 28.82935758716433 58.22960069258519 52.85814080803533 39.21410643247565 29.668485633450178 28.660107103098674 36.89572118059581 49.99896545517062 65.0938449822412 81.075462165349 97.50878052134019 114.19896582177604 46.92088998020368 30.79028525598551 17.12384585389332 15.39880542735023 27.923699637224537 43.8298468551327 60.50694695919421 77.45862422189552 94.53728885155175 111.68469985389207 44.85279839645939 27.552006590902455 10.255057950835438 7.066326001767176 24.360076271430213 41.660620157826756 58.961977842657944 76.26359546664206 93.5653288300731 110.86712374666129 47.16562915046087 31.160279835934013 17.7775722455671 16.119357296233662 28.325568900661665 44.08576410416506 60.69171202840012 77.60235686110643 94.65453101149156 111.78348384590728 53.291988471299945 39.79432827913557 30.42779437087082 29.44184702963888 37.50338147303407 50.44694704776656 65.4369535511596 81.34989178045679 97.73599374976509 114.39210477399956 62.113469968118395 50.9605818826991 43.983898114056466 43.25378959111443 49.049994575769325 59.49469098106148 72.60880921100097 87.19612794185366 102.63038007219888 118.58132117629395 72.65482388182949 63.33344789281494 57.81198441664991 57.2016013237543 61.64834610462108 70.19766158789307 81.56961774303844 94.7533171776903 109.0938926995312 124.19122941162095 84.27298892371483 76.32825527621698 71.75484178419157 71.20534362104364 74.76853265699478 81.9094308722444 91.79686884814359 103.6477895026519 116.86638644468805 131.03941836398482 96.58000253421785 89.67488962566338 85.75635738588757 85.23730344112275 88.17778080026658 94.254560731854 102.91356311590215 113.56565849599784 125.70518751111229 138.94282135078245 109.34336942396364 103.23683386145228 99.79168598321252 99.2853595160112 101.76173118780744 107.01393624889629 114.6611549965014 124.26199609888303 135.4015220683743 147.73207497227781
77.94904448661495 0.0 70.85060347509311 17.13687543478612 72.66708367540821 54.78350430791146 15.759708759040084 34.74842491589678 80.5225938504897 52.65829063760997 45.090179707714064 27.15464545379149 17.012022999847158 20.943061735641727 8.195303203293799 18.90026750402136 78.53667658366439 14.28002685791431 71.43180458856585 57.587195011088774 72.40039596184265 10.790054919717775 84.46606484620632 32.935323902607564 27.74795910660516 64.92514832680669 24.21650187543145 34.457157951747725 44.968825469289186 48.345181757116315 56.248933186587074 21.520506970247105 9.735768223620418 17.427025001426443 4.57439438030739 64.26901634798996 47.09678675835757 20.070028738780962 51.14681579429078 29.97879630863088 130.78223506343667 116.67055279328083 103.53130588980498 91.7830770860274 82.02575028642043 75.0400074072452 71.64126076876398 72.33689451966724 77.01604316172664 85.02354986110356 123.54444658904615 108.5342728185587 94.31247948860549 81.29388978615408 70.15159701991166 61.90713958181171 57.813827212970935 58.745898767070905 64.4858119744456 73.92196283280987 117.55052355084491 101.69171152532596 86.38858151668653 71.99634753159351 59.18331958782804 49.199195067155216 44.01318542724133 45.30413232885172 52.59726741093573 63.86849685461966 112.99867083351604 96.4188050447434 80.14475373260728 64.40874446904002 49.72424364439755 37.352693031705556 30.276330297188153 32.199346339002915 41.900463743251635 55.43653170928575 110.06801250447313 92.98305584995809 75.99633098877142 59.19246846007116 42.78745927428952 27.504497269234026 16.76127736965166 20.102134668794147 33.55538060537559 49.46254812523379 108.88956904135856 91.5914933317895 74.29521275042444 57.00236141305867 39.717418821592 22.458652924561015 5.479270633329797 12.424463944660708 29.621373771359718 46.89560582873553 109.51993385788926 92.33660474502568 75.20767357239372 58.1812055328378 41.38386297944756 25.276638972090073 12.802568692736223 16.95924459772901 31.78111254038612 48.282244936046666 111.92854150874592 95.16820627371887 78.64278062393049 62.538762228611716 47.28865610163324 34.0594713516277 26.12639584179445 28.352070624616875 39.035901882906444 53.3148547872439 116.00464682871684 99.90901243701974 84.29264136325774 69.47944985127624 56.10921900397333 45.473078903032466 39.825410164541424 41.2678037558341 49.18034059541304 61.09898622294861 121.58059736450106 106.30383415936318 91.74894154514526 78.31941655123805 66.69852592157805 57.984095478349495 53.61265628625897 54.63678355336662 60.78436425096305 70.7318837228266
11.45944163526739 70.85060347509311 0.0 79.36691898702655 4.757215996403137 43.294038344420876 56.468016147063715 36.60642569169865 9.772621716482101 26.81116652807947 33.46865919686822 76.68520310470852 61.93032366551336 59.65834122909116 68.74243292491091 52.614739201206184 11.570360350999612 83.17216201598491 11.590748209085131 14.351281771924967 13.055651254077413 73.18493786817893 13.68001490912084 81.28360988595836 47.78438291289381 30.12874038363332 51.66827746497882 38.33032638576586 41.20898530630077 29.30558880557574 31.57700818565013 79.48270538327708 69.62981581193105 55.89776744939976 67.61854975390013 14.871964667660382 28.45921964442894 88.00387472424916 19.908029830601226 48.531016631124714 60.777853777395194 48.83605470410296 40.92284241795752 39.53610865206641 45.279518619564215 56.000640967251215 69.43064765820785 84.28442289521604 99.9290704159601 116.04516512237008 52.699457477846586 38.37234920745694 27.68306457356048 25.67055628411258 33.91627000361171 47.33243916422507 62.68266697209441 78.84531815779827 95.40839673307386 112.194699758765 47.57073894619732 30.992434264668944 16.024973391660037 12.319966540228902 25.406227419616304 41.68793855103718 58.55770711323759 75.62300520913637 92.7759978880644 109.97565941669684 46.38083640639391 29.141875896070232 12.08426379466939 6.4438721207710765 23.14586572351683 40.35656412537358 57.621931516147946 74.90417392261051 92.19380188567885 109.48731660320678 49.415126785939016 33.743038058633275 20.833689630534415 18.116422766815777 28.654477279503297 43.73403144578441 60.024695658274865 76.75920019932394 93.70004101163678 110.75257423578812 55.99097583672379 42.76164071663348 33.47887746319845 31.80913914953885 38.74940268572175 50.89125525440353 65.39902363177313 81.01144055181797 97.19765164928138 113.71289394529622 65.04287800847884 54.02901991056027 46.97230527152635 45.74235881297131 50.7644833940675 60.50128606855089 73.09228355108944 87.31129176911024 102.4829004407782 118.24098930369024 75.68750870814333 66.41015206195887 60.7512452692639 59.74793292818047 63.62085632232175 71.58287093760286 82.45785375849826 95.25326274339734 109.29669099151117 124.16539550638677 87.34435892974527 79.38549345372432 74.65763898570646 73.78452751848457 76.8975740679972 83.55240420267997 92.99171227781875 104.4633898073528 117.37302935726082 131.29715603538435 99.6587332628741 92.70573253047137 88.63136208354781 87.83711981934161 90.4094943254346 96.07845483085197 104.3404910534419 114.63630504919054 126.4701647346792 139.45106120164968
84.56428971082913 17.13687543478612 79.36691898702655 0.0 81.99140537279165 53.3875074862623 30.432421069779963 42.992403073072744 89.13055275161463 65.4669941311918 58.59653948719495 12.99174929124671 17.49563427791976 20.363769052136924 12.343652048518052 27.80344655036331 85.21819945088819 9.306137348038398 77.54894788764376 65.21872880074314 83.27651432682548 7.351671048391158 92.50757549169387 17.418998899160965 42.43975039169454 66.79780088368538 39.507399204560826 41.0519521227008 60.06472532267051 61.22324199692316 70.17930008603784 5.148708496155773 10.741311836624956 23.766673658463528 16.172754880907814 70.0347084090689 52.40457984189171 10.273771782885545 60.79537604598184 45.315208138076706 137.03078396833183 121.75565640012452 107.09873717288738 93.35167203312498 80.97916625882456 70.7065173388883 63.560155367318416 60.655343017041766 62.58548915564011 68.94571632293336 131.31520313954346 115.31572429279709 99.75195630610585 84.86396248764625 71.07766383395037 59.168228704993 50.48194831077536 46.84738784275862 49.39262308723881 57.299978258898214 126.90209197181441 110.2877936247317 93.92210678804935 77.96175414703818 62.71695401793902 48.86210984428125 37.95133042731627 33.042539697257006 36.633640602284416 46.80754280655635 123.93073550955116 106.87141625050974 89.90485976647989 73.09568933063682 56.58434040182757 40.73459401584719 26.74955161355091 19.247900259442606 24.982726197440595 38.42529561497032 122.5061305846014 105.2237306265211 87.9490102508533 70.68759991853649 53.452395843228864 36.28076517278287 19.342768226624138 5.5412006660759 16.910960587190235 33.763437801085196 122.68219292131435 105.42771963101133 88.19184162284137 70.98810496621637 53.847325097935375 36.85744225201606 20.39904248177373 8.51375796248717 18.098631737610308 34.3707742502502 124.45212683055541 107.47283718857591 90.61567617562461 73.96419389772353 57.696744829760036 42.259175617238185 29.008148142735532 22.266983820003293 27.36559250527913 40.00804810083591 127.74967709807501 111.25757159020174 95.05378315430477 79.31521522547789 64.38394411090364 50.97438936483022 40.62255164172693 36.065249917868215 39.36902361501767 48.96779562277162 132.4607599122527 116.61261376733502 101.24155199057957 86.60198263533132 73.1345084806571 61.61258518137257 53.31290990586043 49.87106837153125 52.255927380893795 59.77408987478473 138.44108152356765 123.33351764368985 108.88100741391595 95.38178367688221 83.3005955599976 73.3415807417164 66.4656256482971 63.679392288376285 65.50682631571217 71.59551150730735
14.692065735563114 72.66708367540821 4.757215996403137 81.99140537279165 0.0 47.82429221985743 57.86958944586796 39.01940663594884 8.509343545016677 25.74172677246981 33.03286923624679 79.91143541229184 64.66022876060931 62.594097905414635 71.04206745875321 54.819884899877756 14.607097306747193 85.36983481809968 16.165501973836346 17.82734489940831 8.700035416754536 75.61081003734022 13.302883837578852 84.68239192115642 48.46792276611357 34.88046046635326 52.43238894284509 41.13014171595894 40.1761094312407 28.79569900463726 29.51028080791418 82.35435128875181 72.02588117164898 58.34127474484487 69.64193745853838 19.561412907601497 32.10767652262919 90.35257629965032 21.53726258116445 48.84851896635986 60.32975875741636 49.523369924088264 43.17584193596573 43.29488730212435 49.83418492871791 60.75483100004761 74.1455175543546 88.89696754124127 104.43413562390323 120.45335740273504 51.30166885586543 38.07037306977807 29.420317203804814 29.672655821831864 38.65342964235783 52.02324887140351 67.21204433382646 83.22985680772919 99.67782554385785 116.37370160893342 45.02089037184037 29.105645217286877 16.31285439525973 16.84614124653541 30.003139046543733 45.99235644929272 62.682676811257295 79.63448821977516 96.710382468165 113.85454343825853 42.71705077962478 25.415125115373296 8.113220442342902 9.188781815734524 26.490690450863102 43.79261643090823 61.094545019675735 78.39647448994546 95.69840436360214 113.00033445534963 45.00512943895598 29.081371641467804 16.269705146185974 16.80455482323094 29.979917417138285 45.9772820220166 62.671669071252175 79.62586498402453 96.70331572878933 113.84856959843728 51.27400373945637 38.03325534147859 29.372491526707343 29.625456947457362 38.61737736365591 51.99659280920904 67.1915112738089 83.2133547265819 99.66411248014462 116.36201236636703 60.29447064463013 49.48057223049524 43.126971470543765 43.24637684545304 49.79224190945702 60.72059288660559 74.11759742832739 88.87379196564605 104.4145025832554 120.43641725970333 71.02567527547491 62.057291662110025 57.063703879659485 57.09748772509177 62.15044537724742 71.1612996550227 82.84854391199195 96.2420377981897 110.72432615218335 125.9202958811437 82.80503294773769 75.19873522995972 71.07541926152385 71.04413987563613 75.11000960317689 82.67071076759326 92.87663020949346 104.95894246281672 118.3443277464911 132.63886820580805 95.24430799582879 88.65398082616451 85.12494820359784 85.03918906501411 88.40672444356824 94.86048996542038 103.82656001881631 114.71736988270766 127.03886695830158 140.4149239220504
41.64153794482267 54.78350430791146 43.294038344420876 53.3875074862623 47.82429221985743 0.0 48.58858958100195 30.549697246652933 50.993543417883565 50.642111031760756 50.22193038943003 44.6976363952433 38.56672206399764 34.64255867648415 48.22758212150015 38.40669094679938 42.34643744832185 60.987112683899795 34.833943387395315 31.77323976348734 54.20502692446777 50.374969997471254 52.0763551453145 46.92898281594604 49.64507409764442 16.467563777562525 51.265442811732925 27.02827365158516 58.23221194788487 48.8283841527393 58.250768060044756 50.89305366783947 47.892646859549586 37.78832444689384 50.23712392919269 28.61976072575521 20.893944714805677 63.64144178363601 36.69629686925055 53.01551249295553 88.90433677263694 72.25974362601143 56.01491990859984 40.651976673234536 27.680433778287014 21.875577078704254 28.099583316561365 41.22309479237394 56.637547242049685 72.9039863281292 86.47919352387284 69.26822905977389 52.1175354057183 35.115534049952345 18.672901799740742 7.935180325445099 19.389951189671635 35.88435066492575 52.897224249588284 70.05183323180366 86.32199963695619 69.0727777150657 51.858683428056764 34.73198667189235 17.944697688524442 6.0354683133281 18.69639018802494 35.516145061606046 52.64932610852905 69.86572797155529 88.44485067767587 71.69626300153347 55.28949528130823 39.651154985289814 26.195639675917636 19.97299746077637 26.652229930832014 40.25510819980199 55.94030528363447 72.36624501383025 92.69119474068997 76.85049638140532 61.79844620374971 48.27841194531447 37.964063460624395 33.9181826855446 38.18800946266486 48.63037080381934 62.21101036013432 77.29304369198795 98.78752221727369 84.07122969689931 70.53843717306792 59.009091793310375 50.86430034190791 47.86421966270606 50.926342282241436 59.11601722226333 70.67260420944348 84.22133232528564 106.4162855227612 92.87764051487224 80.78849676186184 70.89429546265107 64.21772238409228 61.81039901483034 64.15473329161546 70.78014552247684 80.63822304342553 92.70335403692941 115.27354012488944 102.86316070678112 92.04540180570716 83.44200106940391 77.7911593800071 75.7564967477072 77.62289937867757 83.12801936174618 91.61826283227089 102.35345598331283 125.09850589592111 113.71747826244939 103.9825350148419 96.39369458343835 91.48658461742026 89.70239694131936 91.22455213232892 95.89573425878216 103.28958722222819 112.8723165780313 135.68099887469634 125.21472582079073 116.39064590564675 109.60610444961175 105.25623306023402 103.64801904066285 104.90762551818558 108.93561731740603 115.44257592407939 124.03898072013878
64.5097714239992 15.759708759040084 56.468016147063715 30.432421069779963 57.86958944586796 48.58858958100195 0.0 22.184228761729376 65.9704996605811 36.92582992023848 29.331105203019202 36.37482249145087 19.676286978317187 21.873535449020704 18.169770300865775 10.694558523505902 65.04747954819344 29.881332227423403 58.4391106025352 44.01534334978446 57.009046539674564 23.086770871847154 70.14793223003315 42.58376232525042 12.156576106024048 55.27985911607458 9.088622822129278 23.45124460723998 29.702953973891685 32.61583581321718 40.54932479904824 33.49884329700008 19.94358499975196 13.700418804122076 14.442338787190787 51.71622831810869 35.78392410251184 35.57074386566969 36.56598536470931 14.8833151014582 117.01480764613459 103.6491648904085 91.61071538226787 81.48979433115294 74.07657932667439 70.23376856574156 70.54725017234688 74.9649010172852 82.832649841408 93.28155762121294 109.07442593575581 94.63685972257906 81.32489328195231 69.78566859377233 61.0330979034472 56.38028701000481 56.843053331772026 62.307518695004816 71.63811335302624 83.54944588952617 102.46633039006022 86.97502375414113 72.30951235955142 59.087911841031236 48.50569040178444 42.578487580402914 43.26382016907143 50.292082819371 61.52669323671288 75.10312439916366 97.46199569106254 81.04768919154508 65.09473840052905 50.04629593293105 37.02226669012646 28.902845020548956 29.98016669146234 39.508936515305884 53.12072532848622 68.42058593260734 94.31712420313833 77.25521973994101 60.33018028595373 43.701315160768786 27.90325890319253 15.687300126540062 17.672111653973218 31.260650866049843 47.33778271137641 64.0563476064558 93.22014496528097 75.9182884060348 58.61647554532505 41.31476128346957 24.013358743931867 6.714677961002392 10.594621549423616 27.894779352621626 45.196294407704286 62.49803952880787 94.24261283134013 77.16465167240283 60.21469543804827 43.542488562558844 27.65501325817121 15.243486837811583 17.2812241528182 31.042393755078205 47.194622537368936 63.95113186962646 97.31773279107077 80.87494732518243 64.88052831007653 49.76865140338585 36.647840742204416 28.423927587499126 29.520923898678387 39.1632493041651 52.86534880392781 68.22345617225015 102.26045243888287 86.73349427987424 72.02015729165907 58.73510204431216 48.0772971127029 42.092112241281384 42.78750352625422 49.884868776894656 61.19587353338588 74.83364799194534 108.81651080175429 94.34084578411311 80.98182411599998 69.38742670755674 60.579473646991524 55.891222603154425 56.36029981613076 61.869512049192124 71.2593021401516 83.22642763008932
43.20064958382407 34.74842491589678 36.60642569169865 42.992403073072744 39.01940663594884 30.549697246652933 22.184228761729376 0.0 46.3736807492278 26.051514629626666 22.23123701544824 42.132816328396196 25.796179082372486 24.192466415648774 32.13622184517539 16.079763079943216 43.789411614910506 46.58129692205776 36.739635345369976 22.896334841900597 40.58839622557031 36.61266332108496 50.04139740220155 47.535492913221596 19.410903719022517 33.69566694346057 21.688846220627568 4.228280037696868 28.90787215146443 22.604327297567874 32.84667273212738 43.607677206538085 33.04163421644937 19.328454896942798 31.20206859500126 29.737318177803314 13.7576421557781 51.40564619099945 17.881968487395156 22.57793438894081 96.04069797868026 82.02340201558918 69.50224187322411 59.43050656069009 53.217562254849355 52.258330363314926 56.81951768636555 65.76231767154506 77.58613019402517 91.1769329860474 89.10865600032916 73.82580973504197 59.656133841721605 47.604253381794216 39.650751423078034 38.43053148370407 44.500965440768 55.52001993426218 69.16151975675825 84.15976193961019 83.99792227294152 67.59880238630986 51.79050098447008 37.33128273581615 26.52742202959586 24.748622966668027 33.46633126492898 47.182699035611435 62.69872102817534 78.96051493713465 81.05383036481268 63.921004184152245 46.912463627795496 30.238664321924855 15.056145089328977 11.73504574184987 25.44500345473759 41.90343913920767 58.84778102191366 75.95352236290455 80.51445165046653 63.23881067969598 45.9829420086461 28.78242976785488 11.880197763343384 7.250066374528673 23.721326985611547 40.884627593576155 58.13017908931418 75.40156627303925 82.42701446625229 65.64568931378672 49.22613498420554 33.701338754604755 21.14379650418044 18.8958211191448 29.423732076736457 44.42040062035456 60.657233712042824 77.35722358170794 86.62924641686533 70.82738444562999 55.92064958343337 42.85356837090386 33.82966456133044 32.42179354237691 39.45386924803982 51.582472902313796 66.05757967621805 81.64046033948489 92.81060092174421 78.2344083415809 65.00877576230444 54.13282254157604 47.25766921147808 46.20514468255467 51.33465460905263 61.10876700879543 73.702234155673 87.91166308439738 100.60686259823852 87.30208198268843 75.63241535110814 66.46478016349998 60.93904962958603 60.06883180726052 64.04418285056036 72.06765000048743 82.97307402579528 95.78106215110851 109.67408206937756 97.5683838640588 87.23222813134147 79.36006907133509 74.73463952502877 73.9675534997151 77.17394923436788 83.89949197638128 93.38692580252302 104.88945567042444
11.350282312623653 80.5225938504897 9.772621716482101 89.13055275161463 8.509343545016677 50.993543417883565 65.9704996605811 46.3736807492278 0.0 34.18551445424519 41.53993677879097 86.26974284719302 71.68459950342172 69.37061183279626 78.50833106228005 62.36611761575375 10.872750163124406 92.92950222442033 16.47545427169915 24.010058683679624 14.83249160276656 82.95736275107674 4.920189092522563 90.75931380325889 56.850650621705654 36.31756600821317 60.794828593102274 48.0860862766448 48.587502002693256 37.301832513593666 37.5362354064606 89.20244893561485 79.40140039277811 65.66990073498937 77.34285705035207 22.488938317476787 37.8882536016907 97.774532888943 29.43359612919806 57.31425198835016 51.832505183372234 41.21514793008409 36.18667493560135 38.973961379330404 48.24076167509694 61.10711666435817 75.76077828020996 91.34559947058985 107.45719500304477 123.8902182226787 43.10444791763425 29.5611395885058 22.100673068896935 26.490182318637252 38.90669609842632 54.07812382230916 70.24149189602421 86.8447011864433 103.6766526139355 120.64164166202117 37.85279084932157 21.228395583542927 8.195674823649771 16.80496043954444 33.11129124225938 50.09013698201995 67.23391510848022 84.44222972857679 101.68232041524445 118.94037040167669 37.565085841339126 20.713422291037453 6.757918332038963 16.155694531497755 32.78806001952757 49.87805832555927 67.07680622423864 84.31778325233853 101.57948917156523 118.85289258802416 42.342643238355656 28.444059718865628 20.589831954836235 25.249344077275254 38.0766217316981 53.48682471796436 69.78942086046274 86.48119829964988 103.37380521327238 120.38272757649928 50.77518717218775 39.88352262452043 34.66956660200237 37.57618989045478 47.12397449140956 60.233509144612164 75.06124168053468 90.76900411483582 106.96981789201088 123.46975134821432 61.37414028144507 52.66808578616336 48.782900338284655 50.836182099377105 58.20279542627854 69.20632427964237 82.40247074498248 96.8995407055104 112.19437032304322 128.00130629897907 73.20436408146087 66.0207795273687 62.90708964456309 64.45583538432399 70.35980167673614 79.65640500356675 91.31526823665646 104.54906865548175 118.83278793491745 133.83067438928344 85.75767292726395 79.6562678586664 77.03601773089076 78.24742501836802 83.12313451519181 91.07653889166315 101.38590067741045 113.41053853198996 126.6628758460123 140.79667061992103 98.75857102648745 93.45069290382094 91.16732669050593 92.1336187633538 96.25174676724468 103.14488161574248 112.30319340614477 123.22264683096678 135.47806808087168 148.73959111356479
37.9347212352699 52.65829063760997 26.81116652807947 65.4669941311918 25.74172677246981 50.642111031760756 36.92582992023848 26.051514629626666 34.18551445424519 0.0 8.052757300373615 67.13303515938644 49.749416926871035 49.118058006691186 53.35165860560371 37.8862362006752 38.17064495625391 66.57415235003795 35.01692689916708 22.93867048702558 21.61357487488859 58.32714104245064 39.03796139795042 72.86334220574031 25.52409557611769 45.22979710779691 29.50149220823412 30.016370343189646 14.454831467089152 4.3140033771612805 7.6106911905729495 67.21430570212318 54.77417525459116 42.34382927258823 50.69220525317635 32.18041476786809 29.76921478971237 72.11214872361808 14.38837040549444 24.778381520165375 85.7370446974244 75.23930182743794 67.59998487564563 63.85340304779425 64.67959428108996 69.9166393780024 78.68873310257185 89.96772022360597 102.93278562429342 117.02486803764347 75.73405315079698 63.66432609878273 54.491720099816995 49.842253482873154 50.969151808837566 57.53399143990645 67.97916913916471 80.8138368937393 95.07516269084445 110.21070010738488 67.24383312662292 53.33652706474659 42.03028139695631 35.87494109491928 37.49914201855066 46.08760478686719 58.657108581223426 73.18437584897283 88.71277675034585 104.79822545260112 60.90252039072152 45.1207921983977 31.005904787576814 22.035374270077423 24.666995179791105 36.47019231681924 51.482041028735345 67.59761470455896 84.18542524313945 101.01309557326846 57.426562440577825 40.329397078982396 23.533461284583936 8.938717334219787 14.307021751560233 30.466283191229397 47.438500058972316 64.58592339253707 81.79844160708738 99.04212202129973 57.33949951920322 40.2058963632328 23.3221650856805 8.369351877745105 13.960017982843214 30.30563541598711 47.335973197014404 64.51101118183934 81.73958743196404 98.99375297479742 60.65592738072524 44.788921971793606 30.52318833205085 21.35401625254196 24.06313537104405 36.06641716701666 51.19814352336684 67.38267464845408 84.01375646193922 100.87075491135164 66.87132765406848 52.86827968718895 41.43721977990301 35.18151532121393 36.83941515194492 45.55495196356259 58.24150100444146 72.85326952994923 88.44112716462664 104.56947316469012 75.2708822805267 63.11517440368239 53.85208102077202 49.14539541194257 50.291102790139746 56.93700044093617 67.4770397113144 80.39391535850162 94.72018915940497 109.90609041851178 85.21102209571448 74.64208799367596 66.93772074553652 63.155124593821725 63.99355601707955 69.28545883759986 78.13109845767602 89.48271582299986 102.5111626143331 116.65596698913501
44.103691792260776 45.090179707714064 33.46865919686822 58.59653948719495 33.03286923624679 50.22193038943003 29.331105203019202 22.23123701544824 41.53993677879097 8.052757300373615 0.0 61.25393228951209 43.61482419517502 43.45217189716842 46.34029477676979 31.49508028108207 44.42143582803363 59.156868934486454 40.264155261863216 26.651185351872112 29.576990578394366 51.350837037852955 46.30664338761414 67.16382050052421 17.626750294562857 47.44913850229966 21.55923469864214 26.44625944751184 8.800065932706008 4.240353846607416 11.656163725760901 60.68257247912966 47.85762461183373 36.09522243385156 43.39420187854526 36.19686548918329 29.60680232031502 64.77686025023704 17.034310953661347 16.727018467551495 93.30204051811981 82.26165482419559 73.67075610781325 68.45781269062222 67.41109176715369 70.71583860843296 77.81963588225902 87.80519910158203 99.81133007326846 113.19691512374543 83.57939430346623 71.09917127683758 61.01941357741306 54.68404871214645 53.44175527634422 57.62288524312684 66.20779616983566 77.7511885223779 91.13573411369566 105.66407346281505 75.27461055939463 61.17090441393476 49.15483849905608 41.10015569455003 39.508904029555765 45.070946810323136 55.68243030228093 69.05347124877247 83.87453002947376 99.49973734979976 68.90243175779314 53.17293276482786 38.805759174127346 27.984345641459775 25.672373215889642 33.67088329328252 46.979745706081125 62.2830243411267 78.42170761407081 94.97085773344371 65.03354959076341 48.0785701888235 31.50314658300025 16.494258760784778 12.263192639725307 25.048437268311805 41.26954712208059 58.11746573916995 75.17191711284643 92.31851068490285 64.12274786192383 46.844971023815795 29.595428529992915 12.491638496214907 5.9081500963428 22.63813167194492 39.85946984627719 57.1295302803216 74.41439838141285 91.70570159852129 66.29207676823485 49.76012105477842 34.00311820798073 20.858251213929236 17.681443236017454 28.08758482822878 43.1729499040805 59.47778560694139 76.22350394278074 93.17269085530127 71.2607639975515 56.181846725440295 42.81836299249918 33.30365459234523 31.361815971987696 38.1667720003535 50.28469310618147 64.80051796535675 80.42619466465307 96.62477601345985 78.49896928635748 65.0801994278338 53.921055152844374 46.67152957467234 45.2513735677527 50.158205705499704 59.85572689621689 72.44497317068546 86.67493227982733 101.86028316319256 87.44483442697056 75.58539281615869 66.1694840868674 60.351852661152975 59.202939903615274 62.9787785300575 70.89683684958487 81.76241730445511 94.56490241856105 108.62156845114767
80.23066764784458 27.15464545379149 76.68520310470852 12.99174929124671 79.91143541229184 44.6976363952433 36.37482249145087 42.132816328396196 86.26974284719302 67.13303515938644 61.25393228951209 0.0 17.72486560576801 18.050994555959484 19.652662202584008 29.90842660162859 80.91876160019648 22.28072047252679 73.03298509645411 62.33491212133966 82.53290971030287 16.476723458083278 89.10863623388222 6.208977980910856 47.24354406020958 59.63960048415282 45.1659439980022 39.126806836709996 64.45865637260403 63.12918069721566 72.87067652123905 8.165812532093778 17.80173386485194 25.251915172017934 24.340245183485308 65.50998901833397 48.44833632392364 21.96909043146591 59.779046275378754 50.65443048196833 131.61898140312374 115.65994932873485 100.147860366667 85.32682132748546 71.62709951213279 59.82406519339332 51.24547407576547 47.66530074997726 50.165382718661256 57.96423721912367 127.12459000747656 110.54256562395031 94.21976555429427 78.31843719008779 63.15773082728443 49.423964827677835 38.668664472547185 33.86016688844358 37.369294456482244 47.382754367623114 124.06447347731778 107.02576315221269 90.0874353638059 73.31909489084659 56.87130184830903 41.130425543574 27.345757807463343 20.064412972897774 25.614107422468795 38.83678621317334 122.54617035292128 105.27013040131511 88.00426271246381 70.75601437855084 53.542415898375445 36.412641267278765 19.587853435607713 6.34042385827802 17.188116869611843 33.90243594016038 122.62698568740666 105.36376651839899 88.11573237031799 70.89396735570013 53.7237400389403 36.67750264379543 20.073651304056146 7.705652032645973 17.734598667595623 34.1814017651906 124.30379940700975 107.30182904244634 90.41372592097932 73.71778960516875 57.382005228021356 41.83046609962903 28.382963458319846 21.450144188379276 26.70835276084345 39.56355493578325 127.51364129973201 110.98771148235967 94.73923679028086 78.93973258289331 63.922979265811755 50.39365715653473 39.894881758567095 35.24755317796869 38.624939160370694 48.37447003162663 132.14480142466263 116.25523857493023 100.83161326223899 86.12461758875774 72.57125506470067 60.94609219535695 52.54490490663537 49.05313134820658 51.47964786376625 59.09991860364703 138.05425305690073 122.90114124038118 108.39325826911663 94.8272141727448 82.66799167404339 72.62566583224601 65.67855067321098 62.86136246115942 64.71571643322388 70.8758859377764 145.08580412538942 130.71526057192253 117.139885832946 104.66953271788132 93.74622139822237 84.96871009240799 79.05500670289686 76.67066712115594 78.13944606213563 83.2576698389591
67.09867336526833 17.012022999847158 61.93032366551336 17.49563427791976 64.66022876060931 38.56672206399764 19.676286978317187 25.796179082372486 71.68459950342172 49.749416926871035 43.61482419517502 17.72486560576801 0.0 3.9915087542355123 9.68604278941101 12.186360854180155 67.74885783321935 23.057990146486112 60.11424493801779 47.74138987772415 66.34143624082957 12.272231362777866 75.02050408851508 23.79742816454738 29.709294301769006 50.3895624991235 27.96508153167305 23.599998075687388 46.761399873032374 45.65923126397363 55.25654177662238 17.825835389730685 9.375824372710444 7.535702594928237 12.507600548020248 52.61911856628697 34.97099353618972 26.853677068290526 43.676950796477904 33.23368648201439 119.66042039871823 104.57082698807565 90.27844926205005 77.22718331632879 66.15569652514017 58.20492608575927 54.75170825539225 56.62494672392911 63.35391483113862 73.61896057128475 113.82163562052558 97.86751933896701 82.45873731258536 67.96720377082917 55.12117224313257 45.341502868883246 40.89089809921014 43.439436280197725 51.967385092341765 64.1321995122356 109.49019770234793 92.81821445317975 76.42675257521363 60.5440840854576 45.70376089573788 33.328537862501 27.04550139844343 30.835643167468028 42.058586127200215 56.44220476086357 106.84964214802717 89.70273372474561 72.62938531777824 55.697284934027415 39.090411226566424 23.50841794275295 13.264386226178488 19.948807814594105 34.90957874235205 51.362585664905566 106.0264156447659 88.72506975729804 71.42400712134301 54.12349936925974 36.824328582486395 19.53004782380243 2.351161696104422 15.111146730634228 32.401838691355564 49.70035358544781 107.06245963503349 89.95496724573974 72.93925244425266 56.098890434354864 39.657899776998 24.436142645948532 14.839597907213772 21.02414827360271 35.53207707352348 51.785661506097384 109.90519193013691 93.30515352135689 77.01468517458363 61.28116668275242 46.67130431117889 34.637400319956726 28.635606410418557 32.2328405019511 43.08855599706003 57.21014689478197 114.41999316914384 98.55960545063824 83.27521585162383 68.95093967972532 56.32412759664308 46.78982128294746 42.48378704051916 44.93508324682029 53.21800457509635 65.1448775799139 120.41887990651358 105.43393257776302 91.2722283436932 78.38126831329473 67.49314636227828 59.71368701985369 56.345559340800314 58.160276183215515 64.72334526516656 74.79507435066654 127.69278152027988 113.63444243348876 100.59232558107428 89.01423947307502 79.5420838121327 73.00027925158305 70.21273282037862 71.61916178762512 76.99006576130465 85.58227341114072
64.32140608429758 20.943061735641727 59.65834122909116 20.363769052136924 62.594097905414635 34.64255867648415 21.873535449020704 24.192466415648774 69.37061183279626 49.118058006691186 43.45217189716842 18.050994555959484 3.9915087542355123 0.0 13.665181652359719 12.832105031959534 64.9835237670548 26.675142251477652 57.26013996631249 45.36455300948649 64.74105247323918 15.904597548207384 72.54322532940452 23.760763959080887 30.810669825183293 46.80003029381045 29.541556685805933 21.48444484330387 47.30991117436801 45.15637302210948 55.0081844893672 19.8355249734151 13.250480335833643 8.431532356974522 16.40610627822268 49.73022759506873 32.143002767973094 30.129246699099866 41.985715443359716 34.47513756652132 116.68195274853566 101.40118476802667 86.88166245905563 73.57545171744397 62.265333404375006 54.21528582825342 50.993367372506604 53.479441280228784 60.9793291893294 71.94169418414137 111.16372737811099 95.02976280579172 79.3891944014614 64.60138846140774 51.40760089084837 41.36242621569226 37.1169235052026 40.53626220438387 50.074124370431214 63.01074626063148 107.22042138083539 90.40710697910126 73.81993074217151 57.654404068560794 42.395629415678194 29.486597463442944 23.243072468665574 28.455796544778668 40.962607919988606 56.078954070018845 105.02963320307991 87.80990877687805 70.63037223593325 53.52973060958106 36.618681164888706 20.374904553337597 9.38396691402224 18.9656033047951 35.0719625423312 51.952903466572245 104.70146230213217 87.41892080414893 70.14593875707864 52.89188252329032 35.68421573750741 18.651776643095577 4.596498046015373 17.119588775164605 34.113726688458655 51.31399302839542 106.25317321551753 89.26314401709345 72.42094227203445 55.86044054311742 39.93365365398356 25.840211087569898 18.42412175295289 24.695990648569715 38.45838769742705 54.28549670830299 109.60493144332828 93.20997213157844 77.2118209370272 61.91881910825573 48.00961890001581 37.07580523711716 32.29575267701987 36.19564100724604 46.64699020105996 60.33628627623918 114.59885858540918 99.00821918717875 84.08959312143462 70.27229186171009 58.344095359711574 49.68475672703212 46.171633787828846 48.92614444463291 57.04751161739204 68.65692012540637 121.031784965107 106.35543516971924 92.59028075260295 80.20684179940876 69.94291054340226 62.845683078921546 60.048687835133315 62.13538301594093 68.66194446023898 78.52907292297361 128.68800663521841 114.95490701884019 102.31004342841037 91.20716018116705 82.272923214434 76.27324868221523 73.92611026854594 75.57259979011002 80.96945500168998 89.44033872876933
74.84486539700578 8.195303203293799 68.74243292491091 12.343652048518052 71.04206745875321 48.22758212150015 18.169770300865775 32.13622184517539 78.50833106228005 53.35165860560371 46.34029477676979 19.652662202584008 9.68604278941101 13.665181652359719 0.0 16.243257337740797 75.4692517945373 14.504692804887602 68.041307042826 54.89849954871676 71.75626275714933 5.017634775063828 82.14777770359277 25.68962954185954 30.1071266247224 59.604769750492544 27.25837564658431 30.88968989625724 47.73384774453757 49.080155267428125 57.89028755532873 15.42485544985454 1.8879567978349727 12.968198266183116 4.687913323191255 60.657367807533504 43.08861327201315 19.315197620478017 49.599963878694886 33.04295358039922 127.64809567363298 112.95119106889267 99.09894394557382 86.49811391825723 75.77559386239649 67.82810208767076 63.7028738322455 64.14167701517452 69.05756454075497 77.60434011254962 121.17887121489957 105.62021144782224 90.69531894647102 76.77469809008439 64.51177590659825 55.02622802270259 49.926985551979485 50.55910974681136 56.731339193135426 66.9280784947412 116.06083827429549 99.73460436663281 83.80078642729887 68.53363899653647 54.49637522930059 42.91337230998776 36.22109197450035 37.16295003890606 45.26488239594171 57.57987210785181 112.47867251665559 95.56189419878154 78.8125037832987 62.36551258810317 46.5426132298683 32.27512680528293 22.712640808549818 24.264285954478368 35.50152632553867 50.30578941005922 110.58178566863592 93.3321686080382 76.10630309050667 58.925023044103426 41.843286307579376 25.065437856128398 10.217878373481636 13.388323256753667 29.20278511435893 46.09849688305756 110.45706356351435 93.18503941601044 75.92663353561825 58.69386014180713 41.51864865152612 24.522246686711945 8.80888236343462 12.351747392033246 28.74453596764348 45.810964425201526 112.11042268263292 95.13017206993625 78.29089394545481 61.7081046889573 45.66210646339105 30.998022871206203 20.867164399449074 22.554630370141187 34.36125470792098 49.511533726672084 115.46548402738776 99.04434686194945 82.98189752761544 67.53455425010915 53.24044277491797 41.31442247816149 34.32093080507322 35.32250142283819 43.77373585861208 56.420819065740844 120.38000390902906 104.70692285178589 89.6350184984976 75.5250679302426 63.026484332142545 53.28547706103476 48.01092480934065 48.67708119440597 55.06877575623878 65.53155262946018 126.67253962866472 111.85260048458584 97.85076009372798 85.07193041056686 74.15113292574057 66.01698843789895 61.780175531513514 62.241726302816474 67.30505163618503 76.05657457688376
