0.0 122.65564106747067 89.86339733396268 120.67680335235154 105.74270062205726 79.17448631587415 44.098403465016204 45.63693836757767 77.54855872743032 107.8235185761931 91.92240778626228 64.16383182808569 85.70196551037695 105.63288992394243 103.96985283321672 88.88996283426027 34.18749375597553 72.81570235196165 101.93099956704671 29.246708456668063 5.917402111138271 124.60510731645176 52.29330198582973 96.04293426808566 113.4542662359261 38.44279403917685 35.50251628597899 45.47714726645451 66.2739697186958 110.55479451955703 98.47167162614507 107.61500316343266 86.6453353806875 103.88647941448262 104.92521639513447 91.29397323758506 25.16787550497546 29.882081907306638 87.49601936670418 86.59727011889164 153.75112706288758 121.16525656944715 90.09685194663504 62.8385158103615 46.633983498156 147.66546051645594 113.4177488812131 79.47912283279646 46.5308912974922 20.203078912935702 146.7308651740232 112.2095242604964 77.76156343848577 43.56141682394565 11.966043488359984 151.0430422265595 117.74213289594711 85.48244098837866 56.09023250136036 37.14578380004886 160.17857457658315 129.15188686802423 100.4888992940406 76.88044457348653 64.17134496268687
122.65564106747067 0.0 40.06830230392441 2.8579307818325907 17.11815283420671 57.60591545991897 82.15473539587126 79.49688354281176 52.064374942729216 17.12594727516362 45.13157525110144 58.493047870672655 49.079705224032075 24.596895168484 18.87909978594701 40.46036612685251 95.9655427304919 60.69054075520349 38.43118466586423 95.18724261993023 120.25124390920898 3.8215667612481004 88.92397490764832 27.213499210903557 38.04537515705735 87.53909777703413 99.6440603067822 80.77693091711203 62.13836432531639 14.28190808832834 33.593183151503666 32.28215684737997 44.07463956404894 28.826065826983736 22.0083572442697 33.8920328739548 98.24885062425066 96.19135693686823 46.623081413690116 88.59361889160607 45.58793991913424 39.91881377702263 59.19111658063025 88.36566093008757 120.45005994507487 26.216757935199265 14.674032600013431 46.24054942193153 80.34862743619757 114.75394456302897 30.139040536079765 20.840903168284637 48.530122066274515 81.6752733267991 115.6778968529327 52.358168325604964 47.4399328219425 64.45563486346825 91.94195292752462 123.07285952550887 78.65279499513989 75.25845792021407 86.81102297525898 108.64261053092105 135.88607295381874
89.86339733396268 40.06830230392441 0.0 39.42363345580812 28.46604760545566 17.60826700397291 46.27284417381381 44.31711121947861 12.941007801021668 33.989906659589025 47.853357760700675 30.448690627364233 9.440546682813318 16.94327900246129 23.587457777448495 38.46724962664206 59.156731217625115 20.86127710852084 13.835286888399807 60.781243069631756 88.75530949402427 40.292530767522535 49.42880538750764 25.95220079215352 25.445500221325872 51.985296097981475 61.88202937265186 44.85144886101322 24.216826247906944 35.058928160859026 41.25937639457183 17.98737042154602 4.024598443248933 14.240049139649738 35.68776581910182 30.793582177211604 64.69552412322717 68.33179580820746 7.2163921154117485 51.160228203860726 83.62013117074233 64.60491883204331 61.237634322019275 75.63784302515026 100.43356936965812 66.04076263436365 39.585437744364825 34.168194311924566 56.23840496299537 86.90733543117254 57.68867904272111 23.30442149363899 12.371843638582547 46.453019829591945 80.97874826125393 62.3874138725115 33.19821850019026 26.58753785284729 52.02418458961725 84.26729822878258 77.8072444039739 56.95657837119324 53.18775844812572 69.3442482755705 95.8285613959688
120.67680335235154 2.8579307818325907 39.42363345580812 0.0 14.950813119123715 57.02337492771535 80.57739419567842 77.86424016701157 51.10380302856734 14.430653801893452 42.29587832864778 56.54386924418425 48.59567096080567 24.64302017922269 17.32102890144844 37.75096370069192 94.43930407766635 59.83575295935774 38.79116842367447 93.41601683543779 118.18217407306291 6.627951608454814 87.88188672420436 24.92773781621541 39.24474376147551 85.90495025231637 98.2350334268901 79.2106727370152 60.91682479428913 11.552062187509918 30.761943596625933 32.948099532216 43.395538920648505 28.95450089403355 19.228516213256697 31.363676190041677 96.39427164449121 93.96744719548134 46.1614320649472 88.66953321474415 45.1768158855382 37.5478263710815 56.334375313583614 85.62775498302561 117.83671333033229 27.55090187056014 11.81967697240749 43.76311659537758 78.01005720471356 112.47568944666259 32.9883252287578 21.583855971704505 47.31112646541292 80.03542433022307 113.87643399389009 55.03142901706528 48.87018381234274 64.36567619243922 91.06258505249721 121.80581775179648 81.11490301581948 76.85630144023204 87.34354025148015 108.37728704430509 135.11890332840156
105.74270062205726 17.11815283420671 28.46604760545566 14.950813119123715 0.0 45.686116848382575 66.11079071210503 63.309102826762896 38.50392450381767 5.855422172746281 31.607084244484394 41.64050584507103 37.90124180525467 18.929623732810526 5.243609095568911 24.995499168998908 80.0385168750359 47.44192392567307 32.65532209932076 78.64941334015603 103.23136488853272 19.70919601474904 74.64552820841662 10.136139148988208 37.58429629936558 71.33382012486358 84.05587600452937 64.76681297058546 47.35854301927278 6.6124876840143205 20.61775177450959 29.03686609938846 32.09817389447828 22.80906824262586 9.699746888790159 17.377434052897296 81.5420088342744 79.07586038866722 35.657594198406805 79.51435488647222 55.58433766989823 37.74042690157736 46.41000272723296 72.65166333465234 103.9108623692845 42.15324658823412 11.120419530807883 29.41571178997305 63.259444406551886 97.63750995410129 45.484262817043756 20.320109656784357 33.93880827787467 65.46469060900523 99.0669262865826 62.97116684204275 47.87538680462184 54.895789796721246 78.29337826582368 107.89332087272683 86.40854798606102 75.90121010958237 80.31371239801142 97.64391058049371 122.5280225727592
79.17448631587415 57.60591545991897 17.60826700397291 57.02337492771535 45.686116848382575 0.0 35.239778996152694 34.32694611896055 9.416601764238218 50.96908720140651 59.75094207276992 30.918535370765966 8.680706445486553 33.754277221371666 41.00775712588629 50.50552237999623 46.13152697312868 6.493112248989917 24.314520420205145 50.0717582897181 79.07183172167399 57.649924993048955 33.30817352262882 41.49352044406137 34.94467891064427 40.78002854922783 47.694041757374 33.92398254686718 14.62341392812829 52.29781764304301 55.51395476389595 31.104849101858303 13.695078985209909 30.20025690522076 51.996919598709724 44.36024512696701 54.5097671527733 62.40785765311627 11.149392759137818 35.396890933366585 101.11342603236017 80.35129216059192 71.29859705309386 78.13708655267713 97.58111093072577 83.43173198870201 56.77350402098107 43.36386899737236 54.15198084951015 79.87031015935305 72.72863869225594 39.58766919623119 15.484249694912073 36.15508532367268 69.06133629451755 72.17910644015946 38.57827738352508 12.711997156032261 35.067899338069005 68.50380692134898 81.98758452048224 54.649200206037676 40.57004165166731 51.96290605138615 78.41671416149575
44.098403465016204 82.15473539587126 46.27284417381381 80.57739419567842 66.11079071210503 35.239778996152694 0.0 3.273319442721522 33.639863485366185 69.44279166219958 62.419762807186906 26.4063101941771 41.61016710730975 62.64498912934447 63.297482141921066 55.95698481380733 13.963962526230953 28.807137176139577 57.88850124538528 14.87165576291732 43.83232215503812 83.53511932513477 19.230908880594715 57.48970738159114 69.36310842807823 5.724114662470863 18.636053282157093 1.4226131961563322 22.26890019093936 71.84656705083054 64.78126148399089 63.75001440779829 42.8422900426514 60.47400056492425 67.78529172106444 55.034046483778695 19.270934551123265 30.19357416891041 43.442426122720875 51.61402404351999 119.08253184319814 90.35894468653115 67.40636137367237 57.59588005090551 66.97568529886415 108.1136305506138 75.46893102399025 45.79736695772985 29.901085641326727 45.66823684924989 103.79823189014222 69.20609315279559 34.63737916932906 2.2061419407575484 34.710811127127904 106.94507616532115 73.80082879870633 43.01996029871978 25.48947380080362 42.93659515078463 116.95318810605772 87.56002950844666 63.6417167593282 53.18436089507313 63.25885837903001
45.63693836757767 79.49688354281176 44.31711121947861 77.86424016701157 63.309102826762896 34.32694611896055 3.273319442721522 0.0 31.912260845120414 66.52477452730731 59.1487912490718 23.23036551751146 40.19856314527182 60.461060836687274 60.62205883675981 52.72413874758409 16.969789389420512 27.838192303262527 56.323010692499224 16.465215248486647 44.97635438793576 80.96288516313427 21.82325120728983 54.551944602490686 67.91359209556032 8.042447093438904 21.841166886619646 2.5825124779020294 20.6893500805288 68.96412052402252 61.58713704226905 61.98665413689877 41.0220867950817 58.44781793959737 64.76672620229076 51.92434438102308 20.52301013682983 29.441579001787886 41.909908182880955 53.05050512669066 116.00222415691982 87.12587906232639 64.18813129943825 55.17343748028347 66.05221278691364 105.37738650740165 72.52875962665337 42.55922896700927 27.513534478328648 45.798917026564745 101.64058941212427 67.03692131629644 32.433665188929815 2.1888056344032947 36.77626295751166 105.52633717317862 72.74301624726037 42.91997202493005 28.063153695301718 46.12804139593664 116.27270835765005 87.48238618293861 64.66673393544139 55.72430769206345 66.50867509247051
77.54855872743032 52.064374942729216 12.941007801021668 51.10380302856734 38.50392450381767 9.416601764238218 33.639863485366185 31.912260845120414 0.0 43.40884671753366 50.374796522704436 22.839131902806635 9.077611091218902 29.833142391607794 34.262386970261076 41.16854996601487 46.27258013317826 8.950256115009426 24.468596531266066 48.3385881243917 76.7505833019227 52.6492754254483 36.8834459268079 33.12531136941116 36.17347063345039 39.36394859280156 48.941200593774155 32.22653829792511 11.398058056692705 45.04260925113944 46.5119905503688 30.111989600775235 9.246985775022527 27.146248379583334 43.87322782537663 35.3029488574216 52.42230614403021 57.73418477908522 10.23520026980072 44.60607621339044 94.07557018078008 71.71848260224954 61.90030451564763 70.10373572709786 91.60894572726095 78.23924563295614 49.39404167171559 33.95577889460195 47.550502210986686 75.92059913458185 70.60146671447175 36.240864770276254 6.089923521204787 33.99452558624165 68.33024281610835 73.7552744699159 42.005857986220896 21.99974144552059 39.97912039785376 71.46689049765226 86.52845639892178 61.58750658862524 49.936695755518265 59.90936164685272 84.1391410530059
107.8235185761931 17.12594727516362 33.989906659589025 14.430653801893452 5.855422172746281 50.96908720140651 69.44279166219958 66.52477452730731 43.40884671753366 0.0 28.494048488772545 44.1481899587389 43.39254842908957 24.654270360564936 11.097721268881468 23.33449957915816 83.40636158815238 52.35759757287924 38.50020006378627 81.41008041073371 105.03503292052011 20.462475494215017 79.00998505551658 11.992722458271876 43.09084365932031 74.49092571283101 87.66427775660387 68.13562182096979 51.66147566418531 2.9144583858852235 17.01749223788946 34.72145041133357 37.50403438242117 28.613572721534027 5.1941738152836106 17.175589950290615 84.05810557572195 80.3873450599875 41.20353618917532 85.12642322687816 50.80445562538983 31.904233303345475 43.00584193394324 71.24576987128154 103.42752029497949 39.89326651169058 6.110730552213574 29.632137061754943 64.13766654521797 98.71206206402583 46.97992376454423 25.44272651665927 38.50186556743982 68.64617393225247 101.67124943810441 66.54306273009867 53.36496174770976 60.518245973591036 82.89690016649347 111.69661152005835 90.85121916604805 81.47806851169423 86.12857737172901 102.918961314252 127.12677891819033
91.92240778626228 45.13157525110144 47.853357760700675 42.29587832864778 31.607084244484394 59.75094207276992 62.419762807186906 59.1487912490718 50.374796522704436 28.494048488772545 0.0 36.84630128937211 55.254506346737436 47.77110818335623 34.878163413126615 9.414157463524399 75.41182506908758 57.89349515600795 58.35358924673416 70.19589408183347 87.98134759920043 48.7114575722512 77.6689628455594 24.718991326154462 66.54419692734764 65.99032054054223 80.81120563276794 61.46243215668231 52.99580671165194 31.078815202415225 11.545007740929446 57.334277305602726 49.58087124552927 50.42324164172868 23.32803070477183 17.484133008440686 71.394682471013 62.309182676184186 53.97403816623299 94.89348969118008 62.37287018908932 29.292626970078793 14.852353989270725 44.47446692527593 78.29569185178748 63.0787980496328 30.753937166239435 17.536367657696232 45.432294478917235 78.83851992599904 75.25658576690805 51.13663145697173 44.285138709099684 60.84578048383366 88.5328275428575 94.57343998392142 76.58598862921839 71.98225719073949 83.01945939928197 104.8702508752641 117.56059275836415 103.42627410881109 99.84064627624707 107.86090297036722 125.27750554269595
64.16383182808569 58.493047870672655 30.448690627364233 56.54386924418425 41.64050584507103 30.918535370765966 26.4063101941771 23.23036551751146 22.839131902806635 44.1481899587389 36.84630128937211 0.0 31.544748698355306 43.30905610192255 39.83810953333204 29.695705711096778 40.14509217761206 26.227912550198003 44.25343706293117 37.280293601732545 61.89604369344838 60.47415087834318 40.856716154594345 32.18816797846272 55.886537959840325 30.874230505116138 45.042063142347956 25.272448771947857 18.734856367845136 46.75808606670196 38.37945458055975 47.96200812010986 28.839344052736855 42.63078848217513 41.91870932461671 28.78583428704971 39.94520131278469 38.98568420500453 31.950889745747357 62.40786414285859 92.88629643190504 64.05717575776471 44.425202715082946 47.314846255914524 69.99006990854451 83.72449105132058 50.00115300157955 19.62881798013315 25.793719842594008 57.79439216341933 83.53788089913085 49.69093714229518 18.832201612959178 25.198517728742676 57.53372635657869 92.38088157558506 63.32886655301694 43.378385945438964 46.342684065653806 69.34281027139606 108.05855171262742 84.40435502059262 70.47198182213646 72.1336663889971 88.51548994702456
85.70196551037695 49.079705224032075 9.440546682813318 48.59567096080567 37.90124180525467 8.680706445486553 41.61016710730975 40.19856314527182 9.077611091218902 43.39254842908957 55.254506346737436 31.544748698355306 0.0 25.081941177364747 33.0237948701742 45.851745296493945 53.47866465765761 13.529320214235392 16.40829122328302 56.457213797556655 85.17144498964207 49.02862167052293 41.754863735581125 34.836167882524116 27.753083831709617 47.29827923565956 55.51333674187821 40.22568568797885 19.52367759762297 44.49754974668644 49.69289660603753 22.839938944438984 6.036613320558204 21.52951436127409 44.90956324312019 38.8265115228851 60.69874132064954 66.73012926949207 2.4755373007145036 41.848622841054976 93.01593650574313 73.69311310587015 67.85388583425666 78.5645540653975 100.67468855627641 74.80866423503686 49.021486979625294 40.05870237694616 56.57841104314671 84.80776535987142 64.30995616680937 30.918481199540356 13.076171033153013 42.20037641779319 76.06319111363715 65.34791899930156 33.00449541045179 17.409539522284877 43.72340980319973 76.91053382038642 77.46011053555883 52.94460556566285 44.73264463043946 59.94750566850781 87.07016181576725
105.63288992394243 24.596895168484 16.94327900246129 24.64302017922269 18.929623732810526 33.754277221371666 62.64498912934447 60.461060836687274 29.833142391607794 24.654270360564936 47.77110818335623 43.30905610192255 25.081941177364747 0.0 13.951798112116853 39.38836840253501 75.83439186305188 37.71774700154015 14.41163212756183 76.84394944796583 104.1273991283655 24.094546552222912 66.31474913889359 23.056187495241662 18.9757642630498 68.3111842427359 78.73980728199989 61.22355790860685 40.935960207672544 24.36789040967037 38.070388085327274 10.121795524563208 20.887122624287464 4.344957575040659 28.46635606536497 30.728771195949967 80.5325769933943 82.26405037716393 22.60793570918034 64.04344040667506 69.80774683000546 56.49315164591645 62.48698631956841 83.74104935029156 111.8717830462796 49.821274084667316 28.6784760264772 39.46631146997376 68.46578424906794 101.05630411861704 41.18010865636033 6.581265299724601 28.02996916495628 62.63305600303002 97.23669395663579 50.14072527472651 29.22490258646712 39.86146043743642 68.69218021005526 101.20836779690671 70.2636866145109 57.050453650193646 62.98661949610149 84.11103124906239 112.14636992103073
103.96985283321672 18.87909978594701 23.587457777448495 17.32102890144844 5.243609095568911 41.00775712588629 63.297482141921066 60.62205883675981 34.262386970261076 11.097721268881468 34.878163413126615 39.83810953333204 33.0237948701742 13.951798112116853 0.0 27.338450734204145 77.13675725413451 43.140137460118815 27.44043275808224 76.32587164284489 101.71874553606311 20.63758577221551 70.80504986963106 10.994828745241247 32.82593698371558 68.66448877664743 80.914373509914 61.92454282017778 43.69007098511323 11.592427931423963 24.49136655481139 24.069994575585056 27.338450734204084 17.673534289502555 14.523217138764222 18.99765728174726 79.43686895457336 78.09559207993375 30.726766440884724 74.4721587867123 60.1072263126086 42.95853034457666 49.72737132847848 74.12831472792539 104.46062456165396 44.8690510049194 16.139032162607535 30.04256213844797 62.765382816868794 96.80537991220966 44.91781714402943 16.27288346235027 30.114010856521215 62.79929170000094 96.82715993215386 60.216393798532124 43.10974614130537 49.8568505095934 74.21441957589249 104.52116437387797 82.69432510436128 71.00216652415547 75.09341276638165 92.9058145286139 118.40066235124183
88.88996283426027 40.46036612685251 38.46724962664206 37.75096370069192 24.995499168998908 50.50552237999623 55.95698481380733 52.72413874758409 41.16854996601487 23.33449957915816 9.414157463524399 29.695705711096778 45.851745296493945 39.38836840253501 27.338450734204145 0.0 69.4250894942786 48.91514934607788 49.25986104136045 65.16782948670289 85.41684551223251 43.73845879675019 70.03835511066607 16.533083473984828 57.892593596374326 60.02112576432954 74.55989757021909 54.88432728580288 44.4987394534426 26.19890315582729 9.582527045682431 48.6449796586018 40.166885195083715 41.725883676771815 18.662315842663418 8.660300032971968 66.89816247203703 59.97960550914186 44.560087714056934 85.75506729394306 64.95257682490224 34.40209728207187 23.302711613312105 47.93092373028516 80.29056943725287 61.4095907330756 27.20139239074449 10.175821050078726 43.15127567236551 77.55882620508305 70.13921448029345 43.33292930207848 35.082867177194565 54.577502970365785 84.38857472920353 87.54362558961697 67.80059114186952 62.64768388339676 75.1486712602431 98.81645433111929 109.56327868352898 94.32545875454682 90.4719111239812 99.33647686785149 118.08894515947476
34.18749375597553 95.9655427304919 59.156731217625115 94.43930407766635 80.0385168750359 46.13152697312868 13.963962526230953 16.969789389420512 46.27258013317826 83.40636158815238 75.41182506908758 40.14509217761206 53.47866465765761 75.83439186305188 77.13675725413451 69.4250894942786 0.0 40.07008269571324 69.88660673771874 9.990577007584744 35.510706761942316 97.2523071466848 18.69587881624455 71.45337857047143 80.9972639292134 9.427835191234443 5.957199157634885 15.279303937345894 34.94246453180116 85.80471065755064 78.42503317254054 76.13286965888055 55.513373404449275 73.39482898898895 81.72587955067532 68.88399803367253 13.895364783920106 31.097268002392585 55.53782900391221 53.80849171877622 132.9698334721787 103.79164510500252 79.11517577156462 64.34666229397514 66.45713903154493 121.98656424138923 89.43269679655964 59.24966229675803 37.651926038782875 41.46857139162947 116.8440015133246 82.34866635700645 48.00977237002676 14.947470235163236 23.16826970297129 118.30656623105908 84.39231269912716 51.40552449739621 23.618639506995216 29.4618226318919 126.14464271633021 94.97613601473837 67.25527564566471 49.2025198302377 52.08948050824167
72.81570235196165 60.69054075520349 20.86127710852084 59.83575295935774 47.44192392567307 6.493112248989917 28.807137176139577 27.838192303262527 8.950256115009426 52.35759757287924 57.89349515600795 26.227912550198003 13.529320214235392 37.71774700154015 43.140137460118815 48.91514934607788 40.07008269571324 0.0 29.881466151338905 43.66150967043713 72.62999381700696 61.095927471086284 28.597774546421952 41.95768438190891 40.93701013698308 34.3871069191619 41.98548548698312 27.47741351058279 8.484476143788601 53.988435978861766 54.88207767649412 36.363511903574405 16.855442714905394 34.567403711332126 52.75198574116567 43.6591242211561 48.06879998602484 56.0054452827031 15.761131652051008 37.18196609889802 103.01981141009817 80.34803386948096 68.50762710334045 72.97634423887042 91.39235245655763 86.79296049373912 58.34413916877456 40.86418867143318 48.27574974142207 73.38962370189016 77.73151277327597 43.89651834392144 14.369135179200287 29.67981211718846 62.850313660626945 78.36247226560987 44.99431661658663 17.41119113903226 31.251563271610124 63.600474981561376 88.47869406630882 60.80119729488323 44.27085887492043 51.16492317412746 75.30343183363503
101.93099956704671 38.43118466586423 13.835286888399807 38.79116842367447 32.65532209932076 24.314520420205145 57.88850124538528 56.323010692499224 24.468596531266066 38.50020006378627 58.35358924673416 44.25343706293117 16.40829122328302 14.41163212756183 27.44043275808224 49.25986104136045 69.88660673771874 29.881466151338905 0.0 72.68986826674475 101.2153774738947 37.32819040053862 57.573694548714705 34.268423484213535 11.8032520656936 63.596908082298896 71.84467536015609 56.491063004635265 35.65703641766243 38.53012119292612 49.9867533745993 7.136025543173817 15.818578412403584 10.10166181642155 41.75298948271057 40.86985692919088 76.84575915793242 81.7103408504716 14.44677783638169 50.37389519991011 83.94209226029626 70.39498531317673 72.52167465129043 89.20814348314684 114.24339220796969 62.49304843296968 42.93469698253872 46.649936102852614 70.02760957358217 100.13159789327278 48.64760780879808 17.85273563214543 25.801195922246233 58.37408988505009 92.43494007209439 49.29491391215854 19.532974098757492 26.980279886347056 58.89977771095837 92.76465928350423 63.99667071957569 45.07588417365239 48.609817341004856 71.33590180783753 101.04219399577971
29.246708456668063 95.18724261993023 60.781243069631756 93.41601683543779 78.64941334015603 50.0717582897181 14.87165576291732 16.465215248486647 48.3385881243917 81.41008041073371 70.19589408183347 37.280293601732545 56.457213797556655 76.84394944796583 76.32587164284489 65.16782948670289 9.990577007584744 43.66150967043713 72.68986826674475 0.0 29.056461229056936 96.8392426533132 27.493885493978606 69.43066931894109 84.20860032087208 9.30785816502892 15.463016880455786 16.2380381167559 37.034153602077005 83.9857732099565 74.51252376839136 78.43508041220406 57.47753745552353 74.89820868267675 79.15546264550689 65.82261582667076 4.710137829738468 21.11142454018844 58.25164590262879 62.52272107524313 129.72759411266844 99.1636236844622 72.33532280074604 55.01065955007611 56.69872557452572 120.80254905258761 87.28114727770641 55.11427356414732 29.189198333486523 32.577248455492516 118.02007124697629 83.4241715763455 48.83955278419072 14.348022721838941 20.5252021378897 121.80201517304666 88.64673358521691 57.23279566179667 32.98150197928247 35.98337249808576 131.58337600127354 101.55737215129301 75.55398516305553 59.141350593749706 60.67770486582125
5.917402111138271 120.25124390920898 88.75530949402427 118.18217407306291 103.23136488853272 79.07183172167399 43.83232215503812 44.97635438793576 76.7505833019227 105.03503292052011 87.98134759920043 61.89604369344838 85.17144498964207 104.1273991283655 101.71874553606311 85.41684551223251 35.510706761942316 72.62999381700696 101.2153774738947 29.056461229056936 0.0 122.34473486953088 54.07404726043356 93.388082873628 112.8614501121158 38.36208200524704 37.72474515304607 45.15266364521457 65.65189800595165 107.81243662915702 94.9920478840662 106.64824425259025 85.70483170114301 102.60345612261956 101.92820870930915 88.28234762490423 24.562248053605984 25.673677793839197 86.84500898807082 88.88886230916724 150.0822281789815 117.12608805524468 85.48209238130282 57.36443202436347 40.8532781447382 144.9267583995745 110.50616056512966 76.25161529270571 42.56591636650854 14.291841277404703 145.06195022066154 110.68177233436295 76.50353194573286 43.01135223829571 15.556760293223705 150.4735367563679 117.6224803073883 86.15468986685681 58.35266406357006 42.21677778804076 160.62882945345052 130.250909762676 102.58527426870222 80.47942510913649 69.46148288866225
124.60510731645176 3.8215667612481004 40.292530767522535 6.627951608454814 19.70919601474904 57.649924993048955 83.53511932513477 80.96288516313427 52.6492754254483 20.462475494215017 48.7114575722512 60.47415087834318 49.02862167052293 24.094546552222912 20.63758577221551 43.73845879675019 97.2523071466848 61.095927471086284 37.32819040053862 96.8392426533132 122.34473486953088 0.0 89.52586357820937 29.84001768623175 35.86024074499086 88.99545044970948 100.75553461834258 82.14323790916445 63.05053990432208 17.699567254792868 37.16645333485208 30.835727477587795 44.31708384446313 28.13777623120808 25.474419378424518 36.86010454370439 100.02427795873666 98.55059287998637 46.55545214023485 87.68256597018052 47.29774531397152 43.562075044851724 62.873302518680816 91.6693518754615 123.48403982577761 25.78195206499921 18.431147371956072 49.08723046556699 82.91113348765647 117.19132552188142 26.55634693822037 19.49015116203853 49.490832379584354 83.1484759603523 117.35776790159086 48.566098638965165 44.92358497072823 63.81542741320736 92.31200790900022 123.95734173415217 74.999293998331 72.48724829690221 85.31507553841236 108.15579939904812 136.05677362720755
52.29330198582973 88.92397490764832 49.42880538750764 87.88188672420436 74.64552820841662 33.30817352262882 19.230908880594715 21.82325120728983 36.8834459268079 79.00998505551658 77.6689628455594 40.856716154594345 41.754863735581125 66.31474913889359 70.80504986963106 70.03835511066607 18.69587881624455 28.597774546421952 57.573694548714705 27.493885493978606 54.07404726043356 89.52586357820937 0.0 67.64447904901691 67.67845579799237 20.635835630675988 16.967545572230726 19.287202690181104 27.348655666940495 80.98762948315733 77.92323787029372 64.4129123765691 45.43989854688166 63.12331158642753 78.48113320097985 67.1937289333821 32.00479557779876 47.472668123233014 44.13153583303671 35.15360361137071 129.76540424473677 103.91682855760723 84.57595826729732 76.82588444692259 83.940923699723 115.11559822646808 85.11305651767405 60.26334511701239 49.13161997596036 59.92468890749904 106.02669603443732 72.47600687256462 40.727487650013245 21.436658008402578 40.683875690013025 103.96803990561695 69.45818406515704 35.13373010381434 6.25877735494807 35.19686410110474 109.3375730882406 77.19624542110212 48.56590848385584 33.953885917121426 48.39335712074813
96.04293426808566 27.213499210903557 25.95220079215352 24.92773781621541 10.136139148988208 41.49352044406137 57.48970738159114 54.551944602490686 33.12531136941116 11.992722458271876 24.718991326154462 32.18816797846272 34.836167882524116 23.056187495241662 10.994828745241247 16.533083473984828 71.45337857047143 41.95768438190891 34.268423484213535 69.43066931894109 93.388082873628 29.84001768623175 67.64447904901691 0.0 41.85132943339726 62.50770143849696 75.7783045258922 56.191952126647514 40.35251541341874 14.571246875473204 15.747057916718816 32.67122179809774 28.79995425287661 25.784351519207302 10.879691666038463 8.025556953527007 72.12274052841339 69.04178715492024 32.962870293390736 76.5639735664841 62.185844640077896 38.908970730422055 39.440675189610324 63.18271790548774 93.93282147499937 51.62753024568965 17.979467877033894 19.390051312902504 53.136996091199805 87.5554684537494 55.35416888791676 26.80081620792448 27.700707390522613 56.66763039726484 89.72155361961984 71.15548419086936 51.951447027139714 52.24566671500214 71.79884022229639 99.87664465426343 93.07171741874478 79.15273338546862 79.13724110076907 93.03218670561303 115.9396813096619
113.4542662359261 38.04537515705735 25.445500221325872 39.24474376147551 37.58429629936558 34.94467891064427 69.36310842807823 67.91359209556032 36.17347063345039 43.09084365932031 66.54419692734764 55.886537959840325 27.753083831709617 18.9757642630498 32.82593698371558 57.892593596374326 80.9972639292134 40.93701013698308 11.8032520656936 84.20860032087208 112.8614501121158 35.86024074499086 67.67845579799237 41.85132943339726 0.0 75.04834196029736 82.6273929218333 67.97864721324687 47.22428766926127 42.33442674108045 57.04189510912315 9.25223852260387 27.621551749998236 16.167108691406135 47.24911033649172 49.26231267147767 88.42943019645442 93.51294251876848 26.017300232073158 55.30124294093461 83.11454519734261 74.49010752730774 81.14351489160433 100.07252015838769 125.85505139407505 58.908756723066254 46.287501788062215 56.65365277498247 81.67957070847133 111.92980173064073 40.48609461240625 18.116730637010548 37.57866435560244 69.9352851872881 103.75249504076356 37.61354359167174 10.29218813553158 34.52436813829096 68.3577884201496 102.70586577009534 52.888739951539236 38.41464758586489 50.487393883548435 77.56993096151528 108.99558198762797
38.44279403917685 87.53909777703413 51.985296097981475 85.90495025231637 71.33382012486358 40.78002854922783 5.724114662470863 8.042447093438904 39.36394859280156 74.49092571283101 65.99032054054223 30.874230505116138 47.29827923565956 68.3111842427359 68.66448877664743 60.02112576432954 9.427835191234443 34.3871069191619 63.596908082298896 9.30785816502892 38.36208200524704 88.99545044970948 20.635835630675988 62.50770143849696 75.04834196029736 0.0 14.954808203058919 7.1400345643429395 27.99065802370912 76.95268326198432 69.06284014816272 69.47383053330998 48.56535321388264 66.17807953177015 72.63590399426461 59.65496813000976 13.873963610857142 26.941619039930146 49.150152994197285 54.79334325708439 123.75693510876108 94.3756310422548 69.94663145932311 57.2109565003057 63.6274045452104 113.41451010128864 80.47601276374716 49.84740479792438 29.798934651911587 41.06125734214019 109.4763668453092 74.87779563341778 40.28831129368027 5.8707871346871245 28.993768692142876 112.61660945763803 79.35802872113224 48.03887768108013 26.69479097729088 38.88870031390147 122.29099959118956 92.46289093890589 67.36825274522803 54.058990138096995 60.83637901865648
35.50251628597899 99.6440603067822 61.88202937265186 98.2350334268901 84.05587600452937 47.694041757374 18.636053282157093 21.841166886619646 48.941200593774155 87.66427775660387 80.81120563276794 45.042063142347956 55.51333674187821 78.73980728199989 80.914373509914 74.55989757021909 5.957199157634885 41.98548548698312 71.84467536015609 15.463016880455786 37.72474515304607 100.75553461834258 16.967545572230726 75.7783045258922 82.6273929218333 14.954808203058919 0.0 19.795839093328745 37.85856140782973 89.97942944539211 83.41698013833005 78.3333739084236 58.098363916799904 76.05704949946475 86.220015496803 73.61806955584167 18.744069070978092 36.47097795671387 57.69989641779844 51.194165552297875 137.60492848940586 108.95981531528597 84.87713797224444 70.2194982841107 71.07875577375833 125.77676522382845 93.73140343861255 64.39082875650688 43.60737533729951 45.29734052761169 119.48045390997072 85.17960162854162 51.28743636057025 20.002216157703113 23.76188338523151 119.59330076299597 85.3363644268636 51.54496108966091 20.64755065357075 24.302470994810218 126.09809389478622 94.15819736596029 65.00479177776464 44.50055903091304 46.14971865514131
45.47714726645451 80.77693091711203 44.85144886101322 79.2106727370152 64.76681297058546 33.92398254686718 1.4226131961563322 2.5825124779020294 32.22653829792511 68.13562182096979 61.46243215668231 25.272448771947857 40.22568568797885 61.22355790860685 61.92454282017778 54.88432728580288 15.279303937345894 27.47741351058279 56.491063004635265 16.2380381167559 45.15266364521457 82.14323790916445 19.287202690181104 56.191952126647514 67.97864721324687 7.1400345643429395 19.795839093328745 0.0 20.861276230927675 70.52646831781699 63.65124924828399 62.33770474656427 41.42537164184273 59.05170426809992 66.52225603453674 53.82860999024765 20.591503417309102 30.991540043107765 42.04597714609681 51.03080438616064 117.85050368139775 89.28200087772969 66.69782055458477 57.62561911362067 67.73192612015417 106.75054200082675 74.16962687727435 44.73729654701431 29.942522801890142 46.76024443396608 102.3759632056054 67.78424618888677 33.21783467858649 2.645632305127746 36.130714358792474 105.56643658684452 72.47095447761826 41.88851369462052 25.53620065764468 44.09522804663927 115.69764155616818 86.4471016733575 62.889245945700985 53.21477113805182 64.05751496357837
66.2739697186958 62.13836432531639 24.216826247906944 60.91682479428913 47.35854301927278 14.62341392812829 22.26890019093936 20.6893500805288 11.398058056692705 51.66147566418531 52.99580671165194 18.734856367845136 19.52367759762297 40.935960207672544 43.69007098511323 44.4987394534426 34.94246453180116 8.484476143788601 35.65703641766243 37.034153602077005 65.65189800595165 63.05053990432208 27.348655666940495 40.35251541341874 47.22428766926127 27.99065802370912 37.85856140782973 20.861276230927675 0.0 53.65682554560396 51.5287578244115 41.48903225146282 20.637383498048518 38.45663866431223 51.21565064399917 40.49407013100137 41.20711134196655 47.863666028330684 21.226833557808263 43.68716960549774 102.42326608442238 77.44045631941805 62.43640120504568 64.76391895454219 82.97714916460433 88.34960653218015 57.7652195519017 35.536191971283564 39.795150768101095 65.56919889947427 81.9017458393356 47.42520183699558 13.610930249107913 22.720451809804224 56.93886452911256 84.83700391458966 52.28837574469825 25.800691493193586 31.497961266282825 60.93777059593321 96.30103196784825 69.22113958073336 52.00046209923386 54.87562701359584 75.58720334493466
110.55479451955703 14.28190808832834 35.058928160859026 11.552062187509918 6.6124876840143205 52.29781764304301 71.84656705083054 68.96412052402252 45.04260925113944 2.9144583858852235 31.078815202415225 46.75808606670196 44.49754974668644 24.36789040967037 11.592427931423963 26.19890315582729 85.80471065755064 53.988435978861766 38.53012119292612 83.9857732099565 107.81243662915702 17.699567254792868 80.98762948315733 14.571246875473204 42.33442674108045 76.95268326198432 89.97942944539211 70.52646831781699 53.65682554560396 0.0 19.54765815736875 34.2809987671462 38.70849021060671 28.499661910236107 7.778357129820194 20.07538732437845 86.69393827388703 83.22521584391397 42.23976942323896 86.05210048567704 49.033625453468105 32.21206195986778 45.45075987081332 74.08616831966175 106.33241850624367 37.12059135043076 4.547090324680828 32.531029385632294 67.01278855268373 101.57762499962465 44.25002356663678 24.40244750465809 40.345224244521575 71.09738118172312 104.2918065741582 64.3788957844612 52.5546793631765 61.43408385697611 84.74136670496327 113.94231889945306 89.09291009371024 80.7471165599087 86.5873744704897 104.25630140472441 128.9810285398
98.47167162614507 33.593183151503666 41.25937639457183 30.761943596625933 20.61775177450959 55.51395476389595 64.78126148399089 61.58713704226905 46.5119905503688 17.01749223788946 11.545007740929446 38.37945458055975 49.69289660603753 38.070388085327274 24.49136655481139 9.582527045682431 78.42503317254054 54.88207767649412 49.9867533745993 74.51252376839136 94.9920478840662 37.16645333485208 77.92323787029372 15.747057916718816 57.04189510912315 69.06284014816272 83.41698013833005 63.65124924828399 51.5287578244115 19.54765815736875 0.0 47.99907601964885 43.719690012205476 41.20730891928718 11.828490215763905 11.224870980541201 76.35599769526166 69.5288255897965 48.027870949792295 90.89728311292323 55.409249894757984 25.995637205407984 26.004006270718673 55.421029755291066 88.66577549747352 52.5806764251784 19.316306068218243 19.40012268819484 52.67316939312695 86.99088297566789 63.712807562566674 40.691892993633004 40.58529643241923 63.508505263571664 93.88462077303949 83.39001171217652 67.25943177248574 66.99656673818208 82.75276690494265 107.71384584905671 106.99663077326112 94.74681284291772 94.34152117050186 105.91681271440336 126.21847858555122
107.61500316343266 32.28215684737997 17.98737042154602 32.948099532216 29.03686609938846 31.104849101858303 63.75001440779829 61.98665413689877 30.111989600775235 34.72145041133357 57.334277305602726 47.96200812010986 22.839938944438984 10.121795524563208 24.069994575585056 48.6449796586018 76.13286965888055 36.363511903574405 7.136025543173817 78.43508041220406 106.64824425259025 30.835727477587795 64.4129123765691 32.67122179809774 9.25223852260387 69.47383053330998 78.3333739084236 62.33770474656427 41.48903225146282 34.2809987671462 47.99907601964885 0.0 20.97067437348097 6.920599143601634 38.58778805637859 40.020346799818014 82.46108946761233 86.26443392191891 20.637489976292528 57.14315739955111 77.86740113345984 66.47902280645268 71.90519524100625 91.19222580177026 117.71344571769782 55.648597602246774 38.472292778839275 47.52151340194802 73.6973350124101 104.87671889667853 41.65420244859587 11.441979812371477 30.35815776477851 64.08719922220948 98.42546919266086 44.47840226705687 19.2858079015791 34.06470742957364 65.90685841182294 99.60859132911082 61.8588684887437 46.93798018791559 54.54026208195832 78.36401101224016 108.17582024031972
86.6453353806875 44.07463956404894 4.024598443248933 43.395538920648505 32.09817389447828 13.695078985209909 42.8422900426514 41.0220867950817 9.246985775022527 37.50403438242117 49.58087124552927 28.839344052736855 6.036613320558204 20.887122624287464 27.338450734204084 40.166885195083715 55.513373404449275 16.855442714905394 15.818578412403584 57.47753745552353 85.70483170114301 44.31708384446313 45.43989854688166 28.79995425287661 27.621551749998236 48.56535321388264 58.098363916799904 41.42537164184273 20.637383498048518 38.70849021060671 43.719690012205476 20.97067437348097 0.0 17.959838197084157 38.903401039589916 32.93219113138529 61.49041525363497 65.89180774582967 4.393274411159355 47.857651383735906 87.43323795234852 67.65931004323433 62.49617672182638 75.02360100189145 98.72227733180327 70.0635927798759 43.2115463782506 34.93422542711277 54.48297101615592 84.32804879559754 61.39420960165459 27.166969474658945 10.08430448097167 43.129988081381015 77.54709701549314 65.00509207715902 34.50023754985292 23.446015949519882 48.00010223683654 80.33149347146725 79.23458866174741 56.77920672954294 50.640317550231984 65.57293934980257 91.81494516769996
103.88647941448262 28.826065826983736 14.240049139649738 28.95450089403355 22.80906824262586 30.20025690522076 60.47400056492425 58.44781793959737 27.146248379583334 28.613572721534027 50.42324164172868 42.63078848217513 21.52951436127409 4.344957575040659 17.673534289502555 41.725883676771815 73.39482898898895 34.567403711332126 10.10166181642155 74.89820868267675 102.60345612261956 28.13777623120808 63.12331158642753 25.784351519207302 16.167108691406135 66.17807953177015 76.05704949946475 59.05170426809992 38.45663866431223 28.499661910236107 41.20730891928718 6.920599143601634 17.959838197084157 0.0 32.161854445594855 33.099757164777586 78.72982291394617 81.37317500701975 19.081759974698826 59.7723452986284 74.12820259996677 60.51121418698558 64.98467301440665 84.73011550523677 111.93820295394282 53.75759066576417 32.869483053750386 40.81374748646304 68.16124820657306 100.10486619145948 43.456179597470076 9.389051457871215 26.128972500264037 60.59823673283833 95.16524345001366 49.90721877048153 26.17093623099736 35.6924051639804 65.25197418380306 98.16585428924687 68.53259836380171 53.578537070413944 58.646413456231656 80.0183951864033 108.4494578307742
