0.0 69.48108848856774 68.94307061969387 62.969061847973414 30.68189758034133 70.11229713909907 31.680742603586182 45.1812011383759 55.35018918268465 99.48143378024362 49.53820057028694 31.777347332011452 17.635402542944675 62.286884649664046 7.785258060053941 81.4143978776277 54.58151730429282 9.458440289476014 69.05694338881558 102.86982028413422 37.65939648444141 20.894763250024834 52.168711883515265 63.02440058915135 24.904197204635235 73.4010233148797 40.612553794159204 47.77160268610289 71.55286557168162 94.69956025640508 43.85221612622403 11.014068261427608 8.99141573534966 56.365311351020516 5.690452784629573 92.93716053158987 30.222035791165016 35.32131165265088 108.34261657665124 97.2237885554245 38.748100087542554 29.584769824662942 51.41926188512663 82.5073385937047 115.61063918144502 26.24201512851306 8.363117977016898 42.96620232537663 77.56997974672964 112.17380883800986 38.56093062152223 29.341462793875213 51.28095486646551 82.42202405620876 115.55034656270956 62.42015587078849 56.99256556325924 70.67404737459732 95.58389606167113 125.18998829375495 88.97470249435592 85.03821904158188 94.55798739472648 114.21751410669187 139.8026513974904
69.48108848856774 0.0 2.3482902867046422 9.998286128759311 39.04808627368495 4.301464981628283 63.45873687809932 25.134786672191026 51.099624341115984 34.11951856924327 22.54078769237719 52.61373519666518 52.08495191075211 10.273665780075781 61.69806829298127 12.803518765416891 15.155204880675718 66.84217302371276 5.73822952820386 33.5103651286927 51.858636392437994 48.70506567625496 24.95434601529555 15.09958981638311 44.58535631745379 8.926615709612236 67.45429997124731 22.313437787856476 17.697134671027822 30.80539988034388 27.196325455904113 59.00216020896977 64.35665141769704 32.13304146983777 64.26751813052117 23.48085487154985 53.11357889104455 34.72301074317029 42.19023113574281 28.620767531958027 105.887067623725 78.32423674381047 58.75454545173422 56.25213543257956 72.60374955967102 94.27668472486468 61.9036884513053 34.21812663668237 30.07547045398025 55.07293202133168 90.26388912978476 55.66281290751153 21.070885145316556 13.58197558995664 48.164430040578914 94.81847228061655 62.71821502145419 35.65732076704058 31.688369672073257 55.96158718345155 106.85019433605693 79.60964724370085 60.441868637918155 57.99598849786548 73.95026387139684
68.94307061969387 2.3482902867046422 0.0 11.416595651392248 38.36842763101776 6.63674232501272 61.93465796945597 25.149657797032425 52.57093601488366 35.91832374383796 23.020803479608727 53.133675637391406 51.67082787282723 11.571723283218907 61.15829030439936 14.347865695021735 15.138082746833241 66.61529465221741 3.424556418497683 34.38941157539536 50.18482429921868 48.27159046829116 25.995043408624003 16.834848132523632 44.04174777454081 11.254000081008009 65.70967128632427 22.307834909830664 15.425685683135523 32.778208389346624 27.34534683151765 58.349926283077 64.07794604811268 33.65667248681474 63.811198058314766 24.280408343034658 53.569360573682395 33.93188807703143 43.82927934024077 29.900628816814443 105.69530205796859 78.68036785113574 60.03744777673093 58.422439437182966 74.94437382520182 93.48891231031016 61.494911067671936 34.8985612497546 32.388781941014045 57.22757152113854 88.84209970466894 54.24161072608538 19.65299941250181 15.006093268331337 49.58810020529507 92.89656209158223 60.59895409418765 33.30969039294931 30.68677172801413 56.290857982199995 104.64555530419132 77.27758321640965 58.20440853216498 56.55508076953458 73.51188225509476
62.969061847973414 9.998286128759311 11.416595651392248 0.0 33.57765648836974 7.987301068450431 61.32784512761388 17.787860822544015 41.1652173822788 37.07101758763987 13.906090966711751 43.383871212260544 45.3431334967087 0.7113065980788735 55.267413808307126 18.832483767208345 9.33083463252542 59.345984439305994 14.35119917966091 40.42976952586196 50.791173238616715 42.084487848878446 15.119537651744187 5.78586357635047 38.44145519967743 10.43323924020587 66.55936832807659 15.26033912668041 25.81216769901199 32.72598589732167 19.298487605702743 53.010343677282094 57.03770295841454 22.24007805169996 57.52313416931178 30.95376877054999 44.003950062563995 29.8748771193042 45.79248578453837 34.330523088517886 98.11876134195144 69.31687104493965 48.75633058962081 48.41843462525063 68.60265103084382 88.50754010265707 55.02367725491938 24.828890480376007 24.498793575744394 54.57798375898279 87.3206245510246 53.11148309524907 20.28842406947583 19.93145794888376 52.7044422303559 94.87477917579729 64.68782125018299 41.983694669944136 41.66020792635779 64.05732695865503 109.37322628887644 84.37168068179415 68.33320851411247 67.93410987999223 83.39920982345977
30.68189758034133 39.04808627368495 38.36842763101776 33.57765648836974 0.0 40.09029278536952 31.35387491351715 16.46801896041768 43.808777927852425 70.64216974055846 21.668401979568287 27.120583594778502 14.166990168993765 32.86954377468953 22.924239012906103 51.33504654139812 24.579309853338263 29.754361818256527 38.379521939565905 72.55094485969582 25.195279844024082 10.843158857867994 26.612048315912592 34.94384639485553 6.133462470266913 43.8378732095054 38.99587407348477 18.493971550045053 41.50622072103633 66.19847906822987 16.253737691215335 19.981792184950372 26.95722064519945 34.69463408881627 25.803440455603184 62.525473073630884 26.42239357600429 4.746422210239162 79.36825854664899 67.27016895654785 68.44486319755076 46.67315169428085 45.46301230559129 65.95609520456598 95.01760946518317 55.261270424167705 23.716310368964916 21.586314522141574 52.5768466179955 86.35699655704003 54.97588470713768 23.04977376681256 20.858741106796664 52.2851119240772 86.18137626934906 67.75190598523362 45.66038713121547 44.432438364398664 65.25666742004104 94.5380565883341 88.07744962257134 72.27109444173557 71.29757418172056 85.66408879643228 109.49012359597559
70.11229713909907 4.301464981628283 6.63674232501272 7.987301068450431 40.09029278536952 0.0 65.94720904611192 25.113947124884035 48.138539923839495 31.450454519062376 21.722670674282153 51.37095561858851 52.55524889057007 8.509074530510409 62.35759330748399 11.302234009416313 15.562121054919766 66.908881260566 10.039691801516426 32.839033039086814 54.66114605058563 49.22941854970198 23.007014425284815 11.992850959935662 45.337244528002365 4.939954921411726 70.35953580609183 22.401742179751487 21.97835888269766 27.731571450075936 26.88602290271775 59.878882791790026 64.52673905782127 29.17042405727317 64.76441381014469 23.145279224795594 51.985662752011706 36.00783834017894 39.837977023709925 27.187761787348865 105.81048942517744 77.2950221127715 56.106903448595034 52.11767634253504 68.40557844135712 95.32004825008497 62.32146479961052 32.81557903238895 25.77990217351379 51.450834408654686 92.51220239170566 57.97765371314402 23.64662899278081 12.31956936336379 46.2518595281577 98.04936438156479 66.38433949204527 39.93641139921792 34.31890343759716 56.17375777900777 110.68587065012706 83.78735890460143 64.68434289654773 61.17671186667156 75.4711805200982
31.680742603586182 63.45873687809932 61.93465796945597 61.32784512761388 31.35387491351715 65.94720904611192 0.0 46.673280437062374 73.53109955266311 97.38993231432445 51.986223512160734 52.53943555727534 31.720775797841558 60.63535922120734 29.18907131212103 76.23621400589467 52.046495614023044 39.02476257779534 60.46432483023656 95.48105526115381 12.673508505649862 31.740377064313677 57.62710259130254 64.19727814444728 30.777705704721253 70.51944650975408 9.316039063036863 47.928131466064265 57.44850118795646 93.58230170490432 47.11482386745402 25.88735578834351 36.76383589146473 66.04810415667123 32.03795452670062 85.43942066631378 51.25280472210333 32.94136730042228 105.63568894290528 91.7670803087202 66.04024928266047 60.498298061259305 73.16800567570269 97.16920027911812 126.1940305657159 41.770454772853896 32.6726343458055 52.773721778402226 83.05097782291799 115.77866234883271 27.183402936381906 8.419834563983503 42.399339681324825 76.93743282161132 111.51630959361086 36.65885009303655 25.889741530612643 48.903256569026944 80.66982490089792 114.09888323506753 59.661865058148365 53.53150581310025 67.57592163450083 93.07087273520084 123.09617627369553
45.1812011383759 25.134786672191026 25.149657797032425 17.787860822544015 16.46801896041768 25.113947124884035 46.673280437062374 0.0 35.74590670705107 54.57140214840093 5.321262190549644 28.846579788784748 27.55701539388683 17.10651504617389 37.48438432119953 36.37561261433722 10.017252684633398 41.81710789244757 26.29050378613808 57.952051486108914 38.05073496653435 24.299064517295346 11.36601328157689 18.504515488715814 20.780236567315814 28.220150593875257 53.29935199749696 2.8425820122790304 33.47493793302392 49.98141251486687 2.603922985716258 35.31092207650953 39.414106298017245 21.18398626811006 39.745019476262506 48.20462876397231 29.04758315240157 13.751734540056567 63.378197037476816 52.0783194051841 80.79753665213 53.76997797282811 40.607894870151966 52.93027218152193 79.68091548861787 70.79223063395757 37.26176084367775 12.656579063488008 36.425134665863446 69.91597204246858 71.3247725354414 38.254763910781286 15.312757914080846 37.421704350353316 70.43534032335465 82.19055530374442 55.82267150792944 43.26513073282391 54.976267886495656 81.04150871043277 100.07815546229544 79.66539491468863 71.21985519343079 78.69380587166835 98.52876266449229
55.35018918268465 51.099624341115984 52.57093601488366 41.1652173822788 43.808777927852425 48.138539923839495 73.53109955266311 35.74590670705107 0.0 63.14121399654789 33.20063584812072 23.578084722031484 42.969429625971586 41.00273104136977 50.467242557940054 55.7913787409132 41.24880099658393 46.81801268735872 55.32989798635286 74.52165472717176 68.99834496625766 42.057298364229105 27.52931360128043 36.15687478884377 42.82061788933848 47.39255261282743 82.04882475027615 37.23145082493711 65.87379880769197 57.910010770089926 33.459688696813785 51.32082576591628 46.40817269107574 18.982570117093715 50.204345481477475 67.36885987129892 25.133081444959995 44.77803761009571 71.22012955994623 66.9740736538792 76.94743381248557 42.50574040156367 9.349982826457333 27.62173429831924 61.91406986668598 80.00429786771836 47.77144059545892 23.630022583517043 35.064083756319285 65.5396562671666 92.03133258653887 65.81930709693482 50.88615632620538 56.933516800836664 79.2985149632053 110.12731153388573 89.20107796382536 78.61535545209752 82.45392747855703 99.05382597615692 131.81522737106314 114.69897977449135 106.44759710230225 109.09151696396242 121.92399433253496
99.48143378024362 34.11951856924327 35.91832374383796 37.07101758763987 70.64216974055846 31.450454519062376 97.38993231432445 54.57140214840093 63.14121399654789 0.0 49.95663778445373 75.57470080744562 81.87637029717345 37.78077598317991 91.89657518538513 21.72163386870749 46.25160144581296 94.92666588116975 38.14159163129827 16.721699572502146 85.96060176394585 78.73655931275806 47.89992851160978 36.46713911723566 75.35003824234994 27.036743467897352 101.57378977942372 52.225653804664596 46.59162997371841 5.267025367951939 55.66629250194156 89.87523277783166 92.87537592901903 47.828683819503844 93.91096211494795 18.693860169538123 76.60476988226446 66.90918712127018 8.884457648696447 11.062031117374143 132.75434283306672 101.18995543603825 72.45625459346898 51.528834538654756 49.5514173346527 125.32963171667325 91.32818210500952 58.04311983668109 28.142802417781798 24.6956990072289 123.93686287093027 89.42516501152214 55.02933356868614 21.317791287378554 16.59886003443238 128.77198320031283 95.95570213016423 65.01999617007193 40.52817600792739 38.109004416728816 139.18721005554852 109.41972856032835 83.46886540528058 66.00153731812934 64.3438521472236
49.53820057028694 22.54078769237719 23.020803479608727 13.906090966711751 21.668401979568287 21.722670674282153 51.986223512160734 5.321262190549644 33.20063584812072 49.95663778445373 0.0 30.115422553975055 31.92126397742951 13.292551871303735 41.94015846989383 32.73857374542529 8.609671082547818 45.51139546994618 24.78656116488857 54.33276857329455 43.18996605375364 28.789569134433428 6.655138067179751 13.572355522777917 25.61472446587271 24.20176313981433 58.53309981300131 4.709871420743871 33.581447761368814 45.24122781121709 5.724759973164827 40.01137698462728 43.26153051682998 16.910604150380955 43.9972611384871 44.83158608618852 30.579542804740484 19.072624957157934 58.809251381684916 48.12647781927241 84.2173399670334 55.78839313514982 39.07626221433862 48.3362051852201 74.43553047812134 75.39735358287939 41.44245923548319 12.04350731352528 31.104129148971065 64.68956463434513 76.59766708299594 43.56883287460479 18.00367788240221 33.83593149835873 66.03375445341148 87.40637817528955 60.4535503706358 45.43350098125903 53.55920764299469 77.89601329909212 104.89364424213463 83.58553912573228 73.24723703479977 78.34872526690121 96.47091480487508
31.777347332011452 52.61373519666518 53.133675637391406 43.383871212260544 27.120583594778502 51.37095561858851 52.53943555727534 28.846579788784748 23.578084722031484 75.57470080744562 30.115422553975055 0.0 20.861318376710635 42.87560034213875 27.104161980271584 61.79976532074982 38.315882179516414 23.458479691469435 54.76363887637211 83.01735614569581 50.59482062123142 21.02357047966907 28.739519606762247 40.81972826654217 23.53562494059558 52.910468426657985 61.570245280871625 31.54323554414485 62.25513322355318 70.39838312013535 26.32186455919654 28.413386197998648 22.858673037999566 28.229200360429747 26.646404637346013 74.06165518028016 1.5553418104374885 30.199311811310757 84.34917572872216 76.17985641566071 57.59582556362103 26.037681503638307 20.820475813268086 50.83181274934584 84.43402028130879 56.80622539640214 24.25815898616557 18.569347881104804 49.960328799842735 83.91721871291011 68.81228725278092 45.63765867596582 42.72333141060611 62.949125087094934 92.1668258972562 88.55362185608735 71.83932165679727 69.81972700845073 83.56711299529884 107.17692111033433 112.0116473077355 99.10882290101564 97.4329473138963 107.51032726920428 126.5639463467562
17.635402542944675 52.08495191075211 51.67082787282723 45.3431334967087 14.166990168993765 52.55524889057007 31.720775797841558 27.55701539388683 42.969429625971586 81.87637029717345 31.92126397742951 20.861318376710635 0.0 44.66332454560023 10.038057675851467 63.8525432853922 37.06980722063313 15.590415792589553 52.01621470735471 85.36025651877134 31.21149196047334 3.416399437393158 34.859674436202745 45.439194657320556 8.033981537947648 55.776215938154 40.83615134716693 30.175500021036644 55.66870035832467 77.12663214288726 26.224252371804948 8.9014295150303 12.792480247111133 40.09547255259412 12.209479379708498 75.48282752204541 19.54244653273106 18.904876647579282 90.73049718730752 79.62331210356433 54.38198391737212 33.87188919758072 41.61782038754307 68.64120091211952 100.42917575954009 43.55318837771622 9.824331965617986 26.287046044565333 60.66592199412874 95.20794821602244 49.3972643870213 25.1940843433847 34.9891053438768 64.87354275394175 97.91710297811663 67.72737806738398 52.55423159289952 57.720867025819764 79.348922080033 107.96113232053914 91.30981247747658 80.48609791288209 83.7452737167512 99.7158893655567 123.5636480516275
62.286884649664046 10.273665780075781 11.571723283218907 0.7113065980788735 32.86954377468953 8.509074530510409 60.63535922120734 17.10651504617389 41.00273104136977 37.78077598317991 13.292551871303735 42.87560034213875 44.66332454560023 0.0 54.58149721092109 19.454031196682394 8.626462217593618 58.699766330772235 14.405369841092986 41.05776152153882 50.124951875503235 41.39994739662707 14.730703893505698 6.001009060960771 37.74428360357343 11.114275380749088 65.89162503583458 14.56487564318186 25.726276073343207 33.437168478871136 18.6453917815871 52.31400225056333 56.38277606539269 22.116691230966772 56.84680682451898 31.545672124801143 43.47957513707504 29.163570521225328 46.49973108141168 34.995097415114415 97.49287860677903 68.78679554005292 48.50978214246454 48.678419741276294 69.14327151399488 87.81120286405607 54.351220429972265 24.33415940340261 25.001915996627083 55.25295133404217 86.61451235965409 52.41411694988533 19.678869612380083 20.54576628172657 53.40272899658199 94.22670818122978 64.11855110096188 41.69568983066898 41.960676839676886 64.63506901400943 108.81417604004534 83.93940474516215 68.16077618465474 68.1228899318148 83.8470860357065
7.785258060053941 61.69806829298127 61.15829030439936 55.267413808307126 22.924239012906103 62.35759330748399 29.18907131212103 37.48438432119953 50.467242557940054 91.89657518538513 41.94015846989383 27.104161980271584 10.038057675851467 54.58149721092109 0.0 73.65969853140552 46.817000028161864 10.142945366643628 61.28749573513202 95.0979244720905 32.721891613313254 13.18678563553794 44.85196520126763 55.47101099974147 17.11895568418575 65.69490691043703 38.48004628240196 40.04470757377469 63.991957191088105 87.1593883843266 36.232716097222216 4.051156476607506 7.6203064374589875 49.65559360183296 3.4674397094867957 85.15741284390627 25.583846486673334 27.58915670946978 100.74532421849877 89.48802258214936 45.986609422623246 31.537166628499467 47.636670656931976 77.0632648082936 109.55855079890415 33.51791208812579 3.5170697655802674 36.00199066790477 70.53205716333791 105.11067046998575 41.71507116487944 24.968153951086958 43.60633489686901 74.66229541324662 107.89924212427849 62.966842987388226 53.175885146253385 63.916547344544405 87.96461848487029 117.40963334118175 88.30261705522366 81.3943608441914 88.58586736326394 107.07284405970447 132.19854798062642
81.4143978776277 12.803518765416891 14.347865695021735 18.832483767208345 51.33504654139812 11.302234009416313 76.23621400589467 36.37561261433722 55.7913787409132 21.72163386870749 32.73857374542529 61.79976532074982 63.8525432853922 19.454031196682394 73.65969853140552 0.0 26.85591969367714 78.1227495140317 16.420361301278483 21.607393522280315 64.5326024394524 60.5302886221086 33.085158025162855 21.113713170126935 56.632350462095594 8.919022021734946 80.04591697842017 33.68753595516076 25.658217452226655 19.124986874777147 38.06585454511864 71.16532825104164 75.77078088934317 37.32856626768384 76.06105586966483 12.263947051142733 62.5192476568356 47.17402970945775 29.48265661781829 15.952007420915 116.94687781065845 87.8246672392689 64.37832018866776 54.50467902478706 64.74370975010135 106.58662353294052 73.61114338197582 43.25890461620778 26.81241340170903 44.286775471376785 103.0668237052152 68.46493161097663 33.86706324009116 1.167683484783071 35.363871353864724 107.06446670449668 74.295043660431 44.40208695803159 28.603766752837302 45.38330035766931 117.81659393393244 88.96894134364663 65.916517845144 56.29648489423226 66.24494836878746
54.58151730429282 15.155204880675718 15.138082746833241 9.33083463252542 24.579309853338263 15.562121054919766 52.046495614023044 10.017252684633398 41.24880099658393 46.25160144581296 8.609671082547818 38.315882179516414 37.06980722063313 8.626462217593618 46.817000028161864 26.85591969367714 0.0 51.69543730055504 16.458240887875643 48.29568746297555 41.73781768041337 33.71983176561113 13.763352724980075 12.686344527533118 29.776574199865802 19.296063626173535 57.479268747914304 7.1792186877820905 25.0056066541677 42.00845328287575 12.229338095056738 44.31725811893345 49.22847841141043 23.6335298832583 49.27594096962949 38.421578285753036 38.65681466644323 20.665921669095905 54.896854754872486 42.74473481966827 90.7324209559771 63.62976778443668 47.5387619596031 53.53439860820717 76.59465506885155 79.7682169741004 46.86701873695359 20.613438918773177 32.37526363836555 63.767146243453944 77.99079891966616 43.802850690297774 12.23386917733422 27.847768232134847 61.613161337285725 85.97195519269835 56.703440259962754 37.87097572329039 45.254492317146585 71.1094575643701 101.4333805469352 78.01419284358765 65.41001206864837 69.75311370830758 88.58496409723645
9.458440289476014 66.84217302371276 66.61529465221741 59.345984439305994 29.754361818256527 66.908881260566 39.02476257779534 41.81710789244757 46.81801268735872 94.92666588116975 45.51139546994618 23.458479691469435 15.590415792589553 58.699766330772235 10.142945366643628 78.1227495140317 51.69543730055504 0.0 67.19166629419499 99.72596481607793 42.81777797187072 18.931449370192368 47.06408517182351 58.5906300548883 23.621031301769 69.70867729438545 48.24740160647074 44.587432364569054 71.2436305565472 89.97094614120736 40.05919556857902 14.072294056472293 2.9018872916213905 49.85482731747064 6.993698761435703 90.02110738942474 21.927455000464356 34.48624257626249 103.8107356859912 93.6367873278909 39.08659116444136 21.488810428254876 42.315738721879846 74.2584669826199 107.85575320020001 33.35643210904043 7.104028000534069 37.190541313144266 71.48887333725312 105.98601397068562 48.019370477367154 35.110239102002325 50.541350135768006 79.18937739348088 111.27586056363225 71.46550766516778 63.31260895780712 72.83151611578904 94.84275747190415 122.80327017481426 97.55443886122409 91.5291281881794 98.1477648032704 115.25222699132375 139.02466533930757
69.05694338881558 5.73822952820386 3.424556418497683 14.35119917966091 38.379521939565905 10.039691801516426 60.46432483023656 26.29050378613808 55.32989798635286 38.14159163129827 24.78656116488857 54.76363887637211 52.01621470735471 14.405369841092986 61.28749573513202 16.420361301278483 16.458240887875643 67.19166629419499 0.0 35.20536135925385 48.47041434922966 48.60159236396817 28.377537773577266 19.951144570053664 44.22692863967975 14.525787543940504 63.8313481861715 23.465099635324787 12.007103199768116 35.30251630930254 28.63730286923027 58.31650928575488 64.58513257529896 36.50756174329331 64.05842688172618 25.088621159159658 55.114994797224895 33.80295184098169 45.76506233600341 31.352794434337294 106.26901983558938 80.04525834778129 62.57928137056588 61.80512759649812 78.21998085603505 93.184616536266 61.81823448441579 36.802851338019806 35.80837911735721 60.040524314802965 87.51174729053427 52.97024840301496 18.66125948800953 16.89651097876809 51.16244373178162 90.65297965198005 57.96862089852564 29.96001726576104 28.804298240272267 56.183768977650026 101.79543771789108 74.06081050028678 54.795057337336715 53.988842471235905 72.26267404649701
102.86982028413422 33.5103651286927 34.38941157539536 40.42976952586196 72.55094485969582 32.839033039086814 95.48105526115381 57.952051486108914 74.52165472717176 16.721699572502146 54.33276857329455 83.01735614569581 85.36025651877134 41.05776152153882 95.0979244720905 21.607393522280315 48.29568746297555 99.72596481607793 35.20536135925385 0.0 83.24393992154057 82.01540529176857 54.293372161932744 42.20149728462183 78.01462625586629 30.249853683877102 98.21012001016676 55.23679268099343 39.6109228750967 19.961914008721756 59.67182954894077 92.48497904645552 97.36166806512233 57.133789714537926 97.56863658576157 10.129434059556683 83.81017056331173 68.22836253766516 17.324160061005063 7.667287532543162 138.54852812976384 109.05119235052716 83.56676423835123 66.85371528510619 65.9561069313108 127.78697484162846 95.1438189208501 64.57561286116278 41.01830607292976 39.872562616168565 122.60878862481867 88.13443316801292 53.82652134592931 20.5368770554972 18.468488483141307 123.71734492656793 89.65619137585196 56.26127887923838 26.21598717038228 24.577878239576936 130.95302371560177 99.31764052589403 70.52733931332418 49.789858758927224 48.77260557434698
37.65939648444141 51.858636392437994 50.18482429921868 50.791173238616715 25.195279844024082 54.66114605058563 12.673508505649862 38.05073496653435 68.99834496625766 85.96060176394585 43.18996605375364 50.59482062123142 31.21149196047334 50.124951875503235 32.721891613313254 64.5326024394524 41.73781768041337 42.81777797187072 48.47041434922966 83.24393992154057 0.0 29.87346716829872 49.388699771788346 54.28950107038816 27.115022120957484 59.39006171542737 15.77148731404389 38.74103106293798 44.84935475574416 82.39261341047612 39.05320687932335 28.745512633243372 40.11162998189647 58.70487310725948 36.09693127716469 73.26457960210274 49.56052133612039 25.04466079698649 94.011556038692 79.82286329458071 74.97022229612557 63.860358066426905 70.21774086320013 90.43059011827016 117.55690886308055 52.88361634603641 35.77988044793232 46.46022457810661 73.7003035716929 105.35533531912213 39.72800307547664 8.54499058770479 31.025358484201064 65.16887480341748 99.63054243715277 44.33413711436694 21.369731004186857 36.6423378837401 67.99634020140412 101.48492237032451 62.91469834934605 49.306424829446094 57.435135929777005 81.00168638623853 110.53758909242983
20.894763250024834 48.70506567625496 48.27159046829116 42.084487848878446 10.843158857867994 49.22941854970198 31.740377064313677 24.299064517295346 42.057298364229105 78.73655931275806 28.789569134433428 21.02357047966907 3.416399437393158 41.39994739662707 13.18678563553794 60.5302886221086 33.71983176561113 18.931449370192368 48.60159236396817 82.01540529176857 29.87346716829872 0.0 32.033384435639455 42.344263562913845 4.730678472783908 52.51407148750649 40.63213925311146 26.876841072129626 52.31224041138366 74.02829581470449 23.0717881476454 11.398390617297432 16.166363708855393 37.81044692189361 15.564154219331192 72.1197788646911 19.861092352783363 15.56037962839797 87.57804312530523 76.32919888444302 57.791082544026004 36.49147954240008 41.4521152946532 67.08023979641352 98.36701787072272 46.609187858973705 13.226849878578262 23.92355170038374 58.00497131816678 92.47524356642465 51.06395210506149 24.61842678440725 31.614107941467356 61.54414558135202 94.71408047537896 68.15509404862058 51.234320095907734 54.7686026508236 75.95426048943892 104.56244595875818 91.02235505153072 78.93985000617532 81.07197781815142 96.48091067031389 120.16322867272308
52.168711883515265 24.95434601529555 25.995043408624003 15.119537651744187 26.612048315912592 23.007014425284815 57.62710259130254 11.36601328157689 27.52931360128043 47.89992851160978 6.655138067179751 28.739519606762247 34.859674436202745 14.730703893505698 44.85196520126763 33.085158025162855 13.763352724980075 47.06408517182351 28.377537773577266 54.293372161932744 49.388699771788346 32.033384435639455 0.0 12.093860594147971 29.59203872669508 24.180842516534575 64.53092327678515 11.355383080325135 38.40549222904542 42.910849475474656 10.51410692757952 43.430635170797935 45.09723553064761 10.291827987026254 46.507626524403065 45.34892140952917 29.517097146556964 24.746162534183576 56.779096544895424 47.553929080664346 84.98864620016785 54.776876661227476 34.24580897338595 41.71184040258192 68.56976599949907 78.33833617651602 43.86695599443024 10.323693203338408 26.147683536641665 60.46220279762811 81.48271210616025 49.2161608049397 24.492301201943384 34.239733844259476 64.34042392615429 93.43796665423953 67.03909021933764 51.50368502743193 56.61999183415788 78.44629582617004 111.40215001516825 90.22315858816897 79.15005214127433 82.36489698449385 98.47819478902233
63.02440058915135 15.09958981638311 16.834848132523632 5.78586357635047 34.94384639485553 11.992850959935662 64.19727814444728 18.504515488715814 36.15687478884377 36.46713911723566 13.572355522777917 40.81972826654217 45.439194657320556 6.001009060960771 55.47101099974147 21.113713170126935 12.686344527533118 58.5906300548883 19.951144570053664 42.20149728462183 54.28950107038816 42.344263562913845 12.093860594147971 0.0 39.16696044525254 12.196633201113642 69.985489974465 16.54960525497928 31.56709267772443 31.688515011010228 19.296486067329102 53.58368718381996 56.468264857368624 17.18075058269992 57.445165850477586 33.35791065925689 41.610494984445694 31.800024527124673 45.34006515022684 35.48547744488298 96.88254687716594 66.85663374751232 44.13858132942762 42.6783615823778 63.949151932085236 88.95286569639838 54.86106217584223 22.39891899531582 19.711382573592584 51.67414474837668 89.5734671039423 55.852588720574644 24.707626317022175 22.277149805109257 52.696541465718916 98.58297331206334 69.27575148055774 47.691443414544835 46.310201071474495 66.40491388592389 114.00923262396661 89.71339875643667 74.11907071619598 73.03104345577276 86.9953097000606
24.904197204635235 44.58535631745379 44.04174777454081 38.44145519967743 6.133462470266913 45.337244528002365 30.777705704721253 20.780236567315814 42.82061788933848 75.35003824234994 25.61472446587271 23.53562494059558 8.033981537947648 37.74428360357343 17.11895568418575 56.632350462095594 29.776574199865802 23.621031301769 44.22692863967975 78.01462625586629 27.115022120957484 4.730678472783908 29.59203872669508 39.16696044525254 0.0 48.82980420599396 39.23503489529354 23.18206481941773 47.635746427138564 70.75271773651032 19.9165847462028 14.571638149638973 20.825582454754866 36.407469469272094 19.834186071567974 68.0529794256644 22.57919746303307 10.871649549899844 84.14911212563274 72.50905958578922 62.35762163461504 40.9979069338133 43.220473380507215 66.7084388568425 97.091955684625 50.06767983232147 17.658150933309987 22.620795619389078 55.73547222370731 89.97798454604253 52.21443590311361 23.008033861796967 26.967388359230505 57.61908151701083 91.14562623551247 67.43281627031035 48.306251225573654 50.14594568055443 71.34809452436492 100.30602214519747 89.27026875242188 75.65764941985344 76.6402328669435 91.75029709737115 115.57359163622726
73.4010233148797 8.926615709612236 11.254000081008009 10.43323924020587 43.8378732095054 4.939954921411726 70.51944650975408 28.220150593875257 47.39255261282743 27.036743467897352 24.20176313981433 52.910468426657985 55.776215938154 11.114275380749088 65.69490691043703 8.919022021734946 19.296063626173535 69.70867729438545 14.525787543940504 30.249853683877102 59.39006171542737 52.51407148750649 24.180842516534575 12.196633201113642 48.82980420599396 0.0 75.11734095244948 25.665052554069987 26.176351518085337 23.063424993807306 29.699517526749606 63.40144096179176 67.43038542012802 28.686859535587217 67.95588449089492 21.17501712007133 53.64984957187607 39.95554051491822 35.61370319598651 23.929609511118784 108.38047723278645 78.94285734003647 55.789156445503885 48.864031785117405 63.700593415809735 98.89619709873513 65.45361264649632 34.39097347765249 21.820832835553098 46.523160632372246 96.92933320272576 62.470422801328134 28.366621858002944 10.081178856183994 42.3491265490784 102.91192066859209 71.32413060759501 44.47730106418094 35.55502110117165 54.2671102395395 115.61614353081117 88.53158179073411 68.58109522349248 62.95768094817179 74.95832095161634
40.612553794159204 67.45429997124731 65.70967128632427 66.55936832807659 38.99587407348477 70.35953580609183 9.316039063036863 53.29935199749696 82.04882475027615 101.57378977942372 58.53309981300131 61.570245280871625 40.83615134716693 65.89162503583458 38.48004628240196 80.04591697842017 57.479268747914304 48.24740160647074 63.8313481861715 98.21012001016676 15.77148731404389 40.63213925311146 64.53092327678515 69.985489974465 39.23503489529354 75.11734095244948 0.0 54.20391389582138 59.12211758929316 98.08668187093501 54.062956187623904 35.20339023136117 46.03521063679392 73.45698608818128 41.274044039060755 88.34423791740502 60.31903228482123 39.834493249834495 109.52408327961288 95.13217869574642 73.29330054848079 69.69182479034347 82.07773013783142 104.93482705693013 132.96857851888225 47.41226030079098 41.97163024780606 60.58163839467214 89.29431068657183 121.12652383148456 27.126248810275147 16.229517653992772 46.7526737841793 80.64167137730601 114.95737128527087 28.908939769078934 19.036135882591488 47.789869030631394 81.24172657170162 115.37510187335883 50.47372597989238 45.37117778110865 62.96273915978351 90.91141436225338 122.31222337993813
47.77160268610289 22.313437787856476 22.307834909830664 15.26033912668041 18.493971550045053 22.401742179751487 47.928131466064265 2.8425820122790304 37.23145082493711 52.225653804664596 4.709871420743871 31.54323554414485 30.175500021036644 14.56487564318186 40.04470757377469 33.68753595516076 7.1792186877820905 44.587432364569054 23.465099635324787 55.23679268099343 38.74103106293798 26.876841072129626 11.355383080325135 16.54960525497928 23.18206481941773 25.665052554069987 54.20391389582138 0.0 30.913364108210807 47.72238585291242 5.224912875922943 37.750065682882955 42.1580089777392 21.570349424137643 42.38027840233016 45.44922290789422 31.786452905797375 15.262940738071466 60.99701582224381 49.45290320911313 83.59379513216936 56.58405808156975 42.548885267077104 53.046004661638825 78.81731121970037 73.24723111100177 39.923618884282924 14.747341942636076 35.15569817471324 68.18513330713267 73.03323557574217 39.53327086023178 13.66588399028676 34.72008265676465 67.96368712954556 83.03020097294427 55.755805865518305 41.45149306775508 52.17818934734075 78.2414301086252 100.22749128976447 78.93857012770994 69.36718012803556 76.07281700374202 95.69274411787083
71.55286557168162 17.697134671027822 15.425685683135523 25.81216769901199 41.50622072103633 21.97835888269766 57.44850118795646 33.47493793302392 65.87379880769197 46.59162997371841 33.581447761368814 62.25513322355318 55.66870035832467 25.726276073343207 63.991957191088105 25.658217452226655 25.0056066541677 71.2436305565472 12.007103199768116 39.6109228750967 44.84935475574416 52.31224041138366 38.40549222904542 31.56709267772443 47.635746427138564 26.176351518085337 59.12211758929316 30.913364108210807 0.0 44.67386850120283 36.05405243283625 60.54803686866411 68.46109391226476 47.423278550405826 67.0947357383553 30.261631015599633 62.3571499844304 36.76410118060706 53.16979385336062 37.87963348436082 109.87079424084791 86.4133113023124 72.50989262913997 73.77576774152999 89.5700759201288 93.91065572509827 65.15185880827198 45.443766509893024 47.7527474058137 69.93090601936035 84.5771140368937 50.93278758851455 20.733048124778726 25.69862871694313 57.322155853447995 84.10658496000184 50.15483579190251 18.760298499329803 24.150390744536658 56.651436639287624 92.6342487680891 63.31544302570689 42.79496403131296 45.26361572185965 68.27154026970001
94.69956025640508 30.80539988034388 32.778208389346624 32.72598589732167 66.19847906822987 27.731571450075936 93.58230170490432 49.98141251486687 57.910010770089926 5.267025367951939 45.24122781121709 70.39838312013535 77.12663214288726 33.437168478871136 87.1593883843266 19.124986874777147 42.00845328287575 89.97094614120736 35.30251630930254 19.961914008721756 82.39261341047612 74.02829581470449 42.910849475474656 31.688515011010228 70.75271773651032 23.063424993807306 98.08668187093501 47.72238585291242 44.67386850120283 0.0 50.96408836898811 85.23384820418957 87.96139560888439 42.587104623610585 89.10368716588863 19.289775908197885 71.44444130951788 62.598080793879376 13.954389671203105 12.992124889659873 127.6554392843797 95.96688356353478 67.21748273881452 47.13335247164621 48.163591334059376 120.63741103306111 86.50517530648115 52.988249949709946 22.961114406744848 25.328240782369665 119.92389017581068 85.51654077476945 51.37382786704714 18.981932617518623 21.82222432940748 125.62238859402555 93.27085669784756 63.34624211474896 41.483316648199086 42.7060911349498 136.9344363123328 107.89896848356516 83.23523224700189 67.8880645940997 68.44153478065637
43.85221612622403 27.196325455904113 27.34534683151765 19.298487605702743 16.253737691215335 26.88602290271775 47.11482386745402 2.603922985716258 33.459688696813785 55.66629250194156 5.724759973164827 26.32186455919654 26.224252371804948 18.6453917815871 36.232716097222216 38.06585454511864 12.229338095056738 40.05919556857902 28.63730286923027 59.67182954894077 39.05320687932335 23.0717881476454 10.51410692757952 19.296486067329102 19.9165847462028 29.699517526749606 54.062956187623904 5.224912875922943 36.05405243283625 50.96408836898811 0.0 34.28733793674187 37.73925373806329 19.732680977042136 38.33438047235796 50.02835142771888 26.562232591020845 14.243867449770509 64.51262402348004 53.62275167449796 78.92490344232208 51.411858145962086 38.1056923662665 51.533816875826524 79.08382028530178 69.67670627615735 35.798104111483674 10.149754175857135 36.323314180820965 70.2182397080513 71.22669182177866 38.702669643642594 17.81571839496299 39.13759293950514 71.70042339470307 82.97181807167125 57.37894990264245 45.773118734921795 57.38315183900804 82.9776297577601 101.42969387909106 81.63787817134963 73.73093655907665 81.25580817625273 100.81423124035418
11.014068261427608 59.00216020896977 58.349926283077 53.010343677282094 19.981792184950372 59.878882791790026 25.88735578834351 35.31092207650953 51.32082576591628 89.87523277783166 40.01137698462728 28.413386197998648 8.9014295150303 52.31400225056333 4.051156476607506 71.16532825104164 44.31725811893345 14.072294056472293 58.31650928575488 92.48497904645552 28.745512633243372 11.398390617297432 43.430635170797935 53.58368718381996 14.571638149638973 63.40144096179176 35.20339023136117 37.750065682882955 60.54803686866411 85.23384820418957 34.28733793674187 0.0 11.400595085593627 48.97988612458713 7.514887020067843 82.48301483515239 26.95468301720038 24.51534566854326 98.68873914667343 87.0606211235928 49.66907248558975 35.29932916792272 49.192463140492606 77.3859427264752 109.32565913066144 35.49721871119908 7.081810545775563 35.14406031267255 69.38956218468752 103.87286043686935 40.74909430166192 21.140347321714803 40.35078079597367 72.14085086959592 105.71312522391428 60.56651221242152 49.358957638882735 59.99264540002067 84.59748701773051 114.49523405096348 85.34271677501015 77.57715898540735 84.54459153568334 103.30583909095954 128.80660266147882
8.99141573534966 64.35665141769704 64.07794604811268 57.03770295841454 26.95722064519945 64.52673905782127 36.76383589146473 39.414106298017245 46.40817269107574 92.87537592901903 43.26153051682998 22.858673037999566 12.792480247111133 56.38277606539269 7.6203064374589875 75.77078088934317 49.22847841141043 2.9018872916213905 64.58513257529896 97.36166806512233 40.11162998189647 16.166363708855393 45.09723553064761 56.468264857368624 20.825582454754866 67.43038542012802 46.03521063679392 42.1580089777392 68.46109391226476 87.96139560888439 37.73925373806329 11.400595085593627 0.0 48.368848669349255 4.914115103822566 87.60722843758555 21.305288551478714 31.697082203828657 101.75924092545308 91.35844649158061 41.69101712534511 23.929747464773357 42.44959218372419 73.66237911796864 106.9820895084339 34.33866728396341 4.331804120216889 35.40111630464338 69.87537189075343 104.43538773180214 47.20016303047994 32.52467323869342 47.77747337842728 76.82677377893944 109.16433936549082 69.88715999002827 60.74407761020018 69.93034137271415 92.11647067698672 120.31382937377793 95.64555391409876 88.96392477716456 95.26692291313684 112.39080055989945 136.3168964353835
56.365311351020516 32.13304146983777 33.65667248681474 22.24007805169996 34.69463408881627 29.17042405727317 66.04810415667123 21.18398626811006 18.982570117093715 47.828683819503844 16.910604150380955 28.229200360429747 40.09547255259412 22.116691230966772 49.65559360183296 37.32856626768384 23.6335298832583 49.85482731747064 36.50756174329331 57.133789714537926 58.70487310725948 37.81044692189361 10.291827987026254 17.18075058269992 36.407469469272094 28.686859535587217 73.45698608818128 21.570349424137643 47.423278550405826 42.587104623610585 19.732680977042136 48.97988612458713 48.368848669349255 0.0 50.69388856763932 49.24692182676147 29.428441697677695 33.704718270834164 56.47410152212382 49.82102390841448 85.82350523558073 53.410944812638135 27.104011674823298 31.802033274960596 60.687351568568374 82.54648322489983 48.02131262856 13.893347411254839 21.791232180994037 56.13861914580231 88.5948178394077 57.72049413695155 34.77216255823195 38.48876829814972 64.40886143813711 102.32777917037036 77.00322778666249 61.50449988641534 63.48931911413293 81.69313003726951 121.15927449356134 100.49588197390555 88.96053937108651 90.12899429992943 103.57217984751838
