0.0 41.44409346413074 3.7695428957974024 34.59759615005498 8.535679176943654 50.65981843038857 64.2942760432255 67.41498200263084 20.63721177196086 34.132126086061184 62.785311950577906 10.625317963408467 55.603721794717394 67.96613875311988 7.757274545286151 70.42212118808321 41.98552135463626 34.006173411953355 17.441466883270195 104.14313313882073 5.31310404176535 31.897285988590465 3.1022328044385374 42.06122899096863 28.837211850912 51.5198556255349 36.06063080341416 64.41113289022653 72.25710287623733 35.91111659038285 55.92608459396736 7.147803660614351 51.03736691226217 35.494389453293294 3.4030757248423344 61.00202475630896 38.65628529496356 35.874061694491196 43.749982056969095 94.8894680437088 124.62035091139458 93.47281784546314 65.87043827991435 48.32672917553452 52.21917289346449 116.81075287235734 82.8796077241899 49.88139793680786 22.408155608330713 30.181850665088312 115.46424875355657 80.98855906566459 46.702823418657054 14.07173718867203 24.692649032807964 120.79723536414063 88.36027096330633 58.463081797150544 37.72473218264183 42.69903910280506 132.00233963532338 103.02489923710255 78.73002662433983 64.6334229405829 67.46344692229165
41.44409346413074 0.0 43.43250332036223 9.525419573323823 49.577151824962066 11.534339832417729 24.31417140258572 53.18700544392204 23.402478655248633 20.20079739161384 22.97669217402889 52.06811933101118 60.45101696189785 40.00036760892337 33.71196311824207 34.46707403076876 12.82586586315377 11.780222886399308 41.423995786093286 70.02282614079499 45.65363110459339 9.578230191295395 44.53894701778184 2.8771021948656204 15.956489730855894 14.576342543921628 22.703275059609705 56.58935391570644 30.84915398464949 9.442210660917137 14.95056433389321 48.29830819170005 54.1728379306232 9.589499447733148 43.8810059655801 22.07244776314463 18.13931289722946 15.681711219731614 39.52075099786223 63.94554638371844 97.97301929297848 74.15515209191291 61.595791316584965 66.96175990102932 86.99709147238862 83.12453358669487 53.24156996768188 33.97755330408507 43.23327598148142 70.5591301189821 76.22488761016575 41.77690986555166 8.674143077391987 28.284716223248772 62.607215550752656 79.37513213350731 47.23330759635196 23.588206789812375 35.73046404091465 66.27045366889419 91.54340164239355 65.51078047609363 50.96993883795629 57.437020333326096 79.9680703601049
3.7695428957974024 43.43250332036223 0.0 37.1180705097615 6.203305113683716 53.08006432637113 66.72500545943953 71.14744597460788 23.67688586918673 34.382293354192356 65.23428141504314 9.418284371013955 59.25069268945363 71.32865145097216 9.97749820226237 73.33101079664223 44.829564394745134 35.21193750348349 14.848742278423583 107.32767150293962 2.221536083672311 33.85439428049061 3.70756225436234 44.253825669673525 29.935124664901146 54.14883349105658 36.027431352661196 68.18063191294698 74.10638342513056 38.49084167001132 58.12167573159803 7.366199812024939 54.74811172484739 36.857910609823804 5.7414730456296335 63.554339840237084 41.818262893447255 36.572456615922135 47.505485892380634 98.23848637853293 128.20819259110087 97.18601297321179 69.6254847558338 51.43055200182991 53.26632870634627 120.05223737150818 86.24931753318718 53.4807905930364 26.00558134078501 29.78641754875124 118.14915699550151 83.60501221921554 49.14495481472588 15.346297451732172 21.228397334612165 122.79013589474235 89.98725943758858 59.26912091425879 36.37008348389993 39.08413613721461 133.29312821591057 103.74298701780293 78.44066478734119 62.753881502430055 64.17119767463166
34.59759615005498 9.525419573323823 37.1180705097615 0.0 43.04231026535013 16.09256760767596 29.70398581407352 47.72945029275861 14.88196648631235 22.962966710574197 28.190197003888123 45.07236047217324 51.868428462622155 38.456883879941586 27.143887463849065 36.81500952190268 8.964083984172115 14.281262639041554 38.14799742728905 71.88215502207056 39.29883236237173 7.052670678786064 37.61357635387829 8.520561052580176 15.482985581195544 17.071358353887305 26.036624324177048 49.82893164278607 38.99101848512255 1.5535889832007712 21.759082318519997 41.053020030276386 45.60498795808745 12.975420157894106 36.61318333919567 26.43736843468314 10.866607659057248 19.433566790038487 31.249704288862223 64.2958761388662 97.10685368652976 70.6693099923795 54.34483386284312 57.50973667432057 77.82144890013049 84.8915533687423 52.83381730819427 27.768519953250006 33.84687844868342 62.56975061711282 81.06084504356718 46.49234162916737 12.127214262772412 22.966390356700032 57.46907960709023 86.73310613171509 55.718616810087575 32.88362462106998 38.11741369235223 64.95673663512677 100.30869694703719 74.96957662205152 59.78149582185347 62.62590642854227 81.63925623469025
8.535679176943654 49.577151824962066 6.203305113683716 43.04231026535013 0.0 59.06841633682864 72.71203308762193 74.73957081841304 29.170148248217764 40.31020426839153 71.21114645951475 3.9650072182455913 60.777898956355855 76.29533441535243 15.951184036471595 78.9574953328203 50.51805027258524 41.40266016315329 18.43713653891741 112.60058710170338 4.00973933762358 40.00006851076973 5.822902051240991 50.337455205627776 36.11786692965861 60.011443147119834 41.806017010236324 71.10151538175447 80.28692270219491 44.37968528458472 64.21033989486143 5.173112365208823 56.748450094416626 43.05919343292875 7.754372794664497 69.47015782332532 47.14702577102332 42.660636706690276 50.916992961405775 103.22010677747886 132.52779450009857 100.89529602717391 72.04801563704076 50.95864703512669 48.963886822410075 125.23003340015744 91.19271412661453 57.83172210995922 27.708341398166215 24.204202371998147 123.97796576788522 89.48159815837224 55.12014046443517 21.54893091402801 16.891892290859126 128.94789035967196 96.18947171967126 65.36130097909229 41.06840655979189 38.677610130351134 139.47600640697664 109.78348480294699 83.94072977939764 66.59169699290013 64.94334080566752
50.65981843038857 11.534339832417729 53.08006432637113 16.09256760767596 59.06841633682864 0.0 13.645523900469607 46.35543555290534 30.827306731109122 31.532739990366647 12.15724831998779 61.15987228569019 58.64477514268989 29.986859856622967 43.13107007067688 22.949424202310002 11.291353352144638 23.30819186008917 52.55211060603907 58.495003219953894 55.2771975804736 20.004702745261262 53.689589763782145 9.435823257598805 27.364968444201523 4.02203705132182 33.82867810740933 51.404216219683214 24.148712691054627 14.885056916768708 6.5874607828012195 57.14529495581122 52.50708108211896 21.106090347978444 52.70570958696421 10.743222445454004 17.864589935486833 26.920380581738144 37.81570306216808 52.68674758911931 87.02237960551687 64.93341343008267 57.0490354111137 68.46624962549558 92.27921146232185 71.59634518992777 42.331558533242614 29.20142068397742 48.045010261585986 78.4777737377702 65.370972861265 30.77529385423732 3.9658199764851165 38.460254050671416 73.05825725052168 70.816139454094 41.010610661755685 27.27003543451353 46.907137458631865 77.79295805234764 85.73609989302992 63.215292189933386 55.10410544334921 66.86962416216794 91.11216034345247
64.2942760432255 24.31417140258572 66.72500545943953 29.70398581407352 72.71203308762193 13.645523900469607 0.0 48.203026837186314 44.30245129695859 43.02297589326314 1.555488154050774 74.77435827113759 65.92553590802605 27.214173909232837 56.7764434396773 13.920397623438472 23.58219558716341 35.65489646173913 65.73665424945654 47.531748442246055 68.92262031024568 33.431410109697154 67.31671580833454 22.76181113851688 40.229366242730855 13.348492650240102 44.82123439910713 55.24038007375409 15.095318809996462 28.440308314530842 9.766204155817125 70.73440127098476 60.1566509334036 33.437735856118174 66.29919279637465 4.240801161954832 29.420270374313937 38.37695808131454 46.23039315747662 43.92422976579062 78.88747517270579 61.643151229462525 61.41097867467621 78.34235357705961 104.39600700474249 60.497339303140535 35.49792453990502 35.42757118869756 60.37349189692913 91.81306996660183 51.929019493981556 17.482573650145874 17.5929517608663 52.04073189616468 86.6130351351003 57.73537658027673 30.60303787723906 30.57057489592346 57.68375919893937 90.0839275597081 74.63339509170137 56.14964981153568 55.948379827734875 74.17855321518233 101.33850614598069
67.41498200263084 53.18700544392204 71.14744597460788 47.72945029275861 74.73957081841304 46.35543555290534 48.203026837186314 0.0 50.84431037245829 70.68550828262205 47.40060633003227 74.28359901157222 27.49569895832911 22.719831032035085 63.43387500325453 38.32823882580699 40.46710016813761 61.97572479801362 79.72827489569137 51.25387420759403 72.6149263937992 54.70427444911476 69.18940338122061 50.36053914922803 62.78625019006389 42.43296310396651 73.76583994219956 9.649241222532218 63.1775301467879 46.51750634845913 50.93514595525292 70.19143891800975 25.17744775327871 60.47590101726969 67.02767532477363 44.75731817507859 36.91868385103321 67.07296466474253 23.847735788798186 38.656257852343906 59.335689339960574 26.183870302990773 15.662632085294268 46.903016628415386 80.927868123501 60.67048742986484 29.056984893377418 20.063836641129182 48.53509610586494 81.8755299874007 73.74533589861673 50.84917779203117 46.12719384683687 63.75430932221575 91.63143956239665 93.77112168721573 76.87318694557369 73.6254055735306 85.59593265497791 107.83031527743685 117.23763308606198 103.9983748698333 101.39682120635369 110.18903184182221 128.04914733939847
20.63721177196086 23.402478655248633 23.67688586918673 14.88196648631235 29.170148248217764 30.827306731109122 44.30245129695859 50.84431037245829 0.0 26.215523907359096 42.764170788427315 30.742534756223787 46.70178653932466 47.93710243521869 14.018685652336535 49.79146186550559 21.42108391216251 20.826061888976618 29.006288862966745 83.66351940531715 25.726749861281426 15.016410337373706 23.481302413321707 23.174633899200224 17.651553114781738 31.217264032293805 29.270799944136286 50.07493854438087 53.80526637347717 15.955733281487275 36.639992458919835 26.579680545775613 40.85922724974996 21.171443746762705 22.18954870293426 40.78380356014324 18.171832589136837 25.10626771496291 29.06070156802057 74.77132851796779 105.63144593016573 76.11170799301652 53.12996913867478 47.406823894161484 63.7717185515829 96.42232632272628 62.843917248771476 31.56419386567273 20.930509103853225 47.69404120095812 94.96399957659152 60.60379149146662 26.87621066133036 12.91102957716404 44.787403350053644 101.59088031395933 70.45135064372602 44.73149346395931 37.8582628195467 57.100065466395726 114.9122606334256 88.43643802777083 69.51224396420596 65.0974125138188 77.70564160139256
34.132126086061184 20.20079739161384 34.382293354192356 22.962966710574197 40.31020426839153 31.532739990366647 43.02297589326314 70.68550828262205 26.215523907359096 0.0 41.904147653727144 43.79912320512157 72.15244268510499 59.91231669063669 27.287416245473146 54.435578650383846 30.998934257901023 8.905667427468995 26.16860617460481 89.89715312602448 36.39361456065198 15.99521823945976 36.96911852873003 22.848892420181055 8.741903771345408 34.77288607277022 3.191429134043114 72.40064979743129 44.8123156789563 24.23047849820714 33.2576844188989 41.16784178576019 66.07249469444459 10.821437616078013 37.40147007593719 41.56874791178721 33.77735991376503 4.658726834901476 52.69577458991942 84.13612044375616 118.13791139243135 93.32659256448493 76.53685449491891 73.48930371098503 85.66338699825509 102.98560579158749 73.41741541974427 50.68543664874422 46.28957555908155 64.11903647576291 94.01042974591833 60.31826580592013 28.86995170526009 20.579204699491587 49.07526722958871 93.01852003147039 58.77484521776922 25.521990198538127 15.592104696652305 47.21978045176531 100.24718513857918 69.56073007306645 44.9746328421108 40.019562990720424 59.79329926066253
62.785311950577906 22.97669217402889 65.23428141504314 28.190197003888123 71.21114645951475 12.15724831998779 1.555488154050774 47.40060633003227 42.764170788427315 41.904147653727144 0.0 73.2561112046749 64.68435119562487 26.772901224975886 55.280537705220944 14.188558255151435 22.027113261136808 34.407935600400215 64.3839073644465 48.39391805270083 67.42971340409302 32.01492191572613 65.80373205142116 21.348411048307508 38.91679494968547 11.793367786380346 43.76952733427362 54.27095729875193 16.14233610998433 26.9159482069516 8.685103895239255 69.20943649142612 58.879793893517736 32.18715222810878 64.77548563039497 2.889708157137286 27.881679857608937 37.250567276925366 44.87613452979545 44.41674406127367 79.35062432365599 61.444354904296546 60.407642540243884 76.92558198435465 102.86298851964 61.400495649214015 35.666530735658846 34.19090969002642 58.82832258469602 90.26273379641356 53.31895031053303 18.801645207252754 16.091848259651794 50.589006868626456 85.17277715986602 59.28948703101165 31.932157406288045 30.31374873900745 56.6835543203556 88.8930176091142 76.07220866838489 57.188685278605135 56.11512945078143 73.63468625520632 100.44910911744695
10.625317963408467 52.06811933101118 9.418284371013955 45.07236047217324 3.9650072182455913 61.15987228569019 74.77435827113759 74.28359901157222 30.742534756223787 43.79912320512157 73.2561112046749 0.0 58.997873596246905 77.02525301018342 18.375776851311752 80.43808390125287 52.16259236980721 44.424301659021566 22.401763319137487 113.59774323514398 7.459322275168206 42.52254514583365 7.529478637034285 52.656057374263796 39.18765383217081 61.87956325660732 45.410198831139276 70.17008286684792 82.88197587312612 46.3452690178547 66.51143523173084 4.31221974395548 55.27674344774678 45.98898165762761 8.557981802923944 71.40628124773454 48.3728326832448 45.95611049318752 50.439791885497684 103.91408466488613 132.56225049465718 100.467459370639 70.77773980884069 48.16725483363038 45.00553688867297 126.10794876475556 91.86694174473402 58.057772043609795 26.39553881443121 20.435109727243354 125.70640924678123 91.32005164660819 57.19662514044401 24.462371308047278 17.894493021104978 131.41314932963675 98.96043000483226 68.64212473050364 45.00155064664483 41.633658580625415 142.4958733647919 113.14104399178156 87.70110447185952 70.54670510058867 68.24190400928131
55.603721794717394 60.45101696189785 59.25069268945363 51.868428462622155 60.777898956355855 58.64477514268989 65.92553590802605 27.49569895832911 46.70178653932466 72.15244268510499 64.68435119562487 58.997873596246905 0.0 46.45200414595415 54.74414565743503 60.21513165534589 48.65727010960488 64.90566703780868 71.61253416826762 78.69546633450727 59.99857407874296 57.390291185873146 56.24737640878168 58.19541877062113 63.414584365363346 55.60015176728969 75.3231856794562 18.313363577348742 80.69653707548488 51.35392624866576 64.81778924161819 55.65002198694876 6.278459275153911 64.24243426246895 53.91043124553274 61.794976056151086 42.43152159549557 69.94783578052923 21.03301848599987 66.14309887143014 83.86561799282202 49.26730449877381 14.695138440025232 19.98702791583904 54.56986225001791 88.09659700116632 56.10838163337648 30.4980487155341 33.27088609141446 60.65157167832143 100.37328582508448 73.76093846077336 56.58048681492647 57.93809494120088 76.8575963332772 118.21449905097319 96.46093690569415 83.84198138850071 84.5515480174189 98.30143252030315 139.5005414244393 121.40855646629579 111.41943092747576 111.72804964782469 122.25645198835223
67.96613875311988 40.00036760892337 71.32865145097216 38.456883879941586 76.29533441535243 29.986859856622967 27.214173909232837 22.719831032035085 47.93710243521869 59.91231669063669 26.772901224975886 77.02525301018342 46.45200414595415 0.0 61.94095262252428 15.7113242463191 29.53018838305773 51.072210667993694 75.86876105848334 37.009588067403996 73.24233460853868 45.18742360631398 70.4725475890415 37.198647328630216 53.67652001075837 26.069248772958467 62.60779612102213 31.425981781862568 41.589772131773564 36.928508262337516 32.50719618758925 72.71337751486038 41.99059925656594 49.09093462386061 68.7165234128064 24.5766291386939 29.950925040538756 55.56541203112915 32.189676589491555 26.925769203536216 58.6499927983741 35.16098882192881 37.783632336332495 63.35412273866129 94.84050358784945 49.16084171625251 14.921529151209857 20.57595252660259 54.94489720392256 89.49507110070807 54.72691621974633 28.20623047383984 31.480000124239513 59.84339787927464 92.55440034376842 71.93420378568396 54.360652745526295 55.950264040603145 75.50221263027873 103.27408563197403 94.63163839166359 81.85961061903701 82.71379526370006 96.83426673027039 119.61147815453926
7.757274545286151 33.71196311824207 9.97749820226237 27.143887463849065 15.951184036471595 43.13107007067688 56.7764434396773 63.43387500325453 14.018685652336535 27.287416245473146 55.280537705220944 18.375776851311752 54.74414565743503 61.94095262252428 0.0 63.41725264235114 34.904032097681664 26.39561378824812 16.973260270699292 97.62172535649722 12.155337367473045 24.153491062236544 10.85950601169761 34.39680791653046 21.314590350459223 44.17144323980454 29.515604078186392 61.43681622069844 64.50875754449706 28.513396230449544 48.269538011645 14.799391159640328 49.60043017668831 27.812961191470514 10.543300357265796 53.58115769804521 32.17600276619812 28.584338597479746 40.35205101232569 88.78864188055411 119.40163526612609 89.18005019874848 63.59416063064661 50.30067837238354 58.40294760886633 110.41335267057036 76.8533264220248 44.90661016542306 22.838958198489472 37.70247879656154 108.17233289060107 73.62800651882728 39.18886273448092 6.730858672747351 30.81713536485489 113.0805644838034 80.6043296721157 51.00720530802479 33.18501407449691 44.672009800034466 124.29371483548712 95.5735095785033 72.21112249059107 60.74025835463995 67.52106378862705
70.42212118808321 34.46707403076876 73.33101079664223 36.81500952190268 78.9574953328203 22.949424202310002 13.920397623438472 38.32823882580699 49.79146186550559 54.435578650383846 14.188558255151435 80.43808390125287 60.21513165534589 15.7113242463191 63.41725264235114 0.0 28.51456492444212 46.24726084189429 74.77730133434333 35.561636052913975 75.43979520084528 42.258076380387344 73.26723800650981 32.16848083106269 50.11547681142053 20.2083145302358 56.62096787774555 46.65210173416498 26.61850310036772 35.30848682494129 22.260681401758234 76.20180472916762 55.102391255652854 44.051028034024476 71.88534783074368 13.29836761063279 32.22957859593062 49.79987667522139 42.94942965382796 30.35688696138105 65.22319906011136 48.31938977255245 53.01199673346184 75.36969420436765 104.62179718934136 48.662889606981715 21.58896516449109 30.966712719043677 62.02127428646675 95.54677869583605 45.66383042371952 13.63041653663133 26.100649155981905 59.76246567171545 94.11011372490096 58.355870119751636 38.650924628611534 44.46580147587081 69.68032832900654 100.63953467356981 79.55292612336744 66.25953330737599 69.61863096583161 87.73797424574953 113.77135313127857
41.98552135463626 12.82586586315377 44.829564394745134 8.964083984172115 50.51805027258524 11.291353352144638 23.58219558716341 40.46710016813761 21.42108391216251 30.998934257901023 22.027113261136808 52.16259236980721 48.65727010960488 29.53018838305773 34.904032097681664 28.51456492444212 0.0 22.097949351374858 46.97082990981058 63.17191347290324 46.95034983340835 15.686640942040087 44.88127076610223 10.107590896584425 24.194489311432143 10.233750706280967 33.91407465150152 43.786477835596706 35.42675872996523 7.4192721409897855 17.87067117589179 47.984658410528674 42.41620575254836 20.344920365142542 43.60750793713662 19.73865803579743 6.656977460921498 26.985545069782855 27.627424324015585 55.35907763389804 88.1750476989216 62.32881664353149 48.884880191824756 57.35319885544875 81.14095825488096 76.13391408737073 43.87013403653475 21.157749859701504 36.953457627308204 68.39818429439156 73.54415566379886 39.24944870434888 8.194450737710218 31.44252264383647 65.61226139627001 81.31402751550003 52.27518626862284 35.33057220457563 46.461099532795785 73.9178490737044 96.98447712615875 74.16904960058272 63.17343872399915 69.82474582324109 90.30439205912995
34.006173411953355 11.780222886399308 35.21193750348349 14.281262639041554 41.40266016315329 23.30819186008917 35.65489646173913 61.97572479801362 20.826061888976618 8.905667427468995 34.407935600400215 44.424301659021566 64.90566703780868 51.072210667993694 26.39561378824812 46.24726084189429 22.097949351374858 0.0 30.611361579456698 81.80175276562422 37.39322650273587 7.614632089790022 37.06622895070483 14.224740302270725 5.318196361891583 26.27681206124826 11.842819440096156 64.03857488164861 39.724352594335436 15.458694638776787 25.978596235789272 41.140647536533706 58.72196939503879 2.2231266204377857 36.93882243833852 33.7313737105151 25.147599955187868 5.184119950428504 44.86156276634498 75.61141720981061 109.41611808486714 84.4267643102717 68.40057747773466 68.00123749597311 83.45337882336806 94.90336076384112 64.72934831882071 42.04705678968434 41.7234614772325 64.09809117819616 87.32900557550586 53.12513462118722 20.32380289604437 19.967131035044506 52.7178148386263 88.4934341986769 55.00119311051551 24.779487062094802 24.449194319238742 54.5559494004027 98.08585122162548 69.27070687827798 48.69128724877997 48.35355290377926 68.55730963840026
17.441466883270195 41.423995786093286 14.848742278423583 38.14799742728905 18.43713653891741 52.55211060603907 65.73665424945654 79.72827489569137 29.006288862966745 26.16860617460481 64.3839073644465 22.401763319137487 71.61253416826762 75.86876105848334 16.973260270699292 74.77730133434333 46.97082990981058 30.611361579456698 0.0 110.02180434444497 15.705010218389871 32.6051932443566 18.553252319094888 43.12879860847811 25.614547679716406 54.64368178737734 26.635965102598522 78.22320116472338 70.17839092010291 39.69401717227862 56.279441929836224 21.91160286865405 66.55229809353399 32.72599279202606 20.4099716326796 63.2894945467866 46.01101821047867 29.8164291536605 57.08538090092871 102.25674466674772 134.1966077069816 105.11776810980801 80.53281460904887 65.69700672869283 67.39015185383182 123.03907639866176 90.58713788951401 60.566268390518005 39.055656049141405 42.157368983362716 117.64454908094747 83.18411880547795 48.92655862232229 16.21331181683214 22.951854953706665 118.8010137676773 84.79695429336152 51.59664385172605 22.99459655062477 28.109373861146477 126.32862484906121 94.967317846459 66.88403335869448 48.19718701609514 50.66829594185959
104.14313313882073 70.02282614079499 107.32767150293962 71.88215502207056 112.60058710170338 58.495003219953894 47.531748442246055 51.25387420759403 83.66351940531715 89.89715312602448 48.39391805270083 113.59774323514398 78.69546633450727 37.009588067403996 97.62172535649722 35.561636052913975 63.17191347290324 81.80175276562422 110.02180434444497 0.0 109.33949350843302 77.68027169489797 106.79912677698178 67.72438925011508 85.65196959539864 55.71915955343758 91.97361434042915 60.77872553859119 53.90378947292752 70.34127777757016 57.03846320555715 109.29076430655284 75.67353510488307 79.60109080576882 105.16938296355461 48.36932812779084 65.51009190142821 85.24640756258411 68.51955804298835 12.752790290737732 35.739299128282674 40.40751380469165 66.20475094173905 97.61251522075798 130.64520432126687 13.10174547969884 23.17891996032094 57.42580262895683 91.94040007395472 126.50377624813048 26.138090636436953 32.31278944398538 61.643140686616334 94.60698218423106 128.436479296218 53.027356775691885 56.15425505877301 76.74309270393907 104.97859931855214 136.18484669713047 80.97923859133051 82.8534492230256 97.80838262545768 121.09085048198467 148.84299485620934
5.31310404176535 45.65363110459339 2.221536083672311 39.29883236237173 4.00973933762358 55.2771975804736 68.92262031024568 72.6149263937992 25.726749861281426 36.39361456065198 67.42971340409302 7.459322275168206 59.99857407874296 73.24233460853868 12.155337367473045 75.43979520084528 46.95034983340835 37.39322650273587 15.705010218389871 109.33949350843302 0.0 36.07547448247397 3.754175702245658 46.46815559059464 32.108157724949436 56.31714449066274 37.96103784920257 69.41928413859013 76.32634319972377 40.66319992917037 60.337185981900305 6.215855057464418 55.65608858260698 39.05430554437304 6.089456850529924 65.7361952382199 43.83219514503767 38.67667595546415 48.89245707928806 100.16206512034405 129.92883762171135 98.70251659961897 70.69426077593526 51.45850773762567 51.8949450328217 122.037162101958 88.15919780006215 55.18935605348679 26.73072256510802 27.893434329866448 120.31291889499767 85.7788877332634 51.33897453410661 17.55609949408675 19.380313477141215 125.01166104052832 92.1961544814308 61.37734156764445 37.8028685077791 38.545652546085954 135.4664297048627 105.82210703412137 80.25124862513854 63.851290407786436 64.09751540750524
31.897285988590465 9.578230191295395 33.85439428049061 7.052670678786064 40.00006851076973 20.004702745261262 33.431410109697154 54.70427444911476 15.016410337373706 15.99521823945976 32.01492191572613 42.52254514583365 57.390291185873146 45.18742360631398 24.153491062236544 42.258076380387344 15.686640942040087 7.614632089790022 32.6051932443566 77.68027169489797 36.07547448247397 0.0 34.995957090053594 10.669598971180275 8.509792193182445 22.06883833974858 19.114193842810664 56.49998258669834 40.36083119249376 8.444937151690437 24.3858422774611 38.800815888944655 51.186064835207944 6.89596089952998 34.400955155748726 30.745967284133577 17.78747392410285 12.78577132798106 37.25214483181316 70.62034264913284 103.80659446391331 77.71100911943064 60.80279522280662 61.23516931787274 78.72292615097062 90.75014903668048 59.34748226556182 34.69140614584138 35.77288886777865 61.24329680838095 85.32854391706068 50.75693632835687 16.32259235467341 18.746778769096952 53.21006168538626 88.94929038611353 56.58165819662659 29.76296283338742 31.064867575750306 58.643500636491716 100.64095088676663 73.46931422691793 55.33243889480856 55.86069261903959 74.65892237659965
3.1022328044385374 44.53894701778184 3.70756225436234 37.61357635387829 5.822902051240991 53.689589763782145 67.31671580833454 69.18940338122061 23.481302413321707 36.96911852873003 65.80373205142116 7.529478637034285 56.24737640878168 70.4725475890415 10.85950601169761 73.26723800650981 44.88127076610223 37.06622895070483 18.553252319094888 106.79912677698178 3.754175702245658 34.995957090053594 0.0 45.13565144759145 31.87645595039066 54.4912694054438 38.80180771795126 65.82225459001802 75.35642541721441 38.90962202840659 58.995882562155195 4.19924514078734 51.929455976078614 38.574399467355036 2.337024332674126 63.9929479590823 41.37262441411261 38.83908879669817 45.41244365612576 97.39724113840285 126.7825484271267 95.31494566660875 67.01400311547492 47.870949707813544 49.87176060073771 119.41611115194424 85.36986506246143 52.0640771674466 22.98195845631117 27.212510183548815 118.39803171854224 83.95312490498941 49.72939847262507 17.109985047193636 22.52426977616043 123.88497657481187 91.46197375244722 61.46482867968279 39.816893248420605 42.28087171853399 135.08631242831822 106.01619874595876 81.39612418304606 66.3776748287008 67.68629439755557
42.06122899096863 2.8771021948656204 44.253825669673525 8.520561052580176 50.337455205627776 9.435823257598805 22.76181113851688 50.36053914922803 23.174633899200224 22.848892420181055 21.348411048307508 52.656057374263796 58.19541877062113 37.198647328630216 34.39680791653046 32.16848083106269 10.107590896584425 14.224740302270725 43.12879860847811 67.72438925011508 46.46815559059464 10.669598971180275 45.13565144759145 0.0 17.97099906179688 12.066677522942427 25.437056064991882 53.893177494669665 30.64260419092098 7.990049526534958 13.873062944488753 48.77479065782357 51.922326787518394 12.097636756171147 44.33647810993337 20.16181314357865 15.773348910611771 18.397916702538968 37.20317642440424 61.38771606829388 95.28907197154616 71.28488539204204 58.97329248190336 65.33720426118325 86.34140367380553 80.82335443675792 50.57019464384346 31.258764380194116 42.32861816171965 70.71880429475142 74.66602066264592 40.10909208428013 6.108858357621027 29.33856317923404 63.86735226067641 78.78998689318628 47.28396491132178 25.6617750283737 38.420334647631066 68.4730573884567 91.82004475158202 66.62139920615367 53.298219954465765 60.31408519938548 82.64185804496665
28.837211850912 15.956489730855894 29.935124664901146 15.482985581195544 36.11786692965861 27.364968444201523 40.229366242730855 62.78625019006389 17.651553114781738 8.741903771345408 38.91679494968547 39.18765383217081 63.414584365363346 53.67652001075837 21.314590350459223 50.11547681142053 24.194489311432143 5.318196361891583 25.614547679716406 85.65196959539864 32.108157724949436 8.509792193182445 31.87645595039066 17.97099906179688 0.0 29.93373505872683 11.90879777640734 64.05181317268358 44.96379868245589 16.92731291077361 30.688186257937776 35.98289063926847 57.34379566221421 7.221378504264606 31.840034800783585 38.01058786084071 25.938094650820442 7.71812699833492 44.08451739164788 78.92516457470244 112.27404787502952 86.13473238635008 68.02717290828281 65.04593930705603 78.92417894989204 98.74511846507062 67.75372623347165 42.724290800581514 38.144347406419435 58.986829568652674 92.07899095972998 57.70789204275802 24.014871387544094 14.767542362399437 47.47946485606663 93.75159272671911 60.31720055197019 29.69537468904932 22.810368815216012 50.533727599913334 103.3588037330691 74.25928468981019 52.35122857611666 48.59703306463716 66.1626996923139
51.5198556255349 14.576342543921628 54.14883349105658 17.071358353887305 60.011443147119834 4.02203705132182 13.348492650240102 42.43296310396651 31.217264032293805 34.77288607277022 11.793367786380346 61.87956325660732 55.60015176728969 26.069248772958467 44.17144323980454 20.2083145302358 10.233750706280967 26.27681206124826 54.64368178737734 55.71915955343758 56.31714449066274 22.06883833974858 54.4912694054438 12.066677522942427 29.93373505872683 0.0 37.2111567931358 47.69536257678355 25.926071419591032 15.661253052149313 9.232513984240873 57.76896667458447 49.53534427676444 24.12356359286458 53.3535881309763 9.582020662600112 16.256165652929145 30.223744047173636 34.98474981055017 49.36942105851808 83.47744368971335 60.94469211139931 53.43057295083255 66.25855034140007 91.21602709052696 68.811413346571 38.746516559839456 25.737451313694276 47.09970457088524 78.54419047230687 64.00271767350944 29.47023298989278 5.957823308907975 39.96687313139579 74.52556944055577 71.08116398292111 42.613354905799774 31.210574117129497 50.27064386400043 80.4674537274761 87.1980963166429 65.90484361086718 58.97605686484335 70.76502397147325 94.50919750702863
36.06063080341416 22.703275059609705 36.027431352661196 26.036624324177048 41.806017010236324 33.82867810740933 44.82123439910713 73.76583994219956 29.270799944136286 3.191429134043114 43.76952733427362 45.410198831139276 75.3231856794562 62.60779612102213 29.515604078186392 56.62096787774555 33.91407465150152 11.842819440096156 26.635965102598522 91.97361434042915 37.96103784920257 19.114193842810664 38.80180771795126 25.437056064991882 11.90879777640734 37.2111567931358 0.0 75.5631657029432 45.631107107741926 27.27049825301986 35.08743085542544 42.99585929125179 69.25056219117245 13.601082648782377 39.38711474235669 43.604374007717574 36.876267372628526 7.042707643207655 55.88693953698349 86.50946272711494 120.66956074536066 96.23334418307199 79.72020807866896 76.44938210385074 87.91157988052159 105.0432232236848 75.93557002525863 53.788027370207345 49.141652663065855 65.8138375230654 95.33702100382796 61.96092258200372 31.368943676532 22.884747641534922 49.58083368556369 93.41552746311517 58.98985205554684 25.059884740734788 13.078467199727658 45.92328482117318 99.72983059031803 68.47022415554497 42.72158697655764 36.83648061256887 57.302255857839924
64.41113289022653 56.58935391570644 68.18063191294698 49.82893164278607 71.10151538175447 51.404216219683214 55.24038007375409 9.649241222532218 50.07493854438087 72.40064979743129 54.27095729875193 70.17008286684792 18.313363577348742 31.425981781862568 61.43681622069844 46.65210173416498 43.786477835596706 64.03857488164861 78.22320116472338 60.77872553859119 69.41928413859013 56.49998258669834 65.82225459001802 53.893177494669665 64.05181317268358 47.69536257678355 75.5631657029432 0.0 70.33398296690788 48.82849599406324 56.66554153113672 66.27965079604061 17.174120884132996 62.80256349859342 63.56004354507415 51.491538609336175 39.0377245285988 69.21865601306702 21.14789889079989 48.119483565693145 66.31118059097585 31.95967734264039 6.365775039012076 38.13763258750886 72.54852692119186 69.84512433453125 38.70621202339321 22.64607735241516 43.84476370283526 75.67513662478656 83.38709974926279 59.616954214391946 50.495133196097285 62.77053564500267 87.89383502341235 103.06432532428163 84.7899421202433 78.42924809296093 86.64694553649979 106.10830752713107 126.03440812264061 111.37064995292862 106.38046437438888 112.36020924653864 127.77895731424404
72.25710287623733 30.84915398464949 74.10638342513056 38.99101848512255 80.28692270219491 24.148712691054627 15.095318809996462 63.1775301467879 53.80526637347717 44.8123156789563 16.14233610998433 82.88197587312612 80.69653707548488 41.589772131773564 64.50875754449706 26.61850310036772 35.42675872996523 39.724352594335436 70.17839092010291 53.90378947292752 76.32634319972377 40.36083119249376 75.35642541721441 30.64260419092098 44.96379868245589 25.926071419591032 45.631107107741926 70.33398296690788 0.0 38.11728403350791 17.627782195473177 79.1442006434201 74.81536705989035 37.74486118710329 74.72954674161248 19.001933363480678 41.92259359184651 40.58800967852425 60.575988814130774 53.540510520156964 88.03501266337608 74.86167007561735 76.5057104215873 92.17768545685598 116.3403436085238 66.02069898951775 47.37053016189755 50.239579011793715 72.10323993650549 101.33386826192037 50.686054228498364 21.69646774456454 27.69920256193823 58.80989222202337 92.43813885096428 48.79852168015064 16.872458452123876 24.143656048435993 57.23639172467995 91.4546066908927 61.6068363032748 41.05858250851826 44.396360135475916 68.19890810141392 98.62033266858433
35.91111659038285 9.442210660917137 38.49084167001132 1.5535889832007712 44.37968528458472 14.885056916768708 28.440308314530842 46.51750634845913 15.955733281487275 24.23047849820714 26.9159482069516 46.3452690178547 51.35392624866576 36.928508262337516 28.513396230449544 35.30848682494129 7.4192721409897855 15.458694638776787 39.69401717227862 70.34127777757016 40.66319992917037 8.444937151690437 38.90962202840659 7.990049526534958 16.92731291077361 15.661253052149313 27.27049825301986 48.82849599406324 38.11728403350791 0.0 20.741499930659238 42.2941380378761 45.08022021372223 14.01897124934112 37.859569159702794 25.092080149993855 9.793087364367839 20.567122951105333 30.598890177817058 62.742757519124766 95.57809450518276 69.27226500312483 53.45018007358956 57.53257602420964 78.4721183648651 83.34697141146414 51.28643555771597 26.62183185625424 34.38005266411787 63.64037037584993 79.66384730257478 45.1156890554435 10.925951652612468 24.457751915408807 58.92233045856048 85.63900550197282 54.90047006813456 32.99877479754566 39.479258314248035 66.50668921488334 99.54794439563744 74.60664153084255 60.143946315577416 63.74341682414866 83.08993735842819
55.92608459396736 14.95056433389321 58.12167573159803 21.759082318519997 64.21033989486143 6.5874607828012195 9.766204155817125 50.93514595525292 36.639992458919835 33.2576844188989 8.685103895239255 66.51143523173084 64.81778924161819 32.50719618758925 48.269538011645 22.260681401758234 17.87067117589179 25.978596235789272 56.279441929836224 57.03846320555715 60.337185981900305 24.3858422774611 58.995882562155195 13.873062944488753 30.688186257937776 9.232513984240873 35.08743085542544 56.66554153113672 17.627782195473177 20.741499930659238 0.0 62.60031246927247 58.73475800788934 23.771356652204673 58.15852949892105 8.968846735542098 24.451729243053943 28.610836798385737 44.12857999521418 52.6156328074848 87.43323795234852 67.65931004323433 62.49617672182638 75.02360100189145 98.72227733180327 70.0635927798759 43.2115463782506 34.93422542711277 54.48297101615592 84.32804879559754 61.39420960165459 27.166969474658945 10.08430448097167 43.129988081381015 77.54709701549314 65.00509207715902 34.50023754985292 23.446015949519882 48.00010223683654 80.33149347146725 79.23458866174741 56.77920672954294 50.640317550231984 65.57293934980257 91.81494516769996
7.147803660614351 48.29830819170005 7.366199812024939 41.053020030276386 5.173112365208823 57.14529495581122 70.73440127098476 70.19143891800975 26.579680545775613 41.16784178576019 69.20943649142612 4.31221974395548 55.65002198694876 72.71337751486038 14.799391159640328 76.20180472916762 47.984658410528674 41.140647536533706 21.91160286865405 109.29076430655284 6.215855057464418 38.800815888944655 4.19924514078734 48.77479065782357 35.98289063926847 57.76896667458447 42.99585929125179 66.27965079604061 79.1442006434201 42.2941380378761 62.60031246927247 0.0 51.69859452838167 42.603059261121125 4.443105865962315 67.314922958164 44.101009080877425 43.00668670908461 46.3439745888583 99.60363299556393 128.33808688849453 96.37155300332361 67.07538138613349 45.886340313264185 45.90015846224002 121.79628904424781 87.5568405903994 53.78582218285113 22.682130109293542 23.041124310768115 121.52479810411849 87.18227195991058 53.179618425422376 21.21900963145307 21.616479957744584 127.56367009180359 95.3473892038947 65.60931319962273 43.73627762362668 43.771733279386325 139.09309749182148 110.16915512388532 85.57078850779698 70.01600595263763 69.83470823311715
51.03736691226217 54.1728379306232 54.74811172484739 45.60498795808745 56.748450094416626 52.50708108211896 60.1566509334036 25.17744775327871 40.85922724974996 66.07249469444459 58.879793893517736 55.27674344774678 6.278459275153911 41.99059925656594 49.60043017668831 55.102391255652854 42.41620575254836 58.72196939503879 66.55229809353399 75.67353510488307 55.65608858260698 51.186064835207944 51.929455976078614 51.922326787518394 57.34379566221421 49.53534427676444 69.25056219117245 17.174120884132996 74.81536705989035 45.08022021372223 58.73475800788934 51.69859452838167 0.0 58.02495289872959 49.59955147316533 55.990956423428045 36.162287032653055 63.78477565986399 14.78981096469633 63.33709872913302 83.48137484519582 49.10898698179967 15.78285781065075 21.939871033009968 55.753660177586575 85.68239956610257 52.73144326476697 24.790780607841253 29.04146481607884 58.88188800742612 96.43831671793806 68.71303711033524 50.372835084500664 52.42301087260801 73.16918840829666 113.33866888306845 90.74254941378739 77.57259190645195 78.71177859502403 93.63931598124233 134.0790271414765 115.40619516570518 105.14102867479247 105.76069027979044 117.09249751945488
35.494389453293294 9.589499447733148 36.857910609823804 12.975420157894106 43.05919343292875 21.106090347978444 33.437735856118174 60.47590101726969 21.171443746762705 10.821437616078013 32.18715222810878 45.98898165762761 64.24243426246895 49.09093462386061 27.812961191470514 44.051028034024476 20.344920365142542 2.2231266204377857 32.72599279202606 79.60109080576882 39.05430554437304 6.89596089952998 38.574399467355036 12.097636756171147 7.221378504264606 24.12356359286458 13.601082648782377 62.80256349859342 37.74486118710329 14.01897124934112 23.771356652204673 42.603059261121125 58.02495289872959 0.0 38.343275623173675 31.50997223710732 23.79737512450548 6.642261382686671 43.9657800398652 73.4788557569354 107.35537037804593 82.64139410760978 67.29632111057946 67.99088171086386 84.32968340020501 92.70239659931538 62.6505823429573 40.63598524944701 42.09866771909631 65.4838838758625 85.13614388291829 50.910591372057006 18.1787292613675 21.538260059972327 54.70081955884065 86.53634227411023 53.1982621426352 23.79957141707106 26.412725119641035 56.777569874172386 96.51345603478248 68.11447818703036 48.57087517616862 49.734198764784814 70.58798745419145
