0.0 63.003559567035474 54.82834049411231 74.68982586828659 51.757206032956546 47.559570585998905 56.25649074965237 46.5484385517449 56.189080110841324 34.00502457471964 112.49058148753515 65.70394864852216 39.01127273209109 53.61202900645371 95.62864351766011 36.82036770184282 49.827238177670026 89.70326716150514 39.9797544707413 66.88934287218588 4.057920973324799 65.89771501102771 59.16218089420621 60.361742061830995 54.77165203765013 59.94860351565779 54.119293900579784 56.04642450289468 52.40695030071224 34.64160917104403 102.39263674379842 55.91729448383049 41.28159911677342 65.7407958858093 93.93614071220306 65.49179288173131 45.8749741111419 91.0355485497918 44.11419173793736 70.55622231275858 68.6845992253366 63.73317422197324 76.16453607722127 99.67412576865812 128.31056803267205 43.81911760372285 35.918211765303276 55.27161269739532 84.93888843404739 117.34184560570701 27.08615485290586 10.702582054627255 43.47739961220641 77.85163343122886 112.36691201244722 34.03345199008102 23.135829395584267 48.032307802909976 80.45982741316664 114.17228343558031 56.51494587964867 50.51987658674398 65.6154116111033 91.9418949043261 122.45834933335891
63.003559567035474 0.0 14.020495206638417 19.68002246588103 28.298330748956126 49.6570866674597 12.844019477207818 31.980544665245414 59.25592653212228 55.5202456126942 62.915845936425924 32.46384750668357 68.68324822721912 68.41818430641595 46.385146395270084 26.389796608958857 17.357925845573426 34.00418255292939 83.65039341918448 17.748589726020025 60.810290106064464 9.347070160329862 77.29756281820805 27.508892759204613 24.74650297660023 33.93835620403541 8.892981136821552 43.5320532519575 40.65523864418593 40.53486903844139 52.712513137067965 34.753047434439104 22.761811138518294 21.60014458038087 41.66830905244452 3.10601211429379 18.237984166854837 39.115409482542475 88.82663519348338 14.051416470267302 117.2108755172499 93.96838074232114 79.47616697694048 78.72485602692232 92.05151870996144 100.67207877939421 72.5234451059001 52.71849057096116 51.9002400870334 70.73073666449734 90.08844229234693 57.08995871780492 28.239062216126456 27.02723034681383 55.30228767896589 87.6452216545518 53.18845117310661 19.266329078432662 17.556342807888115 51.382025535038004 93.97959691290052 62.99935437552219 38.73634217855357 37.77461180994539 61.222299269166996
54.82834049411231 14.020495206638417 0.0 20.00395573126857 14.388489348523475 35.63848651200072 20.91406203652353 18.006103600845595 45.32466530776949 42.255313766804825 61.45798574809057 21.701154053016086 55.24766828506048 54.40054601606248 44.16254823116555 18.871283791142297 5.018175425881848 35.40336887229083 70.81211023591507 12.855037496435635 53.362812958870016 22.748216381306154 63.27745864016946 15.569104228136341 11.259661401158867 21.3245586330758 10.21588698804981 29.907664170327948 26.788643428358974 27.625093943219984 50.98252613164024 21.33683385320731 20.5963391301567 13.783740706819081 40.97976495039615 14.540914709864259 9.760776720427026 38.10063697738194 75.93513842037831 15.759923966003127 104.19888592643714 80.05436218648045 65.99064904915564 68.52446570763888 86.20447100105834 89.21146404703337 59.469416492059885 38.8505500130199 43.32374098777817 68.11281368725429 81.53140342077816 47.30057109809753 14.905405091288754 24.532651058982644 58.106657340956126 83.20778886221149 50.10961039881016 22.209400241228625 29.502361629878347 60.35203975252108 93.73989902302162 66.01123297522855 48.19345084646988 51.79330213887087 73.73801736302575
74.68982586828659 19.68002246588103 20.00395573126857 0.0 26.924940275924683 47.2034926377528 32.461202837927395 32.617155161834674 53.9372831595799 57.908397732241426 43.45348598631542 21.32347241686273 69.91322150800735 64.94357396874605 26.719057374378096 38.81906815505301 24.92688706259943 15.554296454175647 86.68002661993876 8.20981529729512 73.33162948413924 27.22656039705793 73.27164177274476 20.38605307281851 22.643413720263226 26.238055740536307 25.024176738821698 37.51220848269152 36.474177892197034 44.83502571835529 33.13840102738438 29.30649049000647 39.01177605069206 11.500571859672247 22.258024567043122 16.86167951356691 29.586807219892638 19.581339696161905 91.60102148239581 5.666260264199728 119.22495299307771 91.5965430929224 70.42756083071359 62.64928788724042 72.6952718682806 106.94696079243073 75.0900753655007 47.26750349492424 34.99635449985555 51.089169532742716 101.1905803597252 66.71892788281971 32.52922571788224 7.729108453646958 38.15994120661996 103.05484694718955 69.48872366612544 37.84058760317399 20.736044459004425 42.69546961664643 112.16030659854493 82.28183192222384 57.926453056420016 48.32656283539039 60.91180509797209
51.757206032956546 28.298330748956126 14.388489348523475 26.924940275924683 0.0 21.707118447660676 34.37630458206271 5.8263138928992735 30.959898343082727 30.984180102065523 60.73568813351292 14.242563052753209 43.18195523792661 40.39718277089501 43.92455223785919 22.578089170208422 13.1445278430062 39.82665525195493 59.77304986976435 18.845087782646576 51.35003250068713 37.136169719359394 49.20520887309569 8.626497224557143 4.346485243476467 9.855254116081339 23.83697375415507 15.6914476865986 12.400783387749783 18.589237396851708 50.65446742909941 7.795025655042264 28.938586694563863 15.748704051106595 42.6829181481139 28.377022634267068 17.603959453695463 39.833169492405595 64.72273949572742 25.28735865443185 92.52250119245589 66.49808637683151 51.75307450028644 57.70241687440153 79.84710433193845 80.25872527010591 48.19243981494237 24.462283510461514 35.624979436501526 65.83858132707228 76.88828778566146 42.399561104617696 8.859500856680063 27.46111285643696 61.84325891732087 83.49539487893291 53.36347230847834 33.44656876711385 42.2435713780311 69.60746553433498 98.08373404761326 73.97474710003866 60.9827030851701 66.03256383893465 86.0028571779294
47.559570585998905 49.6570866674597 35.63848651200072 47.2034926377528 21.707118447660676 0.0 53.68479664463248 17.774887863269733 11.375426313002864 15.405930914789952 71.90903084212188 27.968945026554422 23.79035642462916 18.76259916847901 57.18047338337642 35.15457562648959 32.97591414894324 57.59032612455736 41.250043406886704 39.64789690918567 48.88633591627034 58.08943122884038 27.644046619388696 26.826991622444943 25.857180091893017 21.656428025982326 43.92431557753604 11.534890719910972 10.829745456188354 16.69027230915489 63.114728580804105 17.983372494024326 43.900214444820605 35.713171998982965 57.97099643453215 49.9823598911617 35.332577935017405 55.44869865199086 45.75102877097393 46.53548266570218 72.44586482994237 44.83269773265861 34.1521629113307 52.13062121006427 81.63127522169815 64.20523703627104 29.903524772958033 7.809153990335712 40.281493759327994 74.6931613613387 67.75741178998202 36.86014954543339 22.828033100739304 45.58960698193917 77.65661680063324 81.57597517072033 58.33775505906524 50.46535851900807 63.914129586769775 89.54375643073439 101.55251454289723 83.8330051890297 78.34389827065037 87.42021575525557 107.4316337798144
56.25649074965237 12.844019477207818 20.91406203652353 32.461202837927395 34.37630458206271 53.68479664463248 0.0 36.216552130824276 64.3571341459772 56.05505264392485 75.75979385197974 42.31168296614777 69.27938435504747 72.00824683547268 59.1802573769756 22.558700230261223 21.295929538587387 46.794147591371114 82.502315477263 29.442888689053387 53.47384359833642 10.036185212891624 80.90087351606488 36.427564858325404 31.98079835888817 42.21635022778514 10.71493930734516 50.04617431030328 46.46051046285728 41.09799451601391 65.54608917297935 41.87956659888395 15.170362007804234 32.58013273338974 54.51212271096471 15.857719020248398 18.410311235085935 51.951241588370706 87.70689195901205 26.802578781942096 116.0340809144778 96.0844483439894 85.99561117235714 89.17948036564131 104.42904263141703 96.89163791143642 72.06766350506471 58.26058612296787 63.163540236880706 83.54495126750169 83.07164440987941 52.244667316785346 30.86987969031289 39.6387529120689 67.70782114294332 77.47758384437721 42.89095489064765 8.446678366262029 26.41804478643907 60.98634401386007 81.81487970738945 50.241272084649324 27.37767963825223 37.00986769554375 66.2175529146368
46.5484385517449 31.980544665245414 18.006103600845595 32.617155161834674 5.8263138928992735 17.774887863269733 36.216552130824276 0.0 28.142958967093705 25.374633754007604 66.02697887141207 19.156583001123057 37.85752383527751 36.492557750036696 49.398097861325894 20.64634541928386 15.223688161520764 45.650808657443974 54.199222866739625 24.469770426355293 46.374787562270434 40.315644776197914 45.39655325332166 14.226131961573223 9.978739900560262 13.611410372916676 26.205485423011694 15.007440252074714 10.84947180174259 12.818862239513459 56.066515249378654 10.015743289781318 28.297946761304118 21.55151834749015 48.372845131003125 32.501184314036074 18.163831508322485 45.54061809786699 59.19502701242345 30.648614076771683 87.14567882406982 62.05584036536895 50.022900806419074 59.56894478896647 83.60282924334619 74.45437017682214 42.64796519298243 22.115367971272832 39.423025438965965 70.81034696830254 71.30420856121955 36.93106086995228 6.1943590592462 33.2819867206754 67.61556717749258 78.84736103521992 49.86097044974705 33.91398354934682 47.000341067907726 75.2511642095873 94.55811468500043 72.00988781010038 61.84165377255053 69.70032747764888 91.0310961658742
56.189080110841324 59.25592653212228 45.32466530776949 53.9372831595799 30.959898343082727 11.375426313002864 64.3571341459772 28.142958967093705 0.0 22.2489015781475 71.85263378274573 33.02811154722399 24.58187853586351 11.792545080711545 58.941262926732875 46.49427727905602 43.276281017492394 62.083916876921485 41.26059836542601 47.12592048798442 58.021409228501355 68.04698153884551 19.39992501214824 33.96146724190069 34.66424448125551 27.718669070128918 54.27116568296879 16.492626049565764 18.630618522988907 27.903828838088916 64.13616938888363 25.20471400324931 55.17536486402852 42.78340112718721 60.88127448185152 59.217037103029206 46.16868165057798 58.67608353640287 44.9231274665692 54.25626756107527 69.1827733412974 38.14840320654428 22.785734407062137 44.47384852995424 76.36426650505358 65.60002455335766 31.254477238701398 6.721256657162581 38.837637056952154 73.25573445679366 73.58466326588966 45.58482132720493 33.70580874510158 50.88240846642249 80.22960662788219 90.11221326685283 68.98288431516603 61.577964687369374 72.24841313383489 95.09259026521684 111.44385849865091 94.9667094415398 89.51153662639597 96.95695673763234 114.82022779899627
34.00502457471964 55.5202456126942 42.255313766804825 57.908397732241426 30.984180102065523 15.405930914789952 56.05505264392485 25.374633754007604 22.2489015781475 0.0 86.78163579657553 41.23496995440765 13.268124620598249 20.922420876722974 71.46064159532175 34.208502936847054 38.188214719985545 70.1476385806361 28.825976862031638 49.81180966478397 36.04322371195122 62.64270001328792 28.406842719984684 38.38011286038032 35.28864145542207 34.713219952804494 48.04488633709317 26.38556799302349 24.257604879648632 15.10885002340444 77.65498515819453 30.525996620193585 43.15066267954635 46.62794835636644 71.62686499697541 56.64910364984681 38.264745797252544 68.9540218298106 33.845499069047435 55.998151844694284 61.967674894772024 40.407834882923744 42.66638018711895 66.3541510898222 96.85119113853304 49.94155454371974 17.300646777242406 22.34543581825379 55.625329115701774 89.91044761779561 52.4366369356712 23.50339889050999 27.387337978226693 57.81496743484152 91.26840796852123 67.86975932036607 48.90880062942046 50.721286889227 71.74983431479723 100.58946326244647 89.80068471104272 76.27706188434799 77.24611230986429 92.25225236409943 115.96869734862797
112.49058148753515 62.915845936425924 61.45798574809057 43.45348598631542 60.73568813351292 71.90903084212188 75.75979385197974 66.02697887141207 71.85263378274573 86.78163579657553 0.0 46.929583677614595 95.12730127206548 83.34824945244088 17.307944026112576 79.81907914183444 65.68215862090366 29.366512694113613 112.51663033753456 48.72241412478725 112.0260885127253 69.22259332821183 88.96074196131823 52.149823271011165 57.949230019812504 53.07577671870428 68.31689750536324 60.47377618256078 62.64412252963833 78.52237429343334 10.476960992493046 57.31139936418568 81.78323628515587 48.09044124185692 21.248024724733625 59.933184824259286 71.1354867394614 23.872982739336386 116.55136224441436 49.1029128165859 140.69623892614806 107.62495150780168 75.9319260342632 48.40468223311618 36.265655934689704 136.07391625417023 101.56565903201896 67.15585172428855 33.15247597770142 9.116897639591256 137.11529778570147 102.94396067586263 69.20376229437271 37.09056369811678 18.89726538706503 143.69724386969082 111.48426689033224 81.26129533502592 56.32820753856206 46.2293013189145 155.11570981756665 125.73514083868406 99.7622958167452 80.56335093001593 73.64196619248818
65.70394864852216 32.46384750668357 21.701154053016086 21.32347241686273 14.242563052753209 27.968945026554422 42.31168296614777 19.156583001123057 33.02811154722399 41.23496995440765 46.929583677614595 0.0 51.67233775467278 44.41642066871967 30.592470294135826 35.98314654342583 23.59551253172428 29.648318548688714 69.03631743271136 15.963034182630185 65.46379519530578 41.79238128968977 52.4279714760564 6.562447545122219 12.716803827245853 6.5220113214143804 31.781180483239353 17.029029505702724 17.297612881368757 31.602212961011187 37.11746281689456 10.742265076654746 40.934859265639716 11.408034371146707 30.39189600361517 31.14375764476484 29.150729975729675 27.732655785169346 73.65315805637292 22.908195721716726 100.3476161548596 71.06906047310481 49.26249778956076 46.878471229246976 66.0545493179184 91.17456618267973 57.533595156258016 26.50049804870082 22.11983260379919 51.68313423534538 90.22053982798408 56.02364923109812 23.073899415417472 17.91682142858335 50.04470242479977 97.7265922918029 67.35299035071066 43.78571442418012 41.14337464387551 62.1545716548611 112.00421353159045 86.62195102284554 69.68894082761686 67.85648145246911 82.14148284224396
39.01127273209109 68.68324822721912 55.24766828506048 69.91322150800735 43.18195523792661 23.79035642462916 69.27938435504747 37.85752383527751 24.58187853586351 13.268124620598249 95.12730127206548 51.67233775467278 0.0 16.489635994449326 80.86661554948235 47.24798822796221 51.32921302771988 81.19687859930336 17.488001561703935 61.97594895405982 42.054835111053976 75.90312948932812 20.260271177763315 49.83468740729017 47.52837567168822 45.25715033402435 61.30158995486371 35.256850834444556 34.38678856174994 28.37358738780899 86.6593554970267 41.33448829607102 56.09551164972074 58.46438813011409 81.76120089838176 69.7198594317396 51.53216465431338 79.23524014801225 21.980906817258507 68.44484746800671 49.34238592054608 27.84604935073535 38.87124801646552 68.12771405213742 100.82974245150629 41.19496865580789 6.6727740548919 28.051395246190587 62.64255763906711 97.2427563909242 50.63623950886292 30.059492774830268 40.471656572304674 69.04472746673801 101.44570627241013 70.96218399825962 57.90073333968435 63.7506685052645 84.67933631135661 112.56918632146075 95.45518834115565 85.97180542676006 89.80712583110483 105.51871182595409 128.8324004669205
53.61202900645371 68.41818430641595 54.40054601606248 64.94357396874605 40.39718277089501 18.76259916847901 72.00824683547268 36.492557750036696 11.792545080711545 20.922420876722974 83.34824945244088 44.41642066871967 16.489635994449326 0.0 70.71296047304929 52.0892792570353 51.63195146157099 73.72463088894283 31.1093981472833 57.77244660327196 56.15025978443298 76.79466671852023 8.91694517002728 44.670591311944555 44.454130060788636 38.748024740010756 62.5176078687735 27.496753433387973 28.701940240411425 32.24479395540316 75.83387738087265 35.74309264214389 61.090189727877316 53.593770438665246 72.66827708767651 68.72978824027642 53.59793853802251 70.44769280266449 34.19525084787281 64.80777528203214 57.46661419025362 26.678436515866217 22.713753367134444 52.105072668396 85.4915843347643 55.719165112502 22.710533699962077 17.93776862142933 50.22560071691461 84.37008127095001 67.12423818824027 43.634209716952455 41.19526952326666 62.329617942245186 92.02030961796086 86.6339758040118 69.82970177864688 68.12999097459848 82.47406272837914 106.56928875998801 110.01727769750072 97.12016861097777 95.68453761408088 106.17632577292287 125.6422357171002
95.62864351766011 46.385146395270084 44.16254823116555 26.719057374378096 43.92455223785919 57.18047338337642 59.1802573769756 49.398097861325894 58.941262926732875 71.46064159532175 17.307944026112576 30.592470294135826 80.86661554948235 70.71296047304929 0.0 62.521088063165735 48.37548951450893 14.839280018371618 98.35451700788549 31.469686651537497 95.02511736403896 53.38570444784529 77.32603833996471 35.29861530060859 40.90765341294074 36.993150884326056 51.26561254028257 45.64886880316873 47.20883160326866 62.08392937223517 6.861040100016081 41.260457238444715 64.5440907818848 30.794355289327033 6.217060863320689 43.504748799449914 53.82946999789446 7.670836014304297 102.682577460863 32.37997798054192 128.10032377071607 96.30533217167174 67.3391255326974 46.7890523558485 47.314794558528995 121.25463502706661 87.08279409871204 53.46951287565918 23.008995048721278 24.386229026483182 120.69073884581462 86.30316312885263 52.20219682230851 19.91869986612712 21.52421241182022 126.49270558620356 94.17639621633427 64.28691314958826 42.32310671408782 42.94773665599595 137.85882104556927 108.84026874961098 84.15533865233844 68.64987480519154 68.83499810965374
36.82036770184282 26.389796608958857 18.871283791142297 38.81906815505301 22.578089170208422 35.15457562648959 22.558700230261223 20.64634541928386 46.49427727905602 34.208502936847054 79.81907914183444 35.98314654342583 47.24798822796221 52.0892792570353 62.521088063165735 0.0 14.207954062738215 54.27072166922898 59.95473456717663 31.646179124142567 34.94509611468626 30.798964080290684 60.76636951373182 29.498286971930085 23.277466658080215 32.43050470966213 17.51673975811023 35.576552111998346 31.317243466847838 19.9221566592616 69.37845577285015 29.90998302372959 9.03620944855746 31.728647321471012 59.69949765944413 28.73694765311975 9.26819038067079 56.80195898480628 65.15724380893737 34.194073655307115 93.47544738289673 74.59215986596097 69.17428993296151 80.00584657967606 102.03700117891434 74.89978492812328 49.64906187058184 41.41138028028004 57.962030664821846 86.01809745809884 63.85655282144555 30.769815793752965 14.517401106157578 43.2386337775441 76.96268649249903 64.348981690819 31.770016610080543 16.514429759961583 43.94278950355521 77.35671291169692 76.15359804993263 51.50420308248397 43.598316725694055 59.52949986920999 87.07196641091097
49.827238177670026 17.357925845573426 5.018175425881848 24.92688706259943 13.1445278430062 32.97591414894324 21.295929538587387 15.223688161520764 43.276281017492394 38.188214719985545 65.68215862090366 23.59551253172428 51.32921302771988 51.63195146157099 48.37548951450893 14.207954062738215 0.0 40.2241999224589 66.49949486141813 17.476606025609875 48.40566242789219 25.18580983956167 60.54683896589724 17.078521556825685 11.44554556376821 21.800509050625823 10.996593130806525 28.764885996162047 25.173867283637225 23.28869751738543 55.226198039136236 20.814795741687945 17.38861786457084 17.62479098704099 45.492186214821224 18.517172304154336 5.683008351252785 42.59411459872034 71.6533286818738 20.778024103314127 99.99422999328748 76.7817964786765 64.70560758691735 69.8065912462197 89.18451577834234 84.45001531102932 55.26971427345256 37.047347178365534 45.66288358963456 72.0591446659261 76.51353652270713 42.29648887667598 10.88658235096257 29.03266062908396 62.945421557429974 78.52685934239352 45.806897343522955 20.61366146908216 33.8588426126512 65.28986441942111 89.82330620443918 63.107528818362525 47.87174942517804 54.73261309887088 78.06679078882226
89.70326716150514 34.00418255292939 35.40336887229083 15.554296454175647 39.82665525195493 57.59032612455736 46.794147591371114 45.650808657443974 62.083916876921485 70.1476385806361 29.366512694113613 29.648318548688714 81.19687859930336 73.72463088894283 14.839280018371618 54.27072166922898 40.2241999224589 0.0 98.4531255462332 22.8377361353295 88.5210758853701 39.87133925815623 81.35201788739559 31.797388534466453 35.91098244332276 35.95533518077878 40.362922966960426 46.61594426018048 46.830967102549764 58.369196219511785 19.791518796353575 39.881670146957404 54.51412653103284 24.31139039265826 8.785868171929296 30.944241199130893 45.07724435641409 7.452785662352318 103.16016712322403 20.827644390681172 129.9958745578864 100.22752836780806 74.74607471774421 59.35639926707037 62.08201662953641 119.91610017876394 86.88884026902329 55.8059697509121 32.768554629566026 37.7900291303813 115.90166145930276 81.31237149854522 46.744653687278756 12.380541099345708 22.723274575361728 118.57045954666015 85.03943221089982 52.90839741168961 27.599535057633226 33.451644012924184 127.50337803815664 97.00332305628736 70.40581220110379 53.843407551101905 56.88626477549605
39.9797544707413 83.65039341918448 70.81211023591507 86.68002661993876 59.77304986976435 41.250043406886704 82.502315477263 54.199222866739625 41.26059836542601 28.825976862031638 112.51663033753456 69.03631743271136 17.488001561703935 31.1093981472833 98.35451700788549 59.95473456717663 66.49949486141813 98.4531255462332 0.0 78.61509440856489 43.86101570982592 90.095314204181 30.391936608101826 66.87925974599563 64.09294936949442 62.5794905505198 75.67865636528136 52.73899780250614 51.73892251861977 43.22077391666845 104.13083444233791 58.574516175244284 68.20622542147201 75.32941048180732 99.21191941420068 85.01550931595634 65.7846879209174 96.66531630174173 5.208407607521103 84.82085211418116 33.61790644273204 25.575589919413193 50.723777994275935 82.98515648143994 116.59766046529293 24.612700120542858 11.599208902890844 45.36686260253157 79.8537208455982 114.41125459771007 41.15089619878688 34.816340694963976 55.908779120744 86.22202890042843 118.90129365683043 66.27922368363735 62.34546554533374 75.99841175149447 100.29626132002592 129.37426872835286 93.29656521478393 90.32567422574824 100.03949953186759 119.38078239287705 144.534897627337
66.88934287218588 17.748589726020025 12.855037496435635 8.20981529729512 18.845087782646576 39.64789690918567 29.442888689053387 24.469770426355293 47.12592048798442 49.81180966478397 48.72241412478725 15.963034182630185 61.97594895405982 57.77244660327196 31.469686651537497 31.646179124142567 17.476606025609875 22.8377361353295 78.61509440856489 0.0 65.68360292776742 26.763356015053375 66.28628111530948 13.165510828407909 14.52351937661024 19.548097889150345 20.19783736151065 30.636332775150613 29.096187591512436 36.62535260778171 38.24727766125868 22.03798198541481 33.07443297162883 4.582452787415988 28.125387338442167 15.818273338288495 22.614780499805928 25.249235121128958 83.5676101817305 7.163851371083119 111.31557817148614 84.32565853252707 65.00198802073696 61.11041829994177 75.08988628122368 98.74225209474744 67.03705226294022 40.407104256650875 34.151653609142464 55.63066138104497 93.22614049195309 58.6922484698751 24.357766137761647 11.690829455381518 45.55111630739976 95.99198590931762 62.954888046865406 33.27188666799429 25.407929854144978 50.783376218176244 106.39570779913153 77.77885496856337 56.33699922111803 51.89381699757665 67.87401980489257
4.057920973324799 60.810290106064464 53.362812958870016 73.33162948413924 51.35003250068713 48.88633591627034 53.47384359833642 46.374787562270434 58.021409228501355 36.04322371195122 112.0260885127253 65.46379519530578 42.054835111053976 56.15025978443298 95.02511736403896 34.94509611468626 48.40566242789219 88.5210758853701 43.86101570982592 65.68360292776742 0.0 63.243799155083366 62.05708465509665 59.88743836390221 54.118172209220205 59.918857466683505 51.96544763186689 56.761350092219025 52.96117059969412 35.00685644521359 101.83030407770269 55.99556027547848 38.687967436457846 64.80091522603777 93.081243543017 63.39619131606316 44.141429102639165 90.17247037726003 48.06970977186167 68.99959247861682 72.74133470354869 67.32479753522975 78.54120582971923 100.99296868153192 128.93876255578775 47.733501200282916 39.33763918206991 56.66778141902225 85.26341489735788 117.14643512396003 29.59811874260113 12.564856188527155 42.83170371469743 76.85106589541245 111.23160553288874 32.92515906967199 19.078390500831613 45.15254213729193 78.15604475492258 112.12863503438177 53.875112019512756 46.53779329762536 61.83702295065534 88.75066930223831 119.68440953579749
65.89771501102771 9.347070160329862 22.748216381306154 27.22656039705793 37.136169719359394 58.08943122884038 10.036185212891624 40.315644776197914 68.04698153884551 62.64270001328792 69.22259332821183 41.79238128968977 75.90312948932812 76.79466671852023 53.38570444784529 30.798964080290684 25.18580983956167 39.87133925815623 90.095314204181 26.763356015053375 63.243799155083366 0.0 85.70509592422017 36.83756503305098 33.81485271636267 43.23250121826787 14.606883105472859 52.590242334728096 49.53672593322078 47.534273897808184 59.34577784300681 43.88446127175528 24.61727791607158 30.812881606969377 48.15984495375015 10.964811618270845 24.409957398054942 45.848009934203546 95.30042550505472 21.95727673616786 123.7122737403782 101.89209753584883 88.62268119070447 87.86732567459103 99.9102669387612 105.68277623681391 79.27250387617944 61.59705513210771 60.819825593555755 77.451222222185 92.83046054113076 61.28801804948645 35.913556913537064 34.902459024795796 59.509792335669026 87.4688993826221 52.90008091266709 18.46301691828088 16.67937824638356 51.0918247418357 90.93319742771969 58.40185855917585 30.782302237091812 29.65072576296538 56.61822414151502
59.16218089420621 77.29756281820805 63.27745864016946 73.27164177274476 49.20520887309569 27.644046619388696 80.90087351606488 45.39655325332166 19.39992501214824 28.406842719984684 88.96074196131823 52.4279714760564 20.260271177763315 8.91694517002728 77.32603833996471 60.76636951373182 60.54683896589724 81.35201788739559 30.391936608101826 66.28628111530948 62.05708465509665 85.70509592422017 0.0 53.13639991021252 53.20824484007178 47.03368875574555 71.43448550491335 35.76177261615479 37.325882215308624 40.86028055543073 82.06067389006027 44.25546018461633 69.78877049011719 62.02468582215576 79.72534640595616 77.5664777547455 62.49155127722097 77.64481866357697 32.213819771617906 73.36933004383684 51.99531499425899 19.000587714945354 20.3318613317738 53.4845728827927 87.76484026757522 54.511871150629794 25.03184553515458 26.009421083897415 55.868006757091365 89.22346032519792 69.56951540718539 49.77766678383424 50.105149445445726 70.27123981758636 98.79463316932214 91.15111804342764 76.90633811180047 76.91155526573499 91.16432304058922 114.46057935081167 115.65972825409744 104.57869182143207 104.35937183354072 115.06389468088322 134.10133066892584
60.361742061830995 27.508892759204613 15.569104228136341 20.38605307281851 8.626497224557143 26.826991622444943 36.427564858325404 14.226131961573223 33.96146724190069 38.38011286038032 52.149823271011165 6.562447545122219 49.83468740729017 44.670591311944555 35.29861530060859 29.498286971930085 17.078521556825685 31.797388534466453 66.87925974599563 13.165510828407909 59.88743836390221 36.83756503305098 53.13639991021252 0.0 6.229449386149926 6.591783653986674 25.769600404407512 17.475028635435695 16.0916708046231 27.0368939909741 42.035681922972195 8.94012166229513 34.38555931332808 8.932523617480356 34.14835622642619 26.638673148396176 22.600813340077003 31.322110794402683 71.69152205546214 20.298909784106577 99.03831087831827 71.27879622147583 52.417098680510584 53.00229573000035 72.56541977041913 88.12250911841704 55.28498587047632 27.242020011729217 28.682234717745057 57.42872508548616 85.48791415056179 51.021951082985495 17.121601935683923 19.439978071435362 53.45586942549546 91.85006127726342 61.001002434670085 37.42516382115969 38.40567046891373 62.80270861512821 105.59480533371737 80.06256241263661 63.75378243147666 64.13934469509876 80.98114713210114
54.77165203765013 24.74650297660023 11.259661401158867 22.643413720263226 4.346485243476467 25.857180091893017 31.98079835888817 9.978739900560262 34.66424448125551 35.28864145542207 57.949230019812504 12.716803827245853 47.52837567168822 44.454130060788636 40.90765341294074 23.277466658080215 11.44554556376821 35.91098244332276 64.09294936949442 14.52351937661024 54.118172209220205 33.81485271636267 53.20824484007178 6.229449386149926 0.0 10.383130264907853 21.27952105665462 18.790058024059753 16.037597595459744 22.481994690350554 47.713894741018024 10.092269295965858 28.46340192605759 11.650864381538591 39.24489095595477 24.555851713345703 16.719644172037775 36.36165065056828 69.05326849030152 20.947344125792455 96.86866362397788 70.68625816038377 54.8119887818235 58.36916187432921 78.7677721125272 84.40604201031971 52.51804787576144 28.049103010754862 34.78793482203759 63.47038711911009 80.3304226803203 45.748342092714125 11.30040377643578 23.608087000777786 58.15357893723375 85.84501756540232 54.78030323193319 32.05047410616012 38.05812457137754 65.30272190721878 99.36547792609159 74.04056794826467 59.03644376283342 62.316820963201806 81.7083787027724
59.94860351565779 33.93835620403541 21.3245586330758 26.238055740536307 9.855254116081339 21.656428025982326 42.21635022778514 13.611410372916676 27.718669070128918 34.713219952804494 53.07577671870428 6.5220113214143804 45.25715033402435 38.748024740010756 36.993150884326056 32.43050470966213 21.800509050625823 35.95533518077878 62.5794905505198 19.548097889150345 59.918857466683505 43.23250121826787 47.03368875574555 6.591783653986674 10.383130264907853 0.0 31.50169501485596 11.275502148573759 10.876141868124092 25.525221699336658 43.42957116527661 4.267839588471826 38.50537580602161 15.1055589584746 36.91371129052756 33.18074805308995 26.895018025762237 34.25191365185056 67.2323974085413 26.71158080345107 94.1004227421391 65.42258921563058 45.82747946299173 48.114630247077876 70.17616753032593 84.65255837609618 51.05682090017767 21.033112845608258 25.9390490641437 57.42931526276182 84.04625775820882 50.05453597306879 18.493004669127494 23.945300036970934 56.565140218841705 92.45565868851446 63.05627510334247 42.414169945756704 44.9071572362265 68.03797988179763 107.79052300076114 83.77724225507386 69.37737177068445 70.72889814334627 87.10165484070174
54.119293900579784 8.892981136821552 10.21588698804981 25.024176738821698 23.83697375415507 43.92431557753604 10.71493930734516 26.205485423011694 54.27116568296879 48.04488633709317 68.31689750536324 31.781180483239353 61.30158995486371 62.5176078687735 51.26561254028257 17.51673975811023 10.996593130806525 40.362922966960426 75.67865636528136 20.19783736151065 51.96544763186689 14.606883105472859 71.43448550491335 25.769600404407512 21.27952105665462 31.50169501485596 0.0 39.52833761580445 36.080601126137935 32.938824405365224 57.903579082463736 31.22940022765597 14.444680344206956 22.667300954911806 47.22983403119624 11.449044764659776 9.893972007581365 44.4833324210309 80.87675655531808 19.540544350267798 109.29206299960849 87.3533622927436 75.57254132789605 78.65463961854047 95.16638007000664 92.06060242364461 64.7524957939094 48.014872001451636 53.035659557868385 75.59725832059236 81.20241605780944 48.25813592929057 21.41752192981455 31.359529022138855 62.473811537009105 79.37818471798398 45.15088897661539 13.082898556358527 26.43056160815585 60.173414663208526 87.15711548958136 57.63824807552213 37.98421318261894 44.252245260734504 69.77499494533626
56.04642450289468 43.5320532519575 29.907664170327948 37.51220848269152 15.6914476865986 11.534890719910972 50.04617431030328 15.007440252074714 16.492626049565764 26.38556799302349 60.47377618256078 17.029029505702724 35.256850834444556 27.496753433387973 45.64886880316873 35.576552111998346 28.764885996162047 46.61594426018048 52.73899780250614 30.636332775150613 56.761350092219025 52.590242334728096 35.76177261615479 17.475028635435695 18.790058024059753 11.275502148573759 39.52833761580445 0.0 4.316598813957206 21.942850421325687 51.588983974311134 8.8680174470866 43.2841271085527 26.294705517558985 46.554656145147305 43.21827296865247 32.719582072122165 44.0861498912062 57.16619153233296 37.77371542906899 83.43990493785664 54.17518828375595 36.09035731145799 45.44124043534905 72.26429512350701 75.7149441833978 41.434045957242056 9.780635346677103 29.485500892929146 63.54511759171552 78.05911561779953 45.54054848525969 21.20150715675211 34.92724694706462 66.22059783048766 89.68620517963932 63.29624566231148 48.62121722766981 55.82507993306936 79.14331980088406 107.6281136828827 86.68384390143923 76.41405134305332 80.9868273499152 98.35326978479034
52.40695030071224 40.65523864418593 26.788643428358974 36.474177892197034 12.400783387749783 10.829745456188354 46.46051046285728 10.84947180174259 18.630618522988907 24.257604879648632 62.64412252963833 17.297612881368757 34.38678856174994 28.701940240411425 47.20883160326866 31.317243466847838 25.173867283637225 46.830967102549764 51.73892251861977 29.096187591512436 52.96117059969412 49.53672593322078 37.325882215308624 16.0916708046231 16.037597595459744 10.876141868124092 36.080601126137935 4.316598813957206 0.0 17.99198818800239 53.40579392008812 7.178186912960926 39.14495892632293 25.017315425486608 47.56955133472444 40.58682809045523 28.816248369197197 44.9696131432241 56.36535757562519 36.107457904729884 83.26253571356504 55.23068213187959 39.53518261382681 49.703693027440984 75.97833610479594 74.08558771928472 40.24570142054048 12.06691859924731 32.655113423439346 66.19633077035856 75.07031685641574 42.014824618565356 17.023147080963348 34.77324574202054 67.25636576833924 85.86778180658044 59.05088413950286 44.67161745692971 53.84157704449323 78.72161681882764 103.44924070817098 82.37051676427404 72.54522728940665 78.3292366617835 96.96844833122394
34.64160917104403 40.53486903844139 27.625093943219984 44.83502571835529 18.589237396851708 16.69027230915489 41.09799451601391 12.818862239513459 27.903828838088916 15.10885002340444 78.52237429343334 31.602212961011187 28.37358738780899 32.24479395540316 62.08392937223517 19.9221566592616 23.28869751738543 58.369196219511785 43.22077391666845 36.62535260778171 35.00685644521359 47.534273897808184 40.86028055543073 27.0368939909741 22.481994690350554 25.525221699336658 32.938824405365224 21.942850421325687 17.99198818800239 0.0 68.6924916349204 21.384254048800692 28.95621214288393 34.1315435611178 61.185050589078735 41.80525109603997 23.160400691175347 58.35708908808526 48.36741466241776 42.207180535703614 76.7075975465442 55.020249374929094 50.647866162093166 67.06706373521945 93.94456830617153 62.14343624802992 31.992906975542784 24.08590595354848 50.3146198964575 82.9327222858192 58.624482898283226 24.545290614510513 12.765819882008325 46.0251517414349 80.42708870785586 67.8907192613425 42.00032785316952 36.245498865648585 57.081307856994286 87.16447725569374 85.89935414482979 67.14274584899792 63.50098302698749 77.14517884231404 101.31712411206954
102.39263674379842 52.712513137067965 50.98252613164024 33.13840102738438 50.65446742909941 63.114728580804105 65.54608917297935 56.066515249378654 64.13616938888363 77.65498515819453 10.476960992493046 37.11746281689456 86.6593554970267 75.83387738087265 6.861040100016081 69.37845577285015 55.226198039136236 19.791518796353575 104.13083444233791 38.24727766125868 101.83030407770269 59.34577784300681 82.06067389006027 42.035681922972195 47.713894741018024 43.42957116527661 57.903579082463736 51.588983974311134 53.40579392008812 68.6924916349204 0.0 47.69388554428726 71.31226099243027 37.653421656544225 11.19059234828969 49.77078851649242 60.66590547364591 13.598209873057266 108.34984795435551 38.80192699987816 133.2993534607267 100.95896187947471 70.79214188034393 47.171641262839685 42.82080273614577 127.299597044803 92.97078688101331 58.9643769636303 26.549557816659078 18.10555224311816 127.31640549535783 92.99358869282923 58.99998829047297 26.627811576715754 18.219021141134764 133.34750274617434 101.0219417428885 70.88109558878122 47.30377876498162 42.9649396039173 144.6421972644663 115.3965033018743 90.03389265264363 72.73659182247286 69.78454605549764
55.91729448383049 34.753047434439104 21.33683385320731 29.30649049000647 7.795025655042264 17.983372494024326 41.87956659888395 10.015743289781318 25.20471400324931 30.525996620193585 57.31139936418568 10.742265076654746 41.33448829607102 35.74309264214389 41.260457238444715 29.90998302372959 20.814795741687945 39.881670146957404 58.574516175244284 22.03798198541481 55.99556027547848 43.88446127175528 44.25546018461633 8.94012166229513 10.092269295965858 4.267839588471826 31.22940022765597 8.8680174470866 7.178186912960926 21.384254048800692 47.69388554428726 0.0 36.66532438103752 17.87263047724257 41.1161351484136 34.36733233510792 25.398883025901608 38.42957851242607 63.28363232271988 29.115271461001313 90.36397234491213 62.33957177010543 44.73939994070518 50.11808649948693 73.59924096238377 80.46647641181914 47.0208699758796 18.491082820505653 29.457216738558618 61.54985487867723 79.82764521227104 45.929316370988246 15.537141939362092 27.715608818902723 60.7433838369824 88.64790294804304 59.84853964051037 41.23187601783202 47.04370740295242 71.56099577099693 104.5598493693867 81.4120047465938 68.68646625150004 72.12843052246095 89.89968880352859
41.28159911677342 22.761811138518294 20.5963391301567 39.01177605069206 28.938586694563863 43.900214444820605 15.170362007804234 28.297946761304118 55.17536486402852 43.15066267954635 81.78323628515587 40.934859265639716 56.09551164972074 61.090189727877316 64.5440907818848 9.03620944855746 17.38861786457084 54.51412653103284 68.20622542147201 33.07443297162883 38.687967436457846 24.61727791607158 69.78877049011719 34.38555931332808 28.46340192605759 38.50537580602161 14.444680344206956 43.2841271085527 39.14495892632293 28.95621214288393 71.31226099243027 36.66532438103752 0.0 34.376426527287 60.95841762623501 25.637511751117415 11.784787366203968 58.13751380331862 73.38683712020563 33.72230744408848 101.56205681557509 83.55539465635441 77.73604318045544 86.59686302188115 106.53580056538817 81.78635796128086 58.21475959506071 49.83687428892135 63.03392548097097 88.64334945133487 68.2463379853728 37.09673497198649 22.12731402685336 44.69802557024195 76.81831901929228 64.96637843746461 30.71234034621025 7.792239779525488 39.661615965657305 74.02852281524221 73.33645985361866 45.71896055484312 34.59828923314469 51.948928141016346 81.21066374124204
65.7407958858093 21.60014458038087 13.783740706819081 11.500571859672247 15.748704051106595 35.713171998982965 32.58013273338974 21.55151834749015 42.78340112718721 46.62794835636644 48.09044124185692 11.408034371146707 58.46438813011409 53.593770438665246 30.794355289327033 31.728647321471012 17.62479098704099 24.31139039265826 75.32941048180732 4.582452787415988 64.80091522603777 30.812881606969377 62.02468582215576 8.932523617480356 11.650864381538591 15.1055589584746 22.667300954911806 26.294705517558985 25.017315425486608 34.1315435611178 37.653421656544225 17.87263047724257 34.376426527287 0.0 28.296670952537173 19.97176175553529 23.179336065343392 25.38546583606249 80.21384970570739 11.687470470829052 107.75353587534484 80.21032611521186 60.42649463494809 57.12984343057514 72.60213278786884 96.00438563286833 63.731599024647004 36.07534084667312 30.593832222588965 54.45524559558299 91.68258152621793 57.0791160019055 22.476868675268587 12.134586147485484 46.734795924828774 95.79891454789275 63.42451333607649 35.535128548212754 29.960998581774277 54.10561077382476 107.38718120022563 79.72203593737765 59.782888610102184 56.45510568121134 72.07744844926003
