0.0 35.606413974715295 62.94150885788089 25.945537616370707 44.296131379777584 25.49755763052078 52.355722202749504 49.14082371142982 38.85057918453055 52.46256253260048 50.886992032273554 15.148328120766932 81.83802138439869 39.41553031315351 48.79990449925404 31.910111207978392 25.750508472620606 21.41885994293501 25.88507322769841 24.854223850068 56.31532195283437 30.409289031922995 59.396643521225926 38.849218750688365 3.611579172344816 27.559221860277432 69.04166483215303 34.6867822784346 64.38334036507528 56.81132808047016 23.48147585182779 45.24556134108293 74.85281000662548 14.86607906148735 49.965464090177235 25.14684586528464 14.65120498656033 22.79394860373169 27.46965211306684 28.352703320818755 67.7123841544417 43.4224670471299 39.76029323534317 60.58941977826168 90.31113583940805 56.9359950397452 23.54959423233546 16.196044797148534 48.63016519468 82.83916155926799 59.132570754345636 28.41119697182775 22.64020725242663 51.11564865302779 84.30829005260178 73.14241310205601 51.41336747314705 48.28734715321608 66.44406079569376 94.3014862758465 93.81394762020503 77.86458102403681 75.62720483175211 88.15214215379088 110.52995586152451
35.606413974715295 0.0 44.51673205241969 24.067085816463695 27.21225054612534 14.66642984269915 24.926959686116085 15.161938903124469 25.689987683458625 43.65523419165413 43.20745816295719 46.151892378594724 74.42686669883932 67.83249609020736 34.61288361261867 64.58534746527856 18.410311235085935 55.98190215994969 50.039444536443966 58.51037495624492 43.35012194813514 22.89988486791369 41.214502791021104 29.224282361078295 34.76552192129784 8.102830255887804 63.352009544507915 18.834081045274665 54.386591364848364 40.99239957504724 33.43524367620673 38.77646659935424 69.47575678739477 48.74288606461125 40.256566361455015 26.419719148463315 22.476174942584464 56.02123436494862 9.386979206149656 14.028566576862886 100.27670573149715 79.00047416083817 69.4369636008964 76.13585688169549 95.74239021312033 83.06567172624825 55.80812949945176 41.52119313306734 52.233057566001264 78.27768384662878 73.04634522837117 39.5572618792029 13.734490186112017 34.74688922981072 67.9772553047928 73.23315721283204 39.898029154893266 14.678571302027146 35.127175953770134 68.17057162338365 83.55767199808194 56.531168879530355 42.47917890717041 52.99063414838394 78.78041035053106
62.94150885788089 44.51673205241969 0.0 37.003315923003974 19.36476297343834 40.77748278749077 21.600165936608004 35.49438945329325 24.279169257818207 15.915395422124918 17.67600719623777 77.88423260189685 33.107788662642875 102.17208389701784 14.223518399211429 94.55306603729561 38.430142682518735 74.20643290514992 86.5677437006088 87.27245021328869 9.657105734517733 66.57398905804286 3.609949575997817 24.181042328715584 59.84519673310877 47.7590583847723 26.06241217767101 30.035776002274098 15.645158170088976 6.599764230856822 42.01645122798164 21.03190738550851 30.804983056301246 77.60646724471745 15.892169244979387 37.91042036331612 49.7940075459533 71.52155551106101 43.39416189167053 57.244806589350915 129.65231285377993 100.02444671166579 74.79869256182349 59.82963845975629 62.92148781711402 119.39408638243272 86.45006091242584 55.56180037566674 33.09757924056477 38.71203048064094 115.20789515627696 80.62603140704842 46.07720649494117 11.853909065424947 23.511179164739325 117.74341731528067 84.1770615087839 51.98928707459004 26.736439186786644 33.490764608655844 126.59728910701764 96.06894176824291 69.47237736333737 53.088440772601146 56.61409325397245
25.945537616370707 24.067085816463695 37.003315923003974 0.0 18.553952562095922 9.917724750932164 28.77544954051835 30.87160434779371 12.97633178455333 27.803641497832842 26.501520610552525 40.89913337756531 58.805560645261224 65.20382967236246 22.912257512068557 57.69528103248487 5.750000589883591 39.97713918801397 50.111793229034646 50.48065155396112 30.812835144482328 37.17656289552389 33.45226140227221 13.043975770892406 22.93167154250293 20.209166850567712 46.33730040290581 10.600955146525184 39.91053268465721 30.94914793920497 10.01582241551321 20.861456850962306 52.477601268215835 40.68339384357034 24.895730932753494 2.4973919996695497 13.529292264408523 38.4075553041629 15.657699171495768 28.968236891055376 93.16384186145245 65.56659960460212 48.096444859049264 52.176321299362634 74.3389566263973 82.53206301521654 49.4790974246286 21.901327856799377 30.099878164020293 61.05067233634772 80.8167944271447 46.58935671674185 14.305064611480212 25.170506635483676 58.799036994818266 88.53787870989495 58.87407023990786 38.576987641131744 43.646757651872306 68.67839966594595 103.60633058783422 79.59190094250933 65.8045711102373 68.70505359568207 86.63312950064139
44.296131379777584 27.21225054612534 19.36476297343834 18.553952562095922 0.0 21.421020509554886 13.694223329247139 23.4888470162802 5.669607732867181 16.890324911574538 16.845925156649063 58.99459478587094 47.21482707316404 83.19529526264749 7.407554123896026 76.16220167327809 19.15431371228389 57.90839954726329 67.29263890090822 68.9864893874999 16.1746140034836 48.00168218390751 15.75902102170175 7.987089994049477 41.42088643773686 29.00139604971717 36.33429457279763 10.687748310961581 27.1745936970801 14.347393689188635 25.791302955657475 13.964330131447399 42.391492047682725 59.122997414135156 13.571962215811281 20.003560626436098 30.629538771524015 55.86243131942239 24.38468067566493 38.70099796116479 111.71185242407276 83.70432575850646 62.67441276719967 56.960877530130304 70.39739207510601 100.26430411392137 67.83887057360661 39.32088799747742 29.74878647206691 51.17310379251589 95.95475467334607 61.3536430739818 26.759642936153334 7.920975904863468 42.476577382066 99.71328502894822 67.02935008703211 37.92055692783545 27.88985130063078 50.125435426975905 110.72109712433421 82.38970354216272 60.924223923788965 55.047750027060545 68.87339411656454
25.49755763052078 14.66642984269915 40.77748278749077 9.917724750932164 21.421020509554886 0.0 27.002701590362047 24.587701109705797 17.173645898829843 34.88337193380858 33.9138623323774 39.00892446230655 66.3414398673093 62.75770161473557 27.80383664782295 57.007161196311095 4.226491949867409 43.67911759670764 46.22139502617084 50.18409709382871 36.5371754764186 28.246412076305244 37.17583845665966 19.327189560006854 23.522499245867056 10.344625892903633 54.27180037568734 10.74243372567766 46.73333547957805 35.56532990393377 18.793439178375387 28.60836396967889 60.4705317389656 40.13075791266429 31.639327498702222 12.050350361178884 10.846532322578964 43.049860778550155 5.756725661238195 19.523267425543555 92.97921151555451 68.19571987459742 55.235620023681044 62.01682276243736 83.88083194145692 79.44336153338034 48.35503381126956 27.568296317395365 39.70708617880193 69.19634735789779 74.61613021837492 40.01699551204547 5.4778983934188465 29.21487997166033 63.811170281234475 80.08828806687897 49.39787825785605 29.34288581105243 40.94749808920219 69.90871428070317 94.07922341822663 69.67447542160544 57.03469014856424 63.60951458057524 85.05395886895653
52.355722202749504 24.926959686116085 21.600165936608004 28.77544954051835 13.694223329247139 27.002701590362047 0.0 13.896898290476383 18.113437981559326 27.873605363666698 28.487918818080683 65.9735227237536 54.24989200029723 89.47397517905964 18.297557604908693 84.00745455219773 26.802578781942096 68.69486267205534 72.42156887950048 77.1463262338744 24.42240072416476 47.80513529236401 19.02696642782674 21.440481613687595 50.06072881737882 30.270890839184542 45.33160633676535 18.29034503951643 35.04434641804176 20.57230113872024 37.72615771240958 27.050369381776058 50.890380523635294 67.097728007484 25.088423323688932 30.85788129706534 37.758889801376725 67.17857114769949 27.059400470118547 38.734437046503324 119.97000918734997 94.09634822091478 75.56586570087482 70.43461534816274 81.2811644207244 105.77232058369871 75.35625362940166 50.63758677731433 42.948626327970786 59.32809526521262 97.79259556827864 63.789534156559334 31.139489199392365 16.281311592577914 44.219278902608565 97.56905252031771 63.4494631046939 30.443386201723115 14.920328256309784 43.7410981097139 105.15118206142989 74.48997616432305 49.35142949805796 41.43901812959111 58.25497780724122
49.14082371142982 15.161938903124469 35.49438945329325 30.87160434779371 23.4888470162802 24.587701109705797 13.896898290476383 0.0 25.317378254722506 39.94797952135229 40.16761926933644 60.845672666689325 67.95641849395112 82.9443291482437 30.08112976636318 79.27968067493102 26.563318103392625 68.24858574657554 65.19150062939353 72.96298470015738 37.50427604854002 37.12647547867737 32.83341090144955 29.301056921656453 47.68702104144059 22.726252821523655 58.49973148387797 21.212997456431154 48.44285131148246 34.0031793136726 40.867205583558075 37.3714646210714 64.25157954288359 63.03623743933772 36.796842767494134 33.34534066710848 34.87976853324852 67.61519610302928 21.677064903513017 28.880040137872133 115.12507462434316 92.42468914146211 78.90247546844432 79.39530985137903 93.68226586099313 98.22153050164253 70.49218099793832 51.82308895740381 52.885952358708614 72.82184977872583 87.33249607096661 54.472098002234304 26.500930815821548 28.848474660010464 57.93975258029889 84.80793528108336 50.36490572287463 16.60467427406891 20.240067304225573 54.20755554964639 91.34416770789164 60.6416944354593 37.49539619860437 39.10531768213428 63.61901059248535
38.85057918453055 25.689987683458625 24.279169257818207 12.97633178455333 5.669607732867181 17.173645898829843 18.113437981559326 25.317378254722506 0.0 18.243580848206857 17.6049721537703 53.67329087872476 49.59176888426823 77.93300427699343 10.669598971180275 70.6604986122119 14.280701757765017 52.251784284455695 62.32370127831194 63.45518549035976 19.365135731013904 44.84563181241008 20.68522319544 3.995582349265021 35.89892508865991 25.935045937117593 37.95362327862007 7.1192969242347806 29.74676002823028 18.587520278382936 20.222930473879966 13.132039309568496 44.13473993370213 53.63668887455157 14.874371305963413 14.341929331675962 25.522343274198796 50.24918206783788 21.066572319911778 35.69359757891766 106.13201540411417 78.03886337837994 57.54062279540718 54.09789199334004 70.26407429772628 95.11722972695192 62.39968259292611 33.68969408135711 27.768915896326014 52.934601122776456 91.72467457211935 57.14608209902641 22.644817037889 12.440058022288868 46.814277886393846 96.75963309338404 64.85339783285896 38.00441922496231 32.82597458332382 55.727815233404016 109.06083191375535 81.94224738128237 62.68641186468346 59.49309236607281 74.45842683390943
52.46256253260048 43.65523419165413 15.915395422124918 27.803641497832842 16.890324911574538 34.88337193380858 27.873605363666698 39.94797952135229 18.243580848206857 0.0 1.88684160259403 67.60716242217195 31.464062284569927 91.79626407339367 9.86751634186583 82.9688088273269 31.342644212087375 60.58312959956922 77.62339737419433 75.60849712419324 6.258573174666431 62.95619897370995 14.081607047719833 15.55690133319525 49.043783611499755 44.13856162898425 19.72959404654843 25.3628357825416 12.108024320960322 10.13821166801651 29.579111271819304 7.2204192428495135 25.89810431794014 66.44476919587959 3.3990346999410166 27.74792922623572 41.331007794053946 57.49234729241735 39.23449301225246 53.87961363784811 117.10476243982164 86.10953166802214 59.25363230898416 44.74315456864208 53.73753121888749 109.38712083363973 75.38528841452417 42.36968306989199 17.386408680172085 34.70206333167637 108.59723371561691 74.24514775805886 40.325883482723086 11.613092176984146 32.22426196822136 114.87813612920988 83.08466782620779 54.808422722410086 38.72582706955982 48.890095836803525 127.18625189483198 99.27246287305927 76.99655510430357 66.3075072184574 72.52358190939266
50.886992032273554 43.20745816295719 17.67600719623777 26.501520610552525 16.845925156649063 33.9138623323774 28.487918818080683 40.16761926933644 17.6049721537703 1.88684160259403 0.0 66.02335443315546 32.4683607717169 90.17923931373119 10.2356705620949 81.2580506430634 30.264995480262986 58.7428860418982 76.15102563094383 73.89659138070765 8.04067395519644 62.07995187663605 15.678281359933473 14.624952052367986 47.44513523004424 43.35951196050685 20.41945270743536 24.69730405230452 13.528980459206444 11.705535168494546 27.88260772786741 5.690452784629573 26.618608866082976 64.78338483195259 3.4107896223603547 26.325695660126016 40.008314194912664 55.63199792405166 38.43218264602224 53.07055670217292 115.3120854154214 84.24774688721982 57.38733500495195 43.40215587304898 53.56309926113861 107.79068136424023 73.72290329477254 40.572793447465514 15.87722528994366 35.395912399696364 107.31822838784716 73.03678594730525 39.32421159403187 12.380092582537841 33.98516332359829 113.98243872111688 82.4354628896681 54.71780444612343 39.84085946220766 50.74813710978513 126.66147398939715 99.08926649394974 77.38863967991821 67.48396437774262 74.25587131976059
15.148328120766932 46.151892378594724 77.88423260189685 40.89913337756531 58.99459478587094 39.00892446230655 65.9735227237536 60.845672666689325 53.67329087872476 67.60716242217195 66.02335443315546 0.0 96.73769733869851 24.311573603039406 63.80743304929873 18.442225954570247 40.04262693770916 23.231019992643105 12.400361394155961 12.711315239955994 71.43798082878159 33.084981625011885 74.31629705735868 53.88806021003078 18.590118175330826 38.18390900157052 83.93417857328303 48.98670278931341 79.50834038235446 71.83788381270595 38.456691861134615 60.388868665705566 89.65930603977301 5.4790833589630585 65.11150007230329 40.238797298217655 28.52863045328995 26.86961022731746 39.58925624046397 35.256066619299695 54.32418782291497 35.87630947894137 44.92139553737373 71.71878392745245 103.26696545410398 41.78781257102859 9.657655109026251 28.89935567786842 63.02323895704907 97.48609117355599 46.32462937883359 22.12130146611057 35.03681389098112 66.03522040739033 99.44127914577774 64.42316835166405 49.7527080981859 56.52544537848466 79.4337878772401 108.71584063745706 88.08647474169086 77.78879544466045 82.08351136904207 99.09109676172605 123.67345935753686
81.83802138439869 74.42686669883932 33.107788662642875 58.805560645261224 47.21482707316404 66.3414398673093 54.24989200029723 67.95641849395112 49.59176888426823 31.464062284569927 32.4683607717169 96.73769733869851 0.0 120.37301345185234 39.819937506135545 110.32169059895614 62.733258052752326 85.28640679638502 107.58817796047514 103.04055991595479 31.119142419622772 94.40363536660004 35.24141401493262 47.01491972084699 78.26591337402158 75.52672666425342 12.803518765415477 56.688227579194994 20.04027612636925 34.04771071608836 58.356740850765995 37.98534443071157 7.526615166683823 94.7347769779389 34.75878800181832 58.36020129587225 72.20532940114784 81.41912382603783 70.6494370078894 85.28471171531336 142.28065645639185 109.0185679376898 76.94895944620187 48.49812178867713 34.319448240429395 138.09504169829987 103.54856148199082 69.05955482387587 34.79932648999392 6.900552157461229 139.4976310026837 105.39482725499565 71.77322813303527 39.869399913068385 20.556943614653242 146.32774292871002 114.20298149354218 84.06927344184949 59.05737564738416 47.986598416215706 157.8821907308315 128.54939559332217 102.5565727026053 83.09931797481266 75.41806972810537
39.41553031315351 67.83249609020736 102.17208389701784 65.20382967236246 83.19529526264749 62.75770161473557 89.47397517905964 82.9443291482437 77.93300427699343 91.79626407339367 90.17923931373119 24.311573603039406 120.37301345185234 0.0 88.11486246626286 12.746995656890808 64.1340890670331 39.086926831096676 18.018047827732996 18.49065023863094 95.73050257752043 49.67113108135607 98.59724872597486 78.19946159380243 42.76225946710615 60.326037080379066 107.58944192332436 73.02556791583233 103.61764475341872 96.14734928973648 62.42275937391345 84.57609603783034 113.1599600955157 25.638293000913674 89.36316054800626 64.54384586586116 52.60199299684041 43.53194216899698 62.576419689355426 55.06474925533337 34.13031548741615 33.60215480174007 59.060722395394485 90.78585133444619 124.05970507986319 17.72250420904175 16.91494161876815 51.507259187984026 86.10885350946518 120.7117474023771 32.83349623981358 32.296457508901206 58.33458074134785 90.31957098500483 123.72213199287688 58.79361313984509 58.308656061944795 75.74894513121225 102.32643302120759 132.65853906906125 86.31282223271137 85.77001449962128 98.27411779938846 119.80744469587896 146.4396124917199
48.79990449925404 34.61288361261867 14.223518399211429 22.912257512068557 7.407554123896026 27.80383664782295 18.297557604908693 30.08112976636318 10.669598971180275 9.86751634186583 10.2356705620949 63.80743304929873 39.819937506135545 88.11486246626286 0.0 80.34165617375656 24.926862867303004 60.244593948670705 72.82196859024616 73.05468817016856 8.88850864739404 55.09211242997713 10.799246098361102 9.970301175257253 45.66010220493297 36.0872175291107 28.98232637898925 17.35237247411849 19.782353443078758 8.042362987329032 27.929890436590963 9.418795516340817 35.009525672898185 63.41388727568212 6.82488349939613 23.71009170708944 36.0054598532205 57.73041414756462 31.34497217608533 45.834667908165706 115.43805074981168 86.10256864109505 62.41923567250172 52.66374017140222 63.6048580526881 105.43091768094853 72.27522397819958 41.552133201585114 24.9858704266869 43.781843763854184 102.38970612774325 67.80480984435923 33.25938696838013 3.120203740027432 36.16820133254793 106.91071201735477 74.39785646007839 45.11117279016875 30.493129367740174 47.1113588262211 118.12861393736158 89.64541546462077 67.17901059592353 58.176681630541125 68.19692791648937
31.910111207978392 64.58534746527856 94.55306603729561 57.69528103248487 76.16220167327809 57.007161196311095 84.00745455219773 79.27968067493102 70.6604986122119 82.9688088273269 81.2580506430634 18.442225954570247 110.32169059895614 12.746995656890808 80.34165617375656 0.0 57.622607979769384 26.92393827063871 19.737909567591824 7.361849411101628 87.39379654697566 49.92209653369485 91.05164323213803 70.37392796051843 34.763628521248144 56.626122461170944 97.62370768120097 66.57569114961564 94.47963534647262 88.27617879213909 53.391255384632224 75.7991949354759 102.97669826228157 17.047178085766436 80.8065508132297 56.64424763587306 46.28533442062625 31.362796283008915 57.939883781543834 53.30225856790912 35.99465086655212 22.907005945170884 46.35398359110396 78.53341652461307 112.16571699849011 29.051077923192864 8.787725730940851 41.295723475948854 75.68555403857808 110.20945087271791 44.748961896248005 35.001452210583246 53.315708463530996 82.79407543281508 115.1606882983308 69.072876902402 62.99442803275847 74.56749031730087 97.70926399016074 126.20882271841306 95.653466771987 91.14086003480307 99.28956939566899 117.49413760562872 141.93666793429023
25.750508472620606 18.410311235085935 38.430142682518735 5.750000589883591 19.15431371228389 4.226491949867409 26.802578781942096 26.563318103392625 14.280701757765017 31.342644212087375 30.264995480262986 40.04262693770916 62.733258052752326 64.1340890670331 24.926862867303004 57.622607979769384 0.0 42.36032136598522 48.14787426802256 50.60471705936982 33.45454562310118 32.189269246783304 34.82134429785428 15.8462378331055 23.28495353882488 14.570618994744923 50.51888470019914 8.961606573806256 43.32449162461997 32.867591509503676 15.142707886981848 24.830337664891992 56.707514017023534 40.60073227230489 28.184366548781565 8.016950037849172 11.533697207067817 41.32654142568984 9.922874317126976 23.63873762417488 93.4624444708283 67.43132796413836 52.47419532096072 57.921499273755124 79.6935424065638 81.12395731301571 49.118647790961745 25.27904038030812 35.500160781749635 65.39370122333256 77.56256796361004 43.042873019418614 9.18041303759382 26.659428846852865 61.090297154807175 83.90367896778704 53.54585125495404 33.004899694127154 41.30766268243625 68.68884162580906 98.24797239459006 73.86468145614938 60.44917122873379 65.16899176575379 85.05690285202984
21.41885994293501 55.98190215994969 74.20643290514992 39.97713918801397 57.90839954726329 43.67911759670764 68.69486267205534 68.24858574657554 52.251784284455695 60.58312959956922 58.7428860418982 23.231019992643105 85.28640679638502 39.086926831096676 60.244593948670705 26.92393827063871 42.36032136598522 0.0 34.948869719117006 20.641096922324856 65.84201405656995 51.2798344575463 70.9765867853253 50.735864152088986 21.322532374969068 48.17535035747715 72.85495698530657 50.40941966713093 71.19450185533312 67.63744560391886 32.36264310898305 53.789668926500575 77.81001187430847 17.92812933384301 59.047364234281815 38.08652215648145 33.632425862780266 4.449008123370988 47.108980632870896 49.7700846257155 57.09065818015807 25.866307517898736 21.76321899824116 51.70163209337176 85.24863074769601 55.974830581644675 23.325146977777745 18.702806554972444 50.501278529780386 84.53292235457583 67.86635995337035 44.75716735098691 42.372023457607284 63.10622664371439 92.54310582943246 87.61987600099368 71.03806705171345 69.35657772733964 83.48069466322798 107.34282225995261 111.11798207179741 98.3539377633538 96.92502937609011 107.28512794512417 126.57175492863685
25.88507322769841 50.039444536443966 86.5677437006088 50.111793229034646 67.29263890090822 46.22139502617084 72.42156887950048 65.19150062939353 62.32370127831194 77.62339737419433 76.15102563094383 12.400361394155961 107.58817796047514 18.018047827732996 72.82196859024616 19.737909567591824 48.14787426802256 34.948869719117006 0.0 18.39320082728387 80.92416625736057 31.809032481037057 82.96100374907576 63.12423416073718 29.495452063918076 42.73661472203505 94.80981725058201 56.80741046996712 89.67912040213194 80.84796361228025 49.27702009907819 70.4639712071892 100.67425102423216 17.1238035473116 74.89968025010413 49.89054902046315 36.8191297006242 38.86522305439676 45.37007177067477 37.06870116309762 51.77902134017638 41.84426131135142 56.70659248689293 84.11393065835841 115.45340749136885 33.350814819200686 14.019394936334646 40.93483719285188 74.49583366823941 108.71268761284587 33.95165893772287 15.382157419538244 41.416862225553174 74.7592955675296 108.8916808491031 52.937506882011654 43.256697902223685 57.74705272574356 84.81226438241706 115.95833814567149 77.85355730102471 71.4145888663152 80.8310890808072 101.79410965347456 128.78342631578016
24.854223850068 58.51037495624492 87.27245021328869 50.48065155396112 68.9864893874999 50.18409709382871 77.1463262338744 72.96298470015738 63.45518549035976 75.60849712419324 73.89659138070765 12.711315239955994 103.04055991595479 18.49065023863094 73.05468817016856 7.361849411101628 50.60471705936982 20.641096922324856 18.39320082728387 0.0 80.05248208852753 45.5753134717449 83.78242745601204 63.0914311480766 27.56561706900574 50.463072221618226 90.32636457044649 59.53680670269991 87.1198814588344 80.97253950559903 46.03188002660438 68.4410865365028 95.7143427313027 10.053525656376133 73.45545765412885 49.37428166020712 39.38744231400023 25.07528141775318 51.44286161376186 47.95707307598735 42.85872810999799 23.93550598576195 41.27698493124764 72.31537657885264 105.59394424200813 35.75033575414826 4.387619080785673 33.989262256196035 68.45540701140682 103.01392916647927 48.23275502480427 32.526068273295415 46.736765048166276 75.53501788308004 107.80346133073469 70.58149408322846 60.7365691651932 69.21630055656463 91.03649593744485 119.07633190922043 96.14562487148366 88.94974978764212 94.7355987609669 111.50026114876704 135.2201230324749
56.31532195283437 43.35012194813514 9.657105734517733 30.812835144482328 16.1746140034836 36.5371754764186 24.42240072416476 37.50427604854002 19.365135731013904 6.258573174666431 8.04067395519644 71.43798082878159 31.119142419622772 95.73050257752043 8.88850864739404 87.39379654697566 33.45454562310118 65.84201405656995 80.92416625736057 80.05248208852753 0.0 63.97758048908252 8.079405432741465 17.82593661163456 53.019127566557856 44.97445195808118 21.0006574569226 26.210479937593107 11.123963237071138 4.392383261916815 34.15646670774884 12.06972344585595 26.782174951807047 70.65030406598218 6.797272970203788 31.21170727100486 44.21084256237827 62.92432829530538 40.22062316184052 54.72309296571759 121.97392169765733 91.52635278756986 65.3552911060221 50.60000038710365 56.957977020706714 113.19720514776857 79.57401743910488 47.384446659445445 23.524282244796318 35.44492151629883 111.0141190111372 76.46602449630709 42.00982103157797 8.80063079256353 28.016620424384833 115.79830635238443 83.19968218507624 53.1973650105083 33.653608127935236 42.778548408695535 126.76310348418649 97.7617768918636 73.76061308307914 60.98092711558179 66.26840356254927
30.409289031922995 22.89988486791369 66.57398905804286 37.17656289552389 48.00168218390751 28.246412076305244 47.80513529236401 37.12647547867737 44.84563181241008 62.95619897370995 62.07995187663605 33.084981625011885 94.40363536660004 49.67113108135607 55.09211242997713 49.92209653369485 32.189269246783304 51.2798344575463 31.809032481037057 45.5753134717449 63.97758048908252 0.0 63.11896879592162 47.455643441680344 32.010728088772204 19.009403472960358 82.47874114144955 37.80813209054663 74.58912090827992 62.31230747334957 42.91218915649831 56.84554293072259 88.6799058042613 37.61131365975963 59.644892361244636 38.587919603783845 26.370602160932634 53.1329235291248 23.786113212656044 9.332132286797847 83.58805029358845 68.92660529815396 70.06823169416236 86.38867215209534 111.40562672528749 62.892446321256884 41.79952561535389 43.97459639458012 67.19489685541217 97.4236493205381 50.25087052563593 18.16642609813587 23.016083474825486 55.895555928917894 90.07629132777257 51.92412049982092 22.347574748644657 26.411410388366953 57.36340117477491 90.98574439936479 66.84566519851951 47.49079730507187 49.36823872947714 70.80878798213058 99.92677423191358
59.396643521225926 41.214502791021104 3.609949575997817 33.45226140227221 15.75902102170175 37.17583845665966 19.02696642782674 32.83341090144955 20.68522319544 14.081607047719833 15.678281359933473 74.31629705735868 35.24141401493262 98.59724872597486 10.799246098361102 91.05164323213803 34.82134429785428 70.9765867853253 82.96100374907576 83.78242745601204 8.079405432741465 63.11896879592162 0.0 20.70464690638133 56.323603086892724 44.25902162081393 27.090704425815183 26.4354042913409 16.5856993529374 3.977923205888649 38.70526270784506 18.308543063028974 32.267620915409566 74.08734372234495 13.399846027560647 34.40905550189612 46.193351749356644 68.37677106599777 39.85261505989492 53.78711843295873 126.22289661830426 96.82036883598512 72.18681360991329 58.67262007348007 63.78718275716827 115.8024520933507 82.91782495008279 52.30066587193908 31.467281105369594 40.4951365390287 111.63521536362042 77.04735762973554 42.48556914689786 8.282880738187352 26.963733059212856 114.4067926414551 80.97546996093735 49.19330820521621 26.034183554227734 36.4748976569908 123.65132691323258 93.4747250548594 67.67716091019271 53.0817511388602 58.7362478400902
38.849218750688365 29.224282361078295 24.181042328715584 13.043975770892406 7.987089994049477 19.327189560006854 21.440481613687595 29.301056921656453 3.995582349265021 15.55690133319525 14.624952052367986 53.88806021003078 47.01491972084699 78.19946159380243 9.970301175257253 70.37392796051843 15.8462378331055 50.735864152088986 63.12423416073718 63.0914311480766 17.82593661163456 47.455643441680344 20.70464690638133 0.0 35.691903676102044 28.768459657140177 35.03628279548544 10.399978817848238 27.480770449752153 17.962167333898165 18.386428397364217 9.618127284597046 41.23725657125214 53.443872425422974 12.344821569722946 13.740121340041561 26.384922989322376 48.452109420285446 23.830328147762817 38.45740047606439 105.5269994107932 76.59728030937936 54.70965350522857 50.13936690457697 66.55503836529533 95.56530781143063 62.30839312538952 32.04355101407658 23.792603483335544 50.002323052824124 93.33675793699601 58.86618267133669 24.77010552896262 12.519679671431328 45.76876900001571 99.36316566431294 67.9399892563996 41.87453762339434 35.86004705136035 56.68545104631552 112.32331223561295 85.63944056927407 66.68192997130777 62.87785369090257 76.52155174599126
3.611579172344816 34.76552192129784 59.84519673310877 22.93167154250293 41.42088643773686 23.522499245867056 50.06072881737882 47.68702104144059 35.89892508865991 49.043783611499755 47.44513523004424 18.590118175330826 78.26591337402158 42.76225946710615 45.66010220493297 34.763628521248144 23.28495353882488 21.322532374969068 29.495452063918076 27.56561706900574 53.019127566557856 32.010728088772204 56.323603086892724 35.691903676102044 0.0 26.878683517626555 65.46682822848764 32.12350969223644 60.92105547183146 53.642493347941766 19.916584746201387 41.82349819660348 71.26369545421696 17.764011343742013 46.60548651541848 21.95353557805089 12.817950041082664 21.988412362253584 26.155548080911203 28.92168563521728 70.3410288453562 44.75167228473906 38.11025552454732 57.41862546914275 86.81148020654327 60.34610346958286 26.617613799735544 13.0458950412232 45.01939851968436 79.23477747369559 62.70666262694403 31.56427789387063 21.338438800397686 48.054152081565356 80.98099359942458 76.28409896999526 53.536104745897646 48.03931693969805 64.37583504632538 91.51792725040046 96.45184864892914 79.4847336497394 75.67978556577286 86.78582999647249 108.30915896672741
27.559221860277432 8.102830255887804 47.7590583847723 20.209166850567712 29.00139604971717 10.344625892903633 30.270890839184542 22.726252821523655 25.935045937117593 44.13856162898425 43.35951196050685 38.18390900157052 75.52672666425342 60.326037080379066 36.0872175291107 56.626122461170944 14.570618994744923 48.17535035747715 42.73661472203505 50.463072221618226 44.97445195808118 19.009403472960358 44.25902162081393 28.768459657140177 26.878683517626555 0.0 63.777999819424906 18.849059542877345 55.64190792641573 43.32799657602308 28.353157670136383 38.310996376869134 69.9751744755882 40.66004450913128 40.79283741755991 22.201411138549567 15.054822289200253 48.42866705692506 4.948504800639767 9.764457831100751 92.41452820902563 70.92200425641411 62.563518219640294 72.0640992295079 94.165027711992 75.9856808340081 47.84054949996868 34.61854349704539 50.02998924899133 78.75523466633017 67.82659644079754 33.5576808674477 6.829513997732795 36.90555694584944 71.21974137347554 70.8546579074935 39.27081145348211 21.420928134333117 42.075659674540624 74.00480766027029 83.8665951677057 59.47209756428759 49.34634286526341 61.05734421004187 86.11471170194272
69.04166483215303 63.352009544507915 26.06241217767101 46.33730040290581 36.33429457279763 54.27180037568734 45.33160633676535 58.49973148387797 37.95362327862007 19.72959404654843 20.41945270743536 83.93417857328303 12.803518765415477 107.58944192332436 28.98232637898925 97.62370768120097 50.51888470019914 72.85495698530657 94.80981725058201 90.32636457044649 21.0006574569226 82.47874114144955 27.090704425815183 35.03628279548544 65.46682822848764 63.777999819424906 0.0 45.0687227359091 10.511192989500039 24.78303702471485 45.56167554540153 25.689116800848293 6.20137297860288 81.95226427719956 23.124180453557262 45.76875701336741 59.63758347146663 69.08402633197879 58.85163305205345 73.48934788342191 129.92462479087823 96.99349453175122 65.80196746642257 40.58190423245508 36.860738844161915 125.31042757696461 90.77922806325158 56.337258661780844 22.399970019235518 14.98279272362392 126.85989125302353 92.88704008427119 59.64409837733904 29.693109908420638 24.511000187690446 134.3598598159047 102.80621371163168 74.03021023525378 52.788590446231396 49.875919444202445 146.90136309993935 118.59216872136277 94.56709907847167 78.84485858032103 76.71263894797995
34.6867822784346 18.834081045274665 30.035776002274098 10.600955146525184 10.687748310961581 10.74243372567766 18.29034503951643 21.212997456431154 7.1192969242347806 25.3628357825416 24.69730405230452 48.98670278931341 56.688227579194994 73.02556791583233 17.35237247411849 66.57569114961564 8.961606573806256 50.40941966713093 56.80741046996712 59.53680670269991 26.210479937593107 37.80813209054663 26.4354042913409 10.399978817848238 32.12350969223644 18.849059542877345 45.0687227359091 0.0 36.79411661523302 24.926729905544942 20.163150927357176 19.993008014826245 51.25209257848436 49.54631319608783 21.992369623141354 12.857779648350924 20.459885812264325 48.9714038142492 14.024878633772202 28.613215103907514 102.38921156290345 75.82498347873951 58.39604692170361 58.869017109919554 76.91434689143482 89.9187941735226 58.08015009670182 32.497029401673295 33.66970151353666 60.050640924770946 85.28087361142362 50.67749319271493 16.07618245412817 18.534653542219278 53.13640498935475 89.69900068597809 57.74242621016594 31.895209657272574 33.09472114608867 59.73320927752864 102.0029179034926 75.30735863144778 57.728636621802046 58.21328824859392 76.4184047956879
64.38334036507528 54.386591364848364 15.645158170088976 39.91053268465721 27.1745936970801 46.73333547957805 35.04434641804176 48.44285131148246 29.74676002823028 12.108024320960322 13.528980459206444 79.50834038235446 20.04027612636925 103.61764475341872 19.782353443078758 94.47963534647262 43.32449162461997 71.19450185533312 89.67912040213194 87.1198814588344 11.123963237071138 74.58912090827992 16.5856993529374 27.480770449752153 60.92105547183146 55.64190792641573 10.511192989500039 36.79411661523302 0.0 14.480700402665265 41.22363810672564 19.21525736207809 15.846571410093295 78.15054684523525 15.141148889676382 39.833169492405595 53.43859540943421 67.81405118934765 50.80444197570331 65.40636547365602 128.10032377071607 96.30533217167174 67.3391255326974 46.7890523558485 47.314794558528995 121.25463502706661 87.08279409871204 53.46951287565918 23.008995048721278 24.386229026483182 120.69073884581462 86.30316312885263 52.20219682230851 19.91869986612712 21.52421241182022 126.49270558620356 94.17639621633427 64.28691314958826 42.32310671408782 42.94773665599595 137.85882104556927 108.84026874961098 84.15533865233844 68.64987480519154 68.83499810965374
56.81132808047016 40.99239957504724 6.599764230856822 30.94914793920497 14.347393689188635 35.56532990393377 20.57230113872024 34.0031793136726 18.587520278382936 10.13821166801651 11.705535168494546 71.83788381270595 34.04771071608836 96.14734928973648 8.042362987329032 88.27617879213909 32.867591509503676 67.63744560391886 80.84796361228025 80.97253950559903 4.392383261916815 62.31230747334957 3.977923205888649 17.962167333898165 53.642493347941766 43.32799657602308 24.78303702471485 24.926729905544942 14.480700402665265 0.0 35.50687232514436 14.49385909759215 30.32623371546839 71.38264631000663 9.470460955758412 31.689841267699567 44.02893230429346 64.92867576036271 38.73206810321493 52.996737409347254 123.23718536616866 93.44395807209371 68.34426793441756 54.816975812621685 61.103673657030406 113.47268584290218 80.26004736364231 49.01163446564872 27.52173256725367 38.82771631926489 110.17962379738012 75.57742473563395 40.978032645173876 6.426942471247257 28.25360897035799 113.9207764593054 80.88653207726331 50.02156763283389 29.266393365247023 40.07149520838254 124.06120975268963 94.51814232299863 69.79231345356187 56.59546920748948 62.689070674703665
23.48147585182779 33.43524367620673 42.01645122798164 10.01582241551321 25.791302955657475 18.793439178375387 37.72615771240958 40.867205583558075 20.222930473879966 29.579111271819304 27.88260772786741 38.456691861134615 58.356740850765995 62.42275937391345 27.929890436590963 53.391255384632224 15.142707886981848 32.36264310898305 49.27702009907819 46.03188002660438 34.15646670774884 42.91218915649831 38.70526270784506 18.386428397364217 19.916584746201387 28.353157670136383 45.56167554540153 20.163150927357176 41.22363810672564 35.50687232514436 0.0 22.41143402794128 51.39769201289423 36.92756708871866 27.47460475774187 7.526587165846119 16.643965537614772 30.0980482519971 24.417479459219734 35.851173162108985 87.82961916322937 58.228627927372465 38.23522037372998 43.91035075050949 69.2035662968147 80.09280594220964 45.86201908203748 13.66180420926187 25.78406220204506 59.479775574846364 81.87654717803042 48.8833496203877 21.685065595471304 30.753041755952495 61.77462579543626 92.63239022288509 65.18686916765027 48.09061529589895 52.63931821560452 74.99266323902432 109.75300641369404 87.6496218067128 75.5905712782207 78.35915523345824 94.66321582641471
45.24556134108293 38.77646659935424 21.03190738550851 20.861456850962306 13.964330131447399 28.60836396967889 27.050369381776058 37.3714646210714 13.132039309568496 7.2204192428495135 5.690452784629573 60.388868665705566 37.98534443071157 84.57609603783034 9.418795516340817 75.7991949354759 24.830337664891992 53.789668926500575 70.4639712071892 68.4410865365028 12.06972344585595 56.84554293072259 18.308543063028974 9.618127284597046 41.82349819660348 38.310996376869134 25.689116800848293 19.993008014826245 19.21525736207809 14.49385909759215 22.41143402794128 0.0 31.880492988863068 59.237494383028285 5.276281308500427 20.637284718665587 34.34720900584189 50.85470616101241 33.36395296252006 47.94923313509283 110.08561135410088 79.45719823110109 53.878273077468585 43.44085295744877 57.15036779136076 102.1674072183688 68.1779631358604 35.39971495187393 15.902659583947234 40.589394512717945 101.6680469854034 67.43428732852932 33.95918118914429 12.40646672158451 39.363262008689645 108.68986015937728 77.52997807017607 51.02090333646749 39.87719819185443 54.51671830697936 121.94005169799877 95.07204473115084 74.85169315151069 67.53978861384819 76.91056445864581
74.85281000662548 69.47575678739477 30.804983056301246 52.477601268215835 42.391492047682725 60.4705317389656 50.890380523635294 64.25157954288359 44.13473993370213 25.89810431794014 26.618608866082976 89.65930603977301 7.526615166683823 113.1599600955157 35.009525672898185 102.97669826228157 56.707514017023534 77.81001187430847 100.67425102423216 95.7143427313027 26.782174951807047 88.6799058042613 32.267620915409566 41.23725657125214 71.26369545421696 69.9751744755882 6.20137297860288 51.25209257848436 15.846571410093295 30.32623371546839 51.39769201289423 31.880492988863068 0.0 87.52621122520712 29.286642508398756 51.858583582126535 65.73055556472858 73.92173159307225 65.05032539811162 79.68911617795197 134.7796268309284 101.49200590946384 69.50209414300387 41.896172736590685 32.78523849642742 130.8816080621973 96.30474412493655 61.75812644783983 27.35658335943106 8.806426814736552 132.89249884028507 98.99567582745397 65.83855540307616 35.55461831699881 24.256758875849027 140.5588135993219 108.98264650798615 79.95285214955464 57.46741741245173 51.06225350530148 153.03256626538214 124.52190254755698 99.93586317901338 82.84554272919881 78.3219370293695
14.86607906148735 48.74288606461125 77.60646724471745 40.68339384357034 59.122997414135156 40.13075791266429 67.097728007484 63.03623743933772 53.63668887455157 66.44476919587959 64.78338483195259 5.4790833589630585 94.7347769779389 25.638293000913674 63.41388727568212 17.047178085766436 40.60073227230489 17.92812933384301 17.1238035473116 10.053525656376133 70.65030406598218 37.61131365975963 74.08734372234495 53.443872425422974 17.764011343742013 40.66004450913128 81.95226427719956 49.54631319608783 78.15054684523525 71.38264631000663 36.92756708871866 59.237494383028285 87.52621122520712 0.0 64.14572745602602 39.703806396585044 29.339520645862134 21.748300058108104 41.45831842899207 38.85900999437925 52.886438054003875 31.438070594464506 39.680798216534264 67.49530148930987 99.65692254064119 43.360609409871806 8.940544402392273 25.972650151708 60.531629033675905 95.12324640649963 50.66596479827099 27.577655824084577 36.726764006934395 65.81811505862088 98.53950642612011 69.69669139918965 55.046295593733866 59.97797077025112 80.99022008269216 109.1616735437781 93.55093943870037 82.99702528942561 86.13916009164511 101.71590019443789 125.16794540237424
