0.0 56.615285181522935 35.83643176207411 46.34383996262175 49.70619969902879 15.959305019437906 60.02040497054555 31.174822388826932 25.17625882549304 62.64936675210743 27.482346523054048 29.27095803061384 11.893467992980618 43.71831818135213 49.82695062815808 51.439291694649576 7.982714683512779 3.996261188269974 23.60931334557027 18.99791387632549 17.825987252321024 21.37305375401268 28.743764656639346 42.48195027613596 39.14265233650666 46.72579838354886 45.32946679230571 26.317727026219465 32.11578646913834 20.68551774922574 22.425063032711964 20.07080768404926 17.354110563600347 45.66215301903165 62.623311172418994 32.73936856712215 62.8443152840376 8.504051815776997 44.42284883804304 30.39149533096024 99.98777058697358 69.88052446119595 46.51712051937626 42.88611284747307 62.52532463197251 91.9464984215461 57.914391569927886 25.47245414091836 18.39744762769277 49.223340283679605 92.16258612879071 58.25371082996107 26.22780195844334 19.420365403114605 49.6110251449315 100.58281721417542 70.72156430942059 47.759766310526246 44.218434828491006 63.437873233748874 115.4250759024503 90.43295240135794 73.67528194765019 71.22312138505374 84.33372059655869
56.615285181522935 0.0 91.17879580826781 26.626836604900753 68.5015017453655 69.97256345478239 36.18602095285417 80.42297465926431 31.45531698773915 70.8213896330819 64.13581698939039 31.007866739672316 49.11853736769482 26.612361304678533 8.15522269989401 42.96929788976998 63.140643665987234 58.594018928896006 42.41300934009839 75.53160850855559 74.42182993034766 42.79287169812479 32.195967267279364 30.860959876932093 59.85869307486785 53.901594406215246 29.866727447389525 75.2594123819671 72.47460450149605 77.13133431277167 76.80404603111126 76.23567901472833 40.39459001318253 19.454056649648567 10.928028367672098 27.87468370489935 32.273106200952434 62.60753000806883 19.33347524189788 86.97027814377385 49.21771337063189 34.667256748240135 48.74510081175312 77.10500500783849 109.12886658418962 35.375456810948556 6.449932040899268 35.023333657936945 69.32906876716665 103.83284282983732 41.08361530869178 21.772411171290454 40.68239697537688 72.32511357111886 105.8377615793285 61.08747788780413 49.991026926060805 60.50893208410089 84.96095703697412 114.76150420520071 85.92296574253244 78.20921014900858 85.11955825890227 103.77250107244727 129.17762534540077
35.83643176207411 91.17879580826781 0.0 75.39849939633797 56.28719929102734 21.213652915463634 85.56125860009948 17.91676390877952 60.28411570435403 70.97016159935453 35.920233024659524 61.177173765911775 42.16069217307467 79.38528586276007 83.7779779726354 73.64633232451787 28.34611723506191 33.001753277259404 51.27436212457731 17.906067503512002 20.55668018227442 49.981043448619204 64.55036447592468 70.4441550438954 50.979678539517046 62.925367800509356 73.30698720698 20.37553043737294 31.150760238448125 16.019868442780286 14.439506445169814 22.137586801793066 50.78448388357486 77.18470551494372 95.68994568467735 64.6949998350876 90.05028338876312 33.54819520275142 80.24280847112396 10.708184323531082 135.81183636043167 105.35941543544862 78.42926232288998 59.97068618511977 58.62259343882592 126.49515990837517 93.16254300037431 61.25627385656455 34.931940778282886 32.90877721754191 122.9898578215469 88.38995590683014 53.795147090876114 19.23293432942446 15.516057565801276 125.78292436442246 92.2021203649941 59.79932346228572 32.33463039140888 30.16519033815836 134.48234968960261 103.65596866691608 76.14732681076474 56.98305889673881 55.59245186267908
46.34383996262175 26.626836604900753 75.39849939633797 0.0 42.35408159822585 54.99853049252751 15.640098141428387 61.28180092630812 27.31855198759931 44.2729661069372 42.7687551047868 17.664739480408947 35.25305968228282 41.51814162847034 19.37129265884479 16.75152772262289 50.21965245310372 46.52889394823891 24.314470541771165 63.01139406301937 62.98279731229192 25.981308667445774 35.91575182591706 5.325233605999585 34.82408861483702 27.414627705227858 3.301274874603723 56.61237432910985 50.83599609454293 64.19032106920605 61.22338012818166 66.02037250089383 29.43456785678585 7.692965604207883 24.07949905507627 14.782641227301376 16.74660888984018 54.39410047883157 34.74796415744825 74.02770656373642 75.19115440046893 59.38904140933785 61.60515703084941 80.36243587477865 107.31186056811131 56.20691418245075 32.48786361888969 36.69526391861628 63.50165774588459 95.46316414887634 47.608479007213354 13.076866148217338 21.686307849801 56.25337174849116 90.84845669030416 54.55099288047285 29.559064252465532 34.15415534189538 62.08151872430554 94.53340255755847 72.7111229788816 56.246089912735506 58.6100125584697 78.11171634006195 105.65293465582621
49.70619969902879 68.5015017453655 56.28719929102734 42.35408159822585 0.0 44.69455088702936 42.14829148688333 38.37050497938878 52.28209361964807 14.754939196121832 23.7198187129738 42.88911971137144 40.37654423462324 75.18238240311246 60.63263185869898 29.09248011185322 46.57870128379683 46.62210620690969 34.04201833056186 54.41428269718929 56.489720014698605 35.75621203333239 62.760336258509454 37.677330760953765 11.25131929199108 15.310839473082085 39.05534330051924 36.86939800085378 25.289222862792105 54.33297772163313 46.90182431631197 60.758779862007856 44.444082894553304 49.057107324236476 66.18374232878408 44.15713180878806 48.30819559891908 57.11262497056754 70.66279172116525 61.16087398032445 117.49067440290283 98.31429121462409 89.00584797935528 92.59093868611515 107.79064297422885 97.71678093159707 73.81940117156623 61.19493870343404 66.59668818806641 86.71908125054902 82.96082755798543 52.98797381122896 33.58251061702063 42.926423815940794 70.37331806388276 76.19711234623604 41.726676451550546 8.431195676860442 28.211850851377186 62.57464287908906 79.49298016581945 47.42926997824872 23.97460015744244 35.98432022330743 66.4063641398094
15.959305019437906 69.97256345478239 21.213652915463634 54.99853049252751 44.69455088702936 0.0 66.37391417004937 15.933421271443983 39.24334976444936 59.11704708655894 21.07057282997939 40.07192634241617 20.963142447358816 59.48859695118158 62.567973868480635 55.446820990430844 7.976600998499947 12.44102224202118 30.687595859137915 9.854257558593947 11.806969213331941 29.17022565034776 44.38298666607703 50.2635795637599 36.23979348459882 46.850704900986734 53.16842077194573 11.874522371489777 21.474026975260312 10.197101763018104 6.865413439316639 16.0881185651171 29.58255583215192 56.24886866494495 74.57106490039413 43.60920258730038 70.35964965122008 17.491164724984884 59.65835768420898 19.31488275083123 115.14841207924555 85.71744046418145 61.89186992177356 52.04352691994712 63.09718690939998 105.28172525923904 72.05942197014552 41.17914146353484 24.3664906166291 43.43469597783762 102.4088229624128 67.83340875329299 33.31711057564936 3.680022093817687 36.220290716620156 107.09419708070885 74.65886912718953 45.53637932421864 31.112896953554564 47.5110332892045 118.44401837515828 90.05681850140265 67.72194672845832 58.79693887872463 68.72178997814214
60.02040497054555 36.18602095285417 85.56125860009948 15.640098141428387 42.14829148688333 66.37391417004937 0.0 69.75293746348572 42.89237680632332 38.657784324531654 50.51834320447289 32.713729904804964 48.355487643479066 55.999589310034175 31.06072581630887 13.350503157491108 62.764580719447586 59.59149369312496 36.67805471595928 75.19625709192084 75.60593289172954 38.76562771565098 51.51573390180464 17.80962853426967 38.44571157477283 27.291451976945602 15.208365159131104 65.68220240806141 57.70094371174163 76.15263088438176 72.00152635345916 79.00262068098021 43.918046289763886 21.64918609795954 28.95566048967961 30.187386115612565 6.258292733352304 68.35660546985373 48.804792265254406 85.68511596364827 80.67669525412343 70.75955012664335 76.81051382900866 95.85172120477314 121.9426348766937 57.34720449040016 42.619634288089344 52.33529968097791 77.82257358943858 108.48290799868151 40.919972465011135 14.730499020366642 33.97618993245371 66.98227966642948 101.06295326288006 40.81725118532367 14.445362240462307 33.85468321702872 66.92130640305787 101.02293558906587 57.12717290981055 42.32583571550958 52.098544562581395 77.66504885673247 108.37103290553627
31.174822388826932 80.42297465926431 17.91676390877952 61.28180092630812 38.37050497938878 15.933421271443983 69.75293746348572 0.0 51.53657645132115 53.061087278777194 19.2454295821122 49.45680626630713 32.25982331281723 73.49747189813425 72.54222363069691 57.246125003323904 23.42943083471472 27.287416245473146 38.354912887863705 21.72922766432126 24.792743898992693 37.680895764735226 58.327105564993424 56.07242294063296 33.521860707170674 45.663758945471855 58.80669718617128 5.27485630482957 13.320051677061093 20.636682711106943 12.411686085056013 28.633244839819884 41.18571087687156 64.30947665042528 83.32740813872192 52.752223740863926 74.69768398835251 33.39731140135679 72.70215043057532 24.09484437903424 127.55636060736201 99.74185363248513 77.59520732086354 66.99523590648563 73.14693207759245 115.11749780647419 83.41227691357018 55.299202826750715 39.41091197228242 49.429367667327895 108.67004110745275 74.35062320194848 40.51795062293631 12.257458581986786 32.459791668700845 109.28003698547812 75.23125218502182 42.097570041880566 16.71881509134995 34.37559351174849 116.83696599957406 85.74834555787542 58.73242327898989 44.057155609140594 53.17316066316788
25.17625882549304 31.45531698773915 60.28411570435403 27.31855198759931 52.28209361964807 39.24334976444936 42.89237680632332 51.53657645132115 0.0 60.82390452851348 38.65385483053003 11.237770510902568 19.277492329487302 23.63555845154174 24.967113591791215 39.369510391332874 31.9870173765683 27.36457098150835 18.43605814663181 44.139255264362895 42.96854443802885 17.194296138096814 10.655007079604486 25.799865088383697 41.27784502799615 42.05935602012677 27.910913945694173 46.261801916652146 46.45942928708994 45.77616003395748 46.10706627484346 44.829631627348945 10.423675631461114 23.551040483880143 38.12319076360765 12.819657814564595 43.694404087148634 31.353443273265206 21.297258341439683 55.5598191483842 76.14414252623816 49.08477114916877 37.62347435969449 53.07130706617356 81.31683829833057 66.7703310076039 32.89322499772156 10.025169798578206 38.908822124308855 72.95300870806035 68.64798651347387 36.522569775607245 18.710902477478363 41.96600240601826 74.61260323954491 80.99828864314736 56.259238148961224 46.52196255032265 59.651455395767314 85.71529192867426 100.01350732432516 81.08927564397266 74.4512263962424 83.09780448809782 103.2581745893031
62.64936675210743 70.8213896330819 70.97016159935453 44.2729661069372 14.754939196121832 59.11704708655894 38.657784324531654 53.061087278777194 60.82390452851348 0.0 38.04774987354194 50.220013257483835 52.28401652153757 82.22429636941479 63.61401104534022 27.978530624158733 60.37419145757323 59.904722257216406 43.802929537051945 68.90840659553086 70.86356587612855 45.89276776605849 71.4780593294148 40.77223854738714 23.586667954993903 18.82544108130204 41.13263598308048 51.62114238915331 40.04016256288457 68.9053043271385 61.59726845578674 75.10775609234693 54.64264246521193 51.81287138304656 66.25911039285289 50.520292775426945 44.84122655064294 70.47708565273733 76.71484989031781 75.89993335937397 118.40471367858625 103.2100077274893 98.38495523297185 105.36392829800643 122.14000001238054 95.99704013588986 76.7605412067225 70.4534367294175 80.18696837799496 101.4444189541509 77.4947754514103 52.07367359352385 42.5759776286211 57.52025200832414 84.84847695279888 66.25620811394207 33.33089168867983 15.061936304473889 41.684839775462784 75.1215026893108 66.09734241613926 33.016889480723016 14.360434229948229 41.43886961995246 74.9865889559478
27.482346523054048 64.13581698939039 35.920233024659524 42.7687551047868 23.7198187129738 21.07057282997939 50.51834320447289 19.2454295821122 38.65385483053003 38.04774987354194 0.0 33.43981312841167 21.182024430524052 62.15717599760653 56.030976282932265 38.030525147217084 23.140931556667358 23.9243382893217 21.911142751018204 30.88178275005333 32.82335472247435 22.100198447092605 47.65116962924483 37.47210180825943 15.499801962008636 27.068270278041403 40.092141711529166 15.558323579709944 8.340907250309144 30.96220038682166 24.1544938911549 37.07805718307639 28.560100289435464 46.63379005371912 65.71542864636537 36.31093461516569 55.53867824161191 34.061697334908 59.704811716286535 38.67429480658859 112.63534115074276 87.70346854652513 71.35712342385598 69.90380592794446 84.11900769107116 97.88405424708941 67.93383256973132 45.205587220957355 43.20771460986199 63.91470930166104 89.77677888898783 55.7455774300731 23.454636426533074 19.68557157995196 51.1837345120802 90.12520754456513 56.29987881579285 24.7315519581277 21.177180119567513 51.770128852043364 98.83993883545325 69.29157882289493 47.20307880135643 45.27423955831088 65.31616380040693
29.27095803061384 31.007866739672316 61.177173765911775 17.664739480408947 42.88911971137144 40.07192634241617 32.713729904804964 49.45680626630713 11.237770510902568 50.220013257483835 33.43981312841167 0.0 19.215469140213415 32.36167292330149 23.085721343257198 28.163583402609536 34.165551548769436 30.03778404629045 11.533090665460444 47.01240674274054 46.57413654570431 11.788022927895986 21.61486101669347 15.067675461782393 32.38688077099904 31.394575440824163 17.507392029389848 44.329826693075525 41.733698806983234 48.38490730088562 46.74073847673651 49.26401274343211 11.985436000094348 16.46843330697556 34.51300436902846 3.5565329903929532 34.41124669146372 37.02368527090542 27.893122491835747 58.340422171251454 79.19587998908833 55.8655526650372 48.62860525107497 63.27188340701799 89.64781044426722 65.75360925982048 34.50219653247078 21.262934655238663 45.920252661704026 78.48613386146438 63.01208901629262 28.99360914400296 10.275631242743712 42.01667574821748 76.28936165454346 72.20087439087725 45.515529553507704 36.403156266480586 54.53022400347898 83.76592422488949 89.72622177879495 69.88156563112013 64.11587839390891 75.71679349262877 98.74205830103317
11.893467992980618 49.11853736769482 42.16069217307467 35.25305968228282 40.37654423462324 20.963142447358816 48.355487643479066 32.25982331281723 19.277492329487302 52.28401652153757 21.182024430524052 19.215469140213415 0.0 41.846892999906984 41.6228409705754 39.5463621630858 15.053849081749808 11.305833269636778 11.75687363896171 27.914597570424373 27.735640426898662 9.591043101167449 26.908422256555497 31.04795355953179 29.289154948795975 35.43947601907036 33.93911197927078 26.98524653519311 28.151830260152 29.22313365148645 27.735640426898684 30.812901274067787 8.96367099660689 35.58743889453396 53.64714910763806 22.770418722956972 51.4678375648994 20.394202492495417 40.495336997499145 39.16616294257906 95.34945298418721 67.90339625989795 50.24969908709311 53.23533872797412 74.41625035503742 84.366049544665 51.527851527398035 24.23746319554496 30.24294518267953 60.304749535205474 82.04204574185978 47.66486894962508 14.416504677867513 23.207431890584477 57.13306919349875 89.05807752138865 58.8332725785305 37.23166755683535 41.302185082484385 66.48589499133664 103.53208846126465 78.88785654128756 64.20647292779311 66.45618941232269 84.29208590129247
43.71831818135213 26.612361304678533 79.38528586276007 41.51814162847034 75.18238240311246 59.48859695118158 55.999589310034175 73.49747189813425 23.63555845154174 82.22429636941479 62.15717599760653 32.36167292330149 41.846892999906984 0.0 26.396456349429197 57.34868301009977 51.590550967939386 47.047632279952694 41.897517273365935 61.836918147837224 59.809110127523745 40.80479939098695 15.178953878450683 42.81666959557717 64.44261568128776 63.46767723750038 43.693596802316456 68.27570799494713 69.77032811446865 63.675115974484626 66.11859532211487 60.286947759623516 33.616878987154685 34.43387453122432 37.347529593147364 31.70520659557626 54.18796210813331 46.616271773964726 7.601706489639689 72.59758242002115 57.27544342794456 26.26794667906481 22.234712487330807 51.89998718553512 85.36793141459087 55.84355314913506 23.01125837268632 18.313534573742775 50.35975613912799 84.44925388224334 67.49334798324952 44.19475946940581 41.783078061859264 62.71601522214512 92.27998495322879 87.12601907370868 70.43365512858327 68.743156938608 82.97655544297199 106.95494918309703 110.56718642889179 97.73696763529954 96.30473741355823 106.73034026247579 126.10632058528763
49.82695062815808 8.15522269989401 83.7779779726354 19.37129265884479 60.63263185869898 62.567973868480635 31.06072581630887 72.54222363069691 24.967113591791215 63.61401104534022 56.030976282932265 23.085721343257198 41.6228409705754 26.396456349429197 0.0 36.06007802267158 55.98857292853219 51.52365602013152 34.384734513745535 68.57101044677071 67.64639894418154 34.86556610919647 27.892476893201167 23.151225193335716 51.79200326387442 46.248418699052635 22.482075720214468 67.41242835274753 64.37159808392737 70.110408397548 69.35833862336062 69.71084879956028 33.103812792982495 11.819566888292304 13.353374296125013 19.846585225275753 28.26545276323069 56.318689014877336 18.814477748542334 80.0176803440351 57.319782880091815 40.23034530030708 48.43787100146103 73.95131845826508 104.81503301394888 42.76759582526791 13.242206559958438 30.273695489416987 63.65916324208549 97.89450093231142 44.46592385899285 17.948472038815414 32.58720381756326 64.78080731938728 98.62063212772341 61.073746085947775 45.374520728726296 52.74947058818294 76.81784303535508 106.83758802012701 84.18621962755262 73.38497924147462 77.9624289437152 95.73753193005878 121.0287538349728
51.439291694649576 42.96929788976998 73.64633232451787 16.75152772262289 29.09248011185322 55.446820990430844 13.350503157491108 57.246125003323904 39.369510391332874 27.978530624158733 38.030525147217084 28.163583402609536 39.5463621630858 57.34868301009977 36.06007802267158 0.0 52.873815447762766 50.30589560550521 27.927468693965324 64.74073189337697 65.5303500035739 30.247705296108908 49.41388005492786 14.540878337704523 25.178530007077907 13.99631678741581 13.920134178431496 53.464560268618726 44.816680671778656 65.50158170295282 60.58429658438083 69.22359407219254 37.24957983518754 24.441933119621964 38.40265139775844 26.93550832980737 19.32674234696623 59.940434550071174 50.98276029931185 74.68375404092492 90.49988179470047 76.14048232073229 76.15289722813844 90.53121411684346 113.96176536527744 69.03765371572844 49.03848462056427 49.37773791230697 69.75931273259917 98.43462352062495 54.243952023266615 24.44837401555483 25.453638597542547 55.613851769580414 89.06605057054732 52.143635820936524 19.399137212676347 20.701369337542534 53.624800793893115 87.8495545108451 63.998966046509004 41.72045352817757 42.19182999349358 64.91941529173019 95.09856009829286
7.982714683512779 63.140643665987234 28.34611723506191 50.21965245310372 46.57870128379683 7.976600998499947 62.764580719447586 23.42943083471472 31.9870173765683 60.37419145757323 23.140931556667358 34.165551548769436 15.053849081749808 51.590550967939386 55.98857292853219 52.873815447762766 0.0 4.6578534208531455 26.18270783126307 12.863515791368897 12.84872056250807 24.287233784465815 36.529986324045936 45.83994228028778 36.85580969533817 46.09362750756778 48.74950143007071 18.785552319644932 26.11787354591942 14.226131961573223 14.536058934628956 16.352982752279946 22.898035715847847 50.599620593364875 68.38909551870243 37.719951467625194 66.22225289751832 11.209652386920505 51.986548248873575 24.184424334674624 107.53923886081697 77.79462999908279 54.16763674960182 47.02204949914202 62.31232030013216 98.51413342015609 64.8802388786287 33.29720402666854 20.07011910461265 45.73579617362438 97.08806967196917 62.71417913914441 28.894568490061932 11.470690566323654 42.697894873541784 103.57548089825806 72.2695575258502 45.96439418774782 37.38168011623187 55.46965270277058 116.66327962349729 89.88233034393828 70.30020243036401 64.80876696958342 76.50494593003371
3.996261188269974 58.594018928896006 33.001753277259404 46.52889394823891 46.62210620690969 12.44102224202118 59.59149369312496 27.287416245473146 27.36457098150835 59.904722257216406 23.9243382893217 30.03778404629045 11.305833269636778 47.047632279952694 51.52365602013152 50.30589560550521 4.6578534208531455 0.0 22.91732529982055 17.08264361065501 16.547491860215825 20.847801708191827 31.947942202048022 42.352845759399536 36.32410830173769 44.609981454945 45.24488224430611 22.372048346122426 28.214447756137865 18.587483856337954 19.140071336287246 19.50783323722927 18.504491007642144 46.50554138816619 64.04528432464923 33.5772061022466 62.772682287671024 10.573716825462027 47.33973021147857 28.512968767737807 102.88691724052187 73.28019079467536 50.48831638113338 46.07568691450245 63.96626348314051 93.9693434661999 60.254798861595624 28.73835140035321 20.395923065680247 48.999421377675105 93.04469889831127 58.8158871908242 25.61548901267755 15.743254653539674 47.26942939401567 100.33425679826624 69.68500273634412 45.16482238784419 40.231179611827756 59.933792649781914 114.27641079082396 88.43434631152135 70.54740825259452 67.2904724050968 80.46021503798275
23.60931334557027 42.41300934009839 51.27436212457731 24.314470541771165 34.04201833056186 30.687595859137915 36.67805471595928 38.354912887863705 18.43605814663181 43.802929537051945 21.911142751018204 11.533090665460444 11.75687363896171 41.897517273365935 34.384734513745535 27.927468693965324 26.18270783126307 22.91732529982055 0.0 38.838716647379414 39.02797206068327 2.35522481175804 28.75136849417908 19.701073227676282 22.916578445319082 25.654316269674066 22.615009099379517 33.34534421470898 30.20062088356556 39.949978828964355 36.987943100090106 42.33724653539728 10.847457345370392 26.095180078870538 45.00784030609475 14.542394979685028 40.04470757377466 32.085071578295924 38.46903646358379 49.74095776392808 90.7250576040976 66.58416330757359 55.05143515686234 63.424484282257424 86.0782486096749 76.78117945996357 46.034965857763524 27.164806007154148 41.85063119119598 71.8321934683017 71.77112934608103 37.172566249748876 2.7127026190210595 32.0588869010458 66.65613327441294 77.44879007564253 47.13001047693511 28.96547507196658 43.03019474938538 72.5192017983429 91.85293311332693 68.09907903582317 56.85770678198327 64.98387559491374 87.222705561089
18.99791387632549 75.53160850855559 17.906067503512002 63.01139406301937 54.41428269718929 9.854257558593947 75.19625709192084 21.72922766432126 44.139255264362895 68.90840659553086 30.88178275005333 47.01240674274054 27.914597570424373 61.836918147837224 68.57101044677071 64.74073189337697 12.863515791368897 17.08264361065501 38.838716647379414 0.0 3.177846686080895 37.03766694427516 47.24463050308575 58.538087168097555 46.094035033409874 56.613335743570346 61.451666596942914 19.447177118024893 30.465161288791407 1.8862045143652915 9.318835099637845 6.958841489117818 35.587107733321616 63.45715910903892 81.1276339528412 50.56434491092364 78.86197995503245 15.644770659943196 63.172720815456934 11.447914356050742 118.65635620376396 87.64520435705825 60.653501172800944 45.506339583837935 53.45672138119431 110.8907016770903 76.91222934482163 43.92132446225299 18.371795716741847 33.775900119789455 109.9515744479221 75.56453682346844 41.53916348127795 11.655786365340235 30.676782500573562 116.00493859953474 84.05485279431781 55.39058616241315 38.28631677264257 47.522555997306625 128.06272068044072 99.90530617990196 77.18063258954196 65.782976243764 71.36329556537774
17.825987252321024 74.42182993034766 20.55668018227442 62.98279731229192 56.489720014698605 11.806969213331941 75.60593289172954 24.792743898992693 42.96854443802885 70.86356587612855 32.82335472247435 46.57413654570431 27.735640426898662 59.809110127523745 67.64639894418154 65.5303500035739 12.84872056250807 16.547491860215825 39.02797206068327 3.177846686080895 0.0 37.106479827199585 45.43263373071186 58.66665065655621 47.80138157343517 57.97016640277615 61.57357218773811 22.26143435955447 32.99451893977849 4.8319815100916435 12.390074576579673 4.285063356639142 34.90401266487782 63.04242038127587 80.38008560966017 50.10690129146849 79.06067014398555 13.270583652674645 61.45552249552316 12.843849663336968 116.81823268654132 85.44373363155047 57.875585682718075 42.34802112277405 51.30249547657364 109.72699206938883 75.55737923634739 42.10311958181527 15.20783196645398 32.9352999215826 109.58568996558324 75.35391946638217 41.74031453517304 14.182576670527869 32.4790401576042 116.41964282441816 84.9030049475837 57.081772140001306 41.26691921127173 50.422316302153355 129.12572776242928 101.48768752918035 79.50352028636462 68.8231837938189 74.4796172804705
21.37305375401268 42.79287169812479 49.981043448619204 25.981308667445774 35.75621203333239 29.17022565034776 38.76562771565098 37.680895764735226 17.194296138096814 45.89276776605849 22.100198447092605 11.788022927895986 9.591043101167449 40.80479939098695 34.86556610919647 30.247705296108908 24.287233784465815 20.847801708191827 2.35522481175804 37.03766694427516 37.106479827199585 0.0 27.24367091346806 21.560639717663676 24.552664025098828 27.88419921927732 24.4670973567098 32.57680757505448 30.270995515435654 38.20948048710469 35.614330336510754 40.32517890491883 8.7857921220403 27.21133639871979 45.92972547500127 15.083903657493217 41.96568883245353 29.82725379556122 37.752758112496544 48.0610670088858 90.71556972530115 65.84210110242486 53.252689889737184 61.08448821211819 83.79486521276105 77.46885589302407 46.127604619248515 25.474107653370538 39.55940333261982 69.82696185349653 73.24177137599307 38.685154439115884 4.855876609280713 30.748531107916328 65.28567267729389 79.48679974118849 49.41228870133341 30.981173100329016 43.27733551493922 71.97817948751778 94.14218970933211 70.44715050449523 58.801674691284056 65.9337522150887 87.35942546510739
28.743764656639346 32.195967267279364 64.55036447592468 35.91575182591706 62.760336258509454 44.38298666607703 51.51573390180464 58.327105564993424 10.655007079604486 71.4780593294148 47.65116962924483 21.61486101669347 26.908422256555497 15.178953878450683 27.892476893201167 49.41388005492786 36.529986324045936 31.947942202048022 28.75136849417908 47.24463050308575 45.43263373071186 27.24367091346806 0.0 35.3377523066855 51.66778586225708 52.706274062268676 37.094547604141155 53.112760443474826 55.01105264417284 49.04604881021326 51.06585858311956 46.34903186343939 19.197647256730868 30.616329157049623 41.10351087656658 22.485249290765594 51.41555927788656 32.49422987974965 16.096123973157294 58.27608582281885 71.41359102288345 41.4450929166905 27.024631438446754 46.236413306549515 77.07218278916888 66.0846724862469 31.491390022693572 3.3295261647817074 37.753387058335896 72.34918876701276 72.30763710891166 42.95356908533669 29.265364524835043 47.56839050508788 77.87091716653356 87.65547970100975 65.40299059245218 57.15251133098574 68.19133552922347 91.80684749529583 108.31578780119452 91.04501346026873 85.09283849122085 92.6666064340404 111.03207118043602
42.48195027613596 30.860959876932093 70.4441550438954 5.325233605999585 37.677330760953765 50.2635795637599 17.80962853426967 56.07242294063296 25.799865088383697 40.77223854738714 37.47210180825943 15.067675461782393 31.04795355953179 42.81666959557717 23.151225193335716 14.540878337704523 45.83994228028778 42.352845759399536 19.701073227676282 58.538087168097555 58.66665065655621 21.560639717663676 35.3377523066855 0.0 29.69301818162254 23.097456275612494 2.913988994957174 51.45733187227504 45.51866268104023 59.64769634367488 56.36287680228457 61.85627863279576 26.114760879503017 11.40929536569421 29.225542198759417 12.998953117121967 20.419892476838378 50.721209101444835 36.55809523554782 69.41373130751383 79.82821898264737 62.44414612795 61.812479623934614 78.33950664145986 104.15449282078514 61.432070103486026 36.39342299980616 35.63562882210226 60.08452087619282 91.3522635697425 52.67775658750341 18.294759024355816 17.008955058863727 51.368911536044465 85.92484953937615 58.10113553541434 30.495556246300584 29.64892031307684 56.77130019111988 89.22861143979549 74.67431078315032 55.76996855958416 55.128268139464424 73.230883892903 100.40517225185755
39.14265233650666 59.85869307486785 50.979678539517046 34.82408861483702 11.25131929199108 36.23979348459882 38.44571157477283 33.521860707170674 41.27784502799615 23.586667954993903 15.499801962008636 32.38688077099904 29.289154948795975 64.44261568128776 51.79200326387442 25.178530007077907 36.85580969533817 36.32410830173769 22.916578445319082 46.094035033409874 47.80138157343517 24.552664025098828 51.66778586225708 29.69301818162254 0.0 12.23722212527113 31.64122496167403 30.668646544070395 20.389010051884995 46.30344279510473 39.65429503570514 51.985151474014984 33.20702975598964 40.68257495826036 58.89350918701028 34.03710788255453 44.153197454667236 46.894426321622824 60.27916988803504 54.173823957339565 109.07383732913756 88.18311507271159 77.7827625438284 81.96823218037217 98.90480573070276 91.00777769557378 64.76713531266145 50.019538666508645 56.6032940498737 79.37706068464341 79.10259507069381 46.7781045139076 22.671718439049318 35.137840176454745 65.95584923044052 76.29962408536326 41.9118673593955 9.29678704465467 28.4799843220997 62.694835500591225 83.52051709152073 53.85208691030811 34.91774834788728 43.969107688119756 71.00807776614371
46.72579838354886 53.901594406215246 62.925367800509356 27.414627705227858 15.310839473082085 46.850704900986734 27.291451976945602 45.663758945471855 42.05935602012677 18.82544108130204 27.068270278041403 31.394575440824163 35.43947601907036 63.46767723750038 46.248418699052635 13.99631678741581 46.09362750756778 44.609981454945 25.654316269674066 56.613335743570346 57.97016640277615 27.88419921927732 52.706274062268676 23.097456275612494 12.23722212527113 0.0 24.120277649814284 42.55314030285438 32.61212724365828 57.042621939192415 50.981047350785126 62.003467850541995 36.458015586086425 34.48440825492609 50.99638616455285 31.770016301447182 33.32251160928096 55.020849064794284 58.136744326703244 65.46114066697584 102.59352102034788 85.07960105202497 79.66414786678128 88.59426830756425 108.38008247905204 82.41199705152223 59.49060617625493 51.781554079880856 64.94866139952434 90.278070683938 68.21097229895258 37.67989119488192 24.11752817729726 46.24261710621936 78.03811642165611 64.09798114121111 29.674667422726802 6.890182450881614 40.11505165213296 74.60438426248263 71.82765257533316 43.83603742259235 32.84537097013571 51.292029852673146 81.10339064011723
45.32946679230571 29.866727447389525 73.30698720698 3.301274874603723 39.05534330051924 53.16842077194573 15.208365159131104 58.80669718617128 27.910913945694173 41.13263598308048 40.092141711529166 17.507392029389848 33.93911197927078 43.693596802316456 22.482075720214468 13.920134178431496 48.74950143007071 45.24488224430611 22.615009099379517 61.451666596942914 61.57357218773811 24.4670973567098 37.094547604141155 2.913988994957174 31.64122496167403 24.120277649814284 0.0 54.23600876139176 48.06523787500638 62.56158174767822 59.24946306140978 64.75062488925262 28.82659951541851 10.686653855613727 27.31189006395723 15.107037126973156 17.53448227972678 53.537805769686464 37.14604070789202 72.32560451352195 78.49137503900972 62.320213380630946 63.25744900425255 80.70925307290443 106.87022515750756 59.36668127798878 35.658328307452564 37.59606219327272 62.85097763924427 94.24362509197383 49.88812094894935 15.66664267511357 19.922772261853606 54.251673683679726 88.79428709860699 55.26500091500788 28.38396831891538 30.853234788784192 59.101925893556654 91.80956540270236 72.2534271632447 54.333251463983515 55.48376121788523 74.83043745343457 102.54531703149782
26.317727026219465 75.2594123819671 20.37553043737294 56.61237432910985 36.86939800085378 11.874522371489777 65.68220240806141 5.27485630482957 46.261801916652146 51.62114238915331 15.558323579709944 44.329826693075525 26.98524653519311 68.27570799494713 67.41242835274753 53.464560268618726 18.785552319644932 22.372048346122426 33.34534421470898 19.447177118024893 22.26143435955447 32.57680757505448 53.112760443474826 51.45733187227504 30.668646544070395 42.55314030285438 54.23600876139176 0.0 11.696621770031323 18.75414743960115 10.548071942349964 26.38637042451418 35.91394608927133 59.3833244408412 78.35175040608212 47.66016201738722 70.44441562885041 29.26987903078446 67.43045832451777 24.325455124686144 122.29105700437238 94.50963731898297 72.82729456621303 63.799157432634004 72.32996967356482 110.04388758951994 78.18432034327448 50.1073595135959 36.10451199476609 49.911450336681675 104.12394411649557 69.68919190762095 35.58404451735127 8.409399791390886 35.6379686664284 105.60109345163285 71.85770907429429 39.62722383711066 19.28601787128455 39.60342412440261 114.18855036557922 83.86662595632336 58.50647715689248 46.98101527397769 58.19136302243729
32.11578646913834 72.47460450149605 31.150760238448125 50.83599609454293 25.289222862792105 21.474026975260312 57.70094371174163 13.320051677061093 46.45942928708994 40.04016256288457 8.340907250309144 41.733698806983234 28.151830260152 69.77032811446865 64.37159808392737 44.816680671778656 26.11787354591942 28.214447756137865 30.20062088356556 30.465161288791407 32.99451893977849 30.270995515435654 55.01105264417284 45.51866268104023 20.389010051884995 32.61212724365828 48.06523787500638 11.696621770031323 0.0 30.03509225840077 22.086863018757697 37.248806978313226 36.17975798461332 54.91357927412358 73.98097073006566 44.64024484486899 62.97378377495229 37.3208150182466 67.65141341304785 36.012711656578595 120.91796931843037 95.54237510053315 77.65491756582438 72.9861470018338 83.77600931427236 106.1785056040433 76.23538401463038 52.38899971527565 45.52137519268047 61.60031413002344 97.50649419763239 63.731558418369964 31.792378177617252 18.83209298379509 45.75356583214449 96.55144003512996 62.27422664761588 28.7894118100852 13.207322073773403 43.759440998966376 103.52718559095567 72.5323901935094 46.89181746543742 39.135187636496795 57.08860416729122
20.68551774922574 77.13133431277167 16.019868442780286 64.19032106920605 54.33297772163313 10.197101763018104 76.15263088438176 20.636682711106943 45.77616003395748 68.9053043271385 30.96220038682166 48.38490730088562 29.22313365148645 63.675115974484626 70.110408397548 65.50158170295282 14.226131961573223 18.587483856337954 39.949978828964355 1.8862045143652915 4.8319815100916435 38.20948048710469 49.04604881021326 59.64769634367488 46.30344279510473 57.042621939192415 62.56158174767822 18.75414743960115 30.03509225840077 0.0 8.329177988556985 8.048821353425161 37.07160224092305 64.80420056114379 82.59704148144283 51.94035512673869 79.9218801087168 17.530341694282797 64.94823155278857 9.9582923731014 120.45190172285083 89.50692443122315 62.52304052550879 46.921038528704884 53.748016726392585 112.49994294551315 78.58817574815976 45.72540991113906 20.009307718535474 33.23821925191096 111.25817009312647 76.81666382133169 42.63885683013768 11.410399903559652 28.93397973317948 116.94061021705605 84.76792308097882 55.59607307522696 37.29710434832272 45.67332633008721 128.63257941913486 100.15203572296065 76.8719280616519 64.67557255025116 69.65155664587955
22.425063032711964 76.80404603111126 14.439506445169814 61.22338012818166 46.90182431631197 6.865413439316639 72.00152635345916 12.411686085056013 46.10706627484346 61.59726845578674 24.1544938911549 46.74073847673651 27.735640426898684 66.11859532211487 69.35833862336062 60.58429658438083 14.536058934628956 19.140071336287246 36.987943100090106 9.318835099637845 12.390074576579673 35.614330336510754 51.06585858311956 56.36287680228457 39.65429503570514 50.981047350785126 59.24946306140978 10.548071942349964 22.086863018757697 8.329177988556985 0.0 16.2431420727954 36.42498361348931 62.794236390119316 81.25373333255975 50.26194361408902 76.23551707920272 22.349415759755463 66.45500571807553 14.521204623406687 121.97189195502312 92.30361838536977 67.50977468197499 54.68068727713394 61.78334418269746 112.09320562116419 78.92379225938896 47.831825718320665 27.23311307599426 39.87783436451845 108.75706099686096 74.15491731953637 39.55577845154396 5.022136537066564 29.675553948246975 112.54696529747737 79.56104764828297 48.8665487850338 28.995814527238064 41.090306800392575 122.80473070289433 93.39134217241696 68.97590869374189 56.46416073514343 63.35234167666161
20.07080768404926 76.23567901472833 22.137586801793066 66.02037250089383 60.758779862007856 16.0881185651171 79.00262068098021 28.633244839819884 44.829631627348945 75.10775609234693 37.07805718307639 49.26401274343211 30.812901274067787 60.286947759623516 69.71084879956028 69.22359407219254 16.352982752279946 19.50783323722927 42.33724653539728 6.958841489117818 4.285063356639142 40.32517890491883 46.34903186343939 61.85627863279576 51.985151474014984 62.003467850541995 64.75062488925262 26.38637042451418 37.248806978313226 8.048821353425161 16.2431420727954 0.0 37.40954362715791 65.6981010863808 82.6278861184399 52.76103592254395 82.275251613281 13.866128587513876 62.44281784356248 12.797398237454606 117.50220658514775 85.53392438638674 56.74646657649673 38.97558591589142 47.041010906740574 111.41289376998073 77.03853253352666 43.03359474878862 12.794422399712653 29.501803293597476 112.22066620410362 78.19155500513088 45.04674641176855 18.421405701495434 32.31618404783507 119.78603117392491 88.61711605906525 61.25445689036803 45.23316213696062 52.29516864116837 132.9600625264341 105.60330188683355 83.78835360935275 72.6888624529845 77.08180682618084
17.354110563600347 40.39459001318253 50.78448388357486 29.43456785678585 44.444082894553304 29.58255583215192 43.918046289763886 41.18571087687156 10.423675631461114 54.64264246521193 28.560100289435464 11.985436000094348 8.96367099660689 33.616878987154685 33.103812792982495 37.24957983518754 22.898035715847847 18.504491007642144 10.847457345370392 35.587107733321616 34.90401266487782 8.7857921220403 19.197647256730868 26.114760879503017 33.20702975598964 36.458015586086425 28.82659951541851 35.91394608927133 36.17975798461332 37.07160224092305 36.42498361348931 37.40954362715791 0.0 28.31049504459264 45.54101660799 15.40345195968538 46.13360098976615 25.04330855687001 31.71846346196677 47.01199640385228 86.39275570277223 59.39984219991396 44.58463943160063 53.31092475392519 78.04572459570227 75.72980255567717 42.60886724279795 17.055124599467273 34.0747431005465 66.5293025250064 74.81200877812485 40.970945740275404 12.460013286008044 32.0427412398247 65.5215567584805 83.95961603054214 55.835988269864764 39.76080788926199 49.38633311213613 75.44482585692568 100.45925223340544 78.31060342886876 67.58553833069534 73.46988843628995 92.85800533522307
45.66215301903165 19.454056649648567 77.18470551494372 7.692965604207883 49.057107324236476 56.24886866494495 21.64918609795954 64.30947665042528 23.551040483880143 51.81287138304656 46.63379005371912 16.46843330697556 35.58743889453396 34.43387453122432 11.819566888292304 24.441933119621964 50.599620593364875 46.50554138816619 26.095180078870538 63.45715910903892 63.04242038127587 27.21133639871979 30.616329157049623 11.40929536569421 40.68257495826036 34.48440825492609 10.686653855613727 59.3833244408412 54.91357927412358 64.80420056114379 62.794236390119316 65.6981010863808 28.31049504459264 0.0 19.09187708656283 12.941851369452815 20.815406148203138 53.19811321942928 27.414825340375778 74.75228373406239 68.50864916391129 51.6994221882633 55.19991059853236 76.26293094641251 104.78474971385823 51.27085596058623 25.040888046454132 31.941136750362595 61.7111910365097 94.8216785371737 46.54507441891182 13.001228107425762 23.800706531039197 57.954888058603665 92.44413549711126 57.503836527832235 36.03906255829299 41.05811020620979 66.83976635362092 98.20474472732232 77.77774384031845 63.37450384181044 66.16688242869503 84.46634368806386 110.84154632726873
