0.0 31.93381377755215 17.609803912937718 39.517953876780076 8.040222712478723 48.293349509237345 22.587397443567752 39.16616294257906 25.956440236776732 55.88992879308356 55.11976137461285 19.9653882508713 26.98524653519311 32.03291294805652 41.237878411078995 40.865786010212645 19.82262599192897 25.3699783490498 20.711682700011504 11.309438406320268 17.957880944871423 9.284528844173316 15.45154936923568 33.61383318603093 36.70466367219506 45.7444378796347 4.019688981274113 42.33704676210638 25.820059910125526 60.6599060984824 39.15503146638959 23.495439096096053 33.251901736418915 33.304780483956996 36.01651345716996 26.95226730969087 30.622729671547336 37.51426819354103 18.113367113261454 26.350509193834075 92.5520115703724 63.95355754393633 44.822520094419765 48.19623638557652 70.93316717003712 83.13806544696946 49.51077652019019 19.635324963118066 26.73246922155111 58.63918284252844 82.73552802439244 48.83810138740461 17.888653131454753 25.489191606122777 58.08825251928687 91.46347729827338 62.38261605560106 42.57271255648496 46.131365529177344 69.55998763188538 107.1123297511572 83.48965474178452 69.73346321959012 71.76176919309715 88.49581529099439
31.93381377755215 0.0 25.388691473785684 68.27137004486049 35.235848059281146 64.0664917029365 43.28615583012612 26.166590650221746 27.208280974342234 87.51837168419668 35.80952389768189 33.89844740693532 6.860187159700895 23.001600260570388 65.06237001135777 59.157512317117956 42.80320438299941 57.23548185839506 24.965641686866157 42.455514403943155 45.190216555736654 35.208532010749806 29.581263748104718 63.68687845603558 21.495235364463046 64.87692022089392 35.80487992287995 25.451885719573376 31.353226713051367 91.28155448623225 9.95012640616451 37.95099608478849 2.5811144497596046 18.93419905031778 49.80712239201806 48.130607801729795 47.09539389638168 69.14506075056612 14.063730874886895 58.281114715660294 123.55880984408597 95.8802168636212 74.25647268278564 65.03693367253072 73.07771894069342 111.1360983890054 79.3994699128909 51.49899296456127 37.34760672205679 50.3226408020501 104.94263463510296 70.55710222936084 36.585589662978045 9.672572159083117 35.2627922686424 106.07558067919827 72.21619489009453 39.66329293243293 18.056102075995927 38.38901994434207 114.31725773028425 83.7549078402908 57.932262543996515 45.74082186459272 56.77245645551547
17.609803912937718 25.388691473785684 0.0 56.53229530109427 14.621520314126235 39.840582452827455 17.9767874379818 44.079747210898866 8.396151644743686 65.9229764795365 57.98716962973385 8.558544648673664 24.256399305271806 37.77413930389709 39.70193577541162 34.16576408020035 17.934356157313207 39.561127741597616 3.122344667914994 22.90631753798596 21.69002702846476 13.733437935550542 4.7336457687011615 50.122102853821936 40.18299255501375 39.83811714154395 19.414455464135877 45.650656183265845 9.394151063936109 67.98464276277109 28.425759335846408 12.818791405706762 25.31147549894415 36.60532920184222 25.672118765497082 22.75963819944447 22.086057926954023 48.09427046541032 17.506388749627675 39.81596867224662 100.35410806030875 75.66917556346084 61.44496517240953 64.96095634854079 84.0187505511363 86.13992436054039 55.67152205078091 34.25468849198677 40.52508504536191 67.12685654867468 79.73245565451973 45.23561477728385 11.406628861918984 24.674186873179934 59.01164115540188 82.96108453812657 50.662727792487644 25.411145052602446 33.460192235971526 63.15288197760871 94.84665366343351 68.26889432505764 52.15553025887204 56.343233176539144 77.61265165384928
39.517953876780076 68.27137004486049 56.53229530109427 0.0 42.53126314793761 72.27879069610874 51.998913372052215 61.93154871633756 64.48611946562242 39.14443171318531 76.8855068645813 55.757441758319835 61.88028086268259 56.316412475469896 56.84760647533176 64.38868631234713 48.627646079459005 21.204794743462656 59.64192014553918 35.15316156280399 42.51702077499836 43.78027556666472 53.18902301232481 7.4473826847613065 62.39475972699825 66.59550477228237 37.125303682429994 66.51570736223701 63.17838842543347 49.80808980742355 77.0370005513231 57.41143143658332 70.20740647727945 60.40936151307705 65.58088524085436 53.34306296678152 59.942972656737965 29.69945347774853 54.54051952035407 22.705917868758544 74.0256374325809 39.53039150438309 6.353169538583491 30.214693931827284 64.65560108073252 77.66079660045602 45.923753178869084 24.116929889291924 38.06711090346863 68.63983523942684 90.40534072149805 65.04799797853585 51.80888512667798 59.42963270060324 82.30676785755067 109.1121049420155 89.04652121582552 79.67336198668974 84.62349824770136 101.82906498586054 131.25533656150407 114.90388028574219 107.57540431410486 111.07052311656534 124.48085065239935
8.040222712478723 35.235848059281146 14.621520314126235 42.53126314793761 0.0 40.273217695083645 14.578096916096685 46.27249225686044 22.061778226344337 52.628599024554745 61.933351292583446 13.610837152730852 31.473034285002193 39.200891147188656 33.64318120483255 32.8256631780131 11.787201215948304 24.94303941993201 17.59143646490283 8.307231628914828 10.742855908732704 1.4388663583197479 10.723088143403675 35.83696882764822 43.429758250621255 37.7307453608595 6.655138067179902 49.115514896965145 20.688337237169275 56.05130726984123 40.8820592441286 16.386258704893987 36.04088028701649 39.910774108083174 28.270816401018806 18.91612893930188 22.753075773761136 34.402480136998285 22.612858381019237 25.25571723396421 88.32572285575867 61.76330659664728 47.14647498581807 55.00623150315757 78.8884797874979 77.01029820742157 44.283680816035584 19.65579164302295 34.734756449372334 66.49438974838208 75.16625430292835 41.02440631229348 10.530472549971343 30.555402182038872 64.4300175725922 83.42414896400159 54.59482181470165 37.368811506359485 46.97966734709418 73.57022346508127 99.29440913091533 76.50978976091021 65.13745346605111 70.89992546061794 90.58411939990987
48.293349509237345 64.0664917029365 39.840582452827455 72.27879069610874 40.273217695083645 0.0 25.70668442546258 83.63037883097236 36.993273357406046 57.054847859670794 97.8277453066324 31.658708121705228 63.9982588267662 77.01624742167827 17.683649925644595 8.03544988361427 28.610112863984856 51.12891183657694 39.36790006390732 42.087799734514554 32.61786449865386 39.01091477579523 37.133551085347534 64.85869331935518 79.91279209114116 6.979198974584144 46.370485392559445 85.4414253631225 32.726135885851 51.93854988110819 63.75001440779828 27.212286486445596 63.306287229001356 76.31359425816589 14.281804375680847 21.593406505166193 18.195561484668765 47.07436231267563 57.16767371925622 49.57625181883193 80.04659381057367 68.99585221369071 74.21697707185415 93.00888865567171 119.11300797837707 57.42044748488286 40.97096863572391 49.547501275498604 75.00741046193576 105.79267694231041 42.327519301958695 13.672831508561226 31.259001470654148 64.51476919804374 98.7017585282614 43.48650696947147 16.896480775263896 32.783461104694005 65.26001123666651 99.18584725783697 59.962274100492614 44.43252029717333 52.41984099556373 76.91714324607061 107.14229064276483
22.587397443567752 43.28615583012612 17.9767874379818 51.998913372052215 14.578096916096685 25.70668442546258 0.0 59.171123410201396 20.318836245903675 51.16802257664961 74.18674480540514 9.898965333442694 41.42524044803371 52.29771289258514 21.788957431145707 18.419440333401088 3.443812155564608 31.48510810770457 19.18902699106051 17.840521392360937 9.5156665817712 13.30424480752814 13.744996874385427 44.6875922908265 55.830190524754144 23.61570436597132 20.84645201339015 61.48792597164979 16.456681167782868 51.50737624606459 46.107152293772195 7.584734412711056 43.28594996185778 52.227172739116206 14.269133742974711 4.9791461865507 8.51355862385782 34.84205345303385 33.4372428580224 30.74627187998551 83.64826473251382 61.962463775859966 55.465812232739005 68.6174935537429 93.46153861934732 68.2311972281018 38.97835896063715 27.892089000625194 49.309885012533464 80.49721026483117 62.52501824856076 27.929292651522832 6.750353242056887 41.30306949389423 75.90239937043495 68.98347410774981 40.268946266718366 29.652897665899598 50.317378903837174 81.11239654003708 84.87327699042045 63.591604712565854 57.26344318560115 70.0649866497311 94.51927568049295
39.16616294257906 26.166590650221746 44.079747210898866 61.93154871633756 46.27249225686044 83.63037883097236 59.171123410201396 0.0 49.39392318631391 91.55250223020299 16.232155201378514 51.97881939932399 21.83617480791233 7.139866321439173 79.86415871501495 77.25691861713192 57.314735260684486 59.37756354653601 45.2665115440228 50.1048297166992 56.907930108748076 47.04894653283737 46.502938827394466 60.05111372854994 4.672315470788625 82.6976052225763 42.8407701331935 4.670005000787483 52.64805666442317 98.18300847544826 34.80065626168096 56.42664508254214 28.562218020082746 7.726321157234861 69.65310373190789 64.08577290093696 65.50159355957486 73.90912806223706 26.573762061427843 61.166551573989885 128.9841988131938 97.2224552212587 68.28106449229504 47.61530691030668 47.612465301096734 122.04540012850475 87.89985905005553 54.33727650282929 23.94875535313062 24.27745902698684 121.34043598138452 86.92747137819092 52.76477319667247 20.167038333142354 20.59489534233921 126.97321973769719 94.56328975171247 64.47525507718049 42.03244910452482 42.08587115313104 138.17051333960313 109.01282889231123 84.0908554624434 68.21668482478697 68.04799198635797
25.956440236776732 27.208280974342234 8.396151644743686 64.48611946562242 22.061778226344337 36.993273357406046 20.318836245903675 49.39392318631391 0.0 70.92997409555927 62.0861424927104 10.846059691829558 28.140454054641076 43.63422965034214 40.59026141718514 32.74468227907037 21.64043281040306 46.655778718403816 5.433750380707188 30.08165057375171 26.815868148092324 20.93372239281172 11.338740791940621 57.889023329438594 45.15775769556306 38.445143614591515 27.499072699357328 50.32312249512607 4.447238071197943 71.80707778862262 27.194795334630083 13.046960331830975 26.32570710899259 41.70750492454234 22.839341539890324 24.220942980198025 21.075253785380852 53.70468154134132 23.399068159249737 46.66961577306387 103.96645315092587 81.25101279149567 69.2039923394402 73.28997073719604 91.36962757906792 87.71525262709997 59.28985525473245 41.610456664962236 48.39829591244558 73.13126394379142 78.53554376961199 44.756824282095494 15.276327306372087 29.298638256828294 62.27604196637467 78.93483981816183 45.44747498011243 17.178096150771708 30.324098553598933 62.76037666561798 88.78397295258429 60.845561454544765 43.77886460353199 50.257474724168915 74.36300617598327
55.88992879308356 87.51837168419668 65.9229764795365 39.14443171318531 52.628599024554745 57.054847859670794 51.16802257664961 91.55250223020299 70.92997409555927 0.0 107.7069250012939 60.08406082549625 82.8739939428378 84.73049611340554 39.56233771827914 51.46097054806631 49.32367912192472 32.17954541392069 68.28991265194135 45.06306869841147 44.33035546369457 52.962010348268045 61.22813581936982 35.57089040759898 90.3743126319112 50.07747097444161 51.89925238578829 95.58673088978112 67.47249870536331 11.573650943071227 93.49646307344054 58.74521045413708 88.53455423341069 87.4133974698447 58.69863951653211 48.74761419994143 55.018168233513826 18.386974012033296 73.97433581346009 30.465019643346377 37.451634507299616 11.943491430774378 35.74242121668302 69.33430599536207 103.59451205417861 39.08700554491643 16.329961468789836 37.42179136159928 70.2065700901742 104.1747747141172 57.09680439200169 44.531172425186874 55.685015979101195 81.32301108814261 111.89664293338312 81.23594925459768 72.74353528140816 79.86685665899076 99.30034265918711 125.44780468625538 107.44908982210363 100.95676486293186 105.99001791653353 121.12040901770045 143.1819720244425
55.11976137461285 35.80952389768189 57.98716962973385 76.8855068645813 61.933351292583446 97.8277453066324 74.18674480540514 16.232155201378514 62.0861424927104 107.7069250012939 0.0 66.28445260847845 34.00609636392964 23.290367559618687 95.32322367283054 91.8944658900812 72.59577244987395 75.54748641892238 58.661853949573754 66.18859553140027 72.6488617902544 62.607264919292376 60.99576598333994 75.59272068996157 18.50423915719283 97.45910478233628 58.880907079413035 12.818321988402198 65.81122068332088 114.41490300043883 41.75342481427488 70.69856225441151 37.601094080162675 22.05050454043942 83.63198475349073 79.15289435139245 79.92736491425023 90.12881884928362 40.84501263638384 77.36078276907598 145.15136507445786 113.125819804066 83.19129543068259 58.642479252965316 48.49636399180156 138.16456147077167 104.0970525094693 70.55347161441526 38.91316093526427 21.10738147754763 136.6508644400408 102.09817601246958 67.59785457419704 33.31299965690395 6.700414496160206 140.7870051583035 107.52208374171612 75.47084218019417 47.17551700225499 33.91227872111542 150.10644978260828 119.36085455513607 91.41587068877955 69.72438390976878 61.326164857311724
19.9653882508713 33.89844740693532 8.558544648673664 55.757441758319835 13.610837152730852 31.658708121705228 9.898965333442694 51.97881939932399 10.846059691829558 60.08406082549625 66.28445260847845 0.0 32.74382910037868 45.425374363854395 31.32685476358736 25.676269923996156 10.81358040684151 36.774151080992674 9.323574825407775 20.655320740019857 16.069992544441014 12.223619477564824 5.572416881684787 48.82137393288773 48.26245342163021 31.32272818976622 20.062699259823596 53.812077562131385 7.806188033145889 61.118149757254656 36.239311203100414 4.447850194076897 33.70796040576394 44.660431211400756 17.755745475968332 14.41582684030286 13.645124103186514 42.93926762973201 25.52090561183976 36.56216149063213 93.36391186647032 70.44904699841005 60.03415732787136 68.1169252771166 89.83604294315185 78.07347290189158 48.63941429134641 32.10844579694656 45.7268649471935 74.46995556333157 71.17468490211174 36.682671280749766 4.500562020821569 33.01129851360708 67.48400318180441 75.01989528928146 43.61884874343527 23.91791127617864 40.452097988841565 71.3829196743632 88.21497489298329 63.53516716815805 51.830057078271444 61.080224664164916 84.67605654142737
26.98524653519311 6.860187159700895 24.256399305271806 61.88028086268259 31.473034285002193 63.9982588267662 41.42524044803371 21.83617480791233 28.140454054641076 82.8739939428378 34.00609636392964 32.74382910037868 0.0 17.383592763662612 63.12119435639503 58.4108738196972 40.41974220948556 51.912709939437306 24.691688014004114 37.996756275419685 41.93148097321873 31.696025140093706 27.76889955014947 57.56172271431549 17.33539779005765 64.06651058948775 30.97664844320889 22.24071477983657 31.805279746625725 87.29859399556885 16.749505983917413 37.071927639031 9.30528677557583 14.148316768787321 49.74710643620639 46.38640411331048 46.34017254749372 64.49442029530204 8.95088552120791 53.11240351312069 119.39234999833482 90.76311707926226 67.94219136157236 58.21620973328776 67.50481870831612 108.2917600956721 75.72155124759354 46.208629455460134 30.521429253868128 46.07291987924946 103.81369501733317 69.22907007001986 34.682838281542466 2.826421530742496 34.75532052763897 106.79476390459456 73.58484899478363 42.65185409230147 24.86912876734913 42.57474281938762 116.66440881135222 87.17749207972832 63.119300080340636 52.564027977333794 62.74319173961743
32.03291294805652 23.001600260570388 37.77413930389709 56.316412475469896 39.200891147188656 77.01624742167827 52.29771289258514 7.139866321439173 43.63422965034214 84.73049611340554 23.290367559618687 45.425374363854395 17.383592763662612 0.0 72.8218007073686 70.48829894319927 50.34936668542256 52.553699006742754 39.204463922368966 42.967758504818924 49.8070436114155 40.00763595789092 39.89700621618561 53.93672826263365 6.078351387702498 75.87569894972562 35.700906898082586 10.856797709916446 46.622579308158066 91.17825760652504 32.53648546586338 49.86549394977479 25.560719573779085 4.999613118137252 63.163428251049346 57.183902805164166 58.84200417262951 66.96790672210072 20.363769052136924 54.29453404464654 122.131159231407 90.68664075047192 62.66522322152774 44.995669004958344 50.17077729827241 114.9173854447266 80.80704969158126 47.4173209989666 19.02300266136545 29.49908775808883 114.32118343009667 79.9647657341591 45.980935093866265 15.132114212111054 27.176593315433397 120.44090006358978 88.41848247130476 59.367247972111386 40.3229051180198 46.06764243167646 132.34785724552407 103.92348239496796 80.49218671545873 67.4734103823077 70.85970049262522
41.237878411078995 65.06237001135777 39.70193577541162 56.84760647533176 33.64318120483255 17.683649925644595 21.788957431145707 79.86415871501495 40.59026141718514 39.56233771827914 95.32322367283054 31.32685476358736 63.12119435639503 72.8218007073686 0.0 12.127069783769269 22.796554347929575 36.28045060977562 40.60960522609073 31.9448236721571 23.311489527347074 32.81645146026201 35.53205956934563 49.59886254049237 76.84394944796583 10.822749281694671 38.168049922528986 82.53279436699994 36.22587475794736 35.536601893301395 67.41242835274755 27.748742751214028 65.00016239841048 73.27523325443818 21.232514858319643 16.94327900246129 19.90184795108176 29.828613107267973 54.89937721109678 34.414971434828175 65.77749712524925 51.478619939001604 58.03637422538699 80.50587801468217 109.49417927137301 47.15127459490422 23.788953333983102 36.10304779438676 66.60172650766245 99.81479871082739 41.52619878117917 8.466062899332496 28.526778900904457 62.854863499547626 97.37835731955781 53.200141236652954 34.1665967302738 43.58084422796151 70.89468232468951 102.70177372538296 74.43567150638998 62.071716451195 67.52707901903693 87.53110558551833 114.70946828161716
40.865786010212645 59.157512317117956 34.16576408020035 64.38868631234713 32.8256631780131 8.03544988361427 18.419440333401088 77.25691861713192 32.74468227907037 51.46097054806631 91.8944658900812 25.676269923996156 58.4108738196972 70.48829894319927 12.127069783769269 0.0 21.052618469172096 43.20697658469556 34.19455145029615 34.16117549514285 24.6823897540342 31.6278347547435 30.90014304586472 56.955855429847816 73.72741566771168 5.725303007691346 38.72184790018479 79.33199677085585 28.310711898172606 47.64255930269467 59.92741664862572 21.348450099037922 58.66135497844212 70.11768020415848 10.529314850231286 13.933072821621709 12.09221216733802 39.99108261368188 51.05833139597881 41.70623900026639 77.41981932247576 63.323922929034005 66.48900734609462 85.00844118001501 111.47582758146832 56.97906262699544 35.887573028549 41.52172544297087 67.49089520371206 98.89802653314345 45.84913939464991 12.407723211313424 24.507413367347684 58.669657636936314 93.15845558563444 50.6012223060278 24.659383057350023 32.411902809855484 62.35240582191884 95.49847316359364 67.9824079439696 51.480993123377274 55.44170151827183 76.75986342137908 105.38109767540341
19.82262599192897 42.80320438299941 17.934356157313207 48.627646079459005 11.787201215948304 28.610112863984856 3.443812155564608 57.314735260684486 21.64043281040306 49.32367912192472 72.59577244987395 10.81358040684151 40.41974220948556 50.34936668542256 22.796554347929575 21.052618469172096 0.0 28.251082667995313 19.653465328439815 14.408615372766016 6.271275946009127 10.643674736620154 13.340677711136244 41.34035411616201 54.14883349105658 25.960649665001664 17.765285490893163 59.83064454797412 18.18506404407669 50.370997164401956 46.3514539142383 9.824314161779878 43.007835507278706 50.56417784638641 17.68072132784859 7.12964147308537 11.909615195785292 32.47458866479439 32.10609168483845 27.605375582511 82.66987146214083 59.844061410602585 52.183494097459835 65.26655926526901 90.50487164586212 68.35405714451606 37.935934778816076 24.51196229659088 46.4476110523437 78.15860782978736 64.07074568786769 29.616333475765693 6.63687116572136 40.07272144451874 74.58184795137332 71.64279461998984 43.53527387999681 32.446638503936704 51.04001230726915 80.94575708374552 88.0630861079387 67.0347327539378 60.22447332417663 71.79904254798608 95.27854619600187
25.3699783490498 57.23548185839506 39.561127741597616 21.204794743462656 24.94303941993201 51.12891183657694 31.48510810770457 59.37756354653601 46.655778718403816 32.17954541392069 75.54748641892238 36.774151080992674 51.912709939437306 52.553699006742754 36.28045060977562 43.20697658469556 28.251082667995313 0.0 42.495096849384 16.66189136801892 21.99127138895021 25.86900361669734 35.446681816050614 13.759842123709834 58.22729134088915 45.609906549057314 21.701654098328337 63.41040505997698 44.52806495880263 39.44537327808263 64.45470406350718 37.632655830088105 58.61531918047711 55.323354643126 44.61201343675983 32.33824540196066 39.071828664954076 14.99017587605498 43.257886655940254 2.2241463604189353 69.60745483143121 38.90631085581128 24.02181564474079 45.11360743273227 76.73506936482401 65.50485622437901 31.05607663850637 5.738262980278264 38.68112571451452 73.17366582115099 73.01238028549598 44.66375918021337 32.46119305884178 50.074351590705334 79.7244396724976 89.24630423125227 67.8583557178231 60.3273828508525 71.19559580715872 94.30278713712816 110.42201384148922 93.77657221772841 88.25968057534827 95.81335135247032 113.86538868856495
20.711682700011504 24.965641686866157 3.122344667914994 59.64192014553918 17.59143646490283 39.36790006390732 19.18902699106051 45.2665115440228 5.433750380707188 68.28991265194135 58.661853949573754 9.323574825407775 24.691688014004114 39.204463922368966 40.60960522609073 34.19455145029615 19.653465328439815 42.495096849384 0.0 25.8334105112665 23.963238288124025 16.627818457335586 7.189076524074497 53.204999812391165 41.20238589379629 39.912258276724636 22.53015891614315 46.54906984267875 7.419272140989741 69.97755856586079 26.920897602383164 13.045735616559679 24.573737614464896 37.67137716452687 25.092080149993855 23.73005950215038 22.130419337225455 50.62256419746842 18.84148515144629 42.68822120966101 102.3069453502601 78.21733889587364 64.52881535919035 67.85837303943116 86.25731530311387 87.39568351831815 57.57807903049294 37.24639841080018 43.060219777818716 68.67241209496173 79.98328459412181 45.67224666851604 13.016743983528714 25.451332755597484 59.33766309060686 82.1263842312656 49.29685015561891 22.59341502048422 31.394137798607016 62.093219377955094 93.16779026066746 65.9385425313916 49.09536535675177 53.55023499448446 75.62876236138857
11.309438406320268 42.455514403943155 22.90631753798596 35.15316156280399 8.307231628914828 42.087799734514554 17.840521392360937 50.1048297166992 30.08165057375171 45.06306869841147 66.18859553140027 20.655320740019857 37.996756275419685 42.967758504818924 31.9448236721571 34.16117549514285 14.408615372766016 16.66189136801892 25.8334105112665 0.0 9.478863765260705 9.209991685411 18.81034236995845 28.166314758790424 47.86411619313214 38.256102144913015 7.356281474561767 53.45567309448931 28.23889820120022 49.39603389145085 48.75254706663249 22.33145207525844 43.49974827067518 44.51716527792468 32.08568584128489 20.698009188928012 26.310673951987724 26.69666118589928 29.050537294019964 16.951762238358935 81.39877525948438 53.770022430784444 39.3890085649488 51.054839777572155 77.8236681148004 71.97881620998668 38.2056967471973 11.543500702325014 34.665276814152804 68.30052919504944 72.99255503866405 40.06605196122857 16.658720725810035 36.66860319844498 69.3289908524329 84.06331862407986 57.68922542976665 44.54511647229911 55.09358902033963 80.50562203422439 101.96585675261817 81.4116153770956 72.48046299180608 79.20691343745548 98.43172242532687
17.957880944871423 45.190216555736654 21.69002702846476 42.51702077499836 10.742855908732704 32.61786449865386 9.5156665817712 56.907930108748076 26.815868148092324 44.33035546369457 72.6488617902544 16.069992544441014 41.93148097321873 49.8070436114155 23.311489527347074 24.6823897540342 6.271275946009127 21.99127138895021 23.963238288124025 9.478863765260705 0.0 10.268556023406854 16.96272048307395 35.185155479117604 54.14883349105658 28.84960822867265 14.885554829210088 59.830644547974124 23.792395363014474 46.43097098776328 49.830021964959606 15.928317141516507 45.72613390326979 50.64083484797862 23.265543715037406 11.385335291464068 17.530151589273796 26.889229508831246 33.18100478659258 21.33622409173513 78.81264810726313 54.444076143915524 45.95317971060121 60.44870054083185 87.12754697121818 66.38236911883772 34.2916386769115 18.440778213629685 43.57816407112212 76.50423995511328 64.7814277121486 31.110435885551585 11.573132243106677 41.16877315665178 75.17081016511143 74.70936243588552 48.37352129229083 38.64365200089745 55.14972048043096 83.57318379172267 92.52624603590071 72.74787202213348 66.46929751866988 77.0639350985345 99.26883006860767
9.284528844173316 35.208532010749806 13.733437935550542 43.78027556666472 1.4388663583197479 39.01091477579523 13.30424480752814 47.04894653283737 20.93372239281172 52.962010348268045 62.607264919292376 12.223619477564824 31.696025140093706 40.00763595789092 32.81645146026201 31.6278347547435 10.643674736620154 25.86900361669734 16.627818457335586 9.209991685411 10.268556023406854 0.0 9.618517617498686 37.024326268090995 44.10539058881984 36.60368440848006 8.092661585609022 49.79533658120676 19.40341528007797 56.09371579980118 40.54205309988564 14.947742519992834 35.91394608927137 40.56355464520506 26.883662825518567 17.753681041475275 21.396698714056928 34.82431363324307 22.915219203192546 26.083048748689947 88.41536114434814 62.27889916379981 48.32034212928596 56.44341090230362 80.19769817805837 76.64735373852476 44.20458243844992 20.691056547112492 36.01445505172749 67.53375869445411 74.31613886399755 40.06681299958233 9.091960011141147 30.900342949116926 64.97577915284957 82.22840864443796 53.22212383492109 36.034803811487386 46.467720508692814 73.58546293876178 97.93168076938106 75.07136343675863 63.84026877525793 70.07299784274964 90.21998080091554
15.45154936923568 29.581263748104718 4.7336457687011615 53.18902301232481 10.723088143403675 37.133551085347534 13.744996874385427 46.502938827394466 11.338740791940621 61.22813581936982 60.99576598333994 5.572416881684787 27.76889955014947 39.89700621618561 35.53205956934563 30.90014304586472 13.340677711136244 35.446681816050614 7.189076524074497 18.81034236995845 16.96272048307395 9.618517617498686 0.0 46.5534732462583 42.85956214496755 36.47188997538804 16.386719057774744 48.444070700563536 10.401738409602185 63.256582974468415 33.1009409828449 9.98037629199821 29.692176837417367 39.25189827495826 23.319142303440277 18.663061748025743 19.007060086988304 43.46865886636612 20.159001458716574 35.57057760214104 95.62880277736954 71.05850573512882 57.86660653892248 63.58118170325996 84.4474912606855 81.66679774915124 50.95732844294053 30.309570860118214 40.441663491162615 68.9000979864656 76.05029492292192 41.460442527923355 7.010249436125701 27.823969262144477 62.402382163208436 80.54478930537579 49.15606271368839 27.203211614388408 38.19099038186597 67.61604524110741 93.70631135334273 68.47379017278958 54.69226367263035 60.73404385881606 82.34561963853467
33.61383318603093 63.68687845603558 50.122102853821936 7.4473826847613065 35.83696882764822 64.85869331935518 44.6875922908265 60.05111372854994 57.889023329438594 35.57089040759898 75.59272068996157 48.82137393288773 57.56172271431549 53.93672826263365 49.59886254049237 56.955855429847816 41.34035411616201 13.759842123709834 53.204999812391165 28.166314758790424 35.185155479117604 37.024326268090995 46.5534732462583 0.0 59.96941867032869 59.22951997755198 30.846363155522237 64.50440431078917 56.356315488711864 45.44496154427246 72.04093164651874 50.283619664073676 65.46748716371074 57.647711193895034 58.17746942891856 45.927837128859686 52.5592355092141 23.5192533361652 49.723287501285235 15.308834048682366 71.94328419564243 38.13932868172884 11.323983662388263 34.59347889366477 68.26446308445102 73.04427988885948 40.15934352434222 16.879804564825417 36.768622683971806 69.38144065985357 84.18350441329737 57.862612093616335 44.76735897259294 55.27174747625309 80.62648942489187 102.12699353513644 81.6114937506159 72.70281702654279 79.40852526081177 98.59248831766683 123.9534465770215 107.46927489501387 100.64536039605036 105.37545961693569 120.30437151341411
36.70466367219506 21.495235364463046 40.18299255501375 62.39475972699825 43.429758250621255 79.91279209114116 55.830190524754144 4.672315470788625 45.15775769556306 90.3743126319112 18.50423915719283 48.26245342163021 17.33539779005765 6.078351387702498 76.84394944796583 73.72741566771168 54.14883349105658 58.22729134088915 41.20238589379629 47.86411619313214 54.14883349105658 44.10539058881984 42.85956214496755 59.96941867032869 0.0 79.2344989789108 40.52492366805861 5.690452784629573 48.53905158428429 96.548427414832 30.185466108573248 52.70456578446397 23.890688175770144 3.6098664346417535 65.83623510318043 60.781243069631756 61.860603876637086 72.47313930297895 22.74514144891881 59.911223908727116 127.72240102135143 96.5501724733716 68.7435000171458 50.24152360975068 52.13023600263372 119.82741146948479 85.93898816136412 52.98355377643604 24.97699728941209 28.90138326830463 118.21883522808629 83.70254644100248 49.30915727448834 15.859480885775351 21.598766382996743 123.14335992613073 90.4642329057545 59.98415262857529 37.51333748134765 40.1401694440903 133.8817484963958 104.49126917957588 79.41855138857323 63.96065582541956 65.34066806589641
45.7444378796347 64.87692022089392 39.83811714154395 66.59550477228237 37.7307453608595 6.979198974584144 23.61570436597132 82.6976052225763 38.445143614591515 50.07747097444161 97.45910478233628 31.32272818976622 64.06651058948775 75.87569894972562 10.822749281694671 5.725303007691346 25.960649665001664 45.609906549057314 39.912258276724636 38.256102144913015 28.84960822867265 36.60368440848006 36.47188997538804 59.22951997755198 79.2344989789108 0.0 43.349417736832294 84.8570971084176 34.01685375098716 45.07486803176984 65.61557608708547 27.029650726988706 64.38660455757156 75.62491296872497 15.977236719750284 18.86472710256387 17.793811296249267 40.51026831287613 56.614152402350115 43.92308380285869 73.72775079376177 62.019136640844025 68.20370064172386 88.61092286598857 115.9604497969844 52.156709531755034 33.99753141597707 44.566514029868586 72.1896698993747 104.07379566391491 40.12554858902645 7.467088313617864 29.93842027484244 64.27841357387945 98.80270106090278 45.88089376911211 23.371178832034627 37.178109107562236 67.91948029404358 101.18667906138514 64.84816442633793 51.25590579055423 58.684364775771584 81.58029664834014 110.732281982627
4.019688981274113 35.80487992287995 19.414455464135877 37.125303682429994 6.655138067179902 46.370485392559445 20.84645201339015 42.8407701331935 27.499072699357328 51.89925238578829 58.880907079413035 20.062699259823596 30.97664844320889 35.700906898082586 38.168049922528986 38.72184790018479 17.765285490893163 21.701654098328337 22.53015891614315 7.356281474561767 14.885554829210088 8.092661585609022 16.386719057774744 30.846363155522237 40.52492366805861 43.349417736832294 0.0 46.12917715233023 26.723521259997266 56.6494557528788 42.75542604244003 23.030223166040805 37.04433005286281 37.165805243546785 34.80237335942045 24.80840359928105 29.20428054923478 33.517852575369716 22.079310540715344 22.556255489378884 88.5325087826949 60.081543944369244 42.14735903170684 48.35110095731653 72.76042326612837 79.30462679286299 45.55479450619047 16.003304046154295 28.841344360042005 61.663534725024654 79.55593229377125 45.986901042851265 17.184119680842144 29.50666142159163 61.97452996699479 89.20633623878408 61.06109193530577 43.519677208464906 49.540755886257884 73.54882403202559 105.7118861242607 83.16328734179251 71.07755436474544 74.71721346972188 92.23915721429525
42.33704676210638 25.451885719573376 45.650656183265845 66.51570736223701 49.115514896965145 85.4414253631225 61.48792597164979 4.670005000787483 50.32312249512607 95.58673088978112 12.818321988402198 53.812077562131385 22.24071477983657 10.856797709916446 82.53279436699994 79.33199677085585 59.83064454797412 63.41040505997698 46.54906984267875 53.45567309448931 59.830644547974124 49.79533658120676 48.444070700563536 64.50440431078917 5.690452784629573 84.8570971084176 46.12917715233023 0.0 53.831956708236696 101.96500387743762 33.23156006457755 58.247506710397545 27.649120645819835 9.267596999960514 71.32153628369416 66.44382209711215 67.43106598020019 77.7992029135198 28.295380506570545 65.14714298799728 132.9834648585069 101.48760179815282 72.8675082748241 52.10012723908048 50.13962313720419 125.43228898909581 91.46771318432991 58.260382362935346 28.5840500132951 25.192654517569036 123.89892325848383 89.37305996428829 54.94540877650955 21.10226242307831 16.323800068278256 128.59889608873632 95.72543559348239 64.68286347917434 39.990217570155906 37.54188381648289 138.9006466190788 109.05833451738467 82.99897275502968 65.41190325161271 63.744671585034446
25.820059910125526 31.353226713051367 9.394151063936109 63.17838842543347 20.688337237169275 32.726135885851 16.456681167782868 52.64805666442317 4.447238071197943 67.47249870536331 65.81122068332088 7.806188033145889 31.805279746625725 46.622579308158066 36.22587475794736 28.310711898172606 18.18506404407669 44.52806495880263 7.419272140989741 28.23889820120022 23.792395363014474 19.40341528007797 10.401738409602185 56.356315488711864 48.53905158428429 34.01685375098716 26.723521259997266 53.831956708236696 0.0 67.93402638202446 31.640132864479384 8.954480041950005 30.59252689544116 45.02718953428554 18.50460132146641 20.051852135137004 16.634751067856776 50.588733957596354 26.260330958290496 44.35387989062411 99.98963491007832 78.02274552887893 67.61608878605584 73.83147715823165 93.40772713762446 83.36978737884849 55.39075447324182 39.7564282884642 49.87820341058493 76.09152670617046 74.12075246121819 40.30980338161666 12.277064711736768 32.732616046850445 66.23423400812985 75.02068952131802 41.92690414163797 16.80701946213447 34.66894421850314 67.20301080256789 85.75061228446873 58.88194274486621 44.45013798303164 53.659689373214064 78.59850934861758
60.6599060984824 91.28155448623225 67.98464276277109 49.80808980742355 56.05130726984123 51.93854988110819 51.50737624606459 98.18300847544826 71.80707778862262 11.573650943071227 114.41490300043883 61.118149757254656 87.29859399556885 91.17825760652504 35.536601893301395 47.64255930269467 50.370997164401956 39.44537327808263 69.97755856586079 49.39603389145085 46.43097098776328 56.09371579980118 63.256582974468415 45.44496154427246 96.548427414832 45.07486803176984 56.6494557528788 101.96500387743762 67.93402638202446 0.0 96.25880820408189 58.98753097243312 92.00020693233795 93.38338564498487 56.31135808302091 48.14922054858662 53.612715323279645 24.479407137578956 78.35075393777502 37.420519709310156 32.38242416274307 20.654731484200497 46.89842061180017 79.79444319076062 113.70880290075432 27.877360332151383 12.555230583961448 43.96558993233436 78.12275640492616 112.55314178449879 46.00806364936913 38.53493544718749 56.99093878788471 86.05707107667683 118.14608916037686 71.1851757798602 66.39626831583472 78.38602264148042 101.36587960055229 129.6166788947953 98.12614972188996 94.48828743501932 103.06314327580843 121.28753594161734 145.5815959318565
39.15503146638959 9.95012640616451 28.425759335846408 77.0370005513231 40.8820592441286 63.75001440779828 46.107152293772195 34.80065626168096 27.194795334630083 93.49646307344054 41.75342481427488 36.239311203100414 16.749505983917413 32.53648546586338 67.41242835274755 59.92741664862572 46.3514539142383 64.45470406350718 26.920897602383164 48.75254706663249 49.830021964959606 40.54205309988564 33.1009409828449 72.04093164651874 30.185466108573248 65.61557608708547 42.75542604244003 33.23156006457755 31.640132864479384 96.25880820408189 0.0 39.67055076972901 7.444230149897381 28.119397165260146 49.852834085291555 50.61689624276673 48.23164758172342 75.28005341293868 22.517713424486974 65.27051746197229 128.641190003887 102.52255311844127 82.87301083976251 74.96493748917254 82.25747188315114 114.31139917074665 84.03227834219643 58.74148529689086 47.27061303231959 58.42319820590357 105.65588139727309 71.93746084189274 39.770317448756686 19.575620217247607 39.74391202703709 104.10030163424621 69.65418718992586 35.516079528864175 8.119799038235882 35.57138579064083 109.94652002826385 78.04847825410303 49.89711251194394 35.81491176823401 49.704357574477875
23.495439096096053 37.95099608478849 12.818791405706762 57.41143143658332 16.386258704893987 27.212286486445596 7.584734412711056 56.42664508254214 13.046960331830975 58.74521045413708 70.69856225441151 4.447850194076897 37.071927639031 49.86549394977479 27.748742751214028 21.348450099037922 9.824314161779878 37.632655830088105 13.045735616559679 22.33145207525844 15.928317141516507 14.947742519992834 9.98037629199821 50.283619664073676 52.70456578446397 27.029650726988706 23.030223166040805 58.247506710397545 8.954480041950005 58.98753097243312 39.67055076972901 0.0 37.618423629348115 49.10362907177586 13.346652725899936 11.174679098867406 9.268247573702745 42.2350730569602 29.960852137633616 37.16027062767178 91.03646723645278 69.48235224496766 61.34114984328518 71.3614499535823 93.89865227290987 74.77880790941991 46.44121627080548 33.414601345005835 49.71033248309549 78.87034478194418 67.00491182515458 32.62969725794264 5.88132028090386 37.40770728081725 71.82574086230998 70.57666490995777 39.390247388767506 22.73679630836644 43.32639589181898 75.04822191786448 84.05988519908702 60.145174380959425 50.632240553279225 62.486875794792816 87.40937930277923
33.251901736418915 2.5811144497596046 25.31147549894415 70.20740647727945 36.04088028701649 63.306287229001356 43.28594996185778 28.562218020082746 26.32570710899259 88.53455423341069 37.601094080162675 33.70796040576394 9.30528677557583 25.560719573779085 65.00016239841048 58.66135497844212 43.007835507278706 58.61531918047711 24.573737614464896 43.49974827067518 45.72613390326979 35.91394608927137 29.692176837417367 65.46748716371074 23.890688175770144 64.38660455757156 37.04433005286281 27.649120645819835 30.59252689544116 92.00020693233795 7.444230149897381 37.618423629348115 0.0 21.428436210459832 49.09604578476266 48.05761127768843 46.65447905210582 70.19104380326137 15.744271288350934 59.58615114241912 124.32925275033568 97.10875541674382 76.1394931729686 67.52110202603231 75.6025183059589 111.35667755830218 80.0048002424198 52.87768628275159 39.826556118938576 52.64107387995563 104.50083009596035 70.2459130708222 36.65248473085938 12.131467026894 36.685036036833075 104.9675640098796 70.932047959409 37.939043384225535 15.563940693791356 37.94668811373565 112.66588677210852 81.80075711614516 55.53326299052935 43.258991484504946 55.25898119634304
33.304780483956996 18.93419905031778 36.60532920184222 60.40936151307705 39.910774108083174 76.31359425816589 52.227172739116206 7.726321157234861 41.70750492454234 87.4133974698447 22.05050454043942 44.660431211400756 14.148316768787321 4.999613118137252 73.27523325443818 70.11768020415848 50.56417784638641 55.323354643126 37.67137716452687 44.51716527792468 50.64083484797862 40.56355464520506 39.25189827495826 57.647711193895034 3.6098664346417535 75.62491296872497 37.165805243546785 9.267596999960514 45.02718953428554 93.38338564498487 28.119397165260146 49.10362907177586 21.428436210459832 0.0 62.24878573352334 57.18041631478703 58.25423494013658 69.41260841429751 19.14777141807652 56.953004209732754 124.70158416575138 93.83475339309372 66.74012612472393 49.98335290732196 54.1962576511111 116.44284592804554 82.6542737307705 49.99367138520905 23.703396508350274 31.92460569072756 114.63163311389356 80.10651137133972 45.70064127541625 12.445788728994309 24.82136773849319 119.56142328925202 86.95376593172429 56.76101180166417 35.74211931387409 41.569427552494915 130.47006552736534 101.3083207500514 76.80555502186948 62.686444220425976 65.99141516134608
