0.0 12.864101310827685 59.41763133530116 27.48127345304241 29.881458546307208 14.438594079398262 66.77193184117917 14.909794961114667 11.449466973433882 11.65273105297854 41.484216164184275 46.83260962933373 23.235859455806423 28.47238567982667 16.009771650564105 35.269054709867554 8.351540054183257 37.182975051239744 12.697321540029073 37.99735890720768 10.714939307345071 9.975742442343828 50.172476160952534 32.344717190764875 39.16623210179385 12.87684873660303 24.57961961956156 17.71441918469861 15.576154447688154 63.617965153126114 11.592832964764211 13.190778893599177 33.76616598171935 42.98771379528714 18.344845254075736 34.830588358267704 27.724254917207883 45.52885352160674 48.91354910202994 42.98771379528717 93.9474770777606 67.38423520023294 51.4776274615731 56.16103076749393 77.80090550023134 82.12175357740321 49.775679443883625 24.61906738580805 33.6068899982344 63.62068840611405 79.05829345581652 44.59132156249599 11.018712362773512 25.481207869468648 59.766426660356025 85.7021047141715 55.434342319883264 34.581999020984355 41.39680901213349 68.01698117842915 100.13905713638665 75.70533060567722 61.883313864089565 65.74627840112062 84.9139732208286
12.864101310827685 0.0 71.83779773981203 25.5188364296367 42.7196990131854 19.336206571701716 78.09168421061328 15.415337466289671 24.184424334674624 24.472940631824915 28.994242221818777 50.66777467805269 32.071649815604516 18.72893693632701 27.218907785997963 47.28058817213168 20.693483683128047 49.97193192029726 25.1410249733873 25.30419461393057 17.026037851841835 4.342038659101446 61.77854649232355 27.260281517127158 26.325649924487184 20.705671997548674 35.25583674528716 18.345902577531568 25.935045937117557 61.967675553563936 15.954558269131844 16.425898911368773 44.58288245350407 31.778057148411435 28.785569289771704 45.369340123735604 30.88805157487217 44.22958704290621 60.77337052503135 30.644825375910134 104.27859648778036 75.52264188272557 54.11210808480546 50.471557337403326 67.53845580976413 94.18082941521764 60.97614923071852 30.999974592016876 24.4694008646963 51.29668836243881 91.9178304867929 57.45276602113523 23.40099721015259 13.756692999131044 47.17775025380643 98.03380334720731 66.7224254102825 41.08489747193048 36.31648168936411 57.8328295932286 111.1538537920073 84.6829961619431 66.19682092457815 63.147501926593435 77.38199749556442
59.41763133530116 71.83779773981203 0.0 79.64070984637293 30.882907667880446 56.9915475945984 17.268165561616133 69.88575107620792 48.01785228334659 48.952513587175524 100.80507325849716 56.85074669254621 57.48900658099507 87.25370957110309 52.1453126014022 40.18805147715092 53.58212563390246 29.509544683535488 49.93736833813258 95.34800569344871 56.90801119126402 67.99401205652714 14.62995652530264 86.94565265091197 97.90059119005566 53.35171399655151 38.54000253718128 71.05041451971036 46.95046906388513 106.46379158932515 65.23234148268185 59.779581875260575 30.672958265046887 102.14899966924644 53.59270303668672 50.075993312495434 57.166191532333 91.40581203350729 40.199000499944596 98.9211543204099 44.95529627950276 42.207106570389136 62.74331975494629 92.12400148384398 124.22464437547792 23.588906315581692 18.1749463232379 49.99072553840362 84.03968347821952 118.41079322226062 26.559492725930646 21.861670978799257 51.43255332530061 84.89718078042512 119.01514166882124 49.67776813542652 47.16188475363789 66.14696143051309 94.45322675796696 125.94529759871816 76.44447798262877 74.62681257662419 87.68872491993181 110.47267616941109 138.2528851650957
27.48127345304241 25.5188364296367 79.64070984637293 0.0 48.86066442429487 41.19844928610946 90.30928262304786 12.573501225972151 35.21932805685071 32.59727017828297 34.68624059931032 73.9059489901975 23.770212244810367 17.415231702252658 27.51103663161045 43.93286607562091 28.205012647430504 51.71316039351044 30.59161190871533 40.815119671088176 37.70906405608236 28.246876868693686 73.58227522951032 7.849036484790386 37.02833758078953 40.32057284023194 50.72529093024124 9.897126380998559 42.51801495935699 36.759376662649096 16.44610585324396 39.09577346983559 59.27500073182745 29.46152084805052 26.167064295656456 36.99323242760126 54.298394762131856 18.7884621635148 54.77419735361077 47.40667844214421 118.77971959268788 94.38504437345978 78.12295700846842 75.4493288283198 87.61707041731913 103.20411397525466 74.0458092803271 52.050801462519885 48.27630190198346 65.92972053225846 93.68196458687196 60.20991594617415 29.478886850008568 22.53048743503198 50.409208094397165 92.110765881923 57.75811310223341 24.134186758434794 14.958984440046683 47.53878799564995 98.87038973247257 67.93449374073474 43.007732407448714 38.45858535658686 59.188585574444794
29.881458546307208 42.7196990131854 30.882907667880446 48.86066442429487 0.0 32.189269246783304 42.20607557200797 39.0527361294272 18.589714156190105 18.589714156190105 71.228995978841 48.93361288198286 27.79803215292239 56.73824165400256 21.35502387536743 17.017359755996356 23.071315027656887 9.908238508923041 19.164417552137518 67.51469492967846 30.610519007651423 39.36676893289331 25.988988205798467 56.083434013226146 69.04183961296852 27.880513489425148 18.081036769208666 40.167564218571485 21.675896309482372 77.99969970859047 34.41185305453436 34.20244879834985 18.939725049163542 71.74351667016668 23.086016529034996 25.18912889188518 38.59815435474264 61.80023181348434 27.408383930978793 71.99246209756713 71.35916460999967 53.604455020547576 55.22270373923525 74.96971791604058 102.88912666139626 54.380539862459976 27.5344526182145 30.88515292963402 59.53555985474826 92.35754829954999 49.23012622343031 15.146168843005253 20.737924610376442 55.00518691494931 89.53174655851713 59.08677897002669 35.87825109763569 38.44585301802088 63.74756141522427 95.10127663496262 78.48635920260647 62.7025754166894 64.01483268728936 81.60248832633154 107.77205042703172
14.438594079398262 19.336206571701716 56.9915475945984 41.19844928610946 32.189269246783304 0.0 60.64262846644409 28.756590479022563 16.48655781926654 19.6099522912446 46.56965708351139 32.70789799568597 36.23419824176023 38.04159465080532 27.51780302076669 43.29001882516294 19.60350933782251 41.539998681911186 22.3614401109171 38.81576455426795 3.7489901994028245 15.044683178904199 45.09361794891975 45.01626440535948 42.40631568257982 4.347597617798332 18.493971550045053 31.749972482669595 10.642395428359483 77.74625318915909 25.956440236776732 3.1073723701126403 27.290295244702737 50.773082649911366 30.455184779754763 45.576638534972865 13.29760333681923 59.64343422965933 56.66097943161476 41.96708928664081 85.63413112199562 56.19466215839436 37.112052234939995 44.627317995243644 70.71576433879257 77.9028820467468 43.64756527746431 11.671073476833161 27.607445292279507 61.505944371548395 79.95955552540045 47.18896861230418 21.328708858543845 32.831017477239456 63.997534481425916 91.14384406416512 64.2097189823968 48.305130950098864 54.20971596033706 77.06368078878607 108.67271487780954 87.13936500241064 75.97052988428352 79.6524726204366 96.50002012094718
66.77193184117917 78.09168421061328 17.268165561616133 90.30928262304786 42.20607557200797 60.64262846644409 0.0 79.3104723175599 56.07398574686559 57.998670466938535 106.80106956969627 50.609383894876395 69.98984884691673 95.24356570340618 63.14667814804789 54.98258485925622 62.61202666278869 43.95343634268041 59.738452241801575 99.36563959853176 61.615990491272676 73.89724114172269 16.765315305959554 97.07814447616134 102.99890759441949 57.8502648051594 42.858001912478265 81.0014611864782 52.16027609117541 120.05139415178971 74.70104377211513 63.701621435653635 33.56868181690583 109.61472689837248 65.17684893199849 64.80446665655829 56.90801519524774 104.00498181626969 56.91629661391833 101.94075562457246 29.31842528197541 27.885546586272707 55.5921000458776 88.30743852059969 122.06871032176484 19.249875845987184 17.119453454077302 51.09253815666736 85.57261843746682 120.12390436295156 38.677908114893846 37.52570088571612 60.952503266067964 91.74458489707516 124.55425258306263 65.08282889964464 64.20940508709828 80.02936301876166 105.26788848701376 134.7320893555121 92.68108764546811 91.85275830024861 103.33812157109934 123.75499380234292 149.48753313741747
14.909794961114667 15.415337466289671 69.88575107620792 12.573501225972151 39.0527361294272 28.756590479022563 79.3104723175599 0.0 23.42294976110394 21.3283761086694 35.2303963946923 61.44821530665546 19.299051334304473 18.504421747937446 18.588761419026454 37.95353269903137 16.698638594079448 43.678724437605425 19.956654123556877 36.941316925927474 25.205261263227076 16.96112129819542 62.54643959027419 17.956013423098263 35.30497023408923 27.74950159200388 38.58080636031783 3.1169009481281926 30.099801847798716 48.99615811749128 4.6600379288650595 26.81302203753295 47.39001002409333 33.45443763924591 18.536160225092125 33.48156909431948 41.957714460779755 30.89732443910202 50.50765631597208 43.16387566431002 107.32909833502542 82.02306865007226 65.80887006664794 65.79214327946511 81.98280310129879 93.25100166925715 62.689283736419604 39.483828186350785 39.78477713266857 63.257518961147746 86.35523918308924 51.98851161821229 18.52664452317069 19.455615781300125 52.996779380463394 88.34047941761769 55.194486886096264 26.147064990708493 26.75356385501975 56.059645883343066 98.67202425359436 70.43298015125195 50.79616552419809 50.936289502505225 70.73591847105834
11.449466973433882 24.184424334674624 48.01785228334659 35.21932805685071 18.589714156190105 16.48655781926654 56.07398574686559 23.42294976110394 0.0 3.7591423229211007 52.93355881078593 43.88792198687533 21.93771936830033 39.448525854417134 12.53046892814468 26.90648362674964 7.069140870531294 26.62165761799206 6.8917602213321905 48.94208722750745 13.683886732087402 20.77872163188534 39.34510593454884 41.363906898393566 50.5066012766972 12.418828259884052 15.696008402804344 25.46031891294813 9.397853672644246 69.23856329577745 18.94174566920939 17.468314808858675 24.060551388000135 54.20441649213055 15.663081924745892 29.304536800852222 27.42581563492912 51.54859000543296 40.41873080256238 53.543545668028315 83.90847188168533 59.5305949173506 49.41617382015146 61.11326505325998 86.15399307021184 70.87614124607916 39.3092039999177 21.4905799448205 42.11082900874055 74.02461887309207 67.81969362776178 33.54385492971743 6.7618885822441746 36.89321949533253 71.21340973532598 75.95331600794675 47.789599908681474 34.548755317428935 49.98217798885922 78.72515942638688 92.36637206063256 70.85981988844553 62.493672432271715 72.00403979524279 94.1195093056888
11.65273105297854 24.472940631824915 48.952513587175524 32.59727017828297 18.589714156190105 19.6099522912446 57.998670466938535 21.3283761086694 3.7591423229211007 0.0 52.66975651256198 47.64589704210101 18.181338051949542 38.30910333461471 8.771330400172177 24.41551193353264 4.6629556216953585 25.530509485035655 3.1326186438472505 49.64932852896016 16.48655781926654 21.55327038560379 41.23337862724721 39.10069901159878 50.6902354708809 15.756626451843303 18.9651017486828 23.044723495803968 13.156991726248025 65.9214817371782 16.70395906473985 20.209166850567712 26.849108546607468 53.253652335544835 11.903946039685287 25.96949972699432 31.043371146669664 48.365742683037034 38.05848754339519 54.5744120253894 86.21589646521417 62.71232481908284 53.17226165877738 64.16028351707983 88.32096804698159 72.12388208025918 41.497009733874926 25.238684736919257 44.122811987105855 75.17643119949264 67.55594300898358 33.01231153443539 3.2671475895573523 36.419638348159744 70.97154447355038 74.290446683719 45.12543194307218 30.795690619047512 47.489791814997346 77.18174593511375 89.81979115136143 67.53830950855259 58.73702590843879 68.79999830744038 91.71492743289346
41.484216164184275 28.994242221818777 100.80507325849716 34.68624059931032 71.228995978841 46.56965708351139 106.80106956969627 35.2303963946923 52.93355881078593 52.66975651256198 0.0 73.06220780090433 54.3852348774073 17.59589907206485 53.07954908971611 73.02595362652521 48.368848669349255 77.62280147104609 52.65138782416289 13.660268792835971 45.207406916833804 33.008884707341075 90.65660524384607 29.037937445597024 6.535632548199876 48.97726991347885 63.961665346195524 36.12066135319751 54.71277608947779 59.68847743809125 39.012914622199894 43.46231668037158 73.23240045938505 9.907542338536157 53.569328820378736 68.59476739179455 54.88518670984769 46.576115416523095 85.7373871813938 18.542337743400964 132.1838315683727 101.62584389647532 74.68504201827483 56.768788886216754 57.11682606748242 123.1565260647368 89.6882401508779 57.57839305718459 31.327347318999728 32.285824299158115 120.13759681578279 85.53507516244794 50.934373440397415 16.347052114477336 18.30290218103441 123.56837892213159 90.24777031484693 58.438123739904455 32.8665034420091 33.76741438069272 132.95032233077876 102.61172252634476 76.00878670966819 58.48331712981761 58.80521896524664
46.83260962933373 50.66777467805269 56.85074669254621 73.9059489901975 48.93361288198286 32.70789799568597 50.609383894876395 61.44821530665546 43.88792198687533 47.64589704210101 73.06220780090433 0.0 65.82505870817732 69.03343538918567 56.415398872387854 65.29466039993977 49.80206778692521 58.371281400623886 50.777739344716984 61.50464356833853 36.251568275063285 46.76714014767086 42.23727054343618 77.46323077258211 67.38068906096048 34.093203190898855 31.5531916174392 64.41271919822734 34.49467198775996 110.40848054047643 58.423335004035856 34.931358842162055 31.213933178461897 79.62374059128419 59.547580978498765 71.21997642252693 19.817084337351254 92.30595483843017 76.26916557494437 61.44546121209846 66.31118059097585 31.95967734264039 6.365775039012076 38.13763258750886 72.54852692119186 69.84512433453125 38.70621202339321 22.64607735241516 43.84476370283526 75.67513662478656 83.38709974926279 59.616954214391946 50.495133196097285 62.77053564500267 87.89383502341235 103.06432532428163 84.7899421202433 78.42924809296093 86.64694553649979 106.10830752713107 126.03440812264061 111.37064995292862 106.38046437438888 112.36020924653864 127.77895731424404
23.235859455806423 32.071649815604516 57.48900658099507 23.770212244810367 27.79803215292239 36.23419824176023 69.98984884691673 19.299051334304473 21.93771936830033 18.181338051949542 54.3852348774073 65.82505870817732 0.0 37.17060239191298 9.42383047859345 20.162658685951374 16.662592695565937 28.526503087072022 15.051926232487679 55.91769865208441 32.618894531105724 31.468305654023617 53.73592658698584 31.600573338149005 54.59704807704324 33.041402774550455 36.31924394252358 18.312756972689595 31.33114833810134 50.29263213076644 16.450302446072232 35.869802325278705 42.79940433812937 51.590443114153075 6.304885363921896 14.210826160422155 48.70831114908778 34.069202938241915 31.605736092316775 61.93758352996081 99.15482044736193 79.12624599541873 71.3091971671291 79.39644075767244 99.58585450366283 81.03143255833545 55.00335950348343 43.35277976517737 55.931877609901996 82.29279321433913 69.95288539665715 36.98709192147114 15.412122663369665 38.753991328893825 71.84051729725472 69.3809292040025 35.90381655829893 12.621650103283187 37.74095071508874 71.30430542443004 79.54256157488318 52.80616731764693 40.555956290645945 53.81358521662565 80.88164437024919
28.47238567982667 18.72893693632701 87.25370957110309 17.415231702252658 56.73824165400256 38.04159465080532 95.24356570340618 18.504421747937446 39.448525854417134 38.30910333461471 17.59589907206485 69.03343538918567 37.17060239191298 0.0 37.00894894937951 56.41522432595044 33.707582329700784 62.03836442046676 37.61818098030228 23.933888232637553 35.51259610806757 22.997120833121162 78.62276607493958 13.374491243385949 19.63144832175701 39.058081367398046 52.844747167729146 18.86653231669597 43.59000437808417 48.132348469303096 22.79579808747999 35.15446152165505 62.12674146656078 15.052409738324288 37.0351895060421 51.333869451351084 49.38410740695869 32.251745907242785 68.72400036314163 30.520318238540995 122.23433633099393 94.18313396318182 72.0726712813764 62.55601208985476 70.90004818726214 110.30411601946034 78.2415196550162 49.71220478118679 34.866914554282246 48.52762797838742 104.73798227203675 70.25516057356674 36.00532807328964 7.199522053353836 34.67183282759171 106.53845485804352 72.8881849041931 40.86292654520185 20.535728997754703 39.60428887913032 115.36103545164222 85.16110294937076 59.928850404509234 48.22167010673547 58.77074550619517
16.009771650564105 27.218907785997963 52.1453126014022 27.51103663161045 21.35502387536743 27.51780302076669 63.14667814804789 18.588761419026454 12.53046892814468 8.771330400172177 53.07954908971611 56.415398872387854 9.42383047859345 37.00894894937951 0.0 20.206437953163693 8.102830255887804 25.093363545822474 5.638713179430412 52.30888438166341 24.056588808232444 25.50182280721725 46.5420440231525 34.82668946476682 52.1657225325288 24.029655812495008 27.096638280935377 19.157844743747262 21.9282988823456 58.38223246907577 14.226131961573223 27.54806973143823 34.09604645588889 52.01846032706593 3.13261864384734 18.83014837827476 39.584072895611875 41.30780770303578 33.57191732012492 57.8514181780306 91.9838699735638 70.36510025563771 61.937398451348315 71.52631903675554 93.75801990824463 75.69740294345081 47.385576762295884 33.99295066769387 49.603228147261966 78.48739725206241 67.76731227632534 33.43879781905179 6.225070044423388 36.79950414867361 71.16536534835747 71.04950909573382 39.61808790015701 22.0453610954698 42.3939608168618 74.18451854988159 84.24335681732889 59.997383920552515 49.97233560010274 61.55962891735494 86.46818396395683
35.269054709867554 47.28058817213168 40.18805147715092 43.93286607562091 17.017359755996356 43.29001882516294 54.98258485925622 37.95353269903137 26.90648362674964 24.41551193353264 73.02595362652521 65.29466039993977 20.162658685951374 56.41522432595044 20.206437953163693 0.0 26.921982561525894 11.034435402989585 22.611588343861698 72.47865017627628 40.58776614856638 45.16920907947027 40.3898581188948 51.761056572179875 72.34086568344772 39.06172727287731 33.8008054013399 37.72007175228762 34.17384811284232 66.43141763381007 34.01418042266584 44.369395420043155 35.95054345860587 71.19898972271861 19.460397401493022 9.899404997052685 52.647062118523394 52.25843475267162 13.667994574540604 77.9191393080017 84.21365882146374 70.02488933433271 71.48280863854443 87.81150690893347 112.72396181915262 63.151543394303516 42.75688498994865 45.420339723514836 68.50317928881536 98.5757888603432 49.85767236666491 18.42852534152065 24.254587845447492 56.8490188981547 90.94057565562379 50.84325128872498 20.927214181373348 26.186062917133373 57.691602462727666 91.46464674461619 65.46646390111364 46.077747653831665 48.53118839687452 70.58477279638467 100.01980073156209
8.351540054183257 20.693483683128047 53.58212563390246 28.205012647430504 23.071315027656887 19.60350933782251 62.61202666278869 16.698638594079448 7.069140870531294 4.6629556216953585 48.368848669349255 49.80206778692521 16.662592695565937 33.707582329700784 8.102830255887804 26.921982561525894 0.0 29.406187128345415 4.447782149615383 45.99493959444044 16.050167501279144 18.26312212374021 45.847821047703185 34.53727783469068 46.6512462746688 16.405416858682884 22.75117001738377 18.526001809435495 15.622130807804954 62.28481706939912 12.100658595121622 19.4725153428725 31.078017413192242 48.68467913427775 10.889734476708965 26.830661924628437 32.097869619572116 44.526349610817896 40.56244355079767 51.177488257798096 90.7250576040976 66.58416330757359 55.05143515686234 63.424484282257424 86.0782486096749 76.78117945996357 46.034965857763524 27.164806007154148 41.85063119119598 71.8321934683017 71.77112934608103 37.172566249748876 2.7127026190210595 32.0588869010458 66.65613327441294 77.44879007564253 47.13001047693511 28.96547507196658 43.03019474938538 72.5192017983429 91.85293311332693 68.09907903582317 56.85770678198327 64.98387559491374 87.222705561089
37.182975051239744 49.97193192029726 29.509544683535488 51.71316039351044 9.908238508923041 41.539998681911186 43.95343634268041 43.678724437605425 26.62165761799206 25.530509485035655 77.62280147104609 58.371281400623886 28.526503087072022 62.03836442046676 25.093363545822474 11.034435402989585 29.406187128345415 0.0 25.022395629660483 75.1798090223151 39.616961766823565 47.05594637013961 29.520261584231985 59.360846618166065 76.05730365166013 37.19534116034507 27.946118618544016 44.14880254619738 31.232319567276452 76.95682775130676 39.247439985472674 43.31828947302319 27.595931473734854 77.0742793359983 25.677135997521166 20.863971847304857 48.49546453203689 62.07505101014187 17.968048919322577 80.04010853784605 73.20277100882846 59.79282029572254 64.70318807032895 84.80925212262626 112.22077104654014 52.810632385263276 32.07928689134646 40.79257135569934 68.51147775278515 100.59049043062517 42.69966460129836 8.49948989137147 26.75958806407205 61.27612938084612 95.855655879176 49.61447496826728 26.546527470651824 36.642624857259484 66.14746883545166 99.01078300415602 68.58520840638171 54.096902452544974 59.52996841406137 80.96886849315571 109.37502653869973
12.697321540029073 25.1410249733873 49.93736833813258 30.59161190871533 19.164417552137518 22.3614401109171 59.738452241801575 19.956654123556877 6.8917602213321905 3.1326186438472505 52.65138782416289 50.777739344716984 15.051926232487679 37.61818098030228 5.638713179430412 22.611588343861698 4.447782149615383 25.022395629660483 0.0 50.442721023509414 19.073601627435586 22.656906047213297 42.997433433593535 37.39664733410837 51.05173071055127 18.6599273536505 21.81145109135288 21.3283761086694 16.289604203302215 63.19359859820891 15.298864396823753 22.715227005361044 29.34053777730308 52.65070627075102 8.771330400172266 23.290796379173653 34.08073625987777 45.778475304290566 36.27480826216958 55.610524472470416 88.21726763562116 65.4120400050626 56.30253767560902 66.75334166200346 90.20439900485265 73.29752022182244 43.4868539905009 28.364151895818104 45.965012772446244 76.26190614582234 67.49840284674443 32.89548651279621 1.7453058681911522 36.31574817956341 70.91879477767087 73.02641104559343 43.032557864643444 27.669202594141684 45.543472834490835 76.01098915993339 87.76644606459682 64.80838189087595 55.60663005972694 66.17296944622252 89.7798423853433
37.99735890720768 25.30419461393057 95.34800569344871 40.815119671088176 67.51469492967846 38.81576455426795 99.36563959853176 36.941316925927474 48.94208722750745 49.64932852896016 13.660268792835971 61.50464356833853 55.91769865208441 23.933888232637553 52.30888438166341 72.47865017627628 45.99493959444044 75.1798090223151 50.442721023509414 0.0 38.455790292626816 28.1818020870799 83.89908635220326 37.24798065117399 7.12619930923987 42.08211251039092 57.18020262702475 38.84838286561972 48.404874976817666 70.87723016178961 39.50780138920893 35.83026931627421 66.10585733322914 23.14044667449334 53.5711111182254 69.82527396211047 44.629060824441034 55.99771916409264 85.86532173650325 6.601782315547836 123.23779683213758 91.37792551595663 62.50693398076596 43.11761985243177 46.96767303653134 116.70228297257317 82.43916930026346 48.660673330993376 18.285413134437583 26.37616819035384 116.72067146259438 82.46495893290185 48.703946301263734 18.399183334542833 26.45441622992538 123.29002882913935 91.44770897849652 62.6079573315238 43.262567441177005 47.09950890644273 135.46025447080603 107.15768180441752 83.7306249520283 70.23978146971662 72.4651420324754
10.714939307345071 17.026037851841835 56.90801119126402 37.70906405608236 30.610519007651423 3.7489901994028245 61.615990491272676 25.205261263227076 13.683886732087402 16.48655781926654 45.207406916833804 36.251568275063285 32.618894531105724 35.51259610806757 24.056588808232444 40.58776614856638 16.050167501279144 39.616961766823565 19.073601627435586 38.455790292626816 0.0 12.686344527533118 45.66833162138179 41.79782003470602 41.46722443374814 3.7698934322525766 18.87200537558343 28.161225510136116 9.9582923731014 74.15900428508027 22.269164101706426 3.786437948149597 28.05770461407996 48.7724994442335 26.935487657392997 42.3603213659853 17.009721890903702 56.055766642999046 54.095065796307296 42.13230160331612 87.31695314506699 58.70444754268917 40.77986186737062 47.69282152459035 72.67073987697904 78.3986826968814 44.51845065238163 14.56993595108177 28.94002771329118 62.10973321270552 79.10416568802758 45.73824696175754 17.92637403248792 30.750154174241253 62.96537558424503 89.20532884063047 61.453154557335864 44.61172955363186 50.97783165636696 74.84710364922051 106.05008821253973 83.87672332973601 72.24085805480526 76.13758453997087 93.64761255481808
9.975742442343828 4.342038659101446 67.99401205652714 28.246876868693686 39.36676893289331 15.044683178904199 73.89724114172269 16.96112129819542 20.77872163188534 21.55327038560379 33.008884707341075 46.76714014767086 31.468305654023617 22.997120833121162 25.50182280721725 45.16920907947027 18.26312212374021 47.05594637013961 22.656906047213297 28.1818020870799 12.686344527533118 0.0 57.65853157792802 30.794370888484956 29.93280989135686 16.377880581821138 31.041615608192934 20.056177091222764 21.742596674665503 64.9585964557535 16.277212443209294 12.195949044458095 40.35686320708718 36.09949920348106 27.45508296092397 44.11884701513806 26.951371267657866 47.035133266746755 58.78497811845554 33.02648247904908 99.96293380075176 71.20812709416323 50.432313530817545 49.10245194035836 68.36296497203607 90.15874777882493 56.777977689953055 26.71563499765591 24.465465650988786 53.64923409652654 88.59462946813824 54.28366885283803 20.95895657971666 18.074618695670505 51.07796632968697 95.67564919303959 65.11180486972515 41.47399402940424 39.94327216497464 62.17447679641883 109.74055557106041 84.27428905071595 67.49884687335228 66.36870604277344 81.53703595793449
50.172476160952534 61.77854649232355 14.62995652530264 73.58227522951032 25.988988205798467 45.09361794891975 16.765315305959554 62.54643959027419 39.34510593454884 41.23337862724721 90.65660524384607 42.23727054343618 53.73592658698584 78.62276607493958 46.5420440231525 40.3898581188948 45.847821047703185 29.520261584231985 42.997433433593535 83.89908635220326 45.66833162138179 57.65853157792802 0.0 80.31632636424328 87.13309396241895 41.940418984940464 26.796883835303667 64.24111599748444 35.95087347573566 103.98384632109851 57.93577549905869 48.07002756159778 17.827379017147447 93.11182244976291 48.68491736997015 49.905434253664104 43.45420051828924 87.613184699507 45.07934645921383 86.92334058387753 45.47542133364388 31.576335113016718 48.176247311123 77.71532373127064 110.24167610969423 32.81017411187948 3.8281545063331333 36.71043736927101 71.24262670624503 105.82165048516049 41.14998891059713 25.016196284871977 44.194351936667964 75.33467718652908 108.59248872368673 62.597292292583305 53.2024054896692 64.32238874840769 88.5383658923575 118.04877623093573 88.04362011026079 81.41613120604524 88.88316978031314 107.5480050460925 132.7691717735922
32.344717190764875 27.260281517127158 86.94565265091197 7.849036484790386 56.083434013226146 45.01626440535948 97.07814447616134 17.956013423098263 41.363906898393566 39.10069901159878 29.037937445597024 77.46323077258211 31.600573338149005 13.374491243385949 34.82668946476682 51.761056572179875 34.53727783469068 59.360846618166065 37.39664733410837 37.24798065117399 41.79782003470602 30.794370888484956 80.31632636424328 0.0 32.428962762276875 44.80951003801135 56.49640879725856 16.07904247643995 47.84154241303063 35.41200013894547 22.446182194596457 42.56434665409867 65.34547465667967 22.52864547421856 33.7197196452387 44.81231567895489 57.659862927443015 18.902224215655192 62.59498063092248 43.80970683543011 125.25071136811509 99.72648169108147 81.2265057697465 75.13230310004427 84.18268432513028 110.46362721906733 80.57224271158677 56.35929398446284 47.49383231946443 61.07183119787166 101.46949085424322 67.84728638933095 36.12890571259613 20.05463156596125 43.519254683799645 99.84680187342579 65.41852679103447 31.378919147998328 9.194705136956872 39.74042972210599 105.93493507653368 74.30271215539511 47.05746196290369 36.09356658355504 52.781772430156096
39.16623210179385 26.325649924487184 97.90059119005566 37.02833758078953 69.04183961296852 42.40631568257982 102.99890759441949 35.30497023408923 50.5066012766972 50.6902354708809 6.535632548199876 67.38068906096048 54.59704807704324 19.63144832175701 52.1657225325288 72.34086568344772 46.6512462746688 76.05730365166013 51.05173071055127 7.12619930923987 41.46722443374814 29.93280989135686 87.13309396241895 32.428962762276875 0.0 45.20881621380557 60.338685239109864 36.722199440220564 51.24852187116695 64.86388577619283 38.54954800271804 39.32217895100767 69.49235893374234 16.125808757310573 53.03058193937709 68.74598557443899 49.70773867907939 50.76904335043359 85.42361578520968 12.437734205563066 127.72240102135143 96.5501724733716 68.7435000171458 50.24152360975068 52.13023600263372 119.82741146948479 85.93898816136412 52.98355377643604 24.97699728941209 28.90138326830463 118.21883522808629 83.70254644100248 49.30915727448834 15.859480885775351 21.598766382996743 123.14335992613073 90.4642329057545 59.98415262857529 37.51333748134765 40.1401694440903 133.8817484963958 104.49126917957588 79.41855138857323 63.96065582541956 65.34066806589641
12.87684873660303 20.705671997548674 53.35171399655151 40.32057284023194 27.880513489425148 4.347597617798332 57.8502648051594 27.74950159200388 12.418828259884052 15.756626451843303 48.97726991347885 34.093203190898855 33.041402774550455 39.058081367398046 24.029655812495008 39.06172727287731 16.405416858682884 37.19534116034507 18.6599273536505 42.08211251039092 3.7698934322525766 16.377880581821138 41.940418984940464 44.80951003801135 45.20881621380557 0.0 15.146325867030775 30.58977644674472 6.523030427582277 76.46951137006224 24.404767020517944 6.522613189740239 24.297193055295033 52.47737937394067 27.059272287669735 41.684490584947405 15.697467292689337 58.39037397151713 52.377760392193245 45.59146183142793 83.58958452793524 55.28316751826758 38.9879926561872 48.7721593075047 75.04804106089013 74.69369243409452 40.75649535589998 11.742583949741228 31.773208554331895 65.39141706475755 75.90536577154576 42.91727607609857 17.80475330286542 34.45249651550456 66.72172370126033 86.80229720163227 59.98850104744449 45.3587494672617 53.95392929186467 78.48217158040522 104.39391295420025 83.25367365817452 73.20525176902551 78.623108501681 96.94806387150918
24.57961961956156 35.25583674528716 38.54000253718128 50.72529093024124 18.081036769208666 18.493971550045053 42.858001912478265 38.58080636031783 15.696008402804344 18.9651017486828 63.961665346195524 31.5531916174392 36.31924394252358 52.844747167729146 27.096638280935377 33.8008054013399 22.75117001738377 27.946118618544016 21.81145109135288 57.18020262702475 18.87200537558343 31.041615608192934 26.796883835303667 56.49640879725856 60.338685239109864 15.146325867030775 0.0 40.87185926322512 9.328539979975838 84.8759301078913 34.306254959623836 21.37591322258229 9.33204970486221 66.90531447007079 30.089410925432773 39.8143081705919 20.99500315178329 67.23869072196113 45.39498751665447 60.46106083668586 69.40455841895809 43.83491220267669 37.69396226944802 57.57602383563177 87.20086418599368 59.55085619332623 25.738652006827945 13.17212987406007 45.600272677214626 79.87563956272916 62.23025587829611 31.39717394492462 22.221770054472255 48.9558816138918 81.81929095453499 76.13064376476599 53.77168385853051 48.802895054611376 65.32121142823556 92.44894955796023 96.51945497090901 79.86991564517108 76.40119789341807 87.69164174328516 109.25770636139748
17.71441918469861 18.345902577531568 71.05041451971036 9.897126380998559 40.167564218571485 31.749972482669595 81.0014611864782 3.1169009481281926 25.46031891294813 23.044723495803968 36.12066135319751 64.41271919822734 18.312756972689595 18.86653231669597 19.157844743747262 37.72007175228762 18.526001809435495 44.14880254619738 21.3283761086694 38.84838286561972 28.161225510136116 20.056177091222764 64.24111599748444 16.07904247643995 36.722199440220564 30.58977644674472 40.87185926322512 0.0 32.62169299067366 46.00006726330446 6.56612504345942 29.868600091053377 49.515702837245094 33.48319978004743 18.58876141902644 32.501522292871414 44.98349120088631 27.896410970459133 49.8602689555775 45.190357118845775 109.24510552984216 84.49217915536921 68.83408144543696 68.79026365942174 84.38505291883938 94.51546563046159 64.53827147128568 42.33235846103292 42.58748066217042 65.03985926589263 86.70123340675495 52.5559859972337 20.05022479755714 20.89840724029072 53.53809294685421 87.67192267427575 54.127981996317985 23.83609976775038 24.522024324435094 55.039517707570845 97.16455119511171 68.32495274868941 47.858786201091604 48.03584864934398 68.69670432099869
15.576154447688154 25.935045937117557 46.95046906388513 42.51801495935699 21.675896309482372 10.642395428359483 52.16027609117541 30.099801847798716 9.397853672644246 13.156991726248025 54.71277608947779 34.49467198775996 31.33114833810134 43.59000437808417 21.9282988823456 34.17384811284232 15.622130807804954 31.232319567276452 16.289604203302215 48.404874976817666 9.9582923731014 21.742596674665503 35.95087347573566 47.84154241303063 51.24852187116695 6.523030427582277 9.328539979975838 32.62169299067366 0.0 77.70070764676544 26.103218305201374 13.045642891334504 18.660581524765306 57.57985741386299 25.060901713889393 37.99580482007302 18.62173632196117 59.7916574102002 47.131786032007795 52.05936221579585 78.64574794785187 51.925624629271994 40.027618769705526 53.879244466815685 81.23151268173457 68.5803433402763 35.0426881309661 12.147759469765743 38.23607849628361 71.91160481677092 69.38789022518809 36.583911339922835 16.029199790119993 39.62748214192836 72.65389771963069 80.74276906287619 55.022194595549095 43.93524249662486 56.81536466248676 83.18943612687825 99.0823517399764 79.34148451130828 71.88590059628153 80.2174983884093 100.4831537754324
63.617965153126114 61.967675553563936 106.46379158932515 36.759376662649096 77.99969970859047 77.74625318915909 120.05139415178971 48.99615811749128 69.23856329577745 65.9214817371782 59.68847743809125 110.40848054047643 50.29263213076644 48.132348469303096 58.38223246907577 66.43141763381007 62.28481706939912 76.95682775130676 63.19359859820891 70.87723016178961 74.15900428508027 64.9585964557535 103.98384632109851 35.41200013894547 64.86388577619283 76.46951137006224 84.8759301078913 46.00006726330446 77.70070764676544 0.0 52.067299542101985 75.77739716015941 92.44907727172836 50.26589227150332 55.77415636285379 56.69026938662233 90.94968001561854 18.10365707286142 71.4462734686217 77.14073952311371 149.3131540371584 128.604995221961 114.79845841006774 110.51127430418435 116.79645492627259 129.58265237060078 105.29519566387944 88.18850516000305 82.83759072531953 91.33258025243664 113.43860949970494 84.85163372558567 62.6584093900597 55.200975456245374 67.55008525903138 102.58950138304341 69.84005161228025 40.31748511870378 27.716532715394358 48.01825223526369 98.79605816139133 64.19276366868387 29.590794489591854 5.037235505184851 39.62305864584117
11.592832964764211 15.954558269131844 65.23234148268185 16.44610585324396 34.41185305453436 25.956440236776732 74.70104377211513 4.6600379288650595 18.94174566920939 16.70395906473985 39.012914622199894 58.423335004035856 16.450302446072232 22.79579808747999 14.226131961573223 34.01418042266584 12.100658595121622 39.247439985472674 15.298864396823753 39.50780138920893 22.269164101706426 16.277212443209294 57.93577549905869 22.446182194596457 38.54954800271804 24.404767020517944 34.306254959623836 6.56612504345942 26.103218305201374 52.067299542101985 0.0 24.38634085152141 42.98003029260011 37.8268555099127 14.565653797933477 30.339927382125524 39.253665650219055 33.99981554778548 46.89311552769726 45.48913097872329 102.80484502461114 77.93981955464359 63.048983800491825 65.3491608230416 83.43039528850277 88.59128180180977 58.13080015606983 36.12196774827531 40.314204610973405 65.88251319536812 81.94575811841244 47.50047172516649 13.868528079633098 22.87424413095314 56.999822232281616 84.6698127307943 52.01917512520213 25.25583016850616 31.05743579953299 60.713397726541125 95.96873963305877 68.76236919257379 51.393905895968366 54.306624149941996 75.17905962956918
13.190778893599177 16.425898911368773 59.779581875260575 39.09577346983559 34.20244879834985 3.1073723701126403 63.701621435653635 26.81302203753295 17.468314808858675 20.209166850567712 43.46231668037158 34.931358842162055 35.869802325278705 35.15446152165505 27.54806973143823 44.369395420043155 19.4725153428725 43.31828947302319 22.715227005361044 35.83026931627421 3.786437948149597 12.195949044458095 48.07002756159778 42.56434665409867 39.32217895100767 6.522613189740239 21.37591322258229 29.868600091053377 13.045642891334504 75.77739716015941 24.38634085152141 0.0 30.29288594440938 47.719385361912465 30.351770625004715 46.00325360907916 15.20792336317952 57.692526992931874 57.881387679319054 39.14157337119175 88.73996899007618 59.174767592088116 39.030130693353634 44.0440239304154 68.92915163842646 80.87202347017754 46.68421610869475 14.608235067376594 25.342408616717506 58.87212805576765 82.42314372892463 49.29887777689043 21.4949260828206 29.80825580310726 60.90878549261634 92.92275788379115 65.22674809522415 47.6364433591548 51.756595135784856 74.04776755126916 109.83338195367307 87.4743351151891 75.06592545151175 77.54207486050451 93.73046427273526
33.76616598171935 44.58288245350407 30.672958265046887 59.27500073182745 18.939725049163542 27.290295244702737 33.56868181690583 47.39001002409333 24.060551388000135 26.849108546607468 73.23240045938505 31.213933178461897 42.79940433812937 62.12674146656078 34.09604645588889 35.95054345860587 31.078017413192242 27.595931473734854 29.34053777730308 66.10585733322914 28.05770461407996 40.35686320708718 17.827379017147447 65.34547465667967 69.49235893374234 24.297193055295033 9.33204970486221 49.515702837245094 18.660581524765306 92.44907727172836 42.98003029260011 30.29288594440938 0.0 76.23538585680389 36.847525248216705 43.6141249106223 26.6146093377021 75.11901280901833 45.55942824599954 69.0980940848554 60.183956182847496 36.32837700167896 37.579606738048085 62.44626636421517 93.71061303713391 50.63213864443789 16.46122634530247 19.3179836912166 53.57472376986797 88.1031870714799 55.72957771292045 28.428289599996727 30.089748401426483 58.28774965539123 91.0185368614462 72.44718598733944 54.14154840045599 54.852727221389536 74.03470820311102 101.72637940675376 94.825724341137 81.48784761038198 81.75175783594997 95.50476323227596 118.12577609278492
42.98771379528714 31.778057148411435 102.14899966924644 29.46152084805052 71.74351667016668 50.773082649911366 109.61472689837248 33.45443763924591 54.20441649213055 53.253652335544835 9.907542338536157 79.62374059128419 51.590443114153075 15.052409738324288 52.01846032706593 71.19898972271861 48.68467913427775 77.0742793359983 52.65070627075102 23.14044667449334 48.7724994442335 36.09949920348106 93.11182244976291 22.52864547421856 16.125808757310573 52.47737937394067 66.90531447007079 33.48319978004743 57.57985741386299 50.26589227150332 37.8268555099127 47.719385361912465 76.23538585680389 0.0 51.92538165974221 65.59010278613985 60.65001068233283 38.32425458595376 83.19211939672917 28.413406916012796 136.0564500274331 106.79283647601343 81.80975339403307 66.14933923498371 66.7338588494425 125.07168813189246 92.53467082661082 62.26741968715811 39.8324732084072 41.119927137435916 119.7719287966265 85.30527119070666 51.02466544956779 18.024885622347224 21.0030794249479 120.90738340336803 86.8778218597237 53.58884326841611 24.302673454445774 26.539091427592023 128.3072592784285 96.82432352251752 68.42484178716082 48.82397801792748 49.80376686791182
