0.0 38.08399402662669 81.09846802572096 23.084241458648396 12.580782072733982 54.3471847739836 71.59259403510356 22.374437078629022 22.900892101316852 60.25055275991081 25.79757011091115 22.107304859843225 27.84526374238761 76.60488510016636 85.60681157545571 31.2824883649168 21.086851478976723 21.778157139920783 63.1673534440814 7.055270440819585 16.092625394924635 32.437285838545314 79.04299790928634 34.136428789105764 62.055609824441774 12.580782072733891 73.14718002469014 46.47959333812875 12.090500378892191 34.810341828767164 26.51649566526442 27.87073257748058 68.05278489360903 68.01162281000477 80.16758898472006 28.497927311395895 22.079404161581376 30.047112174447896 21.567730743560997 49.36064496586841 76.95404098087019 62.44690227376071 49.759555902234744 40.63394914822902 37.74822993234217 42.39630317062457 52.61816038106005 65.86806283026925 80.66746072490281 96.30463830009123 71.03615764546738 55.02575697823916 40.10290536195209 28.059988513807394 23.77380368864722 30.68770727457 43.783419957958806 59.08427200309374 75.25706201074401 91.84231277693091 67.6060675507674 50.54161100851679 33.72004838745624 17.842141951969662 9.917436255672213 21.842211440388095 38.13819615027102 55.051566343297885 72.14943557895454 89.32592175913818 67.04673918292832 49.794416373785346 32.594724710659484 15.622476306228528 4.9417570692530495 20.087151862381642 37.16557394916771 54.385472453739474 71.64490806105752 88.9208614339246 69.42759799418428 52.94264233934485 37.20708713668595 23.75969758311718 18.5308139599378 26.850900236872317 41.19784656718178 57.203725584348106 73.79689573670402 90.65544308352641 74.4671344989921 59.36975872538239 45.857287535477106 35.773199850833805 32.48478526203773 37.808850259983515 49.014951605935735 63.040703060182544 78.38688309960902 94.41178464614525 81.67461763182628 68.1542970856334 56.72720917188329 48.88401899430926 46.476030049255975 50.290142461168664 59.134410387467604 71.15730151126074 85.02086583935942 99.96217635073917 90.53365367857062 78.5087718481369 68.77214335353082 62.40419682724121 60.4785540327643 63.40128429458876 70.572557262132 80.86992310287302 93.26359805610372 107.02779366712073 100.60879788895743 89.89217817411777 81.47247091487152 76.11576494597544 74.48585212054186 76.82031629378571 82.78445603661548 91.67255676193615 102.72845516718873 115.3303935396054 111.57095945279747 101.96033615130982 94.56435061599767 89.93107233754861 88.49550407495552 90.41009797926176 95.47351725514925 103.22341925392672 113.10893497970733 124.6228837957639
38.08399402662669 0.0 83.55166115018993 21.21165208857758 50.44993474379406 16.319245348955782 63.37780200698195 55.84232894264162 49.32367912192486 46.7403479426228 39.74849271212942 23.216572454628068 14.072146919315593 70.46649260804219 47.524268626935815 12.227972871470863 35.34334237634736 58.333877659664736 52.17437416626036 31.570483428799445 45.901314735361105 9.875118451981676 80.5712376581118 10.02329187208156 55.069858781190064 25.591017239189405 62.58269584376375 10.098535517878764 49.9835211446342 37.24079207541006 36.549384324635135 28.696152090411477 62.59597935938352 66.03694610762368 42.26148643061396 17.00017534816195 41.96450814697663 61.297162566821875 37.80914726652094 21.6665163084542 105.09243369439037 93.83703336583247 84.64658173909798 78.2520576592128 75.36850147473375 76.39452375775319 81.18202550281072 89.12690406400918 99.4754972326909 111.56087947471035 95.37253644804323 82.86016371070329 72.34906982727358 64.8202455483772 61.38106967618586 62.708072445844344 68.52491618939396 77.83136309434957 89.545927750562 102.8490176188356 86.87343989895828 72.96553157518126 60.82471256059277 51.710976979206855 47.40366277362533 49.18223226694327 56.47459003248644 67.51717774022903 80.78652042646952 95.35752249799685 79.98539413755326 64.65212347376338 50.6047332575568 39.249065602026725 33.449176931763866 35.99880398613053 45.51580498772898 58.704099372344686 73.61631766578539 89.39385512567263 75.1527993780478 58.59699561583577 42.63782728370614 28.303224466573752 19.567127903979827 23.735716822945204 36.641612836597226 52.1588258006323 68.53605041126421 85.27924180276769 72.78629812209589 55.54378398989339 38.35481916576845 21.34914130099485 6.260429942924899 14.876612503546161 31.656716251387245 48.80261505072901 66.02996483026044 83.28823892306157 73.12574164115259 55.98583913945961 38.98932554698341 22.46406147500168 9.370903808333518 16.422753950156398 32.408534143324886 49.291303007904645 66.39024964553566 83.57278966655124 76.1349409693704 59.84575108834139 44.33068545764625 30.78338002724241 22.9942245275548 26.61885234793597 38.562978385882275 53.5196633641357 69.57238312827951 86.11033436558641 81.5187354115707 66.53123152293612 52.9736942521263 42.24602664731625 36.90458267382424 39.21577038992794 48.08858536402973 60.71123790034629 75.21903843059016 90.71196198558684 88.8464233374646 75.293257623973 63.58587341152742 54.91769206452196 50.86691907633586 52.51318845237624 59.384572213844685 69.95799327440837 82.82762328563435 97.08455327841786
81.09846802572096 83.55166115018993 0.0 68.92624782596482 81.5308230299582 91.08171717045454 25.952352394034595 100.52083727669304 103.91802906284349 41.11957975679322 55.512983077330766 67.80387449776694 72.91002913702562 19.770589774966012 107.07013764954903 72.64338086342029 99.37226220731523 95.73010424103595 35.42589206828899 82.7008059208213 67.42380411101301 74.66125852775 3.254949354312513 73.83747207901231 30.11552110846352 81.15142084105021 29.71495272071954 91.98009314369185 86.25714552593644 49.49811512847024 55.760907273133036 59.204235684058 23.281057372045737 18.031245719272363 99.54081386493276 69.14003437869775 102.52093041484196 108.5319905205709 59.77863822378356 67.01645038746274 153.0079779241229 136.3188569912786 119.80370071119246 103.54578266058108 87.68830013034415 72.49450546891055 58.48397333680701 46.733322395419215 39.32350668277343 38.82498428142718 150.06590335037956 133.0235119867338 116.05793732419066 99.20859626298234 82.54669594214879 66.21388926438348 50.530307085866994 36.34632607357663 26.220404003667163 25.547493720845697 148.38992386215762 131.1386413489543 113.90272187503417 96.69038158429446 79.51693389457556 62.414491152233516 45.463256376142425 28.930255781737557 14.343108575916432 13.160656229752334 148.02307577586177 130.72529777182388 113.42878625485956 96.13422482812918 78.84289678656599 61.557526935607655 44.28509263283167 27.050384376376275 10.04941384669148 8.304920273907792 148.97503578046854 131.7973329282545 114.65698788537466 97.57369008953118 80.58372879975641 63.76175907033353 47.287405459930234 31.707218948748068 19.321205313226148 18.43861271941281 151.22088616413197 134.31917090708765 117.5339609304925 100.92340317778648 84.59044676709424 68.73327504170912 53.77445071967282 40.716446812921184 31.97929909512247 31.4043172011232 154.70425544940096 138.21143924502812 121.94302450869611 106.00237977986205 90.56275071199067 75.93038337319534 62.67326724576043 51.85708959120989 45.26677656023434 44.807459034957226 159.34395720929038 143.3625072898674 127.72555505964935 112.576744740557 98.1423793286213 84.7881295199841 73.10830539973081 64.02592329167273 58.75806763749326 58.347230405124236 165.04243578511856 149.64236858111326 134.70471309429155 120.4017000573099 106.98816484124224 94.8422577166586 84.51229895930808 76.73520636800802 72.33908702744569 71.94639339411754 171.69422478424067 156.91547212254378 142.70494655162594 129.2502068174326 116.8127046552339 105.75196353235208 96.5423504450123 89.75550615437156 85.96716907129851 85.57648771128552
23.084241458648396 21.21165208857758 68.92624782596482 0.0 33.55621636821262 36.54870856926096 53.64007575995162 44.93183257744945 42.411061114464516 39.701605568566094 18.823281654784367 2.007120387221339 7.207583849058757 59.77875137864765 66.34902630854316 10.037046777677636 32.7466430011857 44.85326936168945 43.68643559997202 19.294016945457486 25.65274319107093 12.081270074923383 66.28176302630892 13.159736192440663 44.21050167110382 14.645003595422057 54.265747297901996 31.277586713984608 34.8012440997532 19.518646035467075 15.999061884886142 9.760583188395305 51.217843612564 52.932752317205335 60.10858083214061 5.806967699741482 37.72257192262323 52.09636163362994 16.602653764999445 26.41951128320485 98.74759019760879 85.02121844797598 72.83424303783694 63.08521766367496 57.03823956709208 55.907738415385545 59.97239375848652 68.31104718888082 79.59151135214273 92.74651770660748 91.43692715025584 76.4499638921522 62.667275004056194 51.07330788984948 43.45668241311629 42.03794427804607 47.377202504269064 57.62564464136933 70.67910277190914 85.25878993930723 85.84297875323082 69.69534923070859 54.26394957566119 40.37846652335863 30.248548892856917 28.253118015776472 35.78005675305485 48.58905289281546 63.56327144570366 79.48831806477486 82.31656452271292 65.32347113368475 48.549023019168914 32.33530671460293 18.24415395682051 14.793205059777778 26.524353853578667 42.27240764166758 58.89893222590044 75.82825763472061 81.12779730396642 63.82591911794782 46.52407990440777 29.222348887396294 11.921197166626278 5.384961756449547 22.68467077555263 39.98630224359204 57.28811438580124 74.58998147532269 82.37795747320325 65.40046392381034 48.65209251231283 32.489138963768085 18.514178777447178 15.123428891041284 26.709062272296677 42.38799988118868 58.98155373333891 75.89214352001079 85.96068300167049 69.83961026118048 54.4482600223298 40.624679645068184 30.574922598417665 28.600645209351107 36.05381588326946 48.79004090940364 63.7163108076711 79.61016362673364 91.60264361387544 76.64718393263124 62.9066148470657 51.365343154301 43.7979413036917 42.38898143181225 47.687490293830436 57.87981179559574 70.88549495942478 85.42914652990032 98.95215741223703 85.25764099990926 73.10881891136138 63.40056480871404 57.38520711315778 56.26002608240696 60.29939664874474 68.59695401092486 79.8358636500752 92.95529200361682 107.65999461923312 95.18284958255059 84.42490612554755 76.11861927828106 71.1281458674698 70.16460343804849 73.386780308771 80.29232204788836 90.0376806821942 101.81061050820782
12.580782072733982 50.44993474379406 81.5308230299582 33.55621636821262 0.0 66.75598998991872 75.98157938234756 19.205278148123927 25.54565887641049 66.89047017613122 29.404188240988624 32.14986142916348 39.3040021972396 80.08030282055128 97.92324165933445 42.7115258044235 30.237568786793133 14.421547461906732 68.90826562093892 19.589321015545575 14.415154492020752 44.12899873944514 79.89374584297181 45.711414631473176 66.72004958513519 25.11886508621396 78.1446227186466 59.02882040659707 5.135310935236737 40.23895755963939 31.562877388227918 35.73315688762157 71.82214396077937 70.68011070059613 92.3134109859486 39.29824352698596 28.63297495264765 27.095702066681632 25.89601169812086 59.90371661269762 72.20910276085571 56.3108139497979 41.54962712851823 29.673991340277475 25.168045421652707 31.385120031266034 43.99240285713015 59.028364026274026 75.04714858509098 91.53421088577184 68.53509168999163 51.53812171110519 34.84264891898216 19.249814947496812 11.216664610206793 21.90398941033068 37.84797137021892 54.62477569044207 71.65177108243354 88.78513094478438 67.67662855856372 50.3962326954112 33.13831693083466 15.975900300454228 3.3202852430283962 19.11891105851968 36.314663544022615 53.57882397785955 70.86141073721213 88.15158675126808 69.7377800728638 53.11982936247239 37.132018098968025 23.120758190926594 17.001892399771368 25.343074510717873 39.92731772565862 56.07871405880938 72.76101864876932 89.67843494221887 74.47650973879723 59.17754613920201 45.34227967237618 34.76451609662483 30.982732735026694 36.19387753187446 47.5265474088225 61.6948745125402 77.15213067871716 93.25960481337108 81.4266166971252 67.67989095254913 55.94233669202353 47.72029015552478 44.984561944333336 48.66928391682805 57.554246094041986 69.67773642033106 83.64320847772818 98.67162387741409 90.07759281621446 77.82967224142098 67.82064238567484 61.15977178673605 58.99230742691643 61.79290805009938 68.95890902673399 79.3157946565609 91.78973759937712 105.63338995544586 99.98882839965118 89.06532207044397 80.41259099023765 74.82262617596342 73.00242043966749 75.22611778085293 81.162008395365 90.07919749299373 101.192585887614 113.86089960623421 110.82258917096634 101.02505627407915 93.42994218692645 88.60543198198242 87.01360488157466 88.82842264992782 93.85247084951463 101.61082755496231 111.5343473798722 123.10051742755417 122.33389370991473 113.4800273314933 106.71698588671737 102.45963581690951 101.02525569658516 102.53239013780102 106.85664784191752 113.67699314301245 122.57747661255462 133.1415795120581
54.3471847739836 16.319245348955782 91.08171717045454 36.54870856926096 66.75598998991872 0.0 68.06475134743452 71.18096371777786 63.7180719887362 51.02901102763018 54.17338839871501 38.53399758959072 29.376422594251178 75.44285027644544 31.35703948725667 26.649281809659843 49.13889615302954 74.19201800557298 56.87286577394626 47.72079817403423 61.87750816477395 24.478462529487533 87.92313666236707 23.645695395927444 61.19077970416638 41.80322183515945 66.27180905613012 9.438234793077767 66.16787900081178 49.44536112283128 50.68239090011435 42.37509611787799 68.54679500222973 73.07489512633471 26.647181847439967 31.4487222935818 55.83847969175025 76.04396323468083 52.8396104427605 24.122310188915943 117.98209234467328 107.9047958322501 99.82879452693419 94.26984604852431 91.68692347315604 92.3301272758551 96.13472460237321 102.7501364985797 111.67796662972279 122.41330938184153 107.26775600600803 96.13057271266469 87.03152634790192 80.66331374418274 77.70030777041134 78.52890874610993 83.03568647195878 90.67383847862682 100.733553388156 112.56747580263561 97.42911216655192 85.06682036556471 74.69263485810704 67.23324492172858 63.720659830938445 64.79991899602692 70.25973427563244 79.1992725024558 90.59422175248096 103.6378068571582 88.75800871128438 75.02869029751653 63.08190036518915 54.11145413272729 49.75413864101536 51.201569159459666 58.020932307104204 68.62913387188087 81.56095251337004 95.88076690455111 81.6275146937145 66.48256388585855 52.68319307472114 41.5910296855832 35.816421571359136 37.875133586385466 46.7433719400461 59.44802168742086 74.03984826275519 89.60155336196371 76.46993113819403 60.06881063361107 44.35746803922208 30.423991323617212 21.962805890566827 25.255133229547145 37.30938197856488 52.39150246089978 68.53072591090746 85.12791889194935 73.70070138987533 56.518210325988555 39.44028567118313 22.70412939269325 8.61000414763365 15.215129761264837 31.42580942743317 48.39810063392694 65.54299439341858 82.75328033024019 73.5899866852032 56.374422210595434 39.23491072669781 22.34713316719956 7.623903380958994 14.682194850968553 31.172474868561775 48.23476893412569 65.42305464995853 82.65877222797072 76.14938519699346 59.662084997999926 43.80766439636173 29.620433598797767 20.840831712746912 24.290368452701518 36.66626904723975 51.937656139774 68.18604342449683 84.85201508265116 81.12654370416807 65.86933555486273 51.91079289071336 40.61279662605672 34.68105909916333 36.808426343961706 45.887388450622794 58.78054411873829 73.50755127244666 89.16431797661706
71.59259403510356 63.37780200698195 25.952352394034595 53.64007575995162 75.98157938234756 68.06475134743452 0.0 93.36515094589038 94.06357218605883 17.061209512697552 46.691137591061995 53.16168054089028 55.495827934904355 7.3922208126878735 81.43132978707673 54.23389671455531 86.26378701275097 90.29620605809531 11.294575439906101 71.0140041496215 61.7291142353227 55.82870648398545 22.75096914984056 54.57080627612368 9.571064798310847 67.79448836013765 4.316141658269439 70.51566667929471 79.85728704750045 36.78821657504332 45.184154098706536 44.948014676945334 5.375857754932529 11.122507192240976 73.94780799016087 51.92538165974221 90.73679164339298 101.3268399105222 50.566613191453875 44.10511774916143 147.88780946629575 132.28538261441275 117.16115553457102 102.72655901796324 89.31657818360533 77.46516635832646 67.9922680126607 61.99790859713875 60.52461054647097 63.885929152559385 142.62589875286514 126.40322029554096 110.50838928668476 95.10592515939346 80.47902083448075 67.13651379962278 56.0040451458802 48.624042995481034 46.80646257539752 51.147778226499355 138.58712617027226 121.84919375172292 105.29372619679873 89.02258036991373 73.22553609256984 58.28933639629912 45.077961580468155 35.56833963378128 33.11946904348832 39.08196459384624 135.88066132902364 118.77623690654788 101.73861895546001 84.80808052970063 68.06457420890567 51.69017125462635 36.18940659150496 23.37058616299987 19.529650504216388 28.554194141878178 134.5869436633876 117.30085266614117 100.02023860046982 82.74853282766765 65.4927835911536 48.27010650348012 31.135431957058266 14.406266914293264 6.661785918057013 21.90734394647799 134.74668977718656 117.48326592196527 100.23312025176335 83.00453166582469 65.81443167479898 48.70359138970548 31.80021178867793 15.785448467812358 9.263938408335532 22.82923529853155 136.3547890964774 119.31587088305243 102.36521269660555 85.55529023476794 68.98905561651115 52.89596481387608 37.88386969938023 25.905660854672107 22.488444507388092 30.644219675776828 139.36109019098575 122.72473922390155 106.30106789960362 90.20631749783769 74.65353077748904 60.06518841917815 47.341433475344964 38.38362995651601 36.11235294596524 41.636621902799604 143.67781095109277 127.58353981464046 111.85037939721954 96.65483215625338 82.29524442862427 69.29328539512564 58.56033653624717 51.534144980741694 49.808881255409105 53.89603579408627 149.19118833510413 133.73426489117332 118.78716406848912 104.56873768929505 91.41961097104236 79.86966540827444 70.70696888791606 64.94983649730973 63.5309443319828 66.72761294554861
22.374437078629022 55.84232894264162 100.52083727669304 44.93183257744945 19.205278148123927 71.18096371777786 93.36515094589038 0.0 10.969706897611475 82.58303284970135 46.80789090576552 44.19506066738254 48.56066093829948 97.9860408806672 102.32922734959453 51.8991615508102 23.99492195081756 7.605466044032788 85.34558933518868 25.934260493832618 33.10410600545073 52.56225410631788 98.78560137906038 54.40733772386356 83.90080973592815 31.671325350319023 95.14287071917506 62.21991596828062 14.281825650725533 56.750148503430566 48.20031913930109 50.23876426671037 89.54646914280822 88.93063492386783 97.78467762849415 49.93802430160246 18.532326896317503 8.050738268184757 42.81409821312686 70.59201650642031 54.67430438809827 40.1322329218236 28.820533421684164 25.48255565290743 32.66203617315376 45.63953373793361 60.80983424653599 76.88572891474587 93.4007770242291 110.1576391129432 49.694136609963124 33.06358355710901 17.765328401143396 11.692998764314654 23.59149292317796 39.68757800526553 56.500992458854114 73.5413723088482 90.68085643955085 107.87221606810135 48.49710507698523 31.244199709340922 14.111852888809493 4.560957167459209 21.004138412732246 38.2133339619628 55.48024437910457 72.76379389566085 90.05440272226053 107.34865979173588 51.348487766843895 35.49078980684709 21.937121649161792 17.366364943818006 26.84503932669007 41.69452987518942 57.92170307002807 74.63327496155344 91.56440332544821 108.61245951118035 57.65064740006187 44.08384005066924 34.08638448607482 31.29036763673081 37.34971823386727 49.0879276730579 63.42678204081288 78.9620007505228 95.10913358111478 111.60289361837587 66.428527535744 55.0232372984217 47.339915234626865 45.31315554576738 49.64071026986562 58.93913577688686 71.28917796905773 85.37666908512104 100.47341893061575 116.18667633526546 76.83819405056872 67.17213536316255 60.98179888051363 59.364637128996 62.675647659533794 70.2211492279098 80.82375337316356 93.44862085970938 107.38485317902719 122.1845528859807 88.3043164102737 79.98113005128582 74.79971365803242 73.42819822128324 76.07292919583786 82.34784727273092 91.50919339508582 102.78805442325347 115.56609761853662 129.3999568588366 100.46569069721347 93.17824826618515 88.71128949225516 87.4978617329658 89.67014399130605 94.99615586947164 102.98776882301664 113.0812425397478 124.7675049471589 137.6414514429797 113.0981145369188 106.61931128573345 102.67830572182046 101.57093232218033 103.38828279760267 107.98278866021978 115.0221334062009 124.09094486899878 134.78018000156953 146.7361378129263
22.900892101316852 49.32367912192486 103.91802906284349 42.411061114464516 25.54565887641049 63.7180719887362 94.06357218605883 10.969706897611475 0.0 81.715840168123 48.69778288994946 42.154769240335874 44.505483869397764 99.30910898333221 94.37702235043152 47.597573399780615 14.758915681833466 18.126956004884505 85.13027248562989 23.338893035181677 37.328455254706235 47.79726110741298 101.90760855371055 49.69101543546719 84.49577065087168 27.920822000820397 95.37385668291893 54.45534818582192 20.491804106274998 57.32677921050113 49.27713334741344 49.46599215484693 90.72110020369945 90.86840982382773 90.33937271848271 46.6110012886058 8.336094640010193 12.528221890819777 44.46194594877189 66.40706674038609 56.70789163998626 44.519031254171836 36.69892039649155 36.19923780503514 43.274314806875 55.07862808068833 69.23403545463893 84.56805250298477 100.54286045039792 116.89604576441278 49.05897681707464 34.30220476548752 23.34974675015138 22.6382744687105 32.8402747346538 47.362297183141166 63.29772602823421 79.80431330606207 96.5896790559574 113.5302389406532 44.726625297363945 27.788248790358864 11.942189150250442 10.571581863138178 26.069410330902603 42.96723539436235 60.09547262803764 77.30111056029034 94.54190027617413 111.80158081309266 44.68617424658448 27.723392033101643 11.791188699328423 10.40149816921492 26.001222384421535 42.92609154001239 60.06620074895688 77.27846386941889 94.52347249072946 111.78607289583134 48.94826588066298 34.144404930356544 23.118379532015314 22.400669301435666 32.67769769960522 47.250241243378476 63.21431876529032 79.73848710074351 96.53555812225007 113.4844177298016 56.548218567240326 44.31639510747637 36.45397454723489 35.95203997094029 43.068708230791415 54.91798987624592 69.10691085657224 84.46450246604024 100.45619322868649 116.8218681217302 66.34868220426718 56.23951059472783 50.222695604802624 49.80419094767839 55.111681142566 64.75213541627939 77.11732855618351 91.10448598272144 106.07390842376209 121.66356237446374 77.51938734067733 69.01189990615991 64.14610755923586 63.761256048088114 67.9335432768952 75.91527318574181 86.66016948254264 99.27504780882929 113.1361088712045 127.83863662205064 89.54887772825404 82.23867340086623 78.14141929723813 77.76662217004382 81.16586563701536 87.90240083315454 97.28540746837244 108.63127103308985 121.39085505706706 135.16438303449974 102.13401634472763 95.7315269796953 92.17573220633213 91.79803017878272 94.63648064402062 100.41872823085573 108.67589832477144 118.89345297183193 130.61212741229573 143.46454223364472
60.25055275991081 46.7403479426228 41.11957975679322 39.701605568566094 66.89047017613122 51.02901102763018 17.061209512697552 82.58303284970135 81.715840168123 0.0 37.95330700982518 39.66150082945023 40.22541353489569 24.420862807364095 66.31165251266685 38.49118602806204 72.35190147803485 80.64687774574318 5.862241242338271 58.37704010419272 53.50664499668107 39.83803555772349 37.87322934891085 38.41560061264155 11.274504721199467 54.31327572537644 15.842743922710305 53.534412872445586 70.04077292766668 26.754478386776345 35.361200937950244 32.4204382310138 17.90455521534043 23.330457543065982 58.74531803423784 36.91691930729663 77.41847954810501 90.29265951345161 41.038807996917356 27.044102885183477 137.20402216344024 122.43720978463243 108.42272908154915 95.49239353726428 84.14747450982733 75.10984563065117 69.28832193542901 67.5199630070258 70.11212772581534 76.62353884976515 130.74880894954347 115.1915989283798 100.20807013968681 86.09825558341342 73.36798582626128 62.86105718560053 55.84678248182918 53.71138755946647 57.00581225186927 64.90848591916262 125.5394155396901 109.27084112134283 93.37448461735316 78.07802398157585 63.81431715141075 51.44960749716591 42.668055302668186 39.909517269219016 44.31345154331293 54.159950150837446 121.73596127376786 104.89960048224212 88.24351742108767 71.89312083843762 56.116250342950906 41.5711023777357 30.099664864890478 26.125339592350407 32.52364039307734 45.07495171127724 119.47285364794037 102.2768120648871 85.12369050061523 68.04595471937438 51.11921452697177 34.5660108344854 19.36896969759959 12.41844355267856 23.064937987883695 38.83912794444805 118.83815949056842 101.53809547437478 84.23879809931906 66.94086172937129 49.64570902023714 32.35780385582838 15.102056410341582 2.7982738373980434 19.65457087590657 36.92543252775559 119.85775991433103 102.72411587082807 85.65814487508673 68.71029047903595 51.996179516283256 35.84429917285635 21.55776691683169 15.600425572430282 24.914286544013873 39.95976103913539 122.49033697797213 105.77012931750842 89.27187268563988 73.14590654293275 57.70519412938284 43.682543532311186 32.941602630616934 29.340128711506992 35.146073980809234 46.993183274044426 126.63529970930662 110.5224164636472 94.8293964253346 79.80431560413763 65.90559634169222 54.009915264732996 45.708847528911946 43.13039549762844 47.221475697036226 56.55270989138997 132.1503585035737 116.77277972270113 102.01345301833247 88.18335892220132 75.79289324741181 65.662152150825 58.96754586906044 56.93436913824305 60.03807954261155 67.57453132466632
25.79757011091115 39.74849271212942 55.512983077330766 18.823281654784367 29.404188240988624 54.17338839871501 46.691137591061995 46.80789090576552 48.69778288994946 37.95330700982518 0.0 16.908952953500556 25.70987829447695 51.18027221901706 82.22923790097434 27.762563527280097 44.14967238801404 43.62893241551936 39.575614411861615 27.289396592181618 15.566335852928797 30.077583570085622 53.351587998270944 30.604772843401854 37.348065974455096 26.60692946860711 48.75028670872472 49.84611213188522 33.166150401647556 11.256226074932794 3.742458995981657 12.045093320311466 42.745717976751486 42.29173740686026 75.41949224931602 22.89100576662443 47.01333310549115 54.82313708527661 4.267839588473241 38.06737460013597 101.20892618861058 85.637226322385 70.87261702767857 57.53978342780025 46.87676428707497 41.02122503978129 42.03280026567545 49.49219345764244 61.081123507461186 74.90684618328794 96.35601587879692 79.87089437766949 63.81965104905113 48.633795555316006 35.44367925354352 27.31250348826212 28.88600722561725 39.00692373093949 52.98479879466937 68.49779431831845 93.39797901650947 76.29305758885337 59.302542938836716 42.563662585078546 26.556580299441322 14.055296249250507 16.987158650603675 31.277605028194948 47.610150225407594 64.4505783028256 92.51679214600672 75.21672110925812 57.91776097633528 40.62133103727866 23.333058749606362 6.12244417119454 11.368843885395096 28.630936006283495 45.92302231501867 63.220495546455545 93.77103588933181 76.74721882913477 59.883023472584654 43.36507671407589 27.81718412464613 16.302578411127435 18.88027725174206 32.33988483867218 48.31132278949934 64.96777773608851 97.07795925275123 80.73641493815045 64.89465825733672 50.02973208590955 37.32748268888452 29.705509325467126 31.148082666481443 40.702558548856274 54.239311759394155 69.46810100235926 102.23852898920562 86.84610202502793 72.32204767274982 59.30780924969443 49.020999707784696 43.44427583395732 44.38982213529552 51.49963137481525 62.7110219203297 76.23540532284692 108.98968932704695 94.66652607041486 81.50734698887372 70.17009152582824 61.6679296980652 57.27759630822513 57.94143769041619 63.50114204946784 72.84420058319724 84.72814026335752 117.05646712695011 103.81168304592235 91.92498848959217 81.98920912390203 74.78600302931531 71.15020040800921 71.62712279499384 76.13952557280619 84.03986507382383 94.48205872600674 126.18669934772967 113.96298778033344 103.2023272835351 94.40633671444309 88.16501998941483 85.04271497791025 85.3822831462673 89.14417234502586 95.9265913812046 105.14664372980629
22.107304859843225 23.216572454628068 67.80387449776694 2.007120387221339 32.14986142916348 38.53399758959072 53.16168054089028 44.19506066738254 42.154769240335874 39.66150082945023 16.908952953500556 0.0 9.211600904560513 59.15572292896972 68.23787687994516 11.972694174471188 33.10395939021955 43.8091075686402 43.43475019802267 18.870339093054064 23.78406235925755 14.058489737830024 65.20777285670194 15.08349692987697 43.67396591443543 14.714782480719148 53.94316373000247 33.27860335571185 33.62124028653437 18.311342397451735 14.199732464020576 8.626672325176692 50.56386798629455 52.05894569095384 61.94823121995546 7.5395866056794105 37.81797731281976 51.498673816844374 14.603254263818343 27.753855690719497 98.2669209710263 84.32234939972824 71.85282758115724 61.758387501234246 55.35401877473822 53.969766858836905 57.96639929841422 66.37899165345348 77.78776890082932 91.07361209653857 91.21321067629057 76.025250179995 61.95589825556516 49.95932138446777 41.85737758940043 40.08556005728953 45.39129864348924 55.79062341410354 69.01828113044753 83.74460221540559 85.9180861818963 69.61465196202764 53.93692904400274 39.63451997859673 28.832418309004673 26.27606952260587 33.88606831682415 46.95540155059383 62.12941457906892 78.19225594263948 82.7200359372642 65.6456797593004 48.73211572639222 32.23345842142471 17.374852142544302 12.786244119534935 24.97605847474372 41.022333694226866 57.797691416156795 74.81328298418869 81.86524256713948 64.57021645731665 47.28024269577721 30.004056869999 12.79762052900469 5.101797429402159 22.06787633817251 39.32769480153812 56.613227906459905 73.90643512464655 83.42577735688344 66.52874955760298 49.909929375534546 33.979993015635806 20.420360989220683 16.67497235507177 27.163037489966136 42.383001909268124 58.7666524357869 75.5607859187746 87.27214803668961 71.27156930789889 56.04957220629533 42.45211045068414 32.580945402088304 30.324305585971846 37.09876277796678 49.31310246199562 63.921476309139486 79.61681591800271 93.12148543864106 78.29425091925738 64.70759238602079 53.31847153327582 45.79683842669906 44.16498072199955 49.014740063971225 58.76264182225882 71.43077427309397 85.73428171596078 100.62502144444225 87.04664784038516 75.01693126160494 65.39616325131607 59.367276143685196 58.06019206146368 61.77536276298267 69.7144325337327 80.63935688639506 93.509394024792 109.44294738551692 97.06185353741292 86.3882879717393 78.12526731237169 73.09491565274787 71.97822034363608 74.95031635246202 81.56545743551203 91.0328840560851 102.5657658267982
27.84526374238761 14.072146919315593 72.91002913702562 7.207583849058757 39.3040021972396 29.376422594251178 55.495827934904355 48.56066093829948 44.505483869397764 40.22541353489569 25.70987829447695 9.211600904560513 0.0 62.082609636856915 59.471713017418345 3.437762628857499 32.92016016987255 49.439657150197355 44.88137817222652 22.65984213997978 32.61445605565873 5.008323367757746 70.11038363065559 6.418828209622322 46.385350527473804 16.9345654459619 55.56881552275439 24.16587837209375 39.89902291218923 24.44138532918887 22.606434893561616 15.15084873313823 53.70877897179557 56.16276535387542 53.40961021012389 3.7702944785641552 38.7002992185593 55.20060927500669 23.757324681990088 22.06795614992322 101.21014126937212 88.26686120076992 77.05374234243116 68.4267050524297 63.449531539243516 62.993384364949456 67.15045962572064 75.15913993010098 85.94941963035512 98.61239012873591 93.03626172722649 78.80710245076534 66.06114419344013 55.82375948261008 49.671032289511096 49.16129320940431 54.453246245969204 64.12629163418207 76.53697476366432 90.56675829568185 86.41123164156758 70.90243868853825 56.44571168758246 44.08841822664544 36.057822639252464 35.42953885141302 42.532876354065124 54.420093868264466 68.64951099751889 84.0397037212234 81.71275629948478 65.12177020369397 49.02475769722041 34.12799848398589 22.90688093659885 21.987305620431073 32.262509560354374 46.87226192844816 62.8638199117246 79.406689075349 79.28416007451146 62.06156675443134 44.900016480769764 27.912331944881803 11.870065370538116 10.070353115636426 25.70289778448382 42.6448036674764 59.79325202583674 77.01038941907869 79.33421094349512 62.12520195603998 44.98752887830842 28.052239403046475 12.19392721518855 10.448393694190408 25.852646771740158 42.73479968216218 59.85716504393198 77.05978623617715 81.8583617636804 65.30354348465 49.264851348812364 34.47041849153103 23.41164900985332 22.51026995778816 32.61948165771457 47.11751584585879 63.04602605357252 79.55032299474398 86.64061012956505 71.18053453919778 56.79303810884156 44.530184872439634 36.59416700492509 35.97271548970396 42.9842641850813 54.77193790838564 68.92743215698448 84.2657945549325 93.33443801996656 79.15728876792274 66.47659074534963 56.312517052864834 50.217165833486575 49.71045785100965 54.94722197766197 64.5442986963212 76.88587316949177 90.8603885054596 101.562493968976 88.66881778119452 77.5117558864009 68.9396790186334 63.999846677587755 63.545065862013566 67.66582893279376 75.61777174655148 86.34885286697175 98.95905904671262
76.60488510016636 70.46649260804219 19.770589774966012 59.77875137864765 80.08030282055128 75.44285027644544 7.3922208126878735 97.9860408806672 99.30910898333221 24.420862807364095 51.18027221901706 59.15572292896972 62.082609636856915 0.0 88.4825452474633 60.9970158222438 92.17250022336079 94.48403898777299 18.607587524543753 76.52117016314861 65.69323786530862 62.675627608144914 16.74909652757829 61.484464549939425 15.697297748979105 73.64345305904565 10.252799878709334 77.77869563373093 84.20029543448062 42.03326581875715 50.08844759869146 50.74558701525373 8.624196265795511 10.259438576225248 81.03263959749071 58.44582067697192 96.3880540582607 106.00336965519134 55.23424516817382 51.454669430628314 152.24374589785913 136.33537974085405 120.81064194895782 105.83848299528164 91.68999723786321 78.81005355133755 67.92415862518301 60.12533531092375 56.70201411639332 58.42840662567439 147.5046425454442 131.04698231312418 114.83774698432107 98.99903661143168 83.74135732329391 69.44872325501812 56.853671441689166 47.331377651957155 42.97537927625886 45.30134321356223 143.97671277725468 127.08147607538513 110.31236887172372 93.73710746596956 77.48019961011899 61.793420141774995 47.24808609624415 35.28520840961802 29.264648487802674 32.65735438745065 141.75046977106658 124.56532605305452 107.41767855005334 90.32888414843443 73.34009404137852 56.54152379098095 40.17251382909893 25.088448701467488 15.612241520944277 21.372092750594096 140.88766546771862 123.58712456854207 106.2870360276467 88.98766367430468 71.68952597923172 54.39380088107993 37.10386238252899 19.83484871030896 2.9764800130575964 14.933560641172662 141.41327068452975 124.18323464039993 106.97640531323766 89.80612289645747 72.6982875563825 55.71045867315125 38.99977289082014 23.173740602890856 12.319704118331918 19.111275562813834 143.31200258164836 126.33136408066143 109.45139261833212 92.72708056941538 76.26090692545489 60.264838078939654 45.240311910511664 32.56119261303567 25.932355014170263 29.72293959833342 146.5304657497633 129.95454195240708 113.59531006666386 97.56183617783262 82.0453240718945 67.40374203535823 54.34886929344651 44.306214705209676 39.63568650254519 42.16207469489115 150.98424307571858 134.93394933122397 119.23422054753073 104.04387372673801 89.62229417980784 76.40604172394947 65.13302122561356 56.96874002850105 53.35975891470108 55.20679348623027 156.56788894725005 141.12603482408963 126.16775767297355 111.88717515174757 98.5792491731632 86.69306944131529 76.89082993928983 70.0528563777545 67.0917071117121 68.51191982630175
85.60681157545571 47.524268626935815 107.07013764954903 66.34902630854316 97.92324165933445 31.35703948725667 81.43132978707673 102.32922734959453 94.37702235043152 66.31165251266685 82.22923790097434 68.23787687994516 59.471713017418345 88.4825452474633 0.0 56.33127075077929 79.64189657275793 105.52925089864071 71.7651782478248 79.05281757738472 92.00102788092767 54.46441346546752 103.81717794876691 53.2023253502148 77.58449760294366 73.10461660157347 78.26803493288016 40.10969464760387 97.49079945331103 75.09803423857954 78.52836322193197 70.19101448955274 83.83330814772805 89.5953470326321 7.572753461491069 60.75672439344063 86.27219940007069 106.83603816661132 81.7205588032583 45.3916156759227 146.8715905470784 137.99587479935656 130.81704471424607 125.62633995150048 122.6763863509307 122.1296631610696 124.01795779985659 128.2337454292724 134.55843880257498 142.71192597028357 135.2287609786777 125.59239398356843 117.72313805266552 111.99411241775945 108.74410962021274 108.19675464599837 110.39225621758743 115.17386390787846 122.23847102814749 131.21785262435142 124.10100888936137 113.58213409217929 104.8780817091779 98.47127968277574 94.82849721255725 94.27070015113311 96.85120542660937 102.33287419098328 110.28394420457347 120.21543003812353 113.6399276315224 102.10415182827364 92.38595411013806 85.11024169566487 80.93839629579183 80.35531580036672 83.43627262078392 89.80494657421107 98.82776582557614 109.8526658527397 104.04696796552341 91.35948084006579 80.41162859282927 72.00137057009712 67.08991573032453 66.457567660011 70.2200248058843 77.74180050625985 88.06483569335334 100.32813714308692 95.58402270983096 81.63835905682748 69.22454874727809 59.31234978450641 53.31577377048511 52.59171832818608 57.34026638294316 66.3974673398273 78.28180757617413 91.90298870759621 88.57572375551128 73.349046765254 59.272362051852525 47.38195399568031 39.693735591269736 38.7922949240694 45.0865619149741 56.209077600176236 69.89155287619468 84.90526686572505 83.38974934124201 67.02504075114467 51.279358339382604 36.9526698259736 26.4601159187608 25.16915519476929 34.14008968385507 47.91988924892139 63.44916515769147 79.71190654042358 80.37967715658678 63.25863295558922 46.27234456095881 29.653299699722933 14.704406793771003 12.322096388071005 26.194686938433488 42.652107478655495 59.58989851557073 76.69043500964698 79.79218314482561 62.513881224505084 45.2536378376865 28.04481532116114 11.128572788672672 7.73900092319875 24.38550133434848 41.57074394844405 58.82443681487706 76.10003625365086
