0.0 57.53111774743131 47.555561067357914 25.115718702412327 63.178883101516384 50.45211388338732 8.630431915007378 35.487195600935166 41.97526374236452 41.13263598308048 50.871334094355916 76.55222251716559 38.39390637693882 28.906547065553145 31.988240998591984 43.3377410825649 25.53147237613378 64.94583837496505 22.135089837042177 56.426389431508476 6.58378147023924 45.33237867558415 44.103892273208466 30.734440479821938 59.590988589046404 30.22933212941603 10.867596731616706 53.970456467701524 30.90206760822133 48.40986734805781 53.83674885289354 69.40071833104672 48.369128780837215 42.20130940726319 29.679421594432583 33.86483711016932 12.82307333321803 52.66012838704432 29.679421594432583 61.59314150153898 76.22425612027286 59.75717976830737 43.93649217629557 29.809757694605793 21.107805689922728 24.518743166487702 36.81724555245667 52.04384566733014 68.26657799949612 84.91643521591135 73.61472639595425 56.40656536057552 39.28086904012114 22.427351887060745 7.854867034881645 14.8028761717786 31.2292288270104 48.27129277999725 65.4498591558576 82.6798875406415 73.67271260263368 56.481874716463345 39.388438696000016 22.614362173226016 8.371558532831676 15.08210695526651 31.361923575027983 48.35683915036173 65.51267722411447 82.72938536996061 76.39213977142474 59.970201596182626 44.22445607022194 30.23063553010465 21.695425993757578 25.02404979627643 37.154084594003805 52.28154847046457 68.44710361681096 85.06093728120871 81.50701460020417 66.33523599171718 52.49801062742428 41.35729907064318 35.546008691330485 37.62072251114691 46.53843864526648 59.28778341002719 73.91186462662617 89.4963333559112 88.60338756646499 74.84654998965462 62.86615514902688 53.860955636256676 49.48285846599088 50.93923520252574 57.79065447970371 68.43548398601622 81.39885043711406 95.74357366013389 97.24835407681802 84.86068252854206 74.45886396398164 66.97464685806383 63.449019978894235 64.53407523514427 70.0157804516588 78.98396086255602 90.40694967780348 103.47492904757281 107.06734679179772 95.90791863722632 86.78666492934383 80.40028486403406 77.42848731321347 78.26122752600963 82.78377295688162 90.44429578861043 100.52796854934199 112.38442296109513 117.7669511996541 107.67059838765749 99.57677122428179 94.0041574954502 91.41500169294312 92.06137133413198 95.87785092805325 102.51098065190088 111.45901784192789 122.21455236602189 129.12831671719937 119.93826708740185 112.67170351721303 107.71859989691052 105.40559702100556 105.90581727434629 109.180600434655 114.99314770520064 122.98416018123143 132.76084671034772
57.53111774743131 0.0 33.46377225818631 32.57248673108209 78.7118509978163 36.79455801261141 49.088673894119154 22.533424311554377 64.91706534438542 29.53982361598807 39.28996498966024 62.09428745410431 19.259999012194807 56.69119764643924 26.47004907869515 24.947293808680254 61.04254176399772 38.41055629624785 46.71480103341895 13.529432351180365 52.07749230750436 16.366721196289394 33.783146044517764 27.65887393707833 75.96597753527804 31.44361069829869 46.683728933730954 33.98521991475329 65.31718929187865 28.92124493550788 43.93234317883603 49.93803061555698 43.37969502174331 15.438741705975188 28.167140088203777 27.99129431726141 48.73906128620109 28.235547311428917 28.167140088203777 17.481121213026032 112.84355715777157 100.98285392574823 90.88503281688942 83.19450463822159 78.62090067529923 77.71647478708485 80.60483169791532 86.90863790219497 95.95711437887518 107.05656573178162 103.52888931074244 90.50593848479978 79.13982931150358 70.23954704874836 64.8287672237651 63.801550561226215 67.3587436969393 74.84955948368264 85.24321944425917 97.61685341715076 95.40146782710552 81.1291241351763 68.27247603257405 57.78432889485637 51.143209028473876 49.90920231188472 54.451176322272325 63.54238122769052 75.55818488356218 89.32606492574978 88.78805609562994 73.27611788001131 58.77216466601403 46.234754992870066 37.68083253872334 36.06584331823164 42.19422128194573 53.466502660875186 67.34752293719183 82.5313160349236 84.04692047767342 67.48115477219304 51.402713362568576 36.46207504739344 24.80802645517299 22.36302127547277 31.36052532507077 45.44856060296012 61.207614372660245 77.62656592661777 81.50551867575805 64.30316355065362 47.173694141199434 30.24121861840931 14.227385438747719 9.434987950093266 23.965241645221578 40.722965571132015 57.80225212737514 74.9836921295264 81.37025938090324 64.13241942412138 46.941759073868496 29.879820665336368 13.445892879400004 8.215461152330949 23.514016731649978 40.4603210325365 57.61839625972254 74.84273519395298 83.65281685456155 66.99192263802522 50.761729992089435 35.55700165780263 23.463995910210784 20.86934218772135 30.318499051184297 44.7392995940948 60.685336562365336 77.21739973111734 88.16557244039141 72.52408505196549 57.83619570035156 45.044600400542315 36.217597782906125 34.541578204961574 40.90519199840684 52.46004872041536 66.55513926658244 81.88909747621338 94.58980509331995 80.1775019810574 67.14413335084312 56.45298651398507 49.64118202468158 48.37619706937627 53.056273489802514 62.35689291444105 74.56874851256359 88.49472661575587
47.555561067357914 33.46377225818631 0.0 28.968660273133427 45.34063964763956 59.5140087472316 42.09669150962707 31.501312168777236 34.089174529988064 8.055472682980385 6.401759382708446 89.0202598243701 25.883277887029006 30.592285643160835 23.592892753267584 45.09211201729946 36.707595388943346 17.393670511055465 26.79714555828524 43.98979122536883 45.4723199668228 37.70447235800857 3.459201316449049 24.1562126644827 42.726785364072235 40.178167997682344 39.66129595620278 59.09147678054828 38.83760623464743 52.0611895744615 11.380905569259147 77.53241919057459 63.53378431886261 26.318344128911246 32.00915690781011 39.53982789102451 34.838668245506206 7.496490509291113 32.00915690781011 22.82005614107175 81.61110085873699 71.88699773858573 65.37433094320494 63.07582651666426 65.43707418115689 72.00107989539283 81.7618149060076 93.72580908674577 107.15761401982094 121.57168764383728 71.13868039014349 59.79461573206244 51.853467513608166 48.99867259093694 52.07359732192033 60.17599986924635 71.61943997423054 85.06608727187586 99.70875600763824 115.09185307587992 62.15260793482902 48.81709211484095 38.75535963939845 34.92212662258219 39.18978902417252 49.50587650478219 62.964527013491356 77.95472483594072 93.74462221922882 109.99034900484612 55.38134447931309 39.88602117907909 26.709689690659204 20.847825545489876 27.4693939743014 40.904948959570184 56.48516231865777 72.84671402076677 89.56241060688154 106.46557430636463 51.702641232929295 34.623200005394104 17.974488201232496 6.790570882584188 19.179542722900145 35.89305287294238 52.98566796172827 70.18093867630962 87.41830859120837 104.67698209120846 51.779934965913725 34.73799007894824 18.19361384969388 7.348507034549036 19.383159363243948 36.001757161325756 53.05901913003296 70.23607224148478 87.46236629149426 104.71360241736858 55.59756169362356 40.184331527019054 27.151123118595553 21.407891658902564 27.89486541129115 41.19053968690017 56.69134815305931 73.00594978095916 89.69135857861187 106.57355326778784 62.47350539762941 49.22314288330363 39.26326691416465 35.48236008371074 39.687517437335785 49.898974122116755 63.27261343865247 78.20260237996317 93.949868766463 110.1644955414495 71.53111305820472 60.25884427613249 52.385666167937764 49.558947270314334 52.59868836367469 60.62884057058179 71.99855643341792 85.38401182943058 99.97883951846751 115.3247967884045 82.05093148707984 72.38366405543762 65.9175847487415 63.63611261795015 65.97480861813203 72.48785835070615 82.18879204104684 94.09675424044994 107.4806702255063 121.8551741915192
25.115718702412327 32.57248673108209 28.968660273133427 0.0 62.27292806177118 36.7753703107501 16.97909024712907 11.781897675261357 42.95853803733696 21.01567884111182 34.36859333339257 66.60903059507211 13.330169079906767 30.726237060027778 7.219008872917885 24.42036404382759 32.75451611505467 45.33400883511829 18.5738523050382 33.547097237370515 20.24961806761267 22.564953952336424 26.02867074252148 6.032546804961414 58.81764979976636 13.572622729075299 14.431744463693462 38.34967342613341 38.158425192064065 31.327857854450176 38.77989729939541 56.60903508765617 38.491436778848794 17.153734202466445 6.819200619039766 15.080693218733996 16.767457058698657 31.55835301890446 6.819200619039766 37.33415236251801 87.86353537470175 73.64631328048546 61.043110835762604 51.25862474563222 46.12304359902678 47.179730824057714 54.06683049876345 64.95552808977322 78.19157504627448 92.77568375591112 81.32325075991712 65.74430580006715 51.28220956924333 39.19342972689111 32.26598040576053 33.83446012119238 42.97855900556254 56.109277477228936 71.04965971836391 86.87097280068342 76.85261005979572 60.15315904861988 43.92258490060917 28.960256136597756 18.625559239482165 21.303486306638465 34.05110352098395 49.63697032969936 66.08246398509549 82.87742346053628 74.82358329434729 57.55046408681751 40.30206880245358 23.133765721487734 6.693206758018518 12.374992949686924 29.32908825473936 46.53991747686561 63.80004665516805 81.07799652924896 75.43348287211161 58.337622879425 41.41327371867934 25.011064128799134 11.608639433511058 15.578214982079185 30.81094199219197 47.48326655516266 64.4881396144185 81.61796855457983 78.62091025164032 62.386442593406464 46.921206670503096 33.31428787640404 24.835350679601103 26.878583210999494 37.77343713331555 52.24861333720192 68.05669227769998 84.4524709950715 84.09324099484321 69.12610837196048 55.53261177202154 44.58732460965922 38.612102967909536 39.905712743029866 47.88260391430572 59.931027354869165 74.09061179410665 89.36339242734958 91.44109900509504 77.8608855033236 66.04438366350936 57.09732002360413 52.50759480934114 53.41059155178386 59.55699191206597 69.57067988511737 82.04769303235695 96.03264331531756 100.25284704191252 87.99855547328616 77.68880401104526 70.18580234076336 66.44723854510816 67.10526245337564 72.03949657094951 80.46709862983148 91.42707988219648 104.1228120415655 110.17769888613215 99.10943267793157 90.02730682208478 83.58130362747096 80.40792668250276 80.89324474721977 84.97459286814926 92.17552731224421 101.83641908415842 113.32990197783593
63.178883101516384 78.7118509978163 45.34063964763956 62.27292806177118 0.0 98.81148043575807 64.10846488066802 70.92270869497872 21.24516152747646 49.83174090036549 40.07446400204284 128.795944961552 67.13426810997272 34.72701188922228 61.347032053724234 85.34305995926894 37.75966390432973 49.407473170883804 45.5632610807965 88.18924288821418 66.07445900458059 79.98664317137838 44.99142571240812 61.072814813921575 3.6131183705349152 75.8431735975675 63.052639850280514 99.76762086732494 32.977168096034625 92.55498743150731 36.23225955534134 118.3683760099914 100.73661205495209 69.03717222305046 68.42159042370625 77.0476092805915 53.88558374235773 51.636816631486106 68.42159042370625 66.89584934410195 41.61142860558816 39.740703415779684 45.00935406166027 55.41720243538948 68.66583303254387 83.41242625525183 98.98977224339845 115.06095380655353 131.44495844173687 148.0379580888684 28.400667869843698 25.663889068509068 33.30740050671105 46.46333086015591 61.70097049808839 77.80674049091043 94.3370469687977 111.10255827494233 128.01089382956886 145.01210253662057 16.962936811014835 11.922603748508926 24.39812978893924 40.584504387926835 57.425153528615645 74.47756387867376 91.62357658895229 108.81895540169732 126.04349774810677 143.28668673853747 13.226799391889696 5.465407795857091 21.98878572048211 39.190002135899704 56.45280677013602 73.73395467424403 91.02299877746803 108.31615805521692 125.61173289188282 142.90884625948414 21.638403974961538 17.938879689185402 27.82262389171075 42.721253653498344 58.94764410058049 75.65220481943285 92.57645251786496 109.61868063984181 126.73130176587345 143.88920274604325 34.169488981596736 31.905211135223905 38.30195437495416 50.148236372929844 64.50860566354832 80.0411362293207 96.17960004015278 112.66390783887313 129.36191667427303 146.20042247556395 47.6753463667679 46.024754948108956 50.61937138729009 60.042207870620665 72.43283762859747 86.52553659083925 101.61458690541038 117.3161682613048 133.41418842333064 149.78087756108525 61.51714284358525 60.18965424080492 63.717548296309566 71.3845453397045 82.03826262688735 94.67573936892082 108.60667835638738 123.39376568534745 138.7635690794261 154.54232644765352 75.51021896494784 74.37385524150189 77.19996109961957 83.58758352121744 92.80420636270016 104.10112291627816 116.8766586610892 130.69793173538469 145.26676100159756 160.379552358362 89.58356074890588 88.56793177019156 90.89564242543922 96.32461875318441 104.37203473968863 114.48705684307372 126.17339586365296 139.03539316363054 152.77640645234698 167.1798291398372
50.45211388338732 36.79455801261141 59.5140087472316 36.7753703107501 98.81148043575807 0.0 43.03177295125657 28.452263923146457 79.72606059180116 52.06066663464692 65.87030249068692 30.03433783010361 33.640105661744236 67.19879295552575 37.78176486938948 14.442004942815032 68.25449928120526 71.23789005605418 54.99893538019565 24.3543124417964 43.924237723976454 22.822274592366266 57.78201742002459 37.88465608952326 95.41429967869801 23.488982403096824 42.14824049518784 4.965729109670461 73.96210264651134 8.030763830026006 70.81974916329916 19.930548256416483 7.394512179687571 33.56463105001162 30.396912840514208 21.77960066267076 50.079725091182965 58.005461843944296 30.396912840514208 53.15945063165783 123.44319898382741 108.19887188118383 93.6721266378296 80.25358355403131 68.59669795207923 59.74173749649014 55.05762763632352 55.60852862222039 61.253354870206714 70.78373713520615 117.79881746738691 101.74267736563154 86.17011563659146 71.39825411619597 58.041691772088605 47.31459296812003 41.318384078394935 42.12425013150746 49.4004197007435 60.869170482267 113.62406363292656 96.9013167575479 80.42395528755108 64.38066496087825 49.19794202566119 35.982148635417666 27.707446353406695 28.972403914688947 38.85624577755427 52.71551503487948 111.08481682210872 93.92490640795103 76.82872070037837 59.85089281347044 43.13141757581696 27.151827913811346 14.588937639994091 16.945949643241104 30.98719223491382 47.24362095917877 110.29413240334827 92.99273684565176 75.69158586237135 58.390896855216056 41.09125334705144 23.794935776051158 6.528432922274934 10.85152086734929 28.135461160749273 45.433098564823034 111.28929726350653 94.16555036208047 77.12137584945697 60.22437130593697 43.64579858203704 27.95798842793629 16.03293636316499 18.19817376374462 31.686030938984693 47.70270572421041 114.02354800384731 97.36729534468508 80.98222344366661 65.07350023568728 50.09700549895564 37.19635862639543 29.259833189392193 30.453508658384024 39.96753869162158 53.535985249404234 118.37640078749445 102.40780387666314 86.95084304182969 72.33425672659007 59.18399333057211 48.70267155845289 42.89359098301521 43.6631979825422 50.7128617695568 61.933985983033615 124.1777012694478 109.03229205270617 94.62916036512803 81.36346438323383 69.88595528231482 61.210932189561966 56.641043051800246 57.169356837790225 62.6670649484884 72.00475513415196 131.23542600319522 116.97186568310967 103.63776891070664 91.6397642355412 81.56957211493845 74.21612535568049 70.43550874953313 70.80238686040813 75.2561262607488 83.14253157427419
8.630431915007378 49.088673894119154 42.09669150962707 16.97909024712907 64.10846488066802 43.03177295125657 0.0 26.902351311458332 42.975083251318864 34.99955840783375 46.19361260128791 70.35818744227494 30.078568884004437 29.406744315268167 24.08338791763361 34.96822672419687 27.85477362856355 59.39199676230466 19.567336515721117 47.80595756489968 3.439962700683614 36.70433306512916 38.722651652882114 22.844238168169223 60.496121128175346 21.800409610744946 2.605317618783774 46.23805225470249 33.6439929986991 40.35292851667043 49.71773371216653 62.440998871368244 41.73180896767943 33.855541864911004 21.099433441427028 25.359630353390486 10.269617691248202 46.417259666494225 21.099433441427028 54.08286036240824 81.52619896187785 65.62748426371138 50.656902622564374 37.735744259615906 29.674240097683587 30.59157032545759 39.872764434288506 53.31547647084374 68.51242396799054 84.52262397445418 77.60995657158068 60.71740430132859 44.143102887124805 28.448838311933876 16.394260931459335 18.08092096879375 31.365269583903302 47.321803541868206 63.98154863880132 80.91128823188394 76.15333072110217 58.85280508480254 41.5534493538277 24.25776660107465 6.993062859926484 10.396163536286455 27.676182988324395 44.973054085227375 62.272736274569475 79.57339613784566 77.29552106446907 60.316816243755 43.59302493475925 27.59163061839051 14.864625573815506 16.7131344388535 30.60087234288622 46.82104942830133 63.61384053039365 80.62222708723907 80.92654847177756 64.88449473711698 49.69506067258495 36.44050550555374 28.016634631529794 28.994192159815967 38.66658156948221 52.42381014253439 67.82416381887136 83.96837805869971 86.7343507073751 71.96723210914172 58.60394781446141 47.83584637842615 41.72312303082699 42.33290788028163 49.416965519959454 60.75115776833877 74.41824478228827 89.35408462906477 94.3175896284926 80.90710095853052 69.2445589256096 60.35194760280594 55.57521841281384 55.978128831036216 61.45889355350958 70.84870478512526 82.82862443603813 96.43817587065634 103.28585098001531 91.15924299487082 80.93663138847089 73.41770334475905 69.4857551976195 69.75006332281384 74.16577808443503 82.06548660207824 92.56141577541962 104.87696332268631 113.31063584317761 102.3298737988191 93.28550603197789 86.78506719278886 83.4253548276384 83.58595251126148 87.24742274096351 94.00156265235613 103.24318125299708 114.37086541944896 124.13611991256727 114.14952715450255 106.06186939303346 100.33340937297748 97.38138036564045 97.45840526064144 100.5575237289 106.41502576826296 114.60875685439503 124.67896331382774
35.487195600935166 22.533424311554377 31.501312168777236 11.781897675261357 70.92270869497872 28.452263923146457 26.902351311458332 0.0 52.894676860241624 23.773190651458805 37.74948685201255 58.40961522906552 6.236868222217991 41.55418875090557 9.580376517001582 14.44367582689927 44.195060667382485 45.200159697938304 29.701598814498208 21.77707641502675 29.726105624157867 10.798205034331595 29.4930562676406 9.981467772001928 67.62214554354549 10.344120582394684 24.638007873467416 28.885674278042455 49.41345978844205 21.66488487175555 42.64068993087348 47.53503671917811 32.03872473592955 8.63886968104074 5.808022321376512 8.350653242455158 28.501763341704752 31.275040772205756 5.808022321376512 31.77804538722114 98.97268648063445 85.14003938788345 72.8063091163415 62.86008025768311 56.574901111204376 55.21546780092687 59.122542538549055 67.38620697827535 78.64493275736918 91.80331534567301 91.77876647954929 76.69978555771064 62.778002003525714 50.97061182225188 43.05385356328118 41.32760151469003 46.48668939032118 56.68120708980125 69.73672982672294 84.33486254000744 86.3116185248803 70.09755683994722 54.555929500987915 40.46901776440191 29.964034112136464 27.50736752429517 34.845045305618115 47.64880987977264 62.65262141286335 78.60663358219644 82.91361240084973 65.88832431207487 49.05698922913618 32.720297310666496 18.25815632194635 13.95763019887472 25.592642723549613 41.39884098248257 58.06425285933414 75.01842198967067 81.84292929303824 64.5420538013281 47.24195109594906 29.943960637186898 12.65674582036878 4.73911929711048 21.987243790294066 39.28272047740722 56.582143539717855 73.88274093333759 83.18949376722355 66.23357359535808 49.51760496050985 33.403782161726845 19.451083678669086 15.478668603354354 26.44893644521768 41.93108427314724 58.443117211843635 75.31064069845458 86.84091398501035 70.74529527542015 55.38193578101526 41.57078738210717 31.42946804843043 29.089553203840364 36.10127830076421 48.570691057874576 63.35322651789575 79.16350255040206 92.52466489825544 77.58672223075796 63.85366050673853 52.28369818115064 44.5935519194732 42.92189758231829 47.903009856660695 57.842994878685964 70.6797736385696 85.11259241952617 99.89436987463282 86.20487077189757 74.04304273691197 64.28189816562256 58.14336167711012 56.81405111305193 60.61122109051182 68.68989490212611 79.75951994878642 92.75536752239205 108.60726791724801 96.12292883471395 85.33689316087307 76.96650118514388 71.86089589678798 70.73064044494951 73.75871284609592 80.47708386779155 90.06366314421525 101.71064297108073
41.97526374236452 64.91706534438542 34.089174529988064 42.95853803733696 21.24516152747646 79.72606059180116 42.975083251318864 52.894676860241624 0.0 35.4705443626485 31.25423630291664 109.44169223967893 50.17817486268302 13.573919937285124 43.45369976942962 66.99553301848705 16.755112405763374 45.26262084610921 25.095255807042026 72.27651132511151 44.855072267336006 62.86746754459052 32.257537356162196 42.91992609681663 17.640910229329908 56.34139300015615 42.04272688088367 81.21222930840483 12.80763645872887 74.0936186011308 29.823061588601277 99.56487052431608 80.96090546838442 52.77087845553451 49.51594656648612 58.023277248138584 32.81730295287936 41.51225783331057 49.51594656648612 56.889796258866106 47.981012925469194 37.92016602365178 34.240447212861085 38.80187242383396 49.37074261157855 62.99256299400179 78.08561713345642 93.94345138207238 110.23651099244769 126.7971312670745 39.077472331860235 25.813815418600836 20.108926142578998 27.22308535561071 40.94551823426562 56.662917081370374 73.09957935817707 89.86168512746112 106.79610492396695 123.8321655355685 33.99646715609137 17.226753191714298 6.039511808358367 19.36243298661004 36.22216656083275 53.365722336352164 70.58660440564219 87.83934513343426 105.10825760296997 122.38649643689124 34.471955058066094 18.142991240622248 8.290587980122144 20.174559207647324 36.66067513912434 53.662935405672755 70.81051788618228 88.01852942714267 105.25733643773837 122.51394001357127 40.307767245382195 27.63284136496492 22.38622096427909 28.938261900035354 42.100050594907266 57.49884054426415 73.74639118818816 90.386143341119 107.23567852291092 124.20965233734078 49.64831134445012 39.99965265035543 36.519811826968656 40.81823306510377 50.96338583892817 64.24260496467876 79.0927616150792 94.77829201766339 110.94544328691141 127.4110088835162 60.90172327051522 53.276177529227894 50.65948356941793 53.78769792001998 61.794422144161445 73.0936779563821 86.40325164325549 100.93096165139696 116.22089800417763 132.00847030845833 73.19080302590422 66.92303734802965 64.80112010637053 67.21882448464252 73.73091971480922 83.38356934994209 95.2264863965063 108.54510925519861 122.86045227159904 137.86237223486924 86.07294953832586 80.75255018450788 78.94351805253729 80.8818068909444 86.31533636328011 94.64402178121526 105.18235302435612 117.33646865881549 130.65622574852532 144.82035331861002 99.31750959456835 94.68456215270392 93.08617462877314 94.67616649981625 99.30150098649764 106.56768127276126 115.97941318836573 127.06080777441154 139.41429072023888 152.7314998170268
41.13263598308048 29.53982361598807 8.055472682980385 21.01567884111182 49.83174090036549 52.06066663464692 34.99955840783375 23.773190651458805 35.4705443626485 0.0 14.034600894674831 81.80262774024068 18.493971550045053 28.82320196672323 15.551949628456411 37.72005570095478 34.259156392493274 24.557590462586415 22.03391677238659 38.37364322306236 38.42320691920089 30.899422314293624 5.725223365874349 16.100759801158173 46.879662115343926 32.16252898532713 32.48350506644076 51.94043072555611 37.488928850411405 44.81231567895489 18.87764859611641 70.51866223054526 55.79125513687 19.571317482229315 23.976390146695923 31.653448574326273 28.75552172865277 11.527496889080105 23.976390146695923 23.350077186196476 83.44956567969759 72.29961000982074 63.947897444432115 59.58296696454376 60.08013566784365 65.32849176476664 74.32830790058718 85.90855172198458 99.16933773479496 113.52326729932547 73.99350963217769 61.19847288890258 51.12895746240325 45.62664889704946 46.347766711389035 53.03907483979857 63.850411366681584 77.0669202349914 91.65396307915154 107.05275004536202 66.23731465986688 51.600102744674736 39.197808729431394 31.7659357045807 32.86928641271331 41.8379512340881 54.946766908629726 69.9041420801188 85.74811847566866 102.06664205348793 60.834798166599384 44.48821886745113 29.261625848734937 18.2207589283859 20.160891444837308 32.85786376322561 48.49256703468754 64.97792766336372 81.80125481000721 98.7900383276447 58.44246481821339 41.17227078185014 23.947935804166384 7.110902746373953 11.240098180081507 28.29890875932849 45.54152201542129 62.81676351607109 80.10352607986117 97.3956752780038 59.42501996325966 42.54923556546793 26.2346125716764 12.836874478691417 15.492862743723757 30.232188899052208 46.76167977387279 63.70272478416284 80.79686005393314 97.96397829918415 63.62629117381612 48.21871701218961 34.648158818139265 25.974134174715854 27.34093780825846 37.671058012901945 51.85943347969492 67.51595046554824 83.82193502329147 100.46163701685471 70.47290344603378 56.91195134644594 45.93709116837735 39.7513337770331 40.605748142638944 48.12682287994517 59.85199605598976 73.80405026985156 88.94110575782629 104.75069834264782 79.28237817688031 67.47000082011577 58.45858533145262 53.67784509835506 54.25786189193949 60.043482302339676 69.75115500142046 81.9995557794913 95.81925870482176 110.62293250414642 89.47671337824838 79.14997372738254 71.56846920866143 67.66139644362653 68.0644892190931 72.70609435750463 80.85956319915054 91.59177421846489 104.10825417565638 117.8418236844192
50.871334094355916 39.28996498966024 6.401759382708446 34.36859333339257 40.07446400204284 65.87030249068692 46.19361260128791 37.74948685201255 31.25423630291664 14.034600894674831 0.0 95.41501669353192 32.23059508356988 30.394157584592108 29.512678065542993 51.4594959826713 36.80086907116319 15.317649897298935 29.176870887811216 50.226622250446034 49.4777540412649 44.10548138121088 8.43683281246717 29.96568819855726 37.70087086127967 46.143984508973844 43.87877600263273 65.48813491308451 37.9805624967604 58.44828400393559 4.9791461865507 83.93417857328303 69.78688687574136 32.7201035116197 37.93764031109046 45.68706923036922 38.048274731631 11.56250493047302 37.93764031109046 26.94960800405202 77.79501169373198 69.14427010309409 64.09750624176914 63.51963869174811 67.52549642508119 75.38789564699478 86.05620795270255 98.62403874548014 112.4563252264944 127.14103633982421 66.70575395675247 56.443339071921145 50.207023407119166 49.541312381305765 54.65015850638434 64.16883804677397 76.467911484694 90.41982612372318 105.37006303614754 120.94898581832182 57.007333947235104 44.62639289157243 36.49522365223449 35.65102164807924 42.52995330225724 54.270674396174854 68.4143468802791 83.75229672497062 99.73504470463105 116.09659196316737 49.523897853758385 34.61127509335673 23.280372203164735 22.01641563999889 32.03405760647756 46.544071558170025 62.491853941456036 79.0115465117771 95.80776908262919 112.75701402662511 45.365294678856415 28.37495551939108 12.287376396662939 9.774175937576889 25.274548272201603 42.19934174874392 59.34205487044447 76.55643596078846 93.80303660509537 111.06684853814477 45.453517439902626 28.51514953570176 12.606292002705862 10.17038753950065 25.42967374902795 42.291998899212324 59.407671006596075 76.60706832654576 93.84416764171092 111.10142223550515 49.76598440383101 34.95521716209412 23.78639431704878 22.548375705759995 32.40026672631505 46.795690672311075 62.678603938105454 79.15863479299708 95.92853004935786 112.85914954925947 57.35762360345182 45.070973316077136 37.03506013800473 36.20091320363533 42.989812138654464 54.63011232105887 68.6984846280621 83.9834614763644 99.9283203408761 116.26187682900235 67.12482416421199 56.93574009515516 50.75742771250821 50.09646616856705 55.151580792889916 64.5944215242741 76.82371513241564 90.71950511229997 105.62611180480035 121.17105210377144 78.25708275196065 69.66137773777793 64.65243785177817 64.07699678151191 68.04762256992895 75.85374072990328 86.46267779924894 98.97723448132975 112.76473235160448 127.412599070546
76.55222251716559 62.09428745410431 89.0202598243701 66.60903059507211 128.795944961552 30.03433783010361 70.35818744227494 58.40961522906552 109.44169223967893 81.80262774024068 95.41501669353192 0.0 63.30933292340964 96.6241760670513 67.80512555580083 44.10535819267594 97.11025572149855 99.34955561556102 84.49444196761176 48.567087551328676 70.43204901503167 51.453676788893254 87.49958438196629 67.91890919057244 125.3782976446537 53.11123851719692 70.02240631806342 29.93238084059971 102.90568419545927 36.99311838626874 100.38933354746591 12.171854385775834 28.781068761246807 62.745708525468146 60.37834071860323 51.75161888985924 78.66084868238072 86.79535969281305 60.37834071860323 79.51394384499417 151.82797955994062 135.9602525901156 120.4879358089248 105.58500154504794 91.52999460406005 78.77807282988537 68.06560872662807 60.48608856651822 57.296633541562564 59.21097032429368 147.01477510122905 130.58864854587713 114.42093537905912 98.63878583179185 83.46121243667874 69.28666672862805 56.8701563692127 47.607682981098534 43.55998813777185 46.12112258710442 143.41283754829803 126.53888792919378 109.79821304676966 93.26260913970718 77.06419521636917 61.470117543286996 47.0847083770778 35.41289907535116 29.830962517598348 33.53220055985244 141.1150028329757 123.94067269095154 106.80753255253535 89.73917769417646 72.78120194751556 56.033909743029724 39.764394447143566 24.92644039807859 16.129480357860963 22.30930709008034 140.18544731268457 122.88614671363837 105.58770784633701 88.29063721942566 70.99593489230622 53.705888877345444 36.42713009875544 19.190171771275676 2.8815197802717405 15.718053255122129 140.65131556176615 123.41490194672407 106.19979488985564 89.01835656574099 71.8947295397532 54.88305225160229 38.133445585888744 22.245963206930806 11.58960934262195 19.299434431756215 142.49891557132347 125.50692163959869 108.61281831400682 91.87062483250656 75.38162637249356 59.357206508881724 44.304365666470474 31.64152575843271 25.262738770908335 29.56241314196612 145.67565766433276 129.08619459971035 112.71113602912872 96.6595100466336 81.12353375510801 66.46578612010055 53.414229092573095 43.44151429225674 38.98662088441551 41.850378750057516 150.09712960435047 134.0335767199353 118.31969835571506 103.11548044762911 88.68344578141355 75.4679055129983 64.22426277348879 56.149862463896305 52.72151496683652 54.81796408021768 155.6572369020375 140.20424678076765 125.23569036537013 110.94781376220489 97.63989209359744 85.76929281621855 76.01241060190262 69.26827162807824 66.46045633977006 68.07777150613471
38.39390637693882 19.259999012194807 25.883277887029006 13.330169079906767 67.13426810997272 33.640105661744236 30.078568884004437 6.236868222217991 50.17817486268302 18.493971550045053 32.23059508356988 63.30933292340964 0.0 39.87814515186642 7.582737622473314 19.24588406509549 43.34397080680105 39.014520041765714 28.724568042148377 22.31678925496769 33.20366184822042 12.860217044039 24.192588372689336 8.647694728276 63.951805826732716 16.454088874842213 27.603663248814733 33.45466279641325 48.17136468520112 26.318344128909832 37.1803058766557 52.05931012653414 37.79253440172746 3.82477902250111 10.042379109703182 14.571080865368225 29.591935906118536 25.143534958224354 10.042379109703182 25.9657182334253 97.19562537341672 84.0862774657569 72.75102116030695 64.13748246919488 59.44088484454711 59.59460949460362 64.56402037216996 73.37713900398414 84.84452183839775 98.03916461823638 89.25024376836723 74.80573837342796 61.84573279453087 51.50334481160205 45.5960313994418 45.87052782274184 52.22945774995645 62.85245326692123 75.97137090421492 90.50729916897237 82.96601494818229 67.22057222159874 52.46484467116961 39.81486438726955 31.884099944536537 32.352389953231416 40.93247299411 53.879183906465876 68.76899355573678 84.58186208670868 78.74176725895947 61.956742720641884 45.56009459460297 30.1913673728308 18.601809097074057 19.47429415936201 31.799074794794013 47.347928952317965 63.805828791694196 80.61794708960704 76.91771309230069 59.632257471359935 42.36025538146074 25.12946282567074 8.20378747307896 10.090981962768344 27.11212396908753 44.3511011850874 61.62537340752321 78.91176515561094 77.66318122569695 60.58641644964407 43.68719496979001 27.297273791764773 13.432211828985343 14.643103455222075 29.105491732784508 45.59113757338673 62.51949302000253 79.60863769544036 80.90716691634105 64.67425693319137 49.17580593698653 35.390264163435944 26.179996827968758 26.777307531442382 36.70649386307265 50.75844474717793 66.36402084634386 82.64779090144401 86.36855368561095 71.35920238869234 57.649376348107054 46.40551205623159 39.77686052546728 40.1202174165607 47.28394215870663 58.827006168627264 72.6922846769136 87.78625163594958 93.66017776890165 79.99268481642817 68.00095700757014 58.720784134402045 53.58013279697114 53.77946241428996 59.26491652270366 68.78320935428708 80.923601336708 94.68277785783248 102.39168141124277 90.01567865588807 79.50018834146428 71.66888481031177 67.46309891350535 67.56331801824479 71.95155126759971 79.92459621054701 90.54031140981621 102.98469042397974
28.906547065553145 56.69119764643924 30.592285643160835 30.726237060027778 34.72701188922228 67.19879295552575 29.406744315268167 41.55418875090557 13.573919937285124 28.82320196672323 30.394157584592108 96.6241760670513 39.87814515186642 0.0 32.5766351316524 55.12217779691598 6.471789119329122 45.69133825316906 12.206732267211823 62.188618769742355 31.358694126204604 52.03699952834092 27.722725801227693 31.81401757373794 31.113959681178276 43.71090498745397 28.48006595594113 69.0401096541663 8.70062136247059 62.052055232521305 31.162053746977225 87.11945153877389 67.9765606154848 42.97319466669776 37.49321660724756 45.74722450596406 19.246545280644497 37.894586835971445 37.49321660724756 52.02214680111523 57.44250847059184 44.36379950233208 35.14768747007355 33.18556107805166 39.57159707420843 51.27620722405966 65.50798318413948 80.94473791187845 97.0129559980238 113.44463393329242 50.629629341572034 35.14585296669173 22.49031948818103 19.36775250384176 29.036478434330785 43.7016727268438 59.79353806894754 76.41603278680601 93.28593042522856 110.28976126564184 47.21717227194694 30.04762440119801 13.227683270186231 6.767346228944791 22.701009735554276 39.79432382626491 57.01363058347852 74.27135001850186 91.54576064773296 108.82891458297821 47.93696384333396 31.161477807168982 15.583198032045894 10.646482417133443 24.13653413363943 40.62647089376298 57.59480149932241 74.7162990743689 91.90540082141477 109.13016639800513 52.619690495199215 37.94422103103807 26.634692981544035 24.036653459600917 32.32375949055565 45.9412780014597 61.44174069735513 77.70640162881762 94.34083467343947 111.17918959135191 60.349752530871335 48.05238475924211 39.682204703126956 37.93454491278305 43.612941473567055 54.44129194627353 68.00240078170204 82.96689335964068 98.69848485994585 114.88247504112702 70.12647488801699 59.82331167672572 53.278843873984705 51.93401808111165 56.1635977167718 64.88649803938712 76.58241307170132 90.10091453744725 104.7386464172732 120.08702573562496 81.21393487939838 72.4509256144387 67.09144747362036 65.97029880106915 69.29351067604075 76.48394091399638 86.58341706965567 98.70296501438646 112.18981589602643 126.60776664691326 93.14510700839774 85.5566004092953 81.00947466712961 80.02387329157469 82.72718903643458 88.78309249828993 97.56930572334036 108.42409106230562 120.7910585388076 134.25296391205674 105.63435089677479 98.95041610920447 94.98643983936027 94.08683651408171 96.33749012648671 101.52911577031895 109.24321873912201 118.99021168699859 130.31473538571782 142.84208127604575
31.988240998591984 26.47004907869515 23.592892753267584 7.219008872917885 61.347032053724234 37.78176486938948 24.08338791763361 9.580376517001582 43.45369976942962 15.551949628456411 29.512678065542993 67.80512555580083 7.582737622473314 32.5766351316524 0.0 23.999951863918486 35.821563024752756 39.07496917755651 21.192792086617096 29.684612737034907 27.404376581617495 19.514305221453046 21.083518495896094 1.2542553338169433 58.04211777832155 16.631434490456424 21.503163456740715 38.43550923402962 40.74389567056588 31.217264032293805 34.237086548116736 57.06860599459529 40.77884154452335 11.19545043765873 8.428060360886098 16.467398412465084 22.280288816295986 25.103165552821384 8.428060360886098 30.116040818371136 89.9968527886422 76.64124005174837 65.16920898310568 56.73510271887883 52.8149403097448 54.39360180887093 61.04596525536579 71.36704973915123 84.01548465069946 98.09509412584696 82.43391320395203 67.64439336538159 54.35884571789073 43.96260352012375 38.84897881930585 41.04244204379188 49.5825290712401 61.89570724851368 76.17372387443537 91.50136659237349 76.75201736430176 60.625284555151374 45.372774802133364 32.25930667411159 24.926845949112447 28.297403394776822 39.73473338072086 54.36603390719642 70.22245265391031 86.63388874207838 73.38945964908353 56.32828831396241 39.47723880573981 23.29681835846837 11.213569908486201 17.53452585965358 32.98314852644577 49.6692019149919 66.66996470360111 83.79410367578153 72.66896933325499 55.39064854880252 38.133742792718095 20.951235813945367 4.7370639544379145 14.305202470153768 31.393493124252437 48.63309113555375 65.9053658383091 83.18996627711614 74.667078556246 57.975600654301765 41.78372952097075 27.00559135646246 17.647549595721905 22.18743291486 35.66287260392127 51.47922800274245 68.02274236985815 84.86924162267215 79.1782112424825 63.65540707732738 49.330937031511006 37.60027433831385 31.507597432321234 34.2108980494402 44.122003337156045 57.63528082107932 72.77093372910701 88.70231552690115 85.80686888408775 71.6982273887376 59.30561848296176 49.9237465213847 45.456661338504155 47.31742980789416 54.865961920474476 66.18392479649803 79.68094838490306 94.42721365903898 94.10656646537016 81.40656972871278 70.68740798612447 62.968928929930044 59.43196684889984 60.810588442384535 66.8011449010824 76.32532059256182 88.24631707251454 101.72495613012953 103.67665668564914 92.25600771996099 82.8986125490349 76.36672147165731 73.41838678437605 74.48040058795124 79.3919883203159 87.50732958420011 98.03399836741941 110.28365302156159
