0.0 99.20531741338284 95.01343043133244 46.16125482767558 76.00076051712622 72.10615318971567 68.4284103853778 10.759306009162724 81.92631843941706 14.492169509069322 61.25119435117153 55.08960054499208 82.34513648732757 50.65346530229625 59.06640898995382 78.83382424707561 57.97931920568204 51.613672037099136 79.20465750710146 75.46271430900633 30.28205409322094 81.14875602099133 95.42642682300162 68.4036832955381 73.70989481537592 74.91635254043457 14.226131961573223 14.944042987810231 31.903299522180223 21.062702551889796 57.82962223963643 45.4905078774393 78.73331415942744 82.93265590349812 52.16735459630433 76.46666520081091 92.82707990180718 53.823152090020365 79.13328098358303 21.578762540491443 137.39383162278912 105.58497639924414 76.25037602709163 53.61774687023847 48.2743829376399 130.24398826966183 96.18849181041507 62.73597140273912 31.846898342583703 22.079276156106154 128.9061769257139 94.38602611782798 59.962443769705516 26.02154221455365 12.39354329941306 133.5552424938843 100.58675335069456 69.23306424934343 43.1690804400344 36.452049495042345 143.6106799929605 113.48601385426655 86.76923662425398 67.62767675729876 63.347312969710565
99.20531741338284 0.0 9.48447649072146 61.00433906345693 24.38918428917872 37.839734408009996 57.087790809659516 108.20964217517547 43.90560412593347 85.68619364883027 40.97480416691367 49.27955689382868 33.68775297227199 53.94693444143817 40.15016176051045 22.93537335916492 50.98055974388706 64.16950584558035 37.1702494498981 28.81186340354953 70.99766839340536 20.50798844483033 13.612121742467403 45.35579060642293 25.682163091064442 42.1047377946021 85.1587066841631 100.4132713230231 69.99205982012931 79.15582904418048 44.99431019030731 59.88136576763449 35.09841603648565 20.49689386502512 47.15212960427424 34.75752890287056 8.061248921368852 58.15222098279789 33.15508531216985 83.69866233884495 45.839471935069824 34.29943566986118 51.443920639884105 80.69283882446078 113.00895135627411 31.064524031942966 7.114931342986877 39.129191047766014 73.52835293567225 108.05830615057269 37.920825447725726 22.787444944118505 44.66979755816856 76.59215692818964 110.14613344905995 59.33113265992964 50.81693333729333 63.55581821864678 88.83201702589592 118.90212937635714 84.9203685117856 78.99230086075156 87.53759253541767 107.14760156589229 133.01548343687452
95.01343043133244 9.48447649072146 0.0 60.16421192327985 19.01292472105218 40.15956193293584 59.98117012248032 104.48448070013771 48.78621826040803 81.06632390111541 40.16098808212684 42.71998621363433 38.31921724369904 52.99090405066789 36.386076400945726 16.40856886576813 51.43789999850439 64.66429680203122 41.26291770073351 30.45065606322194 68.14588744247249 22.084335305499177 4.479237559929667 47.601713924572564 23.686820596685607 45.54460438241688 81.24550716112518 97.55246734637684 67.3585761917896 74.43309507147615 44.11392111598206 58.70572896114835 38.9224692760045 12.865514179434255 42.94833044467956 26.06755074049806 4.0484498822816315 58.556723918437115 36.90573999606257 81.0649338013129 44.902547762373324 26.492843814704564 42.217809269313584 72.50970096294134 105.48843877707577 36.24360490587723 2.3827949125075816 33.05466504256342 67.63429902804903 102.2303295671677 47.092994272488774 30.02554219959941 44.49891012659588 73.84855830404214 106.40443067451285 68.76511414432254 58.21843342487418 66.6702249582684 88.85516101616099 117.21923143344804 94.05385842477479 86.42391993697858 92.12365190451958 109.08321682078775 133.06478417513608
46.16125482767558 61.00433906345693 60.16421192327985 0.0 43.274466308866494 27.094795516144444 23.67417436687537 52.293250531661236 35.76540331646269 37.40895838515709 20.108399084464853 37.876094219688774 36.9932528794074 7.174060994470269 27.14510179908682 47.02395272329655 12.108335227566197 9.597293421942743 33.52518962614928 33.05880849118759 16.68269181000499 40.6752504811111 62.328611684805075 22.367598578127243 36.47885575482232 28.889690372679674 32.85122122966663 41.985406660772966 14.82351831011025 33.47224501218471 16.098343158142043 2.4944887757039957 33.431410109697154 51.300846360583435 24.764114683978153 53.12438154363987 56.819169187791935 8.118858890228436 34.194411942000215 25.72740467112887 105.06648951423682 79.67345494041116 63.65164032165492 64.42036091969098 81.50591498920187 91.21759859528204 60.452632252616944 37.191708022064326 38.816974276444434 63.44386326022235 84.7833643482418 50.32390090013975 16.48104520229593 20.13972238342849 54.17052429108032 87.41703355951776 54.606287203814965 26.773129189086525 29.09637932331485 58.06240721521638 98.39299262554657 70.72870528338522 52.141387550825286 53.194968116257016 73.0444437483339
76.00076051712622 24.38918428917872 19.01292472105218 43.274466308866494 0.0 29.674051895676353 48.60320500760756 85.49679890041246 42.362245082283785 62.083811169665616 24.349114128849706 24.983079094087927 32.87298108762607 36.20698926104185 17.646527425299467 3.8001050950114124 36.59716067523519 49.264655693661034 34.15149392354723 20.79966122564533 49.508084883029845 16.12727884028012 19.851085213707552 36.02955598811909 9.456336937588762 36.485022364499 62.24878573352334 78.79899001374943 48.842785059824 55.46299312456642 27.88627090385574 41.49850493085082 31.650289098840314 8.027854280538959 23.97222640220435 16.477165961737196 17.082984388339295 43.268964501551515 29.872130473708538 62.466524905730594 62.83590402016802 36.766126995172655 33.911373075809884 57.81911641536442 89.0559099180094 54.75862543385425 20.26386547250183 14.751125624934 49.187614796310505 83.76217207264729 60.39448416936037 32.4600210071091 29.234464420254373 55.23130051501176 87.413848464807 76.78068619468442 57.27824578381814 55.32738241274667 72.36186278954509 99.02604336256799 98.7001466062121 84.21359845623873 82.68533719864202 94.7445165090317 116.23642038888434
72.10615318971567 37.839734408009996 40.15956193293584 27.094795516144444 29.674051895676353 0.0 19.852990257920137 79.07478583153477 14.448530364135099 61.250606941809934 13.278232006204657 41.595483636512284 10.271271381114278 21.48579531817078 24.871058038115493 33.066024371658344 15.146485822346346 27.32772330089243 7.768780805123919 9.780367405700096 41.82415371107824 18.085870664324755 43.613963114873336 7.5309890675252245 20.22153144074301 7.056570773657111 58.124017568018 69.06686764307133 40.22814865049088 55.85681933293775 15.173303294131598 27.03689678838805 6.673870066051655 36.239940619966546 29.622909112795007 45.26842976271739 36.2054495699011 21.74848706705118 7.11306598078732 52.64038358589204 83.62013117074233 64.60491883204331 61.237634322019275 75.63784302515026 100.43356936965812 66.04076263436365 39.585437744364825 34.168194311924566 56.23840496299537 86.90733543117254 57.68867904272111 23.30442149363899 12.371843638582547 46.453019829591945 80.97874826125393 62.3874138725115 33.19821850019026 26.58753785284729 52.02418458961725 84.26729822878258 77.8072444039739 56.95657837119324 53.18775844812572 69.3442482755705 95.8285613959688
68.4284103853778 57.087790809659516 59.98117012248032 23.67417436687537 48.60320500760756 19.852990257920137 0.0 73.01466279128947 17.114157769281075 60.928166964240624 26.32608949610368 54.5344764693042 24.417300628558298 23.388249071082303 38.99557538376035 52.20347414022939 16.069153794913927 16.851852828341457 20.464370807082368 29.628990135980295 40.20754018058436 37.89689810510508 63.466950986198675 12.654523778795935 39.338677634930825 15.08820068575266 55.92365244505793 61.436085922117464 38.32279077392318 57.14617742606845 24.795015920781847 25.39442588428967 22.16642288917554 55.680298643534016 40.83966014787259 63.126088897072556 56.004747096073096 15.577557321558967 24.018300673167722 47.00025477824786 102.91643240277814 84.32549870639627 77.61780326777362 85.63289680888221 105.05331325499873 83.47478838619462 59.332269773306635 49.67295190342487 61.71946240583497 86.86764588964004 70.26924118812879 38.841857174003934 21.782072312921418 42.83774823456926 74.7698593504842 67.09013296167147 32.80274265440981 6.768126799569187 37.55594207304153 71.90232026504282 75.2198397787323 47.14162921868487 34.372567469872884 50.35320112775911 79.27324651550582
10.759306009162724 108.20964217517547 104.48448070013771 52.293250531661236 85.49679890041246 79.07478583153477 73.01466279128947 0.0 87.69156818539484 25.031705007639232 69.13337622553202 65.41818010777806 89.176440194801 57.645817139144164 68.23926907296286 88.47646834775567 64.38008576054013 56.23312979523292 85.79983400246196 83.33662399964093 37.78020362489176 89.54047527335949 105.11538676124076 74.64026956568057 82.56477868243728 81.15262295049348 23.25901194109207 12.399262560053964 39.14138912157987 31.43259367184755 65.487231896896 52.058113942846084 85.58312034828685 92.65024525059877 61.53615088809711 86.78876277780323 102.11916119496357 59.384258800338834 86.17817943003126 26.577444966408343 147.39951492353183 115.97023842434619 86.98489030983073 63.86267947036979 54.637974550506705 139.27293527108705 105.55032308165347 72.66106797433419 42.58204773671522 27.23363130360088 136.49451182304307 101.89074344573919 67.287070500694 32.68379610343896 1.940518853974242 139.38459325141 105.69625670345239 72.87092581818636 42.93581584373344 27.778337591371436 147.6104463923377 116.23575344503556 87.33528173634353 64.33464897479514 55.183668319740946
81.92631843941706 43.90560412593347 48.78621826040803 35.76540331646269 42.362245082283785 14.448530364135099 17.114157769281075 87.69156818539484 0.0 72.49375918693629 27.33671108386078 56.03902931000886 10.468650378616712 32.18655869642513 39.31530535753583 45.35521350052821 24.22893831970783 32.03332769690803 8.212546462131865 21.580456518491577 52.10850323966524 27.850776713356122 52.83317521441579 13.92845986066319 33.084632093113505 8.02632270513745 68.48658840416036 76.6812161958174 50.3280023961799 67.68043982550469 28.356865333846095 36.58999062801427 10.722743150171612 47.86595985209364 43.820945151862496 58.56851062630582 44.745040562274056 28.309194469103314 12.588409783842197 61.171289947217126 89.0583565787036 74.76280604693063 75.11533348037291 89.94386773991359 113.71998604436942 67.66389428235519 47.61582671865529 48.48655728060675 69.49417556813533 98.50253578484276 53.159823643915956 23.04164000999169 25.114068172344293 55.90496031026364 89.52575984372409 51.7125094172027 19.50710634616633 21.948180614571836 54.56894660051081 88.70551899592684 64.2110706137237 42.615790871379005 43.6345439641737 66.23190300330306 96.25061182286429
14.492169509069322 85.68619364883027 81.06632390111541 37.40895838515709 62.083811169665616 61.250606941809934 60.928166964240624 25.031705007639232 72.49375918693629 0.0 49.38333900600823 40.61567492155832 71.50613702024086 40.36292296696046 45.5915939804396 64.77604941631172 48.268709890046345 44.79455086051718 68.72047086965216 63.38519601958731 20.73849715435182 68.38802067115145 81.29732187472226 58.61744015306309 60.47391564391048 64.98633490325285 6.949699144140879 24.098917251207286 22.6157838825921 6.665519738393201 46.34492270056951 36.108259089473435 67.92316610298892 68.80274467076524 38.536075180142 61.9875852304208 79.04813677167596 45.50303392171961 68.06375569575532 18.8251422096155 123.0252591991746 91.09372377426013 62.09460877748417 42.52336048520082 46.427941531962524 116.62891094827323 82.33622602157337 48.48769326849462 17.82441354435234 26.0617358332975 116.79818633962826 82.5736286597674 48.88601283813782 18.871423791423048 26.781883881432776 123.506082938884 91.73611263170558 63.024564714230706 43.85768706118751 47.641549432159294 135.78666695875893 107.56622516615826 84.24800020537626 70.84996227455625 73.0511303509804
61.25119435117153 40.97480416691367 40.16098808212684 20.108399084464853 24.349114128849706 13.278232006204657 26.32608949610368 69.13337622553202 27.33671108386078 49.38333900600823 0.0 29.207423519141813 22.902769109435642 12.98680339888791 12.844720935309168 28.146676468186694 12.320733938848212 24.96899192850844 21.01249705790827 14.226131961573223 31.353399938856686 20.883853419483817 42.54169467500138 15.255205305483663 16.547464905575332 19.380757234127767 47.049306734710285 60.20772690845628 30.037344084265506 43.604201833771526 4.02222682470003 18.906665881163878 19.53447730393236 32.21676335721462 16.48655781926654 37.20870631064568 36.74160343735833 18.933110872814357 19.202170669704632 43.439784800055904 85.04886406869258 61.11300838619647 51.294181088622 62.6273816997052 87.22435192294722 71.47757451856846 40.373796971541985 23.364225585159407 43.087983534351096 74.57952363315475 67.66136895029177 33.225550469970734 4.966643535567756 36.609450694631015 71.06820808552021 75.10253781335702 46.43825056770957 32.67207546882772 48.71602801117715 77.935048115434 91.08223741824699 69.1932430624942 60.61532792805813 70.39540650403627 92.906354549734
55.08960054499208 49.27955689382868 42.71998621363433 37.876094219688774 24.983079094087927 41.595483636512284 54.5344764693042 65.41818010777806 56.03902931000886 40.61567492155832 29.207423519141813 0.0 49.43159982149097 33.103151922613215 16.724426078729817 26.50429891162919 38.66661566395143 46.95612454377773 48.780131986474196 37.17605351334733 34.89507866899846 37.52306009356501 42.04223583746183 44.43565146109465 28.21992091809705 48.30247058297904 42.69372376489065 61.24817793053075 35.1612591153953 34.034492258972264 29.80691759836683 35.41002194993843 46.73916155366342 29.881458546307208 13.817061219518566 21.379348990152327 41.641242967882135 42.4819423351499 45.68155548514192 46.8239756408784 82.60186208497966 50.55667020815582 26.148212630458076 34.73217505158599 64.2165226605719 78.96330305406278 44.42424257186844 10.32848415262062 25.193173671311044 59.64535667014343 85.0631843505452 54.45055795994266 32.997213292425045 40.09493485424421 67.24006550971072 99.11930537798347 74.36376686891549 60.25021156855375 64.22609448873654 83.75368338322802 118.32890283535075 98.32947587687909 87.92239212713575 90.48045580393288 105.06085551211278
82.34513648732757 33.68775297227199 38.31921724369904 36.9932528794074 32.87298108762607 10.271271381114278 24.417300628558298 89.176440194801 10.468650378616712 71.50613702024086 22.902769109435642 49.43159982149097 0.0 31.697201640827764 32.977769872953004 35.600713660729745 24.895730932753494 35.94219156542867 4.026972895367244 12.678340649921052 52.06653505177444 17.637272833813086 42.36770848163145 15.264554545836084 23.965818252745304 9.604960495714751 68.38674809062695 78.95749151102311 50.45141427263158 66.05840386642761 25.292249466025247 37.12045971989209 3.6118312693213204 37.81356263776168 38.61539580411714 49.3002918920368 34.27714936835434 30.899782613132686 3.799855239481965 62.6728300498794 79.18289827638877 64.32436499099207 66.33319766465874 84.0079693958893 110.04254340146593 59.06278875808704 37.17035925177257 40.86182615152138 65.97403053026895 97.10966589476294 48.04912535155056 14.586593961226455 22.620180066004522 56.61651627866884 91.07162473190945 52.258156814541515 25.121507834814228 30.43206706865826 60.132990979635046 93.2774777205684 68.95635182465765 51.34759946583692 53.97202543391748 74.72743226179018 103.19982935370524
50.65346530229625 53.94693444143817 52.99090405066789 7.174060994470269 36.20698926104185 21.48579531817078 23.388249071082303 57.645817139144164 32.18655869642513 40.36292296696046 12.98680339888791 33.103151922613215 31.697201640827764 0.0 20.61004250861805 39.97378173441723 8.123621008648282 14.187331125105018 28.585318729202612 26.36291552934963 20.388285086486807 33.71803444563508 55.164865982279736 18.27221187462886 29.30507885122869 24.62557137246831 36.76706852265417 47.98364230832056 18.754484097281477 35.508656167783364 8.965323152423016 5.990561441257413 28.085947437248613 44.22596297568533 19.418194058039564 46.71324519778328 49.65646543330636 9.39671334008671 28.562587781386608 31.35305366657974 97.89295009149906 72.73639060286413 58.24882021728856 62.37032383391883 82.35277307377761 84.31807933203146 53.28992325472482 31.063333070192975 38.53417606962141 66.33002421386135 78.89489089812126 44.303646856627495 9.80187765901063 24.983891857832926 59.55809991060474 83.23266323060469 51.57154691852582 28.043065079721565 36.166882243257774 64.99626195325708 96.01726684448704 70.21545356377425 55.09901094538507 59.46754406684696 80.19771374191464
59.06640898995382 40.15016176051045 36.386076400945726 27.14510179908682 17.646527425299467 24.871058038115493 38.99557538376035 68.23926907296286 39.31530535753583 45.5915939804396 12.844720935309168 16.724426078729817 32.977769872953004 20.61004250861805 0.0 21.06702948252408 23.878149677326657 34.67716516457556 32.11074890305288 21.187912485223983 31.8631163470003 23.612170797140106 37.49616668122137 28.061151533930868 14.9900343202342 31.60843043938585 45.07799641400999 61.19388208299282 31.205091197761483 39.126818391465584 14.415092186361393 25.050779251576348 30.136076191738848 25.419507288635124 7.140509622909117 26.103993643020978 33.88368529465512 29.209296449381696 29.19218051830692 44.82041456177789 80.47166340988835 52.82827030964304 38.74001303898165 51.044843141932915 78.13570468716611 71.17766642289672 37.340903073008135 10.829497803541706 35.14349354496985 68.90358764163176 72.44938218347289 39.69027839732363 17.22126679614827 37.585562005394785 70.16855081006779 83.80713881839507 57.738559376860024 45.15152622664025 56.02136880223872 81.44287301001579 101.93296513100428 81.66707625770205 73.09885566462215 80.0757356928986 99.37581992225475
78.83382424707561 22.93537335916492 16.40856886576813 47.02395272329655 3.8001050950114124 33.066024371658344 52.20347414022939 88.47646834775567 45.35521350052821 64.77604941631172 28.146676468186694 26.50429891162919 35.600713660729745 39.97378173441723 21.06702948252408 0.0 40.385094894962755 53.06465302597861 37.148686975112824 23.91248647868156 52.86359190292427 18.31524983521929 16.64545923417375 39.59363347363377 12.894175869181092 39.77085705107477 65.21746856124138 82.05120184939297 52.25863999804244 58.127298535757696 31.684423885399823 45.22079782458321 34.63397841869325 4.357343101684759 27.08118908572578 14.442228912201111 15.148729302251095 47.06853425583312 32.78987503070303 65.82413311885925 59.44780576109882 32.967035859126234 32.162847382228605 58.11119947999613 90.07893045993525 52.56248998664961 17.96326470967547 16.655233876496926 51.253967289854394 85.85683386566211 59.92778069526216 33.81710758766375 33.025641187816774 58.58862969792179 90.38473558774304 77.58585548828489 59.57794998225486 58.94311268310795 76.1172792337743 102.50941965585844 100.23649544022152 86.83517281139072 86.18615094915046 98.54172290472121 119.94833407267589
57.97931920568204 50.98055974388706 51.43789999850439 12.108335227566197 36.59716067523519 15.146485822346346 16.069153794913927 64.38008576054013 24.22893831970783 48.268709890046345 12.320733938848212 38.66661566395143 24.895730932753494 8.123621008648282 23.878149677326657 40.385094894962755 0.0 13.254760410645389 21.422068724030513 22.278710612083522 27.930387758204795 30.47597379646835 54.17384877380888 10.439390148893398 28.304228567714667 16.938672964222867 44.3391739125438 54.062868867220516 26.18222080566048 43.573425206165126 9.494166802323353 12.489045864955582 21.348421693082592 44.37628241409663 24.888043776764558 49.32448443576228 47.78438291289387 7.178702785659661 22.192922249438308 37.82750243052106 96.08344700820417 73.32777649739471 62.583340364089864 69.65029680704824 90.44573438196156 80.43093050616038 51.37554927423976 34.70721107362619 46.524884677523424 74.29246424941641 72.7828194475603 38.45015850511525 7.371847089023922 32.017606532261425 66.26283788604768 75.60891777990904 43.51933205342581 21.587068952798486 37.85388089436384 69.24360274181711 87.90460472894013 62.33759664616346 49.39169028746421 58.20574606283006 82.0431921063986
51.613672037099136 64.16950584558035 64.66429680203122 9.597293421942743 49.264655693661034 27.32772330089243 16.851852828341457 56.23312979523292 32.03332769690803 44.79455086051718 24.96899192850844 46.95612454377773 35.94219156542867 14.187331125105018 34.67716516457556 53.06465302597861 13.254760410645389 0.0 32.04756817934948 35.388997554665195 24.364718074781294 43.68230847742273 67.32348191883092 20.697328004495645 41.3661060130689 26.680901246967547 39.40732341520274 44.83200234665658 22.49026649803497 41.66350784001054 21.400684757746248 12.042831152349581 32.67850743381801 57.17656611628897 33.466006196847786 60.75677057661986 61.031575378113054 6.108613336458658 33.93838924130956 30.15053954535008 109.33805467290969 86.02150264795569 72.38330479677535 73.9847409148741 90.01608824203328 93.28344406415161 64.62645965817718 45.23467017914287 48.06858882926805 70.49695614222408 83.87821926479099 50.25578405369001 20.262817996602415 26.2748844729278 58.00868136361332 83.40365537393463 49.46703251324065 18.238865293500307 24.76239960876061 57.34586286059336 91.9980851256748 62.774311840231135 42.57232804305754 45.59620961700031 68.85091049670645
79.20465750710146 37.1702494498981 41.26291770073351 33.52518962614928 34.15149392354723 7.768780805123919 20.464370807082368 85.79983400246196 8.212546462131865 68.72047086965216 21.01249705790827 48.780131986474196 4.026972895367244 28.585318729202612 32.11074890305288 37.148686975112824 21.422068724030513 32.04756817934948 0.0 13.382721858487217 48.968367941507864 19.83902031483642 45.17266840654268 11.450075394512917 24.897065656237142 5.578502731048134 65.35149912041749 75.4087894531257 47.30522671493114 63.448451386616654 22.897407003600627 33.80496722688497 2.5172006348566023 39.71448959232575 37.23265921249155 50.38538692019865 37.21504315112979 27.14575707106121 4.4625766979135015 59.24929991683515 82.83300039308673 66.93765231775929 67.0430062273778 83.0882188561208 108.2003307845828 63.04693412516916 40.258598535045344 40.76054027926207 64.00716027232433 94.48407020329914 51.85374306663391 18.61330648134789 19.97379961555598 53.35075584057952 87.68412975658995 54.80021560451218 25.64807001182007 26.5975609511258 56.141641318634605 89.39342492238558 70.12600698042431 50.54544378369482 50.86095423364803 70.8070701964443 99.17285646266006
75.46271430900633 28.81186340354953 30.45065606322194 33.05880849118759 20.79966122564533 9.780367405700096 29.628990135980295 83.33662399964093 21.580456518491577 63.38519601958731 14.226131961573223 37.17605351334733 12.678340649921052 26.36291552934963 21.187912485223983 23.91248647868156 22.278710612083522 35.388997554665195 13.382721858487217 0.0 45.56222654599942 8.48517947265977 33.84227201295706 17.153352878790525 11.517042855911349 15.972861799655398 61.25180956459321 74.21367214592152 44.21165359000813 57.43090315800871 17.882006614607285 32.33911404628343 10.905829774449025 26.772901224975886 27.535269190109513 37.00471715625022 26.53454410286301 29.41705300251334 9.256628755843046 57.47997733077371 74.33394307387084 54.87713526303356 53.77980255060202 71.8876669261431 99.18774346972468 58.250303892217566 29.977301413245748 28.266993942272887 55.62599161437029 88.22880816051955 53.47964597096135 19.248542447384114 16.607053452951835 50.75368013554412 85.2697593234257 62.6617059890313 37.77742137343535 36.36771978087422 60.10758543461757 91.0937205262187 81.19290390201954 63.78447815073815 62.76474557024926 78.77276524753687 104.23850260855212
30.28205409322094 70.99766839340536 68.14588744247249 16.68269181000499 49.508084883029845 41.82415371107824 40.20754018058436 37.78020362489176 52.10850323966524 20.73849715435182 31.353399938856686 34.89507866899846 52.06653505177444 20.388285086486807 31.8631163470003 52.86359190292427 27.930387758204795 24.364718074781294 48.968367941507864 45.56222654599942 0.0 51.855677214138694 69.35882975761568 38.36513980206894 45.33062575688998 44.837471923353775 16.4156693853703 29.454993345186836 1.8889129719099897 17.322372248055693 27.74095732506758 15.528113756392171 48.454748638695726 57.19497940920212 26.05635366107915 54.60576064952412 65.41547827098861 24.765627671903417 48.855466075012664 12.961234470414698 112.30909740554658 83.34961923871991 60.628248183817774 52.907558189800504 65.70718937085209 101.98488620953007 68.95709591448532 38.7825642440536 25.45458019134995 46.761374735823374 98.83458606977587 64.25149964209889 29.71681805006114 5.725173348852688 39.7154908168304 103.51543256006876 71.18087837988622 42.577297272713004 30.883185830404805 49.895412805647105 115.07550070341333 87.0081252142917 65.5228554211758 58.402594565740756 70.1660121589045
81.14875602099133 20.50798844483033 22.084335305499177 40.6752504811111 16.12727884028012 18.085870664324755 37.89689810510508 89.54047527335949 27.850776713356122 68.38802067115145 20.883853419483817 37.52306009356501 17.637272833813086 33.71803444563508 23.612170797140106 18.31524983521929 30.47597379646835 43.68230847742273 19.83902031483642 8.48517947265977 51.855677214138694 0.0 25.66294891325143 25.563242711412375 9.303822339461952 23.617633877562493 66.93562067727696 80.99678440261526 50.66820056441246 62.138489268216944 24.85193760406543 39.69775150003363 17.367288657419795 20.20316734644386 30.661572807693126 32.51794853999345 18.11970602330047 37.650518609623056 15.377390061259545 64.22214747009393 65.86476618572671 47.154963836696275 50.03826478023996 71.96443154726506 101.23608551543913 50.60887695151119 21.517220988139503 27.560330445423055 58.74522509874098 92.39740132613049 48.84901330086228 17.016609053794646 24.243677697185326 57.27825830318834 91.48056559462327 61.75014517934063 41.27133497472365 44.591367837368956 68.3248228290436 98.70662124112829 82.714811472317 68.587055874583 70.4371631788102 87.25462283501717 112.51715415628199
95.42642682300162 13.612121742467403 4.479237559929667 62.328611684805075 19.851085213707552 43.613963114873336 63.466950986198675 105.11538676124076 52.83317521441579 81.29732187472226 42.54169467500138 42.04223583746183 42.36770848163145 55.164865982279736 37.49616668122137 16.64545923417375 54.17384877380888 67.32348191883092 45.17266840654268 33.84227201295706 69.35882975761568 25.66294891325143 0.0 50.967161170802385 25.99942088205673 49.26337967753322 81.85686277065925 98.6355642224 68.68089214976267 74.63738947026343 46.413627557935406 60.74091611297061 42.786390676844015 12.4966280305589 43.7113484355243 23.792673081997187 8.242209695541398 61.219484786905646 40.76951085486918 82.31656659959876 43.03213896327733 22.139448520094152 39.030632386212936 70.36668412493997 103.79978367639498 37.43187116024676 6.608311230399178 32.87929802151443 67.18095237311503 101.68759092144022 50.56686719086787 34.480826247224506 47.070987375493814 75.08168537467196 107.02183074727844 72.93345161445623 62.656703751269255 70.19411690413426 91.23235682897051 118.80340557512513 98.4267672558041 90.85328159397187 95.9974027954134 112.12214862419665 135.35857334117054
68.4036832955381 45.35579060642293 47.601713924572564 22.367598578127243 36.02955598811909 7.5309890675252245 12.654523778795935 74.64026956568057 13.92845986066319 58.61744015306309 15.255205305483663 44.43565146109465 15.264554545836084 18.27221187462886 28.061151533930868 39.59363347363377 10.439390148893398 20.697328004495645 11.450075394512917 17.153352878790525 38.36513980206894 25.563242711412375 50.967161170802385 0.0 26.71131779465655 6.523773308428526 54.776623467880356 64.06590742664014 36.62134256665826 53.75323587011141 15.163468932071076 22.92049202441917 11.989076076080075 43.03067364256783 31.337462620936787 50.91561896822627 43.67122632266329 15.698755486261453 13.349412868709647 48.063418810129406 91.14848855791146 71.6820970136974 66.0557978545546 77.35103852440206 99.98883549041022 73.2054063181246 47.0785239904097 38.32192180761863 55.817365793715865 84.60149714999801 63.2881776575163 29.58342852877468 11.824449190300104 42.41825664302563 76.50916244101369 65.17062241420209 33.38825152968334 19.421341881850378 45.10487298229664 78.01639878176097 78.00299665845259 54.17713525377515 46.697631783708204 61.814140596746746 88.63475319618396
73.70989481537592 25.682163091064442 23.686820596685607 36.47885575482232 9.456336937588762 20.22153144074301 39.338677634930825 82.56477868243728 33.084632093113505 60.47391564391048 16.547464905575332 28.21992091809705 23.965818252745304 29.30507885122869 14.9900343202342 12.894175869181092 28.304228567714667 41.3661060130689 24.897065656237142 11.517042855911349 45.33062575688998 9.303822339461952 25.99942088205673 26.71131779465655 0.0 27.035484650867424 59.59232901506477 74.76674124605655 44.36077234555606 54.062902323909235 20.454571075552106 35.03170919990948 22.42271044735755 16.39992792091704 22.130511677872214 25.488366021926453 20.441525859595732 35.27266260369064 20.73463918084877 58.08524316343442 68.58800864611635 45.30190781901941 42.3678358675393 62.7106603560152 92.00566868373986 56.72370779043111 24.066077051434366 18.320061546130024 49.869076557786386 83.8634395288085 57.700599367474666 26.266518638897757 21.103322502384874 50.94722588202685 84.50289234461113 70.9904851087288 48.83152999021482 46.0890866769198 65.258759907408 93.74446022140587 91.36931015403943 75.25187041105801 73.29453798478606 86.4643668365176 109.4295951758572
74.91635254043457 42.1047377946021 45.54460438241688 28.889690372679674 36.485022364499 7.056570773657111 15.08820068575266 81.15262295049348 8.02632270513745 64.98633490325285 19.380757234127767 48.30247058297904 9.604960495714751 24.62557137246831 31.60843043938585 39.77085705107477 16.938672964222867 26.680901246967547 5.578502731048134 15.972861799655398 44.837471923353775 23.617633877562493 49.26337967753322 6.523773308428526 27.035484650867424 0.0 61.25282371639875 70.5183157784154 43.10754354353517 59.99675580483612 20.3350577153188 29.427330975091575 7.078352755212983 42.74271748378072 35.86457124749368 52.257500670242386 41.51769642545768 22.05050454043942 8.957922287666669 54.57518127869471 87.89719303298824 70.69387217300412 68.29418959066825 82.0081389282133 105.74185130250497 68.5581006478278 44.717991758617075 41.15833784085416 61.507260752066266 90.92360441880622 57.2069870490701 24.191553209508704 17.107751111262623 48.93844165304664 83.01878713080728 58.67943961976541 27.464557750552782 21.451711977315 50.60532261609378 84.0027983062432 72.19498061155126 50.06896407451081 46.86684914441058 65.4287122089026 93.59564979444922
14.226131961573223 85.1587066841631 81.24550716112518 32.85122122966663 62.24878573352334 58.124017568018 55.92365244505793 23.25901194109207 68.48658840416036 6.949699144140879 47.049306734710285 42.69372376489065 68.38674809062695 36.76706852265417 45.07799641400999 65.21746856124138 44.3391739125438 39.40732341520274 65.35149912041749 61.25180956459321 16.4156693853703 66.93562067727696 81.85686277065925 54.776623467880356 59.59232901506477 61.25282371639875 0.0 19.127326825688804 18.16231445212403 9.99406129998571 43.67429706065455 31.89805025311352 64.77717719282765 69.39458847248066 38.30205195146872 63.958535836495905 78.93057572920955 40.78921088727513 65.10605471207884 11.929686813560517 124.20794197063039 93.18379037703784 65.83034795766982 48.773564766919364 53.093281245582 116.21760142525021 82.33957409954887 49.476526338444806 22.602974765347234 31.12408861663541 114.71039878345235 80.21814821018275 45.89422911640639 13.132497129784756 25.169385100091255 119.93109249266638 87.45671019900188 57.521433077725064 36.926741813795736 42.58266257885581 131.07797165952334 102.08285930374845 77.81492283590046 63.90767414567862 67.14161125114981
14.944042987810231 100.4132713230231 97.55246734637684 41.985406660772966 78.79899001374943 69.06686764307133 61.436085922117464 12.399262560053964 76.6812161958174 24.098917251207286 60.20772690845628 61.24817793053075 78.95749151102311 47.98364230832056 61.19388208299282 82.05120184939297 54.062868867220516 44.83200234665658 75.4087894531257 74.21367214592152 29.454993345186836 80.99678440261526 98.6355642224 64.06590742664014 74.76674124605655 70.5183157784154 19.127326825688804 0.0 30.42370632179941 29.030915434312217 56.365099261921856 42.1316589469062 75.4087894531257 86.34623020103886 55.00154211010487 82.25252727711492 94.86469703585271 48.51195539689255 76.17350772156458 16.774818453879192 141.46042544683152 111.41999498197028 84.92677434865288 66.37376838744132 63.19157910618094 131.35289411780786 98.3987637945651 67.12586272652855 41.52441433392168 36.571892676328 126.74329691298453 92.21465926479618 57.77609256518449 23.82149824757264 13.845725092045686 128.2262136875002 94.22400551348173 60.903290431433675 30.579479854349188 23.576357301099186 135.601831711979 103.95265567693777 74.96173512063311 53.17121491913501 49.294053541710895
31.903299522180223 69.99205982012931 67.3585761917896 14.82351831011025 48.842785059824 40.22814865049088 38.32279077392318 39.14138912157987 50.3280023961799 22.6157838825921 30.037344084265506 35.1612591153953 50.45141427263158 18.754484097281477 31.205091197761483 52.25863999804244 26.18222080566048 22.49026649803497 47.30522671493114 44.21165359000813 1.8889129719099897 50.66820056441246 68.68089214976267 36.62134256665826 44.36077234555606 43.10754354353517 18.16231445212403 30.42370632179941 0.0 19.181507884942206 26.34788674380538 13.738014118778151 46.83998095273087 56.603259435319565 25.67409921980528 54.49614435608061 64.55252589110499 22.89392245882304 47.282474469687656 13.731700420850025 111.67589967202142 83.0814515284456 61.06018131014854 54.30433711971616 67.56014693341076 100.93281768786261 68.11351497682037 38.55267886798059 26.98162454397796 48.626617895985945 97.38452712606735 62.78719558874074 28.205887804574555 6.615637112614463 41.0708603828033 101.78646372548016 69.36072868173802 40.6961268775284 29.937875291559756 50.31118748162298 113.2148297485681 85.12013425048066 63.78140275861352 57.31917590221112 69.98356249912635
21.062702551889796 79.15582904418048 74.43309507147615 33.47224501218471 55.46299312456642 55.85681933293775 57.14617742606845 31.43259367184755 67.68043982550469 6.665519738393201 43.604201833771526 34.034492258972264 66.05840386642761 35.508656167783364 39.126818391465584 58.127298535757696 43.573425206165126 41.66350784001054 63.448451386616654 57.43090315800871 17.322372248055693 62.138489268216944 74.63738947026343 53.75323587011141 54.062902323909235 59.99675580483612 9.99406129998571 29.030915434312217 19.181507884942206 0.0 40.78002854922783 31.864220634804067 62.50770143849693 62.14381435740186 32.03296936555674 55.41372754599055 72.4519781066326 41.57690209436298 62.53073259215883 19.831044549766776 116.3750588531543 84.56025012516021 56.14750302098238 39.363344713504965 48.38624118826819 110.06085622850715 75.72200128117117 41.82227634653954 12.618876185798001 31.05191121691634 110.71957593875443 76.66757159637834 43.495490713660466 17.339205001215642 33.23082134893112 118.23469561815054 87.07877341526152 59.839774371256425 44.426351429191946 52.54920640344395 131.4349635091896 104.15427076930493 82.55802788625918 71.96038621092796 77.04232451444423
57.82962223963643 44.99431019030731 44.11392111598206 16.098343158142043 27.88627090385574 15.173303294131598 24.795015920781847 65.487231896896 28.356865333846095 46.34492270056951 4.02222682470003 29.80691759836683 25.292249466025247 8.965323152423016 14.415092186361393 31.684423885399823 9.494166802323353 21.400684757746248 22.897407003600627 17.882006614607285 27.74095732506758 24.85193760406543 46.413627557935406 15.163468932071076 20.454571075552106 20.3350577153188 43.67429706065455 56.365099261921856 26.34788674380538 40.78002854922783 0.0 14.889065199778734 21.76862738124653 35.837285489318354 16.317250020188744 39.897490819333086 40.72910211886686 15.487046389498145 21.752699993447948 39.61415383097291 89.01221964878305 64.6274951408327 53.15119905813899 62.194740508830726 85.4758473753662 75.45857037526305 44.362245297784284 25.23615930626613 41.23785432407166 71.82687161429683 71.1094990435494 36.557196902917084 3.3392664431033583 32.87441283376487 67.4177840169598 77.53003749411138 47.77037631805652 30.788745381795913 44.818753663299184 73.92110907321421 92.50393977922339 69.31590882139454 58.71284595266025 66.96632040032267 88.97507841714767
45.4905078774393 59.88136576763449 58.70572896114835 2.4944887757039957 41.49850493085082 27.03689678838805 25.39442588428967 52.058113942846084 36.58999062801427 36.108259089473435 18.906665881163878 35.41002194993843 37.12045971989209 5.990561441257413 25.050779251576348 45.22079782458321 12.489045864955582 12.042831152349581 33.80496722688497 32.33911404628343 15.528113756392171 39.69775150003363 60.74091611297061 22.92049202441917 35.03170919990948 29.427330975091575 31.89805025311352 42.1316589469062 13.738014118778151 31.864220634804067 14.889065199778734 0.0 33.52518962614928 49.524949624555106 22.38392908116844 50.92685309364136 55.44384359807678 9.853047344424906 34.148464487402855 25.60703753083237 103.58928598453834 77.73329174148571 61.22887173876795 62.05054746453389 79.6639928928741 90.3023127001529 59.07541607980919 34.93045993970809 36.67702849493738 62.16998429978508 84.64142128666603 50.08659807575128 15.748606162904094 19.55055153312952 53.956313016434216 88.08963844595819 55.66694298537585 28.85611564699945 31.006209192492 59.033357824953335 99.7061492855401 72.52788849681927 54.53506949577947 55.521651559244255 74.73977903780273
78.73331415942744 35.09841603648565 38.9224692760045 33.431410109697154 31.650289098840314 6.673870066051655 22.16642288917554 85.58312034828685 10.722743150171612 67.92316610298892 19.53447730393236 46.73916155366342 3.6118312693213204 28.085947437248613 30.136076191738848 34.63397841869325 21.348421693082592 32.67850743381801 2.5172006348566023 10.905829774449025 48.454748638695726 17.367288657419795 42.786390676844015 11.989076076080075 22.42271044735755 7.078352755212983 64.77717719282765 75.4087894531257 46.83998095273087 62.50770143849693 21.76862738124653 33.52518962614928 0.0 37.20048231063692 35.50275166567794 47.909371549815425 34.87747850171912 27.491134019419196 2.0176244713644427 59.091231250774925 80.854394718672 64.49611990559809 64.62850876624132 81.17091309528634 106.74909106494569 61.59884162127524 37.97252970831617 38.52583901538319 62.62107526419687 93.55955001021854 51.49462641435063 17.59777660884169 19.039974747566404 53.01144442469922 87.48005227692063 55.761421433246156 27.62463520682056 28.491220522382118 57.05456730084611 89.96411773131835 71.88400303573313 52.93584085928506 53.21561336237048 72.50106665827786 100.37784979496702
82.93265590349812 20.49689386502512 12.865514179434255 51.300846360583435 8.027854280538959 36.239940619966546 55.680298643534016 92.65024525059877 47.86595985209364 68.80274467076524 32.21676335721462 29.881458546307208 37.81356263776168 44.22596297568533 25.419507288635124 4.357343101684759 44.37628241409663 57.17656611628897 39.71448959232575 26.772901224975886 57.19497940920212 20.20316734644386 12.4966280305589 43.03067364256783 16.39992792091704 42.74271748378072 69.39458847248066 86.34623020103886 56.603259435319565 62.14381435740186 35.837285489318354 49.524949624555106 37.20048231063692 0.0 31.353398219230044 14.66444651179005 12.448979568114048 51.14957508616834 35.282877111008254 70.1540628078611 55.12797849146021 28.96973742514853 32.15959260996537 60.200291889672414 92.78336556977636 49.097839913651434 14.714563500393458 20.427753430096807 54.89009088867801 89.46175317811648 58.1668497220778 34.3565704132621 37.04322890857619 62.91949649186608 94.5534802242944 77.18414404773156 61.07992459467695 62.441233782350416 80.3855929602981 106.86236392995427 100.66022112770753 88.69905419162282 89.42744921545761 102.57543318637038 124.26131606948455
