0.0 55.786308133506445 75.91340405372338 16.783374881114813 17.87987455261277 42.71976277852464 20.657648486676734 14.068465487562499 30.37396435907848 38.532248470029124 41.228593962032384 36.58109762535027 59.17353651689839 85.13207054590423 56.638684414577924 78.5023799288035 9.96633484360674 43.48489719985089 14.940771000880433 39.50589754395785 3.423455458746142 57.52003542814428 67.83483163761966 13.03361270951407 14.573583456076207 33.02586561986633 10.817304337316433 16.847817714044886 40.917804500177134 28.935828425205884 14.81912670575296 41.78356406896134 18.749470791803535 27.85510322295094 54.022223264550206 55.922414626873454 44.856522589457526 31.479374442334272 26.036581256976664 29.737639855305975 119.10162962850697 95.79459909094322 81.01077600577884 79.64684567181993 92.29966307897412 102.52861910759596 74.41290811027184 54.38058618550501 52.64997168797021 70.5804150463453 91.776892255557 58.88429490848819 30.10924509404176 27.214285074855038 54.493230798821884 88.98291091028915 54.4698262675651 20.268681009176802 15.796544013813806 49.830674211827436 94.85266520259484 63.53042571677146 38.34103654223107 36.0387065626365 59.34959860450091
55.786308133506445 0.0 29.116826367906743 39.06748057079013 42.720002188510165 18.01385776525231 39.14205977329323 44.46194594877189 58.41156874216889 32.28457235881907 92.52248692181993 42.89911681608718 109.56951971692393 40.85760047974653 14.166012931442165 29.783097339572628 53.71566857467757 83.52257326206829 57.6465355390189 77.82771386283235 56.332489992962984 1.9031265132332236 32.70374061356392 43.57550134487277 47.05111401631756 22.857549448584948 45.37564518279374 39.01841101049003 69.92077520477324 40.933822429326355 66.73011025851005 40.89192308004835 48.405507304556025 29.901386864812032 23.37520358478808 23.7298078407784 16.469866778821643 80.37764558289007 49.27713334741342 37.18642130703794 72.65293872903811 63.11030630309257 71.28918669429582 92.60756793431693 120.27032575202975 49.87880782469273 34.89928649223461 48.40305164905002 76.5674937788082 108.5225196939275 36.116045364935104 6.7299546266832575 34.36669007304196 68.64182416493664 103.13672577500084 41.56845820777154 21.56325704456058 39.96068918116457 71.5792190098558 105.09594567220294 61.307220578898246 49.76928277843253 59.9182230289664 84.25088202852008 114.02207909655311
75.91340405372338 29.116826367906743 0.0 60.791881012482406 59.13514316874902 46.48147188524761 55.76140973800663 62.30319889941801 85.6071646447882 40.16779948285675 105.54289243977024 48.709720005353624 120.6803058358613 11.755001819031653 19.852305470312963 3.6125475215463614 70.56967523494376 90.95999233163978 72.43312288639284 85.39260637917327 75.3258389178113 27.51271693733196 14.898539302323517 62.88072642517896 63.46020123862527 46.74994548345381 65.13383518327757 59.699932970501806 97.72931346480073 51.69700993135633 83.07096671999001 43.84426740409324 62.468038440958274 48.120337732506606 22.86429440081071 21.093981983449293 31.386974350022804 93.07944857857255 59.75273021164058 48.878073749965274 44.57182542093955 36.1546556924648 54.977272070495864 84.45514530895407 116.78044571662646 27.877532255269802 10.428923918652995 42.83948563768932 77.1785853163223 111.6812426472876 34.32828577216001 22.502358563536223 47.21362799447316 79.6664470548345 113.3984325040911 56.48405065094461 49.9991748351783 64.83975088414016 91.12231015885276 121.64359343657142 82.54145985516493 78.034176104766 88.09261184183886 108.74750321440229 135.22746103634714
16.783374881114813 39.06748057079013 60.791881012482406 0.0 12.055785894161803 26.38567138402908 11.459372528892082 9.893047710046307 30.723441078219217 27.445272268846807 56.258287115353326 30.09949167973675 74.06087359799216 70.7551468652094 41.08942598693471 63.11323741729035 17.51069850967316 53.50107266876694 23.19507119551177 48.47743455425342 17.793615545525988 40.82667698144658 54.494772210636576 6.815606583352314 13.675184273345442 16.2525958426478 7.356096537261743 2.6015981305574853 43.42870459137842 22.07436530362167 29.40229848500741 33.863578665392886 18.32958376273262 13.32958251527209 40.122104611616344 41.988106991980196 29.40545113002897 45.13765352556425 24.649446906936298 20.661586153116573 104.81299216578623 84.34801912915361 75.0876633102115 80.97203146445652 99.3454902061048 86.66102037789135 60.58781164213859 47.185212344539394 56.36325475702402 80.7588978849596 75.00360325952046 42.46883244043834 19.40387031893675 36.66423141855045 68.60662340665276 73.02119696373221 38.89539610294864 9.405389821405496 32.54110884865055 66.51495365864814 81.42366572300645 52.90226762492045 36.90954289783417 48.1747511810182 75.32680003083749
17.87987455261277 42.720002188510165 59.13514316874902 12.055785894161803 0.0 34.38061641439114 3.611034224358517 4.008475693456027 41.40367621867525 20.675143610065557 49.80692267056382 19.699094089380026 67.00306708949043 67.789905983395 40.59961115703957 61.9507923218844 11.528560877698936 43.336046895575926 14.9374385596521 37.98527738669033 16.500020366219655 44.21280949472293 50.17519434859729 6.871817907711432 4.446762407989639 22.23992344780813 8.859223658185027 9.530780070515936 53.73455854118539 11.603383639192518 24.452142855966244 24.425953473677634 6.812413793482898 12.818803203792491 36.70580443930163 38.59555018014771 29.096894869882426 37.74532721031496 12.594868974299828 11.87703473570312 101.61424657200459 77.93836998600565 64.94687955602366 68.96794945370443 87.69168819789604 86.37172014717511 56.87998694818213 37.488934456340495 44.38846602429734 70.21452871760869 78.63415175739561 44.38826578936976 12.33529336953835 26.997292286543665 60.83092243799403 80.59339596720984 47.74324841660215 21.4099757747946 32.12792171281048 63.252404239278086 91.62943386984125 64.51832351847025 48.20876872956099 53.66905151448339 76.36399147192763
42.71976277852464 18.01385776525231 46.48147188524761 26.38567138402908 34.38061641439114 0.0 31.35766056607384 34.565685198132975 40.537836601019166 33.79514093168119 82.56572437313879 42.83017090603266 100.28632473625849 58.06975874120987 28.324984537283516 47.52213957789394 43.4486005487019 77.6738979392131 48.5877864780672 72.24259766911332 44.11879941856466 19.879747345153124 46.92649248264081 32.50306915626753 37.99199883404344 12.38686891342749 33.642613551617806 27.38462059743732 51.9098058949916 37.67487294572668 55.76670737980262 43.2041262179096 41.07231624335458 23.30344321753444 34.084771739192234 35.29174368590144 21.83375416536504 71.17106644408126 44.59592401911796 34.158299400803706 90.53732561023787 78.38524335524046 80.53708463763664 96.03610886778895 119.80977834171237 67.74172248304627 50.68821619323773 54.26284380367856 75.59380818045547 104.30339453839575 50.82558842687258 24.12473989448204 31.234777630980414 61.35197808502058 94.59051072173759 46.69068564846009 13.50864554338871 24.079043548501886 58.068671654350155 92.5148332585697 58.131772900566425 37.02376809544455 41.917131889482995 67.36588636718008 98.56018214221781
20.657648486676734 39.14205977329323 55.76140973800663 11.459372528892082 3.611034224358517 31.35766056607384 0.0 6.627662219403244 41.89589994547303 18.02785980947239 53.380489162278316 18.759439204808597 70.51731719472542 64.6071015935254 37.07413391692761 58.52944078880504 15.076845243701994 46.33004254180604 18.50448692931101 40.884977402515275 19.632637007629267 40.622403944142356 47.180443290197864 8.300677602337165 8.045650643338243 19.072624957157934 10.613769752274344 8.870918450518795 54.45527853457379 10.653102591751985 28.044514749659005 22.9251286389749 9.760002719184474 9.246985775022527 33.489063528706104 35.385959445959685 25.52259048687244 41.27452148260451 14.079316778700722 9.805234343762141 98.51148645809444 75.50035651454941 63.959904304833266 69.8298613776843 89.75702968144815 82.89742117128267 53.79398783792114 36.199904319331885 46.064110464752154 72.994525327901 75.03082785332252 40.77803458197675 9.535422591879422 30.230012690773453 64.27780530007949 77.31437169984764 44.8055729368915 20.79454636037157 35.3854977053717 66.83337665200578 88.96978911542445 62.67253898707533 48.320596518147745 56.006446863762854 79.58249348965094
14.068465487562499 44.46194594877189 62.30319889941801 9.893047710046307 4.008475693456027 34.565685198132975 6.627662219403244 0.0 37.82253109800337 24.482699623851495 48.432454181748184 23.651025360843587 65.93290254134163 71.22962574723513 43.41910408178581 65.02485811508764 9.267994677743067 43.834103573132374 14.022747195169599 38.70526270784516 13.031945238272609 46.045298804554164 53.79483407180585 3.431711005430761 3.7854805212560976 22.89930282538218 4.995751233994955 7.7539623077339295 50.01718162585292 15.59143734186259 22.269153978585322 28.43162124093283 8.619955259955674 14.885056916768734 40.10960614553823 42.00733636413845 31.74485376036651 36.70516189782041 15.57468834067262 15.82289221685649 105.1391486731373 81.85403883054028 68.8526711430262 71.94484371684275 89.47733966885399 89.3115628898199 60.42081224750327 41.46826069098799 46.72666843128305 71.00682535050825 80.54114767047054 46.63348618836196 16.041791764188684 27.10807287337957 60.06003354790087 81.14979607791219 47.667502690738004 18.813341287422226 28.81913247227755 60.84400193052597 90.94937296462008 62.79486677673302 44.82654644607114 49.70372583308829 72.9816317957152
30.37396435907848 58.41156874216889 85.6071646447882 30.723441078219217 41.40367621867525 40.537836601019166 41.89589994547303 37.82253109800337 0.0 57.84370368208421 66.51578205558577 60.65489901130734 83.68175946597668 96.70827851578633 66.04754123548307 87.15412624007602 39.474607760511 73.36993753399696 45.13007077899389 69.7242192709643 33.792799537793165 60.30465560510803 82.45754797921137 34.5590817073304 40.735897093878464 39.34937441417511 32.87354700639553 33.178518746017204 12.821150798368967 52.52577976858301 43.643219096746584 64.58515759742137 45.90675034581617 42.955594317708616 68.04923932112999 69.77297262388612 55.7118216305382 59.52110503225933 53.268716635432206 51.374108570216805 130.1496814256697 113.43841122180717 105.79339267947515 109.13682220562032 122.57277519293721 108.26037445145951 87.73586566874475 77.90758226974727 82.68214093559507 99.98908584178734 89.95317548347558 64.04827286284657 50.075887203186056 57.51359359093814 80.64017709555247 77.80065789923076 45.631970841706455 22.50458174292129 36.407151485322956 67.3747000169726 74.86341568277392 40.47202116924835 8.141969953973852 29.823690907149537 64.08952403708102
38.532248470029124 32.28457235881907 40.16779948285675 27.445272268846807 20.675143610065557 33.79514093168119 18.02785980947239 24.482699623851495 57.84370368208421 0.0 65.49320795037625 10.643418821545215 81.14901846094699 47.74693720325004 24.192604052190013 43.32836951856041 31.38184132296608 52.72863620463244 32.45531115150433 47.012329739285796 37.11582119678538 33.07674125178051 29.727352083970093 26.27336858080721 24.524257044204653 23.320230916945256 28.612364887393934 25.28307965104502 70.64584450003623 11.534661193596373 43.27243639723023 9.428987477730212 22.5837719250269 15.063509343219351 17.310009923028186 19.079354304853627 15.81567732131499 53.01430858146875 19.697873198691475 9.076260280108128 81.26421460757555 57.485687657721364 48.99126002389281 62.37379574746529 88.17961667214601 67.97669110751542 36.60290902006738 21.296977645622526 44.29667547707746 76.58769844469055 65.05616011822214 30.900069427230875 8.49576454587264 39.804461347571255 74.10442412195701 73.74493254195716 46.36540057421848 35.44031260067418 52.508201609933444 81.5661498863087 90.76780796086261 70.17487238557493 63.28512013925093 74.02888701617832 96.69706178904967
41.228593962032384 92.52248692181993 105.54289243977024 56.258287115353326 49.80692267056382 82.56572437313879 53.380489162278316 48.432454181748184 66.51578205558577 65.49320795037625 0.0 57.14581081978426 17.945593300201445 111.97545216403346 88.98052133600036 108.78145643547113 39.24431623405549 22.446347032437714 34.876016692217476 25.183932343005644 38.980254352044405 93.9940739722178 93.54181538668044 50.10361325140115 45.52362227703376 71.304641464769 48.938322127508336 55.19478052669592 72.5764606933435 54.080748125949896 26.900520538893485 62.50093244410751 44.379034711621 62.622746629482975 82.76291916951133 84.47512561875573 78.17014896614508 12.479855662941153 45.81099351481426 57.294198291578624 143.8575029930748 114.00405860130606 87.71340780457506 69.17463960916912 65.3558868735093 133.40986261662462 100.63194967314229 69.6434813540454 44.36740971788672 38.49086834142527 128.32975286370794 93.85817812607301 59.540258152455664 25.991915845138863 14.17637635348587 129.2519231927792 95.10366043912177 61.46707171183725 30.10886376277983 20.730039697763704 136.05432860390042 104.08084172225901 74.49615229644424 51.58823135227453 46.55994347088226
36.58109762535027 42.89911681608718 48.709720005353624 30.09949167973675 19.699094089380026 42.83017090603266 18.759439204808597 23.651025360843587 60.65489901130734 10.643418821545215 57.14581081978426 0.0 71.97077534148222 54.85199365519007 34.424738891805205 52.077667186407844 27.655536610092103 42.682923439316994 26.756417574493167 37.00886747229542 34.34705744597715 43.71604007885485 36.41957685542802 26.49032239762084 22.04844556040988 31.252180634821134 28.557492433181373 27.555874695125567 73.18771884247494 8.159375461715916 37.62028720082621 5.683966185193707 18.146048398624895 20.935793572891797 26.385593835866956 27.917912381441976 26.43166778760529 44.77897536793894 12.305399442014801 9.80523434376197 87.32628571133064 60.338756528511354 45.2820673639052 53.43201692605281 77.80944649078651 76.56297645921356 43.50837582677403 17.85824448368332 33.75949868182363 65.99499475464026 75.41968923395527 41.48270821069787 12.180012834422508 31.156739570134267 64.71463670962251 84.28885211269072 55.89529814000069 39.22732323418629 48.45726150761805 74.51345024905396 100.55471930668863 78.12365897016142 67.0084130713533 72.60658076651735 91.9133860490543
59.17353651689839 109.56951971692393 120.6803058358613 74.06087359799216 67.00306708949043 100.28632473625849 70.51731719472542 65.93290254134163 83.68175946597668 81.14901846094699 17.945593300201445 71.97077534148222 0.0 126.21421901724406 105.09563869640189 124.0409074452618 56.8555769040026 31.146128888099287 52.105115202949484 36.07506992342617 56.907794420646496 110.97081784127258 107.88826747426145 67.78478241677387 62.84210767994925 88.83113034867927 66.71823913522492 72.9022318822048 88.77323248919713 70.04005051030227 44.78851610487588 76.9658700141798 61.175494206554056 79.75316323998902 98.18233097634236 99.80190922014387 94.70370052507305 29.26740734595816 61.5495535241535 73.47644388783358 156.93361078055926 125.52013983364255 96.31842642997178 72.06912997413882 59.20697748105105 148.52422765203158 114.93581152612677 82.1941017562608 51.92624555958507 32.1190693378899 145.08787427128036 110.50146643741628 75.93096211091513 41.41620488877443 7.742554212334837 146.9739821897792 112.94407090542802 79.41170283396973 47.44383652599586 24.299390631517156 153.98699632835098 121.85063179170186 91.53120601124 65.59840439341613 51.21663231158647
85.13207054590423 40.85760047974653 11.755001819031653 70.7551468652094 67.789905983395 58.06975874120987 64.6071015935254 71.22962574723513 96.70827851578633 47.74693720325004 111.97545216403346 54.85199365519007 126.21421901724406 0.0 30.661485380127587 12.065808518536059 78.9727313158667 95.72178528877245 80.16745388714364 90.35024562873558 84.2319663852956 39.265705420328 18.434414687692183 72.17787314243222 71.95552697352603 57.54088846898558 74.48931099961975 69.43572963133411 108.97866386771014 59.14648447394085 91.01602425320543 49.48523200998786 70.33029152310927 57.70320869141285 31.121100135105472 29.222601668754745 41.597940178809026 99.63039274645169 66.65905472716383 56.777406627374724 34.06416133888261 26.154105505124747 51.01519851734043 83.16193132965739 116.72234688540759 24.492476162802305 11.344257359435842 45.302947057890435 79.81776681827853 114.38640145665522 40.63724772321554 34.21333853942849 55.53874925123204 85.98480275755952 118.73101298195593 65.68729550370492 61.721623697399636 75.49224021133551 99.91686189067433 129.08315809053326 92.68243889116252 89.697047911912 99.47755656207651 118.91470069889778 144.15382667764135
56.638684414577924 14.166012931442165 19.852305470312963 41.08942598693471 40.59961115703957 28.324984537283516 37.07413391692761 43.41910408178581 66.04754123548307 24.192604052190013 88.98052133600036 34.424738891805205 105.09563869640189 30.661485380127587 0.0 22.02476579901641 52.12803388040156 76.91245467601445 54.742976507612156 71.19928140308362 56.323879169099946 13.602024403845565 18.944789488770365 43.63718378902554 45.027197472527256 26.945492403152603 45.82153816082311 40.138253685627305 78.35477216124923 35.05720143218304 64.97649732385275 30.972250888049363 44.83536191930288 28.793882634847137 10.04823026409495 9.911551345492619 11.785197666007898 76.53116784807925 43.552701177881886 31.698731951365744 64.34687162487339 50.14272485820065 57.29634845400387 80.28857924643643 109.56480314605334 45.91925516084303 22.38295988425943 35.89235357799498 66.86082897345638 100.23634625146317 41.00688153845668 8.826191968191887 29.480375800157805 63.67995769062474 98.16330794709644 53.474323204899356 35.28500193367548 45.004334508051095 72.1150437231954 103.7814992220355 75.11542840515801 63.263885840783566 68.97164217413825 88.91924483190273 115.97824486123743
78.5023799288035 29.783097339572628 3.6125475215463614 63.11323741729035 61.9507923218844 47.52213957789394 58.52944078880504 65.02485811508764 87.15412624007602 43.32836951856041 108.78145643547113 52.077667186407844 124.0409074452618 12.065808518536059 22.02476579901641 0.0 73.42853385854742 94.42516172809299 75.45787128029572 88.84266798336117 78.02303886390797 28.064185027744788 18.488540159192507 65.47245911147384 66.31004263064574 48.65103517469487 67.69762860376261 62.127004395163866 99.11905859751916 54.83615630024548 86.02727465902257 47.28740759744339 65.48488811092383 50.656336044782755 26.024873565202473 24.30906726765286 33.75250126706642 96.30938046410819 62.972839572652695 51.92906832678468 43.06219204123906 37.690525390471535 58.15176606617994 87.9631113599362 120.36701746586569 24.64954522672658 13.610954402961298 46.45179564778395 80.77830028722671 115.27077476480703 31.19521417850633 23.397581177242465 50.1657085760758 82.94935758318795 116.78801147446414 54.32269788893366 50.07116139880811 66.76896240842372 93.8289662995656 124.67743552486328 80.87601552820624 77.8727770445179 89.34285759411105 110.88219099960867 137.84887244015897
9.96633484360674 53.71566857467757 70.56967523494376 17.51069850967316 11.528560877698936 43.4486005487019 15.076845243701994 9.267994677743067 39.474607760511 31.38184132296608 39.24431623405549 27.655536610092103 56.8555769040026 78.9727313158667 52.12803388040156 73.42853385854742 0.0 36.55911511702639 6.099529745384253 31.90324525655562 6.996679016415255 55.285857291503916 61.104369343663265 10.957482553528111 7.120356197046315 32.0637736564901 10.225787766954928 16.09070826259225 50.58181273866363 20.640852976296337 13.04286640167751 33.12074211348743 9.510676946804201 23.999548845419742 47.99264915320244 49.86841675574109 40.59891403726574 27.73292695149425 16.359127872203 22.307834909830717 112.63534115074276 87.70346854652513 71.35712342385598 69.90380592794446 84.11900769107116 97.88405424708941 67.93383256973132 45.205587220957355 43.20771460986199 63.91470930166104 89.77677888898783 55.7455774300731 23.454636426533074 19.68557157995196 51.1837345120802 90.12520754456513 56.29987881579285 24.7315519581277 21.177180119567513 51.770128852043364 98.83993883545325 69.29157882289493 47.20307880135643 45.27423955831088 65.31616380040693
43.48489719985089 83.52257326206829 90.95999233163978 53.50107266876694 43.336046895575926 77.6738979392131 46.33004254180604 43.834103573132374 73.36993753399696 52.72863620463244 22.446347032437714 42.682923439316994 31.146128888099287 95.72178528877245 76.91245467601445 94.42516172809299 36.55911511702639 0.0 30.51170903754337 5.723970355251575 40.21503247882308 84.67736787696757 77.57149465684428 46.68573945948045 40.12122428339132 65.39795915330076 46.56648429440863 51.57296115584899 82.35856995048204 42.62485927542524 29.82897495927585 47.147729926920725 36.602047823446 54.97354158741186 69.04185710351427 70.51881633879333 67.6034444454241 16.75108668691206 34.25159734447649 46.34877008596295 125.89294226461516 94.39233907838933 66.07275529042977 47.07567162309584 49.61293459193365 118.61819878285836 84.54300027569917 51.182117481335524 22.057829574229462 27.355712067132295 117.74261498993788 83.32147836123436 49.15756820981193 16.891318857973626 23.43115826676955 123.4025271141377 91.0756557243231 61.287786811687944 40.155160806405625 43.16836165002888 134.77677721530682 105.85064929726987 81.47828341329848 66.84184179311696 68.49615607758544
14.940771000880433 57.6465355390189 72.43312288639284 23.19507119551177 14.9374385596521 48.5877864780672 18.50448692931101 14.022747195169599 45.13007077899389 32.45531115150433 34.876016692217476 26.756417574493167 52.105115202949484 80.16745388714364 54.742976507612156 75.45787128029572 6.099529745384253 30.51170903754337 0.0 25.80552661020487 11.55905215635342 59.121668804523736 61.97594895405982 16.436450858563 10.742124634011235 36.81151527100023 16.08731058723857 21.504550268838322 55.8573201060742 21.029783817423112 10.935580034259022 32.42421375967057 9.973836723917485 27.747986307642492 49.60951061762668 51.436172627080076 43.568347486004754 22.83773613532949 14.53419128121315 23.559199498178383 113.43152991826081 87.07467916791983 68.49862349680652 64.7834623046187 78.08012842099538 100.06476006429483 68.95269134016085 43.48355674812035 37.70934102711701 57.86188488865374 93.49541107602577 59.115112551870965 25.350625016708165 13.622219439824308 46.0795893342548 95.14248190846276 61.66393437895942 30.783709978925422 22.083474700131614 49.21960958215952 104.61853720116125 75.3524304168685 52.96933041438304 48.25268813034308 65.15907159945276
39.50589754395785 77.82771386283235 85.39260637917327 48.47743455425342 37.98527738669033 72.24259766911332 40.884977402515275 38.70526270784516 69.7242192709643 47.012329739285796 25.183932343005644 37.00886747229542 36.07506992342617 90.35024562873558 71.19928140308362 88.84266798336117 31.90324525655562 5.723970355251575 25.80552661020487 0.0 36.149461119837675 78.97273426226262 72.1318994516075 41.670039079115384 34.95295154378171 59.92845267848291 41.70502186032389 46.45910829119125 79.25141714940573 36.91642542928867 26.719685386148562 41.55528550275261 31.20597190374258 49.41563907210577 63.383218178517495 64.87634941043581 61.88477277427676 16.641579579603924 28.570614604214718 40.64663863369752 120.86258416774861 89.7881327343549 62.536922118710784 46.41807619738539 52.85094407848317 113.0971421637979 79.1316382480697 46.12501238838436 19.699374454438928 32.3026613475755 112.01974613986462 77.59836740731443 43.467716085066364 12.338179664253348 28.458243649908603 117.81408254338427 85.67960064800775 56.53898737512961 38.041390948018446 45.7434690774084 129.5611466526183 101.09501601498903 77.77586745314706 65.36620388545828 69.93688169653491
3.423455458746142 56.332489992962984 75.3258389178113 17.793615545525988 16.500020366219655 44.11879941856466 19.632637007629267 13.031945238272609 33.792799537793165 37.11582119678538 38.980254352044405 34.34705744597715 56.907794420646496 84.2319663852956 56.323879169099946 78.02303886390797 6.996679016415255 40.21503247882308 11.55905215635342 36.149461119837675 0.0 58.01650419285178 66.67521436027509 12.856187643996984 12.676105358728071 33.803821537852684 10.9572621865382 17.354219308395503 44.304592435875776 26.974666246862007 12.184543475661057 39.69670896182131 16.269202451047942 27.580934169103276 53.11849893673131 55.01432117019493 44.58699679430612 28.73147166244914 23.330593771278643 28.150823298359317 118.09998596075356 94.04828870201597 78.34090634733018 76.31682439365342 88.91547021049213 102.24122775697593 73.36795880280603 52.031300647550395 49.25916421314948 67.38311668897089 92.42453790518819 59.07153789248615 28.834784447466518 23.838830143946993 51.961347889593796 90.63551051342827 56.257950487492515 22.582544801734187 15.806289130332777 48.83194991093967 97.31797923555997 66.40336760357397 41.747507427144534 38.35531938353929 59.95194471462005
57.52003542814428 1.9031265132332236 27.51271693733196 40.82667698144658 44.21280949472293 19.879747345153124 40.622403944142356 46.045298804554164 60.30465560510803 33.07674125178051 93.9940739722178 43.71604007885485 110.97081784127258 39.265705420328 13.602024403845565 28.064185027744788 55.285857291503916 84.67736787696757 59.121668804523736 78.97273426226262 58.01650419285178 0.0 31.754751125008884 45.23277357991413 48.56825274209151 24.647042095455603 47.06292168317351 40.72657639713769 71.78954623573385 42.057534301255416 68.31341010387924 41.48822194832505 49.79542152372367 31.398629467762863 23.1780414791298 23.381455286649846 17.31711481599129 81.80981540251278 50.45623273093402 38.32889749632059 70.86308283736416 61.854216461129695 70.88787518738044 92.83865989990291 120.86240880290313 47.97891641999918 33.63473457264077 48.53294229830641 77.29443560596727 109.49084542335808 34.49667422450359 5.435181872251212 35.55159225718687 69.95101187727664 104.48553131350315 41.05815609731813 22.819827947111737 41.8397071170738 73.3159042384923 106.7460852451562 61.556503566059796 51.037998961490885 61.7685577816503 86.14310946304923 115.8478272078791
67.83483163761966 32.70374061356392 14.898539302323517 54.494772210636576 50.17519434859729 46.92649248264081 47.180443290197864 53.79483407180585 82.45754797921137 29.727352083970093 93.54181538668044 36.41957685542802 107.88826747426145 18.434414687692183 18.944789488770365 18.488540159192507 61.104369343663265 77.57149465684428 61.97594895405982 72.1318994516075 66.67521436027509 31.754751125008884 0.0 55.07751348392283 54.1919505995703 43.2298249737876 57.42271268692387 52.881428076175624 95.09572114901994 40.951011596858415 72.87201536759828 31.059235867833426 52.2325857633303 41.18255901837005 14.475832592797822 12.695799655563865 26.85062044646988 81.19687859930339 48.2858191026248 38.80347216371636 51.53760456720638 31.540829290957 41.57353574456813 69.69024013605782 101.8819709248655 41.26529320566391 7.090252444220871 28.15267685190113 62.687550805265246 97.27147123295806 48.519818079504006 26.375042401734373 37.84117578212475 67.55078026948543 100.44452624521763 67.89795673079801 54.13779230997526 60.3859777635307 82.1999378989809 110.73387464943437 92.0357277404134 82.1943851476371 86.23213648020263 102.52203868559606 126.41312474872615
13.03361270951407 43.57550134487277 62.88072642517896 6.815606583352314 6.871817907711432 32.50306915626753 8.300677602337165 3.431711005430761 34.5590817073304 26.27336858080721 50.10361325140115 26.49032239762084 67.78478241677387 72.17787314243222 43.63718378902554 65.47245911147384 10.957482553528111 46.68573945948045 16.436450858563 41.670039079115384 12.856187643996984 45.23277357991413 55.07751348392283 0.0 7.056137923057688 21.348393316080298 2.3526242377384032 5.133718529106606 46.8629261761535 18.345583372146873 23.473117736595754 31.020915284032696 12.041290369995476 14.843306799611382 41.09996507156477 42.99948702636781 31.864005608302836 38.69030172835791 18.97587806611658 18.054908224665592 106.18555509883029 83.75905620820315 71.767275473492 75.36749371892724 92.76169111288925 89.54657369254204 61.552551871787394 44.20024983381363 50.134072157227244 73.94596648100527 79.68946298445844 46.21540719180406 17.781085479304835 29.854981620975572 62.13954169590728 79.18921943599362 45.35544056513873 15.43213599116991 28.53133316397981 61.52052049058473 88.20521128680913 59.60266387404601 41.46827747600825 47.76589564287302 72.37655552677474
14.573583456076207 47.05111401631756 63.46020123862527 13.675184273345442 4.446762407989639 37.99199883404344 8.045650643338243 3.7854805212560976 40.735897093878464 24.524257044204653 45.52362227703376 22.04844556040988 62.84210767994925 71.95552697352603 45.027197472527256 66.31004263064574 7.120356197046315 40.12122428339132 10.742124634011235 34.95295154378171 12.676105358728071 48.56825274209151 54.1919505995703 7.056137923057688 0.0 26.09239393158463 8.012879750585238 11.521184181910009 52.68566237192824 14.374992335893776 20.005386328103864 27.20998242380711 5.189705172884557 17.17416049886722 40.92702703008425 42.808490466939396 33.54261829397155 33.57535311967098 12.558115859426543 15.50350880354853 105.69456793918857 81.38445301095801 66.8602044429001 68.64338957538878 85.72230266651157 90.7645233489537 60.9691457676507 39.888612872861685 43.12531510837187 67.25556359431981 83.01714416782102 48.818590898714966 16.416941610609555 23.46549998081768 56.80313345090883 84.45330844639092 51.20117189670604 22.485698476003144 28.008948654842378 58.806833871293016 94.65585128515568 66.57430898250628 47.95164059678854 50.61021479571848 72.23739082792429
33.02586561986633 22.857549448584948 46.74994548345381 16.2525958426478 22.23992344780813 12.38686891342749 19.072624957157934 22.89930282538218 39.34937441417511 23.320230916945256 71.304641464769 31.252180634821134 88.83113034867927 57.54088846898558 26.945492403152603 48.65103517469487 32.0637736564901 65.39795915330076 36.81151527100023 59.92845267848291 33.803821537852684 24.647042095455603 43.2298249737876 21.348393316080298 26.09239393158463 0.0 22.89930282538218 16.467811981254368 51.895671936598156 25.495229564574505 44.816667182936 32.42816088896821 28.825920350283436 10.978116761207193 28.964764544344348 30.607450299400277 16.39459660158983 59.591901133032636 32.21594875551303 22.111935156540053 91.28925326942112 74.50747043964934 71.85926586467835 84.6811701664078 107.57696138014192 71.37140229727692 48.38654582514607 44.53601766110123 63.40720954804745 91.93644476944044 58.752290842666866 26.72616784435254 19.276787169377542 49.23160678936672 82.89003437099998 58.3753829386657 25.894922432698777 18.11793710765237 48.79368037944691 82.63315198835228 70.43749390574567 47.011032769272354 43.05176794026369 62.38343618370212 91.24008090346601
10.817304337316433 45.37564518279374 65.13383518327757 7.356096537261743 8.859223658185027 33.642613551617806 10.613769752274344 4.995751233994955 32.87354700639553 28.612364887393934 48.938322127508336 28.557492433181373 66.71823913522492 74.48931099961975 45.82153816082311 67.69762860376261 10.225787766954928 46.56648429440863 16.08731058723857 41.70502186032389 10.9572621865382 47.06292168317351 57.42271268692387 2.3526242377384032 8.012879750585238 22.89930282538218 0.0 6.432197464664643 45.02513810449061 20.444998381563437 22.129467215884514 33.20155197274567 13.191573808821394 17.042998956117298 43.42404770494922 45.323054907584115 34.039219657633055 37.78331403936372 20.422290686074092 20.320749300245563 108.50576793297397 86.09725030445391 73.80190419109447 76.65151879437332 93.2681045336695 91.71299467866419 63.88582576411954 46.328592801954194 51.0499042705151 73.89628798823904 81.46794930595564 48.202207860542096 20.117840676215664 29.679130323446266 61.252123493403474 80.317266385227 46.24932120843106 14.899272502754782 26.454283325203217 59.77057861227767 88.6159894615302 59.397389897355055 39.976636335777755 45.420679949951314 70.16245484347874
16.847817714044886 39.01841101049003 59.699932970501806 2.6015981305574853 9.530780070515936 27.38462059743732 8.870918450518795 7.7539623077339295 33.178518746017204 25.28307965104502 55.19478052669592 27.555874695125567 72.9022318822048 69.43572963133411 40.138253685627305 62.127004395163866 16.09070826259225 51.57296115584899 21.504550268838322 46.45910829119125 17.354219308395503 40.72657639713769 52.881428076175624 5.133718529106606 11.521184181910009 16.467811981254368 6.432197464664643 0.0 45.83800760259799 19.503713714652655 28.47954531038438 31.418936255120585 15.959253702823816 11.750863206464388 38.60134207722474 40.48363331733775 28.37491164281889 43.82306361038563 22.109032538657967 18.20032505866134 103.49905511887059 82.43249567541666 72.61493936390524 78.3931989313261 97.01963204412868 85.90465870804974 59.104002970728786 44.74115943643723 53.898747016776035 78.76035750047018 75.08603048580257 42.042636876636365 17.091039917721588 34.80622019092647 67.2732582161881 74.07468352848107 40.225809561504576 12.001027772587769 32.63105082649497 66.1845766488257 83.22895715365205 55.18051337957507 39.4657184509086 49.648977203637244 75.94289348007082
40.917804500177134 69.92077520477324 97.72931346480073 43.42870459137842 53.73455854118539 51.9098058949916 54.45527853457379 50.01718162585292 12.821150798368967 70.64584450003623 72.5764606933435 73.18771884247494 88.77323248919713 108.97866386771014 78.35477216124923 99.11905859751916 50.58181273866363 82.35856995048204 55.8573201060742 79.25141714940573 44.304592435875776 71.78954623573385 95.09572114901994 46.8629261761535 52.68566237192824 51.895671936598156 45.02513810449061 45.83800760259799 0.0 65.03552988879164 52.597336617593335 77.25536626549903 57.789522622264926 55.77574860195823 80.7270404270813 82.42903575477158 68.28865311303893 67.34563132916598 65.23988142152369 64.0346853014459 142.17615085991713 126.17589449726081 118.41129802125565 120.4852493841038 131.93458913818043 119.53179833950227 100.24267793214925 90.57611674150898 93.56370103873634 108.16188867816096 99.75064187642893 75.83392573642675 62.81843955924158 67.35211002109475 86.72505646617975 84.86062211440027 55.019745345585115 35.3249321909571 43.16666022820382 69.81190113896828 77.72652005837962 43.334916570293906 10.453309266252678 27.119770680902 61.29066695391519
28.935828425205884 40.933822429326355 51.69700993135633 22.07436530362167 11.603383639192518 37.67487294572668 10.653102591751985 15.59143734186259 52.52577976858301 11.534661193596373 54.080748125949896 8.159375461715916 70.04005051030227 59.14648447394085 35.05720143218304 54.83615630024548 20.640852976296337 42.62485927542524 21.029783817423112 36.91642542928867 26.974666246862007 42.057534301255416 40.951011596858415 18.345583372146873 14.374992335893776 25.495229564574505 20.444998381563437 19.503713714652655 65.03552988879164 0.0 31.922107494649186 12.887440044239296 11.358352316816253 14.575118722775457 28.833987281723513 30.61292456224982 25.021862449336297 41.6032368384898 8.535679176945068 3.770134034175734 92.43679431172707 67.10259636745627 53.439264739648515 60.029581653617086 82.13492199806456 79.48558738446128 47.92296095862336 25.886362527713732 37.92676278929624 67.83521872320976 75.37413695119132 40.81373456747089 6.71681484843983 28.62384562270177 63.15368349443282 81.45245917944109 51.090574974316425 31.318149496086154 41.78806069483202 70.0463663396887 95.79995747288594 71.62411449722457 58.96764013283842 64.95489411029891 85.76643186672986
14.81912670575296 66.73011025851005 83.07096671999001 29.40229848500741 24.452142855966244 55.76670737980262 28.044514749659005 22.269153978585322 43.643219096746584 43.27243639723023 26.900520538893485 37.62028720082621 44.78851610487588 91.01602425320543 64.97649732385275 86.02727465902257 13.04286640167751 29.82897495927585 10.935580034259022 26.719685386148562 12.184543475661057 68.31341010387924 72.87201536759828 23.473117736595754 20.005386328103864 44.816667182936 22.129467215884514 28.47954531038438 52.597336617593335 31.922107494649186 0.0 43.29954781907559 20.690931502269752 37.04089204847509 60.312679983579386 62.15858949072569 53.54499082615073 16.661464006733226 25.334379778461496 34.2882499750957 124.35059237299343 97.87249305699133 78.03676174188396 70.67675491134088 79.3437294508174 110.57601828579494 79.82958014918813 53.97486491740995 42.99567826362132 56.38074836914486 102.80815005066941 68.77834364308072 35.86440071127049 15.391548631471844 39.77931808141028 102.42335926732069 68.20715057431042 34.76690399152601 12.653505236680733 38.81154640508837 109.4995286143609 78.34558616327895 51.775840294266786 40.227690321199795 54.319602012560196
41.78356406896134 40.89192308004835 43.84426740409324 33.863578665392886 24.425953473677634 43.2041262179096 22.9251286389749 28.43162124093283 64.58515759742137 9.428987477730212 62.50093244410751 5.683966185193707 76.9658700141798 49.48523200998786 30.972250888049363 47.28740759744339 33.12074211348743 47.147729926920725 32.42421375967057 41.55528550275261 39.69670896182131 41.48822194832505 31.059235867833426 31.020915284032696 27.20998242380711 32.42816088896821 33.20155197274567 31.418936255120585 77.25536626549903 12.887440044239296 43.29954781907559 0.0 23.62010474512716 23.095745239042056 22.13081973328093 23.48151778625363 24.599168890137477 50.1982243937169 17.98935322670762 13.221065838367279 81.72930071844971 54.707792089148455 41.243513820195545 52.95217981588533 79.38299729764519 71.60731960129867 38.14613476919447 13.322834782545605 35.982206810681255 69.3310279655681 71.88612894528367 38.662222569116764 14.72309588927556 36.51878736395906 69.60836363430147 82.46028287707225 55.78404620554719 42.647861040776625 54.042936388528425 80.10778100221052 100.11874496749046 79.41229095952683 70.59473975726574 77.81824383143635 97.58328406670991
18.749470791803535 48.405507304556025 62.468038440958274 18.32958376273262 6.812413793482898 41.07231624335458 9.760002719184474 8.619955259955674 45.90675034581617 22.5837719250269 44.379034711621 18.146048398624895 61.175494206554056 70.33029152310927 44.83536191930288 65.48488811092383 9.510676946804201 36.602047823446 9.973836723917485 31.20597190374258 16.269202451047942 49.79542152372367 52.2325857633303 12.041290369995476 5.189705172884557 28.825920350283436 13.191573808821394 15.959253702823816 57.789522622264926 11.358352316816253 20.690931502269752 23.62010474512716 0.0 18.756396126600126 39.659382730477816 41.49439592156279 33.80511051802044 32.06296911011871 7.48491701756546 13.610855309440469 103.7505748465236 78.25424437947088 62.27402669926198 63.45994560656121 81.06206047491304 90.09103522468787 59.16307318731742 35.76279346145873 38.1119289712522 63.410523023869516 83.99288493770399 49.481651523016644 15.39210621985899 20.500097792024974 54.75805935423548 87.06016774071938 54.48193249867489 27.42139713581626 30.502933687470584 59.19264140717064 98.43967119327104 71.13213606802006 53.14128339040099 54.616980162807145 74.40992102331458
27.85510322295094 29.901386864812032 48.120337732506606 13.32958251527209 12.818803203792491 23.30344321753444 9.246985775022527 14.885056916768734 42.955594317708616 15.063509343219351 62.622746629482975 20.935793572891797 79.75316323998902 57.70320869141285 28.793882634847137 50.656336044782755 23.999548845419742 54.97354158741186 27.747986307642492 49.41563907210577 27.580934169103276 31.398629467762863 41.18255901837005 14.843306799611382 17.17416049886722 10.978116761207193 17.042998956117298 11.750863206464388 55.77574860195823 14.575118722775457 37.04089204847509 23.095745239042056 18.756396126600126 0.0 26.858332393722886 28.7374992734061 17.02381587222639 50.518115870956606 21.33144800986567 11.368861834349605 91.76353568607281 71.10707204769852 63.926983061037966 74.24201564238479 96.60159866246738 74.70552578224154 47.356757159232515 36.04495031252199 52.44657820885282 81.22116606299339 65.8440889775929 31.758913226881827 8.755928445809529 39.23719146533066 73.46632767977314 68.44123788964636 36.79924966923327 20.469806204672818 43.34383016595874 75.71795505888971 81.40744825148735 57.26527103338594 48.231305307823725 61.384161367197414 87.20424663428714
