0.0 41.101220392367935 50.546154683101 39.77313791321897 73.53086885161235 12.651851189939968 19.632171132082362 31.37579701864339 31.990931845455275 86.25934207176344 48.38490106595719 51.36091551041065 14.03544045859598 52.82626399697512 39.70080728801329 80.92395594907968 45.73386368512461 73.48034816234208 54.4080460230013 36.21756116563373 59.56287378627466 21.07555897979369 54.44157056945824 41.15993333267705 81.86010792671398 18.010732775686147 16.06193903120095 60.96447296365044 42.99479541655254 91.55824848106805 40.93978385659532 87.51089169024904 12.155213934202974 80.72771018750068 52.10843918874167 45.135197147453475 20.83396796515904 75.62635602960508 33.860344162727465 47.92031133585061 116.08268838797616 83.30516622321188 52.906954439666976 32.45575249454928 41.26064523891178 111.66650305612659 77.09226719860905 42.566201910652595 8.683291693027792 27.088220510211244 114.183643137399 80.6627919190899 48.681730839834444 25.063501605369737 35.79511958150555 123.20976947341438 92.89522763959778 66.88199855591199 52.07381812085851 57.835678673889475 137.46822822086003 110.96038676995667 90.12010076246995 79.53482987445392 83.21464558282884
41.101220392367935 0.0 23.506031363422267 24.726961389661867 83.79145952483007 37.15108007107185 27.42211317730756 12.53074865757254 27.201042764287816 71.13341231965337 61.17519194571685 56.119113651696416 34.04163548318211 37.86394034679605 6.207756490312593 82.5382758494309 21.564318426613806 83.43809136854452 15.948607382808772 46.382919138145574 40.58755735420372 44.13193323544949 34.233435741917255 30.582549162593306 89.37907162292946 28.7383933015018 25.40955570881253 34.125656392550205 43.421562722297956 74.24028561395377 33.971305756955076 92.11554149511447 45.118167834194054 83.28312617339756 65.9150723882285 30.1434232829791 21.185279317573077 76.31332429447997 23.43602273181995 42.99268644272869 130.06857634185405 103.13833232565497 82.1702374919698 72.53365811300452 78.51793735023016 116.53738384953873 85.6231656174051 58.96190451579858 44.905466452812156 54.325967000647864 108.72026116586521 74.74390549118145 41.8097633103571 17.44448016340665 35.43179572737422 107.86721280095433 73.50911995624577 39.58153667986117 11.165016127282708 32.82482801665268 114.13454191749804 82.35383990706741 54.15202547795077 38.43896990798307 49.168003625509485
50.546154683101 23.506031363422267 0.0 12.553307694758358 66.8485023154397 52.21252389642677 31.197207698254747 21.704612938858624 21.009562701904265 47.66167664458679 48.40016682619056 40.22099244791609 49.62263522261594 16.44720131735315 18.1703390047438 62.282676501653484 4.858625393696512 66.39030688170658 15.668159677774664 36.441031251076396 17.355198613942267 61.3847415910203 11.308716911076218 16.00137766062782 70.89549460897274 45.60926280472422 35.577240843958684 11.435323818410494 28.892470323059275 50.752059613668195 19.572269740577042 72.39136295636033 58.92622162049588 63.31014349335089 52.798824266259665 12.288894432152485 30.929596723538875 56.12492605902533 45.81099351481426 25.46630021759518 112.48256067717045 89.41208954748369 75.7064291309836 76.5712179768333 91.5946821009836 96.03615924229496 67.79860477171593 48.63301373801592 50.28420757743051 71.32072159104796 85.90515252404323 52.63401054177636 23.57606059281912 27.132451647769415 57.54439124473175 84.39600690349413 50.15666821683438 17.422669882357233 22.051307420213515 55.35181628405684 91.934383352755 61.908984239201764 40.10412610812605 42.17566415778428 65.9094794262941
39.77313791321897 24.726961389661867 12.553307694758358 0.0 59.40060972358613 43.53083367460889 20.14314715960252 16.36005175580985 8.587413358215565 50.50819790560198 38.26155003257094 31.796688871828266 41.353754349578814 15.260586615324335 18.533934568012953 57.896403947250995 8.13588136968926 59.018257088845125 24.82330685854419 24.880738875272627 20.734937358902044 53.376582471753856 14.92208364083672 5.875707675750903 64.70507534035106 38.32160708180064 26.279977538619843 21.38880714571103 19.274350699527336 54.82096884502148 9.4629012996635 67.39729371804276 49.36651551122865 58.59735563243973 42.89407038947338 6.522288987784544 22.26320171501248 51.67973404429883 42.67839588471968 18.265917828973084 105.63630856006175 80.11679046186215 63.82123675363822 64.20576398179084 81.03326302845115 91.87621468357956 61.040013205590085 37.488125519217455 38.46645101273315 62.83954254952338 85.49284504546769 51.03013652102961 17.14575255171544 19.461052017135298 53.46346395905629 88.1048107281145 55.25703016555717 27.1857700680959 28.629317282918475 57.402565486062855 99.00255669528147 71.22956596244288 52.35075656028492 52.93730413450217 72.5184144679965
73.53086885161235 83.79145952483007 66.8485023154397 59.40060972358613 0.0 84.95191353008778 64.10155442073498 72.98125119641162 57.235153310100195 48.683558144925435 25.399747100949437 27.673065801171585 84.79133982542861 50.92742946768063 77.71508278354518 17.328944470340325 65.23499975577893 0.6314701293169925 82.39148721224097 39.941253019239504 54.02069669149451 94.48875803013316 57.118950380613 53.560296646572304 9.10217006629764 85.35685600130587 72.38759269820537 65.22413025154626 40.37083672900638 54.5698308653779 49.955765742538475 16.432570104207834 85.50272719019611 15.61924539315941 21.422642324181858 55.350947058699745 71.84285271911124 18.371273020177032 96.65214750248565 41.66962553807679 46.277136707659025 26.073560682128917 40.16128837444145 70.29131477992239 103.26495104826756 38.40969805219587 4.435720073046352 30.966120574741474 65.52083590056476 100.10950780790458 49.14172706282276 30.83274966751332 43.3733048878094 72.15722218213565 104.53191790027729 70.42963256300588 58.929838500687666 66.18085108978973 87.6462817129615 115.66599675324966 95.45381745997457 87.0961174628613 91.94966967246492 108.25181519827196 131.82137495435458
12.651851189939968 37.15108007107185 52.21252389642677 43.53083367460889 84.95191353008778 0.0 24.81496971041275 30.82174907783987 37.24530184951586 92.90144165880875 59.589977002950384 61.223005491425596 3.1672051908704404 58.119225566268035 37.708914259386916 91.08154988265474 47.72701049453973 84.85780892535057 52.32007634687863 46.23492887511405 64.21884312783664 10.258935013063166 58.421685542377766 46.430955508128996 93.00903450234878 8.758784073650636 17.265527470752737 63.41167424916803 51.35596356602859 97.74700676232227 47.180311975475455 98.28777237640583 8.147170195152368 91.04938901586002 63.589988398796514 49.68911621549077 21.452640634573093 85.50284023611837 23.517183249399597 55.3954711108893 128.2792495435992 95.7979204803904 65.52665894675934 42.486118414390845 41.36693419459493 122.74357834502305 88.32012824902402 54.12722311553723 21.305391568166343 19.31153378163353 123.47496331629051 89.32451490533151 55.73616539535042 25.08027264496619 23.374532981736987 130.3679298936455 98.55203203081568 69.45519685917702 48.27381491722912 47.23889844298926 142.5309695314935 114.0230123563745 89.90088847292732 74.55095227249643 73.67680475498463
19.632171132082362 27.42211317730756 31.197207698254747 20.14314715960252 64.10155442073498 24.81496971041275 0.0 15.172162432339245 12.67555214595862 68.14588744247244 39.09341593993172 38.11578753950817 23.29469474691765 33.713409892023485 23.767298949409273 67.80927415183452 26.345135239243028 63.896220168710634 37.39481948741279 24.160343900481454 40.20754018058436 35.04508845285434 34.883425516165005 21.955393090804705 71.35271426694099 22.05920004176087 8.558201106661883 41.3660447233193 27.05839998919275 73.106403628114 22.395800719682644 75.84082819731478 29.645860902178107 67.9916042144352 43.65012068100249 25.67012814768667 8.101614282029159 61.96289011745017 32.72625323808674 30.652620213216313 109.45538121576226 79.49920678694815 55.26824752492033 46.731642306065076 60.892737699639596 100.60770921342959 66.9226423480539 35.07444166657832 19.407224209707884 43.7939692059842 99.21256246413775 64.82610745828907 30.92844480730452 10.274532630045595 40.61300500959046 105.56590664006414 74.10460313285694 47.26152434642617 37.02214310110318 53.874431732090706 118.42685878200761 91.35518568153776 71.14345911148807 64.58936718947002 75.34556184931336
31.37579701864339 12.53074865757254 21.704612938858624 16.36005175580985 72.98125119641162 30.82174907783987 15.172162432339245 0.0 15.748195818911205 66.51317879659321 49.48463400137343 45.4763229899759 28.089980229537414 31.45230953131723 8.690024554811524 73.39315735163073 17.61466699902501 72.67177699884586 23.075818611994272 34.45116577741914 36.087687967679265 39.72077880803947 29.75965465292935 21.56501702488538 79.15067956770413 23.907847539706207 15.358394536342889 33.10668711957295 32.87119369021905 70.5025930194169 24.2850601362635 82.51087929836349 37.99483226270182 73.94489828926733 54.222996825727726 22.79585097767858 10.544498850808965 67.22799145917644 26.318344128909832 33.7090949034131 119.16268552433672 91.25412526355399 69.6395398995645 61.374229472387995 71.26504722600855 107.2103567925816 75.14323350227461 46.83783335932823 33.70299515186857 49.72759079868414 101.8179331034261 67.30303991264873 32.97515103144444 6.314721978556967 37.24573218303459 104.01107115765977 70.54757623632848 39.12113480215607 21.881749240967846 42.68493642756862 113.35020509420306 83.59583613195646 59.35541158887992 49.524460576532285 61.457999891327795
31.990931845455275 27.201042764287816 21.009562701904265 8.587413358215565 57.235153310100195 37.24530184951586 12.67555214595862 15.748195818911205 0.0 55.67169861343356 33.98210970115502 29.782666463390232 35.44715341831233 21.037923815570387 21.553811498965604 58.2734422896328 16.34306419304688 56.9284521372001 31.48289231519067 19.249259294538486 27.594257382655 47.38711050692976 22.522034335345513 9.279843643078374 63.505662489183365 33.30274769076519 20.185490564591504 29.82844736499601 17.29832001993477 60.51480449566048 10.132642216882472 67.10181170436465 42.321411940147165 58.708110133830665 38.7239148840031 13.155266131339983 17.172895323262427 52.18846250183565 40.63944270510581 19.205278148123927 103.4172507843387 75.93866434685243 56.85975630464275 55.62536466319963 73.1445737121532 91.87368037518901 59.43940853568876 31.939863587359014 30.035111831376163 56.38175642280122 88.15212738807568 53.56514385531285 19.03959124742957 15.831669492901684 50.33519453056961 93.19463163777176 61.44316814107035 35.49821430100209 33.76122463095523 58.432474885962264 105.75465098774927 79.06393666588868 60.93401946668424 59.746063878372794 76.29559845087681
86.25934207176344 71.13341231965337 47.66167664458679 50.50819790560198 48.683558144925435 92.90144165880875 68.14588744247244 66.51317879659321 55.67169861343356 0.0 51.160956855961565 41.13452031640344 91.106015774337 35.259802231748765 65.51507894144773 33.25194894306633 49.933647812369315 48.052535628575775 60.69228976925925 53.152757940837404 30.689568246252783 103.0588053140676 37.12127633627445 46.6060358371707 45.97844565474251 88.61741095471783 75.83087228403065 38.219768190562924 43.92675577564884 6.3605080996877605 45.751405458444665 42.26904210655213 97.5220887121178 35.128451535616534 52.18500940087981 43.99427161359474 72.39143218929021 30.333280430109266 92.52130821692337 38.41624234561369 83.11454519734261 74.49010752730774 81.14351489160433 100.07252015838769 125.85505139407505 58.908756723066254 46.287501788062215 56.65365277498247 81.67957070847133 111.92980173064073 40.48609461240625 18.116730637010548 37.57866435560244 69.9352851872881 103.75249504076356 37.61354359167174 10.29218813553158 34.52436813829096 68.3577884201496 102.70586577009534 52.888739951539236 38.41464758586489 50.487393883548435 77.56993096151528 108.99558198762797
48.38490106595719 61.17519194571685 48.40016682619056 38.26155003257094 25.399747100949437 59.589977002950384 39.09341593993172 49.48463400137343 33.98210970115502 51.160956855961565 0.0 10.877662103814805 59.39287911557389 35.191662323276404 55.408615952552324 33.752798926882164 45.497517642698185 25.28251984190566 62.88597043903622 15.17204736810426 40.90621346726114 69.2229907070134 41.30786387936804 32.931163303874726 33.484804832990875 60.01601125141623 47.20475194804715 50.61791400654222 19.509020326461584 57.493504350078744 29.156190304196024 39.2486967417363 60.46106083668586 33.201578566025184 4.742827030424727 36.11414765950501 47.01999560125995 29.45160937026671 71.80640942058119 23.878231881483444 70.37548008274892 42.016525942907954 31.191419693592447 50.746988359842035 81.07061704030639 63.285456118732306 28.747719189434857 6.532077808504974 40.66643581459281 75.2310058598891 68.20955225915085 38.314222287092434 26.043386847107417 47.78470598949491 79.26752180665042 83.03706043042692 60.745341443006104 53.66225866442718 66.81375531427118 91.88751922233523 103.59899624822148 86.5583888323003 81.52718276927938 90.53028545122173 110.17943472358431
51.36091551041065 56.119113651696416 40.22099244791609 31.796688871828266 27.673065801171585 61.223005491425596 38.11578753950817 45.4763229899759 29.782666463390232 41.13452031640344 10.877662103814805 0.0 60.46426481860621 25.551253381170042 50.044097577082894 29.8748771193042 38.048118155542234 27.319938384119382 55.429419630885214 15.146086007711729 30.635171937543962 71.30423585687353 31.835276032885364 26.00098100119846 33.74052693423204 60.07316358441502 46.65367009088496 40.89992826109506 12.702915712515022 47.39428604958338 22.33470448341194 37.754411304274555 63.48256831617717 29.934628035870244 13.883162638353603 28.22094068043016 45.35829681527384 24.315219373516566 69.94151153421134 14.779892804978314 73.95000730137417 49.211736733055076 42.069077891737415 59.26753265677411 87.46596120428198 62.551164199316304 29.666929155867482 15.57100390064999 44.71729613377974 78.43256924648963 62.87094401120026 30.329290631910613 16.787682916068555 45.15126668492236 78.67844448671367 74.75910422216032 50.40843490865257 43.450149112485754 60.24648627267132 88.12593976940812 93.92049244053004 75.78566577930525 71.13811459344956 82.29551343681354 104.30353631447919
14.03544045859598 34.04163548318211 49.62263522261594 41.353754349578814 84.79133982542861 3.1672051908704404 23.29469474691765 28.089980229537414 35.44715341831233 91.106015774337 59.39287911557389 60.46426481860621 0.0 56.14231328253195 34.74878050797898 90.33809972687031 45.212431254935105 84.67402213012264 49.298063266793484 45.62945353341891 62.08345816813577 12.02568416370566 56.184364585894514 44.53104734599884 92.69272477010853 5.601771455461297 15.27651779868551 60.89252044608207 50.177902323780195 95.83763315843468 45.48978414303165 97.78773749110982 11.311585300385266 90.37052008334717 63.518697718521906 47.6147953919466 19.121972139167415 84.66621507522208 20.749000957406402 53.94618625597507 128.59176371866363 96.45937834432893 66.84162303908758 45.01126967381106 44.48648281025615 122.35262045284979 88.05189791395709 54.138345399691346 22.441810999875802 21.70622125916162 122.37013243005484 88.07600627666561 54.177182397948386 22.53446125224584 21.801087949516628 128.64174356711843 96.5253847035865 66.93595653553041 45.14992076460097 44.625431047295606 140.33110831532142 111.50043905664421 86.9864168078428 71.38407639819508 70.84840770666115
52.82626399697512 37.86394034679605 16.44720131735315 15.260586615324335 50.92742946768063 58.119225566268035 33.713409892023485 31.45230953131723 21.037923815570387 35.259802231748765 35.191662323276404 25.551253381170042 56.14231328253195 0.0 31.796369135032016 45.85260207865732 16.42741505889769 50.43994506367197 32.08959171153623 26.882508112410164 7.202735881596175 68.1538666940202 6.310059845547334 11.758159113017957 54.55980770072526 53.4189317114555 40.89364753245422 15.433097123129324 16.959586377286573 39.71794891215599 12.21544050130029 55.94421272857367 63.35919741682608 46.86503958990888 39.10048299942541 8.739392821598123 37.229101831544185 39.68414140048021 57.69947219063681 11.36032515912846 96.2026890034282 74.4618537793601 65.03037186566992 72.85672352469317 93.71246641015142 79.67328994672926 51.61535616953169 37.08482514391508 49.81215636388613 77.34368099082 70.94164390834612 36.89319413272348 9.184306672926041 34.67633180833621 68.66875031013268 72.86757621120542 40.441695292680585 18.873929396356075 38.36361741444289 70.58439281355854 84.72731418473904 59.05419623971755 46.80694163187672 57.35148510493996 82.3547647042351
39.70080728801329 6.207756490312593 18.1703390047438 18.533934568012953 77.71508278354518 37.708914259386916 23.767298949409273 8.690024554811524 21.553811498965604 65.51507894144773 55.408615952552324 50.044097577082894 34.74878050797898 31.796369135032016 0.0 76.33084381934654 15.661103651582708 77.35362780344168 14.80377986781255 40.80302968148334 34.85960285141618 45.729764598037484 28.452263923146457 24.398042987106273 83.21561536718454 29.891791711355513 23.64351217574605 29.273026410668987 37.36216328051494 68.84641840290072 27.826999181980632 85.91232326041037 45.32983805449641 77.07579225773941 60.138805996735364 23.956793297893356 18.949126310619977 70.10604309004185 27.706061868373872 36.79673759761239 123.98913297905791 97.41706958585787 77.4701473228678 70.05654815082376 78.79704363414432 110.32971379257917 79.49120718344848 53.477822167099944 42.375961104336604 55.91409363650904 102.71544875757677 68.64097471566845 35.602719244358035 14.77748411063311 39.54800459065814 102.50293207175558 68.32548597294257 34.99634308547814 13.265258051570513 39.01334590788524 109.73518694964137 78.6715982716039 52.26328700111546 40.84732104613141 54.775704289454865
80.92395594907968 82.5382758494309 62.282676501653484 57.896403947250995 17.328944470340325 91.08154988265474 67.80927415183452 73.39315735163073 58.2734422896328 33.25194894306633 33.752798926882164 29.8748771193042 90.33809972687031 45.85260207865732 76.33084381934654 0.0 61.92228336564274 16.754585320651064 77.86179643643025 44.8828606314941 46.67270069697859 101.12883754502003 51.33715161782313 52.13972823099924 12.735597910676848 89.84230508936986 76.36696457010476 57.814395246169894 41.131034686563346 38.6409247440744 49.122620974306535 10.4089029381 93.07784121877752 1.8980236643432116 31.651052962142224 52.49112324924541 74.73832341033143 6.227032518231082 98.90787232314504 39.74578352635632 52.19811866880044 41.77671047755679 56.22067031010827 83.49283973768546 114.78747792803495 34.00222930367653 13.827167223233701 40.26264257241199 73.79580677825417 108.00654001820944 34.591649373242404 15.206914925720342 40.752526374165626 74.0617083198678 108.18666720782032 53.34728780783781 43.19109137592936 57.26976124023564 84.19619142664725 115.29522829497861 78.12880649335914 71.3705648858524 80.48701161543318 101.27840304173165 128.18434061967872
45.73386368512461 21.564318426613806 4.858625393696512 8.13588136968926 65.23499975577893 47.72701049453973 26.345135239243028 17.61466699902501 16.34306419304688 49.933647812369315 45.497517642698185 38.048118155542234 45.212431254935105 16.42741505889769 15.661103651582708 61.92228336564274 0.0 64.8081932869935 17.44074041281411 32.76138422294792 19.245915471424944 57.06583284288564 12.818738351802745 12.589041979925245 69.83071496085807 41.39607937639789 30.920129644961428 15.685408417552962 26.081933844985663 53.47252119718832 16.347180525453783 71.8253035231641 54.292704255990024 62.82334304493159 50.02429723610351 9.884730516989597 26.342802146759773 55.70926349389024 42.73356234758609 23.565856525958253 111.21750079266329 87.00443579151145 71.86772593205345 71.79782054191011 86.83111688317408 95.86699638889846 66.48407160052251 45.21728053630321 45.43008964313469 66.9178865045092 87.15999800947547 53.30253372404492 21.91587272629958 22.678213795616255 54.25078628199409 87.11243576226462 53.22544015778181 21.729454259096727 22.499812704716543 54.17715983729495 95.73721901806522 66.29852474885188 44.94656875490412 45.16319389730405 66.73870319661637
73.48034816234208 83.43809136854452 66.39030688170658 59.018257088845125 0.6314701293169925 84.85780892535057 63.896220168710634 72.67177699884586 56.9284521372001 48.052535628575775 25.28251984190566 27.319938384119382 84.67402213012264 50.43994506367197 77.35362780344168 16.754585320651064 64.8081932869935 0.0 81.94478377295022 39.73814672277545 53.48700183912019 94.42086037340356 56.62232466198692 53.17244237018082 8.902387035386697 85.19911648682992 72.20083071344811 64.6982527208125 40.021834029723074 53.94062242260377 49.57925475490794 16.12521257495009 85.46854593694347 15.059273298518576 21.376324548659206 54.92534067429653 71.61629654347585 17.741648173283217 96.42036610741349 41.24512467080772 46.6356615876487 26.698997305093055 40.56634894183035 70.52135534510312 103.4201872767943 38.37507641376323 4.12814617285485 30.923955866226965 65.5011057657595 100.09671833374604 48.747113872980734 30.205705896324282 42.93396079910398 71.8964677462989 104.35380166339765 69.89804935252296 58.29935255776012 65.62529716910146 87.23148893793613 115.35498952311937 94.87292589023907 86.46495805597122 91.35761432073876 107.75410077572802 131.4168428540691
54.4080460230013 15.948607382808772 15.668159677774664 24.82330685854419 82.39148721224097 52.32007634687863 37.39481948741279 23.075818611994272 31.48289231519067 60.69228976925925 62.88597043903622 55.429419630885214 49.298063266793484 32.08959171153623 14.80377986781255 77.86179643643025 17.44074041281411 81.94478377295022 0.0 49.67385150350605 31.973694871737397 59.87223320430868 26.576825732361712 29.955935137310288 86.56054908103772 44.22653843855623 38.34970215013675 22.478371559026176 43.51600746141001 62.7956240234119 33.73452983302395 88.01587262516338 60.052253596192145 78.92296560585918 67.44064683089655 27.208518786810256 33.58464856988284 71.72733476668834 39.000776741692604 40.80967757976403 128.1322655315493 104.444012536609 88.28330678816391 84.10736580470669 93.53540469356354 111.50446301677326 83.42989259450623 62.310843819520606 56.564371401479804 70.08000815053224 100.14723293476558 67.66731568805744 39.026934301591815 29.362837577899697 50.95183511382079 95.95146772199115 61.34854953627939 26.748071184464578 7.882163640544417 42.469425530688795 99.82454652801766 67.19323314734477 38.206818100674425 28.274214325355018 50.33826894026303
36.21756116563373 46.382919138145574 36.441031251076396 24.880738875272627 39.941253019239504 46.23492887511405 24.160343900481454 34.45116577741914 19.249259294538486 53.152757940837404 15.17204736810426 15.146086007711729 45.62945353341891 26.882508112410164 40.80302968148334 44.8828606314941 32.76138422294792 39.73814672277545 49.67385150350605 0.0 33.83273740696481 56.24796798460497 32.01764883602295 20.441214294823723 47.31752155910196 45.64854563419894 32.48786005792654 41.32173979509506 10.306683366629226 59.087560877807874 17.006483241422686 52.16899125764591 48.3364825043069 44.81672799186579 19.869734461304105 24.533931167109902 31.96016655042705 39.44352579998438 56.776499681898066 16.61576163058449 85.4767773954649 56.81208417635352 39.29085603901521 47.48425901132202 73.21586825943064 76.8050984146511 42.81686810796702 12.743523420375807 29.7718445228656 63.28649307666629 77.98329588229149 44.87739027102742 18.477405300073595 32.614375419679554 64.65933103330717 88.6193146437895 61.39780478243258 45.61592287159259 52.78966651320948 76.7300452578409 105.90036490785438 84.26336276456004 73.3518304871223 77.816563041877 95.52535604336784
59.56287378627466 40.58755735420372 17.355198613942267 20.734937358902044 54.02069669149451 64.21884312783664 40.20754018058436 36.087687967679265 27.594257382655 30.689568246252783 40.90621346726114 30.635171937543962 62.08345816813577 7.202735881596175 34.85960285141618 46.67270069697859 19.245915471424944 53.48700183912019 31.973694871737397 33.83273740696481 0.0 74.10792158566365 6.432303256508839 18.415976280538004 56.586537536357596 59.001017947581715 46.953693554975835 11.287746411018718 23.699117758396664 34.41835693251051 19.344108615465736 57.02124692280221 69.79660792253445 47.91752760195976 44.47954523102401 14.572834518122189 42.997743567458926 40.72946367343655 61.87846810352948 17.670279052101343 98.19178370338838 78.54521219523178 71.35705053865989 80.05661307015497 100.60342072493265 79.84224464598577 54.15265778439706 43.41720965384175 56.854333849990404 83.51403411897086 68.56714441074101 35.700800410085485 15.572115023527978 40.06599732749125 73.23200991697537 67.98330515129541 34.57681013505409 12.81534697827259 39.08659279727171 72.70585708216669 78.33018603943152 51.918598016770225 40.62370796894152 54.770909547514215 82.12333085150107
21.07555897979369 44.13193323544949 61.3847415910203 53.376582471753856 94.48875803013316 10.258935013063166 35.04508845285434 39.72077880803947 47.38711050692976 103.0588053140676 69.2229907070134 71.30423585687353 12.02568416370566 68.1538666940202 45.729764598037484 101.12883754502003 57.06583284288564 94.42086037340356 59.87223320430868 56.24796798460497 74.10792158566365 0.0 68.19281758791561 56.5179870870789 102.70162971474252 15.895159768543792 27.26515015914525 72.72096586717208 61.60025295159875 107.83586219419443 57.375293838361046 108.14746881400612 10.179213780841865 101.0537191413127 73.07339910307918 59.63918450435914 31.13118068640928 95.60835219049568 25.608461389998453 65.6498539771228 137.10493348770052 104.07695035253177 72.53337084775151 45.66177464354908 36.10726972018049 132.48488446544667 97.9691530408052 63.549338319196934 29.562391170530745 10.208068392605437 133.6865044333327 99.5733327800412 65.97319745781094 34.42272525026495 20.30350446839855 140.56050287786834 108.54802754080646 78.75852255377008 54.93584209976946 47.19957522507573 152.3405945656501 123.29365066710928 97.92720587770003 79.83042544790061 74.50370344354462
54.44157056945824 34.233435741917255 11.308716911076218 14.92208364083672 57.118950380613 58.421685542377766 34.883425516165005 29.75965465292935 22.522034335345513 37.12127633627445 41.30786387936804 31.835276032885364 56.184364585894514 6.310059845547334 28.452263923146457 51.33715161782313 12.818738351802745 56.62232466198692 26.576825732361712 32.01764883602295 6.432303256508839 68.19281758791561 0.0 13.841592807658307 60.49765903911887 52.915156932325566 41.188216059200094 9.409371214380771 22.569250430043958 40.79472123479457 15.80784457257435 61.5562688544377 64.27554421483958 52.446858013533806 45.30505663371043 9.415117288254097 37.06327937962006 45.24010225492836 55.45606850747949 17.430378707224687 102.1678593578472 80.77034309258389 70.74024019316427 76.67640618280905 95.65101865648023 84.92771142013842 57.688144159631655 42.871277162996854 52.37164743064894 77.73320476671746 74.6854470339511 41.329631472897816 15.271248220917544 33.95782313902503 66.8424014230203 74.39062064172883 40.7993945885552 13.786506128762756 33.322603392424575 66.52499557003291 84.14786986060837 56.54450421820186 41.334236107479555 51.1329478368472 76.9120198452492
41.15993333267705 30.582549162593306 16.00137766062782 5.875707675750903 53.560296646572304 46.430955508128996 21.955393090804705 21.56501702488538 9.279843643078374 46.6060358371707 32.931163303874726 26.00098100119846 44.53104734599884 11.758159113017957 24.398042987106273 52.13972823099924 12.589041979925245 53.17244237018082 29.955935137310288 20.441214294823723 18.415976280538004 56.5179870870789 13.841592807658307 0.0 58.83010693884968 42.056590179664695 29.256965826393657 22.18980855773085 13.629921627729829 51.32125379023126 3.782133933185943 61.57029195010298 51.60124861095187 52.80594919574739 37.49001570184122 4.59694870611123 25.81945850682057 45.933065174272166 47.75834914873185 12.431820983636213 99.78026914492239 74.59122380951608 59.719227471992795 62.95798990845561 82.19378175702673 86.09553540601675 55.168469706168956 32.70343621710159 38.60447239979479 65.61959841560308 80.35246597852812 45.78668193773767 11.453207139262943 23.680918933936876 58.18290252479156 84.19257396496496 52.177443412109604 27.412110209090212 34.28124948656053 63.19672809335922 96.47806608926045 70.1549727184572 54.13152992922047 57.736680225450655 78.30469545207563
81.86010792671398 89.37907162292946 70.89549460897274 64.70507534035106 9.10217006629764 93.00903450234878 71.35271426694099 79.15067956770413 63.505662489183365 45.97844565474251 33.484804832990875 33.74052693423204 92.69272477010853 54.55980770072526 83.21561536718454 12.735597910676848 69.83071496085807 8.902387035386697 86.56054908103772 47.31752155910196 56.586537536357596 102.70162971474252 60.49765903911887 58.83010693884968 0.0 92.95870796254934 79.77660280869473 67.87164696160806 46.28033155198662 51.36463188260346 55.41320854186085 7.619546721488559 93.91118440206748 10.851168537998873 29.90146815267862 60.03903056697184 78.88121365067627 16.759819564806048 103.59077168159608 46.5267173336264 41.67216667367045 29.3929179740218 48.84829205320781 79.39272953799602 112.31693205978513 29.808001065363314 4.865241524726461 39.416730297091426 74.01716749627461 108.61978616102861 40.620303509098825 27.89582872919423 47.97066823028055 78.86084140345788 111.94516134750887 63.41137521352833 55.92334562521249 68.0340499478675 92.32895864647372 121.71866964796386 89.45033411539272 84.0908220939241 92.38985919929584 111.33382881520461 136.56233896106392
18.010732775686147 28.7383933015018 45.60926280472422 38.32160708180064 85.35685600130587 8.758784073650636 22.05920004176087 23.907847539706207 33.30274769076519 88.61741095471783 60.01601125141623 60.07316358441502 5.601771455461297 53.4189317114555 29.891791711355513 89.84230508936986 41.39607937639789 85.19911648682992 44.22653843855623 45.64854563419894 59.001017947581715 15.895159768543792 52.915156932325566 42.056590179664695 92.95870796254934 0.0 13.514825363494356 56.99259769679387 49.08409150723747 93.1134983920735 43.43538911697159 97.71191536168529 16.905499818645804 89.99219292159664 64.33529011474799 44.7467073539565 16.23713186859948 84.01778589493568 15.870467393868891 52.29641423909136 129.88314433366645 98.40108101418309 69.93372284803611 49.9348548001855 49.91057145903644 122.42181558873803 88.4169664560844 55.162179971060596 25.749162277184936 26.038812068117036 121.1397166940096 86.6496541000084 52.31010620599167 18.957450452582094 19.42358630177721 126.22535085650826 93.56601071364007 63.01735187782808 39.78195609228708 39.86038810604214 136.9709947759997 107.50253754598566 82.1420296308068 65.82253240953838 65.67095098685556
16.06193903120095 25.40955570881253 35.577240843958684 26.279977538619843 72.38759269820537 17.265527470752737 8.558201106661883 15.358394536342889 20.185490564591504 75.83087228403065 47.20475194804715 46.65367009088496 15.27651779868551 40.89364753245422 23.64351217574605 76.36696457010476 30.920129644961428 72.20083071344811 38.34970215013675 32.48786005792654 46.953693554975835 27.26515015914525 41.188216059200094 29.256965826393657 79.77660280869473 13.514825363494356 0.0 46.537723923508764 35.57078196790923 80.57116409366233 30.264574750282563 84.35750121645549 23.374962440447383 76.54390018784339 51.669060720583566 32.426245420812506 4.835789262895118 70.51935634315062 25.05070081762291 38.91252597287191 117.44914129540571 86.84874057450462 60.71175874475222 47.15869510694969 56.18521480720035 109.10896787855303 75.30301799487658 42.79216317173529 19.663188987058952 36.564461378699484 107.66306308179385 73.21198579217534 39.032135807422954 9.04839424276631 32.17285038201027 113.3755864724339 81.3085028649152 52.563776447259414 36.18919006728251 47.44674160028439 125.27074608389835 97.07577385918707 74.49447368909587 63.795940678280964 70.60589339393891
60.96447296365044 34.125656392550205 11.435323818410494 21.38880714571103 65.22413025154626 63.41167424916803 41.3660447233193 33.10668711957295 29.82844736499601 38.219768190562924 50.61791400654222 40.89992826109506 60.89252044608207 15.433097123129324 29.273026410668987 57.814395246169894 15.685408417552962 64.6982527208125 22.478371559026176 41.32173979509506 11.287746411018718 72.72096586717208 9.409371214380771 22.18980855773085 67.87164696160806 56.99259769679387 46.537723923508764 0.0 31.97767041843471 40.549352840142184 24.748585885938255 68.19197559912631 69.90973706675267 59.10383476239139 54.52612576576551 17.594567442053403 42.01079550756824 51.93461438126844 56.97843330394473 26.753447798684157 109.46402721379775 89.47344938674827 80.14581540846271 85.06429334801165 102.19219622888966 90.6813552985194 65.42755899072142 52.280244027357064 59.837141641421994 82.598694225796 77.80899560830038 46.17163555808431 24.58135558179628 38.36025461509932 68.80129508737832 73.99927060544452 39.481448262358896 6.044137193087513 30.151825196641642 64.62652444415413 80.54873072598973 50.613168448632386 32.09551734637934 43.51305852078541 71.77384554659116
42.99479541655254 43.421562722297956 28.892470323059275 19.274350699527336 40.37083672900638 51.35596356602859 27.05839998919275 32.87119369021905 17.29832001993477 43.92675577564884 19.509020326461584 12.702915712515022 50.177902323780195 16.959586377286573 37.36216328051494 41.131034686563346 26.081933844985663 40.021834029723074 43.51600746141001 10.306683366629226 23.699117758396664 61.60025295159875 22.569250430043958 13.629921627729829 46.28033155198662 49.08409150723747 35.57078196790923 31.97767041843471 0.0 49.64497111493838 9.8629784173854 49.81050931247276 54.76260436885898 41.49044124937387 23.960357539230593 16.605275490279645 33.63970208593304 35.13081143621714 57.83015934125875 6.3120014235561435 86.64757655255329 60.96605893799118 48.1739254938016 57.61425854952615 81.93221231097684 74.59369700545133 42.32174010361779 20.319600578143298 37.80858473708051 69.57685262941544 72.19479009846249 37.97673186435967 8.199379980473745 32.970907240740274 67.09534141596929 80.32077504388114 51.67385975013076 35.82984751841103 47.87689922229762 75.46818070601132 96.34400007495992 73.99274375640907 63.73743494721728 71.02654297303886 91.7706582028298
91.55824848106805 74.24028561395377 50.752059613668195 54.82096884502148 54.5698308653779 97.74700676232227 73.106403628114 70.5025930194169 60.51480449566048 6.3605080996877605 57.493504350078744 47.39428604958338 95.83763315843468 39.71794891215599 68.84641840290072 38.6409247440744 53.47252119718832 53.94062242260377 62.7956240234119 59.087560877807874 34.41835693251051 107.83586219419443 40.79472123479457 51.32125379023126 51.36463188260346 93.1134983920735 80.57116409366233 40.549352840142184 49.64497111493838 0.0 50.77937655130847 47.131675566105514 102.6355325420071 40.53561980818287 58.54524546168398 48.3671282858137 76.94409605091587 36.19968634567558 96.20483356693197 43.93837089470403 87.19331195377977 80.20068294545985 87.50059059987231 106.18514528486436 131.48743176414473 61.95282317539433 51.98236126063452 62.93632299514043 87.26165772259348 116.88889745975729 41.00598582907878 23.77583979444211 42.94104758165681 74.27933697948689 107.6371198129898 33.65727575239081 4.6524909240164 36.12939458887693 70.5965626340937 105.15355523688326 46.820375501497814 32.73014339815446 48.427372248087984 77.54993133336953 109.89816507553476
40.93978385659532 33.971305756955076 19.572269740577042 9.4629012996635 49.955765742538475 47.180311975475455 22.395800719682644 24.2850601362635 10.132642216882472 45.751405458444665 29.156190304196024 22.33470448341194 45.48978414303165 12.21544050130029 27.826999181980632 49.122620974306535 16.347180525453783 49.57925475490794 33.73452983302395 17.006483241422686 19.344108615465736 57.375293838361046 15.80784457257435 3.782133933185943 55.41320854186085 43.43538911697159 30.264574750282563 24.748585885938255 9.8629784173854 50.77937655130847 0.0 58.373803324282484 51.85627796390285 49.710485101625146 33.708780659279505 7.529476564145127 27.286408389119785 42.94769307727474 50.17655275075504 9.435462574756942 96.2077953500225 70.81454685213022 56.28724579473732 60.96393907112812 81.6072516954122 82.99832088000997 51.66458328214229 29.061598083877534 37.61333834672405 66.17997718964645 78.16759032205843 43.56412045527364 8.963672227597526 25.64598726982403 60.24898605588435 83.18856374706291 51.966860403278716 29.590722090413383 38.01980930455322 66.40963617769492 96.53584731409042 71.25551962832915 56.835912540118784 61.46613252896996 81.9795252399784
87.51089169024904 92.11554149511447 72.39136295636033 67.39729371804276 16.432570104207834 98.28777237640583 75.84082819731478 82.51087929836349 67.10181170436465 42.26904210655213 39.2486967417363 37.754411304274555 97.78773749110982 55.94421272857367 85.91232326041037 10.4089029381 71.8253035231641 16.12521257495009 88.01587262516338 52.16899125764591 57.02124692280221 108.14746881400612 61.5562688544377 61.57029195010298 7.619546721488559 97.71191536168529 84.35750121645549 68.19197559912631 49.81050931247276 47.131675566105514 58.373803324282484 0.0 99.63200274087784 9.114814092436358 36.120507550799495 62.24467436510443 83.10235824479207 16.322978821825078 107.59183851205107 49.13919268890902 41.87615164492736 35.66288142004218 56.43493289673086 86.56092476280757 119.14494216881138 24.807581312530683 12.003516012173318 45.47094071821222 79.91234103690736 114.4517880909942 33.00317308371105 24.76958259850969 50.32593266961656 82.74485642197118 116.42837934696252 56.34682904242089 51.77024035891329 67.67683622857761 94.20697568363394 124.7579981456738 82.90093197140679 79.64824609240264 90.60824010023856 111.67181705724437 138.2970272740769
12.155213934202974 45.118167834194054 58.92622162049588 49.36651551122865 85.50272719019611 8.147170195152368 29.645860902178107 37.99483226270182 42.321411940147165 97.5220887121178 60.46106083668586 63.48256831617717 11.311585300385266 63.35919741682608 45.32983805449641 93.07784121877752 54.292704255990024 85.46854593694347 60.052253596192145 48.3364825043069 69.79660792253445 10.179213780841865 64.27554421483958 51.60124861095187 93.91118440206748 16.905499818645804 23.374962440447383 69.90973706675267 54.76260436885898 102.6355325420071 51.85627796390285 99.63200274087784 0.0 92.88262692516085 64.09318536205159 55.22786304240376 28.00517197536867 87.76414237137767 31.123490062767726 59.403620560628625 127.43033003455348 94.16434795864885 62.37143893347711 36.17049789616562 33.4850712587551 123.71878020043738 89.12545993381113 54.54551243173135 20.048254995668966 14.950130909464585 126.26652574986652 92.59798710904482 60.003175569257465 31.95648777302164 28.92914298997286 134.71877851142767 103.73045307085313 75.93197429537517 56.26831048295553 54.41857245748909 148.0673871880511 120.41628094338034 97.31874800301979 82.68328213648252 81.22093335749875
80.72771018750068 83.28312617339756 63.31014349335089 58.59735563243973 15.61924539315941 91.04938901586002 67.9916042144352 73.94489828926733 58.708110133830665 35.128451535616534 33.201578566025184 29.934628035870244 90.37052008334717 46.86503958990888 77.07579225773941 1.8980236643432116 62.82334304493159 15.059273298518576 78.92296560585918 44.81672799186579 47.91752760195976 101.0537191413127 52.446858013533806 52.80594919574739 10.851168537998873 89.99219292159664 76.54390018784339 59.10383476239139 41.49044124937387 40.53561980818287 49.710485101625146 9.114814092436358 92.88262692516085 0.0 30.86956890166399 53.30908721740457 75.02910298854933 7.208672706211447 99.31502010372654 40.383678878224494 50.68354354716905 39.88610051284339 54.84344780222539 82.58044468400408 114.13185026569197 33.29328638037442 11.99664709771174 39.67679389002776 73.48080166535253 107.79360028064019 35.45404871072698 17.06175438097694 41.473681607117825 74.45722248634013 108.4552377958066 54.90403521954777 45.08263932853466 58.696254463598734 85.16378831711116 115.99700868872779 79.87949284826806 73.26556340693006 82.15656497877795 102.59779987695849 129.21944470106604
