0.0 37.728791594599706 69.08110220533005 54.59556830695561 59.66142548035946 18.642289748554976 17.879273810204836 75.91089932323318 37.95099608478849 40.38311066607187 13.864773916205285 54.390182019788185 55.48481248553875 92.85037685077036 45.92334904884704 41.66778180571558 68.27137004486033 49.802210671914764 48.56588628444438 15.083044328145965 15.461674711887047 8.042110730252485 67.59377384705743 56.266026978142165 44.98285424394417 18.753479581802335 18.231045376550696 84.85877742154521 7.140002991988925 30.64225346298941 33.36886138526007 56.86664396346376 54.14949541717146 31.795600671307753 39.14173506574544 50.455376779544984 61.02612780972204 45.63044465577289 57.73778614213167 32.318613666245234 128.8768234132339 113.91304534212905 99.7086938105208 86.63810235962399 75.29404609119563 66.56516664629233 61.57389773511731 61.24103029698212 65.63747511353222 73.92420391540011 122.76639634768226 106.98401646627786 91.75115397443352 77.39296803760965 64.49629072750221 54.11630349205324 47.91742751770067 47.56351738974413 53.17141415609332 63.17288303122234 118.02183290668538 101.5301891009276 85.35990729228111 69.73490134104232 55.12084338335714 42.57189805243702 34.42577305730524 34.00896081540983 41.55470128928366 53.811571256144745 114.81265996004245 97.79875649019802 80.90709756584053 64.23419559435258 48.008510833470226 32.8985428696039 21.413148184288865 20.819305682858403 31.734458319082293 46.684258398518146 113.2695029888825 95.99084781959546 78.72241664967319 61.47282620372668 44.264108485931224 27.17402618144394 10.782279816507 9.633321205604807 25.846811353366846 42.91885246717296 113.46038226791953 96.21498119768238 78.99430437194717 61.81901724717104 44.74142283692947 27.94122752162364 12.583430662443154 11.605451862784896 26.64101260320119 43.399468268491916 115.37668905962202 98.45727691898759 81.69823462341611 65.22330001828936 49.318022592548914 34.77307869770947 24.18217968543379 23.645291055915234 33.6471830389815 47.99872109071183 118.93502481866143 102.58545178425351 86.60667926197958 71.24862141706072 57.01510677938834 44.98650836199088 37.357149978606515 36.959904773509514 43.991131533909304 55.7055825998467 123.99405491252986 108.38417467500875 93.37255651898974 79.29968869261833 66.7618773540648 56.785184990391066 50.898600438088245 50.55174719439268 55.847937186131404 65.4309281388292 130.3791369473708 115.60225359357257 101.6254707223412 88.82727701903045 77.79156487452654 69.36471414874399 64.57625842976458 64.24497114410426 68.43561253106844 76.4077442950977
37.728791594599706 0.0 32.17525275130043 22.925113665858103 22.627294496493338 31.15917234079043 52.128642209636624 40.429027737945084 28.63284661669723 9.899518479474722 50.63869017732125 17.626118804062124 43.16991878440818 61.37995634012194 11.279210276619944 12.741233451950645 38.15438116890355 21.664568525559126 26.37634059889293 43.62825414721581 45.00991106710476 45.171280120761864 30.99147629281897 18.54956000006279 52.72948989932038 28.585763436202868 48.58046319345035 51.929199773552895 43.898241174376444 65.35188866265077 40.66232397614277 20.017004759005335 35.76550887293916 17.569884967273023 23.784602842910168 20.470752498884934 32.77647175472569 30.61977015018054 33.88450936490895 9.434885936490204 91.76383886171972 76.36737993412596 61.98433481077518 49.50601230733434 40.72271105930942 38.26930344712938 43.23709547961035 53.60093015559379 66.8982768862814 81.70927509056528 86.78034409386225 70.32976483266303 54.409872713227024 39.66488879174685 28.015768489067334 24.396186017616817 31.68872397851314 44.85406658890684 60.152390465424105 76.31149058148871 83.90185194542134 66.76239588399373 49.73557416748158 32.99621585388072 17.395007125563023 10.730115304164471 22.9433555807255 39.19659226878154 56.08084534830229 73.16052674619189 83.34678791809024 66.06669934465477 48.80209016033402 31.578359384649776 14.541495608220556 4.942766766843915 20.883494147022418 38.033186139942345 55.27784098362788 72.54977391663193 85.1606031926035 68.33045380873727 51.81202143626592 36.03654088520436 22.61616808182893 17.97392290313178 27.080340035537997 41.74134394622677 57.879589135576296 74.54170610210957 89.19888022905783 73.2798718489332 58.15623511425149 44.64375015182855 34.679819104597755 31.796602951082107 37.657227007993406 49.23228831992476 63.46871954777478 78.93951601895526 95.1788458305188 80.42054984536765 66.8926031799969 55.50206538613533 47.802108147679434 45.69799999982061 49.90266770434312 59.08425055292967 71.34650980991835 85.37214791613646 102.76200643624257 89.22785929830393 77.21326275415412 67.53414823405284 61.30685583904486 59.62294969884757 62.84869013352291 70.31156188655125 80.84658175149333 93.42012625312123 111.62199879284078 99.25903664749742 88.56595919335334 80.21339620028539 74.98757072337972 73.55793381465384 76.13862700561958 82.35349688114218 91.46471125837274 102.70431048870967 121.47965881721699 110.18018983646641 100.60177404859505 93.27612575075655 88.76277549156076 87.49800555276737 89.61946007086962 94.90031746981751 102.85508676183638 112.92007560017278
69.08110220533005 32.17525275130043 0.0 32.88813635665276 19.074285303835975 62.997800564570255 81.34149314781983 28.93265851872231 55.013361966639515 35.15025521676604 81.05375205951572 22.037655160218893 62.52362678187876 53.10548061822806 23.29431415537627 36.34540024541127 21.403679401601746 37.70717384691224 45.248522655184644 75.79172446987654 73.36978000796577 75.98004643845898 2.13391979423662 15.063379531444351 80.30181682020606 60.47129871270705 76.68194518337286 43.06407484610479 74.61904497155724 93.98298222741522 69.95767102665529 20.75319257660995 53.13593070830489 47.09322307453467 49.20694112426339 35.193381841947975 23.60832103624385 52.84619367388458 46.85568616016894 36.95652410341571 65.87867578757813 48.96412309191043 32.46049413169669 17.566869694883113 12.736524053840112 24.79024166009732 40.811836771333326 57.57923985446827 74.59118316704856 91.7116854755117 64.80165027478375 47.51192718989514 30.236172954013085 13.030067810926818 4.904361533880854 21.841163879197506 39.09902428176768 56.38390322263525 73.67678717274252 90.9731112814081 66.77559114204827 50.15895394404112 34.22826429509485 20.638309525505868 16.7038286334858 27.033466102138984 42.20558038341567 58.57069291906882 75.3555137334469 92.33143104332134 71.54839832209653 56.33022247851663 42.72848889938869 32.81863342607526 30.448493780510386 37.092694486539685 49.22737381016252 63.79270975100991 79.46316404217076 95.69737822320451 78.61186714164766 65.0299450374665 53.634558442581806 46.07756481074851 44.3657763407904 49.11421641075264 58.77749917111597 71.3868795769025 85.65093551291363 100.8701290974116 87.41236473433983 75.3876975663682 65.76005878720035 59.700608629110434 58.33212632377923 61.966185972866576 69.82604383986151 80.6860678443949 93.50670372410742 107.58932423541037 97.48045972571487 86.81190455411391 78.54210000407467 73.48540080107881 72.31897915514392 75.22402088783782 81.76771886424471 91.16992012153577 102.64812116272911 115.58549726290295 108.46360989854378 98.93367865441603 91.7064223493569 87.35525202751487 86.31621656671479 88.70578029073262 94.26355976954831 102.47535787858324 112.76283196228793 124.61296320633281 120.11092034950661 111.52565080518522 105.10933618863257 101.27506350216608 100.31933307176575 102.32283643399033 107.11965875118298 114.35883827974338 123.61201665001697 134.46405316169503 132.2468812879625 124.44501986638303 118.66986854390822 115.22656726351607 114.32600438819492 116.02740248952908 120.220340834563 126.65761700141177 135.01860208784151 144.97083584234667
54.59556830695561 22.925113665858103 32.88813635665276 0.0 13.856230230341794 40.91264426602912 71.29411231435367 22.171368443951746 25.652931750213597 14.950625118284712 68.413948426229 11.78982342308524 29.651079996549836 39.142300552296554 27.637209575233765 13.047592482392401 49.382719622484714 6.160389819429814 13.068397887752726 54.87102232097436 65.23447686508977 62.61332354347372 33.1774931694 19.83215374141592 49.72661119105425 38.97710017009197 68.84061036974029 30.410839209450565 61.56972640220271 84.59526281453462 41.71852988063546 12.281642806505523 20.248407521968293 23.516121958906158 20.258271809404356 4.3559495628032625 46.93578493419482 21.106735118839804 14.393023404729297 32.33950949746054 75.99202447449744 62.82300457403031 52.12845497550689 45.680690965946326 45.32967053429812 51.20094070426487 61.53858482149702 74.50612262846552 88.96083964710245 104.28616143272359 68.55749759978096 53.63756796245207 40.65164091714809 32.044221229267606 31.61988791497346 39.64229435783994 52.36329520531424 67.16417839978281 82.93882099445601 99.22387912266039 63.45325119038104 46.97079639550897 31.38325338934743 19.033489550293403 18.39432269804941 30.2182187177997 45.679783595416396 62.11969710201427 78.92897540586243 95.91361634831387 61.264600025871474 43.983411991115304 26.729074370098793 9.646754647912857 8.389869250742052 25.42505671782793 42.67541077034522 59.95549542771501 77.24536071376502 94.53964059518663 62.29962084056182 45.40756572376964 29.00283170060282 14.805216039324085 13.997769497853787 27.773974031195706 44.10853284432642 60.979050988743445 78.03870579975495 95.18585766752315 66.40773964982978 50.87409341060702 36.94684386109038 27.21535519284074 26.73933883440055 35.88898605953823 49.59593527192628 65.04002357479384 81.23646307948148 97.81222621218784 73.07242342714062 59.2748857675586 47.81371141757236 40.71235458563157 40.342862218175235 46.8647324506448 57.99797981835874 71.62355812082015 86.57256142776399 102.266263281998 81.67008661274879 69.55465420791356 60.036624331130064 54.49442232734073 54.16260087191872 59.128944404096984 68.24643773933127 80.11004884747996 93.68224513113162 108.32269218945088 91.65828313603522 81.0010369775243 72.93686452353849 68.38929384774818 68.06684883981814 72.02629659021574 79.63146351429175 89.96245691123227 102.19593150583498 115.73013552841692 102.63170976317099 93.1849863878942 86.21076677103036 82.33973346281707 82.01248616374987 85.26983550682414 91.73070689990587 100.78085685970275 111.79320377310928 124.24709448932249
59.66142548035946 22.627294496493338 19.074285303835975 13.856230230341794 0.0 49.35903328123962 74.71245381755529 18.504716123107592 37.66436974968176 20.269001357539505 72.95964927006327 5.300203221705459 43.506273059473855 41.792394298657506 20.968331168721026 20.316240990704127 37.01304198477685 19.0742853038358 26.55806167642866 63.071574400180225 67.63456175405808 67.36523013255271 19.50179528438793 8.3630807620325 62.61046703876243 47.05179589431925 71.20076952352429 31.668844573891352 66.14661648128002 87.96149388759915 53.37560657955837 2.848093182689773 34.094499977639984 32.03385387068081 31.893037323869073 16.59188056436446 35.836367159576966 34.41025230411977 27.8143553213885 31.101297771794517 69.28345951935901 54.33585218187284 41.27082304434012 32.44820134166504 31.641738874723057 39.347457870621525 51.9033156539807 66.62127921281972 82.35013324231778 98.60731706619586 64.1928643740458 47.70764369893362 32.094032423448176 19.563915411820087 18.280560014497716 29.73757188820817 45.09079405290631 61.48779109687998 78.27534361942213 95.24716585066511 61.984067300790336 44.70564820398886 27.456855801887784 10.386358683883365 7.783799194018535 24.738879927619738 41.97797514472808 59.25371027561769 76.54127992527384 93.83414331024062 62.96113105263652 46.0447166912083 29.577708219313187 15.108894348526047 13.432405963259654 27.042436060527816 43.36899979028178 60.24250919508314 77.30564443821586 94.4556953627405 66.98477714550428 51.38657795452263 37.32172110787255 27.275479592572214 26.338245111421546 35.244360855161126 48.880847339284365 64.30567586975711 80.49728634813917 97.07273931221374 73.556686872284 59.665575727051014 48.042498386608706 40.68031903614064 40.005012734082214 46.31003899962743 57.33711155717806 70.91667640610228 85.84585956421596 101.5310504084224 82.06685263171794 69.8448595659209 60.16926201336392 54.41576381343249 53.856384843150465 58.6399573854205 67.64228405883605 79.4418791306775 92.97981126715099 107.60194246740373 91.97873581672097 81.21288084250132 73.00457123643704 68.2824579431253 67.77914088346998 71.58366468595223 79.0766804788029 89.3348362940221 101.52337558360342 115.03029965040614 102.88790121765733 93.33616249904286 86.23247183199217 82.21386818541015 81.73666252987962 84.86062005916968 91.21649317832097 100.19108430361918 111.15187391504958 123.57146001274377 114.50954161245586 105.95563147067851 99.69666644253033 96.18172123159881 95.713585444356 98.33578249251883 103.81440429080152 111.73004832021786 121.60775302510352 133.01111318894868
18.642289748554976 31.15917234079043 62.997800564570255 40.91264426602912 49.35903328123962 0.0 36.335741841964705 63.0569317188829 19.955766043804633 29.106497824972482 31.395779720643183 44.16273273031305 36.925085870741775 77.07019204725317 41.95917669116389 29.24809010525788 68.02008271015978 35.25054290469622 32.183657145701616 13.963143027304081 33.753344490640906 25.876762143339516 61.975724798013694 48.431698908120644 28.828419785452922 2.592758382378409 36.76930287641742 69.98987932492236 25.3867932190872 48.51128619738571 15.952419499848794 46.525488156989375 36.363045339073764 17.57762725674524 22.41958209175334 36.55962944238346 61.64246652253245 27.853598876350475 40.927157790224705 30.683668803319737 116.85703813178736 103.12332381048135 90.61988855593889 79.92621738806942 71.85490927095074 67.355381991864 67.14952506831126 71.27455146987704 79.05540079048444 89.54408320700627 109.31753903832829 94.53563328820857 80.76105180178732 68.60327195191205 59.069198949863406 53.578274650338635 53.392814801029296 58.56324562548578 67.8764665541083 79.89665570759342 103.1610824144688 87.37769137891779 72.29259403687509 58.448982289812925 46.95800342055556 39.90652598585147 39.73303063954585 46.514544046748966 57.85497444851482 71.62052433067039 98.64704666788468 82.0247738830463 65.75407049585779 50.178108623154756 36.20494338191567 26.50403380021013 26.321858448828447 35.80401093230375 49.696324890137475 65.2398096134612 96.00744784287593 78.84546079039524 61.76160893020495 44.84527837477272 28.397440938400987 14.157800523819162 13.899100114075184 28.01142011352838 44.438804372477776 61.34890394954086 95.39804477430106 78.10568318250573 60.81876443613649 43.543771462266335 26.30421111278273 9.2992781903893 8.930576182271006 25.918089638729334 43.156148039227254 60.430724140407015 96.85717423353618 79.87326441205944 63.062482937069994 46.61252363461446 31.101289106093922 18.988555174761206 18.776381181897552 30.712407460990725 46.18077167937964 62.61619273662794 100.2945750846189 83.99002652408957 68.17885515864808 53.301941776962444 40.40478529768258 31.979764290418245 31.805234546831873 39.98936779291769 52.7772214097971 67.60495273505467 105.51704141674213 90.13460294233985 75.58671236239408 62.459261475955046 51.842756705705305 45.52897233683423 45.35203459366058 51.37538887500209 61.812279870681444 74.83842010579593 112.27568545872613 97.92593793933442 84.68675140288576 73.16350983417914 64.28568461053723 59.25450267401785 59.06132148249079 63.75013780524835 72.3782924075984 83.73679669068943
17.879273810204836 52.128642209636624 81.34149314781983 71.29411231435367 74.71245381755529 36.335741841964705 0.0 91.89465249817496 55.82938078841665 56.60724882583397 6.528630715429917 69.58173911803209 73.25828939032347 110.04174233187709 58.16650816983001 58.24854113080051 76.3106787781178 66.8978496085534 66.19840616266177 28.715171605142963 8.423087084472613 10.62633406225491 79.60762993077873 70.1277687307946 60.51635059981517 36.614456903160686 6.3350012091149654 101.70046663056479 10.952317969110187 13.326483275805213 50.08412612019383 72.02762193206195 72.01479873397508 49.22155145807501 56.90792746110756 67.31402686478246 68.80237426006936 63.50190381592409 75.42170405198435 44.748196331774814 143.88229118584434 128.276397971018 113.1647097519985 98.77431593284865 85.47032316056277 73.84228797355512 64.79882363365452 59.529726144073074 59.054091684887474 63.479759720174386 138.65356736112597 122.41039552330561 106.50118229717295 91.10105618428935 76.51801587901056 63.31915017936481 52.55783970257663 45.97871201411415 45.43634131755519 51.12322344837128 134.68778477021667 117.92057556254619 101.33328065726415 85.03125454657574 69.21635344444245 54.315759886269284 41.33048286048412 32.63318416241714 31.94290934378478 39.67975629693128 132.09879689625305 114.9683495886635 97.89822676700128 80.92661078061667 64.13175494345474 47.70073147477738 32.195492010030584 19.91109639781455 18.843193604677598 30.205831591753572 130.9683166888522 113.67362319119684 96.38152719941178 79.0937323935652 61.81384768300219 44.551078209066986 27.33786598446273 10.422706287747015 8.283733392575694 25.046381260779025 131.33402886275474 114.09285692470242 96.87335006407696 79.68955384196916 62.57089673274844 45.59081411726071 28.993803361130468 14.194084061847402 12.689227671944304 26.81928528150933 133.1836035264884 116.20749636161274 99.34386210725316 82.66156562548035 66.29763714138427 50.56213716882253 36.28213755211974 25.980147447273165 25.144649196002167 34.470994629919566 136.45669016398776 119.927862651693 103.65164140818037 87.76867248616435 72.53773880218543 58.47062346538726 46.63272074200317 39.10388800020123 38.50096164081584 45.102556639404646 141.0541832157128 125.11074081448763 109.58016633150868 94.6658796050425 80.7102545653773 68.30345632097946 58.440393751120205 52.57278403652967 52.069339770854306 57.07219279347819 146.8516832755317 131.58335625476482 116.88299707852937 102.99409191787423 90.29187967743277 79.34832514714854 70.9815643268868 66.1762861442661 65.71842834746847 69.69372571577085
75.91089932323318 40.429027737945084 28.93265851872231 22.171368443951746 18.504716123107592 63.0569317188829 91.89465249817496 0.0 47.145687043827785 35.52849360745675 89.57228621999265 22.900945179539878 45.65604827329591 24.50327125213074 39.36865509566079 34.39714549133364 50.18787607440973 28.096820257420625 33.51272409276499 77.01964332820319 85.20424155555638 83.8377908114094 30.536942150591855 26.098157512732065 69.54173508694635 61.07120598217524 88.80207633201506 14.280690188665076 82.70989971687996 105.2143569662024 63.11952107013379 20.6663767281663 36.91081276732896 45.571610741583605 42.11831000677585 26.526022748821276 51.07383855289106 41.22913997149939 29.132118159202193 49.33653761050125 53.82069242184832 41.092753940890276 32.85225429246993 32.689990666082906 40.70269105847304 53.32439705263592 68.03662450892551 83.74474264059072 99.98044937397958 116.52341947297833 46.859036965848404 31.47890362496895 19.615950142966234 19.425800501387926 31.123143298120624 46.461279264665414 62.828043034652055 79.59137899730747 96.54493424442855 113.60357892347828 43.56191106699851 26.346824875858978 9.454301338388579 9.128307295620084 25.999648495659088 43.21285685117543 60.47672130754154 77.75750890110922 95.04598943894125 112.33861123349946 44.74688175035817 28.254558550773073 13.894954852085853 13.65769016750088 27.905344828705076 44.38014283697664 61.31230647569656 78.40608274500447 95.57479655410089 112.78423072476117 50.09688461412428 36.10283344023772 26.378815165194787 26.21029891811888 35.73273320062028 49.65266606467747 65.21239794220892 81.47783143936073 98.09856145389226 114.92053373992673 58.47970708222149 47.004590124414676 39.9711520248392 39.80779628104708 46.586848406463346 57.9198963503036 71.67845206905679 86.71558532163581 102.46995234227843 118.65620791539313 68.79538757667736 59.29888613546118 53.83874265068445 53.661553199757705 58.815084304286884 68.09967518173065 80.09130505904302 93.75696400848369 108.46575137625663 123.84655792648306 80.3023461625423 72.27845576353857 67.81279353030406 67.61409761145406 71.71784196314364 79.46019724601823 89.90599794859557 102.22986558601035 115.83390607961759 130.31781768533253 92.55720430187728 85.6321140881628 81.83863998451558 81.61463203558553 84.98831958914384 91.56288498721734 100.71340766611371 111.80921337545662 124.3305716313609 137.88967699723426 105.29901715103968 99.20876588318862 95.89340086444777 95.64192761081966 98.47782080944587 104.14918603570098 112.22697357664234 122.23503233290641 133.7407250788936 146.39135508109126
37.95099608478849 28.63284661669723 55.013361966639515 25.652931750213597 37.66436974968176 19.955766043804633 55.82938078841665 47.145687043827785 0.0 20.689480751698834 51.22919464137359 33.308086805718474 18.284114545735193 57.985087826304024 39.46069356291334 18.856679488193944 66.11707944760626 19.49515819864894 13.821314164577645 32.66705544240485 52.166359486284165 45.59172621536537 54.62425212353669 40.02788319128359 25.30482759615311 19.24591547142494 55.47230248937344 51.765175637813456 44.96785879970236 68.33057032303066 16.070029526289343 35.156309672043285 16.40819879202566 11.888438543175756 5.817511400955137 21.639690288734336 61.26375678915267 7.924321399373278 21.5265369309267 33.98307081670718 100.54264586145293 88.19038599421773 77.74932181763135 70.07897131852741 66.15028129895546 66.62844383458007 71.42500722233248 79.76469207907286 90.6750950638083 103.34520764604277 91.81565818480676 78.14421573939984 66.19382315341753 57.05634406929945 52.22959868060718 52.90686120989965 58.89856834239644 68.83056840787482 81.27086406960586 95.24158729435459 84.5617385682752 69.51939600154016 55.80243525513331 44.649565616724075 38.36615967976016 39.35793791437346 47.168198128116934 59.15519522299599 73.29762546246607 88.5689180481418 79.18686458514863 62.903468014687405 47.34811362550121 33.54925110535399 24.657076992529294 26.250741935494737 36.999219840060995 51.453803509792834 67.2663090460787 83.6703626136253 76.09036291678326 58.976525676153486 42.0170317835141 25.521451095438433 11.660664612066896 14.809147829435394 30.02272050853115 46.71327178746664 63.730753192609534 80.86903715852415 75.55293448931513 58.284699019350384 41.0448521663768 23.89491909798076 7.481172888990405 11.818724831722122 28.672462141539285 45.86121927755977 63.11185547697327 80.38454260379746 77.62775553491505 60.93828127509996 44.71679559645687 29.73922460947223 19.182365356044414 21.218312592286516 33.63305555855713 49.10050968640606 65.49236340996875 82.25783407585091 82.11702838698949 66.53818462656372 52.059218284415614 39.89615189655774 32.7406810674536 33.9250643364605 42.761855859703935 55.72208875954031 70.56935997760917 86.33554593701106 88.65466394903198 74.42219830969182 61.776863919870436 51.89220927725997 46.56098157325394 47.34714120195796 53.98408754871311 64.69555464174081 77.81677856139686 92.32600074782306 96.8265550427004 83.949145331119 72.92620991299904 64.71244882623836 60.463756288078095 61.014149723606415 66.24411641171251 75.18334458089197 86.69188829340112 99.88557222823141
40.38311066607187 9.899518479474722 35.15025521676604 14.950625118284712 20.269001357539505 29.106497824972482 56.60724882583397 35.52849360745675 20.689480751698834 0.0 54.060891090065596 15.056263431681852 33.55393334528614 54.09244444930563 19.24911143844477 2.844019176063093 45.52264491449464 12.19911453461319 16.48229224205907 42.80651852057451 50.348288875991635 48.31404398404523 34.509198293282886 20.113547187483277 45.806747545498155 26.783524955940084 53.95725678486622 45.25343087205869 47.19776355860885 69.93083736995015 34.85432583890774 17.428388522184004 25.89205268755427 12.068467444993589 15.191527708125166 11.535540501646041 41.020259078646205 21.235649183204725 24.153674003856963 18.55387200485533 88.74526562139594 74.36761442838115 61.51475903012935 51.34484081857097 45.6861398711896 46.22615787111894 52.77495205366506 63.49989806676059 76.66799946568229 91.22735788581582 82.38629978610756 66.68810044058387 52.01741946717421 39.53517364930002 31.921103094910844 32.76572187510018 41.556432439265464 54.58012883837499 69.49642214345266 85.31836705641935 78.0929695051921 61.330787677709104 44.97923195473784 29.723883601806456 18.509439877834332 20.0100382782779 32.51024543576814 48.084744397458714 64.5451887308856 81.35559164480992 76.21522476120647 58.93250555259592 41.66573521488175 24.4487285205636 7.626317363830503 10.830266006977123 27.841375002256544 45.07441865666856 62.34563198366465 79.63018267361066 76.93017825205797 59.850070544810194 42.947905537113755 26.5655277252693 12.870313287432351 14.975836951963363 29.692077195897532 46.2350108845978 63.18580570254744 80.28654233767742 80.1684841120605 63.940880191092305 48.46232609930431 34.74864772777747 25.788574282171286 26.85783283820999 37.09914261383956 51.28411213268456 66.9513592722008 83.26835795245898 85.64434471089064 70.65584630778723 56.99341765789632 45.85800799924527 39.45085983280094 40.10598444163571 47.53226101408723 59.23552893944245 73.19211803749367 88.34042449078807 92.96312803792561 79.33130149601276 67.40524849435057 58.24242060074537 53.28781751726603 53.71874290801821 59.41813771081062 69.09433221238632 81.34026250273814 95.16905888568955 101.72775121659288 89.3981985069272 78.95715363457121 71.2398625022057 67.19148453720771 67.47566127972622 72.04113978687795 80.15970598838659 90.88411737991369 103.40676382490543 111.5979659460789 100.43889601024607 91.21688003342243 84.56800883126778 81.12742185036406 81.30344751864213 85.0736394229456 91.99716960121634 101.43034973782876 112.74499556077073
13.864773916205285 50.63869017732125 81.05375205951572 68.413948426229 72.95964927006327 31.395779720643183 6.528630715429917 89.57228621999265 51.22919464137359 54.060891090065596 0.0 67.73178026565684 68.21858134734264 106.71142598918024 57.75988444373403 55.44656740551537 77.74914046923631 63.66534383104586 62.33386634413662 22.530572628175076 11.763287429388415 5.823314138220354 79.42652674230168 69.01404242462678 54.347433265980634 32.0087969135394 11.476593334335998 98.71002411934003 6.8631378414887285 17.115823349983135 44.334681404662845 70.20261473427846 67.57412681747319 45.64983855030898 52.81668571414163 64.29659147226972 70.29033904874261 59.03844764052811 71.46102495515032 44.115941788420926 142.2425321738613 127.0057326682782 112.36844746501214 98.5980401691325 86.11139732733399 75.54777071209158 67.81188874549109 63.93850590118853 64.62589654777113 69.73933006843494 136.428697663215 120.4895607956564 104.98276218945293 90.13172490912471 76.32022468244855 64.2224800101997 54.98162024296445 50.200912076929654 51.14671020860642 57.53730737488978 131.85744604892852 115.312412296498 99.0263903693259 83.15170929445014 67.97716334807745 54.09519317379783 42.78308452733251 36.513037786628104 37.877681353883226 46.20544092076307 128.66135839500103 111.66077275083074 94.7693112979461 78.05784856024839 61.67288095495923 45.964898936386554 31.948564736740742 22.9643377615731 25.153965781039336 36.5621983172968 126.94439208977204 109.68716146357684 92.44664054223894 75.23431767406606 58.07527025296932 41.03638293970105 24.371000909743273 10.130147909399946 14.491630644832734 30.26727724097493 126.7666872211729 109.48239292182741 92.2047135221524 74.9382245351112 57.692974114796094 40.496104663451064 23.45427868395144 7.68019200451354 12.906625230438033 29.54471298595688 128.13465069432408 111.05625477994974 94.05959042521195 77.19866050811767 60.58689318381243 44.504178177524985 29.81918733043452 19.91124805375899 22.415250908652634 34.74393408588277 130.9998505388649 114.33529858400513 97.89212656477318 81.80394039793465 66.32954972115098 52.019630412371264 40.139544227660586 33.39210017297922 34.893981970241306 43.80474725564092 135.26713843208165 119.17881554411883 103.48277291636876 88.38824236208733 74.26292053912036 61.77527197937575 52.11612007255014 47.06058432476303 48.083366197612946 54.845460114059854 140.8090412914631 125.40559874877626 110.56508443983964 96.54743502026457 83.76677225167145 72.87683219660073 64.83740295491802 60.79013560143423 61.52794458299916 66.89268238324631
54.390182019788185 17.626118804062124 22.037655160218893 11.78982342308524 5.300203221705459 44.16273273031305 69.58173911803209 22.900945179539878 33.308086805718474 15.056263431681852 67.73178026565684 0.0 40.86788485368348 45.10822770033305 17.753681041475275 15.326276515085672 37.594734037662 15.772648378511352 23.291839288279743 57.82816377693757 62.60573161242901 62.11831792262108 21.996857375753155 8.054915691831905 58.48659322464206 41.83060849481562 66.18496302975014 35.2178685152011 60.908855070015015 82.85385140811967 48.76123560664982 2.4765169070607627 31.622341717358363 26.94972197785324 27.49389717373843 13.271493727668927 35.3542205367808 30.809356028010694 26.17936693594834 26.437185269024443 74.5167583900456 59.63479279789661 46.46049598863666 36.87214134580455 34.04761183750034 39.466858004629444 50.54437490131191 64.42470591319504 79.65588223214112 95.59437410527129 69.16927426127205 52.834318187450634 37.37985434492777 24.53066447130958 20.123745774973916 28.405781888326867 42.51497855357146 58.36839910573809 74.86606896936031 91.66077791314395 66.45556613282172 49.245333300210675 32.133734106025415 15.45200042972745 6.607964959101112 21.148983863492703 38.073708381932704 55.23267561309509 72.45966515753894 89.71550104654143 66.69792975704807 49.57042228146716 32.62748801988566 16.44969488639311 8.680162859551197 21.88175657316151 38.48364057921961 55.5147114896162 72.67385409730596 89.88775347602393 69.86560479355452 53.73859376152877 38.64170511378931 26.40525472526373 22.360786401655734 30.02471062789696 43.60817488111681 59.165646899158006 75.4863286817718 92.16566091001053 75.59168472277756 60.966595645285174 48.15034719360528 38.97041506301979 36.29928002845576 41.41605215466688 52.073488327943394 65.6255602810975 80.62559954927251 96.40003946013559 83.35047783226729 70.31701713616667 59.50096512707273 52.29673040845603 50.28153120292805 54.03904104596273 62.53722685357604 74.16395847104572 87.68341882962498 102.34828941871496 92.63251704664403 81.058560742081 71.82541780444079 65.92408007923926 64.27885612139052 67.20306297161383 74.15811027591005 84.1504146446096 96.23851914876802 109.73197423049345 103.02680565566486 92.7088165828242 84.69952866459651 79.69804975959809 78.28302249445451 80.64345963698979 86.47072943741593 95.12985867868257 105.92863857389307 118.28248569619664 114.22999413364847 104.96550476713675 97.90656036497141 93.5537475187635 92.29076079585523 94.24190746698764 99.21774770105397 106.79633671358623 116.47070598260936 127.76566404130459
55.48481248553875 43.16991878440818 62.52362678187876 29.651079996549836 43.506273059473855 36.925085870741775 73.25828939032347 45.65604827329591 18.284114545735193 33.55393334528614 68.21858134734264 40.86788485368348 0.0 48.25739050264414 52.58625457746244 30.865741098852805 77.66706932319678 25.179962350199595 17.90938955879615 47.67395119691426 70.1451510014748 62.78670163761254 62.7360370812378 48.798320098116115 26.15200906035399 36.78554072322348 73.36287553596532 44.95797348379127 62.311432519662475 85.30377320185731 26.094065014508395 41.81121243372918 9.441309317385755 29.141624252868635 20.349481601399095 27.636464065003306 74.02830127501619 12.719713360329692 16.754591861723593 50.309068773804384 95.36476946096921 85.57958025407466 78.4345353787514 74.6911949663975 74.86160132471193 78.92040662749294 86.32084506877783 96.29554759172602 108.13446795342138 121.29295244769082 84.70395235712066 73.5728625143849 65.1910148988782 60.70804328981169 60.98983840161694 65.9753744064613 74.7290802794924 86.1093294717644 99.21639771592972 113.45336619041879 75.20713404605372 62.46011774740961 52.393918802736415 46.772665810313605 47.211703290226644 53.56221344555082 64.0904018695812 77.10351247050436 91.54794798056172 106.84477078471978 67.36854826994248 52.80896481823239 40.469257024221626 32.94606642400726 33.64274589519405 42.15369425982256 54.961277804733186 69.73706837716614 85.46627336789773 101.70751000034534 61.822328693842955 45.558131500330106 30.459782732303978 19.461895592194054 20.69889836771193 32.8151703467239 48.20724441175134 64.57362790091912 81.32822649235432 98.27267894003357 59.216216610225345 41.97077830044205 24.80414636721172 8.225487658126873 10.898859654523623 27.724089897974142 44.91301263464239 62.16466658411012 79.43819209581682 96.72187177537404 59.93501267759509 42.97440986107625 26.45953837418271 12.333999710988337 14.242929354517816 29.194308249312723 45.830855780162146 62.827861325608346 79.95577581244989 97.14538137550372 63.866543743555894 48.28357012752753 34.38577660679152 25.14300848261931 26.08966984056947 36.44011008969764 50.73266332864057 66.4713125156892 82.83585214580376 99.51799921540336 70.4751187919908 56.70140245034589 45.409934685806434 38.83016551376153 39.39806844054371 46.854458669639406 58.62746161073812 72.64795021085556 87.846323439611 103.70600209630827 79.09243939761545 67.06731674767693 57.7852593758908 52.71572484786624 53.079744828869714 58.77645103032121 68.48783322618394 80.77868297903962 94.64939601978374 109.50123711146351
92.85037685077036 61.37995634012194 53.10548061822806 39.142300552296554 41.792394298657506 77.07019204725317 110.04174233187709 24.50327125213074 57.985087826304024 54.09244444930563 106.71142598918024 45.10822770033305 48.25739050264414 0.0 62.64428659698448 52.06334056157496 74.48770816133386 43.14389375378019 44.886565336842 90.51067091345503 104.27551698553893 100.88843445276284 54.829878621151146 49.94846954652027 74.40938833848385 75.64440583903762 107.87405217748808 10.259559200653054 99.94803248881672 123.26820131417468 72.17427762181616 43.32106232218737 42.78595853978363 61.06633691699694 54.651209684373185 42.84655774916078 75.57631837417125 50.337538668122356 36.462606646471286 70.75919067061335 49.22842534732399 44.15406343471116 45.54589901093602 52.89594180009567 64.18906872936653 77.72513475616103 92.52491958548676 108.07048190148903 124.08183394409897 140.39970838105714 37.06441880240157 30.07840696369364 32.16145618208135 41.98472622263271 55.58582986836722 70.82062554222348 86.83344284328584 103.26297431086252 119.93809321721787 136.7690016744545 27.0030087441444 16.218727994813776 19.890807402808797 33.57013144645802 49.56788936753196 66.2246933717177 83.14539549962535 100.19638715121035 117.32087464829328 134.4907866100901 22.127382059185766 4.959855025726832 12.581449944045128 29.84458408569404 47.136176250698725 64.43331917230883 81.73248878701541 99.0326230229873 116.33329152930135 133.6342868017158 25.595902204277913 13.761287349219012 17.95295619043159 32.464704358014274 48.82948093862094 65.67642023595732 82.71141957349735 99.83826153971933 117.01662614011836 134.22673320043444 35.010679071777496 27.52023613461722 29.794112543347506 40.20851756884484 54.26297656224401 69.79202220261053 86.00053545310854 102.5668944181281 119.34217008288952 136.24921756336718 46.91913524068288 41.5759928905275 43.063050826552754 50.783803881694006 62.46813872195802 76.31675571232661 91.35059538800928 107.071567566015 123.21694328337225 139.63958919517782 59.850723987027024 55.70420611206987 56.76712495281646 62.775415986289275 72.50998351260318 84.69557866530558 98.42602735722753 113.14028087399676 128.50082462673532 144.30141780760076 73.26554286101528 69.86079034713796 70.65345028663457 75.51145475443217 83.73015772667647 94.4361613922776 106.88464620985307 120.53695019800328 135.02842249197144 150.11623212510057 86.94004668459341 84.03125756035848 84.6322150400279 88.67158757856694 95.71503596772475 105.16066195083091 116.42525747431341 129.03331111585828 142.6289915114331 156.95586036475646
45.92334904884704 11.279210276619944 23.29431415537627 27.637209575233765 20.968331168721026 41.95917669116389 58.16650816983001 39.36865509566079 39.46069356291334 19.24911143844477 57.75988444373403 17.753681041475275 52.58625457746244 62.64428659698448 0.0 21.779441631560378 26.893696575542577 28.733718254910897 34.954642177663395 53.748042566179656 50.32354288053992 52.70207418092067 21.706096402657405 13.529342586982088 63.92352004509542 39.36743108623367 53.713654944356065 52.593305828764805 51.3357109803643 70.96501801291507 51.939576183231104 19.335741657410132 44.36398733946685 28.781562602407735 34.26654007226359 26.80886056465489 21.82594379020344 40.460364749923016 40.947388877965146 13.672698282802507 86.91495799067616 70.66558365112108 55.06132535310824 40.84831004156815 30.068743965035644 27.17322838413065 34.22498158949982 46.936387116778505 61.91453426380265 77.8620878048263 83.58011560200593 66.54061319474734 49.6828286809523 33.28402782544114 18.60060031223307 13.522238602363919 24.868299556211273 40.65373894202685 57.3213174853656 74.27956090122352 82.55671446726954 65.25647004628094 47.95744218582937 30.661690070003317 13.381921152298379 4.089741842646015 21.285905237700653 38.57676935764479 55.874485279000616 73.17419405192528 83.92936607353953 66.97677335747258 50.262812784483174 34.13978659009681 20.085124037975916 15.492317019315895 25.98699800741516 41.344270994266566 57.81077687114884 74.65611562768571 87.5854703585483 71.48492015693161 56.10421094448772 42.237195048800814 31.921595974490952 29.201120143572044 35.848738190335446 48.127623316975736 62.81810015037152 78.57906063867631 93.25679885765737 78.30079741312399 64.52831757798417 52.872461783956126 45.00883482834337 43.06736307276704 47.77556764100694 57.52318242850949 70.24267023540322 84.60409847379172 100.60303965366933 86.8828910823819 74.66592021111678 64.80787160744495 58.51340450692388 56.97608704716471 60.55929480237044 68.4637099651183 79.40924808061543 92.32050412735506 109.28685850269146 96.76228187309313 85.91245476304069 77.4444931046773 72.20137173288767 70.90215502516835 73.7555559506717 80.32021799739623 89.78575468100203 101.34256266083018 119.01572191517782 107.58204410391485 97.88630456946213 90.48889042170818 85.98504647042444 84.83687525392415 87.17706607133944 92.74192446920212 100.99983425152158 111.35325204950173 129.5542887313579 119.08600335687142 110.35082385470368 103.78727339771785 99.82463412374206 98.7764278642033 100.7336760495241 105.52928477095546 112.80182650383729 122.10954035085494
