0.0 34.15020825618636 39.541340218014874 34.840006181935095 34.36407118112086 60.51256344535804 6.903016094282269 82.24466222757125 45.3924339531434 27.74095732506758 12.818915436040365 81.6978550468813 26.468808853200485 13.233160807260573 46.479842156693586 59.03854858230702 47.774370356477704 19.557674706722715 16.203527097199707 13.348492650240141 15.263809400481405 40.15901630545169 35.41150301306262 39.92536185909887 38.80358424093097 55.76582936551625 11.65501800895922 33.37671776796316 39.95538278700693 31.742945714330073 9.986111466503317 71.46013067782124 23.28823851744018 12.364485703478548 19.54765815736881 22.3694255020561 35.295721496555615 54.77416835797199 13.746319212785881 26.91675806715982 75.14151761800142 56.81715032905336 56.612070421561434 74.67570895314162 101.69952576531043 58.048618237746126 31.18463354352619 31.147421392610966 57.988650180931735 90.27760763403845 51.894640669189464 17.381133764342135 17.493090502186597 52.00737393231366 86.59318677000745 60.13751927970296 34.88687813680409 34.82102409288115 60.02290882114785 91.58510719070414 78.35810025673574 60.970487652751245 60.74204739488732 77.82403065370185 104.01130053724741
34.15020825618636 0.0 6.869974046467002 39.984286753233995 4.004405162638853 31.83933580233005 34.355620348677846 48.68924690356593 64.78364281888328 12.60265147501897 22.261095631123567 49.115335789155544 50.7789918372466 32.74408751957955 25.114524924278058 38.410281514288826 69.0470868589105 24.13922782323607 17.974743244857624 26.520650355239145 19.18439273765735 60.62363641920293 3.2825112568885273 25.571501377538222 4.659600768135108 29.224176718512094 22.66140868894643 21.596383543321732 63.552071402410455 2.912845793628986 24.17143421732075 39.43543797422026 47.01068699395439 27.036899586162626 52.94586881265012 12.848986040474783 33.577258179765956 25.36475945281352 20.736577562887074 49.861162666358375 93.86228782977085 64.71189390211404 44.27131774607379 46.1203877381315 68.47664552800063 85.01888635264228 51.18834630047804 20.17754202138549 24.266648962460295 56.262402601545716 85.0443476555711 51.230235619815815 20.2825929459934 24.353247690994728 56.29945231628097 93.93145864623602 64.81126213994943 44.41509263734571 46.25712037727913 68.5679363475294 109.54384319335571 85.72073439295683 71.35120129483418 72.30976730525109 88.09750206055266
39.541340218014874 6.869974046467002 0.0 39.7200940053781 10.003673978276021 25.006790073746828 38.85301179935598 42.73177999362516 71.6536161835544 14.188962620840496 27.05994423877593 42.68288468554523 53.47896642384666 39.30173469561214 19.971095962937614 32.60602737907376 75.91118977012887 30.960680722912695 23.679988314453926 30.291485637254834 24.29003109126054 67.48523423064103 4.267839588471826 22.428970736868937 4.854059611795745 22.665006729590168 27.890137266456232 27.86401666468666 70.36189275014348 9.758262456045314 29.701304333116536 32.813911870583006 49.80313077474695 33.48403075316353 57.68753022292847 17.29725936989257 40.064307191066796 18.5283598703975 25.82688209685377 56.61941893886339 100.69987181729168 71.22448823777854 48.99191170012842 46.068462606498336 65.10925609709965 91.7574514866588 58.031977950873774 26.661586750454596 21.185351848571127 50.80991280834297 91.00481670235416 56.845592540659396 23.99620681611383 17.750107433091568 49.48905442902571 98.62967271166464 68.29398459682054 44.66708399055996 41.48557002543713 61.98209996878003 112.9475725245387 87.55323522570966 70.4893593457927 68.31322338327718 82.21562578276423
34.840006181935095 39.984286753233995 39.7200940053781 0.0 43.32913439464053 45.432614246381455 28.232033974129063 73.09320751381573 80.22983695538173 27.46877713477344 29.063917837822967 69.46445134066485 23.48150164939711 46.154310730388076 29.252470203030995 35.23751556229079 82.54738401895581 46.49467213038611 33.93389373664349 23.507072915828697 30.88023340036389 74.99899638064046 38.18092934859771 20.818360535682626 42.99616593685324 39.569424466271414 31.311905067810983 55.234898303837035 74.58024094329937 40.001689706728776 33.26245398996476 59.44975430776457 21.66852781405879 41.87733527291592 39.71289570220605 30.64628504547532 63.206654034582385 42.67514985497503 30.642326495252394 61.75659389375977 109.93082584297221 90.03871718710745 80.7705480461539 85.64764438931567 102.67367367035443 91.04888869797377 65.93135724157209 52.903567724193856 60.37740442140535 82.98719375550384 78.00901634371947 46.504843527018195 25.195965762405027 38.753261653434805 69.0191007302149 73.96912869972485 39.42544452926185 5.670411697464684 30.0798217758366 64.5932814158741 80.29951023593233 50.21926295118258 31.476543424687918 43.0628214151906 71.50437593608618
34.36407118112086 4.004405162638853 10.003673978276021 43.32913439464053 0.0 34.88966423336298 35.35711139112049 49.82616046561091 62.17491379500859 15.86291422726546 23.271852442974343 50.80977084093439 52.79775315679435 31.39770227894613 29.044091879244085 42.227347381411754 66.56878762430233 22.130296271037555 18.244507822928046 28.184931659610125 20.03222371650912 58.1839893364444 7.179618267209347 29.54444710044947 5.989994517458501 32.662472352080954 23.269022536686546 17.89458541473698 61.39963307831657 3.4295099002232345 24.4281852336152 41.46473504513658 49.003672002506505 25.97945211000248 53.57811319751163 14.61993993105013 30.06074578971729 28.419652532427587 21.539178805577794 47.921638035188586 90.9354963064948 61.22105100305505 40.26904208157971 43.47413578037954 67.47763541272194 83.06621726336088 48.90122857675137 16.65881953682225 23.633763699844533 56.87218750047495 84.36584321152594 51.05810286112163 22.161057174810942 27.75145514934704 58.68579292437656 94.45659950056584 66.29331674914295 47.5643985796154 50.246927169579784 71.98575469306451 110.96510383529115 88.06162314287536 74.77428003834157 76.30389718437526 91.91368114231014
60.51256344535804 31.83933580233005 25.006790073746828 45.432614246381455 34.88966423336298 0.0 57.737268164273104 28.04893740159638 96.53072922166571 32.81446203631199 47.75921621809038 24.038555596124763 66.27293525195876 63.1306752956092 16.421475933826212 16.0590163810955 100.68541771169376 55.624403016667614 46.351000524439485 48.469050025941826 45.867358576632554 92.24479836515816 28.843238370436314 25.089652104131265 29.07819232529561 5.863521890213875 49.332614450364694 52.458612300131755 94.82192212846329 34.670752844729826 51.59190412001113 14.13398673339552 63.19818885283261 57.152957235469465 76.05933802124726 38.91117011786505 64.79897259868339 6.478589445726489 47.20995510210828 80.91244692262892 125.70083928231243 95.89635475579428 70.61383945069096 56.31439778917332 61.24624140063186 115.84556266436971 82.68915860819429 51.47463975565521 29.268056812676633 38.189511471733724 112.31034693957506 77.70672034569317 43.103470367768466 8.505195016702531 26.107890387099474 115.6762991992171 82.45404269852096 51.09962710489325 28.609690592879662 37.69213013709309 125.38870307785054 95.49061473339653 70.06699113952165 55.633659753403684 60.62689216723312
6.903016094282269 34.355620348677846 38.85301179935598 28.232033974129063 35.35711139112049 57.737268164273104 0.0 81.05591271313169 52.11326749890703 25.6721187654971 12.118806429014038 79.89756840372854 20.577307454847514 19.820626773002424 42.79267498651477 54.65015994305073 54.321194806000506 24.54094580869375 17.430127522709462 9.268280278244845 15.325297449542063 46.86121024350932 34.992596224536165 35.527160247323636 38.971137481396916 52.64038932163139 12.253580885437078 37.60263633003574 46.355229536060364 32.33976137374435 11.916130585364517 69.52691223010153 17.113253430104407 17.727332703333342 18.866337692464256 21.66805288587807 41.063939596407465 52.377481365806986 13.823463228659708 33.63670089714222 81.70570147343304 63.672439207966455 61.86534075209951 77.42896272370578 102.75189126947343 63.58348433000035 38.018273407174064 35.252698960011784 58.6084506952013 89.56551925379793 54.85132758645255 20.51077863274145 15.085424228013501 49.28795075929231 83.8205716864787 59.77714153307601 31.307298849083264 27.96123049674686 54.57432545516844 87.00417648001266 75.74128855093599 55.890266120403126 53.90270969089499 71.28873393815361 98.25205478421415
82.24466222757125 48.68924690356593 42.73177999362516 73.09320751381573 49.82616046561091 28.04893740159638 81.05591271313169 0.0 110.22658474282213 55.425281090089506 69.62473959087403 7.419426339475645 92.68014270479667 81.20589883940143 43.8410850431905 42.70805521417322 114.96372163550885 71.84196640594642 66.38817053133675 72.05093648110936 66.98103205726606 106.79288095837471 46.93093567852444 52.36211734405473 44.25724675164746 33.79358210985242 70.58987701481665 63.4784553257117 110.59898594780543 51.45358331058496 72.43300648582273 13.973970362225442 89.34543738565044 75.65453404316418 99.90409648722061 59.90305490722301 75.162987694077 30.559029346796702 68.50466128451711 97.49889608083983 137.10493348770052 104.07695035253177 72.53337084775151 45.66177464354908 36.10726972018049 132.48488446544667 97.9691530408052 63.549338319196934 29.562391170530745 10.208068392605437 133.6865044333327 99.5733327800412 65.97319745781094 34.42272525026495 20.30350446839855 140.56050287786834 108.54802754080646 78.75852255377008 54.93584209976946 47.19957522507573 152.3405945656501 123.29365066710928 97.92720587770003 79.83042544790061 74.50370344354462
45.3924339531434 64.78364281888328 71.6536161835544 80.22983695538173 62.17491379500859 96.53072922166571 52.11326749890703 110.22658474282213 0.0 66.32696398289332 53.89380012015245 112.35454275721077 67.55012609271301 35.472604462386286 86.36304861056422 100.01586034147626 5.138272937998109 40.989340489357836 52.185609124295965 57.65154395390995 54.0002184923662 5.270304636685076 67.69422439165474 81.95748214326568 68.16485782152628 93.30089851043844 51.59451040871205 46.751516361255824 8.99092329609594 61.90713601612307 49.15276061762476 103.48439531284096 65.57339150295546 41.14482483302261 49.95929169049866 59.51342816454592 35.57092671118466 90.08264095914416 53.253435109279096 18.480059858691522 30.1274430925647 21.967448309890965 49.52092605834824 82.56465844684915 116.51768494632309 25.218694448257658 14.607540460914432 46.75072845940296 80.94895718379266 115.38929504602714 44.45890538748195 39.26444238292561 59.17453071608072 88.63622406890009 120.85512744445414 70.20984045318517 66.8389224056604 80.00143857470616 103.57503353534602 132.09887864086642 97.43868226368595 94.81797588868244 104.31337341302839 123.15352516904534 147.8072434304652
27.74095732506758 12.60265147501897 14.188962620840496 27.46877713477344 15.86291422726546 32.81446203631199 25.6721187654971 55.425281090089506 66.32696398289332 0.0 14.950539034557584 54.26219948027919 39.29198555812082 31.35020250807763 20.08829068299037 33.688952923765555 69.98629904757433 26.00326188598515 14.249986530603797 16.631434490456456 13.180026569710972 61.610698461328475 11.338908554742224 16.45217330837952 16.160452110302806 28.30033242947396 16.550482011957282 29.8492226086272 63.389632189456336 12.567730405912467 18.87157237263476 43.92372314793353 35.61436594339813 25.401376532248555 44.48865120880919 6.814808216938551 40.14667726499743 27.036810236277173 14.444596577762164 49.37595397434919 96.28278088142784 70.23251583719058 54.67756913588313 58.663998778701824 79.29748318114741 83.73039631821554 51.901556209983625 27.777782553527093 35.27435708232033 64.1232931850627 79.61938461112072 45.0378541250054 10.603043314407014 24.31655970488457 58.86442006209651 85.18106433913242 54.18998765479585 31.814029642868054 38.50385542455473 65.93783408073031 98.79488238990145 73.60814356737681 58.912454357081444 62.59380340352613 82.21970346320342
12.818915436040365 22.261095631123567 27.05994423877593 29.063917837822967 23.271852442974343 47.75921621809038 12.118806429014038 69.62473959087403 53.89380012015245 14.950539034557584 0.0 68.91819271399706 30.530152812572847 18.452118888300873 34.21046221815641 47.24750384139908 57.05954547543406 17.468327968004253 6.031530072788992 6.310886261249075 3.2924429925042054 48.893408671966625 23.06449131646952 28.439269806282468 26.893455771932803 43.13124495291616 2.358692458295621 28.015646936758834 49.89924804432531 20.222383745283114 4.742028291607789 58.657881755456856 26.753852394350876 13.231711265582444 30.72841581732303 9.762713201040082 34.35882461446714 41.96708928664222 2.0108491597433478 36.03240333239572 84.02023128402779 61.285787533334684 53.36005061164253 65.82887670777933 90.63324872671679 69.47197666176785 39.28626454900012 25.598975443896425 46.497810981724875 77.86929580376089 64.71333366988716 30.178376702158594 5.339246141674866 39.25729157269458 73.81474512021114 71.72040002831038 43.104008193762 31.09551493250563 49.70656254493843 79.80845478669848 87.71716826604496 66.21948058832642 58.91115427599447 70.36202864793441 93.9462215332
81.6978550468813 49.115335789155544 42.68288468554523 69.46445134066485 50.80977084093439 24.038555596124763 79.89756840372854 7.419426339475645 112.35454275721077 54.26219948027919 68.91819271399706 0.0 90.06201114558147 81.85941620753279 40.402983127481626 37.30863660048577 116.9575300164682 72.93561935424482 66.2563613251129 70.72308264399761 66.50326242474696 108.6673899174619 46.95032100391572 49.06450948895627 44.966051670180605 29.901199299908477 70.10560618410385 65.81602527280963 112.14644225163306 51.984531230088635 72.11026735833661 10.42405727470631 86.87908088628589 76.11996621481734 98.61487112251619 59.36351355514077 77.84740209438618 27.90129397842497 67.98392970532338 98.73125737023744 139.95604563943417 107.55083327386457 77.08104076934688 52.06351925860871 43.29608889468614 133.8721880376931 99.58202840604311 65.62200635976536 33.02672769014178 16.435676174854237 133.49482221030087 99.07882561868503 64.86302039602204 31.506519069343046 13.1514893826921 138.87049719757943 106.1474795547744 75.1291132856128 49.15591251672716 39.787531132419076 149.37911790840369 119.45090171322943 92.83146737569575 73.22302313521692 67.08432953183308
26.468808853200485 50.7789918372466 53.47896642384666 23.48150164939711 52.79775315679435 66.27293525195876 20.577307454847514 92.68014270479667 67.55012609271301 39.29198555812082 30.530152812572847 90.06201114558147 0.0 39.65590145031816 49.89086972878712 58.18501612057314 68.6078984853656 45.112868067021104 36.52623202197407 24.748891250784556 33.74801142535844 62.34475536724799 50.395381675600134 41.2721162925632 55.02210661437127 60.522131566602994 31.61218108442063 57.89541685292369 60.2185327953941 49.455230476535526 31.9998066926973 79.7183353331625 3.801602576621535 38.27171170058048 19.36736110614753 38.18354087077568 61.57733697004397 62.282306938895566 32.52759806052136 49.826727322163926 95.42293944175199 82.17570033339015 82.43106916928498 96.08144300007386 118.58808243656084 72.95455618176791 54.81243103833359 55.50890386537222 74.51761337863063 102.07502868456315 56.03309083861335 29.01340578934301 30.63806448884563 58.57001886028351 91.1978401949672 50.573529559667925 16.281733569833136 19.166688056972085 53.520866409513964 88.0707583621682 59.80237737878988 35.69855734468863 36.97680373494886 62.08877027304978 93.4750294715141
13.233160807260573 32.74408751957955 39.30173469561214 46.154310730388076 31.39770227894613 63.1306752956092 19.820626773002424 81.20589883940143 35.472604462386286 31.35020250807763 18.452118888300873 81.85941620753279 39.65590145031816 0.0 51.42473870630191 64.90730402308787 38.80292758988777 10.240277961584193 17.105534459965156 22.78411639038477 18.596672547622017 30.53451901544389 35.05603468173051 46.547885834434794 36.993242650225476 59.234177950711974 16.1337486319645 23.853636927999023 32.039494285176865 29.881450944189634 13.712496589181905 72.11173026550713 36.51998464904159 5.994994144157342 29.50658449724941 24.630413829199714 22.760748618048627 56.870711525110714 17.78744542704979 18.025794058929566 65.59840757364299 44.11322843301106 44.53789887532563 66.45369528117136 96.14252161702589 52.71489328013194 20.87289837312204 22.075937969567523 54.16518647395775 88.17731597177088 53.43146943826823 22.606230088792277 23.706773578122114 54.8436901594071 88.59175666598749 67.31517358804777 46.60540598011487 46.98523574770703 68.10270281174468 97.27878042858451 88.36286741844914 73.61147672252145 73.64819312994268 88.45460347833861 112.33490587747896
46.479842156693586 25.114524924278058 19.971095962937614 29.252470203030995 29.044091879244085 16.421475933826212 42.79267498651477 43.8410850431905 86.36304861056422 20.08829068299037 34.21046221815641 40.402983127481626 49.89086972878712 51.42473870630191 0.0 13.759086685458353 90.0678664036855 45.709982230761405 34.335188410227126 33.64059029211657 33.03459788274103 81.6833073462299 21.86733274666005 8.669111989635283 24.810089148365982 10.631675825296314 36.14475303915252 46.587530914395124 83.45972680129177 27.255355083310075 38.57454899177777 30.248175297932335 46.87592504625154 45.487173261261276 60.5421699038906 26.877355919089734 58.202936921787106 13.56912419914879 34.1350228632644 69.44887032116551 116.24647456189307 89.07686399795847 68.92684331096335 62.94369656925473 74.61692386634701 103.60311009515422 71.97639217483224 44.97141387116354 35.48359518614525 53.7640531951777 97.64384271007675 63.184973935158 29.07258579638789 9.640692938120985 41.65962166787473 99.57639457381043 66.10579171149078 34.91903691523791 21.530180687395035 45.854163626624675 108.98163879745057 79.45743279046154 56.0783218198068 48.691695943319566 63.18063669458582
59.03854858230702 38.410281514288826 32.60602737907376 35.23751556229079 42.227347381411754 16.0590163810955 54.65015994305073 42.70805521417322 100.01586034147626 33.688952923765555 47.24750384139908 37.30863660048577 58.18501612057314 64.90730402308787 13.759086685458353 0.0 103.64602519025631 59.45560134725363 47.881340322413116 45.829398385686005 46.37778264147873 95.2866531924435 35.12870962566445 19.150033791424484 37.42657306329697 12.414107034005754 49.30918422437348 59.99969602456785 96.8959208017871 40.734195592638976 51.771943531475195 28.894568109430555 55.7062755529578 59.01627749821183 71.35318334666366 40.50256371636619 71.79405985207218 18.646721886992157 47.37565500892475 82.90484332939533 129.94926170774494 102.75678410561238 81.39937082598311 71.32680629092872 77.09684724831656 116.70978349283882 85.57656710810838 58.48368419325016 43.72814883800437 52.90347711171773 109.23022337866045 75.15954105083559 41.97047780096727 16.399234346427686 34.22277387891514 108.70654051720915 74.40346987994259 40.61394309241201 12.568217110624929 32.5772843204313 115.23363599324146 83.5710147198784 55.536131320725055 39.73956476472829 49.6893135253101
47.774370356477704 69.0470868589105 75.91118977012887 82.54738401895581 66.56878762430233 100.68541771169376 54.321194806000506 114.96372163550885 5.138272937998109 69.98629904757433 57.05954547543406 116.9575300164682 68.6078984853656 38.80292758988777 90.0678664036855 103.64602519025631 0.0 45.06251672120164 55.76493209384878 60.43642130386935 57.39959508147247 8.44247406180784 71.890214535271 85.3434422480789 72.55499844252729 97.2994315020391 54.80559040070898 51.52747174359941 8.404116529713336 66.15317649067418 52.33962386213173 107.9703369603778 66.87832424206593 44.6356027611944 50.37929597289705 63.190646243786816 40.549392187311135 94.2603503232522 56.55867668239334 21.085759719561178 27.384533821070708 25.864104776026014 54.61535971628696 87.7015934612159 121.63530676404577 20.138221314859404 18.103730515891083 51.427573118866064 85.77119920235081 120.26410547487218 40.934294053847516 39.8267094465201 62.38225230005696 92.69170555752943 125.24690581221427 67.5281116990984 66.66442297220475 81.99400297997045 106.75513838302004 135.88625547091868 95.17705717820414 94.34785366963958 105.54168161925263 125.58367493506601 150.99058261298427
19.557674706722715 24.13922782323607 30.960680722912695 46.49467213038611 22.130296271037555 55.624403016667614 24.54094580869375 71.84196640594642 40.989340489357836 26.00326188598515 17.468327968004253 72.93561935424482 45.112868067021104 10.240277961584193 45.709982230761405 59.45560134725363 45.06251672120164 0.0 12.9781558627623 23.48570422979661 15.782017985092367 36.62106000512077 26.867318676622478 42.29831867443606 27.993568975687086 52.311949996404806 15.326163332833897 14.110328383185436 39.4132605668649 21.227061609502815 13.827062650299103 63.482911344714026 41.588128457350294 7.21744246276538 38.270402146454494 19.304706664461417 17.01158023118352 49.20703364184839 15.857392009065727 25.799993995696163 70.61346759763228 44.63537803429689 37.32560278908115 56.47045918200086 85.90374486469806 60.95950464141648 27.08836168625965 12.09754260676765 44.20152487149691 78.4605131919918 63.578583299965445 32.51091289917129 21.599291981699857 47.65444495736933 80.4376130156412 77.23191261718841 54.4227784700689 48.51514048798222 64.34600568238346 91.22449006565276 97.38350807217681 80.30135927483894 76.20899174148089 86.9600713417126 108.21755428738047
16.203527097199707 17.974743244857624 23.679988314453926 33.93389373664349 18.244507822928046 46.351000524439485 17.430127522709462 66.38817053133675 52.185609124295965 14.249986530603797 6.031530072788992 66.2563613251129 36.52623202197407 17.105534459965156 34.335188410227126 47.881340322413116 55.76493209384878 12.9781558627623 0.0 12.24594584516619 3.133222644296505 47.40968628634224 19.45786905517234 29.88542283353482 22.618146210865866 42.238058749883805 5.176789696072695 22.107919525271935 49.14394282074628 15.540260688997579 6.218832232056202 56.196661888856994 32.75910010703123 11.15200087036711 35.33809974062415 7.540989830125401 29.293114012225303 40.22617266704507 4.02068140844161 35.12965312940987 82.21966632859582 57.56962226668501 47.57372463846974 60.05886392357329 85.70697163463798 69.63880824210698 37.70009626855723 19.694613522585914 41.82469656667243 74.19959286834609 67.32497647656572 33.27606561622044 8.763198519385279 37.962399473292415 72.11343092181497 76.21914569260358 48.70602896309917 36.469503714770674 51.79382687077992 80.18730983867067 93.16441277358375 72.22303580014588 64.4010784511394 73.9838078551456 95.88785979651448
13.348492650240141 26.520650355239145 30.291485637254834 23.507072915828697 28.184931659610125 48.469050025941826 9.268280278244845 72.05093648110936 57.65154395390995 16.631434490456456 6.310886261249075 70.72308264399761 24.748891250784556 22.78411639038477 33.64059029211657 45.829398385686005 60.43642130386935 23.48570422979661 12.24594584516619 0.0 9.226080531942738 52.51413860737078 26.672190366827436 26.68259861258722 30.98967519930734 43.38970248279856 8.18441136338776 34.31380529782019 52.87516011058207 24.912995157268302 9.83124975531767 60.33518782618441 20.94785878343483 18.380831280430154 27.902292585042236 13.690104184368666 40.470475562121706 43.13141985716308 8.27430130688002 39.36680712003615 87.67763789670205 66.53223655592997 59.66987226260973 71.33886494642937 94.9355491273545 71.39108347210073 43.12363003967903 31.89738327627037 50.69589308518848 80.73127655992866 64.03745008902996 29.54489700143079 6.313560088012685 40.0209360258654 74.55430086202942 68.55472059022999 38.29302096030231 25.056013067924304 46.734299236040364 78.32769789005884 83.02720452738008 60.33222198439961 52.737439399967315 65.7061504485041 90.81937615752925
15.263809400481405 19.18439273765735 24.29003109126054 30.88023340036389 20.03222371650912 45.867358576632554 15.325297449542063 66.98103205726606 54.0002184923662 13.180026569710972 3.2924429925042054 66.50326242474696 33.74801142535844 18.596672547622017 33.03459788274103 46.37778264147873 57.39959508147247 15.782017985092367 3.133222644296505 9.226080531942738 0.0 49.116483911334726 20.19669624911458 27.96274301076838 23.836738004834018 41.47256601619777 3.6113693719304005 25.217093869082884 50.51974984200448 17.041002477106986 5.724905392060365 56.316951873000335 29.9623563502443 12.872843356554872 33.76270514539617 7.1405625765314005 32.32652975965021 39.911106475136734 1.5545620219524072 36.53894152289499 84.10273413446258 60.20449663762328 50.70204022714071 62.542915608655484 87.44906885515203 70.59950034071804 39.430772260288244 22.806280909699268 43.362557490656755 75.06890588321083 66.99925426742932 32.618184642707206 5.8177084560167645 37.3978523350971 71.82065755876927 74.7471073989643 46.3906246191154 33.344905010127306 49.66395048205217 78.84139721180217 90.98855245763507 69.42013889436662 61.271325612899375 71.30200315458475 93.8539110406701
40.15901630545169 60.62363641920293 67.48523423064103 74.99899638064046 58.1839893364444 92.24479836515816 46.86121024350932 106.79288095837471 5.270304636685076 61.610698461328475 48.893408671966625 108.6673899174619 62.34475536724799 30.53451901544389 81.6833073462299 95.2866531924435 8.44247406180784 36.62106000512077 47.40968628634224 52.51413860737078 49.116483911334726 0.0 63.45524787857932 77.07745985161016 64.1663748314361 88.86066109696087 46.61317628954241 43.462780324935935 6.156518712462361 57.72697460147763 44.15846156897303 99.61276774306185 60.33293216954498 36.30498350086937 44.93518627495421 54.807519180006445 32.93823268906202 85.82166695691856 48.31910768580796 13.242641353011164 35.17517582526892 24.77012247824097 48.83306913566655 80.93591301157106 114.50510507645888 26.706043964724657 9.710088011849097 43.24595668929569 77.72382946407754 112.27924340208286 42.42882381673692 34.22437465620742 54.19633988991266 84.24969673925959 116.84867243277267 67.06868153061045 62.00454420837432 74.73753394577433 98.59824782621796 127.484548011787 93.84598056268308 90.0771902592553 99.07284300871376 117.9476668509997 142.83757166760375
35.41150301306262 3.2825112568885273 4.267839588471826 38.18092934859771 7.179618267209347 28.843238370436314 34.992596224536165 46.93093567852444 67.69422439165474 11.338908554742224 23.06449131646952 46.95032100391572 50.395381675600134 35.05603468173051 21.86733274666005 35.12870962566445 71.890214535271 26.867318676622478 19.45786905517234 26.672190366827436 20.19669624911458 63.45524787857932 0.0 22.710962839766736 4.85634259416632 26.036359187218125 23.778411602772323 24.878782605711685 66.23052882317909 5.87538654714237 25.52426176592238 37.071050032387376 46.6691705713389 29.2239470607124 53.77048743983061 13.33425123948294 36.836759128235826 22.38854624496714 21.74385814217465 52.44564529612362 96.90497029616412 67.95870328074385 47.33934402313223 47.52323317936367 68.34265102725172 87.56447407218432 53.9553755558948 23.445194659489164 24.14582621058139 54.87452836869497 86.7745577980997 52.675751390514904 20.359211772708022 21.192263670224936 53.6523847647198 94.74936113123128 64.87719079409214 42.84252948185511 43.08989181583062 65.36680517063496 109.59154586246042 84.93553732868186 69.37254352517108 69.32402042685256 84.81659943837961
39.92536185909887 25.571501377538222 22.428970736868937 20.818360535682626 29.54444710044947 25.089652104131265 35.527160247323636 52.36211734405473 81.95748214326568 16.45217330837952 28.439269806282468 49.06450948895627 41.2721162925632 46.547885834434794 8.669111989635283 19.150033791424484 85.3434422480789 42.29831867443606 29.88542283353482 26.68259861258722 27.96274301076838 77.07745985161016 22.710962839766736 0.0 26.82222612587539 19.282164112205344 30.607225397199407 45.7745652880334 78.31976618898729 26.950867466704047 33.082758583170204 38.87394561570948 38.319702011817206 40.81409255934553 52.6404252371023 22.996367995335397 56.51905579133152 21.86947108803001 28.79048903414953 64.40245983723307 112.04646123529018 86.67606955309591 69.75557277942244 67.92426797146523 82.1969571846294 97.75477194345333 67.39349583347466 43.84741757594135 41.20841759575046 62.197236584290366 90.2291364162941 56.037364931523086 23.10687221308344 17.95886643137676 50.059627331397145 91.16136975819279 57.512872493501995 26.45589702003926 22.066882207899816 51.66070955951686 100.31590397006445 71.0246883826782 49.199057876323856 46.812427821362945 66.00814092051462
38.80358424093097 4.659600768135108 4.854059611795745 42.99616593685324 5.989994517458501 29.07819232529561 38.971137481396916 44.25724675164746 68.16485782152628 16.160452110302806 26.893455771932803 44.966051670180605 55.02210661437127 36.993242650225476 24.810089148365982 37.42657306329697 72.55499844252729 27.993568975687086 22.618146210865866 30.98967519930734 23.836738004834018 64.1663748314361 4.85634259416632 26.82222612587539 0.0 27.201042764287756 27.32055048104338 23.417830683312058 67.33559377636237 7.221587403721991 28.821890694269808 35.51508954413491 51.27516646007346 31.397393841120053 57.594599781461525 17.38203573901699 35.72915101689789 22.63484167915087 25.3897995053047 53.79273117386524 96.88254687716594 66.85663374751232 44.13858132942762 42.6783615823778 63.949151932085236 88.95286569639838 54.86106217584223 22.39891899531582 19.711382573592584 51.67414474837668 89.5734671039423 55.852588720574644 24.707626317022175 22.277149805109257 52.696541465718916 98.58297331206334 69.27575148055774 47.691443414544835 46.310201071474495 66.40491388592389 114.00923262396661 89.71339875643667 74.11907071619598 73.03104345577276 86.9953097000606
55.76582936551625 29.224176718512094 22.665006729590168 39.569424466271414 32.662472352080954 5.863521890213875 52.64038932163139 33.79358210985242 93.30089851043844 28.30033242947396 43.13124495291616 29.901199299908477 60.522131566602994 59.234177950711974 10.631675825296314 12.414107034005754 97.2994315020391 52.311949996404806 42.238058749883805 43.38970248279856 41.47256601619777 88.86066109696087 26.036359187218125 19.282164112205344 27.201042764287756 0.0 44.83966681994508 50.52542713078048 91.149189106436 31.906220526327647 47.17186939959172 19.94632444897171 57.493222529984756 53.23918491607874 70.75491394504904 34.71126926363896 62.71875855735424 6.238752803793753 42.74219583737368 77.16859333321871 122.78657198083923 93.87840340352028 70.31751885760461 58.912976155369414 66.26998211982162 111.87615809838985 79.22391973019165 49.309426511412205 31.324830533988628 43.885143875621736 107.38749635491959 72.80988256067072 38.27973101310742 4.924509843485491 31.273278862153802 110.10902583181293 76.73173624633218 45.236754953418064 24.49104987714534 39.34592639205215 119.54919653967538 89.64282885452651 64.61009666042001 52.037427603392025 60.30028697390731
11.65501800895922 22.66140868894643 27.890137266456232 31.311905067810983 23.269022536686546 49.332614450364694 12.253580885437078 70.58987701481665 51.59451040871205 16.550482011957282 2.358692458295621 70.10560618410385 31.61218108442063 16.1337486319645 36.14475303915252 49.30918422437348 54.80559040070898 15.326163332833897 5.176789696072695 8.18441136338776 3.6113693719304005 46.61317628954241 23.778411602772323 30.607225397199407 27.32055048104338 44.83966681994508 0.0 26.48031968255851 47.7126992319501 20.407324064232437 2.4755373007145036 59.90825809525526 27.87688271863143 10.87338176511467 30.34616428882271 10.742884082657215 32.29131402111586 43.430008153639065 2.1339197942352057 33.80769206105979 81.72195286770858 58.95176322968904 51.64248038784539 65.21797113590691 90.74483083076464 67.46673057557996 36.98813074349811 24.069225267758167 46.748017090750864 78.65284677943895 63.40476296905159 29.00702625282408 7.583215946090872 40.84674703478915 75.3276994852649 71.30021486947366 43.533869971376035 33.18898085773923 51.98704153603576 81.84515835549415 87.9907325182516 67.30105664954083 60.920254908406754 72.7179806207789 96.22532913633533
33.37671776796316 21.596383543321732 27.86401666468666 55.234898303837035 17.89458541473698 52.458612300131755 37.60263633003574 63.4784553257117 46.751516361255824 29.8492226086272 28.015646936758834 65.81602527280963 57.89541685292369 23.853636927999023 46.587530914395124 59.99969602456785 51.52747174359941 14.110328383185436 22.107919525271935 34.31380529782019 25.217093869082884 43.462780324935935 24.878782605711685 45.7745652880334 23.417830683312058 50.52542713078048 26.48031968255851 0.0 47.695026717598175 19.33433584965618 25.895690305391792 57.381873018912366 54.22106423102955 21.23079899821604 52.36226836707948 24.776447183106303 12.37584662581444 46.038486807115675 26.039543885580454 35.66224088522345 74.26288497939997 43.44250382228602 25.58061263166307 42.61837512629484 73.30160711461436 69.6728055388754 35.10901475453659 2.416672729648523 34.26210737539746 68.82439975180459 76.06587825013487 46.43063081724736 30.338514163361115 45.60574223542011 75.06116390977559 91.1596228903785 68.2398702905418 58.29297169058289 67.33683093294671 89.80654013623612 111.47346148516085 93.46191094675221 86.24751089415105 92.39505197902471 109.68029121289618
39.95538278700693 63.552071402410455 70.36189275014348 74.58024094329937 61.39963307831657 94.82192212846329 46.355229536060364 110.59898594780543 8.99092329609594 63.389632189456336 49.89924804432531 112.14644225163306 60.2185327953941 32.039494285176865 83.45972680129177 96.8959208017871 8.404116529713336 39.4132605668649 49.14394282074628 52.87516011058207 50.51974984200448 6.156518712462361 66.23052882317909 78.31976618898729 67.33559377636237 91.149189106436 47.7126992319501 47.695026717598175 0.0 60.639598376705145 45.23716840502334 102.85059263704115 58.52762106815845 38.00458107616405 41.99089908844088 56.65987648920105 37.886916508161136 88.46327296083503 49.566086725537524 14.014342663462058 35.50604710927881 30.499373447752713 54.72278673052923 86.33535892996139 119.61540127453615 21.979750314552835 12.640136171858169 47.23654381865463 81.83925410434469 116.44264838844366 36.31043883961493 31.42372610298588 55.23849412890102 86.66008298341521 119.84776513840075 61.373019218288036 58.42257352395967 73.85483679747357 99.45183231260005 129.31197620565564 88.4735479380487 86.23731318857365 97.1642450210874 117.64190433477116 143.64210947608706
31.742945714330073 2.912845793628986 9.758262456045314 40.001689706728776 3.4295099002232345 34.670752844729826 32.33976137374435 51.45358331058496 61.90713601612307 12.567730405912467 20.222383745283114 51.984531230088635 49.455230476535526 29.881450944189634 27.255355083310075 40.734195592638976 66.15317649067418 21.227061609502815 15.540260688997579 24.912995157268302 17.041002477106986 57.72697460147763 5.87538654714237 26.950867466704047 7.221587403721991 31.906220526327647 20.407324064232437 19.33433584965618 60.639598376705145 0.0 21.759082318520036 42.33719064973543 45.66539836403168 24.21683874541093 50.752649797129045 11.274611771841062 31.087318968012795 28.202931168279445 18.57581763832427 46.95049832568076 91.04708528016802 62.16476325791228 42.82715300449122 46.89022786628992 70.41337298724176 82.10960288663236 48.28138199816982 17.749585363732233 26.341121560456067 58.88558873846205 82.35216195485008 48.688982574150224 18.82035263699791 27.067407089466 59.210924529076436 91.70193309385186 63.111259312063176 44.177329690343264 48.115078236506 71.227129222191 107.81461704360629 84.66546754847585 71.46501362439035 73.76321564055125 90.38546798452853
9.986111466503317 24.17143421732075 29.701304333116536 33.26245398996476 24.4281852336152 51.59190412001113 11.916130585364517 72.43300648582273 49.15276061762476 18.87157237263476 4.742028291607789 72.11026735833661 31.9998066926973 13.712496589181905 38.57454899177777 51.771943531475195 52.33962386213173 13.827062650299103 6.218832232056202 9.83124975531767 5.724905392060365 44.15846156897303 25.52426176592238 33.082758583170204 28.821890694269808 47.17186939959172 2.4755373007145036 25.895690305391792 45.23716840502334 21.759082318520036 0.0 61.96185417177323 28.334564474146692 8.660300032971968 29.204440958876756 12.803518765416891 30.835631605944013 45.63032059735471 4.448394826279114 31.334430072890573 79.27955219179333 56.84136017867185 50.70934912433253 65.62576461275047 91.85232116447115 65.02923532523923 34.54528933177558 23.511643927580636 48.031891515218774 80.35031189676553 61.38729787222269 27.15148964902007 10.04291617464726 43.12042051566549 77.54182671706614 70.0290680042294 43.156059643974906 34.8662064848252 54.43979222618267 84.30042320514444 87.38275958230552 67.59466574749928 62.426836425961135 74.96639166074188 98.67922148896558
71.46013067782124 39.43543797422026 32.813911870583006 59.44975430776457 41.46473504513658 14.13398673339552 69.52691223010153 13.973970362225442 103.48439531284096 43.92372314793353 58.657881755456856 10.42405727470631 79.7183353331625 72.11173026550713 30.248175297932335 28.894568109430555 107.9703369603778 63.482911344714026 56.196661888856994 60.33518782618441 56.316951873000335 99.61276774306185 37.071050032387376 38.87394561570948 35.51508954413491 19.94632444897171 59.90825809525526 57.381873018912366 102.85059263704115 42.33719064973543 61.96185417177323 0.0 76.5066058296027 66.29496154588959 88.21757162101555 49.178351938939414 69.63100329254208 17.490053301736623 57.78009744293676 89.26578306338163 131.64071746505667 99.97646211646945 71.10639860801444 50.11745538018927 48.60258440379262 124.43072559033799 90.36595039592356 56.95482504607522 26.76839155573784 24.167934592869297 123.31289981381688 88.83478183162363 54.51622253108411 21.148792602135604 17.815083258834978 128.44645486881947 95.77133809861321 65.12015740945482 41.2789155518741 39.52329827041346 139.14090975453638 109.5788457364193 83.96206244284865 66.9813874255396 65.7126961122537
23.28823851744018 47.01068699395439 49.80313077474695 21.66852781405879 49.003672002506505 63.19818885283261 17.113253430104407 89.34543738565044 65.57339150295546 35.61436594339813 26.753852394350876 86.87908088628589 3.801602576621535 36.51998464904159 46.87592504625154 55.7062755529578 66.87832424206593 41.588128457350294 32.75910010703123 20.94785878343483 29.9623563502443 60.33293216954498 46.6691705713389 38.319702011817206 51.27516646007346 57.493222529984756 27.87688271863143 54.22106423102955 58.52762106815845 45.66539836403168 28.334564474146692 76.5066058296027 0.0 34.84058570758029 18.966472711622412 34.392194609569565 58.17615700292132 59.037925150655674 28.75460584955559 47.586718532364614 93.9071052503302 79.51614380980493 78.8785574191651 92.27986507930274 114.9089080937792 72.226614193023 52.478769907254225 51.828231779476496 70.8033668199856 98.66546873583621 56.69596956740182 27.751589975969168 26.846120391852782 55.3725858786697 88.35370963565903 53.02740956975762 19.26964061073077 18.04398492180616 51.71755208296492 86.13175055711004 63.31766236058054 39.46579568544336 38.74018499241665 61.95873690857907 92.58400761852933
12.364485703478548 27.036899586162626 33.48403075316353 41.87733527291592 25.97945211000248 57.152957235469465 17.727332703333342 75.65453404316418 41.14482483302261 25.401376532248555 13.231711265582444 76.11996621481734 38.27171170058048 5.994994144157342 45.487173261261276 59.01627749821183 44.6356027611944 7.21744246276538 11.15200087036711 18.380831280430154 12.872843356554872 36.30498350086937 29.2239470607124 40.81409255934553 31.397393841120053 53.23918491607874 10.87338176511467 21.23079899821604 38.00458107616405 24.21683874541093 8.660300032971968 66.29496154588959 34.84058570758029 0.0 31.142103967056784 18.655319208873014 23.339411407522977 50.90925044445285 12.249943574199072 23.991339049206985 71.2355401291115 48.187766185181076 44.32198234331926 63.258470613694975 91.83489949810448 58.695594180127685 26.602448754209153 19.106491562143777 49.16580108626546 82.85133800703414 58.42724360707342 26.010552795331467 18.28129544815842 48.85400203836706 82.66844689694136 70.57063149517545 47.20845606591603 43.26526460604608 62.52958037327684 91.33911661564974 90.24686732433695 73.23844486089313 70.55495563609202 83.58763628506918 106.7264884107962
