0.0 27.47972042612794 5.6904527846281585 41.591855226701 60.397561521943835 46.828987066756476 35.26317816424068 113.12825750488688 8.441118902159698 58.35947280607321 5.329217655086305 11.56887300301574 44.866889527614305 32.00821969386738 65.45222930002618 59.74573186023483 21.487941893140608 32.3112359138709 80.92588560349152 63.81622455445359 8.886797081720388 45.4846436133523 23.54851696778511 43.69107667955892 4.9791461865507 13.10595879019199 53.87806810645553 113.55321289887704 4.651602214490957 68.57154297656865 24.55533808203379 7.813755848968094 26.506517024652933 61.292809897427944 75.61571565921919 43.30888938016762 55.991494878364804 20.71458107931631 67.01899163628273 54.95510694048138 45.367251123156656 33.67160047364754 51.03134630960085 80.43290593589893 112.82525794780074 30.951251698686246 6.6077240849095675 39.0409777008798 73.48188721366974 108.02699405004309 38.30156357402241 23.409873827521796 44.98753793279819 76.7761610264933 110.27294858828714 59.87693930877963 51.44733610939913 64.05631553463702 89.18742827104316 119.16537163109494 85.51358740086462 79.62387032105875 88.10265462630224 107.60541208652437 133.38103911182495
27.47972042612794 0.0 23.670688102563 61.40867020984013 55.49048317564437 43.304276411340595 31.087370427695802 98.81550296650548 31.9220279249445 53.14241718916646 30.17516884999488 16.03959925221761 23.308783063895607 52.61918150816849 48.77686686149875 55.04049209141886 21.44341773716519 26.207055923513796 70.35402815232791 60.27876528329633 21.697620666279967 41.34190687129562 30.217592632614704 62.955111757769444 31.284816392122117 15.917638444334226 42.546450090250346 99.76491805937401 23.508392548134506 62.54878148404462 41.993796057639535 30.603023262158217 16.97532360483983 53.728918974243406 64.05726306866174 23.51126411029548 44.23834672586051 17.007599030623457 61.120371913288594 30.19543433281438 52.46295452255013 21.400643836783367 23.631840080100122 55.26111222241953 89.12893768014581 52.28399080807086 20.962197545727452 23.23924418666571 55.09593386157347 89.02759178473524 65.69267524421339 44.79737643255451 45.748249239180446 67.6300207034054 97.20883246947172 86.59103308470551 71.8336375576331 72.2280709364187 87.56983070628566 111.86963188744444 110.81909775114372 99.49388379163065 99.55831901396377 110.99256887370748 130.84917763729246
5.6904527846281585 23.670688102563 0.0 41.07108770996854 55.208184347107306 41.605867146802034 29.785557582547764 107.51242123343651 13.880450951199037 53.12464926727622 10.83713585151725 7.804319596978741 39.489342654209956 31.602500026915823 59.76290117004639 54.56854240700712 15.85067187404292 26.684798687070206 75.43370785574673 58.78770507326886 10.155867361229026 40.18878115595901 18.76041787462767 43.00499359991446 10.669598971178859 8.154028558866077 48.24927269630577 107.95880271501744 6.1480215995721235 63.347421059926354 22.653284981838922 7.272260210821672 20.867078466450586 55.90020652453234 70.05591228337337 37.818557027736944 50.35779678043495 15.056745305736786 61.79502084298685 49.84925725735423 49.35666472144945 33.43441648665399 46.8451977242781 75.27228828901023 107.38805663743383 36.57247869325134 5.422664718361213 33.408356372771124 67.80623235669073 102.34307942048788 42.96279542522661 23.086739873030456 40.187526836517655 71.35769794809207 104.70744380059087 62.93503138280336 51.26995435674344 60.75525538785434 84.54937425620794 114.0210292340962 87.64972819597816 79.47400521416155 85.70000273090902 103.76701663564738 128.7844218869226
41.591855226701 61.40867020984013 41.07108770996854 0.0 51.92245560929474 43.69203837065395 42.42381843975069 107.63372543579719 46.53174176837451 51.242540998466374 44.50147310271226 48.07566193673716 65.62779910982927 9.58364614153184 72.44645888225294 51.25115530023566 41.25606323298726 44.59731445343067 74.57892157203061 51.8906178034626 50.26598701954788 44.13920562524322 32.87150283946153 2.369385649429153 42.66936057939158 46.42945332921208 57.53928368972894 107.1426562723138 45.784807724346955 58.702649024364234 19.415346686109928 34.24369242508647 48.38996548243299 56.376190851793105 72.06360557802306 62.62993723469187 59.28776099328695 45.17266840654276 57.48630809710389 77.36932059765064 83.42041801059115 74.50164688069272 80.85029418524341 99.58810263137528 125.2739227929548 59.345049072252294 46.31308113747415 56.23860314222852 81.08928317474853 111.27881905487973 41.12257060558271 18.191494831035108 36.95460960925725 69.24741059924828 103.05150456910556 38.29834647606236 10.425261137103629 33.84466252105933 67.65418447474228 101.99788506161568 53.37546456844821 38.4471188004978 50.02246633048081 76.94893630700119 108.32754001669662
60.397561521943835 55.49048317564437 55.208184347107306 51.92245560929474 0.0 13.609190413378803 26.086375076226194 56.46832235195958 68.83748390169133 2.3500238138210325 65.72318688251856 55.51985959554114 39.59513205031291 51.061320722624785 26.818642761042998 0.7113065980788735 40.23841583004674 30.443788830526813 22.972912963471458 5.185050936309606 63.76734799041602 15.160255024482295 37.03675041201802 51.23987936968749 65.00709405547607 52.10249171121356 16.352421944928775 56.27827248157453 60.99930572600611 8.211283262245782 44.85179790456454 54.621829976234096 39.683130487814736 5.739911275986496 20.183389384009406 36.91204932771606 16.207872206951414 43.29259237532422 6.668870805448364 47.13424126956491 103.32769838681607 76.76332176271383 59.18946888366305 59.23656161066908 76.87222243577911 90.79321856454818 59.00645876229889 33.3909256620919 33.808042836045956 59.714752843498296 85.99705675308032 51.39687788671435 16.811863082485704 17.84636718215798 52.432826553508455 90.18268949057325 58.071390948257346 31.72531537242224 32.17988580661994 58.81695921929004 102.25281155494038 75.32371735169608 57.327854584625356 57.394242037572575 75.47523248754072
46.828987066756476 43.304276411340595 41.605867146802034 43.69203837065395 13.609190413378803 0.0 12.742397246984947 68.28824433743466 55.27009463381835 11.530486025333536 52.15738165258685 42.02626308077267 31.28282521499623 40.824878050761114 28.916548224736626 12.981565601185162 26.699955157268572 17.3943736211257 34.99270630304721 17.576235336698513 50.194205433696474 2.0067813257999436 23.610566089151867 43.552317839462525 51.48054978831481 38.610815572954145 14.108016441207287 68.35567178136195 47.390673529413945 21.74682918087471 33.014281072248686 41.24259438072756 26.821439158788614 14.989509640221776 30.64320290578632 28.185923095406785 15.68540841755302 29.938890855113893 20.19411776149726 41.11916357858891 89.82731732622229 64.24967174727801 50.812378774960706 58.57114895751471 81.6949525950803 77.35622867845684 45.411579837202744 23.136148889061957 37.45925148510244 68.30778866605478 74.09149723809274 39.652455300042504 7.0667055322677195 30.37125796315329 64.72821765560272 81.15212103594756 51.55933766018868 33.554382494390936 44.58991593206107 72.42552971513778 96.29264668337314 72.94034248788206 61.34406455003819 67.8282823476006 88.50445442893147
35.26317816424068 31.087370427695802 29.785557582547764 42.42381843975069 26.086375076226194 12.742397246984947 0.0 78.08886232808337 43.64367048791774 23.855989793252526 40.56277955455115 29.447636969890464 24.107771553709043 36.93289636221216 32.85304092543207 25.50864893280842 14.26113955493713 4.881443164817111 45.66316263115697 30.30163257606852 37.79769856965735 10.968932476641909 13.746407454208727 42.97906706722883 40.104743493465975 26.0314920085715 19.245962596017012 78.42328655727574 35.29183098809406 34.00436619806187 26.934402233738655 30.644447322927498 14.263380037104774 26.17002027863035 40.41951631866543 20.933813273770383 21.37580002016806 17.224483881521437 32.46540936351793 35.54001518733958 77.24791032118821 51.70897130028082 42.133308029213744 57.196446104197506 84.63138375816192 66.15937487870977 33.139762524637156 14.638150198636929 41.53501688359412 75.03925918464621 66.1922617954386 33.204766622164485 14.78337080422676 41.58593631672192 75.06718768799125 77.33238204089808 51.83392194821598 42.285141990668514 57.30733476911534 84.70565281919596 95.77900042732992 76.49019475892429 70.1615333564706 79.93303153115262 101.24572185208885
113.12825750488688 98.81550296650548 107.51242123343651 107.63372543579719 56.46832235195958 68.28824433743466 78.08886232808337 0.0 121.36760662387739 57.73529720594962 118.34906647619717 105.41093067744222 75.88976056181868 107.49465805471638 50.043754900964686 57.176259327389744 91.66218992787536 80.82764068928175 33.52227917005084 55.770579452812996 114.15355057357031 69.0412462868481 91.30355992301233 106.65146863305844 118.04797620739598 102.20952709071429 59.26804293992068 2.4551862237059425 112.51145144425581 49.03133927315786 101.074535930341 108.6984934841713 87.92967819672772 53.351578150162325 37.779949679022295 75.31168743001167 57.1686902537443 93.1941296730467 50.34076332713766 74.15467403748472 151.12796468168628 119.04900048832558 88.8845999320679 63.427789456521566 50.4033890719339 144.07780810114662 110.04806034479233 76.53483223413033 44.71498256993413 23.154328956152824 142.26097462355926 107.68070587621867 73.12275938782997 38.64706286821871 5.925116164659884 145.8732394269442 112.3671249139104 79.80334486770705 50.05608109029832 32.209982432723855 154.53415850290114 123.30541391635776 94.45861071227247 70.96068107281324 59.52472146608025
8.441118902159698 31.9220279249445 13.880450951199037 46.53174176837451 68.83748390169133 55.27009463381835 43.64367048791774 121.36760662387739 0.0 66.80058065656996 3.1148867173824715 17.48831514654331 51.62528980046716 37.09634041312926 73.28878975640635 68.18494257793921 29.71247035866091 40.54588485071549 89.3028141314527 72.23302899075371 10.26422339730332 53.921631649128095 31.94729699737099 48.772269439380736 4.25914903023358 20.006750642332058 62.099658671034085 121.82855641660049 9.33333833589426 77.01253427045843 31.34038576158367 15.236524215650434 34.142716707776025 69.7129326454576 83.93605708744269 50.3619185079425 64.20224820930036 28.480300771161335 75.4599973615831 61.03279123480472 37.956103080335836 32.55166220592257 55.438181577017005 86.4986101233951 119.52181157312125 22.776320896182035 12.089701026872621 46.566246179597414 81.15124170697078 115.74751449983266 34.7772680657838 28.818810099087997 53.35194550886006 85.1890673502686 118.58653015508074 59.2681972211333 55.79122225839558 71.46605886047807 97.45219579148412 127.59803746589516 86.18823712207984 83.62081436630082 94.6107195044018 115.34580688163193 141.60805538382255
58.35947280607321 53.14241718916646 53.12464926727622 51.242540998466374 2.3500238138210325 11.530486025333536 23.855989793252526 57.73529720594962 66.80058065656996 0.0 63.68784597914702 53.302031191707066 37.37629338412252 49.97534204419455 25.695922827614005 2.001354494780819 38.048309446661214 28.15951004901497 24.21635253237632 7.4240312921980145 61.59000317963219 12.982147382586474 35.08669820142369 50.66081502828672 63.004786282538795 49.88525702338666 14.362317749820823 57.62912031477964 58.876816308153224 10.223257556906086 43.38970248279856 52.70312524592014 37.36990853850621 5.284482113344098 20.86502839722568 34.65948728515308 14.41090894163124 41.04084800834485 8.671302459829068 45.12889927617571 101.10377642639237 74.42024647032221 57.004981862534734 57.92718037624993 76.52675278767488 88.85038932538346 56.85225540073528 31.061332011153347 33.04956716904716 60.12139033152255 84.57375275571589 49.97321263412974 15.387615370988168 19.263692083141386 53.854018964064075 89.42594683911547 57.73945255929391 32.64241051557436 34.52604402037191 60.93772752667137 102.11358531138818 75.7739937158999 58.74524144766162 59.62466028270683 77.80737938553813
5.329217655086305 30.17516884999488 10.83713585151725 44.50147310271226 65.72318688251856 52.15738165258685 40.56277955455115 118.34906647619717 3.1148867173824715 63.68784597914702 0.0 15.099038345834762 49.13587713421825 34.98519946499028 70.42215019213778 65.07041725561452 26.68689206408561 37.5214687234897 86.22524253406463 69.12031818013736 8.993803086232752 50.81341121691909 28.836931536609512 46.700408088193946 1.900912596704872 17.361535453542015 59.08453836975094 118.79517806752078 6.884437881659949 73.89906918676236 28.674355693679423 12.303321087299151 31.32292216295623 66.61463622957486 80.88274192861611 47.76666708376444 61.19162942202759 25.607037530830954 72.34656331499347 58.797529052906455 40.695524994348645 32.824386757808384 53.792097701381586 84.28863494849568 117.09138731909243 25.743615590629876 9.651938265506057 43.80000323424237 78.34905779133298 112.93167683463567 35.787160083742194 26.560849369581092 50.25016161447082 82.09458505760003 115.53702947203085 59.245690401894144 53.98482958287988 68.6547187299972 94.37890424567554 124.48326518429454 85.73563944738217 81.97367325098898 92.10586254667574 112.43673908824765 138.54701095618245
11.56887300301574 16.03959925221761 7.804319596978741 48.07566193673716 55.51985959554114 42.02626308077267 29.447636969890464 105.41093067744222 17.48831514654331 53.302031191707066 15.099038345834762 0.0 34.13852134641647 38.76251448401032 56.47534877798595 54.93058786909038 15.348674399545812 25.424568113326263 74.28076648907954 59.575285257868295 8.74368821705791 40.365966740918296 21.53130611149277 49.89653304288155 15.836012296967368 3.417400594768338 46.40237994927402 106.02665115550914 8.222493146328743 63.445901854219876 29.0657592341838 15.017503318990833 17.48455694314779 55.40594025534641 68.53635720612463 32.93665581625682 48.433763709641624 12.447807370539323 61.90944414242118 43.70665867563347 47.80908453054735 26.92965752840857 39.49107544770237 69.20060924437281 102.04285518099606 39.79620320064342 5.447667477490359 29.503740903150074 64.0790038014874 98.67431825797475 49.870111067755644 30.408527175251443 41.918562104966846 70.60092031769396 102.98859561465764 70.67904675827938 58.39657196656451 64.95829084485783 86.1614034602843 114.11741017754605 95.44157292931231 86.52154792275502 90.87117582953005 106.88250964111302 130.32604905391162
44.866889527614305 23.308783063895607 39.489342654209956 65.62779910982927 39.59513205031291 31.28282521499623 24.107771553709043 75.88976056181868 51.62528980046716 37.37629338412252 49.13587713421825 34.13852134641647 0.0 58.91153836825127 25.95496280279778 39.37433656009715 26.85938803253706 21.068808090306597 49.36784343620819 44.77542531955567 42.26779271739103 29.401103959211934 33.407853229585875 66.44112891693942 49.62951823082526 31.825308829300962 23.767528793524743 76.9549075081851 42.321063214071756 44.93729953569088 48.0312481011065 44.28534222778439 19.525508769895655 36.03484611900082 42.855594840244684 3.207941354520602 24.793603579291702 25.066657431802405 43.747872544717616 11.767449729783074 75.73752671607146 43.18497088689832 19.71186347096538 36.15273857070118 67.97301335402535 73.70529727416627 39.54781008166541 9.51002989729105 31.80731056644534 65.7861861845711 81.97332287674529 53.28565302564815 36.79570765064333 47.57431568888411 74.6159168904077 97.96715684518382 75.43781002092564 64.64468403124849 71.1461861225715 91.32029927077934 118.60067784889685 100.59012295670311 92.54896736990202 96.98936211337784 112.44219777657331
32.00821969386738 52.61918150816849 31.602500026915823 9.58364614153184 51.061320722624785 40.824878050761114 36.93289636221216 107.49465805471638 37.09634041312926 49.97534204419455 34.98519946499028 38.76251448401032 58.91153836825127 0.0 68.68685273426831 50.3580134737402 33.301552548648075 38.25792518987869 74.03271990797455 51.986017588393345 40.692272988204444 40.84496018615979 25.536535323843793 11.721359639229757 33.16976470281702 37.302572865544875 53.932724845774665 107.22005215015055 36.21335000128576 58.54241576154017 11.049928260923469 24.6917958998186 40.70029964292202 54.80389058114295 70.74975162086277 56.062842352214226 55.851518896551205 36.905027108711636 57.18373544611334 70.67194154685957 74.32082918734251 65.00613629953365 72.95739310793405 93.88576040983132 121.24793668188806 51.23522762352041 36.79476726059362 49.77438153888887 77.43352651656869 109.1294681123244 36.517542818247314 8.613183389971784 34.78068279114233 68.84807793535427 103.27280739857424 40.60919080951236 19.668934404925963 38.98043621713292 71.04173885313212 104.73409060643827 59.76417744860091 47.873554137536786 58.367857886486334 83.16577331513857 113.23027084108583
65.45222930002618 48.77686686149875 59.76290117004639 72.44645888225294 26.818642761042998 28.916548224736626 32.85304092543207 50.043754900964686 73.28878975640635 25.695922827614005 70.42215019213778 56.47534877798595 25.95496280279778 68.68685273426831 0.0 27.093038825320505 44.26037250950154 33.900611288695345 25.213514754526937 31.07109961998233 65.16494636332625 28.31268282075885 46.52564299994781 72.41000644824578 70.43054047265548 53.48013896033112 14.907210287506775 51.040347527819264 64.09433458286283 27.445167754692786 59.47142434525489 62.418037169463645 39.166769307052824 21.145545519721118 18.813602386263458 25.268690865988543 13.233543212491604 44.816680671778656 26.980858664102364 26.839590488124966 101.15189071084718 69.13207200855047 41.49236713814395 32.53958276568583 52.82865820592906 96.02918013563641 61.468908173670336 27.020437271578857 8.754171142042736 42.63825885487683 98.95726887888664 65.9099100837259 35.9240116345794 25.135555659986437 48.66108184743069 109.29082836827368 80.47533533160289 58.33417495837974 52.19458095469157 66.63688570129747 125.20907498129066 100.87018482925883 84.06548831587176 79.7116608556116 89.64163006149751
59.74573186023483 55.04049209141886 54.56854240700712 51.25115530023566 0.7113065980788735 12.981565601185162 25.50864893280842 57.176259327389744 68.18494257793921 2.001354494780819 65.07041725561452 54.93058786909038 39.37433656009715 50.3580134737402 27.093038825320505 0.0 39.63776111298323 29.899999504906486 23.677918306864196 5.423962070316992 63.15908410649549 14.564944978958048 36.3685780855533 50.579656166148965 64.3469194820782 51.51320340729551 16.276453425561748 56.988533834702 60.37110671755544 8.891759678549931 44.141135315716426 53.946605214589574 39.16514751822003 6.124134177352338 20.83740921229033 36.66071331652563 16.225044535213254 42.72351329919861 7.354434043502521 47.058179183492776 102.73958372369263 76.29311309443321 58.99701236227561 59.459626228865645 77.3630283560024 90.12073156455122 58.38943796135194 33.041561243085404 34.190659103281526 60.34149208495661 85.28579792743274 50.685703333873725 16.101804689722712 18.556672750497434 53.144016505705345 89.50549598916072 57.444142599352034 31.35706373509223 32.58130743119072 59.45298951676972 101.65826822095107 74.84418146487687 57.12875868268501 57.62407663008581 75.97479131693018
21.487941893140608 21.44341773716519 15.85067187404292 41.25606323298726 40.23841583004674 26.699955157268572 14.26113955493713 91.66218992787536 29.71247035866091 38.048309446661214 26.68689206408561 15.348674399545812 26.85938803253706 33.301552548648075 44.26037250950154 39.63776111298323 0.0 10.834800159587603 59.71543638692707 44.23231185760625 23.547470681937618 25.078550378666367 8.838026270944349 42.544208725676135 26.439251200069883 11.943768351931451 32.39876162614191 92.11610186484674 21.090927399948658 48.23268449838344 22.256713188545923 18.322488216947452 7.537510722842017 40.41092074859124 54.24681748379114 24.47684080612086 34.508363873875965 4.4617431272937855 46.68902022965426 38.33892319133803 63.12944309611559 39.78082629897544 39.6803598122825 62.93947113724838 93.50429058097087 52.42175041516704 18.883464946184674 18.973240030232663 52.51890786376978 86.8984510001274 55.774599544993265 26.75857341028664 26.759722872243827 55.77625396296465 88.88613201498866 71.22923558187381 51.582958195638504 51.40824157248611 70.8492849482095 98.95071097987105 92.93181408831491 78.68173175388912 78.35845078316787 92.10872793522006 114.99012030276803
32.3112359138709 26.207055923513796 26.684798687070206 44.59731445343067 30.443788830526813 17.3943736211257 4.881443164817111 80.82764068928175 40.54588485071549 28.15951004901497 37.5214687234897 25.424568113326263 21.068808090306597 38.25792518987869 33.900611288695345 29.899999504906486 10.834800159587603 0.0 48.993909379204915 34.84842871423941 33.97904310173147 15.524039288983603 13.315263828328565 45.37627542219608 37.250325509253756 22.038726937841155 21.56720468629054 81.28372538668621 31.832318693881298 38.17845942455545 27.671602336954564 28.563564842999565 9.441702636486223 29.989686007461344 43.44318539925742 18.035111634315925 23.68046697443552 13.000206789698996 36.65812494673922 32.780259957608685 73.08872282871063 46.89855072294302 38.10266930580108 55.668478063269724 84.5042731725627 63.2536158591532 29.510098129746066 11.641498675573347 42.36809788778273 76.48162899183188 65.23444919056394 33.51152407602263 19.630558717173024 45.1945033183983 78.06775986111931 78.13761702904455 54.369004727804146 46.918035785722886 61.97924988243118 88.74888549385162 97.72807051264837 79.81002546015853 74.72114735695978 84.80333048966226 105.80503372532397
80.92588560349152 70.35402815232791 75.43370785574673 74.57892157203061 22.972912963471458 34.99270630304721 45.66316263115697 33.52227917005084 89.3028141314527 24.21635253237632 86.22524253406463 74.28076648907954 49.36784343620819 74.03271990797455 25.213514754526937 23.677918306864196 59.71543638692707 48.993909379204915 0.0 22.816696775472966 82.92827060104366 35.91232468119539 58.372105280179035 73.74355264433852 85.75275282025827 70.94281685606657 28.110587106623374 33.431410109697154 80.79905863236411 15.94808412555794 67.58569555178381 75.9456224662264 57.08182915056003 20.003583014990575 6.5425948906561775 47.80186961034367 26.237539822562525 61.845294572192415 17.097487073654214 52.007375669352776 121.40778838794125 91.56379803287852 66.50417980557232 53.446062040538884 60.703838092429606 111.79522009026442 78.50390412488345 47.14229834853477 26.014827074740513 39.06389337333247 108.77482459798071 74.18072781533378 39.603694506344354 5.38323177495816 29.73819222123416 112.87720313122671 80.02324248277506 49.608594502400365 30.218254756793566 41.9536667509744 123.39376257170609 94.15746386538345 70.00017764101166 57.69931757634656 64.4452258865954
63.81622455445359 60.27876528329633 58.78770507326886 51.8906178034626 5.185050936309606 17.576235336698513 30.30163257606852 55.770579452812996 72.23302899075371 7.4240312921980145 69.12031818013736 59.575285257868295 44.77542531955567 51.986017588393345 31.07109961998233 5.423962070316992 44.23231185760625 34.84842871423941 22.816696775472966 0.0 67.65324443280832 19.346532906273243 40.29185963214241 50.98346777969142 68.30144484905425 56.16277473761245 21.493247650268348 55.35755963712019 64.69520155454722 6.8690960381128 46.74660822522026 57.69396494252019 44.203013138018214 10.0692729881087 21.491238532330748 42.07805266567317 21.238481623354513 47.51341347655454 5.87249747596865 52.25659981355293 107.35589585535813 81.46958622393363 64.3745166197771 63.605370121813486 79.6365973311272 93.85667713681717 62.817529688272714 38.442687346996976 37.47626404374426 61.04041697765238 87.62146476930066 53.149654853977026 19.159964835833918 17.44065401799524 51.34298677806322 90.17033261911223 57.21790964987514 28.494464337789267 27.291478971621757 55.43067890970009 100.83924479727379 72.75318806669988 53.03117312650103 52.214845976834624 70.95971269350383
8.886797081720388 21.697620666279967 10.155867361229026 50.26598701954788 63.76734799041602 50.194205433696474 37.79769856965735 114.15355057357031 10.26422339730332 61.59000317963219 8.993803086232752 8.74368821705791 42.26779271739103 40.692272988204444 65.16494636332625 63.15908410649549 23.547470681937618 33.97904310173147 82.92827060104366 67.65324443280832 0.0 48.61286928766926 28.3613757779786 52.31531857589531 10.533515634471394 11.995461351922804 55.11253064414311 114.76427518704605 4.485064102126952 71.77972316692758 32.5217777862164 16.06479599982366 26.22823869608631 63.89483937135815 77.23054482242827 41.29893805715988 57.152730422817086 21.091363631666294 70.23555808706567 51.16466807479271 39.796706613023055 24.79705366205346 45.17579463128829 76.56143616615822 109.89675669300222 31.437509184547494 4.989550373938374 38.16187093620003 72.68160238310666 107.25556585930113 44.74134856353536 32.079113898978434 49.50944566562135 79.17155585008645 111.71356088053568 68.00098534007692 60.227554419037354 70.8898148965086 93.9050405491105 122.4978802349023 94.10209804917929 88.42857832405831 95.80565120484562 113.72129470908271 138.1341509595125
45.4846436133523 41.34190687129562 40.18878115595901 44.13920562524322 15.160255024482295 2.0067813257999436 10.968932476641909 69.0412462868481 53.921631649128095 12.982147382586474 50.81341121691909 40.365966740918296 29.401103959211934 40.84496018615979 28.31268282075885 14.564944978958048 25.078550378666367 15.524039288983603 35.91232468119539 19.346532906273243 48.61286928766926 0.0 22.4836447663594 44.10438115799951 50.18942648169024 36.94861353178993 13.408278887152902 69.17459327660525 45.90465044262724 23.19413082550526 32.61955157871587 40.10029003862312 24.927982988999048 15.956962773363744 31.29749031546054 26.285505046738624 15.160255024482295 28.193203252457064 21.644816376559085 39.39435464447611 88.1750476989216 62.32881664353149 48.884880191824756 57.35319885544875 81.14095825488096 76.13391408737073 43.87013403653475 21.157749859701504 36.953457627308204 68.39818429439156 73.54415566379886 39.24944870434888 8.194450737710218 31.44252264383647 65.61226139627001 81.31402751550003 52.27518626862284 35.33057220457563 46.461099532795785 73.9178490737044 96.98447712615875 74.16904960058272 63.17343872399915 69.82474582324109 90.30439205912995
23.54851696778511 30.217592632614704 18.76041787462767 32.87150283946153 37.03675041201802 23.610566089151867 13.746407454208727 91.30355992301233 31.94729699737099 35.08669820142369 28.836931536609512 21.53130611149277 33.407853229585875 25.536535323843793 46.52564299994781 36.3685780855533 8.838026270944349 13.315263828328565 58.372105280179035 40.29185963214241 28.3613757779786 22.4836447663594 0.0 34.02036843118834 28.016335224554613 18.471102844679276 32.93533081408491 91.52329029301112 24.852248122274084 45.24295658503326 14.6261391574882 17.63307722656451 15.541994119808894 38.44060484792368 53.52694696567031 30.621747259588656 35.05603468173051 13.21529660309829 43.69440785679189 45.15571776235713 68.04407078309876 47.64264025137672 48.00481327790935 68.80347630677194 97.76599578245585 53.76458479087308 23.375681966374387 24.434882984332184 55.15934712201627 88.78565600744113 52.45581250522799 20.21584267746276 21.461595726595267 53.920048715648775 88.0283760056643 64.90723044003111 43.08830951279017 43.53251298367515 65.79042767299106 95.68962574955819 85.29100831858678 69.9292928888352 70.00299946658201 85.47220537197693 110.02426946943861
43.69107667955892 62.955111757769444 43.00499359991446 2.369385649429153 51.23987936968749 43.552317839462525 42.97906706722883 106.65146863305844 48.772269439380736 50.66081502828672 46.700408088193946 49.89653304288155 66.44112891693942 11.721359639229757 72.41000644824578 50.579656166148965 42.544208725676135 45.37627542219608 73.74355264433852 50.98346777969142 52.31531857589531 44.10438115799951 34.02036843118834 0.0 44.878508092148685 48.15341937980748 57.51168584362664 106.11222153189476 47.830924934073984 57.82544475644362 21.023948793210995 36.26624832164625 49.56223916295719 55.8436834871118 71.41573687061785 63.405556306939495 59.209098372109544 46.55235039813119 56.646954426740635 78.15265671473615 85.74571949880823 76.43802953410406 82.02411968192176 100.03939205624089 125.2299629302806 61.7139425342748 48.28634870972495 57.002992216428325 81.00567666799007 110.76690418473021 43.25081438725623 20.28241153961555 36.70103673492841 68.39153883162388 101.99355703485956 39.22378834165827 9.071734463909523 31.95215537218308 65.98815933250476 100.41308273144263 53.03062802644606 36.66538869827281 47.65797125960906 74.78664317376005 106.34674440429646
4.9791461865507 31.284816392122117 10.669598971178859 42.66936057939158 65.00709405547607 51.48054978831481 40.104743493465975 118.04797620739598 4.25914903023358 63.004786282538795 1.900912596704872 15.836012296967368 49.62951823082526 33.16976470281702 70.43054047265548 64.3469194820782 26.439251200069883 37.250325509253756 85.75275282025827 68.30144484905425 10.533515634471394 50.18942648169024 28.016335224554613 44.878508092148685 0.0 17.80477085063248 58.812999075346255 118.45582685190743 7.786027036548835 73.19970873409062 27.10459468319438 11.014905256283814 31.456102022072265 66.05234598014607 80.49552317045782 48.15106339673448 60.92963395751302 25.67701529762593 71.64827986807907 59.50978871209648 42.19782225951152 34.65297387338021 54.91660366593495 85.00394392525202 117.60246583848773 26.057341072294037 10.452852874067045 43.981736296282584 78.44984389426604 113.00095916133658 34.477413087358435 24.78495530460107 49.34308395362564 81.547714785998 115.15278358471204 57.530410755135534 52.114253242517684 67.20747813843641 93.34129493874852 123.70590955253851 83.91682040397438 80.08711681759802 90.4466108504905 111.09438395838517 137.47023122587726
13.10595879019199 15.917638444334226 8.154028558866077 46.42945332921208 52.10249171121356 38.610815572954145 26.0314920085715 102.20952709071429 20.006750642332058 49.88525702338666 17.361535453542015 3.417400594768338 31.825308829300962 37.302572865544875 53.48013896033112 51.51320340729551 11.943768351931451 22.038726937841155 70.94281685606657 56.16277473761245 11.995461351922804 36.94861353178993 18.471102844679276 48.15341937980748 17.80477085063248 0.0 43.120879354111295 102.79874698803732 10.688279753320773 60.03144696213737 27.16452395639606 14.72439703936893 14.350948308060532 52.00965967738121 65.23512453555477 30.40517392048013 45.16575525812547 9.098409351296725 58.49449429217616 41.86197893338951 51.226434942888616 29.42410404900067 38.75882921066689 67.33167504930302 99.7983004269434 42.601947184536 7.998898007863107 26.60626336869613 61.209954641599076 95.81376863315116 51.08562372348996 29.180531579775593 38.5759621530832 67.22756316715986 99.72875514560427 70.77109204920559 56.8180959274897 61.99061944143099 82.77783574835536 110.70815507600231 94.92738651886386 84.81877297724766 88.15868810111812 103.6551919854387 126.93131157736946
53.87806810645553 42.546450090250346 48.24927269630577 57.53928368972894 16.352421944928775 14.108016441207287 19.245962596017012 59.26804293992068 62.099658671034085 14.362317749820823 59.08453836975094 46.40237994927402 23.767528793524743 53.932724845774665 14.907210287506775 16.276453425561748 32.39876162614191 21.56720468629054 28.110587106623374 21.493247650268348 55.11253064414311 13.408278887152902 32.93533081408491 57.51168584362664 58.812999075346255 43.120879354111295 0.0 59.75696646783603 53.27926191844653 21.17464829201378 45.05161159981529 49.79542152372367 29.049389904489836 12.274959422375398 22.15604194855718 21.394746008896544 2.1339197942352057 34.042956633163385 19.98227036316184 30.784278000202697 93.3023271194773 63.90451779850632 43.093767370869635 45.002004622918726 67.73559106264618 84.82019750533736 50.860709147069336 19.33930863912501 23.580866735605134 55.972823647072644 85.26345973708808 51.58983091890393 21.16633142603687 25.087175246033055 56.617744405777515 94.50658662836813 65.63444114889732 45.59695940421988 47.38252254675407 69.324902256109 110.3597882699333 86.75151213442639 72.57494262205049 73.50629351382632 89.07291129247682
113.55321289887704 99.76491805937401 107.95880271501744 107.1426562723138 56.27827248157453 68.35567178136195 78.42328655727574 2.4551862237059425 121.82855641660049 57.62912031477964 118.79517806752078 106.02665115550914 76.9549075081851 107.22005215015055 51.040347527819264 56.988533834702 92.11610186484674 81.28372538668621 33.431410109697154 55.35755963712019 114.76427518704605 69.17459327660525 91.52329029301112 106.11222153189476 118.45582685190743 102.79874698803732 59.75696646783603 0.0 113.03478527331431 48.687498712629626 101.01320581113191 108.9837207862313 88.55904155628191 53.38023584425356 38.02102187926667 76.28448413994744 57.675118973763944 93.75613118226686 50.0363403778182 75.5472528660666 151.9944949227821 120.13705273686749 90.32328715873423 65.410096917705 52.853241804656406 144.50336593979628 110.59951680177633 77.31833742916228 46.03085190148692 25.581149097820663 142.2010162358241 107.60220971229283 73.00819392041151 38.431907995356326 4.3221583613554975 145.33438415194053 111.67316794772975 78.8323977916945 48.50808926559747 29.771795175421563 153.5709397207453 122.10726560300387 92.90385241907245 68.89744534046977 57.07346893168383
4.651602214490957 23.508392548134506 6.1480215995721235 45.784807724346955 60.99930572600611 47.390673529413945 35.29183098809406 112.51145144425581 9.33333833589426 58.876816308153224 6.884437881659949 8.222493146328743 42.321063214071756 36.21335000128576 64.09433458286283 60.37110671755544 21.090927399948658 31.832318693881298 80.79905863236411 64.69520155454722 4.485064102126952 45.90465044262724 24.852248122274084 47.830924934073984 7.786027036548835 10.688279753320773 53.27926191844653 113.03478527331431 0.0 69.09661875090312 28.099407386377724 11.581014456101862 24.927640204843126 61.46167868638881 75.27105018603157 41.029651672532154 55.36027282081511 19.370384124798406 67.54611835324965 51.91328061691952 43.21820612584922 29.1119853805574 47.13851844823172 77.40419902435345 110.25251927963373 31.94126346487029 2.777450878887905 37.28322088672684 71.88335892710828 106.48591656294067 42.20547684000777 27.600548512116063 46.22897191880812 76.85886399493455 109.87398084798706 64.42781922240158 55.76461912360933 66.80744688248635 90.61771641243743 119.81109902797841 90.16115684294871 83.97194469700757 91.47817544571413 109.90878700767387 134.85674668696012
68.57154297656865 62.54878148404462 63.347421059926354 58.702649024364234 8.211283262245782 21.74682918087471 34.00436619806187 49.03133927315786 77.01253427045843 10.223257556906086 73.89906918676236 63.445901854219876 44.93729953569088 58.54241576154017 27.445167754692786 8.891759678549931 48.23268449838344 38.17845942455545 15.94808412555794 6.8690960381128 71.77972316692758 23.19413082550526 45.24295658503326 57.82544475644362 73.19970873409062 60.03144696213737 21.17464829201378 48.687498712629626 69.09661875090312 0.0 52.81906784889703 62.832759007964874 47.2388259556519 8.977071235990017 15.011348997446168 42.54603527512485 20.25378188601806 51.12870612254071 1.5527148780093727 51.05353329458114 111.2261418396385 83.92311803247955 64.10702624047633 59.75883072669162 73.67028471459545 99.00255151624768 67.05937718683596 39.84030833459077 32.74714500233913 54.33540357456163 93.88109439025743 59.31436943374782 24.851220087127032 10.57478318484589 44.731679155686386 96.99368660607743 64.08470203540804 34.65206510991742 26.25880777979044 50.726000669554594 107.62814339158498 79.13842358473045 57.76472959711413 52.9663944904018 68.32945900130483
24.55533808203379 41.993796057639535 22.653284981838922 19.415346686109928 44.85179790456454 33.014281072248686 26.934402233738655 101.074535930341 31.34038576158367 43.38970248279856 28.674355693679423 29.0657592341838 48.0312481011065 11.049928260923469 59.47142434525489 44.141135315716426 22.256713188545923 27.671602336954564 67.58569555178381 46.74660822522026 32.5217777862164 32.61955157871587 14.6261391574882 21.023948793210995 27.10459468319438 27.16452395639606 45.05161159981529 101.01320581113191 28.099407386377724 52.81906784889703 0.0 16.74411585725152 29.651921498655504 47.760521446923114 63.614640641340635 45.244412873470914 47.076797533792536 25.933582838601023 51.35189702715932 59.77270662794863 69.2964552945253 55.86596506247682 61.9258216151843 83.32708267437599 111.56519180923358 49.466928735685144 28.064132406451673 39.02632213441488 68.21548147797674 100.88850186753434 41.189337572090174 6.638242070327709 28.043277012519347 62.63895683260778 97.24045886467852 50.50539537495938 29.840589090581002 40.310846375789126 68.9514734914289 101.38286265479215 70.77873017933477 57.6778174832069 63.55015790179573 84.52990278296734 112.45788684266238
7.813755848968094 30.603023262158217 7.272260210821672 34.24369242508647 54.621829976234096 41.24259438072756 30.644447322927498 108.6984934841713 15.236524215650434 52.70312524592014 12.303321087299151 15.017503318990833 44.28534222778439 24.6917958998186 62.418037169463645 53.946605214589574 18.322488216947452 28.563564842999565 75.9456224662264 57.69396494252019 16.06479599982366 40.10029003862312 17.63307722656451 36.26624832164625 11.014905256283814 14.72439703936893 49.79542152372367 108.9837207862313 11.581014456101862 62.832759007964874 16.74411585725152 0.0 24.895597824569776 56.05336299182518 70.96294518349102 42.25497191577872 51.92917639827901 19.219984244130007 61.28724676951418 55.20035949224467 52.9571511042673 40.36296217980494 53.37321383834546 80.3931189294905 111.6791366465544 36.182613307151115 12.149441399745642 37.16029958337535 70.77441855713522 105.03332945853722 37.70416301667362 16.093473939143582 38.61664440661032 71.54257385722215 105.54754307854246 56.051054036600235 44.30953940318265 56.38941132509061 82.40759637651794 113.12415291900669 80.43279042505921 72.52942624859823 80.28918061669869 100.13460106677597 126.50009916361654
26.506517024652933 16.97532360483983 20.867078466450586 48.38996548243299 39.683130487814736 26.821439158788614 14.263380037104774 87.92967819672772 34.142716707776025 37.36990853850621 31.32292216295623 17.48455694314779 19.525508769895655 40.70029964292202 39.166769307052824 39.16514751822003 7.537510722842017 9.441702636486223 57.08182915056003 44.203013138018214 26.22823869608631 24.927982988999048 15.541994119808894 49.56223916295719 31.456102022072265 14.350948308060532 29.049389904489836 88.55904155628191 24.927640204843126 47.2388259556519 29.651921498655504 24.895597824569776 0.0 38.781609496419264 51.205327680866475 17.36360403241139 31.043727588220385 5.827769573297512 45.7412694270171 30.865871627019303 64.39737003602593 37.4579112229784 32.46545241286109 55.675423026391776 86.83511098178052 56.864004354487385 22.31536953219911 12.541562101551369 47.02616483398221 81.61178784032697 62.59329211039162 34.29427703494165 28.79436987926011 53.637441358116575 85.55510255493589 78.74133526239982 58.62952705425497 55.40254397679866 71.38808856245441 97.55958881604404 100.40028734489275 85.3335704340178 82.93455560616486 94.17634793932423 115.13014476323684
61.292809897427944 53.728918974243406 55.90020652453234 56.376190851793105 5.739911275986496 14.989509640221776 26.17002027863035 53.351578150162325 69.7129326454576 5.284482113344098 66.61463622957486 55.40594025534641 36.03484611900082 54.80389058114295 21.145545519721118 6.124134177352338 40.41092074859124 29.989686007461344 20.003583014990575 10.0692729881087 63.89483937135815 15.956962773363744 38.44060484792368 55.8436834871118 66.05234598014607 52.00965967738121 12.274959422375398 53.38023584425356 61.46167868638881 8.977071235990017 47.760521446923114 56.05336299182518 38.781609496419264 0.0 15.954363908050743 33.59414275671437 11.571723283218821 42.989654852449185 7.716945237797167 42.64539009808402 103.05015025139035 75.12330732708325 55.339779409873515 53.6308969931382 71.30818385936436 92.04269568226722 59.29393764359698 30.89542902029476 28.073605182370883 54.92331346581089 88.92952073862998 54.38336594812709 20.03735072262133 15.50143397272914 49.73879356736594 94.49429195959492 62.999061217634626 37.462337278032194 35.11134024126976 58.796430265384814 107.39615474502932 80.93025779827767 62.930625960375565 61.364527417801334 77.23814635117814
