0.0 41.25641353349003 31.92035455010302 48.234307730135455 65.3817570794852 94.25514818947926 39.817066439916864 63.01266767075342 53.90233992863402 61.20330936224207 21.949505856593596 80.73269522192162 44.26831692522131 42.05560159726879 60.64755827554304 40.675970964984366 53.67527157447506 66.36252287372555 45.849728437426855 44.49921203542762 60.86056155497778 98.96134883414659 20.081272220675604 68.23522564905375 11.84651785411381 72.97491378805006 34.89194549633665 55.66281443227226 45.747393641755934 59.480514859577276 42.39014559189702 91.45713797771572 51.84837684054721 39.93696908970553 56.90747345502503 57.5882953107761 51.759680334348566 56.824579537230825 42.05486346122843 56.9427535409701 131.08293055822662 111.29713339972645 99.93014100916527 99.89833945359167 111.21145324753455 111.2195297778754 87.28303639959222 72.53709073386216 72.79894967159329 87.934640879233 95.61478268924294 66.486013767185 45.75381806068775 46.489269632636365 67.99934557157624 86.60327942471834 52.85281695187952 21.944533645829342 23.760364028519934 55.15793039309814 86.27689029222283 52.32124377701587 20.643992622580587 22.57625836255928 54.663073286514205
41.25641353349003 0.0 39.333972671935065 26.027037009267833 24.82286082417146 55.73460832402353 1.4409676701207028 33.82371216943052 13.786172030971253 22.827055229012238 26.331161080533725 41.98693687322867 19.957199366607085 2.8435400793069356 47.243194048631466 4.447850194076897 27.202399010764015 50.03558370888098 7.849479097535381 16.084499366256942 23.08725113965751 60.077065994389564 44.16898986075459 27.560281489978685 31.09931299511121 32.06790439362333 6.581574026636754 18.66310543211583 12.85892302738114 22.036828969907976 23.313042052651383 53.291660064222036 21.68199407141761 17.355198613942267 60.48980091040115 54.75622853382465 24.932591157728996 21.806346071623636 6.218832232056202 38.63822333489763 91.46729959776648 70.04072875889052 61.9670835174206 71.8951608958186 94.30104901765618 75.06534411243662 46.89699381836664 34.03941686095636 50.128509852711545 79.13207205903039 67.05892017843549 32.73944431842519 6.457349598506357 37.501696284024604 71.8742707461827 70.37478650318903 39.030729687685074 22.11402386995022 43.00589669765313 74.86540694453761 83.67744767707231 59.614445290544644 50.006542017073556 61.985738052207246 87.05523831892529
31.92035455010302 39.333972671935065 0.0 26.511948028764753 55.004249495676476 93.80454188109847 38.30910333461473 40.72755878297555 45.20064240676836 47.9372099998566 41.22239517396199 64.6191569904271 26.77472716076295 37.89716839020647 30.28711423052562 35.67836532388381 32.40583772467671 36.392778436876085 47.042604099973445 29.990598521123236 46.92993307007185 97.77359715407569 15.042038427581486 57.715814857749855 23.579924774825024 68.07429837333635 34.007070626345545 42.43252475477798 33.79436772593913 45.53996815478379 55.60847355795052 73.3877850747983 34.189442810814434 25.10302069548951 26.20467929682762 25.686540886707235 31.593064077136855 41.233754338794924 44.26016889358918 29.381086240697897 127.74732837998609 101.1728135635251 80.9150643002842 72.47970882293059 79.71273352915296 113.92938436782688 83.22960883879382 57.177320057279445 44.78994360652703 56.01648994697311 105.91347702548437 71.98007058557877 39.23576402108433 17.10580212308728 37.95550586467522 105.03695028576803 70.69601790269158 36.8503076746712 10.621469327508049 35.53221428783304 111.46839979485709 79.85967368704931 52.19919915314897 38.298444959928375 51.02559126668697
48.234307730135455 26.027037009267833 26.511948028764753 0.0 30.68925947130522 72.0464966112459 25.964268568632846 15.09958981638311 23.60572375931789 22.86848924111649 44.60724431929446 38.141117130851015 6.226396746588652 23.304545267526382 21.264871400721788 21.647494809199173 5.997954949081198 24.151478180718836 33.053518910945556 9.974925538289867 21.639677673436754 75.44480965418903 39.2085177166698 33.08707489728704 36.47974989062504 45.5250959303986 25.14559785182071 18.176409877508046 13.870066446991414 20.394998084432984 48.924821337670124 46.96661666066727 8.672241674663372 10.325603487758956 38.137345061033315 30.686575202803414 5.159420612698152 15.761134951894972 32.24366437167276 12.673395098997688 103.64852716371239 75.29902379876555 54.69619153100452 52.04044901199628 69.42296364538035 93.09837908584963 60.11081976044408 30.88944058452614 26.26497383839867 53.107293149048616 90.41607180615887 55.90699776383351 21.701903818645246 14.532953314321649 48.43856631873228 96.26172097764979 64.85997408760196 39.270172868934935 35.669449696881536 58.28641121452329 109.27490269435505 82.80652189194144 64.55708608898755 62.23420482477651 77.28749397972344
65.3817570794852 24.82286082417146 55.004249495676476 30.68925947130522 0.0 41.94459149076045 26.182551449170727 25.67563312505339 11.481773194545921 8.047088513887923 50.91640794646016 18.246964528088732 28.341837676956835 23.456182968354565 47.98656641171398 24.707059931753825 26.683414269651546 47.66161794863979 24.11515757798532 25.050318650121586 9.436111960735479 45.015762723224924 64.3516254581719 2.885086756210518 54.39974379200098 15.661369126254344 30.664140788872263 12.701473652342944 21.620037310024042 10.439390148893374 41.83913201275595 29.53601561555228 22.0170611149871 30.12845344221831 68.49067537683895 60.366884880184344 25.939633908810347 15.08229800839145 27.019483785189276 38.914270960196696 73.08872282871063 46.89855072294302 38.10266930580108 55.668478063269724 84.5042731725627 63.2536158591532 29.510098129746066 11.641498675573347 42.36809788778273 76.48162899183188 65.23444919056394 33.51152407602263 19.630558717173024 45.1945033183983 78.06775986111931 78.13761702904455 54.369004727804146 46.918035785722886 61.97924988243118 88.74888549385162 97.72807051264837 79.81002546015853 74.72114735695978 84.80333048966226 105.80503372532397
94.25514818947926 55.73460832402353 93.80454188109847 72.0464966112459 41.94459149076045 0.0 57.04457400699295 67.10178739047899 49.05828062761363 49.98217462408148 73.80308754843563 47.32245175210672 68.55546710406688 56.44994512834049 89.8822825825536 58.587799242785714 68.54404041579458 89.18023216617416 49.164362317661656 64.59359049061584 51.37948342610049 4.927779537648548 99.9018533480789 40.15173622671609 85.869526926912 26.53449702295732 62.13977160015486 53.908898585177944 60.421139660711255 52.32196573973915 54.92124208211835 52.254274760436765 63.48718901585058 68.95936604796789 110.15272548724448 102.23985794333834 67.60658436336854 56.89307996179848 52.83016228375339 80.85385574523822 37.12810618410636 33.10429262119795 56.64034260321182 87.83620511622142 120.90122309627255 21.359816039582526 13.49435529881638 47.98758009674453 82.57343638892155 117.16992483367417 33.87035893691294 29.440114420894293 54.59926997722543 86.54640979857977 119.97634199059782 58.74806701559134 56.12239527750047 72.4079200745084 98.64525477870451 128.89399307806224 85.84004392493159 83.85091570123214 95.33183181391685 116.36176097617923 142.78193106777613
39.817066439916864 1.4409676701207028 38.30910333461473 25.964268568632846 26.182551449170727 57.04457400699295 0.0 34.36853706362579 15.054822289200164 23.968153050948676 25.106071158056473 43.22989122721863 19.81888861409305 3.4399627006835334 47.103514439498724 4.350101515248007 27.45508296092397 50.05844581026696 8.740639509092384 16.10294288274679 24.1738055089359 61.40968436196492 42.85920738492887 28.9350148229043 29.669911891453406 33.493324951913394 5.17363053044854 19.62432821383668 13.175923285023853 23.08300373549861 23.086016529034996 54.51512406782065 22.077213234009605 16.935171048993745 59.83048722547146 54.26823340309031 25.1557484536642 22.625233451974363 6.523448121380372 38.6194196763247 92.84749322103472 71.48010901712138 63.18964222338355 72.60324852203868 94.5743539180247 76.27810914735204 48.29943571354628 35.24416374615394 50.460843226344196 79.0270355813607 67.89171638594053 33.68790208186989 7.437588628600688 37.021805569582206 71.27947696031009 70.66492579132296 38.93061031448244 20.79661187133828 41.76423918606071 73.82987368091004 83.49292023844913 58.948848051598866 48.72035932643056 60.55731094845959 85.76427097137665
63.01266767075342 33.82371216943052 40.72755878297555 15.09958981638311 25.67563312505339 67.10178739047899 34.36853706362579 0.0 24.72904428856269 18.173178369624598 56.93372936296924 25.874106006802943 18.912993439942603 31.02115516459695 23.276201576638645 30.25497453578865 9.345254771075382 22.085470239827277 38.835348625647995 20.015213528203134 16.78353685082349 69.72650217290601 54.13390665256241 27.036882804914487 51.18597415238306 41.274806827850036 35.585435751533865 17.306493869347804 21.376929080696744 16.42653230320223 56.91510563505658 33.01956603163371 12.58321455441615 23.456552315570953 45.98455621008218 37.04311624861816 11.306339400098883 13.290490007313506 39.47128230141055 15.14258937641662 95.1338011704841 64.3203509260533 40.23188672588354 38.66434565046563 61.36846330521701 88.46042240487536 54.06637618124719 20.39492619118742 17.42372735647578 50.853444478420954 90.46804301862814 57.2633595873459 27.722991813309456 25.551567062957016 54.14838191594217 100.6383673730784 72.14461211740814 51.73411040164459 50.42618717575298 69.31083306189998 116.85879343821587 93.27550890414594 78.35435418671305 77.28667661867037 90.56377448924485
53.90233992863402 13.786172030971253 45.20064240676836 23.60572375931789 11.481773194545921 49.05828062761363 15.054822289200164 24.72904428856269 0.0 9.462591854850407 40.11522564848964 28.205188572222106 19.521741536030376 12.092568373331881 43.67495973450853 13.232761049046593 21.566679022264168 44.81514892464427 15.321916088159597 15.540260688997508 10.082357553798483 52.789400036352745 53.458290447462225 14.346478807414437 42.94087103344393 22.90384178961022 19.267068495452598 7.422573248672063 11.440676109953486 9.425519839240016 33.928441757293555 39.52464737819604 15.698639881290386 20.10948522430897 61.6033397113938 54.287853309482436 19.95576604380463 11.440676109953529 17.269744847236435 34.42075487507236 82.59003472844701 58.09252213584715 48.199348874745915 60.55098800560974 86.04926424449194 69.82055356749491 38.03170483796413 20.31644293469356 42.11830412615147 74.36391355763695 67.24806969993882 33.121624534632765 8.162987520922227 37.829617216417766 72.04428313349433 75.91649040837868 48.23541716101011 35.84447889907806 51.35978108143872 79.91030474176499 92.72470387670967 71.66017351897362 63.775110506181605 73.44469663483892 95.47647196481422
61.20330936224207 22.827055229012238 47.9372099998566 22.86848924111649 8.047088513887923 49.98217462408148 23.968153050948676 18.173178369624598 9.462591854850407 0.0 49.04510661230521 19.62209815787661 21.165090868914245 20.712209116448403 40.00797496737324 21.29517495589798 18.649824602527378 39.91095534048022 24.72075947114413 18.410214119534782 1.4226131961577468 53.05851350986266 58.208928418838845 10.23520026980072 49.77634211797467 23.60715985394835 27.55224126726088 5.758406784225524 15.746467507939704 2.473946749163908 43.294916499957544 30.714777721634114 14.229327549050735 23.620104745127012 60.48413465364023 52.32225510570568 17.99550068597166 7.1248624752933445 26.72377278895476 30.895946361860762 80.78049270769638 53.29322785718226 39.36587662050366 51.5169906193574 78.44203194862469 71.27691796191255 37.528016428805934 11.452373666883425 35.33855643284041 69.00233431925372 72.30069469950604 39.4207223944329 16.596544214442684 37.306115200972364 70.02068414846109 83.46528536335384 57.24581903024632 44.52560157186323 55.522878689427934 81.10404665548634 101.47654833050277 81.10193926847968 72.47282544189689 79.51004644503516 98.92489942628266
21.949505856593596 26.331161080533725 41.22239517396199 44.60724431929446 50.91640794646016 73.80308754843563 25.106071158056473 56.93372936296924 40.11522564848964 49.04510661230521 0.0 68.31809251461918 38.837829619904916 28.336701036153585 62.90440656440781 28.005185159028272 48.428389326351656 67.48833012515644 27.89880834362092 36.9321985227157 49.179953451214814 78.6263097536808 36.27663650201265 53.542526977072576 19.245931177609762 54.99051995619649 21.869955420579576 44.40442722561262 36.03776762693192 48.021126168910435 20.47676815392406 79.61782180596228 44.39857199458099 34.34832630404625 67.2631884617542 64.91093128826401 46.12061304215071 46.91669932993537 24.34765873372156 56.359023023910815 110.894317639641 94.07041615896044 88.29290960461684 95.5862634312058 113.45717608493247 89.81237373482472 68.24086168741525 60.35023490160722 70.86797177225772 93.79323490621107 73.67965408404844 45.2047197862695 32.4511299743307 49.5733684866463 79.09991005163519 66.21923605415972 31.77022873576189 5.344313915129698 37.98196934734464 72.46759514952281 70.25104622691549 39.42735977549999 23.84674647234756 44.470904549292555 76.03616771682861
80.73269522192162 41.98693687322867 64.6191569904271 38.141117130851015 18.246964528088732 47.32245175210672 43.22989122721863 25.874106006802943 28.205188572222106 19.62209815787661 68.31809251461918 0.0 38.70267439503019 40.114823316403736 48.50355764342632 40.85928011003323 32.404392501764555 45.872497199129114 42.26895520004281 36.95536962697452 19.874616397066607 48.700686634012094 76.38216063593809 16.354599613742263 69.19916023025289 26.707008827504417 47.10077190757013 25.069885141311556 35.03215860724717 21.2527901208206 60.073340636543605 11.364640439289794 30.756712593871153 42.06941296893723 71.77562545263095 62.71086467981895 33.028025595572025 24.35058766050648 44.97938996345115 40.97964793364376 70.43615450961268 38.51764533560768 20.020307921493178 41.38674961145038 73.61901890467568 67.98082551230576 33.86548442674864 8.197718268592267 37.1804691391418 71.36122993074365 76.64753150171359 48.875462120219716 36.02230491327729 51.00226511617371 79.37055237481924 93.38915668514217 72.17587617979441 63.968379545401824 73.27567144201923 95.08663645408262 114.72271563345787 98.02218257624119 91.92433464493533 98.42005157956676 115.40198453240161
44.26831692522131 19.957199366607085 26.77472716076295 6.226396746588652 28.341837676956835 68.55546710406688 19.81888861409305 18.912993439942603 19.521741536030376 21.165090868914245 38.837829619904916 38.70267439503019 0.0 17.299734758952273 27.292808130870398 15.537342705752351 9.772254470263105 30.372818262145344 27.203527695469372 4.267839588471826 20.18409447284361 72.20414222594788 37.67952742741655 30.999049994695582 32.42195727333082 42.229651427465235 18.933765311632687 15.68664094204003 8.558474037637886 18.781472190985475 42.717662292608495 48.461692443953176 8.00745194311854 4.591312817731492 42.336327600512476 35.586972356086314 7.614632089789849 14.612478868099554 26.173716933200925 18.88790861574042 101.35437409592298 74.43469664381018 56.59625194567037 57.101174762258196 75.58273175282763 89.33696088421762 57.18361001613826 30.88168921353089 32.12838313624259 59.20834465910624 85.29408501182506 50.69951817043179 16.14483563674335 18.593672662392898 53.156824385305306 90.30345856518971 58.66849145884654 33.5276992025251 34.656295250605375 60.60402998225689 103.05310916794858 76.71093441754898 59.53135047424952 59.98488143597997 77.76361870425706
42.05560159726879 2.8435400793069356 37.89716839020647 23.304545267526382 23.456182968354565 56.44994512834049 3.4399627006835334 31.02115516459695 12.092568373331881 20.712209116448403 28.336701036153585 40.114823316403736 17.299734758952273 0.0 44.55076779326152 2.223874090399331 24.36368225501854 47.254461499585915 10.036968678430215 13.337463413110553 20.854310521055694 60.67679097168605 43.642992061048666 26.270072200154434 31.458870942512736 32.0373841139213 7.210123167400232 16.2195440719321 10.018007442523384 19.728578075118886 26.156234257455537 51.35471905657427 18.84115622290054 14.989650729320683 58.32714104245064 52.37399710793504 22.098901128572322 19.185288360993614 8.971109996331096 35.88043521691075 91.76190040369383 69.38415534035539 60.02382207175782 69.18338657485475 91.45822159357513 76.1405186109868 47.06785343983928 32.065889577449965 47.28523993239093 76.40942841302575 69.04456631552 34.563251972561716 4.115667696890258 35.12994646622005 69.61423447327202 73.00428705518213 41.85601756951971 23.855182032720368 42.20256434944246 73.40222333288138 86.51455255544619 62.348009904490254 51.81295678825491 62.2630890718443 86.39215038017497
60.64755827554304 47.243194048631466 30.28711423052562 21.264871400721788 47.98656641171398 89.8822825825536 47.103514439498724 23.276201576638645 43.67495973450853 40.00797496737324 62.90440656440781 48.50355764342632 27.292808130870398 44.55076779326152 0.0 42.829967424600696 22.12909967001256 6.192614295754381 54.31327572537644 31.237150271605007 38.5917362883287 92.72415000985757 45.31514584646226 49.74479852483544 50.117065846387455 63.61369021167724 45.719006731990014 37.0088837592335 35.06430164559107 37.78138160295809 69.85048754646832 53.62119246517973 27.990561182388124 30.56252856550966 23.86789960906035 14.550736266697967 23.767243465227285 33.43719774155341 53.461669990322825 9.26775089949964 118.3690980497062 86.98522216302729 59.29951976997446 43.142274918265 50.99899406708765 111.22098878557742 77.07389804656825 43.65218405054985 16.293881780851322 31.94241683842804 110.92274264182664 76.64686239756779 42.900809538821555 14.179868348973585 30.927481911180994 117.52653589685677 85.84579149851429 57.63103034755046 40.84108059211836 49.08639866156129 129.9842960449685 102.10080780525456 79.67431388782119 68.30945204715987 73.34255103590948
40.675970964984366 4.447850194076897 35.67836532388381 21.647494809199173 24.707059931753825 58.587799242785714 4.350101515248007 30.25497453578865 13.232761049046593 21.29517495589798 28.005185159028272 40.85928011003323 15.537342705752351 2.223874090399331 42.829967424600696 0.0 23.133425325156868 45.719006731989964 12.108453900400079 11.757516352112455 21.291068587997636 62.786399530773586 41.61198480806326 27.559369869948874 29.84630670676156 33.97526846800528 6.2591955475004575 16.40853249112551 8.928204202061165 20.07600357650889 27.434439854499526 52.00973564762086 17.848196946614685 12.940008231955291 56.196653851185815 50.34721174654477 20.82538151867904 19.009332029189988 10.644698663593642 34.28985361470349 93.77505400992028 70.98804286658516 60.65991971740548 68.66390351424586 90.247546151493 78.33745071155388 49.058153204183526 32.73350009059442 46.16378538842881 74.73648075210589 71.21425925646543 36.75869374707545 5.078029798821123 33.09418654978873 67.52420274427712 74.81955128964056 43.27655554432527 23.293756271856836 40.089670985641746 71.1801108113985 87.84195861083226 63.02101686704426 51.2043981154709 60.55522398196557 84.30173700370241
53.67527157447506 27.202399010764015 32.40583772467671 5.997954949081198 26.683414269651546 68.54404041579458 27.45508296092397 9.345254771075382 21.566679022264168 18.649824602527378 48.428389326351656 32.404392501764555 9.772254470263105 24.36368225501854 22.12909967001256 23.133425325156868 0.0 23.482479326011344 33.39148279935006 11.751558036707456 17.29832001993477 71.69781089474147 45.201355961637574 28.821890694269808 41.854955428062866 42.052053236081974 27.733189582355703 14.9504783823875 14.347084505564606 16.247579450129948 50.50610934416166 41.00505751224398 5.989994517458501 14.363076285017867 41.853349506351776 33.6988990259561 2.349157041107486 11.651382495359233 33.26206565852332 12.863796605315828 99.08419961066343 69.98067758624674 48.700378552836376 47.33892183758251 67.11955887926054 89.7783659467499 56.17760171686275 25.427143864170965 23.06523625503927 53.031305564726765 88.80896459526484 54.6295807744042 21.831218281107425 19.070007359496127 51.43520547982055 96.42779746789027 66.20203598614175 43.15001738505433 41.6648943368393 63.283709025746916 110.8780320684791 85.73679520902775 69.29953511471058 68.18225972174483 83.00592131764918
66.36252287372555 50.03558370888098 36.392778436876085 24.151478180718836 47.66161794863979 89.18023216617416 50.05844581026696 22.085470239827277 44.81514892464427 39.91095534048022 67.48833012515644 45.872497199129114 30.372818262145344 47.254461499585915 6.192614295754381 45.719006731989964 23.482479326011344 0.0 56.695425343500744 33.964351985858116 38.49118602806203 91.74396828273697 51.432323031586606 49.11577721802979 55.595605879358246 63.306287229001356 49.22976210772826 37.734486080556486 37.41376245532211 37.88379607674235 73.06984282065874 49.87385975694532 29.470017294715756 34.144162961068375 28.529836637851197 19.295437730270333 25.491043298042985 33.89700661636845 56.22545592919925 11.490278091917489 116.21865502623332 84.06307383780334 54.96592843679212 37.023431698369784 45.98960753149053 110.5368470925838 76.09249067305855 41.91172393862464 10.861443976929271 29.5669109330583 111.82532616800148 77.93549518876111 45.14229362051566 19.913798278295154 33.91370631579042 119.85944419591839 88.98430686686977 62.168635701813464 46.97322166933051 54.24794683843711 133.4257702169589 106.40844602686084 85.07540721642705 74.48247272956236 79.07084722107966
45.849728437426855 7.849479097535381 47.042604099973445 33.053518910945556 24.11515757798532 49.164362317661656 8.740639509092384 38.835348625647995 15.321916088159597 24.72075947114413 27.89880834362092 42.26895520004281 27.203527695469372 10.036968678430215 54.31327572537644 12.108453900400079 33.39148279935006 56.695425343500744 0.0 23.101007456940575 25.40344813736373 53.681367715781455 51.02210317152855 26.453405869174787 36.75372430685598 27.349312182886933 13.343894124174577 22.10786532533631 19.306384916757885 24.708851145714373 18.609109700240328 53.61122024649326 27.536772625003444 25.0212816390935 68.29676893972436 62.41087718811512 31.250701297578455 25.873361144644218 3.795612532117231 45.463122516892604 85.50927629785112 66.28300182783178 62.20784918479795 75.76923412596996 100.03458076811168 67.8996669486422 41.433908178973226 34.89993105351096 55.80388959125675 86.05216711096612 59.20997373579074 24.947272901345684 11.56571264090627 45.16656773354833 79.63118623388249 63.231859441536734 33.32104509243057 24.842712382315874 50.18837500716101 82.55561717962928 78.02357228863919 56.39607844949629 51.6542482607299 67.45820135190318 93.95669407925402
44.49921203542762 16.084499366256942 29.990598521123236 9.974925538289867 25.050318650121586 64.59359049061584 16.10294288274679 20.015213528203134 15.540260688997508 18.410214119534782 36.9321985227157 36.95536962697452 4.267839588471826 13.337463413110553 31.237150271605007 11.757516352112455 11.751558036707456 33.964351985858116 23.101007456940575 0.0 17.621448922532878 68.32259885776001 39.81194768657222 27.805800902781414 32.720354381889244 38.39343518435763 15.982924927716065 12.695909588039852 4.313301187058158 16.18305168309018 39.16579010217251 47.21787142302431 7.623189683869701 5.212851745361783 46.57073099782205 39.85251681940261 9.40240385252127 12.611300522260006 22.292688709727464 22.55372516074921 97.808401054938 71.62148621175653 55.56606767713819 58.65436972507049 78.66307214452559 85.27722799893353 53.44566437224243 28.905245774543467 34.77683416792284 63.0728461741616 81.02699626754527 46.433842869157395 11.903099313296515 22.8499486462371 57.42308684856532 86.29037768624768 55.03331399465117 31.71970113891708 37.127491901543486 64.38632846220099 99.56967763642182 73.98703008810844 58.55621630807389 61.46844920037187 80.76323394576796
60.86056155497778 23.08725113965751 46.92993307007185 21.639677673436754 9.436111960735479 51.37948342610049 24.1738055089359 16.78353685082349 10.082357553798483 1.4226131961577468 49.179953451214814 19.874616397066607 20.18409447284361 20.854310521055694 38.5917362883287 21.291068587997636 17.29832001993477 38.49118602806203 25.40344813736373 17.621448922532878 0.0 54.43226240951823 57.43098039692872 11.536268483777643 49.359263637852614 25.02210471282222 27.546925950737986 5.20366093172169 15.221060982615079 1.4394967903349054 44.007283373145896 30.807558425287382 13.04111903537175 22.832772759592505 59.14630681958837 50.94976018165443 16.712035207074173 5.879563090563996 27.2442839218227 29.488156160345735 82.01856574084366 54.251952868224954 39.424962278238915 50.598467451840385 77.20690489339552 72.68089738621434 38.88457822646303 11.677322783781328 33.99354608657665 67.59892268561059 73.68478567452979 40.71358001025972 16.750898019302927 36.03385354882813 68.63769845044193 84.66310360754643 58.137952856141204 44.57597453123317 54.670183302375435 79.909047501752 102.45776639364003 81.72630881908464 72.49507896394218 78.90902773579543 97.94122780967288
98.96134883414659 60.077065994389564 97.77359715407569 75.44480965418903 45.015762723224924 4.927779537648548 61.40968436196492 69.72650217290601 52.789400036352745 53.05851350986266 78.6263097536808 48.700686634012094 72.20414222594788 60.67679097168605 92.72415000985757 62.786399530773586 71.69781089474147 91.74396828273697 53.681367715781455 68.32259885776001 54.43226240951823 0.0 104.23582042998801 43.02171030897198 90.42552549109438 29.98541338533648 66.53431430228477 57.26918870258722 64.20941064023195 55.45050103574918 59.831294066025414 52.62109654576396 66.82464393591239 72.81436806890756 113.45963151949022 105.38058923415315 70.87720393427537 60.07295838663659 57.3804734836692 83.80151314928439 32.271428866051245 30.146771034131884 56.3120918091306 88.47664528658657 121.98369987389133 19.28083020474295 15.661239934703271 50.136341717454485 84.71650008665641 119.3104032121958 36.2792873149535 34.36640637973797 58.65789723761003 89.9737947977568 123.06361937029644 62.24709008607029 60.95982905429057 77.15106644431256 102.87496832645625 132.69897105561614 89.70588323199257 88.60181931567692 100.2403282938646 120.99863046505195 147.06433236211785
20.081272220675604 44.16898986075459 15.042038427581486 39.2085177166698 64.3516254581719 99.9018533480789 42.85920738492887 54.13390665256241 53.458290447462225 58.208928418838845 36.27663650201265 76.38216063593809 37.67952742741655 43.642992061048666 45.31514584646226 41.61198480806326 45.201355961637574 51.432323031586606 51.02210317152855 39.81194768657222 57.43098039692872 104.23582042998801 0.0 67.20186235855613 17.116630650766826 75.54632788070928 37.79646935235535 52.466791374047915 42.76609033045565 55.99342189500984 54.52171885975774 85.94337185822465 45.64517263601244 34.599272442800064 37.34118566160522 39.28963831926572 43.928705469981125 52.177695984397396 47.586427608702344 44.09353491717679 135.38686507415636 111.22638382853478 93.84944251407637 87.40040870485372 94.15226606949335 118.91117594759002 90.6647307001125 68.5208241325169 59.706763505487224 69.49443286485005 107.369444502693 75.04954755106537 46.16823415179929 32.02204529287624 48.105625533506384 102.44385042182336 67.88579263822812 33.42264575379792 4.529868701378762 36.31556451341382 105.069318238936 71.75159256528283 40.64313062274386 23.458063199163167 42.936476596093414
68.23522564905375 27.560281489978685 57.715814857749855 33.08707489728704 2.885086756210518 40.15173622671609 28.9350148229043 27.036882804914487 14.346478807414437 10.23520026980072 53.542526977072576 16.354599613742263 30.999049994695582 26.270072200154434 49.74479852483544 27.559369869948874 28.821890694269808 49.11577721802979 26.453405869174787 27.805800902781414 11.536268483777643 43.02171030897198 67.20186235855613 0.0 57.27673323226002 14.350662710647416 33.480179593879555 15.315286971838077 24.451729243053876 12.701664292652922 43.819838204310905 27.469587704189948 24.4281852336152 32.91472172086798 70.67499432205403 62.417430413738906 28.2299641573643 17.359837031095875 29.497623133139705 40.78053587977129 70.5788514445111 44.0345270124044 35.93793432770408 55.125864482919226 84.7408815302904 61.505427157953754 27.41509293094421 10.728956849644602 43.283797822004836 77.63193438810843 64.65702724355198 33.845974152558554 22.481425928102617 47.54076995909349 80.06048248551846 78.57602924745167 55.865060092121155 49.62282423307094 64.79777472963711 91.26820757212121 98.81187845480326 81.7162106328259 77.3694291869083 87.68840175371523 108.56896778761804
11.84651785411381 31.09931299511121 23.579924774825024 36.47974989062504 54.39974379200098 85.869526926912 29.669911891453406 51.18597415238306 42.94087103344393 49.77634211797467 19.245931177609762 69.19916023025289 32.42195727333082 31.458870942512736 50.117065846387455 29.84630670676156 41.854955428062866 55.595605879358246 36.75372430685598 32.720354381889244 49.359263637852614 90.42552549109438 17.116630650766826 57.27673323226002 0.0 63.16169051745296 24.535894197163334 44.155714802524145 34.167266473730336 47.95988840073906 37.63640741809801 79.80475037307542 40.02063129907348 28.098965785824653 49.7171858605044 48.86183981069722 39.92149110585273 45.134290549579674 33.04590091351775 45.69259162138503 122.23200955959445 100.82452300779859 88.23384703279694 88.31503910322854 101.03755513927786 103.934514886221 77.88023545506881 61.01692665218111 61.44579869138599 78.88531923454383 90.82701174598778 59.46387068871872 34.88829906484096 35.96207093862095 61.352940605487355 85.33638323044028 50.76999298207957 16.36277187803214 18.781444333524732 53.222168600711555 88.88585637091225 56.48280186101509 29.576353636597933 30.887810349154066 58.55079254156934
72.97491378805006 32.06790439362333 68.07429837333635 45.5250959303986 15.661369126254344 26.53449702295732 33.493324951913394 41.274806827850036 22.90384178961022 23.60715985394835 54.99051995619649 26.707008827504417 42.229651427465235 32.0373841139213 63.61369021167724 33.97526846800528 42.052053236081974 63.306287229001356 27.349312182886933 38.39343518435763 25.02210471282222 29.98541338533648 75.54632788070928 14.350662710647416 63.16169051745296 0.0 38.64521553830109 27.37531840924262 34.34445603805478 25.88264513113968 40.36618924541694 35.850132956533734 36.95312264977252 43.00582746911475 83.61926017693646 75.73244460815386 41.075601291816376 30.403962406802336 31.110978409500476 54.49529195889826 59.90432629711881 39.1081008800185 43.18780133875531 67.79200689701175 98.59591065384303 47.72640261743841 15.190614541657428 24.05312610208322 57.629886536283564 91.97123251766003 50.68812401818461 22.79377023079179 29.40532582287924 60.03863416755001 93.48502114780007 66.80524616947824 48.94722265690039 52.1874572876787 73.79729800344819 102.77821796476549 89.21135864540351 76.54718389027977 78.45392741246687 94.04950082673379 118.02686557100984
34.89194549633665 6.581574026636754 34.007070626345545 25.14559785182071 30.664140788872263 62.13977160015486 5.17363053044854 35.585435751533865 19.267068495452598 27.55224126726088 21.869955420579576 47.10077190757013 18.933765311632687 7.210123167400232 45.719006731990014 6.2591955475004575 27.733189582355703 49.22976210772826 13.343894124174577 15.982924927716065 27.546925950737986 66.53431430228477 37.79646935235535 33.480179593879555 24.535894197163334 38.64521553830109 0.0 22.6273911152394 14.313878473377658 26.321964412916163 24.23053960328066 58.26586342749042 23.010048628968967 15.162780935468785 56.60705493859169 51.635668531041084 25.384157501138706 25.046934167799805 10.269027738324873 37.74247024256823 98.01574493345572 76.4536280179535 66.91782036244916 74.19972096245104 94.48793024905746 81.20079444459247 53.47260417708076 38.98582284275291 50.74735436029968 77.62421125331153 71.91484394666499 38.08614722364557 11.145244816135483 34.535929043758095 68.23559444328147 73.08689900580194 40.23609884470246 17.059931302280415 36.85088362240411 69.42465522652336 84.28172627515437 58.00411073626353 44.94840497181039 55.417110408796646 80.7252619168681
55.66281443227226 18.66310543211583 42.43252475477798 18.176409877508046 12.701473652342944 53.908898585177944 19.62432821383668 17.306493869347804 7.422573248672063 5.758406784225524 44.40442722561262 25.069885141311556 15.68664094204003 16.2195440719321 37.0088837592335 16.40853249112551 14.9504783823875 37.734486080556486 22.10786532533631 12.695909588039852 5.20366093172169 57.26918870258722 52.466791374047915 15.315286971838077 44.155714802524145 27.37531840924262 22.6273911152394 0.0 10.030512437938643 3.820504790007324 40.619690793219256 35.931633047868125 9.578734829198757 17.895504420003682 56.24399031173754 48.44528869144576 13.743676952196143 4.020872897172077 23.414732228032257 27.747956388440443 85.78735519145452 58.93494794855674 44.51967720193292 53.716766625591106 78.63711696766983 75.03620275370564 41.954401146219716 16.874861781314983 34.701574569086176 67.21969003049789 74.1096400182659 40.2895541967718 12.211036356614398 32.70814024457754 66.22225657148898 83.33606224654228 55.34044766258234 39.68696017924168 49.82337055569226 76.05593654018416 99.94163426207467 77.96178643013704 67.54639239274782 73.76825337500337 93.35823683411849
45.747393641755934 12.85892302738114 33.79436772593913 13.870066446991414 21.620037310024042 60.421139660711255 13.175923285023853 21.376929080696744 11.440676109953486 15.746467507939704 36.03776762693192 35.03215860724717 8.558474037637886 10.018007442523384 35.06430164559107 8.928204202061165 14.347084505564606 37.41376245532211 19.306384916757885 4.313301187058158 15.221060982615079 64.20941064023195 42.76609033045565 24.451729243053876 34.167266473730336 34.34445603805478 14.313878473377658 10.030512437938643 0.0 13.807740396126135 36.17007563732139 45.718664875699375 8.920008176022787 8.691579026075186 50.88269743071695 44.105383761861816 12.09537090707192 11.249143065273786 18.927145747928304 26.157465616269516 93.95656653164833 68.46139006836611 54.2299297210546 59.913324375825006 81.44400168439712 81.03391703942714 49.461048912600894 26.853982671726428 37.29234222156938 66.74685437202642 76.77528207958963 42.19617808681226 7.838703766366713 27.15193240288567 61.707891833666515 82.53314188757521 51.85910128559792 31.013705277405727 40.3629792853403 68.49326194085242 96.5311865095509 71.92280615204447 58.50041439616088 63.76907784573409 84.29401199778985
59.480514859577276 22.036828969907976 45.53996815478379 20.394998084432984 10.439390148893374 52.32196573973915 23.08300373549861 16.42653230320223 9.425519839240016 2.473946749163908 48.021126168910435 21.2527901208206 18.781472190985475 19.728578075118886 37.78138160295809 20.07600357650889 16.247579450129948 37.88379607674235 24.708851145714373 16.18305168309018 1.4394967903349054 55.45050103574918 55.99342189500984 12.701664292652922 47.95988840073906 25.88264513113968 26.321964412916163 3.820504790007324 13.807740396126135 0.0 43.316046663421055 32.12237226762088 11.756230973605604 21.394746008896544 58.055312054019865 49.94071171342308 15.536370425042122 4.6619337808497 26.392354165017657 28.622411845939634 83.25429475179683 55.65379679626718 40.72142732611956 51.126766296989906 77.23004508005373 73.59173803318642 39.946616807794705 13.060312257413718 33.767774466293645 67.11784191103591 74.10377093529195 40.87373864643904 15.646276572227388 34.83962178047665 67.6582761869503 84.6058399393734 57.637936731529905 43.369724648881885 53.240510410071145 78.63198171315376 102.05874034570805 80.9323495915549 71.26611238360843 77.47533268071128 96.54403352172898
42.39014559189702 23.313042052651383 55.60847355795052 48.924821337670124 41.83913201275595 54.92124208211835 23.086016529034996 56.91510563505658 33.928441757293555 43.294916499957544 20.47676815392406 60.073340636543605 42.717662292608495 26.156234257455537 69.85048754646832 27.434439854499526 50.50610934416166 73.06984282065874 18.609109700240328 39.16579010217251 44.007283373145896 59.831294066025414 54.52171885975774 43.819838204310905 37.63640741809801 40.36618924541694 24.23053960328066 40.619690793219256 36.17007563732139 43.316046663421055 0.0 71.2865339276601 44.97665307468719 39.30781698976328 80.03128070126958 75.64836874052149 48.22262471137952 44.27098761721169 17.44404125686894 61.598196467782394 91.99525750365072 78.82570972305412 79.74079497115979 94.33150592915824 117.61381039269676 69.69805481392216 51.39335346321474 53.09935451131834 73.43441191111921 101.78649708397391 53.419578313175144 25.60283496102095 29.192543654450397 58.683470313773725 91.81579606456052 49.50494145705431 16.009099780827686 21.370465135031196 55.244508700410435 89.67757891554952 60.407826242207726 37.9954994275133 40.410898006853046 64.94038477084878 95.89732355768004
91.45713797771572 53.291660064222036 73.3877850747983 46.96661666066727 29.53601561555228 52.254274760436765 54.51512406782065 33.01956603163371 39.52464737819604 30.714777721634114 79.61782180596228 11.364640439289794 48.461692443953176 51.35471905657427 53.62119246517973 52.00973564762086 41.00505751224398 49.87385975694532 53.61122024649326 47.21787142302431 30.807558425287382 52.62109654576396 85.94337185822465 27.469587704189948 79.80475037307542 35.850132956533734 58.26586342749042 35.931633047868125 45.718664875699375 32.12237226762088 71.2865339276601 0.0 40.45702557718865 52.184114392646045 77.44397244208488 68.15834982969571 42.05535222524323 34.67745318567669 56.34359968431176 47.369784051311264 69.47351363412218 35.404655608383436 8.675431868016222 35.94286486540677 70.02405935562084 71.61698387787054 39.4098382824243 19.290552751489304 39.82414589017446 72.07389863626862 83.80987538964293 58.57331112692306 47.24807774347678 58.55543899240282 83.78489440986326 102.52691987185581 82.98478334108813 75.20586689646682 82.58397997314127 101.87761413851717 124.86719074060451 109.1781192242973 103.16275121155488 108.44302599352329 123.57941439550049
51.84837684054721 21.68199407141761 34.189442810814434 8.672241674663372 22.0170611149871 63.48718901585058 22.077213234009605 12.58321455441615 15.698639881290386 14.229327549050735 44.39857199458099 30.756712593871153 8.00745194311854 18.84115622290054 27.990561182388124 17.848196946614685 5.989994517458501 29.470017294715756 27.536772625003444 7.623189683869701 13.04111903537175 66.82464393591239 45.64517263601244 24.4281852336152 40.02063129907348 36.95312264977252 23.010048628968967 9.578734829198757 8.920008176022787 11.756230973605604 44.97665307468719 40.45702557718865 0.0 11.938477654123526 46.66637061562845 38.908848568847596 4.267839588471826 7.175607991944459 27.61143303246853 18.753981682491155 95.00249072234388 67.0617447847901 48.61988795315059 51.237885566647115 72.67434108240373 84.6084879400591 51.45438636562494 23.051224537140936 28.460700287325835 59.02127922024188 82.93715398836407 48.6836941246694 16.01516324840535 23.188826026109485 56.690481294554765 90.47328393595157 60.53873248151833 39.23377160712311 42.52607692779479 66.87655256847802 105.25707691593006 80.82071347789929 66.17926589619215 67.9865778303368 85.20226709685866
39.93696908970553 17.355198613942267 25.10302069548951 10.325603487758956 30.12845344221831 68.95936604796789 16.935171048993745 23.456552315570953 20.10948522430897 23.620104745127012 34.34832630404625 42.06941296893723 4.591312817731492 14.989650729320683 30.56252856550966 12.940008231955291 14.363076285017867 34.144162961068375 25.0212816390935 5.212851745361783 22.832772759592505 72.81436806890756 34.599272442800064 32.91472172086798 28.098965785824653 43.00582746911475 15.162780935468785 17.895504420003682 8.691579026075186 21.394746008896544 39.30781698976328 52.184114392646045 11.938477654123526 0.0 43.40741949152502 37.40726170086518 12.183401619322412 17.723060157997516 23.448006439442246 22.68222311153286 102.6476870099009 76.79963733048746 60.453353686193445 61.6913177312124 79.69828372374282 89.41669185480538 58.14061973440774 34.061039878944165 36.53509417347548 62.484459419588696 83.90677021875024 49.33668067472617 14.923950168622241 20.1542743469632 54.63075614936189 87.58770585415317 55.313360069003856 29.023637025456186 31.93771014410733 59.937511387214855 99.44389897550424 72.50293087485821 54.945977181155605 56.358187635024905 75.68506920586903
