0.0 46.984555241457464 44.96961314322413 22.07016986822986 39.52914927193586 54.93589337425212 18.336928075286558 11.457234856399491 15.303669857179383 43.08106000239176 36.17044223425817 42.18656006010717 17.11160763593897 23.809072844802312 40.093163806078614 30.647317074243457 62.73849849879212 29.126633545717283 27.360598866310244 19.07358570168085 30.785707745417994 2.8452263923140793 59.89615259942274 33.527908568827804 42.98007146712866 44.324391816781215 9.205163583041376 11.73587632747712 37.704492466391926 41.387007255450044 17.650128132066556 45.26230435590215 40.777345222261594 21.023488428798505 30.250948916410927 36.64410122413164 6.432303256508848 31.51605570205455 27.187832391950362 34.60537147963596 91.87122562627479 76.80989193922912 62.911859951423146 51.134625907785136 43.24700027021235 41.52783788661447 46.66395641431062 56.825993686283525 69.85390117982523 84.4313134027988 86.3766129739735 70.17720338405647 54.65775711655216 40.6055523732975 30.14732635643227 27.705985305359206 35.001312681730994 47.76266417962061 62.738841414035264 78.67504233684724 82.94657553178351 65.92961038478018 49.112171449736586 32.802590896533964 18.404545105799595 14.147696547244848 25.69630480538131 41.46270094581161 58.109584276573266 75.0533458671852 81.84116178855662 64.53982275189445 47.23891701778448 29.93919577080875 12.64552126307217 4.709201083967551 21.98084493157764 39.27915624329559 56.57968088180497 73.88086399339504 83.15314775495793 66.18812623424188 49.45707925234948 33.31440953848678 19.297917985834083 15.28665938819675 26.337555560220387 41.861250238067015 58.393272481161276 75.27215176654259 86.7729333206963 70.66221369381371 55.276256505899184 41.43054700027837 31.244607830339554 28.89066310287092 35.94196590204026 48.452956706409175 63.26343901932089 79.09200984746946 92.42972955398746 77.47400294532765 63.717282470291295 52.1178257861214 44.399866782579444 42.721578884435814 47.72445034665206 57.6959075308131 70.56002449708693 85.01365240019601 99.77760445038425 86.07015560585823 73.8868794516789 64.10279367882255 57.94621034367319 56.61321720688249 60.42389730408441 68.52544273353482 79.61861071125112 92.63480973396906 108.47335212363883 95.97228764752785 85.16795814594057 76.780019645454 71.66206083171787 70.52956637190475 73.56682490549119 80.30208555661855 89.90807186544461 101.57355488383917 118.21980526338525 106.81769646880055 97.17405414153026 89.85684122754768 85.46569856174861 84.45826155167796 86.95222168814104 92.66530292950053 101.05298845415331 111.51337669284356
46.984555241457464 0.0 53.43789698259295 25.00289335807623 67.45004236324229 27.036824172775027 62.563761003714816 35.639596603124765 44.73558556391472 35.23199739806493 51.046023106953896 29.040065836306606 55.44812803791912 23.175859000695585 15.172047368104305 64.93709819782181 64.85108744406328 47.90594543730003 45.736452128417554 45.109217454095564 18.62178006308324 46.88019791842041 50.79888605994988 36.04079046220086 5.636979465621164 14.63496566617175 55.631014449395636 36.306363320778374 61.70049371080568 41.491546065581 29.816930718324784 34.60404824843894 48.49519538096695 65.40727854855426 18.064063252453824 69.53470260245803 48.455434106821116 40.362868270585 38.94697065035275 14.054933033998708 122.9552670318542 111.5821557194924 101.8912786836375 94.40213600330593 89.66810640446269 88.13427678628166 89.96447964350043 94.96441367530291 102.67203877296791 112.53235374888119 113.14246396956806 100.71942783780015 89.92372145832299 81.40537306882794 75.93471139765889 74.18903269928632 76.42402304233227 82.31607722865233 91.15880862331466 102.18907356215439 104.32007332949675 90.74495399634948 78.64675084511587 68.80895238204725 62.31154150169682 60.245167838193794 63.047030529301246 70.13609367785222 80.38601234769509 92.75476318021065 96.75953047029292 81.9837507973952 68.40297600121637 56.87971457457248 48.89110151903441 46.304219666137236 49.96523574993312 58.71687901853653 70.69315421725443 84.53446219090938 90.7767920903165 74.86314816136314 59.72658025320383 46.13833862038 35.9017640015385 32.370287179835245 37.48923567785156 48.597927499200225 62.58420558400344 77.91351285701451 86.69920105054092 69.88654611726221 53.387443632761816 37.616763432800276 24.05274597166158 18.45969204805979 26.48957939188219 40.75962887858828 56.742478095144165 73.32654525140184 84.80208438472849 67.5297032999143 50.2776456038065 33.0777262679832 16.09794429635558 4.78175218823695 19.6290602251661 36.69398267521087 53.91020526510161 71.1680097149794 85.23119610421837 68.06533688250065 50.991533980671846 34.14814998922157 18.18705349658022 9.703341656826893 21.3601011456468 37.64393921755945 54.55814839136484 71.65772888657274 87.95248854151052 71.42839813798926 55.38142985167316 40.38440758844383 28.167514483151486 23.550546917328223 30.2416689373462 43.28047726378755 58.57091237359512 74.74366014824503 92.76441741211445 77.25045011445451 62.67961120024628 49.885288311612506 40.58395042549932 37.47370794158715 41.95482396822882 52.10414987365487 65.33134260353417 80.1263560326521
44.96961314322413 53.43789698259295 0.0 41.74654413904999 84.34782503331441 36.64568577007583 61.077212741160665 41.260466359940736 57.95174095952064 19.311207811561527 77.53241919057459 25.2562134688501 62.07409487162331 43.59796313503882 59.69050271359421 75.59463066553499 17.769990653571767 15.943884073251917 17.613744567480403 61.37529791777574 38.31628005904251 42.22968535074841 20.67988129895967 68.50093428438674 47.90574672685198 39.762072910341416 45.43839317560938 38.4306590323969 81.8657025639583 12.14028332401039 45.86656012329836 21.072069898713224 5.313739380097715 44.260349812975754 50.29394128117952 81.58731094190729 51.32387541040605 15.95236052049867 20.003210828896812 52.015381155892435 136.15636337655025 120.38033994287136 105.08566613952438 90.51667381244441 77.08592138247256 65.49740712606929 56.8883242225414 52.738530064449 54.08441274367562 60.560671051748294 131.28365603732183 114.86619391792802 98.75116651776155 83.11467676084722 68.28625277991033 54.924323990082726 44.37405361601135 38.988948747633316 40.86472606279096 49.177431506024675 127.77384333251646 110.85651460419777 94.07916434204843 77.53271592940261 61.4041159740107 46.1337124112852 32.93757620607019 25.30136310620619 28.180570735255593 39.329895780740145 125.74115641870418 108.51825753041969 91.3252375298029 74.18287399962315 57.136779506393694 40.309271172321324 24.16145908462007 11.892344610334556 17.25666851237165 32.44796370408309 125.2575581114034 107.96011315919807 90.66437984229881 73.37156861182022 56.08438248263566 38.81033890458121 21.581019967756475 4.894079008354399 13.44905815893669 30.602547131176475 126.34084501835476 109.20938610331781 92.14164737006871 75.18103897271929 58.42094090257888 42.10150026869757 27.032916746738426 16.962698041274027 21.057063800324325 34.60894423394624 128.95151909647248 112.20570511552336 95.65801246806906 79.4323582933915 63.775017402762444 49.231242635748245 37.133364570609906 30.541240698292295 32.944758439715635 42.856224053310136 132.9996307499862 116.81467051783251 101.00067713542882 85.76310617528662 71.47158907924104 58.81980768467391 49.092316839178736 44.26110522049514 45.8992305404855 53.414767239322494 138.35901279698584 122.85485671136239 107.89862077568608 93.7528989732838 80.84427573940958 69.8618989683645 61.84068312261259 58.02199931765115 59.2244195816091 65.17061069938916 144.88415148525903 130.12703477254192 116.07480938418757 103.01633820471521 91.37865653424616 81.77065593979877 74.97672869621002 71.80019421804708 72.71667143257737 77.58124186557234
22.07016986822986 25.00289335807623 41.74654413904999 0.0 50.262132442503265 36.3388077090597 38.70026027023013 10.651052052275555 23.596205241110322 30.51659034643128 38.32931344048103 26.816846858368926 33.09147274682179 2.3540689832559503 21.207392029029524 44.83127123471488 57.82903961032469 29.970259384373225 27.50192884196455 25.530845490592608 9.856357530689136 21.877541563419694 49.257475318001354 27.0587576094153 20.921926872904198 23.595512531724356 30.628514833114103 11.448682931520283 45.831161861989365 32.72602039795521 6.630455528523175 31.803421590578346 36.47306641544719 40.72070605882157 10.350293553876119 50.29898224128633 24.3546124508083 25.82157768369559 22.16236531892588 14.054933033998708 106.0616066818875 92.73271317104539 80.92182510107898 71.38642356371996 65.13367152964187 63.146360710590116 65.81203979098369 72.6201094617673 82.55198375070839 94.62913795426012 98.2136546305356 83.68723144323147 70.42645218785185 59.28675517795372 51.65902846638353 49.20460156882802 52.65199065495073 61.00879555601126 72.59900730199016 86.12700098032433 91.87527228732763 76.18537997696049 61.368282426059295 48.23512781226896 38.54732836065578 35.26858366889935 40.006961467702205 50.556388709310674 64.10965149101169 79.13819489159754 87.37569873255939 70.72023400799458 54.46927248737719 39.13008012417141 26.346462264155328 21.34994977184012 28.569494479248856 42.13458261865003 57.73336529411096 74.09231580920813 85.00749784913698 67.78629891772627 50.62018660181674 33.59371373479141 17.128492450998902 7.5462735871083595 20.47487672046743 37.15115406879737 54.22093009922173 71.40254626592343 84.9491458111798 67.71344330782817 50.52303259971321 33.44781950234818 16.841906773736074 6.874329495612952 20.237993383218626 37.021746774960114 54.1327671589267 71.33594195225383 87.20528035102379 70.51053744157542 54.197992403028934 38.75332749326055 25.78623516864006 20.657951923015233 28.058573596109827 41.791478173774905 57.48463503177568 73.89959676870991 91.60502051513572 75.86074905123316 60.96666670655731 47.725500435088115 37.91068548721545 34.57491137154317 39.39970378710964 50.079502399441594 63.736051042452274 78.83729817892618 97.85960721115691 83.27335269715184 69.93641297178603 58.70651150905787 50.99518773568157 48.51047201748807 52.00696744742461 60.45564882880118 72.13701083322589 85.73979958470535 105.64001520802852 92.25244214612857 80.37355152751378 70.76720231296272 64.4575868022725 62.45204964461383 65.14929737590612 72.02289793940729 82.0296235617563 94.17597830955663
39.52914927193586 67.45004236324229 84.34782503331441 50.262132442503265 0.0 86.38768058135821 28.2428130857486 44.611361839467996 27.35736887879241 79.39910702472066 18.37696894431473 76.70469801624269 22.77053525984043 50.17088254402749 53.380379182067884 10.654447082365893 102.08266221782742 68.61432801421752 66.75012170248382 24.785360511588564 59.80496750430466 42.346727605345194 97.56055073343788 32.641003788041694 66.43091188260638 72.75219604720297 42.08462700443607 47.03061349233571 6.4788405312551856 79.38730162321724 43.7015463144827 81.13116581141821 79.92097082647612 51.3509642762206 50.50763640090232 7.109889986873294 33.10527957424413 69.98616958700424 65.54204986049065 53.72435313562562 56.021307711379485 44.19913104981091 36.97900311749251 37.14885429923314 44.62438008649495 56.580389169744755 70.78172643526936 86.12474890333431 102.09602914885518 118.44168683310706 48.073181735357515 33.61531940640755 23.402133139353317 23.74955183169041 34.33851815377031 48.917662309532496 64.8494624702179 81.34297215798327 98.11532345270238 115.04462400654437 43.434055284735685 26.597310094422188 11.270756573979861 12.056380342067087 27.611518680920387 44.476386144678635 61.58421217179463 78.77686688902551 96.00878932980928 113.26205809530501 43.183932509071624 26.188753773913216 10.27438711278143 11.135018899278572 27.22366011877585 44.23776784228478 61.41291351255963 78.64365961448195 95.90004096993783 113.17033148103039 47.39235925589325 32.638807669054465 21.983161107402516 22.35930532241712 33.39654552103201 48.26418472297287 64.36027778981084 80.95536265947126 97.79574472010351 114.77349948145469 55.046006225540076 42.96201022012564 35.49807864715878 35.68193657683532 43.41653317405378 55.63719846061232 70.03362118924984 85.51389410937978 101.58371827719016 118.00248004390785 64.93783279233129 55.01969983560083 49.35701153445164 49.43443921670256 55.22784577703847 65.2316494736239 77.83908537594938 91.98576143245789 107.0632494145819 122.72897139029278 76.20102891121809 67.89384414017843 63.33439496379192 63.33728244200959 67.90192454753169 76.21302786055985 87.20592939793815 100.00008438179817 113.99058679489158 128.7881404711518 88.31231069083363 81.19687109817279 77.3659104295421 77.30925482181496 81.03482109360745 88.06388670805312 97.68591821819612 109.21773508533741 122.1195040055554 136.00190227144924 100.96680649129357 94.74815309349353 91.42648379352495 91.31847724287373 94.43516059161814 100.47690156766244 108.95819778017896 119.36013949326964 131.22678787782047 144.19698239888615
54.93589337425212 27.036824172775027 36.64568577007583 36.3388077090597 86.38768058135821 0.0 73.14397141692787 44.56525954978503 59.926015630468136 18.21033704608032 72.68607023756192 14.433683053735859 68.9862591354018 36.22663068228814 40.53054742223571 81.14380817393788 42.175808431268024 39.74335215448062 38.65194983282554 61.79976532074982 26.603650789357513 53.426602199241984 25.99641857806203 58.798517681059245 23.76838415761802 14.400733302873542 61.106476898458055 43.34924922413413 81.5832546508707 25.44398946885785 42.96913274216032 15.906944922094656 33.337925956415866 66.89245003142378 37.15235178201978 86.6377845200742 59.18673429063564 31.105966065345704 32.921303770877905 35.46708656410986 142.32629997483144 129.05337163989273 116.83940389082949 106.05091407170875 97.16389738037869 90.73877913177175 87.32070561112658 87.2637480553593 90.57424759312474 96.90770575854063 134.06976848265245 119.92979580472465 106.72533163019007 94.84790082653024 84.85658230954667 77.48446439261804 73.52368512506813 73.52761194197325 77.49564215340418 84.87359294181165 126.83828399942281 111.82597222657158 97.57480325870571 84.47089906054512 73.1335746165006 64.50118662125496 59.757700812414534 59.835264926260066 64.71654690090801 73.44998535212781 120.81616235374182 104.97845540076173 89.68339097171562 75.26253144659997 62.32567824950316 51.992645680841456 46.05088214970917 46.225921244875366 52.45656631352237 62.970234318347934 116.19168891611302 99.64668241890733 83.40936875275526 67.70149931307141 52.99596171145675 40.40247073226803 32.47854768832221 32.8033719876882 41.182218283269336 53.9870144277051 113.13645056210227 96.08339798929345 79.13845064352265 62.389754360002115 46.05193378932765 30.786228092930244 19.32654010625257 19.948697767309383 31.954624244202265 47.35987285032663 111.77924108451309 94.48894251642703 77.2038555547034 59.92848989711906 42.67465318414051 25.48610762014882 8.756190556796085 10.124899935833074 26.964232949537383 44.16264997263098 112.18172676295745 94.96256284131535 77.780138643256 60.665679732896336 43.699113625710055 27.159040300207906 12.819029312960357 13.775146430089768 28.528843473927054 45.130347493582214 114.32531828602274 97.47411108994335 80.81359447394243 64.49172472772193 48.84914382578655 34.81387560035149 25.22863063667094 25.684089646764527 35.79904895189959 50.02181662451382 118.11522987885152 101.87293703404002 86.0446956814568 70.90832528313996 57.0175246633932 45.52704940890626 38.64107816769257 38.887789870641434 46.15294210626205 57.8501038377738
18.336928075286558 62.563761003714816 61.077212741160665 38.70026027023013 28.2428130857486 73.14397141692787 0.0 28.812963198545003 19.578161816257406 61.27692518545095 33.94563027207952 60.52339986454751 9.772766549845944 39.94340704782183 52.746816410837475 17.63012194510681 78.68364681864819 45.19705725153124 43.88595170124356 21.493998571997047 48.164769778249806 20.322440518740525 77.55376168359507 39.01078750324287 59.30049701788621 61.937928530665964 15.75545843016145 29.795572479120437 29.41993460327712 59.08081986335864 32.88231558655279 63.51001168348037 57.468909800931556 23.179344491263127 44.70419141993461 22.9006798542233 14.346478807414437 49.10366157829586 44.94582695550073 49.01873541061945 75.11163714170526 59.36374170911144 44.77789051213834 32.935922352298604 27.62608074227583 32.25423300398324 43.774200274545095 58.23002254978489 73.91887645276003 90.19963924134403 71.08653571715428 54.205940823736675 37.70921869053766 22.458829472467144 13.620776837692485 21.57231548583148 36.6594697526439 53.114794012859534 69.97970174884775 87.01637009214625 69.74786643155478 52.44631543228022 35.14513816019386 17.84542163651795 0.6715755207403475 16.76772367329524 34.06722330770408 51.368360435377745 68.66989738560798 85.97159276929516 71.24723614210079 54.41555344255328 38.008536383128074 22.95556147186507 14.42148917315652 22.084236016658338 36.96160431975117 53.32278584539285 70.13694725104725 87.14227350727114 75.41554152212177 59.74604904221614 45.28119346791479 33.61386946345629 28.42723327152012 32.93983295939356 44.27942221905704 58.60897116842544 74.21634188936221 90.44240674608308 81.84596438924835 67.64777207843383 55.24839364154555 46.12216045813338 42.436153493456175 45.53136626527651 54.25945316062358 66.43625480989644 80.5119146554195 95.65179351197285 90.05513968484118 77.3364735903764 66.71304260559992 59.3213949835783 56.445758873824786 58.753020602184876 65.699384379712 76.02367215996321 88.55216706604318 102.4796164989649 99.60412975009712 88.22526592131003 79.02595544449316 72.83676904374649 70.45549956932294 72.25959533853944 77.95902783802566 86.78974667688932 97.90811732693851 110.62652463020106 110.14490224414804 99.92245747535003 91.8464700514294 86.52010835576644 84.46515716671368 85.91667438246081 90.70648066726343 98.34802931020866 108.2390070119171 119.82365769540844 121.41930293292144 112.17530291878994 104.98864693085012 100.30253896983557 98.47460892863718 99.66224874093169 103.76196309360603 110.44995285682435 119.29168087731095 129.8479268431442
11.457234856399491 35.639596603124765 41.260466359940736 10.651052052275555 44.611361839467996 44.56525954978503 28.812963198545003 0.0 17.304691178559576 34.901082811283686 36.2820764884333 32.839142502954694 24.64915856604011 12.52530512963745 30.090284590801033 37.534053389643276 58.59362427625709 26.786035091327435 24.471719451223468 20.394276509303193 19.459684854128817 11.274867049925906 52.95055714235286 28.892338169963377 31.531649675055125 33.15801098472307 20.01690501699484 2.9130532015754795 41.2415312021972 34.8828189194898 7.572753461491069 36.76897370447288 36.36188257396028 30.565942418528174 19.613919529560356 43.35618921794642 14.638592781657854 25.87843877992441 21.484388662587843 23.83915877950863 99.36085330207919 85.16594003802614 72.33668196722451 61.73049340146326 54.657223817466345 52.56301416082488 56.009185338955184 64.10840248648887 75.37536559546415 88.60984285034937 92.58783023828515 77.19531050544514 62.80471249341715 50.28373644057651 41.36644390405846 38.63440829062305 43.2753812061533 53.40043094352491 66.55193252750097 81.2737332291089 87.58316087509594 71.14455353081405 55.23581765192204 40.48646974811526 28.74062525600427 24.730618148833717 31.557788807572262 44.484775162908285 59.670822305447125 75.7695814579815 84.66110872406152 67.53180571061421 50.520285833332004 33.80483434118905 18.219424112871188 10.947193758880085 22.504393646701626 38.623405619342385 55.45989754661325 72.51583314097896 84.03923656122328 66.75413835648463 49.480806824428534 32.23816140281626 15.131470768899613 4.163810152379791 20.11036480770719 37.2857852374314 54.541235218897185 71.81905351639915 85.76760123481858 68.90761646301081 52.33688881711957 36.45205611389882 22.73910724411584 17.438283776022693 26.264664919144064 40.91801125469412 57.07404669560518 73.75176002516923 89.71044285747887 73.73584243636068 58.52088665706004 44.84554274135304 34.586992436181575 31.306647875634 36.91424074882252 48.41409869368294 62.641021287505374 78.11900509381226 95.59408876883067 80.76044634874597 67.11909678562874 55.55537943667417 47.60809582089388 45.22571130911596 49.22298966485974 58.30217862179971 70.52722116192584 84.5442924727365 103.08668487263952 89.46546699329566 77.33027470894298 67.48755000050478 61.05623506325805 59.15956973971589 62.213679847559575 69.56957413407106 80.05002027912536 92.60012021798728 111.86530590619088 99.41032909008018 88.59835065968446 80.09749868421196 74.70099194603564 73.09962001676718 75.53514441735513 81.64710028098263 90.69524393689966 101.90040680580927
15.303669857179383 44.73558556391472 57.95174095952064 23.596205241110322 27.35736887879241 59.926015630468136 19.578161816257406 17.304691178559576 0.0 52.04355657684556 20.88821307461448 49.48704418886914 10.889736739653957 23.981818881954663 33.53592190161952 21.241204753798833 75.5206022854793 42.6829623047581 40.58774144470611 3.7719812170692 33.41873410024189 17.978491959085908 70.23940379181084 20.227927919615475 42.31516748676671 46.96964384483915 22.340080738970247 19.848174565844786 24.008032525441163 52.1760155245075 16.973992049421927 53.79647666245775 53.2570797963043 34.42967777606536 26.681722639335405 26.731853631744844 10.028578257762357 42.99950806764299 38.564216415701836 30.755059717501922 82.64687729327625 69.13656043322646 57.688164701414316 49.74623001522182 47.11850115356292 50.639131087901944 59.221556377966735 71.05467316320387 84.78822508270443 99.63946177411285 75.40555773495001 60.33732242911849 46.83903330312697 36.686589184116485 33.115326263504116 38.02699124973238 48.93043547581004 62.77763288404112 78.01655649564732 93.9725662440017 70.29679105656757 53.848295832288194 38.162165973969486 24.734079247590163 19.1287808618373 26.809656001737135 40.869510264178984 56.75022378942946 73.27735494444318 90.09586789473828 67.8044174733439 50.56692625660102 33.39614516469753 16.501650564861173 5.293383563575142 19.55629889372913 36.54574150258404 53.73497088682802 70.97898596854492 88.24567570546647 68.21586057782841 51.11479798544998 34.21629319852304 18.096963166276446 9.108163364769482 20.907663962325426 37.28291020409859 54.23664427904373 71.35772544335805 88.54913656649806 71.48098943858311 55.37836937325007 40.28283435448562 27.881188976237144 23.037483798253454 29.711977832444198 42.820422692943424 58.164306738672245 74.3726802195555 90.98469955710392 77.23870256494997 62.60296486093266 49.71068412267521 40.27256999136002 37.031264395496585 41.46632444552507 51.63627072672018 64.89884218759958 79.7252899091794 95.38915481256505 84.98380663681041 71.9014091813535 60.959648115785996 53.48874235831927 51.036391177225234 54.287030627886274 62.35503964417398 73.67442601185459 86.98500981001423 101.50647082414139 94.22740886524747 82.57596640367004 73.1947312276536 67.04356745970253 65.04539954818026 67.56967421498129 74.1559879649923 83.85256725245245 95.718798177233 109.0486882985171 104.57277427898293 94.15965383078178 85.99592185079611 80.76657487572209 79.05607842765008 81.08742401051119 86.59769053480707 94.98332777905907 105.56129964274534 117.74220264698258
43.08106000239176 35.23199739806493 19.311207811561527 30.51659034643128 79.39910702472066 18.21033704608032 61.27692518545095 34.901082811283686 52.04355657684556 0.0 68.81313621834656 6.216811130646298 59.187339523849765 31.599520819747077 43.97538646357116 72.36617632951163 29.885637296665926 22.127780297707005 21.454943940432365 54.78173306217903 23.50605699443864 40.95452608362171 18.75067365300433 57.123639260108256 29.957724325613878 20.926715839740087 47.34473713235979 32.759962356178264 75.61367842146191 7.38712851507621 36.427375812437816 2.57971621628478 15.342856571718611 51.0278975915916 36.324761426389365 78.23144107259735 48.50375280568231 13.947690419756038 17.01068997007493 36.80782345112483 134.1970049620987 119.67299113473975 105.98633774732414 93.50547089539899 82.77760991081955 74.56327940116884 69.75616736313253 69.07136492872444 72.62557634091152 79.85477782997849 127.44302582812014 112.08305268001335 97.37656444633004 83.66886307688077 71.53642941925773 61.912370008604356 56.10277289798781 55.32268462791459 59.76936073679019 68.43136906494428 121.94121511559887 105.81508777142717 90.12608355368047 75.14848204769152 61.40507350634094 49.92571513378724 42.58258202692078 41.6254829852241 47.44249842333247 58.03107581908943 117.8671333749936 101.11533369326791 84.58528373183074 68.43785267255552 53.023759497965564 39.217450231566055 29.380396058899596 28.055603380787158 36.190275325214 49.305832451374336 115.37219069461959 98.20925808740128 81.10540718748236 64.10794403669483 47.331623834315316 31.135983260650494 17.243230702681274 14.963999103662594 27.371997477964864 43.2809881511383 114.55964405648035 97.25782286743302 79.95604901934118 62.65436173132128 45.35286006902431 28.051887498480564 10.753997922613864 6.565223051600124 23.859367959366267 41.16005743957233 115.4650284209529 98.31780398531191 81.23620487893653 64.27257577067628 47.55333447522156 31.47042824138495 17.837283934527218 15.64167999651785 27.746499212593246 43.51766186824048 118.04881036340892 101.32608161125137 84.83594600790809 68.74598453316494 53.419030110216234 39.74776598218559 30.081335699358767 28.785384287706645 36.75621952782662 49.72072740415105 122.20454133828201 106.11704950265458 90.47879000378093 75.56917136081697 61.916822061501804 50.55087558899219 43.3104394589005 42.366287118198834 48.09069948541361 58.55965714143954 127.77888469066065 112.46304487829752 97.81169605231293 84.17254681456376 72.12215832551588 62.58507919429724 56.84080300382722 56.067459071413005 60.45611118475637 69.02913243421132
36.17044223425817 51.046023106953896 77.53241919057459 38.32931344048103 18.37696894431473 72.68607023756192 33.94563027207952 36.2820764884333 20.88821307461448 68.81313621834656 0.0 65.04588420240017 24.60521567391821 37.51550929386275 36.29205239359753 22.02179152049244 94.7350826116086 62.84803186343492 60.619748985270434 17.118697613137158 46.813748853223814 38.86609879525678 87.5216682934464 15.098658548351185 50.896655445777306 58.47297000925505 42.40132235501375 39.142021026141414 11.91298526860542 70.33645065996006 32.504958287304135 70.13192151532134 72.57750929926921 53.99501270489638 35.608777112418 23.372953561368163 30.460035889138542 61.962798528268976 57.646476440644975 38.05073496653435 72.05565072054556 61.867296763950016 55.33360154313005 53.80289911737151 57.674915604640994 66.00560028799586 77.36783628497867 90.62849637887926 105.07124279506712 120.27097409946533 62.13814052250346 50.02778974384607 41.75065136137952 39.776374080442146 44.94339644853381 55.28438963301031 68.49470412522567 83.21893506004976 98.7824058975335 114.84442598626764 54.15321259562685 39.72968338087424 28.688594597086272 25.813438160879336 33.291772718468174 46.3579667705528 61.55071442914166 77.63137395151807 94.146058906455 110.90104149510715 49.05400901099607 32.474290952248495 17.36595266254533 12.136145068979024 24.32506297268003 40.4332082123522 57.242405000880396 74.27822359506436 91.41405273146128 108.60256230551022 47.77375949400754 30.515286495798986 13.369625712611185 5.002463544661581 21.67985146124813 38.90656558080291 56.17952740322977 73.46612363022601 90.75856384549677 108.05404235559563 50.60317270204684 34.76001887436312 21.320153693126485 17.307547821141675 27.262899449542903 42.257453519309806 58.53914319657763 75.27736984732861 92.22388927350985 109.28184346428807 56.932756929747335 43.425847475544174 33.60027616906753 31.158655308952056 37.569321993482234 49.50510096728054 63.943451586589006 79.53291074801247 95.71265169982588 112.22766330436168 65.75937635850632 54.44087618580534 46.92575066763662 45.15469861114861 49.74506199334311 59.23596233583074 71.70725855834836 85.87005462247417 101.01537153508932 116.76150027381382 76.2203120782223 66.65026522379367 60.610858603158704 59.192828552638076 62.710462992872756 70.42804718785537 81.15610844312057 93.8680695940608 107.8647833417867 122.70739556081662 87.73276953763536 79.50553258800683 74.45742311160357 73.24870841113125 76.06264519844558 82.48858095741649 91.77087372901003 103.14120332833846 115.98710990833854 129.8714702575934
42.18656006010717 29.040065836306606 25.2562134688501 26.816846858368926 76.70469801624269 14.433683053735859 60.52339986454751 32.839142502954694 49.48704418886914 6.216811130646298 65.04588420240017 0.0 57.47012242553124 27.536601592588354 38.31909993068136 70.30825058703716 35.92523616444589 25.46173345581831 24.259086166324863 51.930654910938614 18.660795395445668 40.362868270584926 23.481273625694328 52.658009281782874 23.82026378306356 14.714600524271132 47.53289832761713 31.08773381408913 72.54847049999188 13.129105319647778 33.13721704903436 5.824139535764733 20.90561219702121 52.628429951382884 31.35333495820071 76.05684639610463 47.09245369841797 16.76259394504255 18.513442725264905 31.39670100636569 132.07027307482292 118.00478036852485 104.91132927071709 93.20050155112048 83.45638160447264 76.43487053159767 72.92666794581584 73.43702080107194 77.886974601254 85.66477258888175 124.76662586691145 109.80836137000055 95.64380867209499 82.6819004517975 71.57898994957368 63.320640846662876 59.11135193513852 59.81218030962297 65.26514011776324 74.4330352134496 118.68632514071224 102.88046864309788 87.64155156875798 73.32391134656577 60.5842724623129 50.62821195176287 45.32859254600264 46.312530055530246 53.23272733246366 64.1973500968538 114.0253338526062 97.49201569666225 81.27926148428482 65.62508993389763 51.04601227235703 38.77431066754186 31.62131915944708 33.09195282625461 42.29604848154202 55.51164698731791 110.96272083305895 93.90845861243267 76.96482268700785 60.22525559560907 43.92369565436409 28.813413827756474 18.161683319254468 20.69282034142739 33.5447616549778 49.203875898130974 109.63256634985909 92.34022464273575 75.05230255313357 57.77276779614425 40.51235401667103 23.313569138229422 6.671411604765908 12.008601437476147 29.027897495595717 46.25737461628746 110.09769993370878 92.88946537340289 75.72393997228764 58.6386430045858 41.732228347482746 25.364943785027336 11.995621056795645 15.592387142809102 30.676753577197193 47.30451293702098 112.33581677307022 95.5196535323334 78.91377177662802 62.68551048996169 47.22577430940483 33.61227420556666 25.06006544006783 26.92469994091513 37.69061870560004 52.105054403081276 116.2445227734095 100.06679909745748 84.33650400207028 69.35873378360358 55.74341589904826 44.751863642764405 38.68897261961836 39.87041916901908 47.76160033488343 59.761166553372554 121.6628569970404 106.2850894333613 91.59634252627752 77.98692171169344 66.12662260984261 57.11567861430351 52.44398474157915 53.2657731931093 59.35329745191354 69.33314870356983
17.11160763593897 55.44812803791912 62.07409487162331 33.09147274682179 22.77053525984043 68.9862591354018 9.772766549845944 24.64915856604011 10.889736739653957 59.187339523849765 24.60521567391821 57.47012242553124 0.0 33.87642542993717 44.40899022503995 13.540398158334906 79.84398429795625 46.200760836737494 44.46959540697855 12.025097886699722 42.915401789048886 19.84890670239918 76.61652060154307 29.36639828980964 52.76774751665261 56.6869228854859 19.569924073650537 26.470572767144503 22.07996153200595 58.1626818611018 26.68486151709019 61.19336559750217 57.87814063251805 30.057260560082096 37.38644652057411 19.53725937259803 10.883978259720564 48.418563133399445 44.02474745331363 41.538845812939286 75.09544811933864 60.55309257633556 47.88251022406545 38.955097519214775 36.61927815685935 41.98988586984699 52.76397038325028 66.35985004796775 81.37524131215555 97.15419276145242 69.27535234279932 53.20027657570529 38.21224339679139 26.244862264928074 22.71830049582178 30.69463620504458 44.349874163514144 59.91972227131759 76.24005527265595 92.91625299689069 66.02431607385503 48.912347575773886 32.00528761236563 15.9678546572853 9.182569738022474 22.63581341730776 39.232050272238354 56.255139725102126 73.4087255020809 90.61873135065686 65.72473060167437 48.509053038478434 31.38836868725011 14.698455671793166 6.750774589463475 21.767286558347244 38.73977308660348 55.914566274102114 73.1493053457739 90.40971447605847 68.41538353285627 52.080720355957205 36.64491596280954 23.916730615862686 19.997045909354487 28.748311101207783 43.032088510283614 58.955640919564516 75.48831866706881 92.3033944031721 73.7697677945727 58.90867705789968 45.79512911786239 36.371190455776635 33.870948695016295 39.62734992301977 50.91287248241201 64.90471733942576 80.19870390058598 96.17562013086824 81.26297537371521 68.01918702371587 56.99342816083895 49.684950610963504 47.82928176881402 52.01334910832798 61.006878218775846 73.05472132597292 86.89561461507706 101.80081425855627 90.36440514645561 78.62262797433127 69.25319060182797 63.31813369452758 61.814743935489425 65.05101035590445 72.3940618837207 82.75784742683663 95.16048177750103 108.90761286440677 100.63856129257744 90.19386622216997 82.10013627192886 77.1013400319854 75.81217765570061 78.41582311267986 84.55342533117785 93.53185309299239 104.62226692877982 117.2267687755087 111.76236436283932 102.40522216913973 95.29694087727873 90.96624828853497 89.81583206315734 91.96511852417973 97.19545429415082 105.0476254831613 114.98575945376432 126.51924797087983
23.809072844802312 23.175859000695585 43.59796313503882 2.3540689832559503 50.17088254402749 36.22663068228814 39.94340704782183 12.52530512963745 23.981818881954663 31.599520819747077 37.51550929386275 27.536601592588354 33.87642542993717 0.0 18.853333302920497 45.19957971093137 59.431398406297305 32.169966331378575 29.704144675268033 25.60043358273113 9.634624692635601 23.79990223710343 50.346135298469775 25.61472446587271 19.396705183764205 22.987834121654682 32.541115315584065 13.598585922037142 45.51382759187401 34.23336529398569 7.196431944997818 32.73323101506308 38.304065451049475 42.85278063440354 7.996669090818947 50.54005942563535 25.636366480584154 27.726275693704423 24.20176313981429 11.745180906351552 106.10194925459791 93.03768667298979 81.56648487826173 72.44904814998708 66.65831162787804 65.08831883895425 68.03191014875058 74.95922329252008 84.90066150195283 96.93323629548013 97.9812031978807 83.70358650253705 70.78817262079066 60.11939079171253 53.069932090510534 51.158528241790705 54.924248820679 63.36285964182931 74.91149198996767 88.35899534757067 91.33151595597914 75.84973800516856 61.348402858260656 48.71116032667318 39.75719528437071 37.24511837595144 42.33757123715122 52.881451030764644 66.32595734210467 81.24361021542539 86.49295055728675 69.97646857244993 53.95454362671117 39.04088073345991 27.129300126239524 23.377734036328334 30.915189445485808 44.31354640129622 59.75234570521849 75.9980671218444 83.77996500983123 66.60985543243464 49.5315690442559 32.6893409359287 16.808416857449163 9.755302725924361 22.506047473690924 38.943441066409015 55.90504645275752 73.02650219788204 83.40029093157737 66.13387478435578 48.89257360071904 31.71737072017651 14.839573790789549 5.757411569120518 21.09019009997581 38.14653249932992 55.355516958865536 72.60869139871158 85.38506528630593 68.60872187632577 52.17677589705892 36.55662799695312 23.432243597518426 18.985913502986076 27.75917262994401 42.182819970634334 58.197257824176376 74.78745361226987 89.5772308781257 73.73784673410739 58.72961897822465 45.38473978035603 35.62428132417422 32.81939350701498 38.52069723997299 49.89272488949607 63.97993617730714 79.34915768192046 95.6870461717562 81.01863316566124 67.60717378778217 56.357287797627116 48.78791593395081 46.723447084696154 50.83899277935915 59.873439680428504 71.99831445533795 85.91500859792914 103.37497156759493 89.92990179092249 78.01977493030905 68.45055791672391 62.3102562438811 60.64942491500688 63.818751219181955 71.1759006059795 81.59583446496441 94.06618484756902
40.093163806078614 15.172047368104305 59.69050271359421 21.207392029029524 53.380379182067884 40.53054742223571 52.746816410837475 30.090284590801033 33.53592190161952 43.97538646357116 36.29205239359753 38.31909993068136 44.40899022503995 18.853333302920497 0.0 52.09258136597043 73.69968159608958 50.28075686649931 47.853128357159996 32.9654365531796 21.375368476482038 40.87858659421997 61.62608376495173 21.195028473892638 16.785481996922222 26.436819216342688 49.280152457639964 31.884446141295594 47.376394539614026 48.75501224290936 22.695230196742692 44.14041045291905 54.41318732927215 60.54193175915212 10.861086675048174 56.16700402797456 39.65723707910509 44.53713241578787 41.730803347783294 7.7606507546041446 108.34429676714508 97.57265986149602 88.88781228660756 82.94784086659168 80.36371909485361 81.45546206493698 86.08332686845831 93.72495900293909 103.71633731416557 115.44899835604731 98.21604435918279 86.24327475682053 76.34202978171272 69.40461498447063 66.36706751731323 67.75593494591286 73.32010494908262 82.21618367894192 93.4978926343021 106.4091302205772 89.18484359681752 75.84980080480773 64.42940631688639 56.105299894517806 52.375195617618324 54.196104265805715 61.07351701881131 71.56417683624602 84.33023475013789 98.49084089941785 81.6158419886115 66.83051362996424 53.574208693743024 43.27563424112371 38.39364006639488 40.91538919426479 49.726984073722136 62.21079660268944 76.59177422829475 91.98436248306835 75.94759919326177 59.81050610409918 44.556325721632284 31.495180383947844 24.440485209430157 28.309697126397776 40.05310586907896 54.824942611580816 70.75314889924688 87.20637895297297 72.62661735921172 55.55305798546795 38.68296832022518 22.479210587347268 10.628775246563613 17.870083992543275 33.532402607106455 50.28138056329898 67.3106642526446 84.4508549212919 71.97857931864746 54.7070507703348 37.46358849959459 20.319770140659912 4.580304563605424 15.092344325704774 32.144860563081124 49.37123454014096 66.63676969540134 83.91729790024864 74.07368058417408 57.42347456193217 41.31238030380578 26.733540022135916 17.926617584653037 22.9511902546694 36.48099108235694 52.28460908096145 68.81286248426797 85.64725214453428 78.69310012285415 63.244920580352236 49.050429232550876 37.558992173259696 31.845248229271732 34.875068932629944 44.912466953803175 58.45252431851922 73.58650804991045 89.50954916150471 85.42825859857413 71.41599968529022 59.170989344333634 50.00870198436386 45.81744093324677 47.91981676258652 55.60650239680567 66.98179382734602 80.49684232930036 95.24508318323288
