0.0 9.441374919751077 53.77607633692809 70.48876236470572 76.33098371307433 85.9064142508406 28.51351514783596 55.99514332002786 10.00436688084512 29.50431074610089 43.44318539925742 49.6844689641364 76.98455517353646 60.300757282380204 43.47799059228822 5.162694584696865 94.94477213979442 21.016041831197338 1.2404628267130855 82.07568111460401 7.477412149502768 61.4562193560893 47.798811729839684 80.92606022189081 78.27804261825385 81.77876406097013 19.197314156815697 50.09543147626255 6.821578375030634 32.77344122429196 51.40820878830555 59.07776225473059 71.15546685393772 67.57274217309723 56.97483776420338 5.610719011432484 90.2876842592882 65.68251008398919 12.938487153077203 80.78815664350738 119.70013075931375 90.90098082654404 67.76905286474116 57.59418320477391 66.60573965185228 108.79574631831457 76.12023652719905 46.3346872126704 29.905733697887896 45.12914153750933 104.50936974887601 69.91702832414188 35.34724394320588 2.3062479086050844 34.00094446903278 107.63482507929872 74.46705136123022 43.592081268955916 25.495862469817403 42.363310774243466 117.58238820234088 88.11983483893083 64.02648963985519 53.183420988699666 62.8677975605407
9.441374919751077 0.0 44.516701866537325 61.25088648637012 66.91679280686397 76.96504957405884 22.825624121704543 48.047844294601404 12.344236592216369 26.892904398412732 35.21015497938065 40.38716245584701 70.61673234182672 51.51186737326032 39.558569577460965 12.54241067390362 86.89310801589097 20.358360549614314 8.675469759073467 72.73869935463911 6.52108724725931 53.26187387235175 38.478035858111 73.33175861665143 68.88933862732975 72.67668519872818 10.029390089206627 41.07705566224576 9.9582923731014 26.859715953492124 55.65911841971457 49.637644537601 64.53418792566957 59.098045220386474 47.54649232384184 15.004105911325286 82.34147418974118 56.39277441334774 9.886827190336076 71.64835083409776 110.46451851199664 81.46106148139029 58.85746777807632 51.83918188430609 65.61404067449666 100.29920044899212 67.17975078332609 36.893787443632846 24.576971353893818 47.34708884794194 97.45687248813609 62.898316566805484 28.4501064895878 7.581094391397474 41.23580392871626 102.54842372755697 70.46399422266653 42.53239172568356 32.3677123366555 51.77999468873196 114.52022923970074 86.83311400861243 66.0293970905652 59.78760475573412 72.00013122088271
53.77607633692809 44.516701866537325 0.0 16.738112756176168 23.584750791063296 33.32272053245059 34.40179308317199 37.785456052969494 54.52533154757951 43.89163079529128 16.869780599814973 17.77513146229523 44.84469170384022 11.45461247533286 41.72421883271705 55.334766927129685 47.89400818364869 55.36697610808943 53.14942614996158 28.415813507692068 49.71311111036665 18.901334599730724 17.324466568413257 38.737028849786896 25.039905737293903 28.43393151169689 36.360259118663734 23.44514236468511 53.46819611048925 32.417841824679314 81.70532673049969 12.119670767997652 38.69242271808396 20.22450595869867 12.923436304896903 59.08855782297043 44.333963907232906 23.61487716402015 44.51100228921316 27.296460598694825 65.9478939169847 38.81223884782863 32.53445806679704 54.821783481800765 85.71581435943833 58.311156906311744 23.794299983349863 11.269457961151067 45.636464947174204 80.20740278867464 63.62826305529931 34.764646867924334 27.630548476354203 52.087958985240654 84.01015092260967 79.33588227815373 58.59683416614862 54.47746301602242 69.97711929060706 96.02394865801314 100.6823812289374 85.09445453076488 82.09698132388029 92.91655580352395 113.674017212112
70.48876236470572 61.25088648637012 16.738112756176168 0.0 10.720647805716201 17.82754973346194 49.42436727769756 46.390314697073194 71.16915935283612 58.15630122846706 30.66169441016331 29.332202566262552 43.366477695221164 14.139952173772395 52.94547464439892 71.92185677490113 36.29007693901064 71.43599769910199 69.87571811310261 12.28369106410145 66.4299021646115 20.855248471208547 29.901275228028233 32.261504816824036 10.487215367387842 12.158022930200081 53.0161876234764 34.137177773855406 70.18016370587644 46.72563345101399 94.87241491730147 17.630332879596956 38.56446263435412 16.169175444005873 20.397372225996595 75.76765622546858 33.9792040009301 24.82166405832896 60.87587957877789 10.836503560627365 49.21571474898126 24.83954580080584 34.73705932954812 64.73922569828886 97.82900998541585 43.594668473507056 10.004960045269055 26.35445449813381 60.69488659246741 95.22623160258146 54.61257110112062 34.23750833744763 41.91317139534859 68.81899301739465 100.54962241133708 75.28770351487574 61.913366695965294 66.28025607737779 85.71849514718639 112.68109498637756 99.78706398858982 89.90617903609002 92.7549526514387 107.32445562946386 129.72391309518488
76.33098371307433 66.91679280686397 23.584750791063296 10.720647805716201 0.0 21.45867522472079 57.856835022513515 43.3365339618076 75.7344815479028 67.08792459659449 39.568089981552085 30.1219517550177 53.526181411162575 24.45987735038672 62.980342880138636 78.34070464859462 42.439403116294336 74.48197784599614 75.58950619278941 7.92558575082544 71.4929662610976 31.55728819626138 31.3252208741728 41.395177857571134 2.9143279003266183 15.362044515290616 57.88866438114795 33.64293786402083 75.16290564251739 55.578581814252544 104.4247640161467 18.193892465377974 49.01364443501063 26.73651519977476 20.886032531293278 81.79638658173741 41.141920357795534 19.853549458530978 67.87245818967133 13.856800733895515 45.10504282228071 15.25908032693593 28.741355439607904 61.75874697747443 95.90136328279648 46.080902760116 17.91668542069707 30.22276028812566 62.45536380541702 96.34718108083555 61.775001916509154 44.70094661561775 50.74460654548335 74.47598443082886 104.46600460285356 84.33547400038123 72.55511455823789 76.22840509659568 93.55237815980786 118.69320870615795 109.60029931227528 100.59339382115354 103.05577877615758 116.26097188856846 137.1400416026512
85.9064142508406 76.96504957405884 33.32272053245059 17.82754973346194 21.45867522472079 0.0 61.94646639922332 63.52272754312829 87.59511836852326 69.32591507382617 43.397018306877406 47.15268175556963 39.332082749677184 25.732444231063916 60.96618418315897 86.73286069643993 21.313622976105613 88.66815183261556 85.42010651600371 14.659174368467818 82.55595652698334 27.43538419075813 47.72403375882756 24.7574187901174 18.780116806821688 6.228598167915676 69.465952996183 51.863330699100175 86.32239889937497 58.53199640322871 103.48510571863322 35.31318710401702 36.918113470078566 20.346182086659116 38.123836503701504 90.93468628054039 20.921830962555426 40.71737391538893 75.21560968180292 7.785502749944091 35.52131380969509 26.204875592708557 50.064655954763786 81.98223312201006 115.45798291908183 25.795296381834394 9.787699083788274 43.8298407673088 78.36558543404315 112.94303506432837 40.99280227744799 33.18887934068111 54.01321975679773 84.42859958577856 117.19122522448359 65.62578406608287 60.85840991450768 74.13185283099286 98.39766345563574 127.52823907862395 92.43510653619418 88.89535142338279 98.26097064403844 117.48512016149158 142.6358609212304
28.51351514783596 22.825624121704543 34.40179308317199 49.42436727769756 57.856835022513515 61.94646639922332 0.0 55.82676526369425 35.064922553020686 10.099931024662645 18.85707898890593 40.18155269396532 48.47104006871434 36.578767259094924 17.477689895028373 27.20841948778654 67.80082466158646 42.60548934792707 28.622082560964618 61.70049371080568 29.27128786454763 35.29734745130769 38.25002818961992 53.14717322170213 59.02437343967751 58.98880860544184 23.4779839176111 43.75643976865711 32.32648395988552 4.267839588471826 48.171302679140005 44.20482841252384 42.67839588471968 42.09646394130116 43.26428242290211 32.10545261371931 62.98323702457699 54.31048949139004 15.648745157730973 58.32893667774771 97.18148581247445 73.11589641884547 60.35239236022571 65.83063154276414 86.1377772281139 82.62217568399393 52.46108559728997 32.75273058963221 42.28654031938315 69.98854117083444 76.14578936937944 41.63374426895869 7.963050341965396 28.07678338731744 62.51444189737089 79.7469244212517 47.849788191235305 24.78862184603697 36.52660104734937 66.69897047935805 92.2527179038968 66.48935478035239 52.21021411349432 58.53016690171546 80.74934202853983
55.99514332002786 48.047844294601404 37.785456052969494 46.390314697073194 43.3365339618076 63.52272754312829 55.82676526369425 0.0 49.973525982876936 65.46498989422982 48.02679642321139 20.18193890910343 82.56158597273883 49.017530386965426 70.67325130435837 60.30523686047487 82.59303148992538 43.07429293154672 54.8228901634271 51.26152439090645 48.754553272601385 56.67991017316227 21.170983626003288 75.9329818227333 46.248122255628836 57.33531034350069 38.52835617180591 14.55100057040183 51.26875801575834 56.77451269442672 101.5979523516091 29.070900909900693 76.3090024570303 57.31582954313091 26.59607356637185 61.28202939656009 79.90413486223352 23.606031066581593 55.10890865750794 55.7899810892821 86.13366586755609 51.62303363952398 17.484872149996377 18.475872148773128 52.648351301968965 89.0679200817812 56.34092264190212 28.466626189211304 29.004174101366033 57.15749723575931 100.16230873073981 72.48725027572107 53.58281941911943 53.69021646970404 72.72526298002929 117.1198930201366 94.36696368687983 80.54757136270122 80.40790753892433 94.00896160783869 137.79197088024407 118.85393175844467 107.98388135379501 107.65413070497085 117.95311259748296
10.00436688084512 12.344236592216369 54.52533154757951 71.16915935283612 75.7344815479028 87.59511836852326 35.064922553020686 49.973525982876936 0.0 38.02653864456333 47.01240674274053 47.161118196040015 82.95258738435449 62.56264645915286 51.392376853023336 15.066146151012601 98.61079889324759 11.109042578354535 8.950475804989296 82.1229233298137 5.82393303386976 64.97274451597069 45.45454925025844 85.35909164321511 77.94578541629889 82.9502988288207 18.16521222008918 46.4534611110852 3.2703789770357647 39.156774634657 61.26123395380475 57.813395543526426 76.84979043691366 70.51386373665571 55.411879875155215 13.087128485630707 94.14569657059883 62.83541209675981 20.679361203826986 81.82132230984645 120.16226091974077 89.65496497572192 63.49696096673874 49.198809668901504 56.60379146327864 111.55579616417974 77.859350518385 45.544559047439925 21.940393005007554 35.823182751515475 109.66128776453112 75.14542416883667 40.77897872402153 8.594709476614229 29.659173103219622 114.81158529546083 82.41544496439894 52.893690900002916 34.61229584980088 44.644272084423015 126.14648466979466 97.4598632202898 74.01819811907275 62.07851270085365 67.99683227317581
29.50431074610089 26.892904398412732 43.89163079529128 58.15630122846706 67.08792459659449 69.32591507382617 10.099931024662645 65.46498989422982 38.02653864456333 0.0 27.56399879401754 50.26720104700654 50.26995910066603 44.69876495254743 14.349569886451956 26.50719114947732 72.74399735659334 47.23843385692193 30.025116268745077 70.42437926413692 32.63670339285084 42.016879289881054 48.32843205001696 57.479268747914304 68.07028457691898 66.94385227271705 30.69308965796901 53.744956133267216 34.90236920054397 11.510084783866768 38.13799630127476 54.117674872378736 45.233202840820084 49.06386924300073 53.26954313973718 31.48437850716729 67.809510512676 64.36643616688123 17.37647676859416 66.42522264231165 104.81294994210853 82.32153153587315 70.44624196300339 74.45313851127398 92.29639774264797 88.31488717980307 60.165363669477536 42.837395057360965 49.447280892392335 73.82306213050435 78.75406028843176 45.135661550642865 16.343328448556697 29.863545259595384 62.54125674843511 78.7012958645981 45.04438063264787 16.091897087898243 29.72797919062842 62.47725194955866 88.17366755035862 59.95978908094576 42.55087761691623 49.20160859054823 73.66029875183175
43.44318539925742 35.21015497938065 16.869780599814973 30.66169441016331 39.568089981552085 43.397018306877406 18.85707898890593 48.02679642321139 47.01240674274053 27.56399879401754 0.0 28.722022404920786 38.51463870844282 17.792373019653322 25.102383894704676 43.6692089221747 51.68331510362406 51.14817972698789 43.1375758010825 42.94501432273086 41.42524044803372 18.058524177479118 27.235392090556537 38.457118163745676 40.50647523596271 40.1821584636799 30.10918385720953 33.8194132905596 45.08910810317383 16.082482822731794 64.98160072812448 28.320203091655497 32.022746236666855 24.1873206380337 28.23778788257128 48.11819318406516 47.153787504237734 39.524070240321514 31.9799444717907 39.49021990378283 78.42554628872945 54.778224188671544 47.38726025866658 62.33187049722716 88.99316141786012 65.3726771397995 33.777359621309245 20.07686442979132 45.388305801282804 78.17904756012143 63.18264700804753 29.359074420175375 11.256838794127894 42.26500194532186 76.42510817909485 72.84203655401515 46.51672291281032 37.636101300653095 55.353176252435006 84.29887016128298 90.63806096679134 71.03792097469886 65.36272227642803 76.76559019110665 99.54093297276174
49.6844689641364 40.38716245584701 17.77513146229523 29.332202566262552 30.1219517550177 47.15268175556963 40.18155269396532 20.18193890910343 47.161118196040015 50.26720104700654 28.722022404920786 0.0 62.40652991958403 29.176332095088778 52.81182495885542 52.76173384762883 64.4171771602179 44.635136137367994 48.738199156304 37.518635223859064 43.7202201827544 36.59372251125611 2.0071203872214216 56.38051570770767 32.746643001185724 41.29893805715988 30.49089357941908 5.682529466232257 47.152623198978326 40.053373851347374 88.06661314836953 12.15699908479897 56.133700382236974 37.763176519474285 9.331482650410786 55.29503971701397 61.26417528398693 16.00562152949322 44.31627434834378 39.85303252492364 75.2174010551151 42.84184452479893 20.19991265227329 37.087678657652035 68.83169294281555 72.92637412085385 38.71872663492294 8.653132189115897 32.33367835229751 66.41468188240052 81.05565300517695 52.33932270463415 36.10567169507806 47.567461216403295 74.94355352532737 97.0199690284869 74.5395683293526 63.98589128356959 70.9014492187878 91.40356065221631 117.67183200255451 99.74570617349957 91.90451800279465 96.63520909647661 112.36091634538506
76.98455517353646 70.61673234182672 44.84469170384022 43.366477695221164 53.526181411162575 39.332082749677184 48.47104006871434 82.56158597273883 82.95258738435449 50.26995910066603 38.51463870844282 62.40652991958403 0.0 34.10187898050717 36.64353296548829 75.39849939633939 28.619414394242174 88.77956587121682 77.07633929576443 50.58492381902441 77.13525811991202 25.982109659326884 61.62814920462276 14.999997805376372 52.17045900621019 41.927279572869274 67.77445405995014 68.08118357906073 80.46048317539977 44.21319567471865 74.18672818439173 55.44840923372359 6.510912563665132 27.46321553019643 57.16006833717876 80.38008655117434 24.173594031155343 66.04360384856575 64.09451189623667 42.69240694418977 69.81265828855268 64.17915148669456 75.88737658363465 98.96261199867722 127.36984505339667 45.18119531213014 36.228144157158034 54.57514042937854 83.90019654844328 116.16742018319198 28.62277408574274 10.080230801519454 42.1759679487131 76.49095929940245 110.98547111836693 34.75118970458404 22.055169656470166 46.47646298583591 78.92109030566985 112.65816063790288 56.62565027576881 49.668046260056585 64.20414416986303 90.40042143848919 120.90122836598869
60.300757282380204 51.51186737326032 11.45461247533286 14.139952173772395 24.45987735038672 25.732444231063916 36.578767259094924 49.017530386965426 62.56264645915286 44.69876495254743 17.792373019653322 29.176332095088778 34.10187898050717 0.0 38.81457461812826 61.01104093943498 37.182367954731234 64.77704663466598 59.85864888151358 26.071573751029074 57.31421096099745 8.355701385641042 28.7785535960962 27.286787969766657 24.603731573956402 22.410041356076963 44.635414503487105 34.82186084498225 61.069488376594435 33.46777240069666 80.87944387261989 21.35797978307296 28.251640385075287 8.900472732814189 23.083119585555142 65.25645290304408 33.32591761784588 32.22458686033797 49.48427896556763 21.778464159515426 60.634085007703746 38.979306464569454 41.9178806212385 66.25450486278656 97.04142635128419 49.01171244661575 16.02306774564555 22.49849994417516 56.129131083742045 90.49657048407902 52.243536123296174 24.10340689781956 28.76470206418619 58.89557410303449 92.22155884680764 68.25094086917304 49.920680614281665 52.16097231888218 73.10450718115668 101.79675909709275 90.49005212253965 77.39463636387251 78.65208622603194 93.68624404016525 117.31502333005764
43.47799059228822 39.558569577460965 41.72421883271705 52.94547464439892 62.980342880138636 60.96618418315897 17.477689895028373 70.67325130435837 51.392376853023336 14.349569886451956 25.102383894704676 52.81182495885542 36.64353296548829 38.81457461812826 0.0 40.77944743958484 61.105949053343785 59.74479668997443 43.887668307080396 64.7910903719134 45.75667715726161 33.804230801890995 51.09168207214034 45.55035646573799 63.37088633315474 59.70207069242934 40.94450892630945 57.33785947392104 48.404192715715844 14.647919288166934 42.55143594292431 53.41201256773947 32.182100829533184 40.781989948592674 53.31565403728859 45.77764281397546 56.138588971872764 64.6158990464604 30.829670067718002 59.48266104858903 96.31049402558537 77.77334954752648 72.22484966482527 82.33417448474223 103.61542373219648 77.26578269664881 52.66250863228499 44.40151730914141 59.70314855811724 86.9037021078096 65.26355925535314 32.83868976448295 17.0960898044077 43.60071547776999 76.84151128190548 64.3723693693258 31.046903300469996 13.374231464434287 42.29280702896628 76.11402355597477 74.9894465165834 49.29440486837611 40.389139623438155 56.8106489462456 84.9614033155588
5.162694584696865 12.54241067390362 55.334766927129685 71.92185677490113 78.34070464859462 86.73286069643993 27.20841948778654 60.30523686047487 15.066146151012601 26.50719114947732 43.6692089221747 52.76173384762883 75.39849939633939 61.01104093943498 40.77944743958484 0.0 94.65686223549251 26.136757592324795 6.364554560159658 83.74621312598573 12.428629520313104 61.464974353515416 50.82560679086314 80.26182439482315 80.15164527350666 82.89311866526975 22.565936327026243 53.608019795325006 11.950070678633073 31.452189629589565 46.253683491110934 61.52121515285383 69.77836558659283 67.84843587234339 59.56998669927581 5.01760481181009 89.91062890955396 68.75459023251759 11.79744775064496 81.97819382020288 121.02702142156112 93.14082174504885 71.3979191165076 62.56908544451592 71.60234265600288 108.95973598162944 76.97670618517 48.71789225327818 34.87525279443726 49.5375008555362 103.3189461742718 68.8404165177351 34.612926183261656 7.208313013156648 36.06547239299314 105.14442580802066 71.52656747197727 39.64335449744737 20.54233149496709 40.83167075608896 114.07821514053425 84.00316861198223 59.11035584885627 48.232195330841265 59.61093717550085
94.94477213979442 86.89310801589097 47.89400818364869 36.29007693901064 42.439403116294336 21.313622976105613 67.80082466158646 82.59303148992538 98.61079889324759 72.74399735659334 51.68331510362406 64.4171771602179 28.619414394242174 37.182367954731234 61.105949053343785 94.65686223549251 0.0 101.72458206615879 94.71179996485786 35.97113081893748 93.08442124159451 33.64659749842346 64.53070325214011 15.586922217448533 39.90894788816565 27.112643109269644 81.1499446828875 69.68797531190116 96.76452797753386 63.74270643078854 101.63863291552533 53.57624598518139 29.967568450707095 28.48047195220681 56.19113085307146 99.34266114928577 4.96788905525985 60.843019943087455 82.86107286501489 28.590045205396198 42.210815382917474 46.70839023320568 70.54372038767615 100.82649075649184 133.23050691535346 16.654581577101233 26.28855779412412 59.15786454119565 93.29024110787394 127.67668823014404 19.760608136964223 28.34003951246381 60.08896163316902 93.87788901308578 128.1026231015849 46.055033879333955 50.1784419218117 72.86632455266981 102.44970378138854 134.45146962730098 73.95289213517239 76.38812129211865 92.71466758373731 117.26731763017877 145.95200466681388
21.016041831197338 20.358360549614314 55.36697610808943 71.43599769910199 74.48197784599614 88.66815183261556 42.60548934792707 43.07429293154672 11.109042578354535 47.23843385692193 51.14817972698789 44.635136137367994 88.77956587121682 64.77704663466598 59.74479668997443 26.136757592324795 101.72458206615879 0.0 19.89020001427606 81.46746708733885 14.969300814121956 68.46798681915708 43.2303596997855 89.47621529339621 76.94442709950461 83.52653207293149 21.080270780386304 42.628234385573286 14.19499062717771 46.36462855163531 72.36514925695137 56.2882940999225 82.45625066140975 73.26457960210134 53.63426402806134 24.050640353198624 97.52159406521945 59.33832647352548 30.009591837203963 82.26408783885542 119.51437559766242 87.43736698487939 58.32431679164999 39.407922142594366 45.815590587977375 113.53663198719862 79.1516659989354 45.10274765240824 14.08480206673785 27.520131555540928 114.3289377956838 80.27368848872825 47.02629959579967 19.337253889625 30.516137806768246 121.75916088223269 90.45396259366018 62.716510753065904 45.602822026895495 51.19266858586124 134.73317286901678 107.14032409143408 84.85176504149747 72.90642515169426 76.32577180447726
1.2404628267130855 8.675469759073467 53.14942614996158 69.87571811310261 75.58950619278941 85.42010651600371 28.622082560964618 54.8228901634271 8.950475804989296 30.025116268745077 43.1375758010825 48.738199156304 77.07633929576443 59.85864888151358 43.887668307080396 6.364554560159658 94.71179996485786 19.89020001427606 0.0 81.4043614129976 6.243569996057566 61.17564715434304 46.86433272102089 80.7899139368718 77.56471938965849 81.22990471236285 18.249060866305165 49.06346558759373 5.718044340600877 32.868050102232075 52.58261303941356 58.25484534065742 71.19954692537884 67.22420622272438 56.121756345748764 6.616503507421571 90.07794599008096 64.72772642632712 13.175017425576085 80.22295540729012 119.09137781410244 90.10527088085001 66.70798595449394 56.35373031752146 65.54633806003345 108.45186554431749 75.63246671596296 45.53648174396259 28.66549467311441 44.32480420090659 104.49001449379995 69.88835959388327 35.291031186583645 1.177011206798424 33.94360361289868 107.94384005542494 74.90891983238845 44.33576776804565 26.736018884582794 43.11391280401638 118.16468806048874 88.88823658336842 65.07026881510654 54.42386745578961 63.91064855840703
82.07568111460401 72.73869935463911 28.415813507692068 12.28369106410145 7.92558575082544 14.659174368467818 61.70049371080568 51.26152439090645 82.1229233298137 70.42437926413692 42.94501432273086 37.518635223859064 50.58492381902441 26.071573751029074 64.7910903719134 83.74621312598573 35.97113081893748 81.46746708733885 81.4043614129976 0.0 77.63750553324141 31.675767119345647 38.5751631868557 37.22548896619346 5.019036476920498 9.261965479803925 64.08462382713796 41.33229597098085 81.35487584504641 59.005064018887595 106.95084701307773 25.400512404938514 46.82615689147579 25.621524072358593 28.19449958948785 87.44327770443094 35.30192659607625 27.753357432120406 72.88056770060012 8.102311605917878 38.10300106162081 13.8350719544762 36.41195421655149 69.67856393115463 103.82304561500177 38.327732364659354 14.437035766727462 36.64275192190846 69.79831565455933 103.90268909415664 55.61723464141656 42.63551498249544 54.19516746484586 80.31976036396328 111.17657271984511 79.52692198842138 70.8476862649503 78.16017990281988 97.94584493446288 124.38858106017157 105.65318063518346 99.06092851209993 104.20269693741378 119.57423656623166 141.8888845373028
7.477412149502768 6.52108724725931 49.71311111036665 66.4299021646115 71.4929662610976 82.55595652698334 29.27128786454763 48.754553272601385 5.82393303386976 32.63670339285084 41.42524044803372 43.7202201827544 77.13525811991202 57.31421096099745 45.75667715726161 12.428629520313104 93.08442124159451 14.969300814121956 6.243569996057566 77.63750553324141 0.0 59.437844660014584 41.91254201920019 79.68854818256223 73.60117282443025 78.06716101074167 13.605687995535497 43.62754022736097 3.7665332194774783 33.345344214709 58.2989984860317 53.81018213541031 71.04326098081093 65.11233859002441 51.53584852068501 12.52907617349236 88.57880649099305 59.6235309189166 15.267529042145478 76.98211087090898 115.56719543409694 85.71726941102978 61.10588218875462 50.1518927919307 60.7560763505932 106.24367054841835 72.79014612070466 41.27878038416848 22.456948705136398 41.22542756373595 103.91000671307523 69.37208677790576 34.96479985662308 5.238502687598679 35.03142115459145 109.01614865429737 76.74452016279365 47.85138625245193 32.93360050107905 47.689852194367994 120.62068113307366 92.3582604559977 70.0394885444614 60.628324757695694 69.57614316271415
61.4562193560893 53.26187387235175 18.901334599730724 20.855248471208547 31.55728819626138 27.43538419075813 35.29734745130769 56.67991017316227 64.97274451597069 42.016879289881054 18.058524177479118 36.59372251125611 25.982109659326884 8.355701385641042 33.804230801890995 61.464974353515416 33.64659749842346 68.46798681915708 61.17564715434304 31.675767119345647 59.437844660014584 0.0 35.95275456741427 21.238727576264107 31.199791807958604 25.907813135722638 47.66165757747126 42.27613223607638 63.12018235626019 31.579750478131757 76.34465285367958 29.63143321840942 19.974460695063026 7.089331926082692 31.21984495299002 66.02449182708267 29.191023294407373 40.578611968926744 49.69090423507743 25.746956056563 62.953398312337455 45.23823813432925 50.24621688097677 73.46892351836753 103.27390485844816 47.50449743717151 18.86017618024302 29.147635702042482 61.141741397686445 94.98362947253854 46.40396535762391 15.915573008671485 27.352045419224737 60.31429991436568 94.4581739223483 60.44078444386664 41.704936189552306 47.12045518496602 71.38764043466502 101.817854188924 82.1941180019995 69.38018422879999 72.56796067294567 90.07424654993484 115.56553503079844
47.798811729839684 38.478035858111 17.324466568413257 29.901275228028233 31.3252208741728 47.72403375882756 38.25002818961992 21.170983626003288 45.45454925025844 48.32843205001696 27.235392090556537 2.0071203872214216 61.62814920462276 28.7785535960962 51.09168207214034 50.82560679086314 64.53070325214011 43.2303596997855 46.86433272102089 38.5751631868557 41.91254201920019 35.95275456741427 0.0 56.053938752021686 33.88193020469396 41.96708928664222 28.61552026780767 6.656977460921498 45.37570756194232 38.19268617462065 86.09277204452796 13.181317994147637 55.30381713267667 37.4902670505142 10.439208906490496 53.40833983680443 61.25675703693392 17.928998572864003 42.31787895763354 40.54935471145047 76.42667314177827 44.37163388215528 22.1696299139985 37.53649103354309 68.71192690538102 73.44929479736041 39.07305184408364 7.311739293946067 31.2261646622983 65.50983792108485 80.866683637537 51.58304927366683 34.30791491102356 45.695587121566426 73.44366509572288 96.3059488328602 73.2877863644184 62.14613692814437 68.9054707291544 89.60225618521633 116.62284638188018 98.27214213590129 90.04795936508901 94.62849199977748 110.43171399403019
80.92606022189081 73.33175861665143 38.737028849786896 32.261504816824036 41.395177857571134 24.7574187901174 53.14717322170213 75.9329818227333 85.35909164321511 57.479268747914304 38.457118163745676 56.38051570770767 14.999997805376372 27.286787969766657 45.55035646573799 80.26182439482315 15.586922217448533 89.47621529339621 80.7899139368718 37.22548896619346 79.68854818256223 21.238727576264107 56.053938752021686 0.0 39.59030364607781 28.1445019391468 68.51899011709845 61.98224891298299 83.28185753116072 48.98741473965412 86.16247415224908 47.25217406280088 14.67545606754325 18.636378396017268 49.46300849791142 85.05910191915933 10.636233765189603 56.63601691149291 68.51345645552723 29.13708442395338 55.06060992983653 50.38033031671937 66.6295064606018 93.4644911719585 124.20361354382517 32.04569031704322 23.490855730825682 49.71478697112952 82.37806437144452 116.1704637186219 25.182289031678245 12.753202951029337 45.67268408105518 80.02622906165449 114.53058100545904 43.05063712550228 37.022581601725406 57.29585758306892 87.1193927872076 119.5474443796223 68.44330437103453 64.62068883387397 77.8585587689803 101.69980902829047 130.4550549821889
78.27804261825385 68.88933862732975 25.039905737293903 10.487215367387842 2.9143279003266183 18.780116806821688 59.02437343967751 46.248122255628836 77.94578541629889 68.07028457691898 40.50647523596271 32.746643001185724 52.17045900621019 24.603731573956402 63.37088633315474 80.15164527350666 39.90894788816565 76.94442709950461 77.56471938965849 5.019036476920498 73.60117282443025 31.199791807958604 33.88193020469396 39.59030364607781 0.0 12.797142982529524 60.00922756310568 36.412288226757255 77.29258763543487 56.57816599134961 105.12886598405072 20.706518242062717 47.908970950725696 25.887646731733927 23.455594703466783 83.7067512726501 38.80088690525548 22.76611068606003 69.515674917121 11.343478731117374 42.574557483716 14.412769014483057 31.58660932420853 64.6726439749735 98.80404283681294 43.19370337974381 16.13516917993383 32.401255165545734 65.07064597140447 99.06253871582975 59.36110808990161 43.62538197345134 51.74383511055298 76.46236140897437 106.81937404820022 82.38102858550683 71.66676205306976 76.68357021144504 94.970360332465 120.63632530870048 107.95456539289249 99.79484617461748 103.2399826669752 117.27163460108487 138.7135108771788
81.77876406097013 72.67668519872818 28.43393151169689 12.158022930200081 15.362044515290616 6.228598167915676 58.98880860544184 57.33531034350069 82.9502988288207 66.94385227271705 40.1821584636799 41.29893805715988 41.927279572869274 22.410041356076963 59.70207069242934 82.89311866526975 27.112643109269644 83.52653207293149 81.22990471236285 9.261965479803925 78.06716101074167 25.907813135722638 41.96708928664222 28.1445019391468 12.797142982529524 0.0 64.78572552188226 45.874035946110524 81.82977770667594 55.83095561992814 102.22220873659514 29.33330226523236 38.640924744074304 19.078594098215838 32.163398827668644 86.93558544019184 26.126768046145262 34.4891930252823 71.55990299656551 1.5569049573983953 38.272806201157536 22.293835752565936 43.86419255152427 75.80214061147122 109.37415833484089 31.83553241167591 7.060362604618496 38.48441212089576 72.84987915206756 107.36858697319344 46.595335392204035 34.59556467455961 51.160648858211665 80.20475029142592 112.44119808782193 70.26815951774172 62.75318886106092 73.02799675208246 95.51434988062584 123.72417257688512 96.5029039240723 90.95614863734816 98.1219816977399 115.66121828713408 139.72044710438124
19.197314156815697 10.029390089206627 36.360259118663734 53.0161876234764 57.88866438114795 69.465952996183 23.4779839176111 38.52835617180591 18.16521222008918 30.69308965796901 30.10918385720953 30.49089357941908 67.77445405995014 44.635414503487105 40.94450892630945 22.565936327026243 81.1499446828875 21.080270780386304 18.249060866305165 64.08462382713796 13.605687995535497 47.66165757747126 28.61552026780767 68.51899011709845 60.00922756310568 64.78572552188226 0.0 31.047722800957693 17.2834305045343 26.6346302441134 63.71093433886579 40.233243814081646 61.4197920068868 52.819208296442994 38.00272515342607 24.80790138199118 76.82368582862722 46.4858301574421 16.81852057214611 63.656476390954786 102.06937418028488 72.13851832861485 48.83229286580884 44.27231805779822 62.692119008971524 93.64303658883354 59.74934510730454 27.673094068887544 18.880306816423214 48.39402639975383 93.28687835387687 59.19475920018497 26.46598936689073 17.080073252204652 47.72693625383448 101.08625560719554 70.75362495526828 46.781855094983555 42.02178767057895 61.13870675075392 115.39887208919555 89.86693346745412 72.31870087688841 69.1280404688419 81.98865884300447
50.09543147626255 41.07705566224576 23.44514236468511 34.137177773855406 33.64293786402083 51.863330699100175 43.75643976865711 14.55100057040183 46.4534611110852 53.744956133267216 33.8194132905596 5.682529466232257 68.08118357906073 34.82186084498225 57.33785947392104 53.608019795325006 69.68797531190116 42.628234385573286 49.06346558759373 41.33229597098085 43.62754022736097 42.27613223607638 6.656977460921498 61.98224891298299 36.412288226757255 45.874035946110524 31.047722800957693 0.0 46.8389475705811 44.05829127448264 91.1111074523815 16.55077455500703 61.79782580374293 43.35165603297771 13.744908804230143 55.67782505130395 66.65174604040843 16.71016933601455 46.14215335915628 44.38687455239939 78.46040283890805 45.163095516765196 17.83885827777769 31.489582685794062 63.71665446203947 77.65708664891636 43.76580393358462 13.968528279894251 29.48975537204691 62.76163846431889 86.57095908048517 58.01642100561357 40.39929150744582 47.88657328158287 73.13664297153456 102.7018726454183 79.9437334942202 68.03742415754165 72.53927439276565 91.04705516787706 123.24722945213941 104.83586363549156 95.84316513835363 98.8733612730428 112.96302979397046
6.821578375030634 9.9582923731014 53.46819611048925 70.18016370587644 75.16290564251739 86.32239889937497 32.32648395988552 51.26875801575834 3.2703789770357647 34.90236920054397 45.08910810317383 47.152623198978326 80.46048317539977 61.069488376594435 48.404192715715844 11.950070678633073 96.76452797753386 14.19499062717771 5.718044340600877 81.35487584504641 3.7665332194774783 63.12018235626019 45.37570756194232 83.28185753116072 77.29258763543487 81.82977770667594 17.2834305045343 46.8389475705811 0.0 36.4751613232941 58.200145642389785 57.417323201898355 74.42217346073312 68.83883918023056 55.107685810323765 10.55864321457417 92.24004468988639 62.99306730763377 17.608887553865653 80.74194388259127 119.3042180657407 89.31887187110046 64.16406991386994 51.48783775813903 59.83117565587613 109.98566952495638 76.5562468318438 44.941225499735324 23.946021853120303 39.012223323611686 107.40712144856505 72.83855848346133 38.33373929461785 5.324437712689448 31.338120682304755 112.03506284581061 79.44610023433317 49.66231042902482 31.872276538200907 44.273848335801986 123.05887195078478 94.2310074451486 70.78322364432866 59.46286172482662 66.75465744202283
32.77344122429196 26.859715953492124 32.417841824679314 46.72563345101399 55.578581814252544 58.53199640322871 4.267839588471826 56.77451269442672 39.156774634657 11.510084783866768 16.082482822731794 40.053373851347374 44.21319567471865 33.46777240069666 14.647919288166934 31.452189629589565 63.74270643078854 46.36462855163531 32.868050102232075 59.005064018887595 33.345344214709 31.579750478131757 38.19268617462065 48.98741473965412 56.57816599134961 55.83095561992814 26.6346302441134 44.05829127448264 36.4751613232941 0.0 49.3799121898517 42.90327410035765 38.41055629624785 38.48648682217058 42.22211258915658 36.36204836252191 58.9015024387957 53.438701584963525 19.9165847462028 55.24382008658228 93.90261815457939 70.81474230121687 60.054453827266656 67.77264041762965 89.3000997791046 78.7200981139709 49.172685831600205 32.154104586337624 45.21785130804386 73.82584870622144 71.8847745353794 37.38951094584731 4.835734949280536 32.3055292666302 66.77397842616998 75.69320595645901 44.21372755169445 23.98101795168019 39.87691038770435 70.7113143995666 88.7859424376598 63.9418143780056 51.85527336375402 60.69748614486166 84.10827528526795
51.40820878830555 55.65911841971457 81.70532673049969 94.87241491730147 104.4247640161467 103.48510571863322 48.171302679140005 101.5979523516091 61.26123395380475 38.13799630127476 64.98160072812448 88.06661314836953 74.18672818439173 80.87944387261989 42.55143594292431 46.253683491110934 101.63863291552533 72.36514925695137 52.58261303941356 106.95084701307773 58.2989984860317 76.34465285367958 86.09277204452796 86.16247415224908 105.12886598405072 102.22220873659514 63.71093433886579 91.1111074523815 58.200145642389785 49.3799121898517 0.0 92.23325238846854 71.68513923443355 83.33342376219154 91.40716304357207 48.70196127154277 96.75370943463753 102.48178843420473 46.902382758709145 101.9623474851405 138.722648487443 119.52005964907042 108.26240195852243 107.47596134455618 117.371412303906 118.20531916071307 95.1946075656596 80.9089731924996 80.15761586621312 93.26820264483095 101.41688195244978 73.54443141727054 54.10163086784251 53.29158616903471 71.7481949186684 90.45907184116354 57.66770931090534 29.379069542853266 28.205296820414233 55.881945400510034 87.54996879820544 53.03279032862476 18.83641746034296 17.087959348012205 51.22538477998157
59.07776225473059 49.637644537601 12.119670767997652 17.630332879596956 18.193892465377974 35.31318710401702 44.20482841252384 29.070900909900693 57.813395543526426 54.117674872378736 28.320203091655497 12.15699908479897 55.44840923372359 21.35797978307296 53.41201256773947 61.52121515285383 53.57624598518139 56.2882940999225 58.25484534065742 25.400512404938514 53.81018213541031 29.63143321840942 13.181317994147637 47.25217406280088 20.706518242062717 29.33330226523236 40.233243814081646 16.55077455500703 57.417323201898355 42.90327410035765 92.23325238846854 0.0 49.5942074376132 28.83161089563201 2.845226392315494 64.63073542474824 50.83335396677903 11.495694025188198 51.78265878874836 27.85520973467756 63.2691813301074 31.90725425061191 20.688256437128345 47.252328492972396 80.20229831176117 61.106392386127276 27.41431543346569 12.804331669469214 44.39830905457867 78.57048748014614 71.1432899102438 45.46133788244015 38.300467577913544 57.113443455032275 86.32376301685537 89.35906802917555 70.45255987349047 65.85479333031718 78.13395468753963 101.32988899072251 111.82508780589644 97.16927809389759 93.667336662725 102.46928476632688 120.91741682436027
71.15546685393772 64.53418792566957 38.69242271808396 38.56446263435412 49.01364443501063 36.918113470078566 42.67839588471968 76.3090024570303 76.84979043691366 45.233202840820084 32.022746236666855 56.133700382236974 6.510912563665132 28.251640385075287 32.182100829533184 69.77836558659283 29.967568450707095 82.45625066140975 71.19954692537884 46.82615689147579 71.04326098081093 19.974460695063026 55.30381713267667 14.67545606754325 47.908970950725696 38.640924744074304 61.4197920068868 61.79782580374293 74.42217346073312 38.41055629624785 71.68513923443355 49.5942074376132 0.0 22.413855509123852 51.187523569949875 74.72914872029897 25.12316158802116 60.41149223654588 58.32714104245064 39.21343037694467 69.4125125537941 60.60627037374346 70.16356109042468 92.56085990830182 120.85893617041646 46.58336400969102 32.39332690045477 48.20248184121288 77.41101140095401 109.80111073360419 33.61365264485969 4.328744344928716 36.08950663444711 70.57634893267753 105.14011435336919 41.203879267767746 24.11244688670449 43.126598883418175 74.38575116062381 107.70988546966555 62.23844089886283 52.31932414742262 63.21234395798014 87.4590748470985 117.03495080808469
67.57274217309723 59.098045220386474 20.22450595869867 16.169175444005873 26.73651519977476 20.346182086659116 42.09646394130116 57.31582954313091 70.51386373665571 49.06386924300073 24.1873206380337 37.763176519474285 27.46321553019643 8.900472732814189 40.781989948592674 67.84843587234339 28.48047195220681 73.26457960210134 67.22420622272438 25.621524072358593 65.11233859002441 7.089331926082692 37.4902670505142 18.636378396017268 25.887646731733927 19.078594098215838 52.819208296442994 43.35165603297771 68.83883918023056 38.48648682217058 83.33342376219154 28.83161089563201 22.413855509123852 0.0 30.926156758087696 72.30279762758677 24.48108696065734 38.834656068339065 56.128633995213484 19.067676967951883 55.864231968231564 39.4036448604169 48.77813533969011 74.83842722792848 105.910803677118 41.227686560401885 12.024855110409437 31.373942042243772 64.95308642116001 99.23877633992939 43.40375810953247 18.085112663134076 34.133632912430876 66.31732055254486 100.1285055728671 60.60770705539202 45.82640368499185 54.05217931166968 78.34558440081742 108.39389647809247 84.07047024956444 73.91521966302555 79.08111703647629 97.1541768986893 122.55118418790123
