0.0 24.412770748304737 71.51672816166915 50.884768703616466 79.10070257749409 29.45554536518444 28.586518804509815 4.65363929842673 50.6310264676443 55.61809390796196 38.81545038281982 11.47208670646386 28.722590608214066 24.146647935738876 61.18849633142137 94.46392043809553 15.66089263513853 86.51600009143334 55.17909291615542 54.234713280176855 57.965889645392004 5.562435235497756 63.554435981190885 49.084099179373304 79.09986885006842 4.6527689500349005 36.927489194077936 41.96708928664222 63.66602621517352 28.459028507561747 41.96708928664222 22.905358944891912 10.129900717572061 20.637200846444404 55.63170684202692 95.9542681444916 13.877890450114819 48.46029646749587 64.57278375684139 50.69030830400419 129.8810686834586 99.6021595146487 73.25901632950648 56.638960846531255 58.684371155077876 120.52819530697799 87.17847392389498 55.38922734179429 30.507153818049964 34.470945761318525 117.28928185343236 82.68555517168913 48.082022055200014 13.480173229347143 21.128268035494607 120.6578863514149 87.35604317763011 55.66570005496843 31.00163202714902 34.90517665310763 130.12167212456728 99.91282361811419 73.67692321425363 57.173417180824636 59.1954743039724
24.412770748304737 0.0 88.68762102373316 63.80354349198347 81.68836917644683 53.63338098203039 49.33987094789338 28.202491165527157 55.56868010999093 66.01641065094476 52.33856919461792 28.429376960132803 41.63527390552909 36.758422441568214 84.66524210805355 100.79087284783793 21.365767605602592 91.81546784350479 62.607317785344634 67.71560665583092 78.82672888216572 29.44008059464881 76.42039690541333 64.46481050627557 82.1184158596039 24.49075474861649 56.60456211800356 57.60091563015144 73.58368880871151 45.05908475600091 57.60091563015144 36.838791476609416 29.09217274128915 38.9982821401991 78.68134071795706 100.40579455962043 27.767792293352105 48.25487601262373 68.83824981482276 67.16130557281356 133.0246644201962 99.88771161708918 68.22302609989408 41.545642606967995 34.53306127351598 128.79908759332505 94.24106520676523 59.736132798632354 25.50071638595134 11.270372429799064 130.57467040066632 96.63167410518471 63.407108174280836 33.13740078366935 23.88636288048546 138.12006963643813 106.51964531391668 77.52756005986464 55.40231792978448 50.230644318595274 150.56996951954866 122.09637904617071 97.66511200412234 81.01950818807917 77.3601033632422
71.51672816166915 88.68762102373316 0.0 27.42245477295759 52.94937122067225 53.00332761043119 43.50256920916374 66.99768327474729 45.95066893493429 30.527844962714035 36.81715293395786 79.86354641126871 47.15111144736332 51.94175707383988 39.07029765712868 48.506470016059296 87.0557246712127 47.586479106389866 38.44537148595763 23.57410367320579 21.420289332521435 70.75310495700718 19.590153473129433 24.450556400443972 51.67123226530985 75.43592641675963 34.944158291545826 31.098016603837884 28.97490890221086 43.98071635221342 31.098016603837884 51.88569857485818 62.145743476648505 51.191392634464755 35.2317665815064 55.12159206058838 61.46142893390716 57.53397559438501 45.44818871055148 21.52653693092673 83.41691664901668 69.77368986735206 71.92437383676084 88.7278155105001 113.87228317554303 62.07553635791965 42.330327965096444 46.09949412000043 69.6655746511839 99.8811466936927 48.481623371239685 17.399603401588355 25.49266606140685 58.2396538267357 92.35090667270643 49.494994329919706 20.028020079794196 27.337487358522594 59.06271534550558 92.8672169008237 64.43001264166081 45.68344565576808 49.16852998766919 71.71421010772767 101.3070973656098
50.884768703616466 63.80354349198347 27.42245477295759 0.0 38.29876198701816 43.41041604884144 28.193113721066503 46.93825119837772 19.843980224016924 7.759471275816236 12.1083851598787 61.1587864074315 22.796076066753425 27.80410530858654 48.54870627557518 46.2853344206262 66.38718806902023 40.20881107953039 14.431744463693462 4.023242883872768 30.788410050193715 51.868536356248626 12.81889769710242 7.037057999692967 37.53870952667834 55.3642149948825 22.079527644426033 10.584672384271954 14.378046500039824 22.756139797803794 10.584672384271954 28.452263923146457 40.7784789543293 30.653514032272618 41.9262283794807 49.821606646590716 38.41561435170557 30.761256452340017 25.28414082994598 10.652953611082644 83.34022378160498 59.14454323086578 49.45065718104426 61.54237893853606 86.74311340207075 70.19971863222392 38.71709950697613 21.56090153562775 42.726766066757065 74.70693397935104 67.11186461945466 32.84675895289336 6.976413710844828 37.593678941742304 71.92185076892883 75.32345421310717 47.30526831530545 34.59458114893559 50.503590548557234 79.36794850787405 91.85202674123545 70.53781881840855 62.52320012392495 72.37053839452349 94.6605340360158
79.10070257749409 81.68836917644683 52.94937122067225 38.29876198701816 0.0 80.43145180313377 64.41177178212276 76.46742355776966 28.491524595836854 30.53933660883818 45.63088398935799 90.52482936228887 52.00187912551599 55.596446892977724 85.507707420448 22.201035040108575 92.64384546241497 13.011298331110067 25.897679722197932 38.543236593834706 66.58257845390163 82.07774179194149 34.96440445995024 45.11387642719361 1.4464293204158292 83.71908001833317 59.88007468887382 48.01125035251869 25.966231351131338 56.06580178542022 48.01125035251869 57.265749287226804 69.67145474925647 62.64823166532451 79.31285451703847 19.215650707204517 65.22642559958706 33.438831520845646 14.780331473326864 48.01302490690928 51.471409849796366 21.284630170490907 25.52674154226257 56.96528055516785 90.73765175638115 50.58476424715269 19.062486417751195 23.723190386376718 56.18765429325181 90.2561166179784 63.793439414332155 43.131145950151925 45.23063810141703 68.01578881785464 97.98625651850868 84.7441648246034 70.31146360148584 71.41842890594536 87.47710381869986 112.24373936568631 109.06214989847379 98.04805166751578 98.62534409499801 110.61268790899962 130.91235662469995
29.45554536518444 53.63338098203039 53.00332761043119 43.41041604884144 80.43145180313377 0.0 16.126548480407127 25.430892914118285 54.40296588242147 50.75098242028256 34.89507866899853 32.06924617397025 31.84921833677616 31.36978651027382 32.28714850863789 89.46920326503596 41.44547662507771 83.6124961676314 54.57464678855184 44.936067499631775 34.16552502842331 25.358029790925244 53.24192375857064 37.94492251331478 79.90520044048259 31.006490012494464 21.50360195297398 32.903905780754684 57.754750682947545 25.649803279853852 32.903905780754684 29.426307061135276 26.245664572125968 22.471285663683915 27.569075245646722 93.23201158529494 30.471436179517507 58.580756550980354 66.02565341132357 37.07976129185741 126.6357345942013 101.68070095429407 83.8811948627784 78.28077027774808 87.26074362875082 111.23622449424177 81.9117091003426 58.654606910227145 50.65572142915449 63.92531340020744 101.43987232954723 68.15593121181945 37.353159093462054 23.240703588609275 45.605332873820686 98.92612821336994 64.39093278613531 30.014322018666636 7.097939617883397 39.93439478456375 104.22341357415468 72.19723381884239 44.24019118291897 33.117695755479 51.295246758595745
28.586518804509815 49.33987094789338 43.50256920916374 28.193113721066503 64.41177178212276 16.126548480407127 0.0 23.94955078549074 38.33638768085267 35.16768565383765 18.802478107425078 36.36118743798337 16.828317733105457 17.939189999034994 37.00870687860389 74.47748269072926 43.812519672841304 68.13914662590338 38.523212491111174 30.325448166307545 29.674835934729177 27.2847201009672 39.262194211994995 23.72069140318914 63.923380730741336 32.16960332959233 8.558412312441996 17.62711166490432 42.54528368588763 10.065438650689005 17.62711166490432 16.333186926577085 20.407325463810583 10.809177465503115 30.36909297616214 77.80210764103751 22.00318219747728 43.24043028326931 49.93454526059386 23.999145924173344 111.491524173025 85.6841772829706 68.17601268896152 65.9464280543296 80.27867860011202 97.66741232804655 66.90975559577137 42.54098082763403 39.20946823451045 60.4967556347068 90.72432881393206 56.39961902806854 22.929958890648972 16.29422607636504 48.990543910207 92.23001724883049 58.769529302184715 28.2167783368954 23.094655179067274 51.62738739078121 101.81023714090101 72.77170714245561 51.19502089785798 48.383373184634635 66.75165367628966
4.65363929842673 28.202491165527157 66.99768327474729 46.93825119837772 76.46742355776966 25.430892914118285 23.94955078549074 0.0 47.98326419508229 51.98800347779164 34.94822858345057 14.389710960393382 25.252585360526723 20.989154000751387 56.829880047660275 91.1445016400621 20.068952358566133 83.39487971442935 52.02476854809196 50.17970417164954 53.31385407565749 5.655269199554497 59.511083998756924 44.82961144836964 76.395691994605 8.535679176945068 32.32333386417224 37.74539902926116 60.02608554066384 24.311588374827735 37.74539902926116 19.525560838824237 6.796079421202991 16.407002534322206 51.16265275330959 92.90872226723201 11.68023367699794 46.803799872965335 61.813657052091656 46.30197347471688 126.90076445472785 97.20427868618965 72.03006640012869 57.64356021252621 62.06464775679135 116.8472067819157 83.78946671777109 52.753363605297935 30.65938110774045 38.6253228836175 113.03251774900184 78.43353825261116 43.842264354967604 9.34466326423494 25.443185454612323 116.07366343961178 82.71733418347802 51.049588443221936 27.655101920856755 36.30963950185945 125.47296752958354 95.35013032609558 69.53148131534448 54.51975976804008 59.20286553891554
50.6310264676443 55.56868010999093 45.95066893493429 19.843980224016924 28.491524595836854 54.40296588242147 38.33638768085267 47.98326419508229 0.0 15.51826630501874 20.19552182986786 62.04076607379062 23.93914850574222 27.184181348280152 66.94392903545152 45.34389845105249 64.4635839572348 36.63784746270732 8.355088643435685 22.944893170372886 50.206777396316554 53.60211367719838 27.32878735666066 26.14365066963181 28.46887286102014 55.259168424743244 36.016485092362196 25.10583371517254 20.41776402708375 28.9404569965225 25.10583371517254 28.91889652314339 41.18821605920004 34.70733441472218 60.05122336955366 45.73960850567396 36.75322752304523 11.782944260848012 13.99061595011791 30.114951775603064 79.42685541274126 49.316688901018594 30.82989298758958 43.17018477402962 71.91441760445247 73.23603075449154 38.67438460090613 4.770128723872902 30.735232421855155 65.27946979109944 77.51946791963553 46.211774763518996 25.624796078441502 39.65569377188473 69.88103999000023 90.80662730276119 65.96635065961452 53.40481227170057 61.215906643707584 83.88980376757546 109.87772888423942 90.24231166512659 81.29550556147478 86.42319443417492 103.55531250835229
55.61809390796196 66.01641065094476 30.527844962714035 7.759471275816236 30.53933660883818 50.75098242028256 35.16768565383765 51.98800347779164 15.51826630501874 0.0 17.357954310715197 66.3600170436979 26.91276149844829 31.693841587416653 55.89835974320189 39.651425121786616 70.80686674363803 32.97185528061308 8.04407275412159 8.781475966253 37.654380067205416 57.19540553422962 11.929120929869347 14.661523157441513 29.785410592036243 60.20874478521558 29.630184304528655 17.865067794547663 8.047935665074304 28.495699447386297 17.865067794547663 32.73769306914309 45.50659359151145 36.14359446712638 49.394108293751735 42.63752929142205 42.427976270191 27.25603430033978 17.798586258280253 17.911136785635488 76.41921859853389 51.424024893493815 42.93928854970075 58.63406404313929 86.17971472956245 64.91055256412405 32.1379710424785 15.721602406702994 43.08524843532892 76.55297991691742 64.66841657493566 31.65061716606168 14.709516965145221 42.729721148199744 76.35534759989856 75.80086785534208 50.50910086532616 41.84958294538613 57.84830624423371 85.65212255142471 94.3641505803129 75.37229940426435 69.65725851816225 80.11269160288538 101.875966698731
38.81545038281982 52.33856919461792 36.81715293395786 12.1083851598787 45.63088398935799 34.89507866899853 18.802478107425078 34.94822858345057 20.19552182986786 17.357954310715197 0.0 49.246919080249945 10.832412238235957 15.84608550214721 47.93919814948754 56.99237265434997 54.28634533696193 50.00873569082749 19.733661496779717 15.698736212630934 33.236667331688984 40.00555180551865 24.895730932753494 12.367895742160103 45.17131822364048 43.3239914180264 15.86588890581108 6.654218357600427 25.284836288310053 11.138540690441625 6.654218357600427 16.37191705050374 28.696106254849557 18.84265075219619 40.92962270628316 59.6791111993739 26.347760821828007 27.618194715031436 31.13430488658323 15.697736464864493 93.60609157847061 66.91184743890642 50.86350144115901 55.603972295242826 77.40357353449708 81.94834685030449 49.49170423779167 24.045185264749954 33.19274001703656 63.40496790141395 79.10336112899392 44.67044269428449 11.331764679515674 25.616851146510307 59.82383276112857 85.95089970081487 55.8146966539634 35.18288696695192 41.89537776486892 68.31867819750921 100.52916570596929 76.21587938647532 62.50109608121606 66.32264606482086 85.35677699719713
11.47208670646386 28.429376960132803 79.86354641126871 61.1587864074315 90.52482936228887 32.06924617397025 36.36118743798337 14.389710960393382 62.04076607379062 66.3600170436979 49.246919080249945 0.0 39.6384121738897 35.290253821609795 64.28067929804341 105.52672397742529 9.778066254263166 97.72741969351947 66.35950217688534 64.28819710683737 64.28556362646208 9.329028905650933 73.61412614416395 58.65723988172896 90.50441403800406 7.010542505274523 44.9195089753653 51.66736919546244 74.39264070022237 38.4256332348502 51.66736919546244 33.890703886316196 21.064795873375356 30.509441172372693 59.59354585470842 107.21392656956938 25.305824919061898 59.86691692423867 75.95495722714237 59.80145604889788 141.18117233113074 111.06850559785833 84.46941668944713 65.79309754794825 62.58722653303127 131.18600909062704 98.17793040771619 66.80475055808616 41.008231079205416 35.99037339509742 126.708984497448 92.16792737610096 57.70217070741325 23.64334483614896 13.539888807132213 128.32919803482426 94.36281744253024 61.11583504286088 30.996693381483865 24.109965548050077 135.82854703251363 104.24550763247156 75.36355628590528 53.73093573402738 49.89157623499846
28.722590608214066 41.63527390552909 47.15111144736332 22.796076066753425 52.00187912551599 31.84921833677616 16.828317733105457 25.252585360526723 23.93914850574222 26.91276149844829 10.832412238235957 39.6384121738897 0.0 5.0178897733405305 52.18471603915132 65.8924648733257 43.920824643669086 58.2245635968247 26.890977737041375 26.50322871175848 40.44061367564506 30.648070759413663 35.61484545587038 22.831770428953696 51.793559840593296 33.33264188056187 19.129653611402638 16.07638178624735 34.95848725959274 6.888016352298937 16.07638178624735 5.824966555391567 18.640981333775393 10.771012099057543 45.23207999960417 67.78836247405208 15.661079610943608 26.731733698443023 37.22505351991927 25.67067550388691 101.80874121443145 73.09905948711945 52.12230406370045 49.84782881786851 68.1739456746079 91.81941558696523 58.54087167969674 28.602600265818918 24.577028579100286 52.77118941686318 89.89088080081773 55.49612227417331 21.774341746715894 16.225830156750437 49.470055637640456 96.50769901378446 65.58849160635208 41.04624281144656 38.24352785499438 60.29237391933949 110.14005182385928 84.22027903979988 66.70873452076533 64.8215288101055 79.67673066515093
24.146647935738876 36.758422441568214 51.94175707383988 27.80410530858654 55.596446892977724 31.36978651027382 17.939189999034994 20.989154000751387 27.184181348280152 31.693841587416653 15.84608550214721 35.290253821609795 5.0178897733405305 0.0 54.55822547669105 70.31817218907929 39.12138560659552 62.43744289433999 31.07173552514123 31.521051166832162 44.124118840565025 26.535651468224874 40.62156874872977 27.73107573638367 55.48056548687762 28.790413962499436 22.144136633288863 20.845966445218547 39.72181817903702 9.38969136488835 20.845966445218547 1.9966031854729842 14.229330775437464 8.962192516140766 47.722182281439444 71.92989881244085 10.741647799314048 28.01724801572198 40.886291527113855 30.421243633639776 105.91407285251326 76.49987579967726 53.67943575540634 48.016073417628434 64.22161200016097 96.5485744892854 63.035674265103594 31.940761334668974 21.48895646314593 47.9393916920839 94.90572061803485 60.51326996752843 26.67337472591643 12.487395140190158 44.668268340341115 101.36180027637413 70.12366034841791 44.21843137033088 37.25641357664806 56.70661143137074 114.5552744364832 87.97635924065463 68.93143551671413 64.4827105125481 77.1963162570645
61.18849633142137 84.66524210805355 39.07029765712868 48.54870627557518 85.507707420448 32.28714850863789 37.00870687860389 56.829880047660275 66.94392903545152 55.89835974320189 47.93919814948754 64.28067929804341 52.18471603915132 54.55822547669105 0.0 86.37578798852788 73.72865824600262 83.66807245346708 62.94776634860279 47.27119126286387 19.203826101982084 57.523908825627565 51.13210830423229 41.53827758064203 84.5096308854821 63.17369320045224 33.18378691734281 42.00047778526195 59.566553612447784 45.4945667261719 42.00047778526195 53.14840435596634 55.810593776413334 47.73800169638952 7.026644385023655 92.26941097568952 58.575657095211625 75.55369847134882 73.69532692033307 37.99801056506223 122.2579713509198 105.06878653508467 97.60407628339736 102.02121823998219 116.98192037419767 100.93840034369542 79.52803547057076 69.68224600358174 76.0347395090457 95.4028670284824 83.79138127322209 56.44678007276784 41.78878674310625 51.97294225643486 77.78747372329475 73.78683738883123 40.30163207844163 14.099519287581522 34.17926359303678 67.32383229596378 73.88610270079705 40.48142416084625 14.60087903980253 34.38714981359379 67.42860604191081
94.46392043809553 100.79087284783793 48.506470016059296 46.2853344206262 22.201035040108575 89.46920326503596 74.47748269072926 91.1445016400621 45.34389845105249 39.651425121786616 56.99237265434997 105.52672397742529 65.8924648733257 70.31817218907929 86.37578798852788 0.0 109.12075184627143 9.43958718405669 39.36763058346322 44.53850260204086 67.31712048131907 96.51097832150957 36.85156382607956 51.566628485664225 21.093109016547174 99.10857659856866 67.96961199133932 56.86428165648516 31.948941235960234 68.12873826868429 56.86428165648516 71.64116733470955 84.48666372805994 75.67737773494052 81.27794329497246 7.728488687017377 80.80655081322968 53.36280727240353 32.03362131279129 53.010203539560244 37.198099632370216 24.738768307221964 47.277455749810734 79.07687468868305 112.54327843978378 28.702802788561378 7.5693057716385725 41.0559611175219 75.55622772591146 110.12152016980784 43.29155263423815 33.135594030848814 52.12111093010441 82.03710360308388 114.62284274932661 67.3391546308981 61.106193038674 72.99420205855378 96.52523952167196 125.30311973958167 93.83447701731859 89.2476416816503 97.570857846782 116.05904247572934 140.76231263352366
15.66089263513853 21.365767605602592 87.0557246712127 66.38718806902023 92.64384546241497 41.44547662507771 43.812519672841304 20.068952358566133 64.4635839572348 70.80686674363803 54.28634533696193 9.778066254263166 43.920824643669086 39.12138560659552 73.72865824600262 109.12075184627143 0.0 100.87993951484235 69.75382895565336 69.80764879332828 72.6654166377578 16.820122700030122 79.11171341591921 64.74080994566934 92.7737833934224 11.644877340329447 52.28648090955059 57.61917314740999 78.84100465323085 44.101009080877425 57.61917314740999 38.10810774740519 25.636807251183512 36.297718238297975 68.81873471185045 110.15882153648727 28.420432363112287 60.50938320178277 78.4474800739085 66.3377949596087 143.88208309491188 112.56680679156185 83.87678515847038 61.59659999332669 54.29331560825251 135.66557143612636 101.95840633427575 69.14279779290487 39.506668640573466 27.12319605066309 132.94077527533994 98.33795959420507 63.73627902498678 29.13977747355222 5.549270125273354 136.03824198495968 102.44921098358978 69.85783402226359 40.73366804745916 28.864944943952302 144.58409329344445 113.4545222724977 85.0534556319773 63.17471891092769 56.060619062242715
86.51600009143334 91.81546784350479 47.586479106389866 40.20881107953039 13.011298331110067 83.6124961676314 68.13914662590338 83.39487971442935 36.63784746270732 32.97185528061308 50.00873569082749 97.72741969351947 58.2245635968247 62.43744289433999 83.66807245346708 9.43958718405669 100.87993951484235 0.0 31.37045715879482 39.126012490149094 64.46430203598725 88.8598024218051 32.73969696733631 46.176746854935644 11.80242754721243 91.16873094043261 62.26051346459908 50.72143595498596 25.95236902074416 61.057265084309364 50.72143595498596 63.87418038074504 76.66371337081631 68.35995479418892 78.07444496843996 9.674710485493717 72.73544192725083 44.10547794384604 22.978507309504952 48.199727118886464 43.64273410453724 22.222765013539412 38.44293458989885 69.69011440036266 103.10387849294156 38.13337216417963 6.888470201892314 32.18076496029155 66.47259516316421 100.97754128808397 51.086172035330556 34.53245188998292 46.58341609774891 74.44709691052682 106.3464008886501 73.29086637476294 62.680965759658044 69.86439175251087 90.70799519554605 118.19316790053388 98.68768447774958 90.86547367751255 95.75229454496507 111.69226418192277 134.8203033809601
55.17909291615542 62.607317785344634 38.44537148595763 14.431744463693462 25.897679722197932 54.57464678855184 38.523212491111174 52.02476854809196 8.355088643435685 8.04407275412159 19.733661496779717 66.35950217688534 26.890977737041375 31.07173552514123 62.94776634860279 39.36763058346322 69.75382895565336 31.37045715879482 0.0 16.548591839647482 45.157932829233246 57.49964310046722 19.31929507440394 21.41043685343672 25.45952518284037 59.83050508291971 34.410366101552384 22.63251303651456 12.072775451539341 30.29652525079148 22.63251303651456 32.50661085434586 45.29495960180752 37.227190569726794 56.26906915522183 40.902518033104045 41.45641437921259 20.03373311310573 11.536980395015174 25.078239069659677 74.9192677822259 47.1802954772309 35.126830189155 51.34820774591136 80.21354623581024 66.45337519076003 32.25098460005826 7.684685280165327 38.377548316683196 72.67373313991993 69.37672638223154 37.862362473474015 21.185669566822522 43.115571112586835 75.25900692981928 82.48703696745893 58.36313208436752 49.02250923527265 61.60328678903328 87.07198619831622 101.92585854479357 83.41524461168268 76.95494446126757 85.3273811359004 105.04379332208141
54.234713280176855 67.71560665583092 23.57410367320579 4.023242883872768 38.543236593834706 44.936067499631775 30.325448166307545 50.17970417164954 22.944893170372886 8.781475966253 15.698736212630934 64.28819710683737 26.50322871175848 31.521051166832162 47.27119126286387 44.53850260204086 69.80764879332828 39.126012490149094 16.548591839647482 0.0 28.882855297203072 54.96956156046655 9.33190473078883 7.066693155050589 37.65747866828709 58.65813862045309 23.433190502162972 12.862233999422106 13.235021502817427 25.880223914428623 12.862233999422106 32.06358274932238 44.171470565534406 33.80253400115771 40.876402507566176 48.606916953587884 42.041170754438035 34.21072280295602 26.507659041570914 9.470428145361016 81.72195286770858 58.95176322968904 51.64248038784539 65.21797113590691 90.74483083076464 67.46673057557996 36.98813074349811 24.069225267758167 46.748017090750864 78.65284677943895 63.40476296905159 29.00702625282408 7.583215946090872 40.84674703478915 75.3276994852649 71.30021486947366 43.533869971376035 33.18898085773923 51.98704153603576 81.84515835549415 87.9907325182516 67.30105664954083 60.920254908406754 72.7179806207789 96.22532913633533
57.965889645392004 78.82672888216572 21.420289332521435 30.788410050193715 66.58257845390163 34.16552502842331 29.674835934729177 53.31385407565749 50.206777396316554 37.654380067205416 33.236667331688984 64.28556362646208 40.44061367564506 44.124118840565025 19.203826101982084 67.31712048131907 72.6654166377578 64.46430203598725 45.157932829233246 28.882855297203072 0.0 55.85152390991007 31.972499040654576 24.07884829584475 65.54165106584865 61.153621039570616 22.325745784090422 26.64718184743988 40.61725368256205 34.78191684531798 26.64718184743988 43.262077659695606 50.069074655160186 39.84126610483942 14.10102369609099 73.09902801181578 51.14575922823643 60.02907978116112 55.37268109467802 20.171587396912194 103.52551673605906 85.90976210040135 80.23820718555146 88.8289402236303 108.34075599258345 83.3597401506696 60.38551154335747 52.333303226630086 65.00723148418417 90.04391461643803 69.0980638899963 38.627364441553524 24.58550500208289 45.95284268646687 77.54820028736441 64.76685329333651 30.291921602545766 5.942211083123381 39.34302174551398 73.85994162538584 72.17678265222253 43.85230456235175 32.11535134254502 50.34482578655593 80.2037510968486
5.562435235497756 29.44008059464881 70.75310495700718 51.868536356248626 82.07774179194149 25.358029790925244 27.2847201009672 5.655269199554497 53.60211367719838 57.19540553422962 40.00555180551865 9.329028905650933 30.648070759413663 26.535651468224874 57.523908825627565 96.51097832150957 16.820122700030122 88.8598024218051 57.49964310046722 54.96956156046655 55.85152390991007 0.0 64.29313532247694 49.33192994958229 81.99209745480785 5.652403953283108 35.830063480352166 42.338342413252015 65.21242899444454 29.12094499337985 42.338342413252015 24.999191076585234 12.422736972997367 21.215465475013584 52.31211092946371 98.39969731316752 17.306784550095067 52.417785651803385 67.4036923307887 50.51810393697488 132.40689104224745 102.8444908065899 77.57046008262672 62.06565687396456 63.88973116315308 121.95365997168109 89.12102076955306 58.37165971479721 35.59182667408434 39.001778778273476 117.41193140590485 82.85784368205135 48.37495993630693 14.481198296063804 21.774464985447796 119.45813730101786 85.70676205097084 53.065018478150044 26.095745675109757 30.67448989352931 127.77606251339456 96.86696596981267 69.53057953292631 51.77450468701299 54.050926295844384
63.554435981190885 76.42039690541333 19.590153473129433 12.81889769710242 34.96440445995024 53.24192375857064 39.262194211994995 59.511083998756924 27.32878735666066 11.929120929869347 24.895730932753494 73.61412614416395 35.61484545587038 40.62156874872977 51.13210830423229 36.85156382607956 79.11171341591921 32.73969696733631 19.31929507440394 9.33190473078883 31.972499040654576 64.29313532247694 0.0 15.549024855021871 33.83473922969219 67.98648266393731 31.856580012916844 22.07272563593607 9.53715077228353 35.211803376773375 22.07272563593607 41.260521213813725 53.479324873235015 43.13387082255481 45.368343172806206 41.778164341723354 51.229300659653354 39.10678550720871 25.93348989188761 16.272850134178494 73.97017916249368 53.9399616167848 52.366557587456725 70.49679488057421 97.93949490758114 58.40542482133757 29.462528107245326 26.82782616215303 54.46346234793061 87.22184350992778 54.31306199511267 20.272895475524894 16.337857907405663 50.176833632753365 84.63661966410076 63.9355839355722 39.222376386517325 37.200300948295805 60.201010265042044 90.880650018402 82.61161713368824 65.1934780259627 63.80030157974173 79.28143540079412 104.38099505226045
49.084099179373304 64.46481050627557 24.450556400443972 7.037057999692967 45.11387642719361 37.94492251331478 23.72069140318914 44.82961144836964 26.14365066963181 14.661523157441513 12.367895742160103 58.65723988172896 22.831770428953696 27.73107573638367 41.53827758064203 51.566628485664225 64.74080994566934 46.176746854935644 21.41043685343672 7.066693155050589 24.07884829584475 49.33192994958229 15.549024855021871 0.0 44.29920152595812 53.362489990228745 16.450302446072286 7.140541391042576 20.248917499186962 20.665687500452606 7.140541391042576 27.887843504903756 39.20116799041944 28.452263923146457 34.892583439585394 55.67104322486005 37.736499899839295 36.36797960600493 32.3148128642116 4.019325655601107 88.75919242690439 65.76792573188143 56.27999641464597 66.36450907723219 89.64290412633655 73.95199866638174 44.0255775222855 28.327433613353104 45.40345982162114 75.59989075348697 68.20969973340542 33.606753405022026 1.0578396567210286 35.60447427868527 70.20749650993632 73.68334940685283 43.57698491083356 27.631696716870625 44.976739861650834 75.34681817516532 88.3112238209922 65.16768051118707 55.58394167245206 65.7808195401181 89.21575827753954
79.09986885006842 82.1184158596039 51.67123226530985 37.53870952667834 1.4464293204158292 79.90520044048259 63.923380730741336 76.395691994605 28.46887286102014 29.785410592036243 45.17131822364048 90.50441403800406 51.793559840593296 55.48056548687762 84.5096308854821 21.093109016547174 92.7737833934224 11.80242754721243 25.45952518284037 37.65747866828709 65.54165106584865 81.99209745480785 33.83473922969219 44.29920152595812 0.0 83.7275529763302 59.236462739805184 47.37210139969444 24.94443713695608 55.70959726895544 47.37210139969444 57.12132658910432 69.60028789112302 62.39560902195408 78.35853459383047 18.50474488697338 65.2220283251304 33.904224907486686 14.595653707335545 47.12680790978848 51.20236349165832 21.77745997020116 26.864145116051724 57.99961738930607 91.6573932428605 49.5926282172228 17.705755027206358 23.715199625600953 56.62313634974296 90.80088320835706 62.44001657821675 41.70862822779969 44.44420848081816 67.86596839905978 98.13824772036534 83.30414529748496 68.93855152836788 70.42891535404598 86.96381613588034 112.07115365444851 107.6184472657522 96.70607023285513 97.55548527741557 109.89429582598864 130.50331282188276
4.6527689500349005 24.49075474861649 75.43592641675963 55.3642149948825 83.71908001833317 31.006490012494464 32.16960332959233 8.535679176945068 55.259168424743244 60.20874478521558 43.3239914180264 7.010542505274523 33.33264188056187 28.790413962499436 63.17369320045224 99.10857659856866 11.644877340329447 91.16873094043261 59.83050508291971 58.65813862045309 61.153621039570616 5.652403953283108 67.98648266393731 53.362489990228745 83.7275529763302 0.0 40.642256068038655 46.272477617499625 68.25615927405156 32.81398516388116 46.272477617499625 27.52320238801781 14.702237738507021 24.92653684736116 57.92912246344001 100.60622099060427 18.511656465476324 52.866787217412416 69.20909099221133 54.827082977212775 134.52983471575936 104.17520398977507 77.46909717242282 59.54191887124109 59.02381202801813 125.11390379419875 91.81598917336814 60.01416941435254 34.17693536949508 33.60450878308478 121.56737111781447 86.96758424597742 52.37318078652576 17.815549075174307 16.931978001333782 124.39347676326584 90.84094661902724 58.525714367532714 31.516377340239327 30.921610213990096 133.18702274694732 102.45138756933208 75.15709304696537 56.530420943558624 56.01416237525384
36.927489194077936 56.60456211800356 34.944158291545826 22.079527644426033 59.88007468887382 21.50360195297398 8.558412312441996 32.32333386417224 36.016485092362196 29.630184304528655 15.86588890581108 44.9195089753653 19.129653611402638 22.144136633288863 33.18378691734281 67.96961199133932 52.28648090955059 62.26051346459908 34.410366101552384 23.433190502162972 22.325745784090422 35.830063480352166 31.856580012916844 16.450302446072286 59.236462739805184 40.642256068038655 0.0 11.868888751583658 36.336371407996396 12.765004841451313 11.868888751583658 21.094733138888554 28.20196704522701 17.618443789030028 26.18702419662067 71.84337272089812 28.863835790452576 43.06307439500985 45.941050414151555 15.96263140676847 105.14476129010397 80.97363359650548 66.72936431976696 68.87421144808951 86.19324891084958 90.12053386283525 60.41501713800257 39.661878693718734 43.485418262690935 67.8507570745967 82.31098223177112 48.12207544564295 15.850017560584309 24.115649077328655 57.50442214682484 83.75953311659242 50.53796060866053 22.076219577867068 28.55663518597326 59.48488286401245 94.03925582593072 66.0682568861246 47.764634081891195 50.91874645126468 72.79278797667308
41.96708928664222 57.60091563015144 31.098016603837884 10.584672384271954 48.01125035251869 32.903905780754684 17.62711166490432 37.74539902926116 25.10583371517254 17.865067794547663 6.654218357600427 51.66736919546244 16.07638178624735 20.845966445218547 42.00047778526195 56.86428165648516 57.61917314740999 50.72143595498596 22.63251303651456 12.862233999422106 26.64718184743988 42.338342413252015 22.07272563593607 7.140541391042576 47.37210139969444 46.272477617499625 11.868888751583658 0.0 24.96053409095356 13.529225258031783 0.0 20.869724386811814 32.06322275004365 21.348301291874964 35.04641034869817 60.35654625226159 30.64994068774066 33.71961504150701 34.138028162700955 9.594518325435489 93.92368612704075 69.11809324362237 55.92634934810833 62.23339963391925 83.74383110984263 80.32815100081328 49.295298737066176 28.32455664980298 39.61532454675092 68.78449509935106 75.32238333579473 40.718957296790066 6.120453395514989 28.491065804408514 63.094184566022086 80.52485412256814 49.61225767789558 28.867609530161268 40.001755411176696 69.00565759232435 94.25994686512584 69.57016806127903 56.4789474535974 62.72581006410225 84.1069290356942
63.66602621517352 73.58368880871151 28.97490890221086 14.378046500039824 25.966231351131338 57.754750682947545 42.54528368588763 60.02608554066384 20.41776402708375 8.047935665074304 25.284836288310053 74.39264070022237 34.95848725959274 39.72181817903702 59.566553612447784 31.948941235960234 78.84100465323085 25.95236902074416 12.072775451539341 13.235021502817427 40.61725368256205 65.21242899444454 9.53715077228353 20.248917499186962 24.94443713695608 68.25615927405156 36.336371407996396 24.96053409095356 0.0 36.397573103826225 24.96053409095356 40.783440310029135 53.55410388960216 44.11608302636778 53.460749536372795 35.508135945839236 50.448629799544044 31.977779449997144 16.474289687311558 22.540106025751392 68.96317557073489 45.862770784055435 42.96149025919398 63.10948651972252 92.27538498310095 56.862808939897526 24.38915797263931 18.738576727664345 50.022882104448456 83.95412113361836 57.52698185135698 25.886446976810937 20.632799279191598 50.75594987756659 84.38880413076697 70.59631045485548 48.26200125830094 45.4908760830998 64.8416237766176 93.45731574476906 90.86660386264532 74.64632555806912 72.67848410469826 85.94768231386453 109.02568526425746
28.459028507561747 45.05908475600091 43.98071635221342 22.756139797803794 56.06580178542022 25.649803279853852 10.065438650689005 24.311588374827735 28.9404569965225 28.495699447386297 11.138540690441625 38.4256332348502 6.888016352298937 9.38969136488835 45.4945667261719 68.12873826868429 44.101009080877425 61.057265084309364 30.29652525079148 25.880223914428623 34.78191684531798 29.12094499337985 35.211803376773375 20.665687500452606 55.70959726895544 32.81398516388116 12.765004841451313 13.529225258031783 36.397573103826225 0.0 13.529225258031783 8.506204209370594 18.5356720046594 7.922719636193612 38.585872058735085 70.71779520383011 17.500792856543622 33.19304026720349 41.35722072073538 22.609869565955908 104.68273683401017 77.32746269024202 58.27000183354648 56.621950472149834 73.56285048166542 92.91714823329254 60.630217476169314 33.366004870894095 30.747316397994066 56.32357255299611 88.84135123660839 54.240396071104904 19.649677921783784 15.001783860112885 49.58680868555128 93.46702929070953 61.46194370885559 34.84097718057253 32.3273114273367 57.193134589441804 105.65721830839819 78.62967099447003 59.971611096983764 58.35541716822392 74.89263573106305
41.96708928664222 57.60091563015144 31.098016603837884 10.584672384271954 48.01125035251869 32.903905780754684 17.62711166490432 37.74539902926116 25.10583371517254 17.865067794547663 6.654218357600427 51.66736919546244 16.07638178624735 20.845966445218547 42.00047778526195 56.86428165648516 57.61917314740999 50.72143595498596 22.63251303651456 12.862233999422106 26.64718184743988 42.338342413252015 22.07272563593607 7.140541391042576 47.37210139969444 46.272477617499625 11.868888751583658 0.0 24.96053409095356 13.529225258031783 0.0 20.869724386811814 32.06322275004365 21.348301291874964 35.04641034869817 60.35654625226159 30.64994068774066 33.71961504150701 34.138028162700955 9.594518325435489 93.92368612704075 69.11809324362237 55.92634934810833 62.23339963391925 83.74383110984263 80.32815100081328 49.295298737066176 28.32455664980298 39.61532454675092 68.78449509935106 75.32238333579473 40.718957296790066 6.120453395514989 28.491065804408514 63.094184566022086 80.52485412256814 49.61225767789558 28.867609530161268 40.001755411176696 69.00565759232435 94.25994686512584 69.57016806127903 56.4789474535974 62.72581006410225 84.1069290356942
22.905358944891912 36.838791476609416 51.88569857485818 28.452263923146457 57.265749287226804 29.426307061135276 16.333186926577085 19.525560838824237 28.91889652314339 32.73769306914309 16.37191705050374 33.890703886316196 5.824966555391567 1.9966031854729842 53.14840435596634 71.64116733470955 38.10810774740519 63.87418038074504 32.50661085434586 32.06358274932238 43.262077659695606 24.999191076585234 41.260521213813725 27.887843504903756 57.12132658910432 27.52320238801781 21.094733138888554 20.869724386811814 40.783440310029135 8.506204209370594 20.869724386811814 0.0 12.849294205789407 6.984942889986862 46.361582435526756 73.40243212993695 9.977633771582594 30.00325339808914 42.52636555337799 30.366773619213394 107.40772636024536 78.23006725618235 55.66214430643889 49.71330144877984 65.11034879063433 97.6440808508195 64.31401712829303 33.66102485781563 22.90593615998257 48.07436686938054 95.46535479824556 60.9871094900338 26.83420704299416 10.750599881420019 43.65695493855011 101.36195592118884 69.7808824251007 43.11992966698406 35.272035045253624 54.98850713930528 114.08828363844664 87.09798391788767 67.4593205125162 62.53191049519082 75.26286283116309
10.129900717572061 29.09217274128915 62.145743476648505 40.7784789543293 69.67145474925647 26.245664572125968 20.407325463810583 6.796079421202991 41.18821605920004 45.50659359151145 28.696106254849557 21.064795873375356 18.640981333775393 14.229330775437464 55.810593776413334 84.48666372805994 25.636807251183512 76.66371337081631 45.29495960180752 44.171470565534406 50.069074655160186 12.422736972997367 53.479324873235015 39.20116799041944 69.60028789112302 14.702237738507021 28.20196704522701 32.06322275004365 53.55410388960216 18.5356720046594 32.06322275004365 12.849294205789407 0.0 10.95462191205717 49.668210011293084 86.15908646001363 5.3990298633595994 40.2825782445701 55.019532534179305 41.02061520914869 120.13985032505572 90.42183475970981 65.67671973773584 53.343730473567405 61.42047214162296 110.41299357428814 77.16329800306522 45.95825889100424 25.787403034617082 40.15794247498521 107.35250554653366 72.75873943485286 38.183271305078264 4.116379154967083 31.157363070720038 111.50881466883475 78.70911640761462 48.485783577992585 30.024229549218564 42.97527729373635 122.14721808992431 93.04834890400736 69.21587273147065 57.6061481287819 65.1221085920314
20.637200846444404 38.9982821401991 51.191392634464755 30.653514032272618 62.64823166532451 22.471285663683915 10.809177465503115 16.407002534322206 34.70733441472218 36.14359446712638 18.84265075219619 30.509441172372693 10.771012099057543 8.962192516140766 47.73800169638952 75.67737773494052 36.297718238297975 68.35995479418892 37.227190569726794 33.80253400115771 39.84126610483942 21.215465475013584 43.13387082255481 28.452263923146457 62.39560902195408 24.92653684736116 17.618443789030028 21.348301291874964 44.11608302636778 7.922719636193612 21.348301291874964 6.984942889986862 10.95462191205717 0.0 41.15894804560498 77.98722212261181 11.329648504775008 36.80082616353206 47.86890661258848 30.10864207016865 112.00115493469204 83.80078031762349 62.41535019939821 56.24565925125132 69.4713287232084 100.7647135122545 68.21888130216534 39.35661233876074 28.963925764227728 50.23657978907492 96.66169239503269 62.05817544442997 27.45552614605414 7.158848096396315 41.75579851737306 100.5692347522653 67.93247403641016 38.862716382698935 28.295583876499975 49.857888599705284 111.64921827066625 83.33416795124383 61.79331474710386 55.5611243606513 68.92356583138002
