0.0 6.589180285739278 57.949531246637086 80.89841956300967 67.71417890484081 23.919726459727844 55.82816735252181 88.13046240377325 21.578762540491486 55.606814019533026 84.24544962508926 11.888895584405311 84.57624657554015 76.1123521159293 76.11870569498515 111.03229591726753 45.868659407439 48.03340920927982 87.05801670166349 114.43234216910842 15.717531605957912 3.609555031168566 44.624989121925815 81.31310913205084 46.38435772350794 27.34436133450837 42.67839588471968 84.85460715474085 61.04456587562493 54.05095606232972 81.87233938758116 18.255998290999592 79.18340108794523 71.22853870837659 96.14158888111615 109.25455522832027 40.0714972229047 49.73814580250157 37.94769163424744 106.58143797366013 151.7797943233667 136.2551464117139 121.21269604707408 106.85627844712106 93.50243101663698 81.64458812977098 72.02545896105218 65.6367923448477 63.46183170507097 65.91899165438798 146.36158621300035 130.22088947638557 114.42004914546742 99.12172663215608 84.59897865032282 71.32712766672236 60.140107651286954 52.39090961440468 49.71401942146883 52.88536185733706 142.1228723910729 125.46028842631733 108.99708406043221 92.83938787992199 77.17931586211144 62.39269908346001 49.27228681494392 39.514235968831464 35.96802312683476 40.30793691504109 139.17152845222074 122.12245563933027 105.15600406366183 88.31980179773068 71.70565367053146 55.51328964206913 40.254950817721166 27.530128654116545 22.22759730672437 28.79123756104484 137.59046573475976 120.3259013472884 103.07386701658004 85.8419177399084 68.64518099319751 51.51893010081176 34.568087836935625 18.287112607069353 8.520418483840965 20.235855000751158 137.42700944893352 120.13981573610644 102.85757721190495 85.58329580283576 68.32300722909964 51.09089526484077 33.92991757849997 17.056157263364888 5.41286985715165 19.14155911564225 138.68617440797303 121.57159694971496 104.51872184653679 87.56360583357053 70.77654085493494 54.313573100295656 38.591728766733475 25.047767450778867 19.08328059128464 26.45116936511424 141.3299239650075 124.56544921827745 107.97065889003173 91.63778442730965 75.73646545697946 60.60733599818981 47.00206873635115 36.658533332508554 32.820877176339295 37.5403809665233 145.28265418674553 129.01262958705186 113.04941628469122 97.5437614406124 82.7532670915743 69.13844066529924 57.5399659897246 49.39913298725878 46.56612437279968 49.95234212484659 150.44116892688237 134.76928186298542 119.5477690157594 104.97273235041477 91.35412259904011 79.18694724071078 69.24063279509262 62.58317318406216 60.31366032021296 62.90880221575637
6.589180285739278 0.0 52.66969217656997 74.42104414577665 62.59498063092248 21.829520012144396 51.595229552445 82.7471370543295 15.128761807439705 50.50658934934605 78.7292592639589 15.438764761769956 78.02727461765976 71.22880536304797 70.10866498341242 106.96146087190915 42.95396116370554 44.76448029201138 81.55790737415526 108.50537249000102 9.305536999589279 5.135645613521039 39.20046114543109 74.9312742831259 42.03689087906711 24.363520175953827 37.9483707810933 79.37018514383962 57.84962505074447 48.563832795708684 76.2287750865655 17.8610398245258 72.65194613503944 66.64476734819888 90.1303094321806 105.29399790037685 36.5399627344223 45.81493235576294 32.72010351161828 100.70802221063913 145.43242548702472 129.8219674810584 114.69783106644933 100.28029724603411 86.92168851555402 75.18855104136226 65.95417224095283 60.37618586401559 59.492110050912174 63.498305902427916 140.20077053235798 123.96071931385661 108.05076237529897 92.6411248283465 78.02879091624956 64.75577084171826 53.822216100885676 46.89408788000821 45.825576413585544 50.98641851158612 136.21694599720075 119.45756088633232 102.87793735985106 86.58140565099193 70.76382041915231 55.83373015459684 42.731735660745834 33.66460617900974 32.23846852494418 39.294282835068586 133.59269119246562 116.47019255197459 99.40984051762443 82.45022168581596 65.6694277883059 49.25058844103997 33.72653559594374 21.167190900335008 18.903247438458965 29.41645088434295 132.40890644773174 115.11672668012751 97.82799464345081 80.54493050418365 63.272179063498825 46.02135348423264 28.831837075643094 11.970722674597559 7.350856624111394 23.737849616694533 132.704163441527 115.45465942318481 98.22359654637735 81.02274126860178 63.876501430938916 46.84488676100188 30.12295710035248 14.800500718512001 11.376741484320652 25.268929940090295 134.46871562202404 117.46938961421735 100.57330870130808 83.84291419977572 67.40169887744062 51.527222643548406 36.95715420508327 25.986895396358232 24.156099221209058 33.021605634365876 137.64604317395847 121.07721238681258 104.74567450209132 88.78247633573535 73.42824178604369 59.15904064061721 46.9742940087127 38.88551550607252 37.63361722227424 43.80869531043232 142.14139351591754 126.14145870423447 110.53443038349491 95.51310820838798 81.40238462533787 68.76513251431125 58.56312424148213 52.243051561835806 51.261429910867825 55.900203943979875 147.83451925120315 132.4951630771603 117.70125065926578 103.68651593492046 90.81242084304341 79.63410692171105 70.95758736486157 65.78039554388458 64.94485880472665 68.60978025348858
57.949531246637086 52.66969217656997 0.0 37.132880964242155 10.134253444639793 38.82506546408453 12.695386752359193 30.19703291289596 39.43763704924326 3.289131909728248 26.52271484162002 56.113324509489324 43.711009064124305 19.33701083606057 22.58070508498132 57.45013960196027 25.564123569152404 22.46902035556343 29.279718283028487 58.09482689287385 44.14048842040084 54.48959695621264 13.529258748282698 34.16996254362184 15.149571876447386 34.16927938075216 16.19091374864616 27.05757572979984 24.423537371463865 4.947281926076784 24.633182464706675 45.86650797224517 38.5552031050947 16.831895131350766 40.96541026059096 56.387979258918364 23.802434833383096 16.722035142219774 20.00443086064111 50.04305004137545 99.07008681839532 85.67550629499355 73.92157734748534 64.70860652512367 59.23432165359911 58.55683485015264 62.83150400996608 71.17155209165941 82.35094838815722 95.37643585158507 91.39204144844963 76.71120601225304 63.36731803932259 52.39206851442249 45.53179846156376 44.72208044505556 50.256226159507165 60.41536258667231 73.30107629003977 87.71991515060341 85.37540135288518 69.46892180098858 54.42069583208458 41.18254815111295 32.07961203567239 30.998545825562978 38.61900150240236 51.19232178329802 65.94383550276778 81.70210628080186 81.38955114610043 64.53118179333572 47.989583342358436 32.25583812233149 19.405936577842645 17.648058075873166 29.069396814060205 44.46704404733949 60.89596439304672 77.70476980381619 79.73966622361938 62.44714222614326 45.16182405919628 27.897109346313144 10.752704068807335 7.190699346214008 24.217870401194208 41.473098676555814 58.75580106071589 76.04724834023482 80.56940457102526 63.49843561985941 46.59813984033754 30.156838099724194 15.690636346480188 13.47850848342006 26.755508780694182 42.997177192025624 59.83619456513174 76.88105131151295 83.80513640003342 67.53879471879367 51.946001524162746 37.86813612961275 27.718491496743543 26.482903638801773 35.11529548208356 48.61619221816957 63.97417207050218 80.12843200559452 89.18532714373309 74.08070193196437 60.171289810548046 48.496636317112575 41.011818402219646 40.13378453700837 46.24043654528769 57.134413277147 70.63434212231915 85.5148249799664 96.35134008500296 82.531344937935 70.27065217599865 60.52442247856787 54.65479278904413 53.942437214884805 58.575815743190574 67.46232538710846 79.18272540456 92.66791331045695 104.93786913509824 92.36821618408682 81.55065618673048 73.26542751802963 68.43849352559869 67.81241113984106 71.4976223035057 78.89225606678806 89.07725479106325 101.21372316088993
80.89841956300967 74.42104414577665 37.132880964242155 0.0 37.10097598617007 69.46337407337784 49.712731994983734 35.60336160047182 59.320015991616046 40.20659156892118 31.37069381205265 83.75918780679618 6.907700157989476 41.35185225561565 18.439031151438122 71.99913701074034 62.16181476559605 59.3027842465012 32.70679840079547 41.94125339412616 65.18089713845838 78.19546670230531 42.89940320557882 5.2376818398064815 50.81628410817244 65.22029506499344 49.353970890608835 32.24948851582238 60.64244423778625 36.45887821083527 27.904310680092713 75.34039189410282 4.353442299788896 45.24482344278848 25.394957643014305 72.43633113788798 58.63817026575813 53.59927902839507 48.84053583485138 36.44383033310914 71.56384535191253 55.48478778900518 40.428335843410245 28.09003294445489 23.288634809105876 29.906220430338934 42.954795754139454 58.262834507104984 74.4493938185875 91.04711716293662 68.25003735853768 51.16019153996465 34.283756843184435 18.223609798235092 9.35612691215821 21.016361565167106 37.34368731126122 54.278243306895845 71.38919804056974 88.57437938349385 67.78580074090422 50.54207488615642 33.358677677320806 16.426043645145434 5.053902863843738 19.49313851986067 36.51214120568482 53.712232800025355 70.96185552938816 88.23196370278616 70.22767552863341 53.75845031375042 38.035870091385114 24.539676252926665 18.877920201110744 26.63208394354606 40.75379470383405 56.66734098104065 73.21349020807283 90.0441815248655 75.29341058325296 60.19775199663286 46.65993267788477 36.45871080419833 32.86387337929828 37.80924566130472 48.76220099057307 62.647216517139306 77.91215266630236 93.88632292612164 82.50101859939726 68.96293169390913 57.48092412168771 49.50686962721688 46.86690148834736 50.406205792609384 59.02344891748569 70.89042441784697 84.65128373702007 99.52351588662764 91.34479387280876 79.28621958060906 69.47973266959241 62.986167348781024 60.875090898418264 63.58452245390433 70.56133281500117 80.7063025453243 92.98821560359154 106.67147978749341 101.39741437942963 90.63665641630374 82.14169077719023 76.66940247229212 74.8854005913796 77.04631855337564 82.84402946537391 91.59048677550466 102.53383515384775 115.04887425885373 112.33469304156404 102.67402304801126 95.20242384102988 90.46393065934963 88.89667454184017 90.66526064645397 95.5847005576356 103.20540306620168 112.98207916126542 124.40747545271869 123.92247931504257 115.1830106449502 108.5178903920439 104.32545548459167 102.90835885619828 104.37969877574866 108.62216276631098 115.33034511591912 124.10505347214311 134.5425643476876
67.71417890484081 62.59498063092248 10.134253444639793 37.10097598617007 0.0 47.54676441469304 16.114738640998663 20.887122624287464 49.55693052189267 12.108435143406762 17.95586864823914 65.18931729939992 43.99694231573646 9.33117189471471 19.48779276493711 47.72326136315342 30.999049994695643 27.61143303246858 20.484538622736448 50.24224369476047 54.188381048197364 64.21078024785763 23.606133554268677 33.03500398741338 22.837364130957226 42.926065438651335 25.277820882325845 18.28972205281912 24.386805442064222 14.88655098794013 17.08782497123522 54.71991689022175 39.557265643677546 8.903999215096572 34.46613396068945 46.82136272024536 31.335301130548604 22.333750320301228 29.8748771193042 42.1934122939353 92.53906588064908 80.20227747865003 70.00019760966912 62.9789311772133 60.26076363124506 62.41048989586223 68.97444903034793 78.85794660821811 90.98556270891707 104.57946860286803 83.92506325312 70.137709942581 58.25704729162048 49.67063369481146 46.2510889991101 49.09030153757965 57.26478207377421 68.90105889050216 82.54792338832874 97.36357883839801 76.96269983997762 61.67872312795525 47.791014863068376 36.91078177953784 32.24188295594927 36.26817773977196 46.796697657190954 60.52428935283348 75.73081794507875 91.683327090639 72.13194484316003 55.563664708646805 39.62746743902705 25.535533795286558 18.234658417606024 24.73164005532068 38.5942643777976 54.461843860676275 71.00267319845396 87.83722864876071 69.87637237760475 52.61631350304578 35.39716080795371 18.334531804642495 4.250251327318858 17.28258466822016 34.32235927062366 51.53711745535618 68.79562574705898 86.07157071220479 70.4438186440369 53.36418531630534 36.49457625641146 20.36381718017544 9.809645075884402 19.403256305016438 35.43242450519592 52.279443280751764 69.35082411563923 86.51385180203886 73.76915911510619 57.66367302663707 42.50906203710955 29.793494955236973 23.811659876344425 29.06972253979347 41.49473712486663 56.544570628895265 72.60492093607239 89.13120350688558 79.50705836666982 64.81171471125117 51.75375320835261 41.8933187064754 37.820046366314656 41.28399491203798 50.76501884629207 63.62792323179518 78.22176592724028 93.74157715909537 87.18239226031228 73.98716981451406 62.81825748670173 54.926005224681035 51.82951886821739 54.35469071033541 61.816390854067514 72.71038683721763 85.7381766158502 100.06982514290868 96.33307924238898 84.53230028333752 74.90026516742263 68.35994404266984 65.83924721235135 67.78807634191838 73.8534522646591 83.13924359242243 94.7028380512828 107.81379104974415
23.919726459727844 21.829520012144396 38.82506546408453 69.46337407337784 47.54676441469304 0.0 33.576082145101026 68.43203236312503 20.752629899824175 35.8979542005579 65.17965311758698 17.8791604924784 74.60497578053999 54.97483190979453 60.032510587250535 87.93032329495139 22.060529760712605 24.47061074872478 67.85992240435836 96.90963854991043 19.323331350971266 20.41945270743536 27.341207637291525 68.43793483696442 24.823704387746695 4.65581748424425 22.637424690214285 65.63741974025636 37.310252505922236 36.13105171594372 63.45606976173526 7.220086235382812 68.95341422285956 49.40044672573188 79.47507180026551 86.01991340714955 17.082661230008803 27.05827739767259 20.77626152977048 88.86352693165013 137.1376797502861 122.84954332144714 109.43475077790792 97.25536673471971 86.83280104653049 78.86666986100767 74.15291761746845 73.32152525982562 76.49917803956781 83.22793830178779 130.0620003071492 114.93500056605369 100.51209426509645 87.14358346853768 75.39246311199174 66.12669020105807 60.49918287482965 59.550477822943236 63.49066071653708 71.5161862537703 124.17917196869479 108.26472487551689 92.8479293781846 78.2235818885659 64.92936911447777 53.95758167661156 46.96511156124057 45.811856810106995 50.89630813417444 60.66997260430869 119.66533798204526 103.08065069336043 86.77647528334586 70.94646897634686 55.99424024235978 42.848770145893944 33.69551822370427 32.14758896711122 39.11848267920947 51.24209773726618 116.67955597314878 99.61515828391428 82.64957824250513 65.85922754894348 49.42302063821872 33.860657564204075 21.19352114176602 18.721607626892606 29.164085652190607 44.150891698328905 115.34059936988065 98.05069285013437 80.76593589204643 63.49053440779009 46.234976424766984 29.03466303155462 12.12698628921625 7.058998676035854 23.479962838648053 40.63866846054769 115.70567318598704 98.47792041667871 81.2816826624376 64.1423119942553 47.121901109766355 30.420783440555674 15.135643058352024 11.465794397253672 25.150632521835167 41.621596750391184 117.7589249570366 100.87153155814977 84.15270756461351 67.72740465888059 51.875189956968384 37.333365294850786 26.36732514617902 24.400867740051595 33.07989869317876 46.817388741801686 121.414709960921 105.09722513049873 89.15171528000658 73.81962216658172 59.576434675545826 47.41385022327995 39.31286672253098 37.96888804720772 44.005432639577926 55.0456757309291 126.53415525224872 110.9458015235088 95.94659935468209 81.86103836319364 69.24889817557352 59.061754273507255 52.72449487730212 51.6735379592818 56.20620351319067 65.16763555949014
55.82816735252181 51.595229552445 12.695386752359193 49.712731994983734 16.114738640998663 33.576082145101026 0.0 36.22587475794736 40.88786689645385 10.00890997089281 33.88880796508163 51.45461223938268 56.3531987335368 21.75143563573212 34.056755360422535 55.369179845184966 14.922083640836666 11.521184181910062 36.25872796750183 66.19842168284552 44.33827521244664 52.22542034760411 17.36559799281168 46.509430426463105 9.578734829198757 29.19018193362521 14.24521319741178 34.12388622691638 12.225852658408865 15.159944164006848 33.20247431973667 40.77766380424098 51.2397923695217 15.848374452114376 50.549471024487325 53.743017508553486 16.549459256321622 6.67070404077485 20.706725514152392 58.17787918435106 108.6536607731088 96.17510417911365 85.39538841836892 77.03105281413771 71.9297078249537 70.80022368392908 73.82512794047169 80.53767064470586 90.11754715807568 101.75813114326215 99.93484220537202 86.25155232096641 74.09713658996228 64.34391040403439 58.21159458165832 56.883551787134905 60.676065846815604 68.74684903217124 79.80834116414198 92.79715065103139 92.55759964481852 77.62581530144372 63.90093710357948 52.34115910723108 44.66059474806932 42.99122145822493 47.96484269084998 57.89396996989142 70.72129803621601 85.14691330499963 86.86453807906676 70.77415950219311 55.418632755116676 41.61943759088922 31.493488852487676 29.158388512328344 36.15650601191875 48.61155993326548 63.38441541152097 79.18834510625494 83.2021841362532 66.2494390720008 49.53872658191585 33.43493991430796 19.504294514682602 15.545170429817533 26.487726678682805 41.955446931812396 58.460515834292124 75.32407860489653 81.84365922149962 64.54297515206521 47.24320404514023 29.945928198630302 12.661378406802264 4.751419882418335 21.98988583176108 39.284192331581934 56.583160530776965 73.88351605340812 82.90231906801787 65.87417732300088 49.03807429331163 32.69206301405006 18.20774558114885 13.891932029140406 25.557040383795623 41.37694541860351 58.04871809505389 75.00645634930068 86.28922766267641 70.07011120058851 54.52082319202823 40.42189807902587 29.900661063500817 27.438644732062617 34.79107532701596 47.609543424100806 62.62290581423687 78.58306461988643 91.74685434757293 76.66177156680415 62.731766178569885 50.913918403510564 42.987033135817086 41.25831164511058 46.42539039326275 56.63118220440236 69.69627001370726 84.30156962297873 98.93302808936326 85.09414557975677 72.75288253475027 62.798478984093585 56.50676728452685 55.145981502928436 59.057959189755294 67.3298191895287 78.5968529972787 91.76232772963603
88.13046240377325 82.7471370543295 30.19703291289596 35.60336160047182 20.887122624287464 68.43203236312503 36.22587475794736 0.0 68.99957164221334 32.74636279821759 4.957568950754626 86.03980070867287 41.745526574851276 15.203248091898688 19.538328436610286 36.51961409377181 51.05138365164647 47.65064236823721 2.8968484681562785 30.46786203004529 74.0180738308822 84.68193911267207 43.55263855993391 30.374915468590526 43.70723621502168 63.80743304929873 46.0632320747807 4.028500812054879 41.06560041825046 34.194671127699166 8.719424955754691 75.59925071593418 39.58956629799868 21.84821731953194 18.799953549360623 36.84728690817356 52.12663791438952 42.77851643027241 50.18437164285627 22.697133586949025 73.9422581811895 63.47324255489063 56.470758983093475 54.29309204804763 57.49114881875108 65.27958076735393 76.26476422298016 89.2743187190661 103.54802184085625 118.63043789346979 64.18207709666535 51.83530568055088 43.04839688509938 40.22605745844914 44.51755370451922 54.26043809168263 67.12140761914323 81.63992432832035 97.07510902599478 113.05212074429781 56.331873573489275 41.77518597962154 30.261569720198263 26.17382844030628 32.45129032128061 44.942334683441565 59.876964728001205 75.82478894255848 92.2618912995128 108.96708130846254 51.276640830239856 34.69391440020101 19.410162089824546 12.188272341633963 22.78303024998576 38.57838574181516 55.28318116647177 72.26950454847778 89.37698445249772 106.54727732928494 49.8737256422827 32.594650413453834 15.367092913323814 2.9321385602521586 19.48745523060022 36.73741919475123 54.020631333920164 71.31292192329057 88.6089760670827 105.90694986152928 52.417228509308465 36.35104944243826 22.224852464078875 16.28501332692886 25.202610412296174 40.04814358559477 56.31383807042123 73.05720520442502 90.0120793383027 107.07803669173337 58.39368284196754 44.50423219203345 33.91371813059628 30.304504272512027 35.85100819079086 47.444027070912426 61.767999226040814 77.3197572375563 93.48857201428072 110.00268379566552 66.88907335146685 55.136970325603905 46.954518450695595 44.36295811426781 48.27132943936514 57.3661431725055 69.6443211072602 83.71673957879182 98.81982317288129 114.54661217546662 77.07482406205246 67.08025139786976 60.47882753562957 58.43213038889544 61.39736128485457 68.72885065894648 79.22354878505448 91.80295899414342 105.72555370624393 120.52675620324707 88.36822068895889 79.7472868435058 74.2226707604903 72.50563919936616 74.85865575623221 80.92747822894228 89.96323075604705 101.17409158448672 113.91970194655359 127.74148871178609
21.578762540491486 15.128761807439705 39.43763704924326 59.320015991616046 49.55693052189267 20.752629899824175 40.88786689645385 68.99957164221334 0.0 37.734486080556486 64.75602906126278 26.408904364456227 63.06008165021086 58.584693844494424 55.34350032189752 95.69686751640944 36.067919459716116 36.84141675802857 67.60013356145555 93.79469096295537 5.862241242338225 18.999878868272386 25.973900282138093 59.80486692886227 31.498146847249824 20.176711253578624 26.645112898107286 65.45213683679206 49.427458244477805 34.94277482933783 62.0378869407394 21.953505526285095 57.63474094495311 54.723887213532834 75.3286212447236 94.27455252753242 28.643081205765785 36.15443414767138 20.38356104962252 86.0819789005275 130.3119227179635 114.69774760082707 99.64260828342667 85.44252714749724 72.60097440485683 61.96835888862114 54.84481289953745 52.6738026020111 56.03396683344255 64.0607631670369 125.202823944366 108.88574636113087 92.92561860087571 77.5431597182152 63.16184640270733 50.64190219815278 41.69522599689833 38.872711239573285 43.38651498809622 53.4078447608243 121.51092072380557 104.63955575489551 87.93565792165688 71.51666779040755 55.63540367290679 40.922769263425096 29.2020286779321 25.09092357866016 31.702696187618418 44.48907705828534 119.36783674597005 102.15468134866806 84.97758753836581 67.8639435680758 50.87781716794033 34.20968741955129 18.728751622204097 11.399234699224968 22.53512716960148 38.52835776139505 118.85741164897941 101.56052389701254 84.26570651208904 66.97456340383651 49.69093037663001 32.42681837097745 15.248675583221765 3.501318870025047 19.76638383787357 36.9847832984285 120.00048817006406 102.88985199775354 85.85591649033785 68.95554667991229 52.318340080154464 36.307881635730745 22.316543153866178 16.628475490740932 25.567490398952202 40.368294524245975 122.7508660187535 106.07035358870114 89.62574296680926 73.5753816453535 58.24610593223184 44.391328189984584 33.871525961028865 30.375641782172586 36.01094343017859 47.640377518128545 127.00412819379446 110.9428919519517 95.3168715523682 80.38028839320849 66.59864528534861 54.84954309497132 46.69335320963553 44.1675233924213 48.166119251291455 57.34007322330024 132.61569420042744 117.29672868607874 102.610037847272 88.86964762210275 76.58658998321788 66.57247447475652 59.97482843671345 57.97208664829086 61.01838010601142 68.44282056701289 139.42157487566678 124.90592841658669 111.19035320257379 98.60926232728391 87.65253486649272 78.99895822854079 73.4669464120399 71.78187313296382 74.20627121313862 80.36910068965545
55.606814019533026 50.50658934934605 3.289131909728248 40.20659156892118 12.108435143406762 35.8979542005579 10.00890997089281 32.74636279821759 37.734486080556486 0.0 29.29626164171902 53.33987191482736 46.71863491364253 20.864987994588997 25.86954666756021 58.38495814995827 22.29917205186408 19.23702103987224 32.00457459807044 61.107420222262704 42.192327251792854 52.10709300411309 11.801601506145762 37.35961634061331 11.904430420618759 31.245746685699416 13.34048939115387 29.779566675911184 22.08695006684217 5.439087894666824 27.604691759593607 42.995125313424026 41.488816229984316 17.362976054613533 44.13920562524322 57.17752441872995 20.578723353396036 13.490878879094401 17.793611302885562 53.04605492613416 102.28201241789185 88.9482714193795 77.20541050811335 67.88410222058289 62.08480294276063 60.82343033980822 64.36732167724865 72.01048549457879 82.62302004830921 95.217185223174 94.4915554904464 79.911551858524 66.64653820095874 55.64502547769308 48.473493161762256 46.92220253698483 51.50154866879208 60.84265619071957 73.14335911062234 87.15948613914173 88.28530481313341 72.50303187059976 57.600282495513056 44.470257312616695 35.15854599042671 33.065862392101536 39.36098936987038 51.028737408074015 65.24787297330165 80.68051897653132 84.01517258698587 67.26300372013759 50.88011381514556 35.383218649742176 22.668705520999247 19.351488981519267 28.875628294983322 43.495236071027634 59.56996793785505 76.18424028058018 81.98431010052666 64.72041959793306 47.4842269876942 30.323001199107882 13.5251794901399 6.714912373070467 22.49362366391307 39.56702733725578 56.77895462666762 74.0328522623673 82.358566608478 65.19169855674654 48.12166685778444 31.307271921793543 15.598362823049422 10.256011110455246 23.786042096164486 40.31226893720782 57.29830231943574 74.43000110213875 85.10621316860171 68.61476034417885 52.64612174177299 37.867583921231976 26.362941221900112 23.55347974253989 31.831417285030792 45.501899136541844 61.04357053719814 77.33642843462603 90.01012504103005 74.58424425296707 60.1872347019907 47.7588086209273 39.21748628263764 37.33397259116161 42.99240209881411 53.86626603602765 67.47969653667423 82.48727854747234 96.74288862788357 82.54948694551427 69.7735615496922 59.337869774675326 52.652791847539554 51.208895626201944 55.417382608347275 64.1757150407987 75.92535352987701 89.4957932970529 104.9530429951882 91.99343643557529 80.67921849628799 71.79256983969056 66.3166849936614 65.11777921897878 68.42105282592846 75.63893578474443 85.78898286330028 97.96399028053884
84.24544962508926 78.7292592639589 26.52271484162002 31.37069381205265 17.95586864823914 65.17965311758698 33.88880796508163 4.957568950754626 64.75602906126278 29.29626164171902 0.0 82.61493832071746 37.733766948140655 14.46323239074418 14.671069098665233 41.14312725775602 48.81033547366862 45.4075726410369 2.8452263923140793 32.3155483781433 69.88674502436436 80.83846543302192 39.62101858019067 26.187738985605353 40.67932158534275 60.53164863809124 42.627714900808634 0.9504035552951455 40.07770407594933 30.19629478789462 3.800814547488069 72.29072398328789 35.225039890190544 20.85335795412545 17.93595135781712 41.3274783014169 49.251702445601865 40.25798682820383 46.360581298982346 24.289101276417323 75.0783647576315 63.65315848485304 55.36595330430095 51.74701397565459 53.74773107262851 60.815986429915036 71.4636291077922 84.34581693664742 98.59048561371021 113.6866366000347 66.04655516197089 52.75358494507967 42.455160429608064 37.6914740553997 40.466781842385 49.5295901024801 62.18928207926796 76.68467879587897 92.15356620912245 108.17913946066922 59.06891102420091 43.7483976131387 30.617302550922226 23.656437072048718 27.93824783472729 40.002190526034646 54.94102000638176 70.96172904754832 87.47187649213528 104.23915887124073 54.933957551878784 38.00896855406459 21.687250886417136 9.731658323007647 17.82657170242036 33.75768513755961 50.597323202593344 67.670599871128 84.83657360354675 102.04847630842251 54.29516084751485 37.0840344281204 20.02998322196501 5.0880592250249865 15.78891908528972 32.732324779722504 49.92227664567213 67.16975380247762 84.43951353885696 101.72020727399102 57.26963978312287 41.2983660860416 27.018703410454467 18.793017818370718 23.980337687394876 37.35836672845735 53.056106394620386 69.51953091754417 86.31159727579197 103.27211802622125 63.3504255220389 49.3524596513075 38.16755783283974 32.81109577173872 35.987246047881165 45.95980948630316 59.39894473321637 74.4504769645179 90.3117973599607 106.6221191953645 71.7519920478145 59.712192139112425 50.80793495072927 46.8620257205356 49.085186076075125 56.75706446255934 68.05935701576115 81.49534112419013 96.17488242177403 111.60836988686462 81.76191851845508 71.3805349582618 64.06282550763828 60.92295005398318 62.59282278961435 68.72272168985145 78.27169908850864 90.15986174425758 103.58493061602387 118.02360111724666 92.86142038561923 83.8125771765136 77.61790249499067 74.98810226006225 76.29271375176789 81.34265093294529 89.50620954949783 100.0239083049067 112.2358628704135 125.64904135028777
11.888895584405311 15.438764761769956 56.113324509489324 83.75918780679618 65.18931729939992 17.8791604924784 51.45461223938268 86.03980070867287 26.408904364456227 53.33987191482736 82.61493832071746 0.0 88.1946031544159 72.81035715445472 76.39087031002141 105.49814951828742 39.298419022625964 42.00834046490308 85.34088550246129 113.97661962531578 21.262344930667652 10.509251373824421 43.70574067698914 83.43444744556707 42.622317297959725 22.36080805838317 39.99945960979756 83.11575257764805 54.48976410502968 52.95055714235282 80.6907713703369 10.687466968725753 82.62188891002747 67.27881052406106 96.18061872660408 103.51060155048413 34.94208577268825 44.91963452884908 36.8464357820584 105.97166201736417 153.2269328520932 138.37349469065663 124.15571402760112 110.8185220559423 98.71947400908465 88.36860573919485 80.44359903784897 75.71011152158424 74.77670467354233 77.7803082526061 146.77966854352562 131.23212334067114 116.18160215748817 101.84868456959092 88.58238991519241 76.93647018110747 67.75172670438171 62.12944459607327 61.06172849857215 64.77419915135347 141.43225385692486 125.25073859562988 109.41259205835256 94.09136930654257 79.58617310967801 66.43368737311823 55.60227856322726 48.66718237875159 47.37170670198263 52.13794440666072 137.31332443087828 120.60214777300908 104.08417347981225 87.86842681532005 72.1589483965822 57.37312417165037 44.44260412764694 35.45874909053159 33.737351015006226 40.22192139849251 134.53582228573697 117.44478791005218 100.4259959284037 83.5236184027789 66.82604825917889 50.53670292761582 35.226519579655104 22.94708571187296 20.271692719748014 29.900268073471267 133.1837396265909 115.9006419286259 98.62414783852931 81.35846429939633 64.11232586883975 46.90729561964915 29.814625190822202 13.275647143359354 7.8922226126438195 23.388992867307753 133.3004776012493 116.03415446471661 98.78029139085858 81.54679775133555 64.35004095611491 47.230166312861144 30.317696814947258 14.364893376761191 9.604731887490047 24.018011551290424 134.8822209007423 117.83962139637914 100.88533345199667 84.07280130838 67.50801888121184 51.430930246902655 36.49191469721275 24.83727782824034 22.379280172151756 31.36056873831631 137.8785370294073 121.24234753890794 104.82189705710924 88.73703156695684 73.20928112559744 58.68257252064199 46.11287450997273 37.52142690255675 35.88906743534087 42.03451259742854 142.1999928845779 126.1130631957804 110.39417150606775 95.22574840071961 80.91795151193332 68.01608822947362 57.47489279814707 50.78621869563161 49.53603112735925 54.10266549370528
84.57624657554015 78.02727461765976 43.711009064124305 6.907700157989476 43.99694231573646 74.60497578053999 56.3531987335368 41.745526574851276 63.06008165021086 46.71863491364253 37.733766948140655 88.1946031544159 0.0 48.19393710962108 25.28908441588439 77.87884721024389 68.45937996370567 65.68253288567628 38.85598999033906 44.231296139277845 68.90826562093886 82.05020720093474 48.5962368942684 11.660309016254125 57.012049543809574 70.49523412036224 55.241079029730884 38.58159018987894 67.42913903979026 42.73040902350355 34.39809649367316 80.20325426535666 5.6527422574383515 52.15073903223056 29.452518258225627 78.44773801210934 64.60684401744892 60.01553830488239 54.22291155968087 39.719525400590875 69.59210745012119 52.92931689861315 36.860223113322284 22.68373428689677 16.405482226027324 24.948751182713416 39.679375205759264 55.903289174103804 72.62654443692956 89.56988593153693 67.65306336989929 50.364727653424595 33.09060557858464 15.877157843703758 2.8095698092401182 19.0372477400184 36.27193816436384 53.55001188203772 70.83973196318243 88.13424450431124 68.63655912948171 51.672359752826964 35.03999437978993 19.603126798428104 11.810033228135095 22.212251571160824 38.026363030214455 54.747944081751086 71.7452674917945 88.86024062629238 72.42361703965432 56.58437588153091 41.917934509598304 30.18518219423297 25.76601571010851 31.86440424646982 44.333997127650754 59.282178566068566 75.24599949902404 91.69653502967685 78.61004091418803 64.27966000357183 51.79687912353706 42.809631193601405 39.76327700556507 43.91215905446843 53.61103493420568 66.47341017146499 81.00611885548281 96.45711048526364 86.68355441271473 73.89363142679002 63.28663619369363 56.11441233453462 53.76946734318444 56.852294244892356 64.59032821728543 75.56677201763057 88.58590724565816 102.87511014347541 96.16996148238114 84.77590957304591 75.65671957311935 69.71093608418842 67.77891282422593 70.1928661498117 76.54271300217856 85.96060952350199 97.56206683818937 110.66245253707993 106.69293533448271 96.49822930995555 88.53877559270974 83.45658764450097 81.78979137804491 83.74257364533884 89.07720259641226 97.2386657576962 107.58554237469103 119.55174800425618 117.97529840977934 108.78923962328172 101.73836423692451 97.2880225665883 95.80131726725469 97.41403350341966 101.9792328592986 109.12700134812322 118.39049534790051 129.31583364034373 129.81907059878412 121.4762939500306 115.14618188408588 111.17306654021027 109.81308008052876 111.16217297765633 115.12514563206966 121.44638291575838 129.7817514128551 139.7713718362322
76.1123521159293 71.22880536304797 19.33701083606057 41.35185225561565 9.33117189471471 54.97483190979453 21.75143563573212 15.203248091898688 58.584693844494424 20.864987994588997 14.46323239074418 72.81035715445472 48.19393710962108 0.0 22.912928634023494 38.43187299352151 36.273168487369844 32.9012171488343 16.058590549585368 45.67090634977025 63.040868107128176 72.56396662733478 32.61583581321718 36.64078637143508 30.19506579457793 50.44964189574779 33.437274509058206 14.295982718335269 25.89705711331554 24.177782735078832 15.697397307902497 62.19446607630327 44.47567746940604 6.644990652041505 32.397248079421516 37.60449939434054 38.16090774050549 28.418241561690003 38.59363776554442 37.864539319651634 89.06203456339406 78.06484174775957 69.67701481843626 64.91799928784258 64.5948932177587 68.77024930047025 76.71302046283257 87.4020662720815 99.96023323699393 113.77024491735787 79.37725882262835 66.86019204713473 56.90801870925921 51.0437180938637 50.706024996582066 55.995017954654166 65.56282751027005 77.84746570705013 91.76422360121953 106.67623352568373 71.20583920831425 56.968732843227116 44.936718931479795 37.3080165263382 36.921195649797035 43.967811880644724 55.694429498624594 69.78020976575775 85.0611137640944 100.99611713592013 65.12012359331557 49.189335499117604 34.6014764435962 23.950883752668055 23.425172533634786 33.50438477524216 47.90678558754764 63.76744958592975 80.22609527587989 96.97874156141755 61.740083590513166 44.640336979240956 27.791990551528443 12.27774740560683 11.305074667640685 26.525075578994805 43.336680134104135 60.42573412843142 77.60917558001022 94.83571169546082 61.51341255319045 44.32775080570696 27.28942072540243 11.099049510973975 10.018919155823921 26.00542263720487 43.02207220151487 60.20156817697338 77.4356013077967 94.69439958787069 64.47338134100718 48.33384467924726 33.379871210457395 22.158129054921655 21.597712495845467 32.25912750746745 47.048411776308235 63.12817448984336 79.721335906706 96.56359564357213 70.21811403959195 55.73497587871324 43.3693372206573 35.413544917470446 35.0149510098734 42.38728940103412 54.46123106595405 68.80462886691775 84.26645890004336 100.33096787732212 78.13570763955748 65.38822126268299 55.17927462192617 49.11809658553778 48.77627161972686 54.26199526935128 64.09606684182775 76.6221223598848 90.73199921437062 105.79387469903966 87.63912349169343 76.44501082743885 67.86573488040968 62.9791301779983 62.655233475621465 66.96028899719416 75.10244270316504 85.99865158158472 98.74134809624958 112.70596323878293
76.11870569498515 70.10866498341242 22.58070508498132 18.439031151438122 19.48779276493711 60.032510587250535 34.056755360422535 19.538328436610286 55.34350032189752 25.86954666756021 14.671069098665233 76.39087031002141 25.28908441588439 22.912928634023494 0.0 55.728626330592675 48.0474044697481 44.85343586693114 16.85609786460264 38.45367725602042 60.9048485269964 72.93983868071125 32.77909290072287 13.826015413244154 37.65280619433019 55.44457467132339 37.79996319445074 15.621072834085403 43.77425115585909 24.014381836959924 10.872654694170109 66.73323475542138 21.68745063286595 27.055768368008888 20.024982980461623 55.79285972692618 46.21313395654622 39.142191076420104 39.58427515959952 30.81964241562771 77.10776718792405 63.21192469342902 51.425598972421525 43.49876066618337 41.69409158352169 46.726411269523794 56.806891227365256 69.7810390812216 84.32359742684027 99.75093931375666 70.43917174104962 54.92101723250303 40.86158648851589 30.360010954072152 27.793905414655814 34.9568589774058 47.6463293362387 62.58652656214136 78.50276309274261 94.90523809242369 66.16802051579702 49.35096317710102 33.0384762342009 18.608518885228513 14.13243631459605 25.532082859252213 41.26453043395657 57.899468102793264 74.83747763702304 91.91115508669944 64.77041106943642 47.469506165786996 30.16977764832168 12.875968052175295 4.480984871430279 21.75043677173357 39.04865396284944 56.34915132515588 73.65032203613437 90.95178183627102 66.42798475164757 49.69738506806586 33.5513868313162 19.50060474145548 15.282806141046276 26.18333999116766 41.66872896936944 58.186864548820495 75.05899006365779 92.09074505051694 70.92684162191598 55.54226027126949 41.68906396995386 31.459863293771 28.985815623968 35.907402878355626 48.34475380732281 63.11733854505519 78.92459182260397 95.25278751123903 77.77542318982903 64.02095759766132 52.41234792363451 44.655683422342214 42.894178543631185 47.79535215824943 57.685227457919005 70.49453801297614 84.91218379101801 100.2466092502057 86.41678892025537 74.23635640718547 64.44307259594757 58.253586897939336 56.85726827187985 60.58642844916527 68.61034511692513 79.64132965798602 92.61102045575615 106.81553546749726 96.36976443233492 85.56858833048088 77.1720423345241 72.02606420391369 70.84259120706645 73.81246866755123 80.4771851533239 90.01979297295917 101.63285846850965 114.68915254032994 107.26975706256317 97.62938716294778 90.30432972934507 85.88902706924569 84.83900192240317 87.2758030429534 92.92552727622434 101.25176401006871 111.65735122681664 123.61831062713345
