0.0 116.21132579542731 65.04832968043111 64.83680201169271 37.505342651980925 7.139887332524965 63.94757110032872 86.50836184986758 101.9752551223482 43.43597473559915 76.5420543976272 39.1267914444536 97.33314165257633 60.61803956694535 27.20682872615453 6.53157009795922 40.56350267701778 90.89578839573112 25.171949267614597 63.2716428756434 43.38970248279856 115.3544098456088 65.82167442629869 73.33095932551082 42.1918026129702 37.00877797009906 64.980121854903 75.65124945581374 89.86965776932826 48.38483253526477 38.87154353319211 45.34869080953672 61.1584114553687 57.35125098497674 30.686653592564667 17.972738147468096 28.513016214001215 67.5134375430265 37.82685550991269 64.73445787978204 141.843886022803 126.37308939487741 111.44201808469094 97.29946051966246 84.34300558792692 73.20516455661895 64.8301287688971 60.3787299228536 60.72011537022857 65.7797061913127 136.4036816492234 120.2637646490879 104.4963393979298 89.29893587169714 75.01878490501461 62.28996203427893 52.25862409993496 46.6968024226806 47.21146112272172 53.627939614825976 132.2340231375553 115.53519073622383 99.04358728335735 82.88300504823084 67.29235714560205 52.779149246968835 40.51819740536925 33.113720834566 33.911961825418715 42.45270619165435 129.457798492428 112.36189466383844 95.34034332554621 78.44156213081499 61.76640012793755 45.56105366646459 30.5817420833558 19.83401617794921 21.218985788443923 33.253788194444276 128.16563085893085 110.87753919436229 93.59456156421109 76.32017232207504 59.06190772759614 41.83972607290267 24.729130667492637 8.438638608677765 11.384411792001579 28.048396289552194 128.40235075126733 111.14983146374306 93.91549176875287 76.71158555075607 59.56448879208498 42.54294884267846 25.895750061009448 11.401335449928842 13.715109649266426 29.06770061719269 130.15961337675793 113.16608817966596 96.2824652726655 79.57872686691795 63.197669785317075 47.47450061501286 33.35299082324496 23.86895119092843 25.014849808800218 35.783650412719055 133.37730783274552 116.83602885859365 100.5510619138514 84.67042861951755 69.47196507560069 55.518766185081205 44.011588070304114 37.28824732820548 37.98044117393796 45.75283000361055 137.95323623374904 122.01047203415048 106.49279931202265 91.61647475069783 77.75050937236267 65.53934765734188 56.07469658432511 50.91206364729669 51.36541613600126 57.301612952978005 143.75769396728717 128.50773789971817 113.84593176703956 100.0312301979263 87.46594311906247 76.76606511190795 68.80740989483932 64.61102008907488 64.91071971886096 69.64849250944107
116.21132579542731 0.0 60.15775600690646 53.95463613081864 78.74019435186487 109.25262855270847 59.845149319491746 40.33504921818651 23.431225291787722 72.88461011427046 104.34970716500273 77.48016768237166 23.917659996492542 58.17549908885745 90.07277928446612 112.76758606631331 76.4672577023869 34.1297970188102 91.0439096463052 58.72939709128037 73.42143819277267 4.078872669851764 65.47660777529082 45.81426414270263 74.04574480791695 79.4640711360629 62.075078834570284 44.287037325431825 32.71346139973967 68.84964103069635 102.90325502214466 71.26775457815627 58.81858165649637 74.48235589600444 85.57825339408576 118.56919367646991 88.43003952651988 54.30712217513743 78.45286503094941 54.428241205011645 48.338754623532246 46.70849671952188 51.23899975320765 60.56310335709663 72.86320637528866 86.88444717366414 101.91894053690012 117.578640413395 133.6439519178031 149.9845927019728 34.8084812070823 32.58554212342476 38.86789448987365 50.57981181970191 64.8431182188691 80.30971966008588 96.4021817087651 112.85308449123758 129.5259247974631 146.3448672976246 22.196308863610504 18.605034237243128 28.254742411348722 43.00262359960886 59.15093238577424 75.80997273232245 92.70481717322947 109.72659789859539 126.82421473620838 143.9706518642754 13.408306740175787 5.889233179008204 22.097442757247126 39.250788738030835 56.494826204523264 73.76598057623471 91.04882165101913 108.33775652501572 125.63026938152683 142.92506152539997 16.521334420778537 11.28845815016489 24.095998804658404 40.404431737113015 57.29862235880969 74.3805029496332 91.54506752663818 108.75317297647486 125.986979291536 143.2372100541585 27.788310660351485 24.98768978469322 32.79161021543944 46.096696070094836 61.42663677035886 77.59039018776245 94.15952539296482 110.95257736101053 127.88136397402347 144.89831851517692 40.95708437906918 39.058188191453134 44.41066945206395 54.93431759789204 68.27852613391373 83.0953741448964 98.72401668067053 114.83347911940288 131.24683072490797 147.86290750309263 54.67009511616688 53.206096944755195 57.19840881797709 65.65917268433898 77.13167773880811 90.4774238731357 104.98443940429796 120.23310928925929 135.97414602502954 152.05471373851873 68.60161236943271 67.38253594687315 70.5217869483017 77.49148386010522 87.3797977783394 99.31877667818554 112.65833787854446 126.95776517124803 141.92722970334066 157.37564701895158 82.64105608540551 81.57248288311075 84.12655185139005 89.99535787385139 98.58870676046327 109.26565202046213 121.47803616455708 134.8092162154178 148.95911260816217 163.71557844717069
65.04832968043111 60.15775600690646 0.0 11.403454004237302 33.85228438830259 57.99512837046324 2.014915012267857 51.77971165052465 56.850733447406526 31.03531301912035 50.270790718619395 28.811820194634738 51.16594864699413 11.052147730284961 38.172970258751356 59.875142761538584 26.609834761608468 51.59305822405663 42.745066245161446 41.83479696764726 24.958786893364078 60.97452150941632 7.673049909980103 15.560524711823023 28.856987478478963 30.947486311177716 2.61228762276542 39.93186585307384 48.76245336660674 20.3350577153188 43.02089025423823 32.082980245148825 38.21460139990407 55.45753303037911 37.11485676194973 61.962067083256535 37.246985942861876 6.683644659577643 31.393950417355903 36.50220501398305 100.39280189848014 90.05523233885586 82.09665183522758 77.25581393176543 76.12980036054398 78.87786376818974 85.1256333617013 94.17916271894809 105.31733521986037 117.95106051544678 90.04532761022277 78.41177707609108 69.1906586018167 63.442748878449684 62.13945789009743 65.5464473686187 73.00723246698804 83.44141607264086 95.8831504149679 109.65118259256393 80.85804462498015 67.71597071451158 56.84702525038498 49.763622765577686 48.16590394359032 52.55656700813589 61.669550425133174 73.77517498765374 87.64200887679742 102.55812632791597 73.2688482871039 58.49021207921794 45.52574680275041 36.37018377769285 34.23002844490072 40.24061828430605 51.62971824145302 65.65558761176278 80.95920266821837 96.93728251632184 67.81651678299731 51.53038006777959 36.199334824629695 23.751110796178516 20.40956483769701 29.456698052970626 43.78990105039045 59.71704495620217 76.24570239067033 93.05589964207479 65.04077033933324 47.836064924655155 30.740687064877587 14.156412242206367 7.384551884077539 22.52493369785956 39.483250907994915 56.64975727254981 73.87947163059464 91.13655188995435 65.28395638004999 48.16468897431482 31.247285430835714 15.220437216055073 9.254396293114587 23.202139382026026 39.871643714617846 56.91985552119623 74.08579629080891 91.30308730248807 68.51393259471305 52.44067208716761 37.477999003533384 25.649325930525123 22.58066923534048 30.993491519816917 44.8332198386316 60.48264111810129 76.84395449946558 93.54436380953007 74.34236774145836 59.82343553345283 47.218708199294355 38.458764104518245 36.43149511594727 42.12052117232916 53.10112935479619 66.81338743915991 81.8964877802832 97.71769464925096 82.21842332671429 69.32736456883613 58.74860875427624 51.9154677529234 50.3759244329866 54.579785104026044 63.39458439426939 75.21632088790443 88.85278686665917 103.58977627366262
64.83680201169271 53.95463613081864 11.403454004237302 0.0 29.49557837816589 57.70019053310773 9.666220806895192 40.64212957863837 47.2582301303898 25.06120330264989 61.397467555647026 25.979880283916646 41.59931179232013 4.313845081593924 37.70443823263918 60.473920634094114 24.31397210180762 40.889243015695364 40.533767535578704 30.976139053452826 21.66815035666061 54.10998460615676 19.067126077652894 8.558854418654247 24.176194846480673 28.189853361417338 13.991033077526488 28.58817201969613 38.20069177546794 16.55136007573887 49.585584974394365 25.168186159141136 27.513340444293554 45.674558503929596 34.71147607760134 64.90916524160737 36.32515431628719 6.048808885444909 27.894073808531317 25.38612466307192 90.98267043240136 79.78540391340789 71.07930797009313 65.85983867975487 64.97277634531815 68.58642698681038 76.06199611646045 86.40283285291599 98.71253609264359 112.34577438984674 81.42199498153362 68.7382461017525 58.47266575522392 52.07551974841177 51.02320870808111 55.6199321281423 64.67214876759954 76.61656319341508 90.31284314971568 105.0781731501675 73.36091738481456 59.016417824144106 46.71999497721086 38.48746904197205 37.128420389211875 43.29504489778392 54.48953302730545 68.28224140305078 83.3938052679155 99.22346500449972 67.34027699176961 51.378027397557034 36.652442933651024 25.412841765181696 23.386632079335726 32.35378916453389 46.31751144477196 61.98844359545661 78.34879381402585 95.04320556755084 63.93918564365376 46.85350463943674 30.016588272981036 14.33364867835477 10.422314313751512 24.70848083574436 41.365524934418595 58.398780118419005 75.55422968876611 92.76410386955303 63.57947963890998 46.363687430926255 29.2497222774854 12.657584860825054 7.974717285922221 23.78426448630081 40.82278553210462 58.017427210505716 75.2612606971909 92.52678705871575 66.31067689586405 50.02723455084647 34.74268654365105 22.58530683446114 20.294079097785108 30.204551861157377 44.84966003122336 60.90468620521522 77.49826671365479 94.3466672992148 71.78078657293715 57.04948648806226 44.22120067791521 35.427296871692675 33.96145213775924 40.624810060020245 52.40303661936444 66.6369971922415 82.05856832729916 98.10930623639612 79.42585104532424 66.37273469507933 55.68587354646548 48.94073578937873 47.834895546023226 52.72439046138072 62.211317076780354 74.56096230930902 88.58402075728532 103.60319913635728 88.68507692924625 77.16732322093797 68.14135056556906 62.69279481433753 61.77559686003825 65.58015854101535 73.37564311197606 84.05895425657576 96.67743045714103 110.57051283654069
37.505342651980925 78.74019435186487 33.85228438830259 29.49557837816589 0.0 30.6469668466171 32.13255951076691 50.833007879764914 65.01552012512846 5.990901746068249 68.62535964119203 6.009151581734894 60.15056143484993 25.772676353310423 13.657786361870771 34.57789466703774 8.292811519526518 54.504270562159334 12.346285904103972 28.74806208459753 8.943499343519898 77.8490812225114 38.06914220977615 37.47619172276508 5.319856056713312 4.991880766636533 34.95527724832605 39.02505965350035 53.129892513013495 13.629611779245554 39.73864812971579 8.349323277448258 25.71582055586471 31.420526525211493 7.414508051130902 43.02739442388689 11.76886086446179 33.73182394070598 3.2002781124508077 28.471619683288775 106.38155088885875 91.92735077965946 78.63167545740103 67.18587694938411 58.68256001798035 54.516444783288335 55.6699359274048 61.846098448502374 71.75957868554745 84.09895056092009 99.830028339111 84.29604966759314 69.60114233927854 56.40496108039075 46.01549574149956 40.64526610299648 42.25346209790709 50.17347961177408 62.03310928695457 76.01013638664419 94.93492856281148 78.46525018905568 62.44726160291721 47.34169034497387 34.37325961173332 26.842437977723208 29.295428747361747 39.93291853900101 54.12729430902058 69.73951651656805 91.96122174947904 74.85696961745803 57.870357957675296 41.14734007437037 25.217884436656142 13.322636036147042 17.825723033653027 32.5074300371794 48.93283610005639 65.80900185522174 91.09730750787543 73.79798878389157 56.50026952085385 39.20626681195868 21.924777142570274 4.7931140391249 12.804906311740048 30.061119459071186 47.35071039205674 64.64690433540922 92.40239342245539 75.39581875356228 58.562523048105895 42.11082011721415 26.754171283969278 16.0300541550861 19.921145456989642 33.6964965745854 49.72693607547319 66.39875681413258 95.78784634688041 79.49038620250306 63.72472736246313 49.00683262831335 36.62250399972037 29.65561232405346 31.88122133158644 41.85783789257438 55.555866482545376 70.84870779551227 101.0447322806598 85.72461787067945 71.31680531086823 58.49929703764269 48.54846250577345 43.47922599556315 44.97374121014059 52.474147229401446 63.89944663419128 77.53352085662615 107.89979963989137 93.6721974329021 80.65538997884752 69.53273218335711 61.343355865978225 57.35774860350128 58.44238952031629 64.3413709274677 73.91081574906897 85.93313044591825 116.07014067737015 102.93693445977713 91.20546127862013 81.48342549642076 74.56104792142912 71.25896348420375 72.0764778541011 76.88228805220322 85.0026031691718 95.59648344846106
7.139887332524965 109.25262855270847 57.99512837046324 57.70019053310773 30.6469668466171 0.0 56.86646354472781 80.2854890236843 95.41001126682579 36.61560141524642 72.06131447852319 32.032931748982136 90.6777159034554 53.47896923507838 20.070687761503383 5.181628875805502 33.43719098420664 84.49718404932686 18.30529326322823 57.171644011451185 36.28196817344229 108.45697744202639 58.95849693093782 66.19866149749122 35.2072762570522 29.932990864027932 57.98047796875071 69.15774544285765 83.3667145089305 41.26047731360959 34.517456032700885 38.645495275544356 54.87025589270178 52.54575704978845 23.67752101215581 18.22659263131966 21.375277974566085 60.384944638087525 30.81265921261326 58.297523685622764 135.7672118211661 120.53614306930643 105.94283024528373 92.2903044168429 80.06130659328456 70.00586298995465 63.17059765630851 60.65412994551315 62.97632941510445 69.65492207777966 129.99378196228025 114.02474007975111 98.50686355456709 83.69149180483204 70.02593983676226 58.32410750360945 49.98473365828489 46.8396039533792 49.88112082726422 58.14642506880716 125.53245187541553 108.93520582774872 92.59627370759665 76.68095579361902 61.51891009720764 47.83191255866132 37.28157265882009 33.02495574989373 37.28388373195399 47.835515168807184 122.52669717306024 105.47365183463626 88.51724539264427 71.72604841967184 55.25089231297777 39.48933995873972 25.785007832406713 19.210337764277607 25.921406495080912 39.6675351125891 121.08500804955099 103.80312371154119 86.52925095634562 69.2693836463374 52.03745969307677 34.874924699058056 17.981573766337316 5.3969508389390155 18.2655583680439 35.168844557777774 121.26320328260309 104.00997966598545 86.77615182311274 69.57613409566322 52.44320357812723 35.4746955272783 19.113652171967345 8.421557536098467 19.370772279458993 35.75254202789333 123.05424327982313 106.08323499867744 89.23939645241252 72.61128137877951 56.39004930553762 41.060787996328685 28.122057785643005 22.235627500960877 28.226003962194728 41.20318727997494 126.38955597290408 109.91730015122671 93.74440302952307 78.0571620014239 63.21815557075991 49.98856930990237 39.998576767888736 36.050276548773326 39.975817052673406 49.95214382581674 131.15133150432638 115.33665660136249 100.01559045343281 85.45404431073305 72.11359387966561 60.803359558040626 52.84342932806715 49.86490640890453 52.71898270676621 60.58691907101343 137.19105255364244 122.1303798163211 107.74492151355446 94.34405235666127 82.40950178197802 72.66736144245998 66.09431534208248 63.67939453796577 65.88145204547662 72.27973315652204
63.94757110032872 59.845149319491746 2.014915012267857 9.666220806895192 32.13255951076691 56.86646354472781 0.0 50.22360076639398 55.78636791189282 29.16517458935837 51.79102465178968 27.21875276171389 50.09952159086353 9.049349294544138 36.94578404322221 58.88738934884226 25.057931930305095 50.20468976558961 41.30511284209338 39.870415339104504 23.28192386947095 60.53049878701248 9.450921783711419 14.669744484735324 27.079717135288522 29.379015881286755 4.398344238149395 38.25233771861625 47.41745080582444 18.55692572284674 43.116569275508105 30.15417873768593 36.237006553937285 53.442618173662744 35.62556468525001 61.37514061768772 35.9508163493648 5.695946206161952 29.747092040865017 34.58093155931712 99.4090851286621 88.82626296947983 80.60229745470451 75.51186855090793 74.20270079015673 76.86823721499425 83.12699655288755 92.25050565918907 103.4838180950605 116.21674575887921 89.25128611827537 77.34661418873748 67.80782559465145 61.74139235754997 60.20625948953902 63.531753213064675 71.0385070506774 81.580335464711 94.14312836145382 108.0240803387886 80.31040121348431 66.88350581804049 55.63945825510425 48.1331324187608 46.22283759304858 50.5470686694507 59.76758941233515 72.02795633856611 86.03831356642692 101.07353493900422 73.03487681783695 57.99000274365985 44.61273530991383 34.877792830591986 32.269695705908 38.274203277086485 49.87188144981345 64.09526526543364 79.54816180604924 95.63642408130009 67.96179844942513 51.486170865432236 35.798848241854444 22.605337504200644 18.416216633798562 27.67715284704226 42.327349875923595 58.44566971545085 75.09260997328127 91.98160598629747 65.60418578443253 48.346350800939014 31.137495141969193 14.15736897470405 5.480156336931118 21.409032096060226 38.540559437098345 55.77738173112237 73.04499591658303 90.32574421915945 66.25260110948602 49.21865937828762 32.469352006818745 16.874665034309015 10.67534223487889 23.27841607967507 39.60453875578217 56.51431178441403 73.60657915155393 90.77831604425633 69.82333931697141 53.90867240635068 39.188033527419314 27.640002655651205 24.30942792028444 31.88475480182102 45.17784474357828 60.53221032219539 76.72007612857271 93.30864075562637 75.90505215672988 61.54972231520186 49.131112068429395 40.47308378440046 38.22278549436673 43.3889229283326 53.878775197538495 67.24546588874887 82.09561151603305 97.75547380796736 83.95373252489553 71.19785039411686 60.734988781003246 53.917011132853034 52.192428403557635 56.03351980496574 64.45278401019378 75.94252864713276 89.32566380100057 103.8729080890669
86.50836184986758 40.33504921818651 51.77971165052465 40.64212957863837 50.833007879764914 80.2854890236843 50.22360076639398 0.0 18.18339348757684 45.069322743866294 102.0145711854256 52.449024488430695 16.431003359276772 42.939686595185584 64.32721130920787 84.7673197416481 52.60148207370258 6.22625013274737 62.48461587114753 23.307977072932566 49.66430313382028 37.3809161122679 59.398626625149596 37.757023948558526 47.87995405660697 53.726079220146914 54.390134523772524 12.767527681879619 8.043941545856086 47.10157254801492 86.03546666466815 42.48714137210239 25.424568113326224 35.70376402501665 58.23951347950785 93.85724631825126 62.44690082102032 45.325591147270806 52.03000526006969 22.374437078628972 55.585927166268455 41.36003172991268 30.499493947176877 27.358655266027238 34.13916937331907 46.70310197003357 61.608331922711095 77.51582658702006 93.91767757485677 110.59415414458006 50.15939934797534 33.75568465171412 19.01683242538483 13.510971487052949 24.539061746403178 40.25540358884775 56.89940465978149 73.84646063955773 90.92727870743539 108.0784578121987 48.41868502887405 31.122895559216236 13.84246346550543 3.6478158310870867 20.82577548666298 38.116045015763945 55.41359444582495 72.71322857574364 90.01374544562586 107.31471812910948 50.744545448291255 34.61531171816231 20.49739488767994 15.517057332832637 25.692944919068456 40.96569599321211 57.40175569650662 74.23238744035861 91.23949590142591 108.34000350176241 56.6381634410928 42.757438004727085 32.36085380336304 29.41021286009628 35.79672875440152 47.922441152192064 62.53338588179808 78.2495862034988 94.5213231997148 111.10478272758236 65.13814585785478 53.46551919930796 45.52856053175222 43.426285685013355 47.93265208787679 57.51469696867902 70.12165130663651 84.40886197398075 99.65626102015747 115.48415096470767 75.36765632584591 65.49270821079409 59.13546689574322 57.47529442079899 60.897560707757755 68.64629443098332 79.46579129064442 92.28221734943287 106.376222433368 121.30330236970802 86.71665248503007 78.23284067410869 72.93603623490726 71.5376955427395 74.25837909427062 80.68246605049626 90.02056581783295 101.47133926303202 114.40214854826182 128.36650252829406 98.79997191989426 91.38809127052633 86.83783508480944 85.60673793632972 87.83447591802407 93.27354577350886 101.40853575442732 111.65171520095004 123.47954280268505 136.48064724790703 111.37873048405947 104.8021021127153 100.79883125644452 99.6794508958623 101.53938276382381 106.22224035463566 113.37877760909119 122.57648571330064 133.3938051709585 145.46987466583022
101.9752551223482 23.431225291787722 56.850733447406526 47.2582301303898 65.01552012512846 95.41001126682579 55.78636791189282 18.18339348757684 0.0 59.037078243147036 106.14928508533052 65.39721653484422 5.686909037412828 50.72393876796566 77.89454356578017 99.56289558733071 65.02677070718765 12.158348651809595 77.1997457669992 40.01260696621498 61.93404410443331 19.963754691229983 63.84542898544524 41.32230259501489 61.19163901295765 67.02960151573409 59.30095273935402 26.37558331579425 12.240516755623727 58.320856829606186 96.22504734359661 56.80731047352099 41.24503376148642 53.79580242349943 72.3567084199006 107.44662823118708 76.07581126628224 50.189965487860334 65.58913745537446 37.337294985103895 43.724510581050104 33.86740365327821 31.31897330628681 37.5960636476443 49.44450190574632 63.833865538914324 79.3944259033371 95.55572297483504 112.05813837324399 128.7705921849403 35.023423936711126 21.562465494704867 17.376760569395472 27.160189492716036 42.096462730101194 58.35461122474454 75.08076533754142 92.02007493908592 109.07327470798853 126.1942015894965 30.750534426873916 13.608067431426957 4.845327364546263 21.458994890082902 38.680916386341245 55.952226851596045 73.23799323567351 90.52993528714192 107.82508186580944 125.12210413036377 32.69101175894474 17.542056771011033 12.060606438695308 24.122720940220876 40.21276003244142 57.017010087017916 74.0508323724939 91.18566267127997 108.37360077283387 125.59284445398973 39.94945708549412 28.85430545611769 25.84362899925342 33.19526729700163 46.202475870306856 61.36873940939935 77.43568926099742 93.94232358397484 110.69211689953897 127.58934015524692 50.27284046655599 41.94894027916451 39.884515100336564 44.950432159446535 55.21787763132734 68.38269167758597 83.07873906173509 98.62386678175811 114.67328880585383 131.04184478066458 62.152128792259425 55.58001888145742 53.982304727191014 57.77317100369999 66.0309676689206 77.33781373900538 90.55874069078352 104.97301051077821 120.15190258218738 135.83933815463672 74.85002347333612 69.43217368654977 68.1015295557621 71.08797907512549 77.89656004086137 87.6409619940855 99.46201902119245 112.70820330070529 126.93413965171993 141.84535022535795 88.01278579921073 83.39516574708769 82.23099950062615 84.66286843040581 90.40102712817033 98.87148488535469 109.44165451582113 121.56504992917799 134.82331914727715 148.9136454689836 101.45949927790961 97.42119328347172 96.36605101643728 98.390094303224 103.31250411292208 110.74748004045755 120.22979307962424 131.31667803851286 143.6370589206056 156.90062917438655
43.43597473559915 72.88461011427046 31.03531301912035 25.06120330264989 5.990901746068249 36.61560141524642 29.16517458935837 45.069322743866294 59.037078243147036 0.0 70.07849610025893 8.296744730942061 54.16034628681507 21.753264964986666 19.258442247313837 40.56856780725904 9.611444437409356 48.60377339955719 18.31033270445211 23.51438082231915 8.156244196795068 71.93485385312476 36.2143789958803 32.60536129692833 3.8162290742717913 8.920008176022924 32.50789308948132 33.114220865457234 47.18071948748756 10.972442507917972 43.713632318057684 2.8766818814811455 20.24329411519182 28.788480357993663 13.332416669119443 48.81858691638398 17.377588416685942 29.88481296000101 7.053669109752158 22.696524090163848 100.56061057500739 86.2778713107228 73.30761085240235 62.47271878530775 55.048845843746136 52.50343148695196 55.511667782496076 63.28649346387102 74.34726156797568 87.45599123504161 93.87686116956505 78.42352446487483 63.924483675093676 51.19703442683448 41.88841549311161 38.55967671613811 42.63524694323069 52.41551481070516 65.3889470879389 80.01717882426135 88.94670688840748 72.4777700689971 56.50883356348181 41.619466790744475 29.492751481318113 24.62062941334846 30.679619037163242 43.30142358626387 58.373779847436225 74.42240046827162 86.072086562565 68.93633156372442 51.91092929355942 35.15656975896679 19.389101597548066 10.705287046810945 21.25987128846692 37.25686688519129 54.06365858361492 71.10834884335132 85.4607190881794 68.17498310165354 50.90025230930023 33.653478271783655 16.522441249048136 3.484118291262917 18.708304201804726 35.868868986173986 53.12122390332623 70.39791648924009 87.16025143321876 70.28413890849295 53.679819996421585 37.70806423236081 23.685127866237494 17.285386791312778 25.20507987710723 39.629782327100344 55.71763978811335 72.36783305020661 91.0413349130403 75.02205818752907 59.722714134133184 45.86943175372228 35.212437750711686 31.217552633148117 36.16440556111353 47.32759959989512 61.40560198595431 76.81212823261943 96.8419863774586 81.93390975867895 68.16644622436016 56.3814401490625 48.06009546140434 45.159521015789345 48.65897122995515 57.39958365766349 69.42933462903572 83.33580496928653 104.2421740423742 90.5230010592706 78.2374144618004 68.16501120152935 61.40473037427414 59.104225758518965 61.76386097615229 68.81087103638029 79.08093229514986 91.49507179120688 112.92778655016942 100.35951612948266 89.38717663138945 80.66467368570659 74.98132555642174 73.04995653995842 75.16036512531385 80.99723568097406 89.83713740330657 100.8937941201715
76.5420543976272 104.34970716500273 50.270790718619395 61.397467555647026 68.62535964119203 72.06131447852319 51.79102465178968 102.0145711854256 106.14928508533052 70.07849610025893 0.0 62.815504535032034 100.53224594917695 59.55969471273341 61.4894962666377 70.03500930372228 60.829691132414425 101.80601562475833 68.65758484678551 89.1529559540011 61.93627104993656 106.2667718433702 42.74446958351852 65.20658499132502 66.35867353069304 63.66971802913971 47.67010600717048 89.92584843661194 98.92049879756978 60.75672439344045 37.68008613876635 72.5493500358219 85.32484982663833 98.80709186088306 66.00074467258194 61.95654999529786 62.286823296684545 56.84545196024881 65.4447374125844 84.8139596749845 148.92124566183153 139.82135304139803 132.36738215574985 126.84981942543828 123.5284147711291 122.58181578919951 124.06439298752578 127.89169398815491 133.86275401643772 141.7068388305285 137.39641946612937 127.53570150177403 119.38002274822205 113.29819109197435 109.63587906520769 108.63805711119278 110.37701086874824 114.72836268533639 121.41155414848278 130.06763377678874 126.39776295912093 115.66008557535633 106.66201693668681 99.8748510239149 95.76980435423532 94.69632798767239 96.75537810395261 101.75697223751979 109.29789181243855 118.8959480320328 116.07512243444276 104.33481104904662 94.32260135956375 86.63968513668463 81.94387431116982 80.75793222407279 83.23202677211515 89.06165576416834 97.64767461324679 108.33669632144804 106.62518714267573 93.75970885061444 82.53197668772754 73.69438954447789 68.18277368293776 66.82521909016741 69.86430339181264 76.77970808053469 86.64824268129624 98.58703793374013 98.30012204453267 84.2180264785193 71.56212601322346 61.22335894921488 54.53587249322669 52.90295835164894 56.76252744834837 65.14557504884668 76.58072394917505 89.91089210162342 91.40792523751999 76.09964539754553 61.85151135212248 49.5859766173949 41.1173307913957 39.002652467782426 44.16429668243142 54.57535613416831 67.86132983224063 82.64718307130077 86.29272051437923 69.90237305285834 54.08290365774133 39.52581109511513 28.25472672818036 25.161080806431833 32.65793865697206 45.81170693605957 61.07040684763467 77.19577227862861 83.28265983030158 66.16831653469758 49.185402483787435 32.540352514843086 17.24117994621641 11.591162579281772 23.87812458707176 40.05855261369797 56.90275442418951 73.95858506252995 82.60822919036396 65.32133159516336 48.04525731721603 30.7982255642396 13.69044203269305 5.003925070601902 21.479382837754248 38.683356446747695 55.947777460752384 73.22990575936038
39.1267914444536 77.48016768237166 28.811820194634738 25.979880283916646 6.009151581734894 32.032931748982136 27.21875276171389 52.449024488430695 65.39721653484422 8.296744730942061 62.815504535032034 0.0 60.272725305953145 21.919263710761182 12.657351220886454 35.2998238037669 2.3523352941339053 55.54607370322904 14.563321019991955 31.63216921482539 4.313318699308854 76.89382086284404 32.481602516081885 34.349506955320344 4.705248191991802 2.223330290059288 29.680150814897825 40.11239777858838 53.868610623651755 9.435246269809499 35.41822828305601 11.167748377056984 28.214372986442434 36.577061854679386 8.738303929885925 42.053015138417905 10.957152022827797 29.497549029628633 2.8737394869906767 30.22043504167667 107.66683758185884 93.79006086098954 81.23853184519781 70.72141497047926 63.26163097626088 60.010376699259496 61.63726639726663 67.79200429080075 77.40190580313563 89.35910774658005 100.3990473478662 85.38922566739143 71.42390503038123 59.246364932550286 50.17561662835473 46.08423210638303 48.255814076225526 55.966006950535885 67.3384546469346 80.84209431208808 94.68695216285123 78.6261541256743 63.22368118887066 49.10299544256488 37.731724155607274 32.17095587775086 35.28408060941725 45.31744514903044 58.83097715658488 73.94055355128879 90.82463566667484 73.95166090344351 57.334926915869225 41.285003648178325 26.83880019205292 18.300351172052306 23.413596435631156 36.88091824827651 52.63952651158632 69.14007057858377 89.05316136817903 71.77505264082785 54.512056749314795 37.2851712884644 20.187054824900404 4.854264570636467 15.437749319927985 32.43143291828121 49.63854445615109 66.89458773204493 89.49679759902254 72.32224240204337 55.22725639448764 38.31848234075452 22.028968795103747 10.04778486523185 17.75819902094075 33.59259474173982 50.401233593441425 67.45976142289622 92.12354207522372 75.53405003870239 59.35275286638424 44.03199606254637 30.88033239124892 23.81352613265778 27.915658188420856 39.87724619697545 54.7705797242754 70.76827600903582 96.75572026635606 81.09444674136019 66.25447778604996 52.93117236238527 42.57309990192124 37.70855751122644 40.374601306250696 49.365860657223436 61.98850387685918 76.46481330606166 103.12337987528508 88.56209128036338 75.17151776569862 63.69435368168287 55.33430071250647 51.62847583041172 53.55198161287934 60.57087162655286 71.19372712023805 84.06523424993964 110.92797227937258 97.49963456683302 85.47534711177222 75.52869457436016 68.56985461327457 65.55729354406262 67.02525665449673 72.70284616149142 81.71728805949607 93.10434475771248
97.33314165257633 23.917659996492542 51.16594864699413 41.59931179232013 60.15056143484993 90.6777159034554 50.09952159086353 16.431003359276772 5.686909037412828 54.16034628681507 100.53224594917695 60.272725305953145 0.0 45.10472739044848 72.83543825755501 94.7281921167683 59.81455304148791 10.261817335201483 72.41064875053183 36.28211624507758 56.712676546544024 21.107098302185 58.17764179939148 35.642533185836086 56.159851531578674 61.96373695450141 53.619467331052995 22.131808113241007 8.90320835266672 52.96912301958096 90.66953579740569 52.03241450634385 37.122043406277 51.06410089121157 67.43904083692733 102.31947076692501 71.0359461160512 44.503835501951855 60.5821385752663 33.016760226105056 49.388438905173615 39.36951594472736 35.48812598577626 39.59245885630871 49.743601825982616 63.087213117452734 78.00175900011563 93.74038493119549 109.9497727990929 126.44901233888734 40.34923730249223 27.24902615356731 21.346411078670602 27.70452074598463 40.964900070502644 56.45721362221058 72.76965209704404 89.45467526497436 106.33704411556768 123.33574639849338 34.9380357644808 18.356930803944532 7.211159627277054 19.124280037920045 35.75176499050391 52.814322508859114 69.99449959365504 87.22282174878114 104.47547388465794 121.74211268977378 34.886098465727855 18.258340758339482 6.957550946491272 19.030538351224102 35.70194156541248 52.78076581462929 69.96930194914206 87.202698108196 104.45875389965994 121.72783306213601 40.21419614629732 27.049579919913892 21.092401314204423 27.51018774501782 40.834334616069924 56.362991000235645 72.69691907227244 89.39579826711623 106.2877550335785 123.29345647404637 49.2045299813659 39.13961594451233 35.23408580128288 39.365969676987135 49.56436053594716 62.946640914197886 77.88864403525227 93.64672785003296 109.8703140266856 126.38025823428218 60.23903247562716 52.288095194491625 49.376617756614266 52.352244265919566 60.35036201067604 71.70966829095944 85.09458545783708 99.69253752461299 115.0426756366822 130.88060976516857 72.38874353326982 65.86401705966294 63.51929677024071 65.80294178253726 72.27756912298662 81.95584552237385 93.85184067359539 107.2299824933445 121.60207258868903 136.65486721739373 85.17763984864955 79.64896877143482 77.66189588073468 79.48248779818715 84.86604509853234 93.19715287369397 103.7682848728145 115.96848078295184 129.33755862842193 143.54930705179325 98.35655952662212 93.55043977716915 91.80429690295573 93.29011332439872 97.86078747429345 105.11467248922952 114.54312369481575 125.6575989106359 138.05147339340243 151.41089330275858
60.61803956694535 58.17549908885745 11.052147730284961 4.313845081593924 25.772676353310423 53.47896923507838 9.049349294544138 42.939686595185584 50.72393876796566 21.753264964986666 59.55969471273341 21.919263710761182 45.10472739044848 0.0 33.4547801671955 56.196676640957946 20.161249969208672 43.699468231034075 36.481455133494805 30.890060649459322 17.62569793254448 58.254975528379155 18.27016424222201 12.865183556701853 20.467853233592592 24.139735398270993 13.362709551954977 30.50466825982183 41.149496730228684 12.491921929352378 45.716093179254806 22.221426079244214 27.223110539681223 44.47272380809693 30.65679411386451 60.608190964592055 32.106355237437896 8.140304995446538 23.969498718351954 25.759131394825122 94.41911699658863 82.79365812654207 73.43910830660101 67.30904889685952 65.31773212341629 67.83064814641585 74.3927426432195 84.06102616317258 95.90059808219328 109.2075360782839 85.15065985737714 72.09764378219455 61.18991968476725 53.74981833071319 51.30867702175053 54.54189557096336 62.57601037774648 73.86065559259602 87.14204772435973 101.64043086096262 77.37200180568458 62.76660258935392 49.915657958076075 40.5241432956953 37.303434721941485 41.70842919622865 51.82997840743069 65.05234068874064 79.84969735710193 95.49265981414548 71.57068570669273 55.49356978219059 40.44033216636385 28.107215945899597 23.309261135944414 29.922210231781772 42.965877386295865 58.27096633776003 74.45572751777418 91.05227150550013 68.25288539460881 51.16397350554717 34.2893742885228 18.234126723323694 9.376499862482843 21.025396691290936 37.34874892718494 54.28170935836758 71.3918208154208 88.57648317607212 67.78431393813011 50.54008992899593 33.355684010999035 16.419991275785215 5.034288728065491 19.488086215528376 36.50945682334382 53.71041670450464 70.96048745217425 88.2308686808 70.2220372513978 53.75111821160448 38.0255541652553 24.523757817522373 18.857319341978823 26.61755352014145 40.744345440603695 56.66057785361765 73.20828059269793 90.03996601091002 75.28423118912843 60.18632284995284 46.64525443387014 36.44001063143658 32.84322303153319 37.79138174310294 48.748416175941536 62.63653834527417 77.90360776383274 93.87926597378446 82.4890632813169 68.9486944337023 57.463920758185864 49.48721790075537 46.84623895430551 50.38708460261649 59.00719708037653 70.87695776242819 84.6400602416584 99.51401547127905 91.3307647482509 79.27013033462407 69.4614564931149 62.96609972352021 60.85442376824092 63.56482888759194 70.5436705336808 80.69093402956486 92.97494080574104 106.6599634435696
27.20682872615453 90.07277928446612 38.172970258751356 37.70443823263918 13.657786361870771 20.070687761503383 36.94578404322221 64.32721130920787 77.89454356578017 19.258442247313837 61.4894962666377 12.657351220886454 72.83543825755501 33.4547801671955 0.0 22.837765763439574 13.643628410484949 67.76519806124176 7.1681936356517335 42.4038489037868 16.654601223038533 89.53362967260344 39.880942334726264 46.23492887511405 16.706830902630855 10.87172038200576 38.363214680533545 52.27736534137295 66.22373297564822 21.421179046562333 28.21444775613777 21.902803926490424 39.35455087564319 43.41632840369901 6.63674232501272 29.617733563906782 1.8903477343050197 40.32155002842954 12.3562899806199 41.954964504247634 119.79259155924667 105.51843064690976 92.28600767474832 80.60998084643887 71.25955799146597 65.24242478670448 63.51312598945507 66.40748563146703 73.38041235097253 83.41528324880026 112.85600034980166 97.61015608407162 83.1727710299448 70.0455467920304 59.10794299229845 51.7669850302975 49.644678149122356 53.36730190870882 61.888975371526456 73.56033677858619 107.32756261231567 91.19236161761437 75.57509693911766 60.875701855008764 47.945950970545006 38.606795928102336 35.78913953257687 40.86499314116332 51.55327496527634 65.14783184477548 103.43340394410474 86.59716686145693 69.9884335558548 53.81824617208212 38.641139693161186 26.240865055817054 21.971335583680617 29.59066478047752 43.21095420525058 58.80031420698837 101.36211630685882 84.12384768979577 66.9184441998238 49.7799949194523 32.81357813937689 16.556787807855315 8.38074166162689 21.56524368430559 38.191568907376315 55.2344587384159 101.22569079586619 83.96017027586792 66.71351689664947 49.50545332593082 32.397529375170116 15.720157077762252 6.584845921550893 20.935865909931387 37.841434900292626 54.9941027524943 103.03181553067499 86.11930695543195 69.39903970795893 53.05308716094048 37.57319610148072 24.64897028956586 20.052682376385196 28.20212878031101 42.27672797281756 58.120521775944205 106.6818491954599 90.43500982194085 74.66373319981975 59.745820853222384 46.50979642913272 36.81667039228123 33.85972938688688 39.19442983421285 50.24573003131597 64.12309601969383 111.9956040868728 96.6186689408978 82.01232517721223 68.67006781893618 57.47901693648861 49.90790520861335 47.712294613934105 51.583229377905184 60.364712286649066 72.28879488833245 118.74987809871428 104.33861708790873 90.94094493636739 79.07375607144775 69.52522791166813 63.35259045175479 61.579534763849814 64.56951657371624 71.7293581692483 81.9736186829609
