0.0 25.920335047987546 19.455814123727524 35.61553505315621 38.884498498160404 13.182380734025502 32.129590592150244 34.148528882181346 8.215844406559864 15.462109220547735 44.945436698370095 11.233875252670932 61.55436081438335 26.5261754796007 50.26972826201119 20.71306572229635 27.846624139277463 18.803987286630193 39.148341946129904 48.02031357265893 12.743561085078547 26.12095466784357 20.470905516304818 11.77308628400804 79.4633516463966 35.12960044978571 13.046106630164171 19.83601116113489 36.378554135023215 42.76045613598881 35.06362809436272 39.94711179383865 62.13032984163395 38.668513889196724 50.94665766893127 32.56576082509297 30.16815289243961 9.435967591755617 19.309282266401155 32.37642780733476 71.57338988125656 43.422015935381125 32.2959318863885 50.945239078972826 80.88659946367548 64.06112250609449 29.59570062046686 6.54505097801359 40.05775839970129 74.57388579337933 68.40870564406002 38.03341155874166 24.66115905356075 46.525779103582536 78.20464475088683 82.76767494912822 59.97785816147778 52.33545587413468 65.386982134686 90.59092637905131 103.03355982630123 85.60485662688369 80.21967799174055 89.08945071420194 108.7813952411946
25.920335047987546 0.0 13.872653869370524 52.63513805775328 20.275888729211093 13.603486791162466 6.813211821806275 52.39703530356795 20.622119683715443 15.014260586540427 22.809145140976756 15.061719053775784 46.501076184259695 48.4471761368548 31.689616780894188 5.219946701112447 29.881466151338905 8.15624419679498 59.45801193059074 38.47054350894159 14.20793399596148 1.5537834391395233 29.96811699209226 21.3985716099 54.78151194393717 18.42418778632173 19.99845970808042 45.32224387126343 55.64504171942548 62.861027220733796 11.80315808764948 14.033410948267697 48.336219450529484 13.248058268052393 29.420831657987854 6.652378913236374 25.396116895088646 20.937653769941445 44.240466940235585 21.36667983349823 94.32224274631655 68.95780244419744 54.84950359492108 60.46944730788672 81.85008586983348 81.23882903514027 49.79298668021019 27.45498931821956 37.72336266847633 66.98633054666415 76.75999100479082 42.16860554100627 7.69030152802107 27.109860789262335 61.6895674854074 82.3029317409447 51.495320689071164 30.40725104695512 39.903272591749484 68.22593930943718 96.1494981006386 71.41443612460795 57.88011031130969 63.20587341442648 83.87280536549598
19.455814123727524 13.872653869370524 0.0 39.066181198055645 19.492916128183136 14.128579766016072 20.401014795467123 39.04078760687202 18.94763110233034 18.54366871412667 26.0554421447769 9.759082314177691 59.77889870205805 36.31110875354295 30.81792634857915 10.742884082657215 16.552166109968002 13.74856338443737 46.43399721549728 30.715495330272248 14.579618795332005 15.145846236877253 16.20586660608571 9.768205521634851 61.13035265896342 15.68119900396666 21.642981000312357 35.94243414661912 54.85608040875254 49.72154063002074 17.5138877039323 25.322796410529563 61.374433268936826 26.30810138992669 31.734236224107782 19.188254444791927 14.007897340529135 20.169105281963407 34.2284949732345 32.49605172494185 81.72195286770858 58.95176322968904 51.64248038784539 65.21797113590691 90.74483083076464 67.46673057557996 36.98813074349811 24.069225267758167 46.748017090750864 78.65284677943895 63.40476296905159 29.00702625282408 7.583215946090872 40.84674703478915 75.3276994852649 71.30021486947366 43.533869971376035 33.18898085773923 51.98704153603576 81.84515835549415 87.9907325182516 67.30105664954083 60.920254908406754 72.7179806207789 96.22532913633533
35.61553505315621 52.63513805775328 39.066181198055645 0.0 51.94154230516401 45.44423976175218 59.35764302577011 2.9044062591181605 43.39426820368314 49.405534609670745 59.95078729970671 40.10325831262877 95.88573818221957 13.324118739293182 58.53735230956414 48.37455100608229 27.395321550579666 49.29046858774341 9.91782995999793 45.37994537896748 45.3438984510525 53.704983188085805 22.93176153253283 31.834657929372558 93.62192289919751 48.27405740935241 48.37293890163152 26.542140170262392 61.56870108402283 11.991038729485979 55.12111677749935 64.10452628250486 96.83643174859023 65.37414886559286 63.242725786140234 58.25441141199667 34.93771824707041 44.8123156789563 23.927379928082427 66.73233432645303 44.45523978782719 34.628611789990295 53.073955212351585 82.64006441412789 115.05106399796469 28.971846810541923 8.524615693090333 41.24104734858055 75.65601528419013 110.18936001043836 36.23012499498563 23.271914022139672 46.533713782795544 78.63863913808194 112.2387149029822 58.275239602310236 51.047553344246474 64.88840960459922 90.60884363928567 120.84793434040822 84.19853964787798 79.15404813532166 88.52154742317857 108.63469585216458 134.76520947748577
38.884498498160404 20.275888729211093 19.492916128183136 51.94154230516401 0.0 30.6477804749599 21.742134714463138 52.81915270589252 37.02096907469118 33.81359748429516 8.01101230724936 28.3475177650664 62.04297226384138 52.939379714359326 11.838415832668153 22.639792150100746 24.580467228557804 26.93773774448569 60.87769156830585 20.541829806065532 31.249764345163285 21.63788464780231 30.519490978234394 28.804646574270638 42.70927953465566 4.022714831477585 38.26739903999813 54.8477420201278 73.3582002593969 63.70509314790537 9.89749730419007 18.87085104976686 64.48488844605663 23.291592671345594 12.427179809331426 18.921369879815774 17.080633829902883 37.92353553948698 52.86619638760528 41.01416712089836 96.29883271241536 77.13417667596744 70.85656785890048 80.5380728256269 101.71954142261204 77.7203293935104 52.4056806180533 42.97766367097904 57.81541526338531 85.04694799284214 66.34657794034375 33.50853006184948 15.447488311672094 41.82437482057194 75.19828381565273 66.01375002756203 32.85076747017834 13.977897957420094 41.3090948401975 74.91563240708707 76.86541798746765 51.14109767752586 41.440949179627275 56.69315368210246 84.29529101742101
13.182380734025502 13.603486791162466 14.128579766016072 45.44423976175218 30.6477804749599 0.0 19.23702103987224 44.54238115278941 7.027946345011339 4.661787860446408 35.159907219728574 5.8265734798732485 50.442315634167784 38.49464594481954 42.484906861549995 8.78579212204039 29.15993593827879 5.7550444800263145 50.59843802946797 44.74831205766615 0.6255570650889919 13.457662005067453 25.178963283393806 14.28125215972602 68.29974626340386 27.545515890929902 7.7429376609878995 33.01693761887926 42.88397152251707 54.16584189317754 24.396680925416945 27.480842383196666 51.45461223938268 25.695478053518805 41.61341379759513 20.052525984702118 28.042264214314873 7.506683489638947 32.38557129301654 21.375630434295914 84.18266831747319 56.59580191238083 41.403731622949856 51.18861436041035 76.94868769061797 74.40327358447905 40.822248663159506 13.85336813032559 33.35006129004418 66.5386228018861 74.67143770754025 41.30454294789718 15.203851907481251 33.92785203107449 66.82732494982874 84.89198329261909 57.63601625067908 42.80175986601669 52.31529091018375 77.69560743759867 102.11870319663504 80.7087270556101 70.6705335957073 76.61270541706654 95.60044748825287
32.129590592150244 6.813211821806275 20.401014795467123 59.35764302577011 21.742134714463138 19.23702103987224 0.0 59.16799116715205 26.032767214795083 19.382680806988546 21.78874312632225 21.620947511470956 41.46473504513658 55.24242005428487 31.950889745747357 11.78186067940457 35.83512156012555 13.482790422416342 66.26508761302944 41.58872397671142 19.787155307751462 6.108613336458658 36.59272769462866 28.211540480419853 50.5526183294186 21.108196380556194 24.402526203103644 51.76490599119086 59.41320796163445 69.6613987161777 11.904430420618759 8.76385693472217 43.59110895743414 6.565389517621801 28.229214114278637 2.8389907775098737 30.6118446873334 26.061645344688188 50.79792907634735 19.717184205734355 101.12872245831973 75.41739021165112 59.525922051107294 61.59282796349837 80.24217050711829 87.86566083634756 56.6053908415356 32.90596930076124 36.82759813616782 63.43956004611296 82.46544943869795 47.88316807508404 13.412663339479828 21.490826181956592 56.02379852599284 86.41527137284977 54.348114907246185 28.890786577799787 33.32385019849363 61.49082795701422 98.59757863984342 72.02007890081059 55.20053576995849 57.46394232961732 77.14861191914547
34.148528882181346 52.39703530356795 39.04078760687202 2.9044062591181605 52.81915270589252 44.54238115278941 59.16799116715205 0.0 42.08489747708792 48.353651338313426 60.810381112054586 39.36638037153356 94.9273380564288 10.621889449015558 59.880647232598875 47.970453741490914 28.42907879514291 48.636885896357654 8.169464763606856 47.2690817782323 44.404391373109284 53.40386762637867 23.128964216266528 31.293596423930616 94.82796355618193 49.06620373625972 47.051436396408604 23.92457564604458 58.97279337225351 10.909868766274135 55.500801687090785 64.25645210955061 95.78494360006269 65.30045802536924 64.35170035923328 58.19528775336142 35.95292303382893 43.462640566531086 21.382754728337357 65.70668122681256 43.486961265510175 31.891570031418038 50.37721231235419 80.3336146560082 112.97765534972761 29.980911325120204 5.82356044953334 39.54525093682094 74.08504633137302 108.66561328726814 38.93762160760908 25.407373453120915 46.58082259668233 78.03110661950666 111.36775262506168 61.179495347864815 53.40317979157299 65.99747938230615 90.85281321508079 120.61342695794887 87.05805578182263 81.56520572655808 90.1187237286883 109.47424271689341 135.06501818048523
8.215844406559864 20.622119683715443 18.94763110233034 43.39426820368314 37.02096907469118 7.027946345011339 26.032767214795083 42.08489747708792 0.0 7.576705363646704 41.960510752476125 9.19105982917246 53.34149745154464 34.73576716817911 48.80963094996793 15.785325676169597 31.602043659022584 12.62643283915701 47.319985784915694 49.48744361650535 6.416471325362203 20.41269689986807 25.78540870408387 15.177104920214449 75.3233630822824 33.6787156251493 4.9791461865507 27.432572443956914 36.33888880913659 50.9303114198069 31.316131251240158 34.4266850107019 53.94417099353873 32.3795824238547 48.34042758139386 27.01202202155731 32.041420402614776 1.554123920012259 27.234907468233782 24.16351000620422 79.69416320531205 50.703466379569626 34.42897914582702 46.84761419400446 74.82562765933386 72.05416691133637 37.7111884437955 6.87881624787916 32.670416383688575 66.94959084990722 74.9927899929487 43.01488414389754 21.713756998235972 38.56863370988559 69.98883516410427 87.44988104085775 62.09071206697524 49.57658314590056 58.78116117463843 82.74912967735597 106.1243456020915 86.23773864745097 77.50003170841545 83.48831519723397 101.63207734228321
15.462109220547735 15.014260586540427 18.54366871412667 49.405534609670745 33.81359748429516 4.661787860446408 19.382680806988546 48.353651338313426 7.576705363646704 0.0 37.579877214287656 10.438121874398787 46.59513671349991 41.70425402355652 45.61731703469775 11.20659856946149 33.8195313008997 7.020133480267584 54.07675627325392 48.94516219658461 4.447238071197918 14.387324159103157 29.705018279324122 18.757303394183467 69.58994184793362 31.002357765767453 5.049487926268085 34.98974264879858 40.63090788564562 57.67086417795016 26.602679516430243 28.054415722553223 47.44033081798932 25.45279884772659 44.14662457037686 20.80688990006634 32.53132270906553 7.06220581630646 34.708380165356544 17.353567040846336 87.02729258306468 58.276714474224505 40.16746613967763 47.17519807469647 72.33531213481774 78.30354148460937 44.35223301084505 14.058748503862276 28.688466644561345 61.99402954959812 79.2347957332658 45.96173455282329 18.48400058906297 31.07546554764829 63.12337036907177 89.52019884700816 61.905157464365374 45.22661443291107 51.51175011021529 75.20830911220926 106.48232145195988 84.41755943461438 72.86230493254584 76.72195384112948 94.11882119779727
44.945436698370095 22.809145140976756 26.0554421447769 59.95078729970671 8.01101230724936 35.159907219728574 21.78874312632225 60.810381112054586 41.960510752476125 37.579877214287656 0.0 33.93858778412094 59.03323728256692 60.68527385476115 10.832009725654778 26.520508199711713 32.59072926035073 30.56109816105733 68.85396496132194 25.614742219697764 35.78368222922295 23.834376410674682 38.36527461408478 35.71978937290022 35.1926878074594 11.787677089692846 42.394168617652014 61.92071616120598 78.00601431324695 71.70199455945901 11.012474089383874 15.868429463450578 61.742483521991126 20.96957550343259 6.615811667252299 19.062881191569467 25.083342033526794 42.649088939119785 60.076447185768984 41.475668276869236 104.29457235390514 84.56989086521358 76.29885354641306 82.98014014577807 101.70856531336078 85.60610107240365 60.29684912634719 48.35104927966377 58.606709488276586 83.22546068280613 73.289857181706 41.19081622030307 20.41591933695636 39.13799215919215 71.00423469374724 70.75638166803459 36.538987283410904 7.653948401904568 34.30629024088897 68.48440306773676 78.95323008664462 50.507162836194986 35.54101940900907 48.68453789488547 76.62919812781739
11.233875252670932 15.061719053775784 9.759082314177691 40.10325831262877 28.3475177650664 5.8265734798732485 21.620947511470956 39.36638037153356 9.19105982917246 10.438121874398787 33.93858778412094 0.0 55.90191125335076 34.06888720240167 40.020372959596955 9.869599978597114 23.524474033536748 9.325034314318886 45.77232838093466 40.34245406638045 5.992377700193609 15.512983521909712 19.368941586482368 8.535679176943654 68.25286022943494 24.818220691117535 12.31577436068128 30.267781486531835 45.24348972296213 49.29535226051274 23.852185241935274 28.972200559546653 57.02664366166691 28.17946488967759 40.099765693697655 21.693457629390494 23.07058387974119 10.44982262603504 29.19237696042232 27.029650726988706 79.9730929961412 53.89692758360363 42.530940320725264 55.746765364386626 82.47024732943477 69.07281612776892 35.988301449073305 14.632566935636271 39.08857185514003 72.3641564918806 68.84558354555912 35.55426990786664 13.540631798944707 38.696798010506555 72.15529439264745 79.3831136436498 53.025704948173676 41.4317841346402 54.920677218244165 81.91940877113575 97.24637656059411 77.05794549342629 69.38123619582316 78.0022094071175 98.74053459180986
61.55436081438335 46.501076184259695 59.77889870205805 95.88573818221957 62.04297226384138 50.442315634167784 41.46473504513658 94.9273380564288 53.34149745154464 46.59513671349991 59.03323728256692 55.90191125335076 0.0 88.07698522721509 69.83420111047002 49.08408690636226 76.23485369228109 47.04882655915641 100.60783170430335 82.51233242871452 50.54552171910826 45.02258367930094 74.81456948964816 64.38277365569834 70.74015144099941 62.237389854486665 48.57778625028144 79.61723181000829 66.88513789004217 104.21153563954731 52.346341632086286 43.45688909975876 3.3970125878970334 38.75746559303037 63.918806569083905 43.96350262088686 71.82593822500422 52.15795692229772 80.00325670248134 29.256939932455133 132.55676956270636 101.16859763164487 72.75768685072538 52.41263880507869 50.944050485332006 124.8375787239328 90.92022656483624 57.82213928327737 28.550965660731045 26.110556206556367 123.15387917230747 88.61594506671901 54.16222931127169 20.22775437176293 16.722159219450663 127.74463518285812 94.8367193903027 63.75065928127509 39.103982678913425 37.268325062299084 137.98476908110695 108.12064893515658 82.06785533607498 64.61401521276024 63.321315332154086
26.5261754796007 48.4471761368548 36.31110875354295 13.324118739293182 52.939379714359326 38.49464594481954 55.24242005428487 10.621889449015558 34.73576716817911 41.70425402355652 60.68527385476115 34.06888720240167 88.07698522721509 0.0 61.643703797551154 43.552317839462525 30.243772506164646 43.330424359597274 12.819134768927082 51.50414134247848 38.2320765601628 49.207879711067775 22.503337338455946 27.13672773943267 95.62728941427369 48.967588864688764 39.54952695722274 13.327676122271917 48.36936301330593 16.408939865066586 53.70061820035255 61.45394900500904 88.64539789518484 61.67672868864807 65.11856866029106 54.75058491040029 37.20886545559817 35.9475635940885 10.892857700142041 58.869183913706856 45.924585056124975 25.448437358345963 39.762046987542426 70.06610994222721 103.11324410066713 38.45476587867916 4.807071981123891 31.020978363356807 65.54653683869736 100.12617100342263 49.54132859795166 31.45998276296421 43.81726869035289 72.4224467909233 104.7134366064004 70.9629099080637 59.560351161376296 66.73770503330321 88.06356857371213 115.97951516833606 96.0353890484745 87.72728465137598 92.54220925520094 108.75085292994437 132.22760311267135
50.26972826201119 31.689616780894188 30.81792634857915 58.53735230956414 11.838415832668153 42.484906861549995 31.950889745747357 59.880647232598875 48.80963094996793 45.61731703469775 10.832009725654778 40.020372959596955 69.83420111047002 61.643703797551154 0.0 34.42231892215571 31.67150344765845 38.70026027023013 68.049877792867 17.52754951213456 43.0859339556185 32.94511459471771 39.24045879929015 39.60821553896224 35.24092052152519 15.208746189245968 50.10346148631236 65.116179348944 85.1470045577665 70.52127644237626 20.28849855245278 26.678720405412562 72.56368615858966 31.745366046710473 7.140647372235062 29.135119273286882 24.439098711735703 49.7388429650315 62.92778197713698 51.64169647878237 102.89458950953984 86.56492657766982 82.42814011260953 92.14136887593016 112.16232539895148 81.90087766067452 60.41164645429264 54.64592527752559 68.684671712985 94.0414162110891 66.51401547600382 37.24105831762674 27.285887061423324 49.96982968914779 81.51250924666127 61.12698615652421 26.56321372372298 8.339937179608976 42.75931621370172 77.34350674776508 68.15405763399737 40.07155787914939 31.005172065453664 52.074450586919184 82.80708229324941
20.71306572229635 5.219946701112447 10.742884082657215 48.37455100608229 22.639792150100746 8.78579212204039 11.78186067940457 47.970453741490914 15.785325676169597 11.20659856946149 26.520508199711713 9.869599978597114 49.08408690636226 43.552317839462525 34.42231892215571 0.0 27.290794930551343 4.315968360136263 54.824531817785235 38.90082834600891 9.40937121438086 5.681571760237641 26.09462244595685 16.723758616060618 59.54931955172863 19.99573698489038 15.886706812141677 40.11227904279931 51.49194639907478 58.275095205013265 15.653573375425248 19.234158165300244 50.64008521546409 18.325821504565052 33.04140277455038 11.872147185209286 23.97425708597909 16.27844724148533 39.06172727287725 21.94362152703858 89.4697284648267 63.75338925400085 50.18926521489523 58.03650072698868 81.31613531415364 77.17186530478388 45.09971130041105 22.52367660022305 37.087638633327394 68.10664251534844 74.13964915452412 39.7415306779946 7.546169511765491 30.485304948077715 64.78129892997774 81.41517603522415 51.968611843214816 34.174175246191695 45.05378785104235 72.70932027345286 96.69882122870135 73.47082221367846 61.96806299670479 68.38785983345787 88.92995749041424
27.846624139277463 29.881466151338905 16.552166109968002 27.395321550579666 24.580467228557804 29.15993593827879 35.83512156012555 28.42907879514291 31.602043659022584 33.8195313008997 32.59072926035073 23.524474033536748 76.23485369228109 30.243772506164646 31.67150344765845 27.290794930551343 0.0 30.120140026034438 36.567827277049645 22.160111454789604 29.435703253169308 31.297490315461953 8.932652623977356 16.565271628930645 66.41725400212249 21.02204339131922 35.649518213127045 36.01004533432636 63.810918946016976 39.248442451983124 28.89517833801309 38.59183634571031 77.89248186352519 40.927157790224705 35.92263120016681 34.014625707692154 7.5432179760084255 33.10936417940109 33.415053146843974 48.97136967180637 71.82393502053188 55.544411812317776 58.36508044763172 78.24691967034823 105.98808965518245 53.656517680170296 28.74802816116168 34.18651081215342 62.49661658507055 95.06722785488819 46.92043332201218 12.456823784020298 22.442641953056267 56.98268351232583 91.57092653283722 55.91271589650969 32.73209577616827 37.568400981188184 64.39111564503723 96.31138644314898 75.18698931668118 59.791718590681 62.38431814326362 81.2609621947426 108.21123827994936
18.803987286630193 8.15624419679498 13.74856338443737 49.29046858774341 26.93773774448569 5.7550444800263145 13.482790422416342 48.636885896357654 12.62643283915701 7.020133480267584 30.56109816105733 9.325034314318886 47.04882655915641 43.330424359597274 38.70026027023013 4.315968360136263 30.120140026034438 0.0 55.09736019792768 43.011162805763306 6.306176395257022 7.7964211963937755 27.769324083111147 17.48034161400888 62.92838392934572 24.308444153015753 11.89652739532709 38.59417980025261 47.572038071016266 58.61916748127636 19.592444392441536 21.800509050625823 48.368848669349255 19.946073810942305 37.12650830574025 14.391029994284 27.537694694827874 12.82586586315377 37.832569741328896 18.868545755964792 89.1940936667454 62.21699898659833 46.702634771405044 53.72271159210691 77.36883029527885 78.23724058781126 45.313211090376456 19.502724107052945 33.20050089573414 64.95412331538253 76.6561166060427 42.5515133994089 11.83025591904132 29.39610859857711 63.11228113018127 84.97578210537945 56.06247820176402 38.209240382443156 46.60168784841838 72.65201470766665 100.77280840077199 77.78381051853077 65.88060091563322 70.88692481033381 90.02460093994867
39.148341946129904 59.45801193059074 46.43399721549728 9.91782995999793 60.87769156830585 50.59843802946797 66.26508761302944 8.169464763606856 47.319985784915694 54.07675627325392 68.85396496132194 45.77232838093466 100.60783170430335 12.819134768927082 68.049877792867 54.824531817785235 36.567827277049645 55.09736019792768 0.0 55.268531696220194 50.390414311728804 60.37414442730706 30.865345226211808 38.10905359872726 102.97987727202099 57.087862703508776 52.19441385192855 24.995531064552473 59.25615796469956 3.612589744435054 63.22859457189644 71.74589610213172 101.26403687126279 72.52683625535836 72.486519758051 65.46115882728871 44.078159128178314 48.58422376537021 23.075225156104846 71.3580717871557 35.52131380969509 26.204875592708557 50.064655954763786 81.98223312201006 115.45798291908183 25.795296381834394 9.787699083788274 43.8298407673088 78.36558543404315 112.94303506432837 40.99280227744799 33.18887934068111 54.01321975679773 84.42859958577856 117.19122522448359 65.62578406608287 60.85840991450768 74.13185283099286 98.39766345563574 127.52823907862395 92.43510653619418 88.89535142338279 98.26097064403844 117.48512016149158 142.6358609212304
48.02031357265893 38.47054350894159 30.715495330272248 45.37994537896748 20.541829806065532 44.74831205766615 41.58872397671142 47.2690817782323 49.48744361650535 48.94516219658461 25.614742219697764 40.34245406638045 82.51233242871452 51.50414134247848 17.52754951213456 38.90082834600891 22.160111454789604 43.011162805763306 55.268531696220194 0.0 45.23475325058397 40.000944143829955 31.078198576576376 36.25411574622559 51.33239365673075 20.48236026809428 52.35118654900377 58.1695308151388 84.3938061256336 57.204781953631866 30.174213650659524 39.40118206058736 84.88638743527086 43.79948613101225 24.46972135319185 38.8700533304882 17.852570194405313 50.79094162803168 55.560822610049044 59.837057272662804 88.73571918118601 76.95130043295048 79.7729134158626 95.92013911427811 120.13479410093939 65.85126792665184 49.15619677812526 53.768791258525866 75.89890106236585 105.00005946485146 49.007513123655166 22.348020538005024 31.495687562285166 62.28458301770502 95.71628315887946 45.49921684177408 13.073610972167046 25.81691212230419 59.640252147738515 94.03328920099956 57.8077465734456 37.82600055264069 43.757347246898405 69.23462229699294 100.33438481714259
12.743561085078547 14.20793399596148 14.579618795332005 45.3438984510525 31.249764345163285 0.6255570650889919 19.787155307751462 44.404391373109284 6.416471325362203 4.447238071197918 35.78368222922295 5.992377700193609 50.54552171910826 38.2320765601628 43.0859339556185 9.40937121438086 29.435703253169308 6.306176395257022 50.390414311728804 45.23475325058397 0.0 14.040338975532132 25.28046179299814 14.349854669444538 68.91676971906087 28.13045864100456 7.193279730161697 32.57867187773027 42.26451727588712 53.96403310806784 25.022234468420294 28.06400259685723 51.51831613910365 26.228595518962027 42.23495304790531 20.63802753420763 28.45329863849572 6.881126722572158 31.987772201970557 21.421083912162516 83.87232118428253 56.13740722530466 40.78078927661675 50.69081882793587 76.62158643593241 74.2921576334308 40.621242222366966 13.25508313767186 33.1083133634354 66.41893460463156 74.79929859002452 41.53313350358666 15.808766713397238 34.20062643786228 66.96490431424441 85.21380809204098 58.10466220989143 43.42497129891798 52.82160708881989 78.03418417334616 102.56024315993851 81.26156781839138 71.2954150307236 77.18409731815 96.05461168881452
26.12095466784357 1.5537834391395233 15.145846236877253 53.704983188085805 21.63788464780231 13.457662005067453 6.108613336458658 53.40386762637867 20.41269689986807 14.387324159103157 23.834376410674682 15.512983521909712 45.02258367930094 49.207879711067775 32.94511459471771 5.681571760237641 31.297490315461953 7.7964211963937755 60.37414442730706 40.000944143829955 14.040338975532132 0.0 31.13874116435468 22.269900344354685 55.225406634898995 19.89805015006487 19.421932415076384 45.68694130035053 54.97331979440784 63.80099284218996 12.878967148888844 14.023720297224054 46.8311705986927 12.66740179925837 30.449930766700874 6.599795469806032 26.916403887757866 20.614611967844375 44.69513806365495 19.837676109372847 95.1161467148464 69.33801501403576 54.435623830393396 59.27488350103092 80.36531803303005 82.380905993779 50.67602619822321 27.282723053614603 36.269487320912624 65.4327580885488 78.19732312490972 43.616958243698974 9.21472050056181 25.733974164827348 60.286135252391915 83.8554876154701 53.0182681831404 31.38419005394867 39.41870972211958 67.21263745370362 97.65923206512436 72.7564474868549 58.68955707099712 63.168156404945684 83.25116379836444
20.470905516304818 29.96811699209226 16.20586660608571 22.93176153253283 30.519490978234394 25.178963283393806 36.59272769462866 23.128964216266528 25.78540870408387 29.705018279324122 38.36527461408478 19.368941586482368 74.81456948964816 22.503337338455946 39.24045879929015 26.09462244595685 8.932652623977356 27.769324083111147 30.865345226211808 31.078198576576376 25.28046179299814 31.13874116435468 0.0 10.962122366323511 73.15557530463157 26.590186651833783 30.3854814640096 27.11275396625632 55.5833714303267 33.976456086948424 32.385571293016596 41.183794851060476 76.12001374256813 42.49093594905199 42.62454716214787 35.37017026980262 14.908486882649973 27.339390823069927 24.561476811769474 46.302651862439895 66.37745168688268 47.35150046868431 49.731049197433336 71.40731100719266 100.59644640142781 51.27764395574345 21.95225945060607 27.004726715521322 58.06425302729475 91.69791894448754 49.541880293733 17.564426172922765 23.610850743072557 56.579921536844786 90.77419683827564 62.297507765567865 41.49694727352401 44.24746476171135 67.73849709126155 98.05097747230342 83.12075622321825 68.71887308202068 70.21589905935761 86.7930124151168 111.93992623507519
11.77308628400804 21.3985716099 9.768205521634851 31.834657929372558 28.804646574270638 14.28125215972602 28.211540480419853 31.293596423930616 15.177104920214449 18.757303394183467 35.71978937290022 8.535679176943654 64.38277365569834 27.13672773943267 39.60821553896224 16.723758616060618 16.565271628930645 17.48034161400888 38.10905359872726 36.25411574622559 14.349854669444538 22.269900344354685 10.962122366323511 0.0 70.85732837456314 24.846057380096465 19.558830124678963 26.20704378986848 48.1513830114006 41.55196304847172 27.206059435512753 34.36229654429917 65.54666835028887 34.58011688331338 41.19114614615222 27.6178757045612 18.401868056066725 16.71460724880273 24.460374974893824 35.56532990393236 72.94194052892578 49.19766487205714 43.76199820893474 61.681710931440925 89.93871889665624 60.76293758951153 28.407206294021268 17.794785632278156 47.12949886567902 80.75007846588635 60.50390635657106 27.854010121382807 16.906209650180767 46.804324790592716 80.56252579752933 72.29310327546928 48.23941897072844 42.69204663536245 60.934396618113524 89.43271816228877 91.5901495357728 73.89497625187876 70.19215670950172 82.39034856876019 105.09119627625029
79.4633516463966 54.78151194393717 61.13035265896342 93.62192289919751 42.70927953465566 68.29974626340386 50.5526183294186 94.82796355618193 75.3233630822824 69.58994184793362 35.1926878074594 68.25286022943494 70.74015144099941 95.62728941427369 35.24092052152519 59.54931955172863 66.41725400212249 62.92838392934572 102.97987727202099 51.33239365673075 68.91676971906087 55.225406634898995 73.15557530463157 70.85732837456314 0.0 46.70951791394545 74.63583099295383 97.06327685415295 109.96197851354547 105.5767055766341 44.40157693021252 41.800672912083506 74.10297586307216 45.604135046477445 30.56307399854504 48.80495469365575 58.93890886638282 75.71222062304429 95.25894446745973 66.87621420978131 138.04892446460286 119.75326421297893 109.6303163233131 109.96086328136364 120.65902319676448 116.93744770749007 94.90611494294592 82.06522610454978 82.80675531189392 96.81912426007985 99.38363540391857 72.42101233313049 54.838843714542485 56.25472642439187 75.60879196678204 87.55537552498127 55.26262207366497 28.927724438794268 31.85139418985076 59.89199955191614 83.9106882523222 49.3432825500887 14.945558109078092 20.17012955100055 54.63655177218398
35.12960044978571 18.42418778632173 15.68119900396666 48.27405740935241 4.022714831477585 27.545515890929902 21.108196380556194 49.06620373625972 33.6787156251493 31.002357765767453 11.787677089692846 24.818220691117535 62.237389854486665 48.967588864688764 15.208746189245968 19.99573698489038 21.02204339131922 24.308444153015753 57.087862703508776 20.48236026809428 28.13045864100456 19.89805015006487 26.590186651833783 24.846057380096465 46.70951791394545 0.0 35.25072939514017 50.84348740851267 69.99578707399465 59.96731198391193 10.036787651645916 19.9165847462028 64.5244703547686 23.77101318080483 16.442641701269945 18.406995886704205 13.651186506616655 34.66057034530935 48.8496237757964 39.659550139589875 92.5530036730326 73.11332185659582 67.22963086477783 78.03111424004891 100.2629163825208 74.47252266045189 48.51172397378228 39.43909955935109 56.14554537164002 84.52234281843414 64.19750818322095 30.686067997668363 12.522041067686038 42.033561435870475 75.97164663587768 65.51053461549202 33.32237895717963 17.99945751853742 43.95939877249099 77.043661307779 77.8272264067866 53.4753794295529 45.35382939286862 60.40809612027663 87.38490094603009
13.046106630164171 19.99845970808042 21.642981000312357 48.37293890163152 38.26739903999813 7.7429376609878995 24.402526203103644 47.051436396408604 4.9791461865507 5.049487926268085 42.394168617652014 12.31577436068128 48.57778625028144 39.54952695722274 50.10346148631236 15.886706812141677 35.649518213127045 11.89652739532709 52.19441385192855 52.35118654900377 7.193279730161697 19.421932415076384 30.3854814640096 19.558830124678963 74.63583099295383 35.25072939514017 0.0 31.568393539770316 35.675698105737524 55.8065551867276 31.464296278072933 33.094204707477395 49.09587808196733 30.386864680541734 48.92712839766669 25.856376891070585 35.34018200429483 3.6110760818008845 31.623196148875227 19.5425011907204 84.19614931096262 54.443468346022925 35.12865273568041 43.5750450559361 70.4157522945086 77.0142775188745 42.62551813308374 9.875437570457628 27.80229046410326 61.99406471296803 79.76673220465301 47.37618719317326 22.828052086286263 34.53378221450059 65.2601683177068 91.56180838877586 65.16725917135246 50.04782663520338 56.19256717085715 78.77328627541789 109.51521785410362 88.45126113109582 77.77149270867194 81.65734131754586 98.39804131032776
19.83601116113489 45.32224387126343 35.94243414661912 26.542140170262392 54.8477420201278 33.01693761887926 51.76490599119086 23.92457564604458 27.432572443956914 34.98974264879858 61.92071616120598 30.267781486531835 79.61723181000829 13.327676122271917 65.116179348944 40.11227904279931 36.01004533432636 38.59417980025261 24.995531064552473 58.1695308151388 32.57867187773027 45.68694130035053 27.11275396625632 26.20704378986848 97.06327685415295 50.84348740851267 31.568393539770316 0.0 35.04831640604572 28.31788256665643 53.15666413677562 59.220908715189154 79.77809728443437 58.32775477435005 67.27220278394977 51.96072512959023 41.59235016432282 28.233335604408015 2.892648561541544 51.0260934579412 52.9691430729499 23.65249108576091 26.608240863117896 57.02108872755959 90.49673236056222 50.713095732192215 18.101805599371776 21.872016904009485 54.990429632937726 89.24327453206905 62.76045931836696 41.01444064587888 42.66520090779409 65.97939325909229 96.33829581111681 83.10730209302358 67.99183590439496 68.80206524250339 85.08423447994123 110.18029802889802 107.12373216696803 95.65366331017763 96.01266745038829 108.08293580444548 128.60827890895
36.378554135023215 55.64504171942548 54.85608040875254 61.56870108402283 73.3582002593969 42.88397152251707 59.41320796163445 58.97279337225351 36.33888880913659 40.63090788564562 78.00601431324695 45.24348972296213 66.88513789004217 48.36936301330593 85.1470045577665 51.49194639907478 63.810918946016976 47.572038071016266 59.25615796469956 84.3938061256336 42.26451727588712 54.97331979440784 55.5833714303267 48.1513830114006 109.96197851354547 69.99578707399465 35.675698105737524 35.04831640604572 0.0 62.225029149114754 67.12356582932867 68.17348339317371 65.556842844952 64.73795266064457 84.49103048529444 61.21378119826606 66.54374958752622 35.46349493221185 37.648054089001825 46.34939078244595 78.89012083876517 44.29522994174152 9.764118270278894 24.969240997044672 59.55201396014343 84.228971098742 53.15011733331889 30.825119376995744 38.34421219486391 66.2208943247946 97.74326227811383 72.53666111067058 58.00154611449748 62.14162664214388 82.1813508951278 116.62413020082265 96.29031249880768 85.65730067455362 88.30195004078828 103.20856527894814 138.69612584714963 121.88304265168547 113.44135363228781 115.22590513245345 126.80568435218983
42.76045613598881 62.861027220733796 49.72154063002074 11.991038729485979 63.70509314790537 54.16584189317754 69.6613987161777 10.909868766274135 50.9303114198069 57.67086417795016 71.70199455945901 49.29535226051274 104.21153563954731 16.408939865066586 70.52127644237626 58.275095205013265 39.248442451983124 58.61916748127636 3.612589744435054 57.204781953631866 53.96403310806784 63.80099284218996 33.976456086948424 41.55196304847172 105.5767055766341 59.96731198391193 55.8065551867276 28.31788256665643 62.225029149114754 0.0 66.36192233839887 75.00596026311406 104.87405842806609 75.88655989320392 75.15366353466332 68.80523222299863 46.78693590871693 52.19627598870375 26.507377934671222 74.9599230194713 32.59389665448585 27.08714271284085 52.914152989615914 85.21117859577126 118.81424751713848 22.395478960548427 13.34360920499842 47.42784399046558 81.9487822653235 116.51892333074642 39.41649793256674 34.93573711217205 57.290353681245335 87.96986416322719 120.78924974754572 64.95083319109352 62.13706833409154 76.79974717392003 101.63743623890821 130.98441546873397 92.17514370252977 89.99683209273728 100.48532334964143 120.37386917166945 145.86683753333122
35.06362809436272 11.80315808764948 17.5138877039323 55.12111677749935 9.89749730419007 24.396680925416945 11.904430420618759 55.500801687090785 31.316131251240158 26.602679516430243 11.012474089383874 23.852185241935274 52.346341632086286 53.70061820035255 20.28849855245278 15.653573375425248 28.89517833801309 19.592444392441536 63.22859457189644 30.174213650659524 25.022234468420294 12.878967148888844 32.385571293016596 27.206059435512753 44.40157693021252 10.036787651645916 31.464296278072933 53.15666413677562 67.12356582932867 66.36192233839887 0.0 10.036365785156438 54.71472465372643 13.74367695219616 17.619609735945915 9.068158478644994 22.242306621322143 31.903310527114645 51.59546046565775 31.432016815408982 98.70813973405915 76.38885747417054 65.74182888329109 72.13520920571716 92.08560458710309 82.47897957114304 54.05324581293951 37.88866874623204 48.41668700818523 75.15069172752172 73.84474170980374 39.80471480585461 10.518427495813047 32.12027189863998 65.93662844225693 75.45969409576749 42.70035191778035 18.63659245795678 35.583324841092406 67.67474668405927 86.7532532608222 60.31959782358523 46.32055038124047 55.204578342904945 79.65117782191253
39.94711179383865 14.033410948267697 25.322796410529563 64.10452628250486 18.87085104976686 27.480842383196666 8.76385693472217 64.25645210955061 34.4266850107019 28.054415722553223 15.868429463450578 28.972200559546653 43.45688909975876 61.45394900500904 26.678720405412562 19.234158165300244 38.59183634571031 21.800509050625823 71.74589610213172 39.40118206058736 28.06400259685723 14.023720297224054 41.183794851060476 34.36229654429917 41.800672912083506 19.9165847462028 33.094204707477395 59.220908715189154 68.17348339317371 75.00596026311406 10.036365785156438 0.0 46.05552608848353 5.162051282050938 21.618762609259687 7.431407140963006 32.18782935516952 34.57467825484664 58.01981737110164 26.826640088529434 107.03631966547692 82.813597646436 68.22153048199925 69.60624632825562 86.2012115622037 91.94090334045939 62.30607411082461 41.30119655063494 43.86747774749348 67.36280259369977 83.88065189839344 49.7785336968853 17.739592100000966 23.373829286989725 56.32788581151741 84.88437422077855 51.43674942996359 21.931032712745615 26.665520785335485 57.75793106253949 94.66414150103301 66.22346685227484 46.95327960997342 49.17812928089402 70.90261886671948
62.13032984163395 48.336219450529484 61.374433268936826 96.83643174859023 64.48488844605663 51.45461223938268 43.59110895743414 95.78494360006269 53.94417099353873 47.44033081798932 61.742483521991126 57.02664366166691 3.3970125878970334 88.64539789518484 72.56368615858966 50.64008521546409 77.89248186352519 48.368848669349255 101.26403687126279 84.88638743527086 51.51831613910365 46.8311705986927 76.12001374256813 65.54666835028887 74.10297586307216 64.5244703547686 49.09587808196733 79.77809728443437 65.556842844952 104.87405842806609 54.71472465372643 46.05552608848353 0.0 41.24920638196342 66.76443828960353 46.165983999877085 73.72335385871843 52.699422063532225 80.28534328022 30.105130518354134 132.7472352707766 100.94519569894042 71.78335605120428 50.10570314735353 47.572327896687256 125.74345490903364 91.63065189550032 58.10150011891032 27.390514792468263 22.793514879133966 124.77872128470732 90.3145210947765 56.02275240175772 22.698843226138955 16.93454493139128 129.9876180776102 97.32191630592332 66.64200874151626 42.492195304221525 39.558101473174965 140.68580216326296 111.08838204950746 85.34362692651209 67.97950445682022 65.98229865804937
38.668513889196724 13.248058268052393 26.30810138992669 65.37414886559286 23.291592671345594 25.695478053518805 6.565389517621801 65.30045802536924 32.3795824238547 25.45279884772659 20.96957550343259 28.17946488967759 38.75746559303037 61.67672868864807 31.745366046710473 18.325821504565052 40.927157790224705 19.946073810942305 72.52683625535836 43.79948613101225 26.228595518962027 12.66740179925837 42.49093594905199 34.58011688331338 45.604135046477445 23.77101318080483 30.386864680541734 58.32775477435005 64.73795266064457 75.88655989320392 13.74367695219616 5.162051282050938 41.24920638196342 0.0 26.780813875916824 7.121150909426166 35.05595697658334 32.30945301856631 57.36169425301097 21.98500049784746 107.52202149975622 81.98019722652914 65.38575604440905 64.99706284026676 81.0476155752114 93.66560701690942 62.91765584216398 39.22814272075067 38.908780915899946 62.31989706189084 87.00842758800675 52.601376100618694 18.926078827925654 18.556442216334855 52.20478935366788 89.17799927562973 56.086016248204224 27.08159769305148 26.75874997167557 55.619191992605636 99.59905274886164 71.37800097153533 51.61855277552403 51.27318220490618 70.62727299735215
