0.0 67.0867764594997 34.62673460222708 72.97047290318366 69.0549648984128 32.82907948988612 24.84614632886102 52.31483966468144 29.776954364578536 73.65166699069206 9.9967943052826 36.472563884129286 39.78135376558211 39.853024908424935 44.38487038262882 15.841251511771206 43.18390209647227 97.64857412226897 32.025035719171946 87.00411285220848 8.156416965634403 68.54923376005706 8.375534075608341 20.71444894815662 34.99578635187401 29.750974080220658 16.79231177587941 53.2931105570393 26.88285953847264 8.95288497422034 17.786873129510003 34.90512433129113 50.65139184306247 31.606324552119833 44.51464720024131 10.064122020042744 42.917945190762474 103.62077916279331 39.78588978841212 84.91762677115456 63.07807079494003 53.05200657481412 47.422469628780135 47.76995590857345 53.97915882128999 64.37571999027512 77.28790266926428 91.65865649845458 106.901363696976 122.69146932939576 53.33372897508966 41.05295546411048 33.539707976657546 34.10553067878015 42.428419573459344 55.09866336842624 69.78726943558267 85.45976596193427 101.66212949689537 118.17662163829927 45.96782510322986 30.93935206060314 20.003949019544013 21.018666848074552 32.895632613019565 48.178551692499184 64.48980501271683 81.2121232769711 98.13559442360177 115.17157951372312 42.243535803064766 25.104199614283832 8.639378796491293 10.852207162228414 27.561121914424124 44.723304760023034 61.96326365452022 79.23024424652917 96.50974391527106 113.79605988080365 43.11516482449974 26.53830834112106 12.180284323682784 13.825700258522737 28.855741090925363 45.52879028709886 62.544390963008304 79.68339903442148 96.88034097396451 114.1090268014648 48.33470024997595 34.34276291344464 24.92625733636668 25.72784618034787 36.072658030294406 50.391091173478266 66.15132882940318 82.53148106053814 99.22501322770317 116.09682148012325 56.71408076542767 45.33921847569911 38.64594482096875 39.11623594444297 46.533400069762216 58.30387014456741 72.3327848884721 87.54101215765594 103.40953724517128 119.67598974118043 67.07932647408862 57.73151154513789 52.582498191162045 52.87353886873406 58.52352872753219 68.21360584661326 80.49775733501815 94.36833237158304 109.22259692095732 124.70954055830431 78.64904475503917 70.79021996063747 66.59977741709355 66.77198192951313 71.27521938540102 79.37574147559157 90.10855608445749 102.65129094428842 116.42042472434785 131.0299017796769 90.9646720955903 84.20572584057328 80.6555572360223 80.73856275527491 84.44402922963947 91.33211145653183 100.75215653834245 112.067486203744 124.76348757972698 138.46088311605885
67.0867764594997 0.0 32.49422987974965 8.02941447284148 7.491886201239197 35.7621439155017 72.39976286909244 15.847015234500077 62.721147346733325 42.58411489921803 77.04887134956157 36.48910863433944 55.08912013779262 30.573841385757785 39.01689474810239 82.77330483875214 63.864825491629524 42.33970890456452 51.256893008543294 26.5301689839663 59.54440693306267 2.5853079170157667 61.92466698217367 48.593900615020395 33.679295296288466 40.58779169657201 53.25572569896758 27.506280807424346 60.07731236274512 61.6219161785627 81.25913669766332 36.43315107099891 60.62396795390285 40.7831082273871 28.303353519747045 76.52378477826869 60.98010298511656 40.35249686691462 57.02629241222896 19.453705462446557 125.32470503901311 110.97912644361845 97.59684209003619 85.63067752260135 75.75469983932467 68.8740040260634 65.93310687125796 67.44933655102382 73.14604356333552 82.15818063294941 118.42183495917422 103.15776021939212 88.64545277757392 75.32071036203708 63.930453053845355 55.674918527406795 52.067173782156814 54.046137009085406 61.07110260046433 71.6733878594413 112.85900556686457 96.75144104032827 81.1371308546958 66.36514987245758 53.142625888437934 42.9261075526052 38.20823455173836 40.93646443177625 49.90416322755985 62.48010362755131 108.84196128092593 92.05616989214131 75.50374166101213 59.380150760709995 44.15767559471202 31.1850770970292 24.368595840788416 28.528207147503988 40.405438407954904 55.22726693303306 106.54574574254387 89.34219281695053 72.18567705691571 55.12013788374018 38.26748360976694 22.119766650614213 10.624543514374645 18.308218003387495 34.00314458088639 50.7538167005357 106.08219651493941 88.79141516601021 71.50602730722896 54.231190468905986 36.98169334172618 19.823794023938817 4.127168632518921 15.485405279647948 32.577224816803515 49.814324457823595 107.47503612933183 90.44337339569317 73.53799231872007 56.87161823149101 40.738651539111245 26.145871971717426 17.501075283859283 22.97130327213541 36.71220553093439 52.59851156501024 110.65416665973697 94.18220811211748 78.07010221358851 62.5963433723616 48.377395101721014 36.89378429257829 31.315157534880356 34.624206458306 44.897005063991706 58.57777107351896 115.4721010306724 99.7735391412726 84.7019227180043 70.6595776577226 58.393832901365414 49.2504531016483 45.16722422597629 47.46843963768594 55.36362508694429 66.90076836324538 121.73435155802554 106.92708080035658 92.98518899677896 80.36035491811566 69.77122915823422 62.26522866007027 59.03041155414888 60.75291583785248 67.05177539560816 76.80925003423724
34.62673460222708 32.49422987974965 0.0 38.733064858839086 34.62467130760163 6.586724896489213 43.96991156626968 18.504535904091046 37.353415510697104 48.46282551642401 44.610297312092726 15.45002903133834 35.76067692863651 12.286883388229056 23.734075422527198 50.38371331236894 42.416699994439256 67.02537347683338 26.046616171062503 54.28794211705997 27.05953798497723 33.92250860166635 30.04902340165943 17.88935196455242 8.420467984221958 11.539445131522317 22.246938541324425 24.451370972671864 32.210970314058756 29.33278446990146 49.61918325651085 13.330169079906767 45.925846049972634 15.736576262233877 14.841091728330104 44.21781794668375 40.0680655903956 70.43029605277614 35.34012754972848 50.81252978306874 94.74423812498281 81.69760720329394 70.50691201499787 62.1823730296553 57.97212816558619 58.76721047757887 64.38244842650043 73.72456549997727 85.58166103445726 99.05466726436975 86.77564788696576 72.35095822340877 59.48120266544615 49.39706479546407 44.05486097566236 45.16963322971587 52.33034475296776 63.52431363731948 77.01244113370011 91.78887721628357 80.51661125096693 64.74847303925516 50.00514079424723 37.514966642982216 30.214907083696062 31.893851592910504 41.47534448660182 54.97181007208465 70.15913964931725 86.14765882711946 76.38861475886267 59.561940335548485 43.11312330690555 27.723103343990786 16.646678641210144 19.605248112909457 33.0201755049152 48.93884571784651 65.56219675249395 82.46517482431467 74.7456329300227 57.44954567725627 40.15849280881914 22.883889104977023 5.775275422164055 11.90583141048929 29.135157914250776 46.41852670584949 63.71197223548349 81.00904135013322 75.74955949071328 58.743893128844526 41.981032126359864 25.936113788191246 13.478493983362554 17.010892489070255 31.5560451907198 47.96780560403407 64.84404076265086 81.89811800004965 79.29991596071021 63.23611808973923 48.04005411366078 34.86541518446045 26.87113249046014 28.76158123721972 39.129395060712376 53.23251608699842 68.81135217845636 85.05888440826246 85.07846091140183 70.31591156654956 57.00013998668866 46.39407428097343 40.67566753207543 41.89648387294138 49.54620493627842 61.262085478222694 75.16625201161709 90.25294120657075 92.66922750354814 79.29308815922886 67.71928131569813 59.01785681139087 54.58033448111054 55.4402158217915 61.37524971425474 71.12611442593939 83.36441781549736 97.15465655526678 101.66701068029437 89.59903271930301 79.48888582491516 72.16418763769467 68.52406648507716 69.15284593225816 73.94170146829853 82.16644713011243 92.91913448863377 105.4291078212999
72.97047290318366 8.02941447284148 38.733064858839086 0.0 13.642843102615611 42.67839588471968 76.1147798838588 20.688170283102213 65.72270610663132 49.315037616838445 82.84420561424321 40.15581664110549 56.83073976506953 34.684518330273264 47.01105241350466 88.4575334328122 71.84470978965057 34.46157745737673 58.956683876255255 18.518624233857857 65.70145564659032 8.917334874032143 67.26462190087875 53.651960389816175 38.56591913308676 47.69432635514351 58.306568019263246 35.52114707741475 67.6085940198687 68.06231866813228 86.2755122957975 40.53068455899415 60.93658547837075 44.835070781633526 36.08580654306515 82.1172275714733 68.96564574816404 32.59897469531673 64.97079445818713 12.108055320201258 129.4847229119626 114.59720816933778 100.48602619311973 87.527467047709 76.31099661104314 67.70800254309555 62.801860655827184 62.4697405490412 66.77992180045845 74.93558644570915 123.26085083640962 107.54846194592847 92.40567176377954 78.16423012349485 65.41550089434129 55.20354004679735 49.136301247236574 48.78548510583323 54.26207887612761 64.08919597746836 118.38662086250613 101.95206283380635 85.85896598173913 70.34208391547256 55.88347972845198 43.550265791666966 35.62296733197061 35.214681024053114 42.54244380380574 54.57428970700737 115.03379628787843 98.05708177552133 81.21773096691457 64.62321486673247 48.525369810784525 33.64483125438626 22.53773201377052 21.9689689756154 32.49666707091181 47.20320627786901 113.33752875985853 96.07074139803022 78.81936733369582 61.59635839682135 44.43471002908357 27.449752817567862 11.456342823186764 10.378826464524899 26.13246397568817 43.090656700271914 113.37222304598316 96.111481347141 78.86879030594005 61.65929509115466 44.52150724307001 27.589380067287266 11.78543707497654 10.73929750260858 26.277021214384117 43.17805607251846 115.13631388375128 98.17677757975066 81.36153860246782 64.80302229259355 48.763458239504715 33.985724171553926 23.041168855925864 22.48272456435315 32.84450901190832 47.4421971184414 118.55260056600058 102.14386924522123 86.08558861275488 70.61724101378968 56.22782682367304 43.989202193861345 36.155759285208546 35.751021927530985 42.98534433702609 54.91859162602257 123.48398480270086 107.80295242894952 92.70038041254374 78.51080455452512 65.82730635673222 55.68863456751362 49.67812099277898 49.32858520567487 54.74856033777567 64.49963044316362 129.75777389033834 114.90423054281982 100.83441306412541 87.92536533674725 76.76493491133088 68.21682303770058 63.34752568240909 63.01569190481221 67.28848485321325 75.38698370922077
69.0549648984128 7.491886201239197 34.62467130760163 13.642843102615611 0.0 36.62201072151504 76.65686871872578 20.707418152080596 67.63113669957171 35.697705051986674 79.05050827649697 41.27466234008492 60.904398785704906 35.16918041179728 36.22285279176129 84.88061082636248 60.9234267313831 47.76758745179284 49.807189155974115 31.539236889639238 61.20960196052439 5.171081313382685 64.63738164535319 51.81540488246348 37.439711013614435 40.921336534292706 56.41101885296299 23.7726467609234 59.051745264657214 62.82812662302622 84.1773971263955 40.86077596847485 67.12960519598307 45.14682589793258 27.094368863177294 78.79113391755254 58.010290342772485 43.43113790698855 54.39936167876024 22.532500125982995 128.93865209900756 115.13026214919519 102.38879661758767 91.16271845770113 82.07620821230407 75.9016062210977 73.37772723484473 74.87466217776183 80.16748950249607 88.5783543798014 121.36473705179642 106.6202840161432 92.7634989661262 80.25549657433032 69.82491628290803 62.52031150974372 59.50425180303123 61.41187855836849 67.82903425173964 77.6455611150035 115.02026921172589 99.37312487147324 84.37462263182121 70.44032454807956 58.33785290416533 49.43151041094454 45.6327376195317 48.16557530998348 56.18008480190665 67.75828062157196 110.1180560108074 93.68242957762662 77.62420768595885 62.236213587042066 48.16516998837143 36.94765992616206 31.76608574769613 35.380043656816255 45.750622184755585 59.4407270067481 106.85685277899726 89.84453075419326 72.96851694008193 56.351408676775755 40.31463869043012 25.957098510966954 17.916022744340594 23.80984704588819 37.57054430298915 53.431215778655535 105.38915805434118 88.10195416607533 70.82194255085248 53.55608547859712 36.32457244381792 19.219998985012207 4.2491981672191805 16.29160935782253 33.339029862827395 50.559656004003706 105.78966710719075 88.57847323555816 71.41114266617343 54.32927199127808 37.44998551926874 21.261377137187836 10.015189575607764 18.635316170973738 34.53924025567122 51.35519786907199 108.03759933045471 91.23931870744923 74.67137679143939 58.529706733869446 43.293757673930095 30.359235192945228 23.827037043940106 28.50408833688643 40.69335614526152 55.66081423779315 112.02176290080168 95.9028130022559 80.2778322715548 65.50128091126106 52.297341063207035 42.1700438477769 37.68713240095892 40.75578405279541 50.00454532898972 62.75812145015305 117.56572035017861 102.29536744736646 87.78203889034958 74.4696653240593 63.12270832799289 54.97201207431257 51.55645903389227 53.78582877071764 61.044760928247065 71.8241661887387
32.82907948988612 35.7621439155017 6.586724896489213 42.67839588471968 36.62201072151504 0.0 45.91945596963534 23.44774523356856 40.818251977951675 45.025782326160815 42.76134994459975 21.530435796219614 40.870095195935725 18.85795683710191 18.21283563585713 48.64867820260502 35.83277613620577 72.53479085286678 19.52589289098751 59.17144945161922 24.790281277303883 36.81007858524129 29.77617579006386 19.825721697602603 14.639757726621417 5.323566622983538 23.467690053831973 21.823741863250756 26.198161174848543 26.20663785414534 49.14889374865835 19.275545727239212 51.48011672705839 20.893801208458125 12.232150689821532 42.79353531261825 33.48223416188196 74.9450051277088 28.753664374105032 54.77414907116705 94.7473976699591 82.58296087553757 72.53630630120938 65.5879583466666 62.77530622734656 64.64048350260818 70.81482462436999 80.3105280095044 92.10600781128628 105.43218997769934 85.93983285746653 72.35891866361537 60.70150961812763 52.270788696978016 48.769861118631994 51.21977428239965 58.882366825764954 70.0678449063857 83.37010602031323 97.93032312214238 78.70237314440611 63.63705183564224 50.03991271521104 39.459080492243295 34.767123444852686 38.199402908621266 48.04522414471024 61.287848829932294 76.17588158824493 91.91320431598629 73.50042425242425 57.10994785072623 41.46675068548341 27.859435960138004 20.77297336317396 26.183891296167978 39.222281871393484 54.67988768914709 70.99369219075483 87.68711441648354 70.78426835548638 53.585816245338584 36.48534144526636 19.739147897535286 6.841137384266154 17.397751100281017 34.01875523341603 51.09386512644761 68.28326135393674 85.51805593169917 70.84045435516437 53.65967403673102 36.59323168914891 19.936949025190778 7.390034550830033 17.619779457894534 34.13230125379218 51.16917717595694 68.33936449877108 85.56264448091841 73.66263796284072 57.3176131349245 41.750984357427235 28.27882581838664 21.32957243038376 26.625564895617227 39.5171118315138 54.89075445396116 71.15545725410774 87.81750762238167 78.9547313598498 63.94746574886958 50.432277618364274 39.95320205463606 35.32434800089439 38.704886611459834 48.44620121492051 61.60120173575118 76.42701863160214 92.12045254400398 86.26328633156695 72.7410333378763 61.1544188576473 52.79365125816442 49.32725345314126 51.74831307437496 59.34053868629111 70.45149260120775 83.69126442078861 98.20256780336885 95.12455991687669 83.01343425713485 73.02378059619868 66.12419145726449 63.33276211642406 65.17946545414223 71.30484257473292 80.74089626881937 92.47971660674432 105.75725759647162
24.84614632886102 72.39976286909244 43.96991156626968 76.1147798838588 76.65686871872578 45.91945596963534 0.0 56.559097958971876 12.108623035051393 90.78726567124251 25.585307744846045 36.01730233714931 24.903678537819665 41.82644407151651 62.30359358479046 26.787807476586174 66.96255583549768 92.70561422937088 53.447592152967225 85.78309080070532 29.036467398285556 74.49647892303848 19.57913837606528 26.241543706879927 39.250886967452985 45.517648840151395 22.496419198638044 67.67747099142628 50.55745635504915 32.33031418397922 17.980746856267775 35.97083760840983 32.399391457989864 31.625099636361796 57.958981613600386 22.714738915983826 66.27567750975099 102.41973127580815 62.56229229198219 86.89148481949873 53.54026196119213 38.58027186115475 26.627545267921995 22.9853436179825 30.762589936635447 44.3064207773903 59.82049789739589 76.10936919549643 92.76578708759065 109.62234029864825 49.181951176779954 32.292247404487625 16.29194280797824 9.315513707554194 22.513183425825027 39.05920246810445 56.063467642225646 73.20735446550563 90.41147232922737 107.64694676005126 48.71759484575446 31.583806709927522 14.845305750707514 6.4763274455702735 21.499209039894055 38.486395249589876 55.66778877484615 72.90621545971308 90.16897058321386 107.44432845530379 52.25111937612278 36.77880957432277 23.9560830984951 19.844866520730992 28.50360087986218 42.77620278954914 58.701477946722825 75.23719311084855 92.0549763307807 109.02437265704025 59.06932814837341 45.9153148817171 36.41366220949767 33.79943035620367 39.46588693272523 50.7091610306544 64.68376794441696 79.97042391072446 95.94402330126331 112.31184512619113 68.19392493153372 57.13258259529792 49.76499770257896 47.82970211743205 51.93754151808822 60.877240732435055 72.89218795787687 86.71335593229139 101.60631640903618 117.16306319183929 78.82791734650475 69.4291863065517 63.44823155240943 61.884077767626756 65.05609036278359 72.34393909289439 82.66614162716111 95.03910372646865 108.7651889158269 123.39366361081233 90.4403158802428 82.32274108954344 77.2871395709052 75.9490320176133 78.49773413693434 84.58261253711454 93.51592217931791 104.57017900205665 117.14649909158413 130.80660319321095 102.69962980914762 95.57180264556558 91.2107381136303 90.01945246549096 92.12100024352878 97.30225762091658 105.10877117814177 115.00718241311345 126.50740698214148 139.2130375421584 115.39972496248488 109.04671284446403 105.18524131611221 104.09296204589862 105.85563212499994 110.33650939656219 117.22429827763436 126.1252839614595 136.64661996444013 148.4441665585884
52.31483966468144 15.847015234500077 18.504535904091046 20.688170283102213 20.707418152080596 23.44774523356856 56.559097958971876 0.0 47.061173789378735 47.86633546672088 62.16636331955788 20.72909060375473 40.28507749360993 14.741100640551203 33.408929125463196 67.7698523647197 56.819169187791935 49.16908933574354 41.85284829119408 35.82965196697817 45.166684878409555 17.959042930351288 46.60041585652508 33.051065590249316 17.99731425892838 28.739978296390166 37.71587193359369 26.020193811551312 49.49870795186775 47.72362685008942 65.72706713662475 20.588997739851987 47.183247916706094 24.937828462160063 21.16714684463542 61.42968817831529 54.118706277083184 51.92907324908228 49.63282566571508 32.605423963802615 109.51030323460091 95.13661260136381 81.9032439368296 70.45569845826553 61.794557131939776 57.19988553508093 57.65227044625875 63.04315536417196 72.27580755074696 84.0942509565171 102.81578437715774 87.3845691217988 72.79934688812172 59.683594709957504 49.22623925563255 43.393759559289954 44.06266775696152 50.97767741630017 62.085691454079075 75.55956031807354 97.70893901879916 81.34312133705058 65.46051869142347 50.518958023327244 37.65581264773788 29.70630954179357 30.751892967395875 40.094918750572134 53.555910898579455 68.75738628475877 94.44773631826611 77.41389447441597 60.532303100643034 43.97864116349032 28.333629091088067 16.437174189426898 18.337921152063576 31.640014349047092 47.587962372980904 64.24056597336437 93.22611688887783 75.92558764208282 58.62588545832724 41.32804896328168 24.03610648193504 6.795203961008537 10.645598963591636 27.914088845540427 45.208157817158195 62.50657812363623 94.12354628533308 77.01985497137548 60.029883777812444 43.28774220312691 27.254047329257187 14.506907276534513 16.638221472326826 30.690768333842655 46.96518817382681 63.78281376355069 97.08126378189935 80.59155206592976 64.52855826242542 49.31106852084644 36.02690947301035 27.622545393091748 28.753815436160934 38.59104650828355 52.444884587284676 67.89972789636158 101.9200187496215 86.3336980106234 71.54040861707209 58.14858709234118 47.36234537628398 41.277485404389886 41.99018106867742 49.20594754854125 60.64635772381855 74.38710640377018 108.38811527436553 93.8486642357027 80.41056500730765 68.72295898005676 59.82081709252731 55.07189995713913 55.551751663361905 61.137378104937326 70.62761379821477 82.68881182202263 116.21373525903974 102.74809962194293 90.59471398017583 80.35124727769335 72.82811400903066 68.92195553309804 69.24758647338379 73.74897303521902 81.73912360945683 92.31656485259552
29.776954364578536 62.721147346733325 37.353415510697104 65.72270610663132 67.63113669957171 40.818251977951675 12.108623035051393 47.061173789378735 0.0 85.64483838651795 33.95335238265199 26.35955091390858 12.864994888651033 32.46547714895244 58.546585079015784 36.61377561696921 67.70102099600687 80.72377071822889 52.4931748747828 74.3050258903619 30.829531715114662 64.96837144618358 22.06574305602926 21.492120516432976 31.03025369310827 41.79539984135862 19.626503206178953 61.78063113295362 51.79209111737763 34.882248432778006 28.930295879558443 26.89336631928248 21.671364171725735 22.78112132573978 52.08734839948348 31.357411934823954 66.51496361893874 90.83724243576415 62.31709872221817 76.04564103113363 64.89349764958129 49.137348608461956 34.87840245457911 24.844271488016425 24.83311563709211 34.854560350236795 49.10914436888593 64.86360059787671 81.25008457098247 97.9519103509131 61.21242605915349 44.18594322004852 27.505403773631073 12.625770454432658 12.688030055937064 27.591218134533523 44.275023590133586 61.302473799787265 78.45012465471567 95.6533533494607 60.69338653613802 43.467379569975876 26.34107998109629 9.849131580867027 9.943429069545743 26.447148444813504 43.57459157008242 60.80092014576765 78.06069587877009 95.33575447865093 63.41407678528675 47.17548571741506 32.06898232912248 20.737035935876534 20.744675172801184 32.08380110714888 47.192275806215136 63.43156434193124 80.11696244077469 97.01857473362405 68.99224730027863 54.41261690290197 41.95526012806711 34.03620293425108 33.991037812291985 41.84526826941477 54.271268504599796 68.83620397124649 84.4404148063214 100.6014543207503 76.80775873321014 63.99235788915433 53.75234604691866 47.773531518512925 47.68656721642149 53.52018164166032 63.66721105795042 76.42853168537903 90.70738623630317 105.8916528833073 86.25447081679648 75.02251149106667 66.45010190925433 61.65671233591421 61.53193989716193 66.10222687667792 74.50855311715773 85.62849932098705 98.54770734416452 112.64882008997402 96.8561512513817 86.95272897110435 79.61862874886 75.60529704024378 75.44456087602495 79.1598921143376 86.25184752640965 95.97478737643767 107.61795551751958 120.62659248493682 108.2739351381056 99.45950842945703 93.05813883141185 89.58858849192809 89.39288435273723 92.49181021883602 98.57513247125536 107.13567624727045 117.63385612392277 129.5996515646908 120.2754893460691 112.35031896410523 106.66609741389934 103.59237344806749 103.3622981020946 105.99439058064858 111.28575080921479 118.8818201584099 128.37413028597425 139.37578275824055
73.65166699069206 42.58411489921803 48.46282551642401 49.315037616838445 35.697705051986674 45.025782326160815 90.78726567124251 47.86633546672088 85.64483838651795 0.0 82.48313177377797 62.50298470910876 83.70970878645572 57.10410170883611 29.284578373688262 88.17149401338604 43.479383178558436 82.77332955577013 42.99948702636781 66.47537724205984 65.76027624102781 40.71548443384779 73.237734471139 64.84696164825564 55.94193205453912 45.42181947904067 68.29351069157322 24.133120932096695 51.673102044788436 65.02071677283894 91.34007966216251 60.87282269382266 92.88325901383841 64.02764336898349 33.624012421026215 83.48671054532932 41.08229031003361 75.35983488379479 40.22708305920941 56.19209714992716 136.66751310491097 126.18288805418933 117.32388261982507 110.4822416739559 106.04913066806996 104.33202099044072 105.46365815285338 109.35563943585474 115.72980886460189 124.20459548850363 126.09134880276558 114.69901260438003 104.93508556889242 97.29108035448685 92.29523223118635 90.38771438598283 91.76132831765884 96.27573567938664 103.52085118247439 112.97251621902778 116.26701525104092 103.85448987289062 93.0170746414732 84.36398615693527 78.6198004543583 76.4431080262259 78.13263968445824 83.45390872490997 91.7773678892495 102.37333885972053 107.40118685054549 93.87134748886663 81.77615314416607 71.84387912937389 65.07258344001707 62.49826929475235 64.62445834405364 71.03028910102836 80.70302178490664 92.62476926990156 99.7499116839079 85.05360767418277 71.5324366298469 59.98637192410968 51.75463416748918 48.55328530477971 51.33227917094941 59.256107455432705 70.61353745170894 84.02356268772313 93.61159817739757 77.79869241448581 62.7761856538902 49.27240754208614 38.90242306999058 34.60830265231481 38.48088382930798 48.60586326907016 61.99184772180728 76.9555465167713 89.29888684747255 72.57691007112288 56.20708197263159 40.61743169454117 27.18505023446894 20.663728130876095 26.714488007737504 39.98811803512446 55.52609119751793 71.87458193642946 87.08349894245964 69.84584037110454 52.650360193215626 35.55830173187612 18.853079268073582 6.722927634360204 18.2666443640165 34.94075298160407 52.026488674281126 69.21970969946827 87.12560291767673 69.89808818886647 52.71933353294477 35.65987760596729 19.043081699299695 7.236324851831394 18.460855373961994 35.042193309449125 52.09434508422686 69.27048155301988 89.42200945250454 72.72765441652807 56.40070087120515 40.88371069350096 27.579484057586196 21.17757023884941 27.112034617357853 40.253531031335115 55.716626776895396 72.02117492637656
9.9967943052826 77.04887134956157 44.610297312092726 82.84420561424321 79.05050827649697 42.76134994459975 25.585307744846045 62.16636331955788 33.95335238265199 82.48313177377797 0.0 45.52362227703376 45.570550119283524 49.33801389941879 53.37062626617968 5.903412659368621 48.733442463732004 106.72525190180467 39.97449577646738 96.5468028285899 17.980746856267775 78.53141094178406 16.372273510647194 29.934856605190312 44.64240154126516 39.477949082152726 25.60703753083237 62.883888069190114 33.242382985518326 17.563727733095703 11.40980327236616 44.14150653239466 55.59198275508376 40.549377185626 54.30632744095205 2.906924925464738 48.98440286700106 113.2224863346121 46.51086948039264 94.74917911584522 54.29201968702661 45.87846453887606 43.13638931053649 47.06768662930407 56.29112393677752 68.70748584366812 82.89421605378604 98.08612524976836 113.8816462154249 130.06104408905549 43.80670173847703 32.87762875096608 29.009641644451936 34.65385440861159 46.46428115631403 60.95636720064224 76.62334802193199 92.87252393822773 109.44488760964491 126.2131951328636 35.976949317220125 21.426791309288962 14.919330254518094 24.182182913689665 39.31516312431283 55.72520666891608 72.55086347426425 89.55819029643072 106.66031892506071 123.81797261664671 32.765432652376575 15.470911507411166 1.9591402979201928 19.158313088785338 36.454866506039565 53.7548809449182 71.05582847800662 88.35716098796613 105.65868935811726 122.96033091107147 35.450364450856696 20.534525863543053 13.613150785459652 23.402600396156974 38.84273735746516 55.394471697591946 72.29833644691867 89.35470955921197 106.4903352276125 123.67227491396699 42.93952220200088 31.71841324269595 27.695175716304327 33.56631682077637 45.66270184174892 60.350450716198985 76.14447656485211 92.47970354877356 109.11333407493342 125.92717587815282 53.24272638588429 44.63758215555672 41.82038481289793 45.87025668815519 55.298474923629044 67.90042140181309 82.22966703994415 97.52781179522883 113.40341715533984 129.64451777087666 65.03591538769834 58.14654515091329 55.95595906340558 58.98996707499384 66.53766824396833 77.28780365664538 90.10131026486944 104.21989180167589 119.1806351752369 134.7032292552715 77.64296406831537 71.91355146979141 70.09548739590791 72.48368971147869 78.69614125023836 87.92593174660524 99.33552109551763 112.26224423463354 126.24090723966427 140.95889929626492 90.72508516631581 85.81435055581709 84.23682782960955 86.17576389544502 91.4076589882255 99.41396621555889 109.58828383290076 121.38667943877775 134.38206224406696 148.26000834912904
36.472563884129286 36.48910863433944 15.45002903133834 40.15581664110549 41.27466234008492 21.530435796219614 36.01730233714931 20.72909060375473 26.35955091390858 62.50298470910876 45.52362227703376 0.0 21.268294276481587 6.141473797874992 39.18091718068375 50.601044039801145 56.48167028523946 61.22276935490069 39.80972173273558 51.47352980342831 31.144466255309506 38.675715409446944 29.17034491974342 15.761564001780624 7.0344550388144516 25.414401299632914 19.916584746201387 38.411381213958855 43.99707107326151 34.833896166650995 46.914816636569995 2.356669635915367 30.68709959355036 5.018416507490304 29.429502961661132 44.172923848127766 54.372660266064834 68.24187255940627 49.65108596900848 51.23939206011231 89.32992631705358 74.57777779042327 61.17645652422283 50.21929324550191 43.59014434384859 43.32353450994468 49.52233122168401 60.22207755843661 73.48224717442926 88.15490549324291 83.44903040584612 67.45665670004885 52.30458843381584 38.985240668696 30.043927664207292 29.73442062229098 38.26674183609686 51.4126528443197 66.48975706766359 82.44528062878221 79.66584367421903 62.738592008778305 46.09043022160449 30.186704700088843 17.229598810466797 16.768827078148885 29.397969315450762 45.2327336123907 61.858486338551366 78.77599270079018 78.2851356479175 60.98397253056713 43.68341733107042 26.38466592071796 9.098013172725482 8.252920304360524 25.537445943653225 42.836026881769236 60.1365351065576 77.4376788917656 79.43230598629303 62.44313871229217 45.6893055422817 29.57350909845561 16.13644851366581 15.648969028488384 28.776869591006047 44.83345788625542 61.568517924238044 78.54959314654457 83.00259259839758 66.90613089979324 51.595932633376115 38.03367080764727 28.804338291544937 28.48735916609491 37.310578910519745 50.70837113862767 65.94928693245853 82.01212062051687 88.70384216850213 73.83014960362038 60.26703568744268 49.11257899745035 42.31643257980816 42.047838732862566 48.41555786369471 59.31961707291845 72.7480097410419 87.54675378288434 96.15768804923948 82.59850818437184 70.69246585348554 61.40874932558742 56.06552283110205 55.806359837523374 60.696419480131304 69.65959710204496 81.36069192353258 94.7911573039192 104.99142237721325 92.6891494765302 82.20734836273229 74.3203058098114 69.91178458218526 69.64551262203008 73.56648197671903 81.06939712044318 91.2751722279376 103.38644503669013 114.88707347983895 103.71673118566216 94.41377317214766 87.57534107081358 83.806919317315 83.52507797175261 86.76380084960749 93.15661644951935 102.11284346819065 113.0247316997133
39.78135376558211 55.08912013779262 35.76067692863651 56.83073976506953 60.904398785704906 40.870095195935725 24.903678537819665 40.28507749360993 12.864994888651033 83.70970878645572 45.570550119283524 21.268294276481587 0.0 27.059039591051107 59.073552764088255 48.83046047263885 72.55638382461368 68.56176976370621 56.30509548898926 63.30841506191044 38.653384739613 57.52380896095526 31.465741106921072 24.996335267105977 27.803359275041533 43.39262467220628 25.55354831108473 59.58604351727877 57.69576699238607 42.901945917828876 41.6326848623665 22.839942819897217 11.526895428401554 20.06419615524653 50.37302079393734 43.181555909754024 70.92932390135189 79.54441914880016 66.40290658340942 66.21644402399241 76.58115195459199 60.20968840657269 44.547183485900106 30.698660724219128 22.3399914781434 25.58229668120616 37.53057184459536 52.54850119382143 68.65025395188316 85.22371144675179 73.74188470179736 56.571657962547185 39.516486469469 22.835634743960387 8.949470288121953 15.408864842302144 31.519620969012493 48.458778248540064 65.58759917589077 82.78844384919948 73.55683472864735 56.33133762365671 39.17326494009266 22.23922656231067 7.303090752643632 14.518970191518468 31.09629046577929 48.18580175186089 65.38713271456854 82.63047974698553 76.04538349836577 59.529894232337675 43.628292341734564 29.355733809147825 20.464651274489878 23.969906666554113 36.455761258284966 51.789962943846106 68.07414798577251 84.76255432485647 80.96133333478006 65.66668344557672 51.65459362238165 40.28633363925727 34.29997408454647 36.45127809336063 45.6027524980885 58.55966448371706 73.33188584575447 89.02024807334432 87.89828413223358 74.01434752894954 61.87763075329808 52.70921168156328 48.232593394969186 49.73135224614132 56.73388747434432 67.5497064441165 80.65912195334134 95.11849099164081 96.42093242919736 83.9155683927176 73.38490113359111 65.78418881439025 62.19702540806187 63.30936051962459 68.89394006238494 77.99595831336663 89.54919729878982 102.72995010156279 106.14790930746548 94.88513003266654 85.66027282956681 79.18877427118153 76.17563120594113 77.02776641264617 81.62421207722939 89.3892185083931 99.58432589061267 111.54518693932057 116.77854064491201 106.59358073922203 98.4166099797516 92.78006548341337 90.16166451897266 90.82282044327036 94.69486493139854 101.41066976342037 110.45272384700509 121.30193004933986 128.08789601618608 118.8225549366082 111.48879062543064 106.48643917003045 104.1519728003703 104.66406053974937 107.98221204640288 113.86136784325551 121.93163852787917 131.79111608262946
39.853024908424935 30.573841385757785 12.286883388229056 34.684518330273264 35.16918041179728 18.85795683710191 41.82644407151651 14.741100640551203 32.46547714895244 57.10410170883611 49.33801389941879 6.141473797874992 27.059039591051107 0.0 35.34184308867813 54.67642030150206 54.64358778702881 58.09519117929742 38.153140047339484 47.20883160326866 33.643343482697425 32.69713364390121 33.20517520700795 19.45961858722265 5.321518025396186 23.54126962497811 24.003987379015317 33.158839439072764 43.555104148799344 36.92980275127186 51.73892251861973 5.881170528050074 35.78368222922295 10.228799475543854 24.666209865708023 48.25266869532501 52.33165629388835 63.89885416694738 47.59970200120197 46.0907319818306 94.91237181756605 80.40643965917735 67.23641306776335 56.34693811478455 49.273949678197056 47.744835199582 52.24862628782511 61.473336488503854 73.66631345677986 87.59670579784962 88.60240556792367 72.88706401100994 58.08071957811758 45.087957729641786 35.93307580450343 33.88445071679997 40.04789786067307 51.557931540997856 65.66060116617697 81.01306589137768 84.20823363370044 67.50289173093934 51.19536975056869 35.832988813663164 23.361335628161907 20.154717287669218 29.41742624985065 43.855091118154284 59.83197120582736 76.38829917804193 82.03834582777223 64.78854239739306 47.57660888061718 30.466795794142403 13.843085860056657 7.331429129525362 22.684402721235557 39.675280053731 56.85408529427013 74.09021277290694 82.26896223571276 65.07898076977459 47.96955902684823 31.074052084350253 15.12706505469074 9.52747321783957 23.482560745896986 40.13479583816941 57.17417493303839 74.33494458251191 84.8805157508893 68.33590116992772 52.28384060103307 37.36463236870376 25.63869499215019 22.74380738945149 31.23987888989951 45.09202209205976 60.74011890364453 77.09828011862203 89.66517368927725 74.16949482733452 59.67488333197817 47.11450504973881 38.4339513869846 36.51393980575443 42.28562555827286 53.306543738426015 67.0358727064711 82.12634170163234 96.29950403092552 82.03180828263095 69.16315404018314 58.62224319184421 51.84876209183242 50.38573287859095 54.6612407344893 63.527014829627944 75.38045636088228 89.03620613248067 104.4314973872557 91.40070373932525 80.00583105902601 71.03851578643153 65.50344883588106 64.29328313567204 67.6405504566364 74.93700847008783 85.17370353145424 97.42821803873606 113.74027242199905 101.86119939875097 91.72372598991224 83.96108307288985 79.27400978413925 78.21737261726562 80.93348952379957 87.07000441702257 95.97304416807636 106.95395429407067
44.38487038262882 39.01689474810239 23.734075422527198 47.01105241350466 36.22285279176129 18.21283563585713 62.30359358479046 33.408929125463196 58.546585079015784 29.284578373688262 53.37062626617968 39.18091718068375 59.073552764088255 35.34184308867813 0.0 59.130999563975855 24.859159242831627 80.57270989322723 15.310487643406795 65.3484019720589 36.475874117735735 38.84430382074094 44.13695154155213 37.12407241282533 32.14705159134637 16.87585380620986 39.99631792711517 12.803518765416891 24.8591592428316 35.83651400629931 62.05589306618483 37.05534676119491 69.56707032698252 39.05523509534576 12.242669889900935 54.26852330590307 21.966952815956077 79.19470569702617 18.17887665593881 58.15852949892107 107.43921934543054 96.94574645952405 88.61405664810347 83.096965595405 80.97185760180469 82.5012674612522 87.4937593132391 95.40722237528499 105.58692921032326 117.44506177021155 97.11834104248716 85.42203864423912 75.89841084299078 69.4471339526666 66.96216561302356 68.87416349113923 74.84691532212828 84.01882308923638 95.47227920436171 108.48705509099372 87.86710307940689 74.78911105387859 63.75652344717037 55.991760583998165 52.95243191803454 55.421499982673744 62.752092364683584 73.50379142170222 86.4088504251083 100.64229394810015 80.05733680606455 65.48252770278003 52.58756356900301 42.9144311383442 38.94292115165891 42.31028203448575 51.59917609756858 64.29227116917401 78.76054494579145 94.18947339271823 74.14606525910105 58.142877845495704 43.15391110703769 30.7023841498777 24.934379682306545 29.992011216456593 42.14295590580113 57.01970954964268 72.9738060587895 89.430509409015 70.61179970266872 53.58472287447506 36.81483141085184 20.929742379792035 10.93112246589974 19.990942415288796 35.756106288907084 52.49831914676855 69.51518472621743 86.64503055446141 69.81651857542677 52.537163556468585 35.27994331193399 18.108252334129215 3.139548067646917 17.04459675413696 34.203703774922836 51.45854625135768 68.73706547163644 86.02499586729357 71.85123946535487 55.200443109822785 39.118913483958096 24.7427167195432 17.112183818207882 23.919945762138532 38.08166148379342 54.10151793917901 70.72798393220451 87.61639883440118 76.49042545020856 61.09111654668265 47.033740027160924 35.92951051283938 31.11905517865942 35.27846807215889 46.037526742832604 59.942024260174556 75.26850284734275 91.30365608188156 83.30000100706313 69.39200653870988 57.36126366091591 48.62182801843093 45.128187918305166 48.038818924047185 56.37026251765912 68.1629552086846 81.93579207456757 96.84762865667994
