0.0 41.753642745204615 27.671478275144196 17.076482704366605 53.56828056843068 25.56594615522734 29.527973030110548 16.240684446646014 73.68326082732045 29.42659070776696 23.942532316353514 19.296591778704023 7.515025954929722 21.554322083363424 39.1247030067879 31.494680013865853 15.776649920362303 34.8596505408843 11.31282205898949 20.02467794633649 37.50384406103569 44.96029356880311 71.5100630244646 33.389503159866514 56.19689133431586 22.64789153910119 25.315332724206918 64.20068379957814 36.95050037262063 24.69748136469103 16.066246800530507 10.74240560859149 27.21008440043719 43.30677379493937 24.91359587603384 36.81258635267206 21.831983127286616 38.74706071490653 46.74888554507517 43.98375252450002 100.29220726234168 72.66499103908487 53.820797370577246 53.92549266755531 72.89747946401214 89.13414051717416 56.44459003336456 28.669362071096398 29.201313987028474 57.25683361003823 86.11951119905757 51.599630041756 17.41629765981067 18.411600157557135 52.626044968302864 92.0520650879077 60.90830162791633 36.61821140718706 36.97024865787795 61.542983716127935 105.43183551424801 79.54765724360423 62.72615491063047 62.73829892792493 79.57638280568322
41.753642745204615 0.0 33.438557555402866 33.64220838971904 76.27664190312316 41.37168093079275 33.876231707263216 25.78371000974221 32.755626960696326 29.361165442064557 39.95601359619637 25.4259661197438 37.920899917427505 31.218423981414972 79.77809728443432 33.469253777785795 44.63500441145177 20.191618088171282 36.098994904608105 22.18368768876429 8.84139268024802 4.449895086733285 29.76295803640714 16.638808951912853 81.38858686644845 48.15192514287251 17.114441274658066 24.927762234331063 10.72478910848767 55.329405993404286 57.81128985657383 33.73222244185215 25.619690918839417 84.57291520440155 64.40660446295847 78.52290162043566 35.58739634511142 6.501855391993251 33.91132006984599 9.462510734976991 58.56421655134969 34.31835732840164 36.33961555672431 62.11458353333119 93.7587923097401 49.786041285042096 15.341524725938722 19.670514316134092 54.16041141340821 88.73908650610821 55.933057151027676 29.652223167933933 32.013176375372474 59.709917524319756 92.19840945397623 73.3437203616697 55.761892695454925 56.870678062660716 75.85484398114238 103.28813422590396 96.07759787928525 83.22041681508674 83.75615787450592 97.4642161780679 119.90903273558541
27.671478275144196 33.438557555402866 0.0 10.630539489612014 79.97442512217062 47.074169419846314 1.8719554115601775 19.787155307751306 64.7289004251591 43.00106783341621 8.036503943494104 30.036321610815783 20.161526920368104 37.84269337546819 54.48182056644382 47.030225710138694 17.81541662460769 41.29874987926329 16.35865949597182 19.2673306577082 35.63750844379965 37.87574309865784 59.44247013719092 17.117124420257795 83.19367234613517 47.998457844958054 20.219684273927477 58.192931202983345 36.5031393960412 51.80024074864472 39.132058549002764 29.59845845655466 38.6238983288566 66.76684100760426 51.618387859787866 58.75958663063122 6.29355249807452 27.289596205708996 19.787155307751462 41.03040812456811 85.82350523558073 53.410944812638135 27.104011674823298 31.802033274960596 60.687351568568374 82.54648322489983 48.02131262856 13.893347411254839 21.791232180994037 56.13861914580231 88.5948178394077 57.72049413695155 34.77216255823195 38.48876829814972 64.40886143813711 102.32777917037036 77.00322778666249 61.50449988641534 63.48931911413293 81.69313003726951 121.15927449356134 100.49588197390555 88.96053937108651 90.12899429992943 103.57217984751838
17.076482704366605 33.64220838971904 10.630539489612014 0.0 69.54707216295789 37.51837870700365 12.498743834579214 12.099147574829335 66.30915469503343 35.38121897500365 9.380527252026729 22.199848919544944 9.595524109252077 29.182644995571806 47.82629257163528 39.01430726465372 11.114953579373472 35.916011727456855 5.791141690372969 13.530253143971287 33.101908669927 37.78259730927849 62.29070398730487 20.105195668674888 72.64638319935058 37.668640731929194 17.117106755053484 58.38134575047662 33.438283622792426 41.20736641270832 29.67584458388083 19.729187569588827 31.401569729550612 57.669728065619395 41.38994914687294 50.060041484515324 5.426631975974953 28.583396274536756 29.8235796496227 39.30242801960619 90.05825710167805 59.51936791856636 37.00610805895215 39.889601419677504 64.86709459059391 83.39489612697214 48.96318980649465 15.327518766479765 21.617708633791988 55.628872369851464 85.93888261689632 53.14337780794835 25.64743649254105 29.76925808676649 59.2407949812515 96.96810588400615 69.4478552868629 51.361485440138814 53.364841494944756 73.84048325502098 114.04630334026585 91.61679551518995 78.58404655114218 79.6994652665969 94.4631906858776
53.56828056843068 76.27664190312316 79.97442512217062 69.54707216295789 0.0 35.52362163406556 81.83455164856649 61.93948615228678 96.99172991243847 46.952308284241674 77.4351304753611 54.149205526133755 60.70096554614661 46.268312041571434 68.13050337102015 43.071465863644995 68.8927336040686 56.864254855293254 64.23721826553471 64.49798296828979 67.70065497161633 76.52017481246709 99.81455030192019 78.60624615232865 6.234248960292122 32.02378922969295 67.9332790185126 86.16502148401337 65.92358809790825 29.0084642433421 52.230954719487066 50.739763382432464 50.72547813724678 50.72934766244568 39.38771284705855 53.96145686734465 74.80412014386422 77.77750639044045 96.97051790486653 71.24800778829855 126.88157307247825 110.36661932912018 103.23416578533221 107.37057584948872 121.63154763019061 104.97525165740053 84.54771307599108 75.30983535945263 81.17616650604185 99.51036079534762 86.78428211461173 60.762370851360814 47.407069791668526 56.54737206127113 80.88628297479075 75.06169119060647 42.57039631640002 19.623120549419724 36.77964297247373 68.66778337562691 72.99417444886188 38.84510751941668 9.197185260979014 32.48210305815442 66.48638044929668
25.56594615522734 41.37168093079275 47.074169419846314 37.51837870700365 35.52362163406556 0.0 48.84737084716995 27.67292866606368 66.44279202650797 13.194006600526494 46.550288865171694 18.799316099162162 30.599037243233283 10.749558106458334 58.36571014564437 11.152000870367148 40.82300072957374 23.53829667895627 33.2801590974448 29.652078778574115 33.20010943710133 42.23709148261564 67.48357913213596 43.26995256993173 40.235995248757575 9.091324897734607 32.596312957890795 55.65265070836998 31.574312081552343 16.716592060129205 34.71615759219707 17.824609400044455 15.864496733348677 52.70456578446396 31.6930792168182 49.93130514095036 42.94087103344401 42.35222252718808 62.312947944050606 37.79437299179519 95.89849339430795 75.68575052367095 68.22688295370342 77.30617835598251 98.449712007837 78.15457092927386 51.65570746520101 40.290319622091936 54.526417285812 81.9620222641903 67.92112876803742 34.45552722316879 12.4875314536793 38.9813415609921 72.64986579788876 68.64426247633592 35.84733533052439 15.902128296842886 40.19419700877476 73.30156080648439 80.02747295942723 54.42288845568329 43.75068010241305 57.10700564161548 83.68461650234634
29.527973030110548 33.876231707263216 1.8719554115601775 12.498743834579214 81.83455164856649 48.84737084716995 0.0 21.462085895708206 64.75643957568165 44.54580528285568 9.05938751799543 31.652632666109724 22.015605838938637 39.5262758887298 55.68713128314154 48.61657365686972 19.29035974434652 42.54914935568198 18.215710817347333 20.7604863015124 36.50313939604128 38.32475804833104 59.25248872913349 17.355416384397586 85.06349096391821 49.85227015905849 21.376153425485736 58.48779620004684 37.44323435725644 53.67215893775141 40.804323463435374 31.420526525211493 40.13145382001513 68.35055757387642 53.40139800160482 60.28567587812363 8.007451943118623 27.611086739620458 18.15125096954608 41.72922540559538 85.31625896991265 52.59958789114202 25.48360975501237 30.44597188954135 59.99454275808349 82.66647008065421 48.22538448501111 14.576824841981125 22.229116420836935 56.30841048952728 89.30564027911456 58.79582621113693 36.51345904869887 40.05431214850913 65.34749321708665 103.46040328064254 78.48844582969339 63.33716479686585 65.24979690251402 83.05573299008611 122.55309924888982 102.15670991160584 90.81531184339758 91.94315958606505 105.13973829151344
16.240684446646014 25.78371000974221 19.787155307751306 12.099147574829335 61.93948615228678 27.67292866606368 21.462085895708206 0.0 58.220737826864394 23.51557562258294 21.359041518372713 10.355232139958153 12.347557167982846 18.06421601322664 54.08699013966578 27.370570219666625 20.96469638145391 23.97496803654409 11.449255761867223 3.789630300477095 22.839520603015167 29.29626164171902 55.51959700076067 18.06421601322648 65.78312119958645 30.09370432403372 9.074909614401134 49.28232915358694 22.761811138518294 35.40977091091305 32.173641864653575 11.457234856399666 19.380971972688915 59.51767086926645 40.382303525537516 53.02014604447164 16.941794607516417 22.506376912767625 35.031063521577 29.332137950669527 84.18266831747319 56.59580191238083 41.403731622949856 51.18861436041035 76.94868769061797 74.40327358447905 40.822248663159506 13.85336813032559 33.35006129004418 66.5386228018861 74.67143770754025 41.30454294789718 15.203851907481251 33.92785203107449 66.82732494982874 84.89198329261909 57.63601625067908 42.80175986601669 52.31529091018375 77.69560743759867 102.11870319663504 80.7087270556101 70.6705335957073 76.61270541706654 95.60044748825287
73.68326082732045 32.755626960696326 64.7289004251591 66.30915469503343 96.99172991243847 66.44279202650797 64.75643957568165 58.220737826864394 0.0 53.26916233058576 71.94097717678376 55.477262049642036 70.51006754968161 58.58286747271069 112.304702652994 55.80339853388826 77.35551390295828 43.086940891054745 68.83546145480881 54.768509831574534 36.33719660933888 28.93429805821677 9.005082754211386 47.67424381768125 102.89721694854381 74.91665715462231 49.83186192176023 10.890510690376523 37.20131006722361 82.63320290773889 89.69202489614588 64.49487168788319 51.569478059148295 115.36087264283726 94.46037854054518 110.0130441978024 67.8109947989072 37.889337252524754 58.22073782686445 30.073891158596684 29.894375278126777 29.332353898405284 56.76216483185575 89.3215695481074 123.00237914408486 18.227214113896398 17.43826389746164 51.67986852298277 86.21124417807052 120.78411519846073 37.22271568859252 36.71149083819979 60.86682172778533 91.95999046206173 124.91334249871915 63.667192921758996 63.17633238990453 79.52212084333715 105.12405833300643 134.8078216639024 91.30181962018233 90.7440822247774 102.60434711334213 123.3511776418112 149.32538762301076
29.42659070776696 29.361165442064557 43.00106783341621 35.38121897500365 46.952308284241674 13.194006600526494 44.54580528285568 23.51557562258294 53.26916233058576 0.0 44.75099706841315 13.19400660052643 31.546408674808706 7.92439788175648 66.8628202193943 4.455072758379003 42.04446482008015 10.382397488812654 32.91191010371565 23.804533393713832 20.75054168465772 29.636369918887237 54.347257156604286 34.779140911687826 52.19138427137425 21.756048423170594 24.73641551139178 42.50597724322163 18.98940476717247 29.507749889735184 42.67839588471968 18.854676307459098 4.621081955132389 64.2734709957459 43.01554025869291 60.471479659730306 40.43274940438561 31.492048871007597 54.93389741144589 24.77891894634943 82.70602284153917 63.4283165455448 60.006687371621766 74.65413440051984 99.70187109477605 65.42863845403248 38.565141571953525 32.991956391390005 55.53830980703371 86.46024608551281 57.6114329596145 23.114310523232145 12.013315494261304 46.359706667121856 80.9257641931922 62.88761844302543 34.120514848223465 27.72018137780266 52.60655206165443 84.62465436179993 78.6650905682684 58.11237921711222 54.41230976569577 70.27907926002067 96.50076269119246
23.942532316353514 39.95601359619637 8.036503943494104 9.380527252026729 77.4351304753611 46.550288865171694 9.05938751799543 21.359041518372713 71.94097717678376 44.75099706841315 0.0 31.56210460490094 16.754269097052127 38.52773045383818 46.63877041975866 48.39391851033053 10.834568803077849 44.85421363937789 13.421710397933063 22.252296507093025 40.890444361359066 44.318532286076774 67.00845503967389 24.313225619971888 80.13896121789001 45.93695560068493 24.838554639878524 64.87812129396008 41.475813647834556 48.63803757499632 32.87291730462727 28.728901195677857 40.72630470206086 59.91565464564029 46.20449797013669 51.68434964686153 4.659309399484809 34.142716707776025 26.79564471107208 46.75340420519931 93.71571766749699 61.446162807588216 34.10961538198064 30.759397775342475 55.889668041537924 89.54941087720992 54.94642152666175 20.346397711442588 14.272244819771684 48.8699545290918 94.01788070645848 61.90182350712851 34.916303889366844 31.643316265847528 56.37631873897939 106.03482204475442 78.827430442683 59.82421420028252 57.783232266170074 74.11922672071705 123.41403536276628 100.8204172857953 86.56330008995847 84.94921583225126 96.61392025070809
19.296591778704023 25.4259661197438 30.036321610815783 22.199848919544944 54.149205526133755 18.799316099162162 31.652632666109724 10.355232139958153 55.477262049642036 13.19400660052643 31.56210460490094 0.0 19.330670613174807 8.271207792488763 58.36571014564436 17.021718156835902 29.51815284749844 15.699064197144818 20.103503842746825 11.226083676059806 19.19957441522759 27.65870186099472 54.377793638196565 24.485165661428834 58.54768623166638 23.511285240980513 13.805836900427549 45.52578093439426 18.284114545735193 30.21609303833951 34.71615759219705 9.091324897734669 9.295472921084022 59.92443273853469 39.265146856439685 54.60062498750032 27.24183035194382 24.739520597842006 43.67244706790423 25.418765558503015 83.34022378160498 59.14454323086578 49.45065718104426 61.54237893853606 86.74311340207075 70.19971863222392 38.71709950697613 21.56090153562775 42.726766066757065 74.70693397935104 67.11186461945466 32.84675895289336 6.976413710844828 37.593678941742304 71.92185076892883 75.32345421310717 47.30526831530545 34.59458114893559 50.503590548557234 79.36794850787405 91.85202674123545 70.53781881840855 62.52320012392495 72.37053839452349 94.6605340360158
7.515025954929722 37.920899917427505 20.161526920368104 9.595524109252077 60.70096554614661 30.599037243233283 22.015605838938637 12.347557167982846 70.51006754968161 31.546408674808706 16.754269097052127 19.330670613174807 0.0 24.20431235249292 41.85748640953612 34.43864626077363 10.566107654105135 34.83104961500791 3.808386418734397 15.751465238684665 35.12880329450362 41.57577059729754 67.53151068334606 27.35777752043818 63.52372589932964 29.22046436367675 20.85392323290875 61.62946221643443 34.94398497153057 32.01206242593347 21.121930760776646 13.250292114413897 28.38681150363238 49.10960657254104 31.932454800188854 41.95267749934865 14.340518708105273 34.021249861138415 39.37433656009715 41.63991647598864 95.9852655865554 67.0128516605239 46.50903658231271 47.225795906430946 68.5002060813951 86.74858706876824 53.088399359960476 22.500855431543297 24.27031940836721 55.37741302821543 86.15738226334419 52.125757837971584 20.14810827714108 22.128023622359084 54.48122719830492 94.37430021076442 64.70608590594368 43.15170423828656 43.95548449505165 66.30929549334849 109.43251127687242 85.01554288785765 69.81815357488622 70.11612250208016 85.7480654641314
21.554322083363424 31.218423981414972 37.84269337546819 29.182644995571806 46.268312041571434 10.749558106458334 39.5262758887298 18.06421601322664 58.58286747271069 7.92439788175648 38.52773045383818 8.271207792488763 24.20431235249292 0.0 59.051545805732104 10.235393135266715 34.7684372790924 15.815097260563629 25.9872976489561 19.442264365606107 23.557682714025983 32.570525431750944 58.6552329889819 32.59797257711688 50.89966309984629 16.99586682382451 21.95039629658907 48.080220538612025 22.132774131396374 24.42717213099264 34.87635344314306 11.146786041190316 7.1291100878495755 57.45376081746385 36.24972007682367 53.17783930775903 34.469811446474765 31.733962048472097 51.942428810299475 28.89985664827871 87.44115183000854 65.48845478980851 57.6741676188513 68.98311919077527 92.65970579556526 71.85673328911344 42.766473908022995 29.8226366877416 48.421536784705175 78.70665783165592 65.38354859326768 30.801752305983545 4.164352182109861 38.481035310671906 73.06909533839978 70.57521311664344 40.597021041217154 26.649882791193008 46.55271326868235 77.58179359166719 85.32822883206683 62.66611308138957 54.47910698958614 66.36038535999432 90.74262872619202
39.1247030067879 79.77809728443432 54.48182056644382 47.82629257163528 68.13050337102015 58.36571014564437 55.68713128314154 54.08699013966578 112.304702652994 66.8628202193943 46.63877041975866 58.36571014564436 41.85748640953612 59.051545805732104 0.0 67.71450601900747 37.1358800899621 73.71093179367358 43.96461591540289 57.60072189301699 76.45617088659483 83.38313110908373 109.35125145520901 67.9199532031484 67.00059042756763 50.62726174555567 62.70032564195616 103.14845105444748 76.00542630124934 45.84855907796658 24.184424334674624 49.471468208871634 65.58507024377171 22.53665266494176 29.92317368109852 15.145220601624434 48.78622699874311 75.69598524389846 73.11312718142352 82.9705226709407 137.62858153837146 107.22680754138534 80.3015477295738 61.59445913624886 59.44917781439019 128.17364498527596 94.90819859955187 63.0990123118781 36.745623544538105 33.37413140006162 124.4348403360253 89.84320431606345 55.26687520361051 20.782393712968105 14.291345030814881 126.91855407201629 93.22203480748024 60.557564090128565 32.232464270917944 28.381108634023743 135.2823604333902 104.22653096784977 76.2877654603245 56.31409460439208 54.01418365154677
31.494680013865853 33.469253777785795 47.030225710138694 39.01430726465372 43.071465863644995 11.152000870367148 48.61657365686972 27.370570219666625 55.80339853388826 4.455072758379003 48.39391851033053 17.021718156835902 34.43864626077363 10.235393135266715 67.71450601900747 0.0 45.00151176640667 13.803826761183991 36.13854659044302 27.945554784753117 24.739926584548048 33.4598752402661 57.43760701230606 39.2240539022654 48.46904411747995 20.209294227086914 29.119343943783967 44.945431780997986 22.92275810894448 27.86856174163093 43.60945715871775 21.343743047024542 9.049349294544225 63.61181120768841 42.44976097257895 60.38347515445767 44.180554499681186 35.85006690367843 59.35077609115519 28.24532554074084 85.47446112747619 67.3272282765682 64.45776359161718 78.55842644051482 102.87285792942176 67.0484200997501 41.813456994911704 37.36401511597268 58.639610820005096 88.74665165501696 57.296921713006064 23.386838610334458 14.345890760224965 47.53439094324542 81.90290252541705 60.566430627477615 30.475589679399302 24.1676752765799 51.324822502209116 84.13824455004213 75.176688440546 53.79400859444883 50.30769062714292 67.54805409325145 94.8125676604418
15.776649920362303 44.63500441145177 17.81541662460769 11.114953579373472 68.8927336040686 40.82300072957374 19.29035974434652 20.96469638145391 77.35551390295828 42.04446482008015 10.834568803077849 29.51815284749844 10.566107654105135 34.7684372790924 37.1358800899621 45.00151176640667 0.0 44.65510480074918 9.576717686703892 23.506275126906225 43.430289913649666 48.6960194652192 73.40552092948705 31.072707665946492 71.10828426921228 38.41948693543651 27.804129751163725 69.22776349179914 43.55182524741969 39.884738730568856 22.079522998234747 23.791472674278413 38.72431904993836 49.14169559312441 35.691999739912646 41.0036867682714 11.764528902033925 39.692173914759536 37.39415843624436 49.79540023058021 101.10737299850864 70.10195682167738 44.729129059548235 38.495880091700485 57.948233305202535 94.30325979367643 59.974237276423494 26.373587614141393 13.750482465000408 45.57892133471298 95.63192390997717 62.023783034284634 30.712900728551816 20.84376882299107 48.171474387549125 104.7843815135495 75.26215223291734 52.38157263363173 47.09649019730062 63.930761538896114 119.98293611094621 95.12691733695576 78.08394833055988 74.42998532511636 85.89114965142555
34.8596505408843 20.191618088171282 41.29874987926329 35.916011727456855 56.864254855293254 23.53829667895627 42.54914935568198 23.97496803654409 43.086940891054745 10.382397488812654 44.85421363937789 15.699064197144818 34.83104961500791 15.815097260563629 73.71093179367358 13.803826761183991 44.65510480074918 0.0 35.08669820142369 22.606747288288396 11.350793440091003 19.731795802879894 43.965537514404 29.419966725416252 62.27019105101575 31.832954040016222 21.220624903018305 32.42833686328787 9.467164133011018 39.5463621630858 49.748389724320916 24.257520555273874 8.686046937162025 73.25698156143004 52.06424369190282 68.79046390291535 40.240589741320655 23.65879729503532 49.705741341932274 14.467432616585322 72.38070448534734 53.602257129153294 53.87245186414518 72.98002249468641 100.72104948090562 56.04595438257725 28.18938328993069 29.034081132336713 57.32502606581635 90.13425302715567 51.41657330118671 17.37017373611092 18.831774261477428 52.93772160448267 87.43582146994952 61.20898451953717 37.34266991103826 37.91098351516691 62.24823540399493 93.31278269899241 80.31010776972342 63.81876660591134 63.958866146234655 80.64377330462654 106.35262014458942
11.31282205898949 36.098994904608105 16.35865949597182 5.791141690372969 64.23721826553471 33.2801590974448 18.215710817347333 11.449255761867223 68.83546145480881 32.91191010371565 13.421710397933063 20.103503842746825 3.808386418734397 25.9872976489561 43.96461591540289 36.13854659044302 9.576717686703892 35.08669820142369 0.0 14.280913234956348 34.14846448740285 39.961800793463226 65.44718647790421 24.372612492220494 67.16903131524272 32.56092818178113 19.004720012277357 60.306112381038226 34.16570202433997 35.67375976019269 24.35984382245583 15.539005843438582 29.374929501339587 52.40006317996374 35.65175562316953 45.02508094459097 10.62438318191854 31.738177236500224 35.59609686019666 40.588093614339044 93.66752115481881 64.05710620736157 42.75329730863698 44.127080634076144 66.79354234655618 85.43161907213015 51.398674642277186 19.491987298834154 22.647361413072495 55.142723775020606 86.07823505393016 52.45670331637587 22.108784673108932 24.914663570056817 56.102870034228296 95.42694174478997 66.58042092904877 46.415735847824074 47.6519198062828 69.15061266420236 111.30579684565187 87.6667977167539 73.32604020365213 73.91009852414231 89.12603939100723
20.02467794633649 22.18368768876429 19.2673306577082 13.530253143971287 64.49798296828979 29.652078778574115 20.7604863015124 3.789630300477095 54.768509831574534 23.804533393713832 22.252296507093025 11.226083676059806 15.751465238684665 19.442264365606107 57.60072189301699 27.945554784753117 23.506275126906225 22.606747288288396 14.280913234956348 0.0 19.926474637545052 25.836808211562378 51.866802468993 14.65402468526993 68.54162198351754 32.91082873950566 5.293766767054227 46.0478914528517 20.07423832115249 38.59527977855425 35.92469637208938 14.636524546123084 19.37098416745235 63.30715953335846 44.11573722522904 56.78689829017845 17.63385739161884 18.725001650477463 32.665576099551906 26.325842077562598 80.47166340988835 52.82827030964304 38.74001303898165 51.044843141932915 78.13570468716611 71.17766642289672 37.340903073008135 10.829497803541706 35.14349354496985 68.90358764163176 72.44938218347289 39.69027839732363 17.22126679614827 37.585562005394785 70.16855081006779 83.80713881839507 57.738559376860024 45.15152622664025 56.02136880223872 81.44287301001579 101.93296513100428 81.66707625770205 73.09885566462215 80.0757356928986 99.37581992225475
37.50384406103569 8.84139268024802 35.63750844379965 33.101908669927 67.70065497161633 33.20010943710133 36.50313939604128 22.839520603015167 36.33719660933888 20.75054168465772 40.890444361359066 19.19957441522759 35.12880329450362 23.557682714025983 76.45617088659483 24.739926584548048 43.430289913649666 11.350793440091003 34.14846448740285 19.926474637545052 0.0 9.050798178831998 35.323832883243156 20.78117553856177 72.92276347265413 40.53781088564675 16.096123973157294 26.705096165140194 1.8882623521316482 47.96865688484682 53.430271491230975 28.166216487788947 17.33571017036501 79.12321046499957 58.4090123782243 73.67585215133396 36.26664037393565 12.94671620568906 40.30020758771163 6.524564187133927 64.25485661730504 42.68113175585603 43.6977695197853 66.27318279677232 96.27875206003881 51.728223996174314 19.548345315980995 21.98450104865695 54.583427916286915 88.71434356817294 53.137489616269164 22.990539771716005 25.06762858057589 55.8843095483007 89.51298828645413 67.61678122364282 47.54946867646136 48.42199791027216 69.44957043523985 98.47137059319853 89.00010288990755 74.69404139149607 75.04752754058609 89.88778018196462 113.67605167816163
44.96029356880311 4.449895086733285 37.87574309865784 37.78259730927849 76.52017481246709 42.23709148261564 38.32475804833104 29.29626164171902 28.93429805821677 29.636369918887237 44.318532286076774 27.65870186099472 41.57577059729754 32.570525431750944 83.38313110908373 33.4598752402661 48.6960194652192 19.731795802879894 39.961800793463226 25.836808211562378 9.050798178831998 0.0 26.765407139087472 21.082647736885146 81.82449424073552 49.562449333940414 20.969762520919783 20.627891344280258 10.679408761923039 56.950924238232794 61.02020417062152 36.354040198339476 26.374081089583246 87.36964488061925 66.90606049487839 81.58084114086085 39.91201532749801 10.889439925488992 37.84603550887976 6.46238354527683 55.72161383884312 33.87481665452387 39.81133478359193 66.46213787066239 98.20551604709996 45.6167381936962 11.527788384728245 24.07793849743916 58.493234268255534 93.048502963017 51.57215024010618 26.577766865321756 33.880843736477665 63.12121927357291 95.99743716415267 69.57919858736012 53.553092891287044 57.35331833428482 78.1388058075386 106.3801828535251 92.87355378721657 81.34761494710999 83.69049461380246 98.92163709694763 122.31765467749088
71.5100630244646 29.76295803640714 59.44247013719092 62.29070398730487 99.81455030192019 67.48357913213596 59.25248872913349 55.51959700076067 9.005082754211386 54.347257156604286 67.00845503967389 54.377793638196565 67.53151068334606 58.6552329889819 109.35125145520901 57.43760701230606 73.40552092948705 43.965537514404 65.44718647790421 51.866802468993 35.323832883243156 26.765407139087472 0.0 42.759855311149906 105.52965060474229 75.47427622424799 46.680604652608075 15.279437492524519 36.57266057209703 83.05588136176357 87.57149715136356 63.11943639953149 51.943908711156155 114.1308197962785 93.64249705783351 108.24878580916668 63.14832528185438 33.759957574501676 50.92944938353577 29.792763222107393 28.963353641280452 20.35712887149245 48.83439624444406 82.15858163360386 116.23302256288595 25.991106805085618 15.892530954306498 47.16417452604674 81.18619395361476 115.55426746718545 46.09218108443409 41.08813565130268 60.38877559115558 89.44382111036204 121.44304690779224 72.01144336135229 68.71184608501719 81.55826982173954 104.7709345428124 133.02973289653414 99.29169093339584 96.70391972681986 106.01475718246222 124.58443656734828 148.99029285793657
33.389503159866514 16.638808951912853 17.117124420257795 20.105195668674888 78.60624615232865 43.26995256993173 17.355416384397586 18.06421601322648 47.67424381768125 34.779140911687826 24.313225619971888 24.485165661428834 27.35777752043818 32.59797257711688 67.9199532031484 39.2240539022654 31.072707665946492 29.419966725416252 24.372612492220494 14.65402468526993 20.78117553856177 21.082647736885146 42.759855311149906 0.0 82.87269375862093 47.38486476040128 10.679747725731996 41.133045453192516 22.13277413139624 53.24060409007487 48.47589886987223 29.290485586298885 30.17597497523421 76.41304996229596 58.13705113691342 69.30142046238913 20.391731793067283 10.269971827644179 20.350869057203273 25.093209728459264 70.05240027425107 39.68968852908445 25.259574662669696 45.7784118783848 77.12406901391918 65.43400182824675 30.907725603486007 4.880639984039442 38.56433623545165 73.11258202156064 72.457656610174 43.759533491269586 31.21725584221949 49.2846109292566 79.23549840501839 88.39000891228464 66.73862593309798 59.07690501189731 70.14914981098529 93.52278722713162 109.40524309774129 92.58825113507739 87.00785573729176 94.67235791926075 112.91611677783169
56.19689133431586 81.38858686644845 83.19367234613517 72.64638319935058 6.234248960292122 40.235995248757575 85.06349096391821 65.78312119958645 102.89721694854381 52.19138427137425 80.13896121789001 58.54768623166638 63.52372589932964 50.89966309984629 67.00059042756763 48.46904411747995 71.10828426921228 62.27019105101575 67.16903131524272 68.54162198351754 72.92276347265413 81.82449424073552 105.52965060474229 82.87269375862093 0.0 35.689457077832195 72.24195059656367 92.04767373050112 71.1788952299397 31.513677972026418 53.08947109481368 54.41749638403417 55.772739657785884 48.21760474663826 39.46591368805524 52.36224894584591 77.78967655632664 82.5876968781652 100.74358514295434 76.71023773086581 132.7915921480752 115.60109288675245 107.18324851036661 109.57880818494162 122.15323164557167 111.1208336043199 90.14658224181427 79.37068136171035 82.87180445088782 99.14887305747787 93.00930134139999 66.8076483362236 51.67781886812372 57.20782636290215 79.18129310965817 80.88565893334273 48.727708777876295 24.51802070115301 34.96742813456455 65.10877572500347 77.60953091864121 43.12666589193475 9.562075571920296 26.7919992588331 61.14771554259719
22.64789153910119 48.15192514287251 47.998457844958054 37.668640731929194 32.02378922969295 9.091324897734607 49.85227015905849 30.09370432403372 74.91665715462231 21.756048423170594 45.93695560068493 23.511285240980513 29.22046436367675 16.99586682382451 50.62726174555567 20.209294227086914 38.41948693543651 31.832954040016222 32.56092818178113 32.91082873950566 40.53781088564675 49.562449333940414 75.47427622424799 47.38486476040128 35.689457077832195 0.0 36.859443103388784 64.21164876548364 39.06971473907257 7.75252988722754 27.840358994880464 18.7558126286603 23.53423543877853 43.68488416811369 22.83847799265534 41.260466359940736 43.00004830058633 48.18988008302992 65.07322705179247 45.681575848057214 104.12804998044997 82.33916021799114 71.49530481784839 76.40794926673598 94.65477064123 87.0824442790525 59.58506112815722 43.72898949693243 51.661273121541086 76.29133216636549 76.9017900669436 43.54593887251628 16.536687990195134 32.33458037091163 64.90329657642484 76.38289006101586 42.631444192183885 13.978035891178566 31.115627175332982 64.31042166947329 85.70144914368717 57.566984938577214 40.963390093841426 49.36459363787994 74.76997449401671
25.315332724206918 17.114441274658066 20.219684273927477 17.117106755053484 67.9332790185126 32.596312957890795 21.376153425485736 9.074909614401134 49.83186192176023 24.73641551139178 24.838554639878524 13.805836900427549 20.85392323290875 21.95039629658907 62.70032564195616 29.119343943783967 27.804129751163725 21.220624903018305 19.004720012277357 5.293766767054227 16.096123973157294 20.969762520919783 46.680604652608075 10.679747725731996 72.24195059656367 36.859443103388784 0.0 41.42872835228649 16.638439859052415 42.977825513760585 41.21327742949166 19.265646666231635 20.120324576799725 68.585574558514 49.25931282511357 62.079833122756924 20.197070415733474 13.432097657996282 30.276896406481317 22.193414157560557 75.21938328179904 47.65107988104971 35.750869322136495 51.77309486512613 80.48361011634539 66.52374030858398 32.39439809445983 8.26070802756746 38.49590669536495 72.73571085396098 69.1865925847161 37.5160614763055 20.566269163761483 42.81745286013091 75.09023501708296 82.11007661874582 57.834059305276035 48.3973207305762 61.11163062221609 86.72814217611317 101.44523933767069 82.83270271107827 76.32900255280371 84.76860599477438 104.5947246837157
64.20068379957814 24.927762234331063 58.192931202983345 58.38134575047662 86.16502148401337 55.65265070836998 58.48779620004684 49.28232915358694 10.890510690376523 42.50597724322163 64.87812129396008 45.52578093439426 61.62946221643443 48.080220538612025 103.14845105444748 44.945431780997986 69.22776349179914 32.42833686328787 60.306112381038226 46.0478914528517 26.705096165140194 20.627891344280258 15.279437492524519 41.133045453192516 92.04767373050112 64.21164876548364 41.42872835228649 0.0 27.30335420296132 71.94606229612204 80.07869902327532 54.60786261095119 41.00623842753488 105.19207243801932 84.16038599440665 100.12173150323846 60.51332376430859 30.903634098546465 54.82685999200998 20.218842083061098 40.757966808207875 33.635984391799106 54.73920924249303 85.18342917156917 117.94441985931888 25.13028847391944 10.542446677081598 44.5601736687596 79.08810963178581 113.66223297623857 34.83583726548727 26.22611719064261 50.56605214036321 82.5886479866703 116.10205279847423 58.37115052161836 53.49153806844834 68.63161050682459 94.62584826420465 124.87034972133021 84.92569409829429 81.43479201744636 91.8999604666926 112.4913581762526 138.77223835210995
36.95050037262063 10.72478910848767 36.5031393960412 33.438283622792426 65.92358809790825 31.574312081552343 37.44323435725644 22.761811138518294 37.20131006722361 18.98940476717247 41.475813647834556 18.284114545735193 34.94398497153057 22.132774131396374 76.00542630124934 22.92275810894448 43.55182524741969 9.467164133011018 34.16570202433997 20.07423832115249 1.8882623521316482 10.679408761923039 36.57266057209703 22.13277413139624 71.1788952299397 39.06971473907257 16.638439859052415 27.30335420296132 0.0 46.55991575636708 52.77891694100069 27.33669703812977 15.721544932990893 78.16626091398014 57.34479251368915 72.87137013676086 36.83036836775852 14.706493864425283 41.86714341037729 7.134694400066424 65.45004372356168 44.44409583848529 45.40559131304306 67.40087852652404 97.05106782027256 52.18498618124173 20.716316109686566 23.019766236081413 55.00458559024901 88.97162552322017 52.56896156887153 21.65685752507701 23.861964898061725 55.358986562524635 89.18907753226704 66.36546347230717 45.76938439897063 46.69171928128942 68.26576774203721 97.64799913607649 87.44035818086537 72.84589158560726 73.22558984208837 88.38668168453341 112.50413055952775
24.69748136469103 55.329405993404286 51.80024074864472 41.20736641270832 29.0084642433421 16.716592060129205 53.67215893775141 35.40977091091305 82.63320290773889 29.507749889735184 48.63803757499632 30.21609303833951 32.01206242593347 24.42717213099264 45.84855907796658 27.86856174163093 39.884738730568856 39.5463621630858 35.67375976019269 38.59527977855425 47.96865688484682 56.950924238232794 83.05588136176357 53.24060409007487 31.513677972026418 7.75252988722754 42.977825513760585 71.94606229612204 46.55991575636708 0.0 24.990927663023907 23.982238485648335 31.163459583493978 36.615245693183724 16.548584032164964 35.05270225779388 46.297967492886364 54.941471719381106 69.87851786233804 53.27137140672943 111.77257645344639 89.33760490128375 76.57707887278133 78.36857104060547 93.88268958634849 94.81899978929613 67.16340231066181 49.25456765658713 52.30594801011759 73.76057142137262 84.11435225320668 51.11851962366111 23.362975619892406 29.55335850686509 59.96515785144613 82.1398991808914 47.831557449981375 14.95345586450726 23.541599352562347 57.268325114682824 89.47557124325188 59.457596616741036 38.20160498976877 42.17046756788976 67.0235997888744
16.066246800530507 57.81128985657383 39.132058549002764 29.67584458388083 52.230954719487066 34.71615759219707 40.804323463435374 32.173641864653575 89.69202489614588 42.67839588471968 32.87291730462727 34.71615759219705 21.121930760776646 34.87635344314306 24.184424334674624 43.60945715871775 22.079522998234747 49.748389724320916 24.35984382245583 35.92469637208938 53.430271491230975 61.02020417062152 87.57149715136356 48.47589886987223 53.08947109481368 27.840358994880464 41.21327742949166 80.07869902327532 52.77891694100069 24.990927663023907 0.0 25.663582940525945 41.48670926526649 28.040391651674074 14.444707874968234 20.902932373445545 32.838670373017166 54.62550061070597 58.91885492502535 59.8669000578748 116.32894690865217 88.10190638978999 66.22881217000048 58.355401180178966 69.42073009204161 104.89296880173522 72.49355042905724 43.622595772651714 30.747080008518843 48.81261164188697 100.25860562493858 65.67578209556476 31.13973289000764 4.57294583973931 38.30137022930114 103.3452353574595 70.25653397480566 39.83171712693624 25.13947176996764 45.522111342135645 113.52465764930284 84.39961903336152 61.266168975443456 52.71234390589028 64.79536180063627
10.74240560859149 33.73222244185215 29.59845845655466 19.729187569588827 50.739763382432464 17.824609400044455 31.420526525211493 11.457234856399666 64.49487168788319 18.854676307459098 28.728901195677857 9.091324897734669 13.250292114413897 11.146786041190316 49.471468208871634 21.343743047024542 23.791472674278413 24.257520555273874 15.539005843438582 14.636524546123084 28.166216487788947 36.354040198339476 63.11943639953149 29.290485586298885 54.41749638403417 18.7558126286603 19.265646666231635 54.60786261095119 27.33669703812977 23.982238485648335 25.663582940525945 0.0 16.467687856021914 51.027000088695885 30.677657357041326 45.535096978910936 25.15581899703648 32.02250434769041 46.32667183196636 34.468237211017495 92.07214849967117 66.60402451999649 52.81772440989778 59.4821680754936 81.73949475758864 79.28612431405836 47.594453587297906 25.27878792307709 37.51859310652686 67.61002249432912 75.40029548366269 40.86158020239005 6.999078681487219 28.690759074783994 63.18375106249733 81.69492058717182 51.472715261692166 31.932051492420904 42.24578722623538 70.31779500108837 96.19147279670042 72.14215724870805 59.589996620390004 65.51511256256019 86.18745664302878
27.21008440043719 25.619690918839417 38.6238983288566 31.401569729550612 50.72547813724678 15.864496733348677 40.13145382001513 19.380971972688915 51.569478059148295 4.621081955132389 40.72630470206086 9.295472921084022 28.38681150363238 7.1291100878495755 65.58507024377171 9.049349294544225 38.72431904993836 8.686046937162025 29.374929501339587 19.37098416745235 17.33571017036501 26.374081089583246 51.943908711156155 30.17597497523421 55.772739657785884 23.53423543877853 20.120324576799725 41.00623842753488 15.721544932990893 31.163459583493978 41.48670926526649 16.467687856021914 0.0 64.57592612045974 43.37830783950046 60.1991021893086 36.31971259500708 27.24884099197427 50.31359167007076 22.153617354497634 80.60997452251284 59.89190827636615 55.415785533440236 70.35320760795831 96.03662988267871 64.7298406905201 36.05851229012644 28.378177273218217 52.012173442440506 83.66631359685739 58.98210186970473 24.406578214997083 10.359929971711406 44.875712891612885 79.4681410107168 66.06676005636615 38.38587347850917 31.25653531496321 53.62186061665456 84.66684174265451 82.75075241998381 62.71800939206933 58.43115207929325 72.729908016145 97.77458085345049
43.30677379493937 84.57291520440155 66.76684100760426 57.669728065619395 50.72934766244568 52.70456578446396 68.35055757387642 59.51767086926645 115.36087264283726 64.2734709957459 59.91565464564029 59.92443273853469 49.10960657254104 57.45376081746385 22.53665266494176 63.61181120768841 49.14169559312441 73.25698156143004 52.40006317996374 63.30715953335846 79.12321046499957 87.36964488061925 114.1308197962785 76.41304996229596 48.21760474663826 43.68488416811369 68.585574558514 105.19207243801932 78.16626091398014 36.615245693183724 28.040391651674074 51.027000088695885 64.57592612045974 0.0 21.259270421422876 8.76884394116524 60.50773142225433 82.00256810577739 86.49807427711292 85.28771127868018 143.06798783364658 115.92734814781697 93.8327273002745 81.02309016897469 81.97335747121032 129.30195525092228 98.61128413777722 71.58335184599599 54.027477645584014 55.754476037063576 120.5856304233505 86.98343928570169 54.646004617871725 28.303632228194953 31.79383651054971 118.043509264841 83.45702111461367 48.895121316874615 14.534291361060346 20.654601997085017 122.0621067343895 89.00048853825993 57.77414525745387 33.903578009086026 36.822400590072085
