0.0 46.6164906866044 30.219439358283 28.62512197211155 43.17127660095154 74.85390617234158 19.132737722526542 48.094602423785844 35.95533742994528 46.87795651254859 79.33283576604707 40.269650554795305 44.24143860852727 34.450152479180446 69.80157011329926 43.419755164318026 38.63031693305939 45.99318671924212 78.0228543206975 42.48281379347201 6.432786716491365 49.15862072706164 43.011397167725065 26.929433157640187 39.83921321115804 77.59514719147582 47.87760126937552 68.23957783562355 61.94863844021816 55.75786719979316 74.69762328637337 59.07127820676752 49.80960342111712 30.282670793315543 76.82364642490913 51.94810201471839 86.3542891286324 30.077255254402562 89.0201768063799 45.55688009675485 78.69268433563344 65.60560148318037 69.35721340025769 87.81527703977268 114.0499646487249 57.45107197643729 37.930495175287625 44.40323400969298 69.99571308254356 101.10381022355817 44.855987496131064 12.727217689624661 26.584911232938868 60.385312118740785 94.76743804346106 48.238095553904834 21.770318935757278 31.8720342900464 62.869334434930664 96.35417330796798 65.15497268546993 48.729855026589206 53.8408455626376 76.27505559076832 105.50706674459154
46.6164906866044 0.0 33.7817618309238 49.95845844675148 47.72285693511884 91.3248132977215 40.53379562677087 46.60509892230478 42.84426832515483 26.50587217679169 91.3239985341305 41.517401671287786 4.757615999645723 42.037242356015184 79.81258880714887 14.571246875473204 42.71813460775432 48.857186725873085 92.31665806431775 4.738192964126508 45.4841410746617 4.030369829307507 34.623183269289534 44.78511267976711 60.03433707382177 94.70006970563944 65.1562980943049 41.706177649303356 71.41965370902064 34.944644172025875 93.05206785811019 42.0093757624564 8.058189891752225 41.780600965692145 95.8168288122398 60.24051820937199 109.49439847668161 47.27457960868799 104.4723280303429 3.612146904010773 41.48991877268538 18.99998897157481 37.3554979525149 69.46016339437895 103.19323037469275 38.088218527864655 9.632361641946993 33.6110857898798 67.538733199024 101.92207107985126 52.78723028826073 37.6338331609058 49.405928783239254 76.55333358437503 108.04955645113448 75.68801176690371 65.81407869470736 73.00054913773812 93.38863305737767 120.45149555457365 101.37600842377309 94.01158667869203 98.964350178461 114.64897562342767 137.43912630645826
30.219439358283 33.7817618309238 0.0 16.75072412802029 17.082829071670016 59.215833336140335 12.444768829030282 19.733554067068123 10.134118995422599 18.832681567956964 60.678981699544586 11.804003604577371 34.74965931377241 8.896108343076289 49.47420900995051 22.019255542280778 11.398131038896302 19.367690544506026 60.898430852133835 29.174434340136962 34.09179144118493 37.727176410019105 12.81111885468755 11.763785892898522 26.269596633689723 62.5083954347636 31.876902759532385 38.75357703032233 40.85055372355794 26.127759660309394 60.49795559406132 28.870038225564365 31.73265944377313 8.013308238812451 63.176275835757785 29.330460792792366 76.26192557713604 13.650753490705291 73.0061904663302 30.723425256402574 74.77623793922675 49.46420046872022 41.1916297692427 57.8067077915213 85.91450654823184 63.811157650470676 30.676363604424413 14.320125157616303 43.17341707964536 76.92641391192629 64.40258381834248 31.877451921819052 16.71827952370168 44.01908211362976 77.3996647320517 76.28216249567843 51.69236688949466 43.81838360991476 59.68934710594142 87.180290440465 95.31838714923832 76.86827025970794 71.60042815978913 82.09303228253111 103.66612214776431
28.62512197211155 49.95845844675148 16.75072412802029 0.0 17.262594897238486 47.855925757630494 12.349516873340685 23.469856805947956 12.596559762680483 34.11813298117423 51.34967419038289 17.748504543909675 50.32862914054455 11.8924678074824 41.34410525837538 38.769903720134096 15.28343340025294 19.9653882508713 50.50659382064171 45.253477165027 34.57084310919781 53.79513249555773 25.081946891496813 5.173630530448605 12.236666074612296 50.88388056070033 19.9165847462028 50.90889224293494 33.345853070399855 38.80961027419984 48.33832480632723 38.93465430890338 48.446479552830695 9.216428116509128 50.77525614196808 23.48901633778171 62.46392817847504 3.755517617547119 62.08253209596482 47.10562848585504 90.16674205718328 66.19425332488153 55.02828303429607 63.79137602679407 86.63349431770787 76.117703234859 45.46427221539173 27.10969174435973 42.39941934904104 72.49362849181719 71.05988194957942 36.46147836967401 2.0558178511859 32.76992171326666 67.36737749884016 76.79121141951491 46.57294851198925 28.914130867567412 43.56434830995394 73.17455823209144 91.30173217378305 67.7181828805173 56.8356338388144 65.34230821177347 87.77093025448369
43.17127660095154 47.72285693511884 17.082829071670016 17.262594897238486 0.0 43.603622454196916 24.132340112981872 6.403503829348776 7.539706343905902 24.434981267592878 44.117149432946206 6.215327928357963 49.6965610581273 9.090077322992725 32.7312815950124 33.76427998594523 5.6904527846281585 2.839230118047393 44.74565647063186 43.53989320222673 48.27799631656608 51.751666671898114 14.116240599192237 16.52225262945082 17.22367665327453 46.97737154462214 18.800166679510113 35.78897228846709 24.13238733610235 25.010447923380635 45.372707563331275 23.118495589750918 43.53003371214849 12.986221225575438 48.15556555311517 12.657565765727487 62.16091222412586 14.124403981753398 56.91677057585237 44.26855630775169 89.2100421281955 60.272028446914476 41.25319822567669 46.53771018575533 70.88380442260363 80.5070853384758 46.57517315785099 15.873068644710097 27.00950666520642 60.01603269931285 81.19385450774662 47.74178154830747 18.999022386196355 28.939548175356613 60.90058699446845 91.05810740715062 62.95080580513433 45.04270994746965 49.89693606804745 73.11210214489434 107.60438810380357 84.96898780397403 72.4948750197268 75.40582463066094 92.25683356974791
74.85390617234158 91.3248132977215 59.215833336140335 47.855925757630494 43.603622454196916 0.0 60.14131354993519 45.49191117794584 49.188044054274 66.88282252641281 8.780097695207811 49.81449341178456 93.23164796670198 50.325443975713696 14.267759736763566 77.23926184100603 48.77985614416223 42.58914669160085 4.6717378450446825 87.1288146881826 81.20676384236583 95.3528527596382 57.12624973285445 51.84878960654363 35.65192214372702 3.3952568040920035 28.07857523944015 69.36817239042328 20.746469857330116 63.597579745719784 3.706834103153275 58.059968892249444 86.84365102586746 52.16508565413675 5.954139930989715 31.159804159597115 20.830019038322977 48.33832480632725 14.239487851802263 87.85866924513947 132.80815733418206 102.89345548455505 77.01237951298197 60.576702680965006 61.6680963821335 122.82397994024504 89.76783173910955 58.52890465012977 34.46501476039819 36.672568825070556 118.76279491486784 84.17933142832013 49.62431266745584 15.291800417127238 19.999002389203696 121.22160370105537 87.58314813318627 55.152347325881834 28.41826772138859 31.116834854487323 129.83036399804283 99.05641795482734 71.85559299150329 53.93589098766577 55.224416851866735
19.132737722526542 40.53379562677087 12.444768829030282 12.349516873340685 24.132340112981872 60.14131354993519 0.0 28.965886229915192 16.829591673402604 31.047558785857003 63.3185309726997 21.197994290968623 40.11353803243702 15.318623244491668 52.9349430580313 31.781298761776306 19.49948305516961 26.933748208718608 62.67234847512202 35.80687882259563 24.163339055945464 44.11136338702573 24.968822881304213 8.62737382045125 24.57810289811791 63.19900480486771 32.106355237437896 51.173298920309286 44.632341295174484 38.54764075906077 60.68077653165439 40.87790420119208 40.60175389726685 11.173323280851857 63.12436944984071 33.870541730571496 74.68473656928774 12.15704890676487 74.35106138354008 38.148150210358374 79.3273477047803 58.17030432464388 53.56809136438669 68.92094323031455 95.00238057127996 63.969680023779894 34.6883590112074 26.632443323699327 51.08947368980983 83.10128822228002 59.06241781513878 24.59826961993157 10.799755762656853 44.97831440689775 79.52557447355413 66.9448300538688 39.86472649654419 33.03963565454176 54.6705916161387 85.32856853775209 84.0939146073545 64.46387002098966 60.28415562491759 74.21289051320804 98.87219848646347
48.094602423785844 46.60509892230478 19.733554067068123 23.469856805947956 6.403503829348776 45.49191117794584 28.965886229915192 0.0 12.223279617912977 21.390912549063284 44.76711455338621 8.040560959551065 49.129744341075515 13.677670453827982 33.25539360029967 32.160829233497694 9.4676885428746 4.42668805016142 45.99899563528368 42.775065416010555 52.83023747805483 50.58641083017961 11.983164178184436 22.1193835862933 23.188046607864244 48.88649880108522 23.41773575519649 29.777714674357576 25.020914890112383 19.79314164763922 47.67742660315402 16.993526656138712 41.50096610154751 17.897963978837417 50.49991306566549 14.604899000201076 64.9896958062485 20.13674393342135 58.084971265900265 43.03786623593028 87.8498673005545 57.42595598342381 35.67511532824774 40.528008640809674 66.38642415920958 81.22010442612934 46.76692354876792 13.131590943615002 23.507147646764487 57.685241332103004 84.0434197124213 51.47280093897048 25.108700968163795 31.722062993558634 61.457110941234035 95.48479247106226 68.44432908731666 51.44620527570851 54.80513802009328 75.8636904746497 112.9545724578551 91.06348984305747 78.87406495713498 80.89754176096989 96.24157938403434
35.95533742994528 42.84426832515483 10.134118995422599 12.596559762680483 7.539706343905902 49.188044054274 16.829591673402604 12.223279617912977 0.0 22.647070791734034 50.54581359853947 5.20273087312556 44.287208122137706 1.5541725791018581 39.36366715063636 29.7345433417194 2.878363091598589 10.229405251324534 50.785791146689 38.40612987889415 40.885488083297986 46.856871587476604 12.837651256616695 10.08088667366082 17.897737298647943 52.50222456926216 22.312084360545068 38.31317540641173 30.74443186011418 26.2905792470011 50.58281675803659 26.41782550848738 39.664469171498055 5.685403095416157 53.29370442837156 19.245789894485174 66.68411511841038 8.875929013447056 62.907913647775466 39.56187099653479 84.20313964763463 57.050650706436365 42.59347066538227 52.61605951520113 78.2145425892644 73.9440039141781 40.5860397431865 14.885825505378953 34.507959252056004 67.48971013636752 73.73207158518194 40.20219851124448 13.815427082778884 34.064147740967535 67.26601796316181 83.64375955053671 56.22943138222929 41.4974720204861 51.741204120041594 77.63430306478408 100.7333457234925 79.27001046559248 69.39036097142173 75.76984790536596 95.19389437315812
46.87795651254859 26.50587217679169 18.832681567956964 34.11813298117423 24.434981267592878 66.88282252641281 31.047558785857003 21.390912549063284 22.647070791734034 0.0 65.88422852092732 18.9480872012943 29.8748771193042 22.695230196742525 54.41318732927215 12.09221216733802 21.065787095736617 24.630476221436297 67.31401549915847 23.48155009074913 49.33646933253889 30.29673075172246 10.361405626787688 29.771060936218948 40.296845791209655 70.2773862810769 43.202118354623764 21.709850632922805 46.353804920357334 10.229997948223662 69.03820231351467 16.43035970354275 20.413140878187246 24.948071679419346 71.85730666679353 35.885650956316056 86.23512950775313 30.471060310818494 79.34426230108488 22.900520738076853 66.96161258632871 36.067203556396 22.64230123810133 46.03639276887229 78.23599001526559 63.53279521729922 29.283279081893422 8.57079181680656 41.03973908135903 75.43152900659885 72.00087560937311 44.66185485508389 34.64199690601668 52.917729546114856 82.43382637469207 89.03326383764123 68.64612555121147 62.38940201220869 73.94161792212685 97.1445659031741 110.74586832952036 94.92198135725288 90.27963403666196 98.41410815749246 116.68314201414069
79.33283576604707 91.3239985341305 60.678981699544586 51.34967419038289 44.117149432946206 8.780097695207811 63.3185309726997 44.76711455338621 50.54581359853947 65.88422852092732 0.0 50.26310811946773 93.63596388079839 51.84756221768943 11.513521559358306 76.92572348810965 49.64490517421415 42.58788117639004 4.378973625441263 87.36451169396491 85.56161162607802 95.32132332499924 56.72194890183874 54.7706080520577 39.51846722809991 9.901730880363013 31.51769522444488 65.63347493208613 19.996553730349127 61.333423634957946 12.259744802475847 55.215872331109786 86.20438102577069 54.28767572869738 13.655342198043556 31.47749511823752 26.85589378925109 51.21407506166475 13.7216282631916 87.77496252210952 132.6165475900345 101.48110387680013 73.51519858442913 53.9013787734891 52.92482477642144 124.4765469563606 90.691391660648 57.88169268381117 29.504172967087882 28.02759613638422 122.35729878247398 87.78746248243141 53.26183036330856 19.022633335072204 16.785487337770515 126.56173278379921 93.50708232175407 62.161972063587896 37.14136758032313 35.912194162039206 136.50656232923782 106.46913361310672 80.20034649126164 62.63624395917047 61.71942039618812
40.269650554795305 41.517401671287786 11.804003604577371 17.748504543909675 6.215327928357963 49.81449341178456 21.197994290968623 8.040560959551065 5.20273087312556 18.9480872012943 50.26310811946773 0.0 43.48592428258009 6.309089019703032 38.83740698845693 27.642216640860113 2.501744733906865 7.849276711882091 50.950457039061384 37.32461610834247 44.86434882824819 45.546953063998025 8.63760887160519 15.186771836902558 21.45870317751394 53.186134278356036 24.42713886482209 33.20702975598973 30.26709986537243 21.377734645350674 51.55270586400479 21.217893533346935 37.46431464558433 10.44840374944966 54.32842745208994 18.845453231716604 68.23685080325465 14.055885965478941 63.12168456497436 38.07384974443931 83.00668467355425 54.405989516465574 37.74573556754816 47.79431216913138 74.42230083508417 74.52040850324707 40.44098192142469 10.606950195723364 31.375060232201825 65.20072127755188 76.2038198538849 43.438153515211454 19.01504529283708 35.08729770809412 67.04858476998106 87.47164011720812 60.94421845562753 46.60386131462105 54.995037996457995 79.19470125715998 105.28999399723662 84.36434059683356 74.45432871135803 79.77655129285498 97.8769389612745
44.24143860852727 4.757615999645723 34.74965931377241 50.32862914054455 49.6965610581273 93.23164796670198 40.11353803243702 49.129744341075515 44.287208122137706 29.8748771193042 93.63596388079839 43.48592428258009 0.0 43.34458913711014 82.14837938742569 17.78266495196618 44.45725767523952 51.05211002963803 94.43439616574074 6.432857674169393 42.55510010402299 5.058506132267608 37.18745597541149 45.175663487985624 60.961256418161945 96.58617543251137 66.52304262110633 46.16619098110507 73.65969853140547 38.825543087997595 94.80228016507972 45.8003966409818 12.731076552571166 42.62916689359229 97.53683848219436 62.32311678569021 110.9338391923974 47.91143905113035 106.6052849880808 7.548552387042154 40.02908133631337 22.064752711748557 42.026469520161285 73.75933728555323 107.28233965247995 33.93049094409267 6.319989146070929 36.379389367845505 70.72362645969214 105.23809371742557 48.04416760436984 34.442585111243716 49.59004341334671 78.27441632028523 110.40573899002828 71.22606917972334 62.6564923240189 71.92563065638875 93.89107452124398 121.87103271853667 97.18978033245631 90.87584282256948 97.29170679049817 114.3137157283689 138.07341157225437
34.450152479180446 42.037242356015184 8.896108343076289 11.8924678074824 9.090077322992725 50.325443975713696 15.318623244491668 13.677670453827982 1.5541725791018581 22.695230196742525 51.84756221768943 6.309089019703032 43.34458913711014 0.0 40.71612769425494 29.189179560666112 4.2287270853934675 11.783094964364214 52.01046264135956 37.547250339990015 39.346777695332186 46.036786765697 13.223588729128748 8.883853161863183 18.308961821862578 53.62358376927124 23.180511838604815 39.09893840440863 32.10571559124791 26.921284551346034 51.64514955915054 27.40148949766325 39.112132037669944 4.230515378360922 54.33799210845684 20.637332236074897 67.58973489747883 8.136953536555431 64.1122975613219 38.80629436020087 83.31428222995788 56.602352972356094 43.14163879379539 53.975860636007795 79.75214080122791 72.68106899094006 39.50101251085345 15.263423352394307 36.06194807384052 69.01308577851796 72.21893026258857 38.65205233411246 12.932115313362624 35.14753560112383 68.54422008213116 82.0998279336474 54.81590687929614 40.79224584029385 52.134947667105614 78.52973952160605 99.28179194403424 78.05543450822356 68.72546212586938 75.81879105677461 95.75254907322257
69.80157011329926 79.81258880714887 49.47420900995051 41.34410525837538 32.7312815950124 14.267759736763566 52.9349430580313 33.25539360029967 39.36366715063636 54.41318732927215 11.513521559358306 38.83740698845693 82.14837938742569 40.71612769425494 0.0 65.41272658191284 38.315527755188896 31.116392656119015 13.193393444223128 75.865659969424 75.87787729088276 83.80880608379054 45.208436074824206 44.315943237143365 30.139585737448947 17.358447939158832 22.150299747027997 55.2635255596116 8.625204905266681 50.167564961086356 17.58181857770524 44.28776924682948 74.70898898521298 43.394170574306706 20.172832425861312 20.156946251528318 35.096079356742955 40.77793541651513 24.96701069784423 76.26215713301697 121.10526068263697 90.11153465381817 62.996074399556385 47.02907933397694 53.38328781686397 113.200805487055 79.27836547731086 46.37395437866612 20.270066578086958 32.65049916874448 111.96704810192703 77.52297408348328 43.33423593909515 11.863951355002166 28.257804634494647 117.61416834835671 85.40703338873453 56.12894272062167 37.43505273619552 45.24528969957576 129.24305083162207 100.69078821069864 77.25462314606165 64.75100070611232 69.36772100133727
43.419755164318026 14.571246875473204 22.019255542280778 38.769903720134096 33.76427998594523 77.23926184100603 31.781298761776306 32.160829233497694 29.7345433417194 12.09221216733802 76.92572348810965 27.642216640860113 17.78266495196618 29.189179560666112 65.41272658191284 0.0 29.13943782892407 34.655652888901436 78.04938969243643 11.398343932261014 44.348967993928795 18.484852017030565 20.214360911321094 33.743049352587605 47.49469207349172 80.62740166513854 51.83758543479976 30.466227004674046 57.09710992052348 21.387122027261984 79.11905638281681 28.19071262485979 9.930044644116194 29.849641958641765 81.9093585092475 46.08328512604833 95.8779869034811 35.59175604989259 90.17921905676401 10.963341342983203 55.70002710833183 27.501639684137366 28.3730913016396 56.99622262878068 89.92747876430019 51.51301279285142 17.6510139619587 19.08873408120917 53.028812091255126 87.49047789803764 61.68507239442521 38.11097341534931 38.66103675297511 62.70356098934222 93.61425472597108 80.9740719972604 64.64471279349036 64.77542279076202 81.28683689572445 106.8364275643194 104.44467449873112 92.14597136893111 92.02045199666523 104.11215428384254 124.92242107652332
38.63031693305939 42.71813460775432 11.398131038896302 15.28343340025294 5.6904527846281585 48.77985614416223 19.49948305516961 9.4676885428746 2.878363091598589 21.065787095736617 49.64490517421415 2.501744733906865 44.45725767523952 4.2287270853934675 38.315527755188896 29.13943782892407 0.0 8.045735143940773 50.12536484090356 38.408907206100224 43.43275036863546 46.74673342379899 10.884398446792197 12.9592457132089 19.234158165300244 52.13031128645423 22.709018333535422 35.703214295851694 29.697598533310043 23.869001488060793 50.36988369667982 23.655398619842487 39.031451788347674 8.459240854032464 53.12085030381313 18.17243053234944 66.8220061957174 11.616040771846475 62.28690924162805 39.338380009252866 84.18740680118786 56.17479939717924 40.23083106396421 49.761978525130175 75.68891796665613 74.8878904646344 41.10807134947368 12.899709364173374 32.21464035350934 65.60499359291612 75.62684025807205 42.42728710882595 16.600597901375785 33.85165350909965 66.41640215506278 86.14628020207493 59.04409581927287 44.11400609677321 52.92166325428687 77.78287712523385 103.50549125723668 82.14723675014234 71.9562606374727 77.47252119107215 96.02620886602314
45.99318671924212 48.857186725873085 19.367690544506026 19.9653882508713 2.839230118047393 42.58914669160085 26.933748208718608 4.42668805016142 10.229405251324534 24.630476221436297 42.58788117639004 7.849276711882091 51.05211002963803 11.783094964364214 31.116392656119015 34.655652888901436 8.045735143940773 0.0 43.45960261828378 44.804678595535044 51.06385663565266 52.87477294915421 14.569327453297143 19.360305242126323 18.77351238997965 45.97958502618267 19.20266285870438 34.20439484520625 22.608056739571808 24.033482957168385 44.55368808312541 21.417629461812645 44.271208901501616 15.770849960531612 47.360657435631445 11.429441393584682 61.62046567127901 16.914863176342934 55.61797609947427 45.34900442009457 90.29275951548725 60.66927232582608 40.04453575750992 43.831440085514565 68.07092986189618 82.36048565113518 48.20592336420931 16.100462834842414 24.279439141633443 57.57264829758942 83.67132558878748 50.39298060807663 21.745401382639606 28.304075432517365 59.36520116144264 93.83865598076335 65.78504822349551 47.375787884439944 50.55760556857669 72.54302984512698 110.44253812952495 87.68334300539901 74.65876569394574 76.5130197660976 92.35421666962712
78.0228543206975 92.31665806431775 60.898430852133835 50.50659382064171 44.74565647063186 4.6717378450446825 62.67234847512202 45.99899563528368 50.785791146689 67.31401549915847 4.378973625441263 50.950457039061384 94.43439616574074 52.01046264135956 13.193393444223128 78.04938969243643 50.12536484090356 43.45960261828378 0.0 88.23768723995622 84.32579817202613 96.33325579113986 57.844852402700305 54.2343048388155 38.430604212355874 5.555881251107208 30.592465380345352 68.31525068283156 20.978155349296806 63.34419967216674 7.938172579903954 57.47678983981255 87.49726679155219 54.157317528468425 9.28798807904246 32.112533019966854 22.957298845570705 50.689871446373964 12.17125157747673 88.80340231363984 133.73403864437992 103.15499836877713 76.10459605036095 57.772490421848296 57.25562870630989 124.68158131282289 91.231448018975 59.124421935062834 32.604558023569346 32.019633231201304 121.55710942010383 86.95337135746188 52.349796033981484 17.747335396727117 16.860874742488605 124.8068093840535 91.40094445338349 59.38320303986326 33.06714590439001 32.48609937036753 133.96744827728278 103.4546421577256 76.50648885029936 58.29594117487793 57.778756902812425
42.48281379347201 4.738192964126508 29.174434340136962 45.253477165027 43.53989320222673 87.1288146881826 35.80687882259563 42.775065416010555 38.40612987889415 23.48155009074913 87.36451169396491 37.32461610834247 6.432857674169393 37.547250339990015 75.865659969424 11.398343932261014 38.408907206100224 44.804678595535044 88.23768723995622 0.0 41.727433186004355 8.562267493859746 30.81273525644282 40.07985656883815 55.442904162792985 90.49421549212643 60.70792746038637 40.59340265977549 67.40828723698368 32.620016552882646 88.77823639906347 39.527906060085805 8.690543322389475 37.155004009895116 91.52943499906753 56.12863399521345 105.08899258353067 42.60939922116549 100.40500472580266 3.2350132706244716 45.80388703863456 23.221034467537624 37.08478344141599 67.86891947885587 101.15307037561605 40.14676927411601 7.5792618698889305 29.96633356024244 64.29129717775253 98.8110036774063 52.25695613468688 34.14971755900435 44.6816403880767 72.26013285005983 104.12221974134681 73.85804924014823 62.1725586419251 68.34194673418521 88.7163758444045 116.04028621280028 98.91548788298718 90.30483044759973 94.44758258211994 109.91098262792129 132.79757956034217
6.432786716491365 45.4841410746617 34.09179144118493 34.57084310919781 48.27799631656608 81.20676384236583 24.163339055945464 52.83023747805483 40.885488083297986 49.33646933253889 85.56161162607802 44.86434882824819 42.55510010402299 39.346777695332186 75.87787729088276 44.348967993928795 43.43275036863546 51.06385663565266 84.32579817202613 41.727433186004355 0.0 47.58783619917996 46.666610562792584 32.415911482318386 46.044302732531996 83.9713332706118 54.06545913351972 70.98098497372692 67.9117182488969 58.72529712191531 81.09135821175204 62.61791980805038 49.63595846215279 35.294324340643364 83.23224342395876 57.66243194488061 92.77897490543751 35.71819900267239 95.38845722713606 44.91575810606358 74.79767653822047 64.42047276522862 71.41481117136047 91.8962798201911 119.09890964682663 52.285607478179166 36.267621199871364 47.87196144981686 75.25249355191717 106.90640591110798 38.4575251220821 8.488249796784098 32.5572220850713 66.65394372695138 101.09587972785287 42.78262943248779 20.498743633374023 37.481861447898865 69.16955777101067 102.75607935392969 61.54576473130637 48.57741002624092 57.675441893932 81.77992818735885 111.55386561359181
49.15862072706164 4.030369829307507 37.727176410019105 53.79513249555773 51.751666671898114 95.3528527596382 44.11136338702573 50.58641083017961 46.856871587476604 30.29673075172246 95.32132332499924 45.546953063998025 5.058506132267608 46.036786765697 83.80880608379054 18.484852017030565 46.74673342379899 52.87477294915421 96.33325579113986 8.562267493859746 47.58783619917996 0.0 38.60829316492411 48.622053224001355 63.991957191088105 98.72860689103253 69.16870963679841 44.49206035185545 75.42812832826881 38.415706921602414 97.08243634936233 45.52362227703517 10.836440373051525 45.713781751534015 99.84710297260837 64.2631584153909 113.51600412205907 51.17087174238713 108.48672939871038 7.548552387042184 37.4599426207734 17.017628915324693 39.63332986047152 72.43514842165872 106.38491136815904 35.21850175974133 11.322093563840292 37.56179793148107 71.33329832343723 105.64488705159184 51.821292153384825 39.49728249999607 53.19255666846495 80.58340151788632 112.03903279470363 75.75272506650158 67.71303010902389 76.33084426334105 97.27540990468437 124.47239534059167 101.97674280637524 95.93265511180934 101.98806780382998 118.29932816348305 141.3597167481265
43.011397167725065 34.623183269289534 12.81111885468755 25.081946891496813 14.116240599192237 57.12624973285445 24.968822881304213 11.983164178184436 12.837651256616695 10.361405626787688 56.72194890183874 8.63760887160519 37.18745597541149 13.223588729128748 45.208436074824206 20.214360911321094 10.884398446792197 14.569327453297143 57.844852402700305 30.81273525644282 46.666610562792584 38.60829316492411 0.0 21.402262838708143 30.082228212237105 60.5194610867252 32.84889373609818 26.437059091681604 36.88472397721267 13.935898633320491 59.12288480446728 16.061727301415107 29.71741218293486 16.345347729652577 61.92995635346662 25.977958885632017 76.14374707612441 21.332833364983138 69.96774229789729 31.05994163980957 75.91427395757484 46.18413424064258 29.963449147208582 45.359443101075094 74.91319400668353 69.66078381426856 35.08537118825525 2.048433114065163 34.23832972028213 68.8126783583716 74.39534235803198 43.66647644122289 25.955664820891773 42.842421491293486 73.4308572295723 88.36891139595731 64.50014878897909 53.90984285005587 63.61658894474532 87.07850993040131 108.05409492398975 89.39450857884674 81.8644705613297 88.35681954562025 106.33337304162747
26.929433157640187 44.78511267976711 11.763785892898522 5.173630530448605 16.52225262945082 51.84878960654363 8.62737382045125 22.1193835862933 10.08088667366082 29.771060936218948 54.7706080520577 15.186771836902558 45.175663487985624 8.883853161863183 44.315943237143365 33.743049352587605 12.9592457132089 19.360305242126323 54.2343048388155 40.07985656883815 32.415911482318386 48.622053224001355 21.402262838708143 0.0 16.629593318403593 54.96745615758991 23.77032662156166 47.704406323665815 36.0052901202081 35.323664194169915 52.56058522503892 36.238946198699864 43.35724098859382 5.061932197341722 55.07487598113913 25.318770445409932 67.15932864846769 3.5565329903929532 66.01506984504107 41.94098158791435 85.04886406869258 61.11300838619647 51.294181088622 62.6273816997052 87.22435192294722 71.47757451856846 40.373796971541985 23.364225585159407 43.087983534351096 74.57952363315475 67.66136895029177 33.225550469970734 4.966643535567756 36.609450694631015 71.06820808552021 75.10253781335702 46.43825056770957 32.67207546882772 48.71602801117715 77.935048115434 91.08223741824699 69.1932430624942 60.61532792805813 70.39540650403627 92.906354549734
39.83921321115804 60.03433707382177 26.269596633689723 12.236666074612296 17.22367665327453 35.65192214372702 24.57810289811791 23.188046607864244 17.897737298647943 40.296845791209655 39.51846722809991 21.45870317751394 60.961256418161945 18.308961821862578 30.139585737448947 47.49469207349172 19.234158165300244 18.77351238997965 38.430604212355874 55.442904162792985 46.044302732531996 63.991957191088105 30.082228212237105 16.629593318403593 0.0 38.65542679744028 8.044637419668526 52.93499997842055 22.84924643471239 42.17826325174633 36.10312405996201 40.177644494306435 57.41307238909154 18.332089548866946 38.55298338679903 15.623642468583189 50.558517441657855 13.33608650659375 49.88774962079679 56.91096282319321 100.98475038622433 74.90530714799053 58.467781846607565 60.174323737920346 78.85561621450582 88.10692856178721 56.55166467190858 32.06538275133078 35.399503420492806 62.23261999476012 83.15202635394255 48.55220288680956 13.97239138521125 20.688002183539723 55.277604372256874 87.47716413466408 55.57454618646862 30.325671081134292 33.84675277503787 61.370996606544324 99.88379701825329 73.42812908644935 56.58094091731333 58.36018428613984 77.49332129602297
77.59514719147582 94.70006970563944 62.5083954347636 50.88388056070033 46.97737154462214 3.3952568040920035 63.19900480486771 48.88649880108522 52.50222456926216 70.2773862810769 9.901730880363013 53.186134278356036 96.58617543251137 53.62358376927124 17.358447939158832 80.62740166513854 52.13031128645423 45.97958502618267 5.555881251107208 90.49421549212643 83.9713332706118 98.72860689103253 60.5194610867252 54.96745615758991 38.65542679744028 0.0 31.208091748716072 72.57931659738053 24.112680175402613 66.94668534094586 3.3952568040919555 61.36044763664374 90.23686430268437 55.396254136277186 3.7719604779756657 34.550587991094304 17.84029010544361 51.47278078732343 11.447469187309622 91.23783991867182 136.18556478780138 106.28537683288543 80.25856504878902 63.09576741392922 62.57393335753923 126.05847934444644 93.08729576184524 61.924003844503524 37.39990742350845 36.84775572841576 121.67531817239727 87.11702758554972 52.6186640427687 18.51823380599627 17.6629563861122 123.64869156258746 89.82782915784047 56.95545198879166 28.524599659181835 27.896715126532335 131.69305233273985 100.5196706614014 72.52691852845511 53.01800825300639 52.50209571725236
47.87760126937552 65.1562980943049 31.876902759532385 19.9165847462028 18.800166679510113 28.07857523944015 32.106355237437896 23.41773575519649 22.312084360545068 43.202118354623764 31.51769522444488 24.42713886482209 66.52304262110633 23.180511838604815 22.150299747027997 51.83758543479976 22.709018333535422 19.20266285870438 30.592465380345352 60.70792746038637 54.06545913351972 69.16870963679841 32.84889373609818 23.77032662156166 8.044637419668526 31.208091748716072 0.0 52.689312583256886 15.268638353872294 43.2015980333834 28.88873552145016 39.91287658792232 61.738739242249416 24.38301957652854 31.478711630904762 11.227055091873677 44.41114939024477 20.265684579161086 42.25819059042905 61.862908521182575 106.49125208897948 78.82752490084184 59.008187512648725 56.07984760738385 72.12993847638158 94.9571459550277 62.54283485855821 34.658231451851236 29.759368507752832 54.45077788259335 90.97515895944746 56.37402504175842 21.78155759386779 12.872303722174266 47.453245991308044 95.49496901241659 63.348988481510496 36.079603681615275 31.388206187848144 55.3492493109559 107.44877841841549 80.10461379520667 60.688137134605874 57.828561265769665 73.48487381148036
68.23957783562355 41.706177649303356 38.75357703032233 50.90889224293494 35.78897228846709 69.36817239042328 51.173298920309286 29.777714674357576 38.31317540641173 21.709850632922805 65.63347493208613 33.20702975598973 46.16619098110507 39.09893840440863 55.2635255596116 30.466227004674046 35.703214295851694 34.20439484520625 68.31525068283156 40.59340265977549 70.98098497372692 44.49206035185545 26.437059091681604 47.704406323665815 52.93499997842055 72.57931659738053 52.689312583256886 0.0 49.19378060838652 12.62643283915701 72.34384291097447 12.816435215622773 33.74110296506488 42.64810426517465 75.09634248189171 42.29683445785094 90.09243760239234 47.175416732216924 79.27777899556315 38.62796140844283 76.15594480632095 41.65214453110677 8.05781699101137 28.103553889334602 62.52635543263338 79.69198989687548 47.75901998426578 24.6145924717755 36.40983070528274 66.63570227803532 92.14933732262237 66.34716146569245 52.0306975510899 58.37159693862972 80.63557129910454 110.55164794019203 89.98802702579162 79.80447024691486 83.87128384968999 100.47268960665014 132.44281566154686 115.6218382975289 107.65847576773943 110.48490016435659 123.3616908485288
61.94863844021816 71.41965370902064 40.85055372355794 33.345853070399855 24.13238733610235 20.746469857330116 44.632341295174484 25.020914890112383 30.74443186011418 46.353804920357334 19.996553730349127 30.26709986537243 73.65969853140547 32.10571559124791 8.625204905266681 57.09710992052348 29.697598533310043 22.608056739571808 20.978155349296806 67.40828723698368 67.9117182488969 75.42812832826881 36.88472397721267 36.0052901202081 22.84924643471239 24.112680175402613 15.268638353872294 49.19378060838652 0.0 42.86336753254576 23.354131416077177 37.482293620746795 66.51952698602375 34.859598522729115 26.160810114778343 11.532594069757097 41.07018032195235 32.49647538041369 33.0831427090762 67.88886636526965 112.79389828178401 82.26685592077386 56.63940248850454 45.199806244137335 57.20871694338865 104.57891886239545 70.70035540118805 38.146803687225855 17.511864656009394 39.40812822830196 103.58082400426193 69.22923700725764 35.37286785442726 10.229597860757101 36.78181524976971 109.9962994507216 78.42377464136507 50.95308748704831 37.9074132622147 51.69674067705731 122.66730654727785 95.24319241355526 74.09475743416789 65.60160236502894 74.24201750362553
55.75786719979316 34.944644172025875 26.127759660309394 38.80961027419984 25.010447923380635 63.597579745719784 38.54764075906077 19.79314164763922 26.2905792470011 10.229997948223662 61.333423634957946 21.377734645350674 38.825543087997595 26.921284551346034 50.167564961086356 21.387122027261984 23.869001488060793 24.033482957168385 63.34419967216674 32.620016552882646 58.72529712191531 38.415706921602414 13.935898633320491 35.323664194169915 42.17826325174633 66.94668534094586 43.2015980333834 12.62643283915701 42.86336753254576 0.0 66.17165747453123 7.1404884508896 27.769389584192453 30.26246904331711 68.99038061969422 33.92269139405173 83.79570880878039 35.05520057316687 75.0270991518278 31.454834521113117 73.59988159973048 40.56113151902051 16.380399256860407 35.864729759150414 68.54990497951081 72.74174486631323 38.997150527465244 12.043493935715729 34.119868654295 67.66193037192104 82.20247497165151 54.527045997985475 39.79917101179416 50.88784428297567 77.39505664179273 99.06823464774794 77.47506111626501 67.7127721466529 74.58162218619789 94.52291607077673 120.26217759510072 102.99593728521194 95.64522786210973 100.41180662206685 115.80901080892778
74.69762328637337 93.05206785811019 60.49795559406132 48.33832480632723 45.372707563331275 3.706834103153275 60.68077653165439 47.67742660315402 50.58281675803659 69.03820231351467 12.259744802475847 51.55270586400479 94.80228016507972 51.64514955915054 17.58181857770524 79.11905638281681 50.36988369667982 44.55368808312541 7.938172579903954 88.77823639906347 81.09135821175204 97.08243634936233 59.12288480446728 52.56058522503892 36.10312405996201 3.3952568040919555 28.88873552145016 72.34384291097447 23.354131416077177 66.17165747453123 0.0 60.82532179614276 88.81284443383734 53.222661187711864 2.826082825347993 33.16828670540354 17.752625794444192 49.10030563106813 14.556353333587383 89.6249322421371 134.53912875406334 105.09793949530436 79.90716290212664 64.18341343473344 65.18162715875995 123.84408032142993 91.14590079868286 60.60218592903653 37.848452447447634 39.839885451568954 118.93304361383704 84.41714880366611 50.02294048277117 16.52838620388013 20.950750345688963 120.5154907589113 86.61226388628529 53.61185684872239 25.3303045978052 28.352489563303543 128.35138653758338 97.12796375044366 69.19836208019039 50.376525733896656 51.78787922500575
59.07127820676752 42.0093757624564 28.870038225564365 38.93465430890338 23.118495589750918 58.059968892249444 40.87790420119208 16.993526656138712 26.41782550848738 16.43035970354275 55.215872331109786 21.217893533346935 45.8003966409818 27.40148949766325 44.28776924682948 28.19071262485979 23.655398619842487 21.417629461812645 57.47678983981255 39.527906060085805 62.61791980805038 45.52362227703517 16.061727301415107 36.238946198699864 40.177644494306435 61.36044763664374 39.91287658792232 12.816435215622773 37.482293620746795 7.1404884508896 60.82532179614276 0.0 34.90483100288384 31.274529971219536 63.621741385302265 29.710775080066014 78.5524124063089 35.26776544102508 68.93720583701074 38.492568350140694 80.67814264668559 47.37887423454748 19.375284080794284 30.014903455720134 61.81614766740674 79.67461765170003 45.66528334398412 14.745965311870364 27.28407719288085 60.549568361288614 88.17894722675595 59.15814039879369 40.23268467717622 46.17874789600553 71.00076829176699 103.88131284968406 80.54675032136966 67.6682883689413 71.16868659302676 89.13884163872982 124.0776912670481 105.116254128647 95.38478966568545 97.68196929906395 111.26524147726947
49.80960342111712 8.058189891752225 31.73265944377313 48.446479552830695 43.53003371214849 86.84365102586746 40.60175389726685 41.50096610154751 39.664469171498055 20.413140878187246 86.20438102577069 37.46431464558433 12.731076552571166 39.112132037669944 74.70898898521298 9.930044644116194 39.031451788347674 44.271208901501616 87.49726679155219 8.690543322389475 49.63595846215279 10.836440373051525 29.71741218293486 43.35724098859382 57.41307238909154 90.23686430268437 61.738739242249416 33.74110296506488 66.51952698602375 27.769389584192453 88.81284443383734 34.90483100288384 0.0 39.651732481027075 91.61347806680347 55.692334663135064 105.68643801701243 45.36722103631547 99.58416297461171 5.669823439880202 46.54947391924355 17.75824818179939 29.30370634050886 61.6190636292672 95.55082820221183 45.958242398696676 16.16056442656197 28.372851008845682 61.185983196435394 95.27476811055644 60.505216014519156 42.37536719142392 48.22119093707582 72.45492182822755 102.80549143346927 82.54046635211601 70.13409526308723 73.61666741092745 91.18550209389242 116.64020546081424 107.55520717906079 98.1343157713954 100.4352156091077 113.74879514997941 134.8518131785137
30.282670793315543 41.780600965692145 8.013308238812451 9.216428116509128 12.986221225575438 52.16508565413675 11.173323280851857 17.897963978837417 5.685403095416157 24.948071679419346 54.28767572869738 10.44840374944966 42.62916689359229 4.230515378360922 43.394170574306706 29.849641958641765 8.459240854032464 15.770849960531612 54.157317528468425 37.155004009895116 35.294324340643364 45.713781751534015 16.345347729652577 5.061932197341722 18.332089548866946 55.396254136277186 24.38301957652854 42.64810426517465 34.859598522729115 30.26246904331711 53.222661187711864 31.274529971219536 39.651732481027075 0.0 55.8454533327097 23.605621375565065 68.60541991984552 5.760928358910747 66.15438697792064 38.7365696818588 82.65348278300199 57.34488858645013 46.261070172111296 58.19406598671542 83.83212006305895 70.66246910738639 38.300221302448385 18.316036666469067 39.98618864656333 72.50628387710978 68.90398545872065 34.98193322562869 9.724436620393865 36.88151648537927 70.85746555029488 78.07263448440703 50.58592973495386 37.647880043364026 51.67800314910483 79.49022392699464 95.05702849929479 73.97589012733806 65.60332115952592 74.36349204531994 95.65998079214064
