0.0 43.82412781143831 73.3936730277714 88.79645314250456 12.293611362010044 84.8470860154141 85.9600958967687 34.77307237175785 34.60412392059208 58.13966342188793 53.804977400766255 38.19160225272406 22.37150006960496 52.52093207632468 42.1467487152629 18.762666425735443 56.63475957128355 41.57954762602496 26.633859279837687 38.02331727109611 8.060228990428362 40.9558104935082 80.85419365476335 82.13513032780878 41.862103895820155 83.51364569315218 89.18768996096924 46.30291984937824 52.23926932608234 63.51698986377603 52.35759757287924 7.849740098134104 58.16922343229918 58.09361269576821 39.7445239177999 26.38686411863018 48.85122419469007 1.8936874274178643 35.60698540512048 40.026730168613526 60.077563578040504 47.199522682264416 38.012941169571064 35.50887086777334 40.93267134299331 51.85358922238557 65.58058635110204 80.69410979685516 96.5451856094755 112.8233744902488 52.926703408528205 37.728137621504345 25.383068850239674 21.538323549388668 29.702019452850717 43.58017805177927 59.28714244790339 75.69286611947932 92.42600329023718 109.33633233309105 48.94269949308898 31.92835896734826 15.561675042397443 7.976509575308975 21.99538658418453 38.764451602881465 55.859482062189166 73.05199597228709 90.28632147730923 107.54235875856172 48.90577801428937 31.871992655514752 15.446231809712401 7.749942389693766 21.914618536633814 38.718894261148854 55.828025297704166 73.0280590807897 90.2670470670216 107.5262550631777 52.82421654565508 37.58488856071096 25.170643145574925 21.288732663116356 29.522371758450667 43.458510833671475 59.19818685811874 75.62354080862976 92.36950771369622 109.28880738545965 59.927041894222675 47.00866138542664 37.77678767376468 35.25712233486872 40.715491037469484 51.683123862464484 65.44651954502623 80.58570652075755 96.45503002294764 112.74660564390929 69.24103704814925 58.372799658870655 51.177612057871904 49.29111400029439 53.280217439203284 62.02137477381637 73.84593417831746 87.51282630382097 102.2862124023518 117.75035216145952 79.9974581469199 70.74825267073847 64.88244075545587 63.346988068815 66.44279188156432 73.58764981425858 83.75161929004146 95.9803062000771 109.58466379210824 124.11314118040525 91.68993288027478 83.6874304025549 78.7325370939815 77.4126795908854 79.90818293516591 85.88711552274711 94.69191992777004 105.61821320163962 118.07852638427799 131.63796564185006 104.00309647306003 96.96477452813835 92.66263218521347 91.48350555654213 93.5455645963282 98.64576019035582 106.34788118330835 116.13539572818993 127.5290591549378 140.1376615869346
43.82412781143831 0.0 30.602106033312968 54.9958092477012 56.117060758491306 51.668779316006066 57.28341760306997 27.8546429031308 9.754520137952914 29.841917825155623 10.224606139089211 5.646173878225118 36.575612910048214 27.040289084307133 10.975542926685375 56.39191889831149 30.415594165863077 60.736959061188614 20.455386068958855 8.558668391742973 46.58347078548078 10.31163423030254 37.37001273281915 48.850419873039144 23.07928061839407 52.55903323022345 57.993051616369414 36.84082624995427 12.940113338378456 33.05647878267478 8.697141078704652 38.37021382535347 21.78214633602499 14.569327453297143 14.888544637695151 63.833910686087805 19.476198293922103 42.46369629827359 13.792565271646163 14.21030370346066 103.5014759362439 91.0058075538077 80.31344861120729 72.22973473087728 67.69572115866926 67.43128561477462 71.4838263435002 79.19335900319501 89.62103728429248 101.93607835028338 94.86513085819719 81.09707601284447 68.94039601362643 59.392932635453995 53.86058365420496 53.601345843151925 58.68514173894504 67.9226562029375 79.8857206906539 93.53432147873225 87.66528706262751 72.58484892955296 58.742013409533584 47.23763427339595 40.13564688951418 39.86291908440372 46.53966686406945 57.80601156336267 71.52506875898982 86.5380959810809 82.2800266886681 66.01173670490206 50.436162494156754 36.45235390153432 26.691800919220142 26.359834620148206 35.72030290512782 49.555521504581804 65.07126783025507 81.31113451377095 79.08101432456668 61.99770987764477 45.08146218138207 28.62993946256178 14.342999467871188 13.801551823303218 27.820083224497218 44.228319291961405 61.13137020422224 78.20906352571149 78.33659444431919 61.04971402889965 43.774726726684506 26.53487102081773 9.522899941577347 8.716962178064948 25.69044178368672 42.92698139374039 60.20104838975932 77.48754923200627 80.11522996538659 63.305653061199024 46.85588066320168 31.337734476030132 19.1662687453589 18.744340994556318 30.562509504179 45.994519904328904 62.41503778268623 79.21167986933067 84.25726635165455 68.44944410502123 53.573078980931584 40.663646083079584 32.18226782190376 31.883750402015874 39.951941697278556 52.673054583800806 67.46445464879922 83.22958326770495 90.43850336782651 75.89611293683062 62.76958463524876 52.139479098611545 45.77918233452298 45.515332789854355 51.44182376177928 61.80275620117455 74.77702752335627 89.23189309471076 98.27483162805268 85.04275996110586 73.52071899205009 64.62985246575909 59.56035718429797 59.300514970273404 63.90901824630343 72.4628922982389 83.76201714741545 96.85028075356027
73.3936730277714 30.602106033312968 0.0 33.7344132295606 85.60215643496922 32.07078784954159 41.56998559634455 56.04799873353111 38.89683958798402 45.22163058404773 20.44831148484551 35.86269160447363 60.917475536708615 32.366866212612805 31.882545342717965 86.96088345412646 31.780662613696418 79.59206416043968 47.48191733577832 38.59522438639287 76.91520502447922 32.85502263152013 8.563656002652854 29.98931504889045 48.695516198679094 35.522842604577676 39.19982973280495 61.17557798966538 21.553818484807902 44.56820179215678 22.001620162912342 67.04695249840938 19.509750152247168 16.18392105048925 42.45067232360926 94.434450079123 29.375679356110815 72.22161220333277 38.478961452883176 41.75949342443673 133.4465082527561 120.13473086405453 107.96026146340517 97.35072702417887 88.8683945569837 83.16670338991109 80.83619892891639 82.16424444274094 86.98342701567024 94.76260648931641 125.29685873530465 111.05559589565277 97.80633685009585 86.00875103397318 76.33886663671126 69.68810115964054 66.96216772335393 68.63034276747766 74.39763147909954 83.41812015375652 118.26521342519477 103.09485264420714 88.70815260941795 75.55411173337306 64.39263174738909 56.418950807301194 53.08940346693996 55.250079404841976 62.33263632690507 72.91668939292467 112.56139999947857 96.52972487212497 81.02229849137052 66.4074090509334 53.42266519135703 43.55139941276645 39.2195573778739 42.17023863452458 51.15848343649084 63.67698080107549 108.39532205024786 91.66068728005844 75.18329467038683 59.17841208572318 44.16278491217935 31.580518364617124 25.35778310405794 29.789522361631658 41.599574227574664 56.32356490910375 105.94859649241174 88.76735437524495 71.64422006037167 54.633856669339735 37.888458431487514 22.02101794456565 11.533782622047475 19.489587299125436 35.005325964288936 51.66831369315895 105.34113177966579 88.04476189611795 70.75111112030326 53.462818171722304 36.18756283116886 18.961014085478453 2.8660044194592698 15.988166943336502 33.19250755481718 50.463622621028975 106.60438319811918 89.54548624992663 72.6016941496078 55.87781468579291 39.6530786921145 24.922187314180977 16.388303339640444 22.688099242875623 36.87323559477114 52.94557067649439 109.67371008644407 93.1621243514037 76.99837183560783 61.457515726328985 47.15943527559923 35.63295601248655 30.23428344308681 34.018015211305816 44.71071398419249 58.64792966046074 114.40379821115195 98.66221436378392 83.54005085894146 69.4431545110517 57.13551764149533 48.013405428160176 44.100010005412685 46.72299991654598 54.954259315895406 66.75033010907019
88.79645314250456 54.9958092477012 33.7344132295606 0.0 99.75322008909619 4.009571154513541 11.719851606151579 82.85044517318251 59.15622671294929 77.57853809097402 47.42397851950288 58.33045515090583 69.62374715555967 36.322933552098824 49.27228694693934 105.84328030165337 32.341293507929606 77.84079458803647 62.82305328906901 63.45593572192393 94.62401852574006 50.689580396307235 36.898293205788 6.664304365361918 77.33516091536674 7.663738825949724 6.525306245246743 90.86483808275808 42.08157604376153 77.66806094182245 48.68190861931863 81.15967155171458 33.43715274271388 44.6230706118287 69.62607626438053 113.75578188598183 40.52251797294897 88.24883239293352 54.754880811056005 68.92114332129243 146.8652657837333 131.32741584728785 116.28873237738551 101.97030778044524 88.72154939128018 77.09590294592955 67.93186618342615 62.32490596041135 61.259649285754485 64.95991553339054 141.50103064855773 125.32803974574328 109.5006667586786 94.19329645607371 79.7060899608552 66.57662547491663 55.77217895875596 48.86028484906934 47.56912369257694 52.31651962681982 137.3635034431045 120.6590148641249 104.14975627782998 87.9457427771112 72.25263792976328 57.490362483149156 44.59313786475199 35.646348851239665 33.93353067220343 40.38582544659097 134.56594688323008 117.47913697053991 100.46597866685741 83.57146522043972 66.885562060929 50.61500478003684 35.338232682988355 23.11740368322646 20.463374613812682 30.02993059857304 133.19286218735851 115.91107667170546 98.63635374477805 81.37319148393496 64.13092648517829 46.93259633526035 29.854227389890642 13.363929612446727 8.039139486724924 23.438735888464997 133.28829950466883 116.02022816270738 98.76400765313052 81.52716344385446 64.32527386195332 47.196574476952385 30.265586629629187 14.255108994699377 9.440542230507486 23.953138614836803 134.84913954940137 117.80192783960676 100.84150578864299 84.02044809614696 67.44311253542925 51.346104821550774 36.37283126121781 24.66281714100285 22.18642752860852 31.22389958692779 137.82558358111743 121.18240089872477 104.75287374321738 88.65586443857207 73.11133642213744 58.5609101692965 45.95868099436674 37.332666529028 35.69261960373084 41.86771633103758 142.1286821720989 126.03301943243414 110.30314336565256 95.12069513872702 80.79487365924105 67.87030524797022 57.30311351417225 50.59265817946201 49.338515018942104 53.922748689807776 147.64242469797782 132.191981860958 117.25974904386513 103.07119677154819 89.97882330411238 78.53279483206333 69.55073879632468 64.07733493511216 63.03331357378182 66.6272209404867
12.293611362010044 56.117060758491306 85.60215643496922 99.75322008909619 0.0 95.76904069409835 96.15756090131603 44.87868177290952 46.875569119797525 68.99212417879839 66.0928662599211 50.48518906114792 30.99875047043095 63.44166216813811 54.16421793293801 15.622175693676528 67.4267316450591 43.37091623706813 38.51383581963285 50.188749183835434 12.730811914466896 53.01594922838212 93.11967183321038 93.11655633630977 52.7077562144362 94.12327535959281 99.73243283257025 55.17605630890565 64.3460669894515 74.43357679786155 64.6485360694311 18.902888195900665 69.96420156990678 70.37630267352338 51.44376331492948 20.795510305050488 60.3736496243631 13.721281738110944 47.569666919108045 51.77814531456315 47.99570343285798 34.927957969046375 27.111751677822713 29.1348938815469 39.51388534718934 53.59629054552904 69.15553279727065 85.38807413137916 101.97288277934427 118.76247122622176 41.791216592422956 25.79587571162746 13.530020865690437 17.30342645164492 31.85072229562896 48.25185277248708 65.12086395796297 82.17010034495371 99.30678073608082 116.49232099584988 39.90711378412294 22.63189865471667 5.526439464454946 12.148819691227153 29.382983118198876 46.66732437431113 63.961177458585325 81.25846952667834 98.55738992102852 115.8572092559199 42.916262378579404 27.573380821733288 16.658014922105345 19.834312949214073 33.28697728850996 49.207297443076975 65.82860900922135 82.72947349218863 99.76792160929746 116.88380109272238 49.94182392466181 37.54582731428353 30.395751751696594 32.199743856954555 41.8145248498326 55.30637102912303 70.48293458971716 86.46156755597296 102.86919103344731 119.52927451951756 59.579434804022064 49.60228866269313 44.38208082947389 45.583497300486584 52.76973965006401 63.95419992825728 77.42311039479829 92.18047747099743 107.69794287244562 123.68976287243537 70.76977027982299 62.54894112042567 58.4386572275835 59.299917836116585 64.93520482520569 74.26559344280314 86.09804229085972 99.54428349282976 114.03487553529222 129.21895477272957 82.886181168396 75.93166299250957 72.52450467396973 73.1619985306459 77.74471169902993 85.64163871931981 96.0386811902771 108.21762427349013 121.64443282696064 135.9498796879552 95.57697681137572 89.55502701303303 86.62519339842157 87.10007061200214 90.92632936163595 97.71105025923187 106.89236743050256 117.9117635645702 130.3037476740216 143.71369533467592 108.64090651715597 103.32373477145865 100.73433223544636 101.08254617155221 104.33896930627807 110.24619638205617 118.40815445883437 128.3955692066171 139.81780024065793 152.35247374946798
84.8470860154141 51.668779316006066 32.07078784954159 4.009571154513541 95.76904069409835 0.0 10.495182505793892 79.50812671537453 55.513300093621524 75.05951625949903 44.44924582146655 54.82710495933601 65.61528370562002 32.35153402926327 45.59140899591864 101.96364401954729 28.34841470940924 74.04247516306634 58.944906886855456 60.073163584415006 90.72495049870315 47.01199640385228 36.089703274199174 2.845226392315494 74.20927194639368 4.939532328609118 7.143692154182497 87.81067225023374 38.73020192036854 75.37828204831968 45.653035979742306 77.19630582221718 29.977630812933413 41.86266002754607 66.39405221654566 109.88029331244432 36.70399966588284 84.31485415805165 50.96373075746835 65.69289029551271 142.85815562006314 127.3186934334792 112.2957839550256 98.02720447496523 84.89416274059899 73.50783118304679 64.79567848944198 59.93542345431703 59.87258426493633 64.62115780956857 137.52434940292724 121.33177463530596 105.4919704043931 90.19099472788714 75.75604706599812 62.787301512503184 52.385257684334825 46.3129424835301 46.30621435366759 52.36741125460834 133.45742247491356 116.72355626464999 100.18284393617564 83.94953549629099 68.2433546942175 53.53031915550654 40.89673993166921 32.83748261398646 32.90540762663607 41.060200888353464 130.77568290939138 113.66192243093819 96.61520586376072 79.67857566921762 62.94096329480316 46.617232045050976 31.360481659177612 19.811747009214532 20.006070392152314 31.72841642489138 129.5652103127267 112.27351308529795 94.98554246338993 77.70378583463412 60.43357434760305 43.18876014942652 26.019888883080796 9.354878468379928 9.833941440538878 26.544539490847388 129.86716899540232 112.62024899245147 95.39325201932294 78.19934607142413 61.06648891711051 44.06594556830693 27.444711630877666 12.780061881243896 13.121010418055459 27.923198144353137 131.67114982117116 114.68638854828363 97.81285523148404 81.11998820381856 64.7476735588546 49.0181689161094 34.81395473150583 24.898853624079063 25.03208515369433 35.09940982541659 134.91689031664106 118.38191035268521 102.10138541545835 86.21957960909192 71.00454711910348 56.99282687126717 45.31474062218569 38.17559325410223 38.21037716063763 45.402607028917146 139.50374892304663 123.56065332709213 108.03645199849154 93.14083794690627 79.2291439439 66.91785733732827 57.24895488378154 51.72607528349216 51.69556767789143 57.166226001052756 145.3047131102994 130.0454719433185 115.36413165650167 101.511742929054 88.87675743678784 78.05264283352562 69.88594333141579 65.3801810856727 65.29765741465897 69.65409557566895
85.9600958967687 57.28341760306997 41.56998559634455 11.719851606151579 96.15756090131603 10.495182505793892 0.0 84.7474628857413 59.58933611410797 82.77393492183005 51.35247102876586 59.63808852977607 65.3183601887663 34.14834081697913 49.64266866443614 103.82201603683423 29.88129700534136 69.94559516747161 61.2229464226352 65.34057761033164 92.44474374214987 51.04981920197306 46.263637188482825 11.771114028301843 80.28534328022 6.084728465793686 5.945980281964433 94.02945125560679 44.53018915415254 83.56332859516664 52.37816812916808 78.14748188741538 35.654728722368546 49.37003189729934 72.17181393116165 111.74032759625369 40.06907070631073 85.6537946306769 54.14852051510981 71.49150145709469 142.22472909270323 126.14082622722317 110.4257404111431 95.26217443518972 80.96061536307721 68.06660143704826 57.53437973952779 50.85321133017314 49.604384715592495 54.16495632132198 137.89692631726962 121.26316382358458 104.8458625399022 88.76520862179561 73.2432728003091 58.72477448555826 46.16631505140231 37.58677336136591 35.95705490308803 42.09229670839603 134.89373774193862 117.85274325679254 100.90058953607586 84.09102275989987 67.5306042728604 51.460433176772824 36.5332877893538 24.897737153490215 22.44604149401582 31.408016601860705 133.3047632438814 116.03905523035999 98.78602158140954 81.55370664111099 64.35875511403879 47.24198279776563 30.336014956095738 14.40333135387654 9.66185234237188 24.04080101006367 133.18065425288634 115.8971127062231 98.6200194829324 81.35348299094942 64.10603395529631 46.898735878221785 29.801219895398905 13.245657036033322 7.841912787268299 23.37214591762519 134.52546691133344 117.43297982646794 100.412250194825 83.50716713297767 66.80558113766521 50.50976257054891 35.18804191747255 22.888254811660378 20.20539180415288 29.855573062585684 137.29602499403032 120.58254119283606 104.0615594959345 87.84176257323804 72.12662824803347 57.332660118225164 44.39060140931767 35.39385870808612 33.66946893806669 40.16527363852609 141.40851302310847 125.2240529177276 109.38218332617966 94.05617128071094 79.54475098854057 66.38429174887706 55.54352977354749 48.60036971141055 47.303392058286036 52.07618065988158 146.75010061295637 131.19920319988265 116.14458763302294 101.80665488593286 88.53428798323756 76.88134198753458 67.68941402260991 62.06180970369321 60.99323818960841 64.70994834040934 153.19219893902692 138.33520771749156 124.11323794961385 110.77115254915847 98.66654399176971 88.309749369216 80.37924501207883 75.64205502770818 74.70812682808909 77.71469748246228
34.77307237175785 27.8546429031308 56.04799873353111 82.85044517318251 44.87868177290952 79.50812671537453 84.7474628857413 0.0 26.06000125516909 24.494569595513603 36.412184143221346 25.154136882574214 43.23963601543838 52.362087002775496 35.49709141618978 37.76238540162214 56.32401791030512 69.27570817046141 30.661156026407827 19.46127447845981 32.30258946729361 34.16141687383422 60.99845553841682 76.68387312565903 8.98406731683645 80.24936321837914 85.7501980312704 13.044314227204524 40.781657868010576 29.954734701771436 34.94440112429715 34.51303400841283 49.56191219550481 40.231499952911115 13.646224497227086 43.51915194516011 45.255480740498456 32.88371997973169 32.810319583977574 14.350995928175823 86.74678743500709 77.79911922786796 71.96589656304138 70.02975851003087 72.30444923550628 78.42441695591542 87.5872962456912 98.95134786931281 111.84763528542643 125.80583167861408 75.67671193713342 65.29077419416312 58.28811092004804 55.95373775728734 58.84586542879609 66.28385325051191 76.96077403381996 89.72775764655894 103.8165615814632 118.75767191396422 65.80946175944185 53.60214651093089 44.87983902134072 41.87976572459719 45.74204401093621 55.040524979385886 67.56692368453514 81.85245230733088 97.123960521705 112.98233690295326 57.764925276227785 43.40089307657624 32.08111993513664 27.811307080845307 33.41330806147887 45.36672038486224 59.987826182577436 75.74727104293534 92.06230857099439 108.6830164143193 52.389721226687634 35.97556859380892 21.035989688435524 13.765786203134894 23.13425076602808 38.46560708365096 54.97931410273489 71.86487119011083 88.91066934956011 106.03946066549123 50.54287865037472 33.241699172299796 15.94215006633541 1.416805171657836 18.67019358047131 35.97024496790236 53.271516977186195 70.57311189349065 87.87483898644017 105.17663302623244 52.59741795181347 36.2759879707644 21.54341678143368 14.525938362020273 23.59236188459158 38.74156383787119 55.17182771323518 72.01156124625236 89.02871395394874 106.1379830159976 58.141183782688586 43.898163349913176 32.74766917746032 28.574123343832834 34.04791932618335 45.833946952710086 60.340286486694474 76.02538556613 92.29018325221179 108.87518631870087 66.30460368681409 54.20614517882806 45.59623393881767 42.6430720388088 46.43868328971046 55.61812373407117 68.0360546980357 82.23830287082465 97.44781602534263 113.25952456963303 76.25079386244666 65.95229465052489 59.02477925514923 56.71720862433954 59.568924228699224 66.92360947341554 77.50987077494939 90.19694241671002 104.22041338404323 119.10918730717793
34.60412392059208 9.754520137952914 38.89683958798402 59.15622671294929 46.875569119797525 55.513300093621524 59.58933611410797 26.06000125516909 0.0 35.66017030985239 19.26391163482796 4.445061203142769 27.20252047770809 26.38755158878275 9.977951335869756 48.49862363376053 30.445527063848377 52.175872423944554 10.871623226605553 9.20357884216752 38.09997130321563 8.558615331978258 46.250291755349735 52.66979513430171 24.514400121447352 55.56905266505648 61.2228873769351 37.495792326318465 18.405504664761335 39.75366202564578 17.864589935486833 28.77470379538365 25.97774099439881 23.513136504549728 16.520945804913403 56.18643504460106 19.56825420734493 33.364048048670405 7.064636210031069 16.10116263148311 94.58055693032942 81.65648806467914 70.63129071038728 62.51778389068806 58.539424910033425 59.531102174230014 65.2666597462061 74.66068921276263 86.52974658321492 99.9963622548509 86.4919189209875 72.17932582476601 59.47740801870665 49.638422649316645 44.59919160797797 45.96636522053658 53.24875136196454 64.47213554767661 77.95246598325983 92.71041793566134 80.09786220001016 64.41696407993305 49.82100037409411 37.595584582326424 30.715353925307916 32.74365645902522 42.42134126510353 55.90798186301813 71.06717781116248 87.02927193069908 75.82838136956117 59.04970577748021 42.690799682204215 27.510966839551546 17.026876085853726 20.535043606004223 33.943685958034656 49.813370803279646 66.40242690584142 83.2820807916924 74.05193593090604 56.76118410942988 39.4802280286706 22.231922233348065 5.342462399130608 12.709800159147111 29.887283466177376 47.15584781543404 64.44231397691686 81.73532440449513 74.94603865782155 57.91754360018436 41.117975849654364 25.012935741164814 12.622159321714523 17.07933817889873 31.981269744182143 48.5037356437695 65.43039097752853 82.51286378893657 78.41938539801158 62.327324365501916 47.10096693502017 33.92664406052601 26.11979394221266 28.498779997588144 39.253377619096234 53.55544057357392 69.24054551255021 85.55133802567423 84.15316690734527 69.37279697623225 56.054618846661135 45.50122527888674 39.96634313886673 41.50857188727947 49.47039893263341 61.40346142633737 75.44637601479805 90.6235736786998 91.72438002627439 78.34601066791025 66.79470292871898 58.169293847503376 53.89341898479381 54.99121683380625 61.17406888279586 71.12804604523701 83.51545138648424 97.41232859158005 100.7194131004334 88.6634857117295 78.59210096250835 71.3506417708401 67.85131495426961 68.66861665671833 73.65899808344932 82.0646586308426 92.96375372087137 105.58694013593016
58.13966342188793 29.841917825155623 45.22163058404773 77.57853809097402 68.99212417879839 75.05951625949903 82.77393492183005 24.494569595513603 35.66017030985239 0.0 31.771094850421264 31.889294788029922 61.01837452502358 56.38708576657552 40.80332050287614 62.15003642669952 59.308158333111805 87.04337574315039 45.246457932129246 26.543212162671818 56.601881530896 40.03267997935865 46.98367076135052 72.48595203370917 16.304004885314672 77.26264570345313 82.05120184939297 20.15735494858122 39.81104350082011 5.464870084132662 31.027186289159538 56.24410110173181 48.000189679948214 33.40526316765082 20.322296135317647 67.50694665994719 48.88902383381515 56.297234229390575 42.20903410389049 20.432121966976208 111.0005064305818 102.28933195568784 95.93630475441732 92.42896646795997 92.0930249770269 94.96214399017009 100.76291216259885 109.02840124384352 119.24718957444736 130.96283555795716 99.49787626386198 89.73794626456367 82.49032950551256 78.45440566229675 78.12948814411027 81.55994060476158 88.30919968518822 97.69180840829412 109.03003234922875 121.77885826498547 88.7654782805661 77.7278900889865 69.30103373275331 64.51616286520789 64.19291924408047 68.39459121244434 76.37802661015448 87.1095827454216 99.70581466710964 113.5478452699519 79.11756751006259 66.55309038761806 56.54856002681437 50.64451492263014 50.30601944245835 55.63475300834659 65.25685666767338 77.59117470139287 91.54793766262227 106.491130325834 70.99780652430161 56.7096891653144 44.60937686681431 36.914922578746165 36.52579717012666 43.637868350807324 55.43555352684163 69.57474384225732 84.89344327896504 100.8556185237596 64.98172539844398 49.00680804344475 34.342701346110005 23.577241976322746 23.044800823764774 33.24079802199918 47.72368137093272 63.630654376213016 80.11792490667587 96.88970486362274 61.68800095971378 44.56860591892074 27.677158906608735 12.016777320324916 11.02243483226391 26.40641063335484 43.26449232202324 60.37422785976782 77.56927100260101 94.8032148110522 61.55525126177058 44.38552659318557 27.382738788941957 11.325510840119776 10.268077111819242 26.101973468249316 43.08022782991605 60.24294515038698 77.46762065843437 94.72045956461415 64.60296707916491 48.50577779289902 33.62720837153467 22.527302238893274 21.974555495076082 32.51144985992229 47.22096138914522 63.25626891261301 79.82232431248477 96.64658762819474 70.41936647461505 55.987156515389394 43.69146318905478 35.80550177727984 35.40948602396831 42.712260353188356 54.713347635479494 69.00341567937554 84.4280763857395 100.46609641899175
53.804977400766255 10.224606139089211 20.44831148484551 47.42397851950288 66.0928662599211 44.44924582146655 51.35247102876586 36.412184143221346 19.26391163482796 31.771094850421264 0.0 15.698969610720422 44.443066500964584 26.052485516897566 15.266331033580009 66.61016003435113 28.276150334569756 66.84252700065807 29.156190304196095 18.183476849900725 56.78449702235948 15.597019228402429 27.17001831233711 41.72640095338777 30.03904323314288 46.085285645261926 51.18883688194711 43.45302051043761 8.622477462218475 33.438346750674334 1.5537834391395589 48.01361757745241 16.232353068512143 4.34592916506386 22.79628836530916 74.02754607762542 19.1995225436831 52.50300189924505 20.906018375950637 22.08608534038517 113.63502895556378 100.91296421528965 89.73639546298183 80.74963020467425 74.74672347076401 72.47296285647492 74.27163526555816 79.86807277642323 88.54507370247337 99.49994416338654 105.08679984930444 91.22665141646898 78.74049223944766 68.38512317212202 61.25097377496859 58.52807249184718 60.81188629706697 67.59683812521206 77.71278078940833 90.04397167635679 97.8345136873685 82.80939561642761 68.861482474101 56.790099200185445 48.03156044114938 44.58306923434191 47.612741561735035 56.08030035936177 67.98331302889483 81.83621108560281 92.18465452486907 76.0837008232896 60.64781547088169 46.54346894283738 35.39972415944223 30.638136846534607 34.97083610430579 45.89043817369127 59.896696429807086 75.28615516852784 88.44493329577881 71.528440547325 54.852908973402556 38.73083620140845 24.290449917614996 16.6939053512446 23.79199926220753 38.107010066994214 54.19355531725006 70.85514020807477 86.86247064824691 69.5713335575404 52.287337528026114 35.02105717285621 17.824050947499483 2.7627352015690985 17.212849454674014 34.40414559097205 51.669351150177995 68.95296969424223 87.55433877134371 70.42933635995814 53.41847610859224 36.6809043874462 20.884369534731732 11.204375141733685 20.33794829974651 36.06160350068852 52.782187718060506 69.78676393718811 90.468363494132 74.00458762548018 58.030540934486126 43.09430203596163 30.74743160194447 25.147578961519304 30.30028713568503 42.45614877429225 57.320609141202716 73.26315848487677 95.40109570770282 79.93325823521351 65.3910435225497 52.548620010418084 42.95849681149455 39.09237167207409 42.54057697018075 51.86418751226348 64.56619312718244 79.03416182091216 102.06018785532108 87.7394934314709 74.69173478361313 63.703936750221956 56.00203251034861 53.0373784095047 55.573367248249205 62.94866608213368 73.72496016321459 86.64239560255969
38.19160225272406 5.646173878225118 35.86269160447363 58.33045515090583 50.48518906114792 54.82710495933601 59.63808852977607 25.154136882574214 4.445061203142769 31.889294788029922 15.698969610720422 0.0 31.64539415705289 27.513458038603382 10.515948064415912 51.116412941079055 31.327857854450176 56.49320684582078 15.314772319881913 6.241235697873439 41.110138001564685 9.290259382809618 42.865157890757295 51.98501758383156 22.142658828744683 55.27700132636527 60.84646917250523 35.61773770618439 16.550189614110643 35.75687541094599 14.211704060416082 32.7416053878043 24.895730932753494 20.03373311310573 13.822388669862807 58.654717502364946 20.201069231008834 36.847154159130895 10.319884630440733 13.280468524721028 97.9390993799921 85.36555662491605 74.70731969565986 66.88634585902095 62.96885894536664 63.679395566644274 68.87487154913967 77.66031631587843 88.97862562213312 101.99000535599167 89.4566171291228 75.53126613772726 63.29423298070118 53.90778831600667 49.037142066179584 50.01934537115418 56.55024729506159 67.02706897410988 79.91262371861337 94.22382305931134 82.53646454069684 67.23243874897999 53.16804816338383 41.61958139004587 35.16028226472702 36.59247227355316 45.17167574424409 57.79843627859994 72.3847074121313 87.9610151265733 77.59786766194424 61.09812730670007 45.20226488387453 30.85805950566063 21.445428834066895 23.79715308411153 35.656893688984596 50.746774634246556 66.91612436159272 83.54047976220197 75.03319861862856 57.82148768022335 40.686378092905414 23.793941860075154 8.696859106699117 13.55848183106751 29.84531593006301 46.8654106834218 64.03673895696348 81.26348833338419 75.08614421530054 57.889862854498055 40.783044679747825 23.95810070182665 9.134428771460485 13.841904947573786 29.974526185228896 46.947411550935236 64.09648997009336 81.31035570875167 77.75135643051969 61.29205820146464 45.46285022939127 31.236780948878657 21.98439441512905 24.281723420014576 35.980577641059575 50.973652245048186 67.08752387487634 83.67717655807395 82.77685789288994 67.52598887451835 53.53706787759161 42.0878081285663 35.710741268682916 37.11924007351419 45.59743872291483 58.13021886489723 72.6486459965342 88.17730250762808 89.76704221157875 75.89698984432002 63.728219396022716 54.41434100944229 49.59089379987762 50.559812782319575 57.02661018873468 67.42755780015295 80.2472336735449 94.5064185835309 98.30359712680628 85.78158846181584 75.180174068726 67.41164714139076 63.52397745088917 64.22581409137389 69.37801253894469 78.10477575353733 89.36496690773023 102.3256202923596
22.37150006960496 36.575612910048214 60.917475536708615 69.62374715555967 30.99875047043095 65.61528370562002 65.3183601887663 43.23963601543838 27.20252047770809 61.01837452502358 44.443066500964584 31.64539415705289 0.0 33.736006435103704 29.57483644683347 41.13416349029327 37.400654630227926 26.26546028258943 16.373504219443813 35.14988214930267 30.127393197617906 28.95702926712614 69.22342030970546 63.07256755738484 46.634124802129506 63.60035673030029 69.1245631931726 56.280132823696896 39.58847483626953 65.7069915504955 43.358410769979166 14.89128879555417 42.74452369101381 48.120580971503514 40.700527022962966 48.70169856937959 32.462469418673386 22.766380761996707 23.53886799513611 40.59090311894417 77.25063575127676 61.84098594618658 47.74581787394215 36.52023369334052 31.40860672705927 35.18497473389509 45.69653247756965 59.47329213050681 74.73072083191107 90.72484531827311 72.60740906386155 55.96129619332469 39.8774323715037 25.445327148818865 17.41929548375449 23.62437632761308 37.56996910914069 53.51267252826228 70.10293705411665 86.97096967563624 70.53980644922794 53.26396003117902 36.013166076503715 18.856308542454283 3.589729960120978 16.39894810251877 33.521312398170195 50.76558695874431 68.03914169049222 85.32419547252208 71.27236683991096 54.226008999587 37.415008701851185 21.401372558335403 10.717633399754012 19.24654855016989 34.995780368309035 51.746426960374095 68.77058826141834 85.90580867172886 74.7227697036227 58.66768305937615 43.57765913165008 30.900458439044666 24.685520140956758 29.370428905002925 41.4074860386199 56.26053965728002 72.21237678882329 88.6719629695058 80.54243117364435 65.888946145657 52.861417741541246 42.965241810736195 38.68333981033311 41.77913128286733 50.92442537177188 63.55945755670418 78.00652823333773 93.42878842008287 88.26386636738043 75.09204862183498 63.92043017810582 55.96004816043449 52.68711943392098 54.94577405570165 62.13568690449513 72.81036365566848 85.6770359671634 99.89224142125653 97.43589881487058 85.6403300022985 75.98335092839518 69.36400265565342 66.69296710618855 68.43413336506055 74.27786418820979 83.36584047470014 94.76928488804597 107.75557112437154 107.68840112000501 97.0962412679498 88.6411304397492 82.97892231221687 80.69965734779215 82.08562267301573 86.96174911260013 94.79094773821643 104.91417131316257 116.73613200607491 118.74170361270934 109.17429958398125 101.67169091642643 96.71560013768931 94.70665984313852 95.83039736912298 99.98123940890446 106.8068393865336 115.83532784652341 126.59626750255858
52.52093207632468 27.040289084307133 32.366866212612805 36.322933552098824 63.44166216813811 32.35153402926327 34.14834081697913 52.362087002775496 26.38755158878275 56.38708576657552 26.052485516897566 27.513458038603382 33.736006435103704 0.0 16.99751145875136 69.91801018523263 4.267839588471826 47.76734631950859 27.0945946225112 33.69563922887208 58.59513985024458 18.261026012869344 40.85936373554786 29.67751873432908 49.52744439349753 31.09108232064093 36.80189292818841 63.115325878450136 17.43702358041624 58.879883794619175 26.209938009330866 44.84726487161914 13.093791282144066 26.946161792151273 41.1612831011508 77.84478823124333 7.565217025259775 52.036007410157374 20.265818708754296 40.55960118504872 110.76301942621254 95.57062417744169 81.22649594845585 68.26745042775326 57.63547204123817 50.812913641647455 49.404032770653345 53.83554978992794 62.88462526118778 74.89584416406714 105.17847437799017 89.0692555507021 73.50415345488277 58.9160109386489 46.238940233148675 37.465855416429015 35.60966904602291 41.60666072085753 52.84777556696865 66.7335599800526 101.25878790918777 84.4267069798404 67.8314597161038 51.70160883538685 36.65674751464053 24.760639608083764 21.935650492548096 30.789082554447642 44.87174834827846 60.64397206950723 99.20156256558195 81.9595354183508 64.7494726172446 47.606053082763246 30.64133978336322 14.4969115682311 8.952235140645223 23.42728987119185 40.20257000618554 57.291960057152544 99.12285826661243 81.86469293140264 64.629933227415 47.44409332709888 30.390279970862373 13.961004412785 8.05999839645689 23.102616875995196 40.01514265021855 57.16122618124453 101.02730026368448 84.15020250914178 67.48858676422587 51.25303583133822 36.02429177451989 23.81883899859831 20.871898861843086 30.044081121446425 44.366305190212074 60.272737116165075 104.8068111633826 88.63208172606326 72.97624276780795 58.25912768496021 45.402948819697556 36.43401456491668 34.52759658637293 40.68882263811652 52.1316938361372 66.17064734167792 110.26870229805914 94.99992021685819 80.55734109419744 67.47360814166743 56.69737750453252 49.75137852387281 48.31675633918879 52.84430385814494 62.04219682045954 74.19332955995313 117.17788066244219 102.90411372055 89.70257649257944 78.11877202952792 68.97265808243503 63.3293556600988 62.150476423278896 65.67686698477574 73.23192405041364 83.73215182361935 125.29506062966257 112.01981449288918 99.98355235858524 89.68649802821872 81.78820451958369 77.03011198573519 76.00428402905527 78.85651218056995 85.19819904174565 94.32816128016185
42.1467487152629 10.975542926685375 31.882545342717965 49.27228694693934 54.16421793293801 45.59140899591864 49.64266866443614 35.49709141618978 9.977951335869756 40.80332050287614 15.266331033580009 10.515948064415912 29.57483644683347 16.99751145875136 0.0 57.476451160709566 20.845966445218547 51.61976853394464 15.70390281056707 16.71194430115028 46.66156893186259 1.4226131961563322 39.935438137964496 42.75075103772165 32.58427234705886 45.59140899591864 51.247929184137334 46.125538244400445 10.333045688900336 44.004691809975256 14.446896248372148 35.383336191778604 16.42535575474652 18.624959731704095 24.225480698716023 65.28698625660665 9.759809271776428 41.166221516866486 6.631014265016668 23.643386783513385 102.1541598716814 88.39430822539099 76.09423375105438 66.07426450561526 59.49774606039523 57.55738422844138 60.6994275825877 68.22525833668803 78.89010443539217 91.60408624488106 94.82948643082162 79.85811107284242 66.03566145198708 54.247613171055264 46.082564580517854 43.62460606309655 47.76310314777445 57.080873002403706 69.52583962316082 83.7147714559766 89.15246062063073 73.05907890381944 57.669802139767434 43.73433937417348 33.14042992027539 29.708467535208865 35.575374691970545 47.406020913329236 61.86892310628776 77.50423063869938 85.45218845637788 68.51643539429551 51.82315819524848 35.71400188407883 21.541878629680607 15.853313164736972 25.24509736143714 40.27424415627114 56.6164900271925 73.3999423888733 83.9903956233452 66.69292189847556 49.39856977238117 32.112383118803855 14.862879713979103 3.052675388436686 19.910953027760026 37.17911865189427 54.46871824084986 71.76426171627043 84.8828304637887 67.80829060045461 50.887586954394116 34.348822442922945 19.205456664422343 12.512809175709727 23.302448080686403 39.09156744033487 55.78539296830495 72.76388085856172 88.0579321303518 71.72555403323626 55.97875505169135 41.48972352798772 30.131105610253904 26.326414829344365 32.81747912084783 45.382859975161914 60.34012967145314 76.29527340223673 93.2828613646488 78.02378158900343 63.8156284387673 51.535075854152964 42.871894340401 40.23481423124131 44.703320894250496 54.558584957459445 67.4803464492006 82.03207172735577 100.2375169970732 86.18246316629444 73.52532422067448 63.11282632763996 56.206615211503674 54.16491060904624 57.50817933433953 65.41592344891863 76.48525735147162 89.55135590523084 108.58997630953316 95.72698327474514 84.46430320051954 75.5213381777572 69.79553955829856 68.10325235670336 70.73457031884698 77.2489269313511 86.77617647087497 98.44543519340128
