0.0 22.05948415562138 13.188084116020063 78.08498154318707 84.38767008738773 76.96670564432789 90.9908090033442 52.973021044402486 66.07563357608085 23.23841782175808 35.257693848073664 100.08995867455248 62.37561918886026 49.83884932856193 88.5603413411572 16.408902723699253 38.76277534145359 93.63688827545349 13.730731784222916 87.06802438979844 5.690452784629573 2.524916548756421 7.361290906604123 27.816961167935688 73.64677461708587 83.46130428323025 84.50889042889344 55.234713513282486 88.11946225062057 18.179628354070807 31.605265585047256 83.54623833810413 51.30316484101548 82.28757936627375 89.69937623243554 13.101130500535584 14.226131961573223 58.93583821115372 14.1452673901127 86.50836184986758 45.49208139326717 22.605553693620042 36.70609686830779 67.66468013627586 101.01745012327925 40.23994082679933 8.053957905310005 30.088757062984453 64.34791394211923 98.84750082444187 52.67100858313837 34.77427531853209 45.156356039766834 72.55187072404377 104.32297248207452 74.39361913731084 62.802050831634 68.90981126719923 89.15045747724956 116.36934100010741 99.49684315994404 90.93542747902015 95.04511924937671 110.42006142265787 133.21523103654084
22.05948415562138 0.0 34.94513091002188 57.32976152015513 62.41006091803417 55.847993995760035 69.41601091994829 36.954082370685306 45.73255114848515 11.38620885968833 15.314175004356056 78.2531483637283 62.456697836311264 31.51934255643462 66.73066341850206 38.457135954338455 21.71531502394401 74.68683368305874 28.536079234924387 66.04242143006125 27.748106408036712 22.13118991237566 29.27222916533828 20.401697560229714 54.54984408443746 62.26368064415296 63.18129194208346 39.300706019404565 67.17514965903734 5.298056963544014 10.51871093874242 61.728894907281756 47.21818974990765 66.21317436372055 67.79304836010628 11.451930133586792 36.28211624507758 49.41227363380737 19.688219257898318 66.39528695519897 65.83664378171498 35.350300292676884 23.657308875895477 47.58715437919579 79.77625415244233 62.05728436138234 27.761933897607058 9.230234099529444 42.36181400394241 76.80301534603069 70.45221321620018 43.27722521970149 34.30968370766885 53.630428559010944 83.4872663120266 87.58780481120196 67.49933581122698 61.931228254557574 74.22650231998242 97.8695569334435 109.4316201951653 93.91643939432977 89.77757157188131 98.46026511353287 117.14747941213673
13.188084116020063 34.94513091002188 0.0 89.5025133844072 96.90116775539107 88.6579043242238 103.00548019847174 62.278329117052714 77.33550610046305 36.19529990233372 48.445434221635466 112.36996289223467 62.493220322944836 60.354689055078325 100.85514814944126 5.685594617913767 51.73801887145103 103.72051444439032 13.709775555253033 98.62876475218066 7.78501339297879 12.819122887089305 7.616985655465356 35.93653045768904 84.05446862136935 95.17693535053547 96.32613576944179 64.4079940564041 99.61167201434004 30.59268776742606 44.74359208456985 95.83865332232281 54.63506409154477 90.8046009382465 102.09214669235844 26.213498422887945 3.472380767763483 64.68606348931313 21.416054030465997 97.41697869640159 36.98638430860456 26.34727302648998 49.14475411266852 80.81507784193442 114.20065080740314 27.125134462880798 8.23153477906549 42.362691654861926 76.91743208079662 111.50264259554154 41.40435709966393 32.20761146376917 52.48975911760977 82.87251965869353 115.65193185799869 65.60168080178721 60.023659024593385 72.77969038040223 96.87988227879445 125.97350679942205 92.21390751753428 88.11435682001814 97.05450835704546 116.05911373538079 141.11895952559948
78.08498154318707 57.32976152015513 89.5025133844072 0.0 18.899336956073306 3.7119301907755515 15.937402915244157 31.908246623304095 12.234282977790096 64.09180896082 52.105340775281924 26.557882038320166 74.78708927651003 29.932945603153655 17.49840186882533 94.08766814664433 57.15856910499216 21.843028916647988 78.4371669080705 9.267605090339218 83.50158313970113 77.32106128597945 85.43343101496302 55.65324052271555 12.167585280097425 6.862613152457383 8.658493288565346 30.947092484854704 10.129300804371427 60.05796931288367 51.738136086549005 14.515492098707378 59.84846339244524 29.274370091402204 19.779213616986063 68.74895606837207 91.68870454338983 47.54979886627462 68.71828129200823 10.35757703227914 123.0691925110366 91.93452844591316 64.44145517242103 47.41578871647787 52.33187504727089 115.30416050537025 81.35111735859327 48.330184267352834 21.17679573524428 30.918508930850763 114.09386348926438 79.64243844732503 45.4233328059002 13.360133609074408 26.24042725329038 119.63746422149623 87.33106248081074 57.75062108954113 37.926008662435564 44.00520611273758 131.080565132868 102.3196941656841 78.43021415586603 65.02346187436268 68.55345447509626
84.38767008738773 62.41006091803417 96.90116775539107 18.899336956073306 0.0 15.86948888929651 11.603606431631503 46.914437252335055 26.245149286138975 66.18058539605694 52.741933969627546 16.401019103381383 91.79622420909081 42.311385542804246 6.0815762693526665 100.79221648011736 55.293596547555715 36.473469526800535 87.59980598364803 16.67461425643714 90.0501189749991 84.16585715212685 91.66442937835133 66.50047160668969 30.889392887089688 14.03770489442474 12.525862265011758 46.604693539227725 17.891705313074606 66.33873943974831 54.23026286965273 4.547775997589997 75.97372172847562 47.97119527168962 5.856163628987839 73.13787749536215 98.5498409349925 64.83828608781418 77.622626453484 25.058863067133267 127.43033003455348 94.16434795864885 62.37143893347711 36.17049789616562 33.4850712587551 123.71878020043738 89.12545993381113 54.54551243173135 20.048254995668966 14.950130909464585 126.26652574986652 92.59798710904482 60.003175569257465 31.95648777302164 28.92914298997286 134.71877851142767 103.73045307085313 75.93197429537517 56.26831048295553 54.41857245748909 148.0673871880511 120.41628094338034 97.31874800301979 82.68328213648252 81.22093335749875
76.96670564432789 55.847993995760035 88.6579043242238 3.7119301907755515 15.86948888929651 0.0 15.051826699274184 32.838351317546056 12.234282977790096 62.09758692487151 49.78119392793223 25.50658648530764 76.67013192047045 29.932945603153655 15.412941931076993 93.10704884116208 54.49772290984815 25.33971743221126 77.95727885235151 10.208471722496554 82.45519069471956 76.31448532844456 84.32712208630906 55.48541638485531 15.043651227338732 6.520027397190618 7.824372578866194 32.121831068081676 11.405433431641224 58.84200417262953 49.723018316307474 11.72124635718031 61.348934837990484 32.76405264663746 17.575193663382116 67.20286718906279 90.73458421002697 49.51187661592267 68.13716343745779 13.610089741025574 121.67889290159877 90.08226165866793 61.79557825329413 43.78803326965513 49.1010077707708 114.74414916810574 80.56276732821583 47.00371472671853 17.97745599606153 28.842306731619225 114.45536651052893 80.1547214610481 46.30744099579578 16.088196929279675 27.715200506672165 120.860209498933 88.98357893000772 60.19789799871139 41.52492088236823 47.113413294525074 132.99477896953186 104.73856673754045 81.5321241685565 68.69913365264576 72.0167927883316
90.9908090033442 69.41601091994829 103.00548019847174 15.937402915244157 11.603606431631503 15.051826699274184 0.0 47.712188343628995 27.28313447402451 74.52504431615048 61.48274968723552 10.620497570695429 90.5670059312167 44.96641253219992 5.725595933038264 107.27477138975881 64.94943588446472 26.86081196522637 92.68011363179143 8.390455902587584 96.56187113601652 90.4936408568189 98.3438582987266 70.43034308085653 27.44255417616297 9.075787886997414 7.349742835371092 46.84167170551357 8.917833468436141 72.81125929511495 62.26109330783893 8.88867266312898 75.77939022556266 41.587662117565614 7.39326930715609 80.56734919151663 104.94248778809173 63.31838940973249 82.7957500894498 16.935827325860725 135.12999544440447 102.64947469752776 72.17018560306762 47.69673755523915 41.66826018578478 129.35456026665986 94.99187461052767 60.90288402500828 28.10191067492218 16.282645521278305 129.5066661580871 95.19699716270834 61.21936189340232 28.775034059294462 17.40819382788245 135.56635408189072 103.21796591354632 72.96903740331113 48.88590960166604 43.01166937448528 146.80357386640264 117.46405902667068 91.86446847163546 73.994023533146 70.04220169965362
52.973021044402486 36.954082370685306 62.278329117052714 31.908246623304095 46.914437252335055 32.838351317546056 47.712188343628995 0.0 20.839852901340606 47.3764543484587 40.882261981742985 58.28630137768335 45.50976598394625 8.234057214450106 48.058985325816465 67.49269873900856 48.72996873302533 41.64482264840863 49.69142862902337 40.92729606645058 57.66928556730506 51.5256489597458 59.89747133103905 26.422561448625867 22.897403610887622 38.688014373026704 40.362501969146024 2.3508906044365596 41.48377191080158 37.13085985120124 37.39598888262649 43.71008108368576 29.151761649165586 29.5478229874835 50.07113693736925 47.49958962499603 65.01217989285995 20.130859391180834 40.86411803331611 37.0712123197353 98.29117434199581 71.60390011168741 54.66151628373958 56.95123798821159 76.7711205397112 86.24876363232224 54.08541259252901 28.398178165618074 32.901720803462965 61.265259171727784 82.48260276900034 47.91243258530758 13.515801777092822 21.554741099351897 56.048114105547924 88.0612452075378 56.90573497244312 33.41524205072466 37.27908386148777 63.700217813083235 101.45444413848722 75.84960236584372 60.06752252992587 62.111508501656736 80.63720515553436
66.07563357608085 45.73255114848515 77.33550610046305 12.234282977790096 26.245149286138975 12.234282977790096 27.28313447402451 20.839852901340606 0.0 53.2751223763147 42.18191021285128 37.72301189552449 65.57905089293644 17.78266495196618 27.23601539051071 81.97961577421214 48.17080230492804 29.887651419721024 66.20288923990037 21.482315026890944 71.43866904707714 65.24017407821339 73.40748577895471 43.46152568365912 11.130523370206008 18.504332345792083 20.002974260288234 20.379845909068152 22.36092889868647 48.162600697678464 41.081452298435295 22.881979052777783 49.755981116800186 29.20255886987147 29.231979177798674 57.18427468325322 79.56854737688725 38.77319678155706 56.491449737105604 20.66465017887828 111.2419514200798 80.74106609228296 55.30174549138947 44.63475841885644 57.62860026302036 103.07143506164522 69.16767470857958 36.598668458167495 17.017833317273787 40.43018152767489 102.2312843432667 67.92104059225933 34.20748634193103 11.040316963137746 38.32071483673705 108.89134933883392 77.50116884088153 50.50110480472641 38.58908143779241 53.12906954909032 121.82738409966375 94.67617107685524 74.02709855054164 66.26623099017725 75.47968945481823
23.23841782175808 11.38620885968833 36.19529990233372 64.09180896082 66.18058539605694 62.09758692487151 74.52504431615048 47.3764543484587 53.2751223763147 0.0 13.644924353366562 82.47688256619996 73.30999408460261 41.142699960990434 71.12750907771805 38.179236046316355 15.544640862269043 82.95111024418874 34.02360609956613 72.25799039924654 28.41380580835485 24.5000591997903 29.109665601082863 31.467964732506843 63.01118128272228 68.25678684226116 68.92013140491434 49.69437183394564 73.49771657127224 14.720940864712858 12.374622882983463 66.24992222666239 58.434228122059295 76.12210024675221 71.86191729489566 10.239591709843086 36.465797561404905 60.751830478683615 27.274622768800143 73.75729869194188 61.43132754392336 28.124649463326044 14.249061692155363 44.83221563606682 78.81415676505715 62.72080857080607 30.81586885319739 18.978529146085386 46.53600986249394 79.78636919423354 75.43444081800527 51.86467996327252 45.654682719352806 62.238010422068676 89.76416149150857 95.09507248269831 77.53630106554292 73.3173454360702 84.46146036945659 106.23932143497915 118.28720229411795 104.47596062540235 101.15950134667256 109.29738020755796 126.70139765529916
35.257693848073664 15.314175004356056 48.445434221635466 52.105340775281924 52.741933969627546 49.78119392793223 61.48274968723552 40.882261981742985 42.18191021285128 13.644924353366562 0.0 69.09641386212904 74.80993535659067 33.37426907188904 57.841194577727194 51.06495756269876 8.160940946234776 72.06638330721407 43.64995381161541 59.80251529923551 40.79435668611123 35.96718962757829 41.83181931201206 33.35635377035919 52.65823140136875 55.70715283882349 56.22104721436859 43.015813392026786 61.09724370646772 20.611028217654894 5.222784545893043 53.03226650986149 58.53859582575533 67.65673570748164 58.47609167636056 22.3694255020561 49.16524181017813 57.5682431642286 35.002255987760904 62.11882993314444 75.06314780391943 41.42356995438578 13.863592981824665 32.60885379897298 65.79761815513199 75.4128818999886 42.04825002224042 15.615952157015428 33.38428750234561 66.18166967297475 85.61700180640251 58.27632235157148 43.09068196747202 52.07976935103496 77.21797884059161 102.78077125755769 81.24064268993047 70.92921221234901 76.5285587411278 95.27351939370114 124.04743328257288 106.6752473930146 98.82365181071825 102.69996572332929 117.14569907593072
100.08995867455248 78.2531483637283 112.36996289223467 26.557882038320166 16.401019103381383 25.50658648530764 10.620497570695429 58.28630137768335 37.72301189552449 82.47688256619996 69.09641386212904 0.0 101.10704436388536 55.27210310278176 11.529666123844908 116.45737855749756 71.67377864131802 34.136469453561865 102.4584667454533 18.49167011192106 105.7166063758943 99.73282516393789 107.4123155922097 80.53113923606367 37.92202214213823 19.69615414522628 17.948630540973387 57.44802408392443 18.599535198268192 81.94363764886268 70.42773971159981 16.544444866288345 86.39630376511674 50.9109215675172 10.620497570695488 89.17203939337321 114.16843644778258 73.86385324828336 92.52218123485902 26.229922388612692 143.60239626243876 110.50798910284344 78.72236609284208 50.76646547668092 36.77070760430337 138.95443467691052 104.45472762324782 70.05781919042721 36.05909922747447 9.341945463466155 139.84850547205522 105.63032430069772 71.78282747139777 39.276344113251064 18.092431385567 146.1829079426696 113.81092774360025 83.25398269063561 57.48336852494779 45.52211929032091 157.30144621529837 127.65646140750005 101.20943162685086 81.14971177462594 72.95171112099453
62.37561918886026 62.456697836311264 62.493220322944836 74.78708927651003 91.79622420909081 76.67013192047045 90.5670059312167 45.50976598394625 65.57905089293644 73.30999408460261 74.80993535659067 101.10704436388536 0.0 52.21666547465653 92.06502430862948 67.91556951331745 82.73914108919689 74.90453634753322 50.054336028270946 82.7093534918229 63.45135072802587 59.87839953395285 65.63385781948779 42.076150179963506 63.19973766500753 81.58636211885324 83.42751780958062 45.39117471202471 82.82699268880775 58.60139400141887 69.74220642978261 88.18763639622837 17.047569824148333 55.465395359926205 94.24532543043235 66.81880776304105 65.95857692006574 27.24890892427978 49.183105799028425 76.2410661464334 97.06852673158527 84.92616694443733 86.00770637862117 99.88450358038384 122.27517869682839 73.875682775577 57.30761096532245 59.20727810555095 78.2408782144681 105.5109567878998 55.62682152300268 30.701476365021726 34.433379836916686 61.83505689106063 94.10807878067361 48.297142539020044 13.705580693250365 20.92668902590014 55.52354538190957 90.12578031124002 56.3247020899459 31.937318795718216 35.52957499194699 62.44635431495833 94.50704595848038
49.83884932856193 31.51934255643462 60.354689055078325 29.932945603153655 42.311385542804246 29.932945603153655 44.96641253219992 8.234057214450106 17.78266495196618 41.142699960990434 33.37426907188904 55.27210310278176 52.21666547465653 0.0 44.375293375913195 65.2459163997498 41.02535445528974 43.82075572965317 48.70453731261022 39.20049183379701 54.94566135028476 48.72030074642843 57.04426212747454 25.72914092726717 23.8147784113299 36.28194535411324 37.745183684883486 9.979888009438552 40.006687895058846 32.6988969685225 30.32765827169028 39.672718589636865 35.377967019786695 34.98225969522943 46.18067913383814 42.65286192493801 62.79432352267407 28.027731144363177 39.176842076863025 37.0976828497448 95.32086742542556 66.79096046982423 47.23147208505311 48.94288949502628 70.39045269652114 85.5949840357823 52.13093040155588 22.441374103902305 26.161907301032844 57.09749793459783 84.576458097639 50.45693686959019 18.26142874258578 22.713633984213523 55.61646020201647 92.5532581915635 62.815985065630485 41.477889008147855 43.47191614067017 66.73847937152873 107.54164518933007 83.17084853344853 68.29598740893475 69.32576002559094 85.68866533296841
88.5603413411572 66.73066341850206 100.85514814944126 17.49840186882533 6.0815762693526665 15.412941931076993 5.725595933038264 48.058985325816465 27.23601539051071 71.12750907771805 57.841194577727194 11.529666123844908 92.06502430862948 44.375293375913195 0.0 104.92888495286266 60.794746148237635 31.968977127075767 91.049383209122 12.470575380263313 94.18772285777672 88.20818017460319 95.88278351801223 69.33536704805505 29.624342118304583 11.189280183410114 9.336542133081005 47.456489128087675 13.429201543187066 70.41545744828491 59.00954747553755 5.017201065460358 76.74255591133355 45.33134221528473 2.3326923075841814 77.67854115260288 102.64183489262518 64.87818774147772 81.09853119881929 21.23831351265592 132.1458110140244 99.20564344995479 67.93993146982463 42.2461732848408 36.72157812864106 127.47703049412328 92.95585046779303 58.53238652714206 24.619986043323063 13.45735697874399 128.86342081018734 94.83094538864171 61.44006619951007 30.84966478259034 22.877247459346208 136.12001582287405 104.39393468990214 75.24851166168752 53.116790487467895 48.73662251791414 148.38771942816544 119.8175134249291 95.33258348040192 78.83596978527073 75.7407585338067
16.408902723699253 38.457135954338455 5.685594617913767 94.08766814664433 100.79221648011736 93.10704884116208 107.27477138975881 67.49269873900856 81.97961577421214 38.179236046316355 51.06495756269876 116.45737855749756 67.91556951331745 65.2459163997498 104.92888495286266 0.0 53.57858154338246 108.79805565583345 19.386514089633643 103.1511614432162 10.744467430421127 16.794595816491697 9.26864111511155 41.26271509453363 89.01809954342859 99.6171519485602 100.71094109460708 69.65480785674225 104.16831856844443 34.51399113270016 47.76151391301395 99.91298252137886 60.31162164202532 96.20906597570728 106.08840920146204 28.703514233195783 2.482038429244581 70.33912633266449 26.673270474823266 102.22131351304961 31.364470541587426 23.62071792766094 50.26920037376724 83.01140032903896 116.83166758273087 24.570464955224672 13.468535432737625 46.41065029317819 80.75486852130145 115.25451155779935 42.84832921639757 37.448246257786096 57.996484459116616 87.86149612684815 120.2934828774931 68.41399415647459 64.96751278826723 78.45925361753959 102.39973083892725 131.18814316635914 95.58782202577542 92.93255759064925 102.61859165270181 121.73486351013658 146.63855283105897
38.76277534145359 21.71531502394401 51.73801887145103 57.15856910499216 55.293596547555715 54.49772290984815 64.94943588446472 48.72996873302533 48.17080230492804 15.544640862269043 8.160940946234776 71.67377864131802 82.73914108919689 41.02535445528974 60.794746148237635 53.57858154338246 0.0 77.87225708595597 48.843298009219225 64.21678997149309 43.95502457482429 39.92652302689295 44.59853053822662 41.00687812542988 58.98818874909074 60.04259777292883 60.3351364828366 50.81043835609883 65.56858152471558 26.818364985385013 13.007983595406227 56.21796263105487 66.59056586937581 74.7653117019826 61.136116886327414 25.69300447436496 51.93949123033835 65.7109300428388 40.987334097805494 67.39654355319902 74.77491449348723 40.30958916540703 7.300141267813379 29.607010809167825 63.98993716399926 78.14707797924068 46.21475880677429 23.65345784873798 37.121586802782744 67.7597398692462 90.62483498028979 64.97964329548562 51.250861239755984 58.5299147533253 81.36125903678811 109.1276875302062 88.79410811198012 79.0864542978366 83.7834890754687 100.89306715154721 131.12867297946258 114.55004434963975 106.97348616974725 110.27044540345325 123.57364531898837
93.63688827545349 74.68683368305874 103.72051444439032 21.843028916647988 36.473469526800535 25.33971743221126 26.86081196522637 41.64482264840863 29.887651419721024 82.95111024418874 72.06638330721407 34.136469453561865 74.90453634753322 43.82075572965317 31.968977127075767 108.79805565583345 77.87225708595597 0.0 91.32623480306994 19.80150571752874 98.66300118228496 92.44746237274305 100.80006510384422 68.0299165258295 20.145582415488583 22.88955169119069 24.075443348642334 39.68946820762577 18.636692951453735 76.41425832985085 70.87616946725959 32.10526923036 63.33384303460383 19.70720144239066 34.053543099749625 86.06711953857906 106.3277805186741 49.17842846811797 82.32651553770249 11.925017943855913 139.1278797828116 109.99630991853975 85.06807102153961 69.05600967279162 68.5248530945086 127.86387850841862 95.49585659971514 65.4566292001703 42.94771780022954 42.41776871113936 122.1133091662849 87.72212636873785 53.60535858438718 21.13644526848035 20.367032272634354 122.65445783696829 88.46699226424535 54.80465972588007 23.990457471375308 23.28911089872271 129.40838873964574 97.53544414698685 68.3711311143758 47.23216269352147 46.7114518549485
13.730731784222916 28.536079234924387 13.709775555253033 78.4371669080705 87.59980598364803 77.95727885235151 92.68011363179143 49.69142862902337 66.20288923990037 34.02360609956613 43.64995381161541 102.4584667454533 50.054336028270946 48.70453731261022 91.049383209122 19.386514089633643 48.843298009219225 91.32623480306994 0.0 87.67340180501938 13.442700948379587 11.309768519874805 15.582470107591975 23.31032272271131 72.02244930546465 84.4555674414237 85.74206090106665 51.71849888140525 88.56240426943609 23.33816061866156 39.04941618351168 86.06809836751965 41.069302550065444 77.63141807887685 92.47827716564386 24.06678681723703 17.04099620812628 50.994076917853526 9.97826298628748 85.73834668684853 50.670616259596265 35.32825073870482 48.202584775689054 76.1165093016604 107.97586177964261 36.891823465749525 7.256065074284498 33.75126298565176 67.97424848360235 102.45341669110125 41.967729700199065 21.195789921645527 39.1417720446932 70.77952218886307 104.31801779921308 61.386803467454044 49.37505162241044 59.17988127115754 83.43516952165555 113.20513777475479 85.91880005640502 77.57860180784422 83.9617465037499 102.349628501673 127.65599942767794
87.06802438979844 66.04242143006125 98.62876475218066 9.267605090339218 16.67461425643714 10.208471722496554 8.390455902587584 40.92729606645058 21.482315026890944 72.25799039924654 59.80251529923551 18.49167011192106 82.7093534918229 39.20049183379701 12.470575380263313 103.1511614432162 64.21678997149309 19.80150571752874 87.67340180501938 0.0 92.52770462421562 86.36729085098825 94.4253564271893 64.92022983697692 19.516456973984806 4.197906232541218 4.54858318871024 39.82393466700046 1.4243579050397044 68.97323560806007 59.884464527145134 12.3632350914943 68.2980648699633 33.23573573926234 14.71022122476663 77.40658192256316 100.76511331233334 55.489575214072595 77.92925771285395 8.778654963512176 131.86584921711767 100.26999009633816 71.51469060734003 50.689667271354566 49.18683869950525 124.52782145277362 90.49837266645815 57.16274765939772 27.203880425638864 24.64487017981542 123.26837334377784 88.7735325156991 54.417289036564256 20.894872079204177 17.515795006260696 128.2667562806531 95.53241642539686 64.77154895437371 40.73197350496406 38.95719347806806 138.84852468509322 109.21076516374373 83.48559771152864 66.38881083353522 65.11435145622748
5.690452784629573 27.748106408036712 7.78501339297879 83.50158313970113 90.0501189749991 82.45519069471956 96.56187113601652 57.66928556730506 71.43866904707714 28.41380580835485 40.79435668611123 105.7166063758943 63.45135072802587 54.94566135028476 94.18772285777672 10.744467430421127 43.95502457482429 98.66300118228496 13.442700948379587 92.52770462421562 0.0 6.22625013274737 2.371119827519727 31.895177451303013 78.75750005944975 88.95905958632484 90.03212970652376 59.89036015335764 93.56158493360397 23.775718284016335 37.24912665114999 89.17216232948162 53.65046766324026 86.76599400378203 95.34405309365819 18.484588798134734 8.535679176943654 62.30466468659735 17.4805791342646 91.78503842492881 40.62254372588461 22.033834566328117 41.42020696187877 73.07956004144573 106.58543764799612 34.62986775344219 6.218033293618762 35.67847805917996 70.01497922836312 104.52796036085294 48.538350156151225 34.42085127407719 49.07595833098878 77.63334004548886 109.72808393088005 71.55666464850864 62.64038287051942 71.56854142381212 93.3545495453098 121.25537085531629 97.42804901441704 90.86019541641596 97.02379884949157 113.86989079266971 137.52737386887242
2.524916548756421 22.13118991237566 12.819122887089305 77.32106128597945 84.16585715212685 76.31448532844456 90.4936408568189 51.5256489597458 65.24017407821339 24.5000591997903 35.96718962757829 99.73282516393789 59.87839953395285 48.72030074642843 88.20818017460319 16.794595816491697 39.92652302689295 92.44746237274305 11.309768519874805 86.36729085098825 6.22625013274737 0.0 8.375979306323437 25.989591175009142 72.53282780258759 82.82363812843286 83.91659350626445 53.76090169001082 87.39164978525751 17.82720851375937 32.052145373455076 83.19106995407152 48.96232993695111 80.7113380220365 89.40405757719839 14.262262830754873 14.449303215621457 56.86221391598694 11.950332243978801 85.56574085474178 46.77850069109782 25.07230575133281 38.260364554675505 68.51228406143456 101.58175638216866 39.926509625607224 6.322194022218877 29.67605526422622 64.15777838465061 98.72500671497589 51.041988460558215 32.27770109567807 43.28105666191211 71.41067300546496 103.5401035703248 72.26095588618584 60.284349447019245 66.64490525494485 87.42807083306977 115.06769879279678 97.17541117924279 88.4131230303406 92.65744191771878 108.39107063300018 131.55435481164085
7.361290906604123 29.27222916533828 7.616985655465356 85.43343101496302 91.66442937835133 84.32712208630906 98.3438582987266 59.89747133103905 73.40748577895471 29.109665601082863 41.83181931201206 107.4123155922097 65.63385781948779 57.04426212747454 95.88278351801223 9.26864111511155 44.59853053822662 100.80006510384422 15.582470107591975 94.4253564271893 2.371119827519727 8.375979306323437 0.0 34.21296622911858 80.85903369875604 90.82232387796043 91.86986361523188 62.12860037794398 95.47383681374806 25.53388157940681 38.49291514263693 90.87032497658736 55.989169613031095 89.04511357513118 97.00341939651506 19.462543062958808 7.362221956501963 64.67491064739424 19.83607522009819 93.80777240329712 38.40253192727523 20.229881849229773 41.69638137179497 73.91058623719542 107.61880753201322 33.64066377749867 8.326776661692598 37.44101076394728 71.61826925953044 106.07250738829752 48.95867032130857 36.37285605029626 51.41834666662592 79.7467024353599 111.66940128100855 72.59789128260734 64.57650374101966 73.92271837125011 95.6754105587173 123.44137278475793 98.75240684239462 92.79328137627365 99.31683321461226 116.24009088383731 139.8369377854065
27.816961167935688 20.401697560229714 35.93653045768904 55.65324052271555 66.50047160668969 55.48541638485531 70.43034308085653 26.422561448625867 43.46152568365912 31.467964732506843 33.35635377035919 80.53113923606367 42.076150179963506 25.72914092726717 69.33536704805505 41.26271509453363 41.00687812542988 68.0299165258295 23.31032272271131 64.92022983697692 31.895177451303013 25.989591175009142 34.21296622911858 0.0 48.74129930438124 61.91187408268081 63.309349577527094 28.503127374267354 65.73562180536092 16.97504960055291 28.15929365763909 64.45212234646651 27.007962264859962 54.97086416108932 70.95585494821341 26.557176022511353 38.78156957417504 31.59387211618783 14.598289259900419 62.555198890504364 72.37061986280644 48.85299571515163 43.93793879197204 62.20360475338027 90.56960376829235 60.073305797097184 27.800439333970356 18.214747450124317 47.80732017107708 81.4503096303857 59.811237591099434 27.234811537960674 17.347525037419615 47.48672591831821 81.26433719653666 71.71648786223017 47.88766615890875 42.87217090182416 61.462492908356985 90.06705035429634 91.13903742409354 73.66991519800354 70.30610184349864 82.78525712037444 105.63431697921132
73.64677461708587 54.54984408443746 84.05446862136935 12.167585280097425 30.889392887089688 15.043651227338732 27.44255417616297 22.897403610887622 11.130523370206008 63.01118128272228 52.65823140136875 37.92202214213823 63.19973766500753 23.8147784113299 29.624342118304583 89.01809954342859 58.98818874909074 20.145582415488583 72.02244930546465 19.516456973984806 78.75750005944975 72.53282780258759 80.85903369875604 48.74129930438124 0.0 18.633442714059765 20.512774931384346 21.348258923491223 19.705818940330776 56.2920570610629 51.088010605566666 26.612497701717405 48.912803255037694 18.73069131256662 31.921818835173944 65.9226042725643 86.55932648724409 35.9734299733653 62.7475963030581 14.226131961573223 119.11799295425747 89.87426957911214 66.03383329815071 55.12118168766467 64.11721239219862 108.80837759077626 75.82319579474279 45.319870337135434 27.449297167977104 42.9869378258162 105.19710904445492 70.59342467787201 35.990080281790576 1.412290384204937 33.21983841124252 108.95249749372209 76.02796943282262 45.65847788021354 27.99964480951489 43.337081784983184 119.3811618235125 90.21958088453403 66.49870128498742 55.6720333146715 64.5868937027809
83.46130428323025 62.26368064415296 95.17693535053547 6.862613152457383 14.03770489442474 6.520027397190618 9.075787886997414 38.688014373026704 18.504332345792083 68.25678684226116 55.70715283882349 19.69615414522628 81.58636211885324 36.28194535411324 11.189280183410114 99.6171519485602 60.04259777292883 22.88955169119069 84.4555674414237 4.197906232541218 88.95905958632484 82.82363812843286 90.82232387796043 61.91187408268081 18.633442714059765 0.0 1.8838165221803442 37.77986079536571 5.596282252478734 65.32459050860261 55.889058207590146 9.50338738685333 66.70994059146246 34.267738972641155 13.521009675346697 73.58776781082786 97.24726701890513 54.34009997497317 74.64621418902712 11.13995373854224 128.10032377071607 96.30533217167174 67.3391255326974 46.7890523558485 47.314794558528995 121.25463502706661 87.08279409871204 53.46951287565918 23.008995048721278 24.386229026483182 120.69073884581462 86.30316312885263 52.20219682230851 19.91869986612712 21.52421241182022 126.49270558620356 94.17639621633427 64.28691314958826 42.32310671408782 42.94773665599595 137.85882104556927 108.84026874961098 84.15533865233844 68.64987480519154 68.83499810965374
84.50889042889344 63.18129194208346 96.32613576944179 8.658493288565346 12.525862265011758 7.824372578866194 7.349742835371092 40.362501969146024 20.002974260288234 68.92013140491434 56.22104721436859 17.948630540973387 83.42751780958062 37.745183684883486 9.336542133081005 100.71094109460708 60.3351364828366 24.075443348642334 85.74206090106665 4.54858318871024 90.03212970652376 83.91659350626445 91.86986361523188 63.309349577527094 20.512774931384346 1.8838165221803442 0.0 39.499834239967115 5.9500604170464175 66.34982578758427 56.569074021332 8.055836423836238 68.49568296336032 36.04996642495985 11.669231561318052 74.46052217782122 98.35273949140412 56.18392291790613 75.90243486479608 12.53303944269957 129.00667092329434 97.00674154835627 67.62184233386827 46.151252516003794 45.62873602449167 122.5018904652467 88.25729395793344 54.46867661515299 23.220110982840318 22.502453253585912 122.23201968973142 87.88578372785351 53.870275743235695 21.793428348008277 21.041666118830396 128.236443123763 95.98955573056307 66.1681716230485 44.01456266176803 43.48746004566119 139.70820637094604 110.72269679929599 85.99658374209695 70.1859916088754 69.65269985530747
55.234713513282486 39.300706019404565 64.4079940564041 30.947092484854704 46.604693539227725 32.121831068081676 46.84167170551357 2.3508906044365596 20.379845909068152 49.69437183394564 43.015813392026786 57.44802408392443 45.39117471202471 9.979888009438552 47.456489128087675 69.65480785674225 50.81043835609883 39.68946820762577 51.71849888140525 39.82393466700046 59.89036015335764 53.76090169001082 62.12860037794398 28.503127374267354 21.348258923491223 37.77986079536571 39.499834239967115 0.0 40.31332091080413 39.47451430769854 39.61572978145812 43.238699839327765 29.37629151614494 27.21700005971725 49.52158555910054 49.84826404631708 67.17333058175298 19.324563182910005 43.0030736857752 35.57074598010399 100.5125112542588 73.94854603707242 56.822578047049674 58.172318715080614 77.03263806487682 88.17444396550272 56.229410164857306 30.718084284326345 33.47080776992941 60.76042609693151 83.86248872789022 49.262026446930165 14.677598022597062 19.97425637666492 54.5652302471218 88.75449684233206 57.12645358844463 32.316262961580996 34.92976047325774 61.56844682396902 101.52839665816015 75.3110343045298 58.5685911922486 59.86317138314931 78.30523692150864
88.11946225062057 67.17514965903734 99.61167201434004 10.129300804371427 17.891705313074606 11.405433431641224 8.917833468436141 41.48377191080158 22.36092889868647 73.49771657127224 61.09724370646772 18.599535198268192 82.82699268880775 40.006687895058846 13.429201543187066 104.16831856844443 65.56858152471558 18.636692951453735 88.56240426943609 1.4243579050397044 93.56158493360397 87.39164978525751 95.47383681374806 65.73562180536092 19.705818940330776 5.596282252478734 5.9500604170464175 40.31332091080413 0.0 70.0473289018988 61.12314010744125 13.650029638631562 68.58878271930928 32.695621546070235 15.61201764941934 78.5552620514034 101.77570925170136 55.639504510789564 78.84757999576131 8.020325126926844 132.9834648585069 101.48760179815282 72.8675082748241 52.10012723908048 50.13962313720419 125.43228898909581 91.46771318432991 58.260382362935346 28.5840500132951 25.192654517569036 123.89892325848383 89.37305996428829 54.94540877650955 21.10226242307831 16.323800068278256 128.59889608873632 95.72543559348239 64.68286347917434 39.990217570155906 37.54188381648289 138.9006466190788 109.05833451738467 82.99897275502968 65.41190325161271 63.744671585034446
18.179628354070807 5.298056963544014 30.59268776742606 60.05796931288367 66.33873943974831 58.84200417262953 72.81125929511495 37.13085985120124 48.162600697678464 14.720940864712858 20.611028217654894 81.94363764886268 58.60139400141887 32.6988969685225 70.41545744828491 34.51399113270016 26.818364985385013 76.41425832985085 23.33816061866156 68.97323560806007 23.775718284016335 17.82720851375937 25.53388157940681 16.97504960055291 56.2920570610629 65.32459050860261 66.34982578758427 39.47451430769854 70.0473289018988 0.0 15.783006423736474 65.39932679846102 43.97626652645285 66.66236509688716 71.58898625757661 10.48103515648572 32.231867822837685 47.547086901745665 14.39147955566071 68.72872748526375 63.08235051767321 34.47484167950055 28.151162281327853 52.832779917152166 84.76413626366676 57.589450226908625 23.059969024063868 11.909402557864771 46.333140095632636 80.91069259929412 65.20208294730499 38.1830689401474 32.54870331374746 55.27861812576115 86.29524527337514 82.3627956990999 62.984247372322635 59.54148032966732 74.28423455903663 99.42783457499148 104.46700771582786 89.7709556301253 87.17224583559984 97.64160798345657 117.74325445076293
31.605265585047256 10.51871093874242 44.74359208456985 51.738136086549005 54.23026286965273 49.723018316307474 62.26109330783893 37.39598888262649 41.081452298435295 12.374622882983463 5.222784545893043 70.42773971159981 69.74220642978261 30.32765827169028 59.00954747553755 47.76151391301395 13.007983595406227 70.87616946725959 39.04941618351168 59.884464527145134 37.24912665114999 32.052145373455076 38.49291514263693 28.15929365763909 51.088010605566666 55.889058207590146 56.569074021332 39.61572978145812 61.12314010744125 15.783006423736474 0.0 54.090263264372126 53.59292413897229 65.11971558862021 59.83540136275261 19.215528230288182 45.736572355616005 53.2114534684896 30.121912629683138 61.46675723176246 73.2003019891334 40.43984028097994 17.530704330825174 37.06911043617792 69.53963434238545 71.84267465347499 37.950955518717265 10.678594926261653 34.38956230951712 68.16233449261978 80.97055297694108 53.125547376474685 38.51288674412064 50.3883561323628 77.39222020860092 97.6871850831097 76.0358317969126 66.44454084349226 73.7771916190363 94.15964476376442 118.83125108604895 101.5749829022097 94.38626728524662 99.47229332069874 115.21886221098906
83.54623833810413 61.728894907281756 95.83865332232281 14.515492098707378 4.547775997589997 11.72124635718031 8.88867266312898 43.71008108368576 22.881979052777783 66.24992222666239 53.03226650986149 16.544444866288345 88.18763639622837 39.672718589636865 5.017201065460358 99.91298252137886 56.21796263105487 32.10526923036 86.06809836751965 12.3632350914943 89.17216232948162 83.19106995407152 90.87032497658736 64.45212234646651 26.612497701717405 9.50338738685333 8.055836423836238 43.238699839327765 13.650029638631562 65.39932679846102 54.090263264372126 0.0 72.60117558689088 43.46011450721247 6.5194756452847935 72.70127829415554 97.62507340040162 61.10524813607281 76.11236103350147 20.573237399825345 127.1908595691162 94.34907724310955 63.409881290069386 39.17535915391533 37.99257211681236 122.46993853729076 87.94294829602799 53.515343040294255 19.71484726141276 17.558813754977027 124.05612103291723 90.11881150356561 56.98881682835114 27.728980078199932 26.17085143944013 131.72166967714355 100.31968975752429 71.9186399599967 51.72378685562764 50.726898319748905 144.5019187939802 116.4550133870449 92.93802945246432 78.15322173275817 77.28593916034909
51.30316484101548 47.21818974990765 54.63506409154477 59.84846339244524 75.97372172847562 61.348934837990484 75.77939022556266 29.151761649165586 49.755981116800186 58.434228122059295 58.53859582575533 86.39630376511674 17.047569824148333 35.377967019786695 76.74255591133355 60.31162164202532 66.59056586937581 63.33384303460383 41.069302550065444 68.2980648699633 53.65046766324026 48.96232993695111 55.989169613031095 27.007962264859962 48.912803255037694 66.70994059146246 68.49568296336032 29.37629151614494 68.58878271930928 43.97626652645285 53.59292413897229 72.60117558689088 0.0 45.08975090249447 78.84271352060074 53.191647187131245 58.045990760061976 14.281273365378683 37.24794186131583 62.68840052042164 91.19335479127477 73.73648546313132 70.37520668204158 82.84340190865449 105.67945807694406 71.75770159609809 47.94879963514988 42.93981193360492 61.509250733788605 90.09866156951578 59.827303158568114 27.26975198653814 17.401820435138394 47.5064011096548 81.27572669094917 60.05608191265181 27.76354317429223 18.158908675529048 47.78627291182484 81.43807508200885 72.32873901165026 48.79150232070426 43.87019183532393 62.15621920649546 90.53737494076535
82.28757936627375 66.21317436372055 90.8046009382465 29.274370091402204 47.97119527168962 32.76405264663746 41.587662117565614 29.5478229874835 29.20255886987147 76.12210024675221 67.65673570748164 50.9109215675172 55.465395359926205 34.98225969522943 45.33134221528473 96.20906597570728 74.7653117019826 19.70720144239066 77.63141807887685 33.23573573926234 86.76599400378203 80.7113380220365 89.04511357513118 54.97086416108932 18.73069131256662 34.267738972641155 36.04996642495985 27.21700005971725 32.695621546070235 66.66236509688716 65.11971558862021 43.46011450721247 45.08975090249447 0.0 47.65323602550858 76.98769955120655 93.73047904074217 30.813803573621147 69.56736247103998 24.750397717069905 127.32952243406265 101.12412535039994 81.45009302480021 73.73529727794993 81.45193651413118 113.14305086883401 82.74053883406597 57.318900041808504 46.040510072373635 57.868934362012276 104.72695829824549 70.91714106759079 38.54340153087341 18.35196195894088 39.784959668098104 103.49912996133095 69.10807184680422 35.13735872326318 9.391222167833396 36.559661126402894 109.70126225974292 78.01323878092457 50.324857753823004 37.06675856999326 51.0893851424039
