0.0 13.909619661261017 71.07908990616777 45.667680576663585 8.212752877786814 55.57788396898496 26.323641352962813 31.29806932431881 27.032684697977153 9.069508412310809 42.01051717408013 17.396497556683904 26.56583639435162 33.20369606426543 15.78581049980067 16.993526656138624 15.04178352765733 47.9475812416844 4.866233395133146 43.89773036342756 40.92804047547938 5.046614777820087 67.7851750904718 36.66614776486348 8.423351048335967 37.11079030389828 52.1151103208674 34.903876705960116 28.997213551161998 13.045828353061477 46.433848565926105 14.572834518122189 29.811393868930267 29.968180227921 8.046073246559954 16.178724873566498 17.195590986750524 27.57550278053797 30.664271850431472 2.4724799983536223 97.15060283057888 71.74345056590433 57.015771975626265 61.23125260947327 81.5016982966842 83.88028086002156 52.60090734175571 29.877217570152588 37.593610456041176 65.79323449454807 78.87917405023587 44.27590987593131 9.676916113010698 24.93558960998445 59.538046378425754 83.64421039989546 52.22711174237937 29.22033487992418 37.07862244379283 65.50312982123619 96.74268305632259 71.19519957819371 56.33081013023404 60.5999827303079 81.03301582464468
13.909619661261017 0.0 61.32687764967619 48.30616050609542 15.012260422524001 57.5581990589671 16.6329081337878 32.303777341718174 15.516037704012946 9.533460225479795 33.061143906431134 26.68428029720831 37.0243904756902 31.655470548627758 29.587658479831617 5.288408420583908 13.178020409728811 34.38848377975183 18.123608103115252 35.49554967079965 46.82324137409295 9.197115265173819 58.55408667924586 42.57926957254274 19.573404299421025 45.92098079913972 45.66865720229298 38.82888186411397 16.460723772973104 15.516142101748196 39.01592294197249 24.06043936058798 40.76848065656325 27.89637266919325 13.17549101000709 6.67019443055811 8.213194083086737 24.965750368074126 42.34671706976328 15.5858548980509 87.89138438053558 59.951257906676375 43.10719499851015 50.17097026241668 74.63806879643569 78.13014124158 44.59220161669088 16.354210496752767 30.680714436677885 63.32458098649242 77.92982634572661 44.24353615680912 15.387463490823572 30.181260036698312 63.086399214090406 87.35624664318608 59.171219704945436 42.025867292214116 49.25377822090971 74.03051183983634 103.81906303504996 81.36094968697594 69.68192487895163 74.06954444115838 92.25933237367339
71.07908990616777 61.32687764967619 0.0 55.34383331681133 75.79542439438706 55.146906105820015 45.13157525110144 91.87347752903233 45.846181845958576 62.013424208295895 29.08119642030411 68.71419182341124 97.40578540177295 45.51449735964872 84.93410646595251 63.5562114398012 74.0040050413157 38.41055629624785 72.4081894739262 27.440717248495577 107.95319572238525 68.55360558712668 4.493383438758782 64.32093212158485 79.12337520807787 74.29764730909031 24.101171326048505 99.49698601369606 45.64990074479218 59.985930427510375 26.186943415418618 68.4931034252983 100.8313028367183 46.26646508000956 63.97580604545902 66.02350978165266 67.02241489108194 82.94843344139043 101.73076121856755 73.51796283134456 26.64511295853106 15.419571938683548 46.48027810224177 80.48553413871052 114.84893581597052 29.52320223476122 19.948381941577956 48.15708830940985 81.45625271976778 115.52482763443165 51.432009924869455 46.42523810314271 63.719446820055516 91.43219976854829 122.69613068719903 77.65795280736769 74.22773903665913 85.9273226775436 107.9444313171081 135.33382299907402 105.01402177065101 102.27956764324064 110.85542589192454 128.49665848552286 152.0805948357316
45.667680576663585 48.30616050609542 55.34383331681133 0.0 53.8357204224664 9.978392678195478 39.16710101405127 76.86063989055512 43.401268463882985 40.379701496213436 37.356525349178874 30.612092343910184 67.75970390250149 18.893402315288377 50.18588115639298 53.54744241574973 58.79290680297338 61.179067518485724 42.90460415456967 35.937421395373796 85.41396012256308 47.57601755022741 50.852453992973295 13.014220007864036 52.938992529444086 22.290142844597298 31.690507237901585 80.37262611982362 46.673072503206704 33.95503165451743 33.22717863769415 32.72615675228548 69.55166704648897 22.217737283434847 38.50280973397407 54.85208813186178 56.40330698977278 71.85492897020553 68.61432801421752 47.54762364626956 74.22678734381041 65.64682723851587 74.19006370736042 95.36034205916653 122.7916681933377 50.734280987502736 37.42714001020639 51.20977660578941 78.98682484440631 110.68072391035523 35.29797844683716 9.217095470803942 36.31549484748432 70.33866812580594 104.74299046686836 39.05933498908209 19.028222076239963 39.91694027215608 72.24609543516793 106.02113841087655 58.4209246627278 47.24542447261643 58.7032055841325 83.99293467124784 114.27322660423786
8.212752877786814 15.012260422524001 75.79542439438706 53.8357204224664 0.0 63.72404721420248 30.673755604089003 23.08558710077994 30.304186409965187 15.26033912668041 47.02103432241854 25.3483735056375 22.014745615243516 40.66538071424447 17.68834740861828 15.4334458193212 8.584444576488487 48.91745654603526 12.095370907071972 49.201073552269406 33.699653145758 7.538103541049446 72.79682056024016 44.83314405112146 5.609332233985099 44.81069931367068 58.33978544935459 27.03678239056145 31.468175633376475 20.627891344281675 52.21229650062598 22.573056172426057 25.761365395495456 37.24693338442831 15.661204793040369 13.56917018141661 13.880694621897375 19.842767558699716 27.436232017921103 6.810818076317483 102.21325691862448 74.95031311212578 56.41229563587132 56.053036324304045 74.13728334935479 90.51144540086258 58.16395427493312 31.122513598752935 30.806128875375613 57.65644584644531 86.72996346352078 52.14373826033479 17.626872737462946 17.24233657620776 51.75658435480325 91.85250511242282 60.210955439488515 34.76596558398737 34.450287662099235 59.6641351733439 104.5784766813936 78.11634066026637 60.518231071908154 60.14597765725254 77.24901091277104
55.57788396898496 57.5581990589671 55.146906105820015 9.978392678195478 63.72404721420248 0.0 47.00972217468222 86.70806700985908 51.19216613626889 49.99730925081532 42.237197158247085 40.549377185626 77.65665434329605 26.763768771365818 60.017157124097714 62.73848955491212 68.45921913256157 66.97269263503351 52.87697459210145 40.279290071683 95.38899888804671 57.33797296831004 50.71004505560133 22.084425043182886 62.909770850438825 30.061835255810948 33.22826379654472 90.33070282138121 54.29723342979189 43.64241319116971 36.70529837757488 42.69700636395773 79.37485325816883 30.421706094432455 48.29595527087654 64.17375764683712 65.7270671366248 81.49124299315552 78.35023685145119 57.48910101641859 70.8962213118616 67.18993122625763 79.98416767070118 103.3209313452281 131.7107823328798 45.240498910325485 39.52522749245314 58.92885755777541 88.19185152449789 120.32381673583558 26.058379924573234 14.391800980573825 46.15258617246842 80.29851174888012 114.71919312572403 30.386860570372956 21.19446162715009 48.68158626582841 81.76451680450529 115.74032704347916 52.72243574549331 47.837993191126735 64.7464548062969 92.14415164523601 123.22255235160465
26.323641352962813 16.6329081337878 45.13157525110144 39.16710101405127 30.673755604089003 47.00972217468222 0.0 48.69062395705775 4.234986817155953 17.433733907296432 16.4614951819136 29.697166349392706 52.32734766510054 20.360302447037075 41.258748029701295 20.073333129884443 29.768106359616684 25.766337354483852 28.482582939903594 18.862714817124825 63.42181095868449 23.43831215970577 42.140221539885005 37.96640250904115 34.09793037486803 44.660534024103896 29.333237512689255 55.45296256503408 7.586731188059772 17.65089875278484 22.486454450412808 28.174189164798772 55.82823714062868 16.957821321764516 20.177930023109248 22.36784197341781 23.680626607886683 40.717061368674884 56.91678575084674 28.693364362584877 71.54813261063039 45.55804679063403 37.77252395484734 56.32778262869627 85.52018601917672 61.75296390329713 27.961011149999557 12.044110262881325 43.62517499487999 77.8209743477416 64.06083345356156 32.70342221621887 20.73847878666182 46.74935738604205 79.59753492035664 77.39640944585636 54.20891243419475 47.76838827129413 63.40222699251305 90.29217349953068 97.32708906198299 79.93114637863135 75.49938693289809 86.05852696599479 107.2694088194562
31.29806932431881 32.303777341718174 91.87347752903233 76.86063989055512 23.08558710077994 86.70806700985908 48.69062395705775 0.0 46.68486850288701 37.176130341827275 64.82839257580588 48.147539089286006 24.0213259679206 62.707139909873824 34.74951116154577 28.727117501710918 19.24541394073633 58.31311024176215 34.813063875262884 67.42789985477064 18.28253568221239 29.486778394184974 89.59077922595043 67.83487718869495 25.311450831710985 67.06245621693765 77.93780819904163 8.943222154947051 46.316284557837974 43.22531821758132 71.17668183513432 45.44880554008725 27.260006147552875 59.091272146065506 38.43268317125564 26.35088428601621 25.132313696885532 9.436594946119554 30.603305490132172 29.68704296029652 118.49582857979583 87.70269907400703 61.131641498811604 46.66051751621171 54.88298764772268 110.39815681716853 76.51992706595385 43.79147153391907 19.363219042221544 35.02888887756013 109.13172567402164 74.69830192898416 40.55603425738747 10.227431715216818 30.97194933333336 114.92266485329688 82.8576519846898 54.022126479674974 36.9623845134309 46.998655846918616 126.80747081239593 98.54891078489791 75.75232127047923 64.49584281134453 70.53925505980656
27.032684697977153 15.516037704012946 45.846181845958576 43.401268463882985 30.304186409965187 51.19216613626889 4.234986817155953 46.68486850288701 0.0 18.63653953790139 18.178275617911126 32.61515022119478 52.25637759358619 24.58271668990716 42.48364693853353 17.976105890737436 28.22609788616613 22.625676345900857 29.809341669205505 20.866168841359436 62.15035795849486 23.492858783019997 43.18303596445673 42.011192952117604 34.28030976310899 48.41642120745069 32.00879691354081 53.8674150934229 3.4427123987168233 20.175430689988783 24.927518328447277 30.848818641596193 55.89574936009629 21.192792086617096 21.864617578949748 20.40056634801711 21.555023412749783 38.318861579433566 57.223503319597505 29.269655978445982 72.44586482994237 44.83269773265861 34.1521629113307 52.13062121006427 81.63127522169815 64.20523703627104 29.903524772958033 7.809153990335712 40.281493759327994 74.6931613613387 67.75741178998202 36.86014954543339 22.828033100739304 45.58960698193917 77.65661680063324 81.57597517072033 58.33775505906524 50.46535851900807 63.914129586769775 89.54375643073439 101.55251454289723 83.8330051890297 78.34389827065037 87.42021575525557 107.4316337798144
9.069508412310809 9.533460225479795 62.013424208295895 40.379701496213436 15.26033912668041 49.99730925081532 17.433733907296432 37.176130341827275 18.63653953790139 0.0 32.9417751103583 17.19979614536851 35.57812426233921 25.60703753083237 23.901851912111 14.562768472273193 18.47068060632262 40.543175789726625 11.176406518658455 34.83745820767659 48.953889797176146 7.849305590985273 58.71715190451043 33.49892003813525 17.308204263075307 36.406909796759635 43.3042561245601 42.13281632839618 21.040472557036956 6.495150366574236 37.455083054737614 14.649025174080641 38.872930189432644 22.0862087872656 3.8219296991094165 15.148295076894906 16.63477722369776 31.495239403842504 39.72055005554173 11.522771095085362 88.08869937046802 62.97907412473976 50.67457622647438 59.70147110285001 83.39917688712701 75.32232114843788 43.581633697145065 22.805917010905954 39.18807507794072 70.32883426041668 71.96339277529552 37.53905622976007 5.872431548662029 32.47528335144907 66.8554894679951 79.21793196543905 49.95856008122095 33.33267787145657 46.05550793615534 74.33696870802508 94.67651191181754 71.82845837959896 61.2355600104595 68.81163447139541 90.08367842715253
42.01051717408013 33.061143906431134 29.08119642030411 37.356525349178874 47.02103432241854 42.237197158247085 16.4614951819136 64.82839257580588 18.178275617911126 32.9417751103583 0.0 40.879712023265114 68.41315670944476 20.794736318824445 55.97627768515592 36.10135446394858 46.12961826104378 24.968995707371764 43.3710907769286 2.9142235667397545 79.87554441074506 39.6554215320927 25.81903129976453 41.59937022357125 50.114126281689835 50.56265252323043 14.72183604497413 71.82771904572259 19.215559791253526 31.09631661611693 7.547262501153568 40.24928310103522 71.79115336278325 19.846376215077207 34.924334552707066 38.4931353513163 39.69851655204811 56.491449737105604 72.65265209400617 44.455988417113076 55.23439449372019 32.33124442757815 37.87633742167611 64.95199031403014 96.94195012256121 46.202873938527965 11.729656150592257 23.136949726386923 57.68800904754685 92.27864687507413 53.11382660060053 28.594725722916266 34.77181480115639 63.208708832709256 95.79375575682171 71.48369214653934 55.547195963048196 58.78656527573082 78.87348144573934 106.6817155521097 94.87409571597516 83.31238214354356 85.29673475912757 100.0241663994024 122.9994135141367
17.396497556683904 26.68428029720831 68.71419182341124 30.612092343910184 25.3483735056375 40.549377185626 29.697166349392706 48.147539089286006 32.61515022119478 17.19979614536851 40.879712023265114 0.0 37.176860709936186 24.268652496277745 19.84622344778635 31.4855145548221 32.32699735826925 55.23326970764516 13.34021839599578 41.713688059908264 54.94358072510825 21.1815405062066 64.7595991914272 19.852815717271476 23.09783879793966 19.83416089489263 46.29311092496801 50.48658398042446 35.74289005461062 12.618167693572008 42.544622139852535 2.8442587402005577 39.13301817540518 22.60271380535138 13.515140174563165 31.616091029335447 32.96088220832235 44.97046754635922 38.47837524414826 18.557065992223038 93.06533365467004 73.09579604699186 66.4800892949396 76.75269993819404 98.77813231634595 75.35335280531773 48.86062650250516 38.618898510660266 54.683665560536 82.96995054035699 65.49468918132493 31.804699225557844 11.330303235223287 40.4977153268998 74.47554241955045 67.04860359115666 34.865576875734625 18.181033353651774 42.8991819544832 75.79563289833322 79.34733021148878 54.76821890993743 45.80316918785303 59.92592366670141 86.48188169168024
26.56583639435162 37.0243904756902 97.40578540177295 67.75970390250149 22.014745615243516 77.65665434329605 52.32734766510054 24.0213259679206 52.25637759358619 35.57812426233921 68.41315670944476 37.176860709936186 0.0 58.77187286277431 17.82615619742635 36.82141258607275 27.0958953278143 70.50792714073343 26.59096072550848 70.39664807163842 19.519706908661224 28.89776595734539 94.22856855263319 56.20714364789986 18.301138738804255 52.18141017919529 78.61333835815134 19.652662202584008 53.48269546423518 39.08819465495445 72.99960465096152 35.303109397792404 3.986075803868828 55.87301331875498 34.32694611896059 34.60408218978883 34.39895733074803 29.173582847318244 6.827877055169706 24.09350865926602 123.62981935114254 96.96355283412437 76.90441180885135 69.43634616252665 78.25141160034907 110.08645523281217 79.15634431724222 52.983452717890316 41.756267500937696 55.45038942271946 102.62652245551557 68.5090576888668 35.35009788069643 14.163983045689868 39.325029842170004 102.58630340098078 68.44934914610627 35.23532134327781 13.877790188618437 39.223831654103954 109.97394101014301 79.00123135237043 52.75359778394825 41.46697811912827 55.234944927005465
33.20369606426543 31.655470548627758 45.51449735964872 18.893402315288377 40.66538071424447 26.763768771365818 20.360302447037075 62.707139909873824 24.58271668990716 25.60703753083237 20.794736318824445 24.268652496277745 58.77187286277431 0.0 43.003073685775156 36.6367288301981 43.67816979122273 42.856917002906044 32.1920862097391 20.371974591726442 74.12025311464161 33.437294886212385 41.32485896387123 20.808886357802237 41.48292062680086 29.905795663762603 22.202753759395698 67.67789290916001 27.809202881645383 20.162940741102304 19.62599623976066 24.83204076348609 61.42795216876123 3.7730272729714263 25.179288380847737 38.324252183251744 39.86151470096633 56.37708843953335 61.385837202763206 35.53025324912139 68.97848504958019 52.31475676127661 55.771314549929336 76.6736503269153 105.08121219837547 51.55001514189858 25.60246131435533 32.37919349687568 61.936923555787594 94.96734706842244 46.46775986408872 12.72425586714391 23.65194552451155 57.89452673569538 92.40666525702845 57.127976890015134 35.441839633811306 40.53979101623314 66.52561702453596 97.99323033042468 77.2683647812825 62.75408637979395 65.57842896589061 84.01050625083768 110.49787237770285
15.78581049980067 29.587658479831617 84.93410646595251 50.18588115639298 17.68834740861828 60.017157124097714 41.258748029701295 34.74951116154577 42.48364693853353 23.901851912111 55.97627768515592 19.84622344778635 17.82615619742635 43.003073685775156 0.0 31.9500790102244 26.179496306930744 63.73121677836937 12.776960866770928 57.49563913641561 36.76384481333223 20.422290686074092 81.34317461802209 38.41055629624926 12.183401619322497 34.563108914690986 64.16099725078634 34.2610085945074 44.65484191244744 24.95436703532771 59.345678116763544 18.40451076963059 19.36581986395899 40.580160084586915 21.178785161913062 30.57456715375713 31.192152263988532 35.29600755196173 18.64359875618141 14.019417695235827 110.40554571621027 86.80917977824397 72.64322485129065 73.57307793053646 89.1275082775878 94.53905795449269 65.68075838972304 45.66298655960724 47.44546802813747 69.36753064069448 85.27621404999495 51.6107138525825 21.216707758584615 25.129293544019344 56.63624194886028 84.8096542282889 50.84328582784896 19.293867036216476 23.543963657506854 55.95743446809572 93.27149791252225 63.8599117154727 43.028207938211374 44.93981960074347 67.69468551057072
16.993526656138624 5.288408420583908 63.5562114398012 53.54744241574973 15.4334458193212 62.73848955491212 20.073333129884443 28.727117501710918 17.976105890737436 14.562768472273193 36.10135446394858 31.4855145548221 36.82141258607275 36.6367288301981 31.9500790102244 0.0 10.570389166755115 33.69059813127418 21.660634995366614 38.70904362311611 44.44184813202919 11.947605153375484 61.06506920181161 47.83512225236401 20.755069446011568 50.94617711466965 49.40491273555209 35.9589520284153 17.93270324779948 20.73873220682085 42.53144347243705 28.77934187091212 40.71671761419595 32.86541189254685 18.00610360084545 2.472113529827895 3.610845993605287 20.66542463573215 42.66596359865029 18.10256650658002 90.1988179538623 60.9272139206012 41.027407682545075 45.26803636064293 69.353919863363 81.82245495701966 47.795936966660655 16.396369207580012 25.457457321086537 58.499360857213944 82.71324408680478 49.29169890833486 20.315301425468093 28.11761760325883 59.69370506407195 92.60409392572697 64.40323776272751 45.98751510006759 49.76687397105133 72.34257137743315 109.07303665084372 86.24772082753141 73.31550416085699 75.54077530429616 91.82813347362209
15.04178352765733 13.178020409728811 74.0040050413157 58.79290680297338 8.584444576488487 68.45921913256157 29.768106359616684 19.24541394073633 28.22609788616613 18.47068060632262 46.12961826104378 32.32699735826925 27.0958953278143 43.67816979122273 26.179496306930744 10.570389166755115 0.0 43.7320749951223 19.700557618446783 48.61982825557289 33.94924770773807 11.431045159456499 71.4087090470353 51.03642256784207 13.998565761356051 52.117956787077595 58.83704750875367 25.6982875835396 28.456321345007503 24.838554639878524 52.191259096751956 29.484449781779954 31.066684953683342 40.009945508950416 20.455543397531557 8.114693790711119 7.500025309200345 13.075238687571513 33.35615038466097 14.601287375321068 100.63364289494132 71.46865788560591 49.83193732323801 47.470926213901656 66.47232232077586 91.29519700410532 57.72281836051606 26.905071502667948 22.59845869572004 51.88782273394526 90.14589001771103 55.90446040245856 22.785702796861628 17.547654097029437 49.914972002201836 97.47588160621412 66.99205719300956 43.2336663815043 40.560942310932305 61.77423511549907 111.62675431333241 86.13783489164912 69.09189580560836 67.24896043307245 81.6451127746164
47.9475812416844 34.38848377975183 38.41055629624785 61.179067518485724 48.91745654603526 66.97269263503351 25.766337354483852 58.31311024176215 22.625676345900857 40.543175789726625 24.968995707371764 55.23326970764516 70.50792714073343 42.856917002906044 63.73121677836937 33.69059813127418 43.7320749951223 0.0 51.47129897687444 27.368746549953347 76.03033679135783 43.54443550546595 37.95676418143584 62.733104963982505 53.88115243087293 70.17210411118478 38.07658220442174 66.86362130288713 19.648033421712068 42.78839724600999 31.76265522753398 53.465724052226676 74.40731492102765 40.4171381978979 44.07265889612497 35.91788273700281 36.25036405805765 48.895253384671875 76.31362133351378 49.86499150021054 63.529514368145215 30.091592990174522 13.03306151333901 42.76762054455185 76.70156447259102 64.77652982437812 32.61953986761815 18.080896068684588 44.54943412147143 77.69964102088687 77.14559111356448 52.94674917415876 45.27791044093339 60.75882656793452 87.90901969375916 96.44806465503066 78.25200265414388 73.0703275609339 83.36617856145965 104.66764921390742 119.36569139687623 104.99474833127908 100.96672988884075 108.4403909352117 125.3754788595888
4.866233395133146 18.123608103115252 72.4081894739262 42.90460415456967 12.095370907071972 52.87697459210145 28.482582939903594 34.813063875262884 29.809341669205505 11.176406518658455 43.3710907769286 13.34021839599578 26.59096072550848 32.1920862097391 12.776960866770928 21.660634995366614 19.700557618446783 51.47129897687444 0.0 45.00768551348372 42.69648206427079 9.793087364367755 68.91634344454494 33.06608914581077 10.036215298758991 32.7211346639348 52.33628206779625 37.506948071316245 32.12737305117158 12.697869404040398 47.11926938410483 10.642651236559406 29.388104358341455 29.292913390571503 8.455664431002573 20.981525638787108 22.03725249213736 31.890840417807663 29.698996164309804 5.288408420583908 98.12761148443812 74.03238054229956 61.05195311616024 66.09592248013271 86.05105075424858 83.52316621691476 53.406515475310805 33.51456371216881 42.29692130713986 69.63954773556051 76.89262604605311 42.40735543238847 8.896382789544065 27.472921871785697 61.84845368375428 80.23813867617012 48.15846264997854 24.395901314644007 35.57985844307685 65.81440953443403 92.48317742529639 66.44386507168802 51.68403436635431 57.6410853099947 79.80321501875848
43.89773036342756 35.49554967079965 27.440717248495577 35.937421395373796 49.201073552269406 40.279290071683 18.862714817124825 67.42789985477064 20.866168841359436 34.83745820767659 2.9142235667397545 41.713688059908264 70.39664807163842 20.371974591726442 57.49563913641561 38.70904362311611 48.61982825557289 27.368746549953347 45.00768551348372 0.0 82.2589827789786 41.771414339154106 23.921408200675256 41.03428734004024 52.0994162295838 50.27719174289795 11.810912434259464 74.31189291025912 22.050504540438006 32.545404254410286 4.668807944917221 41.27133242384149 73.7086004784494 19.957123778935358 36.599705568166634 41.07796084449267 42.31461377866573 59.179940768279806 74.46867224816755 46.358397253434454 53.25293087080811 32.04519640412093 40.15906291651978 67.77493497957937 99.84472466530433 43.394930049050416 9.104038375766383 26.028856170076768 60.5555403764715 95.13831964584715 50.33980049658747 26.979343268980152 36.28382607637865 65.5742992986449 98.37836674875042 69.2008974997856 54.42299210667182 59.4117641222942 80.57574792268248 108.85744062635055 92.9892333358592 82.36921190179692 85.54004568766031 101.21380615544443 124.76414743908211
40.92804047547938 46.82324137409295 107.95319572238525 85.41396012256308 33.699653145758 95.38899888804671 63.42181095868449 18.28253568221239 62.15035795849486 48.953889797176146 79.87554441074506 54.94358072510825 19.519706908661224 74.12025311464161 36.76384481333223 44.44184813202919 33.94924770773807 76.03033679135783 42.69648206427079 82.2589827789786 0.0 41.208694194555164 105.32603152926131 74.56559013963816 32.814095139717274 71.32687203252611 91.90131221907878 9.349249777709067 62.37353772965482 53.95772867163488 85.5689107759722 52.69548479135683 20.149617568315136 70.81495508370696 48.94097900521226 41.96976800976348 41.06916052696202 27.557950192944446 23.174671387148255 38.655712852798736 134.58083185524563 104.92390678038097 79.37778800354974 63.14603193461229 63.78707218536506 124.1752297199631 91.33061450964674 60.48063317125015 37.00493485037246 38.41426545779069 119.57343373496299 85.02892116770869 50.56562612563262 16.69435194309884 19.88401264654554 121.43730827162963 87.6070721138444 54.75238355604821 26.74870282480815 28.77512602564565 129.4878497788291 98.36920484554416 70.57410569261073 51.765964104361736 52.664337070288525
5.046614777820087 9.197115265173819 68.55360558712668 47.57601755022741 7.538103541049446 57.33797296831004 23.43831215970577 29.486778394184974 23.492858783019997 7.849305590985273 39.6554215320927 21.1815405062066 28.89776595734539 33.437294886212385 20.422290686074092 11.947605153375484 11.431045159456499 43.54443550546595 9.793087364367755 41.771414339154106 41.208694194555164 0.0 65.46492532806306 39.60748479848167 10.787562821737756 41.014805127893155 50.80287195688006 34.28386532679671 25.073769189048377 13.744556631088201 44.70669519829907 18.343995588182025 32.45217372752826 29.934035099321964 9.090077322992725 11.191004170083811 12.286903910061186 24.459077950779943 33.73142812751139 6.403503829348776 94.88496832478927 68.32162649468489 52.22389417526711 56.4059273731906 77.65774402240729 82.98098023238482 50.69500160266408 25.474832619229627 33.508130490665756 63.17805254556164 79.72827514860187 45.22831350265744 11.377909183482272 24.661047898620698 59.00620086485981 86.11301772280964 55.63026335785649 34.188217093671824 40.46944257168263 67.09359867546524 100.31123766162098 75.61283332592872 61.37621184340548 64.89653960421398 83.96942884362457
67.7851750904718 58.55408667924586 4.493383438758782 50.852453992973295 72.79682056024016 50.71004505560133 42.140221539885005 89.59077922595043 43.18303596445673 58.71715190451043 25.81903129976453 64.7595991914272 94.22856855263319 41.32485896387123 81.34317461802209 61.06506920181161 71.4087090470353 37.95676418143584 68.91634344454494 23.921408200675256 105.32603152926131 65.46492532806306 0.0 59.911459373858406 75.92808692045494 69.91107640500883 19.691124288472626 97.01938097575407 43.27467071209326 56.39222442706045 22.227732518432003 64.63299624264955 97.58659326095483 42.22805564703624 60.5186885238453 63.519035922689106 64.58465539889893 80.81404709923098 98.38468115489985 70.23937650870101 29.420398610809244 18.520937873417775 47.06739811044573 80.51400083126754 114.6495452865678 27.829557188981177 15.899210041739758 46.10788247001052 79.96211659922649 114.26633220376604 47.90704682373115 41.94566531121625 60.15491793884005 88.72773566508948 120.50489454417118 73.6700479175875 69.73450361254089 81.81250789880087 104.49130261555541 132.43239260462875 100.85077324240342 97.79056269788101 106.53533500182216 124.6243508061349 148.68539866031517
36.66614776486348 42.57926957254274 64.32093212158485 13.014220007864036 44.83314405112146 22.084425043182886 37.96640250904115 67.83487718869495 42.011192952117604 33.49892003813525 41.59937022357125 19.852815717271476 56.20714364789986 20.808886357802237 38.41055629624926 47.83512225236401 51.03642256784207 62.733104963982505 33.06608914581077 41.03428734004024 74.56559013963816 39.60748479848167 59.911459373858406 0.0 42.940050266153456 10.126471675896353 40.222820674160936 70.33601171370383 45.45296399752554 27.114792457432557 39.63033796728323 22.43101970084318 57.67010898007498 22.455866483011395 30.7133135414908 48.63441132903023 50.131211990034686 64.00776202817013 56.474480831395915 38.14856238055587 85.30265924999956 72.66953832370076 75.36533087014193 92.05301497333915 116.88599232987646 63.17325038663035 45.00370355232634 49.54416321049991 72.65488207039178 102.45807275996539 48.040377465468055 18.915541203413692 28.3296176500373 60.350530060155705 94.21600408592906 47.19845917812877 16.68383302163035 26.90459594466099 59.701051454150154 93.80525075688712 61.23980879962817 42.272871132683925 47.10094229554747 71.02692148516465 101.32112348608582
8.423351048335967 19.573404299421025 79.12337520807787 52.938992529444086 5.609332233985099 62.909770850438825 34.09793037486803 25.311450831710985 34.28030976310899 17.308204263075307 50.114126281689835 23.09783879793966 18.301138738804255 41.48292062680086 12.183401619322497 20.755069446011568 13.998565761356051 53.88115243087293 10.036215298758991 52.0994162295838 32.814095139717274 10.787562821737756 75.92808692045494 42.940050266153456 0.0 41.75166892075427 60.51901492964449 27.482346439207664 35.80651399551096 21.38110307579742 54.76144766584718 20.534516098996555 21.730716234173972 38.321723728730454 16.427120774236503 19.041910645635266 19.44408851594072 23.902029167651328 22.944074601195023 5.990221249308064 105.32873384944739 79.10878500022956 61.782224379511554 61.40580046855868 78.22459402231715 92.3006253885061 60.88615254210108 35.912071210580024 35.59586084546219 60.32651923881819 86.77351527286972 52.2154803837322 17.83603125049394 17.454105821002983 51.826844293575064 90.13829011692492 57.58693110804416 30.04065023193737 29.72321384416103 57.0906381033632 101.51441548542 74.0032731293295 55.159706029904825 54.80422209087122 73.20664725907632
37.11079030389828 45.92098079913972 74.29764730909031 22.290142844597298 44.81069931367068 30.061835255810948 44.660534024103896 67.06245621693765 48.41642120745069 36.406909796759635 50.56265252323043 19.83416089489263 52.18141017919529 29.905795663762603 34.563108914690986 50.94617711466965 52.117956787077595 70.17210411118478 32.7211346639348 50.27719174289795 71.32687203252611 41.014805127893155 69.91107640500883 10.126471675896353 41.75166892075427 0.0 50.221819038229924 68.28078818870868 51.823122497450505 30.672095704621736 49.24213542478144 22.675220756940647 53.00637035027366 30.852685571526283 32.98130719944198 51.274912151792975 52.663859469249616 64.60293042172937 51.30934496615856 38.00941118301302 95.42293944175199 82.17570033339015 82.43106916928498 96.08144300007386 118.58808243656084 72.95455618176791 54.81243103833359 55.50890386537222 74.51761337863063 102.07502868456315 56.03309083861335 29.01340578934301 30.63806448884563 58.57001886028351 91.1978401949672 50.573529559667925 16.281733569833136 19.166688056972085 53.520866409513964 88.0707583621682 59.80237737878988 35.69855734468863 36.97680373494886 62.08877027304978 93.4750294715141
52.1151103208674 45.66865720229298 24.101171326048505 31.690507237901585 58.33978544935459 33.22826379654472 29.333237512689255 77.93780819904163 32.00879691354081 43.3042561245601 14.72183604497413 46.29311092496801 78.61333835815134 22.202753759395698 64.16099725078634 49.40491273555209 58.83704750875367 38.07658220442174 52.33628206779625 11.810912434259464 91.90131221907878 50.80287195688006 19.691124288472626 40.222820674160936 60.51901492964449 50.221819038229924 0.0 84.36500683161681 33.57934949303652 39.644724533606784 7.224483325617133 46.5459608139891 81.65292335744202 23.772042767611932 44.2909403847645 51.678157451146035 53.01008273666929 70.04799587015786 82.02786437740681 54.580577344639096 46.79361713045637 34.15237178317712 50.37814996210517 79.40001945470328 111.64945044637925 32.46262548135556 6.401869589568407 37.7226664646226 72.11011680764034 106.6376672505943 39.072069083684866 22.571020657941368 43.44099324939348 75.23053465982952 108.75197159272032 60.06687328593496 50.71251179284616 62.692044003289354 87.65631667247455 117.60855098289912 85.42781495959736 78.91634651424992 86.90454489441623 106.16846092704918 131.85528529265903
34.903876705960116 38.82888186411397 99.49698601369606 80.37262611982362 27.03678239056145 90.33070282138121 55.45296256503408 8.943222154947051 53.8674150934229 42.13281632839618 71.82771904572259 50.48658398042446 19.652662202584008 67.67789290916001 34.2610085945074 35.9589520284153 25.6982875835396 66.86362130288713 37.506948071316245 74.31189291025912 9.349249777709067 34.28386532679671 97.01938097575407 70.33601171370383 27.482346439207664 68.28078818870868 84.36500683161681 0.0 53.84765628057139 47.66161003825214 77.82452176942033 47.9916151813845 21.97108123459104 64.21198291083259 42.67839588471968 33.501017729862404 32.474701191705556 18.22311570649515 25.375111175613295 32.86730512895621 126.14205845419409 95.97242952488311 70.03137290770805 54.70719149033637 58.95895231636573 116.78168160329707 83.41320197426585 51.695303260676816 27.96225143834763 35.86379292145984 113.7427830642909 79.14331729597534 44.550679198325575 10.035722817747823 24.728987422451063 117.5169678545374 84.43017475649835 53.30580465153855 30.812350362075662 38.10683384362783 127.50043990697901 97.73475172703317 72.40574761565941 57.68790130587915 61.70888675241723
28.997213551161998 16.460723772973104 45.64990074479218 46.673072503206704 31.468175633376475 54.29723342979189 7.586731188059772 46.316284557837974 3.4427123987168233 21.040472557036956 19.215559791253526 35.74289005461062 53.48269546423518 27.809202881645383 44.65484191244744 17.93270324779948 28.456321345007503 19.648033421712068 32.12737305117158 22.050504540438006 62.37353772965482 25.073769189048377 43.27467071209326 45.45296399752554 35.80651399551096 51.823122497450505 33.57934949303652 53.84765628057139 0.0 23.2034190649248 26.385930090164457 33.87509418300667 57.21094418493176 24.49629581130972 24.47399761933645 20.404478434235536 21.372981041156905 37.62458151350671 58.70936813584305 31.11960942953092 72.29498893057261 43.49214218724099 30.844828021139097 49.05177239914905 79.09225822609807 65.41752439096167 30.873146979119234 4.658775694019577 38.537143863577356 73.09837893535713 70.1895525608041 39.929052607417226 25.63058659297801 45.98224080800651 77.24407902111655 84.66339723005069 61.76620274346946 53.45124163786171 65.52713273833096 90.14085354260018 104.8965065306938 87.26527153771663 81.37507296730685 89.57288504489787 108.7171804235704
13.045828353061477 15.516142101748196 59.985930427510375 33.95503165451743 20.627891344281675 43.64241319116971 17.65089875278484 43.22531821758132 20.175430689988783 6.495150366574236 31.09631661611693 12.618167693572008 39.08819465495445 20.162940741102304 24.95436703532771 20.73873220682085 24.838554639878524 42.78839724600999 12.697869404040398 32.545404254410286 53.95772867163488 13.744556631088201 56.39222442706045 27.114792457432557 21.38110307579742 30.672095704621736 39.644724533606784 47.66161003825214 23.2034190649248 0.0 34.46796565920246 10.677698883985618 42.02777732777307 16.94064562734804 5.018386345802497 21.537631008562162 23.0478976134944 37.900679883824374 42.39686430642772 15.40168375110262 85.5132445015659 62.5299120023542 53.87264879541275 65.49299325412794 89.83985488466755 71.0255540015298 40.779059057409405 26.00144794735843 45.651508568790646 76.7260482181075 66.1107589317196 31.545593747345453 3.8040567238146665 37.797771555810336 72.37213929374393 72.73625551708916 43.664707135583484 30.290047562442467 48.199625134618735 78.2544394544943 88.34233427823524 66.31233605479979 58.18136970744929 69.04785029500096 92.43877682075608
46.433848565926105 39.01592294197249 26.186943415418618 33.22717863769415 52.21229650062598 36.70529837757488 22.486454450412808 71.17668183513432 24.927518328447277 37.455083054737614 7.547262501153568 42.544622139852535 72.99960465096152 19.62599623976066 59.345678116763544 42.53144347243705 52.191259096751956 31.76265522753398 47.11926938410483 4.668807944917221 85.5689107759722 44.70669519829907 22.227732518432003 39.63033796728323 54.76144766584718 49.24213542478144 7.224483325617133 77.82452176942033 26.385930090164457 34.46796565920246 0.0 42.409856062602586 76.18835106496867 20.089520946369383 38.84136982713518 44.84935475574416 46.142137518291165 63.12180186128744 76.77012176878063 48.906109806056705 51.06022496580238 33.051606165450494 44.412882268771554 72.43916687322316 104.48538188204596 39.31173032673731 6.35741182528328 30.50041374297646 64.92293740588119 99.47137464541757 45.70824563211831 24.06778102736893 38.2637671057566 68.8753735909777 102.07037633782828 65.10461054923096 52.047113856853755 59.78290223336152 82.66734742425643 111.75234606615061 89.40575731821035 80.18245984369837 85.20441780485456 102.3967151877731 126.90591107560766
14.572834518122189 24.06043936058798 68.4931034252983 32.72615675228548 22.573056172426057 42.69700636395773 28.174189164798772 45.44880554008725 30.848818641596193 14.649025174080641 40.24928310103522 2.8442587402005577 35.303109397792404 24.83204076348609 18.40451076963059 28.77934187091212 29.484449781779954 53.465724052226676 10.642651236559406 41.27133242384149 52.69548479135683 18.343995588182025 64.63299624264955 22.43101970084318 20.534516098996555 22.675220756940647 46.5459608139891 47.9916151813845 33.87509418300667 10.677698883985618 42.409856062602586 0.0 37.463028460252886 22.77416251018493 10.891513029070307 28.84733738910165 30.17635712982093 42.14824049518784 37.01879161033021 15.802349285654596 93.21360090882357 72.28589276427192 64.47090759966746 74.04402945032727 95.93389079573893 76.25315836628623 48.75874917284153 36.53923011488586 51.84248557475068 80.21844887611864 67.33391831591892 33.2939871890182 8.830379772078043 37.977817574462975 72.12147145839255 69.61886059303279 37.663575332535736 19.62526470951491 41.79239254475682 74.18156162968732 82.17854869413081 57.51142340416203 47.50393563015323 60.004117367688174 85.66898168853744
29.811393868930267 40.76848065656325 100.8313028367183 69.55166704648897 25.761365395495456 79.37485325816883 55.82823714062868 27.260006147552875 55.89574936009629 38.872930189432644 71.79115336278325 39.13301817540518 3.986075803868828 61.42795216876123 19.36581986395899 40.71671761419595 31.066684953683342 74.40731492102765 29.388104358341455 73.7086004784494 20.149617568315136 32.45217372752826 97.58659326095483 57.67010898007498 21.730716234173972 53.00637035027366 81.65292335744202 21.97108123459104 57.21094418493176 42.02777732777307 76.18835106496867 37.463028460252886 0.0 58.65268239073814 37.386952588820556 38.52277822294402 38.34502977762126 32.92217378433735 3.413543810413448 27.350517965342537 126.96109549107074 100.6641077710938 80.8835872810118 73.11495104489946 80.8961477398574 112.88490979138456 82.39044915494576 56.81710314787902 45.420195447859136 57.381346669753746 104.61707533530112 70.75626507270852 38.249364490825776 17.732088502653106 39.50554749969703 103.55873520554694 69.19648733363734 35.309326490486406 10.009778775471537 36.72186352981872 109.91839266385072 78.31547166379848 50.78779031487327 37.68703591708762 51.53690130078724
29.968180227921 27.89637266919325 46.26646508000956 22.217737283434847 37.24693338442831 30.421706094432455 16.957821321764516 59.091272146065506 21.192792086617096 22.0862087872656 19.846376215077207 22.60271380535138 55.87301331875498 3.7730272729714263 40.580160084586915 32.86541189254685 40.009945508950416 40.4171381978979 29.292913390571503 19.957123778935358 70.81495508370696 29.934035099321964 42.22805564703624 22.455866483011395 38.321723728730454 30.852685571526283 23.772042767611932 64.21198291083259 24.49629581130972 16.94064562734804 20.089520946369383 22.77416251018493 58.65268239073814 0.0 21.922137685791498 34.56353817122611 36.09899490460808 52.65772796070749 58.76031084067572 32.34109176072165 70.48567764634515 51.981644399066795 53.20486743442598 73.17260721099436 101.35338640245396 54.23401063668685 26.33995971962262 29.001799000904555 58.165801907130906 91.21547004996093 50.15349641230452 16.484798902632523 20.566418090839687 54.489082182201535 88.93815922737322 60.74858787713134 37.894338049394044 39.70392354705315 64.1221724173337 95.08803924298284 80.41339479551631 64.70257830416618 65.58437395861307 82.5286221105207 108.23776474522809
