0.0 47.58621998716282 57.72008752474502 10.586536079740226 27.80828395732361 2.912742164656552 17.560118280893633 49.35923787377244 28.87401982567228 13.7369610046396 58.41308780993192 59.45854819963773 84.86239155141799 30.753179081431544 43.01100346962338 15.526658137104942 12.358957616357662 44.058353648734546 3.782290037358786 30.227949887387176 3.806959948023745 50.09187641972036 26.40533745468582 6.521780089022383 23.892182971079706 14.00899290074311 23.13750622924775 54.575590020163425 46.9504254297773 15.025838921115842 57.08453865142983 42.12582023976359 79.10370524069367 34.59383908292995 65.22914560568769 16.421735522815318 13.082987109803527 49.344306679583696 10.041163379187461 48.51254933866868 110.5801490847169 85.91628323944447 70.21402988241537 69.80813830585792 84.91823284745354 95.68819920499416 65.86423558082744 43.758273704577704 43.43153732854533 65.21221726029444 87.5752895706065 53.52532311256202 21.338710820663213 20.98981750745654 53.10984647718262 88.13429584976805 54.4268350138063 23.489492146498094 23.153438623448235 53.99311813545315 97.21570927347521 68.04448843629211 46.94707604949666 46.6135255001681 67.35303138271439
47.58621998716282 0.0 96.91804697542744 49.612856687531334 19.782324772683154 49.67720134885447 45.768017712325104 84.83136732144983 51.92538165974362 41.082745450252006 97.62302507863518 61.42861654421709 115.3458478603542 49.17816070326647 55.91468341762385 41.117055584944275 38.9749999543854 59.90791788389824 43.846241939469834 64.52607917410559 46.28069927631284 4.315291556131603 59.58869546968389 43.13015490197437 25.019154793622654 44.4438311564274 57.87645058649605 85.43878389834008 90.46997818150611 33.01442966452478 97.38985770258293 60.08893049556938 111.26169483213741 53.63996213182067 89.34180654514513 52.316685219452076 60.49769287601328 73.32127830937308 38.93100870768197 8.912997397946379 133.2993534607267 100.95896187947471 70.79214188034393 47.171641262839685 42.82080273614577 127.299597044803 92.97078688101331 58.9643769636303 26.549557816659078 18.10555224311816 127.31640549535783 92.99358869282923 58.99998829047297 26.627811576715754 18.219021141134764 133.34750274617434 101.0219417428885 70.88109558878122 47.30377876498162 42.9649396039173 144.6421972644663 115.3965033018743 90.03389265264363 72.73659182247286 69.78454605549764
57.72008752474502 96.91804697542744 0.0 65.21124297811924 79.68847124344161 54.80776284944812 51.352693790382844 13.675205331448453 46.03696683731235 71.35182170702664 0.7113065980788735 62.724343141721796 32.95570152568279 49.71151677288564 50.276744099087956 73.05089477936494 59.76294172806653 46.41281749896563 59.9952627474519 32.40325493839784 56.276105893518626 97.6059247790301 37.32936621411451 64.23710065107221 72.68574027778423 53.35169408094281 39.20280478966695 20.122612854952948 15.66148458362853 66.90985562721391 3.163974712475157 44.397369444680166 26.227292840745516 46.66595969997592 32.73590284647468 45.5279664818473 47.725063080524365 33.549551255742884 61.32991055493855 101.16162445642071 63.6081299593793 55.70770143923586 67.49441051092555 91.6648053932501 121.01310379473254 41.039448297524444 27.627088033846626 47.29815417660314 78.139711428972 111.21759453313919 30.52334131753319 4.194963283423046 38.70885516620491 73.30762319959058 107.90965744377901 42.28890155753896 29.434941234197343 48.36649691218632 78.78488414022019 111.66752258878807 65.22436680548844 57.52965888322016 68.99199129952609 92.76269541692326 121.83895124868867
10.586536079740226 49.612856687531334 65.21124297811924 0.0 30.467579534653265 12.673058772753858 28.007010610878307 58.17113893253468 39.44547763427348 8.95335752126849 65.87969401419946 69.68967584920475 93.89875885271475 41.19844928610946 53.48977618330447 9.75536585013743 21.213845481104233 54.6278436815946 12.020202239614632 40.08099564244117 14.264948975895704 52.7865888172903 36.60381374389692 8.21391217030258 29.044587286239455 24.34541990849848 33.31354065144526 64.1037785835707 52.8850144571037 20.699202007865207 64.19160454053372 52.710184319095376 87.92235869814625 45.144637660978134 75.34541190699153 26.860239811215134 17.62107482229643 59.70288204382723 18.04992699595624 48.60658632630589 120.39790283224482 96.39508597934613 80.51774814312552 77.90340496319848 89.71906607797091 104.38544832214588 75.6687561156054 54.31395868388495 50.685877621071846 67.69724439866721 94.2323117890016 61.05490627702081 31.153168278703554 24.661377197214925 51.38766851020317 91.90207169312265 57.427782189656504 23.340162668902643 13.65393203710006 47.14817246950374 97.9547510283315 66.60729013783137 40.8993953622932 36.10846956230719 57.70367578396448
27.80828395732361 19.782324772683154 79.68847124344161 30.467579534653265 0.0 29.949744173069654 28.5133249170387 68.51675306795616 37.287490728822625 22.531776389333196 80.39958621769007 56.21351417234881 101.31906471306863 35.7112590456793 45.52528871805983 23.020473537897274 20.157132852844317 48.80461288028601 24.078502331603595 47.759334646669906 26.645112898107246 22.499975144586056 42.791881218482914 23.492218884480923 7.532826659214087 26.34768078332367 40.54925772017658 70.60895338388707 71.87261781494242 13.519876375517708 79.82359057827694 48.210708204242515 96.58143786214686 40.626488033522484 76.96257543132894 34.23329486428414 40.76053340505105 60.28848151324133 19.50821883050876 21.65838552651758 122.4039717725566 92.35249821897784 66.85832537552939 52.9706290511112 59.46881147565782 113.03628364736349 79.64756874787692 48.01157382295002 25.716326755955354 37.581776570999736 110.21129115774184 75.62315880478113 41.06153752100624 6.934828519175407 28.372312147928906 114.41481686118637 81.57451014151954 51.116409628320305 31.083921945068578 41.40494313139792 124.93923367863749 95.65718501677063 71.31318343179238 58.44340315545584 64.34656766345057
2.912742164656552 49.67720134885447 54.80776284944812 12.673058772753858 29.949744173069654 0.0 16.36177798628991 46.520768207217294 27.224164407763443 16.621136622907784 55.50063490117136 58.3181442015071 82.07070026433526 29.422045082458915 41.5695161674009 18.392599891867015 12.915739965584423 42.37471055418894 5.989767835894322 27.607138462902764 3.7781400617626595 52.03248246855478 23.95893051600642 9.4339500962732 25.514261433770557 13.098600091449734 20.672384539114436 51.8734378882917 44.101009080877425 16.78932609231014 54.17395493896003 40.348247929546424 76.27882802132827 33.004580424709076 62.751550215883896 14.211591598398945 10.821260594038646 47.03119070627654 11.261920493972708 50.93307577256084 107.98200172735075 83.73425353195239 68.97465593966746 69.98818858456748 86.22038826455267 92.85215428333967 63.251527468544396 42.128526588312425 44.08734094864515 67.13716083744518 84.6705424125325 50.6130383614297 18.684494461021288 23.05195860995835 55.75416611917651 85.45718462407133 51.90645045990602 21.919808456218014 25.720140244917946 56.89835176628829 94.98949337190169 66.32154971675816 46.57153847888547 48.31236456918206 69.95768062690375
17.560118280893633 45.768017712325104 51.352693790382844 28.007010610878307 28.5133249170387 16.36177798628991 0.0 40.01069485730872 11.764560246748301 28.12572531391041 52.062132542507335 41.970443407335694 73.5020671782353 13.198440626241865 25.482772630077125 29.98809734990584 9.885765640965994 26.792696847609896 16.334966023065757 19.24600973870309 13.776346199141505 46.84400169923071 14.280997901507133 21.35614140319723 21.348269509383123 3.779637772984588 12.156675548503944 42.632416016965536 45.02833506733948 16.842443371378256 51.67851256039764 25.063916401795503 68.46086522083424 17.255029123290463 50.835893874016364 7.176123717043867 22.992753313120467 34.226140306424895 12.838061314060813 49.826174038566975 96.673885124358 69.73418371416466 52.67519144887362 55.50944346485158 76.04422356058372 85.02795542376627 52.59479239417101 26.410508988901608 31.994712031255855 61.19356196269596 81.85850444199127 47.35117326203681 13.35314422020918 22.56841384127681 56.878942830597325 88.08549804073189 57.364193741500095 34.88667529472971 39.2217176323439 65.22606676997181 102.0020259842133 76.88760207123858 61.755778168375365 64.1142079504659 82.4758747989826
49.35923787377244 84.83136732144983 13.675205331448453 58.17113893253468 68.51675306795616 46.520768207217294 40.01069485730872 0.0 33.20480528615978 63.07327909127171 14.273008278627707 49.446937038967775 35.7497642241994 36.6354136386257 36.60202750797795 64.88248009788767 49.15828952369244 32.747837451873984 51.006500260083044 20.78082054656105 47.23975976024962 85.23158027079661 25.73022434043211 55.71091471198938 61.25230288195187 42.53058122161722 28.192949157536532 9.490608798659562 20.305959266139475 56.379148928329755 15.649173782760187 30.72231237139413 29.776577979457578 33.27758814376051 24.150273808251356 35.1051083001671 41.63826481496674 20.35659536125958 51.19512751032927 89.64412994411819 63.79625100048425 48.44585107172514 54.94405082768583 78.0096554747762 107.45684418647856 46.33139051669506 21.006830475244634 33.62771033372687 64.9246153179115 98.46032318682255 42.7499054035144 11.188001451175033 28.594428515699462 62.48971362555261 96.88725549328501 55.79291910431609 37.39882233648839 45.59958340343939 71.79693660064163 103.078155820542 77.47522644719831 65.28181760872513 70.11271296160382 89.24483815955034 115.79404805809907
28.87401982567228 51.92538165974362 46.03696683731235 39.44547763427348 37.287490728822625 27.224164407763443 11.764560246748301 33.20480528615978 0.0 39.88383924320635 46.719163043319256 31.901994494006143 64.11394626423038 4.226491949867409 14.543812569784 41.74201541740739 21.233276206745057 15.184361075306636 28.026125282154837 14.578096916096635 25.19357888139914 52.10695149290154 10.807666349753319 33.09425532704024 29.758661401474598 15.540949761135794 11.745180906351552 33.64318120483256 43.33962714922573 27.58575505056097 47.03606551365521 13.324064748833763 59.6043532460476 5.805913022295701 39.9614104443886 13.827644390599037 31.26567180913151 23.21955004412053 24.42471627220624 57.389543948170314 85.72775309446598 58.02304861943508 42.177253894629146 50.85260441864849 76.0780787153745 75.91674363490111 42.371529700447475 14.906096735683942 32.30924846540355 65.2719999589573 75.94532825156435 42.42225327223105 15.048348885380591 32.37450505793862 65.30401896800146 85.80367218111243 58.13412986376757 42.3285217527713 50.976958094592874 76.1604658806086 102.6985521917909 80.83962121211934 70.12741624971864 75.4680268739496 94.16873190258544
13.7369610046396 41.082745450252006 71.35182170702664 8.95335752126849 22.531776389333196 16.621136622907784 28.12572531391041 63.07327909127171 39.88383924320635 0.0 72.04031586526901 67.95710612399381 98.49938512382599 40.74470710157302 52.928337391263 1.8884348512774671 19.16829676502048 54.73875220832926 12.444507820452365 43.60659232014414 16.07904247643995 44.43606447840343 39.46226609907205 7.409017216711317 22.629156394404667 24.362627534356484 36.2769421903172 68.05176405044452 60.014907502293504 15.677429957248464 70.61820951175744 53.13988037825347 92.79593613896748 45.22265560316464 78.12010656890284 29.24640527510538 24.895730932753494 61.851082823054384 15.758148732840313 39.707373133567984 123.73779212314372 97.83728696478393 78.91754614745972 72.65379763539292 81.99951453711752 109.393841313844 79.11288192142955 54.27244718255988 45.02181505114105 59.18820835452059 101.0067805151207 67.159717672324 34.832948495235684 17.637731695250093 42.46991303644358 100.08603252202109 65.77973858511567 32.118317376186624 11.44774276113729 40.31584698463993 106.82488341268824 75.55460028048242 48.99249977773965 38.559797067183 54.481890293703906
58.41308780993192 97.62302507863518 0.7113065980788735 65.87969401419946 80.39958621769007 55.50063490117136 52.062132542507335 14.273008278627707 46.719163043319256 72.04031586526901 0.0 63.22156917691163 32.56402819695763 50.38430427418606 50.87343031167374 73.73730855235388 60.47409569661768 46.993900018417655 60.69553601465384 33.10616050400772 56.97764711659349 98.30609991751734 38.03435168313876 64.93072619432712 73.39578808747667 54.06295270397186 39.91268403015339 20.509988184092897 16.092648860188874 67.62067632808868 3.243238761372429 44.99296350717696 25.830505794170254 47.31807764236999 32.93141868731951 46.23920706713468 48.38377497035884 34.05261973704225 62.0394405328958 101.87187075814023 63.27471058865414 55.76975797318811 67.90903057347693 92.2377394904206 121.65014739273387 40.51520946297406 27.743983514407883 47.88334530598242 78.8082521500159 111.90847228170868 29.8123665736939 4.891672590064511 39.419971084369756 74.01887718289441 108.62094014553387 41.78058001302354 29.545016886219344 48.939113810946566 79.44811753185154 112.35571893955215 64.8995562976113 57.59009301855619 69.39794508255603 93.32909680295244 122.47185552818839
59.45854819963773 61.42861654421709 62.724343141721796 69.68967584920475 56.21351417234881 58.3181442015071 41.970443407335694 49.446937038967775 31.901994494006143 67.95710612399381 63.22156917691163 0.0 64.52971244611172 28.97518645388096 17.573258225407777 69.64137891120748 48.99128682698838 19.022709200789276 57.70706248877062 41.67368529365177 55.65254428224824 59.304937023861605 40.57076729628537 62.2948406381913 49.90075167680376 45.449938756485544 42.76755257881931 43.24068124241291 67.13572760078434 52.876614839645626 65.03221077502373 21.626530291809313 63.054256519312055 26.28043051978416 37.49560279412422 45.69316641953667 63.16618095261235 29.177176474972516 52.39923298798122 69.62599049867832 74.57397418295668 40.538697561879346 10.970271601370118 31.498574609850532 65.25968150650506 76.10544860870799 43.266938389501426 18.624302465975145 34.87906768046372 66.94088524428862 87.25443618898913 60.63493371730777 46.20245295147636 54.65849477238 78.96358884131544 105.0003117987699 84.00585807931247 74.05167149303452 79.40442718963715 97.57675547987634 126.59790983567783 109.60383703218452 101.94911542715387 105.68298780133735 119.74479701989952
84.86239155141799 115.3458478603542 32.95570152568279 93.89875885271475 101.31906471306863 82.07070026433526 73.5020671782353 35.7497642241994 64.11394626423038 98.49938512382599 32.56402819695763 64.52971244611172 0.0 66.31180306823387 60.46435120129393 100.33728384428298 83.21006791232742 56.19322124821545 86.2382233679772 55.12945804301314 82.4985639909081 114.90484862520185 59.71861374307597 91.09833111810994 93.81355749633748 76.5570036793663 62.65171658061937 30.874529967084033 48.608212777409975 90.32595118808287 35.62544910350062 55.53933437822223 6.736034622279396 61.71943563111928 27.39114930880238 69.7697539417225 77.32766544611782 42.08602663473273 85.65196959539868 121.37840146392746 30.98784275125517 36.31284776318165 63.81095398264136 96.02026455103424 129.47116659970436 12.016252195830873 22.588645188360978 57.19228865616802 91.79609625516717 126.3999331855776 30.75258688670043 36.114142427591055 63.6991339995443 95.94668710712351 129.41712624728123 58.001678405162636 60.83198837836984 80.19761977581446 107.50617153929689 138.12417207306495 86.02134695314435 87.74399590095463 101.94634714271476 124.42595695868889 151.54303684947772
30.753179081431544 49.17816070326647 49.71151677288564 41.19844928610946 35.7112590456793 29.422045082458915 13.198440626241865 36.6354136386257 4.226491949867409 40.74470710157302 50.38430427418606 28.97518645388096 66.31180306823387 0.0 12.306806210835726 42.55970708236106 21.65520841959862 14.093270572494738 29.42311169966361 18.71189844631014 26.974392677232817 49.095849284905384 15.03344405966044 34.32595048138124 28.2077531772457 16.869092527563776 15.829827211290443 36.28207021982082 47.49536662834142 27.315522931359 50.83229025305174 12.857929098358662 62.08861028120941 4.946548433830068 41.262532344024486 16.93356971118753 34.49645221982678 24.648848101272 25.017935937206737 55.07790613090991 86.74126008752711 57.85264569692542 39.555480968723295 46.66013913060194 72.00365366435969 78.21338127376835 44.19432785265254 13.557151716913946 28.44830847868926 61.88431378147058 79.3702331935248 46.19269166902201 19.045845813365414 31.409749356641573 63.28703737176755 89.83840212545635 62.360217281385715 45.841786792293355 52.0476382551936 75.57286810782716 106.91653494719623 84.95960059636553 73.48382010611637 77.30691882795605 94.59174053135919
43.01100346962338 55.91468341762385 50.276744099087956 53.48977618330447 45.52528871805983 41.5695161674009 25.482772630077125 36.60202750797795 14.543812569784 52.928337391263 50.87343031167374 17.573258225407777 60.46435120129393 12.306806210835726 0.0 54.722095648846484 33.77237315759624 4.313511478474147 41.72927387585615 24.6553534167653 39.24732857102407 54.96500183863682 23.08300373549861 46.61504547824289 38.30122298496848 29.173914122093155 25.1978850357609 33.0700640475191 51.848778261903576 38.93126586084274 52.075483010930256 5.881492086810668 57.252742069527855 8.787478698141523 33.643424636814586 28.365681885336368 45.71079534029577 18.87301632471312 37.171813844433196 62.90778109218693 77.58999103014027 46.84701455663882 27.639074745345305 41.56962530493405 71.3231284953967 72.47839467474631 37.87611073111685 3.306999345975794 31.338907707574272 65.94067363171669 77.95637642626974 47.445855618344325 28.63320312263215 42.23091217170257 71.70689004957823 92.15419899776788 68.14781217618017 56.48578713933224 64.28029190090362 86.41793585921074 111.79704348139695 92.80898557073944 84.39876389031818 89.59637026055131 106.42641802851743
15.526658137104942 41.117055584944275 73.05089477936494 9.75536585013743 23.020473537897274 18.392599891867015 29.98809734990584 64.88248009788767 41.74201541740739 1.8884348512774671 73.73730855235388 69.64137891120748 100.33728384428298 42.55970708236106 54.722095648846484 0.0 20.950956610837746 56.570061556399956 14.328532897474858 45.47299169064389 17.950031679644077 44.58685993074748 41.34346511871729 9.270482578414935 23.681210375604934 26.22913802073671 38.15422927257257 69.91322150800741 61.55873633905038 17.143735115109106 72.28046419303537 54.98722783388015 94.6165275496753 47.060323967146296 80.00796376971593 31.129722992857456 26.347829484280275 63.73858979837232 17.55227780240203 39.332358001641545 125.62153920665509 99.70812214103016 80.60642335046842 73.80940800247927 82.4197142373252 111.20845761655708 80.99161182818952 56.09611401570846 46.13804840111088 59.20707470181597 102.62863059332271 68.86089601309604 36.68593703081807 18.567195426093953 41.694979437295814 101.37465455057081 66.9952205435118 33.08702549516625 9.797735791373045 38.627615603995096 107.70278552989049 76.15290859203259 48.923085866570766 37.18196529031045 52.596160731766766
12.358957616357662 38.9749999543854 59.76294172806653 21.213845481104233 20.157132852844317 12.915739965584423 9.885765640965994 49.15828952369244 21.233276206745057 19.16829676502048 60.47409569661768 48.99128682698838 83.21006791232742 21.65520841959862 33.77237315759624 20.950956610837746 0.0 35.72167285430206 9.367760009748515 28.436318720689282 9.154879380726884 40.76099105107377 23.6031962558818 13.376733368261492 13.972247135687777 6.6691760824287645 20.965344534759886 52.338154972279945 51.74818804508106 7.221044535241017 59.77942199848238 34.261779786732724 78.04399875791269 26.273266485172712 60.71130006555597 14.239804614794888 22.993974886266603 44.073264477186605 3.422354431679401 41.814129460217615 106.55156491511256 79.21207977778215 59.922149897289785 57.45926717477484 73.5340981500672 94.64842744491821 62.46321095557205 35.21107021019527 31.190143404701217 55.6836552652288 90.25997913648382 55.65653044036878 21.054437566412794 13.556685267926255 48.15737226330548 94.4399253320865 62.14973641463906 34.657171988534486 30.56941279482284 55.34164816465346 106.18091919538224 78.7174050225869 59.272814071164916 56.788181041820806 73.01590859553657
44.058353648734546 59.90791788389824 46.41281749896563 54.6278436815946 48.80461288028601 42.37471055418894 26.792696847609896 32.747837451873984 15.184361075306636 54.73875220832926 46.993900018417655 19.022709200789276 56.19322124821545 14.093270572494738 4.313511478474147 56.570061556399956 35.72167285430206 0.0 43.12471589845098 22.666883971258606 40.370944535485066 59.06726906452671 21.93771936830033 48.1398305578514 41.45498549380386 30.56307399854497 24.46635210888261 28.84071744563781 48.77375590661824 41.35720100067391 48.316704049512104 2.604852764455428 52.94201224521132 9.540160335933532 29.493938280766802 28.622616998500813 45.514030708955396 14.568121642810752 39.06002064325293 66.73436829693159 73.86550944502079 43.88147982286776 28.105052103223912 45.266350997035154 75.51840840376497 68.20891263296576 33.60517051626509 1.0067889377694628 35.60300799350442 70.20675998853902 73.76859668468991 43.719652866256986 27.854073478751094 45.11241453125823 75.42711483941426 88.45404831706684 65.3593231600992 55.80642216557002 65.96715514029182 89.35193075890473 108.62438976345601 90.61165162387923 83.76396115322825 90.64793095997277 108.68491158439578
3.782290037358786 43.846241939469834 59.9952627474519 12.020202239614632 24.078502331603595 5.989767835894322 16.334966023065757 51.006500260083044 28.026125282154837 12.444507820452365 60.69553601465384 57.70706248877062 86.2382233679772 29.42311169966361 41.72927387585615 14.328532897474858 9.367760009748515 43.12471589845098 0.0 31.22172427475026 3.7685314925910993 46.32009473363899 27.02016803024419 5.157316343729979 20.13022018639195 12.579329365553297 23.846210818392414 55.68057999350252 49.826977980729566 11.252868728682301 59.517122734323486 41.350127197344285 80.6322912705097 33.58917775710741 65.69287407466739 16.801971747149075 16.70943258334994 49.492588694804496 6.581479128885959 44.94898816729227 111.29332224597199 85.70928189954873 68.56186259633515 66.70942643704136 81.20552150306162 97.25602322436656 66.67470097980404 42.74487360860555 40.044468548604826 61.43957580729854 90.0832157363138 55.80427199557075 22.541081576479776 17.23184593966922 49.80587556215031 91.40588397286514 57.89611851078368 27.271476192756733 23.029421407824522 52.07516729276511 100.89038562638197 71.8264114889149 50.33894922786095 47.997908067787264 66.84610307284018
30.227949887387176 64.52607917410559 32.40325493839784 40.08099564244117 47.759334646669906 27.607138462902764 19.24600973870309 20.78082054656105 14.578096916096635 43.60659232014414 33.10616050400772 41.67368529365177 55.12945804301314 18.71189844631014 24.6553534167653 45.47299169064389 28.436318720689282 22.666883971258606 31.22172427475026 0.0 27.529508237363377 65.2146958181924 4.9791461865507 36.202520126847496 40.54927632191249 21.783846034708915 7.541953167357364 24.459515110976653 28.784976587048668 35.65031688758996 33.040212905975366 20.062984559777043 49.7332070801651 17.42953067076108 35.350918344816634 14.642910371624543 26.139696331428873 20.685934146810265 30.632867416812676 68.99953884656041 80.37488478942542 57.509713060860584 50.49175334797349 64.70140867641365 90.65281286990349 66.36615045500776 35.64529738957423 23.055440795483648 46.76926660890928 78.98113744697758 62.803197638511506 28.54100517294689 8.932527329698726 41.71144732885565 76.12327737024513 71.27043925156762 44.03860206888605 34.556521857194696 53.326725976127676 82.9949273944642 88.37478556576735 68.15387935436675 62.24611457501506 74.15514311413091 97.56111254806298
3.806959948023745 46.28069927631284 56.276105893518626 14.264948975895704 26.645112898107246 3.7781400617626595 13.776346199141505 47.23975976024962 25.19357888139914 16.07904247643995 56.97764711659349 55.65254428224824 82.4985639909081 26.974392677232817 39.24732857102407 17.950031679644077 9.154879380726884 40.370944535485066 3.7685314925910993 27.529508237363377 0.0 48.52234820613488 23.422949761103887 8.684353798570674 21.87780090277357 10.202637869621388 20.212937062556026 51.980841747837864 46.341192559219536 13.28156084256272 55.83628325627121 38.482474582798396 76.87527386190028 30.880342578938944 62.18347157877844 13.24917516602988 14.350178324282394 46.10495719480372 7.563941122160462 47.889983958932085 107.70764294174097 82.51325208098781 66.41318222356858 66.39095090610333 82.45956303819514 93.49675600980069 63.05092098165619 40.05024864793465 40.34172437242126 63.60593967835177 86.41534500866426 52.08737307374053 18.799734732529664 19.713412435970792 53.091056170452674 88.19815573201647 54.968505869366766 25.67110495231223 26.29299622689048 55.84339442451722 98.36429246114257 70.0051965118836 50.20688824675526 50.35420835117642 70.3219137425567
50.09187641972036 4.315291556131603 97.6059247790301 52.7865888172903 22.499975144586056 52.03248246855478 46.84400169923071 85.23158027079661 52.10695149290154 44.43606447840343 98.30609991751734 59.304937023861605 114.90484862520185 49.095849284905384 54.96500183863682 44.58685993074748 40.76099105107377 59.06726906452671 46.32009473363899 65.2146958181924 48.52234820613488 0.0 60.33269150626014 45.99205164165799 26.82669508696339 45.84497269504248 58.825756195500716 85.35907039224514 91.80006862781201 35.25350856293052 98.21354692073739 59.432930090146534 111.02734694893574 53.36245049154257 88.56075382377806 53.61532115892297 62.83868839766478 72.81993537321576 41.04673516066673 12.719882092831481 131.98458001032637 99.23272035555208 68.33128027339116 43.428361536918075 38.70024490670243 126.89451473549288 92.42047963690885 58.10098907562456 24.59181765940153 15.12093743937326 127.87619880535136 93.75152424427353 60.17659271636677 29.119482476803313 21.668275072039826 134.79698826209798 102.91029216691352 73.52306991946065 51.14263168958136 47.12015632688561 146.8190413347769 118.088869338596 93.42847679288661 76.86044851802738 74.03327546622066
26.40533745468582 59.58869546968389 37.32936621411451 36.60381374389692 42.791881218482914 23.95893051600642 14.280997901507133 25.73022434043211 10.807666349753319 39.46226609907205 38.03435168313876 40.57076729628537 59.71861374307597 15.03344405966044 23.08300373549861 41.34346511871729 23.6031962558818 21.93771936830033 27.02016803024419 4.9791461865507 23.422949761103887 60.33269150626014 0.0 32.098633582464366 35.57079468854886 16.93517104899372 3.2909713394722377 28.902756060932262 32.85753294404216 30.79894000859501 37.88284842756232 19.42221374378598 54.4548029751428 14.902127841976444 38.823841538654364 10.226403031802144 24.22671842833174 23.1780554546568 25.935045937117593 64.02060626401263 84.2855753002257 60.05610517037685 50.042167558246 61.61579749789371 86.50780120734967 71.07156088995843 39.65725823385468 22.115025304789285 42.429888148000316 74.20486050498431 67.76106143965036 33.426244392626145 6.1579142876460695 36.78830969167733 71.15963236960295 75.66550406056864 47.33507072635932 33.92316564151425 49.55588001841062 78.45776667833192 91.9359731641386 70.30305160327107 61.867553145532995 71.46641424413 93.71276200111637
6.521780089022383 43.13015490197437 64.23710065107221 8.21391217030258 23.492218884480923 9.4339500962732 21.35614140319723 55.71091471198938 33.09425532704024 7.409017216711317 64.93072619432712 62.2948406381913 91.09833111810994 34.32595048138124 46.61504547824289 9.270482578414935 13.376733368261492 48.1398305578514 5.157316343729979 36.202520126847496 8.684353798570674 45.99205164165799 32.098633582464366 0.0 21.13298395879878 17.579454594355465 28.89619725662577 60.644081039263156 53.381112591809256 12.561548680729826 63.605772224319466 46.41247235883174 85.41402360912623 38.59967709380015 70.82141653263008 21.901136429131586 18.86883367207016 54.64693894388234 10.0577685898837 43.2155623430028 116.3839901346904 90.85309246451558 73.19902010741548 69.68980962308243 82.15840475979874 102.01948398808004 71.73466274377982 47.73436515218277 42.49821698249671 61.06102136181058 94.08977574971313 60.04219998415088 27.424378492385742 17.145791641145827 47.2304000075859 94.23404155767591 60.26595020610446 27.906366254615193 17.899613355721844 47.50660371470251 102.41816059730087 72.29534714153809 48.56515525586161 43.42062737056262 61.70046148255514
23.892182971079706 25.019154793622654 72.68574027778423 29.044587286239455 7.532826659214087 25.514261433770557 21.348269509383123 61.25230288195187 29.758661401474598 22.629156394404667 73.39578808747667 49.90075167680376 93.81355749633748 28.2077531772457 38.30122298496848 23.681210375604934 13.972247135687777 41.45498549380386 20.13022018639195 40.54927632191249 21.87780090277357 26.82669508696339 35.57079468854886 21.13298395879878 0.0 19.56464454445835 33.483665392600095 63.136329247514965 65.5226005745548 8.890305735043478 72.94187916176479 40.77946977109682 89.11792869060987 33.13360492232312 69.44480548716727 27.484977022796286 36.22663068228814 52.76185095535455 14.32544286304359 28.479101664848766 114.93109229177179 85.14724532147824 60.71042517567806 50.16236631823826 61.168416648682225 105.54948632227773 72.11524795956652 40.686218881023365 22.471589150258225 41.826077089449086 103.19966331900258 68.66291067691175 34.26184426103931 5.29211846060476 35.735037981393695 108.34026691013602 76.1054549774176 47.34237209759088 32.94530604543826 48.211194357381814 120.01233477593856 91.83072445108647 69.69638084958758 60.638858431524994 69.93810763164748
14.00899290074311 44.4438311564274 53.35169408094281 24.34541990849848 26.34768078332367 13.098600091449734 3.779637772984588 42.53058122161722 15.540949761135794 24.362627534356484 54.06295270397186 45.449938756485544 76.5570036793663 16.869092527563776 29.173914122093155 26.22913802073671 6.6691760824287645 30.56307399854497 12.579329365553297 21.783846034708915 10.202637869621388 45.84497269504248 16.93517104899372 17.579454594355465 19.56464454445835 0.0 14.349143112861425 45.68920477162818 46.02752306030499 13.86870700660538 53.48100574747645 28.84355388495683 71.37544207074983 21.023488428798505 54.34758398116318 7.923405081612642 20.893507691284736 37.80818203562499 9.277242093575886 47.91468273444078 100.1661269257834 73.48138709167877 56.21896676032028 57.588426863634425 76.59685570517264 87.9815281326794 55.92920122878226 30.170226993172857 32.973480754226436 60.490487341028725 83.87171360786135 49.27758476030969 14.729247990936852 20.011884049917064 54.578884473355274 88.96313030139 57.44709609098738 32.87455847536873 35.442090660446034 61.857775869783204 101.88533537703115 75.7871425003888 59.173899669045866 60.449978224290255 78.75048802453209
23.13750622924775 57.87645058649605 39.20280478966695 33.31354065144526 40.54925772017658 20.672384539114436 12.156675548503944 28.192949157536532 11.745180906351552 36.2769421903172 39.91268403015339 42.76755257881931 62.65171658061937 15.829827211290443 25.1978850357609 38.15422927257257 20.965344534759886 24.46635210888261 23.846210818392414 7.541953167357364 20.212937062556026 58.825756195500716 3.2909713394722377 28.89619725662577 33.483665392600095 14.349143112861425 0.0 31.91457094133405 33.46899358216489 28.186250198104286 39.52992690084927 22.025570139523673 57.275160239633024 16.656453920312103 42.095426472576904 7.12512776970727 21.24115980599301 26.458407144862406 23.09506854451829 61.96148963142146 87.50290031727054 63.31951631104509 52.504903936814706 62.44172434559861 86.23208886932629 73.90795332008517 42.83857653081741 24.550850921122656 42.01413440023922 72.95528263533478 69.71637589984562 35.19460717129278 3.4353845069991844 34.3481811297103 68.86688184145156 76.49022474987973 47.11629809407367 31.368322870543462 46.290742955649385 75.47535463245467 91.83394364583037 69.12989873505026 59.32282706063751 68.22197549506109 90.46581281507179
54.575590020163425 85.43878389834008 20.122612854952948 64.1037785835707 70.60895338388707 51.8734378882917 42.632416016965536 9.490608798659562 33.64318120483256 68.05176405044452 20.509988184092897 43.24068124241291 30.874529967084033 36.28207021982082 33.0700640475191 69.91322150800741 52.338154972279945 28.84071744563781 55.68057999350252 24.459515110976653 51.980841747837864 85.35907039224514 28.902756060932262 60.644081039263156 63.136329247514965 45.68920477162818 31.91457094133405 0.0 29.69612265507858 59.451766616585 22.862819451760874 27.3785091534901 25.987757865277626 32.06424124330501 14.672875268142587 39.038755963067224 48.528509575434576 14.558161355909402 54.81363181359953 91.0299030131655 56.44446798349905 38.984803991883915 47.41811200596581 73.29369125310966 104.35649685228547 42.44256778563795 12.1620102483975 29.821297543511392 63.44728080787178 97.7581580095582 44.960072529346476 19.129345930484703 33.24610819701198 65.11162434892636 98.83618578667199 62.016732492877395 46.624613923246805 53.818646635983455 77.54902588367115 107.35953004526124 85.29518461285166 74.64301279494872 79.13681880197967 96.68732445554978 121.77432905433274
46.9504254297773 90.46997818150611 15.66148458362853 52.8850144571037 71.87261781494242 44.101009080877425 45.02833506733948 20.305959266139475 43.33962714922573 60.014907502293504 16.092648860188874 67.13572760078434 48.608212777409975 47.49536662834142 51.848778261903576 61.55873633905038 51.74818804508106 48.77375590661824 49.826977980729566 28.784976587048668 46.341192559219536 91.80006862781201 32.85753294404216 53.381112591809256 65.5226005745548 46.02752306030499 33.46899358216489 29.69612265507858 0.0 58.48083083557457 13.243127267166747 46.32730982385079 41.884300786665996 45.87845276800113 44.195723115877435 38.18943356918788 35.30970392959426 39.212740243691016 52.560854784948404 93.52247128104831 79.14573350136693 68.31572862131677 73.92424301888045 93.0446769961192 119.35071599444784 56.47173820230249 40.252525407572385 49.460059683176794 75.28049097782889 106.22066773793459 41.46368018140684 12.80362082030993 31.677758061831597 65.09899940325185 99.33343248104578 43.06587481776734 17.266231567771012 33.71090348219639 66.10277117396578 99.98788317719988 59.961219935061486 44.975863183407036 53.33970240131792 77.86035348808066 108.0470297922758
15.025838921115842 33.01442966452478 66.90985562721391 20.699202007865207 13.519876375517708 16.78932609231014 16.842443371378256 56.379148928329755 27.58575505056097 15.677429957248464 67.62067632808868 52.876614839645626 90.32595118808287 27.315522931359 38.93126586084274 17.143735115109106 7.221044535241017 41.35720100067391 11.252868728682301 35.65031688758996 13.28156084256272 35.25350856293052 30.79894000859501 12.561548680729826 8.890305735043478 13.86870700660538 28.186250198104286 59.451766616585 58.48083083557457 0.0 66.86576090180935 40.154872267172784 85.21391085435263 32.16020901063686 67.42514204801438 21.420957123219367 27.58575505056097 50.714836848492894 5.988521988451758 35.076775586262485 113.25067987066794 85.1673730883023 63.843846485343896 57.3879985626017 70.03940586689184 101.80694619137986 69.39050688038506 40.74638746657715 30.00552003748426 50.35108607243471 97.38566248999834 62.78894036524504 28.20973541426046 6.6318683999695365 41.07345311982431 100.91434907267323 68.08639623766642 38.50519208152237 26.914368708683295 48.58968645699465 111.641524401988 83.03566437587189 60.99844609478101 54.235565595774275 67.50540724510931
57.08453865142983 97.38985770258293 3.163974712475157 64.19160454053372 79.82359057827694 54.17395493896003 51.67851256039764 15.649173782760187 47.03606551365521 70.61820951175744 3.243238761372429 65.03221077502373 35.62544910350062 50.83229025305174 52.075483010930256 72.28046419303537 59.77942199848238 48.316704049512104 59.517122734323486 33.040212905975366 55.83628325627121 98.21354692073739 37.88284842756232 63.605772224319466 72.94187916176479 53.48100574747645 39.52992690084927 22.862819451760874 13.243127267166747 66.86576090180935 0.0 46.2131725771893 28.889624509511428 48.02460976879621 35.79639559521546 45.59307988058189 46.613534767749435 35.87096449887606 61.18524330459326 101.38281731738411 66.41308864305147 58.86175727329959 70.09637030110628 93.57928361772929 122.4559106200376 43.22874849435948 30.757957570331353 49.17535288221015 79.27934679156859 112.01361722141219 30.593078849832764 4.671266060873713 38.76285975171521 73.3358860454384 107.9286773032225 40.15453634497842 26.307139389990628 46.54659490155939 77.69135428748366 110.90603538427467 62.434262427648974 54.3759895170357 66.40975742300024 90.87661998077495 120.42284155511032
42.12582023976359 60.08893049556938 44.397369444680166 52.710184319095376 48.210708204242515 40.348247929546424 25.063916401795503 30.72231237139413 13.324064748833763 53.13988037825347 44.99296350717696 21.626530291809313 55.53933437822223 12.857929098358662 5.881492086810668 54.98722783388015 34.261779786732724 2.604852764455428 41.350127197344285 20.062984559777043 38.482474582798396 59.432930090146534 19.42221374378598 46.41247235883174 40.77946977109682 28.84355388495683 22.025570139523673 27.3785091534901 46.32730982385079 40.154872267172784 46.2131725771893 0.0 52.02111562410704 8.007951415084486 29.281285635705945 26.44717488644808 43.15255561392264 13.529392967431676 37.550375702378545 66.67374196312696 74.22620700816393 45.020568275404024 30.643259066305518 47.392014961484264 77.12219418116739 67.54970958907002 32.9996708626508 3.138083538873878 36.408393803218466 70.9658297361588 72.17832594043475 41.59069647509203 25.391004689301674 44.20929758823906 75.22674162464014 86.31184891509517 62.842963859921134 53.3248485728999 64.2856077953796 88.41118588100393 106.22103772875288 88.01822129736367 81.27871925888854 88.65651487439963 107.27744196556363
79.10370524069367 111.26169483213741 26.227292840745516 87.92235869814625 96.58143786214686 76.27882802132827 68.46086522083424 29.776577979457578 59.6043532460476 92.79593613896748 25.830505794170254 63.054256519312055 6.736034622279396 62.08861028120941 57.252742069527855 94.6165275496753 78.04399875791269 52.94201224521132 80.6322912705097 49.7332070801651 76.87527386190028 111.02734694893574 54.4548029751428 85.41402360912623 89.11792869060987 71.37544207074983 57.275160239633024 25.987757865277626 41.884300786665996 85.21391085435263 28.889624509511428 52.02111562410704 0.0 57.67099221564356 25.56700201103314 64.35853504806724 71.15009110498417 38.49367344607754 80.35817547988903 116.99245517857268 37.650832794352894 39.07080128946091 63.484653401190315 94.49289032380372 127.3669612777239 16.63728205280718 19.90481707267146 53.94866147834425 88.42832211408978 122.97777023710061 27.416612776154334 29.440091369188377 58.10862024433333 91.00191732316779 124.8235979641752 53.31203160398133 54.20380414803886 73.67995354702954 101.55895934980015 132.64430779431748 80.92086537990944 81.30242182399081 95.219284070356 117.974875478292 145.4790752798633
34.59383908292995 53.63996213182067 46.66595969997592 45.144637660978134 40.626488033522484 33.004580424709076 17.255029123290463 33.27758814376051 5.805913022295701 45.22265560316464 47.31807764236999 26.28043051978416 61.71943563111928 4.946548433830068 8.787478698141523 47.060323967146296 26.273266485172712 9.540160335933532 33.58917775710741 17.42953067076108 30.880342578938944 53.36245049154257 14.902127841976444 38.59967709380015 33.13360492232312 21.023488428798505 16.656453920312103 32.06424124330501 45.87845276800113 32.16020901063686 48.02460976879621 8.007951415084486 57.67099221564356 0.0 36.38274042765106 19.592444392441536 36.92799274947468 19.849883280028653 29.581274950500326 59.76528303983297 81.803581878524 53.02656428679683 36.4230105329965 47.28935966164411 74.43628176229454 73.66149769377918 39.46687177474348 9.17086515895677 31.708494804222447 65.73891992289536 75.83576840644633 43.35545809266546 20.079206394901842 36.35244309506033 68.07842914571162 87.56112155410341 61.46530229893602 47.78939867558855 56.4311946151499 80.49809119513291 105.70508704871655 85.16095363547528 75.67002619528134 81.20504879954952 99.28398300618157
