0.0 22.776574986413817 44.149643732842605 33.03007072025765 46.962703577763676 26.579985887628887 95.80206668890004 79.08807886908627 67.28464476987588 63.15579788343389 44.756310404509875 89.22015234970904 15.463016880455875 53.395736323168954 21.44667304277236 57.88775223208699 43.603622454196945 73.97851852798264 53.15792019082618 52.35217555301391 6.401759382707031 28.094061125678802 49.02238727169335 57.08728097793484 42.696489116041455 29.400085658340252 67.9458283489356 61.48878400916037 42.71969690254145 64.70527450758604 52.479910182079486 58.96999054046895 22.882320039808654 51.47427900449676 64.2330390057954 95.19378511098756 45.681258080136885 37.78101160967591 51.55270586400479 58.65352539844572 135.43560471697333 106.23265251721189 81.38011651627201 65.99123986447087 66.94578094694188 124.39377390430029 91.88457333967945 61.69738046181932 39.56244180360028 41.456422364142476 119.06277621977213 84.5981490477883 50.32496188677709 17.412914202214402 21.648792083414467 120.2051522215996 86.18391107813153 52.92354916559113 23.85341073319669 27.05394556888338 127.64715865430544 96.20404534687711 67.90767305115483 48.60553742931075 50.08349998494254
22.776574986413817 0.0 62.23939405200151 34.81689985347157 56.05862420182643 40.703541530454785 95.77504958723124 82.79652193746814 58.993645273837096 79.41816704597257 44.105376938480504 86.88585444166435 8.860617121550323 57.76763144636792 9.329157455697285 64.81057314693871 44.21007605442368 81.9166346682752 50.17745229310466 55.122217149740436 24.987572698958857 31.28671120690995 67.81724759344664 47.719055760853756 52.12530455204826 42.93597586350977 64.99044576693466 72.08435136742831 32.34222249726517 79.670887289106 50.64013871549916 49.53386992148305 20.52230788295796 56.85797987066998 47.2422861583889 95.6097170030587 44.81231567895489 52.75816895213054 49.88823947017681 61.42809460024429 130.8096342991697 98.64870705276333 68.89698351595577 46.44180477138621 44.291173867241184 124.54420292958987 90.25732257689764 56.35920918870665 24.519115572209145 20.514969730737327 124.42024015580655 90.08776766484453 56.08980815166034 23.899335713838386 19.777282172740964 130.45526140896126 98.18265619337254 68.23426150182088 45.46225497514875 43.27286138216105 141.8651026222814 112.77579862430828 87.78278187824556 71.33032639322735 69.74938540919428
44.149643732842605 62.23939405200151 0.0 39.58801803363723 26.070462891388352 22.423771875367667 76.36284888355998 55.68439198650304 70.32250678108471 19.69862556546013 44.97528017605161 75.3972742723007 53.393223394383384 38.38333441982475 55.353430327123306 35.00937172130227 42.479255499545644 43.40754261031511 52.34610848370057 41.20506642831321 38.83841786008538 38.342669038474966 6.011186806627001 65.55317986038068 24.86494431865566 21.129333980017105 60.834293302429394 28.92859370426465 59.34867844742714 22.76181113851688 49.98230391877417 66.84485292574081 46.41314056709012 35.528749419088555 83.9622374242764 75.0077575865783 45.631447418058805 12.562923429903321 49.25283133991958 44.11453644135591 120.26056965570389 99.90381949735992 88.84618225862546 90.56057349838521 104.41979343482247 101.23445891854563 76.19254635430211 61.294176439220855 64.05803236278796 82.73252355754256 87.30121803655656 56.59087226029516 34.3276131139358 39.35831891519147 65.6856419645591 81.12962403636816 46.611057003255866 12.570577695253792 23.201341818627828 57.562480408132316 84.43941507360067 52.11098408866953 26.380637061306874 32.72865511141027 61.97769940529403
33.03007072025765 34.81689985347157 39.58801803363723 0.0 22.85588207869192 19.507110079407855 63.3136506795645 48.368848669349255 36.50965328249039 51.28423816095061 11.749806957526125 56.22511659821092 28.452263923146457 22.975128545020024 25.514687761787375 30.15944007485424 10.638050794526462 47.26812967867649 20.41213841385221 20.637343212995262 27.549890545825956 4.9409308327469414 45.548442795903405 28.36278321616607 19.712423334574 19.306005050580495 34.94780080713777 38.7792211505489 19.761112476332308 49.83119439544574 19.4997525415354 30.025312150362375 14.347818467289814 22.067174288571522 44.46631818008535 62.854224230746325 12.684904858225973 27.130933678348867 18.56331918527178 27.058545095187842 102.41451071572438 73.93272460499779 53.274482894431046 51.04018306022404 69.0422844717916 92.10629085019714 58.98569728106699 29.494095119776656 25.59953718357107 53.25050661719883 89.78965799908596 55.33352481711315 21.36045031549784 15.671384450606906 49.29269040579347 96.04476945524112 64.91171852531815 39.96618484306046 37.09301723109227 59.57616294416683 109.41091092076474 83.27330325106057 65.5203570449655 63.60951099762293 78.70324733261276
46.962703577763676 56.05862420182643 26.070462891388352 22.85588207869192 0.0 21.223416012524012 53.23544281763946 33.82901495029619 45.12076910880649 30.497208573054337 22.06336756112328 50.40116158061261 48.396626210119756 12.322723351648175 47.09368311657254 11.536268483777643 19.745283493486983 27.036947203127347 27.609692084487452 15.291982359072358 40.563576931831456 25.035055693738947 30.84071704298909 42.128379527056026 4.267839588471826 18.470680606322595 34.765521921298 16.093302943114494 40.26601099418306 27.937310009126584 25.06746862731412 43.10391748858298 35.874750375267546 9.459456928238723 62.904838607919366 52.16404555334794 22.415117181800632 15.96267103163675 24.49217431718607 18.190265486437063 96.39103968122137 74.05342013174753 63.80721015369536 71.08857598169432 91.81822114895166 80.3524538608139 51.7226349590597 35.89950289988609 47.92856002271518 75.50065323581016 72.20250079907889 37.991253474602765 8.26575835916541 32.987321559947 67.10333231592222 74.5745026135214 42.288211022195284 20.250324143049465 37.771748033212646 69.55703239886058 86.60809948288882 60.91045509389037 48.1041916099448 57.55651161047142 81.89200128375617
26.579985887628887 40.703541530454785 22.423771875367667 19.507110079407855 21.223416012524012 0.0 73.3375307817493 54.774347502235486 54.88037264210515 38.72169597532825 28.586127392787184 68.84364768538693 32.019590486378384 30.320460731684086 33.19753314215928 32.67121651020699 26.38036925660862 47.858785663244305 37.342028446211884 30.82321059649459 20.261668382265164 16.858698739485867 28.364256896258425 47.68399521150408 17.10397261261029 2.845226392315494 49.77090511953343 34.94363866233267 38.600568863813386 39.25989644524572 35.57719194129665 49.27085075956345 23.99554028074233 27.812805338147715 63.49021031532775 72.43748160956851 29.46648190733351 12.089330874607368 34.66660510251953 36.29960002386388 115.44099637532887 89.92052224638394 72.38466360886831 69.19639629941729 82.04575264230382 101.11479172409774 70.79401418515882 46.84235074150982 42.08849298719724 61.18413766174606 93.29661003131443 59.20995354146283 26.499640586969786 17.131681236629223 47.745253697721694 93.63161701857335 59.73161056331133 27.635138717008413 18.825155507957785 48.372740923751316 102.03952325240533 72.09666418243968 48.77101703434452 44.20535776989698 62.645300265756276
95.80206668890004 95.77504958723124 76.36284888355998 63.3136506795645 53.23544281763946 73.3375307817493 0.0 20.832697855866996 43.723757966529675 68.58004384600237 52.19292494334576 12.146839616783376 91.08822090298492 43.0890044491894 86.72313148667158 42.09009065918092 52.73554370632306 35.573550021477004 45.632228059157846 43.4935606209146 89.80085899776246 68.09474786634176 79.19214048733167 53.01406386049328 56.75813945977797 70.87449418766576 31.354595676316922 48.275896490420514 65.5153967835038 63.02464761113841 45.16886087282717 51.89694694716544 76.7640472231236 45.525063687835726 71.92657453197917 1.899468319941794 51.37615847628092 68.91487281578138 45.95650539137849 37.34335444549702 43.967875465218064 34.00649623578952 52.67392047453408 82.38612995123647 114.87053284423199 28.85028995463107 8.105854012505839 41.15731276291573 75.6108312626893 110.15863606800232 36.62866738866922 23.882063172508076 46.83898539000842 78.81796817649735 112.36323956828171 58.83115849428811 51.67549884558477 65.37898537236099 90.95751124068053 121.1070953628843 84.79714837834524 79.78469558753808 89.0806865559908 109.08652333374039 135.1262380605453
79.08807886908627 82.79652193746814 55.68439198650304 48.368848669349255 33.82901495029619 54.774347502235486 20.832697855866996 0.0 41.93047768842033 48.06824153145967 38.920101674126634 23.528106932267686 76.82111259249572 25.799331949119594 73.48001496226607 22.317039713842824 38.5947676470262 15.54868793308934 35.27950167280168 27.74807905332766 72.82615357263636 52.69631018605394 58.37742271380966 47.52837567168822 37.72861931816438 52.12663791438956 25.98467679127132 27.445130222972853 56.10545421038932 42.60130870811573 33.743700107895556 47.109495242443714 62.62311532562745 27.615531626005723 69.45676269047684 19.3719609753529 38.32650333657001 48.95483979795867 34.2291413529112 21.376267724268015 64.79289000886487 50.22616383372513 56.93875842915988 79.7256710812886 108.927263739072 46.54636633648606 22.57777531316391 35.32411236088972 66.18666895261336 99.54095959294042 41.708895868437835 9.31351084382256 28.787228691675562 62.972384019380826 97.45353418026701 54.01246389803653 35.40689706359186 44.55088232457591 71.48947142653023 103.10935256211921 75.49595933980918 63.3277967472782 68.67282097141802 88.40972443130961 115.37494936089149
67.28464476987588 58.993645273837096 70.32250678108471 36.50965328249039 45.12076910880649 54.88037264210515 43.723757966529675 41.93047768842033 0.0 74.37685615478412 26.342066607301295 32.19426998905769 57.171223729005284 33.94508886335805 51.26235835937323 41.63178169069067 28.673288696848356 52.18481259265134 18.03460753249778 30.066973831303923 62.79766143844044 40.97554115295519 75.61129126841566 11.309919532737363 45.49680072843233 53.7807113762358 16.01318767680935 54.053202324743395 26.666186319485504 70.53427526798257 20.340805704101054 9.579365955759798 44.58324330892035 36.35206271031633 28.430271457986333 44.385206482908565 25.499896840279696 58.3042157683619 21.08771779486954 30.304492399607447 72.14120447221161 39.74268959214197 18.693766788640552 38.91375084693064 71.23166880415863 70.25686277709111 36.243885362041354 9.277090710121511 35.40285758269552 69.39389717437594 79.12072887284575 51.23984012783017 37.22606430667006 50.40700030769116 78.04344088250632 95.79387571070964 74.26380097852159 65.18073737736725 73.32609216753123 94.33808317620549 116.98286521067693 99.9110920825912 93.13509410823144 98.79650325460618 115.07404669027088
63.15579788343389 79.41816704597257 19.69862556546013 51.28423816095061 30.497208573054337 38.72169597532825 68.58004384600237 48.06824153145967 74.37685615478412 0.0 52.55200165323366 70.73219211679391 70.7370152311521 40.439797812437746 71.63768369803222 33.267658738807015 50.20299889270154 33.05205630236563 57.663215432545265 44.45451038354845 57.46636888316781 51.70777911907967 17.11721278011039 72.50017042714407 32.12992951947605 36.52196880201185 61.54805273374819 21.769387608513217 70.19813561509262 5.6533991368933165 55.06934210715255 73.38065620033476 61.4750017235478 38.15746393436075 93.37688248670881 66.9353862740397 52.91227073605487 26.66356620330948 54.60458596124875 44.55290727374629 112.11516607834379 97.00190291043076 92.97103340728839 101.35355010938338 119.56653531150137 89.90821936239604 70.45738245256157 65.11351260521067 76.87696829787691 99.87561731153765 72.06031205689602 45.82562686822106 37.44483204194631 55.66929746523062 84.79890198752474 62.430581854326384 28.579175431974893 11.437390588999145 42.89185768908967 77.09385141471321 64.79374044342379 33.386521638602076 20.638264342955797 46.17426972453489 78.94957577793015
44.756310404509875 44.105376938480504 44.97528017605161 11.749806957526125 22.06336756112328 28.586127392787184 52.19292494334576 38.920101674126634 26.342066607301295 52.55200165323366 0.0 44.603926127849746 38.909622028406574 15.87378716070907 34.85956393375472 24.636702845397444 2.497875761409148 40.86404850768436 8.924106072412842 12.063123307395228 39.29436042784274 16.688890717860392 50.59148366100801 20.617726413808334 20.921926872904198 27.43924789019753 23.199336747456215 35.78589875629481 19.33104435011397 49.88620835686511 7.753962307733979 21.870067727939265 24.573737614464896 16.45408887484234 40.84429928759645 51.86234151665468 0.9465696316279762 32.584158167849104 6.814808216938502 17.790580292141783 90.67932308451671 62.40670732327119 44.286258240281924 49.22160385172762 72.65726370571325 81.0422326928827 47.485841799767115 18.352568954111064 28.523294467523982 60.705764072355535 80.62899246752123 46.78365011258156 16.469262878072968 27.360821114509434 60.17344642598386 89.56738410885815 60.794861268013236 42.00637977061704 47.20040943923399 71.31650079639863 105.5064077123484 82.32092319227269 69.40193653278973 72.46575237978386 89.89273505257741
89.22015234970904 86.88585444166435 75.3972742723007 56.22511659821092 50.40116158061261 68.84364768538693 12.146839616783376 23.528106932267686 32.19426998905769 70.73219211679391 44.603926127849746 0.0 82.95134074819858 38.82728928182717 78.09563606974505 40.389979818972584 45.617933580521516 39.01520916424422 36.95942219253112 38.053319006484834 83.51494441013757 61.14371589391175 79.01995560288788 42.13585101718474 53.31232890205356 66.6433264390373 21.925680909791712 49.24739028618587 55.609208016745725 65.45136111058652 37.051475245599875 40.85458283643059 68.81331322141085 41.58726904200637 60.09723037107983 13.324118739293242 43.70900331987749 66.36271861104746 37.934994887934614 32.71372990480502 46.6356615876487 26.698997305093055 40.56634894183035 70.52135534510312 103.4201872767943 38.37507641376323 4.12814617285485 30.923955866226965 65.5011057657595 100.09671833374604 48.747113872980734 30.205705896324282 42.93396079910398 71.8964677462989 104.35380166339765 69.89804935252296 58.29935255776012 65.62529716910146 87.23148893793613 115.35498952311937 94.87292589023907 86.46495805597122 91.35761432073876 107.75410077572802 131.4168428540691
15.463016880455875 8.860617121550323 53.393223394383384 28.452263923146457 48.396626210119756 32.019590486378384 91.08822090298492 76.82111259249572 57.171223729005284 70.7370152311521 38.909622028406574 82.95134074819858 0.0 51.30849933313843 6.603622551777204 57.77030256908244 38.590963497204825 74.7801700412937 45.99277329951902 49.084097644543796 16.474280967694213 24.311241973325266 58.95835525031939 46.20153076080464 44.3346814046629 34.341708131818024 61.06012916290071 64.2734709957459 30.89136238966023 71.14744597460798 46.04190523756822 48.084009940060795 14.346875181413058 50.10531674080206 49.88240118659605 90.77196342875493 39.71423556883261 44.10274027760743 45.20881621380554 55.49588765337126 127.9639870829903 96.8665984342766 69.18310144560994 50.83574424073472 52.697741828922396 119.93823366694475 86.0920242135517 53.229117998576314 25.48895848602146 29.34076752170793 118.18233337157844 83.65145886997006 49.22319390055656 15.592711800091047 21.405515682142315 122.96527180678768 90.22389684167963 59.62446374605746 36.940945015903544 39.61087965167001 133.58628721280814 104.11592480119873 78.92867149505162 63.357117161307684 64.75564169933934
53.395736323168954 57.76763144636792 38.38333441982475 22.975128545020024 12.322723351648175 30.320460731684086 43.0890044491894 25.799331949119594 33.94508886335805 40.439797812437746 15.87378716070907 38.82728928182717 51.30849933313843 0.0 48.44803139029001 8.942549440962074 14.535468297669304 25.076480642582002 17.763373297378884 4.322272405671597 47.19674663922668 27.03686045007512 43.02470285432709 32.9252638344918 14.574537490618436 27.96274301076838 22.481354563338247 20.97156237982696 35.15376466262173 36.764475458514845 15.189182525522309 33.53663537178722 37.32274733038749 2.881725161345514 54.96000966681874 42.26623918935659 15.697736464864493 27.93177616296065 14.947742519992834 6.121943349851271 85.2688773837338 61.80840603961567 52.57924295815585 64.0599301399204 88.53006627625311 71.23706483641894 40.551020577284405 24.67577114251075 44.36490326242146 75.64679867462876 66.87483278981527 32.36421063308848 4.182724736804834 37.180672796912205 71.70888271421785 73.9147308361254 45.04979301475396 31.470864410588103 48.437400869655434 78.08190148291494 89.71117711945034 67.7528903220458 59.393586395154394 69.71030895460085 92.6619736196207
21.44667304277236 9.329157455697285 55.353430327123306 25.514687761787375 47.09368311657254 33.19753314215928 86.72313148667158 73.48001496226607 51.26235835937323 71.63768369803222 34.85956393375472 78.09563606974505 6.603622551777204 48.44803139029001 0.0 55.57548929553445 34.90385729337056 72.69000078062909 41.225741797027844 45.79511433097389 21.144258994691544 22.148004558720896 61.1341050028653 40.15159321834388 43.25829896179278 35.15861837808231 56.17081412293776 63.16966520428294 24.73323523674723 71.52687134158288 41.55482133811489 42.01877321039243 11.298401327526795 47.57314254377591 43.30567152575477 86.5128835847735 35.58704847094236 45.03811948445801 40.777573290052416 52.10815550715518 122.56597720856621 91.00412840100876 62.73676523154125 44.551877039400885 49.28139095827131 115.53342435821632 81.38000381855198 47.87783972085009 18.88702434539661 28.565739592440178 115.09370657668758 80.76030501467218 46.82674459739728 16.06588697406315 26.80173520758408 121.3185560317389 89.33265194629381 60.3098406525298 41.09810903529381 46.213155752241676 133.2770795110844 104.86614610079164 81.39903397588061 68.18696597853695 71.18909601350238
57.88775223208699 64.81057314693871 35.00937172130227 30.15944007485424 11.536268483777643 32.67121651020699 42.09009065918092 22.317039713842824 41.63178169069067 33.267658738807015 24.636702845397444 40.389979818972584 57.77030256908244 8.942549440962074 55.57548929553445 0.0 23.05901002172413 17.116426690299757 26.482123064417106 13.221780653996614 51.52032982980681 33.56819375515607 38.75582397165928 41.62756786152149 15.56759211476009 29.957889288505793 28.283643637087092 12.449165005765565 43.96598287418812 29.02093221184252 23.95347531593823 42.12886557951277 44.29444791455409 8.358195412692469 63.81233720855745 40.92693260596386 24.5354949802552 26.834611464702398 23.78824357033544 11.384052616704528 85.64097773444617 65.34857687341574 60.01067125985441 72.98568054628413 97.19734151422878 68.86003320996173 41.250092986644276 32.5003240403215 52.96986735643704 83.36772472706838 61.19678776730588 26.721981940862467 8.828135790244733 42.856292666163895 77.3966526247386 65.91253263518516 36.16594407007322 25.813400432994403 49.188721804521414 81.04055554363354 80.86974292576309 59.019231818798524 53.117080412520764 67.48613815029469 93.17796711790325
43.603622454196945 44.21007605442368 42.479255499545644 10.638050794526462 19.745283493486983 26.38036925660862 52.73554370632306 38.5947676470262 28.673288696848356 50.20299889270154 2.497875761409148 45.617933580521516 38.590963497204825 14.535468297669304 34.90385729337056 23.05901002172413 0.0 39.611797233541516 10.966241438064921 11.11834923603595 37.97387924828721 15.531511884612401 48.09368208212968 23.114023058971025 18.464110936446893 25.13116019963046 24.577991168051618 33.847897779375685 21.098909115488073 47.63394378987517 9.394151063936109 24.366986855400746 24.256399305271806 14.749172109781938 43.173996097369724 52.317772187523744 3.202636615206742 30.09759956310889 8.452088337418463 17.253974746173462 91.91587008843912 64.17406210912425 46.721590734125854 51.403478037146726 74.13866594541841 81.55579442905147 48.34916868414802 20.464235548336827 29.912807916643942 61.36461142271088 80.2636303745512 46.15697047736302 14.612796735398623 26.295514356780718 59.70114458041139 88.43781658712501 59.13369233608285 39.58744158078019 45.08174007380282 69.94559915161236 103.86654826590264 80.22809138136049 66.92982986654344 70.12436301409248 88.03419297539656
73.97851852798264 81.9166346682752 43.40754261031511 47.26812967867649 27.036947203127347 47.858785663244305 35.573550021477004 15.54868793308934 52.18481259265134 33.05205630236563 40.86404850768436 39.01520916424422 74.7801700412937 25.076480642582002 72.69000078062909 17.116426690299757 39.611797233541516 0.0 40.60666422147984 28.838101045968248 67.57701359596918 50.65288953047648 45.11628860876594 55.06053991472258 31.303784737716974 45.02644359149148 36.53616686719403 14.555005443009659 59.95881359752071 27.466121249963052 38.37212393112395 55.13866650133362 61.405419557909845 25.29494720775653 77.57214183748404 33.901786213054606 40.596159531960154 39.35326988463707 38.488167648371586 24.157204983963517 79.08768459021913 65.70537973019752 69.09633677265036 87.32801579790869 113.45850645309663 57.99569925640749 38.11000039806395 44.000807627129745 69.38730400160514 100.43880118711178 45.554155781205594 13.261816239921737 25.911839202414914 59.68101902231861 94.05890511808241 48.88737301648335 22.08576143568977 31.31187215974576 62.192706005433244 95.65709008938884 65.63433231307157 48.8678785559177 53.507785627772755 75.71595791290058 104.86915196057312
53.15792019082618 50.17745229310466 52.34610848370057 20.41213841385221 27.609692084487452 37.342028446211884 45.632228059157846 35.27950167280168 18.03460753249778 57.663215432545265 8.924106072412842 36.95942219253112 45.99277329951902 17.763373297378884 41.225741797027844 26.482123064417106 10.966241438064921 40.60666422147984 0.0 13.471138241722437 47.90026099694097 25.294816115817092 57.71578042867045 15.165072365674309 27.593784452625428 36.029180535646375 15.083582459026541 38.72728506276064 20.87044745792813 54.323694469272134 2.6011330896147347 15.805090749039316 31.909524029079297 19.620858820047264 37.38911303725814 45.54101660799 7.990995148582981 40.27153964002319 3.1271808835197326 16.4673594069816 82.43902384112056 53.54397586681979 36.50411929676453 46.82918720502973 73.81208232642061 74.36818488685104 40.16238100813479 9.50051832923367 31.02186203679039 65.03310753260827 76.52196929277746 43.98882211760894 20.230372400828937 35.75424832245831 67.39667193647574 88.15400532710856 61.910724059378566 47.849312735724524 56.04449645650668 79.92011207780892 106.1935403920092 85.4790725530249 75.70348707628366 80.9327273461223 98.81263605500283
52.35217555301391 55.122217149740436 41.20506642831321 20.637343212995262 15.291982359072358 30.82321059649459 43.4935606209146 27.74807905332766 30.066973831303923 44.45451038354845 12.063123307395228 38.053319006484834 49.084097644543796 4.322272405671597 45.79511433097389 13.221780653996614 11.11834923603595 28.838101045968248 13.471138241722437 0.0 46.31078221546705 25.090573765479064 46.11903835907796 28.623036183463643 16.61576163058449 28.721129897296233 19.844014699666737 25.28677696530142 31.151528289583155 40.92782592020536 10.886177185511473 29.26548274211992 34.87631017423134 6.303684960453004 50.638556074995385 42.84598280452888 11.759444777933666 30.08687273643038 10.62658211910397 6.432373851420401 84.68259396357664 59.804086333944994 48.75165059520591 59.763917220259756 84.62585798056419 72.04434270952768 40.174200871741306 20.794023850355025 40.566764144621196 72.48295793778027 69.29869373974563 35.06354674268219 7.172800846655432 35.613189122507 69.85701691765297 77.50437929545336 49.22406391369262 35.12717288021807 49.392896547887005 77.71890588776748 93.83058161221096 72.07334089767846 63.08510946390114 71.8308551416533 93.45795102702235
6.401759382707031 24.987572698958857 38.83841786008538 27.549890545825956 40.563576931831456 20.261668382265164 89.80085899776246 72.82615357263636 62.79766143844044 57.46636888316781 39.29436042784274 83.51494441013757 16.474280967694213 47.19674663922668 21.144258994691544 51.52032982980681 37.97387924828721 67.57701359596918 47.90026099694097 46.31078221546705 0.0 22.623111850445333 43.99561146964398 53.02168447078757 36.29795848868135 23.064598414478404 62.47970945182923 55.12440483220397 39.36153960934804 58.77565889863637 47.047469414293815 54.879648527623935 19.335516786854516 45.212228849430964 62.15685649665771 89.15049191289793 40.232301296498925 31.687781324097312 46.10916712823769 52.557075877652736 129.8897470915667 101.2764031290682 77.69971971638273 64.90266745379739 69.15373618296817 118.31018939857249 86.07726788448126 56.71083839043759 37.65329135794357 44.880391312287735 112.68162479859488 78.23746348177508 44.04435987391823 12.392070095057223 27.6056875607694 113.89013983754816 79.95247281370861 46.99658989027364 20.489231546377752 32.02788399639342 121.73221167830319 90.68170754386466 63.422591776690425 47.079619323423444 52.96572767098421
28.094061125678802 31.28671120690995 38.342669038474966 4.9409308327469414 25.035055693738947 16.858698739485867 68.09474786634176 52.69631018605394 40.97554115295519 51.70777911907967 16.688890717860392 61.14371589391175 24.311241973325266 27.03686045007512 22.148004558720896 33.56819375515607 15.531511884612401 50.65288953047648 25.294816115817092 25.090573765479064 22.623111850445333 0.0 44.35312706915066 32.257814816272024 21.36795443893871 17.3385685618819 39.88784219800997 41.128274118268955 21.771671128564794 50.786018229826674 24.435936624124295 33.99958501535393 10.866286345962523 25.79654481870029 46.65421458361394 67.59840786905144 17.622295453503828 26.26805467052798 23.50087555748966 31.52113743598566 107.35495609866632 78.76991340599697 57.26354951971151 52.42452801196397 67.91428685706447 96.85310848635194 63.873694806622616 34.26392364410715 25.749317457094293 50.46663795376602 93.90362538154571 59.349696787097464 24.93463971247656 10.767548765562331 44.77720463813246 99.18274816785556 67.32268673586793 40.27785144794925 33.27312787340416 54.65099553610277 111.52778246661632 84.31882222330687 64.61939316718725 60.303008552205505 74.10819376392669
49.02238727169335 67.81724759344664 6.011186806627001 45.548442795903405 30.84071704298909 28.364256896258425 79.19214048733167 58.37742271380966 75.61129126841566 17.11721278011039 50.59148366100801 79.01995560288788 58.95835525031939 43.02470285432709 61.1341050028653 38.75582397165928 48.09368208212968 45.11628860876594 57.71578042867045 46.11903835907796 43.99561146964398 44.35312706915066 0.0 71.20255793140963 30.126493523026078 27.13309152999874 65.50003958245857 31.046422760055616 65.30885558990514 21.384254048800692 55.29950018969757 72.45125256008046 52.359702375215775 40.22154502074851 89.87329579611188 77.74832737948786 51.21595583636818 18.45034564531352 54.60312231504283 48.53645225533158 123.15991298567344 104.04134903743602 94.20999217679682 96.54597412225343 110.27878213220066 103.10960606603976 79.5582191996769 66.49961753380934 70.06894843257751 88.27165710877338 87.65256745846918 58.37792167709956 39.087302006391205 45.193792704161545 70.37021317104697 79.51526887527748 45.38925464954839 13.875999587971856 26.828245658542546 60.347482460170916 80.93691911931477 47.81417856101602 20.407218031403804 30.68487421504213 62.14110189614521
57.08728097793484 47.719055760853756 65.55317986038068 28.36278321616607 42.128379527056026 47.68399521150408 53.01406386049328 47.52837567168822 11.309919532737363 72.50017042714407 20.617726413808334 42.13585101718474 46.20153076080464 32.9252638344918 40.15159321834388 41.62756786152149 23.114023058971025 55.06053991472258 15.165072365674309 28.623036183463643 53.02168447078757 32.257814816272024 71.20255793140963 0.0 41.450985614892424 47.060637484777324 22.412979518042295 53.89214155056788 15.445921963145016 69.35099836313734 17.737459869558037 1.8930594591410554 34.21537293371276 34.69484087411338 22.5124213249864 53.42631153039686 20.033556211818677 53.09659334151737 18.045752093637958 31.21960158224587 83.42682930646656 50.944196914613585 25.00862082972301 32.40980712549042 62.21096885239458 80.49281810101381 46.03029231595595 12.38287841719223 24.139953758497327 58.36945159406715 87.09732224459013 56.70509944925752 35.2111570858328 40.73101253251012 66.88077226872213 101.39290832636274 76.7156421084415 62.328470921649355 65.41534598466662 84.07304771692378 120.67590715114622 100.6384564634399 89.9345402192673 91.88602932553725 105.79490300144482
42.696489116041455 52.12530455204826 24.86494431865566 19.712423334574 4.267839588471826 17.10397261261029 56.75813945977797 37.72861931816438 45.49680072843233 32.12992951947605 20.921926872904198 53.31232890205356 44.3346814046629 14.574537490618436 43.25829896179278 15.56759211476009 18.464110936446893 31.303784737716974 27.593784452625428 16.61576163058449 36.29795848868135 21.36795443893871 30.126493523026078 41.450985614892424 0.0 14.407097335409295 36.453264445429625 19.96429255820476 38.07930878720955 30.2220687346714 25.173867283637403 42.58347596033317 32.119946058973746 11.745815342936087 61.45695846865122 55.755648697634506 21.43393011187342 13.482790422416342 24.478085851463835 20.682002858631098 99.58526223947618 76.25334427043546 64.08350245064788 69.23577672270814 88.74268977245177 84.1771147822719 54.855679992517516 36.43259359152584 45.17024904266104 71.75094560754638 76.44546169283308 42.17435201689035 10.406561738517624 28.85775963184726 62.86570813481446 78.68711045023794 46.07856462586163 21.2050321465091 34.21869609150695 65.47542622640047 90.16110569575046 63.583019056802264 48.49107976083148 55.27005059718596 78.44094174598267
29.400085658340252 42.93597586350977 21.129333980017105 19.306005050580495 18.470680606322595 2.845226392315494 70.87449418766576 52.12663791438956 53.7807113762358 36.52196880201185 27.43924789019753 66.6433264390373 34.341708131818024 27.96274301076838 35.15861837808231 29.957889288505793 25.13116019963046 45.02644359149148 36.029180535646375 28.721129897296233 23.064598414478404 17.3385685618819 27.13309152999874 47.060637484777324 14.407097335409295 0.0 47.959770586289636 32.10643058149727 38.824638264364225 36.81629077882831 34.13565187485639 48.585521450864135 25.47530510065236 25.380580007482195 63.67400321834316 69.94202842403276 28.28421338547435 9.880111018675425 33.24602880638015 34.00125369522237 113.19309626937915 88.1398606312686 71.54967090173625 69.74839186385475 83.6963757678401 98.52840647351232 68.50065090861231 45.515419989196566 42.962655047325626 63.36203903555616 90.48051550121306 56.43753552899343 24.05240820825642 19.149215585472007 50.49473009493125 90.82617763994476 56.98500082814269 25.298934437324277 20.679261051560175 51.08891838076331 99.47791650393482 69.8471210353654 47.49950675175687 45.04003049609281 64.77517991712654
67.9458283489356 64.99044576693466 60.834293302429394 34.94780080713777 34.765521921298 49.77090511953343 31.354595676316922 25.98467679127132 16.01318767680935 61.54805273374819 23.199336747456215 21.925680909791712 61.06012916290071 22.481354563338247 56.17081412293776 28.283643637087092 24.577991168051618 36.53616686719403 15.083582459026541 19.844014699666737 62.47970945182923 39.88784219800997 65.50003958245857 22.412979518042295 36.453264445429625 47.959770586289636 0.0 40.250530250918416 34.16558692520062 57.16266386986908 15.466337085815313 21.66179171160942 46.99144302704917 25.313326277628743 43.6303518299912 31.525291101544934 22.268799450727617 49.92989948216564 16.393474989290304 17.18267520826752 67.49849713139348 40.18079766761545 32.676919095229856 53.99908088247052 84.61002059237059 59.76381446405053 25.282421564278675 10.07682327574361 44.257633249244186 78.80855309312768 64.68435193861639 35.29773690529783 26.50730898221414 50.5389649905125 82.46562246728459 79.95666170690996 58.60588640305118 53.58200901760787 68.57268449933085 94.4891212116164 100.98809082393221 84.8836529982403 81.28099751208893 91.66620162155904 112.22081105367344
61.48878400916037 72.08435136742831 28.92859370426465 38.7792211505489 16.093302943114494 34.94363866233267 48.275896490420514 27.445130222972853 54.053202324743395 21.769387608513217 35.78589875629481 49.24739028618587 64.2734709957459 20.97156237982696 63.16966520428294 12.449165005765565 33.847897779375685 14.555005443009659 38.72728506276064 25.28677696530142 55.12440483220397 41.128274118268955 31.046422760055616 53.89214155056788 19.96429255820476 32.10643058149727 40.250530250918416 0.0 54.93835307987994 16.97504960055291 36.159448751013244 54.465911193753044 51.965557333565194 19.48990354987915 75.8812311345919 46.78209700208318 35.85563917421067 25.278553884978972 35.91099464529671 23.755915976591783 92.22226163533351 75.3161794761353 72.35234667876537 84.80537175614687 107.44204910212585 72.31829208910757 49.27053429494729 44.94499947069052 63.30353587254951 91.59388395860398 59.60218944240809 27.667178422511544 19.322895051452825 48.74551795053504 82.302651859222 58.92790637437004 26.197017200305172 17.173251128949 47.941721726625794 81.83366112705228 70.64114539754912 46.797680813321044 42.245666379269124 61.43444976702177 90.32446401674687
42.71969690254145 32.34222249726517 59.34867844742714 19.761112476332308 40.26601099418306 38.600568863813386 65.5153967835038 56.10545421038932 26.666186319485504 70.19813561509262 19.33104435011397 55.609208016745725 30.89136238966023 35.15376466262173 24.73323523674723 43.96598287418812 21.098909115488073 59.95881359752071 20.87044745792813 31.151528289583155 39.36153960934804 21.771671128564794 65.30885558990514 15.445921963145016 38.07930878720955 38.824638264364225 34.16558692520062 54.93835307987994 0.0 68.14723216842427 22.40042139174946 17.29965503462192 20.042567722247362 35.765411051634814 24.889642671996807 65.6325207900081 19.45603210487493 46.882259062082866 22.004706022624212 36.1626507288916 98.5386374345695 66.37891419686973 38.69488890486179 31.357066192068725 53.51704185104168 93.8374947072354 59.245971819905435 24.689051801916733 10.191551349573322 44.64348213328751 97.38094735379815 64.6639840309146 35.70229822259971 27.617362487628704 51.435636168022526 108.363022944057 80.12589243335053 59.09797417579376 54.40386460103173 69.43909874178061 124.83522537584096 101.12437869832894 85.2242383601533 81.82252751700008 92.31145965402825
64.70527450758604 79.670887289106 22.76181113851688 49.83119439544574 27.937310009126584 39.25989644524572 63.02464761113841 42.60130870811573 70.53427526798257 5.6533991368933165 49.88620835686511 65.45136111058652 71.14744597460798 36.764475458514845 71.52687134158288 29.02093221184252 47.63394378987517 27.466121249963052 54.323694469272134 40.92782592020536 58.77565889863637 50.786018229826674 21.384254048800692 69.35099836313734 30.2220687346714 36.81629077882831 57.16266386986908 16.97504960055291 68.14723216842427 0.0 51.72266007641905 70.1202310283084 60.980523183018065 34.70349445834578 90.69491885197452 61.36543218739719 50.16032410303725 27.23334391976526 51.330723861042905 40.40065961454503 106.49675289728644 91.84019996894277 89.00779073797668 99.01945174359787 118.66767614697135 84.26933743344844 65.06394742672111 61.319620806608874 75.37676800689177 99.99000465688106 66.7695388689018 40.1800359965977 34.139904191669395 55.78050391886481 86.32629941084554 58.414549071672056 24.04425980806833 11.78335103438975 45.76485921418 80.27983159918246 62.95749048977326 33.5328199645707 26.078684585627038 51.289267236325685 83.52199378805535
52.479910182079486 50.64013871549916 49.98230391877417 19.4997525415354 25.06746862731412 35.57719194129665 45.16886087282717 33.743700107895556 20.340805704101054 55.06934210715255 7.753962307733979 37.051475245599875 46.04190523756822 15.189182525522309 41.55482133811489 23.95347531593823 9.394151063936109 38.37212393112395 2.6011330896147347 10.886177185511473 47.047469414293815 24.435936624124295 55.29950018969757 17.737459869558037 25.173867283637403 34.13565187485639 15.466337085815313 36.159448751013244 22.40042139174946 51.72266007641905 0.0 18.403873024413443 31.805279746625725 17.020065326114924 39.87265697778374 44.971129215909066 6.815207386096289 38.00346707945131 0.94720805934124 14.217691851378937 82.96317757414677 54.782518329819524 38.91252723432956 49.21453258182133 75.66228015826553 73.99017748815415 40.0714151618929 11.477909235189365 32.44408461900477 66.0934716300928 75.21341911435823 42.267645843846864 17.632299190883582 35.07264865510489 67.41017736151731 86.19985237699578 59.52831813785538 45.29504600142323 54.35509310314903 79.07038334236664 103.89664763336683 82.92658122180538 73.17015723401154 78.90294988506956 97.42806908167336
58.96999054046895 49.53386992148305 66.84485292574081 30.025312150362375 43.10391748858298 49.27085075956345 51.89694694716544 47.109495242443714 9.579365955759798 73.38065620033476 21.870067727939265 40.85458283643059 48.084009940060795 33.53663537178722 42.01877321039243 42.12886557951277 24.366986855400746 55.13866650133362 15.805090749039316 29.26548274211992 54.879648527623935 33.99958501535393 72.45125256008046 1.8930594591410554 42.58347596033317 48.585521450864135 21.66179171160942 54.465911193753044 17.29965503462192 70.1202310283084 18.403873024413443 0.0 36.10105569273192 35.42178871352969 22.5272066137318 52.36349349037294 21.236026527087667 54.42883478350911 18.796820160792446 31.49883562248275 81.72052617602212 49.11704591470121 23.271648575893117 32.64200794692499 63.12113247909348 79.17243296772972 44.79152166208495 11.795770628679518 25.823507077940732 59.911771397952535 86.29431318072147 56.33727233934405 35.998595147280135 42.576287785458405 68.73436216009074 101.06176344166461 76.9106021926777 63.33860584054254 67.10510272647436 85.96038736295598 120.69975356785932 101.14435495932818 91.03089745256487 93.47599567301967 107.62710145476012
22.882320039808654 20.52230788295796 46.41314056709012 14.347818467289814 35.874750375267546 23.99554028074233 76.7640472231236 62.62311532562745 44.58324330892035 61.4750017235478 24.573737614464896 68.81331322141085 14.346875181413058 37.32274733038749 11.298401327526795 44.29444791455409 24.256399305271806 61.405419557909845 31.909524029079297 34.87631017423134 19.335516786854516 10.866286345962523 52.359702375215775 34.21537293371276 32.119946058973746 25.47530510065236 46.99144302704917 51.965557333565194 20.042567722247362 60.980523183018065 31.805279746625725 36.10105569273192 0.0 36.34350043567437 43.23763648252323 76.43329934929034 25.38888142789851 35.20252704529496 30.952850798625335 41.260499246644315 114.21784887439418 83.90614630936574 58.56258748397016 47.05021568526919 58.24671508890718 105.61411354972522 71.876665975095 39.66126939860174 19.355219373458567 39.6368489141231 104.11821982362214 69.68071748645058 35.56759940625527 8.34019865355326 35.621857722656785 110.02055782066797 78.15178244001639 50.0570467594278 36.03531100531073 49.861891518244235 122.25394411402164 94.46205174589618 72.76610561897137 63.729958222263214 72.2695203055582
51.47427900449676 56.85797987066998 35.528749419088555 22.067174288571522 9.459456928238723 27.812805338147715 45.525063687835726 27.615531626005723 36.35206271031633 38.15746393436075 16.45408887484234 41.58726904200637 50.10531674080206 2.881725161345514 47.57314254377591 8.358195412692469 14.749172109781938 25.29494720775653 19.620858820047264 6.303684960453004 45.212228849430964 25.79654481870029 40.22154502074851 34.69484087411338 11.745815342936087 25.380580007482195 25.313326277628743 19.48990354987915 35.765411051634814 34.70349445834578 17.020065326114924 35.42178871352969 36.34350043567437 0.0 56.443939734634924 44.64092912161995 16.441965842479476 25.060632124691892 16.65053563800445 8.940499954685315 87.95556513099989 64.68934640291094 55.0275976874505 65.31582002731592 88.87671828480055 73.47274821392179 43.22322285343161 27.075621349374977 44.64047001454518 75.14847881795785 68.21490470895846 33.61721939130898 1.3476107192848101 35.61416950589397 70.21236703341337 74.17081292088696 44.38879572907773 28.883540414210856 45.74921476127787 75.80607112439657 89.11961101062408 66.24909108269782 56.836343659026305 66.83254253086896 89.98665684616896
