0.0 73.46815282846349 9.521237695150276 57.28406740402446 53.31525226424556 53.2795830985718 75.27795057016792 33.29088875516571 41.83291707814981 48.45878716822222 11.555618119938982 80.74549755777419 48.698918150318775 22.312467729405544 77.15956977265981 8.055438695216836 84.45890103759011 53.42574355731812 34.56300539388307 92.64086216750877 5.204716501702937 77.07614287182973 5.683623031452424 49.71358044392919 54.18108897074832 75.6887565241142 85.80154909418741 41.98596804430798 20.28997743507617 81.86743776817954 45.09988537244549 80.32804850434786 50.36595998770885 24.520569242818713 70.24248732065325 15.916450949610958 74.6898218129947 46.95268265721848 80.0812318311735 95.27024277288804 46.875796917645395 37.00448089505777 54.18626136984578 83.05298478105803 115.12720653558686 30.27244981781174 10.008125887539757 40.97263711598034 75.181144200666 109.63806335838825 35.28949803126122 20.64152934311037 44.73972976468923 77.27910926351355 111.0735101666992 56.42786518617488 48.44629440066851 62.488332526620795 88.6416874341437 119.18353320414667 82.05228046639886 76.57000056625948 85.95401556253583 106.3388928935834 132.75001707647655
73.46815282846349 0.0 76.31309880744284 19.565476521013725 22.0593057996048 20.189968338235932 6.870793020298302 51.526302675831445 32.747916664498746 45.00106505595464 82.55605180292646 7.848940611077727 27.562072091513418 72.79222012619611 4.444795862818777 80.73608389902296 16.062522680630014 20.69514140334348 44.816673925616385 28.613778076228908 75.80218483241023 18.203313853402435 75.64363963515827 23.771494968859876 23.066831991453224 2.2224487350480584 16.505597380416972 35.296848461616754 63.826513089495364 21.792719656675832 41.309580908720605 6.866289507791727 23.301310098373904 61.02810019888421 9.965596960275079 84.91653894000389 22.89588527077039 27.833241302971558 17.91181581178212 27.534563541110767 115.4358714973295 87.47982492302614 66.14215944604501 59.0900744069741 70.73382981900846 103.72648371270533 71.48464178428303 43.07853164083398 31.56423697675874 50.315777982389676 98.8568693696679 64.28545658279458 29.789484995021876 6.087781715054127 39.76886895405501 101.81349887616608 68.70570358833241 38.33799260811832 24.77846784480125 46.400281035923356 111.97800328670229 82.90706575435632 60.02408757604899 52.22070311487731 65.16067668372729
9.521237695150276 76.31309880744284 0.0 61.715203525238564 57.57629207124184 56.35947218522308 78.89044124523745 30.644581178424954 43.72308106579427 56.12554093749823 17.999895853238705 83.19817272369916 49.99031213912797 14.193072563771306 79.68364247040158 7.445008449082078 85.87084059998033 55.739230514120074 41.26536982020135 92.97681949343318 13.966833879797775 77.70430088254513 14.57110447800276 52.94059630993939 58.89423315295833 78.5069912512796 89.77321744490351 42.62075637120662 15.851362736701725 86.8522313603528 43.38970248279856 83.16105988041934 53.88496544812717 20.273491095114508 71.92046366861146 8.73393932703748 74.65217608734548 48.812162861329924 80.87833962012174 96.1303495040973 40.362589888044255 27.522687328773557 47.75665322224452 78.73206138435661 111.85533963901973 29.820169835659772 4.938574734932774 39.425764447605424 74.0219337400999 108.62300326104437 41.939134846760425 29.766767027845354 49.07206159414575 79.52931196023624 112.41260211355836 65.10018935806373 57.81402767409309 69.58216718400286 93.46487701727892 122.57437550683409 91.24983417522331 85.98519255111175 94.10145445877548 112.74494851003708 137.7042932604439
57.28406740402446 19.565476521013725 61.715203525238564 0.0 4.225150992808941 9.991500157402854 18.754383589227942 42.74879274185757 22.041582606408333 25.98173379507177 65.23686658032142 27.3782649809006 21.345016056494742 61.19814721135135 23.995524023374784 65.02485811508758 35.00283779097636 14.43029035314347 25.79801007509874 46.977371544622095 58.85667556438791 33.38078466067853 58.6107750126169 11.2007513257414 3.5565329903929532 21.56510439937803 28.602387851160792 27.016724735720533 51.755610710856324 25.34938708825662 36.81152414163194 25.6372645486982 9.442210660917217 50.02754211745882 23.017758995881366 70.44893103025848 35.61239600321899 19.22463991970894 34.62209169532577 46.751408772206915 101.91155438304548 77.70423290191867 63.91171355794823 67.27735782105773 85.80533227570733 87.13683615969866 57.18804915070438 36.646253664238536 42.547068550764735 68.3548708540301 79.9232130574629 45.56793323196983 12.649366958917781 25.26716885075188 59.25965365104326 82.28431904082053 49.557108946589274 23.15061452866596 31.793723875992598 62.29427599425814 93.49745361236376 66.3992674307557 49.70673669984003 54.10605055721584 76.0195883689908
53.31525226424556 22.0593057996048 57.57629207124184 4.225150992808941 0.0 7.437552468281206 22.23040963913531 38.70276048837513 18.061011699256497 25.33959569840029 61.50879644699535 29.900799997889404 18.135809339271017 56.975924076393035 26.38456268856746 61.002147763854644 36.768450930897984 12.025421684116111 22.76181113851688 48.29699775919601 55.030738226796764 33.97478347074843 54.8035985351379 7.5338099826232865 3.2049946008315655 24.184424334674624 32.48819206457729 23.223613381421302 47.531702709513134 29.571406043460456 33.32869568392464 28.513491358193413 5.669911882095188 45.827250597287275 23.823922379244955 66.31005570981078 35.5155014560139 15.6914476865986 35.58846941324982 48.56107061743674 97.73538777531084 73.51650834274471 60.431215704711505 65.5283947821922 85.62005064239837 83.27601051847873 53.02272389717262 32.90530125373888 41.820362642945625 69.3538815951074 76.85603213688815 42.34157786860097 8.580375448384634 27.373172178785595 61.804630516517605 80.4246980605087 48.46581613477882 24.991636224635364 35.98710464925537 66.0333612130449 92.83700219660734 66.93097711792875 52.303004307591024 58.19153428699268 80.1979233325073
53.2795830985718 20.189968338235932 56.35947218522308 9.991500157402854 7.437552468281206 0.0 22.652448053599425 34.09747131695649 13.623071804523667 32.04088625160891 62.45507271209647 27.603554989277942 11.44440622865935 53.96953728594015 23.995524023374784 60.5870088151316 32.81446203631199 4.596143689684176 26.518567294516423 43.42969621458356 55.649869155615924 28.364517214156923 55.503915260897024 3.610992377226055 10.610167714364094 22.411434027941304 33.76709488737312 17.80869547032837 44.70505538888018 33.19737953188526 27.019814506073775 27.048465672001686 3.769652908027277 42.40608380894328 18.867826273661493 65.02385206669467 29.09919010680312 9.733224986979424 30.43581503279292 44.453414981895406 95.92900849842606 69.75121360522039 54.063741412326515 58.09770805153582 78.88344842349815 83.5365193993605 51.59108723951407 27.1987594056598 34.82451385949393 63.87928490149816 79.6391178702418 45.07240974736333 10.747530424567634 24.379314275255304 58.890124667447566 85.40800966548473 54.5427673510638 32.405782822359946 38.98963946259704 66.2199754266546 99.17011983823333 74.10641131947705 59.52810062987979 63.16815944660785 82.65364485712607
75.27795057016792 6.870793020298302 78.89044124523745 18.754383589227942 22.23040963913531 22.652448053599425 0.0 55.85845559567079 36.084127622030394 42.306970924422785 83.72451528085023 11.327736335006023 31.874659938680423 76.48366796613185 9.483867658649235 82.81324251343233 21.040838027691525 24.40291627494419 44.54176831547128 33.680454017296896 77.19108638437056 24.848868363928016 76.97913268036571 25.965302197658332 22.269577172057907 6.831492859299293 11.239295172643146 39.41456145908935 67.2941518618836 14.930124388280587 46.501904740410666 8.335156033383903 25.028527191720272 64.82127171238379 16.775678563004174 87.58464223949487 29.728957955277195 31.526929374617794 24.19412557732411 31.63409597955457 118.5795789183095 91.81271301728914 72.06109469816947 65.96057786031912 76.83465142763893 105.38058978481183 74.16670723896232 47.86604433802868 38.424496327148496 55.28608880335949 98.63596914450959 64.3221215931822 30.667060151169157 11.766654806885747 41.60879819643242 99.66520205009537 65.87531577084076 33.775884616703706 18.35516170111661 43.90742495586755 108.2467148711772 78.14956522025012 53.77891835223256 45.517071816415374 60.3841854068813
33.29088875516571 51.526302675831445 30.644581178424954 42.74879274185757 38.70276048837513 34.09747131695649 55.85845559567079 0.0 20.728426275240267 50.99445489028095 44.83644001139961 57.204166920433835 24.028404655179152 22.19177661410041 53.99561258368802 37.421177864828316 57.87331727403264 31.485486925880938 35.760902899002424 63.439404930106164 37.998818058700316 48.75986527233323 38.25441372914547 31.694239431759698 41.290570731660054 53.53515353491394 67.09171022712276 16.46219991599627 14.95067584285495 67.28944037431066 12.940797169239852 57.99281599511104 33.34131259103664 10.834989152283214 44.882738032710975 37.83100438643263 44.9805068327561 24.500510321503253 52.08900049062664 67.15363725565045 65.43757068744364 35.98050388424719 26.494523476120303 50.04163267653424 81.86093292691832 60.46075888174849 25.957225143335258 9.322335930374821 43.53031810966801 78.08793427751284 68.00963297810952 40.431171187077716 32.23173125001262 53.27217721635959 83.85583283956805 84.80236271001047 64.63163171258887 59.647638079345754 73.0288946476507 97.48530141344764 106.55396973005783 91.1116706938439 87.42785533120876 96.85364484506886 116.24255860032744
41.83291707814981 32.747916664498746 43.72308106579427 22.041582606408333 18.061011699256497 13.623071804523667 36.084127622030394 20.728426275240267 0.0 35.302948857421676 51.986578120504284 39.47827553573557 7.222214878209681 40.40548292465786 35.977052088493586 48.60775456130277 42.62664055070125 12.062108212946539 23.550649469339188 51.22916523588513 44.92283145846297 35.57078620702008 44.88307712799587 10.973992727039164 20.810895263078134 34.91210611265262 47.278296981246115 5.678545895235462 31.223577026290176 46.671650693890285 16.517649405365553 39.549925408116266 12.616230899212498 28.793868292552162 28.433397562684288 52.25091284776221 34.00729238483233 5.133954124466103 38.43074527955313 53.525082955477025 82.7106873001348 56.15015113041305 43.12121326546003 54.41375266123091 80.3560315542571 71.9861543025407 38.8461858303472 15.195255754913799 36.70988072713237 69.70785314543411 71.51943518773989 37.98242381147139 12.851094188665366 35.81184049122791 69.24360195085502 81.48700029132577 54.34849005963093 40.770176451501705 52.5878119460071 79.14272173455323 98.77866200510091 77.73172503440814 68.71666241786619 76.134748438568 96.25893077372768
48.45878716822222 45.00106505595464 56.12554093749823 25.98173379507177 25.33959569840029 32.04088625160891 42.306970924422785 50.99445489028095 35.302948857421676 0.0 52.21394342378693 52.56544789668577 39.62746484977522 61.61107832582465 49.43000308237031 56.415946443492196 60.831310559083455 36.19539278430199 15.969893376857518 72.94457716136348 47.676764306358024 59.187339523849765 47.202594477507944 30.108538381638706 22.93349101702467 46.78364250159051 49.09602732817965 40.81412145438129 52.84226438758712 40.93266636979132 51.56541550579223 50.28052677979809 28.685667765530333 53.30704041939754 48.89482684461706 64.12910446263561 60.84651565184243 36.388201500357475 60.57549189966631 72.49585274924817 95.30520583711929 79.33371100126077 76.8071232400907 88.87953475157967 110.88079297476682 74.54484326335309 52.915622152259964 49.37612591628813 66.86366640814691 94.33083955936259 60.23756246968848 29.82277195095722 23.34690997878245 50.9470840036169 83.91054293368268 57.428940090715166 23.7055075499201 14.855036256756467 47.68905746518949 81.99191049950207 67.56855928837017 42.634984485061814 38.272733574197446 59.217319290864204 89.12579989983158
11.555618119938982 82.55605180292646 17.999895853238705 65.23686658032142 61.50879644699535 62.45507271209647 83.72451528085023 44.83644001139961 51.986578120504284 52.21394342378693 0.0 90.05861350539075 59.05188393748205 32.15609389539214 86.45048169075224 11.306138391128492 94.4265980555643 63.12768613540476 40.60201920408865 103.14705619079496 7.141286055982592 87.51095399157656 7.11306598078732 58.84589161356917 61.918261776992864 84.77576121962667 93.82096345228734 52.730968531072676 31.639879486625752 88.88621062949947 56.498071500166326 89.36308930740564 59.25916499437956 35.956442639204155 80.15009582690642 19.50696341267381 85.43980351134222 57.0299380511744 90.41427136032978 105.49823626884697 45.19024410405338 44.15141284530195 65.2024342947475 94.5948661746575 126.64849411112411 22.460219712062635 20.63374708365519 52.36308575212922 86.33009418365 120.65955724840691 24.107931427713595 22.4004190356291 53.07744217722976 86.76117013348349 120.96543348128252 47.66913532408779 46.662883332531905 66.91277517861249 95.7707202921784 127.52081723660963 74.68485518646624 73.84167948559286 87.87554586934247 111.29412109215816 139.44677517986554
80.74549755777419 7.848940611077727 83.19817272369916 27.3782649809006 29.900799997889404 27.603554989277942 11.327736335006023 57.204166920433835 39.47827553573557 52.56544789668577 90.05861350539075 0.0 33.65806800453299 78.91197387951092 3.610199252710331 87.8742314326065 9.85979209077349 27.473200823220278 52.65149668837443 22.407224383262196 83.24014222663772 16.133812050463042 83.10082569891573 31.213155352902 30.894989703016382 5.824139535764751 15.514512003263064 41.39332314464893 70.17034846872174 24.18141470814304 46.11104148041328 3.4107896223603547 30.894989703016382 67.12672606052348 12.629874353919401 91.72377293856596 21.889523803106933 34.41716136094491 14.411625531416163 20.37986778406027 121.86235939009667 92.9352213119585 69.41371586095437 58.261139763942545 66.0699987296915 111.01790816105242 78.3244432411875 48.36627966126748 30.638402876622052 43.965470280313944 106.65783582877212 72.07193092590758 37.51915204587098 3.9830355560354165 31.920160297047453 109.55931313870377 76.2623361078687 44.98318566501085 25.017440870494116 40.287714929047425 119.19306780211585 89.43950299969433 64.70442134502753 52.61843544240226 61.20079671070095
48.698918150318775 27.562072091513418 49.99031213912797 21.345016056494742 18.135809339271017 11.44440622865935 31.874659938680423 24.028404655179152 7.222214878209681 39.62746484977522 59.05188393748205 33.65806800453299 0.0 45.302250348431315 30.295218374437063 55.233682203141306 35.92489156553539 7.735850140310239 29.688728580639832 44.101009080877425 51.959681979615915 28.45907082859895 51.94062904296656 10.719013974011288 21.29592953858721 29.618020025466482 43.093239019223425 7.755395017968089 36.51452390229142 44.02056758901396 15.599809962534597 34.15149579357149 12.579745243326242 33.51988610586222 21.94114632203467 58.3570929624515 26.78549473806254 3.286924797664567 31.396278395267384 46.57138503028233 88.20734348754793 60.00884546928668 42.61933518441652 49.26026833817036 73.69912109320707 78.71380697086596 45.0660356685816 16.151853314014993 29.76017123102063 62.492430337803725 78.74135493875713 45.11369295840852 16.283124856971664 29.830949799586683 62.525846854200964 88.28107331867031 60.11617463200528 42.768923945007565 49.38853223156854 73.78409878762884 104.765514692732 82.26168293276915 70.3769454718639 74.38819123759859 92.24451259201537
22.312467729405544 72.79222012619611 14.193072563771306 61.19814721135135 56.975924076393035 53.96953728594015 76.48366796613185 22.19177661410041 40.40548292465786 61.61107832582465 32.15609389539214 78.91197387951092 45.302250348431315 0.0 75.58949803693763 21.478996339435103 80.01985263581551 52.21985471909273 45.7398851604197 85.52642790552721 27.385052288551382 70.94998146856098 27.927382594678456 50.969910696645535 58.96281537116777 74.88562728220376 87.68377585308934 37.547250339990065 9.469447124663661 86.4936950125214 34.91054663721375 79.44565862220394 52.310825424325074 11.785842442697525 66.80241576436867 17.805865821547354 67.07638010620488 45.04351216253712 74.28076648907958 89.33092889046023 43.25263436653275 17.722743332221647 33.944803010040324 66.22123858785913 100.06549853570559 41.32995219745281 12.36780002235371 31.505744545827042 65.01625438769182 99.27973943845993 56.131928433542626 39.77880205303489 49.07888198125424 75.03295329843745 106.04704316609512 78.7311468599506 67.83941152115791 73.48838399352505 92.7020170465798 119.08631281672668 104.17001264909396 95.98066372755353 99.8391612452158 114.5342850838502 136.61266715990564
77.15956977265981 4.444795862818777 79.68364247040158 23.995524023374784 26.38456268856746 23.995524023374784 9.483867658649235 53.99561258368802 35.977052088493586 49.43000308237031 86.45048169075224 3.610199252710331 30.295218374437063 75.58949803693763 0.0 84.31088041480209 11.866092715707884 23.945168628420248 49.1159155417837 24.514401749687053 79.63621849721937 15.764653184822386 79.49538959730367 27.604660646392045 27.484977022796286 2.8320546633490604 16.375080532751365 38.045960760215685 66.78271680759975 23.66962528925172 43.16086696567824 4.290110718764878 27.28670670119146 63.80422393356806 10.017615291116503 88.22794365508845 21.106009359311656 30.940471983248294 14.779171084486054 23.15471166551779 118.46598398516734 89.81927042696044 67.04925403875873 57.606360284601394 67.35111116413985 107.43189336042262 74.81871822805917 45.26484627177616 29.913355608727606 46.21199200196513 103.08709635954766 68.49516569349355 33.92757479058985 2.329647875130234 35.420735558895636 106.25561147819072 73.13545537468858 42.45204738877197 25.502930320999113 43.51395426050875 116.32493408667365 87.0024375103822 63.2626014225367 53.19481281311214 63.655465184198896
8.055438695216836 80.73608389902296 7.445008449082078 65.02485811508758 61.002147763854644 60.5870088151316 82.81324251343233 37.421177864828316 48.60775456130277 56.415946443492196 11.306138391128492 87.8742314326065 55.233682203141306 21.478996339435103 84.31088041480209 0.0 91.14487754533255 60.43526781101091 42.61659484436659 98.80414279687795 9.74380580556274 83.36702761673085 10.363166540658089 57.062135280426155 61.98556102327456 82.9504508748011 93.45717142532105 48.15867976780788 22.938690528412703 89.76326557063916 49.93463227139903 87.60237340552037 57.81761387060383 27.38849867401562 77.0240846564292 8.905272620682537 80.62193999174498 53.74096554996079 86.46320288621037 101.70590774790185 38.889271856200175 32.889743966256006 55.18995022858587 86.05208602552254 118.99087345963319 23.548494662892622 11.518520776361571 45.88763795808811 80.4582412831445 115.04884241000521 34.770452504091345 27.948644598648023 52.42242447275594 84.32043598789825 117.75654014579557 58.95503815516997 55.018628506132785 70.52091622721132 96.50982826255705 126.6881662093048 85.75860938233333 82.88737147993737 93.7060030150841 114.3942089063785 140.6626334033619
84.45890103759011 16.062522680630014 85.87084059998033 35.00283779097636 36.768450930897984 32.81446203631199 21.040838027691525 57.87331727403264 42.62664055070125 60.831310559083455 94.4265980555643 9.85979209077349 35.92489156553539 80.01985263581551 11.866092715707884 91.14487754533255 0.0 31.35298882050211 59.07301119303872 12.664521702577634 87.42998263985254 10.287344277473556 87.3559403080672 36.32459337126276 38.35019768635762 14.696184474459946 24.39380109604249 43.27672911721991 71.82429252257856 33.86104560636751 45.71186609594814 13.226560263899842 36.46808557827881 68.35530579913191 14.280090010897482 94.14367628553732 16.08359701574824 37.50734967816296 7.140719782586971 11.792829663506874 123.2645628784941 92.70998090753446 66.26412179521978 50.80878168107822 56.27553586261455 114.59026186479947 80.93757436964994 48.638444864643176 23.986459444357173 34.34889661242731 112.43507731887574 77.88523072401887 43.42148773326659 9.979774939032463 26.61991918720867 117.15944702350161 84.50339118265113 54.315222536886495 33.974944610990974 41.872228362113376 128.00364887256785 98.86845280288767 74.56400107335679 61.15056841087495 65.6793441170365
53.42574355731812 20.69514140334348 55.739230514120074 14.43029035314347 12.025421684116111 4.596143689684176 24.40291627494419 31.485486925880938 12.062108212946539 36.19539278430199 63.12768613540476 27.473200823220278 7.735850140310239 52.21985471909273 23.945168628420248 60.43526781101091 31.35298882050211 0.0 29.28788814037516 41.115470903168 56.17622630616964 25.661233372052745 56.081091879966166 6.2320669481896065 15.205295494811068 22.852451564962166 35.64220539105813 15.025295836601249 43.16593833578862 36.28478510046047 23.22863184342034 27.488053948567092 7.50980073942962 40.498479707658944 17.082714143324846 64.29587613886616 25.64944804238738 7.17663947172726 28.08041343730445 42.69643977303792 94.74296547479955 67.41518117724551 50.081850773185 53.538629782722865 74.9625637196902 83.67771520329671 50.879037007044765 23.879672537237493 30.767630441368482 60.974596138110805 81.33358597572439 46.961926041241846 13.803847275807902 23.88562986447972 57.83903388479643 88.40717275237316 58.26720278168809 37.001837155461246 41.68975045715907 67.09519312750737 102.97533340844943 78.47000319366053 64.07761051556767 66.7016911080124 84.77657508299025
34.56300539388307 44.816673925616385 41.26536982020135 25.79801007509874 22.76181113851688 26.518567294516423 44.54176831547128 35.760902899002424 23.550649469339188 15.969893376857518 40.60201920408865 52.65149668837443 29.688728580639832 45.7398851604197 49.1159155417837 42.61659484436659 59.07301119303872 29.28788814037516 0.0 69.94804485741415 34.8932191456299 54.78958205368006 34.531650758084254 23.298606993288992 22.272206912475674 46.946235473191514 53.87469923107827 28.311164141307913 36.88491979600517 48.315667141982495 38.389957279408996 51.248326295638456 22.760985151362036 37.365962042662105 45.36310841675595 49.631201490752844 54.892847593146804 26.477721819834823 56.94992573588326 70.81239880694059 81.2356152807598 63.457113219684565 62.04166526755397 77.88654712564114 103.33558534486444 62.9742687953909 37.649892886265576 35.55424543351515 59.207502331571646 90.23184762536137 54.1421188640674 19.814661740462256 15.77107118910242 49.99686624959292 84.53106331323148 59.12796067024756 30.857463391788144 28.338904264431463 55.21636602347289 87.68947366995994 75.23274816374739 55.64323033749014 54.10335440118219 71.78424633278048 98.86143977072045
92.64086216750877 28.613778076228908 92.97681949343318 46.977371544622095 48.29699775919601 43.42969621458356 33.680454017296896 63.439404930106164 51.22916523588513 72.94457716136348 103.14705619079496 22.407224383262196 44.101009080877425 85.52642790552721 24.514401749687053 98.80414279687795 12.664521702577634 41.115470903168 69.94804485741415 0.0 96.04472014202565 15.66096922669262 96.03453757324344 46.732404570004775 50.18435071852143 27.346437343150566 35.774069721326526 50.689871446373964 78.08805447802654 45.90752040152585 50.61601229019839 25.68354850830468 47.18844729260111 74.23638294483803 24.621519555973176 100.87844690588676 18.458938156012067 46.301661141599695 13.04028428642429 5.950060417046336 128.59176371866363 96.45937834432893 66.84162303908758 45.01126967381106 44.48648281025615 122.35262045284979 88.05189791395709 54.138345399691346 22.441810999875802 21.70622125916162 122.37013243005484 88.07600627666561 54.177182397948386 22.53446125224584 21.801087949516628 128.64174356711843 96.5253847035865 66.93595653553041 45.14992076460097 44.625431047295606 140.33110831532142 111.50043905664421 86.9864168078428 71.38407639819508 70.84840770666115
5.204716501702937 75.80218483241023 13.966833879797775 58.85667556438791 55.030738226796764 55.649869155615924 77.19108638437056 37.998818058700316 44.92283145846297 47.676764306358024 7.141286055982592 83.24014222663772 51.959681979615915 27.385052288551382 79.63621849721937 9.74380580556274 87.42998263985254 56.17622630616964 34.8932191456299 96.04472014202565 0.0 80.4167373664589 0.6336375382803714 52.04766232121069 55.61252945098241 78.02415806237846 87.45830370859466 45.59326636425946 25.421842455904653 82.92494972955666 49.4575047058686 82.63213628306298 52.53620286960863 29.59198284408247 73.16119325924254 18.601336199063166 78.30649934348263 49.98600860659259 83.33835535914952 98.44664638315194 47.953276372218276 41.41171352994134 59.37310460279869 87.92168852065375 119.70840948987822 28.298843618902467 15.165227630154721 45.32102396162115 79.20137499867607 113.51903758932654 30.22422240716809 18.48322723662989 46.525316354757926 79.89011039242715 113.99606887380115 51.35705902337429 45.27538318829471 62.104659739990424 89.77155911845698 121.06069765475847 77.28426812087528 73.17498543864707 84.44554086032542 106.31213820114641 133.67214580006657
77.07614287182973 18.203313853402435 77.70430088254513 33.38078466067853 33.97478347074843 28.364517214156923 24.848868363928016 48.75986527233323 35.57078620702008 59.187339523849765 87.51095399157656 16.133812050463042 28.45907082859895 70.94998146856098 15.764653184822386 83.36702761673085 10.287344277473556 25.661233372052745 54.78958205368006 15.66096922669262 80.4167373664589 0.0 80.3996370502866 31.491562273711654 36.25656317478718 18.071043620414212 31.619338695537714 35.20850906127671 63.12029021190203 39.419425609097544 36.23540989361312 19.23467172253992 32.13113983831131 59.43709956095104 10.384197167636225 85.75659873408067 5.975547110444135 30.643158627434744 3.398835731300057 18.458157528586003 114.18037922755099 82.99512740215091 55.982523723940794 42.12735894691284 53.01137048772284 106.9084596702377 72.76835713267016 39.44488809911488 14.540114899982692 35.52155728991405 106.76331403901855 72.55691171815413 39.05709399035648 13.463234507691332 35.09859990704196 113.77222950046097 82.43790302324703 55.16082759062248 41.03958264363163 52.159363344997665 126.75359978017703 99.44673426907119 78.15108815503427 68.70439527269279 75.68194638063802
5.683623031452424 75.64363963515827 14.57110447800276 58.6107750126169 54.8035985351379 55.503915260897024 76.97913268036571 38.25441372914547 44.88307712799587 47.202594477507944 7.11306598078732 83.10082569891573 51.94062904296656 27.927382594678456 79.49538959730367 10.363166540658089 87.3559403080672 56.081091879966166 34.531650758084254 96.03453757324344 0.6336375382803714 80.3996370502866 0.0 51.89905863530226 55.35196653718375 77.86517496280564 87.21315209781729 45.63239445122805 25.819321807230146 82.61333686992944 49.62951823082526 82.46791838701034 52.366299429539644 29.960390193978444 73.08312301057096 19.227997796631414 78.33410376891369 49.93446804010847 83.30773251489529 98.40096811116116 48.492642463720024 42.0294246989817 59.801587954384495 88.20889136894144 119.91750632483604 28.57886680395705 15.676897687446111 45.49318419536995 79.29909009020136 113.58658707641965 29.888747223732725 17.93455460959814 46.31208249780191 79.76728288737762 113.91084035641217 50.80638505786071 44.65554379506352 61.65843937998481 89.46633683907778 120.83668495931353 76.68448482434424 72.54707199040509 83.90707587505871 105.88894840138701 133.33901786472066
49.71358044392919 23.771494968859876 52.94059630993939 11.2007513257414 7.5338099826232865 3.610992377226055 25.965302197658332 31.694239431759698 10.973992727039164 30.108538381638706 58.84589161356917 31.213155352902 10.719013974011288 50.969910696645535 27.604660646392045 57.062135280426155 36.32459337126276 6.2320669481896065 23.298606993288992 46.732404570004775 52.04766232121069 31.491562273711654 51.89905863530226 0.0 10.626246445662195 25.993835388387986 36.976256385724156 15.81610529491352 41.63275999028297 35.73952887243457 25.795268899370164 30.622334342771026 1.8752205930047239 39.5210825227752 22.269577172057918 61.62548780137031 31.810609363345556 8.15780987856221 33.70531481785626 47.915787437004305 92.65203401285386 67.03723933728244 52.89975337126142 59.140314117785884 81.18848440032765 79.96143503053202 48.20318090787428 25.45790279561802 36.97979972469749 66.94586595404081 76.11085407852593 41.57040287534603 7.628162957295126 27.984523101528247 62.47345343878281 82.35002623666702 52.03538076542966 32.07288603338166 41.76714405869766 69.67893343182321 96.74589756192015 72.54128359958104 59.66148183834648 65.20377644612564 85.66421638509023
54.18108897074832 23.066831991453224 58.89423315295833 3.5565329903929532 3.2049946008315655 10.610167714364094 22.269577172057907 41.290570731660054 20.810895263078134 22.93349101702467 61.918261776992864 30.894989703016382 21.29592953858721 58.96281537116777 27.484977022796286 61.98556102327456 38.35019768635762 15.205295494811068 22.272206912475674 50.18435071852143 55.61252945098241 36.25656317478718 55.35196653718375 10.626246445662195 0.0 25.089821998303076 31.907227806101655 26.124193556962325 49.49642501200606 27.965081531673107 36.37957104099089 29.19014061054518 8.751027464271958 48.0047870819446 25.96530219765838 67.62102024214694 38.12583375357198 18.767483619304755 37.67118216946129 50.12254969295989 99.178628304783 75.72642116346555 63.461466151597115 68.66586331929628 88.3030019847514 83.90807908119703 54.4457539907841 35.818216950572236 44.68086110605462 71.44679263924488 76.38254713134708 42.061255197849746 9.94274917753206 28.695308387530883 62.79201044365382 78.85209321560325 46.35716347909158 21.798316671439412 34.58601764101339 65.66631271387111 90.50205029792029 64.06114727396643 49.110569707673086 55.809260071853906 78.81818919514785
75.6887565241142 2.2224487350480584 78.5069912512796 21.56510439937803 24.184424334674624 22.411434027941304 6.831492859299293 53.53515353491394 34.91210611265262 46.78364250159051 84.77576121962667 5.824139535764751 29.618020025466482 74.88562728220376 2.8320546633490604 82.9504508748011 14.696184474459946 22.852451564962166 46.946235473191514 27.346437343150566 78.02415806237846 18.071043620414212 77.86517496280564 25.993835388387986 25.089821998303076 0.0 15.113248378981488 37.364779608013215 65.95116908487014 21.416114475111534 43.1333495548596 4.656108157753649 25.519229650120636 63.11425039517523 10.934992853902255 87.10341555740868 23.137580270028014 29.971831712125184 17.366707567632496 25.90968841697886 117.58010452658343 89.46507265383045 67.65871895887572 59.54989556192927 70.06755780319857 105.94790238268126 73.6734715081842 45.00485898406011 31.90499654098815 49.04339731890971 101.0131940545828 66.45206473228359 31.98347278579196 4.986205560105737 37.70458925026415 103.73650070097125 70.4865016370092 39.62670395642866 23.812766288908783 44.256789634721585 113.56810588489104 84.1733844976092 60.55910477058615 51.42425706344353 63.37433068713383
85.80154909418741 16.505597380416972 89.77321744490351 28.602387851160792 32.48819206457729 33.76709488737312 11.239295172643146 67.09171022712276 47.278296981246115 49.09602732817965 93.82096345228734 15.514512003263064 43.093239019223425 87.68377585308934 16.375080532751365 93.45717142532105 24.39380109604249 35.64220539105813 53.87469923107827 35.774069721326526 87.45830370859466 31.619338695537714 87.21315209781729 36.976256385724156 31.907227806101655 15.113248378981488 0.0 50.65221216023536 78.46263838730343 10.930583385879702 57.53902080526426 12.421368964645799 35.9074977322085 76.0401576934934 26.02996399273024 98.48919416645651 37.27122249898023 42.761840150446666 29.883503798231466 31.9917857896598 129.6264696741826 103.05060413300266 82.64732319964443 73.73249421962888 80.23172084024411 115.73340795386525 85.09976938155339 59.02992948275156 46.06416390202335 56.16132666803643 107.52690758022783 73.6656739467744 41.06184353114837 18.449018468273945 37.27606984270939 106.33235214859057 71.92714188829655 37.885499359338276 9.58963388130252 33.81514141704621 112.37364524006821 80.51479351512592 52.27097900623064 37.10398846481732 49.15266133513081
41.98596804430798 35.296848461616754 42.62075637120662 27.016724735720533 23.223613381421302 17.80869547032837 39.41456145908935 16.46219991599627 5.678545895235462 40.81412145438129 52.730968531072676 41.39332314464893 7.755395017968089 37.547250339990065 38.045960760215685 48.15867976780788 43.27672911721991 15.025295836601249 28.311164141307913 50.689871446373964 45.59326636425946 35.20850906127671 45.63239445122805 15.81610529491352 26.124193556962325 37.364779608013215 50.65221216023536 0.0 28.80439254486845 50.97654368457287 10.849471801742677 41.90567277057815 17.607089817391856 25.764508189510583 29.51261355110933 50.86860206739212 32.72603652139642 8.097181117245992 38.31647968630487 53.56752952105059 80.49091239135716 52.398393411909524 37.51297252487609 49.63548533524977 76.90881953523336 71.70033139056805 37.68328960859705 9.694108808737074 34.099469367592135 68.01782496062262 73.4497385376202 40.8855057018848 18.526543056977445 37.54582206799954 69.79249564092305 85.09143419418461 59.16384021412193 46.4217613540929 56.60752590236308 81.53929220416319 103.3339066958636 83.10313891699695 74.35800512601885 80.91254513296145 99.79635663432745
20.28997743507617 63.826513089495364 15.851362736701725 51.755610710856324 47.531702709513134 44.70505538888018 67.2941518618836 14.95067584285495 31.223577026290176 52.84226438758712 31.639879486625752 70.17034846872174 36.51452390229142 9.469447124663661 66.78271680759975 22.938690528412703 71.82429252257856 43.16593833578862 36.88491979600517 78.08805447802654 25.421842455904653 63.12029021190203 25.819321807230146 41.63275999028297 49.49642501200606 65.95116908487014 78.46263838730343 28.80439254486845 0.0 77.06923634711094 27.854425136804466 70.54816011419096 42.93252100008925 4.44989508673331 58.28534611035452 22.901848513159514 59.65276198253719 36.00005274232484 66.38911121561294 81.57464082968086 51.69282055870063 26.809034746236534 34.06088105452214 63.21712995556558 96.05992946344139 45.595527033418136 11.444341109735225 24.038468225765108 58.477150401412345 93.03848900704317 55.5748855711265 33.63514140507809 39.609495137234 66.34256559117185 98.12540165197822 75.50455344188978 60.98947862987494 64.29058405696131 83.31641899826819 110.20324827571383 99.57867329434112 88.85947432324194 90.94395020277085 105.07283130734258 127.29689538324176
81.86743776817954 21.792719656675832 86.8522313603528 25.34938708825662 29.571406043460456 33.19737953188526 14.930124388280587 67.28944037431066 46.671650693890285 40.93266636979132 88.88621062949947 24.18141470814304 44.02056758901396 86.4936950125214 23.66962528925172 89.76326557063916 33.86104560636751 36.28478510046047 48.315667141982495 45.90752040152585 82.92494972955666 39.419425609097544 82.61333686992944 35.73952887243457 27.965081531673107 21.416114475111534 10.930583385879702 50.97654368457287 77.06923634711094 0.0 59.39086063800338 20.773879931892033 34.25783415816604 75.19907097135344 31.69839177090192 95.57537312163795 44.54587006386038 42.87964394833868 38.33604677074908 42.551777916391536 127.14337673328023 102.77403654875984 85.7571764042934 80.87527681636145 90.12243824603381 111.17249743163866 82.40980791572558 60.151708024606236 53.29051322350076 66.75574061584149 100.66514291441474 67.71989575286398 37.85947023800087 25.991087244243136 48.08924691840527 97.40639722804755 62.820799635630856 28.279918701618886 6.921634610601187 41.12077988801346 102.09293235500803 69.80557969320047 41.44282148678054 30.935939081424518 50.90573227675086
45.09988537244549 41.309580908720605 43.38970248279856 36.81152414163194 33.32869568392464 27.019814506073775 46.501904740410666 12.940797169239852 16.517649405365553 51.56541550579223 56.498071500166326 46.11104148041328 15.599809962534597 34.91054663721375 43.16086696567824 49.93463227139903 45.71186609594814 23.22863184342034 38.389957279408996 50.61601229019839 49.4575047058686 36.23540989361312 49.62951823082526 25.795268899370164 36.37957104099089 43.1333495548596 57.53902080526426 10.849471801742677 27.854425136804466 59.39086063800338 0.0 47.33981727086702 27.66053001682016 23.773190651458833 33.51889757337336 50.753494911629765 32.16923750598051 17.640049872676446 39.607085607430704 54.50525532960421 78.03252230473868 47.05955467589304 27.110313965882927 40.62236882004552 70.42886384029772 73.19676937353435 38.60066941837082 4.13650860511877 30.64415308675504 65.23704411175423 78.84998890821214 48.39080369149284 29.340361753243755 42.12934355974935 71.3003798352554 93.10041090462967 69.06176548861502 57.1503189577487 64.47930695394359 86.27742263598861 112.73297760991201 93.66667046081267 85.04633275264204 89.92788733938622 106.47010741977238
80.32804850434786 6.866289507791727 83.16105988041934 25.6372645486982 28.513491358193413 27.048465672001686 8.335156033383903 57.99281599511104 39.549925408116266 50.28052677979809 89.36308930740564 3.4107896223603547 34.15149579357149 79.44565862220394 4.290110718764878 87.60237340552037 13.226560263899842 27.488053948567092 51.248326295638456 25.68354850830468 82.63213628306298 19.23467172253992 82.46791838701034 30.622334342771026 29.19014061054518 4.656108157753649 12.421368964645799 41.90567277057815 70.54816011419096 20.773879931892033 47.33981727086702 0.0 30.105323550724876 67.66748152027398 14.307719227880481 91.75418961210724 24.8499624754024 34.589844577188856 17.715259371592705 23.332642369118272 122.19493648377725 93.87791784678109 71.33936461665314 61.32150486549174 69.47034982923843 110.58277807709284 78.32538185260239 49.35597507734455 33.64507851820479 47.146606883459796 105.36830035638309 70.84593947213168 36.47833993982113 6.0864731369640435 33.738327628131586 107.48697971067803 73.93221709035518 42.11104064923577 21.807151800760497 39.65613570828433 116.53944058331932 86.45991264778266 61.35143123852905 49.47207366881871 59.37828197175344
50.36595998770885 23.301310098373904 53.88496544812717 9.442210660917217 5.669911882095188 3.769652908027277 25.028527191720272 33.34131259103664 12.616230899212498 28.685667765530333 59.25916499437956 30.894989703016382 12.579745243326242 52.310825424325074 27.28670670119146 57.81761387060383 36.46808557827881 7.50980073942962 22.760985151362036 47.18844729260111 52.53620286960863 32.13113983831131 52.366299429539644 1.8752205930047239 8.751027464271958 25.519229650120636 35.9074977322085 17.607089817391856 42.93252100008925 34.25783415816604 27.66053001682016 30.105323550724876 0.0 40.94418528880298 22.607091796634307 62.59234031250398 32.76537270319093 10.027401177501595 34.20143060640805 48.14462092413762 93.74750190582117 68.52963107262495 54.761510382511645 60.795823605105326 82.39076270978047 80.56806217576197 49.19383716583927 27.270777740074653 38.2386944511967 67.64274476507116 76.0488325639469 41.45778472556622 6.994659709185836 27.820082397934584 62.400665660654695 81.64111379544715 50.91653425535373 30.241574635887023 40.39120683622843 68.8707755157692 95.58609626053124 71.00155021570504 57.79730290790763 63.518706461929874 84.40091038665527
24.520569242818713 61.02810019888421 20.273491095114508 50.02754211745882 45.827250597287275 42.40608380894328 64.82127171238379 10.834989152283214 28.793868292552162 53.30704041939754 35.956442639204155 67.12672606052348 33.51988610586222 11.785842442697525 63.80422393356806 27.38849867401562 68.35530579913191 40.498479707658944 37.365962042662105 74.23638294483803 29.59198284408247 59.43709956095104 29.960390193978444 39.5210825227752 48.0047870819446 63.11425039517523 76.0401576934934 25.764508189510583 4.44989508673331 75.19907097135344 23.773190651458833 67.66748152027398 40.94418528880298 0.0 55.04120394004223 27.05917292621291 55.780196742744415 33.32724852487971 62.740636499990124 77.8665411951702 54.92531512980007 27.72297140343632 30.25194008977938 58.793200706987385 91.61301683549358 49.95993611009582 15.891773920511431 20.098648770156252 54.315898485254785 88.83316900770883 59.80111812977981 36.37048331368713 38.265955648393735 63.250198775837106 94.50780341553693 79.10287077730538 63.08163466777372 64.00079724396096 81.28771378036707 107.30360535354377 102.66018498196574 90.67435241740901 91.1002780190879 103.78526382356914 125.05278556601924
