0.0 45.298805893919635 101.44384567614829 21.431258505204866 7.211778442779489 65.07806816518433 97.75378837570842 71.1721935299661 42.68302791860716 12.782768716598532 42.44670364949426 48.26749341136821 50.419869120984565 51.72600362547735 65.69581062074407 40.429708995303166 60.24891909582059 28.878047461596747 45.82041162008173 35.6903941281908 55.318379858574716 36.75832102792057 86.26763934326156 21.477896582129464 7.885589521652642 79.40466444784988 72.69884427463624 59.158512575465444 36.6406890649259 35.10292907182711 40.872484094706486 48.48133117204457 35.01702345152191 48.09541917342674 104.54312021043258 52.772967821916325 54.168142321214354 35.324668979408116 48.73770502925299 33.54330042983235 60.721246755913754 50.48187204258969 44.81599009941027 45.466806558655314 52.19858230904409 63.09403662647819 76.39192946097936 91.04559452132276 106.4968433452388 122.44410548800691 51.23191366476478 38.61237405622131 30.91651686829125 31.928916874943475 41.00962792898637 54.24788074605737 69.3006831167311 85.2117710637029 101.57862131094583 118.21207983606789 44.3321298692393 28.88872903870666 17.39229516948629 19.212952301041717 32.16357380717661 47.943359947304344 64.5085140509997 81.38085368266795 98.40249308915836 115.50744688181446 41.33963559818071 24.06986629404014 6.961683795410369 10.783561793470573 27.978901952577143 45.2555663959905 62.54620061205735 79.84172917727084 97.13953783532578 114.43859265795966 43.07662734089266 26.931737050752936 13.919553542580683 16.152472065655825 30.44279240791635 46.81172650200832 63.675935323677095 80.72561311824468 97.86387157677608 115.05113202120104 49.043110705617366 35.67122898193537 27.17271878800386 28.337023757839816 38.29265444495627 52.233878405444884 67.74318358264814 83.95600032332844 100.53253830639989 117.31872282768872 57.94696114289799 47.12435693700589 41.015427524755054 41.74363593023104 49.00512782998627 60.49115252546333 74.26683028952559 89.27849794697975 104.9973517614222 121.14843426449796 68.6545924472332 59.75039972189718 55.004240246029056 55.49343743654367 61.092354082657685 70.59552982633001 82.66729045179758 96.34693541902904 111.04180290817361 126.39830297744906 80.44883899969084 72.94266994521404 69.05027824191814 69.38255671402058 73.88252737548875 81.8657862039173 92.43417373502949 104.80857035970396 118.42418161224728 132.90006614911425 92.91670023540142 86.44216891559458 83.12438791078682 83.3412207671256 87.06626331166181 93.88284853813589 103.18005721205263 114.3544449349943 126.91112582887456 140.4799222435758
45.298805893919635 0.0 85.5688856460845 55.64432338672286 46.60987494590365 66.93281443727106 95.04867786484593 74.91759190680833 33.90148585214196 32.6178644986538 52.39856763386249 82.86845149971673 54.65254756603262 55.04866395175382 59.32741418376083 40.375728017813756 18.536241778598843 64.79564723574296 55.77985682099898 13.248808979869713 65.40867706100943 11.37973973114339 70.22326098417037 53.318239746296044 41.86417120214448 77.55106918793327 75.21015752865547 63.120523150653064 24.196398788806817 43.3116599563731 52.82053307424115 74.34006827227155 14.49667650115993 54.57454234755206 93.58368687057371 46.70225196506466 16.631434490456424 63.35117500378285 10.829745456188261 12.921319488472772 73.48199336594118 56.44824561724486 39.647427337808374 23.582738025272743 11.793453610222176 17.909174754098903 33.18289483629713 49.801440301292764 66.76807155717451 83.87180861198964 72.64335235885898 55.357190311658634 38.08535104794249 20.863436382002142 4.334231057972824 14.177507116532425 31.335785057855816 48.59603595275995 65.87815695227408 83.16851558438707 74.52608394207985 57.7947324622721 41.533567687130464 26.618708102982065 17.05245522351941 21.71932478375514 35.37490835049177 51.2811022148494 67.87363980026592 84.75035543806071 78.93567655351195 63.354859602040655 48.94429901384884 37.09392868547809 30.904427730336057 33.658828411354236 43.69735432919869 57.312387747707994 72.51668616172876 88.49485139196463 85.48191926979946 71.31080070427714 58.838812449627035 49.37089408141106 44.851625309800596 46.739225305113386 54.370450154062965 65.7756816487355 79.34379951319926 94.14425380377232 93.71805747782031 80.95919944387933 70.17411426825872 62.394850059208025 58.826226944239004 60.22150198358612 66.2678676877055 75.86124133255288 87.8471527532532 101.38053668510429 103.24033755958762 91.76765373118964 82.35729999066658 75.78149557189441 72.81231283014476 73.88584673366807 78.83711952311208 87.00662101778359 97.58944823031146 109.89056524148877 113.72603381082523 103.37279383839973 95.06279448485814 89.36784620255885 86.80417976791284 87.64699633371721 91.80252152451068 98.85386487495207 108.23653215621962 119.40219359382526 124.93267080469337 115.53465416143429 108.10644821521203 103.0748065034746 100.79926132063318 101.46541374826165 105.01729880655137 111.17868350983748 119.54676926425122 129.69512007509763 136.68289409318234 128.09461206009533 121.37913608674037 116.85978202002428 114.79621757412028 115.3203513007987 118.39782184709046 123.83841871912571 131.3488204037417 140.59772483477843
101.44384567614829 85.5688856460845 0.0 122.2235237908373 107.91412208682648 42.28774026685313 28.337550973024477 41.88656407230588 60.267496186854274 96.32099911431395 61.88367403284501 94.40523480672523 53.35159785549895 51.92908192900415 36.3240717943174 61.02521409619178 72.48459474021163 92.11558712636612 59.8302671463338 79.64651918160037 55.32826760716273 80.56481387608439 15.760811080354129 121.45992900473678 105.19743405669794 31.169016965310085 39.68203967268652 47.53116372406958 69.84984213719494 66.72057855193486 64.02060508872601 77.79364174171918 79.05282103295667 56.20691293188178 12.30996275631142 48.677559778746755 69.82385351948074 80.99201682045341 74.79279056795363 83.37198933048394 154.47276887086718 138.8087845135232 123.58242428822005 108.97727803481527 95.27944827468642 82.93970099073101 72.65335050084212 65.39663049062898 62.23844328233354 63.79046141167875 149.275482043619 133.02800999787257 117.08302788788818 101.58307667133751 86.76698441363101 73.05203470386772 61.18326598574688 52.42982330066997 48.50858458518887 50.55671328403873 145.24705866764958 128.51237640780877 111.95026312875424 95.65040316528676 79.77371448937842 64.6328021055349 50.88870581523758 40.007865953279506 34.78945219212439 37.66550566035398 142.4867323524389 125.39870007804916 108.37855189803749 91.46419237775234 74.72749098379076 58.32159785044897 42.63016641594424 28.843800845788277 21.10237075760644 25.639163436807063 141.06900254406554 123.79285959979123 106.5250864597067 89.2705402182138 72.03872572937976 54.85107115489026 37.76791438820262 21.04528583565817 7.622735916389116 16.493074245723747 141.0343843572495 123.75358970469482 106.47965886980586 89.21657881657687 71.97215790093506 54.764025460009144 37.6419825559238 20.819524763756757 6.97852180128612 16.2067984552262 142.38388712722846 125.2823640892104 108.24454616393609 91.30610264875303 74.53481449532569 58.07567775873492 42.29470069404407 28.348027283598732 20.422810271226776 25.08551957434982 145.07887239020806 128.32313109304903 111.73397267787169 95.39833984302383 79.4727233520408 64.26268113836255 50.42002117442437 39.412850715154555 34.10681729424591 37.03896716426258 149.04633557504496 132.77200585808782 116.79342158319572 101.25069632047183 86.3794308893321 72.59346424832187 60.63759904584143 51.79505942034277 47.82510155368059 49.90445764535473 154.18802599368505 138.49329494376323 123.22959524488807 108.5788587160428 94.82562413493568 82.42041277642997 72.06278449693328 64.74303355973261 61.554617191694106 63.12666963196504
21.431258505204866 55.64432338672286 122.2235237908373 0.0 14.436738611570135 86.50908728185988 119.18393766497371 92.56249823174542 62.509883962299114 27.037070924018938 63.87661116316902 63.70112186921188 71.82961997382345 73.12572302088896 86.82678089969063 61.27323034600046 73.23847261037581 46.12068885555543 67.23130531945966 50.10945306663828 76.60067900252989 50.52556202183573 106.83835013369104 2.913220249324243 17.177065775763488 100.83036723525873 94.11098506156208 80.58909593455279 54.7742430754322 56.379165659902455 62.285106174746055 67.56462661184533 49.87011761487484 69.52432188236864 125.75791195871052 73.59592639990758 68.46347473736772 54.88902860305929 62.304085066177784 46.92269297694588 41.445846860140314 35.31467057726261 37.08370648382034 45.847401319369666 58.54463870775227 73.15512851157415 88.73882197773997 104.86272844355865 121.31163464091966 137.96934867443926 30.366626048208694 21.33389211335968 24.224974911065775 36.29428808725857 51.44329662499064 67.63328817284523 84.26637557172069 101.12415100441066 118.11044518632536 135.17681786890364 23.055806387717315 8.146021540486394 14.137132537082325 30.529866630670963 47.571003639646115 64.75060933117028 81.98167978827321 99.23741040416539 116.50684450797358 133.78467551008706 23.368321728128954 8.988861481346266 14.636738736383776 30.763321191119644 47.720467939254334 64.85998388631667 82.06768717880863 99.30813847701691 116.5668082105697 133.83664858608606 31.075014531274757 22.326232074797403 25.099323059216722 36.880925506765664 51.85692415921945 67.9469629126885 84.51715934413292 101.33223547729618 118.28780553658443 135.33107255548776 42.31191856647055 36.32264789107531 38.04048218493799 46.621122443569526 59.14970049696563 73.63798148867438 89.13542956824229 105.19697965477961 121.59930711171884 138.22114776244163 54.95445862884908 50.43223461077726 51.62876407544881 58.19234914952869 68.59935091890871 81.388534946034 95.60866865408158 110.7097224710663 126.37629921676746 142.421896433337 68.22551777461747 64.58072344628205 65.46229176903023 70.70110808196083 79.43975680849299 90.67191669263484 103.58962896161484 117.63893580084373 132.46025985155978 147.82156438904002 81.81968891233915 78.74700160312061 79.41285977713474 83.72811716014793 91.17607239223089 101.066502950595 112.75851687559377 125.7505924601874 139.68043222316587 154.29425800321917 95.59908058415203 92.92277797649773 93.4278997230806 97.06479046433653 103.50384519543022 112.26392881593594 122.84952086169648 134.8313433793438 147.8703785634355 161.71109384163128
7.211778442779489 46.60987494590365 107.91412208682648 14.436738611570135 0.0 72.15179455668134 104.84487688186454 78.32825716383405 48.5159924122586 14.66388907386693 49.55059047540521 53.94373508567594 57.42802014599507 58.7154846755992 72.40808470749622 46.91271856928273 62.8594688080657 34.96247057758353 52.96382120367792 38.64946044346646 62.51785068122932 39.42815096363433 92.60094756136708 14.289146569203199 4.761216765609472 86.44711468832361 79.83396660090078 66.25233957265334 41.49073462093721 41.94267756996792 48.01578995314133 55.280668838342365 38.173581423946224 55.157382511019165 111.32836247004083 59.25172508272784 57.29956984383043 42.2122917073125 51.48961340323949 35.96452193910572 53.6228621725793 43.992999946456294 39.92571244811288 43.028441270947866 52.033996342997966 64.51614190317177 78.84056145181131 94.17027910739216 110.0861234545384 126.36682104111127 44.022695803192384 31.65841609109041 25.791921449424756 30.445056310696263 42.2763531363899 56.977091486659475 72.82992663057028 89.22285475510948 105.90537166312885 122.75947223033707 37.47252691082306 21.699950102826705 11.674687781208894 20.010541573263968 35.542343089100534 52.19968840334958 69.17419840863063 86.27887876217919 103.449181023034 120.65709314867189 35.693087844594174 18.47401383770971 2.7010049470158863 16.49288456352972 33.6964186195238 50.96661247711167 68.2528836024941 85.5454862968919 102.84122667753455 120.13874960377568 39.33723855893275 24.768149175429837 16.679818076250488 23.274099120877754 37.468163686892126 53.52340732411237 70.17377868131811 87.07855958004222 104.1138996671848 121.2247702018485 47.16409479567081 35.88035725966908 30.80677166073997 34.77676332175215 45.48074645396838 59.382508137802745 74.71797100596919 90.76330234986605 107.20022322377763 123.87294946202816 57.48988949577427 48.61168644956997 44.942278597803025 47.699312705150994 55.9405411163503 67.6917094555724 81.44749596080187 96.35312837677169 111.95025581871751 127.98631914241136 69.20483827248927 61.97204176388754 59.080070522773624 61.147951381492575 67.72285903500726 77.66849918724233 89.87270079550869 103.53987339363766 118.16346672227726 133.4293850847659 81.71350849677856 75.62864997745096 73.21868056210559 74.83946103813146 80.24713037247213 88.75216164496092 99.56393784405824 112.0165010146905 125.62285834053297 140.04712004318208 94.70176366556001 89.44576851969055 87.35755875942239 88.66124711782378 93.21462605320541 100.57729555596985 110.18754173364121 121.51326028602767 134.12056738805717 147.68160638879257
65.07806816518433 66.93281443727106 42.28774026685313 86.50908728185988 72.15179455668134 0.0 32.70280229526854 7.991163348969983 33.23599665880714 63.72428932570544 22.653905726180984 52.33693846012734 14.914149428495255 13.78481329744391 12.255046811293182 28.621146768235658 62.90690383410214 50.518325216675535 19.518646035467103 55.90281176557228 13.044253369292809 57.52453679636988 31.474529963201785 86.3948230899767 70.57442069365263 14.40006415872882 8.462934678338387 5.989541204670589 43.839869989589694 30.78864607073218 24.38301957652854 35.6944446639297 54.83062683029635 16.996761048940403 41.37171586243826 20.348619522785306 56.64606331063413 39.12686856616681 58.31674311350619 58.8587674325426 123.61761749392792 110.04020431626248 97.64766120739351 86.94810449603548 78.63566604920663 73.52449277804297 72.29676386566827 75.14307058263466 81.63839789938544 91.0047412510208 115.83665617140342 101.2630022509528 87.68669920250393 75.6466502223146 65.98917368539075 59.87840410971599 58.437765144819444 61.99369639642998 69.78654076518573 80.59653238313726 109.32338970493144 93.77838231418828 78.96752713895809 65.39158658229466 53.99030236603724 46.39557957447734 44.59653304068591 49.23266817047285 58.80105757394872 71.34407493998812 104.3156469762412 87.91720863825894 71.94321348653776 56.753197092912586 43.182563788216925 33.27538537718796 30.79736596418261 37.261417717593126 49.265178087165054 63.75273574671081 101.03760794477472 84.02001331957459 67.14789126266798 50.567066433021914 34.697685198050955 21.202423267769603 17.14258996241104 27.146017621123296 42.17412001003381 58.473231212309926 99.66014856037562 82.36610819944724 65.07626230789013 47.795163136080774 30.53766346073638 13.395287502548435 5.0032121790715385 21.664350997433548 38.88919700083061 56.161452525698984 100.26165335846171 83.08958383805152 65.98539036872454 49.02017475882299 32.4129035448815 17.231601509845884 11.91523631921928 24.20187211884643 40.35097722650566 57.17853709012823 102.8073843084198 86.13054284421248 69.75882073069651 53.97060538583628 39.47239464013369 28.320030870698396 25.390724200167657 32.95548693778262 46.11019280154985 61.359157083896015 107.15883173492867 91.25756304139081 75.97089277390826 61.75691401630389 49.54757766283322 41.16691170438767 39.155752194791 44.38848256311053 54.82889732788581 68.12330529027658 113.10772261930047 98.14419553539618 84.0827520319931 71.45792560956957 61.16584788101063 54.543438039777826 52.98501855349946 56.90815074110666 65.33270943497081 76.79119803076654
97.75378837570842 95.04867786484593 28.337550973024477 119.18393766497371 104.84487688186454 32.70280229526854 0.0 27.037558392919138 63.267715718468935 96.19111238452902 55.307326759362205 77.55503339887524 47.55139693525188 46.341791455122404 35.97804520759874 60.349063103822154 86.52703772986379 80.86734764480774 52.007874433631855 85.7276689298386 43.46036988095939 87.1332097855078 32.157273980716454 119.09500526995777 103.26462790315077 18.634747957449104 25.246556197146514 38.59556645023906 74.05751988319402 63.38076742789019 56.93818246457696 61.99644104174142 84.8005452927574 49.69832926003933 18.209641930586255 49.662053783169334 81.77872966320335 69.34813100808177 85.13311913131858 89.06158757079297 156.1013563821067 142.12188473916592 128.95077570899042 116.86167364914024 106.22464290033389 97.51602191697162 91.28937551743059 88.07270527976029 88.19596662844303 91.64568415939745 148.52785868084678 133.79872029100883 119.75958012459483 106.68319101706746 94.96807986997406 85.17778981672578 78.04013260924242 74.32331702309907 74.54083005411199 78.66004051091785 141.93999696416256 126.48046264122836 111.56320156117985 97.43759170224575 84.50157651142 73.38694987215946 65.03436178598899 60.59692927231967 60.93605898486756 65.97813694718756 136.4806752335747 120.35068391973655 104.5959012953198 89.41488162536601 75.15612140836063 62.454520694943774 52.453739299694654 46.91402156204194 47.425300348048246 53.8153867258405 132.2897672806323 115.59869530427036 99.11731723106914 82.97068870662221 67.39982332544012 52.915456860478955 40.69475833443623 33.32850923450586 34.120728164420235 42.618857843946124 129.4905492239071 112.39945393289541 95.38440135199336 78.49485759567725 61.83375443497878 45.6518956561215 30.71627968050867 20.03985950017029 21.410604174861056 33.375797285581186 128.17427454610507 110.88748469900054 93.60628906257922 76.33448711436856 59.08031800620076 41.86558861607932 24.772656829378718 8.564754775336882 11.477761284232587 28.08623267002045 128.38658163054 111.13169782253239 93.89412868799323 76.68555122228605 59.53111248325926 42.4964253058129 25.819608771358634 11.228154501054453 13.572174953008274 29.000855771377857 130.1199854717123 113.12071631542325 96.22937906302674 79.51478745913037 63.117513807433795 47.36824641673759 33.202290324745235 23.65891992242806 24.81547895712835 35.64523242643603 133.31514189266474 116.76538207911044 100.46934329868569 84.5738170502835 69.35473462587682 55.37269179598183 43.8280489605352 37.072467573152174 37.76962967244708 45.57882289592136
71.1721935299661 74.91759190680833 41.88656407230588 92.56249823174542 78.32825716383405 7.991163348969983 27.037558392919138 0.0 41.17988787939118 70.6807969983745 28.894292666914914 53.00621484080348 22.040190322816276 21.099565656978207 18.777634453889732 36.26438864783662 70.69881819631532 54.06436123194836 25.37193977398204 63.801956097336436 16.424179731982704 65.44150138534398 33.762871889271295 92.61486612122731 77.04854594046313 10.955061426665466 2.222685817059841 12.653996189620408 51.72680464176946 37.74845642868934 30.317093461682973 36.61972687277742 62.716223642322795 23.648244598337953 38.653998183120144 28.333268312836605 64.53578761220281 42.52756667945304 66.29406554386334 66.7050135065037 130.44835301816147 117.22000902229114 105.18065723976787 94.78445670353717 86.62504396195017 81.37804178228777 79.62132604764328 81.58068321173128 87.00541718390883 95.30561263358726 122.23737375605458 108.05200983574483 94.90621935012074 83.29367604269125 73.94034637524753 67.78794532807304 65.74137660574051 68.17143111888518 74.64215832939877 84.22738233879993 115.16733073795946 100.02231482933901 85.69780184580745 72.68055724748868 61.80221635098766 54.36234794102066 51.86247376684518 54.98061367970858 62.88656422288635 74.06262500465769 109.45963822980984 93.4250200004107 77.93434953880978 63.38767884587458 50.60572434529003 41.262420666638974 37.98607505132635 42.213776804885924 52.151419177527906 65.23990042935144 105.33607589036315 88.58085466840947 72.08437761072385 56.07546637589558 41.12747396922791 28.934253973664422 24.116876727033166 30.409984959878447 43.20441389004469 58.37110865836711 102.98716517231102 85.78739099554936 68.6389817087376 51.59318035177131 34.80108906668321 18.949628868937122 10.284656578813332 21.24083285207174 37.35351244776502 54.20433466749798 102.53497608912971 85.24650879935712 67.96489344139736 50.697137549034736 33.46470241875218 16.37945046182582 3.924286436198855 19.005977685500024 36.13541045396339 53.376231851981196 104.00425764271111 87.00023888160342 70.14206732518022 53.567618366266444 37.653445417889195 23.76523199727075 17.621085028592123 25.591621850602152 39.975888557442175 56.03502751501878 107.3160971469863 90.9158678882417 74.92232043109841 59.66340504625273 45.878082378947056 35.33530418744043 31.481387191521122 36.50041774052061 47.66751503060302 61.73177643108821 112.30756254594455 96.7311619089616 81.8507804352984 68.12405101068036 56.3996975982811 48.16294163803205 45.35543517974537 48.921013363897636 57.68985258964311 69.72572072085703
42.68302791860716 33.90148585214196 60.267496186854274 62.509883962299114 48.5159924122586 33.23599665880714 63.267715718468935 41.17988787939118 0.0 36.105132573736824 20.629626600485985 58.27330994051108 20.92585894422775 21.2101364394486 27.429634171869978 8.02644547379821 33.85872463752081 44.875365266232066 23.315355137323014 22.736193940852548 31.99922533590611 24.31183352758363 44.62976249285129 61.516328694415144 45.34329083304586 44.98332126906781 41.62933657879612 29.220464363676836 10.806483605712485 14.576218868261163 21.841996517299737 45.599214023225215 21.712582825063446 21.266424833922454 65.41137721867342 13.613130162560967 26.587643361218166 38.17439831349671 26.35226583644741 25.878144965654975 94.6311846614522 79.62361149563154 65.75319275354566 53.905005886701105 45.68064595445145 43.20182430026425 47.379091209413914 56.76146049617626 69.2650919603085 83.4993831325743 89.00946305398733 72.88531344249756 57.450524223406994 43.44612718116785 32.76093124688341 29.286527293969833 35.22544763921805 47.14523366657278 61.67027946407765 77.34651314973846 85.37384739532767 68.41915294078306 51.69506381230283 35.528737936707536 21.234765824030653 15.435407453185169 24.986011892873872 40.113118063696206 56.50253228554029 73.31249915227318 83.98272491331234 66.68330568128411 49.385645944008786 32.092590890049145 14.820268242197159 2.838997624341748 19.879463278897497 37.162343965480346 54.45732415172472 71.75565548811109 84.94645768158868 67.88755830758272 50.992678754953076 34.50360580558711 19.479660005264645 12.92781140071179 23.526841578586993 39.22510745775393 55.878606360843484 72.8350262986456 88.18786345093858 71.88428284324016 56.181056372271506 41.76101274829525 30.501858827161104 26.747985224663356 33.15503205805758 45.62639261956724 60.52263520086858 76.43900284058887 93.47024034479186 78.24668622730985 64.08671846245996 51.868840005047474 43.270673050182346 40.65748678400739 45.08233378624632 54.868095558838576 67.72964272334346 82.23628517279894 100.4721189007327 86.45396615988139 73.8419178209032 63.47966890887437 56.61631281629625 54.587950721612295 57.90492920322195 65.76333524840277 76.78118698441848 89.80302924194997 108.86212565399659 96.03418068031743 84.8107059739319 75.90677419663693 70.21047943642377 68.52645481305649 71.140207538722 77.6187720904496 87.10401233902529 98.73314885326242 118.3452910726451 106.61775497558979 96.58034794014091 88.80800479885194 83.9323537192424 82.46877264767315 84.59454533194088 90.05584886306723 98.29829553603143 108.69100271839433
12.782768716598532 32.6178644986538 96.32099911431395 27.037070924018938 14.66388907386693 63.72428932570544 96.19111238452902 70.6807969983745 36.105132573736824 0.0 42.01525640907309 57.4369711018265 48.82183352340873 49.945277034615835 61.95030639709464 36.2274007468266 48.26892808551708 37.86635579927703 45.7415692381931 23.98564063429059 56.02342163430168 24.78928915692163 80.72607917116436 25.677415676881225 10.27411248219563 77.56471938965849 71.89632115270578 58.11976046783871 27.769444206539394 32.96182651663293 40.992621161607275 54.380745406219205 23.51889450535617 47.03255253764133 100.81373389325216 48.19880864677352 42.63597088182094 41.29798994041679 36.85662907615933 21.367341453319657 59.91373100275795 46.73253145530414 37.106761135282696 34.184818851448426 39.484172146556816 50.478765362343715 64.31111526846541 79.51378014980249 95.43411765346634 111.7658636734397 53.082600776683734 37.624016118233556 24.740297301411278 20.181914436543913 28.30633618387085 42.35444845639507 58.18300076464262 74.66816918822973 91.45556866497763 108.40488101400521 49.47750538109424 32.36538860626347 15.67567073197541 6.530571071998049 20.93522143475158 37.85012637869871 55.00630936182873 72.23205316683375 89.4871966939483 106.75748532041675 49.804051314074265 32.86016002494386 16.668832636596285 8.638467520551865 21.682009495797658 38.26629359478255 55.29215306188973 72.4489367070519 89.66151875115804 106.90295007414524 53.99094377136297 38.88934738929478 26.6167585830282 22.432866527662775 29.94538912607963 43.461826068985715 58.99021517709301 75.29589506766418 91.9663487771554 108.83408458132077 61.25155343019239 48.428151744794334 39.21130029443303 36.448228568118985 41.45030477995433 52.02392980683848 65.52524615961497 80.49430788225327 96.24872167411766 112.45890961358023 70.64434853061547 59.82049701206418 52.58384580810418 50.500801092813575 54.16919859046421 62.585735872278924 74.15084414300097 87.62660630808861 102.26044040715665 117.62089229535245 81.43474636748797 72.19405584007353 66.26491237661295 64.56615721122486 67.4183345457132 74.29917994085382 84.22705965261514 96.26380496388714 109.71752751792086 124.12833952295723 93.1381299110272 85.12186613727408 80.09641792003723 78.63729045662787 80.93759296505986 86.69860251102169 95.29472502311165 106.03869470201847 118.34698199510193 131.7819970106915 105.45081731141825 98.38553779919104 94.01183212003241 92.7114149583754 94.61109714612688 99.5278066534483 107.046626501464 116.66553710003696 127.91163434511736 140.39443082328665
42.44670364949426 52.39856763386249 61.88367403284501 63.87661116316902 49.55059047540521 22.653905726180984 55.307326759362205 28.894292666914914 20.629626600485985 42.01525640907309 0.0 39.67557081338832 8.558553480140517 9.977898289153941 25.675341909861686 12.697769386581593 54.484381721265564 30.972250888049363 3.7876253613241277 39.63547535555543 14.22693722483584 41.480224570827446 48.14613451542164 63.81833683537668 48.15780294320297 37.02878903965924 30.312043490047586 16.713336871776885 28.260587083543538 9.752999328103817 2.2239081107048704 25.410750303331962 38.40754513558454 5.826365797863452 63.116734378060144 17.387596529143558 47.183495535634236 21.044319388431006 46.39612454842405 41.71087082523406 101.60686861221119 88.71940908953303 77.56935795904873 69.00413744470869 64.06895207794932 63.61433959368993 67.73058193477814 75.67544649428197 86.3991239560708 99.00271705205434 93.37204874226329 79.20142921501622 66.52890324305393 56.373976421860256 50.28575486670384 49.77942086349924 55.00932661460106 64.59692687511658 76.92984845118737 90.89742503188215 86.66962551571298 71.21568748579446 56.836887525543716 44.58583750134591 36.6615535740705 36.0409433552215 43.04111020999179 54.81634994191158 68.96256054121912 84.29439349294904 81.87689832813327 65.32667134514539 49.29536356877772 34.513810582148764 23.475194219241168 22.576043443971685 32.66469198936904 47.14867802120784 63.069207595469116 79.56860829146001 79.34077449639794 62.133545069140574 44.998996516166876 28.070541346807055 12.235776844334925 10.496976607977196 25.872227199741967 42.746591701360046 59.865544375113956 77.06626398112112 79.27815511206384 62.053930297489956 44.88950924222107 27.89550504834114 11.830627669397183 10.024055439717914 25.684879036545873 42.633997256192316 59.78558204294172 77.00446289426763 81.69472909860828 65.0992523608189 48.99498002822127 34.08540732656719 22.84367378333627 21.9217559945255 32.21808272555843 46.84183853981586 62.841247088975365 79.38890569970542 86.38264639086802 70.8677575736028 56.40234260273192 44.03313707075643 35.99052363096397 35.361365131032436 42.47637247214355 54.3761529954542 68.61484921241086 84.01152761294586 92.99899533658873 78.76330533044043 66.00913124608311 55.76248342466194 49.60247691585345 49.09235055936019 54.39130499866174 64.07395137002285 76.49333590218201 90.5300593122828 101.16603395383028 88.2165141749175 76.99632910492056 68.36234631490333 63.38044231107622 62.92412031458476 67.08579389960079 75.10164408833674 85.8993860399655 98.56899347474966
48.26749341136821 82.86845149971673 94.40523480672523 63.70112186921188 53.94373508567594 52.33693846012734 77.55503339887524 53.00621484080348 58.27330994051108 57.4369711018265 39.67557081338832 0.0 45.789483481602275 46.94313452478202 61.5531171581201 50.5200737500445 90.52292684789444 19.612273378589926 39.19035322765371 69.80300530554531 39.526117386597875 71.60815877513862 83.49825336636238 65.3659724599008 56.1345822021938 63.95850530315052 55.22212125159048 47.8064373331921 61.82883080324116 43.760992765026245 37.72713825697015 16.642871528142663 68.60202290261317 43.14323672984426 91.56554230506518 56.90137805393869 83.10561172686386 20.257331157291226 80.46359585380722 70.08714583328971 105.05232674771383 97.71198935885181 93.04808884920543 91.47094225788426 93.13749074217648 97.88219220561109 105.28973067141729 114.84599985540959 126.06328745479813 138.53870819063596 92.87497315268678 84.54835628611697 79.18189576837845 77.39382946164443 79.42619979928945 85.00542185553417 93.49869747389104 104.19585052940904 116.49132267650734 129.9321569229554 81.34770783897591 71.75860753371195 65.42048482594383 63.31726312686982 65.85594643065286 72.5508748809892 82.39506724833342 94.4084671126577 107.86873556641837 122.29907381798175 70.78902987795483 59.58423441460489 51.8476317440949 49.24199966749505 52.53640482705678 60.778901109909704 72.29645561901053 85.77984528315625 100.44046945863106 115.83218740727514 61.69842018568322 48.49120603960165 38.662728851063434 35.16992565485383 39.7208795001039 50.17250636824692 63.68296515978209 78.69223110943105 94.48873981305104 110.73610158756965 54.81141876963815 39.40384589044702 26.452711318212582 21.107823737634483 28.107755718423793 41.63247604742894 57.2292898248663 73.59233375528679 90.30605175107033 107.20655670131043 51.028304881484935 33.97190612244243 17.4070754637808 7.115863328453432 19.924309516643312 36.633783214651835 53.71967423222719 70.91040890240707 88.14466600925583 105.40109850062977 51.043996409237266 33.99536367566272 17.4526012324955 7.226007504036376 19.96372799466079 36.655136649161996 53.734169821615374 70.92133900589522 88.15341741915965 105.40838218696473 54.85523325790916 39.46449145454043 26.54254988035853 21.21978371604959 28.191539265971056 41.68882284054406 57.27010050516913 73.62392459164806 90.33167512560372 107.22803825480854 61.763284329118704 48.57333299997843 38.76521065022794 35.282034029527125 39.819716024286045 50.250424214309646 63.74408187113763 78.74146495837161 94.52955159196608 110.7707607385264
50.419869120984565 54.65254756603262 53.35159785549895 71.82961997382345 57.42802014599507 14.914149428495255 47.55139693525188 22.040190322816276 20.92585894422775 48.82183352340873 8.558553480140517 45.789483481602275 0.0 1.4226131961563322 17.25236382072091 14.605536200480632 53.80591381472143 39.14247905248688 6.872786748552541 42.69525314959668 11.266178937021074 44.43565146109465 39.82583872128729 71.62803528637046 55.72009327832939 29.038208399778608 23.11098637490752 9.386365425539969 30.687306938791703 15.87485889714654 10.669598971180275 30.1487630112981 41.54164076247583 2.9130272646620137 54.633238647605104 12.0394782569836 46.844789577666106 28.6185700378239 47.22428134134556 45.31896804235477 108.70593166330627 95.22844645283713 83.17829100946507 73.26317508485417 66.44585163049611 63.728354926252834 65.62201529743739 71.76272158388153 81.1924945652395 92.91527207738918 100.98141481768386 86.3489389079713 72.8953619064822 61.400567991446465 53.150984349335 49.78680498368652 52.26017785326439 59.85171554422269 70.93680950942745 84.14591765766858 94.73906569464783 78.99352663578823 64.05600069186282 50.64654471589481 40.3197352610853 35.846853478222194 39.28129389385724 48.987248224076986 62.090162022749055 76.87218771582035 90.28693330859144 73.62057061611414 57.33199593910512 41.86452373881847 28.58373989573782 21.91194363881787 27.23871529085789 40.0309030177709 55.3327211618604 71.5517862456009 87.89753797186577 70.68369322359669 53.52667641208954 36.506697762379616 19.977141164329154 8.009160410739545 18.108573264366157 34.502282455753765 51.4937652288076 68.64052384717674 87.73959891469845 70.48809491656708 53.269308792580965 36.13004872033229 19.2835424352508 6.086298069986928 17.347751052164774 34.11098556132818 51.233657222446354 68.44654378294695 89.82488982022215 73.05580007584393 56.60830916805219 40.8725220372936 27.117099719933034 19.97054795140043 25.710311598084505 39.011909824949534 54.60356895497694 70.99212650523172 94.00421656210061 78.11475156692151 62.97415384115217 49.27759785658637 38.59439347840801 33.90399275031915 37.525220850473126 47.597391045529704 61.00482790533061 76.00246298672923 100.01535852524098 85.22237994485427 71.56352774646234 59.82077666940802 51.32654768317616 47.84355788243564 50.4212249226375 58.26058850194519 69.60599672755968 83.03249813217818 107.55153088273569 93.9146005891133 81.67782720962565 71.56310192575646 64.57540168478391 61.78496819135242 63.74540714645237 70.0590209486785 79.6978716548414 91.61839292452316
51.72600362547735 55.04866395175382 51.92908192900415 73.12572302088896 58.7154846755992 13.78481329744391 46.341791455122404 21.099565656978207 21.2101364394486 49.945277034615835 9.977898289153941 46.94313452478202 1.4226131961563322 0.0 15.845933209317954 15.280485808141334 53.72024499935082 40.539144880758485 8.214076936241746 43.253376321917315 11.442267692255072 44.971528199958314 38.429014481848775 72.89955298994657 56.9568000167631 27.790482063903916 22.078849906714584 8.479090666814631 31.20531326285837 17.042000681611796 12.092212167336607 31.169072064654653 42.11550132223238 4.313318699308867 53.24447052613343 11.434099877617506 46.83572040331368 29.96527394559619 47.407766050106076 45.95496223143599 109.84734526456262 96.27406348281285 84.08118100460469 73.95463718397971 66.8402976164967 63.75465530194209 65.27158970575123 71.09710567641164 80.29887988667224 91.86792393929368 102.21218813991923 87.50428892758752 73.92814884396174 62.22895818612451 53.64901413092234 49.8266157036857 51.82536042099811 59.0571398566363 69.91655732533296 82.99159983479527 96.05231754241109 80.25776309313761 65.23248167629147 51.65222252919172 40.97968785245823 35.90856218993764 38.70687482115252 48.017983881949995 60.92568170729881 75.60990612722773 91.66572760380612 74.9775737642551 58.64621700314102 43.07937117463513 29.51265700810762 22.019829187147995 26.409469552978987 38.84274111837299 54.0256258082232 70.1960768218583 89.31414729577655 72.09713173946749 54.93349794951386 37.89584783208159 21.28883892775318 8.309472721600478 16.840228768367158 33.11876457645937 50.08817348644955 67.22730824136418 89.15877779060176 71.90545259277917 54.68284918678948 37.533282629641704 20.639623104337723 6.477206649836549 16.01960665072126 32.71108093087412 49.82083159934701 67.02931548206234 91.2108450964936 74.42331681118212 57.93922296067093 42.11637068392088 28.095114381420235 20.089645961649726 24.830705746530022 37.79213768920722 53.27887991124295 69.62574285616732 95.32787334380673 79.3933186709553 64.1708861246496 50.311173368145774 39.28401288878745 33.970003458613796 36.92420025804991 46.599784954330204 59.81965658722208 74.72583645492392 101.25824510385526 86.39322927272428 72.61577165488245 60.67135146301948 51.84281869546792 47.88575131466539 49.97114041553649 57.44464236677294 68.56647406373429 81.86292299284554 108.70550997441072 94.97518896499943 82.59769971886011 72.27149049889736 64.98193240807925 61.81285950916578 63.38534943219418 69.37773638045799 78.78789848991997 90.55655940862724
65.69581062074407 59.32741418376083 36.3240717943174 86.82678089969063 72.40808470749622 12.255046811293182 35.97804520759874 18.777634453889732 27.429634171869978 61.95030639709464 25.675341909861686 61.5531171581201 17.25236382072091 15.845933209317954 0.0 25.756574910408705 52.829920812194 56.37983609416857 23.997535213416093 49.75274214819567 22.454309197866003 51.15577216797443 22.601123715714518 86.30232410928504 70.08472245802314 18.26240652945743 18.028857008795413 14.179393125154276 38.16420582997946 30.65381204336381 27.853034687682456 45.158928125942985 48.83492926633635 20.159001458716574 38.96684638594258 13.965879053572785 47.16633132335382 45.67390692281627 49.78477288751248 53.11108277239101 121.48910372978257 106.8731953994292 93.1818266399408 80.88585221640128 70.71693371266747 63.701991264625796 60.94011832128958 62.993235379577214 69.43552936901159 79.20311311030136 114.97113535525624 99.43691244820735 84.5916063697909 70.86947790225375 59.05868816025371 50.51808701448169 47.063024800963014 49.764266403578844 57.76451192025816 69.25097965676255 109.87837627107963 93.52989127470626 77.59595185581115 62.39496069209496 48.61932422450605 37.858347155282836 33.18702161484523 36.98933023276267 47.2625738986804 60.81117845427213 106.41572033401809 89.45568314573339 72.65703498613486 56.16477536657262 40.35630092205241 26.485691031296746 19.31487530055994 25.36432060059822 38.8888786719511 54.58985970265558 104.74500737458486 87.47083113108737 70.21032322398118 52.976845274747944 35.809443487883065 18.889145299888604 5.476936827354933 17.375480524696524 34.24224393230934 51.399111618551466 104.9518733887366 87.71731157773891 70.51575019283482 53.37910220593864 36.39916663324071 19.979573646877665 8.495919424329738 18.54430324538498 34.847022413491636 51.80204640311209 107.02542869394023 90.17682619797016 73.53902861795329 57.29597392477057 41.90918368254683 28.78614036229477 22.352074357226225 27.736252996489263 40.46844923633879 55.72075186118993 110.86095010192635 94.67702849991807 78.96857824137517 64.08619296966826 50.76170865281557 40.56068487569034 36.2256042889503 39.72564424799574 49.42333833346666 62.49730465678011 116.28416650190519 100.94530228790205 86.35161837555893 72.95170461080802 61.53049392690064 53.37371476731319 50.1019604532464 52.63421627152961 60.24297695009253 71.32161726312476 123.08532049876551 108.67605712508866 95.23480533603869 83.23187122876024 73.3765229158694 66.62865246007932 63.97916870901572 65.92407917782283 72.09249537113733 81.53137462785995
