0.0 27.441108421279232 55.08374934673889 24.691102171062223 27.920771516517444 53.96221752133897 24.1913961488459 26.501591677246605 28.20389538432227 18.58773890952457 80.85068189319581 55.05835797222711 51.18446463546299 38.41055629624785 20.711187561166575 6.8000589394165 75.1708883420179 26.501591677246605 65.3951569952555 21.66963001376885 9.361958710131052 22.815108874241112 79.1840950154911 74.82191730289803 35.97222283480785 37.4106861042313 18.837451815060536 13.090516336019423 30.665395255221906 60.37574112710812 63.19742311154617 61.66008284544845 5.864162363192203 45.54198791661827 72.01634281731539 10.384197167636284 76.70265883397948 25.31018961177797 68.13621955687825 17.633729147645553 128.3733272954525 113.13490414990542 98.57991437435359 85.05992067085324 73.15106490564727 63.76256029401138 58.12871493492459 57.36661495289393 61.657174187315 70.07840860592475 122.67374618932786 106.654581701647 91.10574086178295 76.31524529519473 62.82102942208945 51.64931013770075 44.581668483010894 43.658945461369605 49.22790164040127 59.49263406537517 118.3767221842489 101.7061763400619 85.28747634106794 69.29985786387539 54.12666943193476 40.68945504954177 31.309368011992213 30.060450147451842 37.758365503595336 50.462530976907324 115.63877831873515 98.52086506211253 81.48071595831907 64.57991725425234 47.96599598749963 32.08769621868713 18.90016257152989 16.83818460830779 28.434929147848763 43.95768817218558 114.57178217123875 97.27205451020635 79.97327989662713 62.67624746471472 45.382949277654575 28.10028049797609 10.879018018103547 6.767118445716491 23.915441478788086 41.19243110377064 115.22217898534713 98.03379530403848 80.89383407148482 63.841308236646846 46.97154203851833 30.5884253129825 16.238554194572743 13.800086923198927 26.756439101676644 42.896206653593126 117.56145920711087 100.76048837441199 84.16273299577553 67.91734325348044 52.35337319991095 38.31052254634601 28.1642836185682 26.785591039786024 35.21958524155421 48.601242406332986 121.492073617946 105.29956219878078 89.52305540033346 74.42756813905986 60.52482261101193 48.84415223295412 41.315300615834964 40.33438638444045 46.31929605963055 57.12090206122322 126.86614542021199 111.42969509209945 96.62729677312291 82.79970684913006 70.52267625754357 60.743754564708745 54.81659430094555 54.024195903620814 58.57531831296029 67.39600528205064 133.50940894675884 118.9049805668623 105.12239401276278 92.52962896338428 81.67887085125658 73.34735745544245 68.46110532898935 67.76947864046977 71.39448664091353 78.74220218733315
27.441108421279232 0.0 81.99332603403978 51.38764821498272 46.27231671101405 77.072909102587 45.729934739036594 51.027656253549374 55.56329560902164 44.95237675462903 103.14134857828395 80.74052300491364 73.30683912355038 63.5117975530329 48.11973117689293 31.000917355404543 90.9747720101394 51.027656253549374 83.64207378173526 47.26874446934122 27.987895021622275 4.705762288639373 98.87436516022431 97.58055709895893 56.19664983471739 61.08317167117544 42.03447356919506 39.05438100930055 58.03345829281 76.29490602489561 81.43474318820377 81.99214625771467 21.577636952260757 72.95565077294513 97.25847984508844 37.708926471428136 93.62751119808179 52.365855875183755 86.06716677710087 43.06106751034938 144.66700724585385 128.2296940309277 112.0529812022768 96.26833062316346 81.10497571364802 66.98617327610245 54.72643287431446 45.84236272875756 42.50607846506775 45.942528369074296 141.10749360660458 124.21876101823031 107.46155574642859 90.90864026983493 74.69595253986449 59.10413956681249 44.786413565721574 33.422386275332386 28.757581726246517 33.69941612705081 138.87635831367936 121.69011120767391 104.54202948872144 87.4545664340451 70.47183087879594 53.69328823399608 37.39481183395567 22.638180129598897 15.010494456817423 23.170135624851717 138.0380613915124 120.73695002819413 103.4361126866819 86.13571448355323 68.83608652219485 51.5380044436086 34.24381101172383 16.965402424444935 1.313302128016714 17.72958662166014 138.6178868946694 121.39640736163602 104.20158208901191 87.04920755409648 69.97050948911117 53.036710842423446 36.45032280052357 21.049280368127867 12.499248467425769 21.63568942667904 140.59828277374015 123.64267355795818 106.79819543071287 90.12718006875602 73.74735821937315 57.906366825407254 43.20106492855393 31.276619390754615 26.245610063534503 31.593470721807627 143.9214164398375 127.39180586288357 111.09759687055217 95.1597898198955 79.79223587371 65.39818003658782 52.7801926658526 43.51185198404554 39.99399364752006 43.64015962684427 148.4971244410708 132.51625793743224 116.91202106277699 101.85765617538078 87.63699547495412 74.72752660409736 63.928576484242264 56.464342313478866 53.74272431937204 56.453859783601125 154.21388874578386 138.86378514494223 124.02850225586486 109.91669174477633 96.84513453115846 85.29344785595339 75.95824918317997 69.73543000616213 67.49145119840755 69.61216114451626 160.95009105566007 146.27516554111605 132.23689896175145 119.06070716611542 107.0653430703157 96.69128469254747 88.5104656962293 83.17260182327901 81.2400271089269 82.95109082876114
55.08374934673889 81.99332603403978 0.0 30.605710098574505 44.19818204095071 24.54121050009876 40.34258832429589 32.712237981165096 27.383265240836757 37.054677209423495 40.60311387960551 10.905829774449025 28.434002687429583 21.65079388899261 34.830261069872925 51.02812268641982 57.20433528458493 32.712237981165096 45.14903223551269 42.792763296162356 58.97765724349402 77.5549308128741 48.230269442689185 60.85001393333187 37.15182338690782 26.97037190615089 41.5045498532241 47.14961166639599 25.092230996557365 49.71726763439324 44.25700631665115 36.94708795089262 60.776664570027535 17.65701217426968 22.30848581485439 45.78283822452942 55.00375540549577 29.773583716631425 47.37002326846014 45.52362227703376 97.13095002807894 86.97935559657239 79.34155071357601 74.9896096977206 74.50159715817291 77.95011814719071 84.85658714916167 94.46558298737818 106.04498516350172 119.0210817860818 86.6960825369758 75.20620238809816 66.29050329158503 61.08669719763913 60.559343798864 64.82267710579148 73.0425945038956 84.06638778516898 96.94220080550963 111.0275589066018 77.45144471882682 64.38501749806365 53.76651192283636 47.275239476187785 46.66649620274389 52.146702726862436 62.124862010344785 74.82260013715604 89.084497189723 104.27069062946528 69.87123707219897 55.079966124254994 42.24126068205135 33.6682948386463 32.88605461712398 40.35021235169511 52.66398411584702 67.21279154004064 82.82712120852935 99.00410701631988 64.54469063109944 48.17785091218669 32.78575221728997 20.67408470753551 19.45872577147525 30.472581756713822 45.57660001904748 61.843242959607196 78.55354180612466 95.47482998589318 62.05496314347213 44.803444110444985 27.615073457175438 10.795808649717959 8.319868462094563 24.91193413849802 42.079712906387506 59.32548810178339 76.59659498445292 93.87905364017011 62.74072321176832 45.74425652063058 29.109942815020535 14.175812052496125 12.378676608994859 26.53719526289624 43.057251896030394 60.019532319368096 77.13283794471222 94.31499472265719 66.50380112432661 50.76090329870163 36.459481645482875 26.08886847854544 25.113244983849402 34.34285729584289 48.23794543040788 63.82066804648469 80.11221329392727 96.75518862643445 72.86894511804451 58.81954258144037 46.99255775696498 39.44070039769076 38.749757153972155 45.23521835295663 56.47665666154314 70.22611326344128 85.27899910639793 101.05451430291755 81.22664894954347 68.86023710695018 59.028774756876516 53.15788261731591 52.59111103301447 57.48556058087505 66.64874065664974 78.60165282611142 92.26638208311121 106.98902251137517
24.691102171062223 51.38764821498272 30.605710098574505 0.0 21.263108406490396 31.994540922793313 15.125465347339153 8.391590078754906 7.012317967127455 6.488748893288287 58.60111209278131 30.59260345216539 30.686335656255658 15.080051544025016 7.171998747298414 20.444698092306055 59.76165017175039 8.391590078754906 48.15915831925277 20.189935221885616 29.9781527353131 46.957832781409245 59.47835056450803 65.55840685680182 21.740305288045402 16.640027294728466 12.921415584808958 19.721051211184186 8.862257563429315 46.39383905293002 46.18668409270838 42.36423001558889 30.262471836853813 24.665470555357988 47.65754207127038 16.466366775072537 59.994834914437135 2.4964243828050923 51.00876361753263 20.421669471913184 110.26657832462303 96.50124952771725 84.0533073489141 73.59429491126251 66.07553603495224 62.566182023123226 63.73203476670028 69.33766530492949 78.4368909130998 89.97596531171521 102.83902472497749 87.95956645759004 74.13911048131882 62.088904977478194 53.029789615057375 48.66196768550305 50.224671811529575 57.2341704338624 68.02708959649051 81.10685309868144 96.90554135388291 80.97611292908651 65.74409113554854 51.82806100583382 40.60440900141144 34.784995148596984 37.01326085407372 46.137563926111795 59.043000138858076 73.77116415006752 92.75339374135794 75.98187053131691 59.51477767486601 43.6976473890614 29.59174760674361 20.989763670837835 24.580080247159266 36.96622816051666 52.22580987708854 68.46371245875888 90.62781348844838 73.384180212346 56.17640623256448 39.05192329459009 22.2042832093867 7.727940004738694 15.004176239631136 31.45223261680383 48.49818504408378 65.67814212196099 90.67146793498137 73.43783893356571 56.24616096253974 39.15173565584817 22.378550729675688 8.213038823267457 15.258500146536804 31.573770645717563 48.57671772475182 65.73587576874228 92.88129788491855 76.13724044150207 59.71209816035377 43.96477397678682 29.982985749204193 21.53529469395435 25.045354862622595 37.27575730084055 52.444311073828096 68.62973732382021 97.10950508808781 81.2189738312912 66.04161556303784 52.203216438183176 41.07997287307481 35.33638465548668 37.529502185903304 46.550773706208936 59.36491451564805 74.02782694805279 103.10802617300274 88.27248566307514 74.508389927976 62.52735717363097 53.540100875020315 49.2149996398113 50.75816937881315 57.70068551684965 68.41818647653062 81.43358737891381 110.5890843622007 96.86791168056217 84.47208506800878 74.07002165284945 66.60253125384779 63.11988863454577 64.2731485395985 69.83300806394553 78.8730278187145 90.35460214639055
27.920771516517444 46.27231671101405 44.19818204095071 21.263108406490396 0.0 31.651831832809894 6.278459275153911 13.58142893003993 28.228459235372867 18.578363249128234 56.96006523988681 38.80072201867681 27.382723564894306 22.563428085976028 25.91730369382666 21.127915715644423 47.33758274015613 13.58142893003993 38.18227052458063 37.73641052197575 36.975404759871246 42.96585274162014 52.88941560483857 86.79536914669882 10.036365785156448 17.756674091317397 11.148696524791758 32.800926471400636 29.760902839422762 32.487470093826836 35.958315450865285 35.763666320033416 30.6578125255069 44.46760179812418 53.52377195658625 27.455023137332848 49.107559493883535 23.754031661790936 40.81319422232784 35.95551371930531 100.82032213441187 85.32056301932124 70.66232984389346 57.4929257437362 47.07880020662238 41.54630686376076 42.830865809402084 50.41404352739337 62.027201858188846 75.84113015111991 95.85394139829003 79.41858522685264 63.44568723981513 48.39533790937224 35.46226424785656 27.780309430226175 29.74271256530866 39.95275036453884 53.91220200343692 69.39408289040001 92.78340813905368 75.70169476914062 58.749000729001544 42.08154361625455 26.248433674142387 14.346322118336776 17.926694538101998 32.18118280242218 48.462391674560806 65.27090483375885 91.79920406815567 74.49772790325814 57.19652664437174 39.89595793867947 22.597474676195766 5.321453360672942 12.029275631984573 29.322392140183126 46.622049414919196 63.922937234636855 92.96762771667622 75.92633853822308 59.036857393750736 42.48063964464347 26.880690558498376 15.467736479277882 18.831961801542537 32.69170025262879 48.80127367317494 65.52170575794027 96.21026736892111 79.84632601182875 63.97785266570658 49.087728707613756 36.39717312546806 28.958814501229494 30.841227068084905 40.77326649615634 54.52015093883245 69.86518503441367 101.32814185059759 85.91730560276982 71.37842284001222 58.366770223800934 48.137150516805164 42.73634785263374 43.98079546929312 51.38998041310831 62.8192214052636 76.48714822314552 108.0550586659716 93.72212838872622 80.56349678075455 69.25182087966182 60.826395543310454 56.59137843027553 57.48056931491869 63.27831858671088 72.82151725770038 84.85575505659064 116.11160807940809 102.86679516578003 90.99416969846402 81.09864145372407 73.97790026532041 70.47807577860617 71.13563072840579 75.84250858629986 83.92010256127146 94.50804449629354 125.24135098710427 113.02644937155145 102.28997655569755 93.54239218955598 87.38305188345188 84.38065633728934 84.87090996954456 88.7959815637963 95.7343204505913 105.09078298972847
53.96221752133897 77.072909102587 24.54121050009876 31.994540922793313 31.651831832809894 0.0 31.353855505755106 27.490781480513057 34.23066918438034 36.26503796660224 26.924624669619103 13.914854524534746 5.184689770233829 17.021558179473413 39.01441454285937 47.85793400892409 33.25608370887482 27.490781480513057 20.93356412909522 51.378917064588826 61.06485103010996 73.330727870189 28.108193612134283 83.69389560533746 21.75143563573212 16.551579795110577 35.61488368405137 51.68402480239773 33.316738977964036 25.31306629759921 19.831663547776888 12.95517930430149 58.540431924244764 37.33509954412018 22.746578200305944 47.93255999500058 31.729705593908196 33.10421461346464 23.387876252277433 52.268879605657965 79.10433695074398 66.53743346523589 56.53021704823354 50.62412751548132 50.28559031935778 55.616367741089896 65.24125678950323 77.57811723619056 91.53692380573123 106.48170746613273 70.98722757206485 56.69650486211393 44.59269224111971 36.89485183109637 36.505606892644074 43.62104916434305 55.422377054732436 69.56429528949988 84.88492111248522 100.84847960031325 64.9747175112956 48.99755790506723 34.32956091106116 23.55818606680556 23.025395021809118 33.227410488979025 47.71440145725094 63.623727584489934 80.112449867223 96.88519929441341 61.68541227963276 44.56503921519201 27.67144149434617 12.003664044044841 11.008203694292897 26.40050129549182 43.260902795891205 60.37166781494786 77.56728795553717 94.80160003272478 61.55746042473806 44.388576264964726 27.387659081724227 11.337346928824426 10.281069937271509 26.107063430963656 43.08329747342259 60.245129924647486 77.46931157786132 94.72183587382722 64.60964848952105 48.51463544628599 33.639925127185684 22.54619276495784 21.993830712146757 32.52442015106327 47.22985029076511 63.26287336460486 79.82753328082302 96.65086925891428 70.42969424435283 56.00008657955815 43.707954612130116 35.82553041893945 35.42964432817751 42.728895359534 54.72627370870482 69.01361679650995 84.43637430888631 100.47303639876233 78.40354068491196 65.7065755266205 55.5544321948316 49.537236491712434 49.19636831865587 54.6381689482813 64.41333984509443 76.88646946991116 90.95428532215188 105.9836630923667 87.94719918168867 76.79639378871258 68.25948043168832 63.40127406999388 63.077577266060324 67.35379921714701 75.45185285515838 86.30251586375637 99.00485192182626 112.93578475299509 98.60579677675328 88.75237027805436 81.4220363294617 77.33561578292401 77.01124356625562 80.4944128579226 87.33071662095523 96.81240792304358 108.24654861855511 121.08126587038677
24.1913961488459 45.729934739036594 40.34258832429589 15.125465347339153 6.278459275153911 31.353855505755106 0.0 8.083621947684438 22.129228430728542 12.367766230054755 57.73915521339684 36.275776282927865 27.804472276376206 19.17533733733753 19.651153374519687 17.503805072482198 51.28818962691082 8.083621947684438 41.21406859640734 31.667110868415957 32.74554075656321 41.9854138220872 55.11253064414311 80.57878730242115 11.781863841425041 15.564973735257734 5.6748702279336944 27.241801741770352 23.787032035170824 36.691625958435175 39.02201751533497 37.6374372357318 27.880646871830926 38.914087547847934 52.022336101062734 22.02051612814192 52.60417283376646 17.59971820359527 43.96768255008095 30.11015606511584 104.22040382185858 89.16023541288395 75.07266571861616 62.6176113461578 52.9596819936215 47.82460806658002 48.665808431835146 55.21078914182435 65.77844721992761 78.76597966882589 98.52547586851168 82.46339446824754 67.02135145018819 52.7467512193335 40.881365795093686 34.0449770965437 35.29225060714755 43.94011301200959 56.697726596738214 71.39495053600409 94.60499884379996 77.7593395105243 61.16891104514881 45.116163381739355 30.463296615103125 20.476044676302184 22.56626005955736 34.610915953310005 49.8528498255397 66.11663550766544 92.684478904469 75.42193799911158 58.18280055976638 40.996600811583264 23.977441959567987 8.23575226921493 12.627389106668355 29.15111907900526 46.247572683983556 63.45550931522673 92.88807785482581 75.67085373364561 58.50362782307042 41.4485717319323 24.738775136505254 10.234410504592676 14.006876453531586 29.771719535126945 46.6393744239309 63.74025788865231 95.2021659388858 78.48147846695387 62.08013936897572 46.33849506240351 32.237861655672695 23.022043839412202 24.888962611988784 36.16099550896905 50.93609635046248 66.93329071203344 99.47953851673732 83.59578698167665 68.40350724555172 54.48422882696331 43.08978722764532 36.655634231688204 37.80540257307 45.97356405231281 58.28032176270822 72.65211905311787 105.48157021903705 90.62453118791676 76.79811804276456 64.66681917179329 55.356529460388 50.4538847993931 51.24007137207262 57.48214177014589 67.68714513164458 80.35921785848305 112.93353811360345 99.16135883257935 86.66406186544279 76.0725813404484 68.27963916286205 64.31076190246172 64.87166213915559 69.85330687133737 78.41766314316918 89.54255292522939 121.56900279618594 108.8519209805609 97.55584415607497 88.22827508845238 81.54752043995714 78.19495779014707 78.59763690425993 82.70072187883075 89.99952244676578 99.7953027484833
26.501591677246605 51.027656253549374 32.712237981165096 8.391590078754906 13.58142893003993 27.490781480513057 8.083621947684438 0.0 15.002664847053707 9.280364068094666 54.409021564979184 29.775078708774092 25.058088382434025 12.490104727013042 14.726604287022761 20.63728837100399 52.407085572559765 0.0 41.23219590589285 27.763060789454148 33.70873428401316 46.933371431416774 53.66955520883458 73.68239830456999 13.490878879094325 10.958916221947723 9.087584556399879 25.472830807253484 16.301516938474474 38.590987434817684 39.16093205709368 36.212146711761946 31.297490315461953 30.9392184430646 46.25061471807996 21.008429506701987 53.00681705557708 10.825290748468047 44.07577074606799 27.232960502919724 103.96703932631043 89.67271078527277 76.62861046946259 65.5849976388948 57.70215748343536 54.37265058343042 56.40860195946191 63.29434973890257 73.68254971768128 86.31778870488537 97.24762607115424 81.82506210581364 67.32225770404278 54.47878080403887 44.74700342278321 40.43954320610246 43.21023693666085 51.93840659389435 64.23999661288651 78.45165283116668 92.21154840127079 75.79959140363168 59.89070561035843 45.02138762056335 32.64451303562886 26.51628334997875 30.647552877550304 42.12056356915224 56.63674970079452 72.38792110010873 89.14463274075086 72.05498218343814 55.0979872810847 38.449561524330356 22.796100421502537 12.63599784250926 19.959647355649604 35.15422361087507 51.69104551887328 68.60628083494278 88.252458254646 70.95333617179183 53.65602514005224 36.363109709659064 19.086541218553666 2.242756701631955 15.635774798906514 32.90347312223672 50.19475298727619 67.491492096451 89.60002480252142 72.61505822511091 55.82509615383404 39.4797224316918 24.486078680541087 15.466093824706094 21.852791822152206 36.257432421919624 52.443977198610824 69.1726284460877 93.09009771018535 76.86110423678248 61.2225593938021 46.770541951879935 35.006782082862756 29.36282293549545 33.12982540431217 43.95116236829369 58.00459807048406 73.45795738136901 98.4951410900906 83.29714773554194 69.09588433808547 56.64602416153959 47.34983931927552 43.2891085990957 45.87582121959486 54.165851154986115 66.04538060716237 79.92965392796899 105.52122643112888 91.46195032737185 78.70543192281694 67.98896379035139 60.408202318237194 57.223248286143686 59.14851569257384 65.73652865748706 75.78082223223318 88.10716408544282 113.86858669500356 100.93676006967391 89.4935347628175 80.17882968336694 73.8030177492914 71.16048666997708 72.6597070741784 78.06241051774964 86.64141950659238 97.56239002087665
28.20389538432227 55.56329560902164 27.383265240836757 7.012317967127455 28.228459235372867 34.23066918438034 22.129228430728542 15.002664847053707 0.0 12.25535671882602 59.894140326647886 29.82958605771849 33.9333949164706 17.46831480885874 7.537943356103115 25.27803918772012 64.21681703598152 15.002664847053707 52.23819559388877 17.342911408232904 31.598586253890065 50.98454518232424 62.27914530460268 58.68808844183116 27.79834350762858 20.882593407391006 19.706648692898234 19.9165847462028 2.472602174066732 51.51931561508251 50.39692662303285 45.755015615471955 34.03194305175377 18.316951395529397 46.74856967019006 18.46754326307529 64.02164236222634 4.595338636394079 55.06053991472265 19.000827295073424 113.27737581873909 100.1524629213788 88.47574681260383 78.8929002343211 72.24203505989321 69.37163354656553 70.74337736812838 76.12829520711377 84.76496451843283 95.7777170177634 105.12975890654977 90.87995200254015 77.87659259725979 66.8510299382336 58.924148393929705 55.44140019109885 57.22010990430571 63.82187423488792 73.96634920833992 86.41474718079944 98.33912779999035 82.96872650988371 68.52547164543813 55.73487340363356 45.99692518062218 41.51822855771191 43.93762218017132 52.306511515162356 64.3438638458908 78.37729037118105 93.20266714813285 76.84053111981332 60.99923908284354 46.217496701346356 33.91042200846167 27.613154964277484 31.205221041049306 42.2345261628786 56.50180941348742 72.11007988176311 90.004108730942 72.94623105707684 56.03818664482898 39.47298822607701 23.97223261634693 13.781573705434344 20.097470265123693 34.87975843362446 51.26401745652219 68.10370124470758 88.95279481425717 71.65105815990198 54.349444973202644 37.04812823413004 19.74788712003115 2.4714143833444173 14.864398262242206 32.16374333995584 49.464897036932605 66.76645336848055 90.12391581882898 73.09332687202834 56.22865159632472 39.74167439729619 24.410094303712494 14.526435226754597 20.612970027322145 35.17789565571806 51.46636521691695 68.25541554310783 93.43392362130318 77.11958590975135 61.348778781327646 46.675737429234744 34.529493925632906 28.366478748532653 31.870644205438268 42.726203753530704 56.868521098367985 72.39639891732638 98.66774886002763 83.3561861663196 68.99193961490165 56.30476484447076 46.68265426714403 42.27314428352262 44.64831574420596 52.90208240650159 64.82664112844456 78.77221166013045 105.53949772533961 91.35146322051273 78.42379868955541 67.48475891315199 59.638840421079905 56.19686828166384 57.94896754312273 64.47306251980112 74.52628300572748 86.89220933434133
18.58773890952457 44.95237675462903 37.054677209423495 6.488748893288287 18.578363249128234 36.26503796660224 12.367766230054755 9.280364068094666 12.25535671882602 0.0 63.15688741879148 36.47069379142744 34.19173802947037 20.004600756043033 7.477656858822384 13.973993270844792 61.52087074468053 9.280364068094666 50.48155406053505 19.40555863297392 24.821984831429678 40.556300472973035 62.89696357277832 68.97844502184866 22.057945458500715 19.955563803852463 8.131179894472709 16.216889261919192 14.547638522196667 47.46470745361455 48.39534009368951 45.46994723511559 23.993314547493853 30.536636864391497 53.44022134792015 11.77366529323165 62.23384160096642 7.992653050920855 53.321331633617866 18.283806002340487 113.24737782004898 98.912254211031 85.67961166216755 74.14212060596229 65.20589400911635 60.0438135991436 59.644001056773526 64.09563592891034 72.51062405364 83.70201328770722 106.45890588828968 91.0988162593715 76.57149288343034 63.45152668604585 52.79869764700002 46.34665280048338 45.90234739772081 51.621141847705765 61.81555300143282 74.67453661149644 101.18838952463028 84.90934992755747 69.12896641179091 54.28387468513384 41.392908404869615 32.84380372870104 32.29189963950591 40.06902648045222 52.60224088033181 67.28427282728074 97.6819268236096 80.71839802386569 63.9364749888708 47.528917422969904 32.07546183232492 19.934508147763474 19.0957084555031 30.506059246164053 45.77450516415951 62.11846020531709 96.13279656139962 78.84535806657003 61.56606162627437 44.30443478130959 27.094270243167195 10.199488238464584 8.524856728526412 25.298821034899035 42.4982476211451 59.75688493870618 96.63519911601658 79.45435238460534 62.34051327224445 45.36957300631076 28.795308507645004 14.094484981011744 12.917132006237466 27.088063223687584 43.58195861487768 60.52870510555635 99.1579489679391 82.49041927083873 66.14945510087593 50.45336717792437 36.249756135367484 26.10092126779457 25.439773447699654 34.81115864206026 48.735635522775446 64.32121177694907 103.55345922564591 87.70181824058038 72.51624210545529 58.51758929543767 46.783732069925 39.39331615271133 38.905726703726806 45.54321272051575 56.86316313001937 70.6495637566011 109.59657471389417 94.73014495719283 80.83867767149539 68.51776062842993 58.763726102324135 53.0129018213655 52.59524963242766 57.62684338536843 66.88905847328209 78.90589001073742 117.03226579943626 103.20477329155031 90.57919969712106 79.72860090017046 71.4660785389337 66.7595922601228 66.37000928619885 70.36906496096766 78.0853678426046 88.55244906443892
80.85068189319581 103.14134857828395 40.60311387960551 58.60111209278131 56.96006523988681 26.924624669619103 57.73915521339684 54.409021564979184 59.894140326647886 63.15688741879148 0.0 31.66894007376608 29.934788004379765 43.52179788967747 65.44083959941815 74.65347442233735 30.277365825393797 54.409021564979184 25.231929094902114 77.23694987451361 87.97232621035407 99.61430066111596 13.605728401033632 100.65191820729481 46.96311578318027 43.45685760796563 62.341203431947605 78.31812685252655 58.54929271285587 35.11691680530805 26.667745696190966 22.254592430196965 85.31247045383712 57.76053312508521 20.53471884798129 74.76580950681604 25.781416829098976 59.45846363810148 24.738518739446427 78.55387585506934 56.59266341166025 47.80785537879124 44.35263749905725 47.40702272518338 55.914211856401714 67.85334409303852 81.734065448764 96.72405356398123 112.38029877851798 128.45942745308 46.24446837461729 35.01823156059585 30.211112942030088 34.61004573759986 45.62574168062277 59.70151136278895 75.13682007628874 91.24429911145437 107.7228463529211 124.42511904408293 38.44543317543972 23.849445545537858 16.070255391235953 23.375681777889437 37.85900452403405 54.02682929098467 70.73333498162066 87.67110930448641 104.7280023220877 121.8540022677476 34.946249780031295 17.696297149715207 1.94706900319365 17.121238517265017 34.36853393435133 51.652386459847975 68.94530814325063 86.24184360684046 103.54018180500884 120.83954854884631 36.98812825225801 21.432891128575637 12.220019758441866 20.92849287239478 36.405873360858195 53.02345034662397 69.97355092019968 87.0621745668805 104.22120476389877 121.420795890699 43.80288823113386 31.739937595977377 26.360281637175916 31.321166095532977 43.19579413976718 57.87441580961917 73.70026843474294 90.07064625858982 106.73529526579031 123.5752215508762 53.59987595870023 44.24155939025526 40.50172825347498 43.842558610600456 52.940111817750676 65.43581949287481 79.74799712651924 95.05969260455262 110.95788755034029 127.22289888269286 65.04513140660958 57.524178486142134 54.64331639337022 57.10912245544734 64.309491009972 74.89104302471947 87.637463116665 101.73829407968684 116.70362011139414 132.2402674514471 77.4108581542568 71.15160565886124 68.78481925738737 70.70248989651347 76.58343906915027 85.61480331313976 96.91984470323587 109.79848993515368 123.7604574569755 138.47845901189953 90.31963892968001 84.95793215506708 82.9261303499182 84.46487881209258 89.38997824011817 97.18796461295005 107.23391496991493 118.95967540130954 131.91806555644598 145.78075135078865
55.05835797222711 80.74052300491364 10.905829774449025 30.59260345216539 38.80072201867681 13.914854524534746 36.275776282927865 29.775078708774092 29.82958605771849 36.47069379142744 31.66894007376608 0.0 18.29899801932451 17.30859075581661 36.470693791427465 49.96784523073015 46.29855680819345 29.775078708774092 34.268423484213535 46.87748607268161 60.490047682424375 76.5574963716955 37.84486066533607 71.41463177660772 30.247705296108908 21.069360225330907 38.854137492483765 49.476650541453566 28.05731594177779 39.22684486531945 33.43055945531091 26.057467831864713 60.3854347120982 26.36450142410569 17.083006632660812 46.96288993817029 44.133548145516826 30.64391291295782 36.46719729964074 48.82846187187035 87.6346225641419 76.75607908335954 68.57009567325869 64.11641057763278 64.17681770332425 68.7394173392287 77.00808270612826 87.94359469626703 100.68068649878202 114.62032611582087 77.88368346343022 65.45929772859411 55.70164017093273 50.190908796380896 50.34166746755248 56.10829876721631 66.03559984695093 78.5618307644089 92.6386723137984 107.65959089594728 69.66263478705595 55.47506513642116 43.59805542670585 36.37039236586074 36.654165704527266 44.30527852224403 56.40119648664496 70.69610770045979 86.10163611356525 102.11636135943448 63.567979093240616 47.63614688334324 33.10933949289947 22.846566072803583 23.37550317945789 34.19903601531845 48.90240615509565 64.90013820484604 81.43292883156917 98.23098902556848 60.24861461949118 43.12876198813327 26.248771292493895 10.79903767847949 11.956327691944862 27.71284297312973 44.62917090993639 61.75951313958536 78.96470963056697 96.2046080367499 60.16569899375923 43.01338807610071 26.05964614404146 10.333060800787008 11.539173231505968 27.536272028260218 44.520258540966985 61.681228496880856 78.90378864288053 96.15484990626555 63.33194631311076 47.32216141748941 32.65807697111453 22.19064024575359 22.737865564525325 33.768447390908484 48.603673120352504 64.67640632562498 81.2555814844542 98.08472359280705 69.30340724754042 55.02536485099992 43.02704914464833 35.68712372157057 35.97947055318507 43.75135956060287 55.96917263836876 70.35355547861835 85.82193723794362 101.88176831039425 77.43371710538494 64.92574025219129 55.076536177574695 49.499493077885866 49.65558055552452 55.496445231504445 65.51897491550459 78.13013888443662 92.2746065691586 107.34798237449317 87.12045274899805 76.17120794988885 67.91779390372697 63.421563462518215 63.485879300057455 68.09782084737517 76.43862709974232 87.44774666317697 100.24992396275017 114.24395076608093
51.18446463546299 73.30683912355038 28.434002687429583 30.686335656255658 27.382723564894306 5.184689770233829 27.804472276376206 25.058088382434025 33.9333949164706 34.19173802947037 29.934788004379765 18.29899801932451 0.0 16.482292242059135 37.84494732942989 44.84251202533763 31.144024652568863 25.058088382434025 18.79263636637084 50.63038615704367 58.754579678237924 69.71082606500909 28.812015812634524 86.14730772429544 17.356833190887897 14.257950809904452 32.50042824027711 50.08408064482287 33.38245663225148 21.381347556599188 17.260273083814457 11.821979487157437 55.46245966011878 39.53997200733887 27.854268765159688 45.96372827209201 30.32873303183412 32.1348222935601 21.51052965112079 51.107746576419146 79.60297258589021 66.21921120072079 55.063943497730335 47.726251362066044 46.067944590399165 50.649967647215725 60.06068748082885 72.44208992495324 86.52820267735021 101.61253159956952 72.29886383662475 57.27610744882517 43.96234607438118 34.4024981034277 32.141631799025646 38.488254431896344 50.28235852926167 64.60645513263327 80.11479966743339 96.23656696910139 67.21662936634414 50.74195488669761 35.073191328943565 22.00508023645127 18.35838784814569 28.08111989415249 42.88100076474808 59.056948791791385 75.73227988456759 92.63770978551737 64.88059808711985 47.619056218618084 30.403462883846277 13.411939780518166 5.839797530119571 22.068979923845983 39.22613985259137 56.47170755130123 73.74368442756396 91.02703864956943 65.58490943930032 48.56997487509245 31.865618802775522 16.447065182533617 11.149319874992251 24.017114800776298 40.34909369679415 57.25373359062617 74.34139995377228 91.50962011286927 69.23683244693855 53.377415750051505 38.7720100948633 27.49726770519645 24.650383476534554 32.525279240419806 45.90051071197109 61.274225310219734 77.4655742950632 94.05323186389839 75.40928889362696 61.138250502346786 48.86631654643988 40.45558683947458 38.523999216970786 43.93459821434989 54.54452970056937 67.9607895451088 82.8307823587022 98.49829689784865 83.54539645382654 70.88893605163047 60.57515485995551 53.96441108854611 52.47538554513412 56.514375677868 65.0598445626912 76.61848495473873 90.03722144066994 104.60263093352117 93.1318301060068 81.92189492213147 73.12693018469294 67.6948368119605 66.45544301318591 69.63298674848647 76.68032174693948 86.6584248931199 98.68224474744474 112.09540674377554 103.7672888358805 93.78554492195987 86.15386517141205 81.53484148371146 80.44907775699848 83.03529184968133 88.97385637069047 97.655088891277 108.42217254200256 120.718268931719
38.41055629624785 63.5117975530329 21.65079388899261 15.080051544025016 22.563428085976028 17.021558179473413 19.17533733733753 12.490104727013042 17.46831480885874 20.004600756043033 43.52179788967747 17.30859075581661 16.482292242059135 0.0 22.011653474093787 32.93343079024064 47.164297763582304 12.490104727013042 34.99750344135385 34.407002396149416 44.729710024948034 59.39041387390868 44.89119561297325 71.82349964005239 16.06644179529672 5.8143488779211285 21.55327038560379 34.80015817141508 16.92471403989007 35.38996293824689 33.25316563233722 28.29824916042665 43.50131040982155 25.694792507933595 33.808411099371476 31.34671962552201 46.70557304527672 16.083822577583476 37.78974902620885 35.25096809505092 95.86345352546847 82.69587332964383 71.31697186881573 62.708139459460725 58.11375310309276 58.487632131990395 63.74241282301454 72.82914622526786 84.52083266516586 97.888482651114 87.99943415775121 73.4800899963798 60.44378439443721 50.062788080385126 44.247244675378916 44.81136914797202 51.54612673165501 62.48721300924607 75.83537848973889 90.53210316745088 81.83651216163611 66.0108194783596 51.15027984597419 38.392489411434134 30.501223465788307 31.390688069128824 40.48623515264077 53.77364085708456 68.8678658009342 84.80961445261805 77.78020052453833 60.93386864092766 44.439008712809965 28.90375472392356 17.168021809568824 18.782100588672137 31.77272456286307 47.59156588850177 64.18037593551755 81.06785158519487 76.16786898628571 58.87152976945853 41.57984317708304 24.3027424299493 7.146804205596552 10.499710512246377 27.715061267837793 44.99687668127677 62.28986105949414 79.58673419799548 77.15291493141575 60.13479716357612 43.34199164241292 27.195137640893215 14.118627597645183 16.056420564266 30.248876005456893 46.592845158960415 63.44686597908266 80.491174965097 80.64019771493307 64.52863423250677 49.23167674814334 35.808959299667976 27.1940314779811 28.20388875939506 38.080356425644695 51.994980152500055 67.49483378581532 83.70386744702762 86.32696002459602 71.47797986048451 58.004868930129426 47.103435874919654 40.88530493819416 41.51130310703197 48.71831327625072 60.186920907744216 73.96054681492342 88.97508167323909 93.81399868155299 80.3221714420286 68.56336661221754 59.572799136758796 54.73208101916505 55.14510067431007 60.70471731304078 70.19859271827147 82.27588513599557 95.96613605668675 102.70827231094513 90.50731629791125 80.20505049746191 72.61416299212702 68.64017722115734 68.91169647557061 73.38160950542459 81.36086304977796 91.94025330972953 104.33178346290323
20.711187561166575 48.11973117689293 34.830261069872925 7.171998747298414 25.91730369382666 39.01441454285937 19.651153374519687 14.726604287022761 7.537943356103115 7.477656858822384 65.44083959941815 36.470693791427465 37.84494732942989 22.011653474093787 0.0 18.29130595674879 66.81402296753019 14.726604287022761 55.29179482339125 13.116063928177205 24.256091971587857 43.51769571926875 66.62268707422332 61.538565120690016 28.20070683568141 23.807917211907505 15.593162002753505 13.043051182513652 9.976014799472372 53.25152178079477 53.30286340845625 49.535360007635965 26.557699877687266 25.1537181364451 53.52860927643535 10.956051112586339 67.12511100494078 5.990107877100631 58.14235930023016 13.280187933433726 117.43441273705047 103.65849448958366 91.09345425796512 80.30966991481512 72.11075162401693 67.44605001614046 67.05721863426606 71.014528262491 78.66478006581615 89.06134832852024 109.93601973010655 95.12086177929187 81.2940844686597 69.05199422402991 59.382889421421886 53.69522435868431 53.279701529568456 58.24925737289931 67.42347726940409 79.35725866443943 103.81746618647861 88.01196267923652 72.88930678010723 58.977137013075954 47.354625084662004 40.06650125634306 39.584020871463565 46.12126486985763 57.324982489425494 71.02001366459622 99.33415098109617 82.7011717742458 66.41087725408654 50.79405443239664 36.72026493586327 26.74752869950564 26.099679488699127 35.29400502361466 49.080045386045526 64.58130892793544 96.71382142948869 79.54951945172658 62.46120267165039 45.534499427083865 29.0532690358498 14.611887283290214 13.477205311523118 27.35828724094117 43.749625178086 60.648961494795756 96.10901489630533 78.81649316518899 61.52926140365982 44.25351948042931 27.011322208163296 9.978107634519633 8.259981840374191 25.211218366930755 42.4464053435764 59.720203324677804 97.55723287020315 80.56814584560608 63.74755512377892 47.27565613617621 31.700737555516447 19.32868540924369 18.46541679388033 30.117393226022756 45.51763780908858 61.93032817869556 100.97015434141055 84.65034930171856 68.81206419651403 53.881608124539724 40.8664187602751 32.180889416745 31.620627416340543 39.53261294099659 52.19674191792088 66.9692557884573 106.15841089038524 90.74908523471825 76.15699943435374 62.95303391199881 52.201381387452166 45.66823604062899 45.2205171542718 51.0186866223916 61.31575182553779 74.26331721219688 112.87739686618981 98.49038179617396 85.19448727323291 73.58357690321856 64.5730724917911 59.35922308647945 58.95803433951842 63.460846466827505 71.95279722608676 83.22155848159217
