0.0 37.8825799952845 3.7712451893869052 72.24363201829686 65.17830154884554 36.53556051207939 93.22455087767119 81.9188918024597 81.85976173203174 59.2783089665724 86.48743925924164 88.93606846817822 39.43556001216301 72.91544681188243 96.04471305764179 77.23731509935192 49.169826994300664 66.16323987273874 39.83250918181642 67.1382229712912 3.2626624785811758 75.16875885726061 7.536538009384037 62.23833891041736 50.41394417208538 37.27637168446079 86.20797041840575 55.992348117649456 69.22422492449091 64.15538250445167 78.66952011312908 63.50190381592408 51.5960727826514 64.51916022795201 100.36590994011154 32.49140827572712 69.10184490324973 61.55428393621286 44.8123156789563 80.37774919038144 140.69094885595595 124.70295556073795 109.11650731423661 94.13128183056911 80.08548731065747 67.56754653619203 57.58265729106148 51.62220941880587 51.11402546012985 56.206189170637735 136.18252913017977 119.61725570691277 103.29376272011831 87.34770691102287 72.03019728040381 57.84274950208509 45.84675508534622 38.167697939754156 37.55433813152697 44.30113307003504 133.00646124480664 116.00536568012001 99.10843551134671 82.37979182873738 65.94762469849924 50.104483775946576 35.64464020063662 25.086499260412385 24.224687919558455 33.809015868638696 131.259543779264 114.0075013535983 96.7732715007258 79.56842947642029 62.4172815979319 45.38074806741567 28.663927305924226 13.510823157907334 11.923805456968152 26.467434917527406 130.99898917159325 113.70879895819361 96.42282023301061 79.14381256612228 61.87761613022442 44.63909937559361 27.480402340883565 10.789315882814199 8.7384018144948 25.199672616406595 132.23358766093665 115.12248968281669 98.07836416881476 81.14342467214225 64.40385997203714 48.06423778021471 32.72914129393728 20.75895923823404 19.732816571684037 30.765982406390282 134.9222842824243 118.18712166547851 101.64190677155054 85.39711499768127 69.66323162926938 54.881444820600734 42.067667913831905 33.55760622319245 32.88230133059081 40.43621025523291 138.98067538354152 122.77909014740267 106.92279972995462 91.59131238518663 77.0983474841052 64.01597568855962 53.391369905288805 46.92477912491971 46.38895008621692 51.96766074113285 144.2931798822181 128.73499711201876 113.68189538231805 99.36369221202389 86.14760274566332 74.62152319937778 65.6812768423099 60.484582069842766 60.01196002706623 64.36755519689908 150.7271776999545 135.8755228703296 121.67300629458262 108.37513706924346 96.35718622983141 86.15643604202371 78.48466560584407 74.1312426029259 73.68667895498216 77.21851663921375
37.8825799952845 0.0 36.98794310009152 45.788672224247364 35.41898431601749 1.5532488689510087 71.65500452121569 48.61206649406069 44.63767182321257 25.147504873307632 54.484723635545414 55.72110067245857 1.8921021403268752 37.82948574606 58.60082703873493 63.61881386667288 26.235756290989663 28.889690372679684 6.8972847027525415 32.34481712197494 39.85247907910157 39.30691084416966 32.032875360955906 25.99203192556235 24.706775544586982 7.779670110816083 65.81610638433672 39.72813118964424 32.67694412587495 36.331827724402636 45.98156714378102 25.63760609965612 14.53106379213235 30.338989574846206 64.00716741264341 5.989654513987719 31.352261523806668 25.770132066123978 8.038870018979429 53.12438154363987 108.52816448643642 94.0096358022266 80.59751581000768 68.94059965193871 60.06955802063781 55.34072746349929 55.81701556543452 61.3773666111138 70.8344678284777 82.86471702561239 102.0310984052753 86.46420353668918 71.69712196935036 58.34039302523732 47.59654370149911 41.54474504373931 42.25169894388393 49.428247399739554 60.826002439677815 74.53293808033835 97.15812955834843 80.6837050385286 64.64308460107745 49.460150862622484 36.22974839326577 27.885351398903556 29.005188938793747 38.77781784527741 52.581815649672556 68.00504044446967 94.16181633545655 77.06640483807017 60.08932194046815 43.3697501193174 27.38350958368707 14.747566795862133 16.8474809170956 30.80417597793909 47.03902273301175 63.83693930031297 93.22333284061088 75.92218484378216 58.621498768329154 41.32185481179917 24.02550422321617 6.75778233761339 10.621863862599474 27.905088470724184 45.202627512708716 62.50259759719122 94.40408383256336 77.36087483706731 60.464794759438306 43.886107067323266 28.19045796444186 16.19030529280688 18.118018357920914 31.51367530890887 47.50445676186118 64.1790279725155 97.62719018563136 81.24535684834136 65.33955406706785 50.36284555544514 37.44709160613056 29.44253212068405 30.498365468028933 39.90172258671698 53.412116651082904 68.64597960154452 102.70049948991577 87.24951857436615 72.63793144269626 59.487514438993244 48.989431117105866 43.12619906180807 43.80043866446731 50.752266020501764 61.901625847057964 75.40911586783962 109.36676602453444 94.97211125435447 81.71298697014826 70.23546455637958 61.544509438123654 56.930929391213766 57.38669462200272 62.801533714123444 72.0661534485395 83.91499405655846 117.35475618199828 104.03104408671113 92.04057096384051 81.97050998888008 74.60262426787516 70.78578828463387 71.09425668955217 75.47746737359485 83.2946100513068 93.69004899850918
3.7712451893869052 36.98794310009152 0.0 69.39097192001194 62.678777993446 35.570739637631696 89.92684232264587 82.31953125630646 81.37911620874647 59.36651595507336 87.11359637070997 89.38708261940829 38.430604212355874 72.95367304799859 95.48111939282359 73.66959084991466 46.419076998246965 65.6296462125445 38.31219972849326 65.20487382566971 3.1013627662367775 73.36175577640314 5.130139531690186 60.60518126237398 47.83585873198628 35.639967292285654 82.87997090854567 57.89453613541445 68.92212785602601 61.49834505491307 79.14705134751986 62.60736591149964 50.25867728754934 64.65441795721898 100.20094819428328 31.352708113859155 67.92078828752875 61.3800513082705 44.258163953224276 77.52266695614783 141.46159228098873 125.66237314758393 110.31491762454758 95.63696548655194 81.98887958991806 69.97587211075263 60.57861067643741 55.15081647688282 54.88311340921208 59.84478932836509 136.59115384451098 120.17903955325959 104.05558758020842 88.37892613637793 73.43575003535102 59.778672631308964 48.50644843815759 41.604890324569645 41.325098646199635 47.783534587569065 133.027353084738 116.13156261968874 99.37561614822023 82.84441087907533 66.7052458490539 51.32926372516688 37.66307059067943 28.30248291365314 27.96898769827836 36.90810327943635 130.87702607799605 113.67348253964497 96.50511947483707 79.3947624943595 62.39015397291944 45.60972581105188 29.439355273751907 15.868741723887286 15.351581790161857 28.60485863653254 130.21025039535456 112.90868900298722 95.60726121816383 78.3060556011907 61.00526117400503 43.70536624848469 26.40813866657572 9.128753346744364 8.245731526791062 25.521826738532667 131.04968227743078 113.87131590188764 96.73699656929656 79.67514659613416 62.744912342436834 46.091556976384176 30.177007540097193 17.19257117409681 16.710170047530973 29.352812853255354 133.36687204846098 116.51854399538708 99.82549414280187 83.38103572324503 67.36745955727646 52.18296415219978 38.81312329453325 29.808807150734076 29.485268853323657 38.06450875404394 137.0868721783209 120.73958265009168 104.69951283912219 89.13267658182872 74.33696897541267 60.87725974770743 49.8477825847041 43.15399146339939 42.877003233399364 49.12547923201651 142.09950275543017 126.37677542824292 111.1242920532865 96.56513570642839 83.0646785166146 71.22748369776082 62.01343632484591 56.715750633820186 56.44807073262838 61.27635141924384 148.27365566140028 133.2504361242522 118.84851793004734 105.32308115815388 93.05709193528084 82.61345543647637 74.75983817657898 70.36883908978001 70.09424620658781 73.98190936625308
72.24363201829686 45.788672224247364 69.39097192001194 0.0 11.303088123996734 45.81049631012146 26.57582010533067 71.61168693393688 55.3376968553394 56.46497145300019 78.5066071684071 76.8509324032805 44.08470158251868 60.47180226581366 62.29062057945457 28.19795445258949 23.147709950439243 48.11230000776756 39.27092152970586 22.26849278981555 72.40657870195416 26.059160205417424 64.71085889133187 28.44120156260484 22.564953952336424 40.089663019290505 22.033986922135437 82.33790369988758 53.051557382764656 9.46415923030983 71.13543777280422 41.39448896159937 35.53030038832424 58.776691896046316 72.93910017166432 46.72655640354644 37.17763782478373 52.918105115780975 47.07926977016133 8.134343498175003 123.33973996968358 113.49968835907866 105.59514318349004 100.08574561636095 97.37887806423629 97.70774031050806 101.04269565961928 107.10330238361716 115.46114334247392 125.65866888812594 112.42433489587921 101.58984503383095 92.73856671004245 86.48159631773248 83.40486108773315 83.85913671038273 87.78962565062905 94.76476950343257 104.17477770971041 115.42567602893403 102.29891002255245 90.31214061625217 80.2881596150942 73.03960903007784 69.44112961070346 70.05745183440091 74.78444166404797 82.92206554273524 93.58480257949455 106.01345044132105 93.22140436131805 79.9347770415159 68.4660906140025 59.869367636645094 55.49572445315352 56.33745040508142 62.18311537621699 71.82109712138035 83.95533800441274 97.65974708528502 85.52628908695209 70.85463557286974 57.660366820055074 47.199170375147126 41.58738665858611 42.77809061692742 50.290402735630025 61.86266596646646 75.65421030070837 90.65779003699033 79.61554059278318 63.62966854053497 48.55455797390672 35.56775855085027 27.772212074079864 29.601284524957165 39.7477835161567 53.68655800311396 69.161526102338 85.34106187601934 75.90723745664305 58.94614897154542 42.26228821499213 26.386858056393628 14.322859258830485 17.68431686413877 31.922383602989008 48.208451885302765 65.02141061053626 82.03795212399545 74.7300310374693 57.429338042914694 40.129712162097476 22.833578987051926 5.573550168667978 11.80974997986893 29.096211586236404 46.39420722174922 63.69434040617658 80.99524144541031 76.20133434724531 59.32266354542159 42.7834780570586 27.210036933557912 15.781595481286294 18.87972279171939 32.59665075120637 48.65544037863856 65.35192917893063 82.29890611108749 80.17545123954459 64.3256865114743 49.45901782742448 36.7872869260018 29.310817968517597 31.042763348260845 40.82758624152897 54.487062464362616 69.78178622894193 85.84209304386707
65.17830154884554 35.41898431601749 62.678777993446 11.303088123996734 0.0 35.62118177148039 37.86155363099853 61.25258973686061 46.00410690347673 45.225105086258196 68.17169201948147 66.82114400281895 33.63385944861189 49.862348109393 54.583216108217776 37.27419633960659 16.935389728927852 37.327557612035434 29.254733653508346 12.301070442193618 65.7645188989696 18.596672547622017 57.74859429003687 17.45884292209507 14.89211040413309 30.518007874816103 33.23610602553829 71.1037682493628 42.39049856617167 3.791227008408309 60.547151005666755 30.503978573261527 24.31171510292693 47.69399924279582 64.65351316464752 37.10271716539382 27.072673832695767 41.77953541106925 36.031418877376645 17.792156794011763 114.94230210984296 104.2413179436525 95.49580768929002 89.28226908930658 86.15030603286282 86.4355497112608 90.10555280732451 96.77600119761915 105.88132761118462 116.85372922063858 104.69327542426636 92.87359047324425 83.00008378213465 75.83674716682387 72.19486648430488 72.60629094990216 77.00608052144707 84.77551298484158 95.09220251361246 107.22338629212958 95.44043166326038 82.35394910656656 71.09266491659629 62.648688819798075 58.260162644120896 58.84158416008356 64.25818730928533 73.44790249307403 85.19842286881696 98.59840400370088 87.50052271854537 73.04988772094232 60.12432826129498 49.922817775731104 44.366031527933366 45.200729037561814 52.120736666229284 63.15647717205759 76.54811663177088 91.26440622561982 81.25945539074571 65.48178345436625 50.708362684430405 38.12507489552131 30.568183350877863 31.843610644988228 41.13789557568363 54.49171105592239 69.60657945247237 85.55416085806519 77.13082309637915 60.30689451089045 43.856487985505474 28.43543405984528 17.101714557559234 19.366871981258218 32.502233442664476 48.33660089485829 64.92434945569363 81.80848169515491 75.46221009569427 58.167586202962184 40.87914630474649 23.61047873942836 6.520613144440047 11.238134677443204 28.43917249238684 45.71641913852583 63.00721396333316 80.30280586484189 76.41496298088958 59.39282166055818 42.59672347423332 26.46067507067028 13.585532311117433 16.360896665111678 30.814024075494792 47.22332165665229 64.10376763783125 81.16191736857645 79.89534436281878 63.78900380882102 48.51307277502691 35.166883859252216 26.806929660883444 28.270541249017572 38.45186334072854 52.503127082166245 68.06850357960496 84.31354738589522 85.5955363240496 70.76757428367853 57.34290734730978 46.55184419412806 40.554224127450894 41.48399345769678 48.947972927636144 60.577158369356596 74.44451558203622 89.51583885543602
36.53556051207939 1.5532488689510087 35.570739637631696 45.81049631012146 35.62118177148039 0.0 71.50201282842835 50.14889438328299 46.141664684650706 26.672190366827486 56.001890497526176 57.26046980869838 2.9127680672040865 39.38185223698514 60.07933013190468 63.0150966329365 25.726276073343207 30.401340479817737 6.5906389074820195 33.06719445031544 38.45557902329333 40.205873521084804 30.592482584268502 26.897173594717504 24.380178737808972 6.893313046167843 65.57049932587267 40.5633634615889 34.21951016170277 36.37465662024149 47.5047976370214 27.036891193919473 15.536856541590524 31.874456356836706 65.54282456195118 4.446015704926494 32.61537184747238 27.32323964379097 9.588727827260199 53.253055660433745 110.06806660092495 95.52424960024712 82.05780709714224 70.29070790173847 61.21096304719074 56.13803385656842 56.168266501345194 61.29411021149469 70.41136413782705 82.20249948133645 103.58425010789091 88.01104192138583 73.21813462007813 59.78755792037602 48.856054228237745 42.402607176376634 42.517681779892904 49.1551679937944 60.19479151047037 73.6837866650957 98.69971871525436 82.23384788112389 66.19582195197904 50.99095796556542 37.64277604594822 28.854622273393627 29.101713154932224 38.2091616563377 51.68829852396172 66.94871334068188 95.65984645957022 78.57660630262563 61.61552212937196 44.91519511705193 28.930772776353017 15.978646700785033 16.50325311151088 29.80117870251338 45.85385280183781 62.57598626782907 94.64259383882032 77.34070005006636 60.03882746834211 42.73700185035941 25.43531903450129 8.134690249867424 9.170851671502938 26.47167276817226 43.77337092062755 61.07520076274234 95.71248755473749 78.64039022922468 61.69646914103496 45.02566225095582 29.101182886971625 16.283735975927666 16.79743721169413 29.964318181165634 45.95954154331696 62.653101928779094 98.8017329247255 82.35570064341789 66.34644056108095 51.18543414869399 37.90457637451473 29.193747594196044 29.436416806380045 38.463490709331985 51.87569130155506 67.0928038298789 103.73002671363638 88.18178200616676 73.42233908133039 60.03630599385439 49.15873433660124 42.749377174897916 42.86189798915955 49.45179787176699 60.43610915124267 73.88011389340453 110.25095936949572 95.73396730076506 82.30072431474831 70.57282922641623 61.533222752271165 56.48760089339925 56.51600554130379 61.61141927628658 70.68644398526651 82.43711552628751 118.10092835197052 104.63908920560111 92.46371388058157 82.14881291047723 74.47151283701474 70.30131342850503 70.26544527262642 74.3698905001049 81.99523224276186 92.27266817275638
93.22455087767119 71.65500452121569 89.92684232264587 26.57582010533067 37.86155363099853 71.50201282842835 0.0 96.28176681514405 78.66097031075383 82.80727971762742 103.06133560852929 100.87958858648865 70.04608874404198 85.68888408372716 82.76425558019943 21.783846034708915 46.7167836679643 73.74292215378914 64.91142038723991 47.78286065067826 92.722919130628 49.09052701830798 85.80499641966917 54.58062296836503 47.28125302514357 65.29823123933576 7.185928078342665 108.9003382406275 78.43655448519044 35.81221939493593 96.2115678642487 67.25397325874397 62.096839144217746 84.80833126460112 94.00426888930508 71.8235262164221 62.14142939084671 79.07502042445338 73.5334563897463 21.52758154692489 143.64216727322585 135.64090623222634 129.46998566163478 125.39991009300343 123.63832834762572 124.28344034236605 127.29866209600357 132.52231404683516 139.7068952808591 148.56819301604045 131.54936383960154 122.82445705207766 116.03927757395722 111.5483536265416 109.63398661660716 110.43025588174436 113.88031601054459 119.75502454035872 127.7202411417645 137.41291299386575 119.90414639170211 110.3223299634772 102.77984891496008 97.74992013229324 95.62983382647752 96.6113452892232 100.6037158783296 107.27130066860167 116.154315175106 126.78795923762445 108.85045514844775 98.25479537630352 89.76786131976976 84.03102951289891 81.62622005199938 82.84411000785221 87.53361759907011 95.18299606905123 105.14823895170576 116.83827476999093 98.58764119544783 86.80350336811341 77.12888271562072 70.43842738718304 67.62374367524176 69.1596740642407 74.77861644069559 83.661900461403 94.89719096183997 107.75124717256342 89.38869574697327 76.24681579598658 65.08082976708185 57.062696921887664 53.62357550224624 55.6194553386001 62.53206591438698 72.97735412857554 85.67279997890101 99.7630321767153 81.61430051865364 67.00907085646023 54.02076462342475 44.10188600988482 39.62846949489764 42.36225613875362 51.16064700122498 63.55288163176573 77.84106648427664 93.15685913852593 75.70473782355755 59.705804417362685 44.68858046236291 32.063464517014445 25.647079374329856 29.76894345707994 41.392242016827566 56.028169649679455 71.85891927831095 88.2437712010065 72.11998357077248 55.11163810837617 38.36673333190351 22.48183144179777 11.729118050508156 19.194390387814963 34.61199187170899 51.24712955024379 68.21480440335141 85.31684323307805 71.21204752822312 53.92357402851313 36.647803938238056 19.41867157206742 3.13395156208696 15.532935131671747 32.732798075591916 50.00313630714969 67.28970787487708 84.58256029383969
81.9188918024597 48.61206649406069 82.31953125630646 71.61168693393688 61.25258973686061 50.14889438328299 96.28176681514405 0.0 19.138679191864615 23.529696893109907 6.920599143601552 7.13735727638166 48.10536676132081 11.828136300743454 26.467562032021895 98.42310674785055 65.5512106044435 24.403331906266036 52.03336019641957 49.353762516880906 84.65866286551457 47.26903935608476 78.02893609261768 44.035305394107084 62.35349368210878 54.650959827856056 93.25939747075331 38.15144581073661 19.164703994886697 64.66604517575242 3.6119574549118374 31.2588378290577 43.320306189432735 18.2753097005824 22.704311285798944 54.443974188845594 34.43984074314396 23.32803070477183 40.60073227230494 74.80145021384592 59.92697128806319 45.69866472067092 34.41225523278059 29.6436830819041 34.23451279963314 45.43088233896671 59.62078125141484 75.12668851586997 91.28039428597401 107.7910511955462 54.27661566759612 38.02667687097084 23.34133055239211 15.566620784847025 23.20633676309823 37.861073173665964 54.1026808055489 70.84808883379112 87.8095423345231 104.88227767887064 51.98566498435317 34.694377450547414 17.424232625527708 1.490480321288654 17.307592948760078 34.57741472209552 51.86864213703497 69.16522289783758 86.46394435235514 103.76373586430674 53.48757258679106 36.89697050214777 21.46078442563168 12.58796762848046 21.332168544134042 36.74749958160448 53.3329997386527 70.26486904316342 87.34190063808789 104.49294817050514 58.490870437030054 43.80737062787924 31.87004277185841 26.665026521043984 31.702645955858426 43.56376923514988 58.21731982365874 74.02310972244524 90.37862206570041 107.03214464775259 66.20638862608413 53.63571328036744 44.37340449048316 40.74203917243383 44.15352679769642 53.27156412470808 65.76390045238303 80.06639184957184 95.36807142550482 111.25743315988967 75.81041241804803 65.07291929050527 57.62334464627838 54.818917362835705 57.34523853698203 64.57970187506483 75.17511712616032 87.92472578647308 102.02409226772609 116.98620529712998 86.67733676357993 77.40898922464476 71.20416269379865 68.8956038152707 70.86512494374705 76.78422956263819 85.83973528369691 97.15859542570405 110.04460660847187 124.01019509908619 98.38946579832083 90.27604904149243 84.95718239149632 82.97204594603049 84.55576702010184 89.51913104736882 97.34655448210297 107.41372479368154 119.15428920662443 132.1229001933369 110.67866359870546 103.47605665384992 98.81037055080567 97.04819245970872 98.34572331685598 102.58693012917631 109.43008030311783 118.42497211107225 129.1227046861933 141.13659699683362
81.85976173203174 44.63767182321257 81.37911620874647 55.3376968553394 46.00410690347673 46.141664684650706 78.66097031075383 19.138679191864615 0.0 24.657260708974643 25.244297578941033 22.38366523847837 43.450956864283576 13.731168143289924 14.282230379734996 83.12078152455601 54.10566355369977 15.762386953020398 45.532340141454625 33.70410314563332 84.12181464199301 29.710817266164664 76.54173022453185 30.288629804184374 50.71252774904511 48.432936402252054 76.2716809570978 50.410754005571924 13.049174335319654 49.69047917840516 20.56910876368842 20.22387143917736 34.21531537571559 20.765328192980135 20.156085056449612 50.558985764577706 19.357864203887246 20.970674373480943 37.12096991205613 57.44047102331483 69.32257928889155 58.26091214711864 50.81092166703725 48.660740116406735 52.46606034673043 61.124539585181665 72.92758862149009 86.59883957686682 101.3853383926645 116.86452266035201 60.16125797116068 47.048011442001304 37.501487284739014 34.61091539502622 39.85194008328008 50.765603909574416 64.53544530048794 79.69447037150583 95.58400108368357 111.89326014592294 53.24731167098279 37.854989056151524 25.088558064436363 20.605408225439746 28.608416656619326 42.55598327062372 58.329182007892946 74.78159391392468 91.54775614878504 108.4822938380434 49.53109004783831 32.44687137088768 15.842457158181862 6.919598433333378 21.059241267637784 37.918542293683345 55.05318758441518 72.26758943915328 89.5157467158577 106.78130334217377 49.73470058192112 32.755436163025124 16.46238327275177 8.234976402081402 21.525169411694634 38.17806056618913 55.231413231245696 72.40281082231716 89.62442932004898 106.87199331643612 53.81366549835814 38.64398166542933 26.25862339026072 22.008737914032167 29.63047494748902 43.24646581488404 58.83247253123419 75.17296123978466 91.86620509026646 108.74988014917264 60.995354947090924 48.10519336328592 38.813569656250245 36.021993392881186 41.0777565616809 51.72898044489054 65.29241923161315 80.30578969033121 96.09186731323544 112.32533697617833 70.33560190399572 59.457243654233636 52.17213869186366 50.073961232048134 53.77334317616567 62.245036623456116 73.86486334578157 87.38588441308154 102.05522454381192 117.44337453789231 81.091823508388 71.80879117340868 65.84690228882152 64.13906760954193 67.01133372940528 73.93180035732563 83.90468855357665 95.98320592411855 109.47259144754157 123.91292966041095 92.77268439005495 84.72368327666054 79.6750751125907 78.21007753405009 80.5245205455321 86.31491260324069 94.94742446979832 105.7281714390869 118.07015966906826 131.53464379359554
59.2783089665724 25.147504873307632 59.36651595507336 56.46497145300019 45.225105086258196 26.672190366827486 82.80727971762742 23.529696893109907 24.657260708974643 0.0 29.34762955166274 30.662238527895504 24.766292906429044 13.64562391168074 38.71826304809061 80.67483407631231 44.96474068849638 12.243292400378433 29.135175198302804 35.39752343576536 61.855768210603614 37.43726584408927 54.89005323194622 28.261937719527523 42.10393713923784 31.573833099756627 78.46034236280657 29.152039238833023 11.793367786380346 47.96339775243006 20.834211080216548 16.459906274980145 22.691374718323125 5.323182251812349 41.29913669082863 30.929313806089784 23.559156690088233 4.7185405602885675 17.201597263685912 61.64121588416118 83.45137805133325 68.87506098988742 55.875942824439555 45.81673689030672 40.92592338249167 43.0045865327896 51.210967123277754 63.20156071793589 77.23352143461054 92.38128501793376 77.4608172845801 61.51610333381248 46.55098071149361 33.88903542339888 26.993512546371132 30.125451004169033 41.05052932378232 55.33045452766811 70.96817962709726 87.23655152360367 73.7281551729839 56.76685759145154 40.09768295878882 24.328687568198827 13.215850377424344 18.871808760401663 33.70970828799583 50.15233296776922 67.02895921632047 84.07864798737592 72.60253785743073 55.303865223837576 38.008158474423304 20.722845101522783 3.600847698916425 13.971739181798018 31.243663100570455 48.536966002047244 65.83480272614281 83.13434325151066 74.2027188111065 57.37906827549195 40.95587793081433 25.712309537249837 15.60686548098537 20.609175196866975 34.70755563559793 50.825222063869 67.53150702605639 84.4779151511297 78.36186853446135 62.641780637331195 48.021998359054656 35.873965144993626 29.436029418708134 32.3222475171356 42.6812013077969 56.54512896315551 71.91472504050806 88.00462004673598 84.70381534022975 70.38049515128523 57.71305120334065 48.030020588347966 43.37826521872152 45.333975407455654 53.173011728466385 64.79408494153776 78.53586523064901 93.46761593430685 92.78195084145844 79.87870187667899 68.93055293874095 60.999448743553515 57.35104070021071 58.78816628921631 64.97424586514995 74.73924176471728 86.88471325205607 100.55172816721942 102.18524447526772 90.58449664343057 81.04299192016828 74.35772125717361 71.33627090029348 72.4385604887499 77.48880699615451 85.7926222806418 96.51384112993341 108.94107436959568 112.58202135638473 102.11865682706244 93.70382334538397 87.92764551270838 85.32768062082249 86.19183960134045 90.42085625871246 97.57821056953642 107.07829382079309 118.3583234704343
86.48743925924164 54.484723635545414 87.11359637070997 78.5066071684071 68.17169201948147 56.001890497526176 103.06133560852929 6.920599143601552 25.244297578941033 29.34762955166274 0.0 4.755616148285615 54.105663553699664 18.63968565839795 30.127391416151248 105.34308651052952 72.29617579713326 31.276797563632034 58.27395254658908 56.255573821586054 89.32889991023211 54.00122727713599 82.99760721657864 50.952490036185004 69.12521031830192 60.818178800598254 100.1164868778104 39.14247905248688 26.045115063379896 71.58658727167864 8.555069369682665 38.148150210358295 49.97700837016597 24.28428275088157 23.79804194840256 60.208566671291315 41.329621185092186 29.721878690050833 46.547184332249856 81.60493392586464 54.45451803311723 39.52750911383979 27.536600032739102 23.512031560366935 30.75837832116666 44.023300284161536 59.4031566581619 75.61831786042096 92.22925725120281 109.05527365554745 49.99668691868775 33.150073586779506 17.230764246129414 9.673896626451787 22.112948629942142 38.51095818098312 55.46096361096133 72.57724334128672 89.76473249055327 106.98911780589985 49.35788783190733 32.18306999414029 15.297463417402135 5.566710833642058 20.65617684238355 37.69722143237409 54.90170175356553 72.15280103287576 89.42354291838488 106.70439001743536 52.67724938687525 37.05256703608347 23.86639250184324 19.105719150217162 27.552933846539407 41.85703846379301 57.82361991827485 74.38979915287365 91.22951968292482 108.21515675320575 59.293662528394606 45.93855418198639 36.10638940012009 33.10136253418262 38.554342150542396 49.758241996853414 63.74979408152253 79.06262135190237 95.06033976004765 111.44840306649998 68.25487515735689 56.992223918679365 49.35789598377524 47.14862573902574 51.073345559307064 59.93899439036835 71.94151912976248 85.77402873223437 100.68509591332358 116.2604652353911 78.76449091941022 69.18211459525253 62.98555498352369 61.2118493437187 64.22846775688674 71.431063603111 81.7202106649514 94.08870294072749 107.82332965045674 122.4653094478117 90.2832628907417 82.00294510027784 76.7892193626888 75.28194454224804 77.6971292672706 83.69589223592833 92.58426764940283 103.62131350725618 116.196352640488 129.8633661868028 102.47130253547388 95.20000011110027 90.68840366198643 89.35551161768893 91.34058634771793 96.43895650761898 104.1946078733901 114.06679905465967 125.5572671791846 138.2631346151641 115.11608243341145 108.63610209140609 104.64489443869488 103.4309731109159 105.09062506951572 109.49325900893459 116.32785165586948 125.1967466994183 135.7016680333471 147.49346100146914
88.93606846817822 55.72110067245857 89.38708261940829 76.8509324032805 66.82114400281895 57.26046980869838 100.87958858648865 7.13735727638166 22.38366523847837 30.662238527895504 4.755616148285615 0.0 55.18770149666245 18.48500220460146 25.72377063302278 104.08797984444993 72.03862779081135 30.693859653360796 59.02659933408016 54.711798014563286 91.70075758636035 51.80124828463541 85.12618178781648 49.88256694907386 68.79123126405379 61.673865347462076 98.21736003492883 43.30433315550114 25.484566320912116 70.33737540460939 10.27304615506577 37.41941116749741 49.99207034430064 25.394957643014305 19.042446509212482 61.56636549349641 39.7746963743157 30.30373924235891 47.70112555844501 79.52885554131902 52.8077697132927 38.83462363939675 28.745531586212834 27.261572240000344 35.47944753917128 48.714466190448185 63.92274537725705 79.98653435836543 96.47944922329737 113.21410118784712 47.248555888413506 30.89396022960418 16.58795851080369 13.94979570492708 26.69730466972514 42.773919586692536 59.54144070093815 76.54718132249167 93.66147350867972 110.83404312266526 45.59311445589784 28.309814041752492 11.084793489674157 6.558453528026253 23.703745885202967 40.980915261148596 58.2727796885732 75.56925221255233 92.86775811677362 110.16733955962398 48.24500892617065 32.39068618233965 19.22094165172775 16.98366939573583 28.392918762560598 43.847269323343504 60.313519213356585 77.14642282176598 94.14952410910324 111.24480934943345 54.57993123199801 41.201531383581084 31.857066733111818 30.510464283202154 38.02122273377959 50.5870293949038 65.35434893881457 81.12979430975857 97.4248702410403 114.01700037849258 63.505014257604415 52.40863706288199 45.377833133340815 44.38844826290387 49.801857763849576 59.90675948885894 72.7744373132549 87.19014690883967 102.50282341190835 118.36485962595245 74.08994340563896 64.7799254964112 59.17985134153955 58.367524244419116 62.529816825132094 70.79466874002209 81.92978259288763 94.93045061007282 109.13197814378267 124.12285799511004 85.7219155053852 77.76159750476154 73.10385277429641 72.38900835037312 75.7288040644504 82.63306236347265 92.30537482333158 103.97610033914074 117.04898400398781 131.1052549077949 98.02877959795433 91.09292374677615 87.09119873279934 86.43211237532955 89.18979883155998 95.06738344142406 103.5348810093741 114.01672153104069 126.01123363717089 139.12773349268141 110.78570314208162 104.64019680005246 101.11544703271693 100.48761390269499 102.80978330931444 107.89164294396883 115.36908496844745 124.81229503224813 135.81184149521897 148.0211730205288
39.43556001216301 1.8921021403268752 38.430604212355874 44.08470158251868 33.63385944861189 2.9127680672040865 70.04608874404198 48.10536676132081 43.450956864283576 24.766292906429044 54.105663553699664 55.18770149666245 0.0 37.12763987130009 57.32319409895594 62.38367150169273 24.954518774296 27.7454360313686 5.659113401646195 30.45333474306537 41.33033732997415 37.44129151766629 33.431410109697154 24.12607068963171 23.26651049907932 7.178567261661153 64.27238983699527 40.7983842391269 31.715991895652646 34.6222256313499 45.573438488242886 24.184424334674624 12.694428339212072 29.866938647136315 62.97378426816554 7.140319269297242 29.70336663486969 25.05139168055717 7.571598283848034 51.364432311817005 107.97393206875196 93.62901207314005 80.45565175106326 69.12691225150256 60.68481027626696 56.439883959614235 57.33212805074775 63.14414790468636 72.7055157784647 84.75670319590967 101.26305870422296 85.84089062572588 71.28684861806025 58.25526504756745 48.00251934188123 42.58535732155592 43.834784029527405 51.26566844673485 62.71805218012882 76.4044777139311 96.16429112239051 79.79117505193801 63.909326482412546 48.99879664808938 36.27770390763072 28.809220659792533 30.701469926115784 40.668156862637964 54.44196337327427 69.80448005372858 92.94340149896409 75.89680879754492 58.99904979968854 42.428324938255564 26.798325042208376 15.324825652584584 18.71531259994511 32.62496219708755 48.75680444018317 65.48875008939129 91.79831561589452 74.49663812556406 57.19511375214741 39.8939417110612 22.593931406118514 5.306457437669988 12.022680554087739 29.319699996554213 46.62036433882535 63.9217141298312 92.80591852913075 75.72915653789607 58.78421979170218 42.13047060964654 26.32643769614705 14.48788460974655 18.03965049226404 32.24394346262991 48.503891605456324 65.30157595670134 95.89836555321249 79.47195171051249 63.51216901321465 48.48205882712285 35.579971259114 27.929708069565226 29.88164557532599 40.05579612378344 53.98824664024083 69.45289525119479 100.88407413347161 85.39554234269853 70.75242819111872 57.603114002326926 47.21267409944091 41.6972379612198 42.97659731445955 50.53732665085252 62.12696723962511 75.92235465761185 107.49987992568715 93.08444444826327 79.82419435181303 68.39436235099815 59.85293803100233 55.548700909277684 56.45919541375964 62.35641036100537 72.02570146571185 84.17707539544077 115.46583962373958 102.14067211573584 90.17629262915905 80.18416724519751 72.97895363765478 69.43374355685656 70.10600464824523 74.88223490445948 83.05742828789877 93.74653996803491
72.91544681188243 37.82948574606 72.95367304799859 60.47180226581366 49.862348109393 39.38185223698514 85.68888408372716 11.828136300743454 13.731168143289924 13.64562391168074 18.63968565839795 18.48500220460146 37.12763987130009 0.0 26.45987543001482 86.88926037198203 53.72441998796966 12.670579754775757 40.68322851583969 38.224709082885184 75.47229683491763 37.13892567083765 68.41837003156886 32.496443009843055 50.525517858887035 43.38738903961187 82.31472627998723 36.711389496641445 7.482993121191009 53.18369953547192 10.684834379721826 19.563754962853054 31.53723294718266 8.535679176945068 27.74095732506758 43.775339551920034 23.547502840733955 12.076335468242592 29.79790548170339 64.16130555372153 70.97521455029151 57.31896870472565 46.17524641158601 39.71836733725966 40.269717427796564 47.586318354109 59.21124354581947 73.11765275809897 88.23331027564285 104.0324423153347 64.2176821415608 48.74497620936469 35.027778234889794 26.010158148940572 26.922517383203978 37.038170770424614 51.16190753113296 66.79794912140805 83.09694198807642 99.73438757509982 60.095066118615556 43.196333792941076 26.816833357845933 13.079559105017669 14.89027193411127 29.514039828740707 46.034225448032025 62.97566430794966 80.0714162125542 97.24012603012699 59.16085868416812 41.892995802296674 24.672911267154166 7.822759076301225 10.599628521716559 27.608372753466558 44.84201069815738 62.11363100701394 79.39845052870524 96.68939079290517 61.56040101083543 45.20369255885766 29.929530957514004 18.62503636975818 19.917813390971286 32.33046171715171 47.880166806995675 64.33097345854527 81.1366136389307 98.11492319437087 66.93609012251265 52.258696008362314 39.75187123832434 32.06493468425482 32.78441118263436 41.475101058412946 54.44501088176799 69.33284375289857 85.1383347650332 101.43341501150825 74.64763172001103 61.78839491135032 51.595020076563124 45.88016973008537 46.33181821445909 52.79193414230486 63.45110533853113 76.57545790605603 91.10577514529801 106.46796373721558 84.05446861912775 72.82761577800107 64.352667751569 59.81108906841231 60.10127458233627 65.15870117914645 74.01247039680206 85.4911194853808 98.68289390223552 112.98934413470677 94.65238087978491 84.78866504303687 77.57479854888207 73.79206025634284 73.96873718577218 78.07795554341233 85.55493755276007 95.6128373911751 107.52985234049163 120.75682485952699 106.08487387389935 97.33214851991771 91.05915570472013 87.79902375162555 87.88767455090199 91.31535542465406 97.73137145568028 106.59748509391633 117.35971506815729 129.54635326132902
96.04471305764179 58.60082703873493 95.48111939282359 62.29062057945457 54.583216108217776 60.07933013190468 82.76425558019943 26.467562032021895 14.282230379734996 38.71826304809061 30.127391416151248 25.72377063302278 57.32319409895594 26.45987543001482 0.0 90.48853593153414 65.3155597319941 29.881539816199297 58.97157956750878 42.65324676086936 98.25780024764512 36.373816058545 90.59784446965303 41.20611834739957 61.917098433022474 61.88432060355445 81.55094577721573 62.64545856470735 27.293699191789774 58.37394226551762 29.32853682501987 33.44761566312578 47.23328379949266 34.43223676227567 11.346692561237674 64.45972221886902 30.477988322545308 35.21717764355123 51.2488448406226 62.64331369670177 61.204363005757614 53.163450197462254 50.05429162375884 52.75616618135166 60.49541567307946 71.65806899269926 84.90443847577787 99.40497865087342 114.68494746268497 130.47078544372994 50.19006510050566 40.0628150819743 35.91271270020136 39.662626972971175 49.55030057430906 62.73792998859411 77.56011020526665 93.24055337819546 109.41086854944457 125.88241649357798 41.179909934106824 28.027388020553474 21.771431978285534 27.58926051165201 40.58387136329134 55.9611044219252 72.21461815598356 88.86488742277561 105.72462642073836 122.70752348884162 35.72412068322149 19.18020042642593 7.632869459092358 18.63745213100283 35.14486969195836 52.169746284265976 69.33192848198854 86.54977472332948 103.79558767230945 121.05741552571016 35.501155610159515 18.76357981808266 6.521134936345282 18.212409765402768 34.92237010003412 52.020816916676374 69.22046118947911 86.46093046698314 103.72186916205385 120.99451716105864 40.597327020153834 27.168184001789456 20.658871916664637 26.72413257582177 40.003512859897995 55.543625434934675 71.89310897348079 88.60505298987123 105.50736096972865 122.52127377798628 49.39271220656048 39.0639152399991 34.80009452749736 38.66279005547181 48.7573967836004 62.11653401301909 77.06070013189864 92.82751134267532 109.06076228140974 125.57969790777555 60.28940180152267 52.11236382084246 48.94166716599458 51.70664305092924 59.58665047467636 70.89614039191453 84.26540427994077 98.86230739025616 114.21714019511776 130.0617400835401 72.34391348853704 65.6294160129054 63.0832205446314 65.19554603777065 71.55501221287163 81.16941765824157 93.03506324747686 106.40143638051661 120.77128124512812 135.8264816671987 85.06530922338237 79.37589153892212 77.22461893252806 78.90143007825321 84.17787033942511 92.43958204410079 102.970496205434 115.14970314856163 128.5094139234422 142.718495938985
