0.0 57.627839931956835 26.16743591561016 28.234799051924135 12.704078456580085 33.724880720707304 75.45209528853586 23.968571995234896 35.5280176323089 17.05398457797375 12.108572860888575 21.33919794236055 19.321646286335973 49.97015533025874 27.89276101460149 36.509192863619624 20.410295515305382 22.241503208842193 35.313884753562036 31.152589929117894 5.829102999746191 21.5364811052882 27.075534598936027 40.730665752385676 73.27513854312834 14.139550823673044 61.17553970240134 48.736045821640325 69.75247000169514 18.367629927571556 13.24826260069259 25.400411299565633 35.3759887420625 45.96008198515036 20.537579919983525 21.50459321291706 50.75541993751364 25.177555918314912 59.4272565561112 26.52929341732428 71.80179976235833 48.51630705954546 44.12464552251927 62.72922225432669 91.2016721142247 59.38418532411363 27.198738890951905 18.652387676746812 48.48610082261995 82.15073108614865 59.11901143076402 26.620216975082045 17.806325779515305 48.16996336371836 81.96631228631281 71.14231076349803 47.54395332018336 43.0632921369654 61.99425197541581 90.70252444998792 90.691260140549 73.45105287699973 70.4270468181197 83.18437311559336 106.17942450512712
57.627839931956835 0.0 68.89314895094871 31.74460629423174 45.518530074744966 32.735739855246 36.76811350998159 35.80627401703694 22.49141214332641 40.84037408716505 67.47714329513074 44.11603171110867 76.17057036168858 66.34114408019168 35.38500137310639 44.88194296845005 39.26082007530375 36.27467724337428 89.42176866162464 86.80633719291454 60.561891010383576 66.95599831682513 52.291330578473854 67.15579999822934 48.08292350505385 43.51809243028813 42.065541317033436 9.689087969715311 48.96680952784161 39.31906222097273 57.811289856573865 33.87099164452174 46.38669720852868 64.74102440617925 40.613873379032675 57.86649027317322 17.78270237024443 45.9114546718842 113.67137799789035 82.19544414081923 129.3152338426848 104.51136219361022 86.7037861077611 80.66718540799386 88.83450713274976 113.66298793354326 84.58388562746775 61.51741182385154 53.00141108313704 65.02850579756932 103.41736883894195 70.36162278237384 40.01506823839272 25.426272920824207 45.67961215082042 100.25063206012565 65.66372117288157 31.114524217491905 4.399686976594548 38.281263862422556 104.80659779987049 72.36967181958711 43.418340148426545 30.45934222678274 48.63360157726331
26.16743591561016 68.89314895094871 0.0 37.5191679629285 28.81490615005856 55.130670596008166 73.63109075643528 34.00697864360739 47.279130473845626 32.62072642456272 33.11116388658733 24.918123445305056 33.757086049978 76.13758947314959 33.50831936486654 61.27364727754343 41.440164245295996 41.32856342913005 50.15223652253275 44.395989803036564 20.54551867595499 4.713916928345459 17.894585414736916 66.72416583358442 65.79127756997333 33.26455659681578 54.47449753379104 59.204124689773494 61.15448371193719 36.32067011487234 39.32092611991961 36.006020858451215 60.41758047140842 72.12642403479657 29.21453704171549 47.641671120546334 68.2272920457203 23.225135682110047 70.26741186662511 41.09726592342741 72.30903947478598 40.043757490021996 19.31980635256808 39.2154867443758 71.39538474669311 70.17551115936044 36.087390505899535 8.651594544005563 35.24561490995898 69.31456989832844 78.82257152360631 50.7824948396167 36.59991612236568 49.9507158707593 77.75231346620649 95.36094485806053 73.70966975232191 64.55457768611541 72.77529842572537 93.91467987618778 116.47563607666633 99.32218792800141 92.50895297504816 98.21202522519708 114.57741299177123
28.234799051924135 31.74460629423174 37.5191679629285 0.0 15.538801483631236 24.965892151924816 48.05887605357117 4.34537315933632 9.777463815848838 11.652108379878134 39.730518162634056 12.604813873502806 47.551144422735184 58.606367071924176 5.188774418018326 36.9596377680683 17.514149571733245 14.247334192041158 62.97378426816552 59.232488239437345 29.866938647136266 35.284546077956854 22.472512594451167 53.933097969478396 48.808385054358 15.76074300108167 37.279639762782075 22.138409212787444 46.3498689941086 12.864383027942306 33.45489773445683 2.912871708692464 37.25007710403258 55.40402157214454 8.918983738792354 37.515604677071764 31.81697305192789 15.614314768878302 87.33923086254772 54.57150931525456 99.57430759863426 73.01045935217302 56.04291482971614 57.84363507232137 77.10875840010566 87.30461334329517 55.30505004296741 29.8335782871009 33.410731970223665 61.133889229668675 83.16053100765672 48.566632985588704 14.021987444696668 20.721216047897826 55.28992518868217 88.29393170028993 56.839908419067946 32.56638521402485 35.8497021733698 62.487361034721694 101.30389193552051 75.33107295316394 59.00722488403716 60.69369515359097 79.24889072278472
12.704078456580085 45.518530074744966 28.81490615005856 15.538801483631236 0.0 26.315945345700623 63.11768793799738 11.310160134779892 23.139546806765328 4.712183119244568 24.29937655269844 11.4390699613 32.013336467690735 51.84647317828164 15.698582111969198 33.58330015480413 12.7096804446554 12.603763749450646 47.6061147396388 43.72467676468777 15.0530031353856 25.149180019735667 21.138231098226342 44.689029033454176 62.03616019424939 4.609823938718758 50.03951284755786 36.370367345489065 58.88371302419558 7.647420133938206 19.851348992376845 12.696356964431919 33.06154131675821 48.11331643750442 8.558571146455733 25.99922088232439 40.696700753221265 16.44926866815976 71.9005709240923 39.071365687642455 84.31688812150658 59.289900330918066 48.1254174513389 59.25899251488669 84.27342076689955 71.86276350852577 39.85066964466131 20.167830340629695 40.2523702126595 72.30913947972344 69.36752460948216 35.19814151692392 7.798594965326278 35.74325421704781 69.92278299671044 77.79555150997543 49.67707904813814 35.75340271803805 49.836018144769355 77.99859536093675 94.26064393333269 72.62722955481394 63.71133756845915 72.3763026241774 93.87384306734802
33.724880720707304 32.735739855246 55.130670596008166 24.965892151924816 26.315945345700623 0.0 64.06882450021037 25.22853478048485 20.714102446905216 22.818462214053906 39.820020511343166 33.63721953459952 48.77375590661817 36.17574277512598 29.87761077572318 13.536006173236222 13.85673448113956 13.941152536080255 59.18082531809875 57.618124748897785 38.750554845113015 51.39422410925557 44.83000328304739 34.85970489690201 69.6003751382349 21.93771936830024 59.31291762531333 27.804056432856786 68.21617594075333 18.907434721752377 28.24696465242719 23.919061017931423 14.568121642810736 33.72692106190093 28.446366740778544 26.024439614024395 19.084087462943973 38.3705356483958 82.77227153794544 53.28331083909672 101.47211396879652 81.98539127704524 74.44034043432684 82.19409722084025 101.80923525622461 82.7805368909822 57.526187727443656 46.48353677077329 58.36941011557743 83.95277728278741 70.72147310549362 38.407975125808086 18.538231391096918 40.08749390797327 72.5616702351641 68.87252064014378 34.92048616269029 9.503118821763785 36.82432402437858 70.82799638103866 77.96360727707518 50.419047345102456 37.425439102639 51.517701137344964 79.38709246597986
75.45209528853586 36.76811350998159 73.63109075643528 48.05887605357117 63.11768793799738 64.06882450021037 0.0 51.94464839550383 44.91925801608418 59.674651842857116 87.37885209187966 54.95165969717048 94.5673370289192 100.06279530819062 47.56135420325452 77.52703838552493 64.01759382708023 60.461060836687274 110.695401371469 106.5775062505528 75.62822163561447 74.07649601375276 56.14752848550024 98.50014109570199 16.625004112275327 63.81914524710358 21.08225630397054 36.783058372588044 20.638214071650484 60.664741850429344 81.43242016876111 50.96123002977904 78.63682666941173 97.7837023937582 54.91519277688701 84.6454851713619 54.00909560821932 53.01141572726969 134.87749755368105 101.97452120232514 144.20123778989174 113.5996908646373 86.0846503690167 65.65842503264979 60.05226900387459 134.83348770301546 101.5628634675815 69.60456279261751 42.06434576580888 32.99783789602619 130.88947581367822 96.3153380270035 61.77449141831264 27.39316029611265 8.918332933938705 132.8533538599445 98.94360484263487 65.76096414024197 35.41208873512966 24.049361974013475 140.47745689661195 108.87866388440571 79.8123775105474 57.273662033525845 50.84617711591557
23.968571995234896 35.80627401703694 34.00697864360739 4.34537315933632 11.310160134779892 25.22853478048485 51.94464839550383 0.0 13.472678909481418 7.8243725788647795 35.587669591947 9.394904614321439 43.29020873406941 57.15440302230475 5.569813321044249 36.203123686015125 15.512215857773088 12.733088098301995 58.874585540967985 55.03481983627682 25.522306252955357 31.495391570946683 20.17685593727144 51.751666671898114 51.84461964553262 12.108378915534194 40.076645203619805 26.275953178598705 49.093665899647455 9.979012563300321 29.901184004701157 2.0037291603930387 36.27409055412412 53.78120776663692 4.865472687598323 34.565685198133004 34.512771714467874 13.413981858993267 83.19863265755106 50.38125072068712 95.23007051053469 68.79571920202905 52.83689441777538 56.968637196448675 78.06353577186654 83.16178196037127 50.98770544849225 26.047139171411565 33.94118494358187 63.40660719458699 79.69356825637537 45.16766697110501 11.13667613249883 24.551722311118827 58.96102678123532 85.87401915513024 55.263000199676796 33.592939949113244 39.97257104942628 66.79791655887963 99.92832670610329 75.10879497684809 60.75998533308417 64.31955133580644 83.5285441131016
35.5280176323089 22.49141214332641 47.279130473845626 9.777463815848838 23.139546806765328 20.714102446905216 44.91925801608418 13.472678909481418 0.0 18.52600180943561 46.09937468616355 22.376130308454407 54.500538992932384 56.63036668637479 14.41090894163124 34.07662233800944 19.45786905517235 15.957436046809375 68.8374839016913 65.66291043353677 38.13687585120955 44.936323418242864 32.00593049212767 53.83617654241753 49.002031732687364 21.646461930485206 38.60064953419726 13.233543212491604 47.50636500307404 17.630581775187288 37.807553545836306 11.489908192633294 34.84663549033992 53.898833944397715 18.334794675838697 39.95625036275892 22.62993786741102 25.19949485619422 93.2730207773162 60.99930572600611 107.32909833502542 82.02306865007226 65.80887006664794 65.79214327946511 81.98280310129879 93.25100166925715 62.689283736419604 39.483828186350785 39.78477713266857 63.257518961147746 86.35523918308924 51.98851161821229 18.52664452317069 19.455615781300125 52.996779380463394 88.34047941761769 55.194486886096264 26.147064990708493 26.75356385501975 56.059645883343066 98.67202425359436 70.43298015125195 50.79616552419809 50.936289502505225 70.73591847105834
17.05398457797375 40.84037408716505 32.62072642456272 11.652108379878134 4.712183119244568 22.818462214053906 59.674651842857116 7.8243725788647795 18.52600180943561 0.0 28.171381410417638 11.770339248975775 36.22892686544828 51.166385285751154 13.045086777036015 31.54323554414492 10.08235755379856 8.877599002100386 51.3559940601193 47.730413397244384 19.755735405113448 29.23327460367424 22.66496032255395 44.91199032770631 59.58741491527232 4.313529016957389 47.74649305609164 31.75785996394438 56.72288711193382 4.015935793470441 22.0862087872656 8.739237153349329 31.268469942484078 47.597573399780615 7.179218687782036 27.07419216920989 36.201073089351816 16.91289307724127 75.74811771083058 43.06133296377658 88.8274596427202 63.99892112924071 51.92502075931226 60.75652403448559 84.15048544650533 75.71564597769097 44.25178091454992 24.050454440349707 39.91831384222049 70.73444972326428 71.8807473490732 37.38183885484463 4.776610619503089 32.2968146724731 66.76980277864845 78.69115783385737 49.12676815640013 32.084492993849025 45.16884263567456 73.79612667623195 93.85717807148897 70.75503002476846 59.98468557097691 67.71140645601761 89.25407809578684
12.108572860888575 67.47714329513074 33.11116388658733 39.730518162634056 24.29937655269844 39.820020511343166 87.37885209187966 35.587669591947 46.09937468616355 28.171381410417638 0.0 33.437297151789686 8.973298000376786 46.23941211582512 39.83866574613979 38.44766499449512 28.474868382441453 31.223577026290176 23.316914878027337 19.58766274842355 14.421547461906732 28.474868382441574 38.32475804833106 35.57627269284102 85.37724947313306 24.501919194657937 73.27520851989088 59.08730309493711 81.82162672268406 28.474026969839425 12.114883002350583 36.83556301573322 36.88491979600509 42.21323025142302 32.503257965999374 18.919494475071776 58.338157892747795 37.1206127098489 47.61314526678784 14.917043733633472 62.14518985512719 43.56237844428599 48.250974272378855 71.7875457827707 101.8507066671135 47.577294314857106 17.717932946779943 27.551804423950838 59.992743491465255 93.98939930465768 47.623252203975646 17.839848916675106 27.629635335462826 60.028191449257896 94.01181451793272 62.250702977032674 43.71139156031046 48.384302589236185 71.87638677416628 101.91274928657529 84.1726493766379 71.35201949107096 74.10764710996705 91.03588812584222 116.09426937977564
21.33919794236055 44.11603171110867 24.918123445305056 12.604813873502806 11.4390699613 33.63721953459952 54.95165969717048 9.394904614321439 22.376130308454407 11.770339248975775 33.437297151789686 0.0 39.84085640032501 62.7929703238642 8.916934908964588 43.26307901790602 21.803326195355513 20.042550931391464 56.47795787015371 51.965447631866894 20.69880811419502 22.85502918988824 11.192953775920284 56.03847467482546 51.940192731871704 15.15595672972354 39.83801287114623 34.4393213259885 48.43247902214628 15.661956000759956 31.050772360076465 11.3301033321864 43.028653888705996 59.155713439331485 5.196219160246474 37.43805872976695 43.9035578068277 5.165208568810169 80.27883239443513 47.452660219820494 89.75477391275719 61.46138827442301 43.51900915529445 49.042075491393184 72.87774200931463 80.22643837726693 46.61270399209626 17.437236545773395 28.813548019517167 61.24731967027385 80.03148368835309 46.279457379827996 16.53447480615471 28.281450221945665 61.0011711688893 89.23111636162828 60.70120287571851 42.44880256682615 48.10391412514266 72.25574838582193 105.39285357711815 82.46938348759022 69.92499686113051 73.29782743381912 90.83170247133918
19.321646286335973 76.17057036168858 33.757086049978 47.551144422735184 32.013336467690735 48.77375590661817 94.5673370289192 43.29020873406941 54.500538992932384 36.22892686544828 8.973298000376786 39.84085640032501 0.0 52.11149920778358 47.0784999045594 46.787425316838515 37.35681305620257 39.997545811789024 17.17654647866142 12.158148146153295 19.297934264738945 29.553310292173492 42.79360336122493 40.93680615206636 91.46465651333472 32.85753294404216 79.37131035761713 67.60486308172075 87.63289940472222 36.95755309398866 20.817486350914923 44.70516935810515 45.141545548539824 48.18990435178596 39.73662034990217 26.638763436362314 67.30946153592794 42.84419650472111 40.44018576496629 7.849846684665762 53.258390339874424 35.64968819082654 45.827659463955385 72.96765346999963 104.60981077436274 40.38688382226326 8.752432241342172 30.281400038847906 64.43737067405166 98.9052057443156 45.06664944415944 21.744838626370218 36.18727362718701 67.38727765013573 100.83361173830252 63.53062940557437 49.594116837442186 57.25223672596175 80.56591976761729 109.99419474228101 87.44369646145717 77.69624660501161 82.59388482025706 100.00764605526716 124.80402682705977
49.97015533025874 66.34114408019168 76.13758947314959 58.606367071924176 51.84647317828164 36.17574277512598 100.06279530819062 57.15440302230475 56.63036668637479 51.166385285751154 46.23941211582512 62.7929703238642 52.11149920778358 0.0 62.63317899151847 22.640326533867857 41.671942055947746 44.511780934748074 51.2973192773761 53.53340419948005 55.65468015754143 71.4965355657177 72.9748674439089 11.40275869758532 105.632397703608 47.67218194851384 94.99687691571583 63.402018973243855 104.00244225125286 47.60522860782423 36.91659824726478 56.612388440472124 21.78502022309646 4.050479870541781 58.31893769587675 28.563682072093645 49.080155267428125 67.95620902610554 68.21991135408115 51.26628269319075 93.93388142571023 87.13816170512756 93.58017661393664 110.9781274271009 135.16562120784414 68.29138707728647 58.91828591346193 68.36520624234058 90.94517346655952 119.4279442570913 45.949566801677925 30.699029969608524 46.56537422993876 76.08596189400411 108.64920156585949 34.15650578182406 2.53018099871051 35.2277027395464 69.7884987693606 104.37783469878953 42.77475836590624 25.755232988023025 43.495120109077654 74.26412521676195 107.39337264713012
27.89276101460149 35.38500137310639 33.50831936486654 5.188774418018326 15.698582111969198 29.87761077572318 47.56135420325452 5.569813321044249 14.41090894163124 13.045086777036015 39.83866574613979 8.916934908964588 47.0784999045594 62.63317899151847 0.0 41.42978762777626 21.043740682780125 18.13495421153648 63.14880587137593 59.033520131143604 28.502065950735677 31.71078270257828 17.596355887267144 57.321423940932945 46.57007738641257 17.355089748736077 34.702348844311246 25.695922827614005 43.6798472498823 15.537828917498897 35.05619012140579 6.10679628504424 41.588540331355375 59.294941235164956 7.355449595974616 40.03366630196459 36.82818009160923 10.817226729610045 87.32000794783524 54.42011312416436 98.10774524569476 70.3350089106096 51.611085520892516 52.680183075158844 72.67397126183081 87.27683600112714 54.3836372160836 26.32032220049895 28.684215070835727 57.85891890897017 84.82504514873808 50.393446566440446 16.6902429833875 20.309666331668474 54.233333511975594 91.42910024415927 60.76837878016965 37.69804439997863 39.297842790846865 63.73640677694396 105.39997983748486 80.1086948862897 64.19056460258625 64.94792155494184 81.91956290920734
36.509192863619624 44.88194296845005 61.27364727754343 36.9596377680683 33.58330015480413 13.536006173236222 77.52703838552493 36.203123686015125 34.07662233800944 31.54323554414492 38.44766499449512 43.26307901790602 46.787425316838515 22.640326533867857 41.42978762777626 0.0 21.466003138229322 23.538737045349443 53.47778612729531 53.22685460192474 42.24414346831458 57.00439401749427 54.192518263071705 22.37260010367172 83.05848394701158 28.998516675765952 72.59068191677403 41.02355985307704 81.55082456343168 27.601571025837924 26.411649597459807 35.32304019635949 1.8986489038712013 20.27241109053783 38.315882179516414 20.460231456051275 28.740736394537198 48.34390769258943 75.55963212077361 49.436668898787836 97.05796621846596 82.005494405389 80.15163621055143 92.29517772071475 114.04931494727305 75.58932768291582 55.24877514032879 52.78173009726945 70.10134158739743 97.14570672092584 60.046795851268804 31.042749782824906 26.768096085876067 53.51872246214511 86.06288614502613 55.641556629144986 21.417193673297927 14.705898582279742 48.669134252972036 83.16224932199404 64.69057846820095 39.212085863234066 35.848810584919185 58.545021739064744 89.24536249863093
20.410295515305382 39.26082007530375 41.440164245295996 17.514149571733245 12.7096804446554 13.85673448113956 64.01759382708023 15.512215857773088 19.45786905517235 10.08235755379856 28.474868382441453 21.803326195355513 37.35681305620257 41.671942055947746 21.043740682780125 21.466003138229322 0.0 3.5565329903929532 50.186648738020075 47.58442287167802 25.088956217007816 37.598510209795904 32.74555815644128 36.43169717203634 66.17810776543344 8.176590361834307 54.770150603757735 31.4825516126115 63.84474385819904 6.144626476560169 18.661166507846843 15.165456930476735 21.24120245773087 38.27067790165417 16.926684285459935 20.627891344281675 30.410874960070714 26.90498062834852 74.50937404783403 43.000258740808405 90.6079978863065 68.9251983135192 60.71522569758191 70.82920505395913 93.49864134205836 74.4965358802068 45.98953452340084 32.78984728788813 49.29649335214944 78.61264402349445 66.9568308214514 32.53175803534275 5.3167041643946575 37.323898249805545 71.78254239740123 70.78361549063466 39.75647763071943 23.359764502597436 43.65344744781558 75.23571055587091 84.44532448585338 60.67778877633379 51.25795645503901 62.99019745596223 87.76647809321808
22.241503208842193 36.27467724337428 41.32856342913005 14.247334192041158 12.603763749450646 13.941152536080255 60.461060836687274 12.733088098301995 15.957436046809375 8.877599002100386 31.223577026290176 20.042550931391464 39.997545811789024 44.511780934748074 18.13495421153648 23.538737045349443 3.5565329903929532 0.0 53.33375718749042 50.54202370019479 26.404778273503577 37.7483009554125 31.189934585657895 39.71794891215599 62.74199418531466 8.624501540456105 51.40794316018972 28.217404140655404 60.48413465364023 5.008323367757746 21.960487922120027 12.102169816671129 23.55064946933912 41.22435751771746 14.936582850948685 24.184424334674624 28.64378344297564 24.995087770204243 77.71007322514872 45.92362619343112 93.24111648237351 70.63051260785618 60.64828889901862 69.01117814676184 90.78354806324752 77.69420420685852 48.53413006692984 32.70424449256088 46.6734062077102 75.37956950478298 70.50460043085826 36.0535351973878 4.865192131474336 33.79847281551718 68.23384358791321 74.14509183051732 42.68040176459639 23.250431389654345 40.674220800683926 71.85433688013802 87.27054000545462 62.61636967275831 51.188624462274106 60.94705672578695 84.87411323854906
35.313884753562036 89.42176866162464 50.15223652253275 62.97378426816552 47.6061147396388 59.18082531809875 110.695401371469 58.874585540967985 68.8374839016913 51.3559940601193 23.316914878027337 56.47795787015371 17.17654647866142 51.2973192773761 63.14880587137593 53.47778612729531 50.186648738020075 53.33375718749042 0.0 5.901797255234209 36.27663650201265 46.23014165610118 59.96129639963317 40.07251666913943 108.33687918494466 47.502125024351585 96.23016895224201 81.53861312515217 104.6087848284116 51.269186924299696 31.630117588810524 60.068351134351566 51.61608934216523 47.95215059818093 55.80616198018238 33.585552457478 78.25921487230165 59.77954759206249 24.441585045851934 9.333338335894272 43.765544667434504 39.11538915127581 59.49312119091742 89.12730390424194 121.41971900755344 24.417078003698467 14.929287037823947 47.375377000338965 81.61385851438641 116.06924777233115 29.82553668483144 22.66190550267768 50.32304014750064 83.34327725987407 117.28018777645974 52.872611323782145 49.010530751199916 66.35782583142978 93.80564908893464 124.86171702467018 79.46028200841836 76.73451832252802 88.64072000392413 110.54822131779683 137.76567888432538
31.152589929117894 86.80633719291454 44.395989803036564 59.232488239437345 43.72467676468777 57.618124748897785 106.5775062505528 55.03481983627682 65.66291043353677 47.730413397244384 19.58766274842355 51.965447631866894 12.158148146153295 53.53340419948005 59.033520131143604 53.22685460192474 47.58442287167802 50.54202370019479 5.901797255234209 0.0 31.455920747825047 40.56115558303676 54.80306511657498 42.15012133386921 103.62227116819602 44.0882005497466 91.52941112409312 78.5893967676998 99.7787161638057 48.032355208510374 29.48474390307594 56.35156353652354 51.41880397373436 49.960033008256666 51.67887345103392 32.861505646725774 76.58919549056878 55.000997640840836 28.324644043910876 4.671155099821725 44.0071494841899 34.7667617027896 53.625159968538206 83.29117235581639 115.73250429610742 28.275657730768888 9.05769518283362 41.94549573292026 76.36531366309136 110.8997357875318 35.67711818237159 23.474324568375298 47.160105739707 79.3218238566925 112.9365858048664 57.93646593433188 51.1439845047568 65.34205418186039 91.20452162684946 121.49793953164985 83.96860225981844 79.2206642330236 88.85849894937321 109.13516273663383 135.35090087145534
5.829102999746191 60.561891010383576 20.54551867595499 29.866938647136266 15.0530031353856 38.750554845113015 75.62822163561447 25.522306252955357 38.13687585120955 19.755735405113448 14.421547461906732 20.69880811419502 19.297934264738945 55.65468015754143 28.502065950735677 42.24414346831458 25.088956217007816 26.404778273503577 36.27663650201265 31.455920747825047 0.0 15.864496733348677 24.001363193294836 46.186896758820524 72.1668625570008 17.853779889156428 60.07354002532512 51.347051095110125 68.35624959805058 21.985158651176427 18.78171445226761 27.22467720892659 41.147840179859706 51.631111739041096 21.340668176277482 27.117131802422325 55.04444177530814 23.54811830369498 59.69976369555123 27.05902678350109 69.74052424640192 44.36009804673307 38.29782546780049 57.96944137073121 87.45865531799774 59.64295348763103 25.94908176694585 13.575000566163757 45.717166231147935 79.94179625217102 62.030726111007084 31.003490331401462 21.66723496811864 48.70902336525265 81.67322738017543 75.73183860548033 53.21077444038313 48.18996101574082 64.86885891740216 92.13292603284937 96.01914042294652 79.27015859824472 75.77983902369557 87.1559131840951 108.83228217605809
21.5364811052882 66.95599831682513 4.713916928345459 35.284546077956854 25.149180019735667 51.39422410925557 74.07649601375276 31.495391570946683 44.936323418242864 29.23327460367424 28.474868382441574 22.85502918988824 29.553310292173492 71.4965355657177 31.71078270257828 57.00439401749427 37.598510209795904 37.7483009554125 46.23014165610118 40.56115558303676 15.864496733348677 0.0 17.931050611377778 62.02656148055262 67.21941713533381 29.45796568753196 55.61191166869937 57.28724078878599 62.746366100888025 32.763308615000334 34.6461010095565 33.49661613201839 56.0928291673467 67.47928325365302 26.634226649028015 42.9773844810321 65.2345593908096 22.119418128054456 67.0538807732688 37.05884812324212 70.73270953900497 39.66660624003885 23.207908867082622 43.573137928978895 75.18958435479544 66.96800278770203 32.554534919237646 5.4530758679530065 37.34338328566231 71.79257942292053 74.56493950447788 46.0992406617311 32.94211515453616 49.39695423124563 78.67508118020511 90.71221078218733 69.06088131788789 60.86778371336137 70.95879426170616 93.59591601210509 111.76263177323425 94.82848834654166 88.81834181422442 95.81050456072941 113.42533678493662
27.075534598936027 52.291330578473854 17.894585414736916 22.472512594451167 21.138231098226342 44.83000328304739 56.14752848550024 20.17685593727144 32.00593049212767 22.66496032255395 38.32475804833106 11.192953775920284 42.79360336122493 72.9748674439089 17.596355887267144 54.192518263071705 32.74555815644128 31.189934585657895 59.96129639963317 54.80306511657498 24.001363193294836 17.931050611377778 0.0 65.47771302003171 49.78200287285762 25.472762908172843 37.95915497807542 42.68029141674428 45.53175022260746 26.651530234384946 39.047548078865624 21.94977156839784 53.8559782607606 69.21793138556167 16.38505802851877 46.3465999431505 54.28561025628645 6.863835582653465 82.5983638915137 50.64325353178291 88.45705221232295 57.51076331614352 34.42615760812309 38.17941039185127 64.22623333017863 82.52770389108754 47.98932137968433 13.78340106838423 21.721957672577602 56.11202069818717 85.92942408552298 53.57941533934367 27.431454041537144 32.0789446847506 60.831536326465134 97.6921150383323 70.78694550157566 53.59697303069158 55.93997618524471 76.03109828200928 115.2837741248842 93.3968192676675 80.93400158925574 82.29452515780858 96.89785664369765
40.730665752385676 67.15579999822934 66.72416583358442 53.933097969478396 44.689029033454176 34.85970489690201 98.50014109570199 51.751666671898114 53.83617654241753 44.91199032770631 35.57627269284102 56.03847467482546 40.93680615206636 11.40275869758532 57.321423940932945 22.37260010367172 36.43169717203634 39.71794891215599 40.07251666913943 42.15012133386921 46.186896758820524 62.02656148055262 65.47771302003171 0.0 102.32152380563595 40.977413658034784 91.11464318802926 62.64520173155249 100.1898720337177 41.81536349995658 27.482412181457658 51.578306351670996 20.78152227734205 7.880025020520543 52.05568822862216 19.357409676624922 51.05880557018295 61.124005905877965 58.195600801840094 39.868525226798134 83.10320010274808 75.77603941518596 83.50219111840279 102.94641898733109 128.91103881219783 58.25556310590862 47.55840326325422 59.36920716288316 84.7491223956335 115.04318616237083 38.58969599978013 19.357912936159252 40.68341214201022 73.00957696138865 106.77314131686445 34.53422011659036 8.994286638424118 36.9328428413 71.0072209261802 105.42707822013968 50.04069032826053 37.15270793216107 51.491785907143154 79.48151744797525 111.25666948767598
73.27513854312834 48.08292350505385 65.79127756997333 48.808385054358 62.03616019424939 69.6003751382349 16.625004112275327 51.84461964553262 49.002031732687364 59.58741491527232 85.37724947313306 51.940192731871704 91.46465651333472 105.632397703608 46.57007738641257 83.05848394701158 66.17810776543344 62.74199418531466 108.33687918494466 103.62227116819602 72.1668625570008 67.21941713533381 49.78200287285762 102.32152380563595 0.0 63.90069977236943 12.10793144614767 44.99780217544342 5.1294581090916225 61.6011346094887 81.6249856808728 51.4679167020336 83.8483515189387 102.86292219757382 53.4776511087772 86.30018741688252 63.619940590835654 48.62237569954142 131.8150711581099 99.20394683134087 137.9348456095989 105.60863194334989 75.33367565004643 50.911298090988744 43.629988553061516 131.75396274196828 97.47618619132372 63.552786963041484 31.16338023321163 17.268627186852257 131.37028581057166 96.96175088595628 62.768319018136644 29.546475366454118 14.176675830705609 136.83261059715215 104.17826879440106 73.33405649737071 47.932032969280314 40.14846842102219 147.49256416543395 117.7119996127036 91.394417113789 72.41912985613989 67.3118676324974
14.139550823673044 43.51809243028813 33.26455659681578 15.76074300108167 4.609823938718758 21.93771936830024 63.81914524710358 12.108378915534194 21.646461930485206 4.313529016957389 24.501919194657937 15.15595672972354 32.85753294404216 47.67218194851384 17.355089748736077 28.998516675765952 8.176590361834307 8.624501540456105 47.502125024351585 44.0882005497466 17.853779889156428 29.45796568753196 25.472762908172843 40.977413658034784 63.90069977236943 0.0 52.05740210236015 34.761765178668014 61.028666318372515 4.230962477021761 17.79375159836105 12.864477029382094 28.51314123678648 44.008991801476775 11.145483206465464 22.84912982336126 37.210761998720876 20.30622355091413 71.93202020056218 39.41831835871928 85.82399223485986 62.17742148976947 52.546227172151944 63.64731246842373 87.95257202438147 71.90353317076088 41.116383578996754 24.613786129493064 43.77170878096151 74.97285551713212 67.58518951347601 33.07157117269794 3.8149685793099075 36.472364029027204 70.99835827427445 74.55676587676862 45.55854931615554 31.42111616452892 47.893911031652415 77.42868934827935 90.23814022242442 68.08860777316389 59.36312158161673 69.33027504517378 92.10960324194772
61.17553970240134 42.065541317033436 54.47449753379104 37.279639762782075 50.03951284755786 59.31291762531333 21.08225630397054 40.076645203619805 38.60064953419726 47.74649305609164 73.27520851989088 39.83801287114623 79.37131035761713 94.99687691571583 34.702348844311246 72.59068191677403 54.770150603757735 51.40794316018972 96.23016895224201 91.52941112409312 60.07354002532512 55.61191166869937 37.95915497807542 91.11464318802926 12.10793144614767 52.05740210236015 0.0 36.96662981672947 9.076200560827404 49.942521053302265 69.71455509082317 39.83523790798053 73.24626753155958 92.06338447658887 41.484393945843294 74.6270725428482 55.676730514496 36.5360648321522 119.74002404849892 87.10305051330802 126.33513424772374 94.4724964531595 65.45500639937588 45.149551237728 46.76991479099742 119.67988999891931 85.45655621196366 51.741858764333635 21.12976376331394 24.709591348716884 119.40342449498381 85.07251441317855 51.111044934358326 19.549843947644504 23.386003526362067 125.54789951647163 93.42689914824942 63.95090701757784 42.96130987520607 44.681678556518484 137.25334800242652 108.5195625145648 84.31650720310246 69.54721675069221 70.4210292660315
48.736045821640325 9.689087969715311 59.204124689773494 22.138409212787444 36.370367345489065 27.804056432856786 36.783058372588044 26.275953178598705 13.233543212491604 31.75785996394438 59.08730309493711 34.4393213259885 67.60486308172075 63.402018973243855 25.695922827614005 41.02355985307704 31.4825516126115 28.217404140655404 81.53861312515217 78.5893967676998 51.347051095110125 57.28724078878599 42.68029141674428 62.64520173155249 44.99780217544342 34.761765178668014 36.96662981672947 0.0 44.895830049201116 30.650409073873657 50.13765113094428 24.376546765981526 42.2641227182817 61.2871715999108 31.0409960121652 51.191925999351035 18.752281312457384 36.24672659218691 105.92661088222272 73.94028641879645 120.53576881192687 95.06266347677924 77.0694545616851 72.36880601201497 83.24385718785761 105.91034284508439 75.86489462805469 51.85344380089993 44.90983092809273 61.15408471321669 97.39637954545609 63.56451173096384 31.459316743813186 18.26962298185507 45.52712041591387 96.62366588373848 62.3851207567516 29.026293314221878 13.711310808001327 43.91271243480166 103.76532894536818 72.86878065495061 47.405689513931826 39.74373037976643 57.50350696227912
69.75247000169514 48.96680952784161 61.15448371193719 46.3498689941086 58.88371302419558 68.21617594075333 20.638214071650484 49.093665899647455 47.50636500307404 56.72288711193382 81.82162672268406 48.43247902214628 87.63289940472222 104.00244225125286 43.6798472498823 81.55082456343168 63.84474385819904 60.48413465364023 104.6087848284116 99.7787161638057 68.35624959805058 62.746366100888025 45.53175022260746 100.1898720337177 5.1294581090916225 61.028666318372515 9.076200560827404 44.895830049201116 0.0 58.985508324073514 78.6282112565546 48.88968715994695 82.23729568252097 101.09765147501795 50.3452746315286 83.65634337699295 63.64360256542145 44.82947712364804 127.88013284905303 95.41524931297879 133.396853653526 100.85092126907486 70.29879114818873 45.91030074456737 40.846240394329975 127.81559831240632 93.41535604217741 59.252695959088776 26.27140791622618 16.25864173308184 128.24366961942883 93.9948501557016 60.15375709589132 28.22705632159335 19.23300557426735 134.62373172443742 102.4534596566632 72.55819292018437 49.2695548790094 44.55451078223774 146.17818527495086 117.09556607915562 91.92082141149093 74.71451864312601 71.48312569766946
18.367629927571556 39.31906222097273 36.32067011487234 12.864383027942306 7.647420133938206 18.907434721752377 60.664741850429344 9.979012563300321 17.630581775187288 4.015935793470441 28.474026969839425 15.661956000759956 36.95755309398866 47.60522860782423 15.537828917498897 27.601571025837924 6.144626476560169 5.008323367757746 51.269186924299696 48.032355208510374 21.985158651176427 32.763308615000334 26.651530234384946 41.81536349995658 61.6011346094887 4.230962477021761 49.942521053302265 30.650409073873657 58.985508324073514 0.0 20.780178209337176 10.13338010957911 27.384126135493663 44.117101450719375 10.802935509538903 24.7008941607176 33.191414451485414 20.760486301512547 75.71076415398116 43.369123852317 90.00346998617084 66.33880721807284 55.6403060056914 64.69654966228974 87.57988924323752 75.68605412319587 45.28112430664981 27.698754575881196 43.34629336715827 73.38542531838277 70.34327488711918 35.73994599491315 1.1685769401989572 33.47001372695426 68.07328756694073 75.89507098392195 45.62644219549089 28.254581939316683 43.70022104399619 73.59304303691098 90.35479412072654 66.81032525886523 56.19646478847934 65.17099126129503 87.92761740375013
13.24826260069259 57.811289856573865 39.32092611991961 33.45489773445683 19.851348992376845 28.24696465242719 81.43242016876111 29.901184004701157 37.807553545836306 22.0862087872656 12.114883002350583 31.050772360076465 20.817486350914923 36.91659824726478 35.05619012140579 26.411649597459807 18.661166507846843 21.960487922120027 31.630117588810524 29.48474390307594 18.78171445226761 34.6461010095565 39.047548078865624 27.482412181457658 81.6249856808728 17.79375159836105 69.71455509082317 50.13765113094428 78.6282112565546 20.780178209337176 0.0 30.59260840179804 24.90633631505559 32.881717696780605 28.3094111666276 8.353082773849357 47.12628615081049 35.75485945541496 55.873017125475826 25.068440555035806 73.23023462622211 55.61391290824825 56.72693948345666 75.74815064358332 103.2105483749739 55.86244481076525 29.520038227657857 31.891917364634065 59.64560293021188 92.1571664266799 49.794539120038515 15.368826658083446 19.69161754544558 54.168007461106185 88.74367878949816 58.646005769437764 34.45646800584592 36.468863647819404 62.18957692136662 93.80801976725863 77.46051630453069 61.02884807553881 61.99753984500904 79.73490787793564 106.14330905968147
25.400411299565633 33.87099164452174 36.006020858451215 2.912871708692464 12.696356964431919 23.919061017931423 50.96123002977904 2.0037291603930387 11.489908192633294 8.739237153349329 36.83556301573322 11.3301033321864 44.70516935810515 56.612388440472124 6.10679628504424 35.32304019635949 15.165456930476735 12.102169816671129 60.068351134351566 56.35156353652354 27.22467720892659 33.49661613201839 21.94977156839784 51.578306351670996 51.4679167020336 12.864477029382094 39.83523790798053 24.376546765981526 48.88968715994695 10.13338010957911 30.59260840179804 0.0 35.49043200765775 53.32008020351672 6.863421142447539 34.83289066349523 32.577892490989775 15.131213555810037 84.4401765049582 51.688368866689956 96.86866362397788 70.68625816038377 54.8119887818235 58.36916187432921 78.7677721125272 84.40604201031971 52.51804787576144 28.049103010754862 34.78793482203759 63.47038711911009 80.3304226803203 45.748342092714125 11.30040377643578 23.608087000777786 58.15357893723375 85.84501756540232 54.78030323193319 32.05047410616012 38.05812457137754 65.30272190721878 99.36547792609159 74.04056794826467 59.03644376283342 62.316820963201806 81.7083787027724
35.3759887420625 46.38669720852868 60.41758047140842 37.25007710403258 33.06154131675821 14.568121642810736 78.63682666941173 36.27409055412412 34.84663549033992 31.268469942484078 36.88491979600509 43.028653888705996 45.141545548539824 21.78502022309646 41.588540331355375 1.8986489038712013 21.24120245773087 23.55064946933912 51.61608934216523 51.41880397373436 41.147840179859706 56.0928291673467 53.8559782607606 20.78152227734205 83.8483515189387 28.51314123678648 73.24626753155958 42.2641227182817 82.23729568252097 27.384126135493663 24.90633631505559 35.49043200765775 0.0 19.169233121115383 38.16068475448677 18.71052133317511 30.453312571254443 48.143573058170695 73.66180657010953 47.662974404391335 95.21948027356748 80.4467322716656 79.19178744776514 92.00943876446964 114.25790825300524 73.69161524575463 53.56084227375739 51.979603022666126 70.21253501738501 97.73702805755951 58.250772270721555 29.157589153796042 26.495710413694717 54.302168145880245 87.12217507677012 54.3595495177941 20.39597592696026 16.48892563751069 50.22576159479603 84.66536016157707 64.15530862135388 39.57627024071919 37.56979940681765 60.42788766987438 91.02966828444264
45.96008198515036 64.74102440617925 72.12642403479657 55.40402157214454 48.11331643750442 33.72692106190093 97.7837023937582 53.78120776663692 53.898833944397715 47.597573399780615 42.21323025142302 59.155713439331485 48.18990435178596 4.050479870541781 59.294941235164956 20.27241109053783 38.27067790165417 41.22435751771746 47.95215059818093 49.960033008256666 51.631111739041096 67.47928325365302 69.21793138556167 7.880025020520543 102.86292219757382 44.008991801476775 92.06338447658887 61.2871715999108 101.09765147501795 44.117101450719375 32.881717696780605 53.32008020351672 19.169233121115383 0.0 54.76795279927503 24.528755352459097 47.806218496814914 64.31293969957824 65.69927425444969 47.55184588485988 90.9246828317777 83.332682953959 89.53263121238768 107.15673547258955 131.6957013711115 65.76448225101687 55.119657676447595 64.39084480684066 87.45844626336405 116.38974801887305 44.60447225875047 26.9108882223376 43.0543035751557 73.33478301326578 106.28804229171182 35.513468620182216 1.589346337092237 33.744628785045975 68.33541032012734 102.93498441791866 46.25960594765238 29.550097397401675 44.735921048542 74.32519269963349 106.9672995308821
