0.0 8.05116383595163 58.358938561204404 40.04900740022265 62.854137444040745 88.60379073986068 98.87712857343847 41.94059114378356 96.09739645587942 53.86394256513812 60.72304831936376 14.813844703721323 42.78432884645313 83.3820740522694 6.714899122333077 50.5653744668809 80.87728126717339 50.99354341788359 45.358617033318346 74.928524641351 2.13391979423662 12.912669263767954 20.903111935070847 67.0629065003381 68.41955254205703 90.8010032394516 92.36726179469979 55.497312936857625 96.00955225197114 57.286516288503066 94.4172515001139 33.73072644579607 43.358761854062024 84.48340791537626 27.116432085236045 51.3761584762809 82.9880230397892 53.760255692919046 44.15684687126107 85.4432526981628 46.421769361148016 34.19781637064201 27.97696204647276 31.537912948120347 42.48857832209184 56.69769315807266 72.26816254696075 88.48421335558972 105.04729646725833 121.81593805229313 39.51363261152779 24.053083095070686 13.945864182618442 20.227113645487396 34.96423604568985 51.328083495159866 68.1568718875594 85.17545945208148 102.28915522864908 119.45708994873219 37.02881824680968 19.728822190616203 2.4562313607401807 14.884667384964832 32.18364766491891 49.484690906107694 66.78619389006697 84.08787283410733 101.38963765791647 118.69145080517164 39.80454787068979 24.525908692475582 14.742826325083112 20.782064954519793 35.28668423579121 51.547245414189014 68.32129609472047 85.30646549442154 102.39774985335241 119.54964600393073 46.91620275053905 34.86300473241366 28.782593344978384 32.25144682980224 43.018409173554986 57.093964613200214 72.57801061512895 88.73626100153331 105.2586812106126 121.99739950390997 56.756574580609836 47.232873995353906 42.88688155041394 45.23637284237139 53.40485785288669 65.24210950073905 79.11821191905176 94.13583089128952 109.82769438011647 125.94202969128055 68.15367602412603 60.39910258213121 57.007695048967484 58.740111183688015 65.18912251229663 75.15011903399645 87.43086841816653 101.19027017555545 115.90290103339976 131.24858788238672 80.44845695758482 73.93734194444176 71.13505191988212 72.47309473495035 77.73797064634893 86.21324417225624 97.06154558628708 109.5803475191014 123.26171450412664 137.75970648592323 93.2865198623975 87.67528330553772 85.2655483251156 86.32583665168384 90.73458177527506 98.04109597444543 107.65698576004043 119.02384037846926 131.68902948032482 145.31346910356024 106.47137416944155 101.53174022126566 99.39768670086771 100.24854644886496 104.01109125067644 110.38798954259056 118.95954968287631 129.29000649203016 140.99327000924148 153.75618259702125
8.05116383595163 0.0 54.17976515752811 32.00937411974952 57.06571782921124 83.97731353618676 92.31950614401482 35.610583384845576 88.77823654330999 49.48281213555158 54.85050270941914 11.910915635763093 37.57784789813639 76.80661089936663 8.704400223437844 42.683019033731675 74.84647806572696 44.14503036350523 38.63474627631072 67.57076223840063 10.137557580202005 10.329236956936603 28.871088981904094 63.16236303264272 62.198912788872896 86.03308824320648 85.42525120783823 49.22215153793716 88.93742724174398 51.54121060254443 89.71607511636056 26.8572696676465 37.87672548583113 78.60250847306112 22.675313126304605 43.3390517396047 77.02159702585354 47.05839402871115 37.786674042618074 78.7134034875075 51.874343983325495 37.8837928529674 27.894914619150022 26.82873582134204 35.498537623591034 48.981849541624364 64.31957166406771 80.45808422370663 96.99850327784704 113.76566381177217 46.39658938572833 29.988980631454673 15.644402538302305 13.742948047364543 27.050006101117525 43.28105772610429 60.11247794330936 77.15233612692384 94.28769195364744 111.47451572792968 44.91054315483273 27.645482996593362 10.502483124599062 7.4192419737572335 24.464294986019052 41.721360055438375 59.0047084443518 76.29648045843561 93.59200724474167 110.88953191292408 47.790057901569405 32.09337935770341 19.359562083976023 17.841316394865796 29.33504352226781 44.73800696645933 61.164908545015095 77.97124526642882 94.95576033360737 112.03744924661852 54.3455421453781 41.18825047546891 32.2213443475219 31.28365570229662 38.959314994586386 51.533468384922095 66.27425994189588 82.02173934980527 98.29324976334371 114.86631011714401 63.44755557309703 52.57113433891401 45.83186492502023 45.12315745535638 50.69854686668153 60.85466119707051 73.7220505933158 88.1209141863911 103.41351028406089 119.25651562945713 74.16425990273429 65.05172058300626 59.680917466200896 59.08125018503198 63.38827172496489 71.72341679029309 82.88015863056096 95.87851442136594 110.06795634856556 125.04366099664144 85.89326154370536 78.1054262306082 73.6338941653847 73.08988075426183 76.55715840354108 83.53773920979417 93.24589415497917 104.92724725169151 117.99722534389225 132.0441240462115 98.27263293884228 91.48710999079114 87.64102158829066 87.1245229352861 89.99495980045793 95.94883815454706 104.46024486598046 114.96252620580623 126.96258726429832 140.07601920410465 111.08500806483008 105.071380797035 101.67976465700073 101.17419360406537 103.59692946625275 108.75244167680148 116.2778000238354 125.74825413161372 136.76031400165297 148.97250411736474
58.358938561204404 54.17976515752811 0.0 50.34416809908416 15.298613981686788 30.409757423690973 49.22166157775249 24.173805508935985 55.64116171967455 4.873839328228877 15.503508803548403 43.55647693603907 17.772009367365182 36.250640981960665 51.94832384032002 41.871200499129 29.329624281459918 25.651690430299126 25.657698231575726 40.664553130989326 59.96973743720899 45.458431777445185 69.8166506653227 9.182712378761238 22.250097603467914 32.77619705719192 47.53525166442661 19.172927863911855 52.15976094261566 13.845534093617479 36.27014780755197 32.5091876235499 18.43605814663173 31.30369296691501 31.53723294718266 48.662275500434106 30.61156825031256 23.826155155966504 23.25931746432514 39.511529529033076 104.70589650129072 91.97491649086581 80.95762924036069 72.44019718843734 67.37743370906946 66.56235381904574 70.14319130791151 77.51309306107548 87.72219714992328 99.90385436630201 96.27571949576397 82.29720582530447 69.82367885329646 59.80436681837674 53.63281246253031 52.67917021919918 57.20499539015492 66.09408551744751 77.86619872086963 91.414231856494 89.29415468319633 74.04857993860871 59.9303318451951 47.94583937292492 40.05831630653019 38.84894144689156 44.861098424704956 55.80772711963086 69.39159181507372 84.34802888545137 84.12276119003823 67.75315505775419 51.99088150430266 37.607501488857274 26.912956846787107 25.159510997282144 33.769889108390956 47.397473524801725 62.85973474342961 79.08781623476132 81.10860397547947 63.990126907752405 47.0061709817212 30.383168777126365 15.342973812350822 12.099165746776146 25.61417271793535 42.005891755473016 58.92043029550226 76.00955424233558 80.49442985554629 63.21343405510829 45.948196872168296 28.7271455258464 11.746255906412994 7.029488535547745 23.655156601057328 40.84645274765034 58.10346387098945 75.38107102610753 82.33397332933134 65.52936092568268 49.071613225654595 33.476281274105865 20.784890990131892 18.49524482574835 29.169308716911154 44.253080831037934 60.535393425630645 77.26218126269315 86.47075309720891 70.63433140105394 55.677061214986104 42.536693107007295 33.42924045446997 32.00572942802127 39.1142947917377 51.324439985685714 65.85724686422037 81.47922760461526 92.59733904230131 77.98245438179111 64.7067434493401 53.77141961243461 46.84519131662071 45.78517003300629 50.958758849954336 60.79483428030901 73.4433939151026 87.69581407999875 100.34986631052188 87.00715362574736 75.29336066842332 66.0804948902293 60.52164666343577 59.64732928316292 63.65087848754666 71.72001840237127 82.67275254053011 95.52226573381081
40.04900740022265 32.00937411974952 50.34416809908416 0.0 44.07745714187834 73.72600197256642 71.00112472538535 26.32608949610368 62.775218162080414 45.81555004810628 41.808369369341435 34.07877641446141 33.915667423774856 56.37120690990214 38.778469763971465 14.931014392837842 57.91442266897842 27.20871286206184 24.924989277743045 42.39442769496188 42.10083254409302 34.493570983342074 60.850917996126576 58.93421292328202 45.65574436955152 74.90048023894393 62.07574963247824 34.9578800030298 64.57567182048608 40.03240405060698 78.62195934770288 20.256627803809145 32.596312957890795 62.18515148415656 31.574312081552193 12.236999622153848 60.25688425725146 30.356592660812733 27.085120953020756 57.146177426068505 77.21246087534192 60.410794587024505 43.99859530691279 28.653114551235284 17.45960641492252 19.682150213367443 32.69018990550293 48.462586530889986 65.01775425700092 81.8822736745409 75.47318307420215 58.181755866922956 40.899213268193286 23.645045018983893 6.64411316401071 11.309902887140977 28.467475207522686 45.733947608521476 63.01987274519558 80.31269099946077 76.35416637278159 59.31493847511406 42.488563913022105 26.287014546110314 13.24572147461598 16.081171421929707 30.66711503389339 47.128046299206865 64.0339479083372 81.10704750347814 79.76862969118422 63.63095026014842 48.306021816983076 34.882030061116374 26.433892321228278 27.918733316474604 38.19517039391879 52.31631463989691 67.92520061211778 84.1984521440109 85.41323337841281 70.54797548160646 57.07292812551151 46.22042056370886 40.17513287392502 41.11521856823681 48.637300156457954 60.32759407744101 74.24254925449668 89.34875211365727 92.88220429753895 79.38895199950164 67.6521025495411 58.73421247275076 54.049124932768 54.69558988674088 60.50294749816917 70.20188896765946 82.42998986331443 96.22785822422242 101.77458225570354 89.58596679546068 79.32160119095458 71.81140926180244 67.9744930171344 68.43154256574135 73.10206188011077 81.26277130629921 91.9894323572927 104.49480583178419 111.75097710935773 100.72790802146305 91.66582174625967 85.1928116191126 81.92489414217943 82.24501360268873 86.11316448981609 93.08809154681401 102.53774588041695 113.84755915292932 122.54680471138444 112.53432102764287 104.44566118575425 98.75468363514854 95.88924656973386 96.10242631835706 99.37441194569281 105.42077510272304 113.80015186653785 124.04063033338205 133.96396854904845 124.81664678791519 117.5189360119783 112.43157869773425 109.86206814588809 109.98701154318495 112.79745547296571 118.10183646265743 125.58453786799575 134.88351673615082
62.854137444040745 57.06571782921124 15.298613981686788 44.07745714187834 0.0 29.677906500143894 37.4072617008652 21.780246247217786 41.04241836834038 15.079089290797247 2.3508906044364895 48.456944938332214 20.400117948438346 22.770302708163012 57.14876849267344 32.219447925843966 18.170184940360734 16.869092527563776 20.25066987180693 25.406827688182684 64.7493822667643 50.27646091191443 77.69853774915278 19.15438413058353 7.354618591933111 31.002784867451183 33.712741473126435 9.167405768549983 38.206525233888215 5.570030176690778 34.759937857598125 31.15504167010619 19.55229386924359 21.631434890624504 36.161813407273314 39.01714852521201 20.185281314446634 13.783592672952821 19.784227815985815 25.727451488681343 108.90838200962837 94.5733343814185 81.39958993349673 70.04547571601746 61.526757245226925 57.12628823935865 57.792573234319136 63.36598453598544 72.7269704677212 84.62785730738433 102.17308685318594 86.76940450516061 72.23035386167722 59.196478440221966 48.886876363231785 43.293589381952856 44.243052141856545 51.37377759429667 62.60820206615335 76.15125401237239 97.03140113397599 80.68068363874455 64.82562850477079 49.94057470621231 37.20845851857872 29.556509623258464 31.00668684897236 40.594968777505954 54.15900519000887 69.40571798254048 93.74598498284068 76.71674938543727 59.844148173619715 43.31162665501285 27.734174494970887 16.16119936394659 18.758912372517493 32.26951689245197 48.26447084648489 64.9331122790384 92.51485999601802 75.21435542864837 57.914702825530604 40.61699081112497 23.325537080447333 6.0938506702020545 11.35354351068725 28.624892713622675 45.91927279305299 63.217785022712015 93.41929641688085 76.31903340142995 59.33580341917852 42.60977666283367 26.63008371961039 14.193042041054138 17.100769504834535 31.33916056227139 47.65041913398838 64.48018838633766 96.39919172547134 79.9227378782634 63.88422319598423 48.71810747140257 35.558741495433374 27.46095913883613 29.025756422012616 39.11003546241775 53.0603928632815 68.55600474522673 101.27146143512121 85.71078527844178 70.96107372623527 57.64819785032739 47.009157684595664 41.171744642944404 42.179019282310996 49.615846644290144 61.18088156218092 74.9878240716585 107.77970765881943 93.27735621508504 79.89720843764471 68.30198814320079 59.54375019496584 54.995033641140445 55.69693167597399 61.469843061888085 71.0889157949227 83.23115538346667 115.6479751713988 102.22819595094009 90.14124714442994 79.99359555541075 72.60300770054121 68.86296993926983 69.3664979300433 74.02704874446113 82.14004724197036 92.80442489496282
88.60379073986068 83.97731353618676 30.409757423690973 73.72600197256642 29.677906500143894 0.0 32.07078784954159 50.46618863044661 47.06344388770453 34.74725014744831 31.985360028979006 73.79085666868305 46.48653750368365 29.07028120212388 82.27662235940747 61.20858267357147 20.93914794385335 46.52593263160812 49.71606148993485 44.46202251242349 90.26870130357008 75.69136526870851 99.99986477701123 22.647908553245728 29.174495237211364 2.8452263923140793 37.22764770658278 38.84139925427438 41.20215785513192 34.26081929034492 5.868327847093102 59.81451848765189 46.445850678370604 17.9480186909037 61.56779916022984 67.79580035309239 19.48194648354297 43.373608399114964 48.73354049898852 31.849028093119713 135.0098755665306 121.86109676343577 109.86931693269885 99.45394008301544 91.15692562528935 85.59651557186912 83.32239413349897 84.59999259966018 89.27696023693008 96.8621288621928 126.6808467073499 112.60764621594308 99.55710402077897 87.98546384071608 78.54907157685959 72.09134036993197 69.44822517338426 71.04674880579135 76.6218961178943 85.39835669393823 119.43378084379935 104.42721644281795 90.24609407753313 77.34578135765113 66.47616660910748 58.77490957997028 55.57515363222163 57.63162189658328 64.4430633944106 74.72022104354568 113.47627629173927 97.59014805994433 82.27705501658468 67.92566254952808 55.28998598583332 45.81238407785867 41.704575128197206 44.480037157388594 53.06958537217744 65.2149763835666 109.02003763034787 92.39524976197457 76.0730277931684 60.29957497490079 45.647362818221694 33.61598619693674 27.840566254871472 31.919735845861158 43.143385926658034 57.46776285537025 106.25418659379463 89.13020375909787 72.09124029193212 55.21606000800716 38.719404567921366 23.415463879742372 14.003151739658982 21.038184805705555 35.88641571021775 52.26640504624674 105.31203394666538 88.01010524284186 70.70817746001023 53.406251493293844 36.10432995364546 18.80242506239172 1.5011126007423092 15.801553526207897 33.10345076621793 50.40537089843929 106.24212174794526 89.11588652345854 72.07361994331842 55.19315914266315 38.68689189017127 23.361914640541567 13.913848166711302 20.979131286310647 35.8519928572401 52.24288944650926 108.99651907839558 92.36762545722357 76.03962864124973 60.2576289376687 45.592196662996926 33.54138902997406 27.75087367512873 31.84190684600111 43.08611033291838 57.42498241875527 113.44238283021024 97.55091578686896 82.23073162020425 67.86980461323904 55.22166818715796 45.730296306986396 41.61481067091129 44.396284055716905 52.99974257149845 65.15842609496434
98.87712857343847 92.31950614401482 49.22166157775249 71.00112472538535 37.4072617008652 32.07078784954159 0.0 56.93977719074039 18.027250042626655 51.21784949227289 39.126086723754895 85.03292377408751 57.554635151933304 15.51309338679842 93.63952881957294 56.120998881531456 19.926205845122674 48.25608691126474 53.68610444808957 29.438087529645795 100.87907553196841 86.77034585975633 114.88219811292552 46.34081692869589 30.78731657862707 29.977730560059452 10.504319291178929 43.45869386653246 11.751778392442834 42.73653590566122 30.850831469326085 65.4717636852825 56.4546298593025 18.302879707222004 73.02305133690832 60.870989498100236 18.658989542051913 45.26651154402276 54.72133540576787 13.933992347554279 143.93749452895077 128.52307318287055 113.65321467470478 99.57218953358962 86.66535356634398 75.53701706539682 67.07826208185396 62.38461668836427 62.312778894436725 66.87764414587234 138.39073831872082 122.30843571287852 106.60868975793159 91.48865672266156 77.28931477188193 64.62046377998776 54.5588928848251 48.74672849609922 48.72901166626838 54.51139247455218 134.08739697637134 117.4400372379034 101.01288295749772 84.93380103903363 69.44498868361902 55.04698181109023 42.853725844629004 35.23380890713203 35.286096703334934 42.98259892241006 131.14999000205648 114.09041944324424 97.11662729702373 80.28303895626779 63.700902256631494 47.63355025991238 32.84534716292609 22.076913461847315 22.241289162764456 33.17636714759981 129.67142004722086 112.39550246866432 95.12903953046322 77.87832007359994 60.65677787092143 43.4990810774513 26.52939494580347 10.684611668582521 11.100740765273226 27.03711066808905 129.70160931221866 112.43017104264737 95.16980936559416 77.92788474097742 60.72010521437243 43.58693021783216 26.67251667758526 11.033546916266667 11.435406452230872 27.175563203708638 131.2395161853739 114.19284939629428 97.23638487727139 80.42719490891452 63.88164262176401 47.873858142695134 33.1912604338904 22.585940123244242 22.74425333267036 33.51401012143799 134.2333076098862 117.60584047585688 101.20471445882994 85.16080328462674 69.72114655092628 55.393337232126854 43.295646619449556 35.767469800060745 35.81645500119785 43.41696298752014 138.58862452510317 122.53127183426507 106.86309156065097 91.783604907976 77.63660189416964 65.03349759535442 55.04517869479075 49.287824236624196 49.26773356741825 54.99119526079473 144.18207756781152 128.795677142212 113.9599751278772 99.92056812451122 87.06353117477575 75.9913910287682 67.58712217768986 62.928858103201584 62.8550539283364 67.3807758247651
41.94059114378356 35.610583384845576 24.173805508935985 26.32608949610368 21.780246247217786 50.46618863044661 56.93977719074039 0.0 55.51326345969006 19.533504095221616 19.48085387693446 28.312447660740528 8.041361468305768 41.45465309730231 36.79759368528518 20.888269101723623 39.25872686779649 10.036606760830201 4.6629556216953585 34.99319114091789 43.93931158104099 29.973077148701208 58.73926605066962 33.037316084544145 26.589474144091437 52.14944133577424 50.77715488030824 13.61418642470235 54.66051816115616 16.455747530048875 55.911738021907276 9.410700761286371 6.425897303910194 43.0832860677576 17.082904424907465 26.920651392752625 41.45734399113529 12.156750163496163 2.2239421348560877 43.60420183377155 87.47206454302095 72.8505923719009 59.680484419181155 49.142815449323116 43.20853015750327 43.79089545571436 50.665694997760546 61.766394201807216 75.24537815683145 90.0408301453162 81.45354646331977 65.53762275937596 50.54096693188171 37.58068993378986 29.477733112736175 30.40188841386887 39.72810673677227 53.207891207195566 68.42913476411188 84.45544895599703 77.57080533432269 60.6675817209532 44.0748641989486 28.343330557568724 16.21134388937933 17.916012529961943 31.270943220778218 47.259632092547605 63.935798358809805 80.87528886293791 76.15129489837523 58.85018283909036 41.549752437317935 24.251462572883444 6.971265893572135 10.38158279393003 27.670735016782814 44.969717514613535 62.27033814130762 79.57152840705272 77.33080220354708 60.36181530658991 43.65497972180886 27.68895974343577 15.043685007427282 16.871845047401102 30.68743361337968 46.877401143975135 63.65513038244149 80.65465417281555 80.99584569927234 64.97050928277191 49.80679739305187 36.59203452765479 28.212530008234637 29.1826428266803 38.807426731532345 52.52728844098802 67.90379684983009 84.0324053948027 86.83221513716887 72.08460827940534 58.747367015903144 48.01063139857743 41.92247057195476 42.52847947018067 49.583815997292426 60.88631428511603 74.5280949780704 89.44515543171238 94.43812092524196 81.04693597731648 69.40714338047357 60.53755732542956 55.77578969013278 56.17633094288443 61.638625673052566 71.00393485883149 82.96080960154704 96.55118677422023 103.42380111005706 91.31479999367635 81.11099043126966 73.60898619755235 69.68689216075444 69.94950349253207 74.35249255071652 82.23346805184977 92.70967261594522 105.00720705856867 113.4618000225881 102.49646847112267 93.46738231108647 86.97963316814702 83.62679677819013 83.78606815112435 87.43825716806634 94.17787394214606 103.40297184721288 114.51443907077581
96.09739645587942 88.77823654330999 55.64116171967455 62.775218162080414 41.04241836834038 47.06344388770453 18.027250042626655 55.51326345969006 0.0 56.11542809605663 41.89431745544697 83.55919146471778 58.59518468785267 20.142892755402077 91.73915982498913 48.11746053614099 28.82739876189801 45.62937107907111 51.34962141229571 21.213652915463655 98.1996938997777 85.09544580042149 114.14673184551847 55.611582628744856 33.69841414608006 45.52045836055003 9.840481806424648 43.606746764821125 6.33381825032679 45.20583287478036 47.18554046623445 62.49398373903002 57.070806133084886 29.88114046108137 72.56397909801944 51.232635520219475 29.026672031229566 43.39414280983099 53.36247870119849 16.74800098523942 138.98214742098196 122.68396096438295 106.7022746599577 91.20362230298771 76.48222139115755 63.084576728858536 52.043266786001915 45.1225395910277 44.29773927952036 49.87223672709366 135.13619067564983 118.32979438527138 101.68972226458864 85.31335273831633 69.38764921081899 54.310521420911655 41.02838989719475 31.87058180664758 30.77090116415732 38.42748884378937 132.6679003630163 115.51602679210724 98.416692728849 81.40301390199645 64.5427628770678 47.99789693462718 32.25740664369913 19.390584300417515 17.61140365102693 29.035161796021928 131.65482161554567 114.35646178702152 97.0593747338083 79.7643884727838 62.47324776738406 45.19036709546037 27.931083818743048 10.809032417717447 7.2276202013809145 24.214776050875212 132.13044568085192 114.90120882408753 97.69766568724766 80.53628344011169 63.45128050781426 46.52687421221073 30.0357791307222 15.43564090607981 13.156100126504672 26.58232324424236 134.07892396019508 117.12648275122812 100.29346234784131 83.65198583756671 67.34420091082944 51.68692847367128 37.50395006925665 27.20780188882747 25.93632999357722 34.69628885834109 137.43760088234222 120.93952393884446 104.70123664131765 88.86526682322665 73.69144136739374 59.686913173025026 47.888755127479854 40.28454196715709 39.383524038674395 45.58492953014764 142.10647574991748 126.19643898304558 110.70470617997664 95.83435044771387 81.92443761438781 69.5536068714089 59.686639854763385 53.721371199870525 52.9922302629286 57.698069387957105 147.9615087315723 132.72570428317263 118.06061590121045 104.20747293470008 91.5356637792637 80.60428035610589 72.20813126292147 67.30282586977644 66.6634717112315 70.40638104683173 154.86814590849556 140.3497711209922 126.53322055996152 113.6746918753988 102.13665971505468 92.41504726178279 85.13440363038322 80.95600299830771 80.36519259291583 83.43821641570464
53.86394256513812 49.48281213555158 4.873839328228877 45.81555004810628 15.079089290797247 34.74725014744831 51.21784949227289 19.533504095221616 56.11542809605663 0.0 14.532951114020518 39.05009856640136 12.90438220251824 37.41052283159735 47.53252907603872 38.03806099334653 31.322322449023524 22.074557490067445 21.38999989457203 39.67646395488406 55.521489657183125 40.95146104551538 66.01882893788469 14.054933033998624 22.417135766771274 36.998733733456675 48.56250232020144 16.480489697169716 53.117663382395634 11.909000138263739 40.576259365780025 27.678177875717417 13.627983592234717 33.80124791330074 26.89887593388913 44.74198802524211 32.86822219605107 20.688485645234266 18.78481868784011 40.52813545306778 100.26322448986353 87.32259612112792 76.13443445645547 67.57487059149952 62.72933022058546 62.46814639092481 66.84507810039757 75.0530101195716 86.00197031802308 98.78470619301456 92.10067758473173 77.86040818031816 65.12030236787447 54.93420307243615 48.924245750986614 48.66311997653909 54.233927922019554 64.13455307584323 76.70635649594062 90.84707823361765 85.50634355515162 69.97430753029249 55.499374298504556 43.158606184847876 35.26837018196251 34.982259646566355 42.45429250244834 54.58647562327466 68.96163859113726 84.44193141085799 80.86489247668388 64.24744446602229 48.11495641291681 33.18245870800292 22.04118250712501 21.66249089650555 32.42568306905827 47.24720053360253 63.33942389318572 79.93859459006295 78.52346131504065 61.288215597405696 44.105217234542245 27.074128341918946 10.929779760894776 10.228644472667922 26.239353495359698 43.25616254291593 60.43509697187939 77.66865336823247 78.68767083101142 61.497502210843855 44.39424865010728 27.54031855153485 12.033381748851495 11.395117568073386 26.713450360257145 43.544017425943636 60.64047967084134 77.82780604321664 81.34234542025885 64.84462949356032 48.9058896453421 34.31409859004087 23.70316296022653 23.34381628681896 33.56693068465643 48.0338959961903 63.92560320996963 80.40162671926323 86.25781567508886 70.88645083843363 56.639865337401545 44.60904688579648 37.02117054343282 36.74063633795521 43.90773205707942 55.71903441378983 69.8572826788392 85.17145282360558 93.07652012933403 79.00708745009237 66.4808433560446 56.53305756421852 50.7047538222843 50.444612410680946 55.83052194649912 65.48386701145263 77.83269168536086 91.79553556273645 101.41520203639993 88.63690785363117 77.63152229316212 69.24953908544897 64.52160618022398 64.25939818629587 68.51420609713576 76.53637180799755 87.29335354005687 99.90563810408624
60.72304831936376 54.85050270941914 15.503508803548403 41.808369369341435 2.3508906044364895 31.985360028979006 39.126086723754895 19.48085387693446 41.89431745544697 14.532951114020518 0.0 46.39718046669341 18.47329837636805 24.216389846292774 55.08217632615659 30.176033363420583 20.186542914686623 14.611515391717276 17.899970187058386 25.27244877194791 62.63382137156405 48.203340560668956 75.82430486766845 20.39134357055704 8.535679176943654 33.33874954839639 34.942430076696965 6.860119535752525 39.3623551855672 3.6109087139367726 37.09785966465872 28.83934405273691 17.514581157158982 23.775556985612543 34.15180848433188 37.00411450422396 22.26666603982941 11.5907224961706 17.463628093984497 27.036799093620004 106.70923733750021 92.30463184072812 79.0703962451304 67.69644630858917 59.26372331237118 55.13862291188749 56.27650797804182 62.39007726855809 72.22670496869956 84.49598130790307 100.09020894630683 84.60260746643888 69.97040658558856 56.85789083317105 46.567016728453716 41.265720505199816 42.84784330056864 50.6726850193252 62.43564433420069 76.33743317978788 95.1148973167722 78.68190331477713 62.71802078547409 47.69662836820331 34.85823559270473 27.457873626902984 29.857713645456947 40.34527616340063 54.43077767022853 69.97419389561203 92.05029336601912 74.9658659415519 58.01050215699945 41.3432995926929 25.53490235916433 13.91067260627395 18.26732445695025 32.750514955654985 49.093890388602894 65.92826915433656 91.08949762070286 73.78839207557836 56.48779190455724 39.18836644021525 21.892900563861676 4.645828967194148 12.75076308823551 30.038205550911925 47.33623587646253 64.63635402798997 92.29824706156123 75.26872964811909 58.3995672266747 41.88495886264058 26.398913667902555 15.432693997971805 19.44597599758763 33.41910319316031 49.54028129952859 66.25975416109134 95.59426155362182 79.25807511430119 63.43604389760271 48.63260661054308 36.12255184731196 29.038881591732554 31.311085930782205 41.42729928627755 55.23375522304688 70.59761944828773 100.77289823752012 85.40550570132287 70.93467752446487 58.03500007402797 47.99061031621109 42.85838086516566 44.37665635462817 51.96574963387246 63.48460701382765 77.19362802180599 107.56251395026874 93.28526663699556 80.20776418517569 69.01541711676974 60.75909861448276 56.73540543328242 57.834611571084295 63.7924467482067 73.43574149690792 85.52682559645653 115.67970776258379 102.49850738336897 90.71263665910182 80.93398600135771 73.96301060318638 70.63591856954439 71.46347496597272 76.31063309661079 84.48838026717769 95.14173260768736
14.813844703721323 11.910915635763093 43.55647693603907 34.07877641446141 48.456944938332214 73.79085666868305 85.03292377408751 28.312447660740528 83.55919146471778 39.05009856640136 46.39718046669341 0.0 28.184018127735953 69.61796817442976 8.694545817064641 40.90047126685385 66.58349129826294 37.95470624691517 32.23017136249988 62.64502776202305 16.511413951231656 1.902166584673802 30.61244037571617 52.31082542432514 54.34486674931812 75.99526880567736 79.08927258907451 41.58103246221101 82.94508920061341 42.89080135880188 79.60653558598212 21.376296132884605 28.904651385018706 70.07198558186556 12.392385819506494 43.4206751147216 68.63970611425982 40.42743910240697 30.52922443766678 71.87308055278588 61.22561091337551 48.64586227905112 39.78657041093843 37.39290355596143 42.56987280609858 53.14946554935897 66.60513560261658 81.52502236736967 97.23744771488927 113.41349120263635 53.72560896288393 38.83590956604722 26.994919018555034 23.40799866374033 31.078193604146946 44.525103049547496 59.9818843738969 76.23568109531581 92.86895422360006 109.70923941275404 49.25987295857258 32.410259616252425 16.523558115807496 9.713095136918321 22.67980734906362 39.15502912219655 56.1299576843183 73.25804524851713 90.45232687732727 107.68109806878188 48.670977547933134 31.512181999856956 14.693013753356974 6.120879982920164 21.395307200861225 38.42872166124422 55.62811884882383 72.87607319718445 90.1447167750977 107.42407253552737 52.09058258633229 36.55142607871268 23.607128371910154 19.424162245468956 28.21367496981071 42.584464761832116 58.562561676974255 75.12937127799128 91.96729328616459 108.95070191325198 58.82367206068932 45.60030087299422 36.01747724804932 33.374212763210366 39.104036498400205 50.42937086662825 64.4656916826101 79.79497192631855 95.79852748189819 112.18817394405059 67.89138550179067 56.7727847514833 49.3534249798076 47.403318785039566 51.546981601781894 60.54593791864115 72.61702617367092 86.48327576854886 101.4109663215127 116.9945032803471 78.4885974399758 69.04545883269896 63.030039820299216 61.457233351588734 64.65208596714436 71.98255334238257 82.35155632049022 94.76689689846488 108.5285480569975 123.18612671353254 90.07697496321781 81.92523611335146 76.86555016920693 75.52196296777277 78.08653261195026 84.2029207169239 93.17426005041406 104.2661939986422 116.87652151615977 130.56603290073681 102.32016851947955 95.16579291522281 90.78718831615869 89.59226054566977 91.70554456114073 96.91086019080188 104.74825491767996 114.67934931266007 126.21086947447148 138.9449104911716
42.78432884645313 37.57784789813639 17.772009367365182 33.915667423774856 20.400117948438346 46.48653750368365 57.554635151933304 8.041361468305768 58.59518468785267 12.90438220251824 18.47329837636805 28.184018127735953 0.0 42.4276206151206 36.87463725416998 28.791950418178203 38.57023290577952 15.515082146488645 11.784787366204037 39.16234058729615 44.61131052324668 30.03507583296378 57.352695900888115 26.93773774448569 26.788739853828364 48.48043917453733 52.69555342764166 14.98977176323484 56.907928784842134 14.885305859068948 52.181281785317466 14.859971512259042 1.8962523771665698 41.94023378492315 15.81567732131499 34.94261815590252 40.56311155442515 16.19511443130861 8.502787190934304 45.02414127421787 89.1047007215557 75.43663404963335 63.56433791104318 54.67051840684008 50.35878615769467 51.78658451120207 58.535412862926584 69.06258042006336 81.92427418601676 96.18853683615187 81.89875570969333 66.81379611617703 53.098659947418035 42.11364621085594 36.4191965645181 38.44299327491963 47.20250796043696 59.8080007675908 74.32781663706606 89.83851550578201 76.64656690625425 60.29248785849907 44.65851713479334 30.85925145055516 22.559140817455546 25.772998577752304 37.660207963924485 52.64072813891704 68.72053871285364 85.28006689612371 73.76672466754474 56.60388525117398 39.562397023114194 22.914623414807977 9.148221117524612 15.524600102223292 31.576094476652624 48.495355981848256 65.61450020043485 82.80965521381941 73.53851179347386 56.3075191602832 39.13916387189095 22.179382782604115 7.119643956464854 14.427996289857582 31.0541182653287 48.158725927458946 65.36727730367383 82.61484393649319 75.98582659990618 59.45414397492086 43.525352389249775 29.203236782177914 20.246319410031163 23.784649123079387 36.334794499460486 51.70528717518748 68.01005679702244 84.71133691706893 80.86608577371196 65.54975350827179 51.5065483613318 40.0972174316616 34.07869055647715 36.2441089967668 45.438108527201294 58.432148331916075 73.23058236389303 88.93721611584697 87.77434560685211 73.86779184090413 61.7030628244587 52.50511992461402 48.01051593874327 49.51700747407733 56.54697855528978 67.39354497468847 80.52900962142786 95.0087114036111 96.27494468879068 83.74855294753067 73.19474086267732 65.57297372076508 61.97462786406962 63.09190866471521 68.69511047198986 77.82122005057175 89.39776955221741 102.59861078326371 105.9853253383997 94.70404571343872 85.46056820023651 78.97370774753502 75.95307544561476 76.80871161528567 81.41849941146882 89.2023052879788 99.41738201367956 111.39688406401133
83.3820740522694 76.80661089936663 36.250640981960665 56.37120690990214 22.770302708163012 29.07028120212388 15.51309338679842 41.45465309730231 20.142892755402077 37.41052283159735 24.216389846292774 69.61796817442976 42.4276206151206 0.0 78.19828702251176 41.68291925026101 8.885185983477625 32.765936980779344 38.173932067088856 17.28151276249128 85.3904580796868 71.33843651584971 99.62890702315482 35.51579297200451 15.697986463831143 28.212191112296846 11.297444216479851 28.04180562314432 15.941213910643162 27.803690266366992 30.799351738017414 49.96060913093697 41.228637786731895 11.126618540399361 57.70389664362532 47.01261887254264 9.675383412905129 29.756303550536927 39.23362358868536 3.398636777257917 128.44552351699295 113.11099741823585 98.43089586712472 84.7459915559042 72.62109341019143 62.96397089914202 57.042075303053196 56.05205953997356 60.23758546609853 68.65856339266018 122.89449436642366 106.79557618510728 91.13856696617039 76.19636890074415 62.48391655422551 51.002921207525745 43.55526449243515 42.326458721825915 47.79855751467208 58.1083474435702 118.7554169848706 102.02779317169002 85.52895306282755 69.42220654073505 54.05916598009741 40.299550971867674 30.40434026985472 28.696754566041307 36.349597723682194 49.17105351093842 116.17936044289284 99.03150247370513 81.94843361879332 64.98127164094241 48.25244197679744 32.13632291572355 18.32760064887635 15.419832740157608 27.172672653124184 42.86781587249075 115.27120023793147 97.96942096533293 80.66770659500803 63.366110290447985 46.064765085811345 28.76412408727236 11.467375010518472 5.860046738962014 23.14936735552085 40.44947308885207 116.0701060068322 98.90389510870871 81.79489072648273 64.78842915454396 47.99364205563112 31.748252319240358 17.641601259820952 14.601828201408214 26.719157935192463 42.58316729451818 118.541557513713 101.77993374346741 85.23449375734943 69.06079131917046 53.59642551130609 39.67960075425518 29.581659232716138 27.827834418881885 35.67088634269117 48.67387240633219 122.58440090850284 106.44022970048493 90.72383900013777 75.7021316677633 61.883081914665816 50.26852124063608 42.697048382042816 41.44703808198696 47.02532619155739 57.4770471880391 128.04983017769695 112.66352250281932 97.91873354753012 84.15334954366429 71.93186277795652 62.1715233020478 56.1702992744368 55.16888176734152 59.42059654993945 67.94636014669035 134.76480334861944 120.20722008660853 106.47389197244065 93.92706721031755 83.10588794088686 74.76345122674003 69.79433387963716 68.93195788395491 72.32337773776682 79.42554683881959
6.714899122333077 8.704400223437844 51.94832384032002 38.778469763971465 57.14876849267344 82.27662235940747 93.63952881957294 36.79759368528518 91.73915982498913 47.53252907603872 55.08217632615659 8.694545817064641 36.87463725416998 78.19828702251176 0.0 47.652064937728426 75.26867967260448 46.25144614384584 40.542377542046225 70.69753949935955 8.052372290331059 6.882844534537627 22.90286035374638 60.55762609122637 62.9915185683781 84.52140340565676 87.52996260045457 50.18092035072617 91.31663055429986 51.58170585392258 88.10878727508033 29.27227068811296 37.596745954119946 78.76590502581729 21.07015910671999 49.31045365544499 77.33012440597079 48.840560152453776 39.02090049995036 80.4002414217352 52.75791972237106 40.90509588577808 34.08465522708061 35.34131648698125 43.98819906147576 56.741719561786994 71.43522868608179 87.0923023715759 103.2756236657096 119.77206615376545 45.031063182452975 30.34929599588739 20.324237631193856 22.445071950904804 34.542721754669486 49.81294760696338 66.09214494990225 82.78722878886641 99.68947100187053 116.70890179544908 40.93005130177546 23.87810382263769 7.985740492250842 12.493747504315298 29.105478326950493 46.226372094567346 63.44556368931313 80.7001554715077 97.97144533401 115.25192655646958 41.54299523545658 24.909518133675455 10.67056487408422 14.350994264359546 29.945856784912596 46.75757544344694 63.831814988081284 81.0027380311554 98.21965054384329 115.461981439313 46.6845798193087 32.742018949881384 23.734797892994468 25.560760380694752 36.63434625547602 51.278740175475434 67.19861662609048 83.66905026918062 100.41950449678623 117.33011040513402 55.10128188687054 43.87282236070421 37.57931166724927 38.70777229551901 46.7235000185203 58.877721754795914 73.1354471590911 88.48563719740095 104.44773427930325 120.77937426772802 65.54320776150159 56.38107974723097 51.57946241739021 52.35223446180147 58.47882251792381 68.53823482552427 81.07963556115213 95.12636696539927 110.10379103647847 125.67961102758164 77.19271031333963 69.52716570823985 65.63559743194763 66.18707700231991 71.07826184560955 79.51227631476614 90.50401922089989 103.23974785783969 117.15206448068275 131.86909993440338 89.57976856009405 83.00845023536878 79.71796078697196 80.11358386759645 84.14334171335251 91.32743386063916 100.99495523224779 112.50753030132785 125.35784918081463 139.17585606575395 102.43702418017527 96.68466769992806 93.81458625628207 94.09090711486137 97.48687906587097 103.69645586557023 112.25368104609042 122.66822505103592 134.5093622926142 147.43376217368856
