0.0 21.02877726992516 99.56004992892659 39.212382828391654 105.41160224936719 53.21750353585972 50.17247351037084 43.412029053809555 52.768682795755424 86.96958330124764 16.303653229559668 8.02358278888209 12.937180363462199 43.43480364406249 65.49408678738416 70.44416467897668 9.24698577502394 75.56335542512623 66.96718164876657 42.90831759366407 9.569098562617759 15.391514248170497 102.46532089941941 53.867160954999584 87.57163221730306 70.13235693850682 62.51378257842325 105.83215371054452 61.728894907281756 87.7600701737986 76.04377835221621 14.702054010507176 16.85818643625052 65.77345457333273 66.44188336520823 50.53717284488118 9.09393554995401 67.2129475322588 49.85346948865262 15.91653057409964 148.6303367417275 133.5564687128221 119.08977192201763 105.48036464197546 93.10494606326779 82.5205716553603 74.49462141714837 69.91382268912632 69.46313191360946 73.21885615619443 142.52779389908486 126.76226212902097 111.45343738425721 96.81820514955966 83.21273659341858 71.22957780361357 61.819450958436136 56.28796336443753 55.800749662699225 60.47983999994906 137.58866609691736 121.20842725339908 105.12387807057436 89.49459061137867 74.60723062680091 61.00738545544542 49.762118160082835 42.770794158065556 42.203298065009996 48.28665455112219 133.94179281483343 117.07171022468053 100.348774838468 83.86106183765403 67.78044391944226 52.48246628929366 38.901667859844856 29.512371327564008 28.763347599432883 37.18050663356533 131.6946267402934 114.50586341358459 97.35719509735725 80.27432189501171 63.31052607233752 46.59604387504498 30.54296212661476 17.12502273155924 15.886249056240315 28.46387275178092 130.91929632930524 113.61740024428269 96.3155165530684 79.01365339741 61.7118280496857 44.4100846989591 27.108580346629935 9.808579793082234 7.500330020161125 24.79950134522536 131.64182124524265 114.4454057339707 97.28640907017977 80.18885576730227 63.20263042102086 46.45002796977985 30.320791679249584 16.727475037700014 15.458950082078038 28.228754091646707 133.83793497712233 116.95341726029434 100.21138016685497 83.69736887936837 67.57875654463592 52.22295521516305 38.552505797317586 29.05278457749347 28.293865356118083 36.820256361212465 137.43698556715935 121.03701105589543 104.92710036652655 89.26443883222979 74.33228767978657 60.672425751410906 49.352839885186995 42.296189737730636 41.72454710844547 47.8707979875111 142.33253873461 126.5436906328931 111.205928338748 96.5345024291333 82.88401911170929 70.8470881028292 61.38043633869995 55.80774893982554 55.318627265591026 60.03744671114384
21.02877726992516 0.0 97.0281209616701 38.205934853456675 99.61167201434006 52.10723455206067 43.32324134348077 42.33704676210637 56.79155994266099 87.9262769408388 6.527161114680671 13.03647239324772 23.86652557903208 52.876860420665565 52.283502225938264 75.44992183257234 23.56164904928649 81.16131120965127 70.47654873724044 43.68178357691057 19.42714782377445 13.516649057400858 100.45206331265702 56.45204715235833 84.32534418311252 65.86518451294017 55.07222891615321 102.4833733346001 70.41648024530929 90.0659483818304 67.36381011274096 29.266566369243982 16.389428539117496 59.97779028709775 59.36450228732371 55.38304153452655 12.418438967416726 69.77142930215633 56.39408014162783 16.177687082521757 141.12022507512611 124.99494360190027 109.2302894890328 94.00786442163617 79.63920655158098 66.6785578974563 56.11024115690537 49.49131700123104 48.46776218120191 53.362530859292065 136.88532715118203 120.21567453421567 103.75322558142524 87.61485624024576 72.01876179329278 57.408613181415355 44.76051257112056 36.1934511336171 34.858802696724794 41.46099549091642 133.99035591629016 116.92401913374766 99.93872394103563 83.08418836560512 66.45997058890606 50.29497535474922 35.22716171052095 23.474088255738206 21.443512718905453 31.101883818251828 132.52319511888444 115.24756259129622 97.9812099223409 80.73009159142858 63.50662370796455 46.341646465416304 29.33800462516064 13.137816012154893 9.12136391538701 24.34152266620083 132.53129327603497 115.25683188205916 97.99206222582899 80.74320150187557 63.52321059267406 46.3642679761399 29.373555652364903 13.216639667571595 9.233998174375001 24.38374963389631 134.01438283437514 116.9514260556455 99.97063967299633 83.12239786659823 66.50750895882214 50.357481659875056 35.31592644660885 23.60645786448989 21.587647753191234 31.200956854043955 136.92452263858044 120.26009858416054 103.80445786491427 87.67523814331554 72.09186531242399 57.4998648258037 44.876938575159194 36.336655418163694 35.00675918054764 41.5848722484933 141.1734488648574 125.05475513540539 109.2984128123726 94.08664330711007 79.7317502555395 66.78854462872526 56.24028390262097 49.63800477891118 48.61682474877862 53.497307634360645 146.6447787893236 131.1724840255739 116.21723046951458 102.00668323475355 88.89868877362986 77.4550513641148 68.51487264346864 63.15049675587454 62.29267519892111 66.11704925466978 153.20753163574437 138.4379107592911 124.32315898255298 111.1131221906883 99.17000215260799 89.0052699117167 81.28881939616764 76.76256631725074 75.99866024226574 79.1061721478311
99.56004992892659 97.0281209616701 0.0 60.63535922120734 16.46830461248733 46.381434884043934 54.059301453978826 56.33961115272628 49.558264032472046 18.869066596130573 93.31224818720555 97.52284209951539 86.79611787634352 64.40099568980145 57.71006295215631 39.706947573531664 90.75827536326562 39.50074318760557 38.033566447862704 56.66255875215201 90.14816445330499 107.4167229459269 4.032751045612612 47.11482386745402 12.81912288708931 31.297490315461953 43.84426740409326 7.106497023822541 54.277862287485746 23.48726336937345 36.961627107169605 87.38807283194275 84.92347000626563 37.830703006010886 39.73105055142457 52.35504898578472 100.17714578612765 36.0173687476335 55.345810516103185 85.74619080403119 55.065052304719394 45.73200401116672 41.82555924926853 44.78887844388063 53.49219445952465 65.69239768760161 79.80145593715227 94.97240986281786 110.76980594957854 126.9600180934209 45.171947762342214 33.23091744986746 27.691022448844777 32.062461130799214 43.450200725140654 57.849358787312866 73.51113195193699 89.7771383439781 106.3705431834454 123.15908486366645 38.111079956837564 22.78006507794902 13.569120026882109 21.166562676178987 36.20274073347673 52.649465349309686 69.51263676750155 86.54917586553881 103.67365007293363 120.84868348337191 35.60922632582694 18.312209010804377 1.1707264258871946 16.313117545422894 33.60920424400084 50.909262594900255 68.2102706941988 85.51165207486399 102.81321828999927 120.11488946795185 38.56417040929141 23.526865303649714 14.7832363621372 21.961040465532808 36.67073838884624 52.97085372440904 69.75523040777989 86.74321603912452 103.83492390794369 120.98640358189819 45.934584121484924 34.255764977035504 28.90740997208155 33.11387578982428 44.2281436388768 58.433193571895316 73.9692979118623 90.15090380771152 106.68469141457881 123.42921375456999 56.0033970487429 46.85253780728012 43.042358432893955 45.92203656720093 54.44012094035556 66.46295656944822 80.43399111199751 95.50200918605657 111.22205308670223 127.3528991764822 67.57487722724422 60.15486209882152 57.17996479760027 59.322734703587905 66.08723681211937 76.25323877952225 88.65826254332254 102.49251752024846 117.25119323598264 132.62603824119998 79.99947711242476 73.78196640236783 71.31850673716858 72.99019694046497 78.53341266432813 87.21303554461205 98.20091059483258 110.81251157901342 124.55559084457391 139.0951699572359 92.93552241097562 87.58223392754307 85.45736825496913 86.79835017965917 91.45284639743711 98.95438519650932 108.7152027072745 120.18609721456878 132.92508544533212 146.60196598094996
39.212382828391654 38.205934853456675 60.63535922120734 0.0 66.29686197376637 14.349000962163656 14.59900688296628 4.313178662726735 19.852465334378646 49.85470568633927 33.45443763924591 36.91272525217928 26.856328745032762 23.95636335471264 36.01253172799448 38.10056361831079 30.867208297185243 43.962391992153506 32.59558001246311 5.875386547142276 29.68191289245686 47.09309127168809 63.724476946167876 18.6453917815871 48.433763709641646 30.968806480579794 25.387204438044485 66.73898752575178 36.635771176546534 51.86011762400979 38.98889156862708 28.876644727821294 24.383135301658058 27.20847356179495 28.673271532994768 19.349975575146463 39.6101636585011 31.650215837633013 22.100628556364978 25.173239847298547 109.74708513250354 95.1559182272443 81.63071516239435 69.79396355124281 60.64255803258839 55.52063713367457 55.55412907479266 60.73450562344326 69.92708985677456 81.79006311663592 103.32925343694963 87.71215913495587 72.86025298326278 59.35078289323106 48.32307684764934 41.790303215397344 41.90995693770343 48.63296103548498 59.77115247727815 73.33976955629738 98.52242034124123 82.0219403423871 65.93360369702611 50.65166835179584 37.1840413164621 28.25640391010011 28.51150306034201 37.763702984631024 51.361451799610634 66.69790259276154 95.57005100998703 78.46776482635615 61.477299402453966 44.72627108306596 28.6379654722482 15.444726155239914 15.989334691055019 29.521023694077368 45.67313887019837 62.44432037249286 94.64589177240828 77.34471724963934 60.04397841841433 42.74420432114977 25.447362587073794 8.172094167388646 9.203889632977019 26.48308227008582 43.78023880159959 61.08009965101948 95.80866537697064 78.75688358540046 61.84420427275852 45.22695027835759 29.41021931495477 16.827284634230537 17.322429261219735 30.260339426372624 46.152164285361664 62.79386063595744 98.98483762430467 82.57427709077686 66.61631908276014 51.533157023612816 38.37066784912084 29.7936168211412 30.02866345902966 38.91646475129892 52.21083605987397 67.35102930975152 103.99004345593886 88.48610084105214 73.78587703527562 60.47830984422288 49.69508001257579 43.362203559052176 43.470278602585715 49.97753745758982 60.86499883396496 74.22968826474687 110.57612315043419 96.10654839901362 82.73183310873692 71.0727915902419 62.10334234276618 57.10522293849473 57.130427747907675 62.17284771951166 71.17399906880624 82.85355287585243 118.47965012239993 105.06439407323519 92.9425390444397 82.68490478833702 75.05971389430923 70.92120327824144 70.88273946184219 74.95063500359558 82.51982716760742 92.73691453956083
105.41160224936719 99.61167201434006 16.46830461248733 66.29686197376637 0.0 53.017108383205034 56.47734112525813 62.23390106408577 59.57404963729253 34.17076555552047 96.84297512484625 102.20488309916699 93.14505572470445 75.02237230867212 53.64737820291534 53.492521511297056 97.15721436820657 54.31931403049948 50.43618903907711 63.506267676129724 95.84510069084754 111.21775740320803 18.718196421430797 56.473896871660045 20.342479728616137 35.33367080410485 44.54412655346391 12.447920800546449 67.66660588871207 39.381725533339484 33.43735615790981 94.6743220589809 89.59836854599605 39.954659969002996 40.24728172977385 62.412322202047875 104.64008584902156 47.8643440392246 66.04112951369207 90.4904096207064 43.770453684837406 31.308328019656862 25.36297770163131 30.084220437102605 42.018453655775296 56.78689129376119 72.68192378318012 89.10265716353096 105.80460967774714 122.67297090678899 37.34029497290033 21.47185154109195 11.247051865501707 19.765245504500395 35.40546103590226 52.10701871719985 69.10462441207702 86.22337164464567 103.40311169151654 120.61778552214527 35.726131916484476 18.537485854574076 3.103840115495811 16.563297578574954 33.73077810324072 50.989229429192456 68.2696946358674 85.5588362188502 102.85227885725479 120.14816535716126 39.52253676029107 25.060067738273265 17.108338560511203 23.581680850527647 37.659106008353 53.65662148444765 70.27495971572476 87.15973305995827 104.18147791809007 121.28253701725885 47.448043134930074 36.251099270613366 31.23581938044221 35.15564591171031 45.76976381435077 59.603120159790876 74.89259909286268 90.90643364377075 107.32085896736314 123.97686346137253 57.829096107266714 49.01055212530002 45.37144005889466 48.102020922111386 56.282721601939855 67.97344021986197 81.68069471945 96.54940027935483 112.11842394723861 128.13273887596495 69.57498149009689 62.383231439848096 59.50927056158118 61.56082523073438 68.09415045205972 77.99094595350216 90.15019787912064 103.77969409380734 118.37266507073367 133.6137978141454 82.10186719011952 76.04617687934326 73.6478946698683 75.2574960400454 80.63532712553315 89.10167338695945 99.87415766345364 112.29102139525924 125.86654261829581 140.26470176852163 95.10148778102567 89.86694409351779 87.78677597130552 89.08223258590269 93.61327908891991 100.94515150813534 110.52183917949468 121.81504828582054 134.39274821134362 147.9276555725022 108.40375656615379 103.78234326150134 101.92564770027256 102.9833146517542 106.86884993002172 113.29166617549336 121.8511990680149 132.1328511492623 143.76761992558082 156.45392060091174
53.21750353585972 52.10723455206067 46.381434884043934 14.349000962163656 53.017108383205034 0.0 15.050844052055162 10.036426006315098 13.317646779887722 35.83667619395497 47.66159739234643 51.246793678767006 40.55240060906563 26.200870443114606 34.81635646161793 27.405035529934 44.54583463412101 33.208066240793706 21.00295368529524 10.512266416344543 43.77326794676487 61.42680427431363 49.407649655652705 9.812173634233922 34.388552839401285 18.015138361968678 18.207312967649663 52.61688560144709 31.09017260183861 38.33235296841166 29.833665875423584 41.69252906832114 38.73206810321493 16.631488548198007 19.63126649808812 15.019160389279522 53.95584184001691 19.19250073687482 19.410903719022606 39.52093598165271 96.73816671916397 82.83525974456931 70.45415036714199 60.53589052341014 54.44355305862688 53.500528862878284 57.958712876984016 66.7444222300736 78.4163445326715 91.88105338558519 89.66093393612019 74.48844719064765 60.47049274994615 48.61623453210936 40.8546455736606 39.66575233218518 45.56695940563351 56.374016258388686 69.84567035167998 84.7201963092084 84.37211212637654 68.06109067203295 52.389705948412065 38.154435946661955 27.66859488024032 25.962507007207645 34.36950486649563 47.824517003702304 63.18082348049393 79.34203773424683 81.22189811917416 64.13301221664733 47.19960545653018 30.680209124256642 15.920448673212348 12.820261986451795 25.96094232194314 42.21723478011299 59.07057030452956 76.12544001253318 80.46192149829487 63.17222307835101 45.89174538844099 28.63718543447682 11.525539167194367 6.655921067409758 23.547358367591606 40.78441437121408 58.06007573013237 75.34779293813548 82.15854971050777 65.30982583615386 48.77941832298379 33.048482478013014 20.09191323091186 17.716658868840437 28.6842686274171 43.93639462810405 60.305377207510794 77.08295861172839 86.1667698853572 70.26357573082774 55.208123594320654 41.92389225172806 32.64961817121802 31.194412743515045 38.456393494424645 50.82721720947411 65.4723362371153 81.16992429330357 92.18549779262975 77.49522782141392 64.12143554083016 53.068922031919016 46.040919893683636 44.965830949334325 50.22737730124729 60.18601778986138 72.94263412694492 87.27887968074114 99.851756494524 86.43482429441517 74.63431631344092 65.3320766366953 59.70742038714577 58.82489784576481 62.884480672995295 71.04395792780812 82.08974815402254 95.02055720242248 108.81779737589358 96.60928869851448 86.16312461205959 78.18888134811323 73.49561914723061 72.72137681033796 75.98604477512504 82.81332682509166 92.41700570096097 104.03098831028169
50.17247351037084 43.32324134348077 54.059301453978826 14.59900688296628 56.47734112525813 15.050844052055162 0.0 13.126777401232772 27.47562308064901 47.69448703959247 40.368325876352436 46.060860329109374 39.0438154280268 36.86383774929263 21.861606382179623 42.349812340177266 42.91715333512508 48.08867734030952 35.826227452202716 16.854115918247363 40.718389567437015 54.74860554374224 57.64673675530786 24.457102271843517 41.26055790118579 22.76181113851688 12.366062083353121 59.25265268157457 45.552783079489494 51.19573672897795 25.89235968846378 42.148191162684526 33.64990966994422 16.65641529675666 16.44589951137858 28.42178982553928 48.36434080396402 33.710218081271194 32.39235981048853 34.57618175344782 98.88641696865574 83.4698888955843 68.95379975238903 56.042268915842435 46.10369363947729 41.340905726384236 43.4890292199625 51.693578864678216 63.6542362003154 77.65438000268476 93.81469806884517 77.42332493366477 61.53255123615577 46.65670827831349 34.1489669104952 27.462072076339645 30.673910940704758 41.54903332285888 55.77154718756827 71.36749070298993 90.67328337461397 73.6034749093059 56.674610269654636 40.06574733397488 24.438279386577577 13.707940000803351 19.4241722732505 34.13798540747074 50.51948492016004 67.36280424122299 89.66533318923506 72.36388211381613 55.062732364616856 37.762298110187 20.464394051563396 3.2101855807273947 14.160959051478333 31.455902995820907 48.755804859907414 66.0567694034596 90.86189050137153 73.83463673134743 56.97312157822884 40.48496200886487 25.116534011303923 14.878204798409003 20.263125146692754 34.61993744651298 50.84484695901131 67.60598657774588 94.17895061816235 77.8622815039382 62.081435563128636 47.374930304610736 35.11941087810216 28.654347642085252 31.740823500475358 42.33908045177912 56.35978362098689 71.82591666898715 99.40441633200436 84.0801200550623 69.68787523189013 56.93889781235026 47.18454172569024 42.53737927703765 44.622651846421014 52.646350718664664 64.42670404613229 78.28580272598705 106.25703943376534 92.04528391337776 79.07469981917778 68.05865126467732 60.08202620056158 56.44836342042557 57.98002753940668 64.30899979175386 74.21798511790705 86.4850806526599 114.44481607734049 101.34652390214157 89.6844981784217 80.08863743948855 73.3741085644821 70.3705840242761 71.54696158379393 76.71118337933557 85.14066552764399 95.9789014556968 123.7028077831792 111.65030984856934 101.13296925567546 92.6749264783909 86.87971726336166 84.29832319083536 85.22328356148579 89.5460081542024 96.81242605461523 106.42125185891872
43.412029053809555 42.33704676210637 56.33961115272628 4.313178662726735 62.23390106408577 10.036426006315098 13.126777401232772 0.0 16.949841929563977 45.631770912762605 37.70436222276917 41.222849763819525 30.929862620123266 23.818665862246057 34.985518535002036 34.64629663872918 34.94134118191359 40.53394369258222 28.883822523231437 3.8119518779913624 33.90666574632599 51.39747707077756 59.4159755919098 15.16530740395743 44.18044206224471 26.90461200639024 22.47225203578532 62.47345430207609 34.49201181739199 47.76261950483845 35.837775226716445 32.623390204379994 28.695728311609635 23.57886120750479 25.405486639033803 16.976478656249473 43.92310160595031 27.740690091902817 20.34472402254432 29.486402971709918 105.77591531657741 91.36060035878718 78.12601001712318 66.77789073648302 58.42601345468288 54.46659997029893 55.841929440436815 62.199121875663295 72.23461460848367 84.65014731254291 99.18307951890918 83.67607387554621 69.02748008219166 55.91606446135163 45.685064456569926 40.57523327405995 42.47681234992797 50.6054859762096 62.58000020467256 76.61790411835197 94.25340868359184 77.79764307159778 61.80575744745598 46.756178276528665 33.92696461030813 26.732897628515836 29.61362643925917 40.47216442773332 54.751579733698414 70.4001778438641 91.25690793951318 74.15616407551208 57.176594240989054 40.47100224248981 24.603941776575088 13.09651534978507 18.341109906462535 33.166048088749235 49.62146726946271 66.50794025556348 90.38609296889912 73.08682144329629 55.78919903709852 38.495448870398604 21.21504259438581 4.119475069189015 13.512058001117767 30.771658096718205 48.061707903828975 65.35804606366372 91.70155383448015 74.7001734685211 57.87719154611878 41.45039361454972 26.176581229229736 15.843109651396809 20.383995843138404 34.332534048178246 50.40487026395655 67.09166448216972 95.11260349579155 78.83165988347334 63.09645982570491 48.44177196904167 36.204373864808076 29.557020974829783 32.174332586859464 42.37295425676705 56.16454588068645 71.49933259804551 100.40584544264989 85.11532435474061 70.7573847784961 58.02844975781142 48.23586717338944 43.414297216569 45.18415589400624 52.88779731743908 64.4308519767534 78.1297298588077 107.30302675197578 93.11640397625314 80.16288027351393 69.13904543253362 61.09848916673499 57.31091256749175 58.606770649609466 64.68124904797084 74.37252138047623 86.47298676473223 115.51711614088175 102.43314373090858 90.77214611345346 81.14989124079973 74.36205988308907 71.22370262271009 72.2122181088607 77.16917672725125 85.40636974363974 96.08383272928974
52.768682795755424 56.79155994266099 49.558264032472046 19.852465334378646 59.57404963729253 13.317646779887722 27.47562308064901 16.949841929563977 0.0 34.57170345163372 51.32152680061802 52.81626641658998 39.87695971568185 15.502423197493366 48.09223965612503 18.658365586751728 43.55014036036623 24.401259997458773 14.226131961573223 13.98504608893321 44.10540083595743 63.743028854511344 51.77976988075293 3.824066753535665 39.45789421576276 27.546025400713273 31.31303008790815 56.44684368436914 18.078372187541337 34.99567790399817 41.78724269637777 39.13107521434515 41.344721423659145 28.632467721522232 32.14686881962858 2.8425820122790304 55.70419664105232 14.567861606568808 6.875524389675712 41.92691419492729 103.08866618456942 90.53819594430105 79.78564216900185 71.6451283097401 67.07452622053285 66.81056554187299 70.90136255019742 78.67049445591091 89.16155072207954 101.53427745733717 94.50917070790068 80.68230641326201 68.45426131783255 58.830581514702516 53.2427352292322 52.983398273890415 58.123938573021924 67.44067083286072 79.47827397428672 93.18824008232572 87.38230103238995 72.24438385047974 58.32273834093373 46.71765151197618 39.52521301208562 39.25114406228621 46.019218837772506 57.38981652114552 71.19072919833229 86.26328971636752 82.0873995190919 65.77258292895175 50.12419412181826 36.02148905178269 26.103087492071676 25.7663607386217 35.286685602225525 49.24536203374307 64.83650089888532 81.12427923666561 78.99379745588385 61.886931912998435 44.9296974389795 28.39148019342681 13.863175987372479 13.30459374091969 27.578068207109762 44.07721114962843 61.022654028513294 78.12452324264216 78.36268421788594 61.08303463280733 43.820971069767126 26.610739081573733 9.731336334951509 8.943149483647652 25.767702302230184 42.97304486084275 60.233746610295526 77.5128339066418 80.25218564961972 63.4780939668948 47.087531536158295 31.681460494502716 19.720708718902806 19.308284908585428 30.909957623246044 46.22502779714016 62.58428724384693 79.3444700351944 84.49334192157912 68.73850418120901 53.94022451963901 41.14392326506338 32.784230330531294 32.48842611501061 40.43387986377104 53.037799601412246 67.74825804800642 83.45869329609246 90.75701011819518 76.27363768237531 63.2234464103409 52.68248283702858 46.393827941246556 46.130618850912924 51.98446086529011 62.25301437396013 75.14782017477185 89.54136142813097 98.6586428041072 85.48397706205732 74.02829941225971 65.2040193457122 60.180025003740525 59.919971009868526 64.48152206608722 72.96592832110834 84.1955043279014 97.22363625920664
86.96958330124764 87.9262769408388 18.869066596130573 49.85470568633927 34.17076555552047 35.83667619395497 47.69448703959247 45.631770912762605 34.57170345163372 0.0 83.30724234082054 86.17903720438231 74.032424710345 48.086832176883654 58.41890100694539 21.334934722810914 77.83233228299426 20.637972632640306 21.134924594850315 44.81671614598792 77.95727885235151 96.74573584581717 19.386514089633643 33.10483935128363 17.418262262180075 27.46807210190758 40.96781061270006 25.799776581137753 35.91752128908657 5.86278519174448 40.20562575759901 73.66088854710989 73.9785307832275 34.49991451782268 37.87672548583113 37.13709244217657 88.99217657335974 20.025290296999906 39.28996498966024 74.69766778968675 73.69871381546872 64.52289566730113 59.1067229835139 58.5038659221209 62.8529787938167 71.25298974801444 82.47531231813225 95.53042826660811 109.76632132004254 124.77950494970673 63.0346907326386 52.07439733203004 45.2638658564524 44.54880829104447 50.190428979478824 60.43398112979267 73.37681556324348 87.83366166794725 103.17001141014352 119.04643824590232 54.01699342103356 40.75576508110046 31.669202667417345 30.717317737867216 38.508155261007076 51.19483992900606 66.01253252384933 81.81140792149498 98.11864085335955 114.71764511409773 47.591022973935594 31.797604189391105 18.867489764738966 17.308641807660265 29.015657252523557 44.530214728045735 61.01380216805239 77.85332658020201 94.8594182857029 111.95619852719585 44.88419762460665 27.60285957184239 10.390289033006379 7.260299259999999 24.416784677939923 41.693649302759574 58.98521000948317 76.28147348506234 93.57983214213336 110.87930537279888 46.54993369179274 30.224602762464855 16.089429670466156 14.24520030156254 27.30740862259705 43.44164188041452 60.2276579519544 77.24168670480007 94.36047052195 111.53578564173431 52.17105223284759 38.2872268248067 28.43791374658767 27.390295582150603 35.92285900918572 49.288796497668244 64.55253112329041 80.64355672983964 97.15167195141807 113.89566118634205 60.657649081342164 49.18399495801708 41.92237862351637 41.16566288058471 47.227568991731125 58.00844978813682 71.4018397674033 86.19843791375456 101.78813377030428 117.85662117566832 70.98927948874356 61.42453818925929 55.724042162824716 55.100478691473064 59.713110143162126 68.51238711143475 80.13075405909593 93.52340454578942 108.03247448169701 123.26436135422085 82.47533912977754 74.3479524509565 69.65446743353276 69.09820521638194 72.77409859074757 80.1016055896579 90.19509599143662 102.23861204990666 115.62440303184482 129.9382995424069
16.303653229559668 6.527161114680671 93.31224818720555 33.45443763924591 96.84297512484625 47.66159739234643 40.368325876352436 37.70436222276917 51.32152680061802 83.30724234082054 0.0 8.516093080046529 17.365305594915228 46.61941997477403 51.93370950720667 69.95076534152929 17.30188054917418 75.59001272305173 65.21931826911937 38.655712852798736 13.05110570195072 14.386711764361532 96.61390942167915 51.24794566290703 80.73831758152109 62.42792797066761 52.5060966367032 99.01241984699458 64.3407592632119 85.16281746617189 65.35073763373174 22.835119223662325 10.210271738331022 56.93750819505314 56.727917249192025 49.756666435604906 9.340007721946781 64.6963108035105 50.515103993788166 9.865776660230656 139.01283386354248 123.20179618273437 107.84941777010931 93.18267527473955 79.58156040863174 67.69149334162192 58.564080397756285 53.62895191292373 54.04699050109951 59.7058590899619 134.18195891230357 117.74957574264306 101.6062649290922 85.91512994586513 70.97670061445973 57.381883051328735 46.328986293143856 39.98469001383875 40.61873824006268 47.95512853785563 130.6852439291761 113.7674955119173 96.98537767944738 80.4238417799961 64.25368132825508 48.86498947546074 35.29517280479189 26.50323838550919 27.52824842322888 37.5752268431464 128.63158986833932 111.41336171283838 94.22579980110159 77.08941854811083 60.048051425175906 43.214250332473824 26.979386716682807 13.675383263381741 15.647933767032391 30.023532086331855 128.09045448104828 110.79103123267011 93.49253584009287 76.19560025225098 58.901598633381155 41.61418903587239 24.34741712044176 7.250261756577194 10.538000494384928 27.717254501104446 129.08086932067965 111.92940329407101 94.83261144184752 77.82653427955705 60.98710566227776 44.503899269542146 28.991023048225458 17.293760685390577 18.8780633006273 31.818245762435573 131.56823760036323 114.77608499469204 98.16113040598132 81.83137939098151 65.99887179479015 51.127651991296766 38.35272888567601 30.439055877919206 31.31852051820046 40.42119032271736 135.47009335149832 119.20871791163464 103.28598648919022 87.88615323084956 73.339356422165 60.26649830015531 49.8411956187946 43.987988025907875 44.54711827921119 51.309382669743734 140.6687279487982 125.05871677504483 109.95622668740137 95.60208397847413 82.38836485193727 70.95508715765509 62.29047802857101 57.656573273058406 58.02718982795382 63.31450549624876 147.02657938594376 132.13788936409614 117.90978502827258 104.61214961105819 92.64650629580498 82.59380880978061 75.22491755621665 71.37596256445002 71.61673467724374 75.90832749322021
8.02358278888209 13.03647239324772 97.52284209951539 36.91272525217928 102.20488309916699 51.246793678767006 46.060860329109374 41.222849763819525 52.81626641658998 86.17903720438231 8.516093080046529 0.0 14.21823968284891 45.62884970140945 59.52372095944778 71.12172282527828 12.24945710220323 76.5272523090701 67.0048277695786 41.42353799520294 9.306117113995779 11.105655928323804 100.63688621005176 53.351617597205426 85.19706730013674 67.23405764852195 58.401093557378324 103.52288327829785 63.85373590779882 87.49962923563936 71.64447352007178 18.451037083922913 12.648362371859454 62.27680617253998 62.50283412102875 50.88373260310509 2.911348114772462 66.87442397723862 50.8998348621066 11.793147642051018 144.94269636544468 129.45926654676637 114.49765676119698 100.29167641076411 87.21136712497915 75.84141348780734 67.05753268409322 61.96935230889831 61.501087857578696 65.75151888688502 139.50129305668293 123.36540417164797 107.5924612489916 92.36858274558544 78.0158639585623 65.11296007862198 54.6957283672671 48.396801791168826 47.87045786530601 53.28802529173299 135.30012016140142 118.61630317348458 102.13833907904647 85.98465740895791 70.3789057774988 55.78286041488442 43.231617165229665 34.998942819315594 34.345121099622425 41.62879721247556 132.45730272780239 115.37821069603973 98.37701785498061 81.50248745806978 64.85356553742982 48.66236888274669 33.59730657322808 22.096233933103704 21.128648334558772 31.675032568779347 131.0613035005167 113.7802540334539 96.50668664766154 79.24549422295088 62.00701225435327 44.817454299971345 27.767828116326562 11.498424840714376 9.596285556929484 25.50837208281999 131.15834888095176 113.89151308805567 96.63723056952136 79.40368516113932 62.20811368754605 45.0939786039606 28.209886750739145 12.523650467490516 10.798112703767675 25.982108484181232 132.7451629952215 115.7070558616573 98.7607137100125 81.96307514805585 65.42877136157261 49.42280723556417 34.684505867072914 23.709224755589897 22.802435152023687 32.80984727634994 135.76949848908106 119.14897518071302 102.75362435367734 86.7112669369159 71.26070287867581 56.88619516928781 44.6396470880101 36.71599717765901 36.08515305081196 43.06877706641766 140.13827491099337 124.08195545704523 108.40954288682543 93.314672223155 79.12855906657713 66.43591959723784 56.25687256383683 50.14620378352181 49.6301273674639 54.8667392552748 145.73057033794998 130.33673958745615 115.48431234835331 101.41144545156577 88.49084866179325 77.30248045158878 68.69796816633195 63.7325845683963 63.269012959350384 67.40020641987356
12.937180363462199 23.86652557903208 86.79611787634352 26.856328745032762 93.14505572470445 40.55240060906563 39.0438154280268 30.929862620123266 39.87695971568185 74.032424710345 17.365305594915228 14.21823968284891 0.0 31.48849986690318 56.59711624782003 57.7374564351403 4.012263922094144 62.97102251344898 54.09170065320675 30.141504194919754 4.934106152416534 25.233846774242206 89.64393271761986 40.930127343111096 74.94095021732518 57.81179014751002 51.1833346928563 93.1472965277947 49.767883559905535 74.85474603632541 64.85906549242019 5.754165923264335 9.934648078326315 53.87876386275758 54.906106987139104 37.69924969816898 17.061741365882323 54.2892756022934 37.24375399330232 9.397226191790871 136.59181211531256 121.85179522538145 107.87533570391558 95.00003841266313 83.7354031204828 74.81256155021329 69.14414066704087 67.5543944134466 70.32049071006489 76.97426723204052 130.10493056836492 114.56770039405879 99.61386659962658 85.54990528740196 72.89272666879647 62.50289864313498 55.66484085691668 53.75161493220991 57.25903543902342 65.31965708981957 124.86763490565835 108.61174321983427 92.73511240836996 77.47126674842228 63.265306923205664 51.00888882336123 42.42664502918443 39.96047382682807 44.63591064497523 54.64975169501321 121.04231548540693 104.21198324350273 87.56564985851983 71.23242863315082 55.48950363019098 41.02220627483368 29.753454801290182 26.199713892019712 32.95894740272087 45.66037330348932 118.76554260727265 101.57091843030625 84.42014985404907 67.34675049797379 50.429364209386236 33.90235415387384 18.823690671099516 12.57004035349903 23.672629114615436 39.51573983372692 118.12692321648152 100.82688442418174 83.5276292490946 66.22977173790113 48.934794084864116 31.647418077871148 14.395056827145462 3.404385746645841 20.363585508480895 37.63608611963081 119.15280919553938 102.02140495232486 84.95913505611229 68.01804629902091 51.31829154438836 35.20499827586173 21.069627240584015 15.721924577019687 25.47824689123399 40.61792275323643 121.80113494794004 105.08837866600007 88.60207435010376 72.49687731356273 57.09620174744754 43.16091612242437 32.626101512446354 29.40696706801198 35.549772393803984 47.555360530860256 125.96957748257677 109.8710712304084 94.2001836986821 79.21111915679175 65.3745566804774 53.59074918620135 45.484157788237674 43.178157618666 47.52475623575455 57.02241742899227 131.51361552840325 116.15768249195378 101.43017800068057 87.6484597234953 75.33340328343365 65.31989348318821 58.79585865767757 56.97293376953178 60.27914270898114 67.97008596065889
43.43480364406249 52.876860420665565 64.40099568980145 23.95636335471264 75.02237230867212 26.200870443114606 36.86383774929263 23.818665862246057 15.502423197493366 48.086832176883654 46.61941997477403 45.62884970140945 31.48849986690318 0.0 58.698082392252616 28.440308314530856 34.394217173523536 32.87006196529722 26.95530780789342 20.02969589131576 36.335355304380634 56.70369236496115 66.32696398289336 18.928118698719913 54.8246039226618 42.6695139615222 44.12215897295624 71.39688185322451 18.314577429726572 47.281052616149786 55.98877808300351 28.783524520795318 36.489803905151476 42.742093499636205 45.83085488850088 12.698956604189235 48.50931098392183 28.477742224135856 9.068833427071645 36.757157983736185 118.43126167099223 106.03435986158753 95.18030703011651 86.45218254561442 80.54410303295582 78.09871219225185 79.43644506855155 84.37755868975866 92.34543660513673 102.6375689441339 109.52893311036549 96.03749451718235 83.95538640357847 73.97639385532244 67.0462540224463 64.1606335550301 65.8533750625924 71.80139626256168 81.07346910288653 92.67722302821515 101.8090748362179 87.17322177816796 73.70179572526892 62.15657658769917 53.79243957375911 50.22463857341141 52.44142739044695 59.80295574653402 70.72047049866316 83.8157359996579 95.55882296721649 79.81991882295179 64.88187250717979 51.44708411974356 41.02017423366143 36.29344388877108 39.37614239472188 48.81039085984896 61.750587586354136 76.43639855398887 91.08132409806997 74.42690685975555 58.151805542778256 42.69205627553421 29.36497928132938 22.376405104193523 27.162771593197192 39.66913124709023 54.84683167869388 71.00296525121692 88.64567963568231 71.43960786536601 54.29449222360722 37.29449637233575 20.798564698140858 8.543675282483266 17.666967514447943 33.91109486545789 50.8578040106176 67.98369924162836 88.42082140451176 71.16168209731038 53.9299711770344 36.76427660873668 19.83672677496416 5.838910420617632 16.53491674700474 33.338079127858826 50.47935240485824 67.70240741408877 90.42324694296974 73.62382299773994 57.12515005999887 41.28934435752449 27.29558347281838 19.595905907544285 24.933148841010503 38.184237919450325 53.78774833924217 70.19201841271168 94.51146592013464 78.56881958988491 63.34358479069015 49.502203563608695 38.564681800646696 33.506854647732666 36.8360154695111 46.79511581596715 60.17791782720974 75.17771494903185 100.43102938012768 85.56722810061918 71.80398280908705 59.90472376917552 51.186350454338594 47.43639505983442 49.79039305143405 57.50354306162623 68.79632438913275 82.2065301208127
65.49408678738416 52.283502225938264 57.71006295215631 36.01253172799448 53.64737820291534 34.81635646161793 21.861606382179623 34.985518535002036 48.09223965612503 58.41890100694539 51.93370950720667 59.52372095944778 56.59711624782003 58.698082392252616 0.0 59.84380358283796 60.044142271108676 65.06436775273036 53.172421717979326 38.71218337237676 56.85753303114329 65.54045007821135 61.72291056912207 44.62220706694786 45.81968634241531 31.09030011734538 18.532654164858105 60.75140053291765 65.8665441013148 63.293731593135774 20.877324716721382 60.808498468758245 48.77216084848614 24.437804266642036 20.682912010530313 49.49688104975477 61.127734591581245 50.42604881239274 53.698714982449246 49.69666364439259 91.0838552921093 74.26834121357331 57.7409393727393 41.84444304810313 27.687732115921193 19.518590287610404 24.37318168172919 37.494537804113634 53.06920487779681 69.46619615983694 89.12104174603252 71.85887098586788 54.6218642695655 37.44478912558442 20.479010437409894 5.9481899593556316 15.814092403644711 32.611401882939056 49.755753500979125 66.98119093885602 89.36840281229479 72.16402519989116 55.020858702507404 38.021789794289376 21.511191353696585 8.861120428454571 17.117850464910152 33.260117277739226 50.18130374566486 67.29639171152327 91.80807198668812 75.15073824420833 58.86642473233388 43.37729346467874 29.943853147982374 22.59181754248589 26.88600423836328 39.16676337712512 54.257945118264104 70.37417842448306 96.27349452245342 80.5211265369976 65.5547479842472 52.05675019801673 41.4860529888108 36.48269504267589 39.237591365462606 48.44478515109207 61.26102295948508 75.87908640194384 102.50019715240556 87.83899844455013 74.32220415568356 62.69443009553461 54.185738449072005 50.40136991673348 52.37559622275258 59.538300461657336 70.32152242312796 83.33141641450882 110.18991968724114 96.66296763207161 84.52415939932685 74.45556415267436 67.39155618584219 64.32966623520619 65.83071753918587 71.6083381072596 80.74972508964268 92.26036753749018 119.05942351565722 106.61963940778847 95.70283290751748 86.88498423644751 80.85574986143023 78.26230016095444 79.44184356104361 84.23603107507549 92.08200092831521 102.27983378462508 128.86522082973218 117.4211022983854 107.55397371066891 99.73299919470661 94.46775570469872 92.19715006392455 93.14045289039068 97.20414251441416 104.02316353388898 113.1002371923656 139.4097560847926 128.85494924460534 119.87816353130539 112.85658391633525 108.1716287692829 106.13318191879094 106.89275763271169 110.3926141590406 116.38580318671305 124.51280818145939
