0.0 7.9949471496596605 11.786195246352582 57.168160527653356 51.59864857007567 37.56320632366147 16.86064690997975 52.77418557150305 42.61982701350315 10.615968495287612 12.017280946820977 50.27781134493835 19.72243864713154 29.675504849768924 17.881549404540774 22.65154011375042 21.27541828475066 41.44291425440864 34.97669657530879 12.205749687896049 4.225150992808941 7.626041558777907 15.566401537605136 62.95113162944317 39.26783294296826 36.05878761553667 12.666784172398504 43.26462780546841 49.25130909964588 23.11849558975083 16.57476770630852 41.869681131499384 21.74139028977273 11.784480816630882 21.69002702846476 25.19228577889931 54.58376738072783 43.538391474395006 21.583812541532257 27.346371972681357 98.14850346242609 82.88885822121946 68.60540531830944 56.04948882121815 46.63789759460597 42.51289832214949 45.14758345986282 53.553401363240766 65.5464265967131 79.51984669387798 92.84273273879252 76.56269751084349 60.84923894466001 46.28307155445532 34.35586045072531 28.58736057363569 32.44778612326389 43.44180091228361 57.62144488936841 73.15723722334138 89.46699195624265 72.45159729920901 55.61328807246527 39.18104422796808 24.003816382223697 14.694377584423888 21.316163394098698 35.938078254964445 52.22475153634748 69.00736507756633 88.2431096904441 70.94176124102098 53.64078830556879 36.34072720839314 19.044063115674753 1.8487368119616663 15.584380564303189 32.87919721150745 50.17891890924444 67.47977325432089 89.25966280844727 72.19659520318363 55.28220372453133 38.71186476807139 23.23376066176152 13.405951314571594 20.45346333280385 35.43559692539484 51.88190081425062 68.74950523615199 92.44275559423677 76.07940584338752 60.24283262972588 45.48661046115501 33.28024244974396 27.29152436370162 31.317567354443568 42.6082469273502 56.99864336745643 72.67006222285416 97.58055705320223 82.21866060678296 67.7979089594739 55.06278268397601 45.45293043334585 41.21568880394977 43.934068702422344 52.53929055911388 64.72446973620927 78.84695417812169 104.38476714914681 90.15448366928656 77.18925385229868 66.23616509806645 58.437803652924025 55.14909697407554 57.1538937500152 63.95632038306068 74.2492621875324 86.79973286787781 112.55348470295694 99.45765298248789 87.82968016547807 78.32605481471678 71.79539798450196 69.08601627639155 70.63898557094727 76.19412762381948 84.97007738222173 96.08836131458855 121.8124037592273 109.78098350084892 99.31841074164505 90.96762518516677 85.3507510083667 83.02452836461286 84.26193487798707 88.91431141987405 96.48894044170218 106.36332180685758
7.9949471496596605 0.0 14.443926816975262 50.087124834793435 56.90799652299441 29.66425797824157 12.590984359386928 44.835318573429646 35.048764744785665 7.569683602463939 5.790086178433558 51.42166747496322 12.863890306651525 25.730346957838396 24.64398566547172 28.21221130220633 16.169974114502153 41.28519502404964 27.378762458318125 10.574672280401414 8.893388569368378 4.660183677808461 20.66576062663429 55.90188290264938 44.17231940776221 28.325955068265664 7.72876162256911 36.88204498878587 42.29093758723678 18.609060070282027 17.002766120312188 42.34993228174414 14.5624151986072 6.005080645105686 23.309650996149912 29.430955253715226 59.779501901380016 35.95171939246741 13.593252128186808 35.10117110700853 105.76972793317285 90.69391775195938 76.56526860502689 64.0140317852599 54.148448213490006 48.631418777006395 48.95587411612728 55.01856594418042 65.23886768203712 77.99922681653393 100.07627409118841 84.0165383829832 68.56387310927751 54.23964009620261 42.208770510635965 34.92749556685258 35.454019143899124 43.505779945518576 55.92160756069662 70.4301596185901 96.12799348519545 79.29474494496532 62.71709194782154 46.66821478319123 31.95500777495055 21.51823354636194 22.44232230043883 33.80817782341139 48.79589683007336 64.94457490312217 94.14477101233783 76.8897348235111 59.66186508007044 42.494215839084035 25.50866570542836 9.712830880481727 11.691858393949277 27.88858965679778 44.91726533010424 62.09719339688905 94.25076319765387 77.01888298689472 59.82744876188665 42.7253113478314 25.89003958653902 10.670022747395876 12.494716350629679 28.2329559832254 45.13086511504492 62.2511323923003 96.43908030010331 79.66986467430272 63.1885257005264 47.29697176497332 32.86226728411812 22.83779759479458 23.704697887403068 34.655038881939134 49.38362130194055 65.38519481395653 100.57386082092891 84.60592399673301 69.28153202392065 55.139880243739555 43.35423297194025 36.297108004999714 36.79779874057816 44.60250379137417 56.774960206153274 71.10637297689019 106.4284291479594 91.45775986603672 77.46440955455746 65.08186579186433 55.40095091119148 50.015828179851525 50.32496770961465 56.234538152568 66.26270283665347 78.8534710256062 113.73744341153858 99.83160048730616 87.15035721370133 76.30671631062555 68.18312863975144 63.82677332975453 64.01147429930641 68.70061554272328 77.07641789485264 88.09351678978307 122.24019380671413 109.37833097096586 97.89411553384728 88.32655712226176 81.35470359642862 77.68062286740638 77.77309823234063 81.6193280787457 88.73251315609706 98.40674434823889
11.786195246352582 14.443926816975262 0.0 63.47777043018067 42.72016204855289 38.14938516580881 12.225702900555206 55.65558082209597 47.72129619612059 8.894475737895265 13.179166380104355 38.5007728468973 27.05841114254925 21.69287547731842 13.64011858775787 32.66903082422842 16.476444343955304 29.83419366317846 34.05771558302904 6.81640506206379 7.577343877065634 9.977890714931117 7.4236741402584565 69.29433224789193 29.8748771193042 35.68576436401275 11.53177010842563 38.35425736094578 55.90109650926656 16.92346769588233 5.678545895235462 30.11897665631037 28.459094673043346 12.489348308572955 9.904141432549475 36.13459043768177 45.52797815376893 48.56603081132041 24.63824678935978 32.32909250276187 94.75848172609881 80.67468855816217 68.0906884441439 57.99120015823225 51.848989412513404 51.111222591539594 55.991940588896675 65.2421544046458 77.30899673394893 91.07976836073982 87.92720442175401 72.56818194301408 58.30776752534785 46.17529044168875 38.252138650668435 37.32293860028681 43.83473908455862 55.21479806960283 69.09826677605109 84.25659610534916 82.95816020818367 66.48977929686895 50.58098668295391 35.98183894408969 25.09303311498224 23.73476237866098 33.10179204492965 47.189293119721334 62.90183773788273 79.27902656777327 80.19832408546243 63.029093462941034 45.959496121178624 29.16499903963282 13.69789321655427 11.107682588471027 25.648434079379964 42.32040823626703 59.354064394632346 76.50820996044094 79.8770569657838 62.621681993836795 45.40175496379111 28.282098997117377 11.711036051968634 8.551788057264215 24.65423420794862 41.72820295222172 58.93528697392879 76.18534407358305 82.02302243630847 65.32470269304586 49.0466018587952 33.80138052656759 21.867997091115445 20.312485513415307 30.752181034358973 45.57968855399673 61.70924710803741 78.34070556373085 86.45265852329642 70.78267341437784 56.08047568775867 43.34236794271721 34.7966977212404 33.79005317642131 40.88316796643257 52.91320591490967 67.28216335160333 82.7809148180534 92.83960061604961 78.42241167931513 65.41911464589427 54.84477336180001 48.32122169295934 47.54612984779979 52.77339441353297 62.515042582654644 75.03287704025308 89.16522540329596 100.81243816954938 87.67533218958219 76.21991423054118 67.31034127310197 62.05307426514557 61.393658270188666 65.4711676422472 73.50143927563414 84.36317102294521 97.11087961963776 110.02685518544489 98.08584270775208 87.94567717627383 80.29157891973841 75.87963543886227 75.28204580716209 78.58587459066815 85.3391988889139 94.80772102563124 106.26812778030522
57.168160527653356 50.087124834793435 63.47777043018067 0.0 106.01090430822596 33.21512330598037 54.091274584673904 19.10206143793435 16.406472065432073 54.656563751198725 50.34333973223399 92.87070097279418 37.45521822358419 59.27243825345444 74.7107919658001 65.53773591721168 52.695027902259454 80.83304900013955 38.809309225033275 57.311875369441715 58.97833543594117 53.80573769642648 70.46010122934439 5.821770928926919 93.07455992087948 36.78011264975196 52.293825084192626 51.24362735406091 8.015611580349939 54.94223847760523 63.50068968635896 83.3542698739715 35.54643309125271 51.04706199042704 69.80760998022072 62.00679360514829 108.70119276948414 15.75769256906085 39.24393358658848 79.68303785212797 155.01040378514278 139.2340595516122 123.86572214408456 109.077984174202 95.14195639949786 82.49044084514908 71.80563711723414 64.07902886880761 60.45568697719451 61.663230236799805 150.00955809278742 133.67034442368094 117.6067913825456 101.9492850513179 86.91754143001248 72.89968612336885 60.60340261613041 51.28238999610087 46.75144470680287 48.375764428923304 146.18332137696476 129.38181593447553 112.73177654860922 96.31179002033839 80.26317121837266 64.8621670566005 50.702397189712755 39.15448570254582 33.07752597874874 35.410168081190285 143.62565699189062 126.4982984627686 109.42587213351624 92.43881912399873 75.59471463410544 59.01608501882133 43.0110161713111 28.560611759226813 19.498240609971777 23.310213224372657 142.4049713209658 125.11701422825932 107.83353886623324 90.55711138278849 73.29271588730104 56.051471388765584 38.86420139568121 21.858598261891505 6.624496086418007 14.44586589295742 142.55563122788402 125.28767896219989 108.0305987399559 90.79059030499526 73.57965460094755 56.42440175951645 39.39763845854325 22.78920748453187 9.23229651341057 15.806197503734452 144.07333251980648 127.00403399231828 110.00743319652759 93.12334437700788 76.42637227301557 60.07274499405205 44.44311200772793 30.665239609138045 22.455173951852007 25.822934684269725 146.91569369982162 130.2049441182074 113.67119766398831 97.40463116388136 81.56525273949366 66.4592057235089 52.72066848150539 41.72312349011293 36.067665177654554 38.205250921211814 151.00789334469314 134.7846397972115 118.86595777673288 103.3926217465836 88.59827349350107 74.88641680378488 62.968232458448774 54.04371099321791 49.75086550770774 51.266714947780834 156.2517072727902 140.60840000512826 125.40152381841031 110.81090243464264 97.11469466498134 84.74765861668966 74.37581100217419 66.93318148612086 63.45891746700057 64.5965287690285
51.59864857007567 56.90799652299441 42.72016204855289 106.01090430822596 0.0 77.71639805017944 52.317772187523765 96.2992165820316 89.97213278147066 51.40287561227235 55.709231596369804 30.351409915840648 69.71086833540369 52.40100077385694 34.42096756724217 61.305816697870675 54.75652964554572 36.851563826079634 72.53616323713467 48.69904436885662 48.471000924196694 52.651703689889324 36.32584912156097 111.80888259691186 12.94317275969537 74.54616435042037 53.71707984627624 69.97877723149084 98.5492397234643 53.28062119517204 42.64171538218701 33.52811293364318 71.17487436976727 55.0009093783841 36.64312655354799 66.92453715624696 3.114495013280484 90.77196342875493 66.81784326341644 48.32756755071672 61.92285337857594 53.30358969645311 49.46521190787384 51.48828327183312 58.770579800379 69.68228179653885 82.80073280481231 97.2368444560028 112.48443490681878 128.25441077121474 51.247244790244295 40.480065396433915 35.35107894815426 38.203002022249784 47.622971732422634 60.622875237776206 75.37258161845918 91.02541738281032 107.18644807805293 123.65658164958464 42.67979625871117 28.94130389930516 21.268393082108027 25.80312824839202 38.44437176897386 53.74801786300172 69.98886009819246 86.64146271615931 103.5072799149866 120.49681464331515 37.68694661199547 20.932611284927226 7.399719539626419 16.433223880732307 32.92505442292864 49.967798972723976 67.14325002104543 84.37040047539074 101.62296144641921 118.88987119880274 37.71615852300519 20.98491875906395 7.545751783703541 16.499190213577933 32.95787521202935 49.98933038501914 67.15919981099755 84.38303407213434 101.63340057398973 118.89875162627612 42.757139564659035 29.05472148406695 21.421766390897993 25.929108895773233 38.52864751039198 53.808048169782374 70.03475419163786 86.67836477149349 103.53802404003888 120.52309862668923 51.35458388453528 40.61525007847257 35.50508739171045 38.344900068274576 47.73634810689923 60.711563467389794 75.44359737828282 91.08395177321526 107.2359249237118 123.69926578616615 62.04722406022904 53.447361376607255 49.61939538307657 51.63574240590189 58.899209884149734 69.79029654322815 82.89122748208176 97.3135511140268 112.55043492626439 128.3120224613107 73.93138658341316 66.82234166042821 63.74397568708343 65.26911364851422 71.10213516587197 80.30979842017237 91.88311862152703 105.04306222088462 119.26556930291773 134.2132660664185 86.51731635590329 80.46981015137268 77.87309227536927 79.06788535011471 83.89234962364033 91.77584646956932 102.01161454866623 113.96761315238601 127.15953770334187 141.2415061011415
37.56320632366147 29.66425797824157 38.14938516580881 33.21512330598037 77.71639805017944 0.0 26.248931178881058 18.75117398270206 17.925342035866688 29.841718073183827 26.275643384273852 60.541951208803134 23.368451365575662 27.03682696116363 51.543466597517586 55.93753883907854 23.04973634803992 48.43335047726731 5.724246029450536 31.3352216705152 37.0518536195815 30.94222076070618 45.5559091895309 38.284474448320836 64.9750713793115 3.6103242327516174 27.003082967809767 18.8954847340422 28.3769578984251 24.45176986741421 35.877592539366795 51.21788778512948 21.299331169208955 26.78232196669387 41.22555817162047 55.33473974690863 80.06948953062759 18.19798935902532 16.290983945619494 64.75153888650524 132.897645036778 118.72472165617164 105.48944558328476 93.59046344830013 83.60032709222087 76.27281726991482 72.42070658210874 72.59933162747834 76.78056581581943 84.37141544633015 125.71547873720299 110.66466047792683 96.37245222131502 83.23057731371354 71.87284214189818 63.267518207837355 58.63914450295616 58.93230575181544 64.07949000837982 73.06190801957214 119.75978135093622 103.88161032752014 88.53856029704247 74.0639474724935 61.07834257466214 50.73818590587057 44.90954294323719 45.3660065112229 51.94214095734154 62.74234159383498 115.22098722474512 98.63947516584459 82.35487401905421 66.58538532051163 51.80357952746551 39.144823610606544 31.300680971401608 32.02900393685917 40.874082341320765 53.98363799724397 112.27113996923677 95.19324343206645 78.21387710919554 61.41481744692407 44.99845868368742 29.608360611177268 18.087592558875752 19.4004959575317 32.00483923639961 47.65451162288599 111.03699274321532 93.74124570807899 76.44829693179153 59.16060030176758 41.884659719106004 24.645210060613156 7.691658176549587 10.47140866861325 27.547282278519198 44.79697188188442 111.57551033188331 94.37559351220729 77.22126514802757 60.15154134916607 43.2666737530219 26.916819722671594 13.256632516746093 15.022463937639339 29.568962362642775 46.061759009150514 113.86153607980535 97.05537798248155 80.45964161069614 64.2376213518261 48.763722190268744 35.04339799309215 26.01709861096377 26.915602047096293 37.02324112197564 51.143930910399554 117.79334045571187 101.61887139322083 85.88495316488552 70.88555231243878 57.20143409843959 46.02122107353194 39.52983310445107 40.07454068931393 47.41345914059535 59.06614592023842 123.2134182423147 107.82710944541229 93.11565165787489 79.45478961212658 67.48557295881389 58.26011911868943 53.224809618226026 53.57442669009782 59.21366386694585 68.85489625971117
16.86064690997975 12.590984359386928 12.225702900555206 54.091274584673904 52.317772187523765 26.248931178881058 0.0 44.30223942380289 37.82700470256301 6.244688771721886 7.054404289442009 41.07979606564377 21.008429506701987 13.205306534923213 25.86283140707929 39.428904765780004 4.596143689684093 30.019057870668913 21.892800285768256 5.75084127412762 14.035050483560667 9.47265148268812 19.487062389481025 59.829953097386856 39.40306633613673 23.592294515140118 4.863190441178036 26.96027818373555 46.98312202499 6.285669962746675 9.761163847866557 31.618559231910957 21.499214624306394 6.648699924879177 15.760958863938571 41.43185237703148 54.876576627132295 38.59096349720482 14.989348550431483 42.85184829813408 106.72652636357554 92.84362818490344 80.299585661672 69.81979603740476 62.45222717093802 59.36710989529057 61.21538282895846 67.59355554564182 77.38960334823409 89.48803808296962 99.47816404948804 84.45197517394465 70.47744726865008 58.31559406409188 49.32595588089955 45.43231021147401 47.89408286882764 55.877500048097204 67.44961322651132 81.08827974526183 93.80386941521971 77.72012747620047 62.29269020861846 48.156505613487845 36.829710200004975 31.504203132544042 35.03299612822102 45.396206466126294 59.101853155061434 74.32328889515533 90.00194156389445 73.10814750437855 56.46206756991355 40.371289470932794 25.89264469639904 17.599124460274577 23.403875976724667 37.20840948317284 53.102750949047916 69.6710174820175 88.31458436894947 71.03024085626643 53.75721310918628 36.511564575678904 19.366576248589453 3.96834282195979 15.973251242141869 33.06441148830955 50.29989463431539 67.56934981711895 88.86236097260512 71.70707186241789 54.64432438797652 37.79964676880902 21.68726536875511 10.51545233491051 18.69558963358474 34.45560159092355 51.2207474129254 68.25433704445632 91.60517591573264 75.06415233541921 58.96148213447473 43.783518401238695 30.923248376784326 24.37639832427495 28.825006485274475 40.81989589652007 55.68085399506543 71.64608712753126 96.35572588083438 80.76791749608401 66.03933293144112 52.89269233365651 42.81105840298958 38.29677469372964 41.221421535446865 50.30382337307821 62.93210714352446 77.38948238632814 102.83608026763368 88.36503848674614 75.10127070381897 63.80220927828785 55.67713327172493 52.22896364238432 54.35518678322868 61.480145011003756 72.13757927773736 85.00913286514992 110.74290177470253 97.41344448439241 85.5187707082811 75.7379246175144 68.97607130292305 66.16536635367433 67.79900517292779 73.58156430457171 82.64671931631811 94.05001821831588
52.77418557150305 44.835318573429646 55.65558082209597 19.10206143793435 96.2992165820316 18.75117398270206 44.30223942380289 0.0 13.45132840329762 46.92274791860301 42.893907466871724 78.95503238673234 34.56619684174786 45.67600091760505 68.56058086113937 67.28364744974807 41.54299159490348 66.86572360307726 24.31104417073539 48.897536332624654 53.23485380513282 47.271347592644354 63.06245381173465 22.567481436073557 83.48710509976488 22.189223649706943 44.16069318127074 34.01702169510075 18.77482762253028 43.12728910408131 54.05553513746146 69.75262564078922 32.22784571356218 43.509819566625296 59.697374523364324 65.23850941642903 98.70487210408453 12.677094258294137 31.523239323137407 78.76844075100307 150.1678683360095 135.433254733478 121.37804765382884 108.2671721955199 96.48635580948557 86.58024774421092 79.25495506192088 75.26780629843041 75.15200322644961 78.92458852463214 143.57670687096928 128.12074109762034 113.20014660674661 99.05714226504489 86.07587946531976 74.86315494456863 66.32210990024427 61.57473431564529 61.5058444509973 66.13006312098499 138.0998599195929 121.98072385757963 106.23429459881139 91.05413982056548 76.77688507493212 64.00958099538221 53.83739881199035 47.941706653492496 47.92756656970613 53.79961628277318 133.87424125550982 117.19772450919588 100.7323628141571 84.60153270421178 69.04011792885832 54.53773520635985 42.20070342331959 34.44041677516803 34.49773001436331 42.340908999601915 131.0210316213367 113.94283499481134 96.94400592267674 80.07510624551455 63.439866916578424 47.28554226049518 32.340995929172955 21.32297462552487 21.496748462266417 32.68429072808674 129.63092577524458 112.34899577129667 95.07434050694962 77.81180523154217 60.57175317343365 43.38099780055262 26.33625061390344 10.197973386217768 10.635443786483256 26.850327864787 129.75097779895427 112.48685889555752 95.23646307628641 78.00889478176272 60.823554003129196 43.73025347270573 26.904994085180764 11.58169397735782 11.962685934750649 27.400535850388987 131.37704612209467 114.35015925418621 97.42022823696519 80.64833595744042 64.15854261445764 48.241002921982364 33.71618914212075 23.346942679599746 23.496581231829488 34.02661019798125 134.45447873016067 117.8570628789202 101.49519732805275 85.50421206855131 70.13824116014497 55.91496092757185 43.95793704273085 36.56261743467689 36.60679102890335 44.06809158938242 138.88678955738266 122.86686604655438 107.24595502332684 92.22702751510569 78.15789133973963 65.65202961337965 55.771172172800185 50.09351193849864 50.06992980662145 55.707606689309586
42.61982701350315 35.048764744785665 47.72129619612059 16.406472065432073 89.97213278147066 17.925342035866688 37.82700470256301 13.45132840329762 0.0 38.833916857418416 34.54299028615479 76.53029735147048 23.19892023969208 42.990432209723345 59.609780440918854 54.75446576782889 36.29790041346195 64.52243256187404 23.163145971372902 41.341642113475835 43.87975521146754 38.34470055705718 54.889195031352855 22.050504540438006 77.02914393669909 21.283408229249208 36.3378282600221 36.73615389222365 10.482904786183818 38.53597751013919 47.356538072486124 66.99572949816798 20.99030746428535 35.23207019584813 53.57998635875582 52.318891736526204 92.60823098720809 0.9422663770742513 23.171852977733156 67.2383743188507 140.76008162579598 125.44573578779989 110.71837921089389 96.84617278540189 84.25258270316041 73.596936229906 65.82716137217673 62.0372158306849 62.950075008943536 68.3776466480332 135.07724246950315 119.06417893998331 103.46689446011489 88.50548040239165 74.56369185525526 62.32953148353475 52.999048265597395 48.28591937110136 49.52638864656221 56.32848840168661 130.66042615166927 114.05237495351257 97.68546130354578 81.70472639317202 66.38963117376441 52.32792550284981 40.83562531916512 34.57734302655223 36.36405992411131 45.25267843305453 127.64119239842938 110.59677203493248 93.64683404050551 76.85391740668284 60.34924414964894 44.45502752106166 30.152599028600754 20.99572666757474 23.899234344797254 36.058810574961 126.11999730583305 108.84573997956727 91.58192993837935 74.33584639356435 57.123546941110874 39.98868039208871 23.10417477757122 8.199061720203687 14.119480242522755 30.49931507155553 126.15106685250298 108.88157388868845 91.62431963153475 74.38782235302637 57.19085269460386 40.08431738821523 23.268534978784178 8.649294230054494 14.384339134548876 30.62223840671104 127.733267895665 110.70253806861032 93.77114473127584 77.00464061032753 60.54017846709834 44.71267364148409 30.529405522969007 21.53084905662719 24.368458357472882 36.37000833715726 130.8103059326239 114.2232628503474 97.88400827035959 81.94090574961542 66.67872716491821 52.692513120972635 41.299599067974036 35.121510344961436 36.87942185337156 45.665859076020936 135.28017405702062 119.29329940698277 103.72925856408777 88.81063500420082 74.92396616913588 62.75806348596949 53.50000343949244 48.83265519288621 50.05704813558534 56.793396910158 141.0104206644923 125.72528565429613 111.0335564333011 97.20467242242788 84.6625094889692 74.06366971270182 66.34612510233781 62.585013761466236 63.48743234441789 68.87030325594544
10.615968495287612 7.569683602463939 8.894475737895265 54.656563751198725 51.40287561227235 29.841718073183827 6.244688771721886 46.92274791860301 38.833916857418416 0.0 4.313231159984731 43.95228553084187 18.86782627366148 19.224639919709027 21.747699121896957 33.2060394060268 10.708826375494612 33.71571840493812 26.246787979989854 3.1074696028491826 8.018306691802481 3.4306104869858065 16.195114431308642 60.4677144790374 38.49253684745203 27.678024814316885 2.839230118047393 32.93605155091461 47.14671307611394 12.510819459674845 9.7611638478665 34.81295118668716 20.004023554648537 3.6108878045748636 16.25031409661279 35.351669951915575 54.15071898007689 39.675631026307514 15.747477734958995 36.96774470638508 103.304302538318 88.90701680813903 75.73530287577762 64.54389448363183 56.52160894933978 53.12409990900743 55.21184160961565 62.235236534783674 72.77912907472358 85.55161214573873 96.7232406682793 81.20400847076 66.5695333322941 53.55016913713253 43.617021120697494 39.19151079806503 42.050096031008295 50.98188603977552 63.47283594137111 77.82772751990841 91.85263454668915 75.364562853451 59.34171109257755 44.291878455809346 31.635625478047135 25.269855206429536 29.580886488663023 41.354595745621296 56.07215720492767 71.94915926125678 88.97390410000308 71.8446222745795 54.82387134071864 38.057548105867234 22.131652602698004 11.399829212670621 19.204560533559253 34.73308458159604 51.40692719730031 68.39349488969381 88.28216205180112 70.99010955506571 53.70442013059013 36.43415152449579 19.220916260196212 3.1864424171943857 15.797999161279494 32.98050497712978 50.245041630175095 67.52872186790965 89.82795668651976 72.8948338051307 56.18686710627146 39.98729200290098 25.29259288844437 16.708058987110267 22.744569945780047 36.799238249216394 52.81822276656071 69.45543624141433 93.50035654730694 77.35521475645218 61.83891039953366 47.57080452048255 36.06412427968309 30.609960657417357 34.23488479470798 44.78609155111303 58.636760397930516 73.95575946104947 99.06308662767852 83.964894014795 69.89574802471664 57.614508827793955 48.498984872526165 44.53734736847652 47.05000487106929 55.15917400474168 66.85858109542976 80.59968440295934 106.21949853544912 92.26301569837887 79.63066669821782 69.05301520290169 61.5978210284079 58.4718822979965 60.3516967511527 66.81609386388774 76.71473336191153 88.90785706106969 114.67151299461881 101.83756790622274 90.50365978319537 81.29958477337017 75.0134680438496 72.4092959869906 73.87746447001012 79.19180021611548 87.65552201647047 98.45977712594724
12.017280946820977 5.790086178433558 13.179166380104355 50.34333973223399 55.709231596369804 26.275643384273852 7.054404289442009 42.893907466871724 34.54299028615479 4.313231159984731 0.0 47.36322830405398 14.878594235335667 20.020346178607415 25.66766519026614 33.71857016496604 10.381268940313062 36.68672538707055 23.162594398230965 7.140414391332013 10.792292460103448 4.702358793492022 20.400117948438346 56.15462680571479 42.793514837835005 24.402561699705178 2.471991393214987 31.459743198766986 42.84026454421354 12.862017747654232 13.744028694319809 38.0502209248995 15.845552644248658 0.7113065980788735 20.267026615167474 35.16906913888481 58.448984211735166 35.38992410073225 11.525995844212467 39.27092152970594 107.2755698532414 92.6970556906222 79.22209183204563 67.51470202308246 58.64324001120006 54.023362202274406 54.74227966771907 60.61031395515353 70.35056920249039 82.60444583166723 100.87306493979403 85.24185477931157 70.3965782395009 56.95514459084426 46.16063917396785 40.2048077805541 41.2402033769146 48.82405172286284 60.54360019706226 74.47128889058986 96.12572741224359 79.59419836163595 63.47462238101714 48.18225079167421 34.82443434865017 26.507800653838633 28.12998568731734 38.45307563116025 52.58034126613053 68.18691869580171 93.28666559006119 76.15737181815125 59.12868591576053 42.322223766690826 26.16968974900326 13.31343716461403 16.38155875648808 30.954421913951983 47.39947167781054 64.29585138412052 92.53173745602868 75.2350189634342 57.941412682153775 40.65489038428912 23.391162948710186 6.339280669580632 11.486515490013518 28.67764251428192 45.95201742722054 63.24145961681748 93.91122858832617 76.91766247489005 60.100308618132374 43.66325390049288 28.277636679439194 17.072846306196524 19.546144777089715 32.73123615339215 48.57291647032454 65.16160647607333 97.33441095179543 81.04318468115915 65.2741696304966 50.51876748786213 37.97741073274569 30.514435819986545 31.91687752365313 41.291071169240915 54.68022728292929 69.81125384228751 102.5968770443948 87.26575328377079 72.82313078021178 59.915016655443225 49.75051988586351 44.2619859587289 45.18668760996887 52.18480849209526 63.27223641957558 76.69551309936884 109.43353547438271 95.17485773243855 82.09449198151259 70.84811144085887 62.43477706990441 58.09858081727038 58.74934902156211 64.23569210482364 73.48237531583445 85.27480305380708 117.5700019333141 104.38775152369651 92.57207103295276 82.71071488416949 75.57264539874068 71.97274111322754 72.44042068587106 76.90150837226773 84.72755033363096 95.09133470329911
50.27781134493835 51.42166747496322 38.5007728468973 92.87070097279418 30.351409915840648 60.541951208803134 41.07979606564377 78.95503238673234 76.53029735147048 43.95228553084187 47.36322830405398 0.0 62.041297577662576 33.64310008109312 40.47332023697867 69.00676739071415 40.898464544455535 12.108604213819895 54.82785404734328 40.87262241067089 46.07800967872004 46.824216459168376 36.8116700408899 98.3220022418783 25.24708882918115 56.95959708768444 44.89379935020113 47.18160319370504 86.55600138103031 38.327288243090685 34.48300119672628 9.584301201278686 62.57433270777605 46.73512378412298 28.617361724623244 73.43301619325301 30.6531342017423 77.1274153517669 55.481793227632615 62.1223467497217 91.982916405197 83.57197468267736 78.14331672221525 76.33587556721119 78.40050257003317 84.05234477467694 92.63713874583983 103.42711076642169 115.807512541049 129.32237869995876 80.5155479554353 70.81820124439615 64.39236244247613 62.259373615719085 64.84425505654251 71.63811676272684 81.59630311027766 93.71546370484306 107.26562422957217 121.77000736055741 70.04712828254705 58.704959296787464 50.83941881319896 48.184260484186105 51.55096124709168 59.933149812934744 71.59026107861827 85.18832496147334 99.93817154406452 115.3989936978862 61.09353082347082 47.72275332351941 37.69894893297404 34.11258134687825 38.79218415198028 49.44397623606847 63.11329424416088 78.2341161140431 94.10937162312548 110.41412327984615 54.407978879408645 38.843289167772355 25.614169837474932 20.051980327002344 27.32745449343027 41.11215463368716 56.85367519886119 73.30199959101034 90.07073631236531 107.00936207172346 50.892407565754596 33.768372693508006 17.008300096814487 6.080705657038065 19.580120573703073 36.44860344872214 53.59415729658019 70.81581836414065 88.06895023852645 105.33809041806494 51.20402060355415 34.23407780577006 17.911050148022714 8.267564850221746 20.36204352846747 36.872568146407374 53.88202876394543 71.03290112807923 88.2427693273699 105.48276120478107 55.27812810797725 40.04757081578925 27.398094492742334 22.275870530810224 28.991109093448898 42.23109728047968 57.66418230598942 73.92943552433047 90.5796672838097 107.43603671883368 62.38180932029554 49.35386885251234 39.73444003990822 36.33943034571393 40.755242465543645 50.991494359215615 64.32715074891216 79.21198941946038 94.91998382741119 111.10254051694574 71.619102796566 60.563599172632074 52.9651235973884 50.41190538277365 53.62944344929346 61.72175725563066 73.08717087378072 86.44417208419976 101.0057243003069 116.32032886953628
19.72243864713154 12.863890306651525 27.05841114254925 37.45521822358419 69.71086833540369 23.368451365575662 21.008429506701987 34.56619684174786 23.19892023969208 18.86782627366148 14.878594235335667 62.041297577662576 0.0 31.96133455525307 37.315008993021095 33.18582954439978 22.28456393259029 51.006521790051636 23.657608530010236 21.91374927021229 21.664258094511013 17.082714143324846 33.52450418652828 43.24761233423275 56.9183054687084 23.618605498439944 17.293373293282862 36.83513874612731 29.56793859514377 25.123275244249058 28.57667834337067 52.61704401655565 2.344534572548237 15.560221443297822 35.09381624811931 32.07141824623802 72.55598614196292 24.134899211321784 9.401419005645785 44.266990144192114 117.78025522807036 102.30715655670946 87.52155048725908 73.83759931662338 61.989209564420506 53.216866580251825 49.194607748775944 51.05767064092054 58.24400216126056 69.11254300716024 112.55587708710156 96.27514663195137 80.42194822402301 65.30836974268254 51.588604032617894 40.697573379822934 35.35404357951866 37.976727364375854 47.25740947884716 60.191371353414056 108.90997136853105 92.00629954665622 75.28378186415826 58.896925472049816 43.22914770368848 29.451348953608235 21.557273994678308 25.705282178565533 38.15125639578648 53.37589868241932 107.00406192863366 89.75261387415776 72.52521943516167 55.344345147985024 38.2726920201869 21.571154302942585 8.03391376164298 16.20142498602548 32.544460384307136 49.54302131189484 106.93125630218998 89.666199620747 72.41874438131946 55.20539035627461 38.07241933863594 21.21547801712738 7.028321562445272 15.729319876194845 32.31314139545134 49.392105778227425 108.69523909470367 91.75318168921304 74.97565794516275 58.504391327148326 42.695314858744 28.66579151748151 20.476251656223006 24.810033184001238 37.55675967687636 52.954643180547535 112.2093940241713 95.8717020621174 79.94076733658187 64.71767290047516 50.842265550282804 39.75176253136524 34.266268543613045 36.971063995609015 46.45696786847423 59.56801181467421 117.31650258516635 101.7753751888227 86.90221221323229 73.10584283977208 61.11985196604339 52.20642325276056 48.10496056449723 50.01365924018679 57.3353928029674 68.35225455429375 123.81954303464138 109.17490937616725 95.42398662042972 83.01209787467597 72.62901865481311 65.25055627697887 61.95958864312361 63.39590635008476 69.26605262170425 78.58260581205217 131.5115129415914 117.78863444766064 105.1272190109331 93.95736986929617 84.87006499945288 78.59105495023921 75.82127213771278 76.9406401344513 81.78963446120866 89.76587275442674
29.675504849768924 25.730346957838396 21.69287547731842 59.27243825345444 52.40100077385694 27.03682696116363 13.205306534923213 45.67600091760505 42.990432209723345 19.224639919709027 20.020346178607415 33.64310008109312 31.96133455525307 0.0 34.10869932921208 52.326221898552845 9.916437356941492 21.56825719310533 21.375588078780467 17.559763913246407 26.291548701861 22.593194312641447 27.22205317547351 64.68898006721362 40.27104137793374 23.50618524948476 18.039647394577184 18.322187343116145 53.16735187498652 7.19012735256781 16.413856594321995 24.216938782885556 31.74492320657346 19.72918756958875 18.355746965881522 54.57169612964722 54.44697282735802 43.55646473331591 23.601576022123496 54.00533532236933 111.08008950308201 98.52996778342876 87.61398864202404 79.01237654700596 73.54174649330608 71.92016056025874 74.39972245141753 80.60282932191963 89.76080256060747 101.07361399165596 102.3987450917084 88.67556209160375 76.41926932146939 66.44660435855725 59.909054690919035 57.98047544900303 61.098881567654765 68.57921128502922 79.19495064781545 91.86549565240675 95.02930603184359 80.09420541997098 66.31966954331318 54.59138654143819 46.484884538273306 44.047401585914955 48.14775978527063 57.40160318413517 69.78814665604631 83.93170359835833 89.29728490761998 73.23492718549053 57.891391386090525 44.02477713994032 33.521007991069105 30.130451709208863 35.92686227075388 47.669108592282456 62.069779798558336 77.6638936915237 85.53260401155828 68.61624306643569 51.954437818501546 35.90335274701856 21.852922021792004 16.271508728076306 25.508550030753714 40.43912197410415 56.73333570636151 73.48967619777552 84.00025105580009 66.70527619899646 49.41517125319317 32.137797202553706 14.91745453938633 3.3070338204013523 19.95134274419412 37.20066214136032 54.483355550729605 71.77531875394382 84.82131977177269 67.73162806269904 50.78585932796824 34.19863287923429 18.936799872695875 12.098396733264897 23.083607454226826 38.96213005178201 55.695198524849225 72.69508659284206 87.9298965100303 71.56902640342479 55.77898093538342 41.22104100938346 29.76178864755285 25.904907624409805 32.48191417522864 45.14194935824496 60.16000971678775 76.1535835021598 93.0970769913108 77.80258688744907 63.546244148697895 51.202671820535315 42.47361410280271 39.81215926881784 44.32509440095848 54.250583397316625 67.23275571815397 81.82949908838494 100.00420020701382 85.91222891660821 73.2098457931394 62.746724139465286 55.79713868250727 53.74187758101557 57.11179871619598 65.06938700419724 76.19049890442575 89.30094370715939
17.881549404540774 24.64398566547172 13.64011858775787 74.7107919658001 34.42096756724217 51.543466597517586 25.86283140707929 68.56058086113937 59.609780440918854 21.747699121896957 25.66766519026614 40.47332023697867 37.315008993021095 34.10869932921208 0.0 29.1873495598474 30.084445279031172 35.423255330488935 47.63853210686882 20.320638346595302 15.755151060518058 21.37696046396996 6.8876234434669446 80.51999965266751 22.953656001420843 49.215026157638846 24.57310642080299 51.60765735743596 66.8717665261759 30.306893510840812 17.843173201082024 34.374236530050176 39.16456877024925 25.059910426637035 17.071218398434322 34.2279564160977 37.48939924100353 60.49957027260504 37.10208240302081 22.360501412248567 81.60791732666688 67.18133375015674 54.456555726049 44.9044178428395 40.816693218662905 43.75275502272859 52.54816954092466 64.86156099961366 79.0660451241689 94.310987221786 75.467491446266 59.609019267665495 44.831218672868324 32.636654763795796 26.817426750446607 31.17543259907869 42.70071304831899 57.21454595442826 72.95455927835516 89.27452742493826 71.62876261905883 54.691465201893536 38.0834071329834 22.54436144870893 12.839913113320447 20.498568382744512 35.69638698918143 52.22054752459773 69.12634754413766 86.18950671129875 70.46894587757045 53.17051061597546 35.87544650295468 18.593163285598465 1.7542453360821115 16.098528783373844 33.37606144881151 50.67024692298377 67.96837474291378 85.26804561912482 72.11742308579721 55.32700987550554 38.9864821879884 24.031771209043526 15.291132198864986 22.109361882159128 36.64070829255821 52.86749084215786 69.61403690432032 86.57926508505352 76.39258746456238 60.770695986400625 46.357706594978694 34.694463965005305 29.275998666643464 33.304230438358445 44.27153522631221 58.39071241647839 73.87618804905468 90.02564314502492 82.88894616749533 68.72475955397897 56.341034433718974 47.16180820141043 43.27660512486549 46.045600832371576 54.46314871035257 66.41518038334578 80.33941877809748 95.37595420235996 91.13263895385366 78.42900330743107 67.79201075135161 60.3249730102218 57.281284036469394 59.345481026918435 66.04032268996558 76.15418444687427 88.52283819110983 102.33192775763223 100.69532467599942 89.31464067281539 80.08339590834615 73.81249350270275 71.28749349901639 72.89868241031787 78.39143894835519 87.03393670785913 97.99634285130551 110.59090794447329 111.23723663207865 101.00027683388133 92.88200516904729 87.47431454548699 85.29432796970552 86.58618203938957 91.20246331206465 98.67770551449308 108.42217334986452 119.88379222558038
