0.0 71.44155548990224 79.70237342348763 49.2694406884698 8.137323843321678 65.10547964084981 89.0218563514998 73.35591773006051 78.72983002794062 67.12509591197613 77.90793297594696 52.10879532833919 44.79086590441469 54.59050948959049 35.60462112526125 73.12494913951876 49.289019768652075 80.66035099392435 74.0868994925035 39.951727790207194 14.578096916096685 63.77842785362675 57.32916520654252 31.90693651548014 35.123381934500934 65.91414713179807 86.65471308103693 53.438701584963525 80.25966397126311 86.0742938363162 79.1649628757352 60.047631146753815 43.07299306017482 56.705427652882214 51.772032057329476 55.377776736674434 61.210218702529176 65.87118969730246 71.90865245409144 42.913904863502935 137.09279874299236 128.71764725546024 122.2320635011836 117.94816389659516 116.10989954398576 116.8327675125747 120.07051987922291 125.62886336297241 133.21764245464234 142.5128646708289 125.22544567976288 116.05798230653778 108.88599848215149 104.12266070208358 102.10562509604877 102.99636536978366 106.722098372279 113.00275961519584 121.44259334225288 131.62691848975842 113.87720791001588 103.77127893050152 95.74765617766094 90.36273833784439 88.10170702343257 89.20242466017525 93.5462978116983 100.71455995637639 110.1572095848751 121.3444458658287 103.21963422363845 92.00728522870789 82.91607096173652 76.70394876021344 74.09860545552311 75.4744827671421 80.62802497207709 88.90470131567949 99.52838823165946 111.83219954132468 93.48940304024399 80.99428857810422 70.55903173041449 63.212142903711154 60.09716247612243 61.85675986024111 68.11420129914185 77.79155463272788 89.78977336440423 103.30332378114132 85.00572077234321 71.08240498315308 58.97581887518982 50.022887817662216 46.0991819791496 48.44257458706081 56.27552457351537 67.71919579607028 81.26221429547641 96.02035536608253 78.17561476149329 62.79540287709802 48.7217308586519 37.45744317907361 32.1095250275837 35.463949326491075 45.64066566678267 59.22125952292099 74.36365612773284 90.28542341936183 73.46187391924039 56.84851456656054 40.81142366449521 26.42163884105108 18.147884202066 23.649532921872296 37.2554307219332 53.059832581346626 69.58043225829917 86.40740290807227 71.28564575479035 54.02028714139627 36.78930658555718 19.683197385099838 4.485193820064751 15.859356605949193 32.88821892948973 50.104532936660625 67.36473128644067 84.64197153795646 71.87781542448323 54.79580774341281 37.913768704409804 21.70346247858508 10.165619746043795 18.285307795021893 34.118591010927034 50.916766777297404 67.96814798565867 85.12070404549453
71.44155548990224 0.0 64.24422136994288 29.485402542665742 73.48121467965274 48.74167693496498 78.80867535771128 67.61339451697476 91.87774828755506 41.78452983744426 70.66970942536368 20.428098677774056 31.79692483128758 55.27817922464864 36.464062148626674 17.756817838836344 41.260466359940736 89.49270776313097 83.3008802827071 31.88042277895713 68.95399437331015 7.729175394027744 49.38294839317259 46.52496751387918 61.73280297072735 47.64639401518252 56.98364377185675 45.16058823240485 99.48921897204345 53.02073876234134 65.79729420674076 25.513971580932793 31.89575770553945 49.26125827220733 19.699268313024113 66.50641580841783 48.900862050612055 86.01635417814373 80.22656476310523 28.628184547614104 143.05814090549325 128.10023242805605 113.80860373323922 100.46799434085483 88.50948174210326 78.56672131609737 71.48581612853344 68.16454346724285 69.14679265208616 74.26199399054026 136.82591949205337 121.13366755310497 105.94384240009416 91.50699005118317 78.2410370104177 66.8467626406222 58.429604120347456 54.3897670430984 55.688185817302866 61.99032569280377 131.7988055585774 115.45192984255304 99.42875156922435 83.91490183319776 69.25352292682585 56.1168041062227 45.83499259042479 40.636227259232726 42.431886163954566 50.481011662334545 128.11881106242907 111.25213220908867 94.54286973296055 78.0921355643082 62.105709722357346 47.059184510477536 34.21585359260327 26.93682518396924 29.65081092601243 40.39132022848892 125.90416896917164 108.70623504716926 91.54749647014741 74.45505677460532 57.48808264524598 40.80338969645431 24.973313212396217 13.458414932168795 18.36584574067036 33.04833497551907 125.23267648809252 107.93137633449084 90.63031685754062 73.32966840982243 56.02981174023393 38.73180782449256 21.440141562409483 4.233202361645268 13.223990827613784 30.50477771986812 126.12899212985144 108.96535554793127 91.85361882818599 74.82939530805604 57.96983733566611 41.476236660535044 26.053155328626456 15.361254047291759 19.796006605096718 33.86012636400755 128.56031549176322 111.75796371709698 95.13485046816295 78.8044838680016 62.994945563999075 48.22125299508757 35.790011164873505 28.901040516726805 31.437636230113785 41.71437864259796 132.44210271836013 116.18241854549254 100.27214445811474 84.90792835894949 70.44795533772206 57.577576308808275 47.60404337180082 42.61240859890819 44.319234621141696 52.06991950965324 137.6516461498633 122.0613370449175 106.99842239465485 92.72029373094112 79.6501188037394 68.4830494573912 60.286091118976735 56.37016572512292 57.61489796458952 63.718564274161686
79.70237342348763 64.24422136994288 0.0 45.32135942522389 74.9003430228294 18.039946113556915 14.594775307030979 9.917089959720535 34.74314372746316 22.882106424407745 8.898015843128626 55.3779238136587 48.208149006326934 25.11203964181317 67.66708933918206 47.50527201897946 34.9707632313629 30.408408904781584 27.09979537448558 58.43302292460179 88.73783471354429 61.33328752900075 23.66643182617082 50.95529562023394 45.49140771597004 18.364468712100358 14.896173366150045 28.98356398848523 43.82442779491752 18.4746083874642 2.224350723955903 40.716009301886515 50.71890302283945 24.265177328490175 61.926446746128526 27.89059745686978 20.65294459242975 37.13385834760188 25.085218589306226 59.742494716113015 78.83458787857293 63.98879205863399 50.72421374223938 40.62060189138586 36.41191870709969 40.00411775719021 49.734677427294486 62.812848428278635 77.5633728254997 93.19552976320357 73.31853043721378 57.08870769529577 41.72942996281402 28.6754466681412 22.403756295075542 27.93360858472051 40.710635206496605 55.97442529552123 72.16389605108003 88.7740425867102 70.25844257189053 53.12036135615149 36.13876155611225 19.722085113839338 8.403835665637887 18.735034688604074 35.07266533785408 52.03744268548994 69.16944619419777 86.36922131519171 69.97731099963616 52.749677633800395 35.59419018165675 18.710363636146436 5.649998990952047 17.67712415216988 34.521766995287166 51.669502834392375 68.89438364858454 86.15014870543374 72.50747116116369 56.04808834022866 40.300803312694136 26.563753450499355 19.642376531429584 25.782254031117105 39.272611305356236 54.942361463951855 71.37016096646806 88.13312872089767 77.57429708630848 62.43674248294525 48.76094845385746 38.15260692577991 33.649974372531254 37.51970381352048 47.76864674831112 61.27533834223868 76.329539527934 92.17612575294423 84.72383247961696 71.0872245304467 59.39159563411004 50.990510997371196 47.65926175431385 50.413100376601655 58.397419357268994 69.84081131324825 83.33019681563293 98.02452201708985 93.47933186868308 81.2804511711734 71.22733259417724 64.33388675165217 61.66895467769899 63.76492662851949 70.19662865998053 79.92410395332192 91.90676264679502 105.37807436685304 103.43366183636644 92.50772602780113 83.75871178802163 77.92335771750724 75.67868265133498 77.33797120494674 82.6664746113401 91.0220616736146 101.66105866868917 113.94565125123515 114.273840272341 104.43595410526314 96.71556500288763 91.64936760855223 89.68827525327704 91.03318580905812 95.54459265112631 102.80647604382203 112.28645471749185 123.47468717716089
49.2694406884698 29.485402542665742 45.32135942522389 0.0 48.88086772184671 27.302794214780647 59.24006599554283 44.94950819221032 65.83329469245741 24.02638375305893 48.99563105429859 11.524393764206648 4.588896885514238 28.22899745235476 23.572265013677796 24.381122356359658 13.082617762063895 64.36842522873309 57.59692009686755 13.995958610480788 52.15780423465997 22.76181113851688 23.986043531673005 18.92897795572569 32.33753270078327 26.989171308211187 44.934074788521926 18.566442771088326 72.55682802284325 42.661273904484574 46.107535475865795 10.839909979799687 6.891988996065801 23.61705314185047 17.61074395543 38.66764247358188 25.384415104111188 58.178734098594575 54.48869660768669 14.557602577253514 121.17500337055324 107.85887157101754 95.82472738801853 85.61488217436276 77.94950409897382 73.62764289279525 73.24357907637811 76.8563687874764 83.9515839019501 93.74178857357165 113.1397579336584 98.78958371288851 85.53861913345567 73.97989838447481 65.02224123815635 59.84525741807758 59.445052817664724 63.91142513524537 72.34861927025634 83.56238176825737 106.37137162234926 90.99697631161801 76.45086200802692 63.30657558895577 52.62522523588135 46.149861937754665 45.704581718933674 51.4461993816644 61.670233329903965 74.55486258071225 101.12464741398179 84.83372502526478 69.03648536842286 54.16659990994454 41.23970905676797 32.65142391889501 32.09713676275895 39.91297679196868 52.484036315739885 67.19234512278307 97.64526222259934 80.67422749847384 63.88095856860948 47.454556051685955 31.96568550424443 19.758222256655166 18.912476861397266 30.3922416518645 45.69909256771533 62.063176744971386 96.1253730822624 78.83634821626067 61.55457577126334 44.28854643268622 27.06840298754663 10.130897487841912 8.443060816976057 25.27150601856379 42.48207039882111 59.74543616654262 96.65748224028555 79.4813283301656 62.37473278588143 45.41636361480784 28.868632367747114 14.242992750544014 13.078257036752802 27.16490067470087 43.62953021899335 60.56280246573635 99.20856987239996 82.55098290865556 66.22461690973707 50.551415936319856 36.385465287859574 26.288194651193255 25.630976075832937 34.95047001054192 48.83476667371681 64.39599506896029 103.62960288626604 87.79129999430003 72.62393875789306 58.650379134345584 46.94894919480691 39.58847123192323 39.10238668675432 45.71053052479612 56.99662203336701 70.7565093230719 109.69466178609302 94.84308880970882 80.97039169955794 68.67239136457647 58.943112459886876 53.2107493306796 52.79372452702236 57.807188322672495 67.04375333521003 79.03644012593651
8.137323843321678 73.48121467965274 74.9003430228294 48.88086772184671 0.0 61.42598607218604 83.33811087503575 67.9253298282139 71.5126039848541 64.30829341743419 72.39334710797871 53.46098152065819 44.64277985342617 49.934761091266566 39.0240653534981 73.19860520944113 46.75068986953891 73.69345743975013 67.2887396911615 41.60262118869222 22.700936347934704 65.75298357985547 53.461635591727486 30.338842556009936 29.537335456431883 62.3811335571345 82.95422508295857 50.16451232968858 72.6470489806915 82.75830072504932 74.1826191788372 59.36499899767371 43.31238024378329 52.85067266841071 54.105960533736926 49.385746226967434 57.4423411357012 58.52587778822383 65.26172889935859 44.898098096484205 129.55429330029844 121.59303227854154 115.68953652574555 112.16918026772763 111.25841056004553 113.02033275877744 117.33460739001357 123.93497223602098 132.4801772767323 142.6210719860424 117.51329989497687 108.73609037919486 102.15853463058038 98.22353177109545 97.25237960313892 99.33204735940598 104.28016626288569 111.71623726040472 121.18312344258207 132.24540934881693 105.9942031528303 96.23259398635041 88.79939625629504 84.3127095572617 83.25030208843688 85.73956024105001 91.49104420807659 99.94313251715124 110.47772576839357 122.55898837044563 95.18685820201098 84.24029014789916 75.70340207660938 70.45760271254042 69.25483785596468 72.29717453251553 79.09627308973353 88.79329636926062 100.55331240346581 113.73819886800588 85.3622122005 73.01172013467678 63.035021577714325 56.6993410614187 55.271287949752406 59.10764696553666 67.31427227021639 78.53284176617088 91.66407084221545 105.99950562822407 76.89801224138176 62.95706267337463 51.11344728960412 43.13099288087879 41.31205513782269 46.387439596295096 56.5297134666576 69.55665141877049 84.13888701471859 99.59559306961366 70.28761342973024 54.727391663862306 40.602169847170316 30.011581024688596 27.414663891157986 34.657504213299354 47.428170971214335 62.42139221747129 78.37179985373949 94.79745681945285 66.0897426933725 49.24644232469708 32.8828654754357 18.332113080474805 13.768175841587631 25.333213967151025 41.142357269527885 57.81287193489082 74.77082003624123 91.8571481392166 64.77521834951432 47.476035308138286 30.180002387805462 12.899796853934246 4.548689131386335 21.764420184134785 39.056407903001556 56.354499463804714 73.65439444149095 90.95506379781841 66.5152277545188 49.8134056708691 33.722214355502956 19.79173041384571 15.650876644653621 26.39885948209718 41.803852925269936 58.28324761079089 75.13337660405823 92.15109387832499
65.10547964084981 48.74167693496498 18.039946113556915 27.302794214780647 61.42598607218604 0.0 32.02766519031975 18.91951157340754 43.75812288236863 7.84931521981421 22.350015234517315 37.637967032529545 30.189612805472052 13.640118587757739 49.74463700179269 33.71471196507345 17.420887615859012 40.93632488953544 35.13091725935132 40.436023134039836 72.6575426557932 44.78103898837882 8.03458229231298 34.481575796503016 33.60700156584075 1.5541725791018939 21.566241599419694 11.912574941238352 51.98655473110904 21.483612909712118 18.818886057271843 23.7938719768789 32.71624918132163 8.6230187850307 44.166021340842406 23.224263921432566 4.016613820677267 40.43016330449013 32.16274979235934 41.70255106350453 95.10210549808723 81.07618247657898 68.56372882011436 58.54334381154539 52.462957883575385 51.73104914435255 56.55565039579478 65.72429070119274 77.71437341240718 91.42245857334964 88.19618466597996 72.8923720584757 58.70890529696635 46.67847427169334 38.85525835574502 37.93796233180126 44.357114562720504 55.628454779719846 69.42768246427516 84.52566442067038 83.1358074598945 66.71028281419625 50.86916648946194 36.38397010506401 25.663697648704314 24.334510238426265 33.53240694056743 47.49091657402684 63.127354720076575 79.45721858913184 80.27084979233523 63.12092753874462 46.08477870851558 29.36111939583315 14.108756289879569 11.608266202509595 25.868124259790378 42.45328055073896 59.44842617448363 76.58108701253767 79.83804986971485 62.57214675115709 45.33372246921896 28.17326283207121 11.446946584823042 8.18815824525917 24.53105759248569 41.655889614609464 58.884352712622096 76.14613812271425 81.87599228858011 65.14083962192578 48.80257960044282 33.447966758764956 21.320250950303624 19.724391917981414 30.368768301449723 45.32311171371638 61.52088050667116 78.19312589239635 86.20960700314501 70.48697124178167 55.708511914787934 42.86224322750324 34.19961840584044 33.17776836420267 40.38097495192397 52.52799608204744 66.98108700636433 82.53756763107735 92.51680110048262 78.04175526331206 64.9644181660506 54.30413129115399 47.70958716664563 46.92732386039695 52.219208406055756 62.05014676152108 74.64783107562378 88.84300557657897 100.42633348252801 87.23313756306321 75.71319410295258 66.7386759952725 61.4354101989577 60.772230661120986 64.89155610138485 72.98807935145683 83.91841896626264 96.72661472471246 109.59171712414071 97.59972112607362 87.40568083395175 79.70248990591287 75.2589338862771 74.65931783590152 77.99235044089662 84.79555467288867 94.32100420578053 105.83621286284475
89.0218563514998 78.80867535771128 14.594775307030979 59.24006599554283 83.33811087503575 32.02766519031975 0.0 15.901399927749472 27.712478735603366 37.44596265338046 11.274757754281422 69.64532204727942 61.78830784965375 35.690022613129756 80.85750358545032 61.921941900564164 48.01125035251869 22.56180021730974 22.847009612482147 71.87660527104524 99.35906360733388 75.91730926078847 36.27459478118062 62.59958082084231 53.94056846337258 32.581686065195825 25.676137097547404 41.87849328976775 36.43813479215135 30.038980198326833 13.291654016195269 55.23108213259393 64.22415251373668 36.808879601821666 76.18195487225799 34.024869754972514 33.9781273105541 35.12928124436516 22.499878316535607 73.45573481907468 64.3394826521165 49.39765038214326 36.59776433049146 28.93742386817428 30.56243284989726 40.366567338834045 54.07001822773859 69.40017030912792 85.48631505692123 101.9713005716612 59.424005333518444 42.83169271289528 27.140523066557865 15.406968712652244 18.353582168492228 32.17212882036454 48.290271982683805 65.01974672655122 81.98717681128905 99.07037629603694 57.654938745950766 40.35320099953557 23.05175272645007 5.753206093746237 11.555477519168157 28.856062530739457 46.15765627285662 63.459433689337764 80.76127673262154 98.06315066597318 59.31450610831845 42.68034203682705 26.9021415827842 14.98504290828431 18.002512715006056 31.974084521869354 48.15917733755377 64.92290278858931 81.91076189973074 99.00745016057859 64.13708492900352 49.134951301857946 36.24404774527861 28.490846526740235 30.14192190288253 40.0506224361857 53.83566699097903 69.21860663480254 85.33968449528464 101.84899496874095 71.48530313118367 58.363241021032906 47.96970082645716 42.36297261233717 43.43795179383726 50.7719885354331 62.18873643908706 75.8669098888167 90.79009884477671 106.43590106809381 80.67183607987286 69.26522091168832 60.71321691523472 56.33131258386549 57.08797627957458 62.797734696496306 72.29641844005963 84.3130295046268 97.92497106300095 112.55492507752453 91.14239114836586 81.16915891083241 73.95010974879615 70.33842893617538 70.88765702480907 75.507050873499 83.52400268478195 94.0738688307571 106.40590231779964 119.9717832564593 102.50411656471721 93.69379347637063 87.45649654572075 84.36485920854321 84.76378342105612 88.60613590351196 95.4770888158463 104.78253903399234 115.93776482275601 128.46178017201893 114.49187364401297 106.62046381216825 101.12429833469697 98.40218677213797 98.68395638267192 101.94470251589296 107.9147243539268 116.17710329812111 126.28268751204507 137.82663470754514
73.35591773006051 67.61339451697476 9.917089959720535 44.94950819221032 67.9253298282139 18.91951157340754 15.901399927749472 0.0 26.439113110047977 26.006806653845366 4.626708210435679 55.91745605697229 47.01421717277428 19.825721697602603 65.59371193270991 52.024379681844444 32.929824754491264 22.796740936021333 18.180380496384508 56.87273182635024 83.47847305799073 63.67784715870058 21.17937478424471 46.77315378383129 38.405989396085616 19.967023188099553 24.47274637519697 26.81753755706845 35.31475728915448 27.59676671019605 8.017476474333943 42.685027285993094 49.344306679583696 21.648427735949003 62.35713592710416 19.20572747457302 19.67292142365696 27.335952086174284 15.765003384994236 58.72786299453778 76.40421757796412 62.935180087732164 51.795498530168295 44.75952177758413 43.84929027983499 49.40455518327821 59.64532030384266 72.6155819491544 87.10445221514502 102.46976527539512 69.27667899884487 54.10398211926984 40.66857356864701 31.294316384946065 30.057361275871735 37.76592462409836 50.475682516572874 65.33018716660457 81.16022148670314 97.49173870158307 64.5104765486131 47.880072448032664 31.97051048806125 18.719994504783553 16.657589796007688 28.34122177194921 43.905430818949554 60.42235769490746 77.28355720040862 94.30454690937749 62.64697556878737 45.350053194985854 28.05930679065658 10.804428086166748 6.697778055361105 23.91021521026777 41.197695904463025 58.49372188692092 75.79244321464371 93.0923573265679 63.94049985062637 47.112866718068 30.81508889803603 16.680227856855595 14.338866869034415 27.04975062709812 43.086978532423856 59.83309479940764 76.82593020353826 93.93168088630534 68.21166447189758 52.73977310574817 38.84387003592012 28.894962994202718 27.562685073769575 35.821702995368334 49.044849652701075 64.23636216614064 80.28656952491747 96.76913941228474 74.95309498798885 61.17355370731679 49.65023974153509 42.27049027408862 41.317645117992626 47.18269446154985 57.827077771895325 71.13677388636968 85.88140475379167 101.43715381467236 83.56901098821302 71.42666526641995 61.79365848715384 55.98073554512318 55.208043617021886 59.67170361886274 68.35345748660866 79.88977965074974 93.22691370705911 107.69789594105598 93.54277709899235 82.82607541622225 74.62410236973153 69.82868181909572 69.15217436441141 72.70964102999059 79.93779358119038 89.95610068710576 101.9452770996185 115.29210405906827 104.48615178705025 94.95972482812351 87.84089338707484 83.74589870865384 83.12285087813673 86.04720166188204 92.18195744043581 100.94347640572698 111.71543030059314 123.97487282472058
78.72983002794062 91.87774828755506 34.74314372746316 65.83329469245741 71.5126039848541 43.75812288236863 27.712478735603366 26.439113110047977 0.0 51.46062757688827 25.845697533466108 77.34540430479328 66.54972093300309 37.60432230107471 82.31286231005154 77.47281377894767 52.76701652581194 5.203134781667753 8.628923206263387 75.07173247080833 91.60367905250621 86.99083357209189 42.64732317090923 60.786765284139356 45.85392673890138 45.09437190181905 49.51211287947969 47.493188590348744 9.1053092826725 53.21769554828259 32.518895130657285 66.38732902713355 68.406873074087 42.84684072052858 83.34421564618327 28.063357167519047 43.016940337922314 13.149598867774433 11.658564098139834 77.71991328492469 58.96610979012711 50.09834943754377 46.27515773810176 48.699475621196505 56.57376355363303 68.03121058843993 81.57575375165698 96.33101619145842 111.81873212857204 127.77283014359188 48.56950388743099 37.37579008913636 32.149824267349935 35.62276315493186 45.85913047461908 59.462988317665875 74.61462758774255 90.54030516271871 106.89461916410083 123.50741229470897 40.55262715741268 26.18653216334667 18.046201318010446 23.75517449269593 37.438793600263175 53.27035043240114 69.80336110818443 86.63717577712929 103.62530216632854 120.70260266135642 36.51806194803237 19.396110231746672 4.190807545384258 16.05086214886573 33.11209772334365 50.33791203096017 67.60261305386511 84.88247597625897 102.16980814352128 119.46136696178709 37.764546426899514 21.642041712664206 10.455049179557825 18.680236036899714 34.457328170266535 51.22867158203349 68.26535871631056 85.40875066667739 102.6053763765575 119.83231998691386 43.84393467577604 31.019990104700078 24.513254161637242 28.95289516363342 40.91883811130054 55.75969110061457 71.712242023846 88.17515991293483 104.90844894628385 121.80072725531025 53.122036071737995 43.102059206592536 38.63069483830061 41.540100432683694 50.5720830956611 63.152177457793364 77.57297036296362 92.98193495677248 108.9606397264084 125.29129289199508 64.22716324853596 56.16946126980865 52.75972136567193 54.871376479296416 61.94229293268049 72.53638596971713 85.35166585316666 99.53384538222971 114.5764627974876 130.18158554614132 76.36625840985974 69.66982075349681 66.89285502270748 68.51361770770482 74.24465771153214 83.24130113607457 94.57616433046641 107.51222782630754 121.53929007690604 136.32098356245103 89.11765941543187 83.39298497599069 81.02779783434187 82.31220721035349 87.0848795429537 94.82053780240606 104.86550380260276 116.6245889179524 129.632160152615 143.54922676005694
67.12509591197613 41.78452983744426 22.882106424407745 24.02638375305893 64.30829341743419 7.84931521981421 37.44596265338046 26.006806653845366 51.46062757688827 0.0 28.887606354097983 32.96034970054253 27.75812838654395 20.11709047693327 47.47507592626927 26.086651974676986 17.85476455943424 48.4633240708957 42.84451495317864 37.91815083501396 73.24268868356921 38.48124247839769 13.4149446923997 35.46349493221194 38.21719484487563 6.401759382708446 21.060373547537207 14.38550053321113 59.779604737952454 19.36226402759167 24.21791833138947 17.87263047724257 30.350272424000796 13.803055826249889 39.486402338702 30.608915711707624 10.23085319565912 48.2508567205996 39.91228866271615 38.54136806369607 101.40073118951169 86.83670233191896 73.46984738951517 62.07837865717046 53.92896008515962 50.61266040278035 53.043859854720395 60.533971962490924 71.51065286198309 84.62792802427134 95.0619604183111 79.37872773006511 64.52825359321665 51.239785381598416 41.059014827794755 36.672561812371576 40.03271012227103 49.58897022692651 62.56373594284689 77.25336976803298 90.49551813852173 73.87505840824115 57.656923038973005 42.30636313507068 29.224082826367344 22.73712251634612 27.903718955860434 40.48418692241186 55.65997051656952 71.80394357513075 87.97788271279272 70.78312269766559 53.657304227444 36.69707564650818 20.3213594768026 8.82910906602628 18.48409880815777 34.699911765511985 51.62575975470433 68.73912633931464 87.68574495971929 70.42135634098929 53.18137325286532 36.00087451177056 19.041558301813176 5.273745529435489 17.08090494254468 33.97669359725923 51.14477074291789 68.38035473207712 89.64087016505502 72.83045994685834 56.318540423615886 40.4721126470211 26.512593537750533 19.14562972110306 25.077967742180633 38.60007256565896 54.31149551790426 70.76880171377192 93.70266857121159 77.75326952338031 62.52727386006587 48.70787679491682 37.867700988413965 33.078339215548944 36.78448726324267 47.01838695676877 60.556313887190974 75.64465494603552 99.61371747297837 84.75282825292128 71.00629428112747 59.15613663030113 50.55399012430517 47.0177208830428 49.64200821584269 57.590751214578084 69.04898995798224 82.56836044042757 107.06809567124907 93.36312196797674 81.04605678309836 70.84454418302538 63.78190107797176 60.959065889489146 62.94902594608273 69.33864265617238 79.06838943273368 91.07397209718329 115.76796313545178 103.18159193210569 92.13765013612216 83.25225682230266 77.27364359383658 74.90113322006077 76.47110275293957 81.75674522635289 90.10653283025938 100.76157582090427
77.90793297594696 70.66970942536368 8.898015843128626 48.99563105429859 72.39334710797871 22.350015234517315 11.274757754281422 4.626708210435679 25.845697533466108 28.887606354097983 0.0 59.78979221598055 51.2352356282479 24.435077051714277 69.99951838021097 54.595568306955634 37.24059503545572 21.57107150883035 18.29814075124698 61.18431604410287 88.09940838331629 67.06703024788733 25.46338649753173 51.37110315969523 42.9029202540353 23.2111142140742 23.734436194591698 31.106347050386244 34.92669980523431 27.372130545843365 6.673665473408298 46.109050741323315 53.605579496958725 25.961448927677104 66.27293245177405 23.37942421703792 23.615723292965114 28.945279057806708 16.49274536804541 62.946033545894004 72.7549189167012 58.88482869567181 47.33153280785672 40.14761598070813 39.775548563714594 46.379559956659435 57.60849784172038 71.31003147437622 86.3145890190906 102.0490180716035 66.18332222271734 50.582148578208006 36.54566881402993 26.670744333517966 26.187436635226835 35.4816235779295 49.30334599083868 64.81824419087438 81.05985550171624 97.66629975449078 62.193508744965285 45.262536704427106 28.776291375782616 14.35847064594596 13.526619339759504 27.540628165690023 43.962665823190065 60.87412250141934 77.95713316855499 95.11931166116135 61.29181589614802 44.02113982611955 26.79082610618269 9.815779715901511 8.582788330671594 25.48906698460517 42.71339803949986 59.982412126668656 77.26615502989307 94.5565503695477 63.609718007474264 47.180990929497625 31.695547650934905 19.54179450353134 18.91739621815882 30.537946601935214 45.89092112143472 62.27438683593071 79.05019940449127 96.0129207535909 68.82264882272543 53.974517833093394 41.093174323769 32.59997228680713 32.180370206620076 40.08869013335888 52.70046245521808 67.42613162369504 83.15008433399986 99.39969134724613 76.33976129012571 63.24127569694364 52.62948116742348 46.24899093474112 45.899668576451226 51.703902432932516 61.955718190689836 74.8493957524186 89.2471658404542 104.52934857944545 85.55575468708696 74.05850071119139 65.1784643631064 60.08742986446955 59.76171484029299 64.27380660536728 72.72879891966728 83.94361494905213 96.96535005091857 111.16080267451677 95.98239287858848 85.84191924383602 78.25431376710743 74.0089677952029 73.68584784397213 77.33413346184314 84.44062642706697 94.22609909939615 105.95085312596676 119.04325252057004 107.26709617193866 98.24435234507992 91.63160856857986 87.97401141876155 87.64232856717071 90.67306603170249 96.75075258440843 105.34935890851075 115.90920064128397 127.9455909259333
52.10879532833919 20.428098677774056 55.3779238136587 11.524393764206648 53.46098152065819 37.637967032529545 69.64532204727942 55.91745605697229 77.34540430479328 32.96034970054253 59.78979221598055 0.0 12.09221216733802 39.74354903573173 19.502800223111525 22.65063752114515 24.60692521742332 75.81434288379533 69.0808297426649 12.176461840556879 51.754335615672396 12.848147044440953 35.2531832251626 26.181733834210764 42.134234557854754 37.074426904074095 52.86837429021345 29.972365305550472 84.07372955401 49.93893223687706 56.382586171457454 15.670233627120897 11.64993256684217 34.92598263342438 6.54921132217588 50.15639374903643 36.245514771857174 69.63050128377682 65.97024814089237 9.69365544192172 132.29343885675024 118.65704093372673 106.09484991958544 95.03381195285871 86.0547387903971 79.86297729175783 77.13272091303075 78.22724940222515 82.99537868234756 90.86059451704656 124.49943242374916 109.9418794449794 96.29651611907735 84.0090183058505 73.76113662658342 66.50255165167026 63.27058918740982 64.67178299957037 70.43014664767531 79.60568809689327 117.87511317833902 102.4158467451543 87.64799296788439 73.98673751052833 62.16595236338967 53.42167714396918 49.415050282806476 51.26909839298317 58.42854914837272 69.26739428492137 112.62716300305519 96.3580961942026 80.52077363338964 65.42946354153558 51.74110397687275 40.8898081538025 35.574125565101724 38.18072599324191 47.42072008933739 60.31905983131723 108.95472732765502 92.05903123386314 75.34792082420407 58.978508200419164 43.339716229063505 29.61264750699345 21.77609005864556 25.888194615140545 38.27414870296278 53.463385730230414 107.02017677748812 89.77173756714481 72.54877536211825 55.375067129981225 38.3168973841928 21.649122454513364 8.240005664544872 16.304115923770148 32.59545997776361 49.57637682069895 106.91791579507758 89.65036289342146 72.39922536041242 55.17990137329071 38.035622977161246 21.14968396631629 6.828108479696463 15.641304800687399 32.270593165407334 49.364413979570855 108.65311942889328 91.70350945963708 74.91514241136085 58.42717781637857 42.589943442940736 28.509350873080788 20.257702776980764 24.630825935584806 37.43918108888594 52.871718383240676 112.14050032998948 95.79142847183489 79.84492265631208 64.59979512638225 50.69283320087044 39.561358631425165 34.0462451222612 36.76819914595528 46.29645862577536 59.44351642891969 117.22373502946955 101.6689182742298 86.7780860154781 72.9589327152167 60.94487586825654 52.002425978496476 47.884539281591806 49.802693484657794 57.152338849584396 68.19951447830049
44.79086590441469 31.79692483128758 48.208149006326934 4.588896885514238 44.64277985342617 30.189612805472052 61.78830784965375 47.01421717277428 66.54972093300309 27.75812838654395 51.2352356282479 12.09221216733802 0.0 29.142992162044344 19.751284391290227 28.559766009495643 14.196142029901758 65.43103623416236 58.5224639771047 10.273665780075621 47.582487593752866 24.57238605653712 25.839143622177208 15.160255024482295 30.109997306330897 30.063648937655348 48.79582743966813 20.217597131076555 72.85526704347625 46.719233657162825 48.831683598609416 15.415337466289671 2.592758382378409 25.389420341570705 17.100022867072422 38.86031248286188 27.812343571558486 58.12777843493153 55.437806035473365 11.714276059381314 122.82767092904062 109.92238819600118 98.37637080198107 88.72188829662706 81.632841549746 77.81357466547234 77.74746433996793 81.44365074525835 88.43162617701823 98.00980050861938 114.36162500216032 100.41947811684774 87.68269924138218 76.75372145105204 68.50332558790583 63.97633411300657 63.96820215162761 68.48053954606549 76.71982505486464 87.64115851621672 107.0874046490992 92.09006058833509 78.05221235684981 65.5928198713127 55.77983286090295 50.19026857767967 50.25373554740555 55.950999845368685 65.83534310316598 78.33755159418035 101.26229635228614 85.27882158874506 69.92574309955685 55.72655625521369 43.81775877192755 36.51369993969496 36.677131438745086 44.2253439292549 56.26062129506275 70.52192112412484 97.147413296738 80.37277737541439 63.880028779195875 47.960860205805325 33.44460266811011 23.141955075118375 23.479140165409802 34.14236755487174 48.77339236427941 64.73559796806569 94.96539185850098 77.73357505987263 60.54176279882306 43.43748041089031 26.5901800777333 11.223812148819954 11.984304410565947 27.567851851851625 44.4416771703308 61.553652971696295 94.84975423185254 77.5929083915698 60.36187872449988 43.18757679372588 26.181875241352913 10.223884226311931 11.057958304888096 27.179817710070196 44.20316680184794 61.382496165829366 96.80790724466198 79.96396612939658 63.36728232968036 47.27896654175865 32.46383374464259 21.707416757918377 22.073400281208087 33.195928581936 48.118769369318784 64.24619734702118 100.7189424424011 84.63588294190019 69.14382047222395 54.7467903284775 42.57067190895847 35.01458376293405 35.1921576382719 43.00770577717345 55.31315817230266 69.77202943517928 106.36760887200604 91.25589749194206 77.07082290581074 64.42737745998637 54.41106961121864 48.671802238129004 48.74450201868111 54.605960554331126 64.70160497295315 77.39177443992013
54.59050948959049 55.27817922464864 25.11203964181317 28.22899745235476 49.934761091266566 13.640118587757739 35.690022613129756 19.825721697602603 37.60432230107471 20.11709047693327 24.435077051714277 39.74354903573173 29.142992162044344 0.0 46.47643742795897 43.04613816940383 15.169680773761337 36.290897734298454 29.41856904993266 38.2924653194735 63.9345685259864 49.797833850873516 6.875427884455302 26.954822037200035 20.885264441414694 15.0765919090896 33.83596487197762 10.134186215948356 44.505715913856804 34.56038098025054 24.646258680165467 29.933648466821182 31.173346552657268 6.672336737697641 45.76049073667012 11.398244031129593 10.025557227352689 30.748001476941845 26.32126968801009 40.60899086837852 93.90515725613673 81.61973838437595 71.44284315630512 64.38224128246065 61.520412522993134 63.42826130094738 69.71529614435704 79.34731067495714 91.27137511814254 104.70734038236093 85.22080667381772 71.50739318358639 59.688618551818756 51.09655178623723 47.51511906197002 50.032169548719565 57.85716857272548 69.21263205429811 82.65607921675824 97.32609589333774 78.1461332205363 62.95099831840364 49.16855023941618 38.35326019379845 33.51278702042795 37.06682225137435 47.15400111650026 60.59503628408899 75.62225277431241 91.45709320965184 73.14979008077637 56.66004642211444 40.84778661119124 26.93388609766868 19.520207694583412 25.206240009017723 38.57955807387112 54.22289005367406 70.64398806097128 87.40558352470629 70.67402371846283 53.440771375036185 36.272964017974004 19.345626095621185 5.611776573165254 16.95418179908382 33.7951177174909 50.945943307527436 68.17317474152654 85.43060239791272 70.9831017638355 53.8469944142456 36.86611078632133 20.431218446423557 8.629744813113069 18.172054080715807 34.41929472147393 51.3601537611597 68.48179455334403 85.67590222311763 74.04215344412225 57.802322831419346 42.41093806772733 29.24000540205696 22.582720587074125 27.634972903871898 40.2009364413041 55.38275868149625 71.53387821590177 88.12294032208958 79.53446140922912 64.65863350822985 51.32693501272915 41.071604104353135 36.57876576545682 39.847742489152836 49.35976188517994 62.318830545097484 77.0038584931244 92.59729391397077 87.00033849400118 73.60963182844164 62.180366145889536 53.97331754318917 50.58202364259231 52.94019514099213 60.37788041946695 71.32330378507874 84.42298216718922 98.823920228065 95.98024686725057 83.98814126451956 74.12490179501062 67.33266197149081 64.5876673940468 66.39381974178048 72.41135912009528 81.71513732706622 93.3274638887198 106.49582372922094
35.60462112526125 36.464062148626674 67.66708933918206 23.572265013677796 39.0240653534981 49.74463700179269 80.85750358545032 65.59371193270991 82.31286231005154 47.47507592626927 69.99951838021097 19.502800223111525 19.751284391290227 46.47643742795897 0.0 42.15335334618859 32.852096151275695 81.9879433088778 74.91013353695804 9.57782566851555 32.70431815137554 29.047908530253583 44.58895479538263 21.93955940096139 39.25886637436855 49.714310099945294 68.47154541648126 38.97961055773517 87.45927816732518 66.23042873421731 68.14986380585448 32.992179433493654 17.162937892125825 44.06573268978952 16.914008611094868 54.27777601291304 47.068254442954604 72.15991870861161 71.94029796832906 10.05585078611197 140.16832915194294 128.08892730850897 117.32456925979817 108.26820520024182 101.3786092615535 97.11801598166714 95.83769662759809 97.65494158475194 102.40497835150553 109.70752034483968 130.80437250605476 117.81773508324686 106.07042058723769 96.01838437393764 88.2428849454158 83.38323537226097 81.95975677745906 84.14701487985006 89.68120810702831 97.99693185884038 122.34729962674417 108.39696768511205 95.5491198997693 84.30929282958566 75.40006787260563 69.7206888035839 68.08428228135668 70.77185439712648 77.33390000694617 86.89706347154602 114.9974986931698 100.0672551172325 86.03014336377974 73.4003730749595 63.029700523129726 56.18336683459278 54.213443444997935 57.62224719626238 65.57627981340377 76.67380750086934 108.97934558146642 93.12197599015508 77.88204344044128 63.70422747364174 51.47378104562145 42.89029379623104 40.352324573191446 44.89708815445418 54.78952984615356 67.72549199838673 104.52320404232292 87.8900587448579 71.574680235455 55.85622129414695 41.41992570733362 30.166425308216887 26.516530091872788 33.09002421152087 45.667091197936024 60.619525868850054 101.83440271589107 84.68972286086805 67.62518448647411 50.72173924718795 34.21895563215846 19.18050712906822 12.789042958069885 23.62075830117776 39.3831647095967 56.06103762183882 101.05415320985415 83.75422689310602 66.4553440915027 49.15860645437431 31.86750716811455 14.602089988825831 3.1012328728542586 20.11784911414955 37.39721453512069 54.69084979546144 102.22617747610501 85.15825724316481 68.20834733579017 51.493115755084816 35.34707552790877 21.118782657230057 15.533919911545308 25.205451971013705 40.34897030474565 56.74043051103192 105.28528201651389 88.79088085378716 72.67296507585418 57.25040261674716 43.27316447249698 32.65324400464585 29.302070600934588 35.35106442383469 47.32328800071624 61.87082378118838
