0.0 96.05639442465451 54.93200539048015 48.13448782287673 52.17703377880256 83.90743430276068 84.3539860685819 55.88412452271921 73.0666218835053 32.629370408475715 67.67701056328188 96.29369195570649 71.18761995674713 82.1957663169236 52.33934632864779 75.7892946845763 70.363380131023 70.94389346747201 67.25017331803055 98.5724593360383 11.398137678733942 89.84965515202812 51.43738215554139 53.83757119509075 54.05392851109516 81.04586320229518 55.54721905333281 62.21989572380156 68.50914831177218 34.53449307732444 83.82560852492935 102.99450269227832 71.69575978479762 99.53572344386902 59.0773568458694 75.53389018769816 82.20083243350523 56.78661414295717 61.46969035085485 95.67277926675195 137.27771007855898 129.00732189762445 122.63464096116466 118.46631532592318 116.73871343107295 117.55948793638605 120.87673819947155 126.49420980683256 134.12319349643695 143.4431022862865 125.35407245952838 116.30001303022713 109.25385267927824 104.62206921249776 102.73174852232788 103.73287179055733 107.54472080294443 113.88541171741136 122.36244839648317 132.5666334270141 113.93779718640842 103.95370159466376 96.07079392849634 90.83775504023797 88.72470320999156 89.95178210046029 94.3888138007337 101.61618061299019 111.09060751249729 122.29093554026163 103.19759249299325 92.11387026285743 83.17976476705812 77.1457556348726 74.71778993239124 76.24116228468203 81.49458690507123 89.82598030126798 100.47254327875021 112.78050958268277 93.36723814776641 81.0031188339287 70.74082879079546 63.60597417833701 60.711370767710214 62.6475588194 69.0091168450962 78.73052321352031 90.73823813022643 104.24517220421038 84.76404534711263 70.9649213166103 59.04066074228409 50.34165346916886 46.70618178513623 49.26820120251687 57.200933317040175 68.66761088521469 82.2024189827031 96.94295991921287 77.79634716274006 62.518247590872114 48.61583370043842 37.64539341820253 32.70413367680106 36.340795646534175 46.5881406756869 60.15783099222646 75.27405105588201 91.1707697101097 72.93450529498561 56.383109562222586 40.464551347050396 26.35178699990215 18.712705069865446 24.589141395229092 38.18112503125598 53.941474148476175 70.42924711016907 87.23294649500725 70.61490728018306 53.3629250192538 36.15870434934926 19.131532375383934 4.826246888782573 16.711770828592048 33.67472949583808 50.86654132336806 68.11414055082993 85.38372653465089 71.0868875719522 53.98311019010371 37.06372837976406 20.78405426067039 9.431173633509314 18.56422191192297 34.62696649691756 51.49889762754384 68.58541593815681 85.75835397465714
96.05639442465451 0.0 41.951507618361866 57.643312397269845 43.879810342864985 58.71392155321838 87.1000748950304 56.95707636123616 22.998949617267957 79.10031127477282 28.394921647450154 114.43440300295032 79.36761700662174 84.59526281453466 50.50369977348118 34.23206531037537 62.965808920959226 110.28080239046717 45.54044637114633 76.90942779924205 88.05757721483732 7.848558368979857 49.82419938226659 53.52991378862787 44.47785595536165 59.99772709916317 51.855445365515465 51.39726221280461 27.607398379144733 77.08732749095103 12.230841620743117 120.44844757371183 89.88591760648244 113.4026097956069 55.82695532340481 25.873419112506905 103.34305894735405 67.15029396422092 55.606375955140656 85.97711427094393 153.50978119290838 137.39691330321327 121.61114461564249 106.29830220129605 91.6956239641638 78.20195461123153 66.49589313414376 57.67635347764711 53.198867896586684 54.15142831703301 149.16825819787735 132.55132909907917 116.13460508705369 100.016719664633 84.36911749825511 69.51012749105556 56.07025701571427 45.32985419694932 39.55279639960818 40.89936168672158 146.04449489923854 129.0422775526772 112.13177392482521 95.36178727949941 78.82205684278901 62.69508145764851 47.404010962905545 34.09278067496689 26.003952687147333 28.085651835030653 144.2176891961633 126.98066246654966 109.76405756692557 92.57926850242407 75.4480384710702 58.41750586630334 41.61149365236502 25.47824064113209 12.863825955230434 16.748976688178548 143.73732650218687 126.43733693881863 109.13796268170732 91.83955143835547 74.54277364328661 57.24910986576746 39.96260304789207 22.69960987015236 5.678777870627583 12.162990253386102 144.61683144039426 127.43173063203054 110.28316459184978 93.19130430177167 76.19431991384097 59.37374808305659 42.93741865069017 27.58104900138035 16.62886022368415 19.774632875412436 146.83175730088573 129.92852807612425 113.14587573334921 96.54670017434037 80.24494230440064 64.46662352129438 49.712671051237194 37.22180960061756 29.971417867197555 31.777633646099307 150.32305480752822 133.84364100308824 117.60069766923665 101.70758267219111 86.35765790864414 71.89966767579956 58.99308239530132 48.8826119949096 43.560764075336024 44.76913004169246 155.00445347913828 139.0572709455405 123.47536706853062 108.41635305003923 94.1315176296254 81.03133517918009 69.78617067888764 61.42344522110391 57.221213684385575 58.08952260221869 160.77196209700233 145.42975980713726 130.57831110733673 116.40560415959871 103.19168126723314 91.35354695543143 81.49298777230793 74.40048808528728 70.91154529002912 71.55523000069839
54.93200539048015 41.951507618361866 0.0 19.693741612196 6.565441824869896 46.23516447948331 65.3454746566796 24.425044052443695 19.709506616836393 38.4363577275953 14.194424203100944 89.8170568235005 53.10206075882865 62.49653653290488 13.32554326555009 24.878999180283873 39.862366365125396 77.33851491458013 23.373043643160692 66.60861583013109 48.31297437602451 35.192228020181865 11.303433107041764 18.836983529785844 4.938979327465702 45.01626440535941 18.304707315987965 23.888939578773716 15.952595993608034 36.70898789204647 29.92051918852919 96.73433821438441 61.53954230066516 90.4629247088584 25.66814276887633 21.104132853110652 76.10520176317058 35.249520840383894 27.308069130291045 70.48470108789039 132.7007769768063 118.9080001272667 106.14807653311632 94.83881685939882 85.55742860633924 79.02171455657738 75.94389066137275 76.74114321430025 81.29955086334095 89.04333919398768 125.07710948872761 110.37618760765697 96.5412710775806 84.00134528690728 73.42295116260831 65.7596248760144 62.1000928294802 63.144354888632975 68.67817949264943 77.74876128700167 118.63725279271073 103.05633130649029 88.11991458981234 74.21814822137465 62.05038240726253 52.82867253617449 48.27203725417661 49.68111082838229 56.612173773306985 67.38223741593379 113.5828419075968 97.22267631597364 81.25357507530433 65.9601849102993 51.94281839500022 40.54719017216008 34.47898979935799 36.49979045176406 45.54532387813903 58.439936772447325 110.10491722924145 93.15494429282982 76.36298886284469 59.86217556784897 43.98142372856891 29.731511507626447 20.791139789469 24.06848114967991 36.4008743005848 51.666885804289564 108.3554398921546 91.09008230533396 73.84184608756597 56.62637876388212 39.486563654859324 22.59522174485774 7.78542106777269 14.470484296665074 30.93364591236459 47.990617647153826 108.41814015948927 91.16431642591209 73.93297909125475 56.74461683158369 39.65515118588571 22.887197861451472 8.592436818913757 14.918091338714236 31.14453823800324 48.12617176848222 110.2899265016701 93.37254380837895 76.62706679585948 60.19712761648484 44.43413507553992 30.394110049177307 21.72378582587699 24.87479034489815 36.93641696159088 52.043769851592714 113.88160435307826 97.56995077975857 81.66687403095351 66.46629872854128 52.58105127658654 41.357859883277854 35.42436631833898 37.38992401933357 46.258346722113956 58.994664156062115 119.03754599322305 103.51478721236259 88.65318260284528 74.84760649746848 62.79843477541704 53.701251580703136 49.22100396982798 50.59932649440792 57.41583623868586 68.05561299122668
48.13448782287673 57.643312397269845 19.693741612196 0.0 23.819349343999534 37.471098241143366 49.02148341276874 8.857552576382748 37.78103079835472 21.987650716155677 32.72010351161828 71.57305847161106 35.73562126782118 46.22469240377643 7.221629199166241 29.114019880615253 26.19625524534061 57.66757344629908 19.20838977722711 55.46389685127587 45.55503733532287 50.05643861766354 8.558429942539753 5.746637710549957 15.053939236426706 35.09243145648492 7.559773589897893 14.182179062563849 34.87617190246247 19.791068436530878 46.59348366996604 78.61055676089516 42.94660746751568 72.69705168200848 11.885060476653257 32.482058138772224 57.43058495121318 16.953061241793076 14.378990286347195 56.52105924097642 114.85932459155325 101.93019177584077 90.47403937520849 81.11737090414306 74.65381557871704 71.86824580648103 73.18186651774604 78.38886831416038 86.7913130489711 97.56709292708922 106.49828039444641 92.45245898406702 79.69772742962093 68.95429996068167 61.289153602607264 57.93722772429882 59.630374007649756 65.98134428030781 75.82869656324654 88.00648721769564 99.44302078490391 84.2682637681624 70.0861633232276 57.634229548426845 48.270515404964556 44.01232798800263 46.29072788437409 54.288876179809186 65.95784093838185 79.70128983330342 93.98817572966055 77.78710700096988 62.181991242676204 47.760603378277565 35.975819880967606 30.102378279788795 33.41789821411509 43.88698947235998 57.74157037835558 73.08090883002096 90.4239303933039 73.4612375086709 56.703897407484845 40.40820315827665 25.475991053751773 16.246282475750267 21.85336598371821 35.91531500317905 51.970784438466914 68.63473868906571 88.97782762015206 71.68199107998373 54.39003092746905 37.10736672553163 19.85828412091808 3.2341634255969045 15.009389055259179 32.23068861307616 49.50824576821778 66.79842132514015 89.75233002555505 72.6367744218095 55.63662614779788 38.90347358715528 23.026924730090748 12.07108881803866 18.970925790063713 34.24607689591927 50.83703824511166 67.78442335554179 92.69177968232754 76.22290275087383 60.222970115015876 45.1928279471721 32.50673174875701 25.8784439809426 29.688557720819347 41.131951071907324 55.686395835670126 71.47602609303483 97.60072730959791 82.09622354748751 67.47135487074156 54.43972257032154 44.42621880376681 39.7793954097977 42.3062352315818 50.950374268370666 63.251637093113864 77.48744678964503 104.20112882289219 89.80904598368957 76.62997909804395 65.40139231293024 57.28202161613986 53.701185727988715 55.54371396481451 62.330493641904255 72.68958782656291 85.32972156913569
52.17703377880256 43.879810342864985 6.565441824869896 23.819349343999534 0.0 52.76725778096867 71.14195556897403 29.84414511188623 20.89976275115458 39.85272104350268 15.50888180410588 95.04037694500828 58.568870506073175 68.29487711484053 18.493640002605595 31.046894066284747 45.9599537935521 81.21222930840486 29.91005562508092 73.08408774247032 44.54339659057365 37.82113774028387 16.214511232849855 24.167200441992083 10.799616038943814 51.49447544061605 23.950396131487476 30.08493869935725 16.401789781780742 38.41562417297375 31.64929009432696 102.01935446383379 66.54881101276987 95.88765831280259 31.44164583745812 26.006845969154135 81.09113067673051 40.268705260205685 33.262777583166596 76.71234121427356 138.13156818847128 124.62543762572321 112.16661656622972 101.14287239694396 92.07112467290818 85.57443518934407 82.26515979078047 82.52762974299733 86.32927327821677 93.23817767651263 130.150287769169 115.75870268540511 102.27290893646246 90.10055145121164 79.84460943854026 72.32499399557187 68.44953376224309 68.83649761531024 73.41851913155189 81.49101370521879 123.26130474833181 107.99225593590727 93.43449353240408 79.97737784693128 68.27485993614685 59.37365727318278 54.659903068986715 55.216645822887656 60.89950816913257 70.47922645257154 117.65674929012329 101.57890976767925 85.97758286788866 71.16684756537852 57.7581268700884 46.96794478560617 40.9228548125647 41.738206064263125 49.07322320508774 60.60519958533116 113.52709348936213 96.78811510321093 80.28815380440018 64.21172949315827 48.977698137639194 35.68184093422917 27.318176683707964 28.6021315548303 38.5822657308484 52.51486147403557 111.03708311351825 93.86870574313215 76.76032064423171 59.76347169404922 43.010592747238924 26.9603865708421 14.231184619524086 16.64042076842779 30.82196306328833 47.13593137769397 110.29785705376771 92.9971342021421 75.69696338642683 58.397835225278875 41.10106627606314 23.811798252506147 6.589341390813806 10.888099047560353 28.14952182067113 45.44176551976466 111.34430219717501 94.23025372272669 77.20000188732037 60.324558482156725 43.78329488137199 28.171154666211557 16.400106394606865 18.520947984797452 31.871617918302412 47.825589731553215 114.1272955464064 97.4882138900443 81.12689813504136 65.25262331495156 50.32837761117973 37.50594394966196 29.650557587898035 30.827338421428475 40.25175174051911 53.747481218557624 118.52453820542378 102.57822090849032 87.15056663382606 72.5731061523957 59.47432068537467 49.05342513923215 43.289569499096835 44.05042280858153 51.04505151802054 62.20497915718379
83.90743430276068 58.71392155321838 46.23516447948331 37.471098241143366 52.76725778096867 0.0 29.190513287530898 28.7370844997926 51.821587916497734 52.55200165323366 50.0870973859745 56.47784900133382 26.04115155689169 27.036916380335562 37.01682511256185 27.165972743044932 14.383398965639026 59.03077712134617 22.862256619356 20.699328587508305 82.74796872972357 51.627241711471854 39.152090602313876 32.65083045732145 42.2614255322143 3.285821326221959 31.596960204049438 24.096938905836947 52.434340571890246 50.29975352120872 53.694634153365875 62.101778253864985 36.37523957470669 54.988226843939245 25.603175209276113 37.709648124764726 47.28571731870914 28.054912325155808 23.105313139918753 27.53163169654956 94.83978622862124 78.96165299971075 63.82795656683208 50.1176739001995 39.347963575562524 34.40132324030315 37.6476778381822 47.43365951833823 60.673423067423926 75.57303937765249 90.62543808534981 73.87087487745224 57.44174299113045 41.724250458245024 27.946088644410295 20.488197103094652 25.63708498155724 38.64538249216138 54.114532293646526 70.44154440744592 88.48325352379823 71.23888635733162 54.03133445363343 36.91212096838213 20.108148698175963 6.69955311143519 16.8565648297642 33.49801400036713 50.58461726866799 67.7805537348523 88.56375620093841 71.33839382328853 54.16186189417813 37.10204123896585 20.453092041357955 7.668755681972734 17.262791867811067 33.703285924911725 50.72013713410709 67.88126744077395 90.86103730031242 74.15840116719737 57.80934334898385 42.22657035131375 28.687238613895566 21.48356174917428 26.435592334244525 39.17714906907694 54.493750345953245 70.73188810422985 95.21474583750867 79.4095658499815 64.37870713496172 50.81401555371011 40.22707895867489 35.398856577465885 38.55707033798454 48.155204907696124 61.23648672893875 76.02366943633473 101.36018208935492 86.65094890722943 73.08617543376299 61.42876193182905 52.95373646434444 49.329557861618724 51.588894273704696 59.060345462844154 70.09662231624762 83.29255773527296 108.9946186830591 95.43047022590187 83.26353548827247 73.19393407719929 66.18596209857041 63.26535483061945 64.9855569689362 71.0100982750108 80.37685891521978 92.0713787799397 117.82888458454248 105.36422244852565 94.43662970486785 85.63655187222187 79.67211138339172 77.20334175066799 78.56049231149154 83.5573471125495 91.60018498903992 101.97078921159155 127.61393066658836 116.15632816180218 106.2917806885412 98.50007873492201 93.30198914925865 91.14235923877354 92.2348682231926 96.46908823425254 103.46000122309765 112.69574757103018
84.3539860685819 87.1000748950304 65.3454746566796 49.02148341276874 71.14195556897403 29.190513287530898 0.0 41.41618663800784 76.64631580191146 52.16116109248221 73.5884992319621 27.38896886701806 13.806025251150546 2.849052205791072 52.72648005365384 53.6578814178049 26.015980139722288 34.6671988920486 44.84090262343023 22.244975581135023 87.1078697950261 79.68660351850562 55.05875505385039 47.070552220841506 60.5120828229987 27.290295244702737 47.19215486578013 41.782947995924786 76.05377038689784 50.65450958872744 80.66076528262884 33.383668521854034 14.723973097880437 26.419069071555622 39.714852685420325 63.86321401123196 19.08898429941953 32.3299864758387 38.05717396350865 12.946716205688977 67.9771335265838 53.57965446190239 41.46536136481637 34.156714495503024 34.82375953747782 43.09774289568484 55.6852295337657 70.30634583615932 85.9292026753414 102.09496368996186 62.20149870212741 46.069017269635935 31.215285255972017 20.61905635757681 21.785515981851926 33.50796469746432 48.67926108496712 64.92510293721834 81.60624542903236 98.50178356039422 59.314774587069195 42.10908415888616 25.036391930334837 8.898333601537734 11.4128536609195 27.929188751073763 45.03930958292123 62.2555435196176 79.5089897932383 96.77974831935175 59.73728996110926 42.69948718254365 26.012724266267654 11.348597543497197 13.402713643451893 28.795625087240197 45.57912394585517 62.64533725285277 79.81311448449054 97.02855987921285 63.402915601123816 47.67145213203351 33.524856892944534 23.9577910229544 24.954889529148417 35.640262510655475 50.1639427470838 66.04032882786912 82.4920599273848 99.23339110390602 69.80253388183563 55.86709213544007 44.36865047398588 37.612886356142404 38.204557439895076 45.86015822360585 57.83966570914484 72.01671097912272 87.32750600405178 103.26900243100881 78.26828062875244 66.09786683236729 56.66244871324182 51.48824172470174 51.8666157081922 57.688417048274744 67.5608018407457 79.99794545081834 93.98713451461346 108.93205441377516 88.20715329104314 77.56247537598456 69.64241610628476 65.44377354615638 65.68410546764903 70.31791213117971 78.57167849830536 89.4488758872452 102.11457766874831 115.98433250430428 99.1771373566299 89.78940491402523 82.987063979322 79.43708978740229 79.57595474099185 83.38523133653243 90.40212348183027 99.95335886053184 111.38889916383744 124.18930170340676 110.87246053497948 102.50608634360283 96.5451395742356 93.45106323289474 93.50887374778081 96.71291912699039 102.7693484875668 111.2131298748331 121.54773765602636 133.33422593532964
55.88412452271921 56.95707636123616 24.425044052443695 8.857552576382748 29.84414511188623 28.7370844997926 41.41618663800784 0.0 39.61206242129462 26.79992081640802 35.23458239582338 65.39201965670246 28.7374547059028 38.5782825685532 11.353565612301953 25.02417673882166 17.468760716830808 54.50050572572693 13.400664149368014 46.63897053205614 54.05617704360391 49.142643355715 13.66399882033353 5.678220464818213 19.490803811492246 26.276336472874675 6.213966803356476 7.051613400629993 37.6148360426789 24.443374135671725 46.96263947854507 72.31401328385101 37.19908820227486 66.08575932369297 3.202636615206742 31.094218528946268 51.7536728954277 11.118519222081595 5.665593284351646 48.097446478227496 108.33237674446013 94.80375772551318 82.69398492272799 72.71541681161189 65.84422965024989 63.10378238290717 65.0185062927306 71.21389616299047 80.71013498559343 92.49609077305797 100.66776358641755 85.98361067400002 72.46423747149908 60.890490629535314 52.5636729601113 49.16227527578992 51.66837170698273 59.33813014161421 70.50608818924562 83.78487323986603 94.49905911659145 78.70684083555253 63.70375911552804 50.20237611367227 39.76299435949539 35.2224414887685 38.71501723450891 48.536504257451114 61.73685643579652 76.58847269989279 90.13402076226114 73.4338212184849 57.093098358522965 41.53828406544702 28.10600625416436 21.28796640284582 26.741705651243233 39.695988591550716 55.0920645911764 71.36673618065231 87.8420099695342 70.614946708138 53.43628001978301 36.37464345904085 19.735923891623226 7.389995778486146 17.844627315340556 34.36513860160226 51.4024135508806 68.5723473950282 87.78558567661395 70.5450664809619 53.34432627065233 36.240050689681325 19.487913971714235 6.70296174886432 17.572535096128956 34.225307470674665 51.30948003515191 68.50304518594369 89.9689549325684 73.23205144295729 56.834543982188535 41.183843252675814 27.58195106891603 20.5944319854656 26.195586597276876 39.331900664436574 54.83155648795218 71.16679203243771 94.23653520461839 78.39289528515394 63.31725865602929 49.71330008228546 39.14660796733388 34.52838505634381 38.08765656802658 48.039957744232055 61.34910957969002 76.27776020059285 100.32264434046331 85.58114993571992 71.98844034321579 60.326113117728816 51.91190968388908 48.46808096636428 51.01142460795995 58.76970368237454 70.03065588445449 83.38710642807138 107.91997559645907 94.3343949454387 82.15795439720218 72.10808093534662 65.1760359821876 62.409538224787084 64.34811358139561 70.60526500526836 80.17619120544438 92.03278921370891
73.0666218835053 22.998949617267957 19.709506616836393 37.78103079835472 20.89976275115458 51.821587916497734 76.64631580191146 39.61206242129462 0.0 57.989624640034165 5.559643493027508 102.98118871384149 66.25978080378053 73.88022867064757 30.611351752120946 24.780348947272614 50.72934766244568 94.10333726428304 31.82933530400866 72.29480453590082 65.12170038488429 17.46084411269389 29.328083604634948 34.94239562607766 23.17169405722103 51.844675230761 33.63825135016787 35.92498033921775 4.67462602790074 56.168129578071195 10.774323838377052 109.5778474979865 75.9521164981515 102.86142703851135 39.52459328591282 14.52668199288691 90.27223137186351 50.65847968347806 40.18299255501375 78.87359579364971 144.6008754364136 129.62958945396932 115.31235066863668 101.92515117449483 89.884510002103 79.80228258876552 72.50016514815805 68.86823693816348 69.48442015212221 74.24301786166517 138.3768687437868 122.68108438983123 107.47947696465037 93.01465641733569 79.68885422069401 68.1733049268276 59.52801325090384 55.120486736137465 55.96115254358535 61.83633211566858 133.34406510114653 117.00170450307508 100.9795194634219 85.45778596067434 70.7665764861541 57.54553718631794 47.050767144773545 41.40973151579084 42.596506617292164 50.1284771787941 129.64134553172062 112.78342600890943 96.08347337509628 79.64092221934736 63.65555035333733 48.58077451440962 35.59303551130793 27.79112563919975 29.60640327009092 39.74218826131474 127.38480320787285 110.19423472183227 93.04495344733654 75.96492662143568 59.01431614196881 42.34880944430282 26.511630118708077 14.526669278194833 17.82959415283099 31.991834169987857 126.65179377365665 109.34995061503544 92.0481403193234 74.74638570721187 57.44473709267501 40.14333152980886 22.842721297768524 5.550348599236445 11.770149793805663 29.068541175541636 127.4686136856133 110.29066526802583 93.1586111562664 76.10345220073215 59.191694165696696 42.59448904020248 26.900500962931357 15.221564459625963 18.397492063492365 32.31024637694182 129.80599731222543 112.97178336028809 96.30348120646259 79.90498675923457 63.984084624559124 49.00845867111755 36.17187743654846 28.525255006443825 30.293322515551022 40.254072648941644 133.5841181891265 117.2739616161423 101.29339832866263 85.82673271269636 71.20961018634335 58.08695334949641 47.708329963290446 42.151872774088496 43.31490552799244 50.73742933462044 138.68522735613027 123.02719752435421 107.87255817140232 93.46648979492055 80.21333464925829 68.78278730683235 60.22178208312308 55.86548736411453 56.69162859947739 62.49501789539948
32.629370408475715 79.10031127477282 38.4363577275953 21.987650716155677 39.85272104350268 52.55200165323366 52.16116109248221 26.79992081640802 57.989624640034165 0.0 52.564726624292845 67.49896328221747 38.7265165356708 49.8698152646281 28.777723252745446 50.832224089111534 38.47717659309994 46.23862838097481 39.955730066349425 66.02917858725573 35.101809865096506 71.67124812687855 29.278682985118508 27.21657450690779 34.89333699445801 49.50031267122306 29.106655365160883 33.8253502133106 54.38892842486497 2.3592704216092635 67.61817522369239 74.5242451554146 40.55026758114981 70.0306136166598 29.69933373009503 54.37678524220084 52.86815911022236 24.66903946837135 31.74021065845307 63.12797658459804 110.31425490643018 99.9875176095761 91.7848100889649 86.31383372395386 84.10935301876916 85.42463042076795 90.10566321778353 97.66971101180671 107.5099678991586 119.06339819133848 99.84428154663598 88.3584639521622 79.02053660006338 72.66334506245576 70.10255120554109 71.74582297408651 77.32559732533895 86.07974412021672 97.15393019396261 109.84871148188843 90.37871755791862 77.55571840327178 66.78446280178852 59.19575687225385 56.09642535010245 58.20806119361657 65.02496431542953 75.2795571575758 87.77514233855943 101.68892586733749 82.26516038087695 67.97457762408101 55.42774302847656 46.07202073710747 42.091951676803625 44.93927681601763 53.53549952258 65.66022937095302 79.71942446082372 94.85679972944895 75.93834746660127 60.20132318753458 45.612232393330395 33.69661566295911 28.091952642489876 32.27326187896939 43.50492839035101 57.814391712257795 73.42369315609167 89.65647370399644 71.87179472344495 55.00792692157745 38.53442363272654 23.29472511695916 14.11025389294007 21.3135389988467 36.16831842191056 52.54274643901853 69.36891077637397 86.38323908192565 70.45801565242623 53.156089813152235 35.85416855482762 18.552264694107645 1.2511002319897373 16.0517158674316 33.353613249168795 50.655533313246906 67.9574587349469 85.25938625255392 71.85378741055784 54.98450468553362 38.50113493560319 23.239872476087566 14.019935793293723 21.254133060715006 36.13350785968594 52.518903776546004 69.35093916510024 86.36887702060298 75.9042583115364 60.15851405202583 45.55597604977788 33.62078007101919 28.001366202226077 32.194812061620354 43.44703782825725 57.77104833962818 73.38973166770167 89.62879648843105 82.21795683178316 67.9177042038681 55.35830203225548 45.98884217325424 42.00131600356394 44.854792706115944 53.46493479326049 65.60298024614221 79.67250292773454 94.8175583373404
67.67701056328188 28.394921647450154 14.194424203100944 32.72010351161828 15.50888180410588 50.0870973859745 73.5884992319621 35.23458239582338 5.559643493027508 52.564726624292845 0.0 99.50060699833419 62.64267161341197 70.78500475611803 25.6371353304201 23.76069067451709 47.57419332477517 89.58068968828175 28.842914933813713 70.74929394143332 59.9440712936233 22.39165148699607 24.192391670116027 30.285548425928855 17.879765365240935 49.77313476616532 29.12249490284049 32.20741732913807 2.4666271853078117 50.77943490819206 16.174127020347917 106.20255443667494 72.04346436492435 99.59577313228867 35.45634629951826 14.676270299219585 86.4780261295645 46.34727037911417 36.36026628938752 76.62550225723622 141.55328455346063 126.89515690544238 112.98724719547445 100.14261788547259 88.82374970221473 79.68351028885617 73.53879125815742 71.16975856824864 72.94521202172326 78.5847446158732 134.91855432797098 119.48419050011526 104.63567598399732 90.66132047329572 78.03219081829639 67.50754039951539 60.201417349367986 57.3572203326988 59.61701293346011 66.4621935484701 129.4718987682765 113.32708406424187 97.57964786579382 82.4575748872989 68.37704233732207 56.127466229325826 47.15791869884233 43.544809230640254 46.552505949012534 55.10739962638029 125.36834455237543 108.63733259936579 92.1174658351375 75.94665396640927 60.405879224116156 46.13627098513585 34.74118615540131 29.733042059119004 34.05681758830291 45.104202885463934 122.74273512953957 105.61066650243302 88.54467284884917 71.59202231803951 54.857894492514156 38.62734621523429 23.947181922808156 15.924054992396577 23.07370563446298 37.549016164946885 121.69081124771456 104.39188582521986 87.09415418078537 69.79850385997186 52.5069916489048 35.22571199067892 17.984186964849048 2.173650990340481 16.87400719372142 34.10942774694859 122.25321691677628 105.04395532276108 87.8710929867102 70.76113583747644 53.77416328368117 37.079588161739316 21.37390954345901 11.726256420943189 20.417617384981497 35.98563656876631 124.40805268825682 107.53283726217374 90.81832968075557 74.37296096591444 58.42444728231105 43.52246728171597 31.2042413306009 25.532618284538156 30.476793083177167 42.479002313167484 128.07493706844755 111.73582169602159 95.73559521005984 80.2771482163791 65.74376667699308 52.90341372498763 43.289785244363905 39.343942674652574 42.66839743687602 51.88395176176488 133.1289358856324 117.4690069795213 102.33924635967378 88.01349217381663 74.95417252308954 63.94201175854197 56.19371381359915 53.15623944612959 55.60699441116801 62.90778630897991
96.29369195570649 114.43440300295032 89.8170568235005 71.57305847161106 95.04037694500828 56.47784900133382 27.38896886701806 65.39201965670246 102.98118871384149 67.49896328221747 99.50060699833419 0.0 36.89266395429381 29.839507657458675 76.62719103268448 80.75521996423088 52.36860901548064 27.926834067018905 71.22167790400466 44.69322539866673 101.80247509837069 106.96673386609133 78.85123057651725 71.00566777770204 84.88194874956669 54.67501179192892 71.54278802333356 67.29860634172206 101.96133527220775 66.78210295862382 107.6552605667347 7.109931481866481 28.675380271448066 4.923225543985686 64.40082301078397 90.76709708198011 14.677138607522874 54.78131278700341 63.209456219309025 32.89300333841478 43.41742008908517 32.73442020888259 29.269806740481975 35.222298730228644 47.15091186864626 61.68075934353018 77.35976394241202 93.61228285886524 110.18482358087176 126.95211937413444 35.41798465539196 21.066224805519845 15.226638285468061 24.872227379375726 40.05143407616255 56.46520648773793 73.28870452690265 90.29319672112157 107.39274199095345 124.54819623680956 32.05916941716802 14.770862876578539 2.698154341827826 19.877003896959142 37.17020488672277 54.46895059624 71.76923175793542 89.07015367409132 106.37140369602149 123.67284412242822 34.71520861005925 19.867641182256527 13.528243017926746 23.875013881827023 39.44276806031361 56.03713369142037 72.96095865677528 90.02863633054316 107.17146059745271 124.35835842133133 42.26697542267541 31.199641698495864 27.55082529435818 33.814023839912466 46.11332067459821 60.894978286723564 76.73765906577815 93.10127903860133 109.7530769483174 126.57937249714415 52.648234420872384 44.206940393078135 41.657840417442124 45.99133457117047 55.62135508113931 68.34451349184704 82.74608755482573 98.08956409557636 113.99524227218 130.25733389734978 64.50697505863046 57.768650770705 55.78514603327861 59.0376689030694 66.7653241321735 77.64321598636133 90.54296105144859 104.72003116846935 119.72151178535768 135.27340523619287 77.16487020038352 71.57016313162545 69.92030386380858 72.4851648149949 78.85454285042825 88.20809669105203 99.70951458617913 112.70313154078009 126.73079342237938 141.48527034754426 90.28628456933166 85.49527401847567 84.05920206667167 86.14601499310176 91.51503275796414 99.63706848486342 109.90345074363772 121.7730283242558 134.82303675937203 148.74310379136588 103.69525814417116 99.4919431752448 98.20006695037497 99.93260598284083 104.5392965588376 111.66498783460453 120.86496881669152 131.70526967775032 143.81544294098242 156.9017252542687
71.18761995674713 79.36761700662174 53.10206075882865 35.73562126782118 58.568870506073175 26.04115155689169 13.806025251150546 28.7374547059028 66.25978080378053 38.7265165356708 62.64267161341197 36.89266395429381 0.0 11.265027385677067 40.0763833861824 45.16356449008057 16.408051023352368 33.0853247784764 34.72350067598495 29.601847046061142 73.48781094475704 71.66235056110189 42.36058796172738 34.406919716557994 48.18553976688719 23.072203219256362 34.797364777309866 30.436146630691507 65.09962987222508 37.103458883462395 71.56232884446646 43.703226461865384 10.743589577551983 37.36106843870744 27.542586115611428 54.649162642101615 24.149147022411956 18.827400337607475 26.31847774811197 24.522395580964417 79.60297258589021 66.21921120072079 55.063943497730335 47.726251362066044 46.067944590399165 50.649967647215725 60.06068748082885 72.44208992495324 86.52820267735021 101.61253159956952 72.29886383662475 57.27610744882517 43.96234607438118 34.4024981034277 32.141631799025646 38.488254431896344 50.28235852926167 64.60645513263327 80.11479966743339 96.23656696910139 67.21662936634414 50.74195488669761 35.073191328943565 22.00508023645127 18.35838784814569 28.08111989415249 42.88100076474808 59.056948791791385 75.73227988456759 92.63770978551737 64.88059808711985 47.619056218618084 30.403462883846277 13.411939780518166 5.839797530119571 22.068979923845983 39.22613985259137 56.47170755130123 73.74368442756396 91.02703864956943 65.58490943930032 48.56997487509245 31.865618802775522 16.447065182533617 11.149319874992251 24.017114800776298 40.34909369679415 57.25373359062617 74.34139995377228 91.50962011286927 69.23683244693855 53.377415750051505 38.7720100948633 27.49726770519645 24.650383476534554 32.525279240419806 45.90051071197109 61.274225310219734 77.4655742950632 94.05323186389839 75.40928889362696 61.138250502346786 48.86631654643988 40.45558683947458 38.523999216970786 43.93459821434989 54.54452970056937 67.9607895451088 82.8307823587022 98.49829689784865 83.54539645382654 70.88893605163047 60.57515485995551 53.96441108854611 52.47538554513412 56.514375677868 65.0598445626912 76.61848495473873 90.03722144066994 104.60263093352117 93.1318301060068 81.92189492213147 73.12693018469294 67.6948368119605 66.45544301318591 69.63298674848647 76.68032174693948 86.6584248931199 98.68224474744474 112.09540674377554 103.7672888358805 93.78554492195987 86.15386517141205 81.53484148371146 80.44907775699848 83.03529184968133 88.97385637069047 97.655088891277 108.42217254200256 120.718268931719
82.1957663169236 84.59526281453466 62.49653653290488 46.22469240377643 68.29487711484053 27.036916380335562 2.849052205791072 38.5782825685532 73.88022867064757 49.8698152646281 70.78500475611803 29.839507657458675 11.265027385677067 0.0 49.88363333851587 51.02504168961038 23.211114214074247 35.07740888611682 42.06273533351479 22.130334256377 84.72489008988009 77.14131887236346 52.21693053280899 44.22971442828654 57.663112535114415 24.966676416222473 44.344809714856815 38.9446977278251 73.25078364920161 48.304271227306664 78.00568881914715 35.98771602331465 13.918428060134802 29.082577895168196 36.866324717366055 61.180786501816975 20.545851707981047 29.586354883726763 35.20946936445342 14.123535995125026 70.77055047279205 56.42622183348617 44.25012664019908 36.482001125372825 36.0902563824857 43.27567800278622 55.152239379915024 69.35028631331579 84.71046225734509 100.70238388846163 64.83183431093464 48.808793779267475 34.06084785596309 23.166695051030935 22.626567547060855 32.953584854917914 47.52501811741754 63.48249629423651 80.00086700038122 96.79339596379212 61.633689371230176 44.4937464825121 27.557007083946218 11.738703320064687 10.720029136481026 26.282203990079747 43.18915166222585 60.32051681528953 77.52767266760112 94.76934452906943 61.60447512324748 44.45345470873867 27.492204097202332 11.58647085850779 10.55389492280806 26.215195200152227 43.14859894568008 60.29162539538913 77.50530281797919 94.75113301293653 64.74848153077613 48.698530571517026 33.9033825416809 22.935633071605196 22.391039049615113 32.79307005673982 47.414382907066056 63.40010581876943 79.93581536350746 96.73989449239473 70.6432552995023 56.267215709267205 44.04812363995153 36.23785889046772 35.844598282101884 43.0719818829074 54.99330512781121 69.22455621102151 84.60805129781664 100.61666409766767 78.67280950760411 66.02617924330589 55.93034528849844 49.95650600100057 49.61656224240797 55.01505062139587 64.73183243291079 77.15222779908648 91.17798071568 106.17477981576994 88.25629201849375 77.1485592036485 68.65363315173862 63.82347964735725 63.499967050475036 67.7476872541472 75.80202169343745 86.60737791186321 99.26944835051549 113.1667039968042 98.9430800595579 89.12523971605192 81.82645044876067 77.7593210350448 77.43474929896523 80.89779457157799 87.70091396518235 97.1449012043981 108.54260787863231 121.3447485262513 110.41314447110409 101.65457400614083 95.26234892939468 91.73249475530051 91.397258318245 94.29071972231783 100.13337898421908 108.44962015041013 118.72076228262604 130.48598179289652
52.33934632864779 50.50369977348118 13.32554326555009 7.221629199166241 18.493640002605595 37.01682511256185 52.72648005365384 11.353565612301953 30.611351752120946 28.777723252745446 25.6371353304201 76.62719103268448 40.0763833861824 49.88363333851587 0.0 23.54632778035889 28.037793120823956 64.2420944854227 15.719417388609205 56.39803301516436 48.341987358170925 42.96875957196481 2.348868120917623 5.675348768013162 8.420664573507816 35.135788572999346 5.741592968399508 12.966112147115258 27.851865913375573 26.674445038846113 39.37865836143119 83.58095723353928 48.25306572437793 77.40645350322136 13.17875013673016 25.62096276338907 62.81754899963866 21.946521043688204 15.258676017010494 58.898838903708366 119.65284850367574 106.15383958188693 93.91038486163295 83.47677722745333 75.60604150917365 71.15380463739191 70.76823822525449 74.51249824083762 81.82157705641534 91.84834116605343 111.82652825231507 97.2897856432017 83.81008449904212 71.9837206669226 62.752527620294096 57.38293569499518 56.97737094561017 61.63390459346354 70.35448454489666 81.85027000640278 105.31184835395624 89.76187113194393 74.9833734638 61.53473624428255 50.49005758754864 43.711242807113116 43.252794850213085 49.29138321283173 59.89308255326473 73.09874758397952 100.36465180516751 83.93051400643041 67.92870223878064 52.75410459342498 39.37501837820075 30.273720458232127 29.686929544459467 38.01103758737304 51.059511635284544 66.09098301301175 97.22458925646542 80.16688788890494 63.242008202773256 46.594911946444576 30.681143511009505 17.615102755067685 16.672241993466052 29.057666650900988 44.82683191331128 61.42682034457051 96.06907175675006 78.76800461915154 61.46742353024074 44.16789965002062 26.871474909787658 9.59492409795049 7.7950351730033764 25.063443070261037 42.359218406494136 59.65856342359012 96.96908735362412 79.85825116599482 62.852123465819126 46.06681383414554 29.876847512875873 16.180650963616166 15.156308314725662 28.219260544563024 44.290545463501836 61.038438192984884 99.86906594980944 83.33998211987974 67.20107840159297 51.818213878510676 38.11797047944854 28.627645556694617 28.014541572619788 36.72597203187862 50.114763658894454 65.3673625304273 104.6027613404854 88.93271296349072 73.99339554828967 60.330117929680874 49.02172038112743 42.01476411946934 41.54584376478842 47.80773221424937 58.68395675133863 72.11615419311384 110.93562142258052 96.269158748283 82.62861856748938 70.61108370205127 61.18055681332756 55.66771755501258 55.25783092973402 60.0554729880528 68.98253871802156 80.6797391876368
