0.0 26.526868079799332 23.447484058401805 27.823321223418684 21.43631478889936 22.080202320942288 22.579280215037027 58.38526762961302 71.8056207333715 40.862251482007046 22.559488813905116 12.110485115834965 32.107865753891446 24.567267752938942 37.72033718985821 50.821703744297615 13.627528394351915 53.31935312684376 47.131602365124074 34.787880719650026 57.9227384903868 19.34082175625944 16.95225249454429 19.292181543658117 25.605113413251008 23.050395601915394 25.916946410286645 32.2974172290194 74.38023751621562 45.74075099663944 31.661801298600246 5.993173316270757 12.44156129099666 21.97151906026906 38.660948153770704 8.55875691447584 11.989076076080075 68.41110293589875 43.202155340544316 28.360059182649586 79.51962368322148 64.45336748363411 50.8311926184674 40.150856029748844 35.20056634141 38.272392602778666 47.84537317509242 60.928572664017345 75.72390463577598 91.40369813844127 74.29821851211743 57.920345931907484 42.284974635269194 28.635346954581944 21.2287191983973 26.077679166266247 38.83482446062221 54.17520871535453 70.43063464191367 87.09022195961184 71.53219155703175 54.34373410528516 37.26045891073895 20.546423390823783 7.394767356484547 16.909258071967642 33.40474198400756 50.44347251801266 67.61600702875958 84.84113535028779 71.50708894967993 54.3108387737515 37.212686251606314 20.460063521838265 7.152464755731896 16.80519789691091 33.352435775131305 50.409013473978185 67.59042593598346 84.8208470158893 74.22569197129204 57.827708231881765 42.15857908288455 28.44923903128582 20.978180876476287 25.875092358799524 38.69971830033411 54.07890021732097 70.35693399456605 87.03091596486935 79.40665911861282 64.31458383877263 50.65591275173989 39.92974980568674 34.9493342269952 38.042537071419474 47.66257348582662 60.785810977940955 75.60963127544707 91.30950381675133 86.60915024183663 72.98370675486568 61.24377396923871 52.66573934486162 48.9414160403062 51.142410579746354 58.60488007279343 69.65787557234866 82.87707247762995 97.3842929210916 95.37619445700065 83.15524098534931 73.0182435674004 65.93351075449836 62.94033638102084 64.6098924605951 70.61221296924236 79.97765433877329 91.68129538164031 104.94374115685923 105.31768816360629 94.34437426229269 85.49029770753904 79.4670093946133 76.942216599392 78.25527676488915 83.22473503130051 91.25518743304445 101.62355277384222 113.691988527205 116.13228385111145 106.22990928064729 98.39488239034226 93.15033611115747 90.94553500427337 91.99928553824485 96.20457226424574 103.17676042546347 112.4021398418742 123.37629906576872
26.526868079799332 0.0 48.38513229506066 50.267586320237655 38.6797017316747 37.27118888349156 42.31824009077912 79.70740769409986 95.5059321335958 55.08112433855559 19.01044887838019 35.56532990393377 11.442237425715994 39.272710092864855 13.366005757462634 24.927982271251622 13.52952759671124 75.61008830911943 21.901566715543225 34.978751051296456 75.27856162272954 7.224188432737298 35.56438010936576 38.57449852061555 42.373649067152726 39.27270824500355 43.509135828153504 33.01814590870439 97.8880005103748 35.29950008340153 24.27813365444254 31.699497809278686 18.598206424166204 38.19111800194098 44.37110707918447 18.19764873061922 14.571246875473204 88.22513773433533 21.382934459353304 28.305084695261673 62.365640375608635 51.028494420543275 43.78408593263039 42.765522490731456 48.36774174677724 58.725563124115574 71.80981744506776 86.39046702780777 101.82671800372903 117.78265152230851 53.688188412285 40.018249813094585 30.318455561109047 28.907903132926958 36.7537027509024 49.645867448034984 64.63203021566444 80.55182301616348 96.94639105642504 113.61038232749382 47.72736489913492 31.618098880967587 17.894681230434763 15.47409702369339 27.52068974293376 43.29020295653618 59.91166499908069 76.83414707499401 93.89503359249265 111.03054144114427 45.562276710107554 28.2603502676354 10.958436908856749 6.343570423390179 23.645465441449392 40.9473905171501 58.249318866236756 75.55124823980093 92.85317806515222 110.1551081294021 47.712509324695695 31.59577258771578 17.85538502855671 15.428847441594685 27.495390922651048 43.27419947674399 59.90015683165221 76.8252163438743 93.88776051121289 111.02442033629853 53.661773795319874 39.98296731557178 30.272084236593496 28.859490516891654 36.71581405828722 49.6179555323663 64.61069354680806 80.53478521769017 96.93230235325659 113.59841789751212 62.33153084681984 50.98699176267163 43.73593186072744 42.71644832995986 48.32455892829414 58.69016824601801 71.78101084009339 86.3666370822959 101.80659752483972 117.765340457251 72.75555336672812 63.25650588037683 57.51607168822373 56.68782448249418 60.97227535977502 69.4292824126646 80.75846782694995 93.92621024263005 108.26372333493032 123.36382202537337 84.28533887170224 76.18237535448984 71.42954194257021 70.70568429274851 74.12892351989478 81.17628960936581 91.0097350211417 102.83308282568855 116.03966200675468 130.2092645457409 96.525319867 89.48046697464835 85.41105899010871 84.74681385813672 87.56525768774867 93.55214953218214 102.15191355642838 112.76834944603421 124.88821506423201 138.11629273073385
23.447484058401805 48.38513229506066 0.0 8.227860367622117 16.8970125873443 19.72457727507561 12.77354489512571 36.186189644026825 48.38100260963095 28.69258352813751 36.818916209602484 12.864312558236229 55.37597840647046 39.00718187856719 60.620973740150525 73.26457960210274 34.85965271179661 30.612741096291362 66.61143845785938 39.487492102316615 39.225615689375545 41.255782688561936 31.513124633846406 14.197338787402225 17.78747392410285 18.32522353549445 16.58167723862135 37.70164045008317 50.97910975615672 55.124686225620366 43.32447124625166 17.47831683395522 35.76479176739409 36.17219231049138 36.70841856323025 31.69582596877474 34.194392022402155 46.97985222552861 60.564332215353076 36.47631532837853 102.50768839421592 86.88549193601152 72.03510786050413 58.54682183218322 47.59316606013375 41.24553420070349 41.665144357315135 48.67730419885932 60.01400803735919 73.70609136385698 97.72119600108887 81.21011853253422 65.11101809701309 49.824854486979184 36.3909012417323 27.65482567799192 28.35473849203143 37.97239955807817 51.75447017407167 67.18524658963666 94.80690893784482 77.69536977425315 60.691875880132095 43.922089235851665 27.812027242716677 14.716677864962918 16.073741535209162 29.981036306775785 46.239298444490814 63.05549710185546 93.93927668986787 76.63914210977836 59.34005475460243 42.04330731383545 24.75380532649126 7.521679536390859 9.955603678555594 27.209667818825224 44.50091681827745 61.79814535383171 95.17430145345715 78.14120899480115 61.258974085596634 44.69885620160939 29.017685337143206 16.875332761541483 18.062118541302393 31.087230070994934 46.960665430405534 63.58384070441531 98.43285274546612 82.06118738367958 66.16464238645574 51.18779914815919 38.22736079570661 30.019675173021483 30.655181192105307 39.71157038804771 53.037599528635674 68.17385537796041 103.52398375647637 88.07677847145973 73.46105853861691 60.2846569214229 49.705705121511926 43.65522770754438 44.04094928468944 50.71623058470382 61.67147962076007 75.05538805085855 110.19391587902066 95.79392037489858 82.51635567234045 70.99380546977335 62.20924019771521 57.43306022073815 57.66993095361904 62.8632098735148 71.94750214177007 83.66481137561998 118.17553795519561 104.83743119955925 92.8170519922545 82.69106512561962 75.22837439546034 71.27056425019848 71.40285214768726 75.60377115612349 83.25972665701434 93.52605468236321 127.22210961415907 114.89442250544539 103.99360451364917 95.01204947874852 88.53579853773184 85.13849898747321 85.18931099460545 88.6823077981047 95.23950354561583 104.28447950183443
27.823321223418684 50.267586320237655 8.227860367622117 0.0 13.52888530506437 16.190447239924566 8.893116932151564 30.57082741016823 45.238402079622475 20.683886301039355 36.00919933424696 15.797720038990684 58.5174533619837 46.35135410763995 63.147364274879884 75.13428320319687 37.047061049521076 25.700582786754673 66.58053683397766 35.154474674747 31.593064077136855 43.44948389943616 38.59568555519053 12.156501557345415 12.460203341857955 14.244683070718096 10.953081170526621 33.74542752763701 47.63144897860851 51.41596472516982 41.02455052046485 21.976477704145516 40.22299303272274 43.479172675745055 30.591524525073666 35.262456881797114 36.94997609645958 40.69590020701428 59.664944350361665 33.54241285425803 107.31903594935972 92.22808549377004 78.06001545306613 65.41723208327642 55.354895689239655 49.47339368448844 49.29270606478196 54.86918117080445 64.7316398378 77.25571391335289 101.62707849454479 85.56958401882197 70.10671876931347 55.73560805996158 43.55079421665716 35.85516740909642 35.68223738707048 43.1226017529228 55.17792294824077 69.48636745218569 97.65194053038634 80.83080930677853 64.26546082578949 48.22023076767667 33.452105070339556 22.618742012404464 22.425055742640584 33.05858796361055 47.76577047921621 63.78854833754591 95.60806462893301 78.36089023686402 61.14466114521882 43.995720537863036 27.042385914782486 11.210317458549754 10.89794339860749 26.65656568947842 43.601527377316515 60.748063805757354 95.61940352004005 78.37466106245978 61.16222710641561 44.02001719012152 27.081712705532123 11.304413897191898 10.994259634099183 26.695900005318126 43.62547157491353 60.76516949715271 97.68524136562439 80.87085282166431 64.3155870570602 48.28670715512759 33.5474124831356 22.758803303467584 22.565655726670524 33.15367183314659 47.8313133912248 63.83740731324963 101.68040354712957 85.63261904385928 70.1832889852305 55.83144536075026 43.67280800767344 36.00257848362836 35.82966348837739 43.244092590058415 55.27246993012834 69.56110946742028 107.38972574279123 92.3099559456788 78.15628348046226 65.53154383765353 55.48931192315966 49.623040490248776 49.4421931875058 55.00287898636925 64.8444665042873 77.34982149535784 114.55712767670117 100.52176573670327 87.66190482740245 76.57210990582102 68.12239543316714 63.37766002758793 63.178232870244734 67.56437458942953 75.74361098881592 86.64836284821742 122.92773746332615 109.9245879065878 98.25622715657673 88.45248489657351 81.19164214963523 77.19461242290632 76.97154267041292 80.55379157299616 87.47509962343538 97.02348959280425
21.43631478889936 38.6797017316747 16.8970125873443 13.52888530506437 0.0 2.841863573142044 4.661641954284173 41.05771386833596 57.645899288923204 19.429469999950882 22.796368089200357 11.349534634266972 48.10057325272704 44.69945795229162 51.94055691964255 63.156021578747 26.326785471716153 37.24355571015772 53.44089571847102 22.592870240535298 37.559434865063714 32.407487153631365 36.66192282889582 3.206762750237669 4.226938956330035 1.8763085662333836 4.946303975253411 20.856991462717804 59.865568079077235 38.41186489085751 27.505565302140745 17.24009297572698 32.51030863317238 41.877226051037404 20.82205540643742 26.551947965956224 26.950098387633712 49.678933671665426 46.2528325239823 20.116199671878505 98.51070571393676 84.46260361933524 71.8484751847762 61.556275627996094 54.90761749322254 53.28430871523248 57.11644560587 65.45272239478194 76.84093366065169 90.1315649996313 91.57473328806103 76.29901236827638 62.09551390144607 49.88860041990891 41.48009286385374 39.38311571158125 44.499073578486 54.84534020805303 68.07761146409385 82.82401263872111 86.40621501178097 70.04179049018781 54.26215355291102 39.76959481951307 28.593189868198554 25.538809925586516 32.94846868736761 46.018288061455095 61.224787089686046 77.31737672090667 83.33474020904927 66.23355560823957 49.27272906391892 32.67158931567562 17.48647035668878 11.951297870136536 24.05417581521439 40.163244461051434 56.9761530400335 74.01480124237396 82.59463676141145 65.30421986446741 48.02209711349654 30.762250551039113 13.609697846293084 4.779671608587244 21.428490721946112 38.655254976147766 55.92844382456159 73.21520667674118 84.24737998676888 67.37303536606595 50.78723261588273 34.903758274571274 21.352141091351243 17.095840408588472 26.969127386044825 41.965606718424326 58.25463676914026 74.99870335892054 88.15847109749082 72.18264506953635 56.98650254111298 43.39697793899473 33.4341579287454 30.83986281427338 37.18951949463513 49.12975251210401 63.585484218749464 79.1909339789864 94.04652766844771 79.23545037033459 65.65415192119481 54.23451460082146 46.59400523680516 44.713800046827814 49.257997785780894 58.754409346662634 71.24966477088 85.43800490747644 101.56823190987136 87.99362281976295 75.94963031565734 66.27602732542574 60.12798030901657 58.6253613994558 62.10626979296126 69.82937248113852 80.58405884285276 93.3281124997366 110.39005440982821 98.00090041983286 87.29877792082625 78.97255563311506 73.83048309280737 72.55276492419466 75.33627901985479 81.76731589607417 91.07645543586634 102.48236577034237
22.080202320942288 37.27118888349156 19.72457727507561 16.190447239924566 2.841863573142044 0.0 7.4200055168086205 42.73951316038765 59.7497542386084 19.245222161297253 20.637434852221737 13.159736192440663 47.066555010990214 45.932297711724054 50.605295202520665 61.48623072131532 25.416621215145238 39.20101414876256 51.22957864439815 19.763077379137684 38.31528893645698 31.277605157975007 37.93742567695526 5.7567256612382725 5.133836312965569 2.13391979423662 6.432220963521645 18.015138361968678 61.91166611368168 35.5772621078729 24.851422184135853 18.501949230160328 32.49019900441313 43.149747796258744 18.501949230160243 26.351263137510156 26.300742658036448 50.95418498072786 43.84392102547262 17.36423206781976 97.80572796663472 84.07387898629244 71.89973938357443 62.20471533762927 56.28480601744401 55.36452707362854 59.67563170378919 68.23364178927866 79.68172573225164 92.9581822677459 90.51619072983671 75.51106623749504 61.72006773221886 50.154936885959955 42.66584024631294 41.520301667913024 47.182648018676346 57.6816642813133 70.90029485924613 85.58758393898259 84.96563423691677 68.79213412711069 53.33166430644485 39.4320314103679 29.39751295886996 27.789429982929192 35.76312420607406 48.83092944802162 63.942382439760706 79.94690023298368 81.51017716984288 64.49605239337635 47.68946757956024 31.425190744908537 17.306434073361864 14.49811915294558 26.825193555066228 42.751600101195834 59.45183230819117 76.42024712089126 80.4203888394396 63.11955705822596 45.819555063252494 28.52189281921188 11.237380238072381 6.145946637237602 23.408977046185544 40.70505316859518 58.00462137964416 75.30527504870717 81.79090045685413 64.84885007965478 48.163345469203804 32.136503667332725 18.561099649287623 15.968296824775456 27.643645161979865 43.267404165922734 59.822052286094 76.70723660262756 85.50346880258131 69.45230183230177 54.176663099513085 40.562408233845076 30.890397233597476 29.3570070543121 36.98865538979785 49.73124706162116 64.62927187752639 80.49470898650546 91.27269806349834 76.41214733844485 62.81426386308328 51.489337375081334 44.21964062470543 43.10807355568213 48.579213964879074 58.82413355268322 71.82842043314231 86.35432768763745 98.73866283510598 85.15245698767382 73.15228043082384 63.64172485357196 57.861731408276405 56.95953467170001 61.1514106763947 69.52193376608456 80.7824320656096 93.89888814584593 107.54848813685494 95.18390643628383 84.56928433409766 76.43716848442152 71.63802526724763 70.85239352187277 74.20785495286464 81.19260354770189 90.97450780280536 102.75783344165465
22.579280215037027 42.31824009077912 12.77354489512571 8.893116932151564 4.661641954284173 7.4200055168086205 0.0 37.47549540231767 53.4776005005987 19.199522543683013 27.21084917456981 10.96934201152706 51.2545250104898 44.41896816367777 55.44418971647439 67.0136934269172 29.49952030665605 33.30591079683781 57.835561437068236 26.956615641451645 35.385798410656705 35.77091031075006 36.3843940974779 3.7698132488729903 5.197149544369095 5.681571760237641 4.372975411309754 25.335861809098684 55.76178022214711 42.95507455089452 32.164229082163885 17.497887061862986 34.42471663858831 41.54841615492482 24.052738134847402 28.816745585758127 29.796888877934414 46.63407837503486 50.798117556445035 24.76748436590998 101.11238701461308 86.64025152987347 73.40335320904339 62.19543423418155 54.288051328936334 51.23293564684079 53.862190572976154 61.45045282206561 72.45606552272989 85.57047043299114 94.65891341621524 79.05006259074074 64.31346414755018 51.20778958767907 41.315378820666055 37.28793516189126 40.89653358298269 50.53087747581685 63.50527117251108 78.17401181760081 89.97208233548557 73.39986218238138 57.26093661820699 42.057114521146794 29.283063821666797 23.343215229170696 28.827495437650004 41.42287067180759 56.563193524312894 72.67493676705097 87.33684390426221 70.16001446495049 53.06452794718437 36.165920322499765 19.970393818749383 9.40067209135451 19.407261843297544 35.54749159547179 52.43395536475382 69.52501968094722 86.9399946804729 69.66765845970193 52.41484615723462 35.21026927375083 18.191303669318287 4.560427421368131 17.589342499334403 34.593148788004854 51.7947914253477 69.04656687146476 88.81155163358913 71.97920373382438 55.436736545751295 39.54958494932803 25.56989445898032 18.498142009296814 25.084954357688865 38.923521611389475 54.76803863839279 71.29339029738198 92.8143668254995 76.84199599866142 61.592097209069294 47.76179391507462 36.97972292025755 32.44255363680649 36.55471372690736 47.102901553745184 60.82621148657211 76.02421392334385 98.68939783399178 83.81307783451813 70.05975886768519 58.23066747485137 49.718753827489614 46.3875129261047 49.29859282508007 57.51177426684033 69.1632859958165 82.81436533377564 106.12609149310117 92.41649606469699 80.10971166549668 69.9501163025172 62.98545346319868 60.332508939871595 62.542398673524104 69.15046882337036 79.0614871779429 91.20496631470729 114.82131805131313 102.24089611544495 91.22035452268916 82.38805618461299 76.50566650124907 74.27737673248339 76.02517257030989 81.4936286895396 90.00712556213882 100.79702509928028
58.38526762961302 79.70740769409986 36.186189644026825 30.57082741016823 41.05771386833596 42.73951316038765 37.47549540231767 0.0 19.508663718592228 29.817690624948312 63.20157798422236 46.362750071181416 88.69056056749707 74.74079155576891 92.90075864540589 104.19311111715426 66.9679067221007 6.2546847461911845 93.43568100192283 55.831000882627166 14.967489167067779 73.24442277071174 67.54390334539396 41.24468298348682 37.61502927300975 40.645698876504156 36.33931965893016 55.60783816761851 20.850263489441982 71.6305835824403 65.44020702323655 52.49763168438108 70.79365030685288 71.97717172074576 46.60051468689659 65.75093682868757 67.15872446617823 11.410845392349362 85.3774405428997 57.61920844009242 137.88985640126663 122.71729359166673 108.18572086588279 94.59101784746707 82.39821309610915 72.31987826120407 65.34185847192461 62.51117141889755 64.3772400975461 70.5684486138317 132.01091258219856 116.10372557016305 100.65769267375606 85.92187760150478 72.3316594588974 60.661938834672114 52.2166126827129 48.702981539249855 51.14770899551934 58.812395071632196 127.41412208892416 110.87388406467886 94.6064768032018 78.78109141456349 63.72788166740064 50.14711422679081 39.58447744940151 34.897510955259726 38.307301041527296 48.12244779277668 124.24194941252227 107.23050134296324 90.32945403387896 73.61488665536766 57.25036447039962 41.65055041938858 28.118390637598413 21.100494246482487 26.42970386586222 39.37688483129409 122.6050689921794 105.33837502048864 88.08550906338826 70.85657279027743 53.67461461292967 36.60584578656896 19.943043481323105 7.360391735013226 17.588038416367198 34.105955049308186 122.56503231346535 105.29198660457487 88.03028531472596 70.78822793636596 53.58478038099784 36.47461521282412 19.70227940379089 6.6839707379988536 17.31717379621711 33.96773386745522 124.12338516492659 107.09373526067944 90.1678051347327 73.41736577309653 56.99734796352985 41.303720368797286 27.604501831684313 20.413997406435943 25.887557291374907 39.016810717727374 127.22138274810091 110.65335433182999 94.34912442910708 78.47329224321957 63.348762970497255 49.666707197764815 38.976989333522845 34.21019513036052 37.68523668419189 47.63112991258905 131.7504172085686 115.80881397130025 100.31895449884826 85.52664000131566 71.86391269798465 60.10607312933641 51.57286482622459 48.015445706927444 50.49661322525704 58.249765224552995 137.56916278857415 122.35849408787121 107.78043619073583 94.12937161700378 81.87032186697076 71.72067645130781 64.68118803327077 61.82355188005478 63.712964738046104 69.965898917175
71.8056207333715 95.5059321335958 48.38100260963095 45.238402079622475 57.645899288923204 59.7497542386084 53.4776005005987 19.508663718592228 0.0 49.06160667635974 80.38005554526336 60.459944143923835 103.47467987481068 83.71171687484899 108.32907486722138 120.3629545601759 82.23724984329898 20.77518695212347 110.97086953546494 74.64750274167537 33.49019098966465 88.656433782947 77.50542760210644 57.120599036189354 54.78465532022315 57.61583444437178 53.351599264416976 74.21110653346882 2.821787579962815 90.71052132564343 83.61561273999035 65.81794789439773 84.14532389939005 81.19918235937477 65.81794789439772 79.8955543998297 81.99061781737322 21.58746823701211 103.32825160135629 75.76705830704928 150.65011275175962 134.64971293714171 119.01400374120523 103.90774826765289 89.59914277022979 76.53686557616739 65.4711873388191 57.56526837751438 54.21939733918133 56.25322341834518 146.09905104200175 129.56162477166194 113.2528236964057 97.28769244306785 81.86753746633718 67.36763202862426 54.52712686446708 44.79646021479024 40.48386958117177 43.24199474576723 142.78200855650138 125.82677799187893 108.98056823166166 92.30309065465426 75.90564496036714 60.01819248807548 45.181965678069936 32.85341254572322 26.758055042628246 30.84396867851748 140.78628479744467 123.5679944401072 106.37684565669609 89.22852746098029 72.15358420020591 55.22012397790694 38.614728413772006 23.057432379846606 13.073098507566508 20.22076656272792 140.16835912590125 122.86674198037704 105.5652275639421 88.26387628759453 70.9628074763592 53.66229433664449 36.36312999383693 19.068985640441706 1.9206261199429155 15.571287581970015 140.94636284454555 123.74951171509919 106.58667208367677 89.47741752862068 72.45971566955578 55.61766902583476 39.17846840390497 23.985250275006766 14.640513676567439 21.26286942904523 143.09751830118114 126.18305042195887 109.38982748186645 92.78370639437108 76.48665021566296 60.747912091107494 46.1423846263613 34.15611465035979 28.334966921992795 32.21506179424275 146.56134470347232 130.08031838248803 113.84311846946312 97.97105153420675 82.67468281387247 68.34167353860948 55.7204668856337 46.23485094811262 42.06254127919527 44.71642025021657 151.2476341790914 135.3148489168245 119.76254901513627 104.7603277630926 90.58191164450514 77.67971086099509 66.79738438128761 59.062187223394474 55.79867093295083 57.76971278321588 157.0469259649605 141.73849003065894 126.94310540899279 112.86272334166684 99.80043328872794 88.20968487127709 78.74300211462258 72.24030810972845 69.5381456943938 71.07133848881604
40.862251482007046 55.08112433855559 28.69258352813751 20.683886301039355 19.429469999950882 19.245222161297253 19.199522543683013 29.817690624948312 49.06160667635974 0.0 36.65663035938869 30.02698587299393 65.54466167329691 63.5910817293939 68.41220880347198 78.12262763308152 44.27843294025495 28.84512223700269 65.36626065790047 26.318344128909832 20.688170283102213 49.758034045867376 55.54749543583303 21.769679132050204 15.267400286405012 17.893271551239902 15.15060279843105 26.437139492107022 50.61953954346829 41.8285300226804 36.81398104470521 36.38588802524816 51.722991985211436 60.726517368596596 16.78434698997112 45.596104441402964 45.38634000630973 35.05239319672838 56.78387656960509 29.273770682777627 116.6342177261651 103.22127745073678 91.128554993764 80.94989187892284 73.48500866735921 69.61248484587396 69.9316783586902 74.3886501676861 82.31399002228628 92.82351359774388 108.74790163362857 94.2620635368707 80.89045493761748 69.28126257092991 60.45841176138655 55.76059834727616 56.231376201490455 61.75264834080788 71.15834491273408 83.14041790956033 102.2058010941452 86.66934776988388 71.94324910183046 58.64121010776729 47.963080986596204 41.96222034036248 42.66033189564922 49.776350633442284 61.10786717475895 74.7620422549844 97.27959435193443 80.82926110556683 64.82383296090428 49.69506096159586 36.548306987266336 28.296082745868894 29.39843106992114 39.07143579993868 52.79769253503831 68.17129508813487 94.22314608657223 77.14098426053498 60.184502565349916 43.50091892749378 27.589821459961065 15.125450440145267 17.177687737737912 30.985147461095274 47.15716777461568 63.923628526671685 93.22059583837373 75.91883949780352 58.61718601418782 41.315764606842464 24.015076872068125 6.72079106892058 10.598478726216792 27.896237619531416 45.19719016308488 62.49868420413158 94.33746262117549 77.27993493326952 60.361680158292025 43.744589591744 27.970670431038 15.806336988000446 17.777366858021526 31.319991293748757 47.37680377230192 64.08505142003001 97.500924917777 81.09428416885365 65.15247637994544 50.121024736673895 37.12275247836754 29.030846891382794 30.10300781744334 39.60179007123529 53.18949297345179 68.47373392322112 102.52166273878599 87.03990628311357 72.38718197060705 59.18249584585618 48.620328964533044 42.70842816081891 43.39110688420291 50.401104656742255 61.61541542391856 75.17547710692884 109.14359994779781 94.71621356661737 81.41679781889113 69.8922526034011 61.15437133475114 56.51093208724987 56.97202743561137 62.42464679598585 71.73952395792251 83.63599835149112
22.559488813905116 19.01044887838019 36.818916209602484 36.00919933424696 22.796368089200357 20.637434852221737 27.21084917456981 63.20157798422236 80.38005554526336 36.65663035938869 0.0 24.75595287818127 30.221289621707978 44.95707847555263 32.06347533112284 41.52362298457753 13.235690248964454 59.83121175525647 30.64487154386887 16.681272085832056 57.19319792084695 15.57677298558704 38.393686148183185 23.880312778452236 25.676057442016322 22.770455292914 27.05872402022885 14.446429918815555 82.54909738591755 23.395831238176232 9.261449679505349 24.504699921094723 24.54266193083966 42.82427303402447 25.420599195136877 19.085022514065116 15.732492487436552 70.800736810668 23.797310986936683 9.572315143002003 81.36778266003766 69.5501938865282 60.43543454722531 55.37465930331721 55.48840330986465 60.74760716002959 70.00199650183627 81.90840077442411 95.47979673705109 110.10220668300646 72.513687700888 58.99983761123353 47.98366627898701 41.50408508015451 41.7307007429891 48.569734897899345 59.79374857746632 73.4184653005097 88.33999763593764 104.00165755629459 65.54951350622254 50.238261238358625 36.738769350931655 27.826274713755875 28.241389224799985 37.67705768931264 51.383415580862554 66.78068753165016 82.93235295947078 99.47160508031791 61.12480027465926 44.339026757034354 28.184573812078103 14.883008104841807 15.727379998151386 29.528119734256627 45.773158625412876 62.58727560867656 79.61070849913689 96.73301178699134 59.80593912838737 42.51103394005772 25.22576564002959 8.012745562397845 9.527986388465834 26.759569347035576 44.046341193201464 61.34166110585669 78.63988934244813 95.93945277208515 61.79213892642518 45.25042869506461 29.591326198774926 17.389775745021414 18.107303495363077 30.855420989432094 46.63638058576997 63.218347091456316 80.10542583944864 97.13862009490707 66.78916080375772 51.838072238495734 38.88815734781781 30.59577007423766 30.96163475995249 39.74737505328937 52.91308095607383 67.95913304971188 83.87969187689919 100.25901939300287 74.19105000890647 61.04041436720866 50.46044725678083 44.33154131354407 44.5310974467754 50.984860410634404 61.76242878167076 75.02295311076068 89.67158772025059 105.12967260113518 83.35954212274933 71.85976501444897 63.06770703018241 58.22321521047205 58.318497804953275 63.33126289903942 72.24505389180457 83.82448353768231 97.12073694986589 111.52142541870407 93.77779853750236 83.67105911663185 76.19780257248799 72.18069304439359 72.19894824944816 76.24966987959822 83.74977333392094 93.87611654853367 105.87782737926076 119.18973005188727
12.110485115834965 35.56532990393377 12.864312558236229 15.797720038990684 11.349534634266972 13.159736192440663 10.96934201152706 46.362750071181416 60.459944143923835 30.02698587299393 24.75595287818127 0.0 43.01535183529521 33.58735603356534 47.99333706964324 60.47422122085938 22.05943258494487 41.44256172157463 53.90964403366516 31.035422658125757 45.9851624468453 28.479980729967323 25.538416516108096 8.406792536144199 15.002109695620536 13.213496222697858 14.884927144268843 28.829772091505163 62.95866763599512 45.21151331957814 32.25519637111941 6.580102458221341 24.4438411955708 30.734216589515622 31.591531638652143 19.52871628110549 21.56860837691797 56.30391270298679 48.224506742773755 26.37910555994888 91.5311584055248 76.56212752500942 62.803429406355924 51.23950703657385 43.65098372000121 42.23783422926281 47.55382070166415 57.7702522802621 70.79649140942325 85.35566358046282 85.90984150938132 69.77731010382637 54.36869414681832 40.51847186104382 30.43432242628169 28.450995800419676 35.9357774846247 48.703293581599404 63.65022599180425 79.55753573796291 82.35133910469577 65.36708596292576 48.607421693741 32.42251689244944 18.39756508565107 14.98111618134043 26.629117982321002 42.337910299267016 58.9457378782041 75.86444503844622 81.12760357433093 63.8256739992186 46.52374517587816 29.2218184396674 11.919902879085527 5.382109286142884 22.68399700415054 39.98592182000762 57.28785012114275 74.58977948220577 82.34281239447543 65.35639261750433 48.59310658058492 32.40115131575496 18.360061391199103 14.935251931767096 26.603463957119274 42.321855902608576 58.93426276645518 75.85557208837515 85.89349387241406 69.75727404863206 54.343095697983 40.484275857618094 30.388993201027226 28.402728711099638 35.89775568350787 48.675378810886926 63.62897072880615 79.54061292145511 91.50814248663903 76.53473614766837 62.770188109037726 51.19894701720726 43.60358722152898 42.189079677676496 47.51072565297879 57.73495165508262 70.76782613295688 85.33200320418422 98.83556083086904 85.12290842510643 72.9523766926068 63.22094007602601 57.1876169807631 56.05941562963211 60.113150795045385 68.43407038298498 79.69662071004541 92.83630210487604 107.52607220048755 95.03203949382092 84.25562594205374 75.93169378406893 70.92900242327349 69.96366410209103 73.19559310804263 80.11844389524306 89.88339612860102 101.67484640899688 117.27693245186413 105.89181875245946 96.2857973577736 89.0365732063829 84.75108887619274 83.88481307823125 86.54048628701845 92.41498130940622 100.94791169551415 111.5307674233187
32.107865753891446 11.442237425715994 55.37597840647046 58.5174533619837 48.10057325272704 47.066555010990214 51.2545250104898 88.69056056749707 103.47467987481068 65.54466167329691 30.221289621707978 43.01535183529521 0.0 37.13636477601109 6.842415511389884 20.24929890885444 21.788440106926117 84.18694813528586 26.05619768898567 46.40142688983318 85.36554750809414 15.813864873387102 35.785141105520765 47.488176001973116 52.045421097926656 48.94476782011027 53.0323415601139 44.40557902336292 105.97142515798927 46.035739631277444 35.680152256702705 37.955979574373764 20.781756418457615 36.89336249758792 55.641273226061514 23.684068349886612 21.57154976095729 97.76007106259986 29.194891197736904 39.64821145521886 51.263010641520104 39.58718779941192 33.243087924688254 35.23873764431657 44.46507220108855 57.543244086329054 72.41557507254831 88.17887709124729 104.4304624896522 120.97370336197385 43.474948611206706 28.85642491191163 19.339783603488044 22.673179533403435 35.395349689853624 50.8949934507913 67.27913351254402 84.03198868979251 100.97019515283333 118.01397105539577 39.43949227166113 22.3522983727168 6.518468511682387 13.567207458854408 30.403310708280312 47.574856627368554 64.81578636028378 82.08239054257386 99.36128526824434 116.64700887900744 40.30022581894181 23.831620476592356 10.51176632879535 15.866993776152274 31.491886494199168 48.27452228412968 65.32865567175945 82.48606043029228 99.69343128833465 116.92871111092036 45.78181005291355 32.2126521935095 24.04260090442987 26.779641940524087 38.14397270834853 52.83452425041055 68.75116085422137 85.20955434709207 101.94765839576866 118.84735091607472 54.507473164595176 43.68918666109114 38.01489235462615 39.75205227028731 48.1043229657782 60.386527682685184 74.68431008140641 90.04258008383725 106.00138156106017 122.32590145270463 65.18717090672223 56.40216248974532 52.074379552919936 53.30082989775423 59.740407760628166 69.96823965612462 82.58869893108444 96.66918956323279 111.65872836145583 127.23643902662944 77.01210170343673 69.67792720622265 66.16536464980992 67.07748972152453 72.24690985797801 80.86120546434441 91.95730162648276 104.74945490766568 118.6905366560629 133.42087875036506 89.52949450326959 83.24752250060203 80.27111364262863 80.96564354700779 85.24142919445579 92.60372094901783 102.38886209957136 113.97451950258193 126.86837736103904 140.71126932912907 102.48579086015722 96.98754433363446 94.38485126067886 94.91620780109986 98.53092318327664 104.91076735598246 113.59078023502053 124.08920808866358 135.98554237550783 148.94520424081247
24.567267752938942 39.272710092864855 39.00718187856719 46.35135410763995 44.69945795229162 45.932297711724054 44.41896816367777 74.74079155576891 83.71171687484899 63.5910817293939 44.95707847555263 33.58735603356534 37.13636477601109 0.0 43.9732330880627 57.09010212828768 32.369968783421335 68.82368976513737 60.90252423721214 59.061706443583816 77.94434549443447 34.34448699836779 8.049494664723722 41.95618024959192 48.56136582660789 46.49467213038611 48.4676090626152 56.551845844300296 86.50220418607256 68.23285700905555 54.181685010569836 27.47445007582611 21.566901768166506 2.885506921727496 63.192208846305164 25.93348989188761 29.756375431737908 85.80733522157932 60.26786444195607 52.305729273158065 69.87111295380886 52.83849999726588 36.06320537832352 20.196918725558632 10.676577799505097 20.46402073559731 36.36311344590081 53.145921178781286 70.18130021625598 87.32155464589667 69.11749241136081 51.84246993722535 34.59435171230322 17.453085711215397 3.3413740493892843 17.78856119756168 34.93443269422536 52.18342471610297 69.45875460861873 86.74468812384428 71.22144462982239 54.6036360465989 38.59186556587207 24.4094086412551 17.349884628049583 24.59532246243576 38.8272250036639 54.8533411922661 71.47682703100068 88.36117183948625 75.9458192897451 60.61063457814782 46.67161180317423 35.79858154569256 31.361541753245778 35.8366143726124 46.72995106269233 60.67802313019465 76.01753365915413 92.05551110127887 82.8434530745316 69.0210668209752 57.126885914035405 48.597921816177674 45.37332252594722 48.522389376888476 56.9983300300822 68.86145847338433 82.66616467022087 97.59196985723891 91.42368020086019 79.0715967776077 68.88426378238168 61.939183408950754 59.385009477951414 61.7688637169239 68.5777074847869 78.67088195458227 90.96158329511786 104.67859316804312 101.25957185156818 90.21561403129499 81.3812033336385 75.53562480658583 73.39651280513083 75.28049340441031 80.90701082490614 89.57356324247824 100.49671228863345 113.02407817226083 112.02073671173076 102.09554106981824 94.32406692046366 89.27057598243617 87.40776804232931 88.93636002364357 93.69050323526244 101.21670168744302 110.95227372945858 122.37103183134118 123.46534026710918 114.48236654302345 107.55183535067552 103.08853167090543 101.41871855852305 102.67877396734882 106.765012106449 113.37225424936719 122.09189691864142 132.50757558680735 135.4200754229402 127.22797221441223 120.97092668349642 116.95991362503472 115.4293108007766 116.47694318273288 120.03532354591597 125.8917297050777 133.74462389328014 143.26607879785027
37.72033718985821 13.366005757462634 60.620973740150525 63.147364274879884 51.94055691964255 50.605295202520665 55.44418971647439 92.90075864540589 108.32907486722138 68.41220880347198 32.06347533112284 47.99333706964324 6.842415511389884 43.9732330880627 0.0 13.552790490841709 26.10076743066319 88.66412549913146 20.735731543228496 47.28430149985559 88.64387868881403 19.708438692212162 42.54044619941663 51.681717099601904 55.69401276959185 52.588991277926155 56.80217267409931 45.53458336891606 110.76368918717502 44.48639405099072 35.90231820482196 43.39427695457245 27.06543433098254 43.73246609764933 57.136502912990466 29.17040220928326 26.439297241475867 101.55094151056724 25.586613434867854 41.01358330945139 49.837137934812375 40.232721116334055 36.77377242963506 41.04455857232136 51.1439947351925 64.38530551201383 79.20816809839077 94.8741649777023 111.02696711086568 127.48166389778248 40.45055616178994 27.839766694983215 22.639982659790206 29.134105605257183 42.234281021118974 57.59673572929152 73.82238501482976 90.44786443659852 107.2874592960111 124.25414581554266 34.53393708211049 18.259948162382944 8.542356514322243 20.27883759407383 36.71789624881724 53.701860369362265 70.83988255733286 88.0420431711448 105.27690640477843 122.5306734248878 33.95265195137292 17.14052008094227 5.790140601935709 19.286458284677593 36.18180017044461 53.338459852254324 70.56609228712041 87.82294066678558 105.0946139412899 122.37483522762903 38.94633939381854 25.615783008979513 19.85525113244011 27.03711018750063 40.822681543881 56.57463213261189 73.0314887208528 89.80656635192723 106.74995103655067 123.79255391124414 47.79845152342077 37.68996257045738 33.98650494631956 38.579005790234746 49.196593240123676 62.85680404242195 77.97665529924721 93.85333056426502 110.16008566317505 126.73101126957542 58.7911175735614 50.8613936379683 48.12555911004256 51.41944900669742 59.754098204676275 71.38520146259422 84.96966483860541 99.71230173255783 115.16919948323546 131.08794040957878 70.93596624341333 64.46080967261078 62.26696718801049 64.79080925850296 71.53472770847165 81.45722874294326 93.55232494466415 107.08636436140056 121.57975120365366 136.72774741700223 83.73301005544336 78.26528482490313 76.40927654810014 78.42184118387446 84.02545867074728 92.57027132307721 103.32917041299834 115.68606087365794 129.18319085213318 143.49917704338026 96.9241165207094 92.18258936171861 90.55191045375086 92.19729106441919 96.95207970792144 104.39226181421813 113.99322865860864 125.25909675083221 137.78207336979372 151.25022792855114
