0.0 40.54818535402217 82.16796222024009 24.776079515545412 63.320937412717505 33.01113554854258 58.54491307858128 21.33919794235913 35.663489974340884 11.218354839986219 56.96734624942848 28.999413545343785 47.500469175077406 34.368806378322745 25.0462614012165 63.08941347735393 26.32574722694631 60.54798008444476 15.108743058333612 48.811519698021826 24.74572182344333 17.620445321952676 62.43948124092092 23.51866135681489 74.09525541387454 55.46438723253061 59.326568192192816 19.809925876714704 37.91601892813337 17.602087245453173 49.6080779995944 28.454865211121163 32.48069396855076 30.289850150189555 27.487260819548226 42.74786900682456 32.79063708462069 75.86433269571833 19.975923112597563 55.100085445750345 118.38274044579322 103.69176874796105 89.93436144093077 77.60858600064917 67.50327892864902 60.73705214552085 58.48062185707168 61.23457809563136 68.39635054996465 78.77274131732827 111.99714048928499 96.3722340081581 81.42824648164833 67.61815577263278 55.79045153939001 47.45142573040317 44.60274602321609 48.227335919425194 57.10561036392385 69.24542850018871 107.09162352869726 90.65200828746478 74.60339369760335 59.26428151999451 45.36025512812665 34.6635167703606 30.729058119652482 35.85665348852788 47.17873625161725 61.35695296857272 103.87616507163203 86.8477725327893 69.95373993394686 53.32192870239644 37.30472682283608 23.211407090380753 16.870341073070175 25.083054234862775 39.65378953634517 55.80679754688989 102.50997367963404 85.21657190093772 67.92751365212825 50.64724727996806 33.389425942694814 16.225826148284757 3.227176052416324 18.87499557668098 36.06701834687178 53.330176528061166 103.06663362022285 85.882339433904 68.75706874018732 51.749452085302295 35.03127309719616 19.367173588202846 11.031670095203102 21.610670783050598 37.56404467846384 54.34893584809456 105.51570887142813 88.79341339179967 72.34422074813541 56.40756031228147 41.57703712404492 29.56683518049026 24.868776410131876 31.006852608134157 43.62458421757569 58.68129479306054 109.73052881129718 93.74080725555781 78.31088792699882 63.84792574841025 51.17837735266046 41.95951889919057 38.738641894589875 42.88904005952522 52.696900956297526 65.67467712352814 115.51792236998341 100.42394801300001 86.1640776449128 73.22723000822539 62.441221557804774 55.084345157721806 52.61524503664029 55.68790655159048 63.50292795540518 74.58418584775603 122.65541354741227 108.52254528145524 95.43912751925367 83.8975753813643 74.6168286280957 68.52175523788395 66.49423008168408 68.89431177100018 75.29981156379091 84.80795313757858
40.54818535402217 0.0 45.563050447799675 63.017219682743594 26.506230337087054 17.633940345755175 20.66628851323343 25.399796968010868 12.702629827949194 48.07967575459381 43.04090203812771 68.77086651762608 11.949228094957544 7.140668584576709 32.52036906509892 23.775373207668768 23.8960128781775 22.796634274031234 55.54340020741724 13.62975475816323 35.3538745736175 31.362137575248077 23.073327381988374 62.97776478142147 35.70493364507008 81.10498310225633 20.07514520441132 20.993413294658723 16.828440047303097 58.1485828790853 15.795988696546566 68.90378276813055 15.568068534061583 17.4714893132092 18.36880788232003 15.887604588077057 7.76304099919952 37.25072552355315 47.53057860602215 20.876010954068647 77.88430461782447 63.203235975848386 50.219916622301994 40.597264305578534 37.053239649386406 41.18803374552904 51.17296683796558 64.33970626280043 79.11529513737332 94.75003378853596 72.1694860825484 56.04500462522688 40.89451504984971 28.326510103070962 23.046300870962142 29.301600448029056 42.246261249418886 57.52930023931801 73.71027864681642 90.3078123198439 68.9273882206723 51.82360232142979 34.91561072696634 18.74105630778375 9.059123294027996 20.288455890302217 36.604485711444504 53.5431462487255 70.65806288348247 87.84627706904622 68.51001245667715 51.26972971574127 34.091964516621665 17.165441597830956 5.075057345876669 18.856656916035845 35.83440098848719 53.02215159276814 70.26596833471994 87.53272264512663 70.96722073777724 54.49533596378761 38.75369260970318 25.152883860789956 19.031507263016234 26.276240169697967 40.2168516018966 56.063012179384565 72.57712685825832 89.38975991607127 76.0207458265239 60.90279348343907 47.30597163700068 36.949531680415205 33.036178210808366 37.632678494335615 48.37102594560267 62.14500826167559 77.34957138225464 93.28782650722331 83.19875805924957 69.6189662320121 58.05402913434456 49.92437141629494 47.045915306756925 50.32788646442833 58.74671810455058 70.4851781808726 84.16558988812145 98.9860364996313 92.0052648389737 79.89165166152267 69.99341773869628 63.357527752989284 61.05709945655195 63.56459501974929 70.36790007415914 80.38358200745267 92.57480448944148 106.19493335462718 102.01930226788463 91.19624417070008 82.609065857037 77.00939207931044 75.06877560639931 77.06413932374625 82.7111114925902 91.33487972668036 102.18453131635238 114.62976280500655 112.91994270445245 103.19403890561676 95.63357390066858 90.78119758538853 89.08055792410458 90.70909740610065 95.49664649297365 103.00365632952251 112.6879387032878 124.04057572599733
82.16796222024009 45.563050447799675 0.0 99.91687820556761 19.247083113219862 49.53033748477181 24.903788497410897 61.719210494240166 57.405668488739884 86.30625696315113 43.85761403464016 107.02494404228607 48.27802634732282 52.651819101047174 63.24250751151391 22.776124024119042 57.26819789660525 22.77062886046406 95.90451280642802 33.72352373412173 65.68048997045067 67.24785824119404 23.465313211939502 101.2230656630018 11.178157369176663 103.75853300947946 25.988045305159453 62.915081493733325 60.24173564049163 99.09419118349437 32.62840507004992 108.66728151227771 60.788840492742814 52.04587315534663 54.77250768639388 39.567559467259855 51.986718518517236 10.637669091382849 80.83391955051665 27.069654746990622 45.63241608367417 39.81898074048175 41.07908257186934 48.86856649046249 60.72469452222159 74.7365120058557 89.90166793026367 105.72501848736964 121.95062582497366 138.43712186840864 34.05649169866037 25.83202195700536 27.811015196467093 38.44895642836678 52.74374286000725 68.44116486131652 84.76552459842655 101.41452435140927 118.25112183149571 135.20525269117854 25.344760022566128 12.335722772377244 16.14609108639265 31.111661218268267 47.685298315974904 64.64172717781955 81.74307992052957 98.91421709014081 116.12418600575039 133.35795369493005 23.018719524124556 6.339451767955426 12.21594875683831 29.27428418364326 46.51291842083259 63.785836991479876 81.07112911823945 98.3622717683417 115.65664093977149 132.95297753202018 28.676819703433708 18.20304173867162 20.95360576152908 33.844771914004866 49.503491826677525 65.98814246331627 82.80692189701826 99.79103069863947 116.86841073287516 134.0034073148799 38.985232149596555 32.025804501403904 33.61792229018013 42.818056485462925 55.99389198992601 70.96446037283108 86.80611757580348 103.11817578773342 119.70849186033306 136.47562634207537 51.208559390699456 46.07692533573091 47.14395901013595 54.04374175725938 64.94307125669242 78.18684233550509 92.77642725051405 108.168627248926 124.06507049418033 140.29445762545868 64.26312331150251 60.19657631849621 60.96066392332612 66.38880368138787 75.48138793880193 87.09823510562205 100.36663366855053 114.71493238050287 129.785462318771 145.3537502371945 77.7311025563154 74.3455786447822 74.90722556221381 79.3322534458768 87.03336745158983 97.23525225233456 109.23949893759362 122.51746239613306 136.69848452455957 151.52923600786738 91.4298378748074 88.50970431603606 88.92241313506325 92.62342388801112 99.24553915811296 108.25401021404163 119.10860466794568 131.35244184034676 144.63313431124482 158.69057437157008
24.776079515545412 63.017219682743594 99.91687820556761 0.0 82.2674114286145 51.01389518540493 78.40126424519788 39.08319335212124 60.01840002768099 14.9715390615028 65.80123892111291 7.824372578866194 71.40382594738358 57.66869818775118 36.79209328505061 83.58456078200511 42.94335337357673 80.19769093642275 12.423789302684845 68.49725008497542 34.58848088015683 33.099025881119566 83.00178967417557 4.207727360907049 93.442152353193 37.61003760297908 79.95043449745407 42.175280793578715 62.57945736434286 13.6989890632575 68.67920442359478 12.178493912276991 57.02720484788744 48.958053079061756 46.622838180183884 60.88994198425469 55.38629766729542 95.31082256911505 19.692429309905584 73.58699485985339 139.65255182423843 125.92268689132888 113.17637807628584 101.78380850403832 92.24790746712758 85.1944295742427 81.27230075020135 80.93802906249554 84.23433900950519 90.76654024804564 131.90403492465668 117.31156605650624 103.55686507132226 91.02052926880035 80.27540635882404 72.1265322672842 67.5205459184708 67.19005327344053 71.19462107625519 78.87671744513521 125.2585039368234 109.8219121903245 95.03005738876179 81.2358974802372 69.04006151354398 59.434745483459686 53.82515833934805 53.48370025154606 58.50268829474947 67.70024154702486 119.89960319350584 103.69712665729891 87.91461422951666 72.82561912280268 58.96497514324511 47.42227192293089 40.24402493261245 39.86222897710757 46.44479672766933 57.65368223182236 116.00585915657192 99.19045987385601 82.57630271048244 66.31481491180625 50.7461727859661 36.76144578628463 26.950773800560768 26.457418409508758 35.67010285434027 49.431042419326914 113.7279187472632 96.52888309886801 79.37458035164995 62.30197190828544 45.403307867495066 28.984443947773812 14.746137820507423 13.910863894595645 27.71802034741091 44.06561169068372 113.16343390393783 95.86623689516017 78.57112417906677 61.27986054082268 43.996984395073014 26.738764717841697 9.638569200354375 8.340028096024355 25.395347917944854 42.64979364454897 114.33779341954259 97.24340322694056 80.23802240102317 63.393322259515664 46.88281855864855 31.24094021574774 18.780476985326864 18.114319935034665 30.0376956223583 45.5533756220848 117.19872170578776 100.57660633363685 84.2287139577488 68.35208782297062 53.368986368919906 40.28893947372478 31.57305375517323 31.132393814201464 39.24669804512327 52.058522951860525 121.62722302961315 105.68088156892259 90.23535988493576 75.59825206522494 62.34160211826361 51.54181886390277 45.00385457729736 44.64122377104758 50.586904339849156 61.0240527947644
63.320937412717505 26.506230337087054 19.247083113219862 82.2674114286145 0.0 31.2968521143041 5.997845477203796 43.434820849416724 38.71441847701419 68.17714096690509 35.2134251476466 89.09875356456344 30.971438311477645 33.52609404379983 46.2004490677818 7.512434757189291 39.32473959883983 4.030369829307507 77.40137876181319 14.571899075302333 48.85761151863489 49.230587724734605 7.809037967157182 83.25031247903166 11.20659240347368 90.4744901618912 8.562267493859746 43.847784482592864 41.96568883245353 80.48715843347273 13.763386949019262 90.38304527690198 41.940158469893845 33.57738938972716 36.18615638859641 21.377614968847922 32.74431903466161 13.098810875106965 63.785787490747985 8.725562829321408 58.488072971192665 47.52976030188004 41.18260675810296 41.612998390449896 48.64135813589565 59.991894103492044 73.69381619516359 88.66360743283886 104.35706766063383 120.49176489839445 49.668834621726944 36.18808479509564 27.402044045434053 28.122530876365058 37.809941235186905 51.64316758095616 67.10552918806437 83.29464283849481 99.85766466155678 116.63541077095645 43.77268124737482 27.588961664286728 14.31666353928527 15.73199831996498 29.811701636102946 46.13775248962761 62.98698057688691 80.02962018292514 97.16395091836908 114.34876246161204 42.04790115289755 24.775106527815478 7.6354045296464985 10.0750428269249 27.265860711954037 44.54280435186956 61.833722720375796 79.12945531315856 96.42741165052306 113.72657703389213 44.976997921596876 29.454114723194607 17.631555620129216 18.785925061658137 31.52241352809412 47.25596762546877 63.80676096744636 80.67336215520882 97.69233503707187 114.79593039750358 51.77602774338401 39.01748456518628 31.027089835176554 31.64973387637176 40.49000066939929 53.62726734507635 68.63699148759568 84.52750171885467 100.88344582676544 117.5106373290824 61.16777544115978 50.776512827440754 44.87444427552969 45.25352179489383 51.775966551305984 62.54857457544911 75.77995541051972 90.39680909162509 105.82659654818761 121.76065855114368 72.14661710999486 63.523226352941236 58.85544229618821 59.088262500173286 64.16836696153968 73.0919472133613 84.65212963580883 97.91950894240018 112.29057968489995 127.39236717609556 84.09309750433403 76.76705955713307 72.89308348410174 73.02266503173175 77.13562989042367 84.65334600847589 94.76898429097236 106.74652021244536 120.02985700061338 134.23189399371807 96.64892268935971 90.28937488246963 86.95978924798058 87.0087090203415 90.43065141125452 96.86881207935134 105.7738510311111 116.58183880377513 128.81467107261443 142.10485774557603
33.01113554854258 17.633940345755175 49.53033748477181 51.01389518540493 31.2968521143041 0.0 27.460595197536154 12.196985057876377 25.23797850495171 36.90007005891468 29.865969573113162 57.80213767971688 29.50903433757162 17.86304358304858 16.086633907354855 32.83599289359334 8.133151587103404 29.204440958876756 46.37651041984455 17.627782195473177 18.95557525052328 17.937662794003693 32.298667577965425 51.955068872343155 42.44225157459706 64.15952907383789 29.34340244315274 15.56759211476009 30.104888092585107 49.59259624865578 17.666672006838624 59.18388175632851 25.756674664700082 2.9135725923565783 5.724905392060355 9.986111466503317 14.080679139881545 44.30459964637044 33.04590091351775 22.685466178648745 88.89602119374628 75.98982621700598 65.15446060262681 57.57128388429279 54.61227575943718 57.00217138920375 64.14587567743868 74.69162023629843 87.41671375753543 101.50480036952528 80.89296737527754 66.49692480562031 53.83971904915526 44.43304161277673 40.60271576742513 43.835731652393875 52.851373798342784 65.29678059625124 79.5787465405931 94.87143799066877 74.73120019734623 58.88385961888212 44.14267428257161 32.07105533953131 26.593977080718673 31.37892241559212 43.13634263082288 57.75431990543769 73.54650915197232 89.89619946136031 70.89257083336162 53.95248901838187 37.34566065077873 21.845788927589265 12.58933852759841 20.93937013204186 36.29236592947953 52.863288341280814 69.78990980075855 86.86454162646925 69.76168786628041 52.46461094443059 35.17230875349902 17.8986256024289 1.5309760820423903 16.823809645115695 34.09473343626393 51.38652273804847 68.68342000824813 85.98234262250271 71.46722350618265 54.701957703549304 38.41557950832224 23.620367329460137 15.453128746844515 22.768158793097303 37.372334059554184 53.60695927535828 70.35220852172226 87.31479162453661 75.81797932299172 60.25092506186257 45.942260413745615 34.49518737488791 29.459361010744203 33.83044914475935 44.942785478221836 59.10937305318319 74.61026295270086 90.76438746472171 82.39593322441834 68.3091185038153 56.05252756241155 47.07802394071604 43.468369499395976 46.490453562908876 55.06296136955168 67.09099398395784 81.05046297994186 96.10337112254315 90.71780784290073 78.1036137145457 67.5967873143049 60.308989378865434 57.47799674200718 59.74080166846608 66.58005724996165 76.78243306634215 89.20133068679293 103.03839153053347 100.35057539260383 89.0632915140327 79.95617732369033 73.8403627612954 71.48773696972883 73.26173889079045 78.88445168348386 87.61803200908949 98.63960072997257 111.27133779173698
58.54491307858128 20.66628851323343 24.903788497410897 78.40126424519788 5.997845477203796 27.460595197536154 0.0 39.3425785427741 32.747203506795934 64.02766419442099 36.61813205204771 85.01785304479127 25.102544615157658 27.748087256102675 43.04230453958983 5.798735533111198 35.592046650660194 2.13391979423662 72.91118554498624 9.91513634401046 45.8066890222686 45.30492784440519 5.484411218122027 79.15544743318198 15.58001368869688 88.88704207299173 3.8539463688981437 38.86609879525678 35.967872774936794 75.8971253141714 9.93652424824509 86.03511750595999 36.012095910629505 29.449247818881055 31.887787734302925 17.96727468594996 27.21203317207472 17.32280952171714 60.42224804008759 7.087756436437234 61.460391739358236 49.1873361565037 40.7445043366178 38.72391430629816 44.01902719142009 54.53910780932675 67.89742348868985 82.73035876905442 98.37311989277882 114.49425960433912 53.65665409073464 39.05327933699885 27.748718833856838 24.769635404566902 32.49290615568814 45.790323584890984 61.12633793010531 77.29692952895253 93.87178549234044 110.66941573628642 48.81595542995582 32.11522710480123 16.688055572203925 11.1493347293731 23.850308391583688 40.15071400581329 57.04415429569839 74.12627282394097 91.29121636575476 108.4996826152277 47.84631378739672 30.62823262030286 13.624281933701596 5.645087894764133 21.836357545051772 38.99358330155975 56.23954214714288 73.51180991859486 90.79537338684497 108.08481389059455 50.96915320040622 35.28827597921383 22.167144639191868 18.336145112521994 27.924150300149975 42.685057791240304 58.847108540183825 75.51597344042942 92.41782480643914 109.4447736321368 57.52171430424274 44.19168243829227 34.57991558736258 32.20783930106748 38.43992518173617 50.16591839694982 64.4540105368797 79.9420300275922 96.05126464774915 112.51520475316063 66.49765964876443 55.326356008895864 47.945550165793264 46.20875537464734 50.699364364457864 60.035865961222726 72.36634602789935 86.41859784756592 101.47986623470715 117.16166449979436 77.0546046502935 67.59844110235773 61.64724004764375 60.24874269241407 63.70349763610695 71.3095789539309 81.91869331463597 94.52504642770485 108.434276469872 123.20590914415018 88.62926220851016 80.48921665596862 75.50210852467552 74.30551326230156 77.07617483013702 83.41972588887515 92.60481155798695 103.88040284365249 116.64180888768716 130.45371431981087 100.87176762147757 93.74365431824245 89.43884615616949 88.3709054712359 90.65429896693999 96.05031058635868 104.0759225809293 114.1779681575516 125.85743687779792 138.7164578361101
21.33919794235913 25.399796968010868 61.719210494240166 39.08319335212124 43.434820849416724 12.196985057876377 39.3425785427741 0.0 27.571807273980248 24.744733631131687 36.93979433532511 45.70048092022885 35.93738515391405 22.03682896990789 9.018132893022168 44.503183211331276 5.018356191670057 41.17424590250568 34.20425122293317 29.429925312380334 11.285724078825343 6.113459609351975 43.92385243687266 39.842727670252536 54.5354467160859 56.43487347402803 40.881765026493504 9.450050746395464 31.914320190587237 37.45940508357864 29.723408027978937 46.98946590077382 26.357325881793106 9.897986608725722 7.5811755528868705 22.18195583809718 18.66628337747925 56.383226075857415 22.181365032194133 34.86661878374341 100.58413042898395 87.13789418593727 75.28316217467835 65.88469477850012 60.1059739168526 59.01999483609601 62.87040699690167 70.85698947121904 81.7767352807576 94.61951439549976 92.93812038729288 78.23114858643537 64.81847507065281 53.679237376347274 46.47784476226891 45.14004093787719 50.13741369178439 59.90493236105701 72.54064587673383 86.80088363968531 86.92811670178756 71.02157423708357 55.94943659155342 42.60661705421637 33.15142670913707 31.327612151030625 38.24304364864783 50.42172553681549 64.96829487394888 80.61089991799862 82.91075013148794 66.06725503012302 49.54073156252661 33.799381310877294 20.71773315246089 17.74156006939076 28.266829273148087 43.38175327662909 59.69632814731581 76.44631363176755 81.18244272294251 63.895045687001065 46.618432850044044 29.37164041410564 12.280952772837523 6.137092355007664 22.87399320869048 40.093500585760644 57.36263221210412 74.64695519947368 81.88828414614275 64.78543102504477 47.82599787967919 31.244408790532777 16.242324204277395 12.252596371878484 25.202225051699237 41.45951259562682 58.32103590624313 75.38241360607397 84.96762363127375 68.61928429970938 52.88124266148265 38.50916784947408 27.71636208005868 25.537188195378288 33.68693768187009 47.07634326608608 62.42006853301389 78.58153950776388 90.17760046076798 74.94619311538982 60.832312510236974 48.81510804622681 40.791732584568244 39.2902311835203 44.968713915168046 55.67184514101349 69.10303609131618 83.96315262041347 97.17605532171603 83.1992556210949 70.70888473974334 60.6306561390574 54.32408659357819 53.14918759829404 57.42182283997891 66.09383611112503 77.70601291450048 91.14139318439055 105.60793838886299 92.86624968473174 81.81647524760206 73.22856359009363 68.04117166375084 67.04827492056211 70.42750109750602 77.60983355428031 87.66545060652265 99.72897175667288
35.663489974340884 12.702629827949194 57.405668488739884 60.01840002768099 38.71441847701419 25.23797850495171 32.747203506795934 27.571807273980248 0.0 45.24772167064585 53.907082758113 64.66260024602386 12.374622882983507 7.5787439988773775 36.31366302564987 34.90504605596406 28.403449862398556 34.83631386201373 50.626283640570634 26.33094153484022 38.80961027419975 32.40074859544425 34.19479089613318 59.14371305945321 47.013797881997974 83.67808605650097 31.45489480305961 19.41423157823376 4.87231830843081 52.64049386248496 28.472738283893847 63.800156394802045 3.7702142520617934 23.649843073759136 22.946499795068714 27.33677775725991 11.190257189393476 48.385257739825846 47.77093454289851 33.56644782605688 85.75377885707763 69.93129592182046 55.00700407517392 41.95072862800546 33.05549204970597 32.00275400712906 39.42582606112025 51.80081123211902 66.41506692836474 82.0810999737444 81.60651365442268 64.80336095906101 48.353285720717494 32.792026714646056 20.280678484771396 18.601262087420842 29.655018300141716 44.850255263546856 61.175017872489 77.92260489638532 79.7771301975692 62.4947545925709 45.22733409378987 28.002548017963175 11.022122771375736 7.585857492635703 24.33755998518012 41.5427727383226 58.80476729114043 76.08490582344558 80.42398335539536 63.314663640432016 46.348562166555546 29.771544262561573 14.940332343007796 12.601399253113112 26.32660338191196 42.732866484627095 59.647453929097075 76.73495091749864 83.48952856395992 67.14857375568492 51.43997634505453 37.174211582207356 26.767209017683058 25.490303684189257 34.37642094093321 48.08774982226562 63.575432996252445 79.81196846171382 88.72336880096414 73.52645901518981 59.49075955575092 47.65361542580257 40.01612109255352 39.120571634363344 45.367990877618894 56.4340000449454 70.07170912231223 85.05291747432324 95.77060407114712 81.85573562680372 69.47959658565014 59.60844960659437 53.64345461999064 52.92233194966362 57.64222628232124 66.65717754955561 78.50116192205506 92.08900891676016 104.26408832371453 91.60554725672624 80.68980308447783 72.31047099280583 67.4199968010058 66.78921756014951 70.53251063281093 78.02283249247773 88.31184282984744 100.5439835960545 113.88057973970103 102.37070132061423 92.67910390275071 85.42689199819606 81.26975586307145 80.68751034174842 83.75474433022029 90.09951074172024 99.09423918187275 110.09130940585938 124.35971065375026 113.86344537749007 105.18127449211353 98.79264429280603 95.16061360423389 94.60321320969004 97.17336708482361 102.6363889872041 110.56429428309531 120.47143955240861
11.218354839986219 48.07967575459381 86.30625696315113 14.9715390615028 68.17714096690509 36.90007005891468 64.02766419442099 24.744733631131687 45.24772167064585 0.0 55.655036860383376 20.998426630479308 56.47619922439259 42.70105848115319 24.31287774766217 69.06470901197127 29.038109774021578 65.88982467717467 10.741647799314048 54.11382268242667 22.76181113851688 19.05919537682584 68.46314167854987 15.13502688834462 79.27849004066302 44.55974250552698 65.38588391708893 27.204908343536907 48.037654718156425 14.347488042047976 54.46646455161333 22.40289821019909 42.38753929021123 34.629093809017185 32.14058059753073 46.8774003430096 40.42712278759776 81.12360642628802 11.50770318210952 59.585395718953826 125.03879035705366 111.08934665359214 98.21240518416613 86.8861316379099 77.79082823340212 71.77963353992999 69.65564135714496 71.76482914739731 77.76350545144125 86.8494364131838 117.66192402402817 102.75540428618719 88.72269248880875 76.04904682361098 65.52783524030372 58.335539495151544 55.77518671993624 58.458584037630224 65.74677901058729 76.33197338765703 111.5806179000613 95.76515402114164 80.5630196343006 66.39684115151375 54.08683640015956 45.176721919125015 41.89500578488143 45.47693691173539 54.587700508516825 67.00885969361158 107.0160587038148 90.43084469588821 74.17377077011034 58.51895944167039 44.112341857211106 32.650245639017186 28.015854844197293 33.203124118480275 44.9301293788963 59.44489336307587 104.1678944368842 87.05748783288226 70.04123618715046 53.209547714631924 36.81643372064512 21.87135657364786 14.14126258149785 22.81023890692849 37.93878375943874 54.37929982863498 103.17840438027667 85.87653260064744 68.5746904933716 51.272908096923665 33.97127664470881 16.670266126528293 0.6793469578294188 17.937080463413952 35.23818670866809 52.53983586937348 104.10061696928604 86.97734527162481 69.94205756994081 53.07953403396888 36.629156951216174 21.55611361565914 13.650993335065724 22.511017156669933 37.76049334145421 54.25565879161166 106.8850479016515 90.27647909480869 73.98636205762668 58.282336460866425 43.799424611261486 32.22822256030539 27.525205589180164 32.79215510267976 44.62873300957225 59.218511159747536 111.39209917610303 95.54644280365623 80.30411497049516 66.08391790268342 53.70402876067317 44.719865614666084 41.40429001735821 45.02742785119104 54.21557397764921 66.70751711959224 117.42352088862808 102.48358268435923 88.40918932573591 75.68476313311984 65.10668598522524 57.86429232127069 55.28445231922151 57.99278909663281 65.33494534096477 75.9792416032356
56.96734624942848 43.04090203812771 43.85761403464016 65.80123892111291 35.2134251476466 29.865969573113162 36.61813205204771 36.93979433532511 53.907082758113 55.655036860383376 0.0 73.58654286938939 54.11792316808108 46.333011014187086 32.05243173620505 41.78174851565195 32.20825606663831 36.69071910963414 66.39077746885575 32.66611483983232 33.01461874288222 39.35826074276162 41.735374617783364 68.38849792241966 43.74873027023033 60.82806486617437 40.408584360531655 44.36616377668434 58.7103744639248 69.98803396435073 30.486438238028665 76.86175392805383 55.10995195476045 32.41870755463682 34.64684679845329 27.15753870546871 42.92017996618951 45.440161865939224 46.302991905573876 29.701779752866845 89.39845538183759 81.33157764559147 76.3953733599832 75.2088190995091 77.94334943383178 84.21787709602796 93.32106822607925 104.51640338916488 117.20589246964738 130.9559075822314 77.77217282667829 68.41154863033222 62.53370603831034 61.15132117116057 64.5538461775052 72.06670047116174 82.57551006361925 95.09214316869462 108.92663497439423 123.63738595200388 67.13566108164466 56.088091971310874 48.81858150570061 47.109834500777815 51.518170390509155 60.72569490147226 72.93696545116286 86.89473289033796 101.88371334814012 117.50995810351367 58.03588661019036 44.8558761326558 35.42094591133337 33.10506746024053 39.19127288717286 50.74125093195608 64.9007050682944 80.30091398668438 96.34874338686824 112.76804606628507 51.29745138210517 35.75867503600993 22.905218523736096 19.217885007981295 28.50819261218169 43.06760802635936 59.12387461473756 75.73082668917695 92.59263224347362 109.59171891003903 47.92703441313815 30.753604138759783 13.9025610677039 6.284245204657399 22.009447248323855 39.09032227283445 56.30634350979842 73.562686467548 90.83637409116523 108.11909346901531 48.63008557824062 31.833289991525596 16.14139545665253 10.317175493367401 23.474597766604983 39.92971998042074 56.88955530138673 74.00792953677788 91.19560808229178 108.41963567505374 53.24548186528391 38.489016996293614 26.952521295636323 23.878510498752263 31.821989373497967 45.31893242700755 60.775678930978955 77.02124088351229 93.6459867234459 110.47887126487115 60.88991937402818 48.47592935744 39.88678755732555 37.82462908152639 43.23373633649959 53.91025875461669 67.39571714294306 82.32105458609658 98.03079116126447 114.20167534509146 70.58594498758318 60.157126439708435 53.42363291269304 51.84582631428274 55.8622888840615 64.43524961541365 76.03885800681455 89.50203864211359 104.10582296420316 119.43253446399073
28.999413545343785 68.77086651762608 107.02494404228607 7.824372578866194 89.09875356456344 57.80213767971688 85.01785304479127 45.70048092022885 64.66260024602386 20.998426630479308 73.58654286938939 0.0 76.44004652447781 63.02979630218968 44.14482904434735 90.06217429007495 49.83116393103039 86.86966018027906 14.286689353642304 75.10298279953274 42.06355002580037 39.87702534106843 89.4593947931911 5.863521890213875 100.2277150697868 42.11920170304204 86.37993276003209 47.782163170225836 66.78972449642599 13.480815480262372 75.41868741546922 5.6035000190056445 61.447198589748105 55.59644541895295 53.13416706067304 67.75317329543014 61.04522950544092 102.07993223346358 27.377186880714106 80.4688492706475 146.01415877066495 131.92091311072676 118.67940783853204 106.60749574657893 96.1467432114952 87.87443364273469 82.45191158121412 80.4574492297767 82.14113663463918 87.29039635902369 138.63795618501155 123.74610527373464 109.56462025269299 96.40749565239193 84.75314856421815 75.30258250763384 68.96777102823249 66.64322708720294 68.7370188498758 74.87942021581499 132.3448658892064 116.68588087987288 101.56143927060944 87.24996835355715 74.22323012382303 63.27968618723069 55.6619201943387 52.82877925370243 55.5176580660818 63.025714425139725 127.29572224046397 110.95332515820797 94.95149259442394 79.49614863440245 64.97842310524041 52.18677428895159 42.701633132001774 39.014172471969644 42.655456336859395 52.11119243518964 123.64309040865389 106.76260583382256 90.04223833563955 73.59120766842041 57.64058890507568 42.75417657070517 30.53051294831735 25.199510100333487 30.604393140143042 42.85968888614128 121.51302555628833 104.29980257176466 87.12172645138354 70.00467548633134 53.007800621758484 36.30030620135175 20.598798523769133 11.385154267501735 20.824167246966617 36.55657413004191 120.98600376656789 103.6881490902162 86.39192665432344 69.09856217953525 51.81091752183638 34.537582842077015 17.32142192879794 2.4356234605143254 17.62232789932323 34.840697388037185 122.08279493950363 104.9600217528709 87.9074275509618 70.9756139605514 54.27773062450169 38.12241614406191 23.64904839187008 16.246497262414355 23.818735546511142 38.33311830581977 124.76056547365177 108.04890892961407 91.55677967700419 75.4283119874807 59.95769970878849 45.816268073482654 34.67050975658774 30.061058434627505 34.69869424747237 45.85892161375795 128.92080229638432 112.80560482617867 97.09963868853896 82.03827963083047 68.05088503815212 55.94882235319585 47.205112325116225 43.875718516194574 47.12259394169852 55.8095259166813
47.500469175077406 11.949228094957544 48.27802634732282 71.40382594738358 30.971438311477645 29.50903433757162 25.102544615157658 35.93738515391405 12.374622882983507 56.47619922439259 54.11792316808108 76.44004652447781 0.0 14.082903869225058 43.775700700549294 25.53263359241478 35.21768600370868 26.941858853786396 62.574146388831814 22.281594764400996 46.5397660019032 41.56196623497265 24.859675484417757 70.8145372280444 37.336097411091146 92.25751201710492 22.686219143452384 29.54127108836748 12.940797169239852 64.73800948447591 24.64623778384473 75.8419142165217 16.09059309958452 29.079987113039504 29.55228627901499 27.143617332907393 17.272709321186866 38.4519680946975 57.58519046145093 28.325690229508425 73.54118184353449 57.583259394418874 42.68569550887786 30.446936508703363 25.113219378989786 30.545738418353142 42.82663874963143 57.740023733598484 73.70488584871511 90.16440848901262 69.93860231148565 52.927304630748786 36.19259669826045 20.426001423529957 11.10189221054724 20.68805175134603 36.48906628001893 53.231770859260315 70.24602407064182 87.37333325869893 69.09790313090566 51.81646975442118 34.55555557139618 17.376416955174864 2.9166545677852898 17.71404651261397 34.89672729855721 52.15830970002491 69.43997787796462 86.72972585529095 71.11711091998222 54.46810361794697 38.4007467836774 24.107521462238935 16.924539115505144 24.29855249203247 38.64080068859305 54.72216642460471 71.37668887127751 88.28057615297311 75.76789425908359 60.3885657305209 46.38418738949047 35.424789440548885 30.93618386941813 35.466718713222505 46.44822599986542 60.46235323832313 75.84631512444875 91.91485067692268 82.60690938189767 68.73827536972698 56.78647016864893 48.19916553227551 44.94796538522108 48.126742015583375 56.663486234693366 68.58587112436216 82.43783375212844 97.39956272813424 91.1428057911212 78.74816694945595 68.51447336294811 61.529576909325115 58.95965672701559 61.36195825130719 68.21316025368506 78.35481513791669 90.68966529154011 104.44352654725198 100.94593282897117 89.86505255367334 80.99420602622055 75.12045376016326 72.97116663899376 74.86779796727627 80.5249688512816 89.23027215313078 100.19231383770715 112.7548023760363 111.68296888237552 101.72652229483593 93.92636234751532 88.85220400106294 86.98243026365085 88.52032873939409 93.29753711875892 100.85479002575805 110.62379181592631 122.07470813173893 123.10967074878252 114.10045719546426 107.14710024880077 102.66816113660612 100.99339082838465 102.2606577889236 106.36485665984972 112.99728666270138 121.74544884015826 132.18995911842785
34.368806378322745 7.140668584576709 52.651819101047174 57.66869818775118 33.52609404379983 17.86304358304858 27.748087256102675 22.03682896990789 7.5787439988773775 42.70105848115319 46.333011014187086 63.02979630218968 14.082903869225058 0.0 30.273987743586254 30.90170646419954 21.94194528344553 29.881501679917637 49.46556943324912 20.02037733044347 32.9418865836105 27.52242228636146 30.19777158298769 57.31206841622633 42.84559917373397 78.46788204694157 27.211963455708123 15.562333370222023 12.420588541977015 51.897276483692615 21.962973381083863 62.82233830330663 9.289738235696218 16.545498416926346 16.292745004828916 19.924883115086175 3.8269155816907863 44.38840722934295 43.505824430714895 27.378908198523572 84.46035883297384 69.39660961908874 55.65009695296718 44.45991236006101 38.14631011342699 39.14466496889124 46.99122543443662 59.014848912229276 73.18494495693257 88.47613574489544 79.11876862867993 62.81811562012838 47.23518405726565 33.39042434509122 24.441545064874408 26.04935075154231 36.85727996202201 51.35231601403967 67.18908018393552 83.6085850497434 76.06128418019794 58.939175864572455 41.96483170958041 25.435819184846856 11.472917814238803 14.66246695204921 29.95097960746606 46.66741443609084 63.697308492772514 80.84280918336881 75.56571438996929 58.30118851681335 41.068156570843584 23.934742451746352 7.606827116884627 11.898287767241047 28.705194569086256 45.88159379485974 63.12659196815036 80.39605766651327 77.68111316228206 61.00592685887946 44.80851291927159 29.876319996553494 19.39324911995831 21.408261833271617 33.752647102332574 49.182117141249776 65.5532764623119 82.30610798555264 82.20613588414673 66.6476213159947 52.198376787977125 40.07672783235303 32.95946222988688 34.13526987633965 42.928028266927576 55.84910952303257 70.66922187455259 86.41679968795276 88.77300924254861 74.56249213316785 61.94502682428525 52.09136699699219 46.7818098761378 47.56330526079316 54.17288373107483 64.85243024316486 77.94663005744036 92.43494803453005 96.96769820912836 84.1111559371092 73.11179336091948 64.9205500777771 60.685393919212004 61.23276873317027 66.44458305377022 75.35919974622153 86.84371637667259 100.01674299847804 106.41470307592377 94.80109560553906 85.14160490953184 78.16408706614068 74.62467815175074 75.01164665452295 79.26750999356307 86.82520146447409 96.9153214914346 108.83579342940452 116.81045908137759 106.2883879681797 97.71609265879552 91.64236680895577 88.58265804796741 88.84889702297036 92.41234214321798 98.91729242750974 107.83272130532292 118.6163399724694
25.0462614012165 32.52036906509892 63.24250751151391 36.79209328505061 46.2004490677818 16.086633907354855 43.04230453958983 9.018132893022168 36.31366302564987 24.31287774766217 32.05243173620505 44.14482904434735 43.775700700549294 30.273987743586254 0.0 48.60316144291037 8.624501540456105 44.62361029438152 34.8762928745188 33.43497735709258 2.8796239228281313 7.755872652290296 48.10377339304172 38.47384250510681 57.400670236634426 48.58586423194622 45.22784513108945 18.416748853305894 40.776097370063404 38.41560453681161 33.108196201388985 46.47034334030976 35.29679383246576 15.198824548532949 14.231101911033324 25.083342033526794 26.652780643141032 59.29743312076724 17.633857391618886 37.47742772876931 104.44908300138508 91.94622402200304 81.22374289563724 73.06966425582313 68.40867185985454 67.96328467367033 71.81198276393324 79.33224313020094 89.60435178119621 101.7986544227363 95.8066232104058 82.04467000164047 69.87450291069962 60.268266071431185 54.596530023166636 54.11097617904725 58.939917311621784 67.95976323861461 79.76117127483299 93.29447423889228 88.58386619453067 73.52289437568699 59.689500855137915 48.15353460528921 40.90715274148151 40.33278150191397 46.6773740669399 57.70205458806861 71.26698271494199 86.18088195460358 83.1517098525259 66.91032382537148 51.366198767398224 37.39908656164403 27.524667735614305 26.743846970178428 35.65907634911131 49.260698938001205 64.6558083399589 80.82599212329205 79.87639747935833 62.81295619336297 45.92830266957813 29.53072019728453 15.27844277219241 13.910827460336758 27.428167212463602 43.70137894334902 60.54774657548972 77.59485574496087 79.02660970871752 61.733716005835376 44.44785619882998 27.18245258256036 10.04356087665417 7.846915362858034 24.919643362005335 42.17957739020027 59.463925629669234 76.75619670563033 80.6790386815779 63.825904105636354 47.297960798920265 31.60949960234177 18.971983107736207 17.87244050301448 29.62472657412456 45.105842506338206 61.56429111395701 78.3868557925441 84.68731798894486 68.80077571081749 53.794616518038474 40.6556750279752 31.790189924525535 31.097549046870736 39.01548482125549 51.73072271637094 66.54800077713098 82.34023475667614 90.73973338897464 76.09496939740183 62.816347603467676 51.961973515462844 45.30898215426042 44.771252417162245 50.54433923858069 60.85802676716851 73.83341128296043 88.30486865374469 98.45996285671667 85.11418101100698 73.43827549771702 64.34775662571522 59.048998581098665 58.58013025071519 63.04899731995581 71.53612683060616 82.81519061514078 95.90615791938805
