0.0 72.14914217579782 54.94743562554365 100.23740814877803 76.85461204589113 88.93391173514858 36.11966575227074 87.62354165875301 67.75613409485999 22.218659174853077 83.34737842712123 76.9612380741865 68.13430236167196 99.03392574771682 87.96215596737262 83.1005931431679 12.171657707829267 49.24113580297583 92.27754842405021 89.84073370719514 70.32074852737146 65.13383518327757 50.811068309206014 106.96980053291064 62.54002321058497 35.61557345619866 48.46516545182869 100.11244890650782 35.705744597924834 5.90212029122652 79.61287449140457 12.804138278242595 68.83763174141687 109.48402878511129 50.49267614523027 88.09445905774018 9.270301517133253 48.376672783968765 98.67144579965449 86.46857001790517 45.29849024343554 33.401944532047025 27.895095675356867 32.238061526611546 43.57933734329826 57.94596154665876 73.58681987826868 89.83883037914516 106.42236894448214 123.20363453754649 38.184738467823735 22.902521989222414 13.77277937001974 21.297090556801162 36.278855512439904 52.70158749877255 69.55193720498784 86.5805941854213 103.69975547931165 120.87097236243763 35.60629493056183 18.30653414067374 1.0787719867512802 16.30680560224931 33.606155270934295 50.90725919191578 68.20878248412195 85.51047059099723 102.81224030540297 120.11405636199177 38.48581406521161 23.398795529705726 14.579504253864545 21.825050295659373 36.5898382149626 52.91514211307155 69.71313242956327 86.70952638240738 103.80691528881144 120.9624814645383 45.805241565927986 34.08292547324437 28.703327714606857 32.93669373447797 44.09625976887856 58.33390108842731 73.89125432601043 90.08718263189378 106.63110729112813 123.38312351565844 55.84519923698235 46.664193717308194 42.838210296762064 45.73163168178314 54.28035187625187 66.33276454323094 80.3269524665512 95.41230277838665 111.14540178723298 127.28628261987515 67.40060638466629 59.95992547475391 56.97579519133696 59.12687599828969 65.91230041346361 76.10238418725248 88.52915940332092 102.3813894342909 117.15452783431313 132.54099566889712 79.81582733651952 73.5837120632202 71.11432922133677 72.79163215847062 78.34975657922672 87.0484678301957 98.05547357809148 110.684257221351 124.44204452271967 138.99398851348815 92.74607239513523 87.38209837634817 85.2531886515995 86.5982628040971 91.26384800587374 98.78055816519824 108.55775087920613 120.04436582237504 132.79756074468202 146.4869017930944 106.00289130725788 101.28359361213074 99.39207595126483 100.48814978107785 104.47782917178883 111.0496753150857 119.77941827858629 130.23383874476215 142.0326072402262 154.8687681148061
72.14914217579782 0.0 26.437047955689966 40.53101215990485 4.728061789798774 17.079322670926082 42.159667333093246 23.484104307237324 23.26185848994305 63.52272754312827 16.243257337740797 18.744499019901586 10.073106863224602 48.05232492917638 35.477742987492306 12.021355044138575 61.584092348400716 23.499073605715118 27.041379279431023 17.85574891804456 16.83551506065157 7.121415862566209 26.313643366986817 43.43217082250077 10.832725801216881 49.12176096409904 34.40294701220912 32.74363590042242 42.609958923653345 74.6287052256829 13.326459148510521 59.53336492678931 11.571723283218821 52.27058158553147 25.277820882325827 16.066246800530507 64.09123415844236 28.402551775193004 33.094613775182346 14.62912141477807 117.3916594478125 103.84159234449129 91.56441108061853 81.139983584922 73.3624084931252 69.13088678779388 69.09997482461486 73.27498903445924 81.00822180275641 91.40093251944192 109.64418914797858 95.03776969482811 81.49359506786155 69.63428264739056 60.45956927586103 55.32164701882498 55.35619798596253 60.55436893221662 69.77143722714982 81.65766481584042 103.24774217143819 87.6165601685302 72.74566934969239 59.210713927460596 48.15174264659019 41.5929974580113 41.714146242764855 48.465121454140906 59.63532040576987 73.22964101829176 98.46606180374528 81.95454565770453 65.8501317030775 50.54346843340193 37.03720591404761 28.063804219633607 28.32154051907429 37.62116787403138 51.257242919943415 66.61807334331307 95.54197609223304 78.43372509521024 61.43404636612272 44.66707576549447 28.545858647124525 15.27407012908624 15.825333319232966 29.432939285285222 45.616525944253475 62.40312289788896 94.64785248477662 77.34710555290117 60.047040675758396 42.74848593218779 25.454520308704524 8.194251513825945 9.223476062258657 26.489863392323834 43.78432154882234 61.08301206972935 95.84053480455788 78.79547254314181 61.89311258105065 45.29349607472082 29.51197550853426 17.003679608257716 17.493028671121902 30.357857204049406 46.215857084035854 62.840463938826474 99.04464822599978 82.6456366751527 66.70434541626508 51.64637112345626 38.52187845810413 29.987199045889568 30.219838025305386 39.06346926367565 52.31997867458031 67.43526690841931 104.07453936346528 88.58493179292785 73.90382369847408 60.62148788525189 49.86841735422722 43.55982007930582 43.666479377802446 50.14747787422905 61.003952929056155 74.34312092330713 110.68150571983071 96.22722363029777 82.87134151918856 71.23438594924237 62.287350698202864 57.30434705746088 57.32852820107243 62.35406898557825 71.3316024750583 82.98833004295587
54.94743562554365 26.437047955689966 0.0 66.34715396525955 29.881420564927414 42.19399127501801 37.76381021240769 49.51744211081946 12.817950041082737 40.657946098047475 42.525201765574764 42.357719854694956 30.431176575603036 72.19494454796383 59.153039858809365 33.02431825370036 42.964882774493816 21.839671162596616 53.35525014305936 40.37779613396958 37.40575115964484 20.698512024679346 30.26022064877342 69.8021790333401 16.251682831607585 45.90354412709268 38.135677702172835 59.156593554140144 19.941663168394193 55.710472001256974 39.25936605984369 42.36769766406871 32.245933450847446 77.96613914648297 7.050068367588629 40.85102684246511 45.82699047291069 30.404804996358493 59.50962384145416 39.955351451515064 99.42847172243773 88.30190268100084 79.41737504958219 73.59144867084154 71.57493688734479 73.68127495301314 79.58377587309897 88.52634015227932 99.69421665242585 112.42619437323555 89.68164794220314 77.21681758324654 66.93857759276683 59.98172000904172 57.56333566712944 60.23259751861211 67.38761983725352 77.8004763703483 90.35172522960148 104.27200819264776 81.23801357377084 67.27449161029087 55.23408252929928 46.63104978272745 43.552382420032586 47.09426190889526 56.01458091120909 68.23563089852979 82.2999006863942 97.41226956124729 74.54188211188658 59.05512213946165 44.913606272087584 33.84768708814661 29.543343235022835 34.62169339058213 46.078449327106796 60.386212391082736 75.95047805522992 92.13666426527226 70.09596902642505 53.36105733121444 37.149326038744974 22.61536713508228 15.54186784398522 23.882146080537723 38.702410346741395 54.99189623731084 71.75690319946506 88.72829358005754 68.34092533750568 51.04460139288866 33.75402464321831 16.487286640178667 1.7437473383834583 18.247308888960223 35.519030131501445 52.81053222757754 70.10718022942946 87.40591923987057 69.48098488647364 52.55432980624056 35.98639654459752 20.659059161822615 12.541353553326934 22.056454990787504 37.608532261743 54.2312550593119 71.17843202843147 88.26336828503393 73.38132042382476 57.59009424605137 42.97824877236229 31.24661460069756 26.538314277568944 32.107996973025465 44.229797182079345 58.99437763132603 74.85391352218652 91.23919273608975 79.63734618666793 65.341621723701 52.873941350096416 43.823342421632006 40.54654770610339 44.3425894998766 53.73279705163133 66.38423937292285 80.7788742049736 96.13683644122472 87.74656556581641 74.97112571693005 64.34732771282835 57.08928486472046 54.5572477232853 57.38030221380018 64.86296212277928 75.63469837706786 88.50260059272738 102.6816049460335
100.23740814877803 40.53101215990485 66.34715396525955 0.0 38.585736487722585 30.908633724845284 64.33049231153682 17.062805234459088 63.4115240367603 98.25783794222272 24.43151169547586 24.926500694082208 36.61419410766456 13.0314033774102 13.355051887555263 40.866470757464626 92.3768019441038 54.09144979567703 14.295601019908071 36.902232221732724 31.303623235098957 45.65065618326582 49.84453421030206 8.413395487039868 50.096390771107224 67.27452396030573 52.070385147428155 14.466258034632382 79.0756265171018 104.31693876780126 27.23911574326077 89.22021320311575 35.051929904611015 11.752830448169046 63.48256831617718 32.3649456506024 94.22820685021877 52.169938832201154 11.062031117374143 31.657037533210456 142.9424630574926 127.0393348154807 111.55329307185112 96.68496036039544 82.76790250412596 70.36881106455725 60.429406891597175 54.31718535604381 53.36384350787282 57.82510461792466 138.25457715437759 121.765415964668 105.53677538688686 89.71015219278941 74.54205435492739 60.52958237298223 48.681093157184414 40.92155096941713 39.72409659881447 45.608556012371835 134.86753087061612 117.92362121191012 101.10104053966596 84.47230764382637 68.1794068706754 52.535727709567 38.34428579256902 27.91551937871688 26.21027649070831 34.54549706622629 132.88088408432273 115.65680942821908 98.46003607910392 81.30788871816803 64.23612501122827 47.33180400821464 30.871224634919827 16.262788070624705 13.215028066094002 26.143997080267322 132.35773929697518 115.05813972064796 97.75936509598078 80.46194750182921 63.1670017606488 45.87732349318524 28.602466575324407 11.409950101249525 6.402063125255284 23.462724629351214 133.31533394305924 116.15341695854165 99.04022745711467 82.00627668191918 65.11378158734924 48.51074176827463 32.6418743053043 19.401139821829137 16.912388110053598 28.184497401250223 135.72231593386482 118.89582075714462 102.22814998386278 85.8119013274571 69.82463372317537 54.64417484651223 41.17282501546945 31.672172327225624 30.162241050665216 37.617873086835246 139.50364939601178 123.17534664063787 107.1530130815239 91.59735133925066 76.79248465880542 63.26769314426528 52.030958666067825 44.83686755261361 43.72840144027556 49.11930233108753 144.55146761275725 128.8388561876343 113.58905098396097 99.0161184286895 85.46700228725258 73.51001848515216 64.04322541954453 58.29274563381775 57.386855916399796 61.53987193256956 150.73852278542077 135.71311732355824 121.29586585744673 107.73120640614493 95.38358083695971 84.78638483501405 76.66892143834035 71.87631652347109 71.08428195428075 74.42065779383012
76.85461204589113 4.728061789798774 29.881420564927414 38.585736487722585 0.0 12.654564347978438 46.73783123371295 21.61144392137046 24.8597345271001 67.89461428814175 14.208701401774002 19.171160903385026 13.25497938283203 47.170709117487 35.082164776401726 7.769894032975245 66.23171339540247 28.213235371870994 24.59314624833871 13.135909511397532 18.89145490467013 11.749806957526173 30.711269324333767 40.67970189671637 15.076524804148644 53.573385238636575 38.579515016352126 29.48502764385333 46.88451501738713 79.28963409078543 12.19421169555557 64.2219517016344 14.342858392114092 50.32490932107051 29.424740791024437 11.523432910971378 68.75700779869126 32.87070166301132 30.257849759431643 10.264320554550048 122.10643378843324 108.56865642273296 96.24455062565589 85.65957200598251 77.52934548451103 72.68235639059971 71.78675946251687 74.98427249901307 81.79628227862538 91.41832885728351 114.29720088215575 99.7470657978879 86.219495264846 74.27531767156944 64.7961533585179 58.98268719278492 57.9488611673474 61.93448842456003 70.08843289632911 81.1639896676611 107.77073361329812 92.23229186424882 77.44523525905826 63.933069918308476 52.68599963229993 45.41911325289525 44.143870509044234 49.32718238238684 59.298943527117714 72.09897813672035 102.77180831409946 86.3662515455491 70.39121700069765 55.221614053647706 41.74492890955195 32.164588040526816 30.416961734865346 37.61025926205209 50.02580179798417 64.72510558083313 99.53092918623113 82.50147497889834 65.61473329546875 49.01841919045784 33.151620732702874 19.848597866663994 16.959247039378425 27.92807952253035 43.25565320612832 59.67275580652316 98.22232048985914 80.92525510925944 63.63083504564765 46.34202201821729 29.068822179275987 11.879537998897142 5.9969996888011 23.011261797024673 40.27140320051432 57.5566437868685 98.92271437124255 81.77006615184563 64.69696236410424 47.788733824901605 31.313609546403796 16.61427476188312 13.047567961423113 25.751832058307386 41.89018500572715 58.69524057421182 101.5905577221206 84.96370882161642 68.67119173377856 53.02210567877437 38.802901517879164 28.26122787432829 26.276209675463797 34.3641055178579 47.6450906216969 62.91206507336636 106.07747447321559 90.25715252209523 75.09315860309344 61.076323183248306 49.19713340558729 41.34131727844143 39.956939204688865 45.636776444082116 56.28125473974168 69.65019600218056 112.16531374946774 97.30825106695636 83.39924086823676 70.99767998977727 61.029560751925004 54.83834007797057 53.745505252372375 58.039767940321354 66.6884512163942 78.26099874080312
88.93391173514858 17.079322670926082 42.19399127501801 30.908633724845284 12.654564347978438 0.0 57.259152670238144 16.202420853193974 35.40762582636132 80.53889335749194 11.172886983942496 20.688187250689502 22.0080417902116 41.85037216064145 31.850451253136068 10.633713965140718 78.57345747521013 39.822113645474374 16.830172619967477 6.27120806187011 24.209627885640927 24.196179283605414 40.77415325242196 30.836346458651786 27.725742650653416 63.42534120401099 47.65640357696476 18.874315508451776 59.53906712097724 91.58386015925171 12.919544446981833 76.41353050915981 22.11549964278815 42.14969589036363 42.07226353896588 1.552181470139532 81.03979195223211 43.13533691003811 20.733266130902063 2.468941180525716 134.07367765879943 120.13318177074275 107.17694505055884 95.60596009551948 85.98132081591883 79.01747478400112 75.45476116237224 75.77444497910716 79.92995627854647 87.37571274839131 126.60727281408168 111.7790195221165 97.76702939485321 84.97605559249672 74.04163131539764 65.89454809291195 61.649938571237975 62.11307060795568 67.18666022279344 75.95232873553343 120.32684492556972 104.64608251505297 89.56426809285443 75.44147539547494 62.92675788972932 53.16803612319383 47.88116362436174 48.549708063467726 54.95675603841043 65.43789783911711 115.42624263426787 98.99880627123765 82.9277870751633 67.46836419378943 53.156848445548206 41.207147175091 34.19233089432189 35.198154464738394 43.67393656995177 56.34379704393271 112.08667052411363 95.10230738725636 78.25718963611405 61.6655356526188 45.60483026137116 30.91398546463468 20.742713172645725 22.440086910338895 34.286535982058865 49.45995650085184 110.44986713682509 93.17654808915458 75.91625987801558 58.68050230456026 41.49985089565127 24.490556033029232 8.72069275080554 12.289306982225497 28.717887926431946 45.79432873847799 110.59148714191528 93.34361024270918 76.12026934656075 58.94297689310212 41.86844792959376 25.107222595015923 10.319477129759358 13.465655476908113 29.238150317845584 46.12080092526292 112.50481275976679 95.59251958970809 78.84946390952291 62.411996972617516 46.604592299845244 32.3640221671197 22.838193631125844 24.38129397600014 35.58121911438909 50.361791682614545 116.1022593928675 99.78258217469596 83.85761801589756 68.60279744923794 54.582917302727786 43.02270597781104 36.34995079860332 37.28795973947236 45.36708371786537 57.65986432184177 121.23394936490996 105.68310908048058 90.76822198682173 76.86040731195801 64.61327892722686 55.14463643509086 50.05684322634658 50.68674079557361 56.844571804374475 67.0236264845685
36.11966575227074 42.159667333093246 37.76381021240769 64.33049231153682 46.73783123371295 57.259152670238144 0.0 52.83154270132819 48.467448240318895 40.20649045912041 49.65393980958686 42.02992348433415 35.28876461534047 62.96783357144775 51.871684080509326 54.14215788106903 30.198510796803948 19.518421003410776 57.452490408154695 59.72445869552282 35.6046211252612 36.19981483270808 16.53263215621681 71.34927253998988 35.576552111998346 8.15579773884983 12.349026503948114 65.48208806639929 30.29444765579645 40.66696645127498 46.10810058132089 26.43856126398997 35.45348530992899 73.37274818956196 30.779810764692147 56.767919413573836 31.354508432588936 14.129950999419142 63.6450886139767 54.90314970328078 78.96269641955084 63.76815306405297 49.96353894708523 39.05177412977776 33.94753099937002 37.12864957075157 46.939816112274286 60.2234506984326 75.16042609635723 90.93966817302211 73.94443904961048 57.46791498298428 41.66598252606543 27.71747839368952 19.979358809447497 25.075936865159765 38.17253072808794 53.70468560549143 70.07107870606796 86.80109761569459 71.41587979304218 54.191244463397105 37.038729740075205 20.143422236981287 6.193613845734072 16.421865908514512 33.16184466760691 50.28371145800917 67.4974723127954 84.74714941298794 71.64116226232981 54.48643634107994 37.46732761909077 20.917524031302353 8.366496471342312 17.354163584917945 33.631071989765246 50.592927287796236 67.72704673046168 84.92923351249215 74.59533723783971 58.29925471277016 42.80015253852773 29.387313749899985 22.228057864526487 26.89368138264199 39.38483001203221 54.568954238704094 70.73250945049772 87.33336255065944 79.97653621745026 65.01368237898946 51.536575651002615 41.036149252910775 36.202481179671125 39.19159251710726 48.58033950972956 61.50467487982518 76.18600829229996 91.78506343123748 87.33722165661769 73.84231377247242 62.25982300951962 53.83850908599711 50.195475908393156 52.33820578147624 59.646383032322476 70.53223004282061 83.60981510669819 98.005653564889 96.22410608296536 84.12199951842922 74.11232277397524 67.13758517930076 64.19476359826241 65.82684388771621 71.72218939776252 80.95470894671455 92.53080958174529 105.6831581436955 106.25482570651488 95.38462240713919 86.63167996536744 80.68799992565039 78.19681750037127 79.48342455690268 84.37517921913528 92.30065294381251 102.55892830786358 114.52484705547187 117.13577375350748 107.32103512067651 99.56651805950447 94.38140871407833 92.2002221085606 93.23402520916446 97.38047961619772 104.26890244591323 113.40071462347932 124.28238808851229
87.62354165875301 23.484104307237324 49.51744211081946 17.062805234459088 21.61144392137046 16.202420853193974 52.83154270132819 0.0 46.377782641478774 83.27886921286897 7.404629375034718 10.802064695952298 20.711951062767753 26.129159344857676 15.672762037238925 24.794089146041216 78.6944089962733 39.3880234637695 4.6546553746582875 22.464965469590084 17.332276497826022 28.88417131899394 36.87578018601009 20.627891344280258 33.306815551577465 57.3713391494432 41.315713412600616 12.655438461608197 63.355629187001625 91.1766990136509 10.262912749422256 75.87323801331608 19.454865132903024 28.814086159465848 47.09510541704994 17.369412856479197 80.80055673962454 39.33848820953477 11.10902997586647 16.097161427467856 131.7029124835966 116.57573852719091 102.14129580822295 88.73827610385612 76.90783330137005 67.48217424926165 61.57571518879149 60.232793410694335 63.742497162952155 71.39270500881423 125.80617749460212 109.90176628231885 94.48970971705408 79.85559045834036 66.51487418126017 55.409789047714675 48.114073122947445 46.45843753218327 50.99521427234899 60.34352007206168 121.2582363499245 104.68960210640114 88.40234229720335 72.58611359042004 57.630044915082394 44.41180806937277 34.96146083130515 32.72471878194178 38.96433142879994 50.63832003971367 118.21493144274784 101.1655204835142 84.21916025356218 67.45356383032494 51.04714971016705 35.50143115720387 22.662824966590126 19.119821058651322 28.569973394418536 43.19295200362395 116.79398587793035 99.50908440097936 82.23134506353202 64.966482397986 47.72847212046599 30.56278387711185 13.743142190333302 6.509811655431831 22.239488076293853 39.313172138385056 117.05451734437578 99.81334374653218 82.59758077736683 65.42729026918974 48.350940786695986 31.52157735981918 15.751806399621483 10.066884908553877 23.52186514680254 40.04906128133419 118.98547736405268 102.06076032981187 85.28754190500163 68.77675362305486 52.775277387715974 37.93321760039713 26.293328459254514 23.290776612450735 31.50067394131984 45.175609260899215 122.5078772392933 106.1279275015283 90.0932904404276 74.62688487217493 60.16851241272683 47.64488223532253 38.968278093655364 36.95572444304025 42.56326371184538 53.44384196179827 127.4898283388223 111.81639427911371 96.69982818859997 82.44700453394925 69.59067024139624 59.050108010267174 52.24624551985389 50.70627307770357 54.875159512963535 63.64071949069896 133.76828851292242 118.89359995479025 104.76695297780657 91.73458448395829 80.33085816356709 71.34110165395755 65.7628468546893 64.48755304047442 67.75861714481546 74.98339234147329
67.75613409485999 23.26185848994305 12.817950041082737 63.4115240367603 24.8597345271001 35.40762582636132 48.467448240318895 46.377782641478774 0.0 52.684962695071604 38.98403675839622 41.765141460247946 30.9852320100808 71.31255580490773 58.66915750293692 25.02075000414989 55.74617705048975 30.201575416029453 49.4480132245631 32.01487706682897 38.48198933165007 20.699328587508372 37.75236537163271 65.39038660930638 17.277725271839937 56.59122107909086 46.36125033201863 53.861366017082545 32.50605778148283 68.4143701228076 36.46843532280747 55.18538723362319 32.862173862786676 75.16023954157478 18.458578885025194 33.89952894421387 58.616565511672206 38.617216046911736 54.97123607809122 33.56560223102371 112.10460795948636 101.11830395364531 92.09267144758802 85.64980645625997 82.39780961748761 82.71389959267252 86.55899614816883 93.4987214597243 102.90890382611279 114.18035965016821 102.0965322485817 89.94988247001346 79.73049363189605 72.26072704329526 68.44680073417327 68.89852820387722 73.53734185134948 81.65270910570179 92.3324426276701 104.7954475061729 93.16229551280504 79.7149712718443 68.03263326402445 59.170101718346636 54.52028879781801 55.15906134649401 60.920287355166025 70.56018692528833 82.7338972304189 96.4870702590576 85.63878939267047 70.81964476004552 57.40686026252117 46.630234961467096 40.64376589477573 41.571123221348884 49.021490714598 60.63629691898337 74.49241667634689 89.55548819832816 79.92551486903882 63.82661525952294 48.562289358551894 35.234433781571056 26.895072857617304 28.353744163457762 38.512788994256056 52.547552446158534 68.10261275415048 84.34095507897338 76.42960055479928 59.41156705034965 42.62273613360414 26.50233667790224 13.666123847239897 16.427565564508896 30.849307244940412 47.2462430501369 64.12057458372398 81.17512898210667 75.45990850484293 58.16461392831102 40.87493636382808 23.603222650998486 6.494413270366461 11.223024342317176 28.433232923788623 45.712741998885015 63.004558684771965 80.30073247808089 77.11181414642122 60.282691988794824 43.82335449118654 28.384541872405944 17.017356103923696 19.292769973507202 32.45834115838528 48.307237773130744 64.90259551653021 81.79130125672545 81.22550407395785 65.43983980016131 50.65443700666452 38.0536539417316 30.47947510511761 31.758864299338693 41.07263998107059 54.44269724165644 69.56839832370093 85.52324854721478 87.45421881568478 72.99467161433304 60.05753867206922 49.84273257567733 44.27631649063265 45.11308663237742 52.04510679371042 63.09437271992621 76.4971291529237 91.22184957645096
22.218659174853077 63.52272754312827 40.657946098047475 98.25783794222272 67.89461428814175 80.53889335749194 40.20649045912041 83.27886921286897 52.684962695071604 0.0 77.58384929900137 73.48184966607326 62.59736658176083 99.96676052630677 87.57134194418623 72.6958991653125 13.432548963698867 44.172923848127766 87.77021952315557 79.94692267967349 66.96888854569028 56.479157588247084 49.27754834115695 103.7508487265062 52.81828504536275 44.069658418975344 50.829102312722604 94.93135643045562 21.145501329276748 19.34781968177495 73.85478114355915 17.04099620812628 63.83094660879787 108.83170031734069 38.65172580881269 79.4084542575728 15.046928226311467 47.28701729152944 94.2858496061262 78.11598115631612 60.80560041605831 52.93686280822025 50.05999528984236 52.99430247981003 60.905585496301924 72.17538275815761 85.48557006920882 100.02490082826998 115.32944187371389 131.13154014670852 49.700672032804356 39.7587257697125 35.91744715925311 39.97595536507303 50.047959654212804 63.326351426392584 78.194389604015 93.89997660869935 110.08522112218265 126.56624144120703 40.580080400517545 27.588149818991763 21.77568296816462 28.035085164911507 41.18814034220898 56.61864606863884 72.89437930018015 89.55568802448485 106.42162963667225 123.40833247572982 35.029860451999475 18.5303082232061 7.639819387397615 19.289237298623668 35.839863681630554 52.87372031297707 70.03911827407623 87.25846202711122 104.50508896655725 121.76740681444085 34.80240452626733 18.098650796981804 6.529039423120633 18.87879620535701 35.62166379879964 52.72675139509754 69.9287572377624 87.17032327691803 104.43185733687184 121.70486345536604 39.98864668513456 26.714654200655247 20.66313479983973 27.183984913950297 40.61630752777479 56.205972493178216 72.5758207388008 89.2978144926664 106.2057488821424 123.22310669347446 48.895185010989216 38.75179466447846 34.804765627762215 38.98396438707482 49.262916037194074 62.71066864429582 77.69896186710561 93.48976968950913 109.7371999176716 126.2651048490909 59.88437080060561 51.88098361530174 48.94728674510287 51.94939001246557 60.0028598463098 71.41882861548686 84.8507913676162 99.4855081617374 114.8641706362811 130.7244846255355 72.00882664401331 65.44815060311146 63.08996555228404 65.39052777557814 71.90405082783171 81.62816892019487 93.56718137209535 106.98210565796363 121.38458907136734 136.46230259057762 84.78275842550549 79.22847209471202 77.2325691072196 79.06499192211871 84.47698172052293 92.84466710339352 103.45331436936915 115.6880658210254 129.08738577790083 143.32502235739113
83.34737842712123 16.243257337740797 42.525201765574764 24.43151169547586 14.208701401774002 11.172886983942496 49.65393980958686 7.404629375034718 38.98403675839622 77.58384929900137 0.0 9.73924466865554 15.287674735925485 33.22281292593445 21.79909393731734 17.93599364101477 73.8447009005865 34.35157879666041 10.830410052603769 17.005572874594456 14.514023356390089 22.0856339170052 33.22059634755796 27.28313447402451 26.436042592706755 55.022170861744726 38.943430748525955 17.349880030225982 57.24731300852179 86.57208339685151 3.767172070238494 71.25034474655669 14.515982806085836 36.18349876369478 40.54447609048447 11.881379966798367 76.0912294511045 35.685395032104196 17.08258641160017 10.1609641712392 127.96641908858093 113.30916492420336 99.50488832927938 86.96075121422989 76.30082048867956 68.4116340126077 64.3209268827555 64.75264556524957 69.62271243057202 78.10526595819773 121.44121620361369 105.91972250170025 91.04233909574799 77.1824375938835 64.99423905121004 55.58844141521197 50.543048982536 51.16469538995475 57.26913287847344 67.3823595556473 116.25854597606843 99.96355438205481 84.07188619340204 68.86333598456682 54.90849833370534 43.43310358751826 36.83249838036274 37.756304617671645 45.75097038936651 57.96094544135359 112.60401241700544 95.70871544257179 78.98964460136271 62.58818450976164 46.83918092428852 32.69935844298065 23.30876142200088 24.82055235096248 35.88220202994955 50.5738684455221 110.62921525877626 93.38810189440088 76.17457009812925 59.012760750291285 41.966176626608465 25.269097282945154 10.705504280155917 13.762325888098001 29.375306864235867 46.20745546384548 110.42433967999082 93.14642553045407 75.87945603481589 58.63310132411735 41.43311184713526 24.37782614388149 8.400447689121684 12.065243427598972 28.62317488102729 45.73527790758961 111.99910194211938 94.99955736292814 78.13286603145829 61.50841732077651 45.393147503167505 30.60232133570077 20.277526821434588 22.012857807096346 34.00978558674721 49.26943184617606 115.28057242977694 98.8297045705662 82.7267723489201 67.22228390337978 52.84562683304745 40.8067804406954 33.71104591848424 34.733040989164685 43.30175387027591 56.05718395124215 120.12892551936444 104.41948937568874 89.30063583716877 75.12975539078549 62.55445239307528 52.72894526218373 47.395428133884344 48.07301044089234 54.53810450522943 65.08838712430028 126.36386980931952 111.50451727980074 97.45451556365431 84.61798439781091 73.63232587406178 65.43646532542446 61.162390614952734 61.631489581810136 66.74382699010691 75.56276745366111
76.9612380741865 18.744499019901586 42.357719854694956 24.926500694082208 19.171160903385026 20.688187250689502 42.02992348433415 10.802064695952298 41.765141460247946 73.48184966607326 9.73924466865554 0.0 11.977495573498993 29.921846376423442 16.996156732938072 25.272066817405992 68.28197739703323 29.32981719960535 15.427661187728182 26.09037937463272 6.667955606602903 21.930614753588635 26.159679571123263 30.389293426495374 26.29048290444832 46.65716341815422 30.56940002241886 23.45598043694997 54.14977460749698 80.62725524021306 8.10765926600626 65.35580595256616 10.264437962804687 36.09854634329572 38.845271949051984 21.164545165881975 70.31329240622628 28.61092644809854 21.723065933755155 19.26845919839539 120.91775874716122 105.77486931113921 91.40153436232467 78.2231225331985 66.94902705253931 58.687191595254546 54.816964538025886 56.2522146659191 62.62924730736777 72.65832706203406 115.14505065851618 99.15565589032694 83.68996903265848 69.1005293490605 56.07549209877251 45.96459387633666 40.98453836136823 42.95842522239732 51.08645249853176 63.031185761667686 110.86702504816007 94.17742858390335 77.75595734499564 61.81666269713276 46.854249624521586 34.176770843541604 27.193614310933114 30.160299897244386 40.969558907630464 55.19126616455489 108.26108200539684 91.10965182528868 74.02829322994769 57.07994836582058 40.43223437382888 24.700676338904938 13.571809417694313 18.89384487806983 33.59275966360884 49.9868221983037 107.44898681357569 90.14762363876666 72.8465299725623 55.54595764990372 38.24661415499241 20.9515435773047 3.7208148431613655 13.690703005953822 30.979668096545996 48.277923762539274 108.47104877108325 91.35790458782553 74.33221096230993 57.47174078736632 40.98093384069785 25.584867295705788 15.114445983569228 20.025485437670206 34.23895739372674 50.421274146606144 111.27672569164187 94.6571896642705 78.33369026917822 62.53846903238561 47.79814628629857 35.45384421649157 28.774936193107585 31.586839632891042 42.02581974156217 55.976068223444784 115.7363370728872 99.83854827731689 84.49423939452426 70.06798145734764 57.257945529507786 47.39332646333414 42.57331589854195 44.4696731077333 52.35762783378043 64.06087202611488 121.66808967169497 106.62789870927739 92.38285317738739 79.36228562051124 68.27042724818132 60.18328783523756 56.40835995754614 57.796851575496966 64.01364754061869 73.8492798287653 128.86878015098685 114.7400655405836 101.59769783598476 89.8754204119547 80.19837658427097 73.38022515327532 70.25827143371302 71.31957228407447 76.38996989984801 84.75295296462338
68.13430236167196 10.073106863224602 30.431176575603036 36.61419410766456 13.25497938283203 22.0080417902116 35.28876461534047 20.711951062767753 30.9852320100808 62.59736658176083 15.287674735925485 11.977495573498993 0.0 41.76636032988163 28.736089305680938 20.990010171080343 58.557592254208515 19.063987172562488 25.1730246139588 25.123643766145246 7.496767386189546 10.40699708664072 18.775633106353258 41.297637961602746 14.562316220547446 41.448000726342855 25.863592705061293 32.48059296995061 42.68299773309472 71.29339799802268 11.524393764206648 55.974497611815906 1.891145082154181 47.9799758636733 26.913443913315515 21.61696110443418 60.80627376774868 21.158923336896308 31.688666873229792 19.700454686179217 112.91438527925473 98.53257704531525 85.24303964371117 73.6395247738856 64.63652329117332 59.42791777141924 59.026870249569086 63.5245003570832 72.00867734535758 83.26964521060593 106.18839702737536 90.78400063629859 76.1984099115572 63.00289174342995 52.26121751990391 45.73630001491927 45.28893038339435 51.079047419841714 61.365745731151584 74.30440233677602 100.99185718617385 84.67611655287001 68.8436138137953 53.92170771987768 40.91902877652034 32.247359903674244 31.687954772862618 39.586231025510514 52.23716921968204 67.00061911262603 97.56952630053088 80.58296294540982 63.76619464630824 47.30067071800119 31.737856405117675 19.389219070021866 18.528472987311858 30.155911766702335 45.54301182241221 61.94889059015416 96.11117060097756 78.8191097844476 61.53259771577509 44.25813662602282 27.01885073577623 9.998374571674645 8.284337908838793 25.219170815456845 42.45110670135073 59.72352890810957 96.70570413504423 79.53969569805884 62.44874845367934 45.51749320143727 29.02673256648205 14.559300528111228 13.420442335919114 27.33050173995983 43.73233804021114 60.63655224203159 99.3162580706382 82.67977779566391 66.38435625721449 50.75953521517287 36.672723312044475 26.682530151882723 26.033377726146746 35.245235943332645 49.04515386759584 64.55492343254602 103.79078721873664 87.98063517388448 72.85165080639611 58.930807651973375 47.297181328532055 39.99891046813496 39.5159274420028 46.06311333939756 57.278429669001774 70.98262326797008 109.9017988910669 95.0814901176373 81.24822505728494 68.9982487874006 59.32067553175834 53.62673497962496 53.21100274291676 58.1867241778183 67.36971780716365 79.31180765412716 117.39392704548139 103.61283622632834 91.04173407820954 80.25127193382666 72.04601127300317 67.37715209397327 66.9882474690212 70.94971292676442 78.60655201976105 89.01016833407101
99.03392574771682 48.05232492917638 72.19494454796383 13.0314033774102 47.170709117487 41.85037216064145 62.96783357144775 26.129159344857676 71.31255580490773 99.96676052630677 33.22281292593445 29.921846376423442 41.76636032988163 0.0 13.063096370113843 50.92317825155986 92.50359611571159 56.598240188317476 25.129461942042386 48.07548483711683 34.98736448082208 51.85163618600115 50.689507657370285 20.04314411156558 56.20793049271515 64.35054935896838 50.68950765737028 27.30320371462058 82.25184950604955 103.6237646957894 35.03141292865724 89.02063367126175 39.9504621725884 12.231875381943755 68.24344854835293 43.17413575083986 94.02536061203793 52.728243426771044 23.71881235632785 42.10255497026198 139.85483816010588 123.37881154328313 107.16339029573665 91.34746303325437 76.18025654251339 62.138632690854735 50.17662364268655 42.105618977290135 40.333341550008136 45.600213086977824 136.42353363807493 119.4934404447048 102.68736185559304 86.07796731494763 69.80579364244818 54.17556083589552 39.94801815651057 29.24734371433874 26.714794984125746 34.21496200107813 134.37405338207805 117.15900541000734 99.97395512622457 82.83757412620038 65.78790541798472 48.91570443238196 32.4985631931512 17.840400999013134 13.383423877345761 25.27182206026359 133.7699547617858 116.46883615688512 99.16800084359875 81.8676284235804 64.56809098072634 47.270305254974744 29.977303776529922 12.708631764727265 4.805569452381675 21.986160897278378 134.63070444248012 117.45193215919748 100.31549560431569 83.24754320670522 66.3009859866395 49.6004086365477 33.51556104719873 19.623904530023097 15.672106654986932 26.548911961047583 136.9286684820985 120.06718519288926 103.3513773962878 86.86538436644354 70.76999600486619 55.406671168808124 41.594658643218885 31.449031582788376 29.097716226293887 36.097397883000944 140.59335995334465 124.21150769886546 108.11664601380497 92.45877116123947 77.50318898739522 63.746128989969876 52.14497424283458 44.42220656466793 42.73489502895129 47.72750559146264 145.52150980631873 129.73839397781538 114.39532315469985 99.69567232363923 85.97012407579709 73.76445906191077 63.954879732715185 57.77504562183314 56.43033923119839 60.24540238955395 151.5898772287421 136.47990866421017 121.953800852268 108.24686184406896 95.71168235938399 84.8690677800038 76.44266267539024 71.29440492462902 70.14979084778462 73.1968826128192 158.6676090920906 144.26578472038938 130.56991298697145 117.82642651624951 106.37814844486628 96.68626180179844 89.32432507554658 84.900623990713 83.88132052429542 86.38700704921943
87.96215596737262 35.477742987492306 59.153039858809365 13.355051887555263 35.082164776401726 31.850451253136068 51.871684080509326 15.672762037238925 58.66915750293692 87.57134194418623 21.79909393731734 16.996156732938072 28.736089305680938 13.063096370113843 0.0 39.72915353120133 80.72744038969077 43.8339132744678 16.723718276339117 38.09513012367369 21.930765027630805 38.90167612419506 38.41559276737005 21.551627118575354 43.22545302729944 54.29595615883027 39.52759341468284 22.37581950934901 69.41851557736017 92.28033693204011 22.902901723805517 77.39154972846151 26.90776930629794 21.561009800753823 55.188440391558395 32.96167905474368 82.41058760082004 40.58742363483848 18.81172834388199 31.557022969103055 130.0499770742584 113.98405313266062 98.33837384018658 83.3499294558418 69.44558503679397 57.4183889722548 48.68015071509005 45.18126077942877 48.07950860944991 56.39712351830789 125.77968738704271 109.10959859405821 92.67139806354199 76.61449145185254 61.23954073643294 47.21748793299612 36.158121518936575 31.369365707328605 35.48764892217868 46.188939316637054 122.97304365870883 105.87702280872847 88.86073677689431 71.9807558435899 55.36190001008007 39.336532934402435 25.06985766924748 17.559749243970177 24.226099834030375 38.26454132122734 121.73136681566147 104.43894247793071 87.15029133820909 69.8682144475644 52.59919234340291 35.36235591132103 18.249135085075007 3.7787805496398432 17.15345355507653 34.247865490048845 122.10242714522369 104.86922851127292 87.663108358936 70.50389457735486 53.4367929317912 36.59092280802015 20.518614229616258 10.091805226217335 19.529174084028675 35.49148986649424 124.07175066732292 107.14536767322281 90.36133637793236 73.81682198709278 57.718160943585744 42.574168170046576 29.87380602301727 23.89643436841103 29.126374011348858 41.525444595677264 127.56531078065362 111.15399207359204 95.05902381289093 79.47284239213434 64.76383221334927 51.686379865761765 41.80091362633474 37.7075259348612 41.17165602749031 50.666158564969045 132.46251438224425 116.71667809688572 101.47880927368251 87.0161770809994 73.78605540943607 62.575150252763954 54.640803826469714 51.51976333354546 54.05233706902865 61.54449470753901 138.61460480865705 123.62374606991256 109.3176341678875 96.00287657183895 84.15136423691548 74.46505569127586 67.87731254916704 65.33228315699424 67.29024825336845 73.39169177315864 145.8628035475948 131.66369682045539 118.2936324321563 106.06658616395256 95.42295709473682 86.94621093142423 81.31684490206764 79.14478978099146 80.70965895968476 85.80724424245754
