0.0 12.865372413432173 50.79608932964858 30.65918232829394 31.267673172873295 32.31264630109314 63.402850542288064 41.63419340632955 54.51902514898173 39.11170620272024 37.42170976136997 39.70592040109835 41.589315374692696 52.87321682789518 56.28326054055352 38.16924441477483 36.54645879166505 16.49569252479425 45.26291816540601 71.88514631129685 43.35931314388749 10.530237888753398 57.52059540133594 40.765091293403856 25.406204001012 31.63284659945912 69.63736009139323 29.18017713432033 27.08038106371151 38.374055038683245 12.941323944210392 33.99657480667332 44.434459906450336 50.26339770016372 49.51259494359856 32.564876055415546 33.48320054528855 24.585547532090068 43.29188051749926 40.00376629272366 91.39708913855033 80.55656407770987 72.27713247740078 67.50777357254293 67.00228993734159 70.85200047668324 78.41808998380795 88.75516577690674 101.01610672218968 114.5849899937801 81.55142940976174 69.24129939828279 59.47082839772675 53.64607443972212 53.08223017067006 57.93310799205616 67.03332624823152 78.92647615716139 92.54193878151621 107.22561360119425 73.1340003076906 59.146093643338865 47.39878760640114 39.92162347608551 39.23688642772848 45.65125160703643 56.80885997066543 70.49228787670987 85.49728071665386 101.23790619400043 66.68797155354937 51.00085365303158 36.79129294490867 26.548484695444643 25.588190294651664 34.69004994739312 48.4845778366728 64.00640319893661 80.25955178478938 96.8766344100711 62.82323720547196 45.85684672449466 29.285742444472948 14.531761421543754 12.782899905074096 26.72725257926123 43.17409630052892 60.10301334186111 77.1975057540094 94.36763553761038 62.02426851473742 44.7611155027957 27.546661870499857 10.620416293558257 8.092060749733747 24.837133389228487 42.03568110188257 59.29441220967618 76.57264325964626 93.85960587564418 64.40527328731933 47.99176699755357 32.512955247254645 20.240723932726148 18.999832598988665 30.182982942660388 45.38439563214208 61.702401586209106 78.44323707703651 95.38453025367417 69.6408132441742 54.788710779746445 41.86253075818848 33.194108318969946 32.40269843349141 39.95909905795623 52.366334818474186 66.9809311678114 82.63997792109501 98.84834573366639 77.15186846304478 64.02598593830417 53.3380380621044 46.78962592598585 46.176782535984145 51.710973280009355 61.76129557263183 74.52243866777775 88.83374054906551 104.05756298996876 86.34655363572088 74.80485391673045 65.83692812815315 60.59646963750567 60.067122880576285 64.36522711236157 72.638844722806 83.71748416709931 96.64123674053958 110.76613296797204
12.865372413432173 0.0 57.23871709674661 43.050406729677526 43.80363613994716 41.658564377256354 75.96113724065937 49.53762203959936 67.32389602688744 51.45629370556394 30.686218303091977 33.26393470939731 52.91349457508446 65.73849264175675 49.39505407213636 30.661485380127665 48.793893171689845 18.509522916348303 42.801817472849 84.65468125070981 42.31604514037167 7.241595090840998 62.456841078516455 47.33180155522146 37.71855094216432 39.1788418448239 82.3910717347683 39.777625242442504 39.541903562359465 49.81375263387449 25.614759987071295 32.224003647962284 55.99637690157252 63.12139683264696 41.17552375129237 27.27504353567031 46.026797183244575 23.786605986119447 32.26163594061156 50.51265378688356 84.38006854744637 75.48593536004486 69.82082545694621 68.19427878629378 70.88485319383547 77.44388889248451 87.00080575720952 98.68847571420972 111.84087372456744 126.00014917380463 73.31650697633758 62.939804191682505 56.09123759739774 54.127018631070925 57.54946206316521 65.51981569546412 76.63191985571889 89.72600102285173 104.05651639756972 119.17827476563764 63.503871537285214 51.23465487374087 42.613891653237914 40.06998135380971 44.65387767741875 54.59890035164898 67.57822718566065 82.1662911500154 97.64470162183612 113.65026110724634 55.6085388953866 41.095720215869335 29.734107481951146 26.040091804135155 32.72255980705613 45.4109652530204 60.43389707597772 76.42686943746219 92.89018857663764 109.61212615890513 50.537384955080675 33.95640412477948 18.728598506209938 12.132449912038052 23.288306028360957 39.19447629974677 55.93551345151102 72.93880500582517 90.05592598034737 107.23237967407321 49.17217103155401 31.898824177096458 14.69289428082247 3.5973433746594923 20.216681105084334 37.45932579472778 54.73939679634711 72.02996329862378 89.32493068855314 106.62215741002282 51.80672652942986 35.809956167216946 21.897061336921134 16.592827281403245 25.881940164782772 40.781613794654376 57.053637116197635 73.7957131556006 90.74805419147584 107.81151926550277 57.897556249969846 44.13034710103223 33.78693676040936 30.56690532157049 36.41185728749249 48.12504593446888 62.489405390864036 78.05472804885069 94.22772628120492 110.74248179454312 66.50160305430276 54.89015597311902 46.92652861140903 44.60911121242411 48.74987558659803 57.981305496850936 70.32650322104145 84.43048130915884 99.54847634846504 115.28224478489781 76.77844907288409 66.92281247709603 60.50695929611997 58.67041948398829 61.822656262696114 69.2860753546041 79.86098142566063 92.48615667109328 106.43448079566494 121.25017498199799
50.79608932964858 57.23871709674661 0.0 56.81571732546891 39.28081842716136 21.39408779881368 51.589164187297676 10.855514480965585 52.65544863066594 37.567783883989236 48.328556004450164 47.843791142940574 28.238344502727333 56.71627934372465 55.38130780769451 50.80743070348641 36.15089810260352 67.06217521340248 35.66254735703191 75.44380626228359 30.81308980434121 49.997789272014316 9.548199937626915 10.049158560174922 37.593881727728835 19.277671258227194 60.522571820626204 27.25075497619074 38.65200907840446 29.12298018050678 50.20220206677221 34.67715076104561 30.512158946961797 53.46420012350916 57.74578361519432 44.04725184906328 39.48074614099115 75.31553510362812 65.39270222292576 22.84549091609583 79.7132754276477 62.9901781728893 46.69079989096368 31.480327572154344 20.017573155793393 20.22640421478129 31.878262206189273 47.13864398259941 63.455432337474 80.18630812744551 77.68630188505664 60.416702921681654 43.173000835167564 26.006759277889845 9.354601701929445 9.86808672969821 26.569968314761276 43.74083692190703 60.9858338538415 78.2559682382363 78.19978414207533 61.07255011481298 44.08196510518647 27.48264997960708 12.887419626590404 13.250971727702801 27.996500695465684 44.61763085392834 61.61473076466044 78.74471565593987 81.20553770918586 64.85982241609543 49.172803438228755 35.040597270441175 25.227626546378417 25.371906713406723 35.35173241016457 49.54257909642034 65.25258713351198 81.60909224237518 86.44393561862692 71.28107555166599 57.34227109237698 45.76010240427424 38.71103829579661 38.75317529880293 45.866973973140965 57.48440312846704 71.44116810640053 86.61368825676809 93.5405668947879 79.70212909588237 67.48126817606024 57.91126118407402 52.46338946745776 52.43854252531973 57.843709210485464 67.38463544072262 79.58758657467061 93.41509099122533 102.10862877461776 89.56054564832071 78.83338744537384 70.76020766273676 66.31744396583026 66.23965680241814 70.54128766828045 78.50571171468178 89.15667474083394 101.65318933790192 111.81025588121287 100.43382764916937 90.94534915014206 83.98715204194114 80.22037936124515 80.09656173937482 83.63188100804881 90.3980432316362 99.73967765939665 111.0084805718559 122.37602615384883 112.02672467790734 103.55072560530421 97.43812894324726 94.15038841294988 93.98442835224463 96.95628074106786 102.7941556966919 111.04695845887707 121.22246486153269 133.60094354596998 124.13764954929931 116.4892981711763 111.03158908965042 108.09684360979679 107.89113984316789 110.42972946887696 115.53185223055866 122.8785955476943 132.09597360039425
30.65918232829394 43.050406729677526 56.81571732546891 0.0 18.10777279106713 35.84521889972222 40.91726945254841 45.98535730139129 29.60089871014883 23.756609372580634 65.62644985482818 67.52232624845955 32.55282584718476 25.646267172295914 83.61160581560974 66.88932109784281 23.24874062365922 33.360124632688894 68.46109391226483 42.191103726109255 64.96087930609191 40.896458491708195 66.02889802243918 48.993135402772495 19.456420535077516 40.71737274304272 44.468675240731685 29.82357964962279 18.17535005241971 29.950941131630486 17.789220171365933 57.990112887042976 33.038659416755934 24.16656086753024 78.36323904760174 60.07874729274133 18.766274743918366 39.38745673476692 73.78885641127643 35.63441067215801 117.84715910039709 104.81300322808968 93.17867669308804 83.53115192776946 76.62459332646793 73.23858730724031 73.85892259877566 78.39054555555856 86.21892034652703 96.5453998219847 109.55815310251647 95.44334873934592 82.5504280688165 71.54306380716717 63.41090783596708 59.347897481932215 60.18387730807833 65.73219674929732 74.95359057691276 86.68365613115033 102.5452421805402 87.34289656421115 73.08036706407295 60.42683264967365 50.60402891024693 45.484469480910214 46.64343222954668 53.67575020915867 64.69363287821574 78.02659606454209 97.08546502086448 80.89396225241086 65.2747083613428 50.75875083882183 38.6111749905575 31.68443930403983 33.40199644213234 42.73396601150813 55.99463499510898 71.01630276032583 93.45152200139034 76.51537752233423 59.789055555323834 43.51518660016085 28.480236996153458 18.093879289533888 21.03247893176488 34.0007941990798 49.68354834543458 66.17830520699812 91.86041002102792 74.57279029941883 57.293810530937606 40.03465930384439 22.8403308711038 6.269053464086052 12.475371604774656 29.507326383907163 46.73802811718646 64.00716977453045 92.41772355711112 75.25510944612279 58.1750842167956 41.28029075892738 24.949898642834178 11.817171196002832 15.984576425662848 31.146121549621075 47.784601571004394 64.77166404106012 95.08568552165278 78.49390338069172 62.28971665139686 46.87681078007955 33.37023573764803 25.068317322218647 27.239293116177883 38.13460766138513 52.58543685663383 68.37337707892101 99.69495307976196 83.99391665225485 69.06213686575092 55.52374097062721 44.664294726716925 38.80230643566011 40.18762365808206 48.19935222694968 60.24961712839447 74.40135430388015 105.99250459186285 91.34754623531438 77.80126934658132 66.03333215990257 57.15299236295042 52.64245674152206 53.61615524668147 59.80682311396811 69.84067736167513 82.32426418328677
31.267673172873295 43.80363613994716 39.28081842716136 18.10777279106713 0.0 19.32944950340348 32.16144292510173 28.609060084050597 24.184424334674624 8.115288704175251 58.02410769238907 59.38317049159901 14.779008403529104 24.28319843119549 74.17599420705943 59.80373417595676 6.127286811072741 41.71030091651089 56.66527431070225 44.80735933757648 52.468182027246996 38.9193229992965 48.688795965514466 32.384088424505244 6.401759382708446 25.401934768150973 38.81466530338708 13.617390654778122 4.31326616913335 11.9384776541237 20.979108346304628 47.5526757808033 16.005191537345386 21.08272012741754 70.85075574460183 52.19766181906333 2.223228437772982 49.47125768313612 69.81041735291802 17.53276505992379 106.70923733750021 92.30463184072812 79.0703962451304 67.69644630858917 59.26372331237118 55.13862291188749 56.27650797804182 62.39007726855809 72.22670496869956 84.49598130790307 100.09020894630683 84.60260746643888 69.97040658558856 56.85789083317105 46.567016728453716 41.265720505199816 42.84784330056864 50.6726850193252 62.43564433420069 76.33743317978788 95.1148973167722 78.68190331477713 62.71802078547409 47.69662836820331 34.85823559270473 27.457873626902984 29.857713645456947 40.34527616340063 54.43077767022853 69.97419389561203 92.05029336601912 74.9658659415519 58.01050215699945 41.3432995926929 25.53490235916433 13.91067260627395 18.26732445695025 32.750514955654985 49.093890388602894 65.92826915433656 91.08949762070286 73.78839207557836 56.48779190455724 39.18836644021525 21.892900563861676 4.645828967194148 12.75076308823551 30.038205550911925 47.33623587646253 64.63635402798997 92.29824706156123 75.26872964811909 58.3995672266747 41.88495886264058 26.398913667902555 15.432693997971805 19.44597599758763 33.41910319316031 49.54028129952859 66.25975416109134 95.59426155362182 79.25807511430119 63.43604389760271 48.63260661054308 36.12255184731196 29.038881591732554 31.311085930782205 41.42729928627755 55.23375522304688 70.59761944828773 100.77289823752012 85.40550570132287 70.93467752446487 58.03500007402797 47.99061031621109 42.85838086516566 44.37665635462817 51.96574963387246 63.48460701382765 77.19362802180599 107.56251395026874 93.28526663699556 80.20776418517569 69.01541711676974 60.75909861448276 56.73540543328242 57.834611571084295 63.7924467482067 73.43574149690792 85.52682559645653 115.67970776258379 102.49850738336897 90.71263665910182 80.93398600135771 73.96301060318638 70.63591856954439 71.46347496597272 76.31063309661079 84.48838026717769 95.14173260768736
32.31264630109314 41.658564377256354 21.39408779881368 35.84521889972222 19.32944950340348 0.0 42.33920700723653 10.640630012241964 38.82506546408457 20.709886560883476 44.83000973640275 45.54104328408288 14.98959024709986 41.1118160612479 58.425696086996126 47.01379788199798 18.327324501128217 47.66517165873469 39.492132449057856 61.441973915897826 34.86872443896044 34.84312719064603 30.29345489660331 13.192060048300865 16.410977342189955 6.874723183521097 50.77525614196809 6.022377630573396 17.746098545867515 13.341100888957769 29.238751109420296 32.23025608564482 18.536078723824872 37.71274737279378 56.99184756596884 39.202742823466586 20.186250084873265 56.015621000445954 59.54595919775581 10.133312987315527 89.11625286760388 73.99791023468222 60.06979998341554 48.37124123016021 40.86415352716708 39.983584958514115 46.1107476200527 57.03000073021664 70.55031451152418 85.44576484009676 83.75762498444189 67.48010141976046 51.87001877546239 37.764322098118924 27.57715748498439 26.335634073462078 35.004886013691774 48.536881680590454 63.91420919755019 80.08079549426593 80.54702248489828 63.47016393736812 46.55978461952988 30.097812743404287 15.577421949870619 13.347163437344594 26.68989366022379 42.95657144039118 59.80716170137364 76.85856560049076 79.74436231760866 62.45311118050957 45.170039236058194 27.91034515782584 10.786837481443108 7.2414040526409025 24.232902761257982 41.48183691207263 58.76193993345583 76.051968742863 81.42090057714154 64.57053567024356 48.04224574240253 32.33377411486789 19.534605047767638 17.78878617458459 29.154644674401425 44.52255576605804 60.93631848991097 77.73624716664521 85.43077994120172 69.53665800007165 54.50673814658769 41.295656601287064 32.22401368743066 31.147261764071086 38.73791199780904 51.28166133965605 66.01288364224543 81.75757993544325 91.46758497097221 76.80077967938472 63.47522612579264 52.52192701794578 45.680468663929624 44.87272591249901 50.38969892816777 60.52591097261909 73.39178396587138 87.79536389690253 99.16173970027722 85.78098702886913 74.0432421319384 64.84691611774034 59.38467992314865 58.708217008368095 62.97194720012153 71.2949814440602 82.45713722243423 95.46769837658442 108.16002856323087 95.99677002492793 85.62041700646962 77.749724364179 73.197481832211 72.59070830450143 76.0239330437808 82.99731162113392 92.71546232716139 104.41478846228082 118.16478298686319 107.09500250188198 97.84906828370664 90.98471161877164 87.06705642451902 86.49742113195836 89.3398701170626 95.28954771858628 103.81358484187132 114.33765727809738
63.402850542288064 75.96113724065937 51.589164187297676 40.91726945254841 32.16144292510173 42.33920700723653 0.0 44.97839189524323 11.797190983710427 24.689150920316152 86.89001085113739 87.76142523380247 27.377052194598225 17.604893602719798 100.645684322396 88.96845148043715 27.48252165865231 72.32858943003268 81.30089576171979 26.4057047558071 76.47135174685354 70.88223331622531 60.21457339118449 50.74799496653412 38.30305858290698 49.0419641348589 8.941010207238111 39.83316949240418 36.42139736030687 29.22306410190448 52.29615693133703 74.56764123853225 23.871947201224707 17.38587866656145 99.26067093828689 81.1492678241492 29.939191153039978 79.391401026072 100.49017962896286 32.866157299617896 129.82919479527834 113.73324324088925 98.0488921785504 83.0097809873026 69.03887357648287 56.92813217640914 48.10366144963982 44.56249656493225 47.501303127812456 55.90738181186433 125.62172163531989 108.92829614595861 92.45885253659284 76.35845781666798 60.92042108074302 46.80481050091371 35.62010421550193 30.75064746615729 34.9445528206499 45.77499515076299 122.88336391321653 105.77332682967803 88.73772819415443 71.82955057634808 55.16608071520679 39.061755996359835 24.638532751526807 16.941251588253056 23.783753051375832 37.987366421496965 121.71336046337275 104.41805037748392 87.12536903891949 69.83726921843925 52.55827213482354 35.301746754198575 18.131967190219186 3.168075230758235 17.029936093225498 34.18646372764684 122.15680093470569 104.93224251328046 87.73813346965892 70.59672550651275 53.55864338635903 36.76781135977038 20.830954482482536 10.709734767180896 19.853997445997837 35.67039461593528 124.19639799325847 107.28902062160986 90.53084153005426 74.02326148707533 57.980719770931124 42.92778983497521 30.373295279065754 24.51509011125331 29.633644245785273 41.881102546014574 127.75569925775001 111.37143864376488 95.31202642933589 79.77389173487364 65.13118766887153 52.14379921053991 42.36255858053459 38.326274634566275 41.73639502589007 51.12393174090279 132.71243881185214 116.99894402330763 101.80184001554503 87.39094117683504 74.22559404002718 63.090421327622174 55.22738413214758 52.138535605312406 54.63963830682291 62.05846836449063 138.91704335990315 123.96121234794433 109.69736377851375 96.4330508493363 84.63951320638085 75.01368754776212 68.47592034821045 65.95105943102521 67.88832769486378 73.93781210498088 146.21065315446188 132.0471925227148 118.71836142305669 106.53788037322327 95.94411342186264 87.51518826638663 81.92207142081344 79.76356139445438 81.31363968461075 86.37286960090653
41.63419340632955 49.53762203959936 10.855514480965585 45.98535730139129 28.609060084050597 10.640630012241964 44.97839189524323 0.0 44.150912806750064 27.69344950897684 46.38202592822895 46.4934112068226 19.078369705155705 47.58281650947993 56.96042788878417 48.77417531321048 25.964998352582416 57.53124056697951 37.121429635046226 67.1082712030274 32.16274979235934 42.399544025102614 20.096601305355314 5.826729306564274 26.738485826767384 10.358936198618425 53.852180892551125 16.40853249112551 27.8134198884339 19.247298594354977 39.77228520229145 32.747203506795934 21.971514261146716 44.23833348724937 57.405668488739884 41.293163410164105 28.96213868199744 65.85944002352238 62.592481161089935 13.256994859421166 84.85283339788026 68.82864550743712 53.6047672870765 40.103232242094805 30.688384179105427 29.56339185058819 37.482274194974636 50.34438545508817 65.29091010038007 81.17855790424946 81.10109179055114 64.16865292511065 47.50323641893647 31.531118689160607 18.18180257252373 16.298986694559204 28.27452056605322 43.95398255781534 60.52412061001174 77.4151037717368 79.70964161828361 62.408974373818324 45.109276188990655 27.812355431066823 10.53190540119911 6.857736402209978 24.121560193551755 41.41719913522115 58.71654539112984 76.01706796211445 80.80053318109692 63.79010754104659 46.99300198436392 30.760679585763754 16.816936086439284 14.768616312306868 27.424942550765703 43.41492459660458 60.135651981325175 77.11323076080042 84.27741201462543 68.12126495319072 52.69764033561524 38.888119655068074 29.090211394258894 27.908868535520632 36.19778283569555 49.40004065590756 64.56902157109401 80.60188007538935 89.863712435118 74.89231381337639 61.16319021409425 49.71637878312758 42.44061869071376 41.586046023273035 47.50050153746719 58.15411749988884 71.45775277321466 86.19295095186446 97.19632803153421 83.51179414083819 71.41436865387064 61.842566666631875 56.10430256108988 55.40380124304551 59.91801340887364 68.62546307203382 80.17130873928753 93.51001026612384 105.91308088164851 93.46962335443344 82.79040083063484 74.63659049896398 69.89764663530657 69.27792982897031 72.88259264070236 80.14364136326964 90.18217331564492 102.18285427869726 115.70144809041352 104.38335908117875 94.88743841320019 87.80686782647544 83.75646757196375 83.1800783647301 86.14745943680443 92.3175164956544 101.10560167430965 111.89656509850764 126.31242367070091 115.98333659875328 107.46212244106952 101.20646494821072 97.65273540713461 97.09805515770455 99.5925463882762 104.91894811877069 112.67636597644531 122.4034665410152
54.51902514898173 67.32389602688744 52.65544863066594 29.60089871014883 24.184424334674624 38.82506546408457 11.797190983710427 44.150912806750064 0.0 18.46441028589119 81.65970736645444 82.8357157527872 25.09825947242013 6.239957212443581 96.8727425505627 83.55501835922313 21.218868758039317 61.91485559756693 78.29205315027157 22.957587673031846 73.69378292756298 62.90640074515938 61.940648463820054 49.541344418549926 30.58618371738307 45.695760079661355 15.276915691515928 34.88447815245685 28.459068180940058 25.645207071654408 42.60503658761108 70.3019153842632 22.26309642739981 5.612031683448454 94.36765449544586 75.83598494266221 22.059268223516433 68.62957616748764 93.96799825063674 30.96901977609616 127.89503234372462 112.48836001940461 97.71807382949767 83.92086592693649 71.66101098334588 61.85942308903059 55.826292437995065 54.82025722898792 59.09860616599425 67.66630529026062 122.46359565985657 106.30171711939799 90.56204125272914 75.50905258428352 61.647840040654636 49.98000394678109 42.358598428260464 41.099955968273726 46.72116601596006 57.229658225935346 118.45891618564467 101.68411196536961 85.12057612617568 68.92079791750446 53.41676087964366 39.437727520503486 29.25796324004547 27.48513281432116 35.40546131008674 48.480624039050326 116.0288791869061 98.85573129708428 81.7369144441458 64.71555858602167 47.895684889716854 31.60067256765825 17.375878398830675 14.28119607276794 26.5461247669564 42.47533033124695 115.27314678246077 97.97170077523948 80.6704626077142 63.36960251398401 46.06954643911608 28.771744756265562 11.48638691762611 5.896988503574537 23.158701675381458 40.45479024856361 116.2243951123581 99.08408928886793 82.01168229210096 65.06064759741403 48.35878669355732 32.29503346390575 18.60318987951689 15.744863043423198 27.357545615865767 42.98467684294065 118.84162823316692 102.12766646461819 85.64751912678732 69.56755297139546 54.24482407722843 40.54709694753668 30.730161431221116 29.04011348712501 36.61998334441811 49.37031282025918 123.0185242211593 106.93762615752797 91.30421281787496 76.3935041222443 62.723045762895765 51.29423234198953 43.89442877549492 42.673742368752066 48.10489062710812 58.359382458678205 128.60314789578825 113.2891398780613 98.63461302030736 84.9814254013528 72.89442055077413 63.277551616034515 57.38639766273564 56.400769871510406 60.560656822043825 68.94082661591747 135.42137760365654 120.93948968940751 107.2961338846076 94.85383520743821 84.14706939554885 75.91375402347838 71.01940819315297 70.16626082766352 73.49518014982891 80.48893327751537
39.11170620272024 51.45629370556394 37.567783883989236 23.756609372580634 8.115288704175251 20.709886560883476 24.689150920316152 27.69344950897684 18.46441028589119 0.0 63.300248390403134 64.4218242964964 9.770517855869915 20.40971526843675 78.42099035767926 65.2423150841262 2.8452263923140793 49.81134398506363 59.98983279394272 40.76430876943015 55.47386784536242 46.2103047646978 47.11505364170209 32.512386829117425 13.74222988163 27.515879858031358 32.014804129333555 16.426238116860713 12.056528351852146 8.473705259011025 29.093549737186738 51.838488036730496 9.369570449431597 17.01009319677074 75.95914200360437 57.4866486416339 6.103162680085965 57.525290086310854 76.12021256892423 14.72250460242028 109.7877263561689 94.69728898101583 80.50161249833128 67.7653604888913 57.46720754182047 51.10300574704729 50.19218906818629 55.00632585337159 64.27159028384237 76.3850780225015 104.06325708174141 88.02840204128736 72.57785415248479 58.179012684360714 45.83401986192082 37.62212770149719 36.452693524952025 42.90548326283504 54.329268163079725 68.2727289663265 100.00948408374137 83.21973093723565 66.69229000572544 50.68442259294983 35.898064842391825 24.64026468570624 22.898153782691786 32.2524335214109 46.42008948678687 62.19438211248719 97.83436505850737 80.60496566489282 63.41507133873063 46.30869611188717 29.43183103214443 13.663209720463966 10.288206912144867 24.974474623307398 41.71708095724304 58.78450972928178 97.6635339725531 80.39848455978496 63.153623891284816 45.951687034192304 28.869504872307882 12.411789615350573 8.565638968564057 24.31874297788866 41.32972040444318 58.511569428550985 99.50731646037272 82.6183489454157 65.94383090221629 49.700078309524244 34.50099175733473 22.566585450282073 20.661433249438893 30.71238459237135 45.3686897448163 61.41740103044695 103.25782425868043 87.07916567831381 71.4289295424854 56.74602111016438 44.00952060728948 35.38746886117176 34.152833803702336 40.97886305593364 52.82827305499769 67.09019083749494 108.7178537154922 93.46054790478675 79.04985025330353 66.04230574409036 55.43460998011541 48.817090574568255 47.87403464954002 52.90973982204836 62.495283464791825 74.90382403741214 115.64544873861307 101.40046271074291 88.25493147683592 76.77569335731204 67.81427814143204 62.463914528793566 61.6717113908302 65.60300620171193 73.50376812553972 84.2647524385287 123.79438732587127 110.56354915893287 98.6013802913513 88.42427105888815 80.71032743057445 76.2112060046476 75.50380528613337 78.69045069124115 85.33601333821994 94.71519962390997
37.42170976136997 30.686218303091977 48.328556004450164 65.62644985482818 58.02410769238907 44.83000973640275 86.89001085113739 46.38202592822895 81.65970736645444 63.300248390403134 0.0 2.6322388306280233 59.7497542386084 82.3071451023555 18.9530398211041 2.481915524315188 60.48877461447276 49.085879041503794 17.085416667737203 102.79488697698908 19.857319642089816 27.40818945693371 48.73542445626999 41.29965128541923 51.852413722284496 38.59625406550944 95.00813039033707 47.152602847242996 54.07594781802753 57.670676233789685 48.5325026419282 13.766925612176948 63.306287229001356 79.09022630196436 12.882194580935135 5.829595939999061 59.943926467359965 54.27548276052394 17.293274017827777 54.86078829211451 54.12282877720917 44.87083657855132 41.18505336891401 44.471682361892114 53.45987007584439 65.8550692825927 80.09074763693205 95.34605827635427 111.20215405009567 127.43497387453135 44.2212749974757 32.312280144602695 27.04358967793385 31.89573711311739 43.6122730214229 58.18447111519473 73.94284961046883 90.26830754315364 106.90135496534764 123.71799403710435 37.22154625929832 21.83143424435404 12.903190390709055 21.33274265573302 36.63867194691708 53.18281151561728 70.09381845227033 87.15840817476553 104.30122545637748 121.48915973707962 34.914978605773435 17.634746263600363 1.2753105243187364 17.058199040268075 34.33731918006247 51.63171911588198 68.92989877884133 86.22958349008093 103.53001877956045 120.83088224675885 38.162287712978504 23.39239343684075 15.387019799630202 22.913514054431815 37.57672570522861 53.83032550072295 70.58406344685378 87.55129080812418 104.62819635251873 121.76864482315797 45.796872701008226 34.427714735423635 29.52779796200214 34.017987608750076 45.18036550631778 59.36342890579497 74.86973536345403 91.02553033636721 107.53848794831738 124.266306474582 56.053783585330024 47.17166101175751 43.66931165004359 46.771317988720035 55.3787668860755 67.41486250203351 81.37213146589735 96.41985325147296 112.11983165844579 128.23271590841327 67.7522299620586 60.55479702959505 57.810893401020174 60.133289636194085 66.99718518855859 77.20058482836362 89.60990428622672 103.43421468687451 118.17798340858954 133.53700584312955 80.26423230407302 74.23207212307535 71.95236083296462 73.77378993044194 79.41467172639098 88.1447459769924 99.1513517514955 111.76391643680782 125.49917781450445 140.0271487883654 93.26278619211656 88.06639888588268 86.09361825774573 87.56259911851133 92.30917393017803 99.8670896053941 109.65657639926532 121.13781851677521 133.87626588565453 147.54665439748337
39.70592040109835 33.26393470939731 47.843791142940574 67.52232624845955 59.38317049159901 45.54104328408288 87.76142523380247 46.4934112068226 82.8357157527872 64.4218242964964 2.6322388306280233 0.0 60.513303708669525 83.65636689866115 16.58027181398569 4.059949766082084 61.629017904877045 51.63130146697845 15.267290889905833 104.18750636255137 18.511326412033203 29.815403340714177 47.74986248181238 41.24897853585977 53.28477469590557 39.142168395906594 95.97775661998757 48.15810730159803 55.50641972628582 58.54357578908494 50.585283906954864 13.7495912125695 64.06688882806468 80.41003508624489 11.539040547967907 7.443902635589649 61.258986175090186 56.88403698804731 18.48228689358795 55.48547910889718 51.73254962479113 42.260077306941064 38.65589003539192 42.44228778025244 52.03002985533272 64.89689113152942 79.465685722113 94.95625410070807 110.98329349501304 127.34441068822642 42.12673874596185 29.80671934222305 24.513864820374707 30.201477924692497 42.685356026971334 57.71187589522321 73.74274384223378 90.24430491280037 106.99900709215412 123.90420137275927 35.73272727547805 19.8212427823942 10.375384709106422 20.521418708640905 36.514678134925774 53.33130308085973 70.38357146965377 87.53387603008231 104.73406727692155 121.96304079251424 34.39128977138641 17.298688774668797 3.8002616180216124 18.120509851201092 35.22750771810133 52.46251287013157 69.73067292896592 87.01225069758902 104.30057684235636 121.59277290072731 38.632402145690975 24.648138976479935 17.92515102695988 25.175451307917815 39.30658574149017 55.27136728553197 71.85786265546386 88.71805246970796 105.72107295799418 122.80761265277572 46.96731252268976 36.30062865070192 32.06635906886078 36.571514544921776 47.385741705176976 61.2539786986001 76.53365171224533 92.52814885672667 108.9230249561504 125.56154247412947 57.64675635801025 49.293500343563814 46.20879720406008 49.389875555679374 57.81150215284277 69.59657218743031 83.33006086921331 98.19785299908648 113.75605798132945 129.7565652504291 69.59961803244325 62.80012360736148 60.35146986877391 62.76495838427917 69.53614730500823 79.5600858363894 91.77709098422413 105.42749781415016 120.02323048184138 135.25860456465833 82.27260635076807 76.54889370164358 74.4940992102043 76.40480892204853 82.00429961101433 90.61126752085381 101.46321878958862 113.92038470070517 127.51317441995104 141.91564947936197 95.37895957511492 90.42928009084237 88.63655251985887 90.18922975791948 94.92328935938558 102.39843523076111 112.06749389753477 123.415889634652 136.0239516195855 149.57347354030387
41.589315374692696 52.91349457508446 28.238344502727333 32.55282584718476 14.779008403529104 14.98959024709986 27.377052194598225 19.078369705155705 25.09825947242013 9.770517855869915 59.7497542386084 60.513303708669525 0.0 28.592941391450736 73.28615420365699 61.89644355818533 9.350700589278038 54.55086815164368 54.06706078526341 48.05232492917638 49.30159820520852 46.78957719708984 37.74739309233045 24.450924423226937 17.47274277279844 21.666390720425827 35.91996451790066 13.52915881320437 16.89773912893848 3.2825112568885273 33.95715877635758 47.21374572111481 3.5565329903929532 25.289185900320025 71.97695594666166 54.0738881491379 13.790591748692979 62.65777922283291 74.04218557313395 5.875386547142276 103.15829462265692 87.51162006977964 72.61982563061491 59.05675263503471 47.963178782307146 41.37557898131744 41.4983865138074 48.280422124637234 59.48603002253823 73.10869924352623 98.40439617085751 81.88078532712397 65.75873286907351 50.42488486959814 36.875970530218716 27.851669858142397 28.1123451201829 37.464683441249974 51.14304630598781 66.53066953236196 95.5115260084115 78.39680017414342 61.3871140095599 44.60280335482368 28.445653088253554 15.086852022762404 15.645569345083098 29.337133263876098 45.555062813960504 62.358423004806156 94.65052041187926 77.35035526085416 60.051207318197406 42.7543113430533 25.464256775272535 8.224305713448404 9.250061214517919 26.499087854665614 43.78987643781597 61.086974850630654 95.87614806653052 78.83858753175276 61.94773988774405 45.367769922000726 29.625311736913503 17.198724390316094 17.68178789421787 30.46649968334654 46.28695345456487 62.89251938483115 99.1110111099454 82.72479207563383 66.80194142676024 51.77177789699836 38.6890688531646 30.200671594507227 30.43068409916126 39.22603674443062 52.44088897541445 67.52866923212693 104.16804817838336 88.69426975646168 74.03424369903986 60.77968014787971 50.05970759164276 43.77766161002631 43.8827701333301 50.335036502998335 61.15749186762116 74.46855880038434 110.7979705776228 96.36054701614209 83.02540245703274 71.41272701838142 62.49028246599485 57.52382915604338 57.546886402103766 62.55393707903917 71.50554977912383 83.13717549789159 118.73750971733219 105.35376361794582 93.26802111703823 83.04890714707844 75.45864532716313 71.34130845618338 71.30109670516836 75.34453830219189 82.87606092188788 93.05252525828652 127.7426083693263 115.36389803729938 104.39426358800138 95.32142410287429 88.72916003066216 85.19525873394409 85.10157875271163 88.45905056088603 94.90209096921625 103.85802057800296
52.87321682789518 65.73849264175675 56.71627934372465 25.646267172295914 24.28319843119549 41.1118160612479 17.604893602719798 47.58281650947993 6.239957212443581 20.40971526843675 82.3071451023555 83.65636689866115 28.592941391450736 0.0 98.26178828513734 84.07712199444371 22.84497418149561 58.74391722880142 80.21682648416456 20.588879124771797 75.7786621194914 61.883674032843594 66.14821731284854 52.699089629770285 30.516590346431247 47.88852797664636 19.008429646537152 36.50732416937634 28.300763696338148 28.485981404842928 40.41906462117958 71.61452143678899 26.23220265124392 3.399631693320325 95.1321048047502 76.48085418673814 22.408586508815976 65.0263841095882 93.72110588042206 34.331399167254844 130.12176669949784 115.10603189485438 100.82568342719516 87.64093649371998 76.12321926869095 67.13606129270332 61.79362743787907 61.06021216843266 65.0917973348528 73.1042413442807 124.07508055908772 108.25614537328336 92.96700051190585 78.51774407973582 65.46687608948494 54.82235285918341 48.20551482776211 47.336621397891 52.501833965097795 62.21601235010688 119.38440273804727 102.87193860473874 86.66801087788598 70.98422845238703 56.25731499797868 43.47089273332796 34.83187852815298 33.69731786241168 40.69971649775744 52.68902008392676 116.21411502721324 99.19245491005908 82.28777232128728 65.59057568859984 49.312083182662334 34.05805719047336 22.066552846142187 20.313198482568367 30.61096362143426 45.38885257663643 114.69041397656606 97.41111719961896 80.14158664772862 62.88986823911889 45.67614918352929 28.569199178928386 12.033334517202439 8.492149190284612 24.457013646944738 41.507684777307404 114.878858962303 97.63190413842048 80.4085718628865 63.228169406506325 46.13867833075066 29.299609619714374 13.6700352515773 10.676415964458926 25.294566730194465 42.00425702763558 116.7711584552032 99.8415311788007 83.06545860660434 66.55915146123016 50.58737033417381 35.87136177836679 24.761629970420522 23.19985358177813 32.58894380166391 46.73923913004394 120.28690041119664 103.91317251126229 87.89575429462357 72.47128407669184 58.11383311761908 45.83727058664636 37.73062869125917 36.67223063134054 43.18346731053546 54.62122655021738 125.28944563987484 109.63952308877123 94.56694026805268 80.39706894349371 67.69913243582141 57.45744255936919 51.168781630603824 50.3371836412939 55.209792932089336 64.50667988277299 131.60929368329343 116.77733773722434 102.72088701244347 89.8048341867678 78.5934440876129 69.91168900631324 64.78466378746464 64.07148086869273 67.91134114189501 75.61375170500048
56.28326054055352 49.39505407213636 55.38130780769451 83.61160581560974 74.17599420705943 58.425696086996126 100.645684322396 56.96042788878417 96.8727425505627 78.42099035767926 18.9530398211041 16.58027181398569 73.28615420365699 98.26178828513734 0.0 18.733936251352084 75.71912836387247 67.8802877826674 19.926669224054137 118.85059216272627 24.903788497410897 46.359239899402894 52.42738834883926 51.22963206493085 68.33906411305885 51.63039563533667 109.18463182597654 61.9948780713226 70.53601338068667 71.75104626384908 66.96589439176061 26.647354674798056 76.7744942421374 94.93858931565066 10.16898852886418 23.822053435850048 75.90459566696133 72.68244898925073 25.467003920154117 67.81726272317434 35.17017626327236 27.27705566070573 29.152089670744395 39.42538520227407 53.456409943268085 68.98930807850472 85.20664054912004 101.78176976985685 118.5647326168111 135.47831222219114 26.02536389170059 13.673807543738066 17.185438436647466 31.660991933994968 48.0438379055215 64.90543232728747 81.95079477912878 99.08513116855052 116.26911243680762 133.48356688882834 22.862407804025334 5.748883314528536 11.921544291906606 29.153222247584733 46.43717375878532 63.730882907448965 81.02810225962028 98.32697933731248 115.6267701078666 132.9271178342684 27.803846302252744 16.800889707338072 19.753437354462314 33.11856044989894 49.01216350887265 65.62208213658667 82.51688022830474 99.55162353173249 116.6650262052764 133.8269154452436 37.79429250225321 30.571721808485282 32.24222335289033 41.751657726946405 55.18650236186373 70.33212869410403 86.29238537663431 102.68813166506999 119.3400107220058 136.15407851630417 49.88731715197553 44.61077467983788 45.71872706485442 52.810858479090385 63.92554672486342 77.34771009299358 92.07369315277073 107.5693528209497 123.5454181381044 139.83733049598285 62.881208722031495 58.72587172465109 59.515598213226674 65.07058992280963 74.33003253314575 86.10704164522495 99.51174968883105 113.97127204557562 129.13175518455768 144.77315483747594 76.31706052743957 72.87269585836432 73.45238973766037 77.96643506695497 85.79606120400186 96.13454592943475 108.26553193599118 121.6539665216898 135.9287953875284 150.83857245272233 89.9969988442913 87.03562551476445 87.4620888271386 91.22889027458443 97.95141869660887 107.07439933700455 118.04257759874555 130.39114165503406 143.7648290789608 157.9033846971476 103.82443024385829 101.20774037551693 101.51435651990977 104.71860349828509 110.56885062498738 118.67442440866472 128.609606011001 139.98537772227306 152.47965326707143 165.83982274982984
