0.0 64.6977422984984 9.471995227182175 34.067067437796936 67.03923930954238 11.641342967721817 30.19815590154645 36.61880270397449 52.69829389876833 44.72143548799794 68.3476152030966 57.72337769274671 28.79705034908808 31.87187500922396 52.267502822038985 58.41100673160043 67.25397325874397 46.61547065385088 75.62103386032466 21.335545036623266 8.117516537802636 56.812572181991 22.35635222477231 36.61582094799277 49.753007416019905 21.932834052479656 57.47881687786092 33.57045115297094 59.16025703301896 45.02360205467956 65.19983984071763 56.41010026821057 66.62721443616316 32.49800519998821 42.69662327454786 63.983384671219156 65.47906499872067 47.710986026707246 77.78534365927936 28.687623143208842 108.83467557869147 98.23739387561935 89.74890195577181 84.0108692325778 81.60556228979972 82.82385130298181 87.51453475406794 95.16553022005563 105.13250396874545 116.82418216533266 98.57320966978067 86.78718733463347 77.11060414444748 70.41850483465583 67.6030882471742 69.13957205412794 74.76011284716098 83.64544032792898 94.88274905226768 107.73858924574552 89.37607779426068 76.23209032568573 65.06365661646028 57.043200582969746 53.6029248912056 55.5996392505158 62.51452404365324 72.96239477723857 85.66011843481412 99.75219412140444 81.60409378390149 66.99669598901792 54.00548433437811 44.083254379060854 39.607830146237184 42.34303974624076 51.1448114162886 63.540194903688196 77.83075815907937 93.14828702831466 75.6976297148437 59.69683258952339 44.67664819136703 32.04690876943361 25.62647508799691 29.7512770298164 41.37959811400682 56.018873524241386 71.85170587679002 88.23792540314794 72.11661114807947 55.10724502360524 38.36045169024088 22.47115935720217 11.708744639377684 19.182005849280664 34.60515777988025 51.242535951398615 68.21136991493992 85.31411037913914 71.21277308923685 53.92452782395208 36.649200880170305 19.421295616326212 3.1500945733862418 15.536184936104414 32.73433309324355 50.004136407827794 67.29044751573838 84.58314589789936 73.08552069561507 56.36357338460962 40.136314535435645 25.371388507246806 16.589250603614584 22.481356429359327 36.528506795731644 52.55439563960615 69.197611691739 86.10090996666602 77.53389324064851 61.99836869873209 47.6948621949456 36.11801595597572 30.543924301753023 34.05966214272969 44.563425554629404 58.3990260823949 73.71365298125417 89.75337354371118 84.15036119582706 70.06198056592729 57.74757856281256 48.57559486700066 44.53198717054969 46.96074130515167 55.01116654258371 66.67720407019704 80.40009028926521 95.2953481125482
64.6977422984984 0.0 60.72871897741354 53.96505927198581 3.5565329903929532 58.52035476234997 40.28695482474258 94.83654628320228 42.08543903334428 75.49504168564802 104.13344812270519 7.446114510973607 73.72471000644344 62.573600794002076 56.196748013509975 33.7345361995575 41.635913497240736 22.649035089204574 115.96156998728425 84.96703842577291 56.66101749971151 10.837515587457629 53.3103910395079 47.40998712389864 15.377653688733169 68.47711276782846 101.19713744804459 56.38807660543816 38.18058053510791 78.03012475335942 107.07828605358586 13.529651363861438 41.371964141859124 55.25752140663909 96.83639654070237 14.88890577708953 39.56091947422087 19.59357481150989 119.15398758728094 67.67307642988995 44.15981267138985 34.77786192464691 32.67443590118526 39.04415832633769 50.79352610206429 65.07093625278245 80.54302981715125 96.63767906828491 113.08939311626192 129.76243335823096 35.0506777288626 22.16434441574095 18.779730924349174 28.50982988179734 43.262622230587034 59.40715900214396 76.06233348498826 92.95406707431611 109.9734084771649 127.06909354525169 30.186663508114556 13.243601402520229 6.185856964780132 22.357329862754163 39.498722697302355 56.73765517508381 74.00599609988512 91.28705782653213 108.57476649033215 125.86638325680596 31.593472399893873 16.183591085724135 11.152705615443754 24.198557077398412 40.56440048463417 57.481163077030665 74.57486661504413 91.74666453095931 108.95964057571395 126.1969460649927 38.591285384933535 27.40080033201806 24.719043554502218 32.71038174507072 46.12610690052561 61.514039908708654 77.71130662996165 94.30179189427392 111.10949300043717 128.04890323257777 48.832848595060966 40.522484303356414 38.70662350543892 44.193212251958414 54.83232305809979 68.25564908137302 83.1251463020908 98.78994179803693 114.9252869888193 131.35789627770743 60.697727768362874 54.182096299035045 52.781483121984124 56.87504162510701 65.4397108581775 76.99766978583283 90.40811105966259 104.96338378541711 120.24848158289872 136.01758234448099 73.4027928697025 68.0563657561452 66.88841100680587 70.10807244782958 77.16810096045663 87.14001077157269 99.14907380443101 112.54504823571615 126.88943460732746 141.89489431722487 86.57881046759248 82.03630704445608 81.01050754513143 83.6309177261558 89.57812162773453 98.24983845429517 108.99772036620058 121.27100535513843 134.65322810780086 148.84558557094348 100.03971941043267 96.07564701806255 95.14086186957447 97.32269212180061 102.42215758029862 110.03435591461948 119.68078273286733 130.9125249334544 143.35744754638395 156.72681806806827
9.471995227182175 60.72871897741354 0.0 24.642441645065794 63.41115008070192 2.6062472573055477 22.98080542694086 35.48309180048829 43.98234672300569 36.25900788334524 61.58961400348641 53.451205893805714 21.743437606884296 22.6232998684182 42.84177009094693 50.43828600376185 58.7766918960464 40.76107736914815 69.89261796104864 24.47676289765539 8.047596685462528 51.8625318645985 13.180004911257756 27.58412597100319 45.40246435240736 14.411794864993738 51.95004375871746 24.09963571811165 50.80012979370025 36.874954088010426 59.51154182222267 51.011757152998214 58.15400278903492 23.04103544332892 39.830742455840706 58.08464785897448 57.11492200232296 42.433393983975776 72.31503920415471 20.21968427392758 104.77181226700769 93.09137930208836 83.38803732116527 76.418664277024 72.97086641582189 73.54162124390295 78.04281119347884 85.85847842058928 96.18401045915691 108.30391051307534 95.40080877713784 82.45466227179203 71.3787433206511 63.16466827790253 59.019677162840665 59.79603598371263 65.31849814195552 74.53954073346569 86.28138106715879 99.65694635852277 87.32034569696214 73.00038955078684 60.26586715980767 50.3348426308539 45.09902204173216 46.18388207930897 53.204171895142565 64.24266976433967 77.60322865703743 92.28274673796257 80.91810112324126 65.24478938156135 50.64321230420204 38.35748066025178 31.250066429265342 32.87165861660919 42.228357625144085 55.53945799458018 70.60267388698216 86.5075296411185 76.61604686654304 59.85201464162318 43.511158352050884 28.33532020126606 17.64290412570441 20.45399683156173 33.52867626520731 49.281746145136985 65.8173312997266 82.6671876924782 74.77761087919886 57.490954620041144 40.21743656849658 22.986694235018533 6.1682725509998635 12.100439139503369 29.2148461431932 46.46834847149114 63.74810703747216 81.03732756420608 75.58280502537626 58.52969435232336 41.68216416691939 25.45178739302483 12.525858715794161 16.270026885225665 31.164778137071686 47.712535051330285 64.65633448404535 81.75029149786384 78.95077510549253 62.79974289440298 47.46684106020228 34.07498742046496 25.842194373691108 27.807260333915067 38.4366871542425 52.727835024498894 68.42353928416118 84.74696068140179 84.57586584757674 69.70975697580782 56.254150006950525 45.47872700646983 39.633393358142506 40.89013536170251 48.70222287096143 60.58478271853693 74.61790216322343 89.79895762755281 92.04511866603585 78.56614769036138 66.87058351388416 58.04661919724086 53.53358520855021 54.41488008542633 60.455051803030806 70.33738043581991 82.6957107033527 96.58423129437426
34.067067437796936 53.96505927198581 24.642441645065794 0.0 57.35364321620901 22.45019037632599 16.657778176661314 45.73691082276179 22.076691976675143 22.08577050947185 51.24798204270009 46.72131260322165 22.060441076314866 9.068833427071645 18.20140080510954 31.169297876676016 37.0296057055628 31.325765444159597 62.49020641272877 43.95813329316819 29.376644801180856 43.26456130454961 12.070278938678019 6.818801170005062 39.843323412031424 20.055917212494418 47.232234059286455 2.4735799303620976 29.926655523703783 24.384603313708197 53.25007924404439 41.09227212342642 36.44674505606076 2.007120387221339 45.172743516112895 45.57414308819943 35.86021182571469 34.569982963763465 65.58180804339607 15.495382511803836 94.9532240765482 80.60397044057378 67.65047842277895 57.05152323024635 50.317663569750565 49.066894374886026 53.68384181798562 62.88920029139065 75.01233262823507 88.86703815960145 88.44319750817701 72.85979344210382 58.25467750379959 45.57820792353025 36.8760933376872 35.228214801516486 41.48391992427194 52.910412419167685 66.90900917131823 82.17558585095495 83.8270336828225 67.208347319557 51.04570289873094 35.95938098883045 24.066612546778586 21.541542646045112 30.782880654450018 45.0537998942454 60.916463210879925 77.39830461312111 81.42753397991528 64.20474062999281 47.04006290493005 30.033309612172104 13.782061669064747 8.752378583531888 23.70604157845645 40.57169029260244 57.696282969574156 74.90242621727349 81.44089875344528 64.22161205961264 47.06298205861918 30.069028316819022 13.859365300820734 8.873043904068126 23.75064564730148 40.59764510610015 57.71445024092848 74.9163540491286 83.86597429312073 67.25668834360813 51.109040687346315 36.048819443507945 24.19942472139743 21.689130013074532 30.885854284857878 45.123885685747965 60.9680699557233 77.43873371321061 88.50470342671235 72.93410057259808 58.34716023378449 45.69580693897073 37.02067016927198 35.37881924717971 41.611287728673666 53.009860074283104 66.98730362710994 82.23904190070003 95.03342162315404 80.69799731177736 67.76196671696127 57.18306843187571 50.46607093966166 49.21836177527444 53.82166640455761 63.00633485767044 75.11009591671142 88.94917989296424 103.09360127118443 90.00997888287449 78.57478036837846 69.60524447024495 64.14419804020646 63.10911474149466 66.70634693557672 74.26578765646238 84.73353437386265 97.17422814164851 112.35603195583465 100.44027516530838 90.28457437458137 82.54116791980405 77.93246416201605 77.02323075934396 79.93980060229885 86.29513254765415 95.40446855127067 106.56387696710489
67.03923930954238 3.5565329903929532 63.41115008070192 57.35364321620901 0.0 61.256664930344506 43.405000458741185 97.78009588913484 45.63285245973489 78.95315895471593 107.63520398689798 10.660365777160637 76.90616049077633 65.90505934542541 59.75307423929762 37.19505464878146 44.8848738827727 26.02824427560301 119.43546568809359 87.52437743407543 59.059005655228546 14.352618485194736 56.38430531345889 50.83635280585853 18.308999325209626 71.53929751143238 104.58260505623683 59.7666187054464 41.63638342298193 81.47421356169107 110.51168952133551 17.083109136098013 44.63990627229915 58.61510384887956 99.94589969538993 18.040384876024095 42.84845132319947 22.871610643178727 122.62034886752352 70.90989249545989 41.8444814512066 33.666555957526064 33.38595211964382 41.164487785021144 53.601462265649744 68.19403864058089 83.82389576847943 100.00586254800362 116.51011987144376 133.21693573673858 32.07394832249522 20.359636843390525 19.97507038268098 31.340134559209567 46.52006668712305 62.80717433485397 79.5240697161835 96.44753057192625 113.48518236085296 130.59233917166114 26.66687559816196 9.917171450783988 9.181059240197435 25.864008423507038 43.03853550553926 60.28596577116165 77.55767739708787 94.84040542546414 112.12905601612263 129.4212557064258 28.250972015622537 13.599555896356303 13.057240150231435 27.472681323739153 44.019518590053174 60.98689132664084 78.10119659435333 95.28329341618428 112.50212530422559 129.74306721613334 35.912705579361294 25.9674117521996 25.643736524322968 35.20804839084821 49.1967765080391 64.80547557701927 81.10417504288559 97.74832710887434 114.58749667510983 131.5468130907706 46.75393327306287 39.57801136577405 39.3142978307593 46.081616370007055 57.44669741306751 71.24210161855818 86.3102390520788 102.0890983900423 118.29461939331976 134.77298047800866 59.04852454241114 53.49086611295539 53.24018441625181 58.36490116608225 67.65431332729293 79.66461264263953 93.35145888004249 108.07978170805247 123.4774616040827 139.32274690421028 72.0562132191133 67.51925183712638 67.26286137591707 71.33321329491265 79.06487060653626 89.51408746882416 101.84783548333687 115.46377343266897 129.95951678405876 145.0715708682305 85.45182786645746 81.60345985191648 81.33213252187966 84.67224012622174 91.227967542498 100.37119717337832 111.4670073505276 123.99230451194737 137.55715456704814 151.88328186390873 99.07799624371391 95.71869588774634 95.42723520084208 98.230925713707 103.87945604255756 111.94300818252538 121.94343707463115 133.4460028645871 146.09633323443373 159.62177343976438
11.641342967721817 58.52035476234997 2.6062472573055477 22.45019037632599 61.256664930344506 0.0 20.41653862236458 37.16058875761174 41.441199577157064 35.351790419738755 61.430751041610954 51.206769683442104 21.783165908008417 21.1436040420566 40.6435357138401 47.834305220754494 56.20643780876354 38.307542977595496 70.10563854263339 26.911863887738967 8.359971440454013 49.51376748219861 10.749558106458247 25.110895084744545 43.166193980518784 14.444596577762164 52.297134510343774 22.066160295496623 48.216438332146495 36.15562473981281 59.77075898397561 48.60002686892289 55.58315501024312 20.930339368483118 41.06335386127661 55.60095433232048 54.53305031584683 40.056708482166115 72.61285145592922 19.479323657353135 102.50267958132086 90.6749929346048 80.84428694247222 73.8128205963751 70.4241123722395 71.20019724993088 76.01361680251892 84.17458735367711 94.8226857793108 107.21945572359822 93.28554139815013 80.15987726272739 68.90368404385488 60.568370378631016 56.46269006577311 57.49992445482506 63.42826908284722 73.06673243658913 85.16482561745447 98.82330554594047 85.42255509009544 70.90033339913255 57.925870476555254 47.77719645752364 42.52786579200891 43.96911498943995 51.54271639838643 63.07713524780767 76.80822354981113 91.75503394899162 79.3175984683351 63.44862801 48.568354411547524 35.927028662719934 28.65881036001099 30.832014504754373 40.970825108092214 54.820740473586596 70.21914515624442 86.3414893962753 75.39901930548325 58.499859766311204 41.9305101322231 26.32136725279735 15.03907161406171 18.927376543563103 33.00045601930701 49.17852396104187 65.92978801211663 82.90753453378241 74.01495542209572 56.71315095087824 39.41145720620219 22.110134127881683 4.813180537520522 12.497559214418336 29.798068216687145 47.09962161495569 64.40137767777246 81.70320765438191 75.30530472401261 58.37957718977214 41.7633071132852 26.055427153246924 14.570841505036038 18.559262785010116 32.791702045053 49.03935038133659 65.82653510209236 82.82584280382443 79.13934067846297 63.22666745642312 48.279369639149124 35.53721160150143 28.170891087319966 30.38115569728048 40.63422152510578 54.57082661068371 70.0251390253454 86.18453976506439 85.17419883000252 70.60228325196574 57.56236352902606 47.337870996118596 42.036025105537604 43.4958138649278 51.14146342970487 62.75123728254618 76.5420885522259 91.53343596690948 92.98226432368799 79.80835603405018 68.49630823959002 60.1066812242926 55.969459074188734 57.01794372213805 62.993728255373085 72.69162282259171 84.84475583861132 98.54892943821389
30.19815590154645 40.28695482474258 22.98080542694086 16.657778176661314 43.405000458741185 20.41653862236458 0.0 54.79413364319143 24.29507828754568 38.456319910579126 67.58560173595895 32.841595948462036 33.54241285425803 23.606492465248664 29.715122164884317 28.36894877182592 37.799921557580916 18.471845914595516 78.44357677721194 47.18731176552126 22.718289953759946 30.3184943001823 13.059486273067135 12.70796454037401 25.158363956843072 28.21824459970405 62.30793484856348 18.589347349020784 29.60582997321534 40.54447609048447 68.83953698076382 28.93265851872231 37.17352758480091 17.11735427293975 56.55114379501108 35.43170219549796 35.84319341382527 20.848673343341275 81.4312212484549 27.74015546408965 83.44788771040155 70.77451834528867 60.44183282496569 53.81540753545818 52.322855866307215 56.37343903522897 64.9380338176827 76.51556748931979 89.95007573516251 104.52798862246159 75.33027217214062 61.04120921207982 48.745409952720884 40.31013785367257 38.371941429845755 43.80195221003066 54.43824573490298 67.87592086206496 82.76149539389145 98.4403172456005 69.18237167506244 53.307078180751574 38.67556546392431 27.36174135506348 24.499819637519145 32.4118524744756 45.82058430048075 61.214658838158364 77.4186909853493 94.0148058404219 65.56077002415728 48.53752324720442 31.81636158008998 16.351870530119875 11.009068075581492 23.95263230571249 40.31092548269445 57.226968612564825 74.32088713343785 91.49303632743225 64.88989836621319 47.63166903805664 30.423122917609565 13.456241975601577 5.940371662555327 22.095680804403784 39.2410974906178 56.48204919850669 73.75156648093785 91.03339366658179 67.25812092108625 50.79665368269416 35.1519165315646 22.12976414931879 18.50696360179857 28.178022592187297 42.94422228472783 59.10265233510726 75.76775576321101 92.66657503464455 72.367657579916 57.362523517074756 44.07435662886846 34.5448590629121 32.29325363860625 38.614372206845474 50.37850552307694 64.68095905245137 80.17460742944724 96.28612286404478 79.69289704372596 66.32678938747871 55.19267457190247 47.87403103153267 46.220315370548434 50.78794584987938 60.176544593843005 72.5377197026436 86.60789932041789 101.68008091132344 88.68640749681957 76.85464104134765 67.42913829958927 61.52590837705899 60.190381117905325 63.710457731386846 71.37127389376326 82.02067372050088 94.65526380025804 108.5842662609206 98.89398049462844 88.38900471482866 80.27390327159328 75.32509246176686 74.17901440726017 77.00564536888847 83.402033997977 92.63161310870898 103.94238228274666 116.73092365299371
36.61880270397449 94.83654628320228 35.48309180048829 45.73691082276179 97.78009588913484 37.16058875761174 54.79413364319143 0.0 67.54862594402104 36.30231706651115 43.18543322637958 87.41068484942167 23.829559911855984 37.118990719885254 58.83122787161624 76.90449953290576 82.13152110480311 73.2234106087174 45.53528533702421 18.64490835548439 42.245799136911685 85.10727118126937 41.765141460247946 52.15574507177673 79.49008076305844 26.79498179754223 28.975890738881716 43.492672863818605 75.5190843615557 34.24246877755495 36.053320867519076 83.67941244838427 81.58590288368258 43.79799236809574 8.91649134664535 89.65959256198569 81.22306880699725 75.61544647712773 46.7049942948633 30.318950170352224 138.23774657551388 125.12525804758612 113.14443554810815 102.69213144816999 94.27810933553263 88.48574694058759 85.84736686117988 86.65154849245046 90.80687633108411 97.88750786154036 129.8475870055109 115.83331077623397 102.82511430970183 91.25426342985362 81.73350151505049 75.0471729019327 71.98943857520027 73.01759094508175 77.97016175234957 86.17315054573554 122.50266038386414 107.57487161805047 93.46925308396413 80.61852520909576 69.72007607892202 61.81527705207421 58.138326539218234 59.47855593229344 65.52884316108141 75.16020904290507 116.40111237391311 100.60491046488589 85.39426846076779 71.14575314843474 58.565854601318655 48.958191229643475 44.30071874181927 46.11840091454031 53.75838682550238 65.20525618742509 111.74689347122198 95.20694148694655 78.994077719834 63.35989285912391 48.86304157883266 36.87040469705885 30.495339869158077 33.154394369157956 43.21077503665017 56.86683913800846 108.72609952195103 91.65920167107781 74.70050914663847 57.945104751461436 41.63912276549975 26.621611650237476 16.802266251847005 21.32215696668101 35.00949708858046 50.945143804275105 107.47659301438564 90.1803756122793 72.88686999518332 55.5986066583548 38.322681006672816 21.089435015235104 4.428795718737331 13.89884046634667 31.071769721625895 48.33679295828573 108.05985403339842 90.87154805800375 73.73640492458487 56.7026414549665 39.900308980958755 23.824204868772775 11.910658694478899 17.743951518760845 32.96277919896191 49.56767879969203 110.44684215002428 93.68469330429592 77.16118881049391 61.070343362274826 45.86976235822949 32.820631315408285 25.476716072562184 28.62940384488946 39.86142180043515 54.37769406781894 114.52479749534206 98.43801725521897 82.84240061188102 68.07635078028784 54.8144308605634 44.42477039085648 39.25818025297686 41.32257625178219 49.72536574219876 61.9384758211858
52.69829389876833 42.08543903334428 43.98234672300569 22.076691976675143 45.63285245973489 41.441199577157064 24.29507828754568 67.54862594402104 0.0 37.82185391712875 64.26197799849871 36.23474506750336 43.72453937533888 30.431764629349907 14.444847907941153 10.52377983357867 15.052728887939782 23.23464165566125 76.6552327851306 65.65276414204708 46.08942440329813 31.700570794882406 30.925473902001567 16.684073011409534 32.42153182908192 42.110841241411364 64.32842507351114 24.144142566687385 8.01180129473114 40.63740899057626 68.9087564975164 28.701988793927207 14.45196924035775 24.079690302240536 66.15588664305929 29.494821051192964 13.784037159365653 26.70570771725349 79.98825551767278 37.24047395010498 77.56117188855895 61.83737317151445 47.230239955560464 35.16020365855972 28.9912708577569 32.30258751532291 42.95497694115419 56.96939913151034 72.4196405700798 88.55735854584027 73.42887978515434 56.593116984832704 40.15562118157866 24.917452794749853 15.099586549631606 20.828540348674423 35.19049859033091 51.39675872951775 68.14392814942588 85.11331034694672 71.885786650488 54.585464493216335 37.28663495049944 19.99317279310303 2.806130992890499 14.653852202577957 31.94229168378735 49.24020930155114 66.54021360440929 83.84101288385696 73.0960764442677 56.162621395720905 39.549417778239714 23.93293975331856 13.421159337476238 19.65151863798074 34.510137723359705 50.935545355616945 67.79839754547261 84.83824840746907 76.92989074834658 61.047356358510605 46.19590161525456 33.76466960685046 27.290190201587045 30.792304700971943 41.83643814103536 56.13482932906774 71.76810260256542 88.02790477094791 83.02453380240881 68.53600354035225 55.67764028260189 45.84234670810111 41.252238171591934 43.59677550979694 51.9453154167644 63.98951500665336 78.03656544118284 93.18507572991913 90.92644197467868 77.88092425961302 66.79788563663884 58.79774941605422 55.236688860596686 56.953550418328994 63.52181249993667 73.65482380833942 86.10310172072634 100.0057689838947 100.20889376670392 88.49589771393367 78.86644106741925 72.15952628487487 69.22982762855935 70.5494927423592 75.8971864550151 84.51168552364739 95.51312559363701 108.17568776384958 110.52448379356292 99.97707331537106 91.50873438474007 85.73774756982343 83.22712212974298 84.26877219822428 88.73769034451801 96.15720990851423 105.90901735201008 117.41341705381788 121.61046096636427 112.05838330458755 104.5166279650105 99.44363717309763 97.22661995783693 98.0594793174467 101.86743611620774 108.33722720616458 117.02821137178177 127.48692840628138
44.72143548799794 75.49504168564802 36.25900788334524 22.08577050947185 78.95315895471593 35.351790419738755 38.456319910579126 36.30231706651115 37.82185391712875 0.0 29.170148248217767 68.4031289544819 17.42080081642268 15.56140849613907 25.321354738758664 48.30858767396702 50.33684596804966 53.00580223008284 40.518781162665206 43.87904477878997 43.70516704951026 64.68443233128407 29.278825713632248 28.186935797432522 61.79916900801673 22.969813875020222 26.535651468224874 19.9165847462028 45.5219953379176 2.834206256114521 31.67612109813811 62.275436894489566 49.89655250976633 21.34831189429509 31.660777289181485 65.69992128771605 50.07393020270953 56.380523427887375 43.67443187109215 16.074042567953406 114.85326084954025 99.54198924708479 84.99791261657158 71.68949787673262 60.438601021596185 52.582946971826104 49.75750759741518 52.77645539137109 60.77499778952239 72.11482441297896 109.40286068629914 93.23047100521919 77.54716498355235 62.72090676885463 49.52745471703111 39.632469915456575 35.877623228386966 40.02976769256794 50.162416514643304 63.473309632188034 105.56042731475162 88.71145373066068 72.07739907144548 55.850623242969746 40.5233759974003 27.635251287710478 21.999578431713722 28.336672608971515 41.48088480073948 56.895270621237636 103.50525113492539 86.26716237446857 69.06100836512081 51.91854899076347 34.93367806066586 18.544575407167024 8.133509197534636 19.67536396995247 36.14967777840217 53.15253277370468 103.34404514718271 86.07456474952677 68.82138596655311 51.60086313230007 34.46198522643123 17.644296971121953 5.807533519027609 18.837386115271194 35.70266412816032 52.850986520121694 105.08552829314922 88.1484241307684 71.38650293298775 54.96028229086872 39.29305488566477 25.80634416760866 19.664748680207946 26.573463950513624 40.30269639008862 56.04620763785446 108.6382142086424 92.33612546415965 76.47461420609997 61.39610120606956 47.84667116789134 37.52112356633209 33.542116195144885 37.9607755106478 48.53530126852396 62.20159591496191 113.83259986441666 98.36801325523892 83.6263942681036 70.06557037297156 58.51236648971031 50.36777203783687 47.421835005344796 50.591016573237965 58.89629893244724 70.54643609179992 120.45642090449766 105.92943919893142 92.36361819643693 80.24789697944291 70.3356744421983 63.66462405022231 61.30217564195804 63.72930447005364 70.45272801530761 80.40177017926433 128.28836664030922 114.71825529369595 102.28067750024158 91.43895063273025 82.8221721939474 77.17919753824195 75.18264873114788 77.11626689460485 82.70485101342389 91.27952647863805
68.3476152030966 104.13344812270519 61.58961400348641 51.24798204270009 107.63520398689798 61.430751041610954 67.58560173595895 43.18543322637958 64.26197799849871 29.170148248217767 0.0 97.19115838418641 39.86971785806909 44.257980369588765 50.08123859890024 74.67628527584337 74.11587066197771 81.86271353062101 12.639664710674365 59.15256360769485 69.58439011045739 93.2959762265918 57.56650270384824 57.179028324444836 90.82047794445288 47.1779871994137 14.46165605920677 49.08408537314081 71.18377937716586 27.058010535059882 9.895918334778653 90.73889133032196 73.81468414202443 50.50276846358446 34.45496214751307 93.38424053187202 74.48802840793769 85.30786136971614 16.030464651602195 42.43339373134414 141.78544326331925 125.74206582426292 110.08053250399509 94.98990197728105 80.79072126177823 68.04337682464305 57.71796029823415 51.29840227551318 50.302987335549695 55.026869051228225 137.37885964691984 120.77477437121826 104.3975494405162 88.37339923541674 72.93541125082105 58.54910669733435 46.20745323787312 37.96006761627361 36.68121987073655 42.99725814579349 134.29793787516087 117.27475672050765 100.34695879517813 83.57252445853327 67.06662865182565 51.09021082899906 36.34828380964677 25.117662288096696 23.222991006867055 32.34855164249664 132.63513505027754 115.37567511854945 98.13117243459747 80.91119102326097 63.73560933507685 46.653490726107556 29.82585676323932 14.189027504004573 10.573008392968458 24.9191040482336 132.44389847469537 115.1567888103026 97.87491635043571 80.60164990677 63.34403018730513 46.11962520054319 28.98770381558973 12.339675520757087 7.93484007469494 23.924239959937207 133.7305440988171 116.62756144709319 99.59332108121859 82.6703270206662 65.94428092184997 49.61476850513461 34.25367385099837 21.993520448985205 19.819877955678205 30.010865259206277 136.45325456511915 119.72571883362961 103.18775692761139 86.94761049144556 71.20933310774176 56.39467735799661 43.45869887903708 34.57839995655233 33.187065857614876 40.07250052480808 140.52854677131057 124.32962024291113 108.47183730092164 93.12962746149238 78.60546126768322 65.44625717079109 54.647137354064014 47.834189354758806 46.782611389672 51.84417800134093 145.84302368551255 130.27966879352655 115.21324763195237 100.86668699444463 87.59440876845876 75.96162279153243 66.8300203086183 61.327244188101275 60.45250973298597 64.39469523492038 152.26691743309516 137.40101481868686 123.17284726481412 109.83054418471028 97.73757349041247 87.41398521769709 79.5516376698408 74.92935342763725 74.15550997208065 77.34570458914258
57.72337769274671 7.446114510973607 53.451205893805714 46.72131260322165 10.660365777160637 51.206769683442104 32.841595948462036 87.41068484942167 36.23474506750336 68.4031289544819 97.19115838418641 0.0 66.2942265327228 55.24639159164484 49.98578538397353 28.920775986069955 37.93747553496303 15.411256453080302 108.90938272502888 77.7687672668517 49.64356795071366 4.671155099821688 45.86455776939503 40.246857039990445 8.0508392230082 61.03151315598059 93.94239071290275 49.126706834616265 33.33055506994933 70.89882497519017 99.91599778412643 7.784768748734385 37.58467104275491 47.96440914689659 89.39187713807057 13.065097758072763 35.70471408894994 12.211312168338129 112.0775138273695 60.266682792011636 51.329230143013106 40.88254685710343 36.14944818693581 39.254168787374525 48.72067452747045 61.686511344370494 76.39014617985805 92.00212161089479 108.12970694610675 124.57280547218384 42.49608633856966 29.092928326428122 22.036125681645277 26.89785165130316 39.498218235711576 54.73057003228261 70.91877452558315 87.53411389968863 104.37279743293725 121.3418799238497 37.15746174740634 20.569440312600396 8.014991498284154 17.438222539668516 33.80320139645452 50.79305608676824 67.9406062034492 85.15063533890117 102.39164384169874 119.65024053984165 36.86427460771958 20.037436338988297 6.5373064855751934 16.813307393140008 33.486589006170874 50.583884680799386 67.78510561982282 85.0272021575109 102.28950619651475 119.56326550183067 41.72302720604067 27.956926281225048 20.520234012539863 25.67648398340609 38.68068257607669 54.146284529184925 70.47096282167746 87.17341694923955 104.07191836916293 121.08441399388757 50.26112120063489 39.53946227891211 34.63041401561667 37.86647325971464 47.614931943655584 60.821060624221815 75.69629324752383 91.42955721078619 107.6452821833788 124.1545703748504 60.95138627988386 52.410168581243965 48.75737880055931 51.05330684532319 58.6029028949299 69.71988418676077 82.98268620373406 97.51970110288204 112.83953177649303 128.66285281402756 72.85236885540873 65.81749730145731 62.889684656151076 64.62952965390645 70.69323837815082 80.1048436944199 91.84079810065977 105.12550874730405 119.44332197174967 134.46462701377078 85.45961698040291 79.49023864983236 77.02424560551871 78.39295405853812 83.40779666985966 91.47103535412585 101.86130048219903 113.9437722135382 127.2372837614229 141.4006859714821 98.50217543604091 93.3116431130651 91.15985793352411 92.25968480215634 96.50001017812238 103.495542280291 112.734534911766 123.71538397958304 136.01687353110944 149.3129475845022
28.79705034908808 73.72471000644344 21.743437606884296 22.060441076314866 76.90616049077633 21.783165908008417 33.54241285425803 23.829559911855984 43.72453937533888 17.42080081642268 39.86971785806909 66.2942265327228 0.0 13.292794489262072 35.546177537798265 53.196865113453356 58.32008029916081 51.365001598626996 48.332540179078364 26.80805667485718 29.77009734617992 63.444916953211894 20.874065248174293 28.67040145884778 58.69780236678918 7.35517249727679 30.642804814502906 19.74347554395606 51.70378510221718 16.931241186853573 38.02417951567975 61.66718296815064 57.77055529480247 20.179783393775217 23.376909464971046 66.98487723374184 57.39415227535376 54.154492177494845 50.88062988065016 6.565389517621801 116.13176965658674 102.30451754868503 89.69132200664852 78.87676921227883 70.69122113422269 66.11841888457431 65.91459954017851 70.11787286912976 78.01916626781839 88.63496522592531 108.70568130368987 93.83068612937569 79.93854338006567 67.63759548255952 57.95013783029216 52.34780963465346 52.16386124252921 57.45036303718354 66.92324374680652 79.09233490704872 102.68588940252008 86.81872984506485 71.61912081494846 57.61780736664567 45.92419438961629 38.69054380821714 38.51741651905769 45.485505556355875 57.034881444425174 70.96288348290305 98.33110557495388 81.64627994657832 65.2834938927044 49.562737624450115 35.351183673787304 25.330974197514596 25.145996914386938 34.95275251261047 49.08950494706088 64.78097655951775 95.86856100044193 78.67705936500403 61.54747342112914 44.55127866748592 27.933036166564786 13.206275790483605 12.933292822235776 27.54718748614586 44.14904467556672 61.14034580638828 95.4448674078085 78.16260354479451 60.89151001549129 43.64484977284987 26.47042410098076 9.75742348887948 9.404509283401971 26.084397582590142 43.25575476507223 60.501556707315856 97.08672752344958 80.1502024474671 63.41127067936907 47.081159200446784 31.79612963640221 20.101347561361717 19.895891371096692 31.406063409134084 46.64276096027841 62.95605996922573 100.69312940066557 84.4633781139596 68.7584668499294 54.03794844377608 41.36643044654521 33.1808958776404 33.00713138253644 40.9472609642346 53.50321697170375 68.17051312399855 106.06381785239329 90.77116444613951 76.34119725235978 63.36604585043025 52.926707827691814 46.7538266062222 46.57582494515608 52.45376919222319 62.707189394144265 75.57571413441845 112.94732502402533 98.69176905821888 85.56709864487321 74.17605747465971 65.43044150930912 60.48879145403969 60.29379030209544 64.88824584141211 73.37795165864398 84.59822204111508
31.87187500922396 62.573600794002076 22.6232998684182 9.068833427071645 65.90505934542541 21.1436040420566 23.606492465248664 37.118990719885254 30.431764629349907 15.56140849613907 44.257980369588765 55.24639159164484 13.292794489262072 0.0 23.210326442390382 39.9816849001037 45.074842122283805 39.93726222500077 54.858207447028896 37.48772042524658 29.2745528277805 51.975095598778815 13.746802896934822 15.873787160709018 48.08121532405533 13.113841034510328 38.833916857418416 6.627662219403244 38.41267888174125 17.252293885897746 45.24006353115177 49.9165852540687 44.51897662672253 7.419272140989741 36.14787958407841 54.607574024478694 44.11308165927374 43.03972930866453 57.8286237714897 6.860119535752525 103.96703932631043 89.67271078527277 76.62861046946259 65.5849976388948 57.70215748343536 54.37265058343042 56.40860195946191 63.29434973890257 73.68254971768128 86.31778870488537 97.24762607115424 81.82506210581364 67.32225770404278 54.47878080403887 44.74700342278321 40.43954320610246 43.21023693666085 51.93840659389435 64.23999661288651 78.45165283116668 92.21154840127079 75.79959140363168 59.89070561035843 45.02138762056335 32.64451303562886 26.51628334997875 30.647552877550304 42.12056356915224 56.63674970079452 72.38792110010873 89.14463274075086 72.05498218343814 55.0979872810847 38.449561524330356 22.796100421502537 12.63599784250926 19.959647355649604 35.15422361087507 51.69104551887328 68.60628083494278 88.252458254646 70.95333617179183 53.65602514005224 36.363109709659064 19.086541218553666 2.242756701631955 15.635774798906514 32.90347312223672 50.19475298727619 67.491492096451 89.60002480252142 72.61505822511091 55.82509615383404 39.4797224316918 24.486078680541087 15.466093824706094 21.852791822152206 36.257432421919624 52.443977198610824 69.1726284460877 93.09009771018535 76.86110423678248 61.2225593938021 46.770541951879935 35.006782082862756 29.36282293549545 33.12982540431217 43.95116236829369 58.00459807048406 73.45795738136901 98.4951410900906 83.29714773554194 69.09588433808547 56.64602416153959 47.34983931927552 43.2891085990957 45.87582121959486 54.165851154986115 66.04538060716237 79.92965392796899 105.52122643112888 91.46195032737185 78.70543192281694 67.98896379035139 60.408202318237194 57.223248286143686 59.14851569257384 65.73652865748706 75.78082223223318 88.10716408544282 113.86858669500356 100.93676006967391 89.4935347628175 80.17882968336694 73.8030177492914 71.16048666997708 72.6597070741784 78.06241051774964 86.64141950659238 97.56239002087665
52.267502822038985 56.196748013509975 42.84177009094693 18.20140080510954 59.75307423929762 40.6435357138401 29.715122164884317 58.83122787161624 14.444847907941153 25.321354738758664 50.08123859890024 49.98578538397353 35.546177537798265 23.210326442390382 0.0 24.64884810127203 25.061324226945544 35.79675921464228 62.579021379969234 60.68297037853948 47.30001898919239 45.593026629772346 30.111797108231027 17.41692134927427 45.233202840820084 36.29236121540467 51.29231894909747 18.966805944610723 21.113112799064538 28.138594418942883 55.27513109090413 42.69689968558318 24.642930294738456 19.845343725167943 55.918402519814514 43.93703849695993 24.955292802480066 39.40419743513767 65.93743063906064 29.76650711471913 91.72492698954001 75.68764256388165 60.35300362197597 46.42262012515797 35.585714496402375 31.246364541185415 35.84740327780949 46.82356405025818 60.81582674615253 76.17999881227654 87.8668201414308 70.98526020579389 54.36863419247827 38.36276494481443 24.21089046838719 17.301584700598266 24.72315881626679 39.01072241544418 55.05588504147754 71.68805078120533 86.17341451550423 68.88784875619343 51.613250159849116 34.366161069918476 17.229393782660853 3.3740987488551633 18.01750880201651 35.165185244911875 52.41434376200236 69.68967039315542 86.77156391473198 69.63123619468816 52.59683313248426 35.819794931268945 19.96000035229411 10.60464855653467 20.621071256162192 36.56106727509732 53.35642184995376 70.39756328702828 89.61538600446742 73.1288297204947 57.12656742282996 42.16366108948813 29.84651686871465 24.547208878341632 30.216336641706466 42.687224999634225 57.706862660033224 73.73381489984153 94.5023254559197 79.01568583805978 64.4590879470049 51.62534017543482 42.1198741258165 38.492832624523984 42.28497191089567 51.89456478755252 64.78255303974628 79.36761821404875 101.13657979746465 86.8069977283464 73.7631481089917 62.81121927194481 55.210475430356965 52.4389550956336 55.22853890241406 62.84297168758647 73.80370420985808 86.85294757694608 109.20006243308343 96.04028315033652 84.38904119924291 74.95316201889645 68.65227348185867 66.38512444450039 68.55309458038985 74.77138985784383 84.14681599145044 95.75648529945805 118.40102563734355 106.34048076358737 95.89825181269137 87.65462582051336 82.2731671355571 80.33116773307707 82.07314338056138 87.27878949347391 95.38267768480863 105.72041044442068 128.49523556578725 117.42704377299123 108.00863649994766 100.70397416171625 95.99679770741169 94.27698464269534 95.7057177070854 100.14833436202895 107.23088759273487 116.472775945739
