0.0 74.28696345227134 39.91270729453719 46.116297240985574 17.521060319186066 28.182647722293858 60.91274714618064 57.67351836594145 12.128648376336361 59.854126694159476 36.43690411457014 11.77166805279516 8.015584712588998 34.5941958448264 66.99022869543258 68.4673186738511 49.3899867302067 56.62359981617353 23.534302844262495 46.7079059161195 11.158962602226268 39.52449356888661 30.03373950329137 5.323822936652535 22.66967023553412 67.27929454358728 34.84453414636126 49.66711344662571 36.47024584411105 37.29889782562155 42.750687384926465 40.5418302951206 11.176713166472714 25.240607818486325 61.49618045101504 46.20228834779386 51.67231089589304 67.9598945729816 29.4220851782048 12.996707786904729 100.9175161706499 90.77052011723671 83.02357369014263 78.39148211528051 77.43525916798829 80.28635295537578 86.56940448845215 95.6101946966947 106.71007956028467 119.29567067710971 90.42970973152042 79.00415122386146 70.03194507551628 64.54443944879388 63.452264804675245 66.97080756820877 74.44919164206131 84.84673899503845 97.23142502207976 110.93973506780404 81.06300138952918 68.13723389723029 57.55742147964909 50.81075247519806 49.490504567859425 53.996196099891215 63.09175873020947 75.12824050578516 88.91927068152897 103.76763729855337 73.2488999837727 58.67188725194502 46.02267769097109 37.31609402575424 35.575305876748594 41.682387245819676 52.99007386454052 66.91174749725674 82.12870071608303 98.03964765623323 67.528683220167 51.388677569493645 36.3342910033365 24.459693755239243 21.79642011918058 30.831844527257363 44.99814151065958 60.80932689455932 77.26206786505863 94.02016496268193 64.46228976026657 47.306570110965524 30.317481787797643 14.11032175428613 8.81850383191411 23.561498072612242 40.38855933039862 57.49817918776971 74.69644467304357 91.93361972331668 64.4297939640726 47.26248286678174 30.248960233706097 13.963175703211075 8.582209985172803 23.47449153343121 40.33810294607829 57.46291602270787 74.66943322660673 91.91177928281172 67.4355823324263 51.266835040645354 36.16255579838992 24.20504007231889 21.51160022389315 30.63209721426754 44.86215856986671 60.70924657397959 77.18369921043153 93.95608380609258 73.10580957071002 58.4939672678335 45.79668792566478 37.038313241273116 35.28518492465306 41.436210096883514 52.797560017573225 66.76011372782402 82.00579754214274 97.93720682349091 80.88196260046053 67.92273885933325 57.30450986821397 50.525410097359064 49.19887292457221 53.730279599842355 62.86540075382787 74.93914928200569 88.76032556946994 103.63212104332631
74.28696345227134 0.0 93.59039984794848 28.20166300581777 61.73686592811111 60.512184678877205 15.858513908262724 111.63670076279001 82.12109396749818 14.794281733446669 80.45257164789724 62.91729137327192 67.71909457140121 69.80342675540868 66.33446706091031 10.184575980362505 25.910557183477966 17.71615054604128 51.72455408275133 86.42086045968796 82.524717096389 36.083740582536294 84.68224923552977 68.96788197365747 51.79841799978041 31.049031411659314 39.67029315041057 102.11371621492144 39.480509175053236 37.299575389776116 79.61067437273515 60.89415620936591 63.60159358613559 72.56396247152111 71.94190724491104 68.29265866193721 25.44543796643397 9.085244400422528 45.344375631476595 61.55052382298147 144.68162542369134 128.70777695034937 113.12520079588677 98.12048898456662 84.00386751992183 71.30476319752313 60.91624453200619 54.184024750592215 52.53311646596568 56.411419147796416 140.1175566997131 123.57915893812904 107.28184194202225 91.35472048900229 76.03080007165468 61.76071908904425 49.465104309453885 40.96233544957218 38.82957076592186 44.00300518720065 136.8429704899936 119.87091230352073 103.00865603849533 86.32057332858206 69.93146716126351 54.113670893682205 39.55855425343504 28.287446163711003 25.18314049401358 32.663620109474174 134.95181503641217 117.7173993131785 100.50618297453691 83.33254182373089 66.225714289504 49.25536453200262 32.63509817499104 17.39888865117851 11.794321319996317 23.96254786540625 134.5024851041243 117.20438273181294 99.90760598476447 82.61298751027232 65.32224159382658 48.03954993562973 30.778483375554472 13.621500999793495 4.742268421575397 21.404357028044384 135.5093305374744 118.35320460448683 101.2467070982488 84.22008452278872 67.33395767778288 50.728821757023404 34.80915307728387 21.181435264811828 16.862429914593374 26.80936713541311 137.9404544389064 121.11656921062293 104.44896759864258 88.02647020181406 72.0169508435077 56.770873609201075 43.106056429970955 33.0460472769842 30.408214506150163 36.82372750563543 141.7225454300815 125.38773748609631 109.35078259480642 93.76463464535999 78.89691933416312 65.24067109608879 53.727744827984964 45.99673986544072 44.08439300913513 48.681325480328894 146.75113703350613 131.01927350867564 115.73634293825971 101.10612918700863 87.45681722213091 75.32355299289559 65.55362408016047 59.32634206283034 57.798350609145544 61.3219458417386 152.90322810539178 137.8444722837533 123.37539628825203 109.72951643143286 97.25396465415447 86.45686209867318 78.03802192366611 72.82695398493169 71.52821881633615 74.34712803295007
39.91270729453719 93.59039984794848 0.0 68.28197739703319 55.243820086582225 33.32044015494392 85.05340927181145 19.2401635334049 28.878638910542815 82.00679843750548 13.748705461172243 42.07098376026854 38.3388229717789 24.25825242632331 51.69982125618477 84.70318951268486 74.61931332680129 78.39842476291149 47.18401231429609 15.150549897024375 30.587876309604066 67.50452392603576 10.61902255589951 41.5060438649353 49.23269721559532 98.13986590478173 57.91810905703645 10.0648791852652 65.71511352078373 59.55600865803357 18.289336083141603 34.718243039955524 41.5218037732965 21.97242994225567 42.221807701993356 31.377928422492246 78.30350173709293 90.49972350238237 52.803188848824696 43.18354283014914 61.18898872388922 51.040976133316654 45.4419832013826 46.08112540947808 52.73205941193666 63.534036151264644 76.75402985133938 91.34819174944133 106.75442314887046 122.66713201174716 51.610838387480115 39.11146803851011 31.534808833938254 32.52522632173799 41.47343088516113 54.59770631153162 69.57357646768519 85.43280689158102 101.76323199945915 118.36999291699016 44.56740931972208 29.24686781053499 17.978231763063295 19.742507319931594 32.48120395828064 48.15602623995093 64.66598296779529 81.50514143573399 98.50481736947448 115.59421372522381 41.37424297760746 24.12898438327476 7.162497097901571 10.913680126239088 28.02907481579725 45.28645744670344 62.568450460479255 79.85907794289062 97.1537299266549 114.45058199651858 42.899936698934624 26.64951512923889 13.367935184630577 15.681826175771118 30.19686407465113 46.652914960412716 63.55982453783959 80.63449052894713 97.78907800482466 114.98782299779724 48.702996875350365 35.204314518402796 26.559668264185706 27.75245137706858 37.86411887404027 51.9220068977967 67.50413664331113 83.76414799327648 100.37313821665018 117.1828128315666 57.502629738787455 46.57941239960837 40.39104738488065 41.133168793350244 48.48859925685485 60.07542557090806 73.93020406970123 88.9999955423306 104.76177335068009 120.94529722434706 68.14765468685366 59.16990025742826 54.37601186316276 54.87370543713938 60.53260066479656 70.11395902797082 82.25836170397983 95.9979593633278 110.74058716357109 126.13503240583373 79.90378033819482 72.34383939763913 68.42031083268972 68.75854579185034 73.299571306286 81.34253215337576 91.97325029292192 104.40421854616903 118.06817428482249 132.58445442398926 92.34750393380905 85.8328548820577 82.49349610018591 82.71490342054389 86.46972894781138 93.33248752678595 102.6819013183722 113.90729965618183 126.51028968809187 140.1196428177346
46.116297240985574 28.20166300581777 68.28197739703319 0.0 34.73926854635566 35.0742445519189 16.777395708955865 87.11767834548796 54.06244120483484 14.23963536398215 56.096382701578605 34.71713593712212 39.53617905150001 45.96224891337181 54.95374038563971 22.974990938816614 7.483738541885465 10.741479752962102 23.679032079100278 63.77603745690307 54.39815615677297 10.822103947526392 58.59065861652375 40.793458243300755 23.59935888537429 32.800416784028435 11.532946673019586 77.53325059942878 13.790346774339712 9.267880796394929 56.92669504241326 39.46488425293138 35.40285791125702 46.47911041192295 56.871172246985424 48.161181388477786 11.69157874121029 22.761811138518294 17.25208413432315 33.34890742970087 123.93529218961758 109.19611006764849 95.32218858843332 82.7498894306499 72.16276148260621 64.54517386773321 61.019588456762364 62.284799608936716 68.07420752580373 77.37890267456125 117.55812896438414 101.9352865630072 86.9505281369718 72.99786829598862 60.792153640922834 51.588621314227346 47.17826290011629 48.87631192978463 56.13111420451823 67.16556284391446 112.58640647915115 96.18643182801013 80.1665055542932 64.80907157941778 50.7195337766559 39.28657093052586 33.36324933087672 35.797854095594204 45.261181063643434 58.4326181695852 109.21231040701149 92.2327916045905 75.39999155041505 58.83996414317012 42.86998729783058 28.499859955306444 19.630588377719526 23.604867266607425 36.4380473313967 51.93250045967523 107.5863088876462 90.31050805524556 73.04707612314644 55.80749282045666 38.62370566754402 21.62911195372198 6.523786335184411 14.697433524780928 31.43537459791226 48.570201356726095 107.78756568801283 90.54907372671157 73.34046251109275 56.18919275701407 39.1706596421915 22.5869215190014 9.203842859993125 16.061309904980195 32.09258296120869 48.99607473219926 109.80603123051866 92.9318454098543 76.24960618056019 59.9198477042033 44.33379083664679 30.647887788360794 22.62326671240415 26.135082217507918 38.118027273323385 53.119079800044624 113.54480660027055 97.3013926552019 81.4948224442709 66.43762731929336 52.77516204205296 41.89491973461465 36.38485999556536 38.616563034192396 47.511335600988964 60.18406971031593 118.84158866768828 103.40610329784339 88.66240740989964 75.01949121947474 63.19435833082265 54.385945555487446 50.20793274288741 51.79327402228232 58.67666695411045 69.29690139472955 125.49919182079982 110.95987510799034 97.32848574133952 85.04274164442657 74.76894538188728 67.4330482655525 64.05255905271007 65.2452156258031 70.78021984229579 79.75860077540335
17.521060319186066 61.73686592811111 55.243820086582225 34.73926854635566 0.0 33.192881366596396 46.99081403013339 73.85200136982372 29.437974348690776 46.94561713282527 48.7182471793794 14.067843765918239 16.930988211142967 43.410012581989406 70.71482969969128 57.69774326582865 35.8747503752675 44.17998947809288 19.098939907974415 59.014699838107326 28.643450604193255 25.663241622944405 44.757621015062476 13.996924265727936 16.20788442043828 50.5180621925514 25.381110592262797 65.26823072296014 22.279668537041164 27.690297281950876 53.73713883009985 45.361767668913906 14.406514207444392 36.414206817073094 67.48573153898953 53.09902652366926 37.227315498116205 54.336294710622624 21.783013686433556 13.477875203523904 116.385026161709 105.02245168899799 95.46012752337576 88.28497085766904 84.1101406305514 83.38749894124317 86.20390796091641 92.23574177565725 100.9080270287229 111.6069322261959 106.6250332149367 94.14404792524765 83.40261283303032 75.15038197777372 70.26986560498092 69.47530589894359 72.90042705128815 80.00510243449396 89.92135777100182 101.83110903524484 97.93382260583795 84.2221796611762 72.0722974091171 62.4031660360271 56.503033365891774 55.58533078622097 59.87957739108338 68.4112355482416 79.83313272419151 93.08737606274845 90.61957519188175 75.63439714013212 61.870201712112596 50.33872163209053 42.88073154488962 41.74005973606777 47.375238705445064 57.83856070707037 71.02739030460205 85.69239434574808 85.03845479668612 68.88164374451222 53.44654169881711 39.58654718625424 29.603488657434674 28.006218724999805 35.931044486319095 48.95346313069558 64.03556098812763 80.02108793026417 81.5471751051212 64.54259017137561 47.752097828546404 31.51971558616858 17.476693533354464 14.699996112606408 26.93432154685272 42.81983408760654 59.50068426500564 76.45807601107389 80.41843465743044 63.11707862031707 45.816156503088244 28.516458093678906 11.223643349746371 6.1209117145131025 23.402447579947513 40.7013162881525 58.00201155809286 75.30327445949744 81.75016819551104 64.79770404960556 48.09477584191124 32.03412304971812 18.384101255041987 15.763181197471145 27.526226532007353 43.19283477420292 59.76839773386725 76.66560064722545 85.4273655547726 69.3590180235611 54.057576542197936 40.403952615708924 30.683005024180435 29.139729111081415 36.817257272046135 49.60450240049142 64.53225928724957 80.4172116149133 91.16660688977379 76.28597286125124 62.66142215768028 51.303632681000956 44.00427654027171 42.88816514588711 48.385098878890965 58.664687893197566 71.69852261897373 86.24682842738372
28.182647722293858 60.512184678877205 33.32044015494392 35.0742445519189 33.192881366596396 0.0 51.80995209552324 52.044189531395915 27.863333436187627 48.688244721049806 21.125066249434276 20.060331303917227 20.682152590669244 11.807877608412353 38.99242999473577 52.01856895988697 41.692468664837364 45.08063006165779 16.995866823824578 29.725205330372738 29.213189288106644 35.70841777622947 24.184424334674624 24.966532864304074 19.987460371556576 66.07852690958161 25.347180975108202 42.45907522981405 34.61690594273564 26.67169134978277 23.198759368300006 12.615767409542482 20.07486936778636 12.15724831998779 34.51458445547945 19.90753256324154 45.55735914584602 57.179711807779356 20.98069744909646 20.106855751904245 90.04711020991489 76.38463725456113 64.49375539386493 55.52456290908321 51.04126382612781 52.2124991264961 58.700770373374006 69.02258141404194 81.73832621702773 95.90042818098931 82.81656189892256 67.75273948882968 54.0461972894694 43.01460361901661 37.12448999592938 38.79312233313369 47.225966090485606 59.61865778335547 74.0079981380008 89.43539663114093 77.51217887200752 61.187258581524745 45.58875301167216 31.804075821176184 23.31040810000309 25.960779303013442 37.460112753822884 52.26154496662225 68.24946275461825 84.7550606127286 74.5463549716765 57.40179110198772 40.39165046154414 23.805849185523563 10.033180304821594 15.274952758187167 31.05956985617812 47.903891289581935 64.98909096809943 82.16504312766153 74.20008664821668 56.95344723106902 39.754885433449125 22.713875749836767 7.07833728784184 13.527713678652539 30.24249803525405 47.380711358965655 64.60625667671745 81.86402424812819 76.50895415317493 59.91719231472362 43.87746116395797 29.31049394991481 19.791167400597594 22.868916735920614 35.39768625734841 50.81059757730625 67.15019921056712 83.87665632287934 81.24688114010574 65.83376809182545 51.63160406609875 39.95332585523179 33.54731206211576 35.40175472429968 44.495556180219225 57.49028607718725 72.31265212836792 88.04438944923427 88.02243509777708 73.99817414103104 61.66208830904204 52.224507235593315 47.44773799062913 48.72247107817941 55.63428078619582 66.44674463244426 79.5856093070718 94.08119476269255 96.40686622558094 83.75552448851418 73.03688875214999 65.2110540053272 61.394390787899624 62.32781149596447 67.81545665585566 76.88830500658112 88.44988378549252 101.65455054123954 106.0190452335708 94.61414977923378 85.21926164829753 78.5588544023012 75.36146552521751 76.06505899120508 80.56749806624076 88.28950176476272 98.47657757369437 110.44873186418145
60.91274714618064 15.858513908262724 85.05340927181145 16.777395708955865 46.99081403013339 51.80995209552324 0.0 103.84933826147301 69.88674502436436 4.827411566831637 72.76017572267777 50.10580401459155 55.05691451730654 62.49518164019091 67.01372525059098 17.441466883270195 11.531596474972751 7.542905838243625 39.838022319564466 80.14139856210652 70.04551442964724 21.539979875207433 75.35819585996198 55.67045064111229 39.20082967035286 20.430190526680104 27.803397845213777 94.26170883703239 24.820086693178553 25.79435389063336 73.26647577344039 55.281846173638094 50.812770076670944 63.25437213708793 70.58605170077624 63.672428342835005 9.868697668873471 7.3976908343423124 33.454491609987244 48.69225116795545 140.0195311388511 124.90418146276858 110.4324827970942 96.89326720967847 84.73470640152927 74.6346365458776 67.52318669193504 64.39818145920196 65.82981144643348 71.5450602100415 134.03880225572698 118.19263331611738 102.81681617008401 88.15780091424114 74.63912576249963 62.99921733871938 54.456448051038244 50.604437965926316 52.486327818554265 59.56107061159743 129.31119082608114 112.82813739702857 96.63177573433902 80.89449024716157 65.94576560321606 52.464048906408095 41.89052198804444 36.82203437332512 39.44129278508087 48.5188202239304 125.97792520162606 109.00982706698409 92.16592743691287 75.5293650681051 59.27497633148966 43.83003165507816 30.452119055831595 23.071680897594 27.129032202508014 39.222153706778776 124.15141322449797 106.90356476271866 89.67655272702589 72.48523474290035 55.36287202790743 38.401811667518565 21.97871416272033 9.494304075588929 17.202701539253134 33.17283930193866 123.89833705633102 106.61090189970623 89.32907912676119 72.05690700153508 54.80351093542687 37.594750568433184 20.543106507751528 5.420947786981484 15.344954221636916 32.25309381211883 125.22824001454671 108.14656734773946 91.14801084337161 74.28964700421436 57.694500111077694 41.6781831886818 27.28000154991178 18.709300763137932 23.54971985741845 36.84905148727273 128.09180758811215 111.43497789827796 95.008977982273 78.95800127600376 63.56677201279495 49.45514647863447 38.07357341872704 32.43595139843112 35.401883622115356 45.31229695654522 132.38951902506395 116.32754121846676 100.6772670009903 85.66463962804306 71.69136643741209 59.494341816664985 50.380596883834876 46.211854802493015 48.2863298873012 55.91338776578371 137.98737904955385 122.63234348407578 107.8682646075469 93.97408845368224 81.39651124375042 70.84031857415974 63.32460327615878 60.00296639344669 61.55812313212792 67.6546008979528
57.67351836594145 111.63670076279001 19.2401635334049 87.11767834548796 73.85200136982372 52.044189531395915 103.84933826147301 0.0 45.866950024930915 100.62467686312282 31.233783085290998 61.05883293751214 57.0860466770666 41.837094649596274 62.158438763403154 102.41128953636512 93.62120494217615 97.02752211975906 66.41171059170976 26.50802444838448 47.32354811626331 86.70454313581514 29.776295223055747 59.92515007994208 68.47236694680184 117.34465062369817 76.99175197753236 9.58900351129166 84.94867989043998 78.55184896435495 32.72621716633644 51.276227290769015 60.4821735567552 41.12601744033881 52.17698105077689 45.737712482944424 97.37003657876727 109.050738860923 71.96500598427754 62.22051360826552 43.667982464724055 36.90535930840349 37.627457443211746 45.47914595076657 57.615857486912816 71.89943328138388 87.28216961665147 103.27406699754462 119.63108228909921 136.22175281173293 32.79399791031422 23.116191437442545 24.330670578608505 35.33151527513669 50.033604997586494 66.00847296390626 82.52021930115612 99.30138921711391 116.2353492865617 133.26386668330167 25.472219234714707 10.473551868417074 13.010377606799464 28.767305451406273 45.656972097671606 62.77159899227144 79.96687739112036 97.2000134775687 114.45390802020299 131.72040389722173 25.041200323532752 9.38203250265602 12.153055632855022 28.39162544917718 45.422301099493104 62.60191599138471 79.8343769406482 97.0915496029137 114.3622475914479 131.64114763671415 31.78254066157643 21.66426436166368 22.96219382919282 34.407788017478644 49.388672210718056 65.52325957146417 82.1344366427001 98.98255076486944 115.96437627446844 133.0287161065533 42.403219728409255 35.406825797798724 36.16574718468532 44.28303187887406 56.68086310135104 71.15589404918866 86.6735828286443 102.76267001695821 119.19198976333625 135.83814701447915 54.687841238202815 49.40567036012689 49.89771946928508 56.01202025275584 66.2088534664184 78.92135326841812 93.1249138830451 108.23410289309301 123.91809525412765 139.9838186802938 67.73694528601695 63.49137193792563 63.81777903370349 68.65098387770348 77.14856000070945 88.25835421632702 101.12303359471588 115.15594996778654 129.97927433689716 145.35138374018342 81.18258238636975 77.61651131319194 77.82492049364735 81.77895785069322 88.98068284834258 98.72188292634182 110.33196586534933 123.28406015793792 137.19861719269835 151.81121797268972 94.85612955917868 91.76272368902389 91.87917131714349 95.19369361585713 101.39314082072423 109.99077790985837 120.4742543561409 132.39634895596416 145.40362095422336 159.23035285520785
12.128648376336361 82.12109396749818 28.878638910542815 54.06244120483484 29.437974348690776 27.863333436187627 69.88674502436436 45.866950024930915 0.0 68.22032427789095 28.368058581517715 19.926501271496697 14.950675842854954 29.936794426360407 64.08257604077583 75.27359181836663 58.4108738196972 64.79344100806985 30.404366147114274 38.00060625145991 1.890794713908544 49.0961258458329 20.009832310458073 15.762228989675146 30.689054222176768 78.14901408321361 42.52950400300134 38.26795798778414 46.340865801421366 44.846786384744426 35.395735640140046 38.504898590803535 19.215563738629765 19.864307187717316 57.14277556092961 42.01674849495621 61.172367434766144 76.6091580525497 36.81480377615554 21.348450099037926 89.34364492240394 79.91572492269012 73.41286260240085 70.64745434154983 72.05113682935443 77.39740910271777 85.95371229319902 96.87317214569951 109.45077162403497 123.17962672022392 78.53643857524285 67.67943829876236 59.93111419213228 56.58328749604009 58.397742209298514 64.94322183361751 74.99097095447641 87.34052485885209 101.15229476188046 115.90471984874097 68.95820447417366 56.34030023900438 46.818048224022846 42.52451751455108 44.98271092397493 53.26592453118235 65.19032053955335 79.1264924637163 94.18561710085469 109.90706924031691 61.18898881411302 46.55869780062671 34.49698496564425 28.47948813833463 32.106543875194475 43.00335703960696 57.15292569753742 72.67967223984391 88.86462873329438 105.40502532958645 55.987157011325955 39.50910601000994 24.20929080479157 14.488708048102426 20.795868739017017 35.40799695535543 51.707803436573876 68.50095050530868 85.49722861038775 102.59573371240694 54.098529007284434 36.79686722546102 19.49568255173964 2.206228093898183 15.11181161676017 32.412649721559376 49.714248232259706 67.01601820698446 84.31785409409584 101.61972222674636 55.86020573866695 39.32982625405859 23.91695101930005 13.997089834355537 20.457985396712928 35.21153893314961 51.57410635647952 68.40056347549302 85.41720193209814 102.5293731224187 60.95649452072487 46.2541251507839 34.08670917431478 27.98344458607841 31.66942341094975 42.67951929398426 56.91080859399402 72.49033509439913 88.71058002807824 105.27580498472737 68.64865095667517 55.962733707327644 46.36510323531645 42.02764542926911 44.515481699632836 52.87379492592719 64.87182144055437 78.86553868622254 93.96753756194974 109.72113737269089 78.17402091752302 67.26047492213974 59.459764528940305 56.0861291213764 57.91841099994924 64.51456391097398 74.62180479785684 87.0252648174299 100.88150401377638 115.66960342936277
59.854126694159476 14.794281733446669 82.00679843750548 14.23963536398215 46.94561713282527 48.688244721049806 4.827411566831637 100.62467686312282 68.22032427789095 0.0 69.43751862803748 48.68824472104982 53.572930762069 59.031021362331224 62.302972387485895 13.66995144458678 11.130709948679897 3.6100119596819167 37.88350969999621 76.4857792293003 68.50271985402625 21.289530558866545 72.53428825892932 54.55364366225505 37.61527153168284 25.238466757519934 25.727217461395654 91.03758978316812 24.6863326254167 23.505928906170784 69.60542918318059 51.38286835675352 49.38490193576032 60.38469964719945 66.06834502637878 59.61641354822888 11.281993704142836 8.558025606019548 31.451351179039396 47.296238578308994 136.11547069631524 120.8279356707203 106.16051338518952 92.40895548992776 80.04668260784663 69.8156402815679 62.76680451654731 60.03178958322261 62.182438533893254 68.76184591431311 130.42634512758045 114.41131948814446 98.83102576466254 83.92792374242794 70.13504272015453 58.246503370116834 49.64966461451306 46.21932866150234 49.051672669115305 57.22420768747921 126.05130330361277 109.42116943014433 93.03634782404036 77.05348892578083 61.78532784728921 47.91995159877404 37.06649737711682 32.407362388523886 36.404086154787215 46.89335009514518 123.1305653792883 106.05910121766998 89.07660566418421 72.24584629816015 55.704531621757674 39.81506353472905 25.810765788477177 18.59741600745717 24.984876205020953 38.74707861323503 121.76886767008257 104.48244982933828 87.20218462230407 69.93263312177845 52.68433201314528 35.488279697434805 18.490825941059697 4.807991677430585 17.407941171967778 34.37542057359389 122.0184365316186 104.77187217313029 87.54715727009751 70.36034036210988 53.24813093492897 36.316147960076506 20.026855960483267 9.055413799412856 19.016815740531758 35.21350941262338 123.86952982245971 106.91221029718122 90.08602577200412 73.48111597423146 57.29020690283608 41.99490738056393 29.046303063445166 22.858570258164 28.28518664764234 40.94264732500787 127.2522506832152 110.79621994399612 94.64236048628571 78.97630934510651 64.15641411526042 50.92681515291469 40.86248311524498 36.669490674985816 40.22769645030438 49.90581701896684 132.04889751112827 116.2492064021526 100.94327972198226 86.39394961463435 73.05466731443775 61.71511468445121 53.65843291114164 50.481685217827184 53.06858524977522 60.686489570487495 138.11216702377882 123.06270695129149 108.68570415403735 95.28603264125731 83.33646878697095 73.54725914675468 66.87394792572137 64.29419709107766 66.28767557631151 72.47800612800958
36.43690411457014 80.45257164789724 13.748705461172243 56.096382701578605 48.7182471793794 21.125066249434276 72.76017572267777 31.233783085290998 28.368058581517715 69.43751862803748 0.0 34.70908470812909 32.23952826625183 10.688137540866558 40.017102361143486 71.35206830270711 62.809626730299556 65.84780560545838 36.892949819788974 10.375952368136764 30.258100492128364 56.61506416227981 10.13529156564923 36.242353921138346 39.42881354560625 87.12698448306826 46.43236554009179 21.673447265977384 55.253289467781244 47.79670606256206 7.250719156807369 20.96963231916638 34.32296295048507 12.331020662789523 31.313264661060934 18.36905963468126 66.68227180910525 77.83811002839225 41.79303795478704 35.51148875982994 69.37662558734327 56.6355637177314 46.912288536318705 42.339619651604366 44.533457166983034 52.65471546501038 64.50204766166476 78.4041713345837 93.44848233585792 109.16376897561209 61.7135193370806 46.985358140953075 34.71885649155902 28.317553184386774 31.576547411906393 42.32000213127648 56.423368564141526 71.93691796013877 88.11897364785523 104.65990910309333 56.61744656014605 40.091878018543945 24.65552146745569 14.392477977610799 20.12721375573697 34.66667957173702 50.962390438535074 67.7588697780301 84.7589302414187 101.8606926414942 54.80926131531833 37.5073333117912 20.205409730753765 2.9035696321391606 14.398487935365349 31.700406890701874 49.00233405912961 66.30426301109166 83.60619263930654 100.90812259591533 56.60495518793452 40.07431656823608 24.6270862986856 14.343937579795362 20.092693836453005 34.64674271122766 50.948894492063594 67.74876791490821 84.75089316669938 101.85403706104891 61.69059800965496 46.955385531742735 34.67847023108853 28.26825223159758 31.532548111945545 42.28733635699601 56.39898723746514 71.91788669103607 88.10351190601115 104.64695367527777 69.34604061504535 56.598265468494255 46.86746011903392 42.29017428400908 44.48666904776236 52.61533487465903 64.47005556012977 78.37797855715836 93.42661205535646 109.14513739058556 78.82599229087813 67.83511533282228 59.902977696278064 56.33674338109755 57.94815463844656 64.34941064604612 74.31287054167939 86.61787840129831 100.40721608521676 115.14885703936619 89.55278336290323 79.99691203483764 73.33484959119856 70.39306568583676 71.6313934771004 76.8480231950272 85.31629451049812 96.18113563063126 108.72644984132882 122.43676016658146 101.13030931183218 92.7202631037278 86.97950060684047 84.45412049885743 85.42974903647011 89.79233920192904 97.08637878576064 106.71243750893154 118.10166086374177 130.7942616626522
11.77166805279516 62.91729137327192 42.07098376026854 34.71713593712212 14.067843765918239 20.060331303917227 50.10580401459155 61.05883293751214 19.926501271496697 48.68824472104982 34.70908470812909 0.0 4.9791461865507 29.50407491875155 58.76123559127438 56.80372280883064 38.5923693855238 45.35541260016436 11.762659773140376 44.97295367491893 19.956221281155216 29.17025410708181 31.463271469147234 6.638839165475705 11.119199359013495 58.526862459137725 23.29112545585177 52.13576378094398 26.436682042562122 25.71782850322876 39.67536304296204 32.62272456855721 0.7113065980788735 22.38451351188179 54.56765067629609 39.7462540088041 41.260491931833315 56.962723127595396 17.748008064270078 1.4226131961577468 102.94168047720132 91.1686999489608 81.39510459364254 74.41292350230484 71.04992785145932 71.81636472658658 76.58836183563982 84.69151684731838 95.27968206245623 107.62189151038174 93.67224472600557 80.60751986387376 69.42155861068692 61.15415812738054 57.0877134571751 58.11093455204425 63.98009156355254 73.54400882167099 85.57270631194615 99.17334627885676 85.74039902160827 71.28121360100161 58.389308735530086 48.33545190725072 43.151187954935985 44.56948179177647 52.05340494975291 63.49314766873795 77.14860471281185 92.03879177520804 79.54740514237494 63.73436717452255 48.93933961274009 36.42468768206067 29.277402415403174 31.40516231646454 41.40183155997548 55.142076505652774 70.46910709363507 86.54392535642906 75.52234742894917 58.658002544436215 42.14985267975381 26.667797368039412 15.634745572854808 19.401846276199297 33.27357098138908 49.36134043869529 66.06561776798097 83.01507266341997 74.01980019105152 56.719444662553805 39.42047165589824 22.12612411966121 4.885770336794438 12.52556327073855 29.809768851079927 47.106989957971074 64.40674100656051 81.70741503383594 75.19115937906741 58.232938934339835 41.55902624946302 25.72825113375741 13.980196984794665 18.101427203494314 32.53598290523673 48.869535071932276 65.70072671137983 82.72636992134386 78.91743376693927 62.949965036901986 47.91810548728948 35.047133384209175 27.55300842129013 29.8118261323784 40.21233232848353 54.258901158108266 69.78348678639523 85.98925334466027 84.8626851822067 70.22788617305699 57.1046578858484 46.78283022908549 41.41291769936537 42.89675508347372 50.63535066714348 62.341408179429415 76.20806326375434 91.25564056474106 92.60042389385299 79.36520029503004 67.98183733527303 59.52246697169348 55.344526547610634 56.407515817474824 62.44435715208687 72.2183239696801 84.44153936933019 98.20366338417605
8.015584712588998 67.71909457140121 38.3388229717789 39.53617905150001 16.930988211142967 20.682152590669244 55.05691451730654 57.0860466770666 14.950675842854954 53.572930762069 32.23952826625183 4.9791461865507 0.0 28.484326396952255 59.66713302249745 61.39429398523127 43.550950874992516 50.211827407370954 16.197916984030766 42.609731985473736 14.990317556709103 34.148433485564574 27.828754516124935 4.39411951929313 15.95909431672829 63.38067855128413 28.052267243247584 48.37998420734527 31.397201226977177 30.44893149380419 37.823981078186044 33.236023924165714 4.267839588471826 20.147428608304555 54.70160838387014 39.549483504914235 46.239136691276606 61.88093297592551 22.42243819288918 6.401759382708446 99.45657475238605 88.19649826903363 79.14747763777828 73.13489584565954 70.93512267516921 72.8941639108193 78.7020679539942 87.59657945753186 98.74712567548855 111.47877730429698 89.81457571303959 77.21412143167593 66.75388197221275 59.57212972887364 56.92358206252314 59.417568290815495 66.47780321793917 76.85601402595027 89.40410021460134 103.33458786887932 81.49644118236617 67.40588092784631 55.17372736857621 46.297215356585276 42.911870826560296 46.239914748548195 55.0775391979388 67.2877810764911 81.36621037084048 96.4985981641981 74.94442162225843 59.35688062627755 45.039113228187816 33.6528403029201 28.900088199437075 33.71388486718417 45.13032755419869 59.46071303670363 75.05408597690861 91.2653534812182 70.651693905861 53.861810285206154 37.53984385692165 22.71778291540563 14.888517675621646 22.933616608869745 37.8014033753287 54.135514569573516 70.93006620926934 87.92159667190785 69.04104140810468 51.74096694461671 34.44275718118077 17.152054814211102 0.8922144851857365 17.496076967577824 34.78710927992273 52.085380243222104 69.385476133978 86.68630434979923 70.297085163009 53.39795536179527 36.87432503323665 21.60561991560905 13.137828308763153 21.842962456076553 37.15293044291945 53.686853396146795 70.58986449975733 87.64868777125234 74.2745158618592 58.512682793623135 43.92578250551892 32.154699028483435 27.149308470191365 32.23282815895165 44.04015726296144 58.64150127889719 74.40985064197334 90.73883431378484 80.57125895148255 66.28949174383196 53.81050952956205 44.67158414111704 41.16108838778121 44.62762864667291 53.737515328943076 66.20061285594099 80.47376594160507 95.75091717849027 88.69463604038889 75.91452940501895 65.25328899061093 57.893577454494704 55.17281517270253 57.75042333128314 64.99909147842297 75.586711981563 88.3205457422745 102.40305273184137
34.5941958448264 69.80342675540868 24.25825242632331 45.96224891337181 43.410012581989406 11.807877608412353 62.49518164019091 41.837094649596274 29.936794426360407 59.031021362331224 10.688137540866558 29.50407491875155 28.484326396952255 0.0 34.252825100082106 60.666251713315695 52.88498482855431 55.459361977632874 28.69224334545921 18.016784353297318 31.69106199039652 47.4143650712477 17.66032315501268 32.850704430568236 31.579266971556518 77.6099259647292 36.90395172173484 32.31215805091647 46.40897349322193 38.03493328005129 11.39476594834819 10.883978259720601 29.30882220536745 10.07795893219659 27.307333074610206 12.082370166995192 56.861550685006954 67.37159087429733 32.7585105679261 29.941491526476938 78.39387771239733 64.58044953032122 52.86183393302099 44.90898728072413 42.87149888983228 47.51650578714755 57.23963534143665 69.9545424713253 84.31847245492911 99.62066155223286 71.59598776248917 56.17548200112034 42.23853270550676 31.79956076598504 28.931644223499585 35.51869314625519 47.79983933990571 62.50425002944211 78.2780138686464 94.58764819606449 67.13236149557927 50.391332167198236 34.21302821651013 20.012215930882544 15.137992527229992 25.62306370471889 41.019952633380505 57.51038322798478 74.37045373368423 91.3958267241679 65.48216842226958 48.181407236369594 30.881956336545333 13.588820882222686 3.7855621335931438 21.04087712683939 38.338233420016095 55.638434334277875 72.9394557867916 90.2408258366339 66.85409372683932 50.021723542870305 33.66880646906821 19.071364833329554 13.876530865784154 24.902047824271875 40.57559103108893 57.19578580542077 74.12860422914133 91.20008081512644 71.07332672280877 55.510884025798994 41.35466880733895 30.621380308770796 27.63764000240843 34.47780838214687 47.035192247922105 61.92422193095511 77.81785866138222 94.20901710761886 77.6772157940131 63.712604620565195 51.802966019576104 43.66352890332101 41.571208680988896 46.35226200695802 56.28147263661825 69.17645045871893 83.6771390571582 99.08103284752177 86.11882539261444 73.72701057018043 63.6678142775049 57.1857285429504 55.54748428211253 59.15688428368182 67.17327886273395 78.25381981075164 91.28948309264338 105.55840856078704 95.91404879100021 84.91505689949086 76.29101450155915 70.9137558736521 69.54058184773275 72.39968334573061 79.03306679191742 88.59699214649999 100.25626295050743 113.36621796727201 106.69059205601647 96.87081624509334 89.35159188347853 84.74749689577835 83.54189855531209 85.8780456493887 91.48501495307141 99.81310797237794 110.24737824749484 122.24971011108575
66.99022869543258 66.33446706091031 51.69982125618477 54.95374038563971 70.71482969969128 38.99242999473577 67.01372525059098 62.158438763403154 64.08257604077583 62.302972387485895 40.017102361143486 58.76123559127438 59.66713302249745 34.252825100082106 0.0 56.19033820733365 62.23137123199004 59.61493084241329 51.94960089400795 37.19742837891329 65.78564864716577 62.39351610477986 49.93301384686974 63.95824004098572 55.100738801529005 86.68811809169587 52.534541409408334 54.826859992010014 63.28809055701107 51.951848967232145 33.62106058495278 26.456288582828318 58.865723722713135 44.25165041735465 9.98146777200196 22.350988827557757 66.32970916280335 68.4761697315108 51.941888093190535 58.57761708988926 82.81128093729195 65.76009457449663 48.88542380173682 32.4637045941518 17.79641552559017 13.35086248264368 25.268389073907056 41.200124728398364 57.92341411517722 74.90998839771281 81.8520133387004 64.55351976833947 47.257542625925936 29.968439219935572 12.71428162322235 4.890006011069761 22.020103407114338 39.30103488471587 56.594799457523465 73.8923873070988 83.30921166090643 66.38318991598875 49.716631978124425 33.6967583465032 19.947731371775095 16.095492745189926 26.81287419420137 42.1605027769593 58.607151459990085 75.43739686706581 87.0616034391306 71.01478422582578 55.72419335147351 42.023579471166585 32.02321188431168 29.727097540084124 36.614531512581216 48.95157677289627 63.64431773626432 79.3955342100649 92.83122909573524 77.95038702882938 64.29302410650202 52.81692368973331 45.21466881367133 43.56385534449171 48.476355862397995 58.31645592416385 71.06592259269992 85.43199660980221 100.27039857951186 86.63834545727616 74.54495579596102 64.856729988084 58.775316878476666 57.45761727565669 61.2120507029706 69.21813330982013 80.21273131946593 93.14350225055726 109.03783511208387 96.60693206079758 85.87920464836857 77.56458530104281 72.49814223959727 71.37496057465789 74.37390671119637 81.03863051311137 90.56340267814477 102.15130349972377 118.8398117280037 107.50035332457928 97.92052373449238 90.65985805649724 86.3056698517072 85.30419289748625 87.77026771580255 93.42971880209184 101.75108209318316 112.14335000087523 129.44139611281568 119.0649025834411 110.43773023251448 103.99614763872385 100.16271972255618 99.24014991350586 101.30799337510439 106.19169893417694 113.52845263140982 122.87964609318925 140.66177313307386 131.12298436576506 123.28580735908342 117.4912516903571 114.05107983972486 113.18018405708936 114.93698262812326 119.20535453469084 125.72976491200622 134.18152510657634
