0.0 36.62754829591415 60.88994198425469 38.102661135739794 68.90719007466951 20.018537229715033 31.417002047125937 66.29381281617314 25.729564497780704 76.23451437909776 64.51689459993395 51.73320661071411 9.08842277460416 10.352873106128026 26.8902074963975 53.348990035780965 22.241049891125137 29.27111001702146 31.6020290035878 16.46905579343 24.12441075729969 28.09097914849647 58.109891145655745 42.76531647164927 78.23873966864734 71.13228828832628 28.345755295680558 70.3289706675576 17.523222273098085 72.5639707836892 36.69927176599116 71.85277221029497 10.525163069739454 22.005045336080464 39.57053705264235 32.38789916241482 17.962494562026418 25.396116895088646 21.92867790992039 14.806531599293635 75.4228237119475 62.33102630053102 51.77272576717866 45.54533146062689 45.46474560822543 51.559797899632756 62.036168615512814 75.08171191594816 89.58093827645231 104.93297542260568 67.92451193790532 53.0585597024269 40.19192934123345 31.84777231584121 31.81004573489495 40.10219954932745 52.94528117376145 67.80065028615361 83.60240756451185 99.90248201386981 62.767785941281 46.30711951203297 30.78337106926371 18.697454442934845 18.715926968293722 30.817029274388858 46.344416229853806 62.80631170056482 79.62520275956969 96.61482955983303 60.55393324904173 43.273341628117294 26.021124718925186 8.962663658336808 9.070464172669158 26.132946121771177 43.38550446796304 60.666190708794424 77.95630163451605 95.25070501673852 61.60109457630463 44.72038653282911 28.352143546083468 14.369692726119895 14.416832100205541 28.423845270210744 44.7961813713797 61.67814608380833 78.74263455440018 95.89225329575989 65.753640143169 50.26271110681463 36.4396687457681 26.982757153379282 26.962924613564727 36.39560163889135 50.20946851341709 65.69666683255383 81.91351373322752 98.50028338015927 72.47972345312729 58.75249823967677 47.42475812840813 40.55940352542065 40.49356296806544 47.25566596790985 58.524979170940384 72.22156398488556 87.20918138777982 102.92538184766738 81.14178307593994 69.11184793203597 59.729436188951425 54.38256181460409 54.27725095169671 59.44136919279551 68.69666826971921 80.64668344231403 94.27217154558716 108.94630128670897 91.18968238237146 80.623170642021 72.68647878544701 68.30259024980397 68.1605058250425 72.28524300789601 80.019680340895 90.44243036047456 102.738543201991 116.31540908497624 102.21542578583461 92.8589026571333 86.00139012923067 82.27018398785954 82.09267939712048 85.49101482481045 92.07008194166441 101.21149702048031 112.29120640704765 124.79400510300587
36.62754829591415 0.0 95.8429317369719 53.201105368974595 103.83652850506249 56.50812357167162 37.557972557455685 102.48034001494712 61.93497167388903 112.77767971324059 100.44820972355458 83.61756009525578 44.69863399191043 43.07052659507524 11.1311510719087 87.74517458926631 53.59572436304213 65.48867203493437 59.7532970054569 20.1669948552187 51.27871236007375 8.559236858719743 93.16869347384406 79.23692327044454 112.69368688351172 106.44815963395949 25.195766288833344 106.83574620798787 53.8475971151186 109.00981574039646 69.09981384796014 108.29972626487942 46.63128822524588 57.35654137195903 10.800462341389402 68.69068644210931 47.891863062247204 61.17236743476473 50.530469710282944 47.51451443621872 46.8978288329476 40.65934833895418 41.299692387525816 48.54742321800365 60.05618816332812 73.86030664714423 88.89684912789853 104.63584661621971 120.80304935906332 137.24721781023493 35.484459447878166 26.780953721166053 27.82089900236274 37.808672015287996 51.80443279270594 67.35438481273347 83.5956779330345 100.19267390203555 116.99408855609566 133.92300746794876 26.902022478472055 13.573429072204384 15.603527646620817 30.023575872203754 46.4550651294267 63.3517480349682 80.42094140746433 97.57215068600621 114.76861198496803 131.99263971611478 24.35425646531272 7.3651662435168195 10.680595136826526 27.796009138449264 45.05413086985923 62.33654518592587 79.62743620047377 96.92226730152234 114.21924870501564 131.5175320003757 29.451344635844077 18.08989835971494 19.64228544561206 32.29716033097627 47.94899359120788 64.4501174584211 81.28494034816092 98.28213290001104 115.36995276187636 132.51334493574691 39.32519035607476 31.673811570961757 32.537655076266354 41.386913050225004 54.458819866914865 69.40719318784187 85.25058818855094 101.57103928788868 118.17105471585583 134.9475054909585 51.28729715086682 45.631061863428236 46.18121246797818 52.74389617502665 63.48099245324217 76.65805790827982 91.22380666143397 106.61056036438403 122.50936241849448 138.7442964535027 64.18033236060573 59.70024685073683 60.06513326664886 65.19369097400887 74.1033791358573 85.62184653313079 98.84121992202166 113.16699719763157 128.22888949216113 143.7957693816006 77.54117672734503 73.81724904886826 74.0542066666728 78.21605904106391 85.73310537728086 95.81892256677826 107.75459890007662 120.99391862309093 135.15431994587487 149.97512844451958 91.16423109244931 87.95889573346824 88.0982038413866 91.5668912596172 98.012108961269 106.89680679926379 117.66969438561729 129.86170536733255 143.11060035888087 157.14929595120995
60.88994198425469 95.8429317369719 0.0 58.02471055036671 8.026043191042595 41.6989647924058 86.15228009188837 13.20453929511515 42.65206340678161 35.00275676091097 9.433409049835827 18.390122166929714 51.91902014315363 52.82180821850119 87.36427792590919 8.55823626193128 58.192561456866315 40.47875353521688 39.877078866722314 76.29163968923541 46.83765838243076 87.71266395396867 2.8315766548332437 22.368815249093462 17.51645002426322 10.830160344182802 87.89535735317133 20.7429665356072 43.66836801917986 35.23899556220711 27.991336257990614 34.84430267238339 50.36885173962179 38.9254028675773 100.31659357220101 29.707374772219893 61.46863705614903 45.043498890718524 46.605901160189966 48.32848557775254 136.05642007575307 121.94088847432776 108.7497010824995 96.86124640701834 86.81238962572431 79.30553131434851 75.10679043484062 74.77552413603452 78.36079643706587 85.37058155227288 128.77972731251944 113.80368659103937 99.584313786319 86.49559282974468 75.13078704615764 66.38130988642392 61.37602951784879 61.04302788774701 65.45365585840047 73.76182233278537 122.6877244704524 106.89414353215648 91.6468273789413 77.26983161309154 64.34916975688282 53.94170261934039 47.72108314849039 47.36664580316654 52.99622019360832 63.02620437013057 117.96418987434964 101.46348444858262 85.28092133015991 69.63864367066881 54.99958295008074 42.41551414511283 34.23311027190815 33.814850595544485 41.39674728679621 53.69027411219031 114.77827110783323 97.75856779948191 80.8587376672163 64.17355495331852 47.92772342685098 32.78109226018098 21.233114845378243 20.634973750685745 31.61441027022863 46.6031281262885 113.25984563461427 95.97950413832424 78.70864797973854 61.45527470983121 44.2398438427244 27.134668737698416 10.683172866240895 9.522793087417 25.806016054245344 42.89441469128178 113.47589345745821 96.23318829779507 79.01637742272182 61.84708973859285 44.78002182154266 28.002704094958624 12.718716759701046 11.75131109669798 26.70457088334363 43.43832566671566 115.4166716955969 98.50391273803693 81.75417214090385 65.29302886671137 49.40977325586188 34.90247679333054 24.36701044360272 23.833393131491047 33.77900497223513 48.09077712209107 118.9977957725414 102.65788696310337 86.69207130613951 71.3519152775595 57.143534325115915 45.148403422877756 37.55103544859648 37.15493655070065 44.1543369569891 55.83393904516654 124.07726726934183 108.47892577002719 93.48201776567393 79.42794962332903 66.91346608858363 56.96249585149294 51.095412225032476 50.74896643784517 56.025666134605274 65.58196523684867
38.102661135739794 53.201105368974595 58.02471055036671 0.0 64.80417142252614 40.13193027989825 68.16700375846936 69.35289228372932 50.47704019722347 87.55569899071955 66.04409020509944 40.54447609048447 34.28220748400827 29.787340202245204 50.52182753627694 49.65142095823255 56.9206550289662 52.69329372386914 19.84058896970605 41.34909295358476 18.408082197879274 48.07082493482354 56.16829843207959 53.189543780226295 71.26462858402647 68.46777504989407 61.30645354594062 76.10134207935134 37.973400623431885 85.54891495710625 31.722201076994992 84.90630670308045 35.65900244659176 34.84259947560993 62.220804822241824 44.62938763596251 54.477242058151724 52.08767094300883 20.84805099804647 28.228122654922217 99.98110962756753 91.33855363524096 85.36931879481914 82.65464243857774 83.51251017542997 87.83831116830957 95.16027835028221 104.85260299947755 116.32428056278631 129.10185224432837 88.54910266020953 78.72299919974844 71.77999844752271 68.60113923641747 69.7033355394762 74.8978251985666 83.42364177379604 94.38227771676601 107.02903923533565 120.83503914066526 78.01965357755981 66.7192271699652 58.43409324028724 54.555753871456865 56.007288429501735 62.41795801705394 72.48369235734519 84.91447980902328 98.82181516844678 113.6650010919629 68.80854275508727 55.72423445218501 45.546357208602394 40.52723288401107 42.53408228820586 50.739977409882094 62.75864928072607 76.82093732798059 91.99440398538313 107.81089888025005 61.51105985306923 46.46003557781794 33.647727042305924 26.542689614031023 29.590022244096865 40.562725111680514 54.89817964340991 70.57617016658759 86.87284771486024 103.4963658888177 56.868837484217785 40.143524800188175 24.241562652700765 12.748215804518841 18.33285363623545 33.29238514421259 49.79342491355777 66.7015763721671 83.77068870617231 100.91912183489309 55.551651302765954 38.26357462443376 20.998331145209892 4.058603946855708 13.81043838479556 31.043481409663965 48.325778368830356 65.61842393065551 82.91494346981058 100.21333109585855 57.787338152134126 41.42864574224964 26.305917301175192 16.32122059713457 20.963672345611403 34.803465838268146 50.8114088585935 67.46131977449042 84.37400322904189 101.41808288317185 63.199940916181404 48.66408962925123 36.61780843110934 30.203366640405104 32.89881465667609 43.02475848263034 56.73303152841881 72.00592390562191 88.03282612580585 104.46728225083042 71.0671856541962 58.4779842010701 48.86213734223385 44.20459665235561 46.0357288950619 53.69575751157858 65.1604518450705 78.78603089701794 93.63384491792814 109.20649812734942
68.90719007466951 103.83652850506249 8.026043191042595 64.80417142252614 0.0 49.63580381154453 93.83126885426437 12.698378393333318 50.12096102928502 33.86034416272739 9.904300118963937 24.38298098082717 59.94307816177731 60.8332952500338 95.38951667358414 16.240078741156953 65.59443041407856 47.755586720007855 47.27988753031389 84.31303135591368 54.51588495960685 95.72343951491521 10.799246098361102 29.483480331460488 9.801211488240199 4.011758730331817 95.81827291314914 19.30200386163372 51.651456665079145 35.16376536131774 35.644223692097135 34.914079482199305 58.38438947772829 46.949777507418545 108.34247163228777 37.52694107383098 69.07671461607764 52.44266769131163 54.394547335978615 56.32360308689275 144.02967312214952 129.82297840836904 116.45663741066976 104.25437527118727 93.67222011978431 85.31517200691445 79.88464195842762 77.99434057163623 79.89594480192305 85.33633765577355 136.80335602931228 121.79457247071561 107.47730409452932 94.16749576074245 82.35506645692304 72.77286606743495 66.39364767641163 64.17971813301817 66.54809793892693 73.05447153106775 130.69117721970187 114.91926074597383 99.65636110819693 85.17655346545563 71.95416140508104 60.814953418938295 53.086880751768106 50.3654285143228 53.421316006056344 61.39787252890795 125.85565906750185 109.41473806587526 93.28574344000313 77.66326022591194 62.92567906258452 49.863886922277025 40.148230216826505 36.55216268815412 40.73018342616922 50.79903664211126 122.44821496921021 105.49588075266125 88.67867514928734 72.0912273483249 55.938303146512695 40.740072671202746 28.091357170050625 22.74216872100485 29.051664198450553 42.065463403386715 120.59001293040822 103.34329406821493 86.11872533170988 68.93291296787245 51.82442803652277 34.90715408044911 18.707236147863043 8.951266737364449 20.223819662264845 36.559455697200725 120.35286037316116 103.06773538849173 85.78938536787074 68.52293551111896 51.28040781728068 34.09811206411342 17.157964691444327 4.982343219405741 18.813963461919247 35.80251644680489 121.74623407893964 104.68403230648 87.71578881413498 70.90898726174028 54.41342868803771 38.62990873182387 24.948554179205445 18.74307185640474 26.05546026418282 40.064737070386535 124.71547586867318 108.10734126052839 91.75594228187167 75.82754809539647 60.656323272461826 46.98159695521263 36.524782666303004 32.550843953027695 37.19897219248352 48.027887931620356 129.15190179818984 113.17375784700681 97.64777635830713 82.82861839942855 69.17206705166187 57.51237024034871 49.28766212249797 46.36353719041605 49.684852426154436 58.191877241356494
20.018537229715033 56.50812357167162 41.6989647924058 40.13193027989825 49.63580381154453 0.0 45.29906248534222 46.307482216564296 10.34782433007323 56.91808276011538 44.638174673756254 35.80678114794065 12.092212167336607 15.404159821189783 46.904860376702416 34.80884921028914 20.858260674925262 12.852960219790653 24.04689190671326 36.35728722596253 21.72897611458902 48.01582682494421 38.87558613590783 22.754526947099496 59.20349256527033 51.581061721115404 46.197268650108946 50.339877756294975 2.9133127418573452 53.52501404272929 22.01301245042183 52.816126723076806 9.977996842238626 6.300083302348853 59.480606964285315 12.43065373370349 21.793669306721508 12.059409389215114 19.303478419009902 13.3069983058326 94.41784594910297 80.27614904248193 67.62020297636738 57.440620385921655 51.23533121302677 50.49153130193363 55.429518998864644 64.7624095763816 76.90649573448626 90.7400118596785 87.66196431030617 72.24805128530114 57.91069880984508 45.67520501566533 37.64979235452375 36.70826296672194 43.31504900508854 54.80508703708937 68.77287877101077 83.99123369811456 82.78496635321633 66.27455356927493 50.2990401769947 35.586256194050605 24.525109834239483 23.13636942481507 32.677413656074066 46.89399035734524 62.68165995958215 79.105283351811 80.13072759317104 62.94345515696244 45.84252246609248 28.981174260034358 13.303884147468317 10.620333413446367 25.442148232827822 42.1962985115132 59.2660576209008 76.44028283731497 79.92105299772734 62.677534721963426 45.47840634163164 28.404418070504697 12.002080089432184 8.94440188179883 24.7925021241109 41.8096572112827 58.99271267431441 76.22956315773084 82.17466006144417 65.51413102294579 49.297460897535615 34.162693365816224 22.419885479271414 20.902741247198314 31.143371658172313 45.84327960201642 61.90326849944893 78.49289583742195 86.69964487095535 71.08275009933763 56.45701289057618 43.8262392794396 35.39480465139805 34.402807230798075 41.38867111334896 53.302899074908524 67.58760245104206 83.02816969139936 93.1655773089559 78.8062844896185 65.87669207992313 55.387264316997964 48.93323964937157 48.16510398258168 53.32911911647735 62.982656777755146 75.42106846673809 89.49057205755592 101.20102407819181 88.11982834946687 76.72845567530352 67.8830064210049 62.670919092404695 62.01516369276348 66.0515847245907 74.01647147871847 84.81013585783924 97.49756472091353 110.46390160568077 98.57360776758537 88.48685886374071 80.88125671770267 76.50043554559002 75.90481567761749 79.17986424227067 85.88391126187719 95.29599665981266 106.70188938438693
31.417002047125937 37.557972557455685 86.15228009188837 68.16700375846936 93.83126885426437 45.29906248534222 0.0 88.01551896713434 43.91557700976912 91.32594046815049 87.27893261364426 80.79839052427981 39.13478775056795 41.67629359538372 27.943399418003448 79.89822739058039 29.10898228934704 46.72631803274747 62.84196004612706 29.46577118792943 55.5414099958338 32.261504816824036 83.32828972823462 64.71704006134243 103.59374859346504 95.18996718989943 12.364597068365963 89.9565008403594 44.1436139800641 86.87876156445691 66.1910003691285 86.2163437356235 39.46398970962894 50.02834533499792 31.328984981585474 56.50715011544018 24.82166405832896 41.81194115878969 53.32080492150406 45.80895764742623 53.97860072648688 37.602048114076325 22.64621993593228 14.508656086588207 22.5136290840276 37.442468624094346 53.81195023254039 70.6273749194106 87.63240700322024 104.7347315617622 51.965844591798394 34.664807650862684 17.365551470848526 0.43528081210587455 17.24906269822672 34.54829173247856 51.849323644392335 69.150805246306 86.45246655317337 103.75421766427256 53.7499897958532 37.27463908003152 22.10087605717888 13.645930342312864 21.970134177712865 37.11973686774083 53.58895056754054 70.45842085352815 87.49694396857268 104.62195767096526 58.98748890320604 44.46527669542475 32.764426460601534 27.722991833751514 32.59341553716408 44.21319963283668 58.702581990622605 74.40355548023582 90.68900059488946 107.29310515901244 66.87172741507149 54.45114181500902 45.35119376486408 41.7999966551778 45.127083646168195 54.07746896795167 66.4153343363755 80.5997868072888 95.81419333745478 111.63824913247637 76.5895522414935 65.97486392000258 58.63534837849103 55.876862325148196 58.35273481868914 65.47180944478438 75.93926689554095 88.57587106300554 102.58311686371171 117.47172020932378 87.53227260801204 78.3607587346487 72.2330105746743 69.95353221800868 71.88932513823954 77.72607679397179 86.67929686160272 97.89763807365631 110.69455325908334 124.58455059224048 99.2956195225212 91.25830847016462 85.99544501741325 84.02995390574955 85.58930209978546 90.49145266394038 98.23724480568892 108.21778235935176 119.87618387242355 132.77119186487548 111.62030343002066 104.47804807185717 99.85439003050782 98.1060761453089 99.38496583417303 103.57898908532874 110.3562812642272 119.27731107287379 129.90115990976128 141.845733247824 124.33936612901091 117.91150321107544 113.77442133342012 112.18184813385082 113.24118902868364 116.88035966457315 122.8703454796389 130.88879577966844 140.58905953585992 151.64874611501713
66.29381281617314 102.48034001494712 13.20453929511515 69.35289228372932 12.698378393333318 46.307482216564296 88.01551896713434 0.0 44.22606030442847 21.942597169501973 3.7711349682003656 31.16885260312816 57.79982075165486 59.645165819909664 93.1796453595707 20.17456785953868 59.04563766171841 41.29075187541529 50.260490993964076 82.45208060816967 56.20704691214601 94.0862494487274 13.880509457773478 23.802903876043786 20.100490804764682 10.538072302880739 91.52406264964718 7.538448035095592 48.78347575224872 22.686032919830428 38.0259522335194 22.38474953397161 55.93753642764134 45.2109487235901 105.78433406114263 33.90594652136356 63.258564583970944 46.21659116045622 55.49591482644564 55.5625662924363 139.98858410978147 124.96494823221394 110.60906544047674 97.21720472516192 85.24492300503502 75.37175444921048 68.51130057703648 65.61545330450105 67.19873202395466 72.970157780626 133.87345993069667 118.10678916267481 102.8349378804786 88.31497994083978 74.98498080204799 63.59763707059136 55.364898332722774 51.81298027812312 53.87576741669068 60.986163477241476 129.00205489664197 112.5811255997365 96.46862720969162 80.84917285321282 66.07335308182275 52.85351213641365 42.661528619991316 38.01611269796553 40.855234017079816 49.91775225264454 125.51933205885435 108.59164412662975 91.80358579358048 75.24866970186892 59.12306619439923 43.90241858485718 30.95187386997522 24.234796711413487 28.554211324294602 40.52247936865528 123.54284131527216 106.31148721469845 89.10748602451542 71.95046140014327 54.884486005316106 38.032325602618364 21.893420375277778 10.530859367981515 18.47130803825644 34.20807683245528 123.14515818249022 105.85120828736193 88.56037574945445 71.27492935642705 54.0000416808445 36.750605344594106 19.593953907967762 3.9940720066348763 15.706550784119381 32.804761983088845 124.34143781335831 107.23425069681701 90.20137484647117 73.294635974266 56.627126342125294 40.49532503543993 25.919556294408938 17.39217019525287 23.06217480065646 36.8775319917394 127.08665908394116 110.39133463404187 93.91583179177287 77.79992939484622 62.323217347322085 48.10661785324361 36.64722085213885 31.152845219812463 34.59320147959488 44.96207586543895 131.28365232506937 115.1766258856839 99.47168757553824 84.39361234290095 70.34664651677492 58.08376059584018 48.96426769424293 44.94418175790406 47.34092451731141 55.326761080064514 136.7988046881172 121.3976696177036 106.5812932804983 92.63070026112221 80.00011156016855 69.41387277791567 61.92939757737944 58.744459318383505 60.54146829264229 66.920280420218
25.729564497780704 61.93497167388903 42.65206340678161 50.47704019722347 50.12096102928502 10.34782433007323 43.91557700976912 44.22606030442847 0.0 50.96194406678584 43.36918845471003 41.157705683532505 20.20739522969728 24.436010958685046 51.52615837199577 37.31470201893823 15.558445374142183 3.5565329903929532 33.81359748429516 41.97179350117725 32.071079647055306 53.38139377764093 39.864930199402615 20.80958609239672 59.91807969024799 51.31270149431189 47.5633993701876 46.82169668239789 12.736578703827172 47.09378080497005 29.378466603397097 46.3847662595523 18.003363246013922 16.047566464836606 63.282343754658804 14.026094679029354 19.09552667985196 2.5988075359349696 29.651147733571595 23.284953538824936 95.95943918965388 80.74486068545114 66.5579151557649 54.21148031624132 45.23845832726815 41.867130439130925 45.36408376943973 54.42103055715404 66.81393584512469 81.02629489711308 90.62067914837569 74.35177411468268 58.67686860934754 44.23203903038731 32.69069309479258 27.92130592448982 33.00343929546773 44.694121060920764 59.199760816498596 74.90239432247454 87.25913948574429 70.23513159381812 53.390098710205784 36.969503846637764 21.947629328879383 13.977313610561833 22.533193348913322 37.66745217491451 54.116926633996954 70.97294686966714 86.10674953569625 68.80481983083622 51.50289071789369 34.200963095212835 16.899041540159065 0.4036549357773177 17.704854521669592 35.00677668616376 52.30870442165137 69.61063357406894 87.25110325346155 70.22519295426866 53.377083873107075 36.95079283268063 21.916243975163336 13.92821093503282 22.50291138012884 37.64943070179731 54.10444431472221 70.96347516767779 90.60520238736514 74.3329964746637 58.65318247746872 44.20075846897992 32.64855384931537 27.87218815278836 32.962091274102384 44.663741834439406 59.176938015277386 74.88444388347074 95.93751526485828 80.71892376266305 66.52659225507115 54.173197306253066 45.19278860015069 41.81801026322633 45.31896765328167 54.38360673754287 66.78360233000657 81.00140371745205 102.94101813493 88.89327546480088 76.19628563626995 65.6386454817711 58.3925331771036 55.76416766501714 58.38060614900925 65.61742350667943 76.16886289833037 88.86193446470226 111.30059271518174 98.41129932040369 87.06569610793859 77.94085420199315 71.88746607868231 69.71031857197082 71.76307520155977 77.71125478386327 86.75729933723048 98.04748118465803 120.73478131757992 108.92119801036273 98.73928562633914 90.73998495967938 85.5378419763764 83.65631563001686 85.31538592206607 90.32015390048159 98.16019825376225 108.22106096487524
76.23451437909776 112.77767971324059 35.00275676091097 87.55569899071955 33.86034416272739 56.91808276011538 91.32594046815049 21.942597169501973 50.96194406678584 0.0 25.656619273316497 52.17754161079118 69.00795648973299 72.01426273170992 102.48160317465498 40.84793088958432 62.77730539617537 47.43937176194614 67.78920024641464 92.68019508348512 72.16343624702532 104.21873421458957 35.176585900812995 35.51329777294875 38.340278834527325 30.587892812735266 97.4834732329476 14.609735580031261 59.77881934293403 4.706557665998133 55.87478520966979 5.264891611559644 66.86571233186537 58.09593708612426 114.15616858716007 45.944011299307114 68.0468066973519 52.05317256893008 70.86712401575473 68.76254563603385 145.12041412491436 128.92276900101132 113.05276812086859 97.67025460664021 83.04656002903226 69.66122216324199 58.37244946905004 50.60338016416132 48.09120038465159 51.60937190316095 141.01061793106368 124.30016940687877 107.77651726560673 91.54087091291417 75.7785737232923 60.85853463713661 47.5798072247019 37.717670761855594 34.35280388421351 39.195859431528106 138.20542499213818 121.12336126324834 104.11392469700274 87.21961656447691 70.52322480783691 54.2079374888461 38.75806060923612 25.779557085222837 20.632386938374097 28.027071627048016 136.78516448167082 119.50774519948374 102.23861540280264 84.98282869344679 67.75058112255604 50.565943960353714 33.50226128511886 16.929315115854962 7.03670987251809 20.2766426666528 136.7930011012403 119.51667356610275 102.24900359709906 84.99526798106788 67.76611091124617 50.58665202592111 33.533361069934145 16.990485937840138 7.181941691879354 20.327255762447354 138.2286918497858 121.14978706523962 104.14452485167033 87.25597230256214 70.567973215018 54.26586846504436 38.838661309024396 25.90000462819664 20.78197205929363 28.136843836507662 141.04862230970602 124.3430836411504 107.82577987923352 91.5985967535104 75.84797170338658 60.94451952090403 47.68922175583537 37.854947467024665 34.50275333714685 39.32671728010857 145.17211047927663 128.98069088382402 113.11851197492334 97.74599251681842 83.13520629832115 69.76638281592841 58.49731607681087 50.74668439753098 48.24124934919097 51.74855043866307 150.4919855881442 134.9136854848412 119.80927365501152 105.3827134538471 91.95360381828105 80.02567672351442 70.36652140711433 64.01156501042979 61.98554908730755 64.69645165460763 156.88651781993585 141.97968753053954 127.67838217116761 114.21029849566553 101.90633296337025 91.23866790622814 82.84185990684897 77.45797823992623 75.73234739604558 77.9084327925724
64.51689459993395 100.44820972355458 9.433409049835827 66.04409020509944 9.904300118963937 44.638174673756254 87.27893261364426 3.7711349682003656 43.36918845471003 25.656619273316497 0.0 27.477180570974742 55.86124368940967 57.46585343674671 91.35756710591683 16.614899534423795 58.49499278867192 40.61998626041061 47.148356529931355 80.51568588875654 53.36256909590583 92.1136694948906 10.214234854093965 22.62457773774431 18.46263033507999 8.794522531371145 90.30102491920618 11.30957976079443 46.99755673625614 26.204142926778868 34.942705843002194 25.866029199557115 54.072950261879704 43.09353668855556 104.07675838591996 32.20967953670177 62.46353404274649 45.49033870121396 52.76945407846236 53.25927330771686 138.7440360585269 123.96054395570268 109.91458583055297 96.92732692112004 85.48267681648642 76.2781762608809 70.20059200840228 68.09241418722483 70.31160237325514 76.48239531821346 132.2997379955981 116.73703184564395 101.73764127695905 87.59143690782516 74.78416346692474 64.12317451988093 56.829490891319665 54.27798521456345 57.10785797510597 64.61589839643923 127.08644804452106 110.8218232765132 94.92467174894279 79.61542346665333 65.30883214338034 52.82591232797142 43.75632555347739 40.46431259740022 44.25845362661401 53.656000561291464 123.26054004100372 106.4333665274767 89.78681642238945 73.44381124369909 57.66302568076211 43.06699159820481 31.35629305305438 26.652928109647554 32.190839592906336 44.28128097347931 120.95379599180956 103.76561703111875 86.62273712004834 69.55865646931203 52.650048326757464 36.115942230105205 20.866426931848718 12.851733658100851 22.217991325053394 37.693819313032826 120.25370452158133 102.9524641082989 85.65150249656224 68.35103139681893 51.05154948913132 33.754577713489894 16.46802742082162 1.3167903372456833 18.193008151319834 35.481696035250934 121.18812322326421 104.03741484468651 86.94664277566302 69.95974712356178 53.17636947456239 36.875450487940284 22.14912982913613 14.835146814335081 23.415630146041586 38.40852007802814 123.7200097361144 106.96271088131326 90.41079472387733 74.20183056910317 58.62099530708585 44.335539870945205 33.069149889711404 28.63925325786942 33.84604192338505 45.492986872138744 127.75438685401781 111.583665921928 95.80892643713618 80.66282299865881 66.57579431023356 54.377260936854725 45.608566860953545 42.45115994247044 46.07347756651787 55.15554763498934 133.15470072049908 117.70067177266519 102.83686102422111 88.85994526896988 76.25914895811059 65.82950528044005 58.73915023549202 56.264996353965266 58.9907611281898 66.27796030094494
51.73320661071411 83.61756009525578 18.390122166929714 40.54447609048447 24.38298098082717 35.80678114794065 80.79839052427981 31.16885260312816 41.157705683532505 52.17754161079118 27.477180570974742 0.0 42.74734675335635 42.10168600811491 76.45774417090814 11.342081960368565 55.88387949585956 40.42558565431427 24.386055711065 65.26265197552 32.520134075875674 76.03172269927481 17.289405049559367 26.763356015053375 30.89307929210235 28.181972901662682 80.0082081007534 38.596406389669234 36.66984157222133 51.58619979009502 15.046133076831522 51.081079456950356 41.834839212406344 30.77667692125318 89.56342388725253 27.271478219443217 57.55805220232243 43.755616589314414 33.087755520913 37.35695495642136 126.75485056871138 114.06406717953949 102.72833854594703 93.24319010044178 86.22154197894872 82.29639690885189 81.91410396980167 85.1224104230874 91.54457889569181 100.56677351723987 118.04666645059866 104.34844220377644 91.87420951341343 81.19011276456432 73.08549446907872 68.48237471929457 68.09458750208921 71.99028477134274 79.5425697988863 89.83390658921637 110.45480092406027 95.71723648232692 81.98789567408805 69.8637250600851 60.320514642116535 54.725572262842576 54.31308680031631 59.19150193689519 68.23529710288007 80.04484371360323 104.2236043865897 88.48848547941105 73.461351659612 59.67942767128825 48.22244043106137 41.083807146088695 40.60862510219648 46.99944074509336 58.03051096239202 71.5879790831901 99.60885794806963 83.02941990423989 66.81732439125585 51.32188021998128 37.443640597805256 27.72773583539393 27.098685011527195 36.03554364247279 49.6134292636861 64.98564920348339 96.84199042366319 79.70458137196414 62.65766002615086 45.80237236271357 29.469393512466155 15.419010337287508 14.344319134183918 27.79363216491679 44.02187379319068 60.84470101372377 96.08281358523928 78.78468745729737 61.48870202454804 44.19737054640008 26.919662653912027 9.728437655553117 7.958036734544676 25.114374086400165 42.38922988764766 59.67977398429386 97.3783063511196 80.35239085355003 63.47591094765909 46.91042754124834 31.15601932702575 18.426048281169862 17.522938023404578 29.551647085106747 45.14707876114649 61.65979226874788 100.64914291444518 84.26894999367332 68.34450365385787 53.28598042153765 40.081535929787066 31.18288983984438 30.60923060663995 38.732243172738976 51.596100698842946 66.50441967778906 105.71208099894939 90.22896095510539 75.53933411003959 62.20788436849221 51.30453230127866 44.645195363554215 44.19203752773962 50.11370241826482 60.56842772136694 73.65045811441081
9.08842277460416 44.69863399191043 51.91902014315363 34.28220748400827 59.94307816177731 12.092212167336607 39.13478775056795 57.79982075165486 20.20739522969728 69.00795648973299 55.86124368940967 42.74734675335635 0.0 4.722586397047218 35.54091002655622 44.2934509687575 22.66890387497002 23.50473264199183 23.90427012455158 24.660364486916748 17.599292834424343 36.2864480099957 49.154765288073 34.60306939382057 69.21645539733305 62.25541222839157 37.26107521945356 62.19092945842055 9.268231227648386 65.58507024377171 27.747044704785694 64.87538071496645 2.224350723955903 12.99379327706785 48.41354895571667 24.001363193294836 20.397893499129893 20.72781316089703 15.071337570639484 6.943565814838062 84.50867925453989 71.34178711383058 60.30162104816876 52.74108082747606 50.25593403907396 53.55742151127526 61.723877755683255 73.1435435620316 86.53796876276417 101.12548295686567 76.8607903393066 62.13824575035369 49.12686872359286 39.553053341513994 36.25115141812419 40.7744415303309 51.0849423756789 64.46312702101542 79.37269874091312 95.09607256692586 71.22914458387255 55.054404249661786 39.83836085785249 27.23809361631313 22.25856399988389 29.11502667531006 42.41034148346373 57.86450147226719 74.13956552298687 90.79515956592523 68.11577352825975 50.98176119237328 34.01815132430759 17.721245416172636 8.340487576213222 20.58635959198501 37.10452726856688 54.11475732852953 71.26556848823407 88.4752440939998 67.86818086872083 50.65200286839284 33.52423379639931 16.758178469037144 6.042538909622543 19.771227687188198 36.66066078172401 53.812824591862594 71.03766303209969 88.29265249425458 70.51656281720825 54.133577074949145 38.56182528695311 25.343564058304054 19.907028308942582 27.36777265714583 41.23605038714642 57.01351059204212 73.48047765003128 90.2603593413698 75.75777417424594 60.774921473565016 47.39883730186741 37.39540667340832 33.895295665727296 38.70495655048835 49.45669034796668 63.186729176407354 78.3445545842432 94.24374614279341 83.10260639307955 69.67822639099063 58.33326330497184 50.48946735631074 47.898907622608796 51.36269775217424 59.83853625141466 71.56728618807853 85.2162238957679 100.00217751956934 92.04877791143258 80.09257165591826 70.39429891193855 63.98897850250828 61.907319325677534 64.56886067016214 71.44546253042459 81.47677724203432 93.65453063596877 107.2500431350792 102.17642084514841 91.50335077720226 83.09266332508845 77.68271018790286 75.91772846142113 78.04540214737379 83.7696446623478 92.4246028177315 103.27606844471727 115.7076950267782
10.352873106128026 43.07052659507524 52.82180821850119 29.787340202245204 60.8332952500338 15.404159821189783 41.67629359538372 59.645165819909664 24.436010958685046 72.01426273170992 57.46585343674671 42.10168600811491 4.722586397047218 0.0 34.70804792566608 44.857074642182376 27.294439472655124 27.593796321303817 21.249359274163222 23.54119475595772 13.985785185877527 34.890858342500614 50.124613152383574 37.0354831091444 69.85463059198536 63.38453150033966 38.464057264907005 64.45262765858917 12.49252822573571 68.76347159405971 27.081908572677683 68.05725599970984 6.642194159678102 14.44568634246188 47.777511676359964 26.34812763733397 24.704490388734197 25.16500328470908 11.660309016254125 4.744824180356123 84.65988194277394 72.1931155780655 62.08941538780098 55.65109441646041 54.20048299256928 58.11230200099991 66.44611479515281 77.79352118927572 91.0344821844503 105.45814901536856 76.31892616507888 62.25168168383416 50.24610415023234 42.10434443769122 40.2440851216533 45.44340086900695 55.76131908662548 68.93658287451773 83.6294561671806 99.16766180219868 69.87352815303714 54.19699497004064 39.88770327767959 29.042275454147102 26.35505522980358 33.82948995488068 46.829372479930825 61.969800265142645 78.01430923020739 94.50353975425573 65.8824967824917 48.96924040231546 32.46817717259067 17.580996908528203 12.755911403958203 24.800161274789613 40.817834617046 57.5834711218852 74.59443390834068 91.7143167329439 64.8009764843526 47.51101240559275 30.23474209166901 13.026762528055835 4.895614123097745 21.839210525783145 39.09793828584858 56.38315371709457 73.67621631865926 90.97265117631791 66.77051343838346 50.15222483195293 34.21844790672319 20.622100511192766 16.683890812691548 27.021208829642763 42.19776737440345 58.56508983126177 75.35117950817505 92.32791067896973 71.53953048522422 56.31901001687448 42.71377412230489 32.799561789410866 30.428032317780488 37.075978628235475 49.214838972470915 63.78308319782188 79.45547289250348 95.69102249448584 78.60003829713119 65.01571059661272 53.61737823799051 46.05765837120156 44.34519772220287 49.09571517229565 58.762113273522445 71.37427187156395 85.64047778125347 100.86129190315991 87.39834749584493 75.37151843770654 65.74159567181027 59.6803650695809 58.31150411212259 61.94686442783966 69.80897848153967 80.671369792714 93.49408160393669 107.57840698049725 97.46486018853886 86.79446773173184 78.52291549320556 73.46499069674366 72.29833629197358 75.20426833059436 81.74963297546171 91.15377655245887 102.63385133175254 115.57288552812952
26.8902074963975 11.1311510719087 87.36427792590919 50.52182753627694 95.38951667358414 46.904860376702416 27.943399418003448 93.1796453595707 51.52615837199577 102.48160317465498 91.35756710591683 76.45774417090814 35.54091002655622 34.70804792566608 0.0 79.52821931884091 42.535328816471356 55.06225603410296 53.46110081535581 11.204552470027336 44.936972044267854 4.360072409873128 84.624495900671 69.63782011690627 104.5230656904684 97.77967686357267 15.970757057466482 97.1689002076262 44.39779978626772 98.60717234923055 61.580296336944315 97.89920071431631 37.28466411152605 48.487392469158436 13.107192451968064 59.27441898001651 36.820367701842834 50.600668785839666 43.731181677959064 39.380393076858695 50.79839335714962 40.818898552327624 36.750444280527454 40.41923793271362 50.15517321017071 63.21451549130857 77.94431026149968 93.55887451025602 109.68098039806547 126.11613253779471 41.63298521425219 28.685945253422904 22.60912522842353 28.25195078918433 41.0351555921893 56.2877105309355 72.46681868535303 89.06898649421969 105.89542006594709 122.85400570515155 35.9140513388639 19.530084009744964 8.47009627900019 18.994055180905608 35.334388138837255 52.297008420791194 69.42728891484614 86.62582209735139 103.85870648956097 121.11127951178479 35.35567776879981 18.48812983886931 5.684310418844849 17.931125745154212 34.777185072842194 51.92391913408181 69.14801226674955 86.40321329780889 103.67399086304748 120.95367270277623 40.17363095903998 26.533833303000623 19.821192394024283 26.084989916572912 39.58137696981187 55.241793775543684 71.66127147253226 88.41793681910401 105.35101777557911 122.38731149104714 48.800655030199756 38.316042557379006 33.962365006369154 37.91402497882811 48.16858184596175 61.6575964309668 76.69298567529803 92.52392576721401 108.8037111510958 125.35759336486122 59.60505815329135 51.322748232239036 48.10393167935515 50.91811296778479 58.90689638440201 70.32846424628629 83.79060539720771 98.45984181471073 113.87061769826194 129.75899555283414 71.60782812625223 64.82085939110239 62.24549085911449 64.38907523247696 70.82442688193508 80.52912785887764 92.47959764558357 105.91839350980885 120.34795695083682 135.45202086237217 84.29849234892282 78.5573342767421 76.3869010035286 78.08551364473354 83.41715145766264 91.75063919736729 102.3553777199529 114.60258209104437 128.02173726987053 142.28163452201585 97.40841397962188 92.42580432903898 90.52807749860969 91.90652666343581 96.42074356173401 103.66186980871501 113.10738274969505 124.25558389434829 136.69050274436412 150.0926722593129
