0.0 41.13186210072375 4.32789697910493 11.327151702545276 69.71233945262216 67.12332671749384 49.37003189729929 75.57596882976935 64.28933598594861 33.02187877297227 34.64655399125484 41.719910574215056 78.95831920791117 60.780127107290994 61.58811616507304 37.319002558113304 46.33899343520355 95.28729280882251 40.347803299638066 95.46786980032208 4.329281235897751 34.48696581949829 43.08095781577706 20.06608869389436 74.2378438006136 79.8590157322531 59.94757445933659 56.22415532606868 54.116418599236 49.06971193305098 41.04736020856262 68.9082623752214 80.47908878680097 108.2863712401664 93.63061794458062 71.34880885157466 48.06028407373512 73.78199230364272 43.125056633684906 100.60283263144791 142.0040651890157 125.89311560765614 110.14399897565845 94.93696008129052 80.57948991611445 67.61496822179464 57.00189108421173 50.25285239585806 48.99167978287904 53.607108943455245 137.73326287646447 121.07787219516405 104.63249094075513 88.514251837172 72.94035226795744 58.34830582506178 45.68875342412848 37.001448342460314 35.347698123982745 41.575472807067605 134.79176159641776 117.73654357066222 100.76546920713308 83.92959711596957 67.3304251774744 51.19869561014634 36.16542692811435 24.357363829970392 21.848012169398146 30.985504577481326 133.26765514492348 115.99661932572663 98.73640065837988 81.49387257800966 64.28327195601987 47.13958179504319 30.1770545793526 14.06706818055862 9.155518780884751 23.842776137384476 133.2096254237241 115.93025053374492 98.65878104993647 81.4002492248298 64.16509546192323 46.97905686137904 29.92686915981013 13.524667020366982 8.302357767295995 23.52987626745422 134.61956919132592 117.54027307537686 100.53713142379792 83.6565921503346 66.9913997505563 50.754127772723976 35.536276486679625 23.41760069409787 20.80030560293044 30.25942860103642 137.45230009182916 120.75963195726376 104.26576897312464 88.08246368064022 72.41821729447206 57.69734780621706 44.858417843743105 35.97609371374012 34.278111766538224 40.67439653625932 141.6224290870324 125.46445995210895 109.65605975408285 94.37306082813771 79.91745878879091 66.82834928852316 56.07101531445952 49.19950902905884 47.91583307870766 52.63045573797005 147.01613710738292 131.49534268592006 116.47746898572561 102.18449721145528 88.9664949054982 77.37634016945621 68.24847161261397 62.66821199243283 61.607229841675114 65.28622979458447 153.5044263509896 138.67930541316133 124.49488502702737 111.19662249554897 99.14175265905632 88.83789279504248 80.95641471069112 76.25219197055435 75.32289352501338 78.30303703463
41.13186210072375 0.0 45.28766577649302 30.41888192357912 48.87453807734634 43.503092402083695 59.77307613333863 73.8342515663987 57.719980468502094 22.490732936016688 6.608684521863789 24.475994051693807 68.075664749349 43.612026588398486 33.72036648785046 39.026297313564996 35.81557474797559 70.20424329786468 19.77878252659162 87.48412922436529 41.098019610499094 9.965596960274992 25.332363994684414 25.29124354423252 55.03878117165753 52.306474550278665 69.44023964020747 43.24112400615137 45.04560701488028 27.96054530955346 10.308843893550796 42.61363013761116 71.88415057779237 94.08329207659246 63.38375494808972 70.74636193632168 34.22053800080342 63.04042086505296 27.748980387866816 94.29762441800972 135.5054816854087 122.11395359997078 109.82067566568512 99.03547337830872 90.30033341761539 84.25530540208759 81.50118899012176 82.36875724868418 86.74941832670011 94.15408665878513 127.4227866440864 113.12110530130778 99.77421292960057 87.81852800046143 77.89727433244497 70.87007853003827 67.64496956675464 68.75905016085619 74.01664167488407 82.63056761838367 120.44580172460859 105.23750093566008 90.78199990102871 77.50168296251128 66.10862025082699 57.73116952390788 53.79707846673794 55.263575910394394 61.74706023057782 71.90295908788706 114.7764527867853 98.72934599897883 83.1867731735543 68.49306916368712 55.32872345225744 45.054861861268165 39.966477690498195 41.99290325556374 50.28115284938669 62.383415769120404 110.61606813609798 93.88322518681846 77.40100590360542 61.37166903560461 46.26832726097166 33.37281463827913 26.180941700148335 29.254896373417118 40.31087343898473 54.7064381500449 108.13901156933983 90.96523300820157 73.85129856362487 56.85127855295946 40.11027719885819 24.172581391621623 12.589914042956917 18.204699129505862 33.21188184210204 49.73288661335778 107.46178739892567 90.16281067564064 72.86523653034838 55.570374733752786 38.28190158821387 21.015589882374137 4.064435352284871 13.787597292356923 31.022405309615525 48.305227574519066 108.61807585904145 91.5316256456539 74.54463748366231 57.74495524336646 41.36144495572591 26.18722581511379 16.10853367842442 20.78247610277269 34.68501352125854 50.72377556217781 111.55085926916895 94.9778302748736 78.71906753469875 63.01828507060085 48.421340573528724 36.28577548704253 29.78922779391689 32.50919858350008 42.72010302702504 56.49668771547296 116.12557818535763 100.28744918913057 85.02175812939487 70.70028699231298 58.02642623160665 48.31465654242695 43.5918601081806 45.441157928550204 53.1813100194648 64.73259590127806
4.32789697910493 45.28766577649302 0.0 15.13430780298173 73.61330710137786 71.16138792616988 51.34298124714195 78.15861483530117 67.4273034571623 37.20056625567262 38.76510444232851 45.86960307396655 82.20041892320677 64.60648875833256 65.79823654381394 40.62017355093913 50.10361325140115 99.23342329147451 44.60326704634372 98.34474593798632 7.1130659807859065 38.79573563465522 47.21846927903322 23.317419084375928 78.02114881232757 83.97009111948442 61.72844134104116 59.907826960633344 57.61583444437178 53.20925727809911 45.371162024283635 73.0298167246428 83.54305155360046 111.53374612081274 97.79366597208283 73.8959071534954 51.94578319062954 77.07310469904706 47.18270901240367 103.30610535554362 144.49586259486532 128.22257781016984 112.25732810125272 96.75272122206383 81.97056493001801 68.38099930479267 56.845859277633515 48.8430698090079 46.24437609131285 49.901325354739654 140.5556400161666 123.78615869087263 107.18603755913045 90.84816251915801 74.94423953878427 59.82138303801206 46.252190421777904 36.03665898520772 32.507305096464016 37.59677380148558 137.93262401233653 120.8134235970874 103.75485414283376 86.79267295024904 69.99698765124201 53.52476403912163 37.80124777661855 24.32447706220812 18.791964189500035 26.707817857736494 136.7026966516624 119.41377904942041 102.12926840627452 84.85185788686765 67.5869927709769 50.347580677896104 33.17332741427158 16.27187471306938 5.271778158098891 19.73633366524478 136.90342692372647 119.64246668264104 102.39533479315509 85.17043245141957 67.98465829580236 50.87767866479677 33.96874787407858 17.830499181066763 8.982805411519918 21.027793706882804 138.52859298168806 121.4902883215982 104.53860694167307 87.72378028849045 71.1429126261881 55.007976765860114 39.86417064182797 27.406893224796526 22.623761705732953 29.51681712877995 141.52911063419143 124.88536819455685 108.44781390667758 92.3266408643427 76.72154850994697 62.02330625433469 49.05397182988843 39.5525082208714 36.34854579754852 40.94801310694033 145.8200620354094 129.70621768750374 113.94128575213801 98.69261151998674 84.24101030107255 71.07436487864827 60.04401841945792 52.513848001079005 50.08817819384851 53.46632806431814 151.2916302390753 135.80101496332574 120.80301123781537 106.50592921673767 93.23278376355238 81.48548677273352 72.01465626932624 65.8105649389845 63.83293644158331 66.46014346313552 157.82099507656565 143.00688864473167 128.81443212762858 115.47306898854664 103.31304570385706 92.7999201403785 84.5502747399102 79.27393490066777 77.57994951297393 79.69707895570943
11.327151702545276 30.41888192357912 15.13430780298173 0.0 64.73189895535273 61.32749508136001 52.22656248396903 76.00827539151082 62.93123507893428 27.029650726988706 23.83289302283307 35.61402592998243 76.95649682658609 56.361827583733074 54.51050799692515 36.20942948107794 42.62384210246679 89.80105585996297 33.19301578696011 94.66423436737462 12.987034834042795 24.994850901498403 37.03478679408729 9.289803514858503 69.8445329421035 73.41673945887631 63.06014554773975 52.65042585833383 51.47514341287921 42.84083336875246 31.825587018386393 62.49492927007816 79.15041532004305 105.99203497795781 86.69550662967471 71.96269902155582 43.607084954438996 71.65216244900306 37.7043602275909 100.35788561863417 142.21620124051728 126.69513021284281 111.69852489299741 97.46877052040996 84.39465806922851 73.0989173330361 64.52241037796792 59.845864418403714 59.988414351191054 64.91832211427361 136.8563081233992 120.67607126796673 104.85457883366024 89.58211122017842 75.1939493696753 62.30576872214378 52.04412583169761 46.19390300150326 46.45283348618237 52.73099872685111 132.76810680969393 116.0408905678631 99.51037653658183 83.29375997044153 67.61726494476474 52.96269672476173 40.45625572571957 32.666170078921404 33.10826732445191 41.52041329455151 130.07162274581296 112.96014387110705 95.917011971472 78.98648169306196 62.26048038335072 45.96283898460132 30.781646157275045 19.523036020711782 20.334703181411147 32.31970597300273 128.85429683388247 111.56272572081997 94.27495556799168 76.99354676738764 59.724021630213386 42.48087563765768 25.318063701449116 8.72338372611297 10.48351167642072 27.247460980803996 129.15797696323295 111.91173214459539 94.68580525745365 77.49374678126165 60.36450124414254 43.37255328005176 26.78053197634779 12.325930195139664 13.615188751948613 28.592504641306803 130.97207916933743 113.99111828120334 97.12350631166497 80.44057941022686 64.08673076246377 48.396716936563834 34.29411417650923 24.670655252598717 25.29638512863553 35.63543008161355 134.23535514190533 117.70918735776552 101.44201202203452 85.58164297483837 70.40355262489514 56.46069098974039 44.9184352898507 38.02931537424637 38.386177511095724 45.82003074120503 138.84561838344635 122.91727559727853 107.41465614150788 92.55193615454877 78.69252973760086 66.46704751935725 56.93789067475701 51.620530821582776 51.82794448410353 57.50037631114963 144.6740923124883 129.4355770229473 114.78343601326188 100.97325754085945 88.40052752147531 77.6685313784311 69.63362147695744 65.29911704500803 65.40490124742614 69.93082654292753
69.71233945262216 48.87453807734634 73.61330710137786 64.73189895535273 0.0 6.15723716595594 43.850848652875214 35.902496401145214 22.10030350323154 37.70443622758335 51.647716902632794 29.270903185382682 22.73437731742579 9.330001873745047 16.483951670934445 35.357843384428996 23.7826453541213 25.682163091064393 32.61490799426291 41.35708273869732 66.61581592669253 44.470954533451916 27.853816120696113 66.19500223595487 6.247791638022652 14.288311867968144 46.47432223274698 15.181321226507642 19.507248418629164 22.482654481795574 39.259975542145156 9.845116891614902 27.66091529200238 45.29693863777155 27.899967010104575 35.25464218011566 21.668024568256534 19.344781229840265 27.02965072699012 48.58750200269333 87.92604435947794 76.13905521714315 66.79834018968144 61.037503595311755 59.89851007028601 63.63004198173652 71.47327505396957 82.26039096360643 94.99374119354523 108.9933295203535 78.90839522738489 65.5712145168452 54.50997019140596 47.34757510852503 45.945100157211 50.782033532316845 60.37699042080404 72.87420912872824 87.03231055820866 102.16310071122953 71.5723317673052 56.57471603554067 43.33020876029245 33.956209517542355 32.05074125980944 38.73221582518408 50.71319105570654 65.1320169211954 80.69225604826453 96.84528600169021 66.47703759657534 50.005143587493656 34.3590500369047 21.43096662156763 18.350488219806874 28.51151665821896 43.4486458139677 59.67725815280097 76.37851487710593 93.29893893084477 64.15869718828935 46.893942506225144 29.67252606636017 12.672383479237459 6.279597394384759 22.737434427195073 39.91568671250693 57.16858147299723 74.44424027445898 91.72980242510566 64.91555040454183 47.919569855549234 31.261073786329817 16.029265788939153 11.633273723197656 24.747561933130168 41.08848566296778 57.98964178918817 75.07360737245081 92.23886144834451 68.64594607928008 52.841678537847216 38.35271474596921 27.355605023900726 24.988761158408057 33.15505847399667 46.613177115023674 62.00830040589659 78.20473782182218 94.79263355528285 74.9068955962206 60.719916076365976 48.59505864581807 40.43213520663227 38.81677093865086 44.46832772894144 55.198088300667585 68.66536280502679 83.55681577335267 99.23334717217278 83.12849784813177 70.57101425059938 60.406034354864126 54.00194401161344 52.74685738613599 56.982032323695755 65.65343165324616 77.28191382398127 90.73761820141712 105.32253579007285 92.79094690898566 81.68417260168042 73.02835134479913 67.76922581901756 66.71497326454278 70.05568619968548 77.22306975037645 87.27942286558716 99.35131922017628 112.79345471393894
67.12332671749384 43.503092402083695 71.16138792616988 61.32749508136001 6.15723716595594 0.0 46.08035212077631 41.24383915283485 26.453405869174876 34.42193738058462 46.689858168859224 25.729093893634733 28.794483924095555 10.09853551787884 10.4324594583761 34.78846141154815 22.593441788618303 28.48018328239369 28.47975742404282 47.51349764713676 64.29291381702069 39.83347145524826 24.313673339062465 62.083851660384106 12.260856436545009 13.318710009156154 49.916547778328926 16.09286051815998 20.922321524214563 18.504576774236607 34.21498415647564 4.453404665545238 33.65911047574002 51.040455538667935 27.584786026411084 40.22295362869007 19.827861175551575 25.136901538530502 24.001363193294818 54.741944259045816 93.97792243491777 82.2924686338672 72.87622324998956 66.69730481405506 64.69010787485722 67.22932899740147 73.84746665344534 83.58114032330415 95.48224304532684 108.84210347272833 84.76697225150663 71.64616703376801 60.659771666674054 53.14831633209342 50.68116160454975 53.95477491970044 62.06735304522762 73.43225363343697 86.78096804817129 101.332511756352 77.06592478886509 62.39064659980497 49.444269663505345 39.94478466464313 36.67618902283473 41.15102502460544 51.38460742180636 64.69973646877766 79.56406800926986 95.25509402082557 71.36539228812008 55.229762924435285 40.07923769917541 27.587587100842395 22.682938857406757 29.439217959041848 42.63250495257459 58.026756661552874 74.26566894861374 90.89766644779961 68.1691940018749 51.05278709946699 34.124014557931886 17.922692533495034 8.758463616819576 20.758412785703843 37.19981124969054 54.17982513645054 71.31475433448263 88.51467764680628 67.83231167618405 50.604151987264146 33.452224885280074 16.61433000795117 5.633296891204154 19.650586925832894 36.59604568267606 53.76903396100156 71.00465426294426 88.2662240118359 70.39581208616767 53.97690939034465 38.34259882578879 25.010293309826455 19.482977378554978 27.062331625140267 41.03492327036281 56.86890021762532 73.36886564091044 90.16995524108857 75.56505484041524 60.53562322382186 47.09303505982066 37.008841230991216 33.4703273585423 38.33509363286864 49.16913768107355 62.96298041559932 78.16506771762937 94.09530713931935 82.85368554218073 69.38252132359219 57.98135780682194 50.08436853743308 47.47370452496653 50.968262691028876 59.501911843315455 71.28740249879124 84.98242481606846 99.80397702776034 91.75794775472185 79.75968961406132 70.01707093260833 63.57568230367179 61.48202633839681 64.1631262402603 71.0807217117315 81.15864866368199 93.37921894193566 107.0108678151075
49.37003189729929 59.77307613333863 51.34298124714195 52.22656248396903 43.850848652875214 46.08035212077631 0.0 28.459161053479544 24.801022292083694 37.29748399963961 57.301438628596884 37.539663567035255 38.3788614490903 35.981996618021185 49.2239340674206 20.75134624179902 28.32249858722731 65.90297675848062 41.55034305857881 49.80731687621988 45.0547902038231 50.07381455484127 37.46596406838477 59.39829314896353 44.28988992889913 58.112322044263536 10.836491684875378 30.09151714248983 25.216883688456825 39.57216396320364 50.84503013472468 50.26952078637185 37.47664642115214 65.71341294697183 71.574386749764 24.184424334674624 31.62084782980441 34.655652888901436 34.95366115068233 53.584502134954064 93.67365423678827 77.09747448390071 60.926171187151446 45.59261770647918 32.31231859912846 24.66162539905359 27.76718011531816 39.147765018539246 53.78465776104036 69.65444713077171 90.98708980277826 73.82539590424737 56.748927046586864 39.86734794730011 23.602610335806737 11.111888583087598 16.987583465881634 32.4406378951636 49.1418869497657 66.15261287219133 90.44474878930282 73.15901643060442 55.883309938993555 38.631082271851454 21.45903651996002 5.2281471239514685 13.888496659062373 30.93801382865786 48.167879369862895 65.43578569429634 92.08453248359876 75.16767781357633 58.47658129305851 42.279468282733745 27.464675922909645 17.882268188862355 21.99897075685122 35.31070687334444 51.07298143021065 67.59263977066189 95.79442494496463 79.64922550760163 64.11033582064172 49.749170403814055 37.92800435740522 31.63535735672917 34.084702104408954 43.83431032767287 57.26984693642122 72.36665486352283 101.3472979670952 86.21884806457517 72.0750180447261 59.62071954572874 50.131384189485026 45.50147987770632 47.18386556988567 54.59810599192481 65.83534532719943 79.28641573006331 108.46038143485917 94.44170742901865 81.69157979785136 70.89773384713206 63.07265228891492 59.401402477937715 60.64313739820721 66.52330387306935 75.97240387332474 87.84622182869892 116.84900139910289 103.92601637697382 92.44583229836779 83.0092417541914 76.37750848397624 73.31576001416455 74.26684865691193 79.08613172425214 87.13412036219945 97.61547474476933 126.25906760399462 114.35823172272998 103.985260849892 95.6385909916848 89.88449255531174 87.23749319854427 87.97849021191185 92.02567882435007 98.974303173315 108.26715160269852 136.4793417180641 125.5020651264439 116.07579163503361 108.60512821692959 103.51435536088691 101.16339790915858 101.74235994655264 105.20287999205767 111.27644642762874 119.5655155956606
75.57596882976935 73.8342515663987 78.15861483530117 76.00827539151082 35.902496401145214 41.24383915283485 28.459161053479544 0.0 16.432647316845102 53.879809999650135 73.73030371842142 49.3859882938652 16.699606260121314 33.759928482045716 49.588930296140596 39.906414881599495 38.09437356240173 48.00684451455608 54.08348143482047 21.422929609215064 71.39956731528687 65.76491287232147 48.50275217813659 81.45980270887154 32.21394923647833 48.17290813724363 21.75101427445539 31.39821296223303 28.817725656969724 46.84573477030281 63.590141928051715 45.52595787873155 12.755335573185414 38.21240737382255 58.25882767811797 4.313880243262197 39.66514167979915 17.119717355268982 46.103929595757585 25.284581374217215 66.44758097436281 50.68756208929043 36.35777328655104 25.94720024937432 24.966728216732427 34.23636414046799 48.16254287200516 63.763965033812354 80.0672637993655 96.71815249622993 62.716025002501645 45.710530760588625 29.05716053367016 14.067610305767653 12.255197539168675 26.480090621199903 43.022246076434236 59.994543428392916 77.11348747436591 94.29924594228281 62.06525539705824 44.817633102567356 27.637982281992244 10.854004358467227 8.394895764600443 24.93697370320501 42.09447182636736 59.33590799420548 76.60462724236112 93.8855759457811 64.58847096041985 48.236220292325115 32.87107068406659 20.80849827611226 19.600813398178556 30.56308466119497 45.63687516592009 61.88746705560626 78.58819730039934 95.50320886742313 69.94297103590887 55.170519431044426 42.358726612815545 33.81487417243103 33.03540826807254 40.471461212618586 52.75650324849758 67.28496552984946 82.88542107409332 99.05265244161892 77.54438411897117 64.49627739802102 53.89908306531346 47.42526309635466 46.81776448850561 52.28148459173285 62.237506842302736 74.91571231772961 89.1623447051319 104.33688964807271 86.80432900092717 75.33039072529279 66.43071359063812 61.238120133887534 60.711372205339124 64.9640653033738 73.16751023846398 84.17443219956591 97.03546375066504 111.10860957480286 97.25007752371529 87.11175862921428 79.48601018803946 75.14172975867235 74.65399988072369 78.09511032599845 84.98917123316942 94.58413507614779 106.15010315574048 119.11430057676651 108.53968047253299 99.50434486879352 92.84418256347446 89.09346217260287 88.62236143372523 91.48156135789255 97.3781513937817 105.80551898103019 116.21439885726006 128.12275493729445 120.435926492412 112.30584675613788 106.39105248432794 103.07361878809473 102.60578804345158 105.02564733723187 110.14303185212776 117.60633631050806 127.00265832708017 137.93752973612246
64.28933598594861 57.719980468502094 67.4273034571623 62.93123507893428 22.10030350323154 26.453405869174876 24.801022292083694 16.432647316845102 0.0 38.767281829644666 58.02355039876551 33.40892912546327 14.950670767505025 17.795248873779087 33.721242445362094 27.051139650258385 22.33470448341188 41.28430975864175 38.07624663832076 31.769692189672437 60.38200678054542 50.051928801346236 32.42858578538989 67.37079341664847 20.58019356779728 35.960213560497166 24.85345674183187 14.965595563238681 12.748216866673959 30.444297993724803 47.42990905955246 30.895950876847696 16.256252037837044 44.173254249292036 48.28484898255658 14.264547317668844 23.502954628906952 10.270680470079405 30.1342557086904 37.79211496063993 79.73815039260614 65.09370377852416 52.104839614302996 42.32428082106555 38.29466776244754 41.717200377096056 51.11628343102313 63.907201882634794 78.44802654751722 93.92955701934005 73.92658584774058 57.864013455561356 42.7791855583484 30.17588584777292 24.286213418278034 29.457884234033997 41.7663073629065 56.743216543777756 72.75899616203951 89.25615456086956 70.51264760789965 53.45459539204754 36.626044693634704 20.597417721692217 10.283635993037947 19.64601250147303 35.565313589405164 52.36917356371735 69.41816933845776 86.56758755082457 69.84883531419999 52.57990519693871 35.34326812100298 18.230751701831448 3.7798874244758047 17.173477383947773 34.26780759195864 51.500975564047025 68.76868376029466 86.05014110030297 72.01125183200675 55.40761106794793 39.40936935347144 25.19733073522553 17.760197473476367 24.385565549989227 38.3744583657412 54.30703782473209 70.88456612316355 87.74224254228137 76.76138927766543 61.42849670185073 47.469128647117124 36.494996729878565 31.76727943161083 35.84890434935116 46.47404101204347 60.27634425928354 75.53375080585397 91.52139634259734 83.65955530770987 69.82124969100157 57.87742156025963 49.22690573854392 45.77645546445817 48.64548083215325 56.88571912237448 68.58783112794858 82.28790568207165 97.14428221967503 92.22491819509708 79.84126583459755 69.5881883516813 62.52279760497511 59.78612311467569 61.95447399759334 68.5640519077818 78.5009402110397 90.6777924746648 104.31309848642766 102.03838698585744 90.95219208981594 82.04545635284764 76.08744578243694 73.79585854799663 75.50526410562104 80.96263281353328 89.48484649329635 100.29364100862041 112.73321576212099 112.77448579580154 102.80077987125665 94.95573571371531 89.79899139450545 87.80547633323766 89.18755631238064 93.79613230822004 101.19132561051289 110.81665050402373 122.14602484556231
33.02187877297227 22.490732936016688 37.20056625567262 27.029650726988706 37.70443622758335 34.42193738058462 37.29748399963961 53.879809999650135 38.767281829644666 0.0 20.406768148135434 8.7378378249407 51.547739753891165 29.489535832567974 28.617763479283468 16.5738347977625 16.706180630090536 62.849202730107386 7.9865366047196815 70.23229507628497 30.642662308386505 12.819623388316378 10.132173168032436 29.257400308490404 42.9026145930578 46.897536634862256 47.13236897347767 26.385307537046362 26.265400215724636 16.089695098200643 14.383206539270985 35.93600317154319 54.433126563821745 79.9606447101425 60.60900687427107 50.3466003650247 16.932330522821413 46.23310759129573 10.687776526028495 76.51273762444282 118.410612972091 103.83882535094644 90.23650091527833 78.11175715850608 68.25659805092904 61.76710945942563 59.75018415866803 62.63935875785145 69.82829001709715 80.16849113074812 111.86668306578785 96.34565562938222 81.54458416991693 67.93567786353317 56.38879956925481 48.40289637865332 45.87687118588045 49.651158221894775 58.51915059803311 70.58645572294182 106.78802214596075 90.42731094553822 74.49311403566007 59.33007749567956 45.71215085381125 35.46620869102969 32.01268132141457 37.28914259011036 48.52687016545627 62.59347157800741 103.39085952619398 86.4080847422778 69.5827304939632 53.064749656508965 37.26514360897772 23.669097982129806 18.17892926964028 26.446790703415523 40.83018499395919 56.86376063686751 101.8436521088246 84.55927610446082 67.28392374021013 50.02694404588552 32.81733361178297 15.810539469942116 4.656441710276228 19.80164787585092 36.89500760162976 54.121081210332896 102.23045114274646 85.02261636567981 67.86264500405825 50.799065155827236 33.977413011468705 18.085831739000856 9.92185289792551 21.644910733541114 37.91140061900236 54.81568729495165 104.52978380432116 87.76148550452781 71.24880237380374 55.22151942376609 40.263524949014354 28.135343276593186 23.680255644882575 30.47330536177569 43.53390676331465 58.825934778764406 108.6202299622349 92.57409749467412 77.07320800105961 62.524410841623165 49.76978205340898 40.5396985105666 37.53145081395042 42.10058360969576 52.29737254904815 65.54599839734679 114.30961740467785 99.15890491571116 84.83506847955168 71.8344617233478 61.00894660459128 53.69072422933647 51.40035796175497 54.772259007735435 62.90234131466534 74.24358124876856 121.37322759951647 107.18971470003494 94.0558459643034 82.47461455640672 73.18684715437408 67.15102241119612 65.27555200698134 67.90602501465234 74.56709355486582 84.3087617831537
34.64655399125484 6.608684521863789 38.76510444232851 23.83289302283307 51.647716902632794 46.689858168859224 57.301438628596884 73.73030371842142 58.02355039876551 20.406768148135434 0.0 24.711004704665523 69.4424619350392 45.423093782999224 37.5097614297131 36.79004395791591 35.71813582230641 74.22542923630402 20.179232778461756 88.6824103972853 34.80065626168096 7.975072846635871 25.83398571129156 18.872298530325324 57.65700052318511 56.53985161924071 67.40212116701889 44.16296343228713 45.27830005690945 29.66920450111887 12.484969834183449 46.354828612772955 72.92388737151796 96.43262378626105 68.29691485762392 70.37990135873446 34.72064977654827 64.2616968555165 27.944672039022453 95.3000372093832 136.89109462519082 122.96437760614596 109.99995018571173 98.3789836851673 88.63150868039433 81.43309365050123 77.4973397147441 77.32406543409265 80.93743904201042 87.87156248165964 129.38639372950334 114.59084338745447 100.59810104508176 87.79287283027304 76.771694956285 68.40242549962436 63.738406972081464 63.60008863123531 68.01508704634554 76.19597692325608 123.03564224729422 107.40268524213228 92.366693225635 78.27245316336939 65.72860501959906 55.79089350855475 50.03698398519418 49.934731614871495 55.51537412130175 65.33863935989032 118.02536121266434 101.65179426109073 85.64400802802062 70.25249030017528 55.98782120659813 43.96097475569208 36.45827652913054 36.39439519363782 43.80188949782061 55.77962435911605 114.53168146129495 97.59267427008244 80.80758260998971 64.29706110446527 48.343252367243174 33.745212336358556 23.218957453916246 23.199395214513657 33.7048248006606 48.296271230864164 112.69579143010644 95.44148354869539 78.20821869330086 61.01383018363366 43.90401791951039 27.03981173349574 11.552201565023715 11.596060396822224 27.09607325363453 43.96179100213885 112.59883617019501 95.32750581628729 78.06972678903315 60.83703258845473 43.65913701530952 26.642247900215544 10.593012741209293 10.645556922939072 26.705004455511304 43.72299236376814 114.24524442467322 97.25790524478079 80.40482589623377 63.792503933573066 47.67329152452808 32.78282366487047 21.803576911044455 21.78967739127873 32.75508741466766 47.64150604550156 117.56177081707008 101.11563554563135 85.00989068584555 69.48164682619431 55.02204054478123 42.730066868826725 34.97142050953741 34.91203029425132 42.584121865433794 54.833137606486105 122.41270011145565 106.69178621527497 91.54292850120686 77.30317384960662 64.5767452881216 54.435593072270386 48.528486177953255 48.43032691254706 54.172701386657835 64.20723481566608
41.719910574215056 24.475994051693807 45.86960307396655 35.61402592998243 29.270903185382682 25.729093893634733 37.539663567035255 49.3859882938652 33.40892912546327 8.7378378249407 24.711004704665523 0.0 44.87038001342859 21.555023412749783 20.103503842746825 17.685003461688996 11.3419039594165 54.19054108026608 4.699469491420628 64.01280043322991 39.21459179903957 16.788176912588213 1.4226131961563322 37.032983641052375 34.71278382445709 38.16403080994756 46.214306708895606 19.507586915943218 20.670279216062855 7.355449595974616 14.347666876314221 27.203864085372373 48.233202823927584 72.55967273532943 51.92458347162326 46.27050996530919 10.009707329632937 39.639968106097065 3.283246782652201 70.59368892496391 112.24368256500698 98.25648695096402 85.49108164677601 74.5775282223823 66.43481957634016 62.161544788477755 62.55577440099924 67.53582037251202 76.20789996981198 87.48083140860095 105.04673072969145 89.98705222236917 75.88956356382648 63.399404634160966 53.65114647459006 48.33331033821542 48.912928951995525 55.2045533381975 65.58439722981797 78.44607046060139 99.3395823083947 83.28594060670328 67.84873724163856 53.56362890023149 41.63389832660421 34.58913979955653 35.47032065827975 43.80167412839836 56.371425550399564 70.96193721941505 95.39010368097841 78.55564180081461 61.97916971239953 45.940806902089946 31.279540285962725 21.09438748384698 22.588677855903885 34.26711532033777 49.36530824986835 65.56175536038195 93.42154158925253 76.16431839923199 58.9333164260161 41.761005689102845 24.769756373678792 9.045080923326244 12.198342939121249 28.539430188145055 45.59508749765959 62.78565406064875 93.55904865230373 76.33214798329301 59.149060405954785 42.06351362194544 25.274103538941592 10.34092555487807 13.183416595411774 28.972115992570185 45.865867888942596 62.98162803136316 95.79355389660203 79.0428285668993 62.59268167059079 46.761417009907284 32.467333029852476 22.81088728289332 24.192079581364748 35.33961122571353 50.11218215123141 66.12325422695508 99.98453147590452 84.05065831447936 68.78100848554631 54.734344155888344 43.12281378648127 36.35949730708758 37.19081011338638 45.1996350234975 57.459246361971374 71.82499784543586 105.89989874316824 90.97702109321884 77.05549738175824 64.7841221547035 55.273110886031645 50.1193833549318 50.670404438857275 56.76027379575644 66.89296655042499 79.53810887548566 113.26973830288595 99.42166263480057 86.82162252833133 76.09214826653186 68.12290121171618 63.954187225960574 64.32915521456295 69.17395543230293 77.65645988711752 88.73955807036155
78.95831920791117 68.075664749349 82.20041892320677 76.95649682658609 22.73437731742579 28.794483924095555 38.3788614490903 16.699606260121314 14.950670767505025 51.547739753891165 69.4424619350392 44.87038001342859 0.0 24.582716689907098 38.642605348208726 41.639474641510645 34.85820025029145 31.3396468448243 49.27557952834474 19.4464798410014 75.12610941331354 61.61198578071281 43.66115668097032 80.69924051207371 17.53152278319039 32.7920025811487 35.38858284024207 25.37941336171368 25.525601152401936 40.11867024037023 57.85057679448084 32.5287000657291 5.091567239512527 29.334598997264717 41.77245803907745 18.410263070069337 34.96574030066524 5.325490262524649 41.76351426117982 26.45075282548445 67.47746377612957 54.303478265517825 44.082122039313276 39.19573080068308 41.57022059474453 50.18532918456269 62.51205794199224 76.78315966755285 92.09916354878557 108.01650032059942 60.32072078227489 45.148999394885365 32.20225871554811 25.18430693497515 28.813602596817475 40.31015508298005 54.939093916726954 70.78424971203671 87.18501306686221 103.87855182293711 55.9062385593921 39.08576411360313 22.991290053430046 11.323201658362494 18.070511580236445 33.51991791825016 50.19302163862908 67.1848715163769 84.3029508119588 101.48340300755858 54.89963468841825 37.638669856742 20.44706835221744 4.267235143376451 14.732601375547615 31.852838912187995 49.100618185454444 66.37658940902135 83.66328999570393 100.95520848468489 57.48024079375279 41.29589891449151 26.56005653822177 17.442307479096606 22.39963677846181 36.02728849282992 51.89315422288314 68.45834897914052 85.31649187212832 102.32289175161898 63.210188712831915 48.925844226862075 37.29151792765724 31.405177682548707 34.360178420684534 44.42597592429365 58.01225398490476 73.18391003345377 89.1350467709457 105.51273495416498 71.33449140556948 59.00695336552454 49.736655802211885 45.43514959710661 47.472878689765054 55.15160112738169 66.54643120630325 80.08657446226044 94.85776096413144 110.3668144150435 81.13696834157082 70.49526706998435 62.88603969802601 59.484632979742706 60.99906060619668 67.09728378393338 76.69355807126924 88.65920409044256 102.16507892525046 116.67754066119882 92.0831177191801 82.80702510922251 76.37665429792992 73.54230287440399 74.714351891224 79.71628140515077 87.89666512153632 98.46648685432957 110.74367432223656 124.22302864478267 103.81166343364319 95.62455646911077 90.0551280058409 87.60406557886931 88.53075441602778 92.7339883465618 99.80063455325342 109.1760810099042 120.32182934231349 132.7928631782632
60.780127107290994 43.612026588398486 64.60648875833256 56.361827583733074 9.330001873745047 10.09853551787884 35.981996618021185 33.759928482045716 17.795248873779087 29.489535832567974 45.423093782999224 21.555023412749783 24.582716689907098 0.0 15.928317141516422 26.030798971160916 14.566302688160924 34.917781325115435 25.515268817232297 44.02886257060568 57.56752856247398 37.80381093329898 20.19819316337938 58.52810845667868 13.51482536349577 22.68357931579552 40.085908008329255 6.120731174470495 10.85972056864186 15.775710860266795 33.47924160433062 14.355790311862346 28.7439651731989 51.10564808625032 36.77072220011719 32.0297222146094 12.803518765415477 19.78002083699388 18.87099527943272 50.99638616455285 91.90382322309019 78.86172388975687 67.75491533526672 59.67398004944904 55.94584456041558 57.4246413838404 63.74903637209171 73.68166749188816 85.98101474105503 99.77564809422348 83.98049580108334 69.51229957886957 56.65598746608738 46.760528698663364 41.97497085278645 43.99948087801397 52.045321235353725 63.87629930495356 77.7840135801263 92.83980250698212 77.83788630036437 61.988074061007815 47.170074266825445 34.73068219030682 28.038089503920077 31.060560832522402 41.738378190826104 55.84027030118479 71.36448107501583 87.55770856593126 73.92134679487931 57.01640320319152 40.44857996508316 24.900154073272063 14.235883860197436 19.596320328588362 34.118672545835004 50.42682348593357 67.23360694015206 84.24110601229748 72.59214186493867 55.29027919392531 37.988478384740766 20.68689465523941 3.388854498088583 13.91885997431803 31.220163276373235 48.5219139241775 65.82375916468578 83.12563993208494 73.9898639554071 57.104801142347505 40.572518712857956 25.100056807710885 14.581119458124485 19.84736389082064 34.26279728855001 50.523987555509116 67.30616594949056 84.29874997264085 77.96797619181545 62.150602090252875 47.38247639827773 35.01728858531737 28.390696203547485 31.377738331717296 41.97383703612734 56.01565164359935 71.50114099317658 87.66859642007499 84.16131216359292 69.7296454451301 56.921220132496074 47.08005955437587 42.32899210713741 44.3357643093731 52.328589508023136 64.10621983667517 77.97203615608049 92.99663586098073 92.12409620548652 79.11714334006986 68.0506703040344 60.00802594264279 56.30036160242631 57.76847190282564 64.0574747065331 73.94742643133995 86.20778257152902 99.97019438673776 101.44039230858859 89.7472791790417 80.1104515229568 73.34496684589095 70.28494344827246 71.40834534578539 76.53116809558827 84.9327792463114 95.75397477902393 108.27169425129553
61.58811616507304 33.72036648785046 65.79823654381394 54.51050799692515 16.483951670934445 10.4324594583761 49.2239340674206 49.588930296140596 33.721242445362094 28.617763479283468 37.5097614297131 20.103503842746825 38.642605348208726 15.928317141516422 0.0 33.875017733565755 21.951056847274806 36.71667280311351 21.380816821967375 57.68128607206618 59.25295626566586 31.30370983829046 18.857706275340217 54.091499914964636 22.675220756940647 19.205278148123927 54.92751220314323 20.09914418099497 24.684862724302448 13.046960331830975 25.09079948131818 8.896925475737294 43.32642614854648 61.4182186532023 32.19562773276272 47.95679970896738 18.545398215425305 34.52111120614761 19.64790932850272 64.87409573076829 104.39631307722136 92.54024121972817 82.62863194536057 75.43191566582546 71.77148108301523 72.18729531430982 76.61301602755711 84.42032549579936 94.77719662671323 106.9454587871084 95.17827824036513 82.0513880818274 70.743574255174 62.25410577468123 57.837630039263246 58.42522217966019 63.87894097702471 73.11791154883032 84.91546533635399 98.35517725126816 87.28396891556521 72.79154535335392 59.81163127175326 49.54752981923299 43.94528987765103 44.78977125600392 51.766427647502205 62.8657837700748 76.30959849176284 91.06540061986787 81.1009894215648 65.28593346215719 50.456367910059356 37.79082361076145 30.152229894078136 31.446413434828035 40.83266094883771 54.26273872836216 69.42832822616319 85.4098942629909 77.04256793883127 60.194494765595245 43.702511941292464 28.19848088657354 16.70663111141742 19.02054537421162 32.29803699960582 48.2001832586906 64.8233334745146 81.7287212902284 75.45237410536298 58.15488357572458 40.86115272728895 23.57945532930275 6.407902775266887 11.173420033947105 28.413781963332767 45.70070337086198 62.995866250494444 80.29394518663959 76.48453697767695 59.48189984727454 42.72026754876433 26.658187235697216 13.964579163579844 16.675515974300488 30.98143043942092 47.33220962939742 64.18364232407912 81.2247170066491 80.03765333927018 63.96634072543603 48.74494534782729 35.484599555246945 27.220471556183913 28.661149582922864 38.738599311468526 52.712492023403215 68.22935373781579 84.44283726307506 85.79905294847146 71.01247481435674 57.64348380556242 46.91989370127582 40.97422578205816 41.89276173498022 49.29325863611815 60.85517859587378 74.66984485445492 89.70242055137754 93.36072709937976 79.94572730444229 68.30162728607806 59.477763003021295 54.85248690943536 55.48590248811835 61.21498555212727 70.81357612585427 82.94907894301264 96.67076009406622
