0.0 67.02165586496298 37.03493310134374 84.28307492634411 60.09614628570784 15.91789084843151 4.932402443818092 12.688920046443572 71.86841370473752 48.470097214181514 45.79511433097389 32.28050339613657 9.254908914577682 97.04270910990776 71.9022507399797 65.48780252679106 16.982618017622773 29.881332227423403 88.73093674589099 70.64329460575783 13.068610450092264 64.41063544841758 32.25974714826306 41.96357148470037 105.63077003443922 76.00150588834437 8.021328495633036 16.04968297721127 36.31512437516415 40.078854177109456 63.47693032770358 35.760074804178096 2.13391979423662 79.5869064680441 31.232465528826356 45.31447488461218 41.018777804213926 71.38294919526363 71.21166895720172 17.594397406429362 139.39398517852976 124.30156516923869 109.86249750687013 96.3709026076064 84.2830151154616 74.2872510026484 67.32204648890395 64.37867257813092 65.99744146565284 71.87074741980891 133.3840100587515 117.55426005012337 102.20281319373045 87.58154512289049 74.12381614889934 62.58477648814427 54.2039613782326 50.5765327366662 52.6934811132111 59.949322711449916 128.63138944684164 112.15815491208737 95.97695583012299 80.26460840648733 65.36012278256794 51.963361256527854 41.55891181829848 36.78046173650211 39.71358149535712 48.992261842259865 125.2793741639538 108.31546460835494 91.47824429224882 74.85325315177752 58.62133450569748 43.22757492992492 29.991609372016683 23.00176198594214 27.520474188038886 39.80430840936003 123.44216483981548 106.19501259633883 88.96913249472128 71.7798409717847 54.66166663724683 37.71157946510354 21.334053729060173 9.318458448183247 17.811195461352714 33.85789267289612 123.18758180117584 105.90033392367937 88.61881648640703 71.34719364445922 54.09494377125036 36.889257751797984 19.8515800009138 5.105547451386833 16.02377908659404 32.95709138933716 124.52533573556002 107.44645571223059 90.45238730500321 73.6019008740441 57.02242694292043 41.04371396176252 26.76429816455054 18.622050796704315 23.998871112685137 37.46762299188115 127.40525931029363 110.75629248112392 94.34257266178942 78.31215855112613 62.95852448857894 48.92306105592816 37.70761818154152 32.387829556131344 35.70415951114335 45.81823848680592 131.72620274076166 115.67850618298219 100.04970884251792 85.07099875449812 71.15411837594007 59.054597094600645 50.10674064130176 46.18039217054678 48.5105651176831 56.326054173057706 137.35217637169 122.0180570562943 107.2841464721665 93.43482147482997 80.9255187662869 70.4734649021832 63.10922965373612 59.98113390284025 61.73648779881735 67.99814241462715
67.02165586496298 0.0 54.62407015757586 45.32099664785456 36.4311070451005 51.55248336539978 67.90843433895397 59.933806607807504 100.996067588382 22.298238497456733 57.699286123309335 78.68679358378947 68.62714985717936 55.621875418343954 18.257565767971286 60.01505814526138 74.24682561865572 54.454318268388135 48.30067963202313 64.97267006582628 64.64488973502453 4.267839588471826 79.46502706656167 26.59967308973445 52.94131452128021 10.960020551413475 68.98374114150283 63.51903575264964 93.96505392790614 43.872628411064035 38.04190397317525 78.37142766608706 68.36636550035774 41.26159668303091 43.165225455993344 65.7233979015054 58.81894428240839 8.740093790333706 33.91471852329229 50.80050359374236 82.10858637247259 65.06239754030851 48.19879692337349 31.809516022775334 17.299694446165496 13.61713552288354 25.889885387109953 41.87909722587512 58.61863387294489 75.61178825667737 81.1408241887542 63.8424007224549 46.54658423188469 29.257998410337862 12.007915388468405 5.573435802802615 22.72993477758667 40.01187669945846 57.30588288043383 74.60356386978228 82.61084913787968 65.69223177915917 49.041805355096834 33.067211318545716 19.50627314061093 16.317516810097054 27.399643308292852 42.824432133446074 59.29448504900651 76.13443611419217 86.39429179311067 70.37019045725387 55.1240701934725 41.52194460315932 31.752007997035438 29.849916237283566 37.04800056979892 49.525756454238476 64.27873768021585 80.05885986161356 92.20676762941041 77.3648899259141 63.77514213679332 52.42056543759732 45.02518153274242 43.65000147091491 48.80658408321437 58.80091016639079 71.63599505755042 86.04992100047066 99.69393460855171 86.11354133507236 74.10061306995114 64.53647934515226 58.63199577237668 57.525317412532985 61.47609951655764 69.62870768044034 80.71988917037893 93.71201382316968 108.50958916140796 96.13839333542614 85.49584217490268 77.29926266589003 72.38440171700361 71.43189651053632 74.5936906863723 81.39170820901532 91.01478046852071 102.6716074942818 118.35714094338898 107.08149268930597 97.5866651609857 90.4353151981866 86.21260424266364 85.354308054283 87.95897085810536 93.73836505464527 102.1550756896525 112.61934013284802 129.00036554263477 118.68899023535054 110.14410428854528 103.80287197559994 100.0850336778905 99.28573370657313 101.47396259387416 106.46566801859748 113.89283148463495 123.31618253313619 140.2581114784055 130.78395990261663 123.02520528335471 117.32266932830339 113.98538054759511 113.22268260501372 115.08577397538191 119.45185441853614 126.06112133875287 134.58349727204723
37.03493310134374 54.62407015757586 0.0 51.902480143969214 29.16217430676345 33.97471446338191 41.484393945843294 42.31985000065874 48.80145466294667 32.50207193572627 9.090701011343809 26.446913717807156 45.32998014865086 63.78856707645228 49.60589835888922 28.45917701653941 30.406362251673144 7.221796432711841 56.154113169630214 33.64285677069619 25.08967175936501 54.3697773248753 27.362455564404108 30.504080422865048 75.70996604648077 59.0897623784056 44.45382622800845 48.097638526795826 44.03581304981017 10.837383340413714 31.704659391628976 24.866584565693014 39.166266694961436 47.879954056607026 15.265219262837405 12.949789394777472 5.638949563315858 54.29082862155686 41.42461212136051 24.737818770986333 109.49468876253154 96.3736179367871 84.76646286374252 75.375883704756 69.11140345904784 66.85760957471913 69.0085897134411 75.18725009330637 84.51479944316746 96.07846636417142 101.38813099621962 87.09860477921265 74.1045250991203 63.20992140663781 55.661544417036474 52.91144231881421 55.675252746405825 63.23406239682782 74.13541235215904 87.13364402128953 94.70029685523508 79.25127024803574 64.74633260688385 51.98189564613826 42.55412439248269 38.965313673081 42.713510456055275 52.24268772088793 65.06042579051561 79.59350304259397 89.74901088930612 73.29177005525034 57.33404474276172 42.44304821608037 30.23809722517387 25.019656919543976 30.599582801061583 42.95807525334055 57.90654987099649 73.88945346275378 86.83192009659999 69.70609104115326 52.695435383363844 35.963755277910806 20.216020344955695 11.076834608419764 20.866673255575073 36.69949375704985 53.45091797849172 70.46886848037681 86.15593862059954 68.86608660251824 51.584334555913166 34.32291978387672 17.143384633381892 2.905514441504194 17.93605182127891 35.12371647456152 52.38666363034507 69.66895403933631 87.77287087710374 70.86946797120171 54.21806277497371 38.15006400633281 23.87401617638318 16.82920453236054 24.39647134518814 38.80548563153936 54.91134516826871 71.57763724336573 91.56129988771525 75.49017116350477 60.10631576823309 46.102943463843175 35.1696253145036 30.773895454885423 35.438279954880194 46.51257549120597 60.57785585030836 75.99106860597314 97.26777667251352 82.28840478683739 68.41378893585141 56.46428288402894 47.902899052687964 44.719839051354654 47.997333707376626 56.62444571328874 68.61206477472814 82.50822252245086 104.57871529403793 90.77616979459961 78.3748364818619 68.1440655218318 61.182587553020916 58.66601277764638 61.145643937451524 68.07771420611466 78.28829575414962 90.67654610733283
84.28307492634411 45.32099664785456 51.902480143969214 0.0 24.191034692093083 73.73419536881627 87.57715880930961 83.864054229481 79.80633719903791 42.08458194551036 47.28759911642574 77.22919176055989 90.333975492595 12.94364944278552 27.100657202257718 33.45672003611436 81.96576246097086 57.248555484582475 4.451330575148165 34.71250052333449 75.01299458949971 48.92099010715153 78.17410980046274 48.37292478998927 24.66974475154893 38.70988667446501 89.96730806226684 89.26578306338163 95.16881181226694 44.7158532252427 20.88092990014236 74.55755027386552 86.300342669026 4.9791461865507 53.07487337719232 54.65810675491744 51.80034104430648 37.32521981359632 14.240113163945855 67.23083152222289 57.803850850637694 46.1649201024499 38.984882377887544 38.822014258176225 45.75131756790615 57.25315588147733 71.14331443324717 86.27586597393345 102.09987973174029 118.33829626705968 49.597961291469566 35.4104774384825 25.42748267241794 25.257130719690633 35.042820146611945 49.160824341628256 64.84045705052642 81.18185699709316 97.85404311937853 114.71287817144336 44.51286256677239 27.884172738140435 13.129066423087112 12.881413798395398 27.53547526739744 44.14959926666157 61.146422406028655 78.27704625969194 95.46947213456609 112.6954186671945 43.65321857357208 26.49683317235611 9.862776146606166 9.548824393401771 26.14955544741745 43.302793925125584 60.540715078105066 77.80705566614591 95.08633524076599 112.37258516390247 47.250232979197186 32.05570501969065 20.52471319202817 20.33891340547683 31.6984363180734 46.84679552638999 63.11232491944374 79.81491578595467 96.728423571342 113.75881060700662 54.427321772415645 41.8805517964453 33.828039479852315 33.66601051768457 41.487017802615114 53.922661293308714 68.50432488909911 84.12336196763152 100.29629056703999 116.79323673342367 63.99093391920477 53.67782594687113 47.6075754647039 47.43792105111644 53.225316668458944 63.35783443255427 76.11963545697687 90.40401256929539 105.59486229599665 121.35224458505401 75.03390704664712 66.40434696408097 61.5441531937008 61.355714457641206 65.87913181398089 74.25827716891295 85.3652086917797 98.2794047038014 112.37953252037322 127.27204200510702 86.9945645254012 79.61559978521294 75.55077227344297 75.3384406727362 79.00967083101389 86.06893467701661 95.76993754574967 107.3991915592733 120.39924312885019 134.3728214035619 99.54251954052772 93.10532102294118 89.5944363501353 89.35546912788027 92.4138047982914 98.46267001957688 106.99606568880202 117.47379866641646 129.42450806237085 142.47802572310826
60.09614628570784 36.4311070451005 29.16217430676345 24.191034692093083 0.0 50.041055886240926 63.44286992122892 60.14161696708295 67.25237749732007 22.27210239190809 26.98044459438909 55.461860493500716 66.2943784489389 36.97152014469155 23.8849865852498 23.60976010615907 58.371284831892176 33.64183441537451 28.636457000141753 28.57266389116435 51.00130860837704 38.362246721557064 56.39214439823829 27.065419475332686 46.83000468140576 36.04100740168221 65.8835098430174 65.67968820441311 73.18262822810485 20.729923728505238 3.5565329903929532 53.41630648397095 62.118760802742365 19.576508859375956 28.90946040106529 35.29714753993952 30.465186188953577 32.0297222146094 12.263281893324365 43.1407121577105 80.75960893548887 67.24017057265475 55.848633857429 48.120707921442694 45.943861614805094 50.047752910802075 59.13898870323867 71.3355848104037 85.31596918197845 100.33726524214198 73.57331167023213 58.45710098584749 44.94598692308628 34.95367569592891 31.97007613701359 37.69775472293873 49.18195068792934 63.36652472019001 78.80658129881225 94.89123603387733 68.58756102756313 52.07395550904162 36.30223409275253 22.863061934780834 18.063749475001263 26.99241619999869 41.58838855597315 57.700170157339905 74.34875421148459 91.24076343657737 66.30074324882207 49.037161169562474 31.815268803128752 14.781509249217065 4.846466298048925 20.66874424573858 37.81030646579611 55.052294181099 72.32291785727001 89.60562110379435 66.98986245482037 49.96074499839019 33.21480843506579 17.580786315608115 10.661035835646269 22.736411595075065 38.973635048175204 55.85389095691312 72.93204460789498 90.09562817273827 70.56777994951628 54.64425067785868 39.88592996632715 28.186723797664264 24.429615217362784 31.588471203148355 44.694156645871566 59.96677809954821 76.1128900053801 92.67707530028325 76.63087643305033 62.244601792917074 49.751342520888215 40.92319774666854 38.37872517374831 43.24177816756075 53.53020281276903 66.7818856288306 81.56509231207733 97.18340763847681 84.64672416925524 71.84185627331404 61.287330413334125 54.3113393497679 52.36417144593829 55.973131741779554 64.20807316220392 75.57156871303692 88.8715223927854 103.36311306698703 94.11760303338458 82.74395043402946 73.71357707075647 67.96700327705331 66.3628480649555 69.1898377733351 75.9548002288573 85.73051780549632 97.61661573186471 110.93681818302079 104.64909432743565 94.50022985602446 86.64776863938965 81.75610097129787 80.36769345097888 82.65926520396829 88.34491477272861 96.82858914983959 107.449566100623 119.63997952571144
15.91789084843151 51.55248336539978 33.97471446338191 73.73419536881627 50.041055886240926 0.0 16.36293695421169 10.129900717572045 77.56815778980689 34.60257613990352 42.99268644272865 40.720583721034 17.58383164212892 86.67292104922385 58.09063776380521 60.71686041431135 28.596360635862883 27.216118780349326 78.1597552677247 66.3914422715954 19.859577516192164 48.751369258961205 41.04349883668776 27.78523410393128 93.3708219834671 60.95437058447884 17.690366207701132 15.660959643857382 49.60943722126895 32.495347879302365 53.5812478818564 43.047049168158615 16.975599726726404 68.83883918023056 22.268477425974226 45.464179267749365 39.23989521344134 56.48113551825985 59.92436505025067 9.26580676212825 126.69726080558718 111.02353167196937 95.91118019031407 81.67242862660616 68.85141917224885 58.38965198157024 51.73863360602714 50.42937803296711 54.84577780162077 63.80985604889196 121.72301144141925 105.33841943762737 89.30050842456365 73.83553413074864 59.39274784214789 46.925664540987874 38.408912892381565 36.703927407996545 42.63588964021141 53.73236440234717 118.21888464205898 101.28794858265964 84.50741669851435 67.9887456349102 51.982176714731935 37.15555094576423 25.64438229487307 23.096424563698406 31.74848687905224 45.620161307496026 116.31787246980095 99.0728739319185 81.8519057450631 64.67416664186545 47.58649408500169 30.739457372446928 14.968877432056685 10.096215893846416 24.05229907827053 40.66701167162699 116.09877782064639 98.81673158331616 81.5431183153408 64.28473631270631 47.05834650118391 29.91925972490691 13.211726002997496 7.256085714914684 23.010113651572834 40.062368315487916 117.5710069794253 100.53449920506407 83.60706437614283 66.87158388853699 50.51918531560026 35.08958924241374 22.56285213647214 19.63662789171715 29.339799734828212 43.98593385492704 120.67265199545776 104.1285105265216 87.87669078132517 72.11509671625328 57.2500644519877 44.19571131754575 35.03798270141217 33.177822088809215 39.655817217491425 51.41116720763022 125.28270989050479 109.41398177908673 94.05202990832996 79.49120807490497 66.2617755799794 55.32717736783739 48.272902531226144 46.88446003720407 51.621071066753515 61.073891918198555 131.24226000642142 116.16018013185472 101.7867364136156 88.46800323596547 76.75500706263584 67.48903798364279 61.7811056319977 60.644335306602976 64.32154711280752 72.07969941423684 138.37697525135215 124.12908195600937 110.75449044292785 98.60918709048997 88.20245384367415 80.21384176055705 75.41574382602984 74.4277830167101 77.3960064465514 83.901580461807
4.932402443818092 67.90843433895397 41.484393945843294 87.57715880930961 63.44286992122892 16.36293695421169 0.0 9.988655183566703 76.70772051575636 50.42905421562178 50.34785794253558 37.02475650557353 4.3301120207100405 100.41271091517646 73.95739527786945 69.88639937439022 21.492688985896148 34.28348120765725 92.02847889179638 75.12661882507493 17.96836004870427 65.05575917025618 36.96535912261258 43.73552280297511 108.40675276610588 77.28837204012711 3.101749351345588 11.905215814247397 39.8645583178051 43.83253859654749 66.88080463919057 40.5857223534563 3.26560170967679 82.81228087378791 34.54213664450213 50.129119846529 45.64951526124001 72.78025007602155 74.25056178865889 20.37820554075712 142.02889015822558 126.67365973677519 111.88798566886196 97.93018655150293 85.20807693276292 74.3586319613891 66.30754675073432 62.15199274024891 62.67171996776034 67.75923259961682 136.40117213542453 120.35976454405079 104.72042952656314 89.69373488542628 75.64566130210446 63.23186181739641 53.60012036435934 48.439444015152844 49.178133852586875 55.581473903119395 132.03039224824695 115.40622065814703 99.01451867084927 82.99314369570081 67.60589283034133 53.40373996668091 41.61814498167738 34.79782167481983 35.89449327192483 44.32435846708353 129.04439785523616 111.99375599911531 95.03398183266474 78.22420072099145 61.687154329307546 45.71975498018334 31.20894963103702 21.363816001466244 23.184871935683905 34.890908481430344 127.5405322310948 110.26559261979358 93.0006874072917 75.75267776853075 58.53650065063846 41.3918955375592 24.46976731429995 9.108424512297308 12.879078780484782 29.111704378631917 127.57124379342143 110.30095141321213 93.04241437928917 75.80366228364551 58.60215788623675 41.48426151524131 24.624953791656544 9.515571252184998 13.168796243723273 29.240411146233775 129.13543723195156 112.09816310433125 95.15643245303893 78.37223071111687 61.873887058815775 45.97021532069642 31.573009632671837 21.88973781688568 23.66807448703308 35.212303559384246 132.17866061306498 115.57504073467283 99.2103292290009 83.22557585494296 67.88969872500395 53.7608926229622 42.07331249645659 35.33838337358041 36.41629746073946 44.745946948216606 136.60205838608815 120.58633471861128 104.97955945724317 89.99474264990603 76.00066791522275 63.65415430994291 54.095316034581835 48.98425350651581 49.71230215049442 56.0523942165482 142.27689973991508 126.95039744828917 112.19975545608854 98.28459358744584 85.61327028889565 74.82043346289545 66.82257836257885 62.6985741154884 63.211232506202784 68.25615822417979
12.688920046443572 59.933806607807504 42.31985000065874 83.864054229481 60.14161696708295 10.129900717572045 9.988655183566703 0.0 82.5445944566384 44.36995781070399 51.41024062722001 43.74476331296078 8.92871448855522 96.8025645289336 67.73445354842855 69.90752094117134 29.238042558107438 35.22186543793027 88.28960906904919 75.46806473852328 22.88746515725583 56.79730287561188 43.85693614762008 37.50616362525868 103.35759258410303 69.79628430318004 9.643393828143335 5.822953539733809 49.00394730735292 42.1324945628331 63.67662185141787 46.80686793945614 12.3826228000017 78.96832430386857 32.0328659672553 52.80117685400408 47.22883739666651 65.48476494002435 70.04377711745623 18.05047416553807 136.56449316172723 120.74115385295953 105.38354721727715 90.72848595689287 77.17722885619217 65.41935106729981 56.58408508304455 52.1778327062173 53.310356571940716 59.66709612841828 131.7748135441641 115.32154275409648 99.15755855713499 83.4511298445058 68.51764140223419 54.990451463628986 44.1807512270606 38.45301371598885 40.050420806413776 48.25085085016495 128.34788462918365 111.40790931442949 94.599026002697 78.00602462263333 61.803031707171236 46.400433974657965 32.94080314732879 24.817402061698385 27.3024004870038 38.38814131694201 126.39465015443584 109.16240690538785 91.95633547359668 74.79450009691426 57.71637475133322 40.8271434564357 24.520286088947728 11.590784082916334 16.31444697602839 31.570383958919397 125.98370099389237 108.6885081648411 91.39586560479883 74.10755861433 56.82754428512163 39.56668910529929 22.369388360223862 5.828356204254688 12.894319991959266 29.954478657530377 127.13000024131792 110.00911742969673 92.95529595753645 76.01368526840686 59.28056867384439 43.00004033969625 27.973796468672763 17.741907486948264 21.112305568936137 34.2840456240345 129.79227851799675 113.0613517751128 96.53192160785477 80.32847213361944 64.69639791671197 50.172634908261216 38.048279936398174 31.25314129635234 33.23484614035473 42.7908877842279 133.88009154669078 117.71054358630137 101.91353702768434 86.69296273180639 72.41321940664557 59.75267945927652 49.95793090755117 44.94341797127783 46.28963790894145 53.51872697431695 139.26791286747184 123.77681094310567 108.83263805232184 94.69468881402605 81.7821611367283 70.76903615021959 62.66488555941573 58.687444091593214 59.66775605968879 65.38320074559913 145.81163322953927 131.06345330927277 117.01672163473353 103.95617072744804 92.30138495495152 82.64922165140538 75.76892474942323 72.45449619713054 73.19198060030907 77.86633401351665
71.86841370473752 100.996067588382 48.80145466294667 79.80633719903791 67.25237749732007 77.56815778980689 76.70772051575636 82.5445944566384 0.0 79.98220199941404 43.48221978171855 39.857688980308524 81.01436516225607 86.59402803545535 91.13192849147543 46.67463198320531 55.69186671932657 52.79076705105609 82.49012138194604 45.21424954300236 59.687412468095516 101.53809853979875 40.065898550161094 79.06709788072733 103.56828327684622 102.93465516615085 79.6723419337953 87.39736641401696 47.04144559423581 58.32621105114028 67.52855997128721 36.12422082790162 73.4780332424493 78.30206206002734 63.85973773062411 36.088546724391435 43.506612626739354 98.56769712430271 76.91752882527975 68.98550273030963 133.3068661827325 124.98671610915599 118.62246279118449 114.5405997762623 112.98876120977306 114.07025101534579 117.71251003146918 123.68952547734614 131.68376228874527 141.35338209526012 121.43090616702446 112.29544414631789 105.23181087308505 100.67704159392191 98.9781027798089 100.28024928742524 104.47132336557445 111.2252303000618 120.11041480695593 130.6929113386411 110.09122702324883 99.98446557294956 92.04556781130059 86.87092644497021 84.96709527423009 86.55018664114587 91.43927190296198 99.14647847813579 109.07605627505293 120.68067790300653 99.47159347213932 88.21335659982962 79.166176533745 73.15503797652303 70.95579261734218 72.9141843599421 78.72052404575919 87.6130833907261 98.76169655331543 111.49162246603092 89.8279223831522 77.22957468974039 66.77167389105075 59.59197363969913 56.944252309481456 59.43727854381609 66.49533781444373 76.87110954078601 89.41701556966261 103.34570878749588 81.50753034598418 67.41922641544801 55.18995577914079 46.31646455175645 42.9325412659154 46.25900833196427 55.09349458392835 67.30077993832776 81.37690923251623 96.50757624700621 74.95254387125632 59.36708858686416 45.05250351782733 33.670676124239314 28.920758628284116 33.73152264799272 45.14344306985267 59.47062111451159 75.06189839542988 91.27174752931799 70.6561338996562 53.8676075418599 37.54812296325224 22.731397779319757 14.909187204799991 22.94697784861888 37.80947279228034 54.14112285900102 70.93432629678558 87.9250170374916 69.04131155363487 51.74132576588893 34.443293730813764 17.1531272394393 0.9125049082436456 17.497118516277112 34.78763066935888 52.085726824655126 69.38573506252906 86.68651060881201 70.2931531563744 53.39280255335315 36.86689716313456 21.592999015554348 13.117159168601589 21.83059506622949 37.1456949774406 53.68187019731027 70.58609267061641 87.64566462301995
48.470097214181514 22.298238497456733 32.50207193572627 42.08458194551036 22.27210239190809 34.60257613990352 50.42905421562178 44.36995781070399 79.98220199941404 0.0 36.50834080367105 56.46621962138773 52.16127317629056 54.785080118632884 23.531729233118117 43.300384960531765 53.089713363714104 32.179978813813086 46.273403604719206 48.95037017324722 43.770013905660555 21.873310013001372 57.259687290462935 6.871731437626098 59.21339887317826 28.628444694079136 52.167834185402285 49.181350155874725 72.13843402753169 21.923745876821954 25.405238333406327 56.07713304685956 50.14232499821179 37.12102096669172 21.149919603403596 44.14852782032336 36.99588440934629 23.77521119518661 27.854207507455254 31.093340363825824 92.20349431233872 76.4218161811908 61.46390328464722 48.10443450641956 38.06533363979773 34.38910328598672 38.92247446287312 49.4572078223824 63.05378328523229 78.12970984976918 87.85935079839591 71.14531700615782 54.79742962614017 39.275590484842915 26.097840424829418 20.453217213183628 27.46420336597699 41.09674429084708 56.76542846389445 73.1737445990229 85.64627980318768 68.40638642787434 51.20835441533673 34.11555096362755 17.440168319078598 6.569742937618833 19.516069567361992 36.294707854896124 53.40831454939464 70.61376427835445 85.72951074724759 68.51008811757012 51.34616503749871 34.32110842486127 17.83708586737243 7.556329151600099 19.868264079521833 36.48439466536318 53.536786604521126 70.71051771164713 88.10253472779002 71.44404340481634 55.18294480628033 39.80923013446666 26.890584918877614 21.450959364410775 28.211612946221187 41.59757083524551 57.127331818758975 73.45350590002366 92.5894280615745 76.88488356932787 62.036085506559914 48.83005160164659 38.974086581784164 35.3877430959456 39.80342634819601 50.15018033625725 63.59619389143458 78.56601439628032 98.90285193532459 84.34881491242936 71.03782566023148 59.80572224621727 52.01709136311847 49.330850551133146 52.535602024544794 60.70541809253835 72.17345587620774 85.6245836303823 106.7190477418729 93.35173209955836 81.47901901384462 71.84573133977857 65.44831245449771 63.275967110829264 65.74882769912594 72.39242082618509 82.20164695084421 94.19263691277573 115.73384258113893 103.49266813181431 92.87532868484928 84.49618502056566 79.07002068801857 77.22185794383252 79.20256814772057 84.74410033863582 93.21353210272876 103.89729002887128 125.68948633306353 114.4694432035067 104.9158358635391 97.51966231682093 92.79821764586188 91.16801300287842 92.79211565882231 97.5080488922333 104.89964349568316 114.44965508069933
45.79511433097389 57.699286123309335 9.090701011343809 47.28759911642574 26.98044459438909 42.99268644272865 50.34785794253558 51.41024062722001 43.48221978171855 36.50834080367105 0.0 30.029051809101595 54.26752286653836 58.35682844888422 49.792969519840284 20.074359141387745 37.46166929331193 16.248718427705796 51.2933172362843 24.90366025965322 33.431410109697154 58.0855881016952 30.9732741259356 36.05405243283625 71.74119030066788 60.5992797965945 53.351650693323336 57.18592117168371 47.962352986056786 15.181950240820642 28.672660121799478 27.272875158431834 47.91679307460508 43.81182825513591 23.0569038236911 8.414390800002503 5.1340719635826835 55.99799851089445 38.78637345111593 33.782848843560515 105.07656501042452 92.91495766673384 82.60740653128882 74.92307576218326 70.7222762785534 70.62933423892733 74.65959255655768 82.20885645057741 92.4187578868776 104.51242486714484 96.11561887502711 82.69563875929066 70.97621602314655 61.930411798058216 56.849157104822446 56.80647423676141 61.812801752767776 70.80513752111025 82.49006383558476 95.88822585124404 88.51205377089946 73.76425512644742 60.38751410017315 49.50599193445998 43.05507483573997 43.07366427806243 49.55448005073676 60.453761548296015 73.84018506852574 88.59341640207253 82.64150874528295 66.64082331334791 51.488730688622795 38.208495598494984 29.451631123770333 29.557024677726247 38.451872928990305 51.78981606136227 66.9666577896872 82.97946224959053 78.8919035759384 61.952279719875996 45.28741639663081 29.368823844842666 16.51720778291362 16.787528127491253 29.825101124579895 45.781708381385535 62.45883121144764 79.40377181859077 77.57146869425912 60.269651122413514 42.96792456179304 25.66647306461156 8.367003149439354 8.941993487299323 26.241672146587 43.54314033540553 60.84487149453664 78.14669095874763 78.80242910950051 61.8388221428128 45.13280061275327 29.13094806206983 16.09245958685328 16.37177610506841 29.59418062448898 45.63232053654566 62.34993588584646 79.31855400267469 82.47060043771512 66.42973322038749 51.21648955818257 37.84254189954861 28.977525429942812 29.08686663353773 38.09336515669814 51.52545929182378 66.7633976766323 82.81629918789075 88.27262100771425 73.47809892859432 60.03924951068811 49.082552894713075 42.569796485627386 42.59088170434244 49.13739811222027 60.113972081652484 73.5635809544171 88.36411207779453 95.8215828546616 82.35527016522171 70.5811849719469 61.47938829572307 56.359782324662106 56.319031486131465 61.36725443406036 70.41835620994355 82.1598942974267 95.60570032935603
32.28050339613657 78.68679358378947 26.446913717807156 77.22919176055989 55.461860493500716 40.720583721034 37.02475650557353 43.74476331296078 39.857688980308524 56.46621962138773 30.029051809101595 0.0 41.29424130404507 88.37683890023122 75.77224095282544 48.328328669809515 15.835248839407143 24.341179422525567 81.29031359846716 51.66740946021389 21.136189308119302 77.67305273090952 0.9450542907968201 52.53517834404251 101.52085377443682 84.4664519864301 39.92784228308702 48.14471610445495 17.942384113471686 36.652753693531274 57.778676745823525 4.3130212897563265 33.76930090618965 73.56527769566436 35.59988619648842 23.831243591752568 25.43938195163181 79.59757297116991 67.69031871558543 33.70823549649588 135.0327689736745 122.47422158571729 111.19665652199463 101.62742299017879 94.28809574734423 89.727543766235 88.37700173645709 90.38048448953921 95.52719367855676 103.34859796907458 126.1332350678603 112.63358759620556 100.30824219838324 89.64289254482155 81.29353755345477 76.02707837192597 74.50020387537771 76.93588527548424 82.98594364481728 91.93959743063634 118.24469942446402 103.76594228481414 90.28636757627085 78.323566811236 68.67481068313012 62.42254146827792 60.62683647663792 63.665912981921046 70.92093631122904 81.27056967507121 111.58191671359616 96.14104025314657 81.45169112383469 68.00264138754105 56.68371342298436 48.994187229624124 46.76024251846267 50.70811632987051 59.6222167171398 71.67291869253638 106.37556337274468 90.07515431230823 74.22947311055215 59.204765388078606 45.815959268055195 35.94034383986562 32.90931205185377 38.3802766646967 49.61629537465103 63.633451966809716 102.84714003144805 85.89929204589183 69.12708861384704 52.69850312312307 37.07319688930585 23.883539703685532 19.108554497510898 27.542005849563328 41.841357082077046 57.80612496720674 101.17240675269565 83.89621564264154 66.6333819500554 49.39791150416038 32.233727860292674 15.381360229173254 5.733476533320241 20.685085055358208 37.70392836651088 54.90002882253653 101.4432373175055 84.22112664446279 67.04013101420286 49.94270093700271 33.05874777897917 17.035300111852948 9.286297025504785 21.931310775921865 38.398472490607745 55.377036795295204 103.64437734662769 86.84789642604447 70.29700085236072 54.21706927951483 39.19214118860553 27.04197326261412 22.917760847095977 30.29670384512363 43.69516933059625 59.15535849836882 107.65746190696402 91.5786295024299 76.03859979198478 61.44752993218324 48.66658207637299 39.49405635164451 36.74005665687644 41.696403191894056 52.211639651069575 65.6675535620321
9.254908914577682 68.62714985717936 45.32998014865086 90.333975492595 66.2943784489389 17.58383164212892 4.3301120207100405 8.92871448855522 81.01436516225607 52.16127317629056 54.26752286653836 41.29424130404507 0.0 103.21992537963955 75.66680290617069 73.64551631992693 25.675584032802888 38.11050265770059 94.78195138966318 78.95914778405913 22.24244261379468 65.5767249989282 41.216181700219565 45.36135730934688 110.67885494353969 78.32093841618052 1.4247786555433697 8.669162025340459 43.40921622116119 47.09395335679836 69.77257257107095 44.89032556284456 7.536538009384095 85.51657512778883 37.50454054830824 54.29343230017858 49.64490517421415 73.92370007177014 76.80975498100733 23.170740951530995 144.1440173556799 128.56855254256044 113.49424657619397 99.149945280281 85.90212822137742 74.33932981910223 65.36201208937197 60.13938503534549 59.665693511763074 64.04639469799321 138.86172106406588 122.64504043268394 106.76955438119866 91.4131991416754 76.88765600996543 63.76326333539367 53.089540315545676 46.58270350724302 46.04455099821179 51.661944627264404 134.836739002575 118.0899018097983 101.52936667079969 85.26375751985293 69.50045366101601 54.675647547525834 41.800101357006476 33.22317226413119 32.54256505380084 40.16175504661496 132.18403597884662 115.06583054611947 98.01215932341681 81.06376142041684 64.30393052121524 47.93088325735646 32.53391589884991 20.451254781705973 19.410409195548453 30.561187357351855 130.98705007379 113.6951072959122 96.4067480963186 79.12432150402114 61.852800647384065 44.60485581043361 27.425004928098947 10.64810538248351 8.564281678031707 25.1401116262201 131.2856216885434 114.03738687885169 96.80831523161056 79.61084937144305 62.47109671799578 45.45439099266545 28.77982876504004 13.753856726310705 12.197202704941931 26.59112785644539 133.06968012888495 116.07751198519696 99.19248316845352 82.48041922209447 66.07269710356312 50.268220175866865 35.87335398915696 25.40889613734334 24.55681960529836 34.04663984975646 136.28087335882614 119.72869424325525 103.4221968981544 87.49884685998074 72.21255013607647 58.06860939777793 46.13004663620308 38.5059191948301 37.89640126154955 44.59008240936651 140.821561115994 124.84961972281171 109.28331916397903 94.3237031890793 80.31051582906066 67.8328663413941 57.89229131423664 51.96573741857677 51.45929626125253 56.518858024199616 146.56817053376994 131.26832348926837 116.52986692220279 102.59502918771568 89.83853927835575 78.83450553105943 70.40943390184638 65.56516224398361 65.10595683625695 69.11927176153245
97.04270910990776 55.621875418343954 63.78856707645228 12.94364944278552 36.97152014469155 86.67292104922385 100.41271091517646 96.8025645289336 86.59402803545535 54.785080118632884 58.35682844888422 88.37683890023122 103.21992537963955 0.0 37.5191251101297 42.06333788823679 94.0916550623734 69.4941165967297 8.5591566444967 41.7166382654006 87.47140059354493 59.518519411906965 89.32006403667663 61.185302795615435 17.891443574456396 47.49405450324057 102.83453929825531 102.20928294211684 106.2922398469419 57.25229936906566 33.56577955685087 85.43121601450935 99.07562250861997 17.883688923394455 65.8806747690105 65.14988577355278 63.12725404715435 47.12787268198956 27.05918417780862 80.091522334046 47.49493201412203 38.59229070910789 36.35475779165515 41.865010483429444 52.74843095498011 66.41401968205436 81.47364131437261 97.282031352943 113.52682588509896 130.04458444309395 37.75893943095396 25.751257852765768 22.34341692255366 30.562076226602912 44.35723110729968 59.99832184676186 76.3593119534653 93.06127897353778 109.94894265482378 126.9482160650343 31.620426337178724 15.465688847806426 8.78845851634143 22.671563166539972 39.363382114584724 56.42397742399263 73.59733627614077 90.81951270124738 108.06716971116305 125.32978797237337 31.274849070992932 14.74963351332928 7.463283520575983 22.193758600262782 39.09141399938693 56.235467312900916 73.45359301688902 90.7036177781125 107.97025348093247 125.24663030668678 36.88539390966397 24.45853758335968 20.84752695863665 29.491189236751797 43.62972206682412 59.465003114109045 75.94295283805675 92.72156771102105 109.66292762088023 126.70176720342779 46.3367481049871 37.16432736318279 34.84232969420592 40.564718111194075 51.72728950076052 65.60972724698757 80.82244642630127 96.73989399255235 113.06482228940206 129.6433904796683 57.773617061510286 50.66006361729677 48.92642601986964 53.102261538447905 62.00489575766841 73.94637188682121 87.69393726036715 102.52360337339874 118.02819054878984 133.97358015107397 70.23250793457836 64.45128113368494 63.0398622432443 66.27801254139303 73.55419623694132 83.82337826840326 96.13111789073996 109.79398449561499 124.36615438811356 139.56308897363058 83.25571803004726 78.3820222407079 77.16639561428109 79.77623825064735 85.86342726911064 94.76018399481082 105.75982778900185 118.27710789264691 131.8805963832115 146.26754091665805 96.61516784914033 92.38904172562958 91.2997922368093 93.45716533852112 98.64838621437629 106.43044259444302 116.28433590519867 127.73146480020819 140.38262028828046 153.9412411036544
71.9022507399797 18.257565767971286 49.60589835888922 27.100657202257718 23.8849865852498 58.09063776380521 73.95739527786945 67.73445354842855 91.13192849147543 23.531729233118117 49.792969519840284 75.77224095282544 75.66680290617069 37.5191251101297 0.0 46.57845717430874 75.08259898950337 51.86114018882882 30.04978811941354 50.73646115482496 66.21442516621916 22.023245611925375 76.65318014904877 30.30585853367168 37.18148333326339 12.92766970745163 75.69249147013596 72.33624251521253 92.70033669341481 39.11950020725787 24.054716961553655 74.46779627724094 73.61586413996679 23.223280946326952 42.76114863773981 58.20609536781879 52.383269047547124 10.360422549903488 17.00318796523251 54.40039981719493 69.13630406600282 53.01991680956424 37.96189987657434 25.880713498223862 22.2986108384658 30.38677318649781 44.138363690266665 59.76408234885653 76.11837592782595 92.81691652855271 65.97059325839614 48.84013769686398 31.895332218340773 15.747338698282967 8.795363922613763 22.482247856412116 39.14406471631499 56.194104922505936 73.36218607192713 90.58121523880625 65.76324155465457 48.56098008162414 31.468191191477295 14.86737202417107 7.10942111668338 21.880640072707127 38.80327789034742 55.958375277922805 73.18263848835109 90.43655683486898 68.54110609062552 52.24501101090149 36.8769677172286 24.269156178542012 20.41530691287759 29.039442009212646 43.22621021080358 59.096809789304544 75.59809671168279 92.39276566166656 73.96858595505418 59.15632606576319 46.11179895704986 36.76728133323865 34.29396206898279 39.98783035273596 51.19262839906643 65.12335765751173 80.3749096844158 96.3218998195561 81.5180861099305 68.32237557951889 57.3532724382921 50.09541822200472 48.25356160208352 52.40194367336753 61.33696607408104 73.32929378120566 87.12548110855944 101.99615582347498 90.66094225448613 78.96171706119155 69.63615210164701 63.73483510253443 62.2395319669862 65.45291499486999 72.75371764411159 83.07115858359472 95.431786911751 109.14361696806992 100.96511042500391 90.55642331051536 82.49644326352927 77.52125881681903 76.2372156840189 78.82490476562795 84.93116763949287 93.8718590998507 104.92489549017797 117.49564470343896 112.1107105694056 102.78354954593995 95.70150618965485 91.3880304747247 90.24100807738537 92.37846373138723 97.58481019882613 105.40627779663656 115.31194739899205 126.81435495517388 123.87068373231219 115.44217496365843 109.12609873395826 105.3032539037545 104.24828696072753 106.0438380085933 110.55110139007976 117.45831878003769 126.37257406171564 136.90236846186238
