0.0 41.22271615950702 35.92020990246874 54.0988712469224 27.852384866427197 11.144614844628725 8.214371351514531 44.3146109684655 13.338840709825412 40.581482136325214 46.345851372649385 41.42373414045716 44.10537864398868 46.15398351923805 10.338308990830338 42.51941071218137 56.51586195971351 35.11355584051358 55.78363592644854 25.41767531312359 1.8933786229686995 47.624453781326785 48.459516271379535 47.062147947710486 23.473117736595754 25.73507719115486 12.816435215622862 11.65273105297854 10.132575185135206 36.73943148183823 18.171384322579613 37.82705444635591 4.66062101061834 36.87096791090304 0.7113065980774589 31.41637121354273 9.090285197086901 40.03510672423688 42.58855743367395 22.979617517706448 106.50119706941783 92.71545027362079 80.30255529329055 69.99672834618022 62.843293176923375 59.98093814915772 62.00679245878713 68.48844870925136 78.32744619751001 90.43453972043659 99.14505284373634 84.20402108338664 70.35336537641005 58.374464135726825 49.64134664580766 46.039675508321736 48.72107691210727 56.80262441538166 68.39617047629568 82.02583325616905 93.35395626870523 77.33460164906093 62.008294745813814 48.04295126572435 37.012568938219616 32.100527979890686 35.91192111098258 46.34217089514279 60.03529022770402 75.23020594254992 89.43254356593108 72.57507104251684 55.98940981478305 40.01498559853324 25.81271237161752 18.168796162924068 24.34391452799151 38.129505393913725 53.97966445904712 70.5156802073334 87.63223058881591 70.35501653188331 53.09390155079152 35.8721330565179 18.798164687563997 4.318052648457914 16.811712559609425 33.84280273790554 51.05634566421524 68.31455983512143 88.0831974534055 70.9133795296776 53.828229172868326 36.94539554973293 20.764377805392648 9.801512936677645 18.965575734366396 34.95754005802272 51.79844870033135 68.86829535778136 90.75188275390342 74.18744464777505 58.05480607175563 42.84454361320984 29.99433565847764 23.714473862228388 28.70197230749083 41.03585021562604 56.06058897547404 72.11344614129258 95.45242096514387 79.843786193635 65.09686905200346 51.95075714723192 41.938843775564195 37.650480841814954 40.92624389508597 50.30966917436536 63.13378514538275 77.71353474336115 101.90396705585775 87.42113405249805 74.15653297198816 62.88583793033503 54.85222300461511 51.5907419174276 53.973544087569095 61.34641634082676 72.19641723069823 85.20541679052226 109.79821278694249 96.46777835650136 84.58788028512451 74.85238287408819 68.18607961862328 65.53240562358025 67.36722809476 73.35450331629573 82.5960979312306 94.13840943486483
41.22271615950702 0.0 70.88242048252252 19.793025116298708 47.516383269337 47.34114810304677 44.46144101599736 57.328409105068985 48.45404787236527 37.98361007173442 74.56010433304424 60.84093673834896 60.62215575848604 76.66251820901698 49.28082582569816 54.10934295766429 83.07199618076436 75.98083708968493 83.19670434794195 26.415375040291895 42.50391188470773 7.190127352567656 88.2106862738183 12.194249418984219 47.32266431690233 64.62757693199863 28.882666847716703 40.419642489546334 44.17506206305515 39.42039829464705 41.39824509091863 53.45948556874858 43.28234061231352 78.0701110610552 41.224862248107065 32.23075700531769 45.21016454181684 80.67117372420785 74.54152771220612 28.90871148323324 134.6957617434997 123.95750406184521 114.83309917180574 107.73338289138253 103.07757363017566 101.20352688853254 102.26428896243264 106.17193137698509 112.63053094190752 121.23306999371434 124.31261124793352 112.64303263363307 102.57658831250853 94.62629826256449 89.35878446244384 87.26124330640977 88.5592061354276 93.110781246811 100.47476480310198 110.08821610123658 114.72665409603887 102.01727142428969 90.83792910485248 81.8182268583051 75.73375941942251 73.31895780078715 74.92946028041689 80.32350621393293 88.81438211534879 99.61330472198311 106.15422982181789 92.31851418575268 79.84605120590192 69.47497394430621 62.26434289293273 59.37694053517642 61.425483465003296 67.96510318259672 77.87243904173305 90.042626315121 98.85948825641478 83.86914184171012 69.95406313941544 57.894839216289746 49.07909257432231 45.435731642885536 48.15347914668862 56.318849951968 67.99685013134301 81.69476028119031 93.14322442863413 77.08125355096938 61.693498633425136 47.63784872343431 36.48767218055299 31.496738627255993 35.375805291293744 45.929940003276705 59.71917539788908 74.97939159819113 89.30913563109786 72.42364105434217 55.79388812703393 39.74222205032755 25.389812269638334 17.565677132290354 23.899279311050574 37.84851625227599 53.782496277476255 70.36558620220023 87.60475309139503 70.32094511693406 53.04895305897377 35.805880239832995 18.67201755107738 3.733759457889284 16.671869137390395 33.77388076550078 51.01090436340997 68.2807677649059 88.15371652051103 71.00055323759425 53.94249216417246 37.110907276733805 21.056103488388928 10.402529813513752 19.281567263214313 35.12916342480747 51.913875668453294 68.95473825703516 90.91520909669664 74.3862361115137 58.30745838011628 43.18469618847704 30.47600645274446 24.318031499812886 29.200291865923365 41.38427402272409 56.314917473080406 72.31038947377334
35.92020990246874 70.88242048252252 0.0 76.58015616423637 60.36058522473176 25.421534551832522 28.71163757811404 76.02816949975293 23.604216994563323 76.28082939970425 67.64595245722307 70.63517504790303 74.29282500877486 12.803518765415477 25.60905923065458 75.05951625949908 24.903730401296 21.67073740931626 23.48159862413909 45.857124858786094 34.027792053839526 75.62491947763402 22.423168106239363 71.88065340853078 55.43444755639798 13.047592482392401 43.814794552133364 30.852115325477495 42.70618248086869 72.13179605378696 52.313263313256236 69.64987073259739 38.001667374516444 30.44111906536382 36.44300543356885 44.70102493379076 27.77542405971032 21.818811016416564 8.535679176943654 58.86785972543185 71.0909814708317 56.82576349843465 44.75616638062999 37.09135670604032 36.703274197696295 43.78583347045047 55.55155596265162 69.66676975622613 84.9685208049334 100.9185192531958 65.0435739315803 49.08841330336717 34.4585170151672 23.744846441883702 23.215454629377472 33.35877992650832 47.80554702275856 63.69178689204222 80.1662545726883 96.92948101700071 61.71105233770043 44.60036030563777 27.728029227384692 12.1329459306602 11.148383549165397 26.458984130983403 43.29644943188548 60.39702420027165 77.5869308437953 94.81759567683223 61.53613637338106 44.35913497995997 27.340136128647885 11.222595147919852 10.154981592043399 26.057898445094352 43.053663056394385 60.224041252047805 77.45299089019232 94.70855221093792 64.54450491307846 48.42824359116309 33.515787569492964 22.361413902842877 21.80525678202409 32.39779608539848 47.143151520726 63.198479852379066 79.77675446013235 96.60913427249082 70.32879693641931 55.87371933940283 43.5466778262343 35.629504476557194 35.232340704012024 42.56620580248031 54.599942527617706 68.91395630942007 84.35532482843529 100.40525923459238 78.27595194034926 65.5549767463974 55.37587372235708 49.337834317986726 48.99651508338483 54.459133080686506 64.2622591563343 76.76054206499545 90.84836693308475 105.89321423253101 87.80051937287047 76.62914187635276 68.07212356576701 63.20045148984762 62.87666156953203 67.16655798526044 75.28554238888806 86.15784185734896 98.87936576170381 112.82632083032033 98.44560316069602 88.57517292698215 81.22973954869656 77.13407007503179 76.80978971980707 80.30260069603196 87.15478421418258 96.6544877131877 108.10600551812988 120.95623883337788 109.88590960823045 101.08429365431482 94.65637348454128 91.10596568769618 90.77135149253618 93.68699400103891 99.56776970075117 107.93007924588757 118.24862186422072 130.0586193320012
54.0988712469224 19.793025116298708 76.58015616423637 0.0 66.14050041639368 56.86579637679223 54.68360138269957 76.94230205249697 57.27936356797559 57.766312992330235 92.8243209860708 80.01845937857419 80.05962672261266 79.2791624365526 59.73974645695186 73.7469955604014 82.9924677835731 86.42392458280635 83.56252639367477 31.400606894396972 54.87553751571016 14.027595286663178 96.64261175152483 8.014073599080213 65.28606646550813 73.46592370211316 41.35325964470285 49.23610668449898 59.61989945093741 59.162264219379225 58.88606764831282 72.79866874465024 57.30337950641253 90.16920982829814 54.32282941708436 32.20003901684686 55.192081443509004 90.54912153900393 78.15712796690853 47.44594775403317 132.9545974664269 124.41860959945659 117.82066082865236 113.4992427232054 111.71884513003266 112.60006613534517 116.08230574945237 121.94294075502083 129.86035641588538 139.48475118212252 121.19670799256025 111.82746545775619 104.5025775908455 99.6737784286423 97.71183234642311 98.78769632940124 102.80604263791066 109.44323894382234 118.25916196370994 128.80723161170877 110.00035473025619 99.64267832436484 91.41076426393484 85.91781817706786 83.70480461094358 85.0282090096556 89.73169739580503 97.32645007964263 107.19970816017391 118.78466294269856 99.5553612630315 88.03335262117533 78.65851592374759 72.27131393151437 69.69801463552561 71.35245901615242 76.9624798709475 85.7552502453405 96.86791170238126 109.59704113809899 90.12352079999572 77.25954086083303 66.44187440124011 58.81077334461303 55.69191877188224 57.82016031896879 64.67959825019956 74.98285329230629 87.52202301844001 101.47156796687004 82.05510769560254 67.721379420142 55.11837109449099 45.701088648927616 41.68751906036013 44.562473643995325 53.2210854762286 65.40534298759783 79.51062138684553 94.68222644766284 75.78697030014581 60.011137818416515 45.36207998834138 33.35880368292516 27.687742940832518 31.923694630893852 43.24746573307489 57.62182008116995 73.27287936360058 89.53359924941658 71.79230892378332 54.90450820236886 38.3873300639126 23.051721976842313 13.707273650800802 21.05016636418317 36.01447410640569 52.437466324505316 69.28958141066305 86.31985285978945 70.45893391856549 53.15730139289388 35.85595650896063 18.55570387599977 1.3008761888664484 16.055653669265208 33.355499606508126 50.65676950433913 67.95837580898731 85.26011372229459 71.93500412235504 55.090111374372555 38.65111270835971 23.486362961509293 14.422987414066913 21.52088464625708 36.290315170728405 52.626400823517734 69.4319936433015 86.43366247074943
27.852384866427197 47.516383269337 60.36058522473176 66.14050041639368 0.0 38.4335306262498 35.91272768450708 16.464928017036954 40.64883274548182 21.216936630923175 27.118680503033698 14.863756638372593 16.649743630236188 72.07024986791828 36.250640981960665 14.870666376044106 83.22479211577726 50.64703056473184 82.2859321328443 46.770674007146845 29.4016523773346 54.667286009422284 65.72258165076578 58.13347922256718 4.93654173752272 47.886131900500914 32.166837965954365 39.12186289432673 18.306904242698593 16.064861535624914 10.035374338777848 9.97751324971073 23.87333759429668 47.20911227806865 27.143976264889677 54.78850151864414 36.707323057433975 55.78778911360966 68.12330974011213 18.712502601290165 131.34449873907454 116.37771075487345 102.1511648559622 89.0204701866565 77.5443257336234 68.55870116530015 63.13606947276119 62.21515685590364 65.98471738137933 73.72879236951185 125.21677372681967 109.44788057455634 94.21856984940871 79.83822048066685 66.85690837675754 56.25169463418856 49.57178939906612 48.46827480734092 53.288715737516114 62.68096194724275 120.42459601596236 103.95708473156151 87.81102105940127 72.20237659948558 57.56994673773072 44.87897238035857 36.230558514646404 34.7835074787479 41.30180660268406 52.91969272982353 117.13207469134994 100.14239403779209 83.28137119011531 66.64672559563378 50.462826115988854 35.354195625457656 23.49580853636337 21.281410455839218 30.86187591450816 45.2849189099957 115.46761630389624 98.19939198478951 80.94556284600232 63.71782395635111 46.54515465670502 29.52380634865122 13.250367829728598 8.843231363572208 24.073774554326373 40.982970715291394 115.50165086201427 98.23922588657412 80.99366026585345 63.77863163521689 46.627975002135514 29.65359340590756 13.535748982337228 9.263409129021602 24.230525095827062 41.07480120091858 117.23269859442537 100.25953182209452 83.42153949547073 66.82098631137453 50.69168177058433 35.67857086755655 23.978858749228724 21.811060130998126 31.22771926543829 45.533833424757816 120.5876753540606 104.14508863888345 88.03248919514822 72.47031424216783 57.90407036764884 45.30478904437559 36.75423896744381 35.32607932314285 41.757601765049515 53.2744812881085 125.43630018720089 109.69781860542919 94.50745657965389 80.17736109468507 67.25965399802487 56.727549046772396 50.10858735802694 49.01457104274904 53.78371280721924 63.10031135766858 131.6135342708567 116.6798716232097 102.49369177141293 89.41149611000917 77.99082506022384 69.06096092677024 63.67855391371531 62.76300269226507 66.49906134204286 74.1872643094538
11.144614844628725 47.34114810304677 25.421534551832522 56.86579637679223 38.4335306262498 0.0 3.290235549246068 54.85766666696631 2.2239761628525674 51.64850151420304 53.7060469600271 51.22917699577617 54.234168762124035 35.0774009217542 3.7902689413414814 53.252631142875856 45.37609609071529 29.56106531228964 44.63918706948675 25.708249400071587 9.324450433446485 52.949971300998385 40.88012503295418 50.75817683266987 33.80139074023608 17.287549316847485 18.90792269664432 7.650269209718139 20.15993752169245 47.875643707471085 29.083650633748736 48.33911485943009 14.565394350706994 33.86084761752489 11.784326435141162 28.850781524953952 2.356380667738897 33.81911614500176 31.611264551297914 33.657990794524345 95.49261010635735 81.97402897511228 70.13802774395673 60.972478327428874 55.808977407935444 55.77041754992398 60.86653971197699 69.98450191065379 81.79012181819603 95.28964379356526 88.00568841634801 73.15867658254808 59.64971088478549 48.607502936983224 42.02375469658437 42.047685546021285 48.66954946066215 59.73397285908267 73.25486513642825 88.10850300871022 82.28140076742126 66.19577854592914 50.914077230409774 37.43414752710116 28.444639563790926 28.55852966707119 37.69339055555442 51.231862589388655 66.53815277805275 82.63569315810868 78.7053724713122 61.715660197660945 44.96468082536449 28.871007605291215 15.619231379827905 15.909068105561218 29.34193683820246 45.46991111911748 62.23173729912714 79.22612061474898 77.57531593553357 60.274580062094316 42.974806126947385 25.67793843865024 8.40194525647776 8.974544364479856 26.252729569144204 43.549773523344044 60.849596045183375 78.15035191611332 78.9962872118134 62.08454296248667 45.46735186744272 29.644261269286826 16.999908704605375 17.26047783619273 30.092587520982573 45.955588144221295 62.58578807557685 79.50319607265817 82.83709152396372 66.88210498197544 51.79920595423908 38.62394392382646 29.986161593161462 30.087211005581903 38.858978129131245 52.0913585204355 67.19902246193097 83.16620192825448 88.7841865774565 74.0890857768153 60.78205407145897 49.984279369461795 43.60163864083436 43.6174531746548 50.02565513730122 60.838760207056076 74.15421725150708 88.85406996706834 96.44865465871084 83.08071943568372 71.4224522310123 62.43897186836048 57.40018743870181 57.355345111384445 62.31522681112901 71.24210241798602 82.86365069134602 96.20826284228679 105.45661222939083 93.34257170692753 83.08587936196253 75.44786301017388 71.27542173505606 71.18061872183577 75.17888165665273 82.67851619334505 92.83479336811972 104.87873810271331
8.214371351514531 44.46144101599736 28.71163757811404 54.68360138269957 35.91272768450708 3.290235549246068 0.0 52.37347523232702 5.293409391213199 48.51007751561543 52.504805810430845 49.09590446766314 51.958843969331554 38.256102144913065 5.057147101636889 50.65714160021487 48.382683308717084 31.92664429908044 47.69436158643538 23.87547189878194 6.52279857237733 50.225824691485236 43.767702739776894 48.34970606293374 31.396624123408895 20.235066841248194 15.81610529491352 6.143838306792636 17.793624032451497 44.81858327020744 26.355746853427235 45.86656012329836 12.108347705835037 35.60397975927074 8.894475737895265 27.88627090385574 0.9475273585338376 36.376347054329635 34.84312719064608 30.415162680267066 98.69568063528838 85.24427589135063 73.4236546809163 64.14184951924896 58.6175566838833 57.93579500038284 62.25585941882952 70.66629338274944 81.91675840501865 95.00359410616454 91.08417527618975 76.34584476279998 62.926570617075264 51.86060949465488 44.92211699437615 44.104133865044226 49.709726446156814 59.96368428729088 72.93102367130686 87.41240898470235 85.15073796326104 69.19389764962949 54.07080590510343 40.72122190710586 31.48798277346848 30.388772398030767 38.13359673256431 50.8288716658865 65.66343330200893 81.47703992063283 81.26386574722181 64.37331617854491 47.778072289551474 31.94177427528499 18.881792613009086 17.072774730426115 28.725416933433475 44.24400428629178 60.734064978725414 77.57856520097798 79.72351800224962 62.426615412180794 45.13356722843139 27.85155398689335 10.634510707352497 7.013570151028504 24.166114795734796 41.44304081696185 58.734689492416855 76.03101641542527 80.66425513000432 63.61819260135332 46.76044982258547 30.40588378810056 16.161953280674805 14.021860160092176 27.03200426241683 43.16895655590003 59.95916301439412 76.97633735255725 84.00274948459986 67.78272672407147 52.26130864191305 38.29753174136144 28.299606211712838 27.087722380441882 35.571504235109785 48.945166677475356 64.22333677359491 80.32655133414151 89.47095098076599 74.42274735023703 60.58997630840629 49.01276147328965 41.61804894285036 40.75020074578221 46.77393907165986 57.56500277200996 70.98142971453875 85.80036618033267 96.70820005034084 82.9457821087471 70.75470832110935 61.083171963842794 55.27004805941763 54.56282338441998 59.14494354332108 67.95473615286757 79.6006730631715 93.02358467619852 105.3504501406544 92.83453667999348 82.07603681863431 73.84707985463528 69.05792749921505 68.43459843016434 72.08524078137741 79.42266917577908 89.5451259619198 101.6237646995829
44.3146109684655 57.328409105068985 76.02816949975293 76.94230205249697 16.464928017036954 54.85766666696631 52.37347523232702 0.0 57.06725429189847 21.390575835570612 25.46949506152912 8.514605714104546 4.936618800056593 88.03569809677902 52.55748179833175 3.263397240867075 99.3796842937789 64.08827412261748 98.3805312900965 61.74098582971361 45.86536359068443 64.0936772174377 79.03563989168289 69.00967650024664 21.07782565361768 63.26113891382201 47.63544958870081 55.51326345969006 34.701048839619666 18.197178113734314 26.325629945353416 6.519843387093987 40.313507430274804 59.158101944049605 43.606746764821125 70.0383921037426 53.1624960407658 69.0099027620384 84.00707277944917 31.032928685472562 146.67384602701804 131.29531968544975 116.45771152008754 102.39643505831866 89.47823753503442 78.27115568427732 69.60665465563545 64.51738272137818 63.86386078910014 67.77452690637973 141.0506573649951 125.01179670714949 109.35863982240268 94.28348904823076 80.11330679870535 67.42113141627235 57.19945290833191 50.95730841659034 50.2017785111676 55.15878231872116 136.64027359995242 120.03682993524802 103.66206605452 87.64425002853932 72.2212739725357 57.87069631773926 45.61611335299885 37.5679295370009 36.61387836780249 43.22626603979973 133.5629587832222 116.53820045022624 99.60899327575466 82.83394286591732 66.33011240880066 50.36483600508477 35.668764650923215 24.629575918119553 23.231065846949864 32.73316365952448 131.91208678924355 114.65119309935979 97.40486008819887 80.18248381156138 63.00371340870259 45.917516789288015 29.087489486427096 13.50773825908964 10.842010554133594 25.521611323793515 131.74131737518564 114.45557458837949 97.1755929763098 79.90511029702266 62.65198239645373 45.43598364930489 28.324896954876074 11.784923851302407 8.61292855018801 24.66159183007701 133.05635194478333 115.95990787300886 98.93492552133553 82.02591392301645 65.32299315671233 49.03721166719753 33.77742788258611 21.814970863695606 20.238159164482045 30.69177466542918 135.81401957284075 119.09977387513229 102.58056665980993 86.36838235225177 70.67482280811564 55.938108502330934 43.14999051937074 34.546775190094536 33.522320407347216 40.65366588881162 139.9290156653594 123.75069962862945 107.92147516825406 92.62049911987219 78.15863242831614 65.09753989440782 54.45466453049692 47.871016175488776 47.081427357395846 52.34873757927985 145.28599743590843 129.75023147683467 114.72105188856895 100.4261548899494 87.22729554168595 75.69996863584387 66.7163029413721 61.40309900839528 60.73147224131451 64.84580585101608
13.338840709825412 48.45404787236527 23.604216994563323 57.27936356797559 40.64883274548182 2.2239761628525674 5.293409391213199 57.06725429189847 0.0 53.78706919534837 55.56870800526346 53.38062877100098 56.41299916925478 32.96366169781857 5.321773913680215 55.472302489373455 43.17711656131735 29.23327460367424 42.4552979145036 25.949628015631244 11.533697207067817 53.88303585685643 39.91653587131547 51.38440823571983 36.0054598532205 16.357863703260524 20.369707670480985 8.176590361834396 22.366868752522414 50.05143226012199 31.307283826257954 50.54814994826789 16.784671181090015 34.069870091269124 13.986673412062894 28.433819288694025 4.350379815861687 33.270946429819936 29.558296261521768 35.70220721268489 93.4023458560451 79.99410345639889 68.35798382560252 59.54217250307768 54.92199603992957 55.554297589375516 61.27669460155952 70.86667489621162 82.9941980449492 96.70929218984186 85.83271489524441 71.05295629057454 57.693117221307354 46.98057553574008 41.04337591613278 41.96008176259902 49.35021522198627 60.90110466433504 74.70710061341289 89.73328669164921 80.06127616756217 63.99576100630693 48.78336859181599 35.537118830929536 27.28858218614869 28.725541943755942 38.78604054937492 52.747201464274184 68.25604531734882 84.46430205469579 76.49621469276272 59.4968461281999 42.74097992233008 26.69121314009177 14.027230008714637 16.727771316219815 31.00945522514522 47.35047119268931 64.19704634659149 81.23525851325603 75.45098855800786 58.15309412950565 40.85861761273237 23.575082259587386 6.391867317424458 11.164274539589607 28.410203767689534 45.69848929868833 62.99426770887559 80.29269704092883 77.02825873958116 60.17626325684417 43.67751263182443 28.15990047764028 16.641734140165212 18.96383586074255 32.264830093980265 48.17804361433416 64.80695137924988 81.71579065685259 81.07509074963512 65.25390551691142 50.41511065522531 37.735976622313885 30.083780231883658 31.381094413703494 40.78261507457561 54.225267635756666 69.39918558667517 85.38631987628281 87.24847064313693 72.74917064539537 59.760290951893 49.48582893021001 43.876035605560446 44.72214307648885 51.70820058350309 62.81807286990264 76.27048508926556 91.0327845196607 95.13523890834658 82.00168782688408 70.68618921063033 62.18918956228797 57.76807653468438 58.35669155730641 63.81656248495092 73.06367948614262 84.86899485258007 98.31525176084381 104.34751538876006 92.48544019198091 82.56753531228473 75.36529498621508 71.7017855442004 72.11832619577555 76.54834065808214 84.36191381625 94.72541954868294 106.89979548552951
40.581482136325214 37.98361007173442 76.28082939970425 57.766312992330235 21.216936630923175 51.64850151420304 48.51007751561543 21.390575835570612 53.78706919534837 0.0 44.585980607222446 27.711386119726857 25.79367113794095 86.72071864510174 50.73239299929599 18.198337436830577 96.79627159623519 70.15670037086001 96.17155862934638 49.17892639273139 42.461569672932306 44.23382974667186 85.07465796973572 50.10664125654339 24.999562906435063 64.92473999522551 37.78619357585116 49.29919069631852 34.17309742320857 5.152439119697573 24.790415237002698 20.247946647710613 38.31822721256169 67.71728362957239 39.99625131288568 57.700190533107715 49.44400067751332 75.37584417836669 83.16739400277422 18.833856888798906 147.0794807727056 133.0937090461379 119.97573671257332 108.04212003501058 97.7276946129175 89.59344383664477 84.27305829636441 82.31398315594302 83.95186468292663 88.98831179859268 139.56979655402338 124.78443669876577 110.7306358066046 97.72452252431218 86.2414136726315 76.96603858561973 70.77182555845177 68.49979579824141 70.5300169446281 76.52081475152943 133.12179062201486 117.5623118351014 102.56257645285895 88.40795163782309 75.57478836785631 64.85237282556231 57.43527475159972 54.68537474531957 57.278866407107074 64.57511721469103 127.89623900610945 111.63863614013418 95.7477289367693 80.44113067414492 66.12585577672738 53.60212207486183 44.41229075860932 40.87078468508218 44.35195488356811 53.50211354761827 124.04780570612371 107.22890878131908 90.59210595145406 74.25988451029892 58.487958066749705 43.88464463566961 32.08726905610495 27.056120211322803 32.14318669705219 43.96641065545432 121.70725319911679 104.52498465211711 87.38994274882947 70.33665127554666 53.44342497997518 36.93057779752462 21.685207429868036 13.241661831140144 21.88944350099119 37.17077625597978 120.96217730548393 103.66047420669625 86.35886225169531 69.05740994588993 51.7562773954906 34.45594627376507 17.158840863504537 0.5941450283744374 17.46407166807182 34.761303090035916 121.84186170439804 104.68097224770838 87.57559719292871 70.56611851692969 53.74366499685179 37.36172584296554 22.408216675432094 14.389940136347832 22.599229314990247 37.59112315535995 124.31180633898668 107.53281117118013 90.94996126335833 74.6940099450993 59.035620451526285 44.608558989747266 33.06587789354795 28.204445027677885 33.111007995801565 44.67545942008291 128.280152086514 112.07624105047985 96.25526021275188 81.04178768684692 66.85186988261276 54.49108720488155 45.476252984524315 42.01910885664443 45.40733812477963 54.37602527678502
46.345851372649385 74.56010433304424 67.64595245722307 92.8243209860708 27.118680503033698 53.7060469600271 52.504805810430845 25.46949506152912 55.56870800526346 44.585980607222446 0.0 17.291746730662318 20.56927005396721 80.4382481230904 50.26528280094524 27.796636752104753 92.50368761025317 50.09970375029449 91.12450295187024 70.18186148388004 47.0805834760938 81.730155971411 63.60206782184271 84.85500287782773 27.554800232869894 54.774142191523076 55.41246249487654 57.700387850318265 36.73157606302778 40.038380281989426 34.13435742687085 24.357788932883416 41.69363050534581 42.751216132423124 45.71286946310387 77.28966967793913 52.956012401696796 54.093537476526116 76.17373056837188 45.660386924854606 134.55081106669573 118.06716007269961 101.85526108260932 86.06881274121324 70.99220546841293 57.189617433037995 45.82704268672386 39.09334643099239 39.43561871539613 46.698530022757346 131.1774113157063 114.22589904252068 97.3976870117613 80.76987996215706 64.49766068423405 48.93703719293099 35.04896054954002 25.704791633382314 26.301209880458032 36.35218866014997 129.246460251877 112.01337175902138 94.80536090699326 77.6391041892057 60.550124530276655 43.6293215705668 27.19247799556573 13.193068526050197 14.401260135563534 28.973238835456506 128.82286565615837 111.52658786440175 94.23238532125758 76.9416574024807 59.65742537352112 42.3876363861577 25.162046666846823 8.261901982988011 10.10460361127817 27.104622516429632 129.9213781181191 112.78790103024355 95.71504037253132 78.74223451416066 61.951773559370935 45.54577045296083 30.15832179206004 18.5295371946221 19.38750453673233 31.73514020542076 132.50413102830535 115.74015656978422 99.1611412564963 82.8781576605515 67.10704202005725 52.312810570857145 39.60573444223643 31.611821228694033 32.07349796804287 40.70405744199162 136.48685554533867 120.2588449163718 104.37634658463267 89.0244773879769 74.53185442778484 61.508869094698696 51.091961529814284 45.12360791783762 45.39378099519502 51.80496711235884 141.75154361429477 126.1757231508554 111.11175929692105 96.79891498291659 83.62376322893083 72.21173421641909 63.52032972273255 58.76926888594083 58.9195942836344 63.93674345446357 148.16152965464204 133.3046619275669 119.10967649773976 105.8432109387468 93.89964691975852 83.84622952458618 76.43248552660694 72.4730819464042 72.53591175923319 76.6110795353501 155.57522726475696 141.4624421629854 128.1338018519169 115.86024875984717 105.01238374965648 96.074354914073 89.61941774774135 86.20716813049532 86.19970458925567 89.59787798843757
41.42373414045716 60.84093673834896 70.63517504790303 80.01845937857419 14.863756638372593 51.22917699577617 49.09590446766314 8.514605714104546 53.38062877100098 27.711386119726857 17.291746730662318 0.0 4.197906232541346 82.97646726445912 48.51245798392962 10.521606289903293 94.61058020285611 57.16173454527339 93.49620766745089 61.62374883637225 42.75066652380669 67.85454011231211 71.92970781290231 72.00948848008206 18.166464249752387 57.666359252709455 46.96649566089666 53.00295433524717 31.35275126844709 23.534956288749804 24.622398141039145 7.670836014304374 37.03478679408729 51.66971120792821 40.715328739955964 69.59221206451228 49.79534414030048 61.93376980990333 78.84632698627559 32.7716783634787 140.65817972512184 124.95179871759751 109.72638194156092 95.21294133565799 81.79136821581018 70.09172593695955 61.11113309926179 56.16929362518742 56.3392129687574 61.57858965121075 135.6270496206292 119.2866176982265 103.25987966185833 87.71894519883044 72.97485155295271 59.62172074942782 48.81470295706544 42.540637962616344 42.83971925224024 49.59316713840121 131.90221527016652 115.05373988218324 98.36280533631275 81.92575682635221 65.93275009290151 50.80487361904376 37.601231064144486 29.07369459037288 29.587439940856896 38.78483251087423 129.5964167326101 112.41514110432779 95.27753815874047 78.21232137087588 61.279994773394414 44.632061494313255 28.76658957284698 16.177918490968874 17.165256373880062 30.43484211711992 128.78592992832566 111.4841174783401 94.18234842781601 76.88065207753635 59.57909176372068 42.277834499262454 24.977510034792747 7.684421133934095 9.640448735581893 26.93584560613011 129.49884535999342 112.30315915718046 95.14599777374758 78.05277033289767 61.07717863115751 44.35449550033936 28.336081615082332 15.403197725591633 16.44068756851749 30.034091362184462 131.7104179442736 114.83481456739806 98.10782366132545 81.62086421793332 65.55528867448915 50.316361714520355 36.94166515896694 28.219620458644123 28.752692370362553 38.154916378632066 135.3471728486135 118.96976687126849 102.89537906850977 87.29156895799126 72.4629723523018 58.99705150931798 48.05337850015049 41.66902515877541 41.9784885870285 48.8547308290857 140.29827521440714 124.54837633002775 109.26888375453193 94.68779625802908 81.18230999792208 69.3833917194622 60.301256455830476 55.29129142764098 55.46810957057812 60.786465145959255 146.43039680940132 131.38680668920364 116.96929245519767 103.43997451190532 91.19502081432684 80.8203307399649 73.11641707717907 68.98395159350771 69.06700554392737 73.35126091792664
44.10537864398868 60.62215575848604 74.29282500877486 80.05962672261266 16.649743630236188 54.234168762124035 51.958843969331554 4.936618800056593 56.41299916925478 25.79367113794095 20.56927005396721 4.197906232541346 0.0 86.53625456886698 51.66825035210699 7.708367363663731 98.08140550413711 61.2286416867388 97.00498324403797 63.17869455395888 45.52785694537357 67.51739518814405 76.03878283830015 72.07869255293639 20.637171732844923 61.374042529345225 48.72424809945383 55.56895100617843 34.16522518585215 22.13758680179292 26.673008787331074 7.396961099751262 39.85249417224763 55.83454508492428 43.39414280983099 71.31192075666607 52.69537045709988 66.03368055592794 82.43620628986227 33.32286407012536 144.5273983296612 128.90414389876813 113.76767759137876 99.34076363375746 85.98131703569283 74.26764534110067 65.09436316308516 59.64533336895623 58.96229452695595 63.19996254104738 139.32392598946984 123.06923763354848 107.14299726291479 91.71646627412147 77.09022131239901 63.81690975963928 52.924450245794844 46.131340862454884 45.32005625747363 50.77812621655624 135.37856690013558 118.60525281081647 102.00864898443619 85.69149196999368 69.84989606077636 54.89711302718076 41.79816877787318 32.85102225432948 31.780517123905337 39.236739539772195 132.8035559986628 115.67108560193454 98.59780796055034 81.62087696680618 64.81604362338696 48.363039577105305 32.79572861365451 20.269389864990533 18.570100908226053 29.62366051030035 131.67934762390055 114.38456748739108 97.0923349739671 79.80430618029165 62.52396821972341 45.26013104011945 28.04328554933705 11.094404438307723 7.645868040081097 24.342274526806477 132.0430193386662 114.80112347893193 97.58047978801804 80.3947461404998 63.272375220524765 46.28374242460569 29.65955575097809 14.69376635203101 12.281587015472253 26.162589271271774 133.88244173954925 116.90254355986046 100.03305424666256 83.34104606794354 66.95938130090668 51.1868957399107 36.81505960358348 26.25470812286264 24.93955794537896 33.96121566286823 137.13821977497773 120.60075662705488 104.31155379176913 88.40794415441272 73.14188611664058 59.01027876475391 47.04675414225157 39.28470097977481 38.365153032234915 44.71228895589897 141.7127222486908 125.7549154332797 110.20345906933517 95.2575800304331 81.25214608396362 68.7642091581945 58.76922840400097 52.705108685625056 51.966674747617446 56.762158305466784 147.48322913778006 132.1947624332284 117.46616602774215 103.53664914950114 90.77481965260826 79.74327971271713 71.25030558970758 66.27906189052064 65.63470617641411 69.43779861123552
46.15398351923805 76.66251820901698 12.803518765415477 79.2791624365526 72.07024986791828 35.0774009217542 38.256102144913065 88.03569809677902 32.96366169781857 86.72071864510174 80.4382481230904 82.97646726445912 86.53625456886698 0.0 36.22892686544832 86.88962209126751 12.108729822477489 33.551291870252115 10.688308238517584 50.466707468298566 44.285266536506235 80.52254804211172 29.77895203485801 75.6989363438525 67.18609963048921 25.73036588604533 51.860098426033375 38.740191000944236 54.022583967235434 82.86577653355157 63.50306804648137 81.59006335336768 48.91865758436956 42.44405871187663 46.75719688574157 47.1554333276751 37.31403776550476 32.552151621895284 4.267839588471826 68.62868182672361 60.45599259761867 47.67808467029086 38.60284590889725 36.13678049202279 41.47603324845178 52.28157420481912 65.91791794487595 80.96720353628005 96.77247247068605 113.01699891973433 53.18675040122608 38.09042754302371 25.91606007509394 22.16111270846529 30.15458357196752 43.888428447261646 59.51302916142742 75.86908708793354 92.56968919836523 109.45724091205335 49.040422249734824 32.077273922971436 15.863583921987482 8.54800514720437 22.20803444183927 38.88493924604209 55.94276996350248 73.11540074996331 90.33738676249911 107.58502856777581 48.81936976081281 31.73985302211332 15.172972204255563 7.192587210592953 21.724662153375103 38.61220001759859 55.75442981811061 72.9720789624745 90.22197948107836 107.48860527735954 52.573132629087354 37.23279844518181 24.644266025079354 20.666639253095536 29.079058966398073 43.15999217987979 58.98041829103571 75.4540000317623 92.23141580798824 109.17267774121268 59.554746476021435 46.53531057931654 37.18884504995423 34.62936649978841 40.17565948189885 51.26092047565971 65.11519088306439 80.31812972106832 96.23265351398311 112.55733207983964 68.78822849344922 57.83743346990936 50.56895344253835 48.66180642988427 52.701288111824425 61.527084630304536 73.43323857955652 87.1665126295291 101.99148655641991 117.49564990221762 79.4926100821301 70.1795212180049 64.26468428547093 62.71705032596506 65.84528429782101 73.05113848701008 83.28283443400557 95.57346124995861 109.23020088618672 123.80178262790645 91.15102448993244 83.09935056769811 78.11004747306454 76.78243041352393 79.30062027955115 85.3247899831804 94.18458391255892 105.16575754299258 117.67591904667047 131.27868043839698 103.44126197558165 96.36467750334737 92.03738646877672 90.85308466124584 92.93201022141027 98.066850167814 105.8136509444994 115.64870685080896 127.08812340713115 139.738440916375
10.338308990830338 49.28082582569816 25.60905923065458 59.73974645695186 36.250640981960665 3.7902689413414814 5.057147101636889 52.55748179833175 5.321773913680215 50.73239299929599 50.26528280094524 48.51245798392962 51.66825035210699 36.22892686544832 0.0 51.12011278128503 47.04042916484574 26.90928782990688 46.17392296603872 28.858189757577392 8.454770376593315 55.15796395444056 39.086539126118836 53.39407785177577 31.487136486326662 15.764244787910576 20.463915636302318 10.889734476709044 17.972360057035935 46.71013984979549 27.309801598303068 46.04285066430568 12.694428339212033 30.59322851367136 10.839503494267383 32.45187519154438 4.6066060204083685 31.430970914308197 32.51465170265294 33.317782680017054 96.38798769164197 82.42791448351723 69.97698204847089 59.98245546014876 53.83039964114969 52.87938070928354 57.38855198605959 66.25226720676966 77.99987139087095 91.52757496893956 89.3829832385961 74.15518305476745 60.061393028968155 48.10880344438657 40.25232021623735 39.048020109220296 45.03279631375528 55.94518648563454 69.50166412108027 84.43817275245829 84.1828484958575 67.82740420216412 52.087159274975164 37.73987523205613 27.096767785568666 25.35511954297627 33.91518790121287 47.50061551620083 62.93717183935399 79.14908302993322 81.13544184685499 64.02398531634587 47.052040474466544 30.453757974424285 15.481643377124655 12.273721256802808 25.69669687459749 42.05602539445892 58.95601206515789 76.03700737271333 80.48570503276761 63.202374565864055 45.9330505971317 28.703025516622024 11.68741890717682 6.9311902203774745 23.62626896667224 40.82980924465557 58.091820516135634 75.37213974046385 82.29046028016324 65.47493123825353 48.999240042722185 33.370594323142974 20.61503681342454 18.305055498183112 29.049655891235574 44.17467707447719 60.478374800263595 77.21772904530725 86.39600190102612 70.54322025097049 55.5619609646814 42.38662398874852 33.23896936136985 31.807877631196856 38.953329495092646 51.2024558223363 65.76267854797484 81.40317623637375 92.496414524395 77.86313761881186 64.56355978745819 53.599830762837534 46.649051609894094 45.585411343883 50.78020275343409 60.64595459648975 73.32078954158351 87.59365331892626 100.2280247051947 86.86724304342948 75.13238499071831 65.8978680831944 60.32312280325663 59.44683048736157 63.46391532750581 71.55492873145857 82.53025800280619 95.39955727961349 109.24494760248007 97.08796965962456 86.69703814676343 78.77414734253756 74.11506898961409 73.34444702211916 76.57976013614046 83.35585589383956 92.90115745542069 104.45926812092392
