0.0 53.59803752261116 36.99923261036812 43.8592850747756 51.460419446774715 31.9506486481986 64.65173230282664 42.756457637200356 60.06939826125778 72.01619935409708 68.37664286018537 55.141298806480776 25.43599309560651 58.40257133464891 68.89170176315952 57.81548505780923 71.48824044080033 52.00986074397633 32.47898667104784 46.98896341101048 8.627373820451224 51.92926370780644 41.38220329023636 28.430417025043198 45.86528005470335 28.495598033027544 74.53084406505482 12.818891785624851 42.836937367145765 49.43970276259212 31.868676038003052 60.21069408430768 13.746054552553993 51.15218828247556 69.71281130058544 62.78262896814577 48.922846303275655 76.06820074372372 33.41147686837615 49.86439208025844 119.2554175096324 108.8468180577091 100.35974305224322 94.31436411692542 91.19755238799749 91.30969759060771 94.63932172385776 100.86830318838906 109.50297251152699 120.02524908489619 108.75747450758625 97.28781412021043 87.75154613466209 80.83584279253368 77.24776805506177 77.45118732281881 81.41768680481813 88.64354229219087 98.41341378970021 110.05183776307315 99.16490931398506 86.48432303256503 75.65772390671695 67.58208644766397 63.318873933812235 63.63894522799241 68.47806268483352 76.98875862184792 88.11348934578626 100.99207503752999 90.76538992890066 76.75621308824101 64.36907904116482 54.716928605589366 49.42881817365986 49.91167906130052 56.01647255981262 66.20586484555322 78.91317844494978 93.1131826050457 83.91806326098862 68.56293335837633 54.38950204252309 42.59422081414447 35.62337678777702 36.36605441157144 44.437174368599216 56.79386085595067 71.2399495267305 86.73768384441459 79.02754146180767 62.511070226924566 46.568518807681194 32.06760731037948 22.062352208083688 23.321123107076087 34.636882548478575 49.540528197069534 65.63174298349557 82.21617171614228 76.47025753331606 59.26045729059603 42.1261994102434 25.22191353960558 9.817664479715488 12.46360768251685 28.51332783947708 45.49056583389639 62.6457234189267 79.86422924472781 76.48065736095236 59.27381531095771 42.14490209254731 25.25299433704261 9.896869874308736 12.525801505637814 28.54044031082035 45.50748424861465 62.65795138578228 79.87377530082033 79.0577274923152 62.54905297413318 46.61925791227213 32.14090566983184 22.16826233477542 23.42087362379551 34.703806943200846 49.587120707667054 65.66675180372845 82.2439874607128 83.96543660170705 68.62064291204649 54.461897669779184 42.686198427735974 35.73279094873557 36.4727396304134 44.524113665457286 56.861588384313514 71.29369778424612 86.7816226402635
53.59803752261116 0.0 16.854594794667523 19.517665451775066 21.777502178421965 23.7602833490849 30.58618371738307 14.43592711365972 58.744709651883134 34.142826155793664 19.894432322401517 7.357484613501291 78.43257786949998 5.453315809833021 70.12527046677037 11.535946961232064 34.02042420729015 10.64802936326241 28.168109481658245 8.467288993464201 54.686197096709286 5.576762374615673 61.79077254046941 25.18287676014187 21.025226156754083 25.77128004188695 28.243392112481843 53.236719080200444 22.92425077912535 14.208215019342736 28.36014392526255 62.941498643178925 51.478136682403836 15.553412646328216 72.92790695590048 9.648561261382174 5.4559826536133045 25.93168174801939 20.18695912664359 63.845699340508574 80.05661154822704 65.29692242097288 52.12505861680939 42.06021905739694 37.68035233071371 40.85660913073103 50.17392451087518 62.96260418052385 77.52330606129446 93.02764682136886 74.39161390850757 58.24725658732493 43.01260785762345 30.102106641342793 23.683328916652258 28.53724176765765 40.82351187286822 55.83417349917985 71.88227593623886 88.40463286439976 71.12673872492 54.035336860899356 37.13940555306821 20.91808803747688 9.721651948102073 18.712770324194054 34.70645728046251 51.552126317540456 68.62520255632742 85.79002430972217 70.59582179812448 53.33778233152669 36.12175941082848 19.06193830699769 4.543896048994466 16.632798946267222 33.63579225272201 50.84089446840132 68.09508124984052 85.3685957521358 72.85866162936794 56.28541687890879 40.328943402067786 26.1440460245218 18.420384172519455 24.368461328641605 38.04004739633118 53.84218093853529 70.35359006056862 87.17216737272679 77.67143547045167 62.363454044182795 48.41753154476824 37.39014268256625 32.41136570974643 36.078787853129036 46.385015761024306 60.00140739787492 75.14969421497061 91.0686150091202 84.60000981794111 70.76980614164202 58.80707682791957 50.068774026488136 46.41330632304411 48.99194728774521 56.964285461290544 68.47153978814187 82.03948273499797 96.80549941662768 93.17348257243403 80.78073622581316 70.48725066118536 63.325139847586875 60.41845610560232 62.36507043402451 68.75398063270958 78.50804650380056 90.54619014065102 104.07885184760069 102.98173976514973 91.87308840868955 82.91427145307586 76.86074964510716 74.42485908787879 75.95545308548637 81.22861838945006 89.58589412480256 100.25897862577281 112.59120548134906 113.70557077247706 103.70028535054938 95.79779077394903 90.55031436413732 88.43176649247619 89.66420912448926 94.11609134564591 101.36410647490251 110.86117756547625 122.08355531628413
36.99923261036812 16.854594794667523 0.0 13.339299895312417 25.33426445345573 11.539445131522264 38.50797139107907 11.987937872453013 51.308536047544195 44.32278417478033 34.50046788596243 18.390595657029653 62.13812114144368 21.42269595234699 62.79208419884682 21.63414788370532 43.994770944305266 18.976880204217593 18.26596758807488 10.12673244062958 38.92476449543294 16.616701594388157 48.528361104883295 9.032923599231284 20.8658961708126 10.99569371850306 39.50649701058385 38.14556248872226 15.40168375110262 15.065344175124332 13.913978827631105 54.5723957743629 36.584558690205405 21.049851416486945 65.1567705113641 25.79317719844538 12.980046692976432 39.741763443277314 4.324793714103355 52.311834992546736 92.45774060571374 79.04695491276546 67.43224511382715 58.68980830165444 54.227104231342416 55.09413204378528 61.06428788985551 70.85922976388085 83.13791522032678 96.9613055222739 84.90771694143655 70.11017139562767 56.74731395056729 46.084540995634825 40.323913100430154 41.55666959106336 49.26054585649545 61.03238271126384 74.9800498226272 90.09866688193195 79.18068441288385 63.08721915140923 47.84479027012389 34.59712403294345 26.52373138096368 28.438810823664742 38.893879922572644 53.06045730530806 68.6789681276062 84.95233661437467 75.69166646987307 58.66956377458336 41.87743972395914 25.76887863296399 13.15534712605618 16.757210801833512 31.420661570849727 47.87927252037589 64.77888857058247 81.84678964757721 74.75473814022101 57.46133744705078 40.175282340929776 22.91320371145411 5.889828575722639 11.96155676155844 29.15786656887578 46.43271593086379 63.722261555626815 81.01709517126434 76.46378423808711 59.65787449249212 43.244953642276116 27.92673234935135 16.982081190020924 19.88949775698863 33.18893638177314 49.05233137089348 65.6465480075598 82.53193112544884 80.65074681317714 64.9144367579797 50.218865029601055 37.79806711148461 30.564072326219648 32.22328853914869 41.728015753259946 55.1617933030897 70.30738758726554 86.26785742917373 86.95837780695494 72.56901730907396 59.745034501926945 49.712977121394424 44.407151599885076 45.51169305257795 52.62449399427682 63.765700843590864 77.21072407478394 91.95450664436943 94.96496585508672 81.952312152021 70.8005314016726 62.5135671612727 58.32558584914068 59.11428679344275 64.69792032644978 73.99891849847096 85.81699153439435 99.2570863237075 104.27980619809281 92.53983442664203 82.77470652077493 75.7520378129375 72.27571193441631 72.85515732034213 77.39933766142211 85.27677938466128 95.66759557567082 107.847747741822
43.8592850747756 19.517665451775066 13.339299895312417 0.0 36.325491922070874 24.74616253418362 48.147418891969096 23.54829183275158 40.07738134879813 52.81377842868895 39.40722233197436 15.556501386895807 69.23531126468554 21.14807467845252 51.59227987988653 16.047454736969428 52.60741752454272 27.20689335090005 31.560224262231444 11.533375942933999 47.865435531804266 22.84072314966478 42.64290401163537 20.2393400589238 32.8162297364499 23.283081683920425 30.80193895823406 48.10451076054873 3.4066062019302383 6.866722441026437 12.49421018014751 43.94740796065297 46.839114485259145 30.89978261313267 54.22414504991687 24.567420966160554 19.333838950870778 33.315954161847536 17.044995714882024 44.3344285864697 99.52953641276048 84.79623207428902 71.22763196097138 59.6242598368292 51.336452868630154 48.10938215151952 50.91459648007811 58.89636528926599 70.31336842717197 83.77266821839355 93.44456349569582 77.59854843968823 62.529120086983056 48.95870569917318 38.50619086185567 34.16440357679918 38.084039635551335 48.29378370230643 61.748626540818094 76.76069359414937 89.19483263152807 72.44942982536779 56.043136869988395 40.39131209592887 26.847617955006093 20.219858588233137 26.374274724574796 39.76271680368293 55.36475884891386 71.75061666343366 87.04961155446651 69.80377866749876 52.594805554644985 35.47637294027391 18.698821173090895 6.279506360399418 18.1088900156548 34.85893007062955 51.971833952042026 69.17883674654102 87.16445353211644 69.94628659331632 52.78292689229688 35.75339213177858 19.21681662065578 7.679866380989566 18.638346727200236 35.13557889535247 52.156908980422465 69.31731904048416 89.53066036630166 72.86059341533243 56.5712321420378 41.117561277102 27.923371766175435 21.62144403911372 27.458519625366815 40.486603510617485 55.884444470214554 72.15045744649346 93.9782977953421 78.23752778994309 63.31673110786965 49.95611581330635 39.76085966969573 35.56607655905773 39.34047569064582 49.28597811690998 62.52399248187522 77.38280828630049 100.23060526136975 85.61428284885253 72.19513956628809 60.771477513140084 52.65841180957036 49.51106687028542 52.234899293010095 60.036032670592796 71.26617210535964 84.57015376097007 107.97445587026259 94.52371551851306 82.5207627118169 72.68640567699056 65.99730805739327 63.456044475434936 65.54684049778326 71.86654873507041 81.4365222970894 93.261499608453 116.91374636160667 104.57470961340792 93.81684201451363 85.24091713179178 79.55571767542776 77.40086969794599 79.06555001392942 84.32385144072268 92.56536500292584 103.07698980647953
51.460419446774715 21.777502178421965 25.33426445345573 36.325491922070874 0.0 20.804340070285107 13.85895325804232 13.349478826829852 76.14209945680753 20.79179826570364 20.48912891473421 29.065211220863283 73.0121792538973 26.03290279545198 87.67064665281688 33.31045803679637 20.31567054791249 11.16114015009885 19.034957105649198 25.73022434043211 49.01616728718726 16.210080615145248 73.35318548384281 27.453120042210525 5.668509338171078 25.11418164937949 49.191582023159214 45.90608766998512 39.3026361874737 33.71921706598759 39.04458109877325 79.66489711384204 43.89752640925308 6.224100090226806 90.16282072726493 28.617361724623304 18.17917728182788 45.352304864458766 24.787305174137423 77.58506575196333 69.01985321726974 57.48100133044663 49.42766205847996 46.69930327182782 50.17229277698013 58.75709221707796 70.61328271577 84.37285341038245 99.24728699425079 114.80406109949217 60.265858183916286 46.6634191168165 36.35497327092722 32.62823710013683 37.4997067706351 48.441330869152324 62.33462474169421 77.6102874865405 93.59389073241803 109.97719953522706 53.87205163022415 38.09246998094316 24.466027642812623 18.57010137219068 26.264476737923665 40.416688739225826 56.35518286668626 72.91787476451535 89.75989194131137 106.74910706567248 50.73877592325138 33.537451171207934 16.547247111325326 4.644959622788324 19.18471839416895 36.23871820113767 53.4523103419342 70.70903599928882 87.98351874092442 105.26701703356429 51.46508171459501 34.62156008013098 18.637686439093194 9.735883943103138 20.998206195722084 37.22599948495277 54.12336425977747 71.21527383124605 88.38894185265943 105.60448855850692 55.90072138141629 40.89878469324586 28.622392710708706 23.75885048336595 30.140262520524107 43.02439668399789 58.24493825143292 74.38116556250948 90.94698227833968 107.74442081674275 63.27025087834702 50.46710186981832 41.10278180948627 37.82400759157459 42.078248592167775 52.05006277945174 65.165524953802 79.89110605040253 95.48475577574412 111.58313009189582 72.68661579832107 61.81661022418814 54.38697315856137 51.896943701419175 55.021296315502006 62.929275360330905 74.10495741069636 87.3023258248742 101.73764220716409 116.95340933382694 83.45975575889105 74.13357673583944 68.00540989345149 65.97254396262873 68.40109316436305 74.85809737258928 84.42423908569617 96.17620160217629 109.41189866768536 123.65580290047212 95.12970533800781 87.00796623865749 81.79115868189753 80.0492547534943 82.00399278853627 87.40771463919118 95.67781572474257 106.1464194545744 118.23097056734571 131.48667056331405
31.9506486481986 23.7602833490849 11.539445131522264 24.74616253418362 20.804340070285107 0.0 34.640160380676164 10.895772496327238 60.57656623546867 41.54683002083446 36.43445860979798 27.85396645171966 55.61481662626496 29.129634203499418 71.8662111040345 31.717351460831335 41.0894770917539 20.117367098150524 6.878249566114882 20.020565365769677 31.480007572314456 20.73502554222297 53.86093278595158 7.358133206300852 15.195574108792355 4.354277895418261 49.86778355804626 29.61714464938581 26.424216425309286 26.373757106858935 21.33919794236055 63.3093519591718 27.803255362219012 19.340046076481677 73.97850119898148 33.407933040655976 18.435572827067237 49.09178045585179 7.774758169042467 59.084512151291115 89.82294305801706 78.00256015984144 68.55168139106073 62.55367287385265 61.03512347028966 64.31411931021727 71.73577159814472 82.18534692540126 94.66539446789264 108.4773612691733 80.79859510452279 67.46625770263091 56.335438783284395 48.93230195417127 47.050626599099154 51.30161332185776 60.40407579511825 72.55447603676926 86.47747909240017 101.44584547454208 73.40999891034446 58.45959109322207 45.21866786350485 35.64604238592135 33.09472819217598 38.96909047391859 50.40463542679554 64.50870340110227 79.88007660380244 95.91135878301918 68.19107165755854 51.787056072740064 36.22827558532583 23.27635236556419 19.230212151015714 28.222781430446442 42.68444185334651 58.70357411042444 75.29255941102087 92.14413298883856 65.66130100568058 48.423471498921586 31.256554874947184 14.41614864281357 6.114895676211891 21.579435696248527 38.635031114314614 55.842391619953084 73.0944133491978 90.36552059431982 66.13006393603648 49.05434588898077 32.22088662511862 16.393761286819288 9.90143793901574 22.935446961031932 39.40487496813046 56.375232195627085 73.50035801862848 90.6926217644599 69.53673915407329 53.53865028358179 38.679801098999036 26.917984858253256 23.48914135341573 31.26679662417283 44.74590861372804 60.21205079621511 76.46892663918442 93.10324042909814 75.48455515955699 61.03278375127706 48.484947216915515 39.689876673022106 37.39638088852936 42.666135123300116 53.30117877393267 66.78576959565805 81.72128958620272 97.4428350982472 83.43172647870361 70.58439942987027 60.01801887993847 53.11184825992051 51.36414069086821 55.2664650604262 63.79020347689772 75.38367626235845 88.85329437720559 103.46892230957404 92.86627391238976 81.47293643275164 72.45844715266958 66.79301167832595 65.35349192653965 68.40719302536353 75.41022384814922 85.39644205960832 97.45304214909989 110.90685814409657
64.65173230282664 30.58618371738307 38.50797139107907 48.147418891969096 13.85895325804232 34.640160380676164 0.0 26.647545694936262 88.22415606813423 7.521016858068196 18.209301816989516 37.74651697114688 85.00027420699564 33.10586678914517 99.73428271611506 41.490196594740866 6.939270973335572 20.972369851963514 32.22183061140645 36.818923454244576 61.45484417017027 25.73093259852724 86.907150029923 41.29689927527261 19.448204995678633 38.96308654151382 54.358674259818585 57.94432494793958 51.353326716395024 44.32020803750084 52.39307053914737 92.0314627108281 55.930962529604635 17.535783425338828 102.36850093785802 34.056985421043734 28.895568363609286 48.94275830382918 38.430406093152065 90.78826592966865 55.194292354348285 44.264983450313245 38.35458419531068 39.76765036241865 47.859841407029485 59.986409637689796 74.19488378857938 89.49915495083015 105.42306773463712 121.72367970608973 46.52143602376229 32.8824531352593 24.433138313432583 26.672299876068983 37.74328712097367 52.31071280221059 68.16873501965951 84.5946393310996 101.31258748024088 118.1987249053137 41.05150275743898 24.585106082063888 11.060838261866618 15.458654036265003 30.891923956579635 47.62735649214796 64.66167602746235 81.808390440596 99.00912223538073 116.23989403248834 40.11685841792308 22.998058704821148 6.868230317822824 12.812024814568245 29.662044444738886 46.842707971202906 64.08865116500347 81.35837163354357 98.6393814366772 115.92663203160562 44.00743620011706 29.235365390257 19.273573993244835 22.06686737689205 34.65738786418723 50.140147064792956 66.52552952167309 83.2824694933833 100.22477382348983 117.27213124714058 51.64394986514089 39.77198077997953 33.094285239443046 34.747105472804215 43.79725248052638 56.813252624603685 71.66589415826165 87.42404394611579 103.67562344556033 120.22069163060748 61.64966576566994 52.05969594186158 47.10037624445314 48.22221263589049 55.054709053302005 65.84347374358447 78.98359277975584 93.48879970386947 108.81454985144718 124.65857249293929 73.05743979537314 65.11447589661964 61.16449792188838 61.97573729920498 67.37643204046697 76.39941457944371 87.93664124971787 101.1312541836707 115.41621915084458 130.4337842917457 85.30650830149166 78.5546799953316 75.25397715014466 75.85624787693976 80.27369148297491 87.93319443608624 98.07810030740289 110.02302837275585 123.24571278655871 137.37769325087373 98.08203832064058 92.21178212243184 89.35666637028513 89.80472943658474 93.50850001613315 100.10726378647955 109.07686964399308 119.88635143374341 132.0847666014159 145.32277321299296
42.756457637200356 14.43592711365972 11.987937872453013 23.54829183275158 13.349478826829852 10.895772496327238 26.647545694936262 0.0 62.96942692348516 32.79015547399957 25.64534374730256 20.265045739714974 66.48641788624775 19.864956704068494 74.4872661056789 24.555728463270878 32.41778019203092 9.25341442979989 13.882527468080427 14.259013533045314 42.31398563398759 10.280165887956265 60.26047548999497 15.595382391940742 9.268386682211325 14.367427881187925 42.32701904489454 40.23640737551123 26.318344128909832 22.1796475254408 25.777767114725325 66.39442021226355 38.36061830186919 9.49723792277205 76.92938734979003 23.84303321832736 9.035088140076475 40.36744694844943 11.92820585741693 64.27727510389782 81.15274631440745 68.42056490451337 58.10060528032283 51.659346983798365 50.6003665253235 55.23411282049263 64.34219852042678 76.33957667218678 90.07910183277967 104.87830744103327 73.14514467666032 58.7492143264297 46.38356730157587 38.080278160669245 36.70813249866745 42.936855216278445 54.20670823555223 68.05782862449882 83.21103288505743 99.07063685944965 67.19570201179452 51.18925811373535 36.38858471343359 25.032563243216984 22.97478011838171 32.05874286892793 46.112868497394494 61.836408867489745 78.22913431710569 94.94506108340534 63.88216241561775 46.776013684571495 29.896045074691834 14.08065479891929 10.073204137529425 24.56394343745125 41.27975855514118 58.338348357747535 75.5077518233095 92.72643396175884 63.61779074895763 46.415970174751315 29.332144675585393 12.846033309893391 8.269212105919856 23.88414960661119 40.88078732770575 58.05806041504526 75.29243934353748 92.55202808128169 66.43900002289429 50.19642535542472 34.984756331546585 22.95423480345661 20.701987295415268 30.47883402102958 45.03396530740564 61.03989189079342 77.6040619777255 94.43317283387648 71.9838712272632 57.30363631281771 44.547095356039925 35.83139164058894 34.380830435491866 40.974410651821074 52.67324849830157 66.84869361978672 82.22975448154291 98.25184556792621 79.68577875665359 66.68214323566187 56.052612982118866 49.355697979723004 48.257400773426525 53.10622224522765 62.53372896500159 74.82891139534127 88.80859760182226 103.79436564758505 88.98629629364093 77.51173453299985 68.52934973096103 63.11235442452233 62.19936904681015 65.97763606718486 73.72943872358174 84.36650123159713 96.94368286485351 110.80227202584823 99.43776007103759 89.26570857959389 81.53251211318066 76.97674673641525 76.17068824900939 79.22886571280152 85.73877640494666 94.9934081916631 106.27813802951538 119.0169015234368
60.06939826125778 58.744709651883134 51.308536047544195 40.07738134879813 76.14209945680753 60.57656623546867 88.22415606813423 62.96942692348516 0.0 92.71401879729106 78.08043442515451 52.79208828985732 79.67325383915929 58.61352812470449 11.530484063359504 50.66103056216645 92.53868835333935 67.27157082872606 67.15309884864521 51.47772468486499 67.96469689067112 62.75862105508946 24.40445581222482 53.64144043942439 72.11256739650446 57.24441139285664 52.87569920639759 70.7786782606805 36.91445114207254 44.53992064544769 39.29910810076472 5.176660962765696 70.56412306005535 70.92884471337076 14.187947685294693 60.54886896358261 59.370545450684766 59.634944086736965 53.35162748163706 16.934571846725362 138.32575339772833 122.72065943635069 107.63551690879585 93.32280962752627 80.19717664973442 68.94001405579259 60.6016665060031 56.48979092393982 57.51807562900071 63.43705241880161 133.1362310875222 116.86770136544874 100.94338987731753 85.55571892594422 71.05419667920356 58.10612217742834 47.98592238765979 42.75138365608604 44.1748526413578 51.709371989137985 129.26844218051855 112.46237540453741 95.83293372431282 79.49104388325216 63.6585461353492 48.83343630701166 36.27269047325641 29.076127905248203 31.206472420808083 41.24289266198918 126.84341115500365 109.6793213849764 92.56656331539047 75.54003089180593 58.67483624891926 42.16502186830192 26.678722759962174 15.631121063278247 19.380974225644973 33.25093828483905 125.94454082293908 108.64332227448217 91.34237343661067 74.04188337482253 56.74227172760559 39.44469427425779 22.153916367791012 4.941832952868882 12.520423870562906 29.796206357931993 126.60435470793671 109.4040352824419 92.24172617439969 75.14347586913055 58.16580344402402 41.45711303785989 25.5506665107255 13.626947692818044 17.811896425674497 32.36582165973298 128.7988911742996 111.92482093359435 95.20444767412829 78.73574992088511 62.71730157715166 47.60579441159744 34.61030986541667 26.98417275772587 29.276744233113355 39.80979866053931 132.45185742795584 116.09104735906142 100.04735691051346 84.50160696671524 69.7873566105073 56.557354191420124 46.107473271079215 40.64196695160805 42.14671365513544 49.99627060222097 137.44696959681656 121.73383465802975 106.51423730997215 92.03335373315394 78.70001810607494 67.20079390619355 58.62507786594369 54.37418513914291 55.451812107128596 61.57884477664847 143.64421248664777 128.65897534996188 114.3297643531858 100.93636123096145 88.90272179873065 78.85385083553103 71.62999765484015 68.13570474271539 68.94042995197742 73.9038728859232
72.01619935409708 34.142826155793664 44.32278417478033 52.81377842868895 20.79179826570364 41.54683002083446 7.521016858068196 32.79015547399957 92.71401879729106 0.0 17.63476807792147 40.85624686161105 92.52097070955402 35.615535053156194 104.15803428249649 44.172813824954254 0.6331561126912567 25.80922396676665 39.54519438434389 41.297217682836674 68.9495351711805 29.984066509314964 92.85075346314827 47.93401673488883 26.458726208784274 45.81779977745535 54.957023817183554 65.46074661717624 56.12881153200845 48.29289891199592 58.228144855057664 96.73925162436602 63.44695237860384 23.339355645334635 106.90002714986633 35.65453462631794 33.511805506393635 48.837709144495115 44.71101836139812 96.29276109595831 48.40722622323953 36.836244040048726 31.13305429299442 34.35599124670513 44.610649734874265 58.297468857956126 73.52406783433989 89.50805045729868 105.90704656629966 122.55457069382746 40.73371790248626 26.000228178830735 17.07337567857409 22.487788893001483 36.312715982858705 52.25168165061191 68.85183606173861 85.72995172803056 102.74914168952941 119.84932128702654 37.13045020423392 19.918055233573472 3.674381948845796 15.132310055783433 32.29839158600194 49.55904515787707 66.84104563348511 84.13123897989959 101.42543531928257 118.72188531864963 38.75006084166697 22.782976756153044 11.630727090921438 18.713539579986364 34.11498618957312 50.75609293441793 67.72918591981482 84.83523589218373 102.00737640247492 119.21705163373686 45.032484663983915 32.29574955892116 25.62843361668678 29.484371881411708 40.99451385679886 55.59210872921405 71.40816021305862 87.78655103403263 104.46311380190565 121.31494612424785 54.385064367451214 44.36863408136651 39.72558411088185 42.26552086979833 50.92477152196373 63.23761802436574 77.48139254545536 92.77091099355044 108.66565023303716 124.9348271400927 65.5056153759142 57.408462774471715 53.8440055945637 55.689511282210354 62.46731772096271 72.81283738157539 85.43975760480565 99.48313655594063 114.42262068975823 129.94951780838747 77.63798666041602 70.88345546617973 67.97030585969614 69.38408774551803 74.88011564917515 83.65765201433477 94.8096234288501 107.60026757260067 121.5132149228972 136.204978439175 90.37546408357078 84.5857496704359 82.10026859009628 83.21562157566905 87.79467957813036 95.33966837741366 105.21444523467653 116.82973560167368 129.71883159211424 143.5389979469083 103.49472361566399 98.42030084233338 96.2321233049351 97.12546334569622 101.01860145952271 107.58637547382763 116.3768304679902 126.92900884547642 138.84180939689767 151.79522692984773
68.37664286018537 19.894432322401517 34.50046788596243 39.40722233197436 20.48912891473421 36.43445860979798 18.209301816989516 25.64534374730256 78.08043442515451 17.63476807792147 0.0 25.29427267056121 91.65148758159617 19.533373652786583 89.3087871158392 27.89834460766606 17.803676360087294 16.41325454832469 37.49266095879299 28.210060595930447 67.4248830582074 17.921979264942298 81.55796599510836 40.88595370804273 24.580286794136104 40.0041184347224 37.32414451303339 64.86867467387383 42.813599508132164 33.74585362011268 47.55675557607649 82.4549292496379 62.90561598449465 17.770921333110895 92.2107839813785 18.589897732400246 21.67682438859483 31.276304551500672 36.47141155463244 83.7393535342619 60.31334025024322 45.40710953916651 32.933605009409526 26.57346870126149 30.436594691555396 41.777188891923785 56.24047372373176 71.96775955415345 88.28610368210487 104.9200836301087 55.522391409396946 38.850748807419194 23.124408429377745 12.601932183611105 19.534379221129527 34.68556033265973 51.218132207857 68.13383069633507 85.20477422692845 102.35331486550047 54.123870095530485 36.833943152493916 19.565250128912112 2.7517716939327723 15.200627378731609 32.45395951746541 49.74106446808716 67.03581946152326 84.33351811551533 101.63265742370106 56.37085501593204 40.04851845133487 25.076019464627727 15.88842538987643 21.789670894467545 35.99791439995104 52.11163317082936 68.80484844417974 85.73974815806676 102.79695543179031 61.86737714406301 47.442708006317524 35.67573361152134 29.89004235478286 33.35836525881337 43.94150283069241 57.858794031450394 73.23341901032155 89.31593648636239 105.78397136685867 69.85042043812693 57.42395212121969 48.11074163466206 43.93723689225681 46.31438494164802 54.38996103149601 66.10762142978847 79.88035742709802 94.81682095256413 110.44587683326705 79.5750272356468 68.8764698567619 61.27355334936878 57.99677301454558 59.76202908303289 66.16699827017733 76.04827611368286 88.24571399917573 101.93119678412569 116.58185457136292 90.48128441157712 81.17982122788855 74.78069291447326 72.0612850534194 73.4315578415468 78.67812073999579 87.10331676677245 97.88982078066813 110.34733501436388 123.97314139773607 102.19143028611276 94.00037106915914 88.47444986105887 86.12818339844365 87.21855796321881 91.62296061114434 98.89961652674542 108.47201743603469 119.79106879462016 132.4095877840843 114.45885551242412 107.15248581312396 102.27973958463323 100.19630405566916 101.07481321715989 104.84083503491054 111.20138406440945 119.7437232062071 130.0385903422229 141.70453418755991
55.141298806480776 7.357484613501291 18.390595657029653 15.556501386895807 29.065211220863283 27.85396645171966 37.74651697114688 20.265045739714974 52.79208828985732 40.85624686161105 25.29427267056121 0.0 80.42592133934733 5.8831002358342595 64.01777979277529 4.349544967770976 40.78338943424301 17.98190379171066 33.24433800496701 8.266566836716684 57.31265998070822 12.8648294252837 58.11391483443683 27.404376581617583 27.89889383788002 28.878498000672696 22.195683680635835 56.414198486097874 18.789090103044963 8.951945599079457 26.673899157446613 57.21052303212005 54.78920434949026 22.848008182852286 66.91664289775329 9.019376763773005 11.536267523468654 21.420983082010512 22.4926681280882 59.27755002576035 85.54911950729662 70.19824761139671 55.99681619303535 44.07040068710274 36.70782405264679 36.76187989845263 44.205368652303804 56.17384407975178 70.39598167953052 85.7577696267807 80.61648163745487 64.12418107363452 48.20285644128036 33.672413395044046 23.29932966064578 23.46481164378664 34.01539787177827 48.6025563454484 64.54518539955058 81.04729925903285 77.9645128971661 60.77239148901153 43.66709484937948 26.815295768854554 11.402557215654289 11.81904582620139 27.35095403688618 44.21733640228076 61.3268644200268 78.52075566346616 77.82674560162553 60.596360120434596 43.42290641359201 26.4176485633854 10.43786005330339 10.895829570352872 26.966696019720537 43.98181100264779 61.15807482730267 78.3896290764541 80.21613676143302 63.6224550098613 47.53647610089583 32.715866682582316 21.900933761133775 22.083601620977014 33.08219484293162 47.957161767691126 64.06292772025604 80.66560385582075 84.91960126278533 69.43321941104074 55.039195947341135 42.852795439466405 35.243707483605576 35.30699096784045 43.00879164794259 55.24161982232785 69.65791280156668 85.1558625388867 91.5812289085597 77.40396200736846 64.76362692088786 54.73557893303096 48.95244653876916 48.942850703718044 54.70982946199255 64.72735462171599 77.36147377452991 91.53505888064744 99.80961998515602 86.94253376371188 75.86002057022972 67.44757870304927 62.78776659067208 62.722611573908644 67.26546647816892 75.59004277652477 86.61270554440915 99.44024117271388 109.25123549177027 97.59017405526318 87.80966228918338 80.59724942328782 76.68103769678139 76.56847637559547 80.27556733701262 87.31716298923835 96.96954314514825 108.53839296142075 119.61902003596603 109.02228636882987 100.30793375631087 94.00094628886993 90.60545188782407 90.44993974839639 93.55056904845249 99.60371488039233 108.11459081032656 118.55506380126813
25.43599309560651 78.43257786949998 62.13812114144368 69.23531126468554 73.0121792538973 55.61481662626496 85.00027420699564 66.48641788624775 79.67325383915929 92.52097070955402 91.65148758159617 80.42592133934733 0.0 83.41727105941702 86.50212358977484 83.20677467924286 91.93754582250813 75.6174807165902 54.31036933255458 72.21696507863616 24.22801824266395 76.23071779733957 57.031600805664056 53.31526668296685 67.76456344406719 52.78544031192896 99.95399902021366 27.124828293702542 68.06543051860409 74.8756947509308 57.07495970525428 78.54985322727764 29.139492041515684 73.95942674900446 86.54238682436215 87.80714098011092 73.50825681848599 101.46841939931197 58.332219632031176 66.06434823573015 137.45381375053816 129.00676297605656 122.436049768747 118.05538989766539 116.112924762886 116.73043700156931 119.8683693079755 125.33756184972954 132.85040561228064 142.0830867556916 125.62295014542012 116.38111067815092 109.11765511966784 104.24694150175199 102.11194535493314 102.88311996695326 106.49735105760588 112.68139867894952 121.04202514549746 131.1636706963376 114.31645982570932 104.13503268672504 96.01371035453782 90.50875989556617 88.11194106598283 89.07450924900918 93.29253848180481 100.35637883765975 109.71774381805757 120.84386348090263 103.70618002918512 92.41974798382799 83.22580436126881 76.87877378856194 74.11372248525952 75.32614762390718 80.33616760148942 88.50117393301994 99.04394178028706 111.29076184451073 94.02826690977614 81.46477880080275 70.92532181027096 63.42703086868718 60.118808188620996 61.678601099330386 67.77111812147285 77.33236677792341 89.25447514522833 102.71866235992326 85.59970734204441 71.62006253978448 59.41599113885948 50.29701613057675 46.1304979832716 48.217829074831755 55.86231664668532 67.19331057060171 80.67209389531882 95.3925346396808 78.82244689777265 63.40505400741748 49.255783117926605 37.82554726189703 32.15774306505677 35.159314707607344 45.13250425871718 58.62096066137026 73.7197373519168 89.61858557065176 74.1507625769992 57.52241808835242 41.449168625279 26.94347011360696 18.236764758441613 23.19311537954216 36.63295808724316 52.39025329658964 68.89278385842891 85.71117021742123 71.99578085304996 54.729577478082376 37.496324690493715 20.37978419264133 4.8384260107139445 15.172298865459368 32.182300470033795 49.39550382679125 66.65466718196842 83.93144249952263 72.58204487379638 55.495040843528884 38.59998696421217 22.336775602291983 10.325561013278639 17.692257951845555 33.43841933903765 50.219049170718 67.26433695935097 84.41411178703156
58.40257133464891 5.453315809833021 21.42269595234699 21.14807467845252 26.03290279545198 29.129634203499418 33.10586678914517 19.864956704068494 58.61352812470449 35.615535053156194 19.533373652786583 5.8831002358342595 83.41727105941702 0.0 69.79547608618431 8.558633014067796 35.587652047897095 14.951872180367706 33.62120980598698 11.830122437248177 59.82418387024006 10.360422549903488 63.78767207127978 30.102044857753786 25.96993553309694 30.94898612103787 23.273723757735794 58.502726077470676 24.46106282629084 14.756092787580839 31.555044460982764 63.064981905558675 56.769246128973116 19.890725587457073 72.71683272438544 4.389893431100251 10.909295120114134 20.525289185019478 25.085058591740825 65.1169742311853 79.71294286483904 64.31629781033959 50.17696126483638 38.698541232077304 32.80449846033921 35.4034111213238 45.04859923299431 58.344317981125414 73.3311050130711 89.16025380189775 74.98616470302615 58.384107647530605 42.34613388258766 27.863919033541425 18.929152467358097 23.21507145117798 36.30810063824887 51.92618512408755 68.36001119961726 85.13850750944492 72.74145208533307 55.48527248421535 38.270426872593525 21.197857971352953 5.725931482115218 14.66072642482856 31.556314843005474 48.73785605500737 65.98234398993156 83.25067160791801 73.20751228873355 56.09211345507813 39.14107432588665 22.72521458851617 9.97798717127342 16.774929182394693 32.58756574747755 49.40864099327258 66.47699857421715 83.64138954632625 76.33470336869094 60.098521161442555 44.66977131373347 31.26748484793721 23.63543239086952 27.172092963084705 38.94512195108317 53.79436148569197 69.78291372222816 86.2797060928221 81.81841741034407 66.89641224983728 53.42951665632098 42.81358735643597 37.549966825104725 39.82089261775312 48.58100146394485 61.100168998207224 75.5318100795347 90.97024101292685 89.22514751071505 75.73774509918069 64.10917049861942 55.51996106316262 51.51356167206689 53.13688569286094 59.934220871021736 70.42296263921418 83.2188507933433 97.41694520259874 98.12028039107395 85.99443241175521 75.9024899270151 68.7460990767031 65.4947088661664 66.7216623804525 72.19900388697845 81.0697519651363 92.36127865496516 105.29767089133558 108.13702916173085 97.2194187593453 88.3645648433012 82.2414730203093 79.48399888050744 80.43901354778585 84.98144710474631 92.58477430028539 102.5705471408968 114.3161251839206 118.99235447368811 109.11414012258858 101.24861217472349 95.892325562259 93.47762020093295 94.23090574527839 98.07921522481517 104.68176566497803 113.55915818583523 124.22464930001294
68.89170176315952 70.12527046677037 62.79208419884682 51.59227987988653 87.67064665281688 71.8662111040345 99.73428271611506 74.4872661056789 11.530484063359504 104.15803428249649 89.3087871158392 64.01777979277529 86.50212358977484 69.79547608618431 0.0 61.69021185479253 103.9912346567215 78.77436667092898 78.36506111453019 62.96348549258337 77.11045242419578 74.22724247285234 29.515645852978793 64.8362580817127 83.61622232486249 68.42405628639241 62.28078197564727 80.25464088197322 48.44194068120447 55.91790332107391 50.53705225611893 8.885131820626892 80.2122102771896 82.45581870872984 3.259356429434117 71.53693045200403 70.86640547460046 69.35549394466656 64.7408378460817 20.53986610408361 149.46094696353776 133.67923047382573 118.32326805218231 103.58258528966444 89.76082273927429 77.3521540333944 67.14464446216554 60.267304055395655 57.91881998291164 60.627787278754994 144.50420563542147 128.13941163631492 112.05648662759373 96.3966160668917 81.40431804451076 67.52571670856243 55.60113174641227 47.13759964043202 44.17153792009458 47.738875548148044 140.77269964236308 123.9357796771728 107.2469629393961 90.78796005737414 74.71081166270216 59.32677408729719 45.34684029110991 34.52122219320262 30.427006024564875 35.47674824612121 138.3656478426201 121.2074993696853 104.09695261281065 87.06207798131894 70.15801836533066 53.5088955117231 37.45622106213542 23.26902088793838 16.692465647087925 24.78995210053411 137.35273461469043 120.0552359866294 102.75922942462547 85.46562079894338 68.17623491821769 50.895375420269026 33.63618636509378 16.466948402075595 3.105045674097785 18.623527863223412 137.76472909709545 120.52421679463814 103.3042405236423 86.1171203178316 68.98741725116997 51.971935615634614 35.236536007287754 19.515580274934802 10.900243238756197 21.342112299026272 139.58900926310153 122.59583076039854 105.70285975715629 88.96719637144166 72.49786292014502 56.528124454115954 41.63686118321199 29.504884217728428 24.62029254212209 30.667410155931766 142.7714229623875 126.19114511142224 109.83368046880467 93.8156490003429 78.3455231705053 63.82297686592045 51.063001507989306 41.71563546077661 38.36228268447976 42.44810473539009 147.22387988088826 131.1848929121494 115.51095923518311 100.37324111969312 86.0551777473108 73.04039948228295 62.15308963659355 54.679186184911096 52.108737348504405 55.131913353739826 152.83536158086955 137.42464230574816 122.51983167408767 108.32995094673633 95.17531018902594 83.54635447687087 74.1642724157081 67.96600282213073 65.8567237004659 68.21679304860021
