0.0 31.241492312713394 44.829948786371304 24.223336214386308 52.57894941998021 30.18381362835952 53.74789239912768 2.473090974407174 13.200877054112524 9.070858493053558 22.482654481795596 39.95681921482466 1.8936978154423791 6.2892743027942615 12.023386621728585 41.0283573992377 3.285821326221959 18.349205875189476 33.560749831716954 25.419458135536953 59.80285213025061 40.43402284771035 48.369248506404986 16.430949023915037 48.16617081870945 39.21000095993865 53.19220393012946 22.145941227615037 25.70390474479512 24.698931032408616 21.485908042339176 26.504441757341453 42.93128516415863 7.057004748363276 11.272106289256696 40.9544755457068 11.268351172615887 49.750264723974446 38.455790292626816 18.675184692287708 97.10187204551428 82.09313228075092 68.17987317502887 56.181952355163695 47.571339697674276 44.36616815580633 47.6695428870383 56.348182644094386 68.3853345494664 82.32067906283459 91.44026328765412 75.34399418244533 59.92346971599007 45.86541224633319 34.859129544489846 30.420237327533506 35.133058789846366 46.28154983562765 60.401497868791054 75.85122997473721 87.70418592347006 70.78477261988168 54.107819316112234 37.993952905912025 23.624924839720812 16.47561713424481 24.155063987404958 38.65489027953089 54.80553109680837 71.49688248488401 86.14459096064898 68.85195441816276 51.56555318524309 34.294817335522566 17.087313701432315 2.5557104028905178 17.882969397550074 35.09676774237002 52.36868520526144 69.65550119675052 86.87879254148987 69.7642035593431 52.77192971059265 36.07522688510495 20.412750588169192 11.43029923818613 21.055546944036955 36.80670232290605 53.52423354885416 70.52422832203379 89.85056782633328 73.41552723142142 57.49143568824746 42.65443886941968 30.53272952130518 25.37330147600171 30.888051453379703 43.16305661552695 58.05805395627318 74.00767690531968 94.84979116633411 79.4290297546995 64.96279438079148 52.25001954467012 42.879720543125885 39.31898177906439 43.03487220031812 52.504515284874266 65.26985543174138 79.76396387797641 101.5774898224058 87.31794966514902 74.36102394592115 63.50904726565051 55.99942804034029 53.26511476729626 56.0098974790669 63.52750927063832 74.38467521335437 87.34480541397312 109.71607139208741 96.62391791592223 85.0496213817353 75.69270819197466 69.45520457480897 67.21128033785891 69.34968175759374 75.49895302678352 84.79090074555312 96.32026361497566 118.97624958460086 106.97765099549581 96.60108114575952 88.4194614546964 83.08378102387827 81.15731263834114 82.87813547854756 88.03262183022152 96.06966686786922 106.33767205148679
31.241492312713394 0.0 54.02411962388722 46.87268341046676 25.419458135536953 27.494098380569618 38.3269819368628 30.07634005158807 18.179356020568406 37.57987721428774 34.81990623969612 52.73006735878868 30.031356891424732 25.00575788475465 20.433645486120717 55.36080841983131 28.81297032606535 20.371984067444245 50.57640857848715 22.118507235682046 68.75279279950784 13.635201329049067 47.95894069898361 39.545116710982086 22.695053523848934 36.12968582724857 36.489867932259514 10.020338348393878 27.17204126609601 35.75056436891139 40.00509296035622 43.38317971820981 12.932765972536377 25.956440236776732 24.383575851505647 61.377772038606004 20.005305438711527 50.5188847001992 48.25732866422757 17.601687845711705 115.17117531349768 102.74895813270275 91.91834784339788 83.30247560780478 77.6421774176952 75.6042226719394 77.47499440127324 82.99058096572716 91.49417358628908 102.24292919656199 106.32583490143216 92.77446602502488 80.67040867442462 70.7603210583763 64.07047797747524 61.65812332367828 64.00872680305093 70.64846037711507 80.52321225436131 92.60380867429028 98.71210126742471 83.98299975180402 70.43374169179725 58.884480986484036 50.72035729860706 47.711943988460064 50.78392427785521 58.99395513243649 70.5710204714774 84.13651721783047 92.63427677617808 76.78215115991485 61.71382533792882 48.17054844249289 37.8274402392825 33.765910787471306 38.053465361507726 48.525289480594225 62.12929430410049 77.22760322958408 88.40978833857713 71.65320355308023 55.23390405944574 39.57396124725146 26.079193486376685 19.820744939779544 26.53886207070879 40.1804945591125 55.88689255067701 72.32516192755527 86.31126336622592 69.05942129057964 51.840974032855215 34.70566154007565 17.893930025831462 5.883532542783015 18.648126264388384 35.49088200849032 52.632368680163374 69.85301134956022 86.49361248927788 69.2861474457346 52.14123835762273 35.150540966471496 18.738345876411046 8.087271809122482 19.45239336503995 35.91796950168378 52.919927643552214 70.06889633530544 88.94280564841374 72.30685173099052 56.07539707008061 40.7348833878328 27.801483979124427 22.027835051400505 28.217720344804526 41.30333139895448 56.6956951329928 72.9489528869737 93.48080589527075 77.79671771393843 62.96590144295087 49.75728532932954 39.819309180573 35.973247912867464 40.015984165207904 50.07185490400211 63.33884716187832 78.1993331648065 99.82308529185242 85.28014936681144 71.96847049840623 60.7035333979883 52.81172729203264 49.91932955970381 52.85358776283156 60.7763553256583 72.06060189440393 85.38381975152663
44.829948786371304 54.02411962388722 0.0 25.434245888465036 55.54126862558377 71.04036050005223 37.950448889699416 42.67839588471968 45.00418772451665 38.32937667525601 22.979085884987253 6.6606619584388 43.38970248279856 44.3868745523994 50.09897456759508 8.703140627777938 46.96305761257013 35.95089300285945 78.02589115351263 31.93853403600536 15.413747943486332 50.44451003586491 15.196500498541122 29.836195381171958 50.827905283532075 81.01325016739 39.624562586611646 52.62571999193937 67.44835530284344 20.97210883712126 23.775948404710178 19.01390415230314 65.88793916865218 49.2767938515159 53.087989104165665 20.50466007270522 46.621277987442376 93.39530911615046 83.2252212918177 56.11998296084436 62.13343351415497 52.16435549655393 46.6945342748927 47.31112132098321 53.8052784851437 64.42341893850633 77.48837941979956 91.96316710952014 107.27862036115805 123.12141889261439 52.38362537104079 40.121130205204835 32.77307619148016 33.72169197073464 42.413901587681224 55.31215181658166 70.13300065860562 85.88684402278824 102.14289364856938 118.69498734719824 45.0612111112718 29.99059370333683 19.15908913942033 20.818686431761055 33.14327586333035 48.60296068418182 64.99792967218745 81.76751162980872 98.72098599898094 115.77759807951774 41.47263351942686 24.29654236038863 7.705721418101118 11.275985400262675 28.17145866281664 45.37430828017351 62.63176632418062 79.90846004107895 97.19413229024026 114.48471622636715 42.57285963609858 26.12217972630874 12.288256682403778 14.776579899120195 29.738972028645616 46.359235150134126 63.34559173820694 80.4665295895448 97.65128702816813 114.87122535633017 48.040801106424745 34.286634539000076 25.33650958874118 26.589749930206967 37.0243373693681 51.315679738170665 67.04108508492408 83.39320035055155 100.06525527349369 116.92046627516295 56.62493145331232 45.496483883589484 39.14311603973224 39.9141995375316 47.463769551429166 59.255226091713716 73.26841421839687 88.45363490887524 104.30022453737037 120.54764390778374 67.1403639293605 58.012289582454954 53.11989261853179 53.63506517435604 59.41731579220364 69.15789608421737 81.44882897024667 95.30849314299692 110.14629346536978 125.61609386191806 78.81774466727457 71.14802834794736 67.16054413515448 67.5109407929126 72.13603296849982 80.30055457750787 91.05735865675126 103.60211268261247 117.36287583898816 131.95977865841425 91.21175269820908 84.61533226490896 81.23180731208713 81.46250686738439 85.27810370828406 92.23476220966133 101.68986767669324 113.01808906626906 125.71407702944578 139.40463158971681
24.223336214386308 46.87268341046676 25.434245888465036 0.0 59.832102555494764 54.10878733652732 50.96405751474352 22.890975334344137 31.038652307061035 15.56949843669082 14.457245402031056 19.085611585742342 23.51194800748105 26.849856406315315 33.85486820181947 18.87648887586653 27.237789124565747 26.703305879114346 54.8274350340349 28.58990837987454 38.45396223397313 50.107074314719306 35.388802576236166 8.137920009335572 54.7749700966995 63.38144821526098 51.55069429000474 40.94242747997799 49.76521657590559 15.240297037457147 7.57565758427969 8.128812169782428 59.799170292968405 30.624206170676224 34.958717448323476 16.740725586954827 31.177491591369687 73.81625104869592 61.610405196575044 40.87307043082509 72.93353258118928 58.27949975102799 45.52370518510247 36.701813340741886 34.93345384338016 41.138510164736864 52.56534567480015 66.57748748170494 81.85790028380748 97.81399472606559 67.32426084823346 51.12098728809693 35.95644744108984 23.89745619539139 21.166535885798442 30.391900219774982 44.6992671672923 60.58954448050654 77.09003077001415 93.8795202189766 64.39219246807752 47.21144509462221 30.16952171347139 13.791045222909252 8.300554902294747 23.37346552090364 40.27967185382831 57.422107539424736 74.63818258308017 91.88651456962903 64.50349399168184 47.36244504531768 30.404193629896522 14.29482794508046 9.109475712588015 23.67142403027038 40.45248335474839 57.54288687223724 74.73070035595305 91.96132147734602 67.64314269083195 51.53830706990513 36.544640631315474 24.769653668205567 22.142087696523244 31.076030522377756 45.165015434891544 60.93233038506632 77.35845444263379 94.09900840060297 73.42363777107265 58.888898235221085 46.29774796439424 37.65325984915995 35.927174499033384 41.98170002786 53.22472908785217 67.09685398851614 82.2788625539397 98.16487157011437 81.28343375278465 68.39813834363194 57.864631317229666 51.1568889653705 49.844162370037864 54.31901378671232 63.36695903805739 75.35840523228265 89.11289739891285 103.93281112569386 90.68338036226501 79.29305639003155 70.3562065447181 64.8945028277514 63.80666803329855 67.30511840968755 74.74865037619516 85.10837909433867 97.45873660594184 111.13805909274087 101.19507967408266 91.07760287635716 83.3576588184295 78.74358872058599 77.7900391351182 80.62699024441241 86.88392754792814 95.8937230436895 106.96298104704299 119.52086199223696 112.50721698527617 103.44805227439697 96.66331995952847 92.65402092203543 91.78458488190667 94.14204540178804 99.49729475874062 107.40284389692589 117.3443750261822 128.85148847727896
52.57894941998021 25.419458135536953 55.54126862558377 59.832102555494764 0.0 52.302320148841694 22.914573320589263 50.71647349562468 39.84791672114874 56.19295542131666 45.432037911661695 57.308010833551684 50.93602794223632 46.47066829290568 44.09393214358872 60.495315285393495 51.01040316642389 35.7076944820799 75.96176892976467 31.392511750249852 67.13858949486631 12.438190060380915 43.4183416793017 54.64855980545025 5.07341048629247 59.93083708571146 20.435818664637324 34.84423621933979 52.47502652754888 45.07271883145642 52.257500670242386 53.485414930780635 25.145025693614496 49.05357308856026 48.589457824830355 70.03791907206771 42.443950609993834 74.13977768810575 73.48396039633073 42.77616883815479 117.05293970708449 107.68072152683436 100.43682034747297 95.80522936474503 94.17217776653887 95.69130658856874 100.21937560927101 107.37639562569285 116.67959301501146 127.66062240317501 105.89177506045809 95.48927130260314 87.30415712502815 82.00312663642363 80.16041239099647 82.00946689889228 87.31606734784691 95.50560497988789 105.91141372400106 117.94836387066567 95.52350506890733 83.90130153162738 74.51717162008828 68.29993721545497 66.14866643418726 68.44781083773135 74.78804473937682 84.26204693224703 95.94595124328144 109.13226221328785 86.23477527592105 73.20416573378618 62.28935329785728 54.77022391355337 52.1372377550046 55.09542570709167 62.86032569809393 73.93264096240216 87.05946526404513 101.44636919944236 78.41034016649878 63.84739140113635 51.02454106829801 41.58394705450403 38.12678812849843 42.15193651946103 51.94830113338584 64.95515905486754 79.6142314151714 95.16504325880953 72.52581147115475 56.501019830645696 41.514430033867455 29.210294537933827 24.11940007121427 30.148969459201176 42.8355694015313 57.96138714069692 74.04640125873898 90.58105445501472 69.07883024913932 52.023937475139235 35.210913870025244 19.283151817908195 10.128402432359028 20.78562558504356 36.88106600168144 53.7317125281093 70.80038090507225 87.96024127245855 68.43875206289084 51.17490415392228 33.949850878653045 16.88275636518865 4.021949598671353 18.602102648538853 35.70173519037626 52.933005738804674 70.19904433656929 87.47926659084108 70.68188290497069 54.12493628455389 38.23350502209798 24.34758933485269 17.958878813888866 25.513713406302532 39.72517887932795 55.713033698447276 72.30841190639269 89.17276917636669 75.55182128099112 60.31914597199697 46.55566159143272 35.988449052755996 31.962726539745002 36.69839089285317 47.651196039734636 61.58903845236078 76.90573069971462 92.9219121349945
30.18381362835952 27.494098380569618 71.04036050005223 54.10878733652732 52.302320148841694 0.0 65.04469327254245 31.23391326646628 26.08739164709141 39.25126938845646 48.23392108797785 67.46447367693489 30.63605267834148 27.565125240400437 21.060506522157926 69.18267808742482 26.990481849853712 35.76168794685033 26.814317886868285 41.96708928664081 86.45325724522614 41.092116434165916 69.73338914947959 46.04236351010467 50.090342133942144 10.03516456897058 63.424886687768485 20.96327185356978 4.687913323191324 50.11696255276571 49.972127180861904 54.79129600860486 30.084938699357178 23.48675277754843 19.150137555502077 70.81545950783277 24.452142855966244 23.764852703692693 21.490000643011612 15.05353372110005 127.01842890469646 112.24237699362338 98.29402709583447 85.5790569624392 74.7297054537626 66.66316391320493 62.46695628835385 62.92025502446993 67.93004501800287 76.60755967408943 120.6623377935364 105.02991154996835 90.01037190212016 75.96811141145837 63.55425261029882 53.9057906949081 48.695253242177 49.34899470651492 55.66076752172658 66.02742593753757 115.67470286582916 99.28705842147004 83.27010780828259 67.88674050585854 53.684411298265935 41.88233869182783 34.99931956682479 35.97891388025909 44.3025949113609 56.83014504409938 112.23818211203941 95.28001348639081 78.47205841605614 61.93672957247559 45.969169279603946 31.446496060087927 21.52466586865498 23.16143137131516 34.76066889011706 49.78822989727532 110.49764205049841 93.23291533005565 75.98511360500447 58.76914041058837 41.62450751718228 24.700218094482878 9.290603220601618 12.698158485079292 28.894368587035878 45.90467546552151 110.53325544305248 93.27492748393134 76.03641880215032 58.8351529293268 41.717224320679826 24.855416686803412 9.693813551840174 12.994677854147982 29.02527575648818 45.98679116656432 112.34333265246246 95.40328949345236 78.62100434424987 62.124459155043276 46.220622560121775 31.81123854476172 22.05165003009798 23.649673649995602 35.08632613788889 50.01504696932986 115.84470044046121 99.48415647276934 83.50393863600395 68.17203060049556 54.043050937596085 42.338924917550464 35.54188208089544 36.50443549364897 44.728400929867796 57.16111876889427 120.89044546483694 105.29069246786705 90.31313273509569 76.32493614289727 63.978369149285335 54.40284431885569 49.24235098252205 49.88637789995172 56.13549838602139 66.42619639434393 127.29698677176633 112.55606686367783 98.65043261004793 85.98628867858457 75.19355123922868 67.18030050713841 63.01594818553506 63.462752828313455 68.43045074157696 77.04950682542135
53.74789239912768 38.3269819368628 37.950448889699416 50.96405751474352 22.914573320589263 65.04469327254245 0.0 51.367630824665675 44.12820825228281 53.589707804078294 37.44161019728163 41.727433186004355 51.860098426033375 48.93027097302907 49.89648788693331 44.92429545268818 53.54792557525437 35.552050439868424 83.9165378318874 28.328434787255983 46.68635170441827 26.325859366112727 23.459446015087043 48.703092081736266 20.210943446238186 74.24919765532451 2.479213952980647 44.36671646409251 63.653482418007215 36.02538743530023 44.08731750897914 43.12601468847315 44.319202081308426 53.16473360997455 54.58198505596987 56.17800299218002 46.95208915626274 88.58852993739013 84.29493696784158 51.825579600099346 96.83145109120814 89.26611747104698 84.612227287476 83.35884929196013 85.65539080888148 91.23416939088256 99.54486839819612 109.96984793114143 121.96816614372129 135.121349604233 84.84644032215787 76.1641990195316 70.7229950326183 69.29061175814654 72.10635039049397 78.71564452347832 88.27043477811097 99.9293583276518 113.0432381516728 127.16273339066777 73.64559697211862 63.51266476588981 56.945077669928914 55.22973663712662 58.79289413023491 66.7950869778769 77.87978904297314 90.92655327768664 105.20795261197675 120.28502461443978 63.64449503792921 51.64382874126946 43.3849474183495 41.184069675100126 45.92065814646379 55.85688329348275 68.77485946836478 83.29871844972949 98.72222147269412 114.6829666780223 55.49577793684033 41.23935118032553 30.33639451067761 27.177557050673492 33.994888024319366 46.598232214568 61.52924596009227 77.45328269617113 93.8663087664131 110.55074342297979 50.11154193672959 33.684855378486056 18.8914032720597 13.33467444061984 24.442887644877914 40.19712377188769 56.85838154367809 73.81500615124854 90.90185643617073 108.05717312165397 48.42298672132505 31.1295567934057 13.857365045760801 3.703703901063158 20.83559156538844 38.1213841024965 55.41724977494076 72.71600110060744 90.01597445024072 107.31657883619727 50.80000748693635 34.696194606859976 20.633068885390358 15.695018157950091 25.80031221218968 41.032804893506494 57.4494429608632 74.2690942955581 91.2692209362546 108.36491805453379 56.73384025916817 42.8835163708591 32.526491923724365 29.59153142689438 35.94515464303444 48.03289401248735 62.617673438544855 78.31664255551289 94.57657918352581 111.15156999973965 65.26132214874549 53.614833932795534 45.70300834858329 43.60830003660884 48.09685018351028 57.65097109805855 70.23294273283082 84.500901335542 99.73385941176123 115.55080010364705
2.473090974407174 30.07634005158807 42.67839588471968 22.890975334344137 50.71647349562468 31.23391326646628 51.367630824665675 0.0 11.89882034065277 8.494170154833432 20.161719252225435 37.95499990895554 0.7113065980788735 5.199010173274721 11.868888751583658 39.143873642677555 4.4470341691226745 16.07210507953125 35.926124431813285 23.044242774132996 57.73972319717199 38.6801725560123 45.939722078451474 14.895665328259788 46.22580368499957 40.51504052744909 50.84555770596187 21.386372093386427 26.874880570575343 22.36918171793105 19.570063338832977 24.579762765183435 42.08930530526458 7.75252988722754 12.096881422572489 39.62212760195518 10.396156941271881 51.47062912503664 40.549242856212636 18.814035481462312 95.82350565796004 81.03063057741672 67.44245923618409 55.94381900565094 48.058712251316116 45.6976161616836 49.654886806603436 58.665550419004795 70.82647237669532 84.79289435856731 89.8798155690176 73.94087437403971 58.77782938028947 45.17878060773424 35.01599455814675 31.777762661668532 37.31274838266074 48.71719256214164 62.874455683853625 78.30541597490355 85.86618622095364 69.029723039537 52.49681369147113 36.68024387443729 23.1014543206685 17.90603671655849 26.576063820396598 41.117639081022055 57.216652970215804 73.86164477394172 84.05960016670143 66.77965570415158 49.515068268597645 32.290479854351034 15.242103749379861 4.547735490592953 20.192959252693623 37.330186747084575 54.57145421981782 71.84189531645012 84.60158960517126 67.45751651213061 50.42139623886323 33.65755424579596 17.94596922397798 10.487981665623185 22.285663595709757 38.49697311262389 55.372341202196715 72.44921321883312 87.4484898728779 70.97945981205564 55.0239928490027 40.19834079426399 28.335210532920033 24.26051213535103 31.192490794926993 44.22760738159258 59.480263677694126 75.62032147081659 92.38743224018974 76.95594184001466 62.51162134181764 49.91888511350257 40.92424524850588 38.16279703316738 42.85686381077094 53.06344263269974 66.2831319593651 81.05482521423359 99.10607469589364 84.86992219413067 71.98953833539466 61.32523013744182 54.20123945469331 52.09093156102901 55.568482333531385 63.72556466791317 75.05157720491576 88.33589969399965 107.27044896346345 94.23441791353444 82.7767721261086 73.63799748497256 67.76287722449135 66.0284224575082 68.74874399654718 75.44348359063832 85.18063640046353 97.04872283890903 116.57709511593936 104.66068253118986 94.42552621998024 86.47071011839516 81.46698464849464 79.97022971203847 82.17230595455328 87.79533167933805 96.24154423267079 106.8434910521891
13.200877054112524 18.179356020568406 45.00418772451665 31.038652307061035 39.84791672114874 26.08739164709141 44.12820825228281 11.89882034065277 0.0 19.61044963303127 22.416950161148076 41.740273698928824 11.876392057061974 6.91184110031415 5.991015206054747 43.70340691838103 11.200751325741486 10.036667042640648 39.840437585955534 17.110475062836883 60.41621657404323 27.52704137058115 44.21293817278061 23.070449480222468 35.6756156789536 36.10520903225308 43.14323672984426 10.063234121039752 22.795903895327566 24.177253382755758 25.34146279552004 29.760851286257534 30.3722440613455 9.410494116097416 10.509506826426566 47.03255253764133 2.840426982352245 49.09586154211714 41.375122823493086 11.116650438318553 102.73649049128596 88.92837859108192 76.55340555093225 66.41753252428887 59.67286397165115 57.52486510609615 60.46541870640902 67.83598570172009 78.3968902168384 91.04461092088063 95.45796923439937 80.45059267465642 66.56632863949604 54.66771104644398 46.311396322980414 43.58481964628399 47.46821940756533 56.6174132200388 68.96764010406113 83.10381194004134 89.82179626392063 73.70759531033931 58.278413014213754 44.25659877613609 33.46085686026899 29.65334118216023 35.18126830528691 46.8490334021646 61.242562949886064 76.8451715943359 86.15100101970529 69.2084288593116 52.50076831008367 36.35336463996211 22.034426874372652 15.75364130184591 24.689083830799305 39.61864341555378 55.93241771378819 72.704512900149 84.70155131675821 67.40399185058556 50.10945049726834 32.82269840673408 15.569702054871955 2.4930509967936767 19.202306483461037 36.4685540584472 53.75775186668416 71.05314860175017 85.5864012435361 68.50757337606713 51.5776696593959 35.01338702103189 19.7568064084207 12.387025221001482 22.699300733369554 38.41602503294477 55.09116599294808 72.06243839313447 88.735735030409 72.38627602476132 56.6058783947722 42.04031645679764 30.48378542130837 26.264888470081324 32.39039650877857 44.801132045414356 59.69803435606869 75.62591755626339 93.92199281309698 78.6304415566296 64.36503412857157 51.97763529719632 43.11840903432596 40.19235621517394 44.38873136884279 54.07401520922283 66.90548888535962 81.40881671439938 100.83128846548539 86.73058437828168 74.00093922253511 63.47269453519445 56.392606820625566 54.13103050322026 57.26176760752482 65.01038995859831 75.97690953374466 88.9793794567469 109.1367740426965 96.21900838409307 84.87667833667975 75.82014443443346 69.94304042944576 68.07388877558581 70.53205361864498 76.90369086289903 86.32656355281901 97.92376783409307
9.070858493053558 37.57987721428774 38.32937667525601 15.56949843669082 56.19295542131666 39.25126938845646 53.589707804078294 8.494170154833432 19.61044963303127 0.0 17.99629779854106 32.81663635833248 8.929228770498689 13.498966660166 20.355745976646112 33.43732436121756 12.311623837511036 20.494172206271074 39.876942702931764 26.10399364302106 52.73100456335339 44.67863661105361 44.27728380635516 8.558659545638623 51.43501403047897 48.18807949569655 53.45022472838381 29.502700347484264 34.752871085438734 20.130137259016955 14.567731611607133 19.36869112866984 49.97824921102747 16.00365147835836 20.299017885395504 32.17358576412132 18.609892124822732 58.26814633228877 46.13176211775405 27.306182860818062 88.19912977084479 73.06101867580223 59.12228515979827 47.45190143904781 40.08275805169031 39.50035735422398 45.963411148734714 57.12878690238974 70.80584450849112 85.80176650375718 82.88794983525737 66.5837612495617 50.94205399852168 36.817102524460516 26.732298447767636 25.93150770046348 35.05682490263367 48.828571781160775 64.32875283562552 80.56586144141976 79.75377803063301 62.657667463785906 45.71667635517696 29.202032892512538 14.636118894140568 13.20553863543008 27.07895027804538 43.48408753564006 60.39184723606705 77.47385094005625 79.0560081004056 61.771172850165826 44.49962618240323 27.266632025948294 10.268167815144292 8.131105404463554 25.01015866591151 42.232863441475956 59.501554845356836 76.78521250956267 80.85774996739228 64.05062333256566 47.59938170117687 32.056701279891335 19.704700585116043 18.64485245171196 30.094816668985693 45.414508995720404 61.789719483725406 78.56318100726232 85.00018197452185 69.1837614825725 54.28133778888297 41.29459133601309 32.59956713374915 31.9206695305627 39.67159401290916 52.22499843962575 66.93111693903774 82.64869768790909 91.164731258435 76.59895251543075 63.423138221899656 52.690540251200474 46.138869044776264 45.60702880347277 51.282653506010185 61.469697084718405 74.33599668650953 88.72350749105041 98.97419913435161 85.70581609206401 74.12002574540288 65.12116405652341 59.88697927722023 59.42079647085143 63.82717530117116 72.219679090583 83.40355074035526 96.41223465457588 108.07248189081469 96.02413172231427 85.79215479028218 78.0937974113641 73.72703700171344 73.28982328062632 76.8492539228845 83.89818163053178 93.65195862036416 105.3620484122187 118.16213045149723 107.20454092323665 98.09186790719727 91.37774312383638 87.61532834884584 87.18759097245744 90.1420141340685 96.16738448758134 104.73502470652593 115.27949251622553
22.482654481795596 34.81990623969612 22.979085884987253 14.457245402031056 45.432037911661695 48.23392108797785 37.44161019728163 20.161719252225435 22.416950161148076 17.99629779854106 0.0 19.323344479662982 20.86462503740701 21.421877812634968 27.205210035600583 21.372477207892242 24.25735200263291 14.652528918507777 56.03874983300504 14.464656110290024 38.33441500397077 36.1329624965302 26.353825911461993 11.389827930937523 40.36635249678151 58.15326880809561 37.76530094955485 31.037752716603183 44.52670943929613 2.2246234225985817 6.950169122847122 8.670382630765747 47.62789368261079 26.348139124656747 30.11008774637408 26.628621886247938 23.78264535412125 70.41627938255917 60.512463679430965 33.48075349614204 80.92516086937967 67.97393812002434 57.36490781483446 50.59358474222744 49.268557610543205 53.79379615237454 62.919440742859514 74.98427385546985 88.79824554011955 103.66444558885071 73.13991808973508 58.53639560925317 45.85061814252956 37.10466732958758 35.3545056778885 41.49498025454412 52.843479081178735 66.79626304590707 82.03508891146097 97.9616172217853 67.45772273158073 51.29582149817897 36.20344862019878 24.265809745944193 21.579638437222826 30.67969213278822 44.89451709797745 60.73304918536489 77.2023335333938 93.97131894551568 64.43743683390244 47.27285369283596 30.2650870484837 13.997916241023324 8.638355826258943 23.494980121796385 40.349973453738265 57.47121011219171 74.67578585490003 91.91691553556967 64.45440269227423 47.29587141218968 30.30086196028283 14.074742452871437 8.7617276478818 23.540406205487454 40.37631649797614 57.489620804533146 74.6898883599939 91.92831828591554 67.50633012568606 51.35943478283286 36.29311071618905 24.39876307937647 21.728341038043226 30.7839792561989 44.96551304650188 60.78530051179509 77.24324930459949 94.00477529336048 73.21462467132342 58.62928651601546 45.96860598848723 37.24969480795396 35.50597580271731 41.62350777847351 52.94398936141952 66.87543006808426 82.0992558526101 98.01510089597915 81.01968001740717 68.08592455858569 57.49695126823093 50.742560013375545 49.42081644198212 53.932629348104435 63.03762073936713 75.08299712922944 88.88122971971102 103.73519771010672 90.37980580304647 78.94728675771297 69.96808437710642 64.47546457566374 63.38242807817306 66.90495349329707 74.39023706593052 84.79525868369704 97.1867191294627 110.90074305445374 100.8628803504891 90.71005083445405 82.9577620183079 78.32210098738176 77.3653475050654 80.2192417916982 86.50746083497064 95.55437757483101 106.66030955307212 119.25136670158314
39.95681921482466 52.73006735878868 6.6606619584388 19.085611585742342 57.308010833551684 67.46447367693489 41.727433186004355 37.95499990895554 41.740273698928824 32.81663635833248 19.323344479662982 0.0 38.66155310044694 40.2409165539516 46.404971585095524 3.2373640712035767 42.34600234740079 33.46468746617123 72.68523029724393 30.734849868587222 19.92665009197007 50.85793567688413 20.403788623687475 24.258055148911414 52.40440009910168 77.32486145956676 43.134989419094424 50.134601398988245 63.636945718622954 17.663957341780375 18.504699697972875 13.514825363494356 65.09240812071093 44.968419759513104 48.97788072165762 14.797150648577908 43.04159277552615 89.21888616538287 78.40327600427159 52.79353203258294 62.455865533619956 50.899924751278114 43.35406092629189 42.036316643568185 47.468245113636996 57.776480771932455 70.86405453776126 85.46351139199798 100.92083229916287 116.89620208887948 53.96206400024455 40.081079550980135 29.99652289821632 28.138935573799813 35.81225859542631 48.70262721252939 63.71878679225931 79.66763172247215 96.0858426579524 112.768597735514 48.223736092086355 31.981220715311323 17.854437633116305 14.610821912055176 26.587290190901854 42.41467424652221 59.07484991234954 76.02225925256406 93.10017519054988 110.24796618569174 46.277603657496044 28.97804828414106 11.685528084921724 5.664755341319047 22.942121560974257 40.24060179157169 57.54115679724653 74.84234777698082 92.1438164944555 109.44543123285003 48.58158706417511 32.515872425764066 18.791111151056366 15.736654591431599 27.219318101775848 42.8118301275816 59.35930306666904 76.24246495864945 93.27921851130593 110.3984795631572 54.60025289393807 40.932376045186125 31.119780302180487 29.327999730036513 36.749584147796654 49.392730504082984 64.24532078650195 80.08739091706327 96.43250826035441 113.06271109117371 63.282373566745676 51.906173204929175 44.52580581650266 43.238275922974246 48.530961048976 58.64865224541229 71.57359285583709 86.04997694628553 101.41559261025681 117.32157035317655 73.69239851163888 64.13767737911532 58.27015831857334 57.23529218204336 61.27841073072224 69.51910674018792 80.6812643171027 93.72685981604452 107.9753662605811 123.00948262529789 85.19917665271302 77.02994029264721 72.15963173401633 71.26781850161116 74.497518129729 81.35937077193694 91.03572358401736 102.73435391951769 115.8442088851919 129.93884230163331 97.4146964845741 90.30024914387074 86.12389226759068 85.31818424617556 87.97578204669782 93.80278146275069 102.25880555215613 112.75390341163383 124.77459707077578 137.92257005578145
1.8936978154423791 30.031356891424732 43.38970248279856 23.51194800748105 50.93602794223632 30.63605267834148 51.860098426033375 0.7113065980788735 11.876392057061974 8.929228770498689 20.86462503740701 38.66155310044694 0.0 5.050445526403127 11.49999700202354 39.841952520382875 3.7696529080273358 16.490603294285634 35.236258192523195 23.531890843551043 58.44949854098193 38.852849206541826 46.61165943390257 15.543667159615419 46.47842131914894 39.878613805261544 51.313284417591944 21.206257579789277 26.255263353423544 23.070605781948693 20.268504748892592 25.279874421768213 41.9469195305475 7.176123717043867 11.518010929743824 40.24840557956502 10.223455586177453 50.78252356836817 39.83802042938652 18.391298126492696 96.44532169679724 81.61437768323076 67.96187590739903 56.35095273462871 48.27780583776976 45.65924401657545 49.37094243674565 58.21440298805451 70.2783525600793 84.18954998599989 90.54363577582724 74.58155592810196 59.374873967833 45.684258795822196 35.31906020563304 31.72584427550259 36.936852130199455 48.17511354087353 62.25801758095569 77.65300129753983 86.56157762498557 69.7165241855915 53.16571100595221 37.302868089501445 23.561136800772843 17.81747528992978 26.048219570517016 40.47553728610702 56.53972544245615 73.17051350303295 84.7701620592794 67.4897952876785 50.224277937224755 32.996927956811525 15.932041576261874 4.192395129098482 19.494510483193764 36.6225236018773 53.86182381696805 71.13154313480032 85.3075338272005 68.16046527200263 51.11786203607193 34.33563319379381 18.53506647256654 10.33802525216106 21.65442074347511 37.81092704502236 54.6729509439113 71.74475604851648 88.13109707569868 71.6472059280264 55.66205802515981 40.76662888606229 28.710313456079305 24.194150277644027 30.74316928153755 43.63070877471872 58.828953583787836 74.94507023257982 93.03288780038785 77.57115937827173 63.07263903311843 50.3759594902361 41.18280305260663 38.11844321040635 42.5289857758737 52.565388063470614 65.69803563375719 80.42418928797713 99.7068024994583 85.42671905866855 72.4755302403865 61.69587448463933 54.394481923406374 52.056110972783586 55.31381388172291 63.30953809074302 74.53373404607174 87.75624022655236 107.8241932654857 94.73448412890787 83.19783955539862 73.94478158959677 67.91519076332479 65.99854349243888 68.54075097707118 75.09030257283051 84.7228701760043 96.51978095353384 117.08511738790544 105.10925381278979 94.79276314334872 86.72982668140985 81.59129802278878 79.94309960958101 81.99597930814237 87.48979515053371 95.83459747524563 106.36145013823008
6.2892743027942615 25.00575788475465 44.3868745523994 26.849856406315315 46.47066829290568 27.565125240400437 48.93027097302907 5.199010173274721 6.91184110031415 13.498966660166 21.421877812634968 40.2409165539516 5.050445526403127 0.0 7.053669109752096 41.768386022125085 4.705826082930984 13.41780229208334 36.12439939663408 20.810567548875383 59.693518750779546 34.248899285572136 45.927610472320225 18.713208423846545 42.148910451179226 37.22106632165234 48.19008226322066 16.18747429784403 23.491151959111548 23.506583893060732 22.41628822410585 27.280197794363104 36.9040110795572 5.01816037439521 8.738692609024529 43.42266516806255 5.19714954436918 49.0375520331833 39.36310459080312 14.10253454758724 99.57217854310683 85.12907277391348 71.9583235333199 60.891236013213806 53.255853424778415 50.62934157371634 53.75105148562559 61.75533860993728 73.05456290421766 86.36502462522445 93.10513083079017 77.50232329780202 62.79619285207415 49.78775499685834 40.16200006709255 36.68595019973321 40.95654557758751 51.065891749215716 64.31733021105335 79.14808665756917 88.434931079537 71.85167437208851 55.70727286452755 40.52959973754282 27.941147520394644 22.748144092160782 29.205469685243745 42.27471968496065 57.61992237354551 73.83542543502489 85.85537720840426 68.66680484136835 51.55412305651608 34.63002088675583 18.421789125923397 8.84304857378292 20.389946715303534 36.76973716961573 53.73072157978204 70.85676070023979 85.55581857066157 68.29361208032043 51.05830278121697 33.89095140391653 16.998716524242358 5.294299965664709 19.126325654122567 36.08762289448324 53.26847277298297 70.50856209851318 87.55966340536561 70.77659170199207 54.32006089291962 38.60989384960801 25.089651172916817 19.15643740698782 26.517152892611872 40.47297253945667 56.317629744688304 72.82857364484822 91.71603203979899 75.83568152525132 60.73696465936259 47.17642826810103 36.891192943364494 33.09098176280709 37.78590022581106 48.572046099710974 62.365225031981595 77.57774905683422 97.75067815125848 83.00108925021877 69.43968090661366 57.907343941176094 49.83326610415913 47.03351006850851 50.394944772470076 58.871492068235234 70.64529303800305 84.3466953040341 105.3412168129004 91.78071867967627 79.6826455727439 69.81148195202374 63.219121650194786 60.978414174876924 63.5513333579233 70.41215996563085 80.47153467832264 92.69389860542434 114.17766485631897 101.75749186066994 90.94680395375586 82.38167970789944 76.81697179955724 74.9242228155964 76.97478272638672 82.67575938646816 91.34621616322111 102.23339584983862
12.023386621728585 20.433645486120717 50.09897456759508 33.85486820181947 44.09393214358872 21.060506522157926 49.89648788693331 11.868888751583658 5.991015206054747 20.355745976646112 27.205210035600583 46.404971585095524 11.49999700202354 7.053669109752096 0.0 48.13773283101648 8.99675591249453 15.95814638910792 34.020113474071415 23.100611220044534 65.49852102930889 31.6572559613443 50.04453922587794 25.717808417632956 40.23683575730575 30.948325612380874 48.8260441399351 10.634643044101828 17.35291525697833 29.133895458080865 29.078455704442558 33.81242317226722 31.269035941465027 5.616954421393057 4.730454489896438 50.353635964169094 3.5565329903929532 43.5004450120655 35.39135917214033 7.048872765120234 106.43788445182263 92.12271743811878 79.01180495399103 67.80733005087119 59.59447229441608 55.71235662319968 57.05199966764113 63.28264441950261 73.16525088007728 85.4418704192087 99.71024125295037 84.29741523218394 69.77593644423258 56.83320760292353 46.79797810019949 41.818573747155455 43.66051482074482 51.598382598218826 63.38178529516204 77.27103866034102 94.61988406332135 78.23920854927091 62.35811802511648 47.48058390430847 34.91398927730676 27.969220256532754 30.72910267836996 41.291501016892 55.35709707129593 70.86986786473904 91.44073563192919 74.38123272943932 57.466860933104805 40.878173912135495 25.265050425907916 14.294513542372783 19.210833807069882 33.65251591592423 49.946373172956484 66.74954106607811 90.37476242270662 73.07287271708631 55.77100837476931 38.469203617888546 21.167604557322303 3.868971729100458 13.438154844719136 30.739431889112943 48.04117966854059 65.34302425560816 91.49586810484189 74.4486893796012 57.55374397665146 40.999660565052906 25.460233944617205 14.63514550441296 19.4644311685623 33.79723809505986 50.04353255260362 66.82192471913805 94.72641559095796 78.36742146251537 62.518168725661916 47.68961976339328 35.196420043032724 28.31935509250973 31.046634281733535 41.52723041503762 55.53231464639797 71.00616038274624 99.86184895238137 84.47586841192803 69.99043330518661 57.09513208037107 47.114248409273465 42.17055420579457 43.99617965087356 51.88137381278161 63.61128057544808 77.4584922845539 106.62722351501093 92.34041316252618 79.26435043728614 68.10007956322148 59.925809649027386 56.06498664163445 57.394782268864056 63.59038902035154 73.43032315890534 85.66787835513749 114.73448304450066 101.55378632967276 89.78324489199422 80.04736245717606 73.1629621962327 69.97676376137856 70.98848867262461 76.03073858523553 84.38406557946803 95.18065699193795
