0.0 43.17686818813307 22.616998486403862 29.411742924185045 55.35807569895171 53.66078754929299 65.34766934801847 65.4866194390791 47.033586052198565 71.00203011975015 50.66253823115152 65.64170974747279 27.627869725382787 41.24897853585977 16.316108243199558 72.35983744301281 29.799956933256638 8.89719797586474 49.392536757288696 61.7981970457987 22.237028274545047 31.967036797990126 20.16774386349683 36.58709524084605 56.62230726774995 37.74457488146668 43.26204867157213 55.16841679713275 82.7423217446446 43.024011824561185 46.44664187646031 47.39475971649411 52.17991291558498 60.86425476746144 11.02636454636032 63.87875641874344 44.861182979056494 27.036972453885262 45.64743039102505 51.58218107445203 76.57364406538711 59.99939595895588 43.98913288231509 29.476632344600834 20.035260002837376 23.07949693459876 35.533455510194685 50.90482775327228 67.22118909254769 83.93322812650749 74.21846129896096 56.977274505897476 39.78885624059039 22.773006170248102 7.264984336467361 13.625844673705657 30.2863128660212 47.40855734197851 64.626583769821 81.87999028178544 74.51651077963335 57.36320527648886 40.33704878888814 23.713517980072375 9.813134543988319 15.132003461552497 30.98984821738966 47.85892916588249 64.95611406065075 82.13908723254357 77.437158240752 61.092629777656484 45.46225308023985 31.62332370878648 23.06434163275966 25.741099681816348 37.308922203907045 52.15379415247306 68.16738162963836 84.68929505667089 82.70298034090878 67.61449383531378 53.87358941348132 42.79853427907603 36.875092909840944 38.55564107026886 47.032004849029036 59.465860309941164 73.8855509900346 89.33458338232103 89.9027629583533 76.21519804009901 64.29391174271215 55.293388505480685 50.79086126597566 51.96888890868728 58.48521429553602 68.84022238796378 81.58512852186483 95.77051332989568 98.61372740545767 86.27515076226324 75.90012635191945 68.38822893375776 64.74383112425369 65.61456100733058 70.83410689272283 79.55101456183351 90.76315481241598 103.66402346021768 108.47230456648617 97.3428584552279 88.22531735078393 81.79525931682345 78.71407477535678 79.37272821880633 83.68295942510298 91.12808956228184 101.01734015450744 112.70918601177065 119.19395340095997 109.11195499892403 101.0064871744314 95.38277470775792 92.69362708968691 93.19342695598992 96.83280789686359 103.28040508694508 112.0525010718835 122.651357306106 130.5660959231379 121.37844455149319 114.09034158457972 109.08319361382887 106.678667317659 107.05228086411927 110.17577529368135 115.82689640303454 123.65959826837245 133.28983607590018
43.17686818813307 0.0 21.786555718315615 43.24778319692668 28.452263923146457 34.995461089727044 47.278467515605286 25.964499577854344 22.130727275802546 55.27523616255194 26.677709805724056 41.98552853097758 29.405451130029032 56.8781701887635 27.44527226884689 47.91629009393673 16.63349846597055 43.071465863644995 22.97447128813222 49.580825663040685 21.286961955883704 21.76161640935537 23.083003735498696 47.79850928825289 21.001363412535227 50.62596485331336 12.659712544617326 22.478700533103577 40.58604000436133 13.529432351180365 14.280849763394961 25.995924449220862 17.477383384631143 25.606902677757578 32.21193822946629 41.260473661431725 7.1130659807859065 55.19754594655209 27.714050720935408 41.275799776650445 102.48536139908545 89.31588517979691 77.7823895707669 68.7136641951487 63.18013853302941 62.13362134353453 65.78859046806537 73.44647784955447 84.0197971864637 96.55548802482943 94.52131578815498 80.0970600062671 67.04849879352442 56.33973415798036 49.51295169321537 48.245221646234455 52.93744160766094 62.256295441765154 74.48504686229474 88.42454622792924 88.11345562769877 72.46100927010963 57.757446117475276 44.94391188440047 36.092876927387515 34.41139680864079 40.79584061835145 52.375231829340734 66.48862400831581 81.83530565525751 83.62040292887376 66.95162832558204 50.70878536316054 35.481726546288236 23.3503009095748 20.742030146719685 30.23141916660532 44.68061350537744 60.642290274661484 77.18373626880168 81.3600782128219 64.11956035392407 46.92427021720729 29.852465109457608 13.385276727222909 8.116342481544164 23.47973210562035 40.44050007709305 57.604545788305124 74.83212389557671 81.51845196113855 64.3194809298071 47.1958318303908 30.27558018263038 14.29993939779499 9.54353583961222 24.007981673169578 40.74801332422173 57.81981748392144 74.99716858670598 84.08185575772963 67.52446215630076 51.45929233005472 36.54142581434711 24.92396617382698 22.490967853620006 31.451461588033645 45.51105901773551 61.2538146211683 77.66282491752483 88.84231895666032 73.34155754893523 58.853358316048975 46.33744492132692 37.806178252564415 36.19616998806627 42.30514891907742 53.55367236535512 67.41641727346226 82.58727569960104 95.47169090759198 81.21131158824022 68.36967099401052 57.89860197644698 51.27168543196313 50.040231419705485 54.57073585130105 63.64437979446106 75.6435745097785 89.39795896291871 103.61177249970052 90.60030238320151 79.24723215403586 70.35997752525437 64.95862292278906 63.93287548853164 67.48256119918145 74.96047748807857 85.34016595801118 97.70111712346795
22.616998486403862 21.786555718315615 0.0 25.53012079587073 42.03329323722677 35.14113544188353 57.29888563406682 46.63418485493728 25.81066172646189 64.51589071234832 38.187516715713436 54.76262445148807 13.52942098150679 40.23459630389519 6.310886261249163 61.46014218932267 14.885554829210088 21.30957832201067 35.55008554287833 56.5367817419995 7.924053859177828 11.928205857416874 4.351493197080287 31.924829204543812 34.18043365839434 34.41984846538932 26.265705282719086 39.099198330772325 60.224013701755716 26.45270773888579 29.493674107092627 35.6868241088214 34.9240293156916 38.55932448401046 12.650203109623455 53.40446852700153 25.41462810482018 34.610128804215556 35.40333772325554 46.33980614259324 84.08332084272816 69.63592377343231 56.80689955941916 46.942419168641095 42.176563627423135 44.19094074164198 52.20652152776793 64.00708912726623 77.8909426638535 92.92898020216252 77.91178959361389 62.08042417815927 47.29081218962985 34.89373170048686 28.23887124994443 31.241077606686176 41.872255177467764 55.93993493293685 71.44212083874301 87.6206977972689 73.96015823894027 57.0664828436379 40.51881733938173 25.01356212261316 14.432416935207904 19.738887105805418 34.200369980635095 50.48187384095314 67.27470923911575 84.27375663238168 72.59192485528487 55.28999557945459 37.98806749693517 20.686143602000378 3.3842881213894067 13.917754095029844 31.219672580058685 48.52159969495549 65.8235286345563 83.12545825946317 73.95064206036899 57.05420545155923 40.50160369774468 24.98579773186884 14.38446795485578 19.704019697320014 34.180352689235264 50.46837892701911 67.26463169379265 84.26575061127984 77.89372174050014 62.057851052822734 47.26131213298308 34.85392558032787 28.18989870177138 31.19702559409323 41.83955281380825 55.91557663128735 71.42314048623398 87.6052968735616 84.05820773434401 69.60573716704913 56.77006207434232 46.898040382495026 42.12739462672568 44.14423526253669 52.16717912958561 63.975156054847275 77.86482870018222 92.90719803637131 91.99855661282074 78.97159910527864 67.88218258883165 59.81777463618951 56.09848316673474 57.57266423083391 63.881779260477266 73.79600245295134 86.07854805980605 99.85930650335378 101.29791870250507 89.58694908361865 79.93162135778591 73.15050426462399 70.08293651246277 71.21045738592092 76.34742973301422 84.76803847681295 95.60857807695477 108.14374503615693 111.61701654395144 101.05868105718687 92.55287457913415 86.70577322337822 84.07393513797814 84.95670056550985 89.24984209729003 96.4992569897296 106.10069663321707 117.47888317982262
29.411742924185045 43.24778319692668 25.53012079587073 0.0 67.3472004594972 31.64243481513663 82.77709845968602 69.20927205273355 32.08169387811223 89.8794762511681 63.65348241800719 80.25376147929607 13.84604120800687 14.723511088231092 24.96716830077694 86.92296852831171 40.41170509104812 20.847358174681148 60.87899607951081 81.6504003679548 32.74692323738251 21.706204837070516 28.312447660740506 7.3612909066041 44.6727902506889 9.246985775022527 51.05767109165705 63.72879089745709 73.43735480805739 51.38794819168508 54.14226444261367 61.210900879110135 59.17501705998966 47.33599152112411 28.701322357166298 78.92071070185965 48.835471727499 15.219016699944492 60.90600288101019 71.31295858610184 59.33387279440819 46.2536035504248 36.8373602748299 34.25338337566924 39.853548441751784 51.010040816975625 64.91880386201838 80.159751842711 96.10113644413772 112.44544866656673 52.42583942708613 37.025482652310465 24.33137334671691 20.294253609145755 28.81682438238128 42.98457447418869 58.85277865368082 75.35474175557628 92.15061742634087 109.10475294973443 48.7714996842949 31.666511488466114 15.019658802459057 6.864822178042653 21.61885401289833 38.55304587741402 55.71367225663459 72.94109019276492 90.19703671956586 107.4677703302674 49.102803901254525 32.17212835714449 16.05364787201278 8.894192030636757 22.342940018424514 38.96178333141672 55.995959023548366 73.15591273758594 90.37002260077494 107.61230262448099 53.34554045594026 38.310828559640015 26.237447445303953 22.534393204881876 30.42869157443118 44.07632958736198 59.65108175024006 75.97691388265844 92.65766291741943 109.5312956029514 60.68473449058383 47.966477940884104 38.9568493976769 36.51296108319575 41.8026750612227 52.539871151347285 66.12200527794369 81.13265807490414 96.91028806802515 113.13446319835785 70.1551450544085 59.44934169255842 52.39661407690848 50.54984861342718 54.44143929076219 63.01709703169403 74.68025049149935 88.21465976449036 102.88446758235906 118.26792561869283 81.01266060366696 71.88898150496209 66.11878151240079 64.60691912510113 67.63954355492757 74.66495047241523 84.69530641554901 96.80097185112633 110.30074567337041 124.74283130743673 92.77140741937903 84.86556434290608 79.97797943106723 78.67320752786736 81.12430694829962 87.01445844867305 95.71082481228689 106.52835865985571 118.88945965057016 132.36237848096354 105.12927210640338 98.16623793048491 93.91340704738793 92.74436433247101 94.77329553240554 99.80535714582362 107.41932983325111 117.11271009533212 128.41546887444957 140.94094423474777
55.35807569895171 28.452263923146457 42.03329323722677 67.3472004594972 0.0 63.38366540050259 19.315512526633402 19.709309115007443 50.53757582949192 27.345151599597916 4.842641984243861 13.571534223360928 54.0930742238272 81.90328331528734 44.75115873604974 19.833828087987307 27.577211200929888 59.52075432046982 6.483229961571832 23.545941386369385 36.05055383019603 47.89360386010498 40.271133546830654 73.18145285764395 46.692711198868835 75.85805632699928 16.78062437046871 7.739651272995578 52.99649012887944 16.243484579544038 14.280427242897312 8.258709635620457 11.976816398921079 50.55585934263578 45.63022544908146 12.818509164774268 21.33919794236055 76.05684639610463 10.93499285390217 19.12532833300543 126.09145731770981 111.30452947636256 97.35006924973345 84.64082178215159 73.82273680559163 65.83478758051226 61.78460221667166 62.44317348970986 67.67316889977278 76.54319493828987 119.75887974729946 104.11034843478123 89.0754875572254 75.02414795041321 62.621925296565564 53.03857784890809 47.993524698286 48.91184464008412 55.49829852902823 66.07916610743104 114.80818536148804 98.40231229354693 82.36394057259555 66.95767582545369 52.740401977467094 40.96922812471732 34.26533684611901 35.615403534165786 44.28892223006041 57.037428933430355 111.42379763063029 94.45033668047424 77.62204054357476 61.05905269301369 45.05492550163835 30.50239936056087 20.725782980814706 22.96587582083541 34.98594693444635 50.19276015721611 109.75076308654371 92.47988258799751 75.22327295423402 57.9936749090511 40.82530208120942 23.850737423535314 8.350059061561044 13.011637947563198 29.454972125041905 46.525277739694026 109.86731398792462 92.61753667619347 75.39166280070398 58.210916867866196 41.131887486477034 24.36938236123688 9.727010229479482 13.93111489474514 29.87056241998899 46.78822863958079 111.76785032591829 94.85411948413491 78.11060678047993 61.67609822334981 45.88383794417288 31.70841164338385 22.4550984290534 24.530609736313576 36.02750997050189 50.92075635102291 115.36421029850673 99.04751546723584 83.13018113115957 67.89367497770043 53.91829542564823 42.46788732552529 36.03564511567564 37.31382286320717 45.659417727117834 58.102933406138874 120.50460962747634 104.96340053238175 90.06648413983739 76.19271148729362 64.01084757302267 54.663969259524364 49.77561720848084 50.65349155699216 57.031937986386204 67.36623263260259 127.00163297221499 112.32988057077847 98.51539619969049 85.97242834877171 75.33875173442783 67.52251860576682 63.57159313949865 64.203569365619 69.29316787264223 77.97231455961118
53.66078754929299 34.995461089727044 35.14113544188353 31.64243481513663 63.38366540050259 0.0 82.26632745449832 55.949667010324035 12.865466912360366 90.2500976883383 61.63243472656574 76.843993688657 26.06023474515938 37.43312225699793 40.067315750314684 82.53283553711772 44.70974730559076 47.52082671420141 57.95565215852404 84.2170417060524 42.034497283086154 23.2294131138237 39.467590401607104 30.11890674474602 21.062770224409498 32.39997430231087 47.45111366369955 56.918332062157084 46.77082361850924 48.248820367717364 49.27626627238497 60.691568865079425 51.92916910325703 20.9079707743914 46.64982769464554 76.20216154401591 42.08440176660364 46.73835423231805 62.01188863306631 75.26281763370292 80.68274829245134 72.02668656005464 66.81821361691932 65.88016510742995 69.38595699220598 76.72886217247726 86.94203783000796 99.1423722866717 112.68626540795529 127.14507944990754 69.53991199124737 59.34299454640014 52.972475510716535 51.85822827518416 56.31313377953728 65.20554232857805 77.01335587141928 90.60381742783701 105.28887405527438 120.66956030498292 59.7019314859944 47.496590050165125 39.322235470274336 37.88478627583536 43.85182496497783 54.85813309917023 68.51681307674605 83.53681388373857 99.30232407113618 115.50848691868649 51.916160877091045 37.2943268436153 26.1754996597583 24.04490930308879 32.70885900774438 46.47894324324705 62.04374090612723 78.34073218573057 94.99381962137242 111.84405270792786 47.20924846252924 30.437240006976793 14.928201407991775 10.862319941236706 24.735439574169554 41.28446592291246 58.272510340123084 75.40342814036286 92.59795715062103 109.82622428534556 46.52529854484168 29.37020567035046 12.622521463612468 7.400040920812111 23.42875698174777 40.518714100263765 57.735077912099385 74.99083771527945 92.26389191610284 109.54605995795997 50.02958590262237 34.63261367735469 22.239339961859866 19.709652484079115 29.682729110354426 44.41137535718752 60.517666528540175 77.14348650558159 94.01361021474246 111.01672012866737 56.95416145568323 44.00963104438183 35.0517758703902 33.45317037552652 40.103746385919955 51.925086323265845 66.20292255326963 81.65872622594401 97.73523639049918 114.17054587252566 66.23476417121692 55.451668611099535 48.59458628273421 47.3991854107046 52.25547279082133 61.75183230414822 74.12587838578686 88.17429102094141 103.2156385651833 118.87360173004303 77.02431840476663 67.9229084112417 62.39385017321497 61.409761300927386 65.1768380474372 72.96284563958432 83.65302541291574 96.28486728599702 110.19263979984382 124.9510114146349
65.34766934801847 47.278467515605286 57.29888563406682 82.77709845968602 19.315512526633402 82.26632745449832 0.0 35.99830945267162 69.40126809023361 8.040347512751026 20.665060563586422 8.427394610243034 70.34717294709364 97.49987986485495 58.49431560622274 10.523664992275593 42.4361167028457 71.35953111566272 24.311143059185675 8.06055197796747 50.128180937241446 65.0908598271633 54.57441202538937 89.19691103473899 66.00802577215137 91.71782006160326 34.90372147615092 26.7981579322129 70.064912050635 34.165269196862425 33.007107560554225 22.128702140701424 31.289953605373455 69.85346949880083 57.49270870005385 7.539084772004455 40.223442040579705 89.32872477910446 21.907153758746716 14.472018806955774 140.00944391510703 124.32008795855955 109.11930425330736 94.64279823660937 81.27849877091934 69.66941850105277 60.82893878557222 56.081994625188266 56.470513158993924 61.89786748890177 134.95312259908292 118.6235996143704 102.6132373582779 87.09821804475406 72.39770508790305 59.122422376081175 48.45821874131462 42.42218888728576 43.00918816816334 49.986432501875456 131.2084143675179 114.36533555137979 97.6827604762615 81.25960347197582 65.29191651629792 50.21608618956294 37.13470083315074 28.896824111397063 29.829123780132278 39.28404957819061 128.88974662579784 111.70995162726847 94.57469221727295 77.51350934884668 60.58901272789057 43.95936081559403 28.151997291764715 15.854245738976564 17.57531998655477 31.066690289579938 128.0746278623487 110.77281687809774 93.47105016619392 76.16935789586111 58.86780570395025 41.56656850838718 24.266320070427668 6.974422197744598 10.351060006502538 27.647059962278515 128.79162067214773 111.59723997638056 94.44214691311313 77.35248531900149 60.38383545929842 43.677464587892096 27.711856112386307 15.062727305734423 16.868232477384613 30.674117888955568 131.01556359332628 114.14504672951267 97.42594862679512 80.9521415569035 64.91065369753296 49.72169233132774 36.46656547114059 28.037191200108815 29.001168385117733 38.66214465327051 134.67179014224803 118.30491057004437 102.2463595419838 86.66769631306296 71.88161447198151 58.49229679569064 47.69105199473086 41.547917721335615 42.151249854824066 49.253747394434214 139.64779658937755 123.91452940065682 108.65915970294587 94.11436800550618 80.66544756083705 68.95660579694045 60.01509330045899 55.20242977299298 55.60129467964967 61.10972570294643 145.80845799272967 130.78741670846333 116.40137821587457 102.91697560107643 90.73707852304665 80.45633292144691 72.8828932746196 68.91517462722234 69.17641934038926 73.62162201854699
65.4866194390791 25.964499577854344 46.63418485493728 69.20927205273355 19.709309115007443 55.949667010324035 35.99830945267162 0.0 44.123580094033734 43.343858163245244 22.89610947558752 27.898898297959914 55.369222318016895 82.68843842223761 51.40858235575603 31.03680240008333 35.70518483720795 67.26722629371112 20.835362909799258 42.07701354067097 43.519129752671674 47.64118717718115 46.713312669820894 73.58227522951032 35.83377656608367 76.4260373112042 22.344928252152304 13.371764564607187 34.077819816251434 22.723832342721508 19.337081624465103 25.519574645876652 13.86227789234871 38.41565170633122 54.6278436815946 28.46153101521972 21.23543973742149 80.89517938956605 28.706848859493775 38.83250170431684 128.39907791640175 115.25785091410516 103.34942702494317 93.14783313480234 85.2679098601546 80.39525464504338 79.08767521250617 81.51691024085235 87.37182511205934 96.02784947508967 120.11695506994384 105.99791977210448 92.96089407741931 81.5266176827433 72.45787525016597 66.72623706535492 65.2175626066477 68.21263053247458 75.17505030422943 85.136984586001 112.9885406262527 97.88512204034744 83.63781802494698 70.76561859082186 60.15780605049549 53.186945456129784 51.35602583022652 55.17909291750119 63.645297432501195 75.20250101669771 107.24425035498983 91.22614899100647 75.77465290523013 61.31959331172559 48.755448545624496 39.909920319524495 37.5128838540241 42.66541817797917 53.21809936151338 66.65358976849592 103.11574931654218 86.3580712367868 69.86620121754142 53.88475268271715 39.045588292574855 27.281133644225097 23.720738502428805 31.301717391827555 44.67250253382605 60.08475969781126 100.80182689534941 83.59442641234543 66.43614303623924 49.37820600649609 32.57862041097621 16.829704095008847 10.18943200342491 22.87188802359739 39.25729424652742 56.19484134625651 100.42802213100292 83.14536648368959 65.87283065759337 48.621200957596564 31.424927348421363 14.482556671016019 5.538623401742133 21.220786112329677 38.323370022032734 55.54955561520059 102.01566940563518 85.04756940696943 68.24729514081922 51.77846560430628 36.09761323078619 22.886193128823006 18.526466615619285 27.593370018032555 42.16954051208461 58.256829637286856 105.47621169245377 89.15062998221656 73.27446319916292 58.21655800387848 44.80956184125238 35.00477934443989 32.271982577794525 38.16196640714367 49.69807882210084 63.89186908436714 110.63399406837225 95.17026331559522 80.45856448257858 66.99615944887248 55.696439443355274 48.10825870934647 46.1022662036632 50.350139482337845 59.52778633827935 71.76824750782639
47.033586052198565 22.130727275802546 25.81066172646189 32.08169387811223 50.53757582949192 12.865466912360366 69.40126809023361 44.123580094033734 0.0 77.38715996512279 48.77136003619153 64.02063451700138 21.400277249216042 42.22280099520647 31.64724712314958 69.77771585588411 32.83039123888951 42.61813182049682 45.090930639913964 71.42939242364618 31.53723294718266 15.084674496496065 29.85350401422569 33.50083395294667 12.670579754775837 36.25378413906915 34.60519373635795 44.17196303115367 41.38602274822294 35.41253435529633 36.41156019367399 47.874401792913496 39.16692567281475 15.366010994769589 38.28721658212376 63.35547659602969 29.22415681419767 46.974803123941605 49.27140968417453 62.61657905604239 87.62285155272595 76.90038858713636 68.9076828269993 64.6649911286273 64.91183821309491 69.60047226989585 77.93329248471602 88.89130301612471 101.6288480846671 115.5589681087472 77.75301016853818 65.48971353866787 55.95512313218322 50.712427140626076 51.10015621024475 57.00353409559103 66.9797064075614 79.51012814559014 93.57425458436161 108.57772791884165 69.38549080933511 55.34753930108238 43.71568452308924 36.8439850564197 37.45136300945504 45.237563402599655 57.34960234223046 71.62558083401832 87.0067696531931 102.99921987897342 63.120748516670616 47.2972498096505 32.99305984990178 23.211319855629768 24.242523653959882 35.14748567501405 49.816691559284045 65.77819531574099 82.28335440707869 99.06079475912765 59.62541484374216 42.543549125903205 25.75714149795735 10.75269236262412 12.904407655063658 28.56817057135518 45.43644233037361 62.54209384459338 79.73249025499133 96.96256902032961 59.39053842836457 42.21525080345722 25.21372979671199 9.383515567304855 11.793302456073443 28.086064614273592 45.13629905620403 62.32541523118627 79.56345077521638 96.82428124725517 62.45291962935116 46.40637586833147 31.708798314835512 21.355460151146094 22.480549022039902 33.96183311844807 48.991313021327066 65.15829197172614 81.79100740354465 98.65417573396013 68.37088652527957 54.076068952544595 42.10192648469822 34.9232167104607 35.57243017338159 43.70208671016964 56.15206896026925 70.6749261439769 86.22959696955967 102.34671207522292 76.48436365644797 63.98534939245373 54.194964462112765 48.77259058721631 49.184745557467174 55.301130024066765 65.54382466468034 78.31010857239383 92.56163049865525 107.71044498677014 86.17534276497608 75.25454227703334 67.07456388648147 62.71716401901235 62.980812629799495 67.81163182907505 76.34753838799018 87.51097290642758 100.42952103017583 114.51070501665875
71.00203011975015 55.27523616255194 64.51589071234832 89.8794762511681 27.345151599597916 90.2500976883383 8.040347512751026 43.343858163245244 77.38715996512279 0.0 28.619980143621373 15.448355409891745 77.72730502186738 104.59614384560017 65.3142090221563 14.242516342790669 49.73865677796677 77.49895027413586 32.30081099143672 9.415897535816429 57.139555442345646 72.72398324718614 61.582973374481796 96.44017140432722 74.03647915807663 98.90870390996659 42.84020138257673 34.77047223700563 77.2875510139448 42.08139740787218 41.015476320923305 29.8748771193042 39.314124427536 77.85917672059007 63.81830725153471 15.12576311945707 48.23552709227708 95.76084957615214 29.327251062454074 19.42445822283724 146.46459736430558 130.51801542906503 114.96401995997633 99.98599343442945 85.88580409547063 73.17269485191167 62.69620932438522 55.73226642253804 53.666151742440576 57.03267160521497 141.8356670092819 125.32577346502326 109.06167219253922 93.17216846645888 77.8868628253907 63.64259276421674 51.31375659420103 42.597293424133575 39.93323161945834 44.42411909493024 138.4759578560053 121.52819459968148 104.69633953932608 88.04689202403664 71.70702287251272 55.948631041882976 41.440460347626626 30.05136343618284 26.221506195077932 32.72247823935716 136.4792848845604 119.25864158018612 102.0654928677079 84.91654097383302 67.84530847060869 50.9300077153159 34.401429391889025 19.281178813855234 12.600881819468244 23.334811821304992 135.90576592229976 118.60489819931767 101.30439347370145 84.00447602086666 66.7056027651935 49.4088704916196 32.11773840900748 14.851779422807807 2.8836050007742897 19.868784508361177 136.77331308137624 119.59347462939056 102.45472975721077 85.38182826794477 68.42407485839362 51.69491188892246 35.518815905485354 21.201913230086134 15.36777274289934 24.930467839854337 139.05494485382013 122.18450023541264 105.4539520236922 88.9422812129711 72.7985732536244 57.33449780638048 43.284714395358385 32.536100758307406 29.02307177994275 34.99698600256061 142.68280810712648 126.27933973214823 110.15109714788784 94.43919424032087 79.39120392778685 65.46655451558497 53.548864657005595 45.25258775988173 42.74128143784134 46.952552923378704 147.55759087289388 131.7377819179675 116.3406278367618 101.55854531825884 87.70309293456731 75.28761408919004 65.14073305031863 58.45599466076944 56.476450523304706 59.67221764072545 153.56052248330045 138.39850604846956 123.79882172919268 109.985632795942 97.29450116620615 86.22232813567732 77.46643891308563 71.8783543477364 70.21848664651858 72.75619071595753
50.66253823115152 26.677709805724056 38.187516715713436 63.65348241800719 4.842641984243861 61.63243472656574 20.665060563586422 22.89610947558752 48.77136003619153 28.619980143621373 0.0 16.613433666288625 50.64347424407548 78.292737704749 40.532210168076624 23.27398494850655 23.478606995156706 55.039918223319134 3.7674917066689475 23.273984948506584 31.84334676739111 44.843081486472 36.150356738658594 69.69428766344431 46.125031724377784 72.32243951456088 14.23974106306423 9.692132991028751 55.075302509027594 13.514825363494356 12.486025334611039 3.416848292045543 12.283627372379796 50.23990916531834 41.0956720215042 15.393576828140239 19.69392917461263 71.85703567317067 6.253200838842709 16.834466120383684 122.09468925943624 107.11219115805017 92.93883680435859 80.00581742231878 69.01399712834316 61.02155620319292 57.29769966641753 58.66106030844929 64.79128915047193 74.52113691261398 116.0752447667459 100.2294295370801 84.95362872412043 70.61872210766184 57.92748209357135 48.19633639904313 43.461303408649556 45.3165238826579 53.07536312415803 64.64600061697794 111.51522278256915 94.93616470450269 78.6690229576037 62.95605074395796 48.34069533435488 36.17859413481766 29.659195366823674 32.390653190909205 42.63039181785464 56.429208279091476 108.59868965806866 91.50872513850511 74.51664627339198 57.70898354295792 41.31144400384544 26.108551170403796 15.980922913814359 20.684191175075778 34.6264934173967 50.68396928637081 107.45958815737889 90.16020147619227 72.86202277930693 55.566180242559554 38.27584094434305 21.004599573352667 4.0074925413703815 13.770997774077273 31.015066546928402 48.30053743095452 108.15410999954653 90.98309921318337 73.8732025143943 56.87959767531134 40.150219032643925 24.238490459116985 12.715408991242757 18.29130139181292 33.25920417132935 49.7643496121558 110.64772261714735 93.92034857247802 77.4458229987626 61.4279203000917 46.342567401523986 33.47518458381601 26.31069518456554 29.37052345299199 40.394465998919664 54.767767777908865 114.82323940909575 98.78348416725659 83.25072342813718 68.57036480779583 55.423935985207194 45.17118774272782 40.096951205081965 42.116511746437425 50.38393989468477 62.46589476469267 120.50589776853431 105.30596142218103 90.8609872755242 77.59376192902099 66.21604153229458 57.853572116503756 53.927792850639264 55.390227130551715 61.85989869143879 71.9994184369415 127.49425337091908 113.20123272661637 99.86463160056468 87.92076719928986 78.0119803101301 70.99554877645902 67.77579160460249 68.88714696289263 74.13508759829524 82.73617417443882
65.64170974747279 41.98552853097758 54.76262445148807 80.25376147929607 13.571534223360928 76.843993688657 8.427394610243034 27.898898297959914 64.02063451700138 15.448355409891745 16.613433666288625 0.0 67.24749544075897 94.90273083186062 56.83329015603164 6.792102832520461 39.97104478369947 70.79924577343465 19.689808047881993 15.88721160667981 48.19855093452184 61.304558454596226 52.56938081676699 86.30542979663824 59.517942694543166 88.93582224604262 30.285230357876376 20.156573190818065 61.88514108210461 29.694311378865873 27.85190912866939 19.151253310292287 25.019207672598494 63.12843353002599 56.79807816340016 1.987432587572997 34.876180536000504 88.10032599552747 20.159036005650172 18.44845611020703 138.51871408533816 123.32374083361896 108.76005869227085 95.11808499513415 82.85435554579658 72.67002674048328 65.5417100333859 62.523540654776994 64.19785769216081 70.22984510035835 132.66880833001488 116.74585537044288 101.27624966320604 86.50355312411904 72.85295202154825 61.08144146599966 52.46936556895563 48.72194693666958 50.92468813729367 58.40823203047929 128.09653843763633 111.54716430144029 95.26554569017098 79.41653578295059 64.32072561943737 50.65602591116994 39.92014286751987 34.927214040326064 38.011976840223994 47.63001275035253 124.94231714028608 107.92723218162428 91.02034775035993 74.29556774860556 57.910884071292934 42.26370813282608 28.59165928683984 21.15316432248199 26.002714577177642 38.77547413448891 123.31505384039036 106.04790851985919 88.79430525058741 71.56403939243548 54.37929908637742 37.30305550261732 20.60682111055738 7.515154588027756 16.941882021503645 33.41093428995332 123.27525552530487 106.00183961876488 88.73953331348487 71.49638407105174 54.29064827563222 37.17431152771045 20.37394849680992 6.85416001891752 16.660571244791274 33.269853490263046 124.82444118274228 107.79137669602557 90.85995943048343 74.09989966056794 57.66081508330445 41.922018401401736 28.08653097245251 20.468570583897996 25.451583563685798 38.40983460672026 127.9048649152833 111.32801116800974 95.01002859489803 79.11126884410874 63.94519563145633 50.18058481512243 39.31796030239427 34.24063045943248 37.38512281864348 47.13365998991279 132.40965796167671 116.45262735423577 100.9396532478704 86.111062368274 72.38866493582294 60.52953696368074 51.82888349085235 48.034818287492904 50.270833065428114 57.84178274761883 138.19954219541046 122.96678076271434 108.35700121135507 94.65909932364447 82.32949223332653 72.07385331604722 64.88320434698896 61.836194215927975 63.53183814612134 69.62448445510145
27.627869725382787 29.405451130029032 13.52942098150679 13.84604120800687 54.0930742238272 26.06023474515938 70.34717294709364 55.369222318016895 21.400277249216042 77.72730502186738 50.64347424407548 67.24749544075897 0.0 27.916438320243387 15.81567732131499 73.82712710776013 27.99493118065504 21.717893256823515 47.6730202592478 69.9335230725264 21.422100556660126 8.129941658626967 17.357706186877632 19.08898429941953 33.1960372321159 21.788440106926082 37.56396409734008 50.10151031300882 61.68601464460849 37.95855449553526 40.569856958581575 48.42680091140012 45.46595168468835 36.60301354022377 21.769971052798226 66.0162550472521 35.04624000518378 26.83566311881313 48.45505440036447 59.801920034473966 73.15345437287242 59.9831217933467 49.42900473339252 43.44171628011058 43.929984218166894 50.707089337391174 61.73555620783075 75.1668376809764 89.93071037699688 105.46903074330531 65.80315012000808 50.80623599920162 37.83123320471347 29.662102654924542 30.449761916871676 39.66415518369319 53.08495032315082 68.27509233878745 84.28329642069198 100.72025325483303 60.90775779878228 44.31491192692546 28.57587127272481 16.37259783296567 17.83973210311457 31.099238963796534 47.06146860907253 63.726866642286645 80.66075735642136 97.72366429590899 59.0807744478147 41.78034371868192 24.482032902572538 7.201135377720261 10.15166825245761 27.4402986095571 44.739213327343734 62.03981006105214 79.34098850888793 96.64243625145753 60.60038397149706 43.89343729389434 27.920849899427047 15.206136998038284 16.780705210688648 30.50688863192352 46.67398806932328 63.44261022562985 80.43743620866101 97.54030047635209 65.2331070299751 50.069142031882805 36.84005449299054 28.39313555314876 29.22089283899073 38.73320165374385 52.39628939764261 67.74356999109135 83.85535944572486 100.36414320091194 72.38359446633567 59.04611992142666 48.292949230786974 42.150667264697105 42.659743250250294 49.61586213458237 60.846684333229625 74.44198647969411 89.32863396073249 104.95858934306573 81.39085943596007 69.75095510708402 60.86557246435765 56.060133063422434 56.38756566352481 61.766293708765375 71.05836298544509 82.95905795170891 96.5081244063676 111.10413714352347 91.70932487852387 81.5055438971184 73.98916740284885 70.03092096320289 70.23498188268802 74.56718621673629 82.3788057176547 92.79525738598171 105.04447508290949 118.559746487743 102.94534522435306 93.91641359472425 87.41579141456138 84.03230118339945 84.14281848929367 87.73414028792726 94.40987262033022 103.57532491518256 114.634859535583 127.09497753939718
41.24897853585977 56.8781701887635 40.23459630389519 14.723511088231092 81.90328331528734 37.43312225699793 97.49987986485495 82.68843842223761 42.22280099520647 104.59614384560017 78.292737704749 94.90273083186062 27.916438320243387 0.0 39.53101638227598 101.54834931573055 55.11997414995392 32.35457044151861 75.4514943014797 96.32745596695582 47.45805125886245 35.118997978895 43.01813220371631 9.113459413250462 54.7707358365527 6.263110416556009 65.46545277344107 78.01435259206568 83.04172007013639 65.83998493913668 68.48555749335328 75.8959968026784 73.35096255715021 56.51656436743241 42.67839588471968 93.59289019293563 62.86171980048758 17.13388425875353 75.62469849011272 85.97022508881629 45.848558606454645 34.84784266437647 30.419779831913328 35.1434620702833 46.297644671596224 60.42011198712628 75.87105520168322 91.98343957845056 108.46288927653028 125.16450214761004 37.889771167369084 23.47259599521352 16.278914833490717 24.03654873986691 38.59042088724107 54.766758119641274 71.47228349050948 88.40751733571238 105.4618567883696 122.58560133499905 34.24827392056009 17.013904796900842 2.171457581338639 17.85136076904405 35.090461898855416 52.37101806278384 69.66218580606663 86.95763515249061 104.25523523083358 121.55406787288385 36.2494494211528 20.73418537267154 12.020948261319573 21.396561533057163 37.01128730638674 53.67094954450365 70.64006764029948 87.73927502386255 104.90497843978082 122.1091377228409 43.1145880618675 31.181103618242567 26.160370440690812 31.546457487045796 43.64290570075256 58.42035343638461 74.29591114465462 90.69474830154965 107.37738386431246 124.22953755404293 52.98558182602879 43.778186035310355 40.30251706127042 43.94043477551385 53.25351023998093 65.8772837574392 80.26457683983975 95.62266307092142 111.55129182369541 127.83737066796549 64.49667921340907 57.12003191033979 54.44514202806113 57.136222877023734 64.52535523332448 75.24090642946611 88.07704332833377 102.23813452467569 117.24506714064559 132.8114242607675 76.9148732083008 70.786633423075 68.58781011225294 70.6860551635469 76.72965246288305 85.88976198164458 97.29004744993786 110.23767924462642 124.24986515059653 139.00504496658425 89.86476053881992 84.62064143400646 82.73034920315078 84.41947852552894 89.48556298280758 97.40309832067018 107.54413556480137 119.34319661129823 132.35760654622976 146.26330159347492 103.14612604986387 98.55142761164377 96.87265824369912 98.25938841640586 102.58737921628969 109.50845082598482 118.56938346310176 129.32116629177716 141.37855873445542 154.43606168778751
16.316108243199558 27.44527226884689 6.310886261249163 24.96716830077694 44.75115873604974 40.067315750314684 58.49431560622274 51.40858235575603 31.64724712314958 65.3142090221563 40.532210168076624 56.83329015603164 15.81567732131499 39.53101638227598 0.0 63.610453989510724 17.200326439717276 15.871429529324699 38.33088133194214 56.860629254080294 8.70103666035512 17.02818104963033 4.715650766739368 32.0087969135394 40.45753304257544 34.19497071899349 30.05703887347624 42.76427435557044 66.46425752887333 30.07341499893524 33.338927695690494 37.700002145778164 38.98038583949048 44.79953563485178 6.668013093958662 55.325645156076995 30.229332129416107 31.3255964450893 36.89367373555191 46.473262845886495 81.70830540327296 66.58128061968188 52.80713974799345 41.74719643519373 35.99680728238296 38.04496262806575 46.88043889221833 59.555346045059224 74.12563832269392 89.6721171446628 76.52232395192324 60.13518956243499 44.44690386323466 30.553637770224057 22.14121897351209 25.409715719674363 37.4137007920296 52.465489987401895 68.58703631818364 85.17303998796369 73.71993382813291 56.54317272530962 39.47588414048229 22.765627250644616 8.770145276709435 15.30589497063107 31.469647315263767 48.426442075147044 65.56382531991035 82.76970096422538 73.57405059990677 56.353713216188574 39.205286340466365 22.29532177470885 7.471390851358768 14.603951577799421 31.135872146711876 48.21123395227778 65.40578748305832 82.64517170146921 76.09995534675811 59.599271502503576 43.72247377369096 29.49487839604528 20.66283087500018 24.138535527533758 36.56633430534026 51.86748790043197 68.13286568978309 84.80949276167321 81.04819612563065 65.77325835375946 51.78938862382716 40.458223811615596 34.50076541777777 36.63939949453937 45.75255420963895 58.675844080219846 73.42425335476675 89.09598825497622 88.0110816884046 74.14765662562564 62.03629285571199 52.89452187867254 48.434093608439376 49.925890758440616 56.9036894921139 67.69170815513839 80.7775153945019 95.21842678095999 96.55365151378065 84.06733505068112 73.55760048078503 65.97589649908386 62.39881259946318 63.50668684061765 69.07446197966195 78.1547048270721 89.68683872064318 102.84937898064199 106.29562059913853 95.0495902237582 85.84157082982863 79.38394674938876 76.3775605720453 77.22653400835974 81.81093074581656 89.55894295037459 99.73597732636777 111.67994950538704 116.93748891454102 106.76689657975447 98.60343646793609 92.9773023288104 90.36367301558178 91.0224238363671 94.88542284690898 101.58778904943287 110.61459164990046 121.44863306701815
