Dataset: 5, TotalCost: 20153.930546211137, UnservedRequests: 17
Dataset: 5, TotalCost: 15341.480973870475, UnservedRequests: 12
