Dataset: 6, TotalCost: 20360.0201801744, UnservedRequests: 17
Dataset: 6, TotalCost: 7297.3166511231575, UnservedRequests: 4
