0.0 19.296465792305817 54.007000988935346 86.03383609873849 74.7649369377532 9.94394009748888 40.24873448210664 84.2097874434736 62.45154934460715 91.38617034432204 50.14268268312356 5.191943067562545 56.992104488935595 83.2271125384376 73.58884467406168 12.626815368735057 10.185227332799549 84.12398479021498 50.66665844533789 55.212220641362954 86.27126026074468 14.35380286520869 41.91028666121572 57.40069144620249 18.301291222893127 12.8065200239042 17.976154394800062 6.263014105508494 25.58809660202747 7.907387585901216 72.50961120845885 97.03824247619718 39.979711274657895 64.32830228513232 95.9424163478617 17.493184958357983 54.569165928431815 49.62531705931276 94.21034009858994 45.789239300796005 36.956139134603625 42.2576305282572 33.8864323188532 71.23422225672796 13.23140410155135 13.020129954903362 34.98643098236468 9.488125301917739
19.296465792305817 0.0 51.38862141997231 91.35619346457561 89.55423202419362 11.486089469181673 41.98870356252619 80.6148523461903 69.23490261873621 86.65831075842621 47.749189872271295 21.16818850602048 58.21892274635528 86.07000884802275 68.89657067921698 7.488030487517856 9.909591658102316 87.67786472887866 52.64111580566569 53.49796623460722 82.52572561399612 9.85315610813554 44.59920832628881 62.572749358940534 5.339316248493084 25.125439538567946 37.1920027745757 20.557149162549685 42.56352974009912 13.249382944161741 64.87942804452479 91.95560360127831 40.62648306355794 66.47009883317017 92.01447723673371 26.01063484439435 51.26618395305464 49.1062737069061 89.29975777909127 47.448836075459376 45.6300415129963 39.75265237865309 40.12707556733861 60.4280391144913 6.148051468607208 15.445149645490522 38.98299727037322 10.052817816200088
54.007000988935346 51.38862141997231 0.0 46.004280783102985 70.12741380463132 56.543614285209635 15.830736628177128 30.219403706403828 31.79541179303909 37.46058696561296 3.8666341284263237 49.691380743264055 12.06365411204291 37.409997092434715 19.93151770079297 48.7962315346859 54.58320431211709 39.85506564683773 12.464866030297369 3.0337276400567 32.27118867949883 44.432793034268045 16.28888255583366 23.92060718730628 46.275942482793454 43.28064140070308 59.96982399645909 48.200680409222 51.567715246450256 48.22499219055631 22.905202876191495 43.16898361091224 14.885274580823516 19.377563206622913 41.943810311109985 37.75470508031034 1.908343784544229 6.519135803570311 40.312403172309054 12.617676018978953 30.003386211973236 11.951792813373 25.932882937709362 29.83057127241618 50.6223881064361 41.91202809022658 22.096355181563503 53.388409350346116
86.03383609873849 91.35619346457561 46.004280783102985 0.0 50.28306888234589 92.45913210787393 49.50230491786717 40.05159850049234 23.809585314008483 46.285948126153606 48.07562942363794 80.85654861929783 34.93867499915645 12.094759718050845 44.84647868945371 86.38628884210424 90.94458815063035 8.684876343975436 39.27150898312535 42.99162020220908 40.921185575850814 82.29753350255673 46.78106754756275 28.95022260862527 86.02608848026995 73.2303830816141 82.44340633222471 79.82561376971438 69.42764213306523 83.40868357834964 56.22752695029365 49.708159809161764 51.158151759809144 26.73583037500445 44.115995445138026 68.87809790417465 47.38118312933148 44.572312094160864 47.939807007583504 44.311228110785464 49.23842519654587 54.158781160209706 52.45180420816383 68.62698735320723 88.47004090298906 77.74836613612828 52.57632002161001 89.61193429427824
74.7649369377532 89.55423202419362 70.12741380463132 50.28306888234589 0.0 84.3400001459276 60.58596263321474 83.17674303156042 40.73338650921487 91.1175953818676 69.2058846342042 70.38553672256235 59.45935819591417 59.13300669009998 81.8818948255526 82.32176276012532 83.8547469743638 56.6952582842879 57.71551202425357 67.80276418242387 84.77538070432095 79.88058042791985 57.929664640379514 47.11828003347712 85.26509511634393 64.60759763791059 61.36094571039388 70.30496365868085 49.47509815881822 77.01982495223372 90.69084529344201 95.8323463839534 63.03685343182919 56.96086090936235 90.93929453042205 63.774822600738496 72.03543343801574 64.42148256090965 93.45937284301696 59.369518751906725 47.388954042072584 69.49802612002686 54.28716985897226 99.845900426881 84.17689367493428 74.2256271341071 58.00501233285898 82.70222656121034
9.94394009748888 11.486089469181673 56.543614285209635 92.45913210787393 84.3400001459276 0.0 44.545190963088 86.58943640676294 69.30365457032296 93.24365708032174 52.71807468504973 13.959066842668694 61.386982433598966 88.589845255905 75.34002364356729 8.185489855088656 2.096092668740776 89.79879043116075 55.302026989691115 58.20467424123733 88.589845255905 12.31476422727872 46.6867729367044 63.53572528103219 13.09790290552863 20.565024085904955 27.51915491950486 14.186661227780542 35.43282316812096 9.054183075466915 72.7303914919289 98.74515476736752 43.75793107180117 69.22655896995464 98.22542498823128 23.80358923980708 56.780949970653865 53.08712799319317 95.9904903086449 50.18579210729494 44.211097685183375 44.59281136477142 40.0261933491784 69.68935815150486 7.035464946828401 15.055099818307612 40.156385316417726 3.1578196862335157
40.24873448210664 41.98870356252619 15.830736628177128 49.50230491786717 60.58596263321474 44.545190963088 0.0 44.856106104988775 28.73867968956584 52.59782965167507 12.512994365965739 35.51071579754528 16.86903521938801 44.2478002812013 35.54859575134044 37.61690007011008 42.785265035152804 45.72298255194144 10.786546344164522 15.949264399370843 46.957112259575794 33.34728390696414 3.0276869694769837 21.212147437507706 36.64939894794893 28.505643392502307 44.35033881284362 34.12419405343809 35.763210906013235 35.648481950227975 38.29603717894201 58.36234530689684 2.4581987371058194 24.73228791165071 56.53469557455455 23.07995316071256 17.15146306001844 9.955693996195476 55.4796857847514 5.640878587370658 15.36813209347529 9.035424762799046 10.210230842437674 42.96784175839637 39.645939841195954 29.490140736065236 6.278220874668803 41.48930702970544
84.2097874434736 80.6148523461903 30.219403706403828 40.05159850049234 83.17674303156042 86.58943640676294 44.856106104988775 0.0 43.12722507414641 8.410273044468001 34.08592634840325 79.82214110917579 30.41349762663088 27.96090638943611 12.106452586079856 78.70304408810124 84.59497585241971 31.367306687830446 36.35941680223348 29.102022429544668 2.10613102449107 74.3695907990151 44.177611863921086 39.169232155988254 75.71783082412288 73.19161746900112 89.02798923340018 78.34909756729245 79.14090180851541 78.40595943905 21.47969943328577 14.0156604244305 44.55344707352123 27.774759236394306 11.73615598978547 67.68757113531638 29.822012515763138 34.95379776438733 11.191268245078405 39.9744344950937 55.98819964371197 42.10814563336099 54.023712193932305 34.102203156119955 80.44907848681402 72.09988466570147 50.973504282420116 83.43168991486542
62.45154934460715 69.23490261873621 31.79541179303909 23.809585314008483 40.73338650921487 69.30365457032296 28.73867968956584 43.12722507414641 0.0 51.355392019374555 32.12679100286138 57.2618374762403 19.95199159721723 24.63644456464826 41.156992325912654 63.70724416634984 67.89831080155238 24.063761922743623 20.71683333161834 29.0135788274786 44.88922649603386 59.80192040723231 25.739552233642787 8.089799821513992 63.97678542477148 49.64989900866178 58.77474945144038 56.29146516268677 45.94598446489771 60.29794335911328 50.33061971748602 56.479712492877745 30.873263204747406 16.227723031896875 52.157793404610906 45.54310871578146 33.63644513360326 27.517241085876723 53.90050670584224 24.64817083355769 25.52536383582872 35.650550359007276 29.37808782368748 60.420926860912964 65.80376529536909 54.91821810031644 30.30160853833292 66.56405568433173
91.38617034432204 86.65831075842621 37.46058696561296 46.285948126153606 91.1175953818676 93.24365708032174 52.59782965167507 8.410273044468001 51.355392019374555 0.0 41.30236082741649 87.14230390728763 38.69214741966045 34.38160288176919 17.904304065342792 85.23854026901002 91.2150955145215 37.6790733596395 44.518111354010074 36.68732542219419 6.486795737011191 80.95261797359014 52.10679561567225 47.568687919425564 81.92467551998348 80.7062390133135 96.90648699097957 85.64458282461256 87.28421783569175 85.29908572688042 23.93568122548448 5.772658747010458 52.120630147745395 36.16652721321502 6.3210457570775755 75.18407746506267 36.81716594193214 42.645598116696185 2.8860873500142143 47.91260142848393 64.21426687843496 49.13305180275001 62.00305573979806 35.22748239115927 86.90604627271823 79.02638361559221 58.79090859625449 90.09251489177764
50.14268268312356 47.749189872271295 3.8666341284263237 48.07562942363794 69.2058846342042 52.71807468504973 12.512994365965739 34.08592634840325 32.12679100286138 41.30236082741649 0.0 45.841367103057564 13.29878056368459 40.107571927664054 23.69507824133519 45.00603365507578 50.7659350378027 42.3749485891893 11.711818403024413 5.800040896513909 36.13773436992155 40.63867197960748 13.44359559864818 24.0708977366011 42.59734668514502 39.481182314104856 56.32904368958895 44.347278612903175 48.252142169974235 44.369367433262774 25.798264758245296 47.000626322373876 11.288674566808387 21.343363634018026 45.81036540317651 33.95514143818772 4.714552324089898 4.807152264129935 44.14899451578946 10.312366291493877 27.29137511188953 8.13283125228882 22.717409133522466 31.43968251220314 46.84929677483115 38.05524028417309 18.69372898334206 49.56442640586362
5.191943067562545 21.16818850602048 49.691380743264055 80.85654861929783 70.38553672256235 13.959066842668694 35.51071579754528 79.82214110917579 57.2618374762403 87.14230390728763 45.841367103057564 0.0 52.14757312182605 78.1590418239594 69.43262856926489 13.783640268349526 13.553078893121222 79.01410859285097 45.7897825999804 50.74772589288226 81.89693072630702 13.890433854806385 37.04135947855439 52.25964360283042 18.85229569258669 7.626672774568541 16.771445274820202 1.5645611393342875 21.76707213033728 8.030775735360052 68.9092792986195 92.82980044961376 35.38958407286396 59.36071011134943 91.55799463551674 12.52618696206209 50.35621409812586 45.05502319035989 89.98462505213793 40.990380030530716 31.76421259921967 38.11195306872302 28.79056368392135 68.37755477530116 15.067100641212836 10.573776938257787 30.07054928123054 12.496378347210474
56.992104488935595 58.21892274635528 12.06365411204291 34.93867499915645 59.45935819591417 61.386982433598966 16.86903521938801 30.41349762663088 19.95199159721723 38.69214741966045 13.29878056368459 52.14757312182605 0.0 27.92785788687951 24.07146983182708 54.3112546610469 59.60219817669846 29.8121903194114 6.407363503319373 9.145183436313161 32.49281738028486 49.99297651859076 15.1095428534862 12.421043865761993 52.906099679146045 44.910038790131324 59.3050207314228 50.808897719095235 48.8333145136146 52.51406875773036 31.36482879245787 44.40366700800278 17.719099808260346 8.414370828503985 41.63945777914806 39.63126538202326 13.824456059460545 9.668050044759944 41.54541364784126 11.24153338232627 25.595042506272424 19.370371677280314 24.33149201355506 40.61941145083169 56.30837375766361 46.33451239729324 22.111367642168418 58.31477221858338
83.2271125384376 86.07000884802275 37.409997092434715 12.094759718050845 59.13300669009998 88.589845255905 44.2478002812013 27.96090638943611 24.63644456464826 34.38160288176919 40.107571927664054 78.1590418239594 27.92785788687951 0.0 33.22839860145864 81.85628267383217 86.90332365238206 3.4255559827646382 33.48096107175985 34.54291423730283 28.867318999581734 77.59503582838094 41.923797299949776 26.387502539921464 80.74299278214902 70.61205956648092 82.19910343899441 76.96455943507529 69.86772647290587 79.58545006031049 44.71732287613026 38.10639347777868 45.45134174094753 19.60099230340644 32.683503336861015 65.74876894828446 38.49858577808548 37.42007078253271 36.17595623112333 38.67549362068519 47.70438050763319 47.14918299780417 49.3748631837994 57.343707577694325 83.89135968137121 73.57854345153679 48.488611055869754 85.5910910367255
73.58884467406168 68.89657067921698 19.93151770079297 44.84647868945371 81.8818948255526 75.34002364356729 35.54859575134044 12.106452586079856 41.156992325912654 17.904304065342792 23.69507824133519 69.43262856926489 24.07146983182708 33.22839860145864 0.0 67.34246568890944 73.31282225557385 36.55923286501546 28.892515347507278 19.666657433045444 13.814979773048606 63.05147142196525 35.48124114533807 35.302674803527985 64.09958750536292 63.174284048916874 79.85378096058444 67.92057612839696 70.98372796435103 67.41375239752767 11.522585936860883 23.469064557545707 34.794562533288556 24.93589592927951 23.127598954923155 57.64863184481112 19.087534757652172 25.66575621935592 20.67246091881166 31.390208467594174 48.4836221423149 31.339751640744414 45.380461524352754 24.343319673679154 69.02136025235485 61.15091121990052 41.82069999075586 72.18855379524992
12.626815368735057 7.488030487517856 48.7962315346859 86.38628884210424 82.32176276012532 8.185489855088656 37.61690007011008 78.70304408810124 63.70724416634984 85.23854026901002 45.00603365507578 13.783640268349526 54.3112546610469 81.85628267383217 67.34246568890944 0.0 6.093021140626586 83.2417578093524 48.40107126544105 50.589121220277406 80.68574791097693 4.371707426460453 39.97601314377209 57.45049370490701 5.751093703980805 17.756230621484118 30.14956028547514 13.093925068171256 35.07550019928356 5.786569806895411 64.55690931898782 90.70813476579498 36.594662977723075 62.34394571633405 90.29892925023938 19.197163521930193 48.943298349604426 45.67917705858012 87.96857936104882 43.22419199437301 39.35231455679625 36.87457884158574 34.34910839137071 61.576723365875715 2.0967487518148227 8.852864061367265 33.81215510853622 5.203892642115868
10.185227332799549 9.909591658102316 54.58320431211709 90.94458815063035 83.8547469743638 2.096092668740776 42.785265035152804 84.59497585241971 67.89831080155238 91.2150955145215 50.7659350378027 13.553078893121222 59.60219817669846 86.90332365238206 73.31282225557385 6.093021140626586 0.0 88.15839354894338 53.557988737577226 56.27947143428526 86.59048191331297 10.265871033105455 44.98254832081688 62.00275250423872 11.072574667370095 19.65676861178542 28.090966478522507 13.551272307023886 35.26665050338393 7.618448078176862 70.6454642593914 96.70714078128383 41.93951384183902 67.4947458579113 96.22016161847681 22.514890321987338 54.796424223130046 51.213617393148944 93.95698351454497 48.42280438955646 42.95528541684943 42.636110775628076 38.56203544663421 67.599296545009 4.98780809325608 13.324780385202093 38.532023596916844 1.3346000508330134
84.12398479021498 87.67786472887866 39.85506564683773 8.684876343975436 56.6952582842879 89.79879043116075 45.72298255194144 31.367306687830446 24.063761922743623 37.6790733596395 42.3749485891893 79.01410859285097 29.8121903194114 3.4255559827646382 36.55923286501546 83.2417578093524 88.15839354894338 0.0 35.040060837065 36.92929949485701 32.243902699427196 79.02166204870477 43.266546514956566 26.85905404745751 82.34126795969262 71.42569699377319 82.36512726019423 77.86359412420701 69.80753768910452 80.76488979599839 48.027215544801884 41.271359499128536 47.06739143106318 21.40054787243388 35.77213553542716 66.69473544263415 41.03570854748718 39.42567711984798 39.40959131325502 40.22942132142843 48.110165377163106 49.159774997157285 50.23823993139555 60.601225553249314 85.29430736497741 74.84410842292682 49.64269556218001 86.83811424240271
50.66665844533789 52.64111580566569 12.464866030297369 39.27150898312535 57.71551202425357 55.302026989691115 10.786546344164522 36.35941680223348 20.71683333161834 44.518111354010074 11.711818403024413 45.7897825999804 6.407363503319373 33.48096107175985 28.892515347507278 48.40107126544105 53.557988737577226 35.040060837065 0.0 10.49496621462272 38.456881686350734 44.12351035443552 8.756381667425325 12.630606747786242 47.306093999865176 38.51938780469118 52.98593225724402 44.46559181401925 42.78281170245758 46.37044703984956 34.593172102317304 50.26922254266069 12.03078604649094 13.945811416422801 47.758580510913944 33.26649642209021 14.364552026611264 6.933192609307843 47.392686576157836 5.196798804688639 19.743407570023543 15.254452656252507 17.96110415908657 42.29370079746854 50.42652703098526 40.25035598218378 15.72886395463431 52.25820305981488
55.212220641362954 53.49796623460722 3.0337276400567 42.99162020220908 67.80276418242387 58.20467424123733 15.949264399370843 29.102022429544668 29.0135788274786 36.68732542219419 5.800040896513909 50.74772589288226 9.145183436313161 34.54291423730283 19.666657433045444 50.589121220277406 56.27947143428526 36.92929949485701 10.49496621462272 0.0 31.188861394662545 46.21762680875932 15.834271330563267 21.24208903543361 48.322019783804855 44.09473147830524 60.299600781278265 49.286721342444785 51.339790893837595 49.7213428956449 24.15096196846114 42.44352310598808 15.459985767676075 16.345809594645814 40.83065512818347 38.587005426897115 4.685744162712404 6.009287578722836 39.56465675182068 11.814171772516012 29.161429005789778 13.772654331639453 25.716828786152995 32.04385423989132 52.46262969240646 43.40753083094232 22.197094500357775 55.05857026253312
86.27126026074468 82.52572561399612 32.27118867949883 40.921185575850814 84.77538070432095 88.589845255905 46.957112259575794 2.10613102449107 44.88922649603386 6.486795737011191 36.13773436992155 81.89693072630702 32.49281738028486 28.867318999581734 13.814979773048606 80.68574791097693 86.59048191331297 32.243902699427196 38.456881686350734 31.188861394662545 0.0 76.35770623695012 46.28371678225735 41.1003838166744 77.65211945609856 75.28160125094647 91.13404616414141 80.42147570436951 81.23686149862823 80.43501371485759 22.526979672297546 11.97922247060368 46.64364026247478 29.693059136897713 9.672637425990404 69.77574153644701 31.841562029952655 37.05051315359799 9.189652818793128 42.0805440530618 58.074347480131564 44.14167044472006 56.12943990016544 34.93418840685449 82.42126637389082 74.13171319699465 53.07786311816206 85.43235601381011
14.35380286520869 9.85315610813554 44.432793034268045 82.29753350255673 79.88058042791985 12.31476422727872 33.34728390696414 74.3695907990151 59.80192040723231 80.95261797359014 40.63867197960748 13.890433854806385 49.99297651859076 77.59503582838094 63.05147142196525 4.371707426460453 10.265871033105455 79.02166204870477 44.12351035443552 46.21762680875932 76.35770623695012 0.0 35.75975731294063 53.39070613857831 5.511553059219002 15.898502384873385 30.66145120642174 12.784964582279683 33.866911274934544 6.458615830668988 60.47839015739357 86.441430575097 32.27388410761784 58.059607567407284 85.97888251169383 16.194032323232047 44.5944466199011 41.31695417790266 83.69232263384059 38.93848056801339 35.83804126835777 32.50658460383082 30.52377954736689 57.908325588447894 6.3159176716595775 5.655579284913625 29.732850473319974 9.188340394583395
41.91028666121572 44.59920832628881 16.28888255583366 46.78106754756275 57.929664640379514 46.6867729367044 3.0276869694769837 44.177611863921086 25.739552233642787 52.10679561567225 13.44359559864818 37.04135947855439 15.1095428534862 41.923797299949776 35.48124114533807 39.97601314377209 44.98254832081688 43.266546514956566 8.756381667425325 15.834271330563267 46.28371678225735 35.75975731294063 0.0 18.294132166515837 39.26329357899481 29.81215890854344 44.85088136074319 35.71136453439021 35.5067742537883 37.71317241850593 39.125273513921975 57.879451123082376 5.372425402531809 22.56396460467283 55.76775842076835 24.522278982181565 17.83227642670397 9.910840076423133 54.9928800705341 4.203222588315066 13.848267770059177 11.568803596428872 9.921822927430211 44.59375617635015 42.02779357810151 31.65835842711478 7.016273551680333 43.67268893734388
57.40069144620249 62.572749358940534 23.92060718730628 28.95022260862527 47.11828003347712 63.53572528103219 21.212147437507706 39.169232155988254 8.089799821513992 47.568687919425564 24.0708977366011 52.25964360283042 12.421043865761993 26.387502539921464 35.302674803527985 57.45049370490701 62.00275250423872 26.85905404745751 12.630606747786242 21.24208903543361 41.1003838166744 53.39070613857831 18.294132166515837 0.0 57.26146476483239 44.648195062910645 55.85334660339721 51.15328994216697 43.76491038530526 54.48218404064184 43.58054781710278 53.012148478398956 23.203172555780373 11.413214250176047 49.28291260772434 40.07319425286673 25.791199236738123 19.433815783209038 50.28068685876357 16.738710101086273 21.319327202188333 27.659721358227475 23.59323835387629 53.03361041423789 59.537182253323046 48.79824379135763 23.657935569245648 60.67084913096167
18.301291222893127 5.339316248493084 46.275942482793454 86.02608848026995 85.26509511634393 13.09790290552863 36.64939894794893 75.71783082412288 63.97678542477148 81.92467551998348 42.59734668514502 18.85229569258669 52.906099679146045 80.74299278214902 64.09958750536292 5.751093703980805 11.072574667370095 82.34126795969262 47.306093999865176 48.322019783804855 77.65211945609856 5.511553059219002 39.26329357899481 57.26146476483239 0.0 21.40821729714946 35.511576266205246 17.913828119613758 39.339069947066406 10.90496457111701 60.54460929503238 87.28652125319863 35.2953157430547 61.14438717931809 87.18703473362802 21.501453445186243 46.21762431478009 43.83908837908753 84.59897725612355 42.11293301303718 40.637065408126446 34.55720564250733 34.96858513859356 56.80844080586061 6.0881942491957535 11.089024255943546 33.69942313772769 10.54558518432848
12.8065200239042 25.125439538567946 43.28064140070308 73.2303830816141 64.60759763791059 20.565024085904955 28.505643392502307 73.19161746900112 49.64989900866178 80.7062390133135 39.481182314104856 7.626672774568541 44.910038790131324 70.61205956648092 63.174284048916874 17.756230621484118 19.65676861178542 71.42569699377319 38.51938780469118 44.09473147830524 75.28160125094647 15.898502384873385 29.81215890854344 44.648195062910645 21.40821729714946 0.0 18.44363374366953 6.675577999263619 18.11457149700103 12.44283400024989 63.50166872060036 86.43428706681148 28.638175392122722 51.94263987433771 84.91134557413542 5.526231610935632 44.10522054656561 38.26455551162358 83.56937653604808 33.855481973770615 24.17441528330829 32.094622118659785 21.239283028798983 64.11712537655131 19.572784675826053 10.548659279432979 22.799859787367357 18.4064940901313
17.976154394800062 37.1920027745757 59.96982399645909 82.44340633222471 61.36094571039388 27.51915491950486 44.35033881284362 89.02798923340018 58.77474945144038 96.90648699097957 56.32904368958895 16.771445274820202 59.3050207314228 82.19910343899441 79.85378096058444 30.14956028547514 28.090966478522507 82.36512726019423 52.98593225724402 60.299600781278265 91.13404616414141 30.66145120642174 44.85088136074319 55.85334660339721 35.511576266205246 18.44363374366953 0.0 17.962892989354682 13.41671056911968 24.606866990474842 81.22769797036497 102.67684982571271 45.08510831252944 65.13851375780285 100.60711251890041 23.41513072330958 61.038524970826536 54.301020585265164 99.79142067048275 49.0540936301128 34.669128321245076 49.557459124069354 35.059775249653995 82.46601285739312 31.063272934495146 26.903565745878193 38.120846565203856 27.461221343082364
6.263014105508494 20.557149162549685 48.200680409222 79.82561376971438 70.30496365868085 14.186661227780542 34.12419405343809 78.34909756729245 56.29146516268677 85.64458282461256 44.347278612903175 1.5645611393342875 50.808897719095235 76.96455943507529 67.92057612839696 13.093925068171256 13.551272307023886 77.86359412420701 44.46559181401925 49.286721342444785 80.42147570436951 12.784964582279683 35.71136453439021 51.15328994216697 17.913828119613758 6.675577999263619 17.962892989354682 0.0 22.088870886184452 7.309923244536507 67.35123947935622 91.32709065966856 33.95534912611515 58.089022123777326 90.08524822884088 11.241533382324857 48.8492257331256 43.618584747215806 88.48431149861003 39.629519675406854 30.84009876063728 36.592453815300665 27.625436872388267 66.8206651974097 14.539894953183008 9.12950160990352 28.763391475788914 12.40426366760106
25.58809660202747 42.56352974009912 51.567715246450256 69.42764213306523 49.47509815881822 35.43282316812096 35.763210906013235 79.14090180851541 45.94598446489771 87.28421783569175 48.252142169974235 21.76707213033728 48.8333145136146 69.86772647290587 70.98372796435103 35.07550019928356 35.26665050338393 69.80753768910452 42.78281170245758 51.339790893837595 81.23686149862823 33.866911274934544 35.5067742537883 43.76491038530526 39.339069947066406 18.11457149700103 13.41671056911968 22.088870886184452 0.0 29.34189355250972 73.94216374703933 93.04258174380777 37.08048305165287 53.777944228555974 90.4716241598676 20.469172804513498 52.91346037715767 45.38195541829517 90.16286101285574 39.60254512303655 23.311482683916136 42.67287916710875 25.651399735967168 77.09339604723448 36.617130681908186 28.65674499997363 29.56373969060202 34.25330744321436
7.907387585901216 13.249382944161741 48.22499219055631 83.40868357834964 77.01982495223372 9.054183075466915 35.648481950227975 78.40595943905 60.29794335911328 85.29908572688042 44.369367433262774 8.030775735360052 52.51406875773036 79.58545006031049 67.41375239752767 5.786569806895411 7.618448078176862 80.76488979599839 46.37044703984956 49.7213428956449 80.43501371485759 6.458615830668988 37.71317241850593 54.48218404064184 10.90496457111701 12.44283400024989 24.606866990474842 7.309923244536507 29.34189355250972 0.0 65.61019120572809 90.87816301483124 34.976860416867225 60.2717371996874 90.09867388159584 14.902546294849703 48.596273744308476 44.43263742909729 88.08552294619048 41.28691863016751 35.34267008839008 36.299033437994524 30.986867211764423 63.733675904243796 7.292522085777237 6.31603880316744 31.123693718734827 6.290027084127778
72.50961120845885 64.87942804452479 22.905202876191495 56.22752695029365 90.69084529344201 72.7303914919289 38.29603717894201 21.47969943328577 50.33061971748602 23.93568122548448 25.798264758245296 68.9092792986195 31.36482879245787 44.71732287613026 11.522585936860883 64.55690931898782 70.6454642593914 48.027215544801884 34.593172102317304 24.15096196846114 22.526979672297546 60.47839015739357 39.125273513921975 43.58054781710278 60.54460929503238 63.50166872060036 81.22769797036497 67.35123947935622 73.94216374703933 65.61019120572809 0.0 28.30433662383629 36.86173398847439 34.46918618375492 30.143947305981253 58.09114121256503 21.29331787499659 29.419942254909532 26.052233372313193 35.52079504292869 52.90135519965101 31.683788297439957 48.5061670750596 12.91193881304195 66.0031203394944 59.595287743971014 44.397331935535256 69.64772745063274
97.03824247619718 91.95560360127831 43.16898361091224 49.708159809161764 95.8323463839534 98.74515476736752 58.36234530689684 14.0156604244305 56.479712492877745 5.772658747010458 47.000626322373876 92.82980044961376 44.40366700800278 38.10639347777868 23.469064557545707 90.70813476579498 96.70714078128383 41.271359499128536 50.26922254266069 42.44352310598808 11.97922247060368 86.441430575097 57.879451123082376 53.012148478398956 87.28652125319863 86.43428706681148 102.67684982571271 91.32709065966856 93.04258174380777 90.87816301483124 28.30433662383629 0.0 57.866260086397595 41.598934311988025 5.821100307030335 80.91044763235442 42.4813090224818 48.408642633982566 2.8865717277734197 53.68514703511988 69.95046415122808 54.78072651827624 67.77522329774197 38.63481159060216 92.34826111505257 84.61906172406165 64.55988571719666 95.59833738095314
39.979711274657895 40.62648306355794 14.885274580823516 51.158151759809144 63.03685343182919 43.75793107180117 2.4581987371058194 44.55344707352123 30.873263204747406 52.120630147745395 11.288674566808387 35.38958407286396 17.719099808260346 45.45134174094753 34.794562533288556 36.594662977723075 41.93951384183902 47.06739143106318 12.03078604649094 15.459985767676075 46.64364026247478 32.27388410761784 5.372425402531809 23.203172555780373 35.2953157430547 28.638175392122722 45.08510831252944 33.95534912611515 37.08048305165287 34.976860416867225 36.86173398847439 57.866260086397595 0.0 25.858669604576765 56.27467124869662 23.137077727811548 16.00159112500765 9.665637846487284 54.99259075308037 6.867029018772853 17.51364532689012 6.686346102638912 11.867728294262287 40.99751386972063 38.589340115027525 28.73226658893411 7.567830051839243 40.663208800568135
64.32830228513232 66.47009883317017 19.377563206622913 26.73583037500445 56.96086090936235 69.22655896995464 24.73228791165071 27.774759236394306 16.227723031896875 36.16652721321502 21.343363634018026 59.36071011134943 8.414370828503985 19.60099230340644 24.93589592927951 62.34394571633405 67.4947458579113 21.40054787243388 13.945811416422801 16.345809594645814 29.693059136897713 58.059607567407284 22.56396460467283 11.413214250176047 61.14438717931809 51.94263987433771 65.13851375780285 58.089022123777326 53.777944228555974 60.2717371996874 34.46918618375492 41.598934311988025 25.858669604576765 0.0 37.92630665380296 46.849382115751105 20.875408661848876 18.05960666427186 38.8699147718087 19.121329194327824 30.583796821905874 27.77987736354582 30.838678219988118 45.3178691904883 64.36592501419646 54.18049710716596 29.356764945529132 66.19227712349264
95.9424163478617 92.01447723673371 41.943810311109985 44.115995445138026 90.93929453042205 98.22542498823128 56.53469557455455 11.73615598978547 52.157793404610906 6.3210457570775755 45.81036540317651 91.55799463551674 41.63945777914806 32.683503336861015 23.127598954923155 90.29892925023938 96.22016161847681 35.77213553542716 47.758580510913944 40.83065512818347 9.672637425990404 85.97888251169383 55.76775842076835 49.28291260772434 87.18703473362802 84.91134557413542 100.60711251890041 90.08524822884088 90.4716241598676 90.09867388159584 30.143947305981253 5.821100307030335 56.27467124869662 37.92630665380296 0.0 79.41124047495869 41.50258782435242 46.65801557952692 5.345968215322509 51.566976538823525 67.22044302162479 53.80949911903524 65.56232581618477 41.54849558814788 92.01878020063376 83.79736480655568 62.61517212039082 95.06848899924465
17.493184958357983 26.01063484439435 37.75470508031034 68.87809790417465 63.774822600738496 23.80358923980708 23.07995316071256 67.68757113531638 45.54310871578146 75.18407746506267 33.95514143818772 12.52618696206209 39.63126538202326 65.74876894828446 57.64863184481112 19.197163521930193 22.514890321987338 66.69473544263415 33.26649642209021 38.587005426897115 69.77574153644701 16.194032323232047 24.522278982181565 40.07319425286673 21.501453445186243 5.526231610935632 23.41513072330958 11.241533382324857 20.469172804513498 14.902546294849703 58.09114121256503 80.91044763235442 23.137077727811548 46.849382115751105 79.41124047495869 0.0 38.581782183375125 32.77878161982744 78.04629326437514 28.501506878864006 20.440598061930906 26.60398413003145 16.484621959095715 59.06263648707389 21.229450154084617 10.565492628813342 17.544494738775285 21.190491658235974
54.569165928431815 51.26618395305464 1.908343784544229 47.38118312933148 72.03543343801574 56.780949970653865 17.15146306001844 29.822012515763138 33.63644513360326 36.81716594193214 4.714552324089898 50.35621409812586 13.824456059460545 38.49858577808548 19.087534757652172 48.943298349604426 54.796424223130046 41.03570854748718 14.364552026611264 4.685744162712404 31.841562029952655 44.5944466199011 17.83227642670397 25.791199236738123 46.21762431478009 44.10522054656561 61.038524970826536 48.8492257331256 52.91346037715767 48.596273744308476 21.29331787499659 42.4813090224818 16.00159112500765 20.875408661848876 41.50258782435242 38.581782183375125 0.0 8.244388685707959 39.64527511585251 14.30561780076024 31.621347911429787 12.325601887069858 27.327702635844037 27.937424929300352 50.72870279910768 42.29689067174862 23.37199996858599 53.623193009064906
49.62531705931276 49.1062737069061 6.519135803570311 44.572312094160864 64.42148256090965 53.08712799319317 9.955693996195476 34.95379776438733 27.517241085876723 42.645598116696185 4.807152264129935 45.05502319035989 9.668050044759944 37.42007078253271 25.66575621935592 45.67917705858012 51.213617393148944 39.42567711984798 6.933192609307843 6.009287578722836 37.05051315359799 41.31695417790266 9.910840076423133 19.433815783209038 43.83908837908753 38.26455551162358 54.301020585265164 43.618584747215806 45.38195541829517 44.43263742909729 29.419942254909532 48.408642633982566 9.665637846487284 18.05960666427186 46.65801557952692 32.77878161982744 8.244388685707959 0.0 45.526630351772226 6.100972496936439 23.50765328518008 9.736982124833354 19.7391413804772 35.96933258733163 47.615227003340685 38.1434998777899 16.19024635738767 49.96237058811441
94.21034009858994 89.29975777909127 40.312403172309054 47.939807007583504 93.45937284301696 95.9904903086449 55.4796857847514 11.191268245078405 53.90050670584224 2.8860873500142143 44.14899451578946 89.98462505213793 41.54541364784126 36.17595623112333 20.67246091881166 87.96857936104882 93.95698351454497 39.40959131325502 47.392686576157836 39.56465675182068 9.189652818793128 83.69232263384059 54.9928800705341 50.28068685876357 84.59897725612355 83.56937653604808 99.79142067048275 88.48431149861003 90.16286101285574 88.08552294619048 26.052233372313193 2.8865717277734197 54.99259075308037 38.8699147718087 5.345968215322509 78.04629326437514 39.64527511585251 45.526630351772226 0.0 50.798622735233764 67.08123340644809 51.95342009709051 64.88887370066797 36.85822535300949 89.6220827709133 81.8196051272224 61.67510386545054 92.84143707341916
45.789239300796005 47.448836075459376 12.617676018978953 44.311228110785464 59.369518751906725 50.18579210729494 5.640878587370658 39.9744344950937 24.64817083355769 47.91260142848393 10.312366291493877 40.990380030530716 11.24153338232627 38.67549362068519 31.390208467594174 43.22419199437301 48.42280438955646 40.22942132142843 5.196798804688639 11.814171772516012 42.0805440530618 38.93848056801339 4.203222588315066 16.738710101086273 42.11293301303718 33.855481973770615 49.0540936301128 39.629519675406854 39.60254512303655 41.28691863016751 35.52079504292869 53.68514703511988 6.867029018772853 19.121329194327824 51.566976538823525 28.501506878864006 14.30561780076024 6.100972496936439 50.798622735233764 0.0 17.41982045678186 11.053966890080494 14.09563590924513 41.75169877333012 45.24464639380159 35.13070109895492 11.126716244633961 47.128091783509475
36.956139134603625 45.6300415129963 30.003386211973236 49.23842519654587 47.388954042072584 44.211097685183375 15.36813209347529 55.98819964371197 25.52536383582872 64.21426687843496 27.29137511188953 31.76421259921967 25.595042506272424 47.70438050763319 48.4836221423149 39.35231455679625 42.95528541684943 48.110165377163106 19.743407570023543 29.161429005789778 58.074347480131564 35.83804126835777 13.848267770059177 21.319327202188333 40.637065408126446 24.17441528330829 34.669128321245076 30.84009876063728 23.311482683916136 35.34267008839008 52.90135519965101 69.95046415122808 17.51364532689012 30.583796821905874 67.22044302162479 20.440598061930906 31.621347911429787 23.50765328518008 67.08123340644809 17.41982045678186 0.0 24.162010422875163 6.907015561582754 58.30330812386258 41.430195138434634 30.509154000834396 10.941490192519979 41.63107974315143
42.2576305282572 39.75265237865309 11.951792813373 54.158781160209706 69.49802612002686 44.59281136477142 9.035424762799046 42.10814563336099 35.650550359007276 49.13305180275001 8.13283125228882 38.11195306872302 19.370371677280314 47.14918299780417 31.339751640744414 36.87457884158574 42.636110775628076 49.159774997157285 15.254452656252507 13.772654331639453 44.14167044472006 32.50658460383082 11.568803596428872 27.659721358227475 34.55720564250733 32.094622118659785 49.557459124069354 36.592453815300665 42.67287916710875 36.299033437994524 31.683788297439957 54.78072651827624 6.686346102638912 27.77987736354582 53.80949911903524 26.60398413003145 12.325601887069858 9.736982124833354 51.95342009709051 11.053966890080494 24.162010422875163 0.0 18.209620564028242 34.688632919944325 38.723726462654824 29.99174982895549 13.7694805967876 41.43807601671111
33.8864323188532 40.12707556733861 25.932882937709362 52.45180420816383 54.28716985897226 40.0261933491784 10.210230842437674 54.023712193932305 29.37808782368748 62.00305573979806 22.717409133522466 28.79056368392135 24.33149201355506 49.3748631837994 45.380461524352754 34.34910839137071 38.56203544663421 50.23823993139555 17.96110415908657 25.716828786152995 56.12943990016544 30.52377954736689 9.921822927430211 23.59323835387629 34.96858513859356 21.239283028798983 35.059775249653995 27.625436872388267 25.651399735967168 30.986867211764423 48.5061670750596 67.77522329774197 11.867728294262287 30.838678219988118 65.56232581618477 16.484621959095715 27.327702635844037 19.7391413804772 64.88887370066797 14.09563590924513 6.907015561582754 18.209620564028242 0.0 52.825700319003246 36.445791243629095 25.542755516688903 4.452182582073256 37.22748086608965
71.23422225672796 60.4280391144913 29.83057127241618 68.62698735320723 99.845900426881 69.68935815150486 42.96784175839637 34.102203156119955 60.420926860912964 35.22748239115927 31.43968251220314 68.37755477530116 40.61941145083169 57.343707577694325 24.343319673679154 61.576723365875715 67.599296545009 60.601225553249314 42.29370079746854 32.04385423989132 34.93418840685449 57.908325588447894 44.59375617635015 53.03361041423789 56.80844080586061 64.11712537655131 82.46601285739312 66.8206651974097 77.09339604723448 63.733675904243796 12.91193881304195 38.63481159060216 40.99751386972063 45.3178691904883 41.54849558814788 59.06263648707389 27.937424929300352 35.96933258733163 36.85822535300949 41.75169877333012 58.30330812386258 34.688632919944325 52.825700319003246 0.0 62.697872357837475 58.246125810647506 48.41856956393628 66.77988582430403
13.23140410155135 6.148051468607208 50.6223881064361 88.47004090298906 84.17689367493428 7.035464946828401 39.645939841195954 80.44907848681402 65.80376529536909 86.90604627271823 46.84929677483115 15.067100641212836 56.30837375766361 83.89135968137121 69.02136025235485 2.0967487518148227 4.98780809325608 85.29430736497741 50.42652703098526 52.46262969240646 82.42126637389082 6.3159176716595775 42.02779357810151 59.537182253323046 6.0881942491957535 19.572784675826053 31.063272934495146 14.539894953183008 36.617130681908186 7.292522085777237 66.0031203394944 92.34826111505257 38.589340115027525 64.36592501419646 92.01878020063376 21.229450154084617 50.72870279910768 47.615227003340685 89.6220827709133 45.24464639380159 41.430195138434634 38.723726462654824 36.445791243629095 62.697872357837475 0.0 10.941714591410118 35.894319283879966 4.516612869489436
13.020129954903362 15.445149645490522 41.91202809022658 77.74836613612828 74.2256271341071 15.055099818307612 29.490140736065236 72.09988466570147 54.91821810031644 79.02638361559221 38.05524028417309 10.573776938257787 46.33451239729324 73.57854345153679 61.15091121990052 8.852864061367265 13.324780385202093 74.84410842292682 40.25035598218378 43.40753083094232 74.13171319699465 5.655579284913625 31.65835842711478 48.79824379135763 11.089024255943546 10.548659279432979 26.903565745878193 9.12950160990352 28.65674499997363 6.31603880316744 59.595287743971014 84.61906172406165 28.73226658893411 54.18049710716596 83.79736480655568 10.565492628813342 42.29689067174862 38.1434998777899 81.8196051272224 35.13070109895492 30.509154000834396 29.99174982895549 25.542755516688903 58.246125810647506 10.941714591410118 0.0 25.24196008412858 12.014674991015312
