0.0 41.96708928664222 32.28321837706591 36.79524301995623 36.575612910048214 24.760850349800602 29.82299723663257 45.10229252980071 20.004498805797304 55.513226840105936 41.27499785263906 16.191846906558347 5.635451155406173 22.009337001843196 44.34276970401374 36.22246239188131 11.282492361196107 60.845720782984245 25.526103119262586 17.99737538415292 15.05461612564106 29.664573548737668 34.51474181248981 24.207350784569055 39.494244340396115 22.13510898734225 52.05642544766784 38.9959297787186 20.012289485406896 38.81749392044993 39.85306300055545 36.30616374001626 30.879806109369042 36.537883063767445 52.756214140193094 36.532427203811814 11.78391590627509 33.56430740078804 27.075838728236153 21.068194811842222 17.463628093984436 11.757173629832495 4.873839328228877 22.54177169316335 31.9229269551825 22.272972290167406 43.400412913804686 21.57980656300989 19.72262592412342
41.96708928664222 0.0 64.0922972070623 19.119598320386295 61.16531462895676 64.52617581226728 14.226159639081958 41.82128727811858 22.129038467891835 13.641346017694943 83.23229065033087 27.73455464176392 42.33949535184247 23.93667752260839 14.237426712473008 75.4747994813454 35.925302471974355 19.701674153995295 66.64802002579717 57.77331076203415 27.09384310936868 22.12146876187637 55.839822478462494 22.25541164320033 55.89448163299275 61.170201300656295 13.095935974344998 39.217877954783 55.26305927276585 6.611903309903419 81.8098375854078 61.979551781198815 64.34380607781505 7.154489131508615 13.606890824699487 76.01944374689172 31.69018655254791 11.867004504985132 68.13781525154106 60.79658278389894 31.463527705491998 50.55019616669794 40.070727435265376 47.57704956462615 73.53086885161234 64.09368559519875 80.26299177927432 36.43306833230738 32.75666775992845
32.28321837706591 64.0922972070623 0.0 49.65868246472314 10.864614510341616 16.729985379708577 49.86640303033112 41.0708863158877 46.552833227683664 75.78694749288948 39.18173966243878 37.62834346811523 27.48037145041362 40.21622188567857 59.22823427615232 49.18601894646863 29.92916528086812 78.99614442698393 37.497647828806585 38.36061830186919 42.88373023812001 43.29518319296147 14.901256369391453 41.83764171887568 21.064699076684242 15.246031276041888 69.42675791596729 36.620387490081804 12.358521454971802 58.54378452359788 38.262776258148655 63.777038781405665 54.10691538317554 57.0894680705129 70.11156851491253 48.82691063604891 35.073149309285284 52.578712559115225 38.461411288601994 39.68413535352512 49.15973988854854 37.87784627685316 37.152087399010796 16.636594977151088 38.02685024502047 32.11249462607184 17.793832642534905 27.946210333606523 31.345942961764763
36.79524301995623 19.119598320386295 49.65868246472314 0.0 44.657939403004086 54.23614531141996 11.138332001731099 22.784189423876025 22.622368658154816 27.176316255290583 76.1767391588948 20.68987923644371 34.59060021874055 14.81839497987453 9.573573467569274 72.98782103323241 26.85639403944177 29.451732288990428 62.16071115263717 54.70522932234465 25.778634794339435 7.353143422142274 38.982519309948316 12.671957333880698 37.93203663359474 50.64174693902698 19.93000576795362 20.18510659845164 43.38970248279856 12.528804827972694 74.79515579455749 66.67037044492511 65.4549851787652 12.905565194090602 20.591503417309102 73.31798759766247 25.022002078505476 9.308922553174304 63.71670524573428 57.80334812156648 34.872219654363406 47.942324523596774 37.20844060137761 33.19760992417961 68.07902151465572 58.3105494791204 67.00257409422885 22.129436565286163 20.003887925340027
36.575612910048214 61.16531462895676 10.864614510341616 44.657939403004086 0.0 26.90081082625637 47.214090613074866 32.106204607051964 46.651680483345835 71.66682669046229 50.00652076754728 37.182197078534756 31.088268775336342 38.19561314468052 54.11299236900108 59.004588633653455 30.79306104492802 74.03131368836958 46.96282138709279 46.39897763926816 43.89568082722538 39.27547699545529 5.826989141654885 39.35777803289706 10.644442641878646 24.715014957618703 64.56768906997021 28.561909757917984 19.045643191106784 55.07709688810179 49.061487937288824 70.93318401444226 62.260659187543034 54.01382247333907 65.21769065395095 58.72165005540245 35.81434992818144 49.319627700549056 48.06873857649949 48.16544457138836 51.83669402931288 44.55151536430693 41.322870900479295 15.313194854196027 48.266952045631236 41.49387296043505 26.883519199299894 25.052519586831792 29.1873495598474
24.760850349800602 64.52617581226728 16.729985379708577 54.23614531141996 26.90081082625637 0.0 50.888625159574076 52.25843475267165 43.698071137588606 77.54825720913597 24.283034830518297 36.81398104470518 22.4293836070488 41.374448587876486 63.33399313698899 32.46557477004139 28.700181235931215 81.99207177409028 20.98453803433154 23.53980397896045 39.03534384246424 47.012920861226256 29.19237696042232 43.46191524608655 35.77301147082944 3.611810247261761 72.62023810501616 46.7790059045524 11.54206138059443 60.14359106206773 23.128964216266475 49.29140224790282 38.630963203659576 58.18567435529758 73.33088214375833 32.09806484541517 32.881371700068165 54.29016601630424 21.845816281941104 24.183190002947693 41.9933416002926 25.287946777048788 28.95339069891167 23.586308360850786 21.379592474832922 15.762118574640626 19.375792341346315 32.61722838468203 34.23467151678773
29.82299723663257 14.226159639081958 49.86640303033112 11.138332001731099 47.214090613074866 50.888625159574076 0.0 32.091380309729026 12.283627372379854 26.67259495973399 70.82036503240673 14.226131961573223 29.170238580197125 9.755944786680336 15.129988092598314 65.20881054915029 22.19090580000526 31.303601648186078 55.25509358971078 46.99904786987726 16.366201496790346 9.399849325434388 42.04350482572928 8.032113667779768 42.69177262315687 47.44725396622691 22.26687337262745 28.071969458092113 41.22402396953523 9.267775234523482 69.40581637085967 56.33802974419446 56.16109830379423 7.352683004026359 22.971440130790953 65.64000987588292 18.535867065744434 3.767092183089957 56.79281988340177 50.10364413178153 24.364718074781358 39.907795107740746 29.033602615837705 33.368538390684684 61.74504020770335 52.06653505177446 66.12005011734351 22.297202827789544 18.53712164614473
45.10229252980071 41.82128727811858 41.0708863158877 22.784189423876025 32.106204607051964 52.25843475267165 32.091380309729026 0.0 40.06213382976053 47.64497921412556 76.45678178125841 33.08306864829538 40.47341872988746 28.94721275728126 29.533852875962996 79.11980076052278 33.91428293520241 47.683702799334064 66.98084433960378 62.04204673954313 40.91974692501499 23.05521435321289 26.583556831265394 28.08148948473382 22.085784178430867 48.86151015313576 39.28499533901772 6.118617109348894 40.82121785533375 35.278871059038956 75.23878986720473 80.3914243390302 75.98095820447645 35.64840230411451 39.77574517741724 79.1812002453179 35.68737703906495 31.61859370554514 68.4495275984936 64.83688761751371 51.123794725294374 56.74631919146576 47.81450105812525 28.780650612876304 71.12225156791698 62.00386399009719 58.59327187477636 23.577068279302306 25.707969459841237
20.004498805797304 22.129038467891835 46.552833227683664 22.622368658154816 46.651680483345835 43.698071137588606 12.283627372379854 40.06213382976053 0.0 35.75918637782518 61.17559037295927 9.509336618383424 21.279669217041267 11.2099470326501 27.328178084591936 53.746909540777466 16.62559214253554 41.46118249069137 44.54380578663033 35.79068261431322 4.9791461865507 17.739301429817843 42.41218709194003 12.020202239614632 44.87627052840543 40.5824190962044 33.228303106285765 34.879136690546936 35.88164532732053 19.93977925192156 59.75305265222874 44.143493193516115 43.975149569876464 17.500362722779236 33.89875862390801 54.24098468891348 11.513252492890782 15.839526581492414 46.04251134925914 38.850962612777934 12.250627761391097 28.580515126020806 17.957140385700942 31.46100334131264 51.401863962561585 41.98578029007982 60.952696137512284 22.55969616308597 18.272559095893055
55.513226840105936 13.641346017694943 75.78694749288948 27.176316255290583 71.66682669046229 77.54825720913597 26.67259495973399 47.64497921412556 35.75918637782518 0.0 96.78814159420521 40.7762169748551 55.607057611080215 36.33455041180905 18.312654596809526 89.04750900999528 48.84855527651299 7.0071238032928775 80.2884388794254 71.40628124773455 40.71486325613268 32.58253725410775 66.06343910359946 34.38793444736707 65.07987932777806 74.11761493007407 8.546776269336307 46.634742614870184 67.81665880774027 17.469631052672998 95.36626137621575 74.41399485969183 77.55681275555791 19.363894324449237 8.214077874042731 89.60443535711683 44.91959267222355 23.432907688120252 81.77894759810768 74.42325231190964 44.8073593375765 64.18352869672246 53.70849867513457 59.15046383007106 87.15779830804087 77.69259094755338 92.52358831340808 47.841846286419056 44.622327495702336
41.27499785263906 83.23229065033087 39.18173966243878 76.1767391588948 50.00652076754728 24.283034830518297 70.82036503240673 76.45678178125841 61.17559037295927 96.78814159420521 0.0 56.696889353728764 41.83313671132076 62.09683495727604 84.68183269352302 19.764497855332884 49.40489584661903 102.04027854962466 18.431416271037353 27.761048855803583 56.196734509948065 68.82428905590695 53.09760256055052 64.30685180928143 59.63830103445394 27.599358702634547 93.07877980285828 70.86724738717075 35.63566913609316 79.9637258645868 1.4226131961577468 46.72825500113885 34.506354674931664 77.73720691726733 93.7853501083958 18.863608668113212 52.30465241979974 74.49461996489521 17.388769984577017 25.553274864813282 55.105240106198224 34.276383896194496 43.50370174664904 47.69199900502988 11.169423467124108 19.298501434596655 30.128363994914697 55.68703568230562 56.4755250648706
16.191846906558347 27.73455464176392 37.62834346811523 20.68987923644371 37.182197078534756 36.81398104470518 14.226131961573223 33.08306864829538 9.509336618383424 40.7762169748551 56.696889353728764 0.0 14.950503642743428 5.873781265801222 28.21067044926563 52.312901717909114 8.213194083086737 45.527840430742785 41.69464191709931 34.02275304394401 8.107087025706166 13.778378593515212 32.9032591391809 8.03549035601546 35.498865082270484 33.43773585611814 36.40907393053389 27.392452826379483 27.729012645627773 23.481347261881577 55.28704185219701 47.85502999620095 45.22079782458328 21.42057714766578 37.117817189023974 52.6564920342391 4.446558668496364 17.826139293045156 43.247399318545945 37.124443276333814 18.21571081734742 27.267170850141213 16.63477722369776 22.0702703370421 47.90813498407449 38.164030809947604 52.86814339049964 13.189284668025977 8.990175387706744
5.635451155406173 42.33949535184247 27.48037145041362 34.59060021874055 31.088268775336342 22.4293836070488 29.170238580197125 40.47341872988746 21.279669217041267 55.607057611080215 41.83313671132076 14.950503642743428 0.0 20.265952854812344 42.8626622586481 39.37631185866616 7.770375665146729 60.473815976534965 27.854909902312944 21.660286018276327 16.713987792200676 27.263979301874556 28.890597548875057 22.479358722711876 33.87009121511651 19.31203256211825 51.349779767116424 34.355770612950494 15.531937520832559 38.41055629624926 40.43061772365835 41.787242696377675 35.723345341704345 36.29803323475251 52.05920596827601 39.5723692825944 10.68790367428159 32.77350335701841 29.40355519443382 24.56472324664094 21.685261229866764 16.403351390858138 10.240478731226824 16.906340294838664 33.500351186127 23.738815996294246 40.02880021380453 16.91880344847448 15.86950087135711
22.009337001843196 23.93667752260839 40.21622188567857 14.81839497987453 38.19561314468052 41.374448587876486 9.755944786680336 28.94721275728126 11.2099470326501 36.33455041180905 62.09683495727604 5.873781265801222 20.265952854812344 0.0 22.603039811523306 58.17426386543841 12.818708903964453 40.62008478536384 47.461893039884124 39.888228926522466 12.272968449206067 7.984243372323332 33.324420370436265 2.222889182846797 34.8448219997742 37.88587669724001 31.297490315461953 23.67380015791475 31.49335153290866 18.865814070720493 60.69553601465384 53.11499337424768 50.95754960086726 17.09861377034599 32.00879691354081 58.510970695890556 10.225426205835378 12.938644247896267 49.01665305467371 42.987738517879585 22.356630327476992 33.139271979480135 22.46894369440432 23.846210818392414 53.560000700166206 43.796721009691645 56.36431451880695 13.152684713688052 9.059387517995486
44.34276970401374 14.237426712473008 59.22823427615232 9.573573467569274 54.11299236900108 63.33399313698899 15.129988092598314 29.533852875962996 27.328178084591936 18.312654596809526 84.68183269352302 28.21067044926563 42.8626622586481 22.603039811523306 0.0 80.15414490767347 35.30068767392806 19.922958617282717 69.86887274199357 61.887532366849875 31.489066892149463 16.37181125779964 48.39461938947202 20.385027102168316 46.973323538051616 59.76278984983121 10.486565954415623 28.324061171641954 52.695736588467845 9.371585451211395 83.28358373236111 71.04916669398118 71.27780340685086 11.429354624351168 11.118637454503343 80.55651577249017 32.65718808894826 11.488695178852824 71.41837973252059 64.99804590134552 39.139156108330255 54.8721375462995 43.992341157011836 42.74040705531987 76.11431043661578 66.36230665216256 76.53378062717621 31.598586253890065 29.170192072092178
36.22246239188131 75.4747994813454 49.18601894646863 72.98782103323241 59.004588633653455 32.46557477004139 65.20881054915029 79.11980076052278 53.746909540777466 89.04750900999528 19.764497855332884 52.312901717909114 39.37631185866616 58.17426386543841 80.15414490767347 0.0 46.9580598631047 95.08884945591412 12.348359956126073 18.29603524310802 49.02936404278479 65.8869681244352 60.34939054612462 60.34823032649689 66.80084530288904 34.291624702165336 86.9655937983026 73.07546813707604 40.85426855868823 73.64931747427181 19.08441102464904 27.84233784505778 16.111618585106832 71.22963155117446 87.6399136439522 0.9512032801424615 47.96849706642365 68.97117615570691 11.043731387839676 15.189628216574803 44.545506004172005 25.301021087823937 36.17905036531128 51.47909102259827 11.997927293663729 17.7375077144779 46.1595669789706 55.97896103039301 55.24242005428493
11.282492361196107 35.925302471974355 29.92916528086812 26.85639403944177 30.79306104492802 28.700181235931215 22.19090580000526 33.91428293520241 16.62559214253554 48.84855527651299 49.40489584661903 8.213194083086737 7.770375665146729 12.818708903964453 35.30068767392806 46.9580598631047 0.0 53.38045112205274 35.59039534458856 28.97999185770899 13.185369955978636 19.5163261911415 27.27078922283512 14.98942907464541 31.045204128075593 25.279727623716617 44.105383761861816 27.830098974293644 19.558830124678927 31.451770215629498 48.012588575100466 46.796500711235886 42.12012537727555 29.487279178983872 44.81662008202878 47.18895487603085 5.166787408065983 25.637311583064463 37.142031266789836 31.97564455772544 21.37867861538411 23.034181939651948 14.045086312939166 15.491770901700187 41.263590697972106 31.505957471544097 44.71279998148039 10.608344929058466 8.44851257655645
60.845720782984245 19.701674153995295 78.99614442698393 29.451732288990428 74.03131368836958 81.99207177409028 31.303601648186078 47.683702799334064 41.46118249069137 7.0071238032928775 102.04027854962466 45.527840430742785 60.473815976534965 40.62008478536384 19.922958617282717 95.08884945591412 53.38045112205274 0.0 85.95605121318114 77.24766759537772 46.34304356022525 35.770398000904 68.3019109963256 38.53509962302068 66.66484592426272 78.49095760387358 9.570313368992622 47.572294099637936 71.82325200377844 22.0850893246057 100.622113323739 81.20750728564605 84.01703793942765 24.31040202336865 8.884862103916042 95.61548774047807 49.826201189836056 27.747845249232 87.46665292713529 80.29922703703218 51.15764042945107 70.03166813886568 59.387950465482724 62.42244458896633 92.68841316291561 83.1112040956125 96.12264965042279 51.16639605627614 48.334116212961625
25.526103119262586 66.64802002579717 37.497647828806585 62.16071115263717 46.96282138709279 20.98453803433154 55.25509358971078 66.98084433960378 44.54380578663033 80.2884388794254 18.431416271037353 41.69464191709931 27.854909902312944 47.461893039884124 69.86887274199357 12.348359956126073 35.59039534458856 85.95605121318114 0.0 9.437847093623207 39.62101858019069 54.91546503999375 48.084451362473395 49.67476266003077 54.50499397090991 22.347100189844213 77.39531796590246 60.97208661588283 28.56416177440462 64.08705023391174 17.12164374740329 30.897531402704423 19.01132855576665 61.74014086616843 78.08805447802654 12.279511201193706 37.260423650793996 59.01347479494484 1.5560251051482419 7.134162108499499 37.17883735378568 16.372134215529858 26.586732807377754 39.14628765034127 7.360546821020028 5.473754340598347 37.13917055951904 44.072592691780216 43.66353115225366
17.99737538415292 57.77331076203415 38.36061830186919 54.70522932234465 46.39897763926816 23.53980397896045 46.99904786987726 62.04204673954313 35.79068261431322 71.40628124773455 27.761048855803583 34.02275304394401 21.660286018276327 39.888228926522466 61.887532366849875 18.29603524310802 28.97999185770899 77.24766759537772 9.437847093623207 0.0 30.963982691527875 47.63759948517349 46.36296894823406 42.0572118844204 52.41032955250141 23.443968495177547 68.91351881939534 55.93411636170344 27.353335970521506 55.583125694005815 26.41568328816732 25.76477089149456 15.866092279872756 53.189094798747206 69.59607641478914 18.67111978112361 29.69537785248304 50.76547925196999 10.743646112055998 3.110878703302536 27.80452125858967 7.2231372675818974 17.98053861303499 35.883048803143986 16.79117114456681 9.925417273762406 42.09568508510833 38.55259717120504 37.379625147302384
15.05461612564106 27.09384310936868 42.88373023812001 25.778634794339435 43.89568082722538 39.03534384246424 16.366201496790346 40.91974692501499 4.9791461865507 40.71486325613268 56.196734509948065 8.107087025706166 16.713987792200676 12.272968449206067 31.489066892149463 49.02936404278479 13.185369955978636 46.34304356022525 39.62101858019069 30.963982691527875 0.0 19.912960575689457 40.07224113537943 13.81005879264531 43.17284739322941 36.00848743082887 37.95722888806866 35.356523590247086 31.751796484373823 24.62987419470617 54.77421118849323 41.04281986907949 39.887812997268576 22.226680400163144 38.63729161261455 49.49870795186775 8.082491940071012 20.082380947166058 41.127019741021144 34.04245642451833 10.20642386028872 23.779180986578744 13.045086777036015 28.58422339088626 46.44313680373695 37.00917764637978 56.65640900643734 21.029109738713778 16.977326456570484
29.664573548737668 22.12146876187637 43.29518319296147 7.353143422142274 39.27547699545529 47.012920861226256 9.399849325434388 23.05521435321289 17.739301429817843 32.58253725410775 68.82428905590695 13.778378593515212 27.263979301874556 7.984243372323332 16.37181125779964 65.8869681244352 19.5163261911415 35.770398000904 54.91546503999375 47.63759948517349 19.912960575689457 0.0 33.82224213967074 6.117040815341131 33.806015166607246 43.43025857474327 26.207226327333288 18.719014209368346 36.325041953614345 15.83097218502046 67.44231107277996 60.933344984088386 58.94117424777853 15.008451611899781 26.90255506675525 66.19309706741085 17.958628848424272 10.303584723113918 56.4713178800825 50.72272388631296 29.68729818138825 41.00092467354906 30.412777957736054 26.679337841524706 60.76212652041087 50.99651770588425 60.35471127947544 15.398153559943795 12.803518765415477
34.51474181248981 55.839822478462494 14.901256369391453 38.982519309948316 5.826989141654885 29.19237696042232 42.04350482572928 26.583556831265394 42.41218709194003 66.06343910359946 53.09760256055052 32.9032591391809 28.890597548875057 33.324420370436265 48.39461938947202 60.34939054612462 27.27078922283512 68.3019109963256 48.084451362473395 46.36296894823406 40.07224113537943 33.82224213967074 0.0 34.322127930108415 6.5808382363366835 26.468337844920182 58.86391344099547 22.796062812552755 19.52726827465987 49.651869567781134 52.05360703105766 69.97258375034033 62.09076531428606 48.6860557603622 59.50830473037903 60.153931199465 32.06272110297217 43.97416167605437 49.312204877470066 48.43065716142842 48.619919059746294 43.6358451241925 39.055699909035745 12.090308978445007 50.21995484661746 42.63095005142697 32.05357752510638 20.209166850567712 24.47082626004944
24.207350784569055 22.25541164320033 41.83764171887568 12.671957333880698 39.35777803289706 43.46191524608655 8.032113667779768 28.08148948473382 12.020202239614632 34.38793444736707 64.30685180928143 8.03549035601546 22.479358722711876 2.222889182846797 20.385027102168316 60.34823032649689 14.98942907464541 38.53509962302068 49.67476266003077 42.0572118844204 13.81005879264531 6.117040815341131 34.322127930108415 0.0 35.45536436379145 39.95587160848925 29.170158550904493 23.07757155241612 33.434998997527714 16.927751103966507 62.90648339038987 54.8173643058268 52.939695654834466 15.285281191534867 29.881307062171405 60.69162782976412 12.425599612887378 10.9553912023956 51.22923827406637 45.159527242960216 23.691049833774862 35.27053009248016 24.550323050329705 25.340027846763643 55.78263681133084 46.01954288780992 58.19417151582078 14.341929331676013 10.505370101661798
39.494244340396115 55.89448163299275 21.064699076684242 37.93203663359474 10.644442641878646 35.77301147082944 42.69177262315687 22.085784178430867 44.87627052840543 65.07987932777806 59.63830103445394 35.498865082270484 33.87009121511651 34.8448219997742 46.973323538051616 66.80084530288904 31.045204128075593 66.66484592426272 54.50499397090991 52.41032955250141 43.17284739322941 33.806015166607246 6.5808382363366835 35.45536436379145 0.0 33.0337029552888 57.43794665594398 19.519032824790866 25.946809747969183 49.4641571575973 58.605971087048836 75.44703101782777 68.01920040024545 48.810379978801336 58.04542171091295 66.62379240594812 35.42267846379471 44.10959422859495 55.75786719979324 54.58901570077746 52.33973693423288 49.268138919380895 43.805656647489286 17.03562392478432 56.77605237693354 49.06747749695974 37.51842875294576 22.323682515740078 26.60399278914364
22.13510898734225 61.170201300656295 15.246031276041888 50.64174693902698 24.715014957618703 3.611810247261761 47.44725396622691 48.86151015313576 40.5824190962044 74.11761493007407 27.599358702634547 33.43773585611814 19.31203256211825 37.88587669724001 59.76278984983121 34.291624702165336 25.279727623716617 78.49095760387358 22.347100189844213 23.443968495177547 36.00848743082887 43.43025857474327 26.468337844920182 39.95587160848925 33.0337029552888 0.0 69.09801547713694 43.31899956212187 8.051061118269548 56.69054614205999 26.398520891014954 49.13774392686262 39.011697340281394 54.761898202405455 69.80827049051508 34.0073059934533 29.595933479455876 50.81493547960861 23.39185383210504 24.537957445646345 39.54329945711864 24.14127276571971 26.55865709675538 20.121282593111804 23.758429766552116 16.915314065766292 21.334934722810914 29.00604089951798 30.64389068115945
52.05642544766784 13.095935974344998 69.42675791596729 19.93000576795362 64.56768906997021 72.62023810501616 22.26687337262745 39.28499533901772 33.228303106285765 8.546776269336307 93.07877980285828 36.40907393053389 51.349779767116424 31.297490315461953 10.486565954415623 86.9655937983026 44.105383761861816 9.570313368992622 77.39531796590246 68.91351881939534 37.95722888806866 26.207226327333288 58.86391344099547 29.170158550904493 57.43794665594398 69.09801547713694 0.0 38.60912103527458 62.333169602466256 13.330531417089478 91.66538231074402 74.89575337036625 76.68741283983805 15.736160152381887 0.7113065980788735 87.44780624037972 40.77675918605511 18.586974443421674 78.92333271225105 71.99731780922212 43.82635588130182 61.73635864386087 50.94976018165443 52.85245206751414 83.97529289506059 74.31872761573304 86.56186970575071 41.60038733192447 38.81466530338708
38.9959297787186 39.217877954783 36.620387490081804 20.18510659845164 28.561909757917984 46.7790059045524 28.071969458092113 6.118617109348894 34.879136690546936 46.634742614870184 70.86724738717075 27.392452826379483 34.355770612950494 23.67380015791475 28.324061171641954 73.07546813707604 27.830098974293644 47.572294099637936 60.97208661588283 55.93411636170344 35.356523590247086 18.719014209368346 22.796062812552755 23.07757155241612 19.519032824790866 43.31899956212187 38.60912103527458 0.0 35.268345125064364 32.60602737907391 69.62516199189636 74.40560476625089 69.87215555250391 32.584315705154786 39.173632079150075 73.14919337464184 29.77227727840222 28.20965456669387 62.44988912257113 58.73863252023492 45.55567356124564 50.63014414962704 41.770550243458054 23.198833512437183 65.24422221114304 56.04324255218408 54.35324147458735 17.459027534037716 19.69698754548805
20.012289485406896 55.26305927276585 12.358521454971802 43.38970248279856 19.045643191106784 11.54206138059443 41.22402396953523 40.82121785533375 35.88164532732053 67.81665880774027 35.63566913609316 27.729012645627773 15.531937520832559 31.49335153290866 52.695736588467845 40.85426855868823 19.558830124678927 71.82325200377844 28.56416177440462 27.353335970521506 31.751796484373823 36.325041953614345 19.52726827465987 33.434998997527714 25.946809747969183 8.051061118269548 62.333169602466256 35.268345125064364 0.0 50.34812539119174 34.42052959284139 52.13070865688918 43.21562328409237 48.57658674667755 63.03931760570405 40.68335892883941 24.431538561814612 44.388660632236814 29.811092435145497 29.166504750887977 37.15010703742145 25.89372597734381 24.86401766316925 12.07023388482691 31.118815239204313 23.12098213875162 25.1548726977091 21.421718830480756 23.548118303694988
38.81749392044993 6.611903309903419 58.54378452359788 12.528804827972694 55.07709688810179 60.14359106206773 9.267775234523482 35.278871059038956 19.93977925192156 17.469631052672998 79.9637258645868 23.481347261881577 38.41055629624926 18.865814070720493 9.371585451211395 73.64931747427181 31.451770215629498 22.0850893246057 64.08705023391174 55.583125694005815 24.62987419470617 15.83097218502046 49.651869567781134 16.927751103966507 49.4641571575973 56.69054614205999 13.330531417089478 32.60602737907391 50.34812539119174 0.0 78.54638385720612 62.566672243535045 63.66083021418771 2.467844625135427 14.015019549608185 74.12591939747081 27.74792922623572 5.986825574838569 65.61191899671691 58.66758897470887 30.965206232191225 48.40815997980382 37.61996254529095 41.931055152790165 70.71396383327284 61.09042938337795 75.10567829830754 30.662144894120463 27.252777401855482
39.85306300055545 81.8098375854078 38.262776258148655 74.79515579455749 49.061487937288824 23.128964216266475 69.40581637085967 75.23878986720473 59.75305265222874 95.36626137621575 1.4226131961577468 55.28704185219701 40.43061772365835 60.69553601465384 83.28358373236111 19.08441102464904 48.012588575100466 100.622113323739 17.12164374740329 26.41568328816732 54.77421118849323 67.44231107277996 52.05360703105766 62.90648339038987 58.605971087048836 26.398520891014954 91.66538231074402 69.62516199189636 34.42052959284139 78.54638385720612 0.0 45.760684474524616 33.52121199791242 76.31833176032153 92.3718092209032 18.205685145747236 50.89249425123775 73.08190430202528 16.119772262755586 24.2521863780939 53.70993274891816 32.89000781747785 42.084897477087914 46.46450896963814 9.921518016060753 17.88326748641298 29.785198992040666 54.361531764040144 55.11439090575786
36.30616374001626 61.979551781198815 63.777038781405665 66.67037044492511 70.93318401444226 49.29140224790282 56.33802974419446 80.3914243390302 44.143493193516115 74.41399485969183 46.72825500113885 47.85502999620095 41.787242696377675 53.11499337424768 71.04916669398118 27.84233784505778 46.796500711235886 81.20750728564605 30.897531402704423 25.76477089149456 41.04281986907949 60.933344984088386 69.97258375034033 54.8173643058268 75.44703101782777 49.13774392686262 74.89575337036625 74.40560476625089 52.13070865688918 62.566672243535045 45.760684474524616 0.0 12.250256592716665 60.1421646933383 75.46859678485404 28.791179547001278 44.7434145075603 59.68741246809545 31.07764289069409 25.36083835403961 31.975844018168246 26.39795258448858 32.7523039044957 58.41497648606095 36.40042702252798 34.530939887351025 67.46114341808698 57.40457218825436 54.70867926423069
30.879806109369042 64.34380607781505 54.10691538317554 65.4549851787652 62.260659187543034 38.630963203659576 56.16109830379423 75.98095820447645 43.975149569876464 77.55681275555791 34.506354674931664 45.22079782458328 35.723345341704345 50.95754960086726 71.27780340685086 16.111618585106832 42.12012537727555 84.01703793942765 19.01132855576665 15.866092279872756 39.887812997268576 58.94117424777853 62.09076531428606 52.939695654834466 68.01920040024545 39.011697340281394 76.68741283983805 69.87215555250391 43.21562328409237 63.66083021418771 33.52121199791242 12.250256592716665 0.0 61.193105590582384 77.31991994652935 17.037373801374038 41.383028297126685 59.79800350260734 19.026227599750783 14.487205690715147 32.9012171488343 19.32001940855783 28.703972963402393 51.252205135829996 24.168618806451946 23.201841470569313 56.02899195302294 52.43476131141274 50.50652371219194
36.537883063767445 7.154489131508615 57.0894680705129 12.905565194090602 54.01382247333907 58.18567435529758 7.352683004026359 35.64840230411451 17.500362722779236 19.363894324449237 77.73720691726733 21.42057714766578 36.29803323475251 17.09861377034599 11.429354624351168 71.22963155117446 29.487279178983872 24.31040202336865 61.74014086616843 53.189094798747206 22.226680400163144 15.008451611899781 48.6860557603622 15.285281191534867 48.810379978801336 54.761898202405455 15.736160152381887 32.584315705154786 48.57658674667755 2.467844625135427 76.31833176032153 60.1421646933383 61.193105590582384 0.0 16.41274127532743 71.71187302257599 25.61459468812313 4.718895900391865 63.26121665192285 56.26911562790684 28.504515924923925 46.0050588309844 35.23877337901568 40.52755460629716 68.40620926217926 58.80725215624425 73.4540478482306 29.33412149210363 25.74472961369874
52.756214140193094 13.606890824699487 70.11156851491253 20.591503417309102 65.21769065395095 73.33088214375833 22.971440130790953 39.77574517741724 33.89875862390801 8.214077874042731 93.7853501083958 37.117817189023974 52.05920596827601 32.00879691354081 11.118637454503343 87.6399136439522 44.81662008202878 8.884862103916042 78.08805447802654 69.59607641478914 38.63729161261455 26.90255506675525 59.50830473037903 29.881307062171405 58.04542171091295 69.80827049051508 0.7113065980788735 39.173632079150075 63.03931760570405 14.015019549608185 92.3718092209032 75.46859678485404 77.31991994652935 16.41274127532743 0.0 88.12421527475497 41.48403842839775 19.294835225767866 79.61545648137884 72.67869287757392 44.450099327891806 62.41641501329265 51.63496279319814 53.541684662978795 84.67402213012262 75.01983651060276 87.25718701982862 42.29373781073356 39.51862137805577
36.532427203811814 76.01944374689172 48.82691063604891 73.31798759766247 58.72165005540245 32.09806484541517 65.64000987588292 79.1812002453179 54.24098468891348 89.60443535711683 18.863608668113212 52.6564920342391 39.5723692825944 58.510970695890556 80.55651577249017 0.9512032801424615 47.18895487603085 95.61548774047807 12.279511201193706 18.67111978112361 49.49870795186775 66.19309706741085 60.153931199465 60.69162782976412 66.62379240594812 34.0073059934533 87.44780624037972 73.14919337464184 40.68335892883941 74.12591939747081 18.205685145747236 28.791179547001278 17.037373801374038 71.71187302257599 88.12421527475497 0.0 48.29598763655703 69.40445295882901 10.910268051697804 15.560245600383091 45.167092547941394 25.740330471747363 36.60642569169867 51.42402379732966 11.389774926916974 17.596171855771367 45.50515779054814 56.10685057754501 55.441865435375185
11.78391590627509 31.69018655254791 35.073149309285284 25.022002078505476 35.81434992818144 32.881371700068165 18.535867065744434 35.68737703906495 11.513252492890782 44.91959267222355 52.30465241979974 4.446558668496364 10.68790367428159 10.225426205835378 32.65718808894826 47.96849706642365 5.166787408065983 49.826201189836056 37.260423650793996 29.69537785248304 8.082491940071012 17.958628848424272 32.06272110297217 12.425599612887378 35.42267846379471 29.595933479455876 40.77675918605511 29.77227727840222 24.431538561814612 27.74792922623572 50.89249425123775 44.7434145075603 41.383028297126685 25.61459468812313 41.48403842839775 48.29598763655703 0.0 22.190634032286802 38.81397004430598 32.788455643626136 16.987047171752337 23.057422250261187 12.679469569667603 20.502167607072643 43.462359745433076 33.72046199600609 49.55957184319092 13.735648254608005 10.21210205407924
33.56430740078804 11.867004504985132 52.578712559115225 9.308922553174304 49.319627700549056 54.29016601630424 3.767092183089957 31.61859370554514 15.839526581492414 23.432907688120252 74.49461996489521 17.826139293045156 32.77350335701841 12.938644247896267 11.488695178852824 68.97117615570691 25.637311583064463 27.747845249232 59.01347479494484 50.76547925196999 20.082380947166058 10.303584723113918 43.97416167605437 10.9553912023956 44.10959422859495 50.81493547960861 18.586974443421674 28.20965456669387 44.388660632236814 5.986825574838569 73.08190430202528 59.68741246809545 59.79800350260734 4.718895900391865 19.294835225767866 69.40445295882901 22.190634032286802 0.0 60.55220833197792 53.86976568666844 27.727418093067016 43.67037737606319 32.798105955226355 35.97825969311437 65.48227775242268 55.79242949982869 69.1198318588733 24.733869380918538 21.270478993351244
27.075838728236153 68.13781525154106 38.461411288601994 63.71670524573428 48.06873857649949 21.845816281941104 56.79281988340177 68.4495275984936 46.04251134925914 81.77894759810768 17.388769984577017 43.247399318545945 29.40355519443382 49.01665305467371 71.41837973252059 11.043731387839676 37.142031266789836 87.46665292713529 1.5560251051482419 10.743646112055998 41.127019741021144 56.4713178800825 49.312204877470066 51.22923827406637 55.75786719979324 23.39185383210504 78.92333271225105 62.44988912257113 29.811092435145497 65.61191899671691 16.119772262755586 31.07764289069409 19.026227599750783 63.26121665192285 79.61545648137884 10.910268051697804 38.81397004430598 60.55220833197792 0.0 8.219977580067756 38.5383776733409 17.78266495196618 28.087269307903917 40.53039945101517 6.2250771057876095 6.694677019398659 37.43446429683457 45.58630668750667 45.20486711888499
21.068194811842222 60.79658278389894 39.68413535352512 57.80334812156648 48.16544457138836 24.183190002947693 50.10364413178153 64.83688761751371 38.850962612777934 74.42325231190964 25.553274864813282 37.124443276333814 24.56472324664094 42.987738517879585 64.99804590134552 15.189628216574803 31.97564455772544 80.29922703703218 7.134162108499499 3.110878703302536 34.04245642451833 50.72272388631296 48.43065716142842 45.159527242960216 54.58901570077746 24.537957445646345 71.99731780922212 58.73863252023492 29.166504750887977 58.66758897470887 24.2521863780939 25.36083835403961 14.487205690715147 56.26911562790684 72.67869287757392 15.560245600383091 32.788455643626136 53.86976568666844 8.219977580067756 0.0 30.592600977823352 10.27056232882304 21.078731616881644 38.275670637625645 14.42491724061847 9.229999182502189 42.10697200450562 41.40776159597149 40.34920623101226
17.463628093984436 31.463527705491998 49.15973988854854 34.872219654363406 51.83669402931288 41.9933416002926 24.364718074781358 51.123794725294374 12.250627761391097 44.8073593375765 55.105240106198224 18.21571081734742 21.685261229866764 22.356630327476992 39.139156108330255 44.545506004172005 21.37867861538411 51.15764042945107 37.17883735378568 27.80452125858967 10.20642386028872 29.68729818138825 48.619919059746294 23.691049833774862 52.33973693423288 39.54329945711864 43.82635588130182 45.55567356124564 37.15010703742145 30.965206232191225 53.70993274891816 31.975844018168246 32.9012171488343 28.504515924923925 44.450099327891806 45.167092547941394 16.987047171752337 27.727418093067016 38.5383776733409 30.592600977823352 0.0 20.86380904043105 13.0411190353718 36.68564041552796 44.46139355679704 35.94219156542867 60.847839747794985 30.658426657184503 26.831301404817133
11.757173629832495 50.55019616669794 37.87784627685316 47.942324523596774 44.55151536430693 25.287946777048788 39.907795107740746 56.74631919146576 28.580515126020806 64.18352869672246 34.276383896194496 27.267170850141213 16.403351390858138 33.139271979480135 54.8721375462995 25.301021087823937 23.034181939651948 70.03166813886568 16.372134215529858 7.2231372675818974 23.779180986578744 41.00092467354906 43.6358451241925 35.27053009248016 49.268138919380895 24.14127276571971 61.73635864386087 50.63014414962704 25.89372597734381 48.40815997980382 32.89000781747785 26.39795258448858 19.32001940855783 46.0050588309844 62.41641501329265 25.740330471747363 23.057422250261187 43.67037737606319 17.78266495196618 10.27056232882304 20.86380904043105 0.0 10.881591420283891 32.3030947166183 23.607776869819393 15.310086272699628 44.603041716760345 33.173713741281546 31.47854872873198
4.873839328228877 40.070727435265376 37.152087399010796 37.20844060137761 41.322870900479295 28.95339069891167 29.033602615837705 47.81450105812525 17.957140385700942 53.70849867513457 43.50370174664904 16.63477722369776 10.240478731226824 22.46894369440432 43.992341157011836 36.17905036531128 14.045086312939166 59.387950465482724 26.586732807377754 17.98053861303499 13.045086777036015 30.412777957736054 39.055699909035745 24.550323050329705 43.805656647489286 26.55865709675538 50.94976018165443 41.770550243458054 24.86401766316925 37.61996254529095 42.084897477087914 32.7523039044957 28.703972963402393 35.23877337901568 51.63496279319814 36.60642569169867 12.679469569667603 32.798105955226355 28.087269307903917 21.078731616881644 13.0411190353718 10.881591420283891 0.0 27.001534531667033 33.48455998394897 24.21700135807035 47.88867804502153 24.652519744395825 22.11559893937279
22.54177169316335 47.57704956462615 16.636594977151088 33.19760992417961 15.313194854196027 23.586308360850786 33.368538390684684 28.780650612876304 31.46100334131264 59.15046383007106 47.69199900502988 22.0702703370421 16.906340294838664 23.846210818392414 42.74040705531987 51.47909102259827 15.491770901700187 62.42244458896633 39.14628765034127 35.883048803143986 28.58422339088626 26.679337841524706 12.090308978445007 25.340027846763643 17.03562392478432 20.121282593111804 52.85245206751414 23.198833512437183 12.07023388482691 41.931055152790165 46.46450896963814 58.41497648606095 51.252205135829996 40.52755460629716 53.541684662978795 51.42402379732966 20.502167607072643 35.97825969311437 40.53039945101517 38.275670637625645 36.68564041552796 32.3030947166183 27.001534531667033 0.0 42.61693309343136 33.9005177591136 33.8079800593025 11.309919532737363 14.838905668222774
31.9229269551825 73.53086885161234 38.02685024502047 68.07902151465572 48.266952045631236 21.379592474832922 61.74504020770335 71.12225156791698 51.401863962561585 87.15779830804087 11.169423467124108 47.90813498407449 33.500351186127 53.560000700166206 76.11431043661578 11.997927293663729 41.263590697972106 92.68841316291561 7.360546821020028 16.79117114456681 46.44313680373695 60.76212652041087 50.21995484661746 55.78263681133084 56.77605237693354 23.758429766552116 83.97529289506059 65.24422221114304 31.118815239204313 70.71396383327284 9.921518016060753 36.40042702252798 24.168618806451946 68.40620926217926 84.67402213012262 11.389774926916974 43.462359745433076 65.48227775242268 6.2250771057876095 14.42491724061847 44.46139355679704 23.607776869819393 33.48455998394897 42.61693309343136 0.0 9.769896370665112 34.17571087325559 48.90858938122081 48.99385390481054
