0.0 28.733097304011807 23.113025855857813 22.059322897422845 63.48657338928979 26.23653379267033 23.600028855237262 35.57081803543817 30.110374838257226 43.69025859502541 37.652113178586895 21.78112750744033 16.8021878084341 27.362981586977426 15.779237541423049 34.91578077522229 71.3569228084935 6.218063922359337 40.088814439127994 29.084668058909816 32.78702627094731 34.597669702261605 56.19671428679336 24.57554204434517 62.591645357688016 29.0683438560079 23.498306908716756 11.814317727998748 17.082731799468096 33.53056574107247 45.75042104843436 32.74351656648023 15.509848121343502 39.13607476842379 20.997266483491483 25.989494998803572 50.12294891445567 8.735145343082612 27.887843504903756 37.81954543939107 18.719212348713675 7.9781292584858035 29.064869649967285 17.407431578437397 26.600478014207134 31.347885293019147
28.733097304011807 0.0 23.82945813935924 38.44960670272297 81.51657360496401 26.578117264159985 26.644457497383883 48.343548242838864 48.31746277596807 30.397918072541035 62.501293574227155 34.292011504540966 11.999824995993988 46.470604231994 24.514243212639414 31.280127850027785 86.69307467393467 22.556440840104113 46.48745131167074 36.525754006541696 32.58280932517567 53.49297995731704 65.42090951992952 42.69673658093028 81.6267131705162 23.091509988908385 27.940837055468023 17.021696773591408 34.389890392355994 28.433397562684288 70.06430025953325 40.419731223288615 20.20023576836751 46.40411551306855 22.902901723805453 26.952795168967285 66.18224669848759 20.207405818478406 37.00373041409742 34.95475210188998 17.914233633773634 34.27754368561505 44.72183345594273 19.48903757346082 23.552116510651796 39.93603751386556
23.113025855857813 23.82945813935924 0.0 16.99903121814771 58.046314117584714 3.6110342243585323 2.8404269823521866 24.640854386793638 26.11987956410822 21.24513089474868 43.0788567185015 12.033561119151939 17.8262915112803 24.92227650170528 32.48649644362278 48.368848669349255 62.88072642517902 19.463617549466658 23.10259284513279 12.696428066509712 10.833416321557488 31.137578304133676 41.92495647709854 21.23671380560333 58.38065623592077 6.603228348258213 4.226044953775533 17.476139835565025 14.993049038706365 10.418407192988555 49.72547073574003 51.79611359206059 8.42357507152912 22.840723149664807 35.12469630783115 40.77703044921727 42.57173862956214 17.738738440425475 13.261464355558825 15.300865955185849 29.933126717341256 31.08773381408913 50.93607846823342 30.107199317048565 39.12679721466081 16.106623849602254
22.059322897422845 38.44960670272297 16.99903121814771 0.0 43.78414100088029 16.946579686823906 14.660975299662365 13.514825363494356 9.901367563711194 35.40659282414268 26.14365066963181 5.054275346479321 28.687932265680754 8.100570637576695 37.03766694427516 55.737796944191196 50.4321971053599 23.093091124021704 19.490681744638024 10.98019340808476 19.026053098571555 15.07514101938118 34.165843947668435 4.3184901100501145 43.542842031580655 22.690407476165937 13.305120746622334 25.334069605385015 5.133718529106627 23.328670661937732 32.7412038030327 54.80227109715273 18.327638667680073 18.277810872994998 41.55018692840641 47.03103130357943 29.15993593827875 23.30017171521557 9.012124942971415 23.792395363014474 37.680895764735254 28.18539367549417 50.44231563416776 37.01145705029459 46.76046315584199 11.372718864294932
63.48657338928979 81.51657360496401 58.046314117584714 43.78414100088029 0.0 56.0528908679818 55.212137603659315 33.48671207013854 34.07238001889023 67.45897820232238 31.322766945246293 47.33786023551877 72.44645888225294 36.53405558279747 79.25710576881723 98.37661525320591 10.898332854750086 66.21229710008708 39.070388999737794 45.71226632151014 52.588946704187634 29.112499726971368 25.980475580593026 39.95393645843741 3.3067964256690217 61.250507876388426 53.82526607161479 69.06089289750628 48.63564460283194 58.32590722397818 25.679500464949196 94.7433742255981 61.8589498220595 38.33997153525976 84.30699876965915 89.46614949380982 15.583420473506228 66.8223449262315 44.81920446504136 53.851382266535786 81.01988988656076 66.89657858302608 87.585614299621 80.1382252200379 89.7763097398003 42.423818439750754
26.23653379267033 26.578117264159985 3.6110342243585323 16.946579686823906 56.0528908679818 0.0 2.877102194865543 22.568479682035026 25.27443609799702 19.24580650860351 43.03696657066807 11.903405792656146 21.348304825557314 24.451669440031267 36.08251616859432 51.929093512910576 60.41499736638282 22.913952988422277 19.965384645353353 10.344625892903633 7.222382400692931 30.095152587769977 38.87980169066589 20.949446511893683 56.56291852603285 5.803803500061493 3.8183671173763694 21.084647558464987 16.024960099957692 7.573751892524714 49.29788662216562 55.38921019988974 11.981575387512834 19.83010584182157 38.73157010521869 44.38044492259404 40.494743542652095 21.276093160265486 11.362871325698306 11.787201215948341 33.524000193688785 34.17928606019299 54.377732418914974 33.71416415310693 42.69650322235121 13.688860600439355
23.600028855237262 26.644457497383883 2.8404269823521866 14.660975299662365 55.212137603659315 2.877102194865543 0.0 21.800442398119152 23.495909248703036 22.08201669266882 40.804235213792914 9.618517617498686 20.159001458716546 22.430707026444747 34.124854821127265 50.537092436577346 60.05432215123807 20.610966515906384 20.538051690570356 9.895540472220972 9.325034314318886 28.46210747722674 39.27015340678139 18.81034236995845 55.562138823342494 8.12595433805486 1.4384460521672449 19.296133988028537 13.295097235488196 10.44414705782346 47.28282733807461 53.38840493068837 10.036245388432448 20.20193833355806 37.07150470361159 42.750722862745 39.73248097173813 19.15481779298754 10.421041237021658 14.23621230061476 32.00879691354081 31.50764695861959 51.99849503202766 32.06320159826397 41.27450688840561 13.302180236514683
35.57081803543817 48.343548242838864 24.640854386793638 13.514825363494356 33.48671207013854 22.568479682035026 21.800442398119152 0.0 9.4126482412611 36.14140783073417 27.09193919408445 15.083582459026571 40.274202445731625 11.536267523468654 50.35066095236908 68.79163003349056 38.44255226360288 36.22335746759461 10.071184171887825 12.236328685554701 19.799989035330825 11.042233183731517 20.666288513233432 11.98634542502532 34.035875662667635 27.861628120212 20.44477416200827 37.696874605465496 18.536339711618854 25.53309826374446 30.829730230476045 68.31092577449432 29.41528162841883 8.646735088205467 54.646670441368975 60.21269548348904 17.948669921005095 36.092395368675085 11.379426515310776 22.37294753758935 50.451419372482 41.55702822710028 63.82133882914581 49.95157739497952 59.6834499684096 9.02662832642722
30.110374838257226 48.31746277596807 26.11987956410822 9.901367563711194 34.07238001889023 25.27443609799702 23.495909248703036 9.4126482412611 0.0 42.03510888472328 18.918238349984037 14.238445961690731 38.53786709973742 2.845226392315494 45.694960940239696 64.68773676428754 41.298839998083054 32.23572594820227 19.116478200942602 16.354735006452916 25.106071158056473 5.17731627217624 28.2396327253056 5.882135275435736 33.70174041756945 31.057898410189267 22.06264951938975 35.00059549910774 14.573711434617334 30.36863698321611 24.209951575682073 62.49233021278894 28.226941672598656 17.673313199021603 50.52718323579066 55.849095282800135 20.02068413413381 32.75726419281883 14.568555217487521 28.9183048320917 47.0125763192669 34.90422656425835 56.918119793832645 46.20013029948688 55.90097102808206 14.488383697676818
43.69025859502541 30.397918072541035 21.24513089474868 35.40659282414268 67.45897820232238 19.24580650860351 22.08201669266882 36.14140783073417 42.03510888472328 0.0 60.76039797845582 30.578197060761212 32.78522106553411 41.970750967316015 49.52955479699099 61.23399697440955 69.09794688615543 38.97872328198097 28.424859021269967 25.694792507933595 16.929445106579504 46.11481957641706 44.763013411625856 38.925940781984735 68.74975382461115 14.75939888849407 23.0289674129686 35.148197242678854 35.21719993183639 12.088049451122426 66.13903466267156 68.22268148896998 28.188103820152794 29.27920151899377 50.386260244612274 55.500720747472876 52.295556071665054 36.70877033331264 27.56166520985228 13.836702995265616 44.825909418818256 51.609182243181394 69.57106901255808 45.71330420508262 52.734363165537715 27.803359275041533
37.652113178586895 62.501293574227155 43.0788567185015 26.14365066963181 31.322766945246293 43.03696657066807 40.804235213792914 27.09193919408445 18.918238349984037 60.76039797845582 0.0 31.193395012787384 51.221092028603124 18.803714022871194 52.83828735745122 71.66259530861778 41.64345707032468 42.235176075021975 37.15845801575424 35.089025249322574 43.857944151174586 16.08542348904522 39.77127522308048 22.09953251431572 29.190679473880127 48.81266010686688 39.44595458552252 46.68969989180666 28.683037048146243 48.891524827288876 8.132555680354171 65.70654010298995 42.62914503805295 35.73833365039581 58.339652177465126 62.799006593299396 25.087877671687846 43.75344287457869 33.19924371137302 47.82463667481457 56.36024657682563 38.653743258184555 57.470595234323135 55.053869344204074 63.99433121837544 33.4051114695747
21.78112750744033 34.292011504540966 12.033561119151939 5.054275346479321 47.33786023551877 11.903405792656146 9.618517617498686 15.083582459026571 14.238445961690731 30.578197060761212 31.193395012787384 0.0 25.332878252415462 12.891676038681327 35.65236140266109 53.81026505820991 53.27092292156024 21.421052208824598 18.31619722987679 7.757783510008785 14.621508007863214 19.358767932557267 35.05735716471752 9.209991685411 47.34823876571384 17.636690038485387 8.252639049812668 22.61333883253206 5.681571760237641 18.491632063099736 37.70011165429158 54.14834679803068 14.5640686655289 17.35672412602284 39.715841401311884 45.33098468840759 32.241734856490666 21.0848229074557 6.21688464021389 19.624007364007255 35.39662542702906 28.80981706466651 50.78448388357486 34.950401243140384 44.65848155214303 9.580250145874215
16.8021878084341 11.999824995993988 17.8262915112803 28.687932265680754 72.44645888225294 21.348304825557314 20.159001458716546 40.274202445731625 38.53786709973742 32.78522106553411 51.221092028603124 25.332878252415462 0.0 36.37036734548912 16.769799767592026 30.61123392477456 78.60121079231736 10.593584100458193 40.65354073160199 29.58643476929424 28.45910793200048 43.674501475654125 59.190024040337484 32.70513550811726 72.22689455017681 20.531456956940406 21.08447223077328 5.024570001986844 24.057506389566136 26.215370784707684 58.97977411218523 35.55279066538102 10.870021318684175 40.2294873364226 17.960810887379836 23.435243720017645 57.54379502551761 8.207710623366786 29.483112177666683 32.305836722123715 12.484065818513526 22.912914753283516 37.087463718330135 13.071923029253101 21.420071430395392 32.85304092543204
27.362981586977426 46.470604231994 24.92227650170528 8.100570637576695 36.53405558279747 24.451669440031267 22.430707026444747 11.536267523468654 2.845226392315494 41.970750967316015 18.803714022871194 12.891676038681327 36.37036734548912 0.0 43.00068819825831 62.033372030720614 44.00199769642651 29.683966565131357 20.7363696906052 16.34847701960649 25.096422377869057 7.424775292007896 30.973078745784637 3.7886237825434423 36.01945918911465 30.25481425121885 21.022056363449213 32.663344679896035 12.313699006817298 30.08930771610705 24.860918020327222 59.67564036157495 26.29092114775785 19.31025684041935 47.89234539242482 53.17349968025719 22.76368139972636 30.315410013251043 14.42341912625527 29.255178686735675 44.48729433472203 32.06341323942949 54.07359753522065 43.628517304086884 53.302860716289324 15.031421299134992
15.779237541423049 24.514243212639414 32.48649644362278 37.03766694427516 79.25710576881723 36.08251616859432 34.124854821127265 50.35066095236908 45.694960940239696 49.52955479699099 52.83828735745122 35.65236140266109 16.769799767592026 43.00068819825831 0.0 19.138187406206757 86.99251769492312 14.239661762827216 53.380819469227475 42.008679228300444 43.282630260489874 50.30654528657606 70.69646951917538 40.012261372326016 78.369753303999 36.61507788138088 34.59900656926236 15.06756665345112 31.90966244816562 42.105468635229435 60.97075102451057 19.311736066181155 24.13011207435684 52.64038501954822 5.606124967859605 10.210631846746189 65.70942348507499 15.053038723856089 41.255782688561936 47.72716457723163 6.96145293616894 15.055633556252689 20.53119004071994 5.156169016831367 11.221204915750846 44.8123156789563
34.91578077522229 31.280127850027785 48.368848669349255 55.737796944191196 98.37661525320591 51.929093512910576 50.537092436577346 68.79163003349056 64.68773676428754 61.23399697440955 71.66259530861778 53.81026505820991 30.61123392477456 62.033372030720614 19.138187406206757 0.0 105.97331592316402 32.6463071200575 70.75142807542147 59.43293009014652 59.067880009284565 69.37845577285019 88.76269099923779 58.93528964838722 97.50734434121185 50.882845255564796 51.30805913245368 31.517180415285758 50.61001826869644 56.607215803545415 79.78565578327843 14.247216492361932 40.662783840792514 70.1760297920023 14.189500358586317 8.937722987771545 84.66745522568037 32.725443363826564 58.972396296956504 62.84462704159545 18.586683767024244 33.13840102738444 24.315637393672546 18.862086359661998 9.26756464914024 62.492802498925045
71.3569228084935 86.69307467393467 62.88072642517902 50.4321971053599 10.898332854750086 60.41499736638282 60.05432215123807 38.44255226360288 41.298839998083054 69.09794688615543 41.64345707032468 53.27092292156024 78.60121079231736 44.00199769642651 86.99251769492312 105.97331592316402 0.0 73.42438453598857 41.591234463745685 50.20429586821335 55.8613117951661 36.8008448395363 24.667773846017358 47.04152035964282 13.950229012285542 65.11214720296523 58.75288916175926 75.682791815752 55.5004740040663 61.404791869529696 36.464592751041096 103.34541484696283 67.78401049399507 41.211984717325386 91.79953542865908 97.14666195432596 21.310428236627057 73.73234683257175 49.70082448538169 56.13575016911952 88.1059554799817 75.49132860956824 96.75831513902676 87.3880728319428 97.12105913095178 46.79856306461979
6.218063922359337 22.556440840104113 19.463617549466658 23.093091124021704 66.21229710008708 22.913952988422277 20.610966515906384 36.22335746759461 32.23572594820227 38.97872328198097 42.235176075021975 21.421052208824598 10.593584100458193 29.683966565131357 14.239661762827216 32.6463071200575 73.42438453598857 0.0 39.201691794969925 27.85307805357595 29.929647600906513 37.100486225899985 56.4754573330509 26.407681169651465 65.5929898385175 24.7338723361296 20.86972438681179 5.5962576585539106 17.969298665189708 29.714445040922488 50.22242244474061 33.09272463094679 11.147597709713466 38.43089454238121 18.462063433104912 23.991108053417058 52.115475278179254 2.5871710849873013 27.036854864972987 34.700804996733126 14.812543322295557 13.10503099335343 31.473383490311296 13.969193074829345 23.697023865486344 30.592556493964196
40.088814439127994 46.48745131167074 23.10259284513279 19.490681744638024 39.070388999737794 19.965384645353353 20.538051690570356 10.071184171887825 19.116478200942602 28.424859021269967 37.15845801575424 18.31619722987679 40.65354073160199 20.7363696906052 53.380819469227475 70.75142807542147 41.591234463745685 39.201691794969925 0.0 11.380905569259147 14.37701358924886 21.088334480381885 18.93373556200859 19.914818556070387 40.32584754092459 23.87276492558741 19.570063338832977 39.24652419275997 23.506908884667524 19.81936103601207 40.59090311894435 72.22905510020519 30.109997306330886 1.4441189386037925 56.9591726374048 62.64458408623821 23.88586217911704 38.41055629624785 12.237834576817972 14.794237245348448 52.16481169837691 47.058945266211296 69.09906977796415 52.01904019002194 61.48902930421552 8.740951552397103
29.084668058909816 36.525754006541696 12.696428066509712 10.98019340808476 45.71226632151014 10.344625892903633 9.895540472220972 12.236328685554701 16.354735006452916 25.694792507933595 35.089025249322574 7.757783510008785 29.58643476929424 16.34847701960649 42.008679228300444 59.43293009014652 50.20429586821335 27.85307805357595 11.380905569259147 0.0 8.771330400172177 20.67090033092004 29.603722815552942 13.623085239407098 46.262013212138264 15.670469478071782 8.67882355341538 27.915948066567054 13.415897170718436 14.068903352072082 40.52969498025946 60.91909689508917 18.8702743058573 10.743137807099473 45.59169976151351 51.274503118704736 30.150410828599455 27.029650726988706 2.0094934344045545 13.031229228630226 40.849726342529344 36.37890390948339 58.14938698892162 40.66398720219784 50.17880290309418 3.410399637212254
32.78702627094731 32.58280932517567 10.833416321557488 19.026053098571555 52.588946704187634 7.222382400692931 9.325034314318886 19.799989035330825 25.106071158056473 16.929445106579504 43.857944151174586 14.621508007863214 28.45910793200048 25.096422377869057 43.282630260489874 59.067880009284565 55.8613117951661 29.929647600906513 14.37701358924886 8.771330400172177 0.0 29.266128787430066 33.13444988267728 22.204404731675492 53.47964657349331 9.594132052751398 9.289217126297842 28.304001569384287 19.97918352072723 5.761768854385705 49.23610668449906 62.58221928718784 19.157844743747287 14.649881103920517 45.94745166355054 51.59058913089088 37.05725942599833 28.407289212229752 10.673600808251686 5.176263133775353 40.7164609568444 40.62214799251041 61.320755336387045 40.930425769645105 49.85363868098461 11.028348486388662
34.597669702261605 53.49297995731704 31.137578304133676 15.07514101938118 29.112499726971368 30.095152587769977 28.46210747722674 11.042233183731517 5.17731627217624 46.11481957641706 16.08542348904522 19.358767932557267 43.674501475654125 7.424775292007896 50.30654528657606 69.37845577285019 36.8008448395363 37.100486225899985 21.088334480381885 20.67090033092004 29.266128787430066 0.0 26.343418481406175 10.97143676150843 28.61369955851685 35.83571554924597 27.02416207710883 40.05815390660044 19.656243811215454 34.7346635174848 20.090317073307702 66.61129097164518 33.40239297930015 19.676348943948405 55.259769294639575 60.49795559406135 15.761996891828836 37.73733224176093 19.04945594840003 32.64782139477959 51.9073903010202 38.81906815505301 60.512264341484425 51.035081438542996 60.69436856933408 18.313185280774018
56.19671428679336 65.42090951992952 41.92495647709854 34.165843947668435 25.980475580593026 38.87980169066589 39.27015340678139 20.666288513233432 28.2396327253056 44.763013411625856 39.77127522308048 35.05735716471752 59.190024040337484 30.973078745784637 70.69646951917538 88.76269099923779 24.667773846017358 56.4754573330509 18.93373556200859 29.603722815552942 33.13444988267728 26.343418481406175 0.0 32.40145563137861 28.410665178071135 42.71197748374885 38.190150302030865 57.31382648948521 39.12186289432673 38.25853105266406 39.35126928896891 88.91551263639873 48.43582633397666 19.084648390595554 74.73510662268048 80.37072405752976 15.92918797414345 56.07675230288464 29.83390523300485 32.41870755463682 70.23583565173561 62.199568031781 84.45476262451734 69.90923669963175 79.55189382481218 26.36866561955431
24.57554204434517 42.69673658093028 21.23671380560333 4.3184901100501145 39.95393645843741 20.949446511893683 18.81034236995845 11.98634542502532 5.882135275435736 38.925940781984735 22.09953251431572 9.209991685411 32.70513550811726 3.7886237825434423 40.012261372326016 58.93528964838722 47.04152035964282 26.407681169651465 19.914818556070387 13.623085239407098 22.204404731675492 10.97143676150843 32.40145563137861 0.0 39.56711982104796 26.738485826767384 17.420887615858927 29.12020560306901 8.696028378969139 26.926478983936118 28.490591519522344 57.178388496610104 22.529366610643738 18.55692572284674 44.75827452867488 50.129119846529 25.732819552213726 26.882307860393894 11.624476627564697 26.654055269086072 41.16161884908481 29.900880684984553 52.10730533980103 40.37679857082131 50.09423709346775 12.96681017387103
62.591645357688016 81.6267131705162 58.38065623592077 43.542842031580655 3.3067964256690217 56.56291852603285 55.562138823342494 34.035875662667635 33.70174041756945 68.74975382461115 29.190679473880127 47.34823876571384 72.22689455017681 36.01945918911465 78.369753303999 97.50734434121185 13.950229012285542 65.5929898385175 40.32584754092459 46.262013212138264 53.47964657349331 28.61369955851685 28.410665178071135 39.56711982104796 0.0 61.895337880933575 54.15482521055299 68.67184811122306 48.261821997307294 59.23771589517622 23.07297195805807 93.42827221970549 61.77389456827154 39.50017229537685 83.51146574907438 88.57826143972352 16.48145710919298 66.32598348588782 45.241951184051544 55.03315458980712 80.40294552476516 65.64870843439684 85.99760549700395 79.45589496953798 89.03040036888406 43.04873027620133
29.0683438560079 23.091509988908385 6.603228348258213 22.690407476165937 61.250507876388426 5.803803500061493 8.12595433805486 27.861628120212 31.057898410189267 14.75939888849407 48.81266010686688 17.636690038485387 20.531456956940406 30.25481425121885 36.61507788138088 50.882845255564796 65.11214720296523 24.7338723361296 23.87276492558741 15.670469478071782 9.594132052751398 35.83571554924597 42.71197748374885 26.738485826767384 61.895337880933575 0.0 9.403947098366222 21.641246237524737 21.353197237809493 5.724733555024782 55.10152960208932 55.818615968296506 13.668969654436253 24.012714091616033 38.4693139503894 43.96647038863161 45.667283124829716 22.659788129844905 16.933757461101557 12.108410145249204 33.015435015878694 37.02833259737692 55.94696376429007 33.521860707170696 41.81848071715913 18.848709821296687
23.498306908716756 27.940837055468023 4.226044953775533 13.305120746622334 53.82526607161479 3.8183671173763694 1.4384460521672449 20.44477416200827 22.06264951938975 23.0289674129686 39.44595458552252 8.252639049812668 21.08447223077328 21.022056363449213 34.59900656926236 51.30805913245368 58.75288916175926 20.86972438681179 19.570063338832977 8.67882355341538 9.289217126297842 27.02416207710883 38.190150302030865 17.420887615858927 54.15482521055299 9.403947098366222 0.0 19.926341824975594 12.210217858499655 11.179869459082353 45.87935297447091 53.8093591399814 10.669598971180275 19.16163435142037 37.71976748294255 43.40750267217727 38.36216227623759 19.566309112336036 9.072883889205073 14.365655388250692 32.7437738464164 31.33926837712414 52.12697329813358 32.726022700405444 42.04068308859686 12.066169646210257
11.814317727998748 17.021696773591408 17.476139835565025 25.334069605385015 69.06089289750628 21.084647558464987 19.296133988028537 37.696874605465496 35.00059549910774 35.148197242678854 46.68969989180666 22.61333883253206 5.024570001986844 32.663344679896035 15.06756665345112 31.517180415285758 75.682791815752 5.5962576585539106 39.24652419275997 27.915948066567054 28.304001569384287 40.05815390660044 57.31382648948521 29.12020560306901 68.67184811122306 21.641246237524737 19.926341824975594 0.0 20.42764979548766 27.061012439377865 54.54613198154245 34.37066936821149 9.26792144463015 38.658962506554246 17.79348005414152 23.481299213008658 54.46424241488006 3.1896584703899933 27.486909227877586 32.66913550453673 12.938225461387612 18.304005494959185 34.45886229100904 12.803518765416891 22.267295114330903 30.991399628782055
17.082731799468096 34.389890392355994 14.993049038706365 5.133718529106627 48.63564460283194 16.024960099957692 13.295097235488196 18.536339711618854 14.573711434617334 35.21719993183639 28.683037048146243 5.681571760237641 24.057506389566136 12.313699006817298 31.90966244816562 50.61001826869644 55.5004740040663 17.969298665189708 23.506908884667524 13.415897170718436 19.97918352072723 19.656243811215454 39.12186289432673 8.696028378969139 48.261821997307294 21.353197237809493 12.210217858499655 20.42764979548766 0.0 23.244568585529997 35.878090332666346 49.795327516833815 14.205836807261374 22.424479616182325 36.42139736030687 41.89743117718147 34.20566404988281 18.25683551392001 11.760087681864185 25.080337675560628 32.60696124718081 23.598400379140614 45.76986630701598 31.904932315827118 41.65055687160613 14.893633655363935
33.53056574107247 28.433397562684288 10.418407192988555 23.328670661937732 58.32590722397818 7.573751892524714 10.44414705782346 25.53309826374446 30.36863698321611 12.088049451122426 48.891524827288876 18.491632063099736 26.215370784707684 30.08930771610705 42.105468635229435 56.607215803545415 61.404791869529696 29.714445040922488 19.81936103601207 14.068903352072082 5.761768854385705 34.7346635174848 38.25853105266406 26.926478983936118 59.23771589517622 5.724733555024782 11.179869459082353 27.061012439377865 23.244568585529997 0.0 54.572960155311776 61.364115399335795 18.56852554292319 20.229372277162664 44.12433712084314 49.647361999682474 42.80714863645444 27.808863659428503 15.800292524259913 6.523262423513433 38.69449952728246 41.50384525899526 61.12621911348946 39.157887309381415 47.53594922221238 16.664730001700118
45.75042104843436 70.06430025953325 49.72547073574003 32.7412038030327 25.679500464949196 49.29788662216562 47.28282733807461 30.829730230476045 24.209951575682073 66.13903466267156 8.132555680354171 37.70011165429158 58.97977411218523 24.860918020327222 60.97075102451057 79.78565578327843 36.464592751041096 50.22242244474061 40.59090311894435 40.52969498025946 49.23610668449906 20.090317073307702 39.35126928896891 28.490591519522344 23.07297195805807 55.10152960208932 45.87935297447091 54.54613198154245 35.878090332666346 54.572960155311776 0.0 73.63156829717845 50.01575669303984 39.24750576134408 66.47005885725193 70.92743254479599 23.57121634279574 51.663080617047534 38.77565823139582 52.73668180317478 64.44567515597835 46.74812755291033 65.14513525547173 63.15680089372948 72.12447122247276 38.36762227335252
32.74351656648023 40.419731223288615 51.79611359206059 54.80227109715273 94.7433742255981 55.38921019988974 53.38840493068837 68.31092577449432 62.49233021278894 68.22268148896998 65.70654010298995 54.14834679803068 35.55279066538102 59.67564036157495 19.311736066181155 14.247216492361932 103.34541484696283 33.09272463094679 72.22905510020519 60.91909689508917 62.58221928718784 66.61129097164518 88.91551263639873 57.178388496610104 93.42827221970549 55.818615968296506 53.8093591399814 34.37066936821149 49.795327516833815 61.364115399335795 73.63156829717845 0.0 43.42464761135845 71.40231982589394 17.909262146374974 13.526572594771116 82.3456209368385 34.24685737508442 60.01083335768301 67.03719936682498 23.43933586967886 27.87281751074109 11.051624238369511 22.517089797769287 17.267763268756447 63.55299516538541
15.509848121343502 20.20023576836751 8.42357507152912 18.327638667680073 61.8589498220595 11.981575387512834 10.036245388432448 29.41528162841883 28.226941672598656 28.188103820152794 42.62914503805295 14.5640686655289 10.870021318684175 26.29092114775785 24.13011207435684 40.662783840792514 67.78401049399507 11.147597709713466 30.109997306330886 18.8702743058573 19.157844743747287 33.40239297930015 48.43582633397666 22.529366610643738 61.77389456827154 13.668969654436253 10.669598971180275 9.26792144463015 14.205836807261374 18.56852554292319 50.01575669303984 43.42464761135845 0.0 29.590238068893907 27.058177225937957 32.74363590042242 46.80518018997946 9.317452772621667 18.650808842986393 23.724436914847274 22.085511135154526 23.42239553969966 42.576896839334715 22.05926139729101 31.395818050340143 22.06856091716132
39.13607476842379 46.40411551306855 22.840723149664807 18.277810872994998 38.33997153525976 19.83010584182157 20.20193833355806 8.646735088205467 17.673313199021603 29.27920151899377 35.73833365039581 17.35672412602284 40.2294873364226 19.31025684041935 52.64038501954822 70.1760297920023 41.211984717325386 38.43089454238121 1.4441189386037925 10.743137807099473 14.649881103920517 19.676348943948405 19.084648390595554 18.55692572284674 39.50017229537685 24.012714091616033 19.16163435142037 38.658962506554246 22.424479616182325 20.229372277162664 39.24750576134408 71.40231982589394 29.590238068893907 0.0 56.31762647148491 61.996484827701 23.027475947841417 37.71997550601049 11.398184181300504 15.534281311523177 51.592781616115666 46.01012451592536 68.10384264808454 51.39998993866973 60.921768362867816 7.849508053826648
20.997266483491483 22.902901723805453 35.12469630783115 41.55018692840641 84.30699876965915 38.73157010521869 37.07150470361159 54.646670441368975 50.52718323579066 50.386260244612274 58.339652177465126 39.715841401311884 17.960810887379836 47.89234539242482 5.606124967859605 14.189500358586317 91.79953542865908 18.462063433104912 56.9591726374048 45.59169976151351 45.94745166355054 55.259769294639575 74.73510662268048 44.75827452867488 83.51146574907438 38.4693139503894 37.71976748294255 17.79348005414152 36.42139736030687 44.12433712084314 66.47005885725193 17.909262146374974 27.058177225937957 56.31762647148491 0.0 5.690452784629573 70.49101847350082 18.659698212794485 45.023731011440866 50.08197098488366 5.561155344593738 20.646392729875355 22.139640310008232 5.0175000012146755 5.655269199554438 48.564972742016906
25.989494998803572 26.952795168967285 40.77703044921727 47.03103130357943 89.46614949380982 44.38044492259404 42.750722862745 60.21269548348904 55.849095282800135 55.500720747472876 62.799006593299396 45.33098468840759 23.435243720017645 53.17349968025719 10.210631846746189 8.937722987771545 97.14666195432596 23.991108053417058 62.64458408623821 51.274503118704736 51.59058913089088 60.49795559406135 80.37072405752976 50.129119846529 88.57826143972352 43.96647038863161 43.40750267217727 23.481299213008658 41.89743117718147 49.647361999682474 70.92743254479599 13.526572594771116 32.74363590042242 61.996484827701 5.690452784629573 0.0 75.85051627457938 24.31119251304556 50.69016264716088 55.66871732983689 10.952865990720783 24.409752105235306 20.213784130402058 10.687523119039518 3.9711264886129976 54.234577097868616
50.12294891445567 66.18224669848759 42.57173862956214 29.15993593827875 15.583420473506228 40.494743542652095 39.73248097173813 17.948669921005095 20.02068413413381 52.295556071665054 25.087877671687846 32.241734856490666 57.54379502551761 22.76368139972636 65.70942348507499 84.66745522568037 21.310428236627057 52.115475278179254 23.88586217911704 30.150410828599455 37.05725942599833 15.761996891828836 15.92918797414345 25.732819552213726 16.48145710919298 45.667283124829716 38.36216227623759 54.46424241488006 34.20566404988281 42.80714863645444 23.57121634279574 82.3456209368385 46.80518018997946 23.027475947841417 70.49101847350082 75.85051627457938 0.0 52.45221724006865 29.316913976985084 38.556681543462005 66.81224850893602 54.577772221991054 76.23485369228109 66.08079584149414 75.81162535822956 26.846464578598862
8.735145343082612 20.207405818478406 17.738738440425475 23.30017171521557 66.8223449262315 21.276093160265486 19.15481779298754 36.092395368675085 32.75726419281883 36.70877033331264 43.75344287457869 21.0848229074557 8.207710623366786 30.315410013251043 15.053038723856089 32.725443363826564 73.73234683257175 2.5871710849873013 38.41055629624785 27.029650726988706 28.407289212229752 37.73733224176093 56.07675230288464 26.882307860393894 66.32598348588782 22.659788129844905 19.566309112336036 3.1896584703899933 18.25683551392001 27.808863659428503 51.663080617047534 34.24685737508442 9.317452772621667 37.71997550601049 18.659698212794485 24.31119251304556 52.45221724006865 0.0 26.38487147802636 33.03825477728342 14.39839192963172 15.660063611241153 33.32286407012541 13.866670918835021 23.591063012138036 29.933557616654312
27.887843504903756 37.00373041409742 13.261464355558825 9.012124942971415 44.81920446504136 11.362871325698306 10.421041237021658 11.379426515310776 14.568555217487521 27.56166520985228 33.19924371137302 6.21688464021389 29.483112177666683 14.42341912625527 41.255782688561936 58.972396296956504 49.70082448538169 27.036854864972987 12.237834576817972 2.0094934344045545 10.673600808251686 19.04945594840003 29.83390523300485 11.624476627564697 45.241951184051544 16.933757461101557 9.072883889205073 27.486909227877586 11.760087681864185 15.800292524259913 38.77565823139582 60.01083335768301 18.650808842986393 11.398184181300504 45.023731011440866 50.69016264716088 29.316913976985084 26.38487147802636 0.0 15.034085206431076 40.418387285519565 35.01661672089494 56.93337380197163 40.14376908057589 49.74223721573457 3.5565329903943677
37.81954543939107 34.95475210188998 15.300865955185849 23.792395363014474 53.851382266535786 11.787201215948341 14.23621230061476 22.37294753758935 28.9183048320917 13.836702995265616 47.82463667481457 19.624007364007255 32.305836722123715 29.255178686735675 47.72716457723163 62.84462704159545 56.13575016911952 34.700804996733126 14.794237245348448 13.031229228630226 5.176263133775353 32.64782139477959 32.41870755463682 26.654055269086072 55.03315458980712 12.108410145249204 14.365655388250692 32.66913550453673 25.080337675560628 6.523262423513433 52.73668180317478 67.03719936682498 23.724436914847274 15.534281311523177 50.08197098488366 55.66871732983689 38.556681543462005 33.03825477728342 15.034085206431076 0.0 44.7309238457977 45.69470819878432 66.16012817099659 45.08138294491797 53.71004119629105 14.440068197715277
18.719212348713675 17.914233633773634 29.933126717341256 37.680895764735254 81.01988988656076 33.524000193688785 32.00879691354081 50.451419372482 47.0125763192669 44.825909418818256 56.36024657682563 35.39662542702906 12.484065818513526 44.48729433472203 6.96145293616894 18.586683767024244 88.1059554799817 14.812543322295557 52.16481169837691 40.849726342529344 40.7164609568444 51.9073903010202 70.23583565173561 41.16161884908481 80.40294552476516 33.015435015878694 32.7437738464164 12.938225461387612 32.60696124718081 38.69449952728246 64.44567515597835 23.43933586967886 22.085511135154526 51.592781616115666 5.561155344593738 10.952865990720783 66.81224850893602 14.39839192963172 40.418387285519565 44.7309238457977 0.0 20.500699331678774 26.807840687382132 1.8588758180328115 9.329446936809093 43.9280805375878
7.9781292584858035 34.27754368561505 31.08773381408913 28.18539367549417 66.89657858302608 34.17928606019299 31.50764695861959 41.55702822710028 34.90422656425835 51.609182243181394 38.653743258184555 28.80981706466651 22.912914753283516 32.06341323942949 15.055633556252689 33.13840102738444 75.49132860956824 13.10503099335343 47.058945266211296 36.37890390948339 40.62214799251041 38.81906815505301 62.199568031781 29.900880684984553 65.64870843439684 37.02833259737692 31.33926837712414 18.304005494959185 23.598400379140614 41.50384525899526 46.74812755291033 27.87281751074109 23.42239553969966 46.01012451592536 20.646392729875355 24.409752105235306 54.577772221991054 15.660063611241153 35.01661672089494 45.69470819878432 20.500699331678774 0.0 22.266620457447296 18.76671073824708 26.182210986506764 38.36277845567947
29.064869649967285 44.72183345594273 50.93607846823342 50.44231563416776 87.585614299621 54.377732418914974 51.99849503202766 63.82133882914581 56.918119793832645 69.57106901255808 57.470595234323135 50.78448388357486 37.087463718330135 54.07359753522065 20.53119004071994 24.315637393672546 96.75831513902676 31.473383490311296 69.09906977796415 58.14938698892162 61.320755336387045 60.512264341484425 84.45476262451734 52.10730533980103 85.99760549700395 55.94696376429007 52.12697329813358 34.45886229100904 45.76986630701598 61.12621911348946 65.14513525547173 11.051624238369511 42.576896839334715 68.10384264808454 22.139640310008232 20.213784130402058 76.23485369228109 33.32286407012541 56.93337380197163 66.16012817099659 26.807840687382132 22.266620457447296 0.0 25.288591482414283 24.14741135335025 60.36454474387239
17.407431578437397 19.48903757346082 30.107199317048565 37.01145705029459 80.1382252200379 33.71416415310693 32.06320159826397 49.95157739497952 46.20013029948688 45.71330420508262 55.053869344204074 34.950401243140384 13.071923029253101 43.628517304086884 5.156169016831367 18.862086359661998 87.3880728319428 13.969193074829345 52.01904019002194 40.66398720219784 40.930425769645105 51.035081438542996 69.90923669963175 40.37679857082131 79.45589496953798 33.521860707170696 32.726022700405444 12.803518765416891 31.904932315827118 39.157887309381415 63.15680089372948 22.517089797769287 22.05926139729101 51.39998993866973 5.0175000012146755 10.687523119039518 66.08079584149414 13.866670918835021 40.14376908057589 45.08138294491797 1.8588758180328115 18.76671073824708 25.288591482414283 0.0 9.750933767167291 43.675291261841636
26.600478014207134 23.552116510651796 39.12679721466081 46.76046315584199 89.7763097398003 42.69650322235121 41.27450688840561 59.6834499684096 55.90097102808206 52.734363165537715 63.99433121837544 44.65848155214303 21.420071430395392 53.302860716289324 11.221204915750846 9.26756464914024 97.12105913095178 23.697023865486344 61.48902930421552 50.17880290309418 49.85363868098461 60.69436856933408 79.55189382481218 50.09423709346775 89.03040036888406 41.81848071715913 42.04068308859686 22.267295114330903 41.65055687160613 47.53594922221238 72.12447122247276 17.267763268756447 31.395818050340143 60.921768362867816 5.655269199554438 3.9711264886129976 75.81162535822956 23.591063012138036 49.74223721573457 53.71004119629105 9.329446936809093 26.182210986506764 24.14741135335025 9.750933767167291 0.0 53.255165521020274
31.347885293019147 39.93603751386556 16.106623849602254 11.372718864294932 42.423818439750754 13.688860600439355 13.302180236514683 9.02662832642722 14.488383697676818 27.803359275041533 33.4051114695747 9.580250145874215 32.85304092543204 15.031421299134992 44.8123156789563 62.492802498925045 46.79856306461979 30.592556493964196 8.740951552397103 3.410399637212254 11.028348486388662 18.313185280774018 26.36866561955431 12.96681017387103 43.04873027620133 18.848709821296687 12.066169646210257 30.991399628782055 14.893633655363935 16.664730001700118 38.36762227335252 63.55299516538541 22.06856091716132 7.849508053826648 48.564972742016906 54.234577097868616 26.846464578598862 29.933557616654312 3.5565329903943677 14.440068197715277 43.9280805375878 38.36277845567947 60.36454474387239 43.675291261841636 53.255165521020274 0.0
