0.0 24.31228211773828 54.53656901285011 37.71051010332167 54.13476311760222 21.785037047666457 71.26229985481808 30.070547696865944 8.626392216841293 27.57550278053802 23.491578646503473 35.83047520496226 46.73625328235769 6.2303218031722425 18.11308832086509 37.71972755904405 19.9621090442887 43.33629109119767 31.22259374979573 37.55705945516808 7.754439845660764 37.45533288058346 37.18073479827335 25.784449843538734 59.44918849740274 19.955932762234124 58.35675243661441 26.90957298988737 51.7536728954277 34.59816059122769 20.814795741688034 20.721007506998085 45.59127696746665 32.014837032285065 3.7831323878905683 14.027234750415058 27.882934673290844 44.75726429755309 13.744644658244 6.401759382708446 7.84920937041652 40.71920174659394 36.739431481838274 39.982720738135534 41.73951261873784 73.41907295809281 46.436228502907
24.31228211773828 0.0 78.02779229106031 50.65552690499607 76.58051597180342 46.038736099213565 46.98264770333651 44.10514711736022 16.087333871570035 18.05337501030372 40.76058707763585 13.265100301873415 22.4716454463613 20.18772869837203 31.731989588398093 14.016369260695773 43.83099164813852 54.57488448933088 54.89888130585397 49.72924618530304 30.643247195608136 13.879854622429253 58.17786076865481 30.980313440514152 80.28488816335177 44.118676058848884 34.148301258048065 48.82577865014629 73.39091107261663 19.668796114340957 35.51840694485135 13.09881076242813 21.33919794235913 8.415748073913527 26.908445281032158 24.10036827325476 9.728814349772499 57.858487349207266 37.6992496981704 30.687556539635082 16.46607850474184 64.74100570678564 21.89909536361015 54.185362284648214 32.624660188838575 81.3585734343493 31.840682824469752
54.53656901285011 78.02779229106031 0.0 66.51214029261129 8.71186825664385 35.68404870063385 124.66713964963093 62.28130739896028 63.146883857477505 80.74617712222636 55.878682435337694 90.28034547438797 99.67902153120981 60.24706680450068 60.993900759325015 91.90366777412805 39.65832466230264 48.50943670565502 23.3160791361691 46.47867013063576 47.454401914663016 89.64430437143699 23.75824931566166 71.50137485481665 19.12312268622408 34.92168123196658 112.06680946730751 29.934810868459728 13.97356431016531 88.34464000973438 59.839052563642376 74.7669130600904 99.25828037231292 86.18242339894253 53.21995875841722 56.249493410865824 82.40727772525304 44.26771210048355 40.7987341031495 48.2949362483241 62.098246471281655 14.884483516412368 90.29073652720878 41.71562487340615 92.29534996615729 97.10332278601699 99.14381216384352
37.71051010332167 50.65552690499607 66.51214029261129 0.0 70.93290063932427 35.29714753993952 88.90328185951556 7.643145901472772 39.17734799564949 37.21078379928699 15.040340146428033 54.12511123183033 69.38206813328173 35.50484241920059 20.324096420457764 57.70198445364716 31.333257309924367 78.01242552244432 48.93707047989267 72.25957960421908 41.32699524256023 63.75357785429577 61.7727242691856 20.583126151667116 80.1294801007547 40.10969464760387 76.51731479428528 52.562836336932996 71.57856352248803 43.560991481466495 17.008046700426668 38.02244662683728 66.16946773671339 53.761854773239016 34.24945953958375 51.73772152336878 45.922763613946 78.05524756507552 39.87134478358041 36.94936951641054 40.611193770925546 52.35002335327974 43.993882850202056 72.98348308779126 37.61696818461762 36.324050467064005 47.428565315737565
54.13476311760222 76.58051597180342 8.71186825664385 70.93290063932427 0.0 37.747529243162774 122.54822076639888 65.99295944942526 62.571570765695895 81.24159428236297 59.05817651376609 89.29302456855302 97.54167424860057 60.157316450776676 63.041246013123434 90.58609656346454 41.945817604121316 41.51995181708844 23.927379928082427 40.2017654576544 46.61634851857533 87.35505352189749 19.215658625379895 73.612550587749 10.788148521965844 35.63566913609316 110.22282491529104 27.7560951883977 5.7122595311970175 88.5979114231251 62.388387401272865 74.78733692042256 97.49764523955756 84.90930087401937 53.40755041620178 53.64714910763804 81.87641942116235 36.99333504799118 40.71193178055431 48.2245067427738 61.29614923416962 18.682994915201785 90.66107420669941 35.042670878186314 93.78282811850364 103.0622239361621 99.9548428415564
21.785037047666457 46.038736099213565 35.68404870063385 35.29714753993952 37.747529243162774 0.0 92.87674193840799 29.189396733937215 30.038224399630213 45.51089278408345 21.731708350996396 56.90452784629291 68.49665345108347 26.32578741758242 25.402196991702137 59.12061412343875 4.237222908917849 45.64318878273383 14.136697066939384 40.30227135132994 17.325323155299845 59.22515124392745 26.47728961908707 35.96342841723362 45.78154345776431 5.829102999746191 79.90832001244013 17.723978271367002 37.26896994310133 53.260807593051894 24.647082384488282 40.14557401458058 67.21254042015201 53.47907081328544 19.246119808564277 30.2426742469828 48.433225741645906 44.617056393544274 10.434216684323793 15.56878336459034 29.59007449329132 20.8778551121941 55.08415058904916 39.62340340932132 56.61162028421851 70.56214663065059 63.60554652844193
71.26229985481808 46.98264770333651 124.66713964963093 88.90328185951556 122.54822076639888 92.87674193840799 0.0 84.43169876132744 62.84143085005336 52.23825227766276 83.80393614799857 36.59430237418314 25.016810576511293 66.63771239334251 74.53418832525938 33.886961764761885 90.39562389169701 93.27284513379179 101.73390705452724 89.9262129566583 77.53241919057459 35.20004510987608 103.59852495516603 68.74375421943945 124.98102497645759 91.10003428897163 13.036611300041866 95.00175215527383 118.84151525946602 45.353767006674936 78.00624028093812 54.358413400070546 25.67334122023896 39.430812203733275 73.63977792338657 68.91230505798232 45.47448000411231 97.66894196567033 84.66589476381 77.6534182645722 63.414731396370435 111.67686755484719 44.96622930162998 95.30934697649523 53.93707267299875 109.10229465880084 44.49103013094589
30.070547696865944 44.10514711736022 62.28130739896028 7.643145901472772 65.99295944942526 29.189396733937215 84.43169876132744 0.0 31.821983730020925 32.22552709850281 7.8075830161952915 48.7897871448179 63.78613470201463 28.027731144363177 12.946006638423459 52.231419270993435 25.04692846450216 70.67336734597481 43.18702261672228 64.89719483592906 33.78648961962975 57.52208446931002 55.492774850296684 15.750544539305466 74.72647139693645 33.55621636821262 71.77234849170766 45.93440042883433 66.17182456487167 39.230234051077666 9.450050746395464 31.90536701502604 60.82827806767627 47.90691727870586 26.607690972019928 44.09768926647333 40.25413908964125 70.87693145774624 32.72272419912855 29.406784492954635 33.178989338636875 47.70272734107308 40.011040817822064 65.81332850016182 35.57077984876755 43.79719683310196 44.920053395137735
8.626392216841293 16.087333871570035 63.146883857477505 39.17734799564949 62.571570765695895 30.038224399630213 62.84143085005336 31.821983730020925 0.0 20.17413401507679 26.763037074894463 27.207312373160647 38.55100592847009 4.343705579640881 18.88354936159297 29.163570521225328 27.743800503156624 48.01266484967881 39.83757121384742 42.43016047400982 15.959563958145122 29.680447860483273 45.1711459431973 23.056074581587332 67.50250781353597 28.562079134603756 49.88752381781121 35.096547348682066 59.99367533291131 26.61838558066232 22.44639726292082 12.830120024904268 37.17452683443424 23.48133443960361 10.832600352739973 16.012178918210086 19.32150265695024 50.140624692675814 22.36711196763113 14.989549938503226 2.0003365785478917 49.336046129945586 28.848619136125077 45.66925615575858 35.24940424680568 73.34289907647296 38.84218665963239
27.57550278053802 18.05337501030372 80.74617712222636 37.21078379928699 81.24159428236297 45.51089278408345 52.23825227766276 32.22552709850281 20.17413401507679 0.0 31.912260845120397 16.98012559653016 32.35893354776064 21.353938714196016 22.89766687000939 20.642396109773532 42.046280599165755 67.63330145234924 57.661817118738185 62.20107204239916 35.329923746663766 28.22804192388501 64.75139761315273 16.679151082555425 86.98966466188932 45.886884042763995 39.547525128769934 54.435889492220184 79.18063823703946 7.848902296506083 26.08739164709141 7.535809715985748 28.984504164629236 17.51768489825171 27.838192303262527 35.38951528766863 9.676906299132463 70.06396522797714 40.53694617867783 33.06424940084654 22.014745615243584 66.21456393111741 9.573699058082024 65.7126644940267 15.634633001382477 64.32424504856988 18.86141821902431
23.491578646503473 40.76058707763585 55.878682435337694 15.040340146428033 59.05817651376609 21.731708350996396 83.80393614799857 7.8075830161952915 26.763037074894463 31.912260845120397 0.0 47.418213195804896 61.780144802791725 22.606434893561616 9.323866666296341 50.58768095417328 17.523030815886067 62.98382195908287 35.841567944526226 57.22461325576334 26.372504097662343 54.55294482053174 47.83616783814194 17.253203724827276 67.47303961217374 25.840419283270407 70.89631863941239 38.17301947520279 58.938242535464674 39.52124492817744 5.826365797863414 29.769476812790103 59.24329072043673 45.73761934532129 19.82682267350081 37.402553438338046 38.580579854613156 63.10757687802801 24.934223027234264 22.0087334025249 27.808823308435944 41.09873430718123 40.71619432962715 58.04062266654058 38.55892449554488 51.36438331930464 47.147729926920725
35.83047520496226 13.265100301873415 90.28034547438797 54.12511123183033 89.29302456855302 56.90452784629291 36.59430237418314 48.7897871448179 27.207312373160647 16.98012559653016 47.418213195804896 0.0 15.408850001787828 30.592489962220526 38.103505425581545 3.7566720351429557 54.14900752464756 67.53811660078595 66.99703185352372 62.83186100404207 42.86128400808352 13.6249797971123 71.15653132949626 33.54526175011315 93.3573475469558 55.7647331050794 23.582157488480533 61.56588236870413 86.30542979663821 12.770833622526846 41.67413163674343 17.777284604950108 12.055417230221732 5.141542082125532 37.71975151025438 37.35314913839336 8.887832489533343 70.96676022522885 49.555825777087605 42.192414730992176 28.18214373764559 76.5422306682025 14.071280553432208 67.3882471117298 26.17706307924304 80.27371214263356 21.826396834966108
46.73625328235769 22.4716454463613 99.67902153120981 69.38206813328173 97.54167424860057 68.49665345108347 25.016810576511293 63.78613470201463 38.55100592847009 32.35893354776064 61.780144802791725 15.408850001787828 0.0 42.58180496545032 52.47837776756922 11.716921903206357 66.29197302373242 69.78433836245082 76.823640531841 65.97669147765018 52.69530189232527 10.260103231558961 78.62948018552612 48.80550149142269 100.154831652706 66.38819864035997 13.05685756407288 69.98555316552677 93.8847369507845 27.70946908394974 56.170955365039035 32.07241100683392 4.3756192623914965 16.042651051171855 49.378264779848124 43.923101605950315 23.53513888375519 73.91821091468185 59.90807327532246 53.07834763691787 38.90768911277301 86.83548424916532 28.518626024588286 71.1794918895049 40.26934100546148 95.35426031207743 33.64354661222523
6.2303218031722425 20.18772869837203 60.24706680450068 35.50484241920059 60.157316450776676 26.32578741758242 66.63771239334251 28.027731144363177 4.343705579640881 21.353938714196016 22.606434893561616 30.592489962220526 42.58180496545032 0.0 15.194782875452193 32.81424184108904 23.77147117104486 48.6674485354898 36.95207355975719 42.954400380737546 13.981393234208497 33.9063500200981 43.39746441513674 20.878658839209937 65.64686220849002 25.394209586613382 53.63825947307422 33.09608635960606 57.89881406554173 28.46497765048652 18.586199427332886 14.630373054465132 41.01620933224665 27.207658102393545 7.140414391332013 17.59971820359527 22.268646499767247 50.389276670957706 19.5225158340801 11.982256147729775 5.210013631152899 46.14237397857161 30.57603592723284 45.71933434950819 35.590002372181935 70.26953316476754 40.21532591841545
18.11308832086509 31.731989588398093 60.993900759325015 20.324096420457764 63.041246013123434 25.402196991702137 74.53418832525938 12.946006638423459 18.88354936159297 22.89766687000939 9.323866666296341 38.103505425581545 52.47837776756922 15.194782875452193 0.0 41.26382624456545 21.338618673363708 60.696759955653405 39.163873478785106 54.87739606305965 23.397598101410658 45.42887766178005 49.431599821491034 10.572530524055704 70.48417348330074 27.813643715838626 61.605002189666685 39.147024848240534 62.115511816859595 30.643047981779066 3.787076304495491 20.447588669283938 49.91953714598209 36.43821376028518 15.145581034981769 31.96851177704865 29.25863434353437 61.554557125468136 24.678818831546593 19.22597393500934 20.287271528082908 46.119501904161126 32.0087969135394 56.58694308281475 31.467847541300575 55.382494364209826 39.25060166879365
37.71972755904405 14.016369260695773 91.90366777412805 57.70198445364716 90.58609656346454 59.12061412343875 33.886961764761885 52.231419270993435 29.163570521225328 20.642396109773532 50.58768095417328 3.7566720351429557 11.716921903206357 32.81424184108904 41.26382624456545 0.0 56.53744834113687 67.16307500114137 68.69470488896265 62.66186324335184 44.45478641659653 10.606780298806465 72.18510354425969 37.119534399757704 94.25649121178573 57.66971097745215 20.856865362783722 62.83003501049066 87.40479654343868 16.466221704374384 44.890846346693465 20.82703461924184 8.657246310942842 5.7239834655627915 39.876789687702946 37.908133296242816 12.036788798849045 70.78532281646669 51.35009666162183 44.11854615691179 29.932855116811158 78.40321432750886 17.64635133147584 67.40745527531384 29.721255516728007 84.02308115598878 24.73454546653332
19.9621090442887 43.83099164813852 39.65832466230264 31.333257309924367 41.945817604121316 4.237222908917849 90.39562389169701 25.04692846450216 27.743800503156624 42.046280599165755 17.523030815886067 54.14900752464756 66.29197302373242 23.77147117104486 21.338618673363708 56.53744834113687 0.0 48.44245842351552 18.372895681377923 42.94636577358226 16.97077133424967 57.29588145706036 30.486732125772342 31.870997666296578 50.01697955637084 8.904305264722828 77.38409376862646 21.318659592262662 41.5060438649353 49.850459748408824 20.443141618576416 37.03537293705688 64.78718060395255 50.96623594565858 16.937358988011365 30.13715698253497 45.52789666879508 47.7376313963028 11.204104931451619 14.240039164114709 27.54586814505683 24.792265775755045 51.602826063405644 42.69552804918775 52.681441933641665 66.9048794118185 59.89407927423646
43.33629109119767 54.57488448933088 48.50943670565502 78.01242552244432 41.51995181708844 45.64318878273383 93.27284513379179 70.67336734597481 48.01266484967881 67.63330145234924 62.98382195908287 67.53811660078595 69.78433836245082 48.6674485354898 60.696759955653405 67.16307500114137 48.44245842351552 0.0 37.9422179197083 5.819619469520898 37.32041883708589 59.93700807612667 26.416623728899427 69.120482258526 37.825518644904484 39.84777691310355 82.76131731095255 28.914028062004043 35.92326623509428 72.72530034528252 62.53729815115391 60.09880908199516 71.3789741389481 62.412291329453716 45.65459121705601 32.247616744856884 63.3008774605175 5.018537229671927 38.27369725477042 41.60104240715076 46.0332801196386 45.10245799288807 75.06496360096783 7.078677084978996 83.10605835218041 114.31981429684694 85.34351748085174
31.22259374979573 54.89888130585397 23.3160791361691 48.93707047989267 23.927379928082427 14.136697066939384 101.73390705452724 43.18702261672228 39.83757121384742 57.661817118738185 35.841567944526226 66.99703185352372 76.823640531841 36.95207355975719 39.163873478785106 68.69470488896265 18.372895681377923 37.9422179197083 0.0 33.56827394787058 24.25763299488327 66.93559247925207 13.874780652236181 49.726983483602204 31.64513236179652 11.796248453075371 89.01992788163767 9.924491892232762 23.135267979664395 65.17364393421958 38.69674321662646 51.51186737326032 76.20162649430313 62.97073224016692 29.968116992092284 34.26745964496999 59.091273833313004 35.59594164237545 17.482681801027947 24.98580743277889 38.82222254403024 10.272809342162196 67.16556400157155 31.08391055930479 69.8768405285686 83.30752708014 76.24341531091572
37.55705945516808 49.72924618530304 46.47867013063576 72.25957960421908 40.2017654576544 40.30227135132994 89.9262129566583 64.89719483592906 42.43016047400982 62.20107204239916 57.22461325576334 62.83186100404207 65.97669147765018 42.954400380737546 54.87739606305965 62.66186324335184 42.94636577358226 5.819619469520898 33.56827394787058 0.0 31.501299080800187 55.95421291900563 23.316788690573283 63.33759713762258 38.03473511804139 34.48055942545267 79.01665048015185 24.122031629226285 34.838615928546076 67.49584279541794 56.72412132799949 54.66617178244195 67.31376349878808 57.73592265713095 39.84098769550342 26.83147351830921 58.21128203817495 8.134939502424874 32.597972577116785 35.78569885367228 40.46307470726782 41.4758811079804 69.83278204998044 5.6904527846281585 77.60589368505723 108.5761002584292 80.10762364579588
7.754439845660764 30.643247195608136 47.454401914663016 41.32699524256023 46.61634851857533 17.325323155299845 77.53241919057459 33.78648961962975 15.959563958145122 35.329923746663766 26.372504097662343 42.86128400808352 52.69530189232527 13.981393234208497 23.397598101410658 44.45478641659653 16.97077133424967 37.32041883708589 24.25763299488327 31.501299080800187 0.0 42.9675340815579 29.429925312380334 32.37464676829968 51.71270859142014 13.873472164900386 64.77641391562125 19.196756195460374 44.0773500999423 42.30997355706992 25.266541034415987 28.425131927117185 51.95881789308937 38.73194357994876 8.63256541498156 13.166884517613298 35.2610778295596 38.19950256094888 7.3570216534236295 4.379745240426308 14.711267243000963 34.14850220727842 44.46818937430186 33.27338020276724 49.37246145387477 77.58262812289634 54.190504879691794
37.45533288058346 13.879854622429253 89.64430437143699 63.75357785429577 87.35505352189749 59.22515124392745 35.20004510987608 57.52208446931002 29.680447860483273 28.22804192388501 54.55294482053174 13.6249797971123 10.260103231558961 33.9063500200981 45.42887766178005 10.606780298806465 57.29588145706036 59.93700807612667 66.93559247925207 55.95421291900563 42.9675340815579 0.0 68.40205915398089 43.51155690352092 89.89503691208127 56.7741970160499 23.25854835186619 59.866745638952 83.65081144618972 26.004977855905 49.20507563685718 25.731307699691396 11.474457981957743 10.781127421133009 40.37280040583261 33.71306957435111 18.565851012253606 63.95392120685838 50.26030951975993 43.68643559997202 29.75022788686086 77.0267182690307 27.55856455861108 61.08136324222713 39.641374671633436 92.53663243725623 35.3035454361992
37.18073479827335 58.17786076865481 23.75824931566166 61.7727242691856 19.215658625379895 26.47728961908707 103.59852495516603 55.492774850296684 45.1711459431973 64.75139761315273 47.83616783814194 71.15653132949626 78.62948018552612 43.39746441513674 49.431599821491034 72.18510354425969 30.486732125772342 26.416623728899427 13.874780652236181 23.316788690573283 29.429925312380334 68.40205915398089 0.0 59.71052786558655 22.33359774982398 22.03475245570263 91.42315553901463 10.44652151268419 15.26716673203888 71.70821223082439 49.72980798855076 57.82650534907974 78.77886936461006 66.57627313172472 37.27511276453256 34.713656187364926 64.21960640872629 23.12098213875162 25.016134959943837 31.990198107691125 43.67840987444081 18.825397202044126 73.88424021916668 19.33963247870554 78.44414636817066 96.79428891157687 83.61274667867211
25.784449843538734 30.980313440514152 71.50137485481665 20.583126151667116 73.612550587749 35.96342841723362 68.74375421943945 15.750544539305466 23.056074581587332 16.679151082555425 17.253203724827276 33.54526175011315 48.80550149142269 20.878658839209937 10.572530524055704 37.119534399757704 31.870997666296578 69.120482258526 49.726983483602204 63.33759713762258 32.37464676829968 43.51155690352092 59.71052786558655 0.0 80.9746381443813 38.305736212694434 56.167820733113835 49.342075139413474 72.6367721442931 23.483020927931896 11.981121672618281 17.950499893772005 45.59402082424475 33.28807731560283 23.749158195666215 38.46402899180518 25.395205459478554 70.43356985630588 34.763633237239645 28.568141507136655 24.938045704891078 56.61880668944515 24.281028106023324 65.57761656341042 21.372529927555465 50.94259072265243 29.93283250260718
59.44918849740274 80.28488816335177 19.12312268622408 80.1294801007547 10.788148521965844 45.78154345776431 124.98102497645759 74.72647139693645 67.50250781353597 86.98966466188932 67.47303961217374 93.3573475469558 100.154831652706 65.64686220849002 70.48417348330074 94.25649121178573 50.01697955637084 37.825518644904484 31.64513236179652 38.03473511804139 51.71270859142014 89.89503691208127 22.33359774982398 80.9746381443813 0.0 42.6734555114208 113.08195221637914 32.553782331755706 8.558799134169366 94.01713822418836 70.26140153890799 80.13244886370951 100.57067739681683 88.69875150153766 59.334449697901746 56.47643304471392 86.53802189811785 32.883726009222315 46.79541991955425 54.04677050775508 66.01081940609683 28.622592497982325 96.18088635575914 32.403855291896946 100.38369343462715 113.1141554692105 105.84385251206918
19.955932762234124 44.118676058848884 34.92168123196658 40.10969464760387 35.63566913609316 5.829102999746191 91.10003428897163 33.55621636821262 28.562079134603756 45.886884042763995 25.840419283270407 55.7647331050794 66.38819864035997 25.394209586613382 27.813643715838626 57.66971097745215 8.904305264722828 39.84777691310355 11.796248453075371 34.48055942545267 13.873472164900386 56.7741970160499 22.03475245570263 38.305736212694434 42.6734555114208 0.0 78.24619234852959 12.455758460523272 34.338978175803646 53.4366296961441 27.789902948827997 39.851643799743364 65.45204461185692 51.95906589207351 18.315387140046848 25.978238993233145 47.64186623300134 38.93413604540704 6.523587453662278 13.572845712442822 27.748010818636786 20.78111280794569 55.40657406372852 33.9146150173874 58.151827188497 75.80531667017618 64.44732791972716
58.35675243661441 34.148301258048065 112.06680946730751 76.51731479428528 110.22282491529104 79.90832001244013 13.036611300041866 71.77234849170766 49.88752381781121 39.547525128769934 70.89631863941239 23.582157488480533 13.05685756407288 53.63825947307422 61.605002189666685 20.856865362783722 77.38409376862646 82.76131731095255 89.01992788163767 79.01665048015185 64.77641391562125 23.25854835186619 91.42315553901463 56.167820733113835 113.08195221637914 78.24619234852959 0.0 82.56188005037178 106.68931651037613 33.01108317651093 65.11518896829425 41.357465085326766 12.818316151957296 26.433768262847256 60.66402795020832 56.71618837555925 32.46881311706042 86.93873144472275 71.84464809118673 64.75563105369629 50.51793718893787 98.88928151998023 32.89896297129395 84.2336665821036 42.908101136690235 98.62840538532383 34.14570155828456
26.90957298988737 48.82577865014629 29.934810868459728 52.562836336932996 27.7560951883977 17.723978271367002 95.00175215527383 45.93440042883433 35.096547348682066 54.435889492220184 38.17301947520279 61.56588236870413 69.98555316552677 33.09608635960606 39.147024848240534 62.83003501049066 21.318659592262662 28.914028062004043 9.924491892232762 24.122031629226285 19.196756195460374 59.866745638952 10.44652151268419 49.342075139413474 32.553782331755706 12.455758460523272 82.56188005037178 0.0 24.89716068380355 61.501563281065025 39.63860423497607 47.618146643659294 69.80405085225254 57.15423534450446 26.849856406315258 26.325796039279503 54.310185411948424 27.248840991974443 14.596121971232916 21.560857168337822 33.70815569376958 19.512558605000628 63.64897056895827 22.397833314758188 68.00693651962484 88.2090815833862 73.2906386334717
51.7536728954277 73.39091107261663 13.97356431016531 71.57856352248803 5.7122595311970175 37.26896994310133 118.84151525946602 66.17182456487167 59.99367533291131 79.18063823703946 58.938242535464674 86.30542979663821 93.8847369507845 57.89881406554173 62.115511816859595 87.40479654343868 41.5060438649353 35.92326623509428 23.135267979664395 34.838615928546076 44.0773500999423 83.65081144618972 15.26716673203888 72.6367721442931 8.558799134169366 34.338978175803646 106.68931651037613 24.89716068380355 0.0 86.34950573955086 61.80384055735741 72.47463216147536 94.04505194322977 81.77721554045675 51.401429721940964 49.97670724741626 79.19038089980147 31.339731733896137 38.76022666189668 46.134544675066245 58.59400244030017 20.400202940233527 88.47464898609391 29.56258361400097 92.28339673876424 104.74075721302805 98.00174547579127
34.59816059122769 19.668796114340957 88.34464000973438 43.560991481466495 88.5979114231251 53.260807593051894 45.353767006674936 39.230234051077666 26.61838558066232 7.848902296506083 39.52124492817744 12.770833622526846 27.70946908394974 28.46497765048652 30.643047981779066 16.466221704374384 49.850459748408824 72.72530034528252 65.17364393421958 67.49584279541794 42.30997355706992 26.004977855905 71.70821223082439 23.483020927931896 94.01713822418836 53.4366296961441 33.01108317651093 61.501563281065025 86.34950573955086 0.0 33.71394512576418 13.885094858369651 23.8112928496765 15.546750856049554 35.23223213611588 40.745479795860476 9.952449232851018 75.50523869588062 47.8994285157631 40.37427460660477 28.27579175883878 73.8923997342286 2.3399126871262608 71.37232164995537 13.703125910883198 67.65524320714644 12.618231138232101
20.814795741688034 35.51840694485135 59.839052563642376 17.008046700426668 62.388387401272865 24.647082384488282 78.00624028093812 9.450050746395464 22.44639726292082 26.08739164709141 5.826365797863414 41.67413163674343 56.170955365039035 18.586199427332886 3.787076304495491 44.890846346693465 20.443141618576416 62.53729815115391 38.69674321662646 56.72412132799949 25.266541034415987 49.20507563685718 49.72980798855076 11.981121672618281 70.26140153890799 27.789902948827997 65.11518896829425 39.63860423497607 61.80384055735741 33.71394512576418 0.0 24.10847449041393 53.548016012363256 40.138514023852764 17.514799519173827 34.82042870348473 32.86453233906293 63.124158714823814 25.50061523940616 20.941584915542155 23.75283250086439 44.96216924865878 34.942740333934644 58.105263400332085 33.342292308291164 52.65136776926022 41.63330638484069
20.721007506998085 13.09881076242813 74.7669130600904 38.02244662683728 74.78733692042256 40.14557401458058 54.358413400070546 31.90536701502604 12.830120024904268 7.535809715985748 29.769476812790103 17.777284604950108 32.07241100683392 14.630373054465132 20.447588669283938 20.82703461924184 37.03537293705688 60.09880908199516 51.51186737326032 54.66617178244195 28.425131927117185 25.731307699691396 57.82650534907974 17.950499893772005 80.13244886370951 39.851643799743364 41.357465085326766 47.618146643659294 72.47463216147536 13.885094858369651 24.10847449041393 0.0 29.478527317760218 16.064357124312572 21.548717149752 27.85397246403767 8.889455930762214 62.537152379344604 34.1350228632644 26.59478938364392 14.59432361193651 60.486354089754684 16.064357124312618 58.20730231103815 23.090513203419107 68.30097507655417 26.01280528185702
45.59127696746665 21.33919794235913 99.25828037231292 66.16946773671339 97.49764523955756 67.21254042015201 25.67334122023896 60.82827806767627 37.17452683443424 28.984504164629236 59.24329072043673 12.055417230221732 4.3756192623914965 41.01620933224665 49.91953714598209 8.657246310942842 64.78718060395255 71.3789741389481 76.20162649430313 67.31376349878808 51.95881789308937 11.474457981957743 78.77886936461006 45.59402082424475 100.57067739681683 65.45204461185692 12.818316151957296 69.80405085225254 94.04505194322977 23.8112928496765 53.548016012363256 29.478527317760218 0.0 13.863556129954096 47.98402322417117 44.115492308285766 20.689948059391284 75.34528753890403 59.038447640529526 51.984808983058784 37.74511197851314 86.07714943230428 24.465210907007148 72.36745990543727 36.071199883527484 91.36001348477697 29.27937996384471
32.014837032285065 8.415748073913527 86.18242339894253 53.761854773239016 84.90930087401937 53.47907081328544 39.430812203733275 47.90691727870586 23.48133443960361 17.51768489825171 45.73761934532129 5.141542082125532 16.042651051171855 27.207658102393545 36.43821376028518 5.7239834655627915 50.96623594565858 62.412291329453716 62.97073224016692 57.73592265713095 38.73194357994876 10.781127421133009 66.57627313172472 33.28807731560283 88.69875150153766 51.95906589207351 26.433768262847256 57.15423534450446 81.77721554045675 15.546750856049554 40.138514023852764 16.064357124312572 13.863556129954096 0.0 34.23325965627406 32.4796053661618 7.948452910799724 65.87063397735402 45.630072624342795 38.415598650939955 24.21631523305276 72.6851793350455 17.335910001135098 62.33669951648827 29.249621994323373 81.77927820348145 26.157774885076925
3.7831323878905683 26.908445281032158 53.21995875841722 34.24945953958375 53.40755041620178 19.246119808564277 73.63977792338657 26.607690972019928 10.832600352739973 27.838192303262527 19.82682267350081 37.71975151025438 49.378264779848124 7.140414391332013 15.145581034981769 39.876789687702946 16.937358988011365 45.65459121705601 29.968116992092284 39.84098769550342 8.63256541498156 40.37280040583261 37.27511276453256 23.749158195666215 59.334449697901746 18.315387140046848 60.66402795020832 26.849856406315258 51.401429721940964 35.23223213611588 17.514799519173827 21.548717149752 47.98402322417117 34.23325965627406 0.0 17.582042614681768 29.401744643226653 46.74049923639921 12.69876873150122 5.290551168419265 10.639072361851612 39.027201027372776 37.26391623257597 41.85042286203469 41.1768476558743 70.16416439224201 46.61152181637156
14.027234750415058 24.10036827325476 56.249493410865824 51.73772152336878 53.64714910763804 30.2426742469828 68.91230505798232 44.09768926647333 16.012178918210086 35.38951528766863 37.402553438338046 37.35314913839336 43.923101605950315 17.59971820359527 31.96851177704865 37.908133296242816 30.13715698253497 32.247616744856884 34.26745964496999 26.83147351830921 13.166884517613298 33.71306957435111 34.713656187364926 38.46402899180518 56.47643304471392 25.978238993233145 56.71618837555925 26.325796039279503 49.97670724741626 40.745479795860476 34.82042870348473 27.85397246403767 44.115492308285766 32.4796053661618 17.582042614681768 0.0 31.72164496749886 34.777125075738816 19.85986441772095 16.56814623442921 14.011846967890273 44.53714985193751 43.07622740482764 30.646349976716582 50.867736467190845 87.34875170018576 53.3369130684402
27.882934673290844 9.728814349772499 82.40727772525304 45.922763613946 81.87641942116235 48.433225741645906 45.47448000411231 40.25413908964125 19.32150265695024 9.676906299132463 38.580579854613156 8.887832489533343 23.53513888375519 22.268646499767247 29.25863434353437 12.036788798849045 45.52789666879508 63.3008774605175 59.091273833313004 58.21128203817495 35.2610778295596 18.565851012253606 64.21960640872629 25.395205459478554 86.53802189811785 47.64186623300134 32.46881311706042 54.310185411948424 79.19038089980147 9.952449232851018 32.86453233906293 8.889455930762214 20.689948059391284 7.948452910799724 29.401744643226653 31.72164496749886 0.0 66.28691800173911 41.60894308851059 34.12619093720768 20.60306691362646 68.40620926217926 12.213209722896625 62.33024541302148 23.031892701229207 74.00105562928496 22.3106122132883
44.75726429755309 57.858487349207266 44.26771210048355 78.05524756507552 36.99333504799118 44.617056393544274 97.66894196567033 70.87693145774624 50.140624692675814 70.06396522797714 63.10757687802801 70.96676022522885 73.91821091468185 50.389276670957706 61.554557125468136 70.78532281646669 47.7376313963028 5.018537229671927 35.59594164237545 8.134939502424874 38.19950256094888 63.95392120685838 23.12098213875162 70.43356985630588 32.883726009222315 38.93413604540704 86.93873144472275 27.248840991974443 31.339731733896137 75.50523869588062 63.124158714823814 62.537152379344604 75.34528753890403 65.87063397735402 46.74049923639921 34.777125075738816 66.28691800173911 0.0 38.186036058960596 42.33190375755663 48.19727252905319 41.94618596977621 77.83939633730475 5.073410486292558 85.37992206484007 114.25292177857885 88.10725071478993
13.744644658244 37.6992496981704 40.7987341031495 39.87134478358041 40.71193178055431 10.434216684323793 84.66589476381 32.72272419912855 22.36711196763113 40.53694617867783 24.934223027234264 49.555825777087605 59.90807327532246 19.5225158340801 24.678818831546593 51.35009666162183 11.204104931451619 38.27369725477042 17.482681801027947 32.597972577116785 7.3570216534236295 50.26030951975993 25.016134959943837 34.763633237239645 46.79541991955425 6.523587453662278 71.84464809118673 14.596121971232916 38.76022666189668 47.8994285157631 25.50061523940616 34.1350228632644 59.038447640529526 45.630072624342795 12.69876873150122 19.85986441772095 41.60894308851059 38.186036058960596 0.0 7.541310873841682 21.421432916830955 27.058925747490676 49.95074272356807 33.11565582152759 53.58892928045744 76.11187021753472 59.29659214890836
6.401759382708446 30.687556539635082 48.2949362483241 36.94936951641054 48.2245067427738 15.56878336459034 77.6534182645722 29.406784492954635 14.989549938503226 33.06424940084654 22.0087334025249 42.192414730992176 53.07834763691787 11.982256147729775 19.22597393500934 44.11854615691179 14.240039164114709 41.60104240715076 24.98580743277889 35.78569885367228 4.379745240426308 43.68643559997202 31.990198107691125 28.568141507136655 54.04677050775508 13.572845712442822 64.75563105369629 21.560857168337822 46.134544675066245 40.37427460660477 20.941584915542155 26.59478938364392 51.984808983058784 38.415598650939955 5.290551168419265 16.56814623442921 34.12619093720768 42.33190375755663 7.541310873841682 0.0 14.239831123824962 34.350380787748314 42.4400839566253 37.36103042311224 46.45557649525308 73.2031121879507 51.867946177914156
7.84920937041652 16.46607850474184 62.098246471281655 40.611193770925546 61.29614923416962 29.59007449329132 63.414731396370435 33.178989338636875 2.0003365785478917 22.014745615243584 27.808823308435944 28.18214373764559 38.90768911277301 5.210013631152899 20.287271528082908 29.932855116811158 27.54586814505683 46.0332801196386 38.82222254403024 40.46307470726782 14.711267243000963 29.75022788686086 43.67840987444081 24.938045704891078 66.01081940609683 27.748010818636786 50.51793718893787 33.70815569376958 58.59400244030017 28.27579175883878 23.75283250086439 14.59432361193651 37.74511197851314 24.21631523305276 10.639072361851612 14.011846967890273 20.60306691362646 48.19727252905319 21.421432916830955 14.239831123824962 0.0 48.47045341957892 30.531669103847825 43.752984388114676 37.18323655662387 75.04666300447985 40.592573849890876
40.71920174659394 64.74100570678564 14.884483516412368 52.35002335327974 18.682994915201785 20.8778551121941 111.67686755484719 47.70272734107308 49.336046129945586 66.21456393111741 41.09873430718123 76.5422306682025 86.83548424916532 46.14237397857161 46.119501904161126 78.40321432750886 24.792265775755045 45.10245799288807 10.272809342162196 41.4758811079804 34.14850220727842 77.0267182690307 18.825397202044126 56.61880668944515 28.622592497982325 20.78111280794569 98.88928151998023 19.512558605000628 20.400202940233527 73.8923997342286 44.96216924865878 60.486354089754684 86.07714943230428 72.6851793350455 39.027201027372776 44.53714985193751 68.40620926217926 41.94618596977621 27.058925747490676 34.350380787748314 48.47045341957892 0.0 75.78207474238549 38.03330032725108 77.46085464075088 84.51602315955056 84.45778976073301
36.739431481838274 21.89909536361015 90.29073652720878 43.993882850202056 90.66107420669941 55.08415058904916 44.96622930162998 40.011040817822064 28.848619136125077 9.573699058082024 40.71619432962715 14.071280553432208 28.518626024588286 30.57603592723284 32.0087969135394 17.64635133147584 51.602826063405644 75.06496360096783 67.16556400157155 69.83278204998044 44.46818937430186 27.55856455861108 73.88424021916668 24.281028106023324 96.18088635575914 55.40657406372852 32.89896297129395 63.64897056895827 88.47464898609391 2.3399126871262608 34.942740333934644 16.064357124312618 24.465210907007148 17.335910001135098 37.26391623257597 43.07622740482764 12.213209722896625 77.83939633730475 49.95074272356807 42.4400839566253 30.531669103847825 75.78207474238549 0.0 73.6982106541996 12.107328754007264 66.89710047003095 10.278707020324898
39.982720738135534 54.185362284648214 41.71562487340615 72.98348308779126 35.042670878186314 39.62340340932132 95.30934697649523 65.81332850016182 45.66925615575858 65.7126644940267 58.04062266654058 67.3882471117298 71.1794918895049 45.71933434950819 56.58694308281475 67.40745527531384 42.69552804918775 7.078677084978996 31.08391055930479 5.6904527846281585 33.27338020276724 61.08136324222713 19.33963247870554 65.57761656341042 32.403855291896946 33.9146150173874 84.2336665821036 22.397833314758188 29.56258361400097 71.37232164995537 58.105263400332085 58.20730231103815 72.36745990543727 62.33669951648827 41.85042286203469 30.646349976716582 62.33024541302148 5.073410486292558 33.11565582152759 37.36103042311224 43.752984388114676 38.03330032725108 73.6982106541996 0.0 80.9151261094533 109.17965776256497 83.94232475742412
41.73951261873784 32.624660188838575 92.29534996615729 37.61696818461762 93.78282811850364 56.61162028421851 53.93707267299875 35.57077984876755 35.24940424680568 15.634633001382477 38.55892449554488 26.17706307924304 40.26934100546148 35.590002372181935 31.467847541300575 29.721255516728007 52.681441933641665 83.10605835218041 69.8768405285686 77.60589368505723 49.37246145387477 39.641374671633436 78.44414636817066 21.372529927555465 100.38369343462715 58.151827188497 42.908101136690235 68.00693651962484 92.28339673876424 13.703125910883198 33.342292308291164 23.090513203419107 36.071199883527484 29.249621994323373 41.1768476558743 50.867736467190845 23.031892701229207 85.37992206484007 53.58892928045744 46.45557649525308 37.18323655662387 77.46085464075088 12.107328754007264 80.9151261094533 0.0 55.773232406432165 9.964599985137534
73.41907295809281 81.3585734343493 97.10332278601699 36.324050467064005 103.0622239361621 70.56214663065059 109.10229465880084 43.79719683310196 73.34289907647296 64.32424504856988 51.36438331930464 80.27371214263356 95.35426031207743 70.26953316476754 55.382494364209826 84.02308115598878 66.9048794118185 114.31981429684694 83.30752708014 108.5761002584292 77.58262812289634 92.53663243725623 96.79428891157687 50.94259072265243 113.1141554692105 75.80531667017618 98.62840538532383 88.2090815833862 104.74075721302805 67.65524320714644 52.65136776926022 68.30097507655417 91.36001348477697 81.77927820348145 70.16416439224201 87.34875170018576 74.00105562928496 114.25292177857885 76.11187021753472 73.2031121879507 75.04666300447985 84.51602315955056 66.89710047003095 109.17965776256497 55.773232406432165 0.0 64.67855384079432
46.436228502907 31.840682824469752 99.14381216384352 47.428565315737565 99.9548428415564 63.60554652844193 44.49103013094589 44.920053395137735 38.84218665963239 18.86141821902431 47.147729926920725 21.826396834966108 33.64354661222523 40.21532591841545 39.25060166879365 24.73454546653332 59.89407927423646 85.34351748085174 76.24341531091572 80.10762364579588 54.190504879691794 35.3035454361992 83.61274667867211 29.93283250260718 105.84385251206918 64.44732791972716 34.14570155828456 73.2906386334717 98.00174547579127 12.618231138232101 41.63330638484069 26.01280528185702 29.27937996384471 26.157774885076925 46.61152181637156 53.3369130684402 22.3106122132883 88.10725071478993 59.29659214890836 51.867946177914156 40.592573849890876 84.45778976073301 10.278707020324898 83.94232475742412 9.964599985137534 64.67855384079432 0.0
