0 63 76 40 84 46 24 77 51 49 98 40 46 64 44 48 98 17 73 94 17 66 67 18 16 12 29 72 18 32 92 42 42 53 39 52 69 28 79 107 79 66 56 50 50 55 65 77 91 106 71 57 44 36 36 43 55 69 85 101 65 49 34 23 22 33 47 63 80 97 62 45 28 12 10 26 43 60 78 95 63 45 28 13 11 27 43 61 78 95 66 50 35 24 23 34 48 64 80 97 72 57 45 38 37 44 56 70 85 101 80 67 57 51 51 56 66 78 92 107 90 78 70 65 65 69 77 87 100 114 100 90 83 79 79 82 89 98 109 122
63 0 65 75 99 109 70 75 27 91 55 39 19 91 48 18 54 72 134 86 49 4 40 48 69 75 77 60 79 71 42 46 29 87 53 18 17 76 140 88 142 128 114 103 92 85 80 79 82 88 134 119 105 92 81 72 66 65 69 76 128 112 97 83 70 60 53 51 56 64 123 106 90 75 61 48 40 38 43 54 119 102 86 69 53 38 27 24 32 46 117 100 83 66 49 32 16 11 24 41 117 100 82 65 48 31 14 7 23 40 118 101 84 68 51 36 23 19 29 44 121 105 89 73 58 45 35 33 39 51 126 110 95 80 67 56 48 47 51 61
76 65 0 50 148 110 97 131 83 122 42 40 57 133 96 68 43 92 119 23 62 65 26 63 90 84 103 118 79 103 48 35 47 124 96 73 51 102 123 32 130 113 96 79 62 46 30 18 18 31 130 112 95 78 60 43 26 8 10 27 130 113 96 79 62 45 29 15 16 30 132 115 99 82 66 51 37 28 28 38 136 119 103 88 73 59 48 41 42 49 141 125 110 95 81 69 60 55 55 60 147 132 117 104 91 81 73 69 69 73 154 139 126 113 102 93 86 82 82 86 162 148 135 124 114 105 99 96 96 99 171 158 146 135 126 118 113 110 110 112
40 75 50 0 124 62 64 114 77 87 86 37 58 103 78 67 86 55 71 63 37 77 55 39 55 43 67 106 34 72 85 32 47 93 75 72 71 67 75 78 82 65 48 32 18 15 28 44 60 77 80 63 46 29 11 7 24 42 59 76 82 65 48 32 19 16 28 44 61 78 85 69 54 41 31 30 38 51 65 81 91 76 63 52 44 43 49 60 73 87 99 85 73 64 58 57 62 70 82 95 108 95 85 77 72 71 75 82 92 103 117 106 97 90 86 85 88 94 103 113 128 118 109 103 100 99 101 107 114 124 139 130 122 117 114 113 115 120 126 135
84 99 148 124 0 98 61 28 72 46 152 109 95 24 54 86 152 71 133 170 90 101 130 89 71 85 60 43 96 53 140 115 102 35 53 82 114 60 138 178 131 128 127 129 133 138 146 155 166 178 117 114 113 115 119 126 134 144 156 168 104 100 99 101 106 113 123 134 146 159 90 86 85 87 93 102 112 124 137 151 77 72 71 74 81 90 102 115 129 144 64 58 57 60 69 80 93 107 122 138 52 44 42 48 58 71 85 101 117 133 41 31 28 36 49 64 79 96 113 129 33 19 15 26 42 59 76 93 110 127 30 13 5 23 40 57 75 92 109 127
46 109 110 62 98 0 48 104 94 53 140 82 92 75 80 93 140 40 36 124 61 112 108 63 43 35 44 104 33 54 136 82 86 64 74 96 114 45 41 139 36 30 33 44 58 73 89 105 122 139 26 16 21 36 52 68 85 102 120 137 21 4 15 32 49 67 84 101 119 136 25 14 20 35 51 68 85 102 119 137 35 28 31 42 57 72 88 105 122 139 47 42 44 53 65 79 94 109 126 142 60 56 58 64 74 87 101 115 131 147 73 71 72 77 86 96 109 123 137 152 87 85 86 90 97 107 118 131 145 159 101 99 100 103 110 118 129 140 153 167
24 70 97 64 61 48 0 59 49 26 114 59 56 40 33 53 114 11 82 117 35 73 85 35 10 24 8 57 35 9 106 62 57 30 26 55 80 6 87 128 84 75 70 69 72 78 88 100 113 128 73 62 56 54 58 67 78 91 106 121 63 51 42 40 46 56 69 84 99 115 55 40 29 26 34 47 62 78 95 111 50 33 18 13 25 41 58 75 92 109 48 31 14 5 22 39 57 74 91 109 51 35 22 18 28 43 59 76 93 110 57 44 34 32 38 50 64 80 96 113 66 55 47 45 50 60 72 86 101 117 77 67 61 60 63 71 82 94 108 123
77 75 131 114 28 104 59 0 50 55 129 92 75 37 37 64 129 69 139 153 79 77 109 77 67 82 61 16 93 51 116 99 84 44 40 60 91 60 144 159 139 133 128 126 126 129 133 140 149 158 127 119 115 112 112 115 120 128 137 148 114 106 101 98 98 102 108 116 126 138 102 93 87 84 84 88 95 105 116 129 91 81 74 70 71 75 83 94 106 120 81 69 60 56 57 63 72 84 98 113 71 58 48 42 43 51 62 76 91 107 64 49 36 28 30 40 54 69 86 102 60 43 27 15 18 32 49 65 82 100 58 41 23 6 12 29 47 64 81 99
51 27 83 77 72 94 49 50 0 66 81 46 26 64 22 15 80 54 124 105 42 30 60 40 51 61 56 36 68 48 69 54 37 61 27 11 43 54 129 110 129 117 106 98 92 89 90 94 100 109 119 106 95 85 79 75 76 81 88 99 111 97 84 73 65 61 62 68 77 89 103 88 74 62 52 48 49 56 67 80 98 82 66 52 40 34 36 45 58 73 94 77 60 44 30 20 23 36 51 68 92 75 57 40 23 8 14 31 48 65 92 75 58 41 24 11 16 32 48 65 95 78 62 46 32 24 26 38 53 69 99 83 68 55 43 38 39 48 60 74
49 91 122 87 46 53 26 55 66 0 138 84 79 23 46 74 138 33 88 142 61 94 109 60 33 44 20 60 55 20 129 87 81 12 39 74 103 21 93 153 87 83 83 86 92 101 113 125 139 153 73 69 68 73 80 91 103 116 131 146 60 55 54 60 69 81 94 109 124 140 48 41 41 47 58 72 87 103 119 136 37 27 27 36 50 66 82 99 115 132 29 15 14 28 45 62 79 96 113 130 27 10 10 26 44 61 78 95 113 130 32 20 20 32 47 63 80 97 114 131 42 33 33 41 54 68 84 100 117 134 53 47 47 53 63 76 90 106 121 138
98 55 42 86 152 140 114 129 81 138 0 59 60 142 100 68 1 112 155 53 82 52 32 81 110 109 121 114 107 118 14 59 58 137 103 70 38 120 160 45 166 149 133 117 101 86 71 59 49 45 163 146 129 112 95 79 64 49 37 31 160 143 126 109 92 75 58 42 27 18 160 142 125 108 90 73 56 39 21 5 160 143 125 108 91 74 57 40 24 11 161 144 127 110 94 77 61 46 32 25 164 147 131 114 98 82 68 54 44 38 168 152 135 120 104 90 76 65 56 52 173 157 141 126 112 98 86 76 69 66 179 163 149 134 121 108 97 88 82 79
40 39 40 37 109 82 59 92 46 84 59 0 23 93 56 33 59 55 102 62 24 41 27 24 53 51 65 80 50 64 54 8 11 85 56 39 35 64 107 71 110 95 80 66 54 46 44 48 58 70 106 89 73 58 44 33 30 36 48 63 102 85 68 52 36 22 16 26 41 58 101 84 67 49 32 15 4 21 38 56 102 85 68 51 34 19 13 24 40 57 105 88 72 56 41 30 27 33 46 61 109 93 78 64 51 43 40 45 55 68 115 100 86 73 63 56 54 58 66 77 122 108 96 84 75 70 68 71 78 87 131 118 106 96 88 83 82 84 90 98
46 19 57 58 95 92 56 75 26 79 60 23 0 83 42 12 59 57 116 79 32 21 35 30 54 58 64 61 61 59 50 30 13 77 44 17 24 62 122 85 124 110 96 85 75 69 66 69 75 84 117 102 87 74 63 55 53 55 63 74 111 95 80 65 52 42 39 42 52 65 107 90 74 58 43 30 25 30 43 58 105 87 70 53 36 21 11 21 37 54 104 87 70 52 35 18 4 18 35 53 106 89 72 55 39 25 18 25 39 55 109 92 76 61 47 36 32 36 47 61 114 98 83 69 57 49 46 49 57 69 120 105 92 79 69 62 60 62 69 79
64 91 133 103 24 75 40 37 64 23 142 93 83 0 43 75 142 50 110 154 72 94 116 71 49 63 38 46 74 32 131 98 88 12 39 74 105 38 115 163 109 105 104 106 111 118 127 138 150 163 95 91 90 93 98 106 116 128 141 155 82 77 76 79 85 95 106 119 133 147 69 63 62 66 73 84 97 110 125 141 56 49 48 53 62 74 88 103 119 135 45 35 34 40 52 66 82 98 114 131 35 23 20 30 45 61 77 94 111 128 30 13 8 24 41 58 75 92 110 127 31 16 12 25 42 59 76 93 110 127 38 27 25 33 47 62 79 95 112 129
44 48 96 78 54 80 33 37 22 46 100 56 42 43 0 33 100 41 113 118 42 51 76 41 38 51 39 28 61 29 89 63 49 40 8 31 62 37 118 125 116 106 99 93 91 93 97 104 113 124 105 94 86 80 77 79 84 92 103 115 95 83 73 66 63 65 71 81 93 106 86 73 61 53 49 52 59 71 84 99 79 64 51 40 35 39 49 62 77 92 74 58 42 28 21 27 40 55 72 88 71 54 37 20 7 18 35 52 69 86 71 54 37 20 8 18 35 52 69 86 74 58 42 29 22 27 40 55 72 88 79 64 51 40 36 39 49 62 77 93
48 18 68 67 86 93 53 64 15 74 68 33 12 75 33 0 67 56 120 90 35 21 46 34 53 59 60 50 64 55 56 41 23 71 37 6 30 59 126 95 127 113 101 91 83 78 77 80 86 95 118 104 91 79 70 64 63 66 74 84 112 96 82 69 58 51 49 53 62 74 106 90 74 60 47 37 35 41 52 66 102 85 69 53 37 25 22 30 44 60 100 83 66 49 32 15 8 23 40 57 100 83 66 49 32 15 9 23 40 57 102 85 69 53 37 25 22 31 45 60 106 90 74 60 47 38 36 41 53 66 112 96 82 69 58 51 49 54 63 75
98 54 43 86 152 140 114 129 80 138 1 59 59 142 100 67 0 112 156 54 82 52 32 81 110 109 121 113 108 118 14 59 58 136 103 70 38 119 160 46 166 149 133 117 101 86 72 59 50 46 163 146 129 112 96 79 64 50 38 32 160 143 126 109 92 75 58 42 28 18 159 142 125 108 90 73 56 39 21 6 160 142 125 108 91 74 57 40 23 11 161 144 127 110 93 77 60 45 32 24 164 147 130 114 98 82 67 54 43 38 168 151 135 119 104 89 76 64 55 51 173 157 141 126 111 98 86 76 68 65 178 163 148 134 120 108 97 88 82 79
17 72 92 55 71 40 11 69 54 33 112 55 57 50 41 56 112 0 73 111 31 75 82 31 3 14 13 66 25 19 105 58 55 39 34 58 80 13 78 123 76 66 60 58 62 70 80 93 107 122 66 54 46 44 49 59 71 85 101 116 57 43 33 30 37 49 64 79 95 112 51 35 21 16 27 42 58 75 92 109 49 31 14 5 22 39 56 74 91 108 50 34 19 14 25 41 58 75 92 109 56 41 31 28 35 47 62 78 95 111 64 52 44 42 46 57 70 84 100 115 74 64 57 56 59 67 79 92 106 121 85 76 71 70 73 79 89 101 114 128
73 134 119 71 133 36 82 139 124 88 155 102 116 110 113 120 156 73 0 128 86 137 124 87 75 63 79 138 56 89 154 98 108 99 107 124 136 80 6 144 14 7 23 40 58 75 92 109 127 144 23 20 30 44 61 77 94 111 128 145 36 34 40 52 66 82 98 114 131 148 50 48 53 62 74 88 103 119 135 151 63 62 66 74 84 97 110 125 140 156 77 77 79 86 95 106 119 133 147 162 92 91 93 99 107 117 128 141 155 169 106 105 107 112 119 128 138 150 163 177 120 119 121 125 131 139 149 160 172 185 134 133 135 138 144 152 160 171 182 194
94 86 23 63 170 124 117 153 105 142 53 62 79 154 118 90 54 111 128 0 82 86 47 83 110 102 122 140 95 124 63 56 69 145 118 96 72 122 131 17 140 123 105 88 71 54 36 19 5 18 141 124 107 90 73 56 41 26 19 25 144 127 110 94 78 62 49 38 33 36 147 131 115 99 85 71 59 50 46 49 153 137 121 107 93 80 70 63 60 62 159 144 129 115 103 91 82 76 74 75 166 151 138 125 113 103 95 90 88 89 174 160 147 135 124 115 108 103 101 102 182 169 157 146 136 127 121 117 115 116 192 179 168 157 148 140 134 130 129 130
17 49 62 37 90 61 35 79 42 61 82 24 32 72 42 35 82 31 86 82 0 52 51 3 29 28 41 70 30 42 76 27 26 63 40 40 53 40 91 93 93 79 66 56 51 51 56 66 79 93 86 71 56 44 37 37 45 57 71 86 81 65 49 34 24 24 34 49 65 81 78 61 44 27 12 12 28 45 62 79 78 61 44 27 11 12 28 45 62 79 81 64 48 33 23 23 34 49 65 81 86 70 56 44 36 36 44 56 70 86 92 78 65 55 50 50 55 65 78 92 100 88 77 68 63 63 68 76 87 100 110 98 88 81 77 77 81 88 98 109
66 4 65 77 101 112 73 77 30 94 52 41 21 94 51 21 52 75 137 86 52 0 40 50 73 78 80 62 82 75 40 47 31 90 56 21 16 79 143 87 144 130 117 105 94 86 81 79 81 87 137 122 108 95 83 74 67 65 68 74 131 115 100 85 72 61 54 52 55 63 126 109 93 78 63 50 41 38 42 52 122 105 89 72 56 41 29 24 30 43 120 103 86 69 52 35 19 10 22 38 120 103 86 68 51 34 17 5 20 37 121 104 87 71 54 38 25 19 27 41 124 108 91 75 60 47 36 32 38 49 129 113 97 82 69 57 49 46 50 59
67 40 26 55 130 108 85 109 60 109 32 27 35 116 76 46 32 82 124 47 51 40 0 51 79 77 91 96 76 89 30 27 29 109 78 50 26 90 129 50 134 118 102 86 71 58 47 41 42 50 131 114 97 81 64 49 36 28 29 39 129 111 94 77 60 43 27 15 17 32 128 111 93 76 59 41 24 7 12 29 129 112 94 77 61 44 28 17 19 33 131 114 98 81 65 51 38 30 31 41 135 119 103 87 73 60 49 44 44 52 140 125 109 95 82 70 62 57 58 63 147 132 117 104 92 82 75 71 71 76 154 140 126 114 103 94 88 85 85 89
18 48 63 39 89 63 35 77 40 60 81 24 30 71 41 34 81 31 87 83 3 50 51 0 29 29 41 68 32 41 75 28 25 63 38 38 52 40 93 94 94 80 68 58 53 52 58 67 79 93 87 72 58 46 39 39 46 57 71 86 82 66 50 36 26 25 35 49 65 81 79 62 45 29 14 13 28 44 61 78 79 62 44 27 11 10 26 44 61 78 81 64 48 33 21 21 32 47 63 80 85 70 55 42 34 34 42 54 69 84 92 77 64 54 48 48 53 64 76 91 100 87 75 67 62 61 66 74 85 98 109 97 87 80 76 75 79 86 96 107
16 69 90 55 71 43 10 67 51 33 110 53 54 49 38 53 110 3 75 110 29 73 79 29 0 15 13 64 26 18 102 56 53 38 32 55 78 13 81 121 79 69 62 60 63 70 80 92 106 121 69 57 49 46 49 58 70 84 99 115 60 46 36 32 37 48 62 78 94 110 54 38 24 18 26 40 56 73 90 107 51 34 17 4 19 37 54 71 88 106 52 36 20 12 22 38 55 72 89 106 57 42 30 26 32 44 59 75 92 109 65 52 43 40 44 54 67 81 97 113 74 64 56 54 57 65 76 89 103 118 85 76 70 68 70 77 86 98 111 125
12 75 84 43 85 35 24 82 61 44 109 51 58 63 51 59 109 14 63 102 28 78 77 29 15 0 25 78 12 32 103 52 53 51 45 63 80 25 69 115 68 56 48 45 49 58 70 84 99 115 60 46 35 31 36 48 62 77 93 110 54 38 24 17 25 40 56 73 90 107 51 34 17 3 19 37 54 71 88 106 52 36 20 12 22 38 55 72 89 106 57 43 31 26 32 45 60 75 92 109 65 52 43 40 44 54 67 81 97 113 75 64 57 54 57 65 76 89 103 118 85 76 70 68 71 77 86 98 111 125 97 89 84 82 84 90 98 108 120 133
29 77 103 67 60 44 8 61 56 20 121 65 64 38 39 60 121 13 79 122 41 80 91 41 13 25 0 61 37 11 113 68 64 27 32 62 87 2 84 134 80 72 69 69 74 82 93 105 119 134 68 59 54 55 61 71 83 97 112 127 57 46 40 41 49 61 75 90 106 122 48 35 27 28 39 53 69 85 101 118 43 26 13 16 31 48 65 82 99 116 41 24 7 12 29 47 64 81 98 116 45 29 19 21 34 49 66 83 100 117 52 39 32 34 43 56 71 87 103 120 61 52 46 47 54 65 78 93 108 124 73 64 60 61 66 75 87 100 115 130
72 60 118 106 43 104 57 16 36 60 114 80 61 46 28 50 113 66 138 140 70 62 96 68 64 78 61 0 88 51 101 87 72 50 33 46 76 60 144 145 140 132 125 121 119 120 123 128 136 145 128 119 112 107 105 106 109 115 124 134 117 107 99 93 91 92 96 103 112 123 106 95 86 80 77 78 83 91 101 113 96 84 74 66 63 65 70 80 91 105 88 74 62 53 49 51 58 69 83 97 80 65 51 40 35 38 47 61 75 91 75 59 43 29 21 26 38 54 70 87 73 55 38 22 8 17 33 50 67 85 73 56 39 22 8 17 33 50 67 85
18 79 79 34 96 33 35 93 68 55 107 50 61 74 61 64 108 25 56 95 30 82 76 32 26 12 37 88 0 44 103 49 54 63 55 69 82 37 62 109 63 49 39 34 38 48 61 77 92 109 57 41 27 20 26 39 55 72 88 105 53 36 19 6 18 35 52 69 86 104 54 37 21 9 19 35 52 69 87 104 58 43 30 23 29 41 56 73 89 106 65 52 42 37 41 50 63 78 94 110 74 63 55 52 54 62 72 86 100 115 85 75 68 66 68 74 83 95 108 122 96 88 82 80 81 86 94 105 117 130 108 101 96 94 95 99 106 115 126 139
32 71 103 72 53 54 9 51 48 20 118 64 59 32 29 55 118 19 89 124 42 75 89 41 18 32 11 51 44 0 109 69 61 22 22 55 83 9 94 134 90 82 78 77 80 87 96 107 120 134 78 69 64 63 67 75 85 98 112 127 67 57 50 49 54 64 76 90 105 120 58 45 36 35 42 54 68 83 99 116 50 35 23 21 31 46 62 79 95 112 46 29 13 9 25 42 59 76 94 111 47 30 14 11 26 42 59 76 94 111 51 37 25 24 33 47 63 79 96 113 59 47 39 37 44 55 69 84 100 116 69 59 52 51 56 65 77 91 106 121
92 42 48 85 140 136 106 116 69 129 14 54 50 131 89 56 14 105 154 63 76 40 30 75 102 103 113 101 103 109 0 56 50 127 93 59 27 111 159 58 163 147 131 116 101 87 75 65 59 57 159 142 126 110 94 79 65 54 46 43 156 139 122 105 89 72 57 43 33 30 154 136 119 102 85 68 51 35 21 16 153 135 118 101 84 66 49 32 14 4 153 136 119 102 84 67 50 34 19 13 155 138 121 104 88 71 55 41 30 26 158 141 125 109 93 77 63 51 42 40 162 146 130 114 99 85 73 62 55 54 167 152 136 122 108 95 83 74 69 67
42 46 35 32 115 82 62 99 54 87 59 8 30 98 63 41 59 58 98 56 27 47 27 28 56 52 68 87 49 69 56 0 18 90 62 47 40 67 103 66 108 92 76 62 49 39 37 42 52 66 104 87 71 54 39 27 23 30 44 59 102 85 67 50 33 17 9 22 39 56 102 84 67 50 33 16 7 21 38 55 103 87 70 53 38 25 20 28 43 58 107 91 75 60 47 37 34 39 50 64 112 97 82 69 58 50 48 52 61 73 119 105 91 79 70 63 62 65 72 82 127 114 101 91 82 77 76 78 84 93 136 123 112 103 95 91 89 91 97 104
42 29 47 47 102 86 57 84 37 81 58 11 13 88 49 23 58 55 108 69 26 31 29 25 53 53 64 72 54 61 50 18 0 81 50 29 28 63 114 76 116 101 87 74 64 56 54 57 65 76 111 95 79 65 52 43 40 44 54 67 106 90 73 57 43 31 26 32 45 60 104 87 69 52 36 20 12 23 38 55 103 86 68 51 34 17 3 19 37 54 104 87 70 54 37 23 16 25 40 56 107 91 75 59 45 34 30 36 47 61 112 96 81 68 56 47 44 48 57 69 118 104 90 77 67 60 58 61 68 79 126 112 100 88 80 74 72 74 80 89
53 87 124 93 35 64 30 44 61 12 137 85 77 12 40 71 136 39 99 145 63 90 109 63 38 51 27 50 63 22 127 90 81 0 35 70 100 27 104 155 98 94 93 95 100 108 117 129 141 155 84 80 78 81 87 96 107 119 133 147 71 66 64 67 75 85 97 111 125 140 59 52 50 54 63 75 89 103 119 135 47 38 36 42 53 66 82 97 114 130 38 26 22 30 44 60 77 93 110 127 32 16 9 23 40 57 74 91 109 126 32 16 9 23 40 57 74 91 109 126 38 26 22 31 45 60 77 93 110 127 47 38 36 42 53 67 82 98 114 130
39 53 96 75 53 74 26 40 27 39 103 56 44 39 8 37 103 34 107 118 40 56 78 38 32 45 32 33 55 22 93 62 50 35 0 36 66 30 112 126 109 100 93 88 87 90 95 103 114 125 98 88 79 74 73 76 83 92 103 116 88 76 67 61 59 63 71 82 94 108 79 66 55 47 45 50 60 72 86 102 72 57 44 34 31 38 50 65 80 96 67 51 35 22 18 28 43 59 76 93 65 48 31 14 6 22 40 57 74 91 66 49 33 18 13 25 41 58 75 92 70 54 40 29 26 34 47 62 78 95 77 62 50 42 40 46 56 69 84 99
52 18 73 72 82 96 55 60 11 74 70 39 17 74 31 6 70 58 124 96 40 21 50 38 55 63 62 46 69 55 59 47 29 70 36 0 33 60 130 100 130 117 106 96 88 84 83 85 91 99 122 108 95 84 76 70 69 72 79 88 114 99 86 73 63 57 55 59 67 78 108 92 77 63 51 43 41 46 56 69 104 87 71 55 41 30 27 35 47 62 101 84 67 50 33 19 14 25 41 58 100 83 66 48 31 14 5 22 39 57 101 84 67 51 34 21 16 27 42 59 104 88 72 56 43 32 30 37 49 64 109 94 79 65 53 45 44 48 58 71
69 17 51 71 114 114 80 91 43 103 38 35 24 105 62 30 38 80 136 72 53 16 26 52 78 80 87 76 82 83 27 40 28 100 66 33 0 86 141 72 144 129 115 101 88 78 70 66 67 72 138 122 107 92 79 67 57 53 53 59 134 117 101 85 70 56 45 39 40 48 130 113 96 80 64 48 34 25 27 38 128 111 94 77 60 43 26 13 16 31 128 111 93 76 59 42 24 8 12 29 129 112 95 78 61 45 30 19 21 34 132 115 98 82 67 52 40 32 33 42 136 120 104 89 74 61 51 46 47 53 141 126 111 96 83 72 64 60 60 65
28 76 102 67 60 45 6 60 54 21 120 64 62 38 37 59 119 13 80 122 40 79 90 40 13 25 2 60 37 9 111 67 63 27 30 60 86 0 85 133 81 73 69 69 74 82 92 105 118 133 69 60 55 56 61 70 82 96 111 126 59 48 41 42 49 60 74 89 105 121 50 36 28 28 38 52 67 84 100 117 44 28 14 16 30 47 63 80 98 115 43 25 8 11 28 45 62 80 97 114 46 30 19 20 32 48 64 81 98 115 53 40 32 33 41 54 69 85 102 118 62 52 46 46 53 63 77 91 106 122 73 64 60 60 65 74 85 99 113 128
79 140 123 75 138 41 87 144 129 93 160 107 122 115 118 126 160 78 6 131 91 143 129 93 81 69 84 144 62 94 159 103 114 104 112 130 141 85 0 148 13 13 28 45 62 79 96 113 131 148 25 25 35 50 65 82 98 115 132 149 39 39 46 58 72 87 103 119 135 152 53 53 58 68 80 94 109 124 140 156 67 67 71 79 90 102 116 130 146 161 81 81 84 91 100 112 124 138 152 167 95 95 98 104 112 122 134 146 160 174 110 109 112 117 124 133 144 156 169 182 124 124 126 130 137 145 155 166 178 191 138 138 140 144 149 157 166 176 188 200
107 88 32 78 178 139 128 159 110 153 45 71 85 163 125 95 46 123 144 17 93 87 50 94 121 115 134 145 109 134 58 66 76 155 126 100 72 133 148 0 156 139 122 104 87 70 53 35 18 1 157 140 123 105 88 71 54 38 23 15 159 142 125 108 92 75 60 45 34 28 162 145 129 113 97 82 67 55 46 42 166 150 134 119 104 90 77 66 59 56 172 156 141 126 112 99 87 78 72 70 178 163 148 134 121 109 99 91 85 83 185 170 156 143 131 120 111 103 99 97 193 179 165 153 142 131 123 116 112 111 201 188 175 163 153 143 136 130 126 124
79 142 130 82 131 36 84 139 129 87 166 110 124 109 116 127 166 76 14 140 93 144 134 94 79 68 80 140 63 90 163 108 116 98 109 130 144 81 13 156 0 18 35 52 70 87 104 122 139 156 15 23 38 54 71 88 105 122 140 157 29 34 45 60 75 91 108 125 142 159 43 47 55 68 82 97 113 129 145 162 58 60 67 77 90 104 119 134 150 166 72 74 80 88 99 112 126 140 156 171 86 88 93 100 110 122 134 148 162 177 100 102 106 112 121 132 144 156 170 184 115 116 119 125 133 143 154 166 179 192 129 130 133 138 145 154 164 176 188 201
66 128 113 65 128 30 75 133 117 83 149 95 110 105 106 113 149 66 7 123 79 130 118 80 69 56 72 132 49 82 147 92 101 94 100 117 129 73 13 139 18 0 18 35 52 70 87 104 122 139 23 15 23 38 54 71 88 105 122 140 34 29 34 45 60 75 91 108 125 142 47 43 46 55 67 82 97 112 129 145 60 57 60 67 77 90 104 118 134 150 74 72 73 79 88 99 112 126 140 155 88 86 87 92 100 110 121 134 148 162 102 100 101 105 112 121 131 143 156 170 116 114 115 119 125 133 142 153 165 178 130 128 129 132 138 145 154 164 175 187
56 114 96 48 127 33 70 128 106 83 133 80 96 104 99 101 133 60 23 105 66 117 102 68 62 48 69 125 39 78 131 76 87 93 93 106 115 69 28 122 35 18 0 18 35 52 70 87 104 122 38 23 15 23 38 54 71 88 105 122 45 34 29 34 45 60 75 91 108 125 55 46 43 46 55 67 81 97 112 129 67 60 57 60 67 77 90 104 118 134 80 73 71 73 79 88 99 112 126 140 93 87 85 87 92 99 109 121 134 148 106 101 99 101 105 112 121 131 143 156 119 115 114 115 118 124 132 142 153 165 133 129 128 129 132 137 144 153 163 175
50 103 79 32 129 44 69 126 98 86 117 66 85 106 93 91 117 58 40 88 56 105 86 58 60 45 69 121 34 77 116 62 74 95 88 96 101 69 45 104 52 35 18 0 18 35 52 70 87 104 54 38 23 15 23 38 54 71 88 105 60 45 34 29 33 45 59 75 91 108 68 55 46 43 46 55 67 81 97 112 77 67 60 57 59 66 77 89 103 118 88 79 73 71 73 79 88 99 112 125 100 92 87 85 87 91 99 109 121 134 112 105 101 99 100 105 111 120 131 143 125 119 115 113 114 118 124 132 141 152 138 132 129 127 128 131 137 144 153 163
50 92 62 18 133 58 72 126 92 92 101 54 75 111 91 83 101 62 58 71 51 94 71 53 63 49 74 119 38 80 101 49 64 100 87 88 88 74 62 87 70 52 35 18 0 18 35 52 70 87 71 54 38 23 15 23 38 54 71 88 75 60 45 33 29 33 45 59 75 91 82 67 55 46 43 46 55 67 81 96 90 77 67 59 57 59 66 77 89 103 99 88 79 73 71 73 78 87 99 111 110 100 92 87 85 86 91 99 109 120 121 112 105 100 99 100 104 111 120 130 133 125 118 114 113 114 117 123 131 141 145 138 132 128 127 127 131 136 143 152
55 85 46 15 138 73 78 129 89 101 86 46 69 118 93 78 86 70 75 54 51 86 58 52 70 58 82 120 48 87 87 39 56 108 90 84 78 82 79 70 87 70 52 35 18 0 18 35 52 70 88 71 54 38 23 14 23 38 54 71 91 75 60 45 33 28 33 45 59 75 97 82 67 55 46 42 46 55 67 81 104 90 77 66 59 56 59 66 76 89 112 99 88 79 73 70 72 78 87 98 122 110 99 91 86 84 86 91 98 108 132 121 112 105 100 98 99 104 110 119 143 133 124 118 114 112 113 117 123 131 154 145 137 131 127 126 127 130 135 143
65 80 30 28 146 89 88 133 90 113 71 44 66 127 97 77 72 80 92 36 56 81 47 58 80 70 93 123 61 96 75 37 54 117 95 83 70 92 96 53 104 87 70 52 35 18 0 18 35 52 105 88 71 54 38 23 14 23 38 54 108 91 75 59 45 33 28 33 45 59 113 97 81 67 55 46 42 46 54 67 119 104 90 77 66 59 56 59 66 76 126 112 99 88 78 72 70 72 78 87 134 121 109 99 91 86 84 85 90 98 144 131 121 111 104 99 98 99 103 110 154 142 132 124 117 113 112 113 116 122 164 154 144 137 131 127 125 126 130 135
77 79 18 44 155 105 100 140 94 125 59 48 69 138 104 80 59 93 109 19 66 79 41 67 92 84 105 128 77 107 65 42 57 129 103 85 66 105 113 35 122 104 87 70 52 35 18 0 18 35 122 105 88 71 54 38 23 14 23 38 125 108 91 75 59 45 33 28 33 45 129 112 97 81 67 55 46 42 45 54 134 118 104 89 77 66 59 56 58 65 140 126 112 99 87 78 72 70 72 77 148 134 121 109 99 91 85 83 85 90 156 143 131 120 111 104 99 97 99 103 166 153 142 132 123 117 113 111 112 116 176 164 153 144 136 130 126 125 126 129
91 82 18 60 166 122 113 149 100 139 49 58 75 150 113 86 50 107 127 5 79 81 42 79 106 99 119 136 92 120 59 52 65 141 114 91 67 118 131 18 139 122 104 87 70 52 35 18 0 18 140 122 105 88 71 54 38 23 14 23 142 125 108 91 75 59 45 33 28 33 145 129 112 97 81 67 54 45 42 45 150 134 118 103 89 76 66 58 55 58 156 140 126 112 99 87 78 72 69 71 162 148 134 121 109 98 90 85 83 85 170 156 143 131 120 110 103 99 97 98 179 165 153 141 131 123 116 112 110 112 188 175 163 153 143 135 130 126 124 125
106 88 31 77 178 139 128 158 109 153 45 70 84 163 124 95 46 122 144 18 93 87 50 93 121 115 134 145 109 134 57 66 76 155 125 99 72 133 148 1 156 139 122 104 87 70 52 35 18 0 157 140 122 105 88 71 54 38 23 14 159 142 125 108 91 75 59 45 33 28 162 145 129 112 96 81 67 54 45 42 166 150 134 118 103 89 76 65 58 55 171 155 140 125 111 98 87 77 71 69 177 162 148 134 120 108 98 90 85 83 184 170 156 143 130 119 110 103 98 96 192 178 165 152 141 131 122 116 112 110 201 187 175 163 152 143 135 129 125 124
71 134 130 80 117 26 73 127 119 73 163 106 117 95 105 118 163 66 23 141 86 137 131 87 69 60 68 128 57 78 159 104 111 84 98 122 138 69 25 157 15 23 38 54 71 88 105 122 140 157 0 18 35 52 70 87 104 122 139 156 15 23 38 54 71 88 105 122 140 157 29 34 45 60 75 91 108 125 142 159 43 47 55 68 82 97 113 129 145 162 58 60 67 77 90 104 119 134 150 166 72 74 80 88 99 112 126 140 156 171 86 88 93 100 110 122 134 148 162 177 100 102 106 112 121 132 144 156 170 184 115 116 119 125 133 143 154 166 179 192
57 119 112 63 114 16 62 119 106 69 146 89 102 91 94 104 146 54 20 124 71 122 114 72 57 46 59 119 41 69 142 87 95 80 88 108 122 60 25 140 23 15 23 38 54 71 88 105 122 140 18 0 18 35 52 70 87 104 122 139 23 15 23 38 54 71 88 105 122 140 34 29 34 45 60 75 91 108 125 142 47 43 46 55 67 82 97 112 129 145 60 57 60 67 77 90 104 118 134 150 74 72 73 79 88 99 112 126 140 155 88 86 87 92 100 110 121 134 148 162 102 100 101 105 112 121 131 143 156 170 116 114 115 119 125 133 142 153 165 178
44 105 95 46 113 21 56 115 95 68 129 73 87 90 86 91 129 46 30 107 56 108 97 58 49 35 54 112 27 64 126 71 79 78 79 95 107 55 35 123 38 23 15 23 38 54 71 88 105 122 35 18 0 18 35 52 70 87 104 122 38 23 15 23 38 54 71 88 105 122 45 34 29 34 45 60 75 91 108 125 55 46 43 46 55 67 81 97 112 129 67 60 57 60 67 77 90 104 118 134 80 73 71 73 79 88 99 112 126 140 93 87 85 87 92 99 109 121 134 148 106 101 99 101 105 112 121 131 143 156 119 115 114 115 118 124 132 142 153 165
36 92 78 29 115 36 54 112 85 73 112 58 74 93 80 79 112 44 44 90 44 95 81 46 46 31 55 107 20 63 110 54 65 81 74 84 92 56 50 105 54 38 23 15 23 38 54 71 88 105 52 35 18 0 18 35 52 70 87 104 54 38 23 15 23 38 54 71 88 105 60 45 34 29 33 45 59 75 91 108 68 55 46 43 46 55 67 81 97 112 77 67 60 57 59 66 77 89 103 118 88 79 73 71 73 79 88 99 112 125 100 92 87 85 87 91 99 109 121 134 112 105 101 99 100 105 111 120 131 143 125 119 115 113 114 118 124 132 141 152
36 81 60 11 119 52 58 112 79 80 95 44 63 98 77 70 96 49 61 73 37 83 64 39 49 36 61 105 26 67 94 39 52 87 73 76 79 61 65 88 71 54 38 23 15 23 38 54 71 88 70 52 35 18 0 18 35 52 70 87 71 54 38 23 15 23 38 54 71 88 75 60 45 33 29 33 45 59 75 91 82 67 55 46 43 46 55 67 81 96 90 77 67 59 57 59 66 77 89 103 99 88 79 73 71 73 78 87 99 111 110 100 92 87 85 86 91 99 109 120 121 112 105 100 99 100 104 111 120 130 133 125 118 114 113 114 117 123 131 141
43 72 43 7 126 68 67 115 75 91 79 33 55 106 79 64 79 59 77 56 37 74 49 39 58 48 71 106 39 75 79 27 43 96 76 70 67 70 82 71 88 71 54 38 23 14 23 38 54 71 87 70 52 35 18 0 18 35 52 70 88 71 54 38 23 14 23 38 54 71 91 75 60 45 33 28 33 45 59 75 97 82 67 55 46 42 46 55 67 81 104 90 77 66 59 56 59 66 76 89 112 99 88 79 73 70 72 78 87 98 122 110 99 91 86 84 86 91 98 108 132 121 112 105 100 98 99 104 110 119 143 133 124 118 114 112 113 117 123 131
55 66 26 24 134 85 78 120 76 103 64 30 53 116 84 63 64 71 94 41 45 67 36 46 70 62 83 109 55 85 65 23 40 107 83 69 57 82 98 54 105 88 71 54 38 23 14 23 38 54 104 87 70 52 35 18 0 18 35 52 105 88 71 54 38 23 14 23 38 54 108 91 75 59 45 33 28 33 45 59 113 97 81 67 55 46 42 46 54 67 119 104 90 77 66 59 56 59 66 76 126 112 99 88 78 72 70 72 78 87 134 121 109 99 91 86 84 85 90 98 144 131 121 111 104 99 98 99 103 110 154 142 132 124 117 113 112 113 116 122
69 65 8 42 144 102 91 128 81 116 49 36 55 128 92 66 50 85 111 26 57 65 28 57 84 77 97 115 72 98 54 30 44 119 92 72 53 96 115 38 122 105 88 71 54 38 23 14 23 38 122 104 87 70 52 35 18 0 18 35 122 105 88 71 54 38 23 14 23 38 125 108 91 75 59 45 33 28 33 45 129 112 97 81 67 55 46 42 45 54 134 118 104 89 77 66 59 56 58 65 140 126 112 99 87 78 72 70 72 77 148 134 121 109 99 91 85 83 85 90 156 143 131 120 111 104 99 97 99 103 166 153 142 132 123 117 113 111 112 116
85 69 10 59 156 120 106 137 88 131 37 48 63 141 103 74 38 101 128 19 71 68 29 71 99 93 112 124 88 112 46 44 54 133 103 79 53 111 132 23 140 122 105 88 71 54 38 23 14 23 139 122 104 87 70 52 35 18 0 18 140 122 105 88 71 54 38 23 14 23 142 125 108 91 75 59 45 33 28 33 145 129 112 97 81 67 54 45 42 45 150 134 118 103 89 76 66 58 55 58 156 140 126 112 99 87 78 72 69 71 162 148 134 121 109 98 90 85 83 85 170 156 143 131 120 110 103 99 97 98 179 165 153 141 131 123 116 112 110 112
101 76 27 76 168 137 121 148 99 146 31 63 74 155 115 84 32 116 145 25 86 74 39 86 115 110 127 134 105 127 43 59 67 147 116 88 59 126 149 15 157 140 122 105 88 71 54 38 23 14 156 139 122 104 87 70 52 35 18 0 157 140 122 105 88 71 54 38 23 14 159 142 125 108 91 75 59 45 33 28 162 145 129 112 96 81 67 54 45 42 166 150 134 118 103 89 76 65 58 55 171 155 140 125 111 98 87 77 71 69 177 162 148 134 120 108 98 90 85 83 184 170 156 143 130 119 110 103 98 96 192 178 165 152 141 131 122 116 112 110
65 128 130 82 104 21 63 114 111 60 160 102 111 82 95 112 160 57 36 144 81 131 129 82 60 54 57 117 53 67 156 102 106 71 88 114 134 59 39 159 29 34 45 60 75 91 108 125 142 159 15 23 38 54 71 88 105 122 140 157 0 18 35 52 70 87 104 122 139 156 15 23 38 54 71 88 105 122 140 157 29 34 45 60 75 91 108 125 142 159 43 47 55 68 82 97 113 129 145 162 58 60 67 77 90 104 119 134 150 166 72 74 80 88 99 112 126 140 156 171 86 88 93 100 110 122 134 148 162 177 100 102 106 112 121 132 144 156 170 184
49 112 113 65 100 4 51 106 97 55 143 85 95 77 83 96 143 43 34 127 65 115 111 66 46 38 46 107 36 57 139 85 90 66 76 99 117 48 39 142 34 29 34 45 60 75 91 108 125 142 23 15 23 38 54 71 88 105 122 140 18 0 18 35 52 70 87 104 122 139 23 15 23 38 54 71 88 105 122 140 34 29 34 45 60 75 91 108 125 142 47 43 46 55 67 82 97 112 129 145 60 57 60 67 77 90 104 118 134 150 74 72 73 79 88 99 112 126 140 155 88 86 87 92 100 110 121 134 148 162 102 100 101 105 112 121 131 143 156 170
34 97 96 48 99 15 42 101 84 54 126 68 80 76 73 82 126 33 40 110 49 100 94 50 36 24 40 99 19 50 122 67 73 64 67 86 101 41 46 125 45 34 29 34 45 60 75 91 108 125 38 23 15 23 38 54 71 88 105 122 35 18 0 18 35 52 70 87 104 122 38 23 15 23 38 54 71 88 105 122 45 34 29 34 45 60 75 91 108 125 55 46 43 46 55 67 81 97 112 129 67 60 57 60 67 77 90 104 118 134 80 73 71 73 79 88 99 112 126 140 93 87 85 87 92 99 109 121 134 148 106 101 99 101 105 112 121 131 143 156
23 83 79 32 101 32 40 98 73 60 109 52 65 79 66 69 109 30 52 94 34 85 77 36 32 17 41 93 6 49 105 50 57 67 61 73 85 42 58 108 60 45 34 29 33 45 59 75 91 108 54 38 23 15 23 38 54 71 88 105 52 35 18 0 18 35 52 70 87 104 54 38 23 15 23 38 54 71 88 105 60 45 34 29 33 45 59 75 91 108 68 55 46 43 46 55 67 81 97 112 77 67 60 57 59 66 77 89 103 118 88 79 73 71 73 79 88 99 112 125 100 92 87 85 87 91 99 109 121 134 112 105 101 99 100 105 111 120 131 143
22 70 62 19 106 49 46 98 65 69 92 36 52 85 63 58 92 37 66 78 24 72 60 26 37 25 49 91 18 54 89 33 43 75 59 63 70 49 72 92 75 60 45 33 29 33 45 59 75 91 71 54 38 23 15 23 38 54 71 88 70 52 35 18 0 18 35 52 70 87 71 54 38 23 15 23 38 54 71 88 75 60 45 33 29 33 45 59 75 91 82 67 55 46 43 46 55 67 81 96 90 77 67 59 57 59 66 77 89 103 99 88 79 73 71 73 78 87 99 111 110 100 92 87 85 86 91 99 109 120 121 112 105 100 99 100 104 111 120 130
33 60 45 16 113 67 56 102 61 81 75 22 42 95 65 51 75 49 82 62 24 61 43 25 48 40 61 92 35 64 72 17 31 85 63 57 56 60 87 75 91 75 60 45 33 28 33 45 59 75 88 71 54 38 23 14 23 38 54 71 87 70 52 35 18 0 18 35 52 70 88 71 54 38 23 14 23 38 54 71 91 75 60 45 33 28 33 45 59 75 97 82 67 55 46 42 46 55 67 81 104 90 77 66 59 56 59 66 76 89 112 99 88 79 73 70 72 78 87 98 122 110 99 91 86 84 86 91 98 108 132 121 112 105 100 98 99 104 110 119
47 53 29 28 123 84 69 108 62 94 58 16 39 106 71 49 58 64 98 49 34 54 27 35 62 56 75 96 52 76 57 9 26 97 71 55 45 74 103 60 108 91 75 59 45 33 28 33 45 59 105 88 71 54 38 23 14 23 38 54 104 87 70 52 35 18 0 18 35 52 105 88 71 54 38 23 14 23 38 54 108 91 75 59 45 33 28 33 45 59 113 97 81 67 55 46 42 46 54 67 119 104 90 77 66 59 56 59 66 76 126 112 99 88 78 72 70 72 78 87 134 121 109 99 91 86 84 85 90 98 144 131 121 111 104 99 98 99 103 110
63 51 15 44 134 101 84 116 68 109 42 26 42 119 81 53 42 79 114 38 49 52 15 49 78 73 90 103 69 90 43 22 32 111 82 59 39 89 119 45 125 108 91 75 59 45 33 28 33 45 122 105 88 71 54 38 23 14 23 38 122 104 87 70 52 35 18 0 18 35 122 105 88 71 54 38 23 14 23 38 125 108 91 75 59 45 33 28 33 45 129 112 97 81 67 55 46 42 45 54 134 118 104 89 77 66 59 56 58 65 140 126 112 99 87 78 72 70 72 77 148 134 121 109 99 91 85 83 85 90 156 143 131 120 111 104 99 97 99 103
80 56 16 61 146 119 99 126 77 124 27 41 52 133 93 62 28 95 131 33 65 55 17 65 94 90 106 112 86 105 33 39 45 125 94 67 40 105 135 34 142 125 108 91 75 59 45 33 28 33 140 122 105 88 71 54 38 23 14 23 139 122 104 87 70 52 35 18 0 18 140 122 105 88 71 54 38 23 14 23 142 125 108 91 75 59 45 33 28 33 145 129 112 97 81 67 54 45 42 45 150 134 118 103 89 76 66 58 55 58 156 140 126 112 99 87 78 72 69 71 162 148 134 121 109 98 90 85 83 85 170 156 143 131 120 110 103 99 97 98
97 64 30 78 159 136 115 138 89 140 18 58 65 147 106 74 18 112 148 36 81 63 32 81 110 107 122 123 104 120 30 56 60 140 108 78 48 121 152 28 159 142 125 108 91 75 59 45 33 28 157 140 122 105 88 71 54 38 23 14 156 139 122 104 87 70 52 35 18 0 157 140 122 105 88 71 54 38 23 14 159 142 125 108 91 75 59 45 33 28 162 145 129 112 96 81 67 54 45 42 166 150 134 118 103 89 76 65 58 55 171 155 140 125 111 98 87 77 71 69 177 162 148 134 120 108 98 90 85 83 184 170 156 143 130 119 110 103 98 96
62 123 132 85 90 25 55 102 103 48 160 101 107 69 86 106 159 51 50 147 78 126 128 79 54 51 48 106 54 58 154 102 104 59 79 108 130 50 53 162 43 47 55 68 82 97 113 129 145 162 29 34 45 60 75 91 108 125 142 159 15 23 38 54 71 88 105 122 140 157 0 18 35 52 70 87 104 122 139 156 15 23 38 54 71 88 105 122 140 157 29 34 45 60 75 91 108 125 142 159 43 47 55 68 82 97 113 129 145 162 58 60 67 77 90 104 119 134 150 166 72 74 80 88 99 112 126 140 156 171 86 88 93 100 110 122 134 148 162 177
45 106 115 69 86 14 40 93 88 41 142 84 90 63 73 90 142 35 48 131 61 109 111 62 38 34 35 95 37 45 136 84 87 52 66 92 113 36 53 145 47 43 46 55 67 82 97 112 129 145 34 29 34 45 60 75 91 108 125 142 23 15 23 38 54 71 88 105 122 140 18 0 18 35 52 70 87 104 122 139 23 15 23 38 54 71 88 105 122 140 34 29 34 45 60 75 91 108 125 142 47 43 46 55 67 82 97 112 129 145 60 57 60 67 77 90 104 118 134 150 74 72 73 79 88 99 112 126 140 155 88 86 87 92 100 110 121 134 148 162
28 90 99 54 85 20 29 87 74 41 125 67 74 62 61 74 125 21 53 115 44 93 93 45 24 17 27 86 21 36 119 67 69 50 55 77 96 28 58 129 55 46 43 46 55 67 81 97 112 129 45 34 29 34 45 60 75 91 108 125 38 23 15 23 38 54 71 88 105 122 35 18 0 18 35 52 70 87 104 122 38 23 15 23 38 54 71 88 105 122 45 34 29 34 45 60 75 91 108 125 55 46 43 46 55 67 81 97 112 129 67 60 57 60 67 77 90 104 118 134 80 73 71 73 79 88 99 112 126 140 93 87 85 87 92 99 109 121 134 148
12 75 82 41 87 35 26 84 62 47 108 49 58 66 53 60 108 16 62 99 27 78 76 29 18 3 28 80 9 35 102 50 52 54 47 63 80 28 68 113 68 55 46 43 46 55 67 81 97 112 60 45 34 29 33 45 59 75 91 108 54 38 23 15 23 38 54 71 88 105 52 35 18 0 18 35 52 70 87 104 54 38 23 15 23 38 54 71 88 105 60 45 34 29 33 45 59 75 91 108 68 55 46 43 46 55 67 81 97 112 77 67 60 57 59 66 77 89 103 118 88 79 73 71 73 79 88 99 112 125 100 92 87 85 87 91 99 109 121 134
10 61 66 31 93 51 34 84 52 58 90 32 43 73 49 47 90 27 74 85 12 63 59 14 26 19 39 77 19 42 85 33 36 63 45 51 64 38 80 97 82 67 55 46 43 46 55 67 81 96 75 60 45 33 29 33 45 59 75 91 71 54 38 23 15 23 38 54 71 88 70 52 35 18 0 18 35 52 70 87 71 54 38 23 15 23 38 54 71 88 75 60 45 33 29 33 45 59 75 91 82 67 55 46 43 46 55 67 81 96 90 77 67 59 57 59 66 77 89 103 99 88 79 73 71 73 78 87 99 111 110 100 92 87 85 86 91 99 109 120
26 48 51 30 102 68 47 88 48 72 73 15 30 84 52 37 73 42 88 71 12 50 41 13 40 37 53 78 35 54 68 16 20 75 50 43 48 52 94 82 97 82 67 55 46 42 46 55 67 81 91 75 60 45 33 28 33 45 59 75 88 71 54 38 23 14 23 38 54 71 87 70 52 35 18 0 18 35 52 70 88 71 54 38 23 14 23 38 54 71 91 75 60 45 33 28 33 45 59 75 97 82 67 55 46 42 46 55 67 81 104 90 77 66 59 56 59 66 76 89 112 99 88 79 73 70 72 78 87 98 122 110 99 91 86 84 86 91 98 108
43 40 37 38 112 85 62 95 49 87 56 4 25 97 59 35 56 58 103 59 28 41 24 28 56 54 69 83 52 68 51 7 12 89 60 41 34 67 109 67 113 97 81 67 55 46 42 46 54 67 108 91 75 59 45 33 28 33 45 59 105 88 71 54 38 23 14 23 38 54 104 87 70 52 35 18 0 18 35 52 105 88 71 54 38 23 14 23 38 54 108 91 75 59 45 33 28 33 45 59 113 97 81 67 55 46 42 46 54 67 119 104 90 77 66 59 56 59 66 76 126 112 99 88 78 72 70 72 78 87 134 121 109 99 91 86 84 85 90 98
60 38 28 51 124 102 78 105 56 103 39 21 30 110 71 41 39 75 119 50 45 38 7 44 73 71 85 91 69 83 35 21 23 103 72 46 25 84 124 55 129 112 97 81 67 55 46 42 45 54 125 108 91 75 59 45 33 28 33 45 122 105 88 71 54 38 23 14 23 38 122 104 87 70 52 35 18 0 18 35 122 105 88 71 54 38 23 14 23 38 125 108 91 75 59 45 33 28 33 45 129 112 97 81 67 55 46 42 45 54 134 118 104 89 77 66 59 56 58 65 140 126 112 99 87 78 72 70 72 77 148 134 121 109 99 91 85 83 85 90
78 43 28 65 137 119 95 116 67 119 21 38 43 125 84 52 21 92 135 46 62 42 12 61 90 88 101 101 87 99 21 38 38 119 86 56 27 100 140 46 145 129 112 97 81 67 54 45 42 45 142 125 108 91 75 59 45 33 28 33 140 122 105 88 71 54 38 23 14 23 139 122 104 87 70 52 35 18 0 18 140 122 105 88 71 54 38 23 14 23 142 125 108 91 75 59 45 33 28 33 145 129 112 97 81 67 54 45 42 45 150 134 118 103 89 76 66 58 55 58 156 140 126 112 99 87 78 72 69 71 162 148 134 121 109 98 90 85 83 85
95 54 38 81 151 137 111 129 80 136 5 56 58 141 99 66 6 109 151 49 79 52 29 78 107 106 118 113 104 116 16 55 55 135 102 69 38 117 156 42 162 145 129 112 96 81 67 54 45 42 159 142 125 108 91 75 59 45 33 28 157 140 122 105 88 71 54 38 23 14 156 139 122 104 87 70 52 35 18 0 157 140 122 105 88 71 54 38 23 14 159 142 125 108 91 75 59 45 33 28 162 145 129 112 96 81 67 54 45 42 166 150 134 118 103 89 76 65 58 55 171 155 140 125 111 98 87 77 71 69 177 162 148 134 120 108 98 90 85 83
63 119 136 91 77 35 50 91 98 37 160 102 105 56 79 102 160 49 63 153 78 122 129 79 51 52 43 96 58 50 153 103 103 47 72 104 128 44 67 166 58 60 67 77 90 104 119 134 150 166 43 47 55 68 82 97 113 129 145 162 29 34 45 60 75 91 108 125 142 159 15 23 38 54 71 88 105 122 140 157 0 18 35 52 70 87 104 122 139 156 15 23 38 54 71 88 105 122 140 157 29 34 45 60 75 91 108 125 142 159 43 47 55 68 82 97 113 129 145 162 58 60 67 77 90 104 119 134 150 166 72 74 80 88 99 112 126 140 156 171
45 102 119 76 72 28 33 81 82 27 143 85 87 49 64 85 142 31 62 137 61 105 112 62 34 36 26 84 43 35 135 87 86 38 57 87 111 28 67 150 60 57 60 67 77 90 104 118 134 150 47 43 46 55 67 82 97 112 129 145 34 29 34 45 60 75 91 108 125 142 23 15 23 38 54 71 88 105 122 140 18 0 18 35 52 70 87 104 122 139 23 15 23 38 54 71 88 105 122 140 34 29 34 45 60 75 91 108 125 142 47 43 46 55 67 82 97 112 129 145 60 57 60 67 77 90 104 118 134 150 74 72 73 79 88 99 112 126 140 155
28 86 103 63 71 31 18 74 66 27 125 68 70 48 51 69 125 14 66 121 44 89 94 44 17 20 13 74 30 23 118 70 68 36 44 71 94 14 71 134 67 60 57 60 67 77 90 104 118 134 55 46 43 46 55 67 81 97 112 129 45 34 29 34 45 60 75 91 108 125 38 23 15 23 38 54 71 88 105 122 35 18 0 18 35 52 70 87 104 122 38 23 15 23 38 54 71 88 105 122 45 34 29 34 45 60 75 91 108 125 55 46 43 46 55 67 81 97 112 129 67 60 57 60 67 77 90 104 118 134 80 73 71 73 79 88 99 112 126 140
13 69 88 52 74 42 13 70 52 36 108 51 53 53 40 53 108 5 74 107 27 72 77 27 4 12 16 66 23 21 101 53 51 42 34 55 77 16 79 119 77 67 60 57 59 66 77 89 103 118 68 55 46 43 46 55 67 81 97 112 60 45 34 29 33 45 59 75 91 108 54 38 23 15 23 38 54 71 88 105 52 35 18 0 18 35 52 70 87 104 54 38 23 15 23 38 54 71 88 105 60 45 34 29 33 45 59 75 91 108 68 55 46 43 46 55 67 81 97 112 77 67 60 57 59 66 77 89 103 118 88 79 73 71 73 79 88 99 112 125
11 53 73 44 81 57 25 71 40 50 91 34 36 62 35 37 91 22 84 93 11 56 61 11 19 22 31 63 29 31 84 38 34 53 31 41 60 30 90 104 90 77 67 59 57 59 66 77 89 103 82 67 55 46 43 46 55 67 81 96 75 60 45 33 29 33 45 59 75 91 71 54 38 23 15 23 38 54 71 88 70 52 35 18 0 18 35 52 70 87 71 54 38 23 15 23 38 54 71 88 75 60 45 33 29 33 45 59 75 91 82 67 55 46 43 46 55 67 81 96 90 77 67 59 57 59 66 77 89 103 99 88 79 73 71 73 78 87 99 111
27 38 59 43 90 72 41 75 34 66 74 19 21 74 39 25 74 39 97 80 12 41 44 10 37 38 48 65 41 46 66 25 17 66 38 30 43 47 102 90 104 90 77 66 59 56 59 66 76 89 97 82 67 55 46 42 46 55 67 81 91 75 60 45 33 28 33 45 59 75 88 71 54 38 23 14 23 38 54 71 87 70 52 35 18 0 18 35 52 70 88 71 54 38 23 14 23 38 54 71 91 75 60 45 33 28 33 45 59 75 97 82 67 55 46 42 46 55 67 81 104 90 77 66 59 56 59 66 76 89 112 99 88 79 73 70 72 78 87 98
43 27 48 49 102 88 58 83 36 82 57 13 11 88 49 22 57 56 110 70 28 29 28 26 54 55 65 70 56 62 49 20 3 82 50 27 26 63 116 77 119 104 90 77 66 59 56 59 66 76 113 97 81 67 55 46 42 46 54 67 108 91 75 59 45 33 28 33 45 59 105 88 71 54 38 23 14 23 38 54 104 87 70 52 35 18 0 18 35 52 105 88 71 54 38 23 14 23 38 54 108 91 75 59 45 33 28 33 45 59 113 97 81 67 55 46 42 46 54 67 119 104 90 77 66 59 56 59 66 76 126 112 99 88 78 72 70 72 78 87
61 24 41 60 115 105 75 94 45 99 40 24 21 103 62 30 40 74 125 63 45 24 17 44 71 72 82 80 73 79 32 28 19 97 65 35 13 80 130 66 134 118 104 89 77 66 59 56 58 65 129 112 97 81 67 55 46 42 45 54 125 108 91 75 59 45 33 28 33 45 122 105 88 71 54 38 23 14 23 38 122 104 87 70 52 35 18 0 18 35 122 105 88 71 54 38 23 14 23 38 125 108 91 75 59 45 33 28 33 45 129 112 97 81 67 55 46 42 45 54 134 118 104 89 77 66 59 56 58 65 140 126 112 99 87 78 72 70 72 77
78 32 42 73 129 122 92 106 58 115 24 40 37 119 77 44 23 91 140 60 62 30 19 61 88 89 99 91 89 95 14 43 37 114 80 47 16 98 146 59 150 134 118 103 89 76 66 58 55 58 145 129 112 97 81 67 54 45 42 45 142 125 108 91 75 59 45 33 28 33 140 122 105 88 71 54 38 23 14 23 139 122 104 87 70 52 35 18 0 18 140 122 105 88 71 54 38 23 14 23 142 125 108 91 75 59 45 33 28 33 145 129 112 97 81 67 54 45 42 45 150 134 118 103 89 76 66 58 55 58 156 140 126 112 99 87 78 72 69 71
95 46 49 87 144 139 109 120 73 132 11 57 54 135 92 60 11 108 156 62 79 43 33 78 106 106 116 105 106 112 4 58 54 130 96 62 31 115 161 56 166 150 134 118 103 89 76 65 58 55 162 145 129 112 96 81 67 54 45 42 159 142 125 108 91 75 59 45 33 28 157 140 122 105 88 71 54 38 23 14 156 139 122 104 87 70 52 35 18 0 157 140 122 105 88 71 54 38 23 14 159 142 125 108 91 75 59 45 33 28 162 145 129 112 96 81 67 54 45 42 166 150 134 118 103 89 76 65 58 55 171 155 140 125 111 98 87 77 71 69
66 117 141 99 64 47 48 81 94 29 161 105 104 45 74 100 161 50 77 159 81 120 131 81 52 57 41 88 65 46 153 107 104 38 67 101 128 43 81 172 72 74 80 88 99 112 126 140 156 171 58 60 67 77 90 104 119 134 150 166 43 47 55 68 82 97 113 129 145 162 29 34 45 60 75 91 108 125 142 159 15 23 38 54 71 88 105 122 140 157 0 18 35 52 70 87 104 122 139 156 15 23 38 54 71 88 105 122 140 157 29 34 45 60 75 91 108 125 142 159 43 47 55 68 82 97 113 129 145 162 58 60 67 77 90 104 119 134 150 166
50 100 125 85 58 42 31 69 77 15 144 88 87 35 58 83 144 34 77 144 64 103 114 64 36 43 24 74 52 29 136 91 87 26 51 84 111 25 81 156 74 72 73 79 88 99 112 126 140 155 60 57 60 67 77 90 104 118 134 150 47 43 46 55 67 82 97 112 129 145 34 29 34 45 60 75 91 108 125 142 23 15 23 38 54 71 88 105 122 140 18 0 18 35 52 70 87 104 122 139 23 15 23 38 54 71 88 105 122 140 34 29 34 45 60 75 91 108 125 142 47 43 46 55 67 82 97 112 129 145 60 57 60 67 77 90 104 118 134 150
35 83 110 73 57 44 14 60 60 14 127 72 70 34 42 66 127 19 79 129 48 86 98 48 20 31 7 62 42 13 119 75 70 22 35 67 93 8 84 141 80 73 71 73 79 88 99 112 126 140 67 60 57 60 67 77 90 104 118 134 55 46 43 46 55 67 81 97 112 129 45 34 29 34 45 60 75 91 108 125 38 23 15 23 38 54 71 88 105 122 35 18 0 18 35 52 70 87 104 122 38 23 15 23 38 54 71 88 105 122 45 34 29 34 45 60 75 91 108 125 55 46 43 46 55 67 81 97 112 129 67 60 57 60 67 77 90 104 118 134
24 66 95 64 60 53 5 56 44 28 110 56 52 40 28 49 110 14 86 115 33 69 81 33 12 26 12 53 37 9 102 60 54 30 22 50 76 11 91 126 88 79 73 71 73 79 88 99 112 125 77 67 60 57 59 66 77 89 103 118 68 55 46 43 46 55 67 81 97 112 60 45 34 29 33 45 59 75 91 108 54 38 23 15 23 38 54 71 88 105 52 35 18 0 18 35 52 70 87 104 54 38 23 15 23 38 54 71 88 105 60 45 34 29 33 45 59 75 91 108 68 55 46 43 46 55 67 81 97 112 77 67 60 57 59 66 77 89 103 118
23 49 81 58 69 65 22 57 30 45 94 41 35 52 21 32 93 25 95 103 23 52 65 21 22 32 29 49 41 25 84 47 37 44 18 33 59 28 100 112 99 88 79 73 71 73 78 87 99 111 90 77 67 59 57 59 66 77 89 103 82 67 55 46 43 46 55 67 81 96 75 60 45 33 29 33 45 59 75 91 71 54 38 23 15 23 38 54 71 88 70 52 35 18 0 18 35 52 70 87 71 54 38 23 15 23 38 54 71 88 75 60 45 33 29 33 45 59 75 91 82 67 55 46 43 46 55 67 81 96 90 77 67 59 57 59 66 77 89 103
34 32 69 57 80 79 39 63 20 62 77 30 18 66 27 15 77 41 106 91 23 35 51 21 38 45 47 51 50 42 67 37 23 60 28 19 42 45 112 99 112 99 88 79 73 70 72 78 87 98 104 90 77 66 59 56 59 66 76 89 97 82 67 55 46 42 46 55 67 81 91 75 60 45 33 28 33 45 59 75 88 71 54 38 23 14 23 38 54 71 87 70 52 35 18 0 18 35 52 70 88 71 54 38 23 14 23 38 54 71 91 75 60 45 33 28 33 45 59 75 97 82 67 55 46 42 46 55 67 81 104 90 77 66 59 56 59 66 76 89
48 16 60 62 93 94 57 72 23 79 61 27 4 82 40 8 60 58 119 82 34 19 38 32 55 60 64 58 63 59 50 34 16 77 43 14 24 62 124 87 126 112 99 88 78 72 70 72 78 87 119 104 90 77 66 59 56 59 66 76 113 97 81 67 55 46 42 46 54 67 108 91 75 59 45 33 28 33 45 59 105 88 71 54 38 23 14 23 38 54 104 87 70 52 35 18 0 18 35 52 105 88 71 54 38 23 14 23 38 54 108 91 75 59 45 33 28 33 45 59 113 97 81 67 55 46 42 46 54 67 119 104 90 77 66 59 56 59 66 76
64 11 55 70 107 109 74 84 36 96 46 33 18 98 55 23 45 75 133 76 49 10 30 47 72 75 81 69 78 76 34 39 25 93 59 25 8 80 138 78 140 126 112 99 87 78 72 70 72 77 134 118 104 89 77 66 59 56 58 65 129 112 97 81 67 55 46 42 45 54 125 108 91 75 59 45 33 28 33 45 122 105 88 71 54 38 23 14 23 38 122 104 87 70 52 35 18 0 18 35 122 105 88 71 54 38 23 14 23 38 125 108 91 75 59 45 33 28 33 45 129 112 97 81 67 55 46 42 45 54 134 118 104 89 77 66 59 56 58 65
80 24 55 82 122 126 91 98 51 113 32 46 35 114 72 40 32 92 147 74 65 22 31 63 89 92 98 83 94 94 19 50 40 110 76 41 12 97 152 72 156 140 126 112 99 87 78 72 69 71 150 134 118 103 89 76 66 58 55 58 145 129 112 97 81 67 54 45 42 45 142 125 108 91 75 59 45 33 28 33 140 122 105 88 71 54 38 23 14 23 139 122 104 87 70 52 35 18 0 18 140 122 105 88 71 54 38 23 14 23 142 125 108 91 75 59 45 33 28 33 145 129 112 97 81 67 54 45 42 45 150 134 118 103 89 76 66 58 55 58
97 41 60 95 138 142 109 113 68 130 25 61 53 131 88 57 24 109 162 75 81 38 41 80 106 109 116 97 110 111 13 64 56 127 93 58 29 114 167 70 171 155 140 125 111 98 87 77 71 69 166 150 134 118 103 89 76 65 58 55 162 145 129 112 96 81 67 54 45 42 159 142 125 108 91 75 59 45 33 28 157 140 122 105 88 71 54 38 23 14 156 139 122 104 87 70 52 35 18 0 157 140 122 105 88 71 54 38 23 14 159 142 125 108 91 75 59 45 33 28 162 145 129 112 96 81 67 54 45 42 166 150 134 118 103 89 76 65 58 55
72 117 147 108 52 60 51 71 92 27 164 109 106 35 71 100 164 56 92 166 86 120 135 85 57 65 45 80 74 47 155 112 107 32 65 100 129 46 95 178 86 88 93 100 110 122 134 148 162 177 72 74 80 88 99 112 126 140 156 171 58 60 67 77 90 104 119 134 150 166 43 47 55 68 82 97 113 129 145 162 29 34 45 60 75 91 108 125 142 159 15 23 38 54 71 88 105 122 140 157 0 18 35 52 70 87 104 122 139 156 15 23 38 54 71 88 105 122 140 157 29 34 45 60 75 91 108 125 142 159 43 47 55 68 82 97 113 129 145 162
57 100 132 95 44 56 35 58 75 10 147 93 89 23 54 83 147 41 91 151 70 103 119 70 42 52 29 65 63 30 138 97 91 16 48 83 112 30 95 163 88 86 87 92 100 110 121 134 148 162 74 72 73 79 88 99 112 126 140 155 60 57 60 67 77 90 104 118 134 150 47 43 46 55 67 82 97 112 129 145 34 29 34 45 60 75 91 108 125 142 23 15 23 38 54 71 88 105 122 140 18 0 18 35 52 70 87 104 122 139 23 15 23 38 54 71 88 105 122 140 34 29 34 45 60 75 91 108 125 142 47 43 46 55 67 82 97 112 129 145
45 82 117 85 42 58 22 48 57 10 131 78 72 20 37 66 130 31 93 138 56 86 103 55 30 43 19 51 55 14 121 82 75 9 31 66 95 19 98 148 93 87 85 87 92 99 109 121 134 148 80 73 71 73 79 88 99 112 126 140 67 60 57 60 67 77 90 104 118 134 55 46 43 46 55 67 81 97 112 129 45 34 29 34 45 60 75 91 108 125 38 23 15 23 38 54 71 88 105 122 35 18 0 18 35 52 70 87 104 122 38 23 15 23 38 54 71 88 105 122 45 34 29 34 45 60 75 91 108 125 55 46 43 46 55 67 81 97 112 129
38 65 104 77 48 64 18 42 40 26 114 64 55 30 20 49 114 28 99 125 44 68 87 42 26 40 21 40 52 11 104 69 59 23 14 48 78 20 104 134 100 92 87 85 87 91 99 109 121 134 88 79 73 71 73 79 88 99 112 125 77 67 60 57 59 66 77 89 103 118 68 55 46 43 46 55 67 81 97 112 60 45 34 29 33 45 59 75 91 108 54 38 23 15 23 38 54 71 88 105 52 35 18 0 18 35 52 70 87 104 54 38 23 15 23 38 54 71 88 105 60 45 34 29 33 45 59 75 91 108 68 55 46 43 46 55 67 81 97 112
37 48 91 72 58 74 28 43 23 44 98 51 39 45 7 32 98 35 107 113 36 51 73 34 32 44 34 35 54 26 88 58 45 40 6 31 61 32 112 121 110 100 92 87 85 86 91 99 109 120 99 88 79 73 71 73 78 87 99 111 90 77 67 59 57 59 66 77 89 103 82 67 55 46 43 46 55 67 81 96 75 60 45 33 29 33 45 59 75 91 71 54 38 23 15 23 38 54 71 88 70 52 35 18 0 18 35 52 70 87 71 54 38 23 15 23 38 54 71 88 75 60 45 33 29 33 45 59 75 91 82 67 55 46 43 46 55 67 81 96
44 31 81 71 71 87 43 51 8 61 82 43 25 61 18 15 82 47 117 103 36 34 60 34 44 54 49 38 62 42 71 50 34 57 22 14 45 48 122 109 122 110 99 91 86 84 86 91 98 108 112 99 88 79 73 70 72 78 87 98 104 90 77 66 59 56 59 66 76 89 97 82 67 55 46 42 46 55 67 81 91 75 60 45 33 28 33 45 59 75 88 71 54 38 23 14 23 38 54 71 87 70 52 35 18 0 18 35 52 70 88 71 54 38 23 14 23 38 54 71 91 75 60 45 33 28 33 45 59 75 97 82 67 55 46 42 46 55 67 81
56 14 73 75 85 101 59 62 14 78 68 40 18 77 35 9 67 62 128 95 44 17 49 42 59 67 66 47 72 59 55 48 30 74 40 5 30 64 134 99 134 121 109 99 91 86 84 85 90 98 126 112 99 88 78 72 70 72 78 87 119 104 90 77 66 59 56 59 66 76 113 97 81 67 55 46 42 46 54 67 108 91 75 59 45 33 28 33 45 59 105 88 71 54 38 23 14 23 38 54 104 87 70 52 35 18 0 18 35 52 105 88 71 54 38 23 14 23 38 54 108 91 75 59 45 33 28 33 45 59 113 97 81 67 55 46 42 46 54 67
70 7 69 82 101 115 76 76 31 95 54 45 25 94 52 23 54 78 141 90 56 5 44 54 75 81 83 61 86 76 41 52 36 91 57 22 19 81 146 91 148 134 121 109 99 91 85 83 85 90 140 126 112 99 87 78 72 70 72 77 134 118 104 89 77 66 59 56 58 65 129 112 97 81 67 55 46 42 45 54 125 108 91 75 59 45 33 28 33 45 122 105 88 71 54 38 23 14 23 38 122 104 87 70 52 35 18 0 18 35 122 105 88 71 54 38 23 14 23 38 125 108 91 75 59 45 33 28 33 45 129 112 97 81 67 55 46 42 45 54
85 23 69 92 117 131 93 91 48 113 44 55 39 111 69 40 43 95 155 88 70 20 44 69 92 97 100 75 100 94 30 61 47 109 74 39 21 98 160 85 162 148 134 121 109 98 90 85 83 85 156 140 126 112 99 87 78 72 69 71 150 134 118 103 89 76 66 58 55 58 145 129 112 97 81 67 54 45 42 45 142 125 108 91 75 59 45 33 28 33 140 122 105 88 71 54 38 23 14 23 139 122 104 87 70 52 35 18 0 18 140 122 105 88 71 54 38 23 14 23 142 125 108 91 75 59 45 33 28 33 145 129 112 97 81 67 54 45 42 45
101 40 73 103 133 147 110 107 65 130 38 68 55 128 86 57 38 111 169 89 86 37 52 84 109 113 117 91 115 111 26 73 61 126 91 57 34 115 174 83 177 162 148 134 120 108 98 90 85 83 171 155 140 125 111 98 87 77 71 69 166 150 134 118 103 89 76 65 58 55 162 145 129 112 96 81 67 54 45 42 159 142 125 108 91 75 59 45 33 28 157 140 122 105 88 71 54 38 23 14 156 139 122 104 87 70 52 35 18 0 157 140 122 105 88 71 54 38 23 14 159 142 125 108 91 75 59 45 33 28 162 145 129 112 96 81 67 54 45 42
80 118 154 117 41 73 57 64 92 32 168 115 109 30 71 102 168 64 106 174 92 121 140 92 65 75 52 75 85 51 158 119 112 32 66 101 132 53 110 185 100 102 106 112 121 132 144 156 170 184 86 88 93 100 110 122 134 148 162 177 72 74 80 88 99 112 126 140 156 171 58 60 67 77 90 104 119 134 150 166 43 47 55 68 82 97 113 129 145 162 29 34 45 60 75 91 108 125 142 159 15 23 38 54 71 88 105 122 140 157 0 18 35 52 70 87 104 122 139 156 15 23 38 54 71 88 105 122 140 157 29 34 45 60 75 91 108 125 142 159
67 101 139 106 31 71 44 49 75 20 152 100 92 13 54 85 151 52 105 160 78 104 125 77 52 64 39 59 75 37 141 105 96 16 49 84 115 40 109 170 102 100 101 105 112 121 131 143 156 170 88 86 87 92 100 110 121 134 148 162 74 72 73 79 88 99 112 126 140 155 60 57 60 67 77 90 104 118 134 150 47 43 46 55 67 82 97 112 129 145 34 29 34 45 60 75 91 108 125 142 23 15 23 38 54 71 88 105 122 140 18 0 18 35 52 70 87 104 122 139 23 15 23 38 54 71 88 105 122 140 34 29 34 45 60 75 91 108 125 142
57 84 126 97 28 72 34 36 58 20 135 86 76 8 37 69 135 44 107 147 65 87 109 64 43 57 32 43 68 25 125 91 81 9 33 67 98 32 112 156 106 101 99 101 105 112 121 131 143 156 93 87 85 87 92 99 109 121 134 148 80 73 71 73 79 88 99 112 126 140 67 60 57 60 67 77 90 104 118 134 55 46 43 46 55 67 81 97 112 129 45 34 29 34 45 60 75 91 108 125 38 23 15 23 38 54 71 88 105 122 35 18 0 18 35 52 70 87 104 122 38 23 15 23 38 54 71 88 105 122 45 34 29 34 45 60 75 91 108 125
51 68 113 90 36 77 32 28 41 32 120 73 61 24 20 53 119 42 112 135 55 71 95 54 40 54 34 29 66 24 109 79 68 23 18 51 82 33 117 143 112 105 101 99 100 105 111 120 131 143 100 92 87 85 87 91 99 109 121 134 88 79 73 71 73 79 88 99 112 125 77 67 60 57 59 66 77 89 103 118 68 55 46 43 46 55 67 81 97 112 60 45 34 29 33 45 59 75 91 108 54 38 23 15 23 38 54 71 88 105 52 35 18 0 18 35 52 70 87 104 54 38 23 15 23 38 54 71 88 105 60 45 34 29 33 45 59 75 91 108
51 51 102 86 49 86 38 30 24 47 104 63 47 41 8 37 104 46 119 124 50 54 82 48 44 57 43 21 68 33 93 70 56 40 13 34 67 41 124 131 121 112 105 100 99 100 104 111 120 130 110 100 92 87 85 86 91 99 109 120 99 88 79 73 71 73 78 87 99 111 90 77 67 59 57 59 66 77 89 103 82 67 55 46 43 46 55 67 81 96 75 60 45 33 29 33 45 59 75 91 71 54 38 23 15 23 38 54 71 88 70 52 35 18 0 18 35 52 70 87 71 54 38 23 15 23 38 54 71 88 75 60 45 33 29 33 45 59 75 91
56 36 93 85 64 96 50 40 11 63 90 56 36 58 18 25 89 57 128 115 50 38 70 48 54 65 56 26 74 47 77 63 47 57 25 21 52 54 133 120 132 121 112 105 100 98 99 104 110 119 122 110 99 91 86 84 86 91 98 108 112 99 88 79 73 70 72 78 87 98 104 90 77 66 59 56 59 66 76 89 97 82 67 55 46 42 46 55 67 81 91 75 60 45 33 28 33 45 59 75 88 71 54 38 23 14 23 38 54 71 87 70 52 35 18 0 18 35 52 70 88 71 54 38 23 14 23 38 54 71 91 75 60 45 33 28 33 45 59 75
66 23 86 88 79 109 64 54 16 80 76 54 32 75 35 22 76 70 138 108 55 25 62 53 67 76 71 38 83 63 63 62 44 74 41 16 40 69 144 111 144 131 121 111 104 99 98 99 103 110 134 121 109 99 91 86 84 85 90 98 126 112 99 88 78 72 70 72 78 87 119 104 90 77 66 59 56 59 66 76 113 97 81 67 55 46 42 46 54 67 108 91 75 59 45 33 28 33 45 59 105 88 71 54 38 23 14 23 38 54 104 87 70 52 35 18 0 18 35 52 105 88 71 54 38 23 14 23 38 54 108 91 75 59 45 33 28 33 45 59
78 19 82 94 96 123 80 69 32 97 65 58 36 92 52 31 64 84 150 103 65 19 57 64 81 89 87 54 95 79 51 65 48 91 58 27 32 85 156 103 156 143 131 120 111 104 99 97 99 103 148 134 121 109 99 91 85 83 85 90 140 126 112 99 87 78 72 70 72 77 134 118 104 89 77 66 59 56 58 65 129 112 97 81 67 55 46 42 45 54 125 108 91 75 59 45 33 28 33 45 122 105 88 71 54 38 23 14 23 38 122 104 87 70 52 35 18 0 18 35 122 105 88 71 54 38 23 14 23 38 125 108 91 75 59 45 33 28 33 45
92 29 82 103 113 137 96 86 48 114 56 66 47 110 69 45 55 100 163 101 78 27 58 76 97 103 103 70 108 96 42 72 57 109 75 42 33 102 169 99 170 156 143 131 120 110 103 99 97 98 162 148 134 121 109 98 90 85 83 85 156 140 126 112 99 87 78 72 69 71 150 134 118 103 89 76 66 58 55 58 145 129 112 97 81 67 54 45 42 45 142 125 108 91 75 59 45 33 28 33 140 122 105 88 71 54 38 23 14 23 139 122 104 87 70 52 35 18 0 18 140 122 105 88 71 54 38 23 14 23 142 125 108 91 75 59 45 33 28 33
107 44 86 113 129 152 113 102 65 131 52 77 61 127 86 60 51 115 177 102 92 41 63 91 113 118 120 87 122 113 40 82 69 126 92 59 42 118 182 97 184 170 156 143 130 119 110 103 98 96 177 162 148 134 120 108 98 90 85 83 171 155 140 125 111 98 87 77 71 69 166 150 134 118 103 89 76 65 58 55 162 145 129 112 96 81 67 54 45 42 159 142 125 108 91 75 59 45 33 28 157 140 122 105 88 71 54 38 23 14 156 139 122 104 87 70 52 35 18 0 157 140 122 105 88 71 54 38 23 14 159 142 125 108 91 75 59 45 33 28
90 121 162 128 33 87 66 60 95 42 173 122 114 31 74 106 173 74 120 182 100 124 147 100 74 85 61 73 96 59 162 127 118 38 70 104 136 62 124 193 115 116 119 125 133 143 154 166 179 192 100 102 106 112 121 132 144 156 170 184 86 88 93 100 110 122 134 148 162 177 72 74 80 88 99 112 126 140 156 171 58 60 67 77 90 104 119 134 150 166 43 47 55 68 82 97 113 129 145 162 29 34 45 60 75 91 108 125 142 159 15 23 38 54 71 88 105 122 140 157 0 18 35 52 70 87 104 122 139 156 15 23 38 54 71 88 105 122 140 157
78 105 148 118 19 85 55 43 78 33 157 108 98 16 58 90 157 64 119 169 88 108 132 87 64 76 52 55 88 47 146 114 104 26 54 88 120 52 124 179 116 114 115 119 125 133 142 153 165 178 102 100 101 105 112 121 131 143 156 170 88 86 87 92 100 110 121 134 148 162 74 72 73 79 88 99 112 126 140 155 60 57 60 67 77 90 104 118 134 150 47 43 46 55 67 82 97 112 129 145 34 29 34 45 60 75 91 108 125 142 23 15 23 38 54 71 88 105 122 140 18 0 18 35 52 70 87 104 122 139 23 15 23 38 54 71 88 105 122 140
70 89 135 109 15 86 47 27 62 33 141 96 83 12 42 74 141 57 121 157 77 91 117 75 56 70 46 38 82 39 130 101 90 22 40 72 104 46 126 165 119 115 114 115 118 124 132 142 153 165 106 101 99 101 105 112 121 131 143 156 93 87 85 87 92 99 109 121 134 148 80 73 71 73 79 88 99 112 126 140 67 60 57 60 67 77 90 104 118 134 55 46 43 46 55 67 81 97 112 129 45 34 29 34 45 60 75 91 108 125 38 23 15 23 38 54 71 88 105 122 35 18 0 18 35 52 70 87 104 122 38 23 15 23 38 54 71 88 105 122
65 73 124 103 26 90 45 15 46 41 126 84 69 25 29 60 126 56 125 146 68 75 104 67 54 68 47 22 80 37 114 91 77 31 29 56 89 46 130 153 125 119 115 113 114 118 124 132 141 152 112 105 101 99 100 105 111 120 131 143 100 92 87 85 87 91 99 109 121 134 88 79 73 71 73 79 88 99 112 125 77 67 60 57 59 66 77 89 103 118 68 55 46 43 46 55 67 81 97 112 60 45 34 29 33 45 59 75 91 108 54 38 23 15 23 38 54 71 88 105 52 35 18 0 18 35 52 70 87 104 54 38 23 15 23 38 54 71 88 105
65 58 114 100 42 97 50 18 32 54 112 75 57 42 22 47 111 59 131 136 63 60 92 62 57 71 54 8 81 44 99 82 67 45 26 43 74 53 137 142 133 125 118 114 113 114 117 123 131 141 121 112 105 100 99 100 104 111 120 130 110 100 92 87 85 86 91 99 109 120 99 88 79 73 71 73 78 87 99 111 90 77 67 59 57 59 66 77 89 103 82 67 55 46 43 46 55 67 81 96 75 60 45 33 29 33 45 59 75 91 71 54 38 23 15 23 38 54 71 88 70 52 35 18 0 18 35 52 70 87 71 54 38 23 15 23 38 54 71 88
69 45 105 99 59 107 60 32 24 68 98 70 49 59 27 38 98 67 139 127 63 47 82 61 65 77 65 17 86 55 85 77 60 60 34 32 61 63 145 131 143 133 124 118 114 112 113 117 123 131 132 121 112 105 100 98 99 104 110 119 122 110 99 91 86 84 86 91 98 108 112 99 88 79 73 70 72 78 87 98 104 90 77 66 59 56 59 66 76 89 97 82 67 55 46 42 46 55 67 81 91 75 60 45 33 28 33 45 59 75 88 71 54 38 23 14 23 38 54 71 87 70 52 35 18 0 18 35 52 70 88 71 54 38 23 14 23 38 54 71
77 35 99 101 76 118 72 49 26 84 86 68 46 76 40 36 86 79 149 121 68 36 75 66 76 86 78 33 94 69 73 76 58 77 47 30 51 77 155 123 154 142 132 124 117 113 112 113 116 122 144 131 121 111 104 99 98 99 103 110 134 121 109 99 91 86 84 85 90 98 126 112 99 88 78 72 70 72 78 87 119 104 90 77 66 59 56 59 66 76 113 97 81 67 55 46 42 46 54 67 108 91 75 59 45 33 28 33 45 59 105 88 71 54 38 23 14 23 38 54 104 87 70 52 35 18 0 18 35 52 105 88 71 54 38 23 14 23 38 54
87 33 96 107 93 131 86 65 38 100 76 71 49 93 55 41 76 92 160 117 76 32 71 74 89 98 93 50 105 84 62 78 61 93 62 37 46 91 166 116 166 153 142 132 123 117 113 111 112 116 156 143 131 120 111 104 99 97 99 103 148 134 121 109 99 91 85 83 85 90 140 126 112 99 87 78 72 70 72 77 134 118 104 89 77 66 59 56 58 65 129 112 97 81 67 55 46 42 45 54 125 108 91 75 59 45 33 28 33 45 122 105 88 71 54 38 23 14 23 38 122 104 87 70 52 35 18 0 18 35 122 105 88 71 54 38 23 14 23 38
100 39 96 114 110 145 101 82 53 117 69 78 57 110 72 53 68 106 172 115 87 38 71 85 103 111 108 67 117 100 55 84 68 110 78 49 47 106 178 112 179 165 153 141 131 123 116 112 110 112 170 156 143 131 120 110 103 99 97 98 162 148 134 121 109 98 90 85 83 85 156 140 126 112 99 87 78 72 69 71 150 134 118 103 89 76 66 58 55 58 145 129 112 97 81 67 54 45 42 45 142 125 108 91 75 59 45 33 28 33 140 122 105 88 71 54 38 23 14 23 139 122 104 87 70 52 35 18 0 18 140 122 105 88 71 54 38 23 14 23
114 51 99 124 127 159 117 100 69 134 66 87 69 127 88 66 65 121 185 116 100 49 76 98 118 125 124 85 130 116 54 93 79 127 95 64 53 122 191 111 192 178 165 152 141 131 122 116 112 110 184 170 156 143 130 119 110 103 98 96 177 162 148 134 120 108 98 90 85 83 171 155 140 125 111 98 87 77 71 69 166 150 134 118 103 89 76 65 58 55 162 145 129 112 96 81 67 54 45 42 159 142 125 108 91 75 59 45 33 28 157 140 122 105 88 71 54 38 23 14 156 139 122 104 87 70 52 35 18 0 157 140 122 105 88 71 54 38 23 14
100 126 171 139 30 101 77 58 99 53 179 131 120 38 79 112 178 85 134 192 110 129 154 109 85 97 73 73 108 69 167 136 126 47 77 109 141 73 138 201 129 130 133 138 145 154 164 176 188 201 115 116 119 125 133 143 154 166 179 192 100 102 106 112 121 132 144 156 170 184 86 88 93 100 110 122 134 148 162 177 72 74 80 88 99 112 126 140 156 171 58 60 67 77 90 104 119 134 150 166 43 47 55 68 82 97 113 129 145 162 29 34 45 60 75 91 108 125 142 159 15 23 38 54 71 88 105 122 140 157 0 18 35 52 70 87 104 122 139 156
90 110 158 130 13 99 67 41 83 47 163 118 105 27 64 96 163 76 133 179 98 113 140 97 76 89 64 56 101 59 152 123 112 38 62 94 126 64 138 188 130 128 129 132 138 145 154 164 175 187 116 114 115 119 125 133 142 153 165 178 102 100 101 105 112 121 131 143 156 170 88 86 87 92 100 110 121 134 148 162 74 72 73 79 88 99 112 126 140 155 60 57 60 67 77 90 104 118 134 150 47 43 46 55 67 82 97 112 129 145 34 29 34 45 60 75 91 108 125 142 23 15 23 38 54 71 88 105 122 140 18 0 18 35 52 70 87 104 122 139
83 95 146 122 5 100 61 23 68 47 149 106 92 25 51 82 148 71 135 168 88 97 126 87 70 84 60 39 96 52 136 112 100 36 50 79 111 60 140 175 133 129 128 129 132 137 144 153 163 175 119 115 114 115 118 124 132 142 153 165 106 101 99 101 105 112 121 131 143 156 93 87 85 87 92 99 109 121 134 148 80 73 71 73 79 88 99 112 126 140 67 60 57 60 67 77 90 104 118 134 55 46 43 46 55 67 81 97 112 129 45 34 29 34 45 60 75 91 108 125 38 23 15 23 38 54 71 88 105 122 35 18 0 18 35 52 70 87 104 122
79 80 135 117 23 103 60 6 55 53 134 96 79 33 40 69 134 70 138 157 81 82 114 80 68 82 61 22 94 51 122 103 88 42 42 65 96 60 144 163 138 132 129 127 128 131 137 144 153 163 125 119 115 113 114 118 124 132 141 152 112 105 101 99 100 105 111 120 131 143 100 92 87 85 87 91 99 109 121 134 88 79 73 71 73 79 88 99 112 125 77 67 60 57 59 66 77 89 103 118 68 55 46 43 46 55 67 81 97 112 60 45 34 29 33 45 59 75 91 108 54 38 23 15 23 38 54 71 88 105 52 35 18 0 18 35 52 70 87 104
79 67 126 114 40 110 63 12 43 63 121 88 69 47 36 58 120 73 144 148 77 69 103 76 70 84 66 8 95 56 108 95 80 53 40 53 83 65 149 153 145 138 132 128 127 127 131 136 143 152 133 125 118 114 113 114 117 123 131 141 121 112 105 100 99 100 104 111 120 130 110 100 92 87 85 86 91 99 109 120 99 88 79 73 71 73 78 87 99 111 90 77 67 59 57 59 66 77 89 103 82 67 55 46 43 46 55 67 81 96 75 60 45 33 29 33 45 59 75 91 71 54 38 23 15 23 38 54 71 88 70 52 35 18 0 18 35 52 70 87
82 56 118 113 57 118 71 29 38 76 108 83 62 62 39 51 108 79 152 140 77 57 94 75 77 90 75 17 99 65 95 91 74 67 46 45 72 74 157 143 154 145 137 131 127 126 127 130 135 143 143 133 124 118 114 112 113 117 123 131 132 121 112 105 100 98 99 104 110 119 122 110 99 91 86 84 86 91 98 108 112 99 88 79 73 70 72 78 87 98 104 90 77 66 59 56 59 66 76 89 97 82 67 55 46 42 46 55 67 81 91 75 60 45 33 28 33 45 59 75 88 71 54 38 23 14 23 38 54 71 87 70 52 35 18 0 18 35 52 70
89 48 113 115 75 129 82 47 39 90 97 82 60 79 49 49 97 89 160 134 81 49 88 79 86 98 87 33 106 77 83 89 72 82 56 44 64 85 166 136 164 154 144 137 131 127 125 126 130 135 154 142 132 124 117 113 112 113 116 122 144 131 121 111 104 99 98 99 103 110 134 121 109 99 91 86 84 85 90 98 126 112 99 88 78 72 70 72 78 87 119 104 90 77 66 59 56 59 66 76 113 97 81 67 55 46 42 46 54 67 108 91 75 59 45 33 28 33 45 59 105 88 71 54 38 23 14 23 38 54 104 87 70 52 35 18 0 18 35 52
98 47 110 120 92 140 94 64 48 106 88 84 62 95 62 54 88 101 171 130 88 46 85 86 98 108 100 50 115 91 74 91 74 98 69 48 60 99 176 130 176 164 153 144 136 130 126 125 126 129 166 153 142 132 123 117 113 111 112 116 156 143 131 120 111 104 99 97 99 103 148 134 121 109 99 91 85 83 85 90 140 126 112 99 87 78 72 70 72 77 134 118 104 89 77 66 59 56 58 65 129 112 97 81 67 55 46 42 45 54 125 108 91 75 59 45 33 28 33 45 122 105 88 71 54 38 23 14 23 38 122 104 87 70 52 35 18 0 18 35
109 51 110 126 109 153 108 81 60 121 82 90 69 112 77 63 82 114 182 129 98 50 85 96 111 120 115 67 126 106 69 97 80 114 84 58 60 113 188 126 188 175 163 153 143 135 130 126 124 125 179 165 153 141 131 123 116 112 110 112 170 156 143 131 120 110 103 99 97 98 162 148 134 121 109 98 90 85 83 85 156 140 126 112 99 87 78 72 69 71 150 134 118 103 89 76 66 58 55 58 145 129 112 97 81 67 54 45 42 45 142 125 108 91 75 59 45 33 28 33 140 122 105 88 71 54 38 23 14 23 139 122 104 87 70 52 35 18 0 18
122 61 112 135 127 167 123 99 74 138 79 98 79 129 93 75 79 128 194 130 109 59 89 107 125 133 130 85 139 121 67 104 89 130 99 71 65 128 200 124 201 187 175 163 152 143 135 129 125 124 192 178 165 152 141 131 122 116 112 110 184 170 156 143 130 119 110 103 98 96 177 162 148 134 120 108 98 90 85 83 171 155 140 125 111 98 87 77 71 69 166 150 134 118 103 89 76 65 58 55 162 145 129 112 96 81 67 54 45 42 159 142 125 108 91 75 59 45 33 28 157 140 122 105 88 71 54 38 23 14 156 139 122 104 87 70 52 35 18 0
