0 125 139 55 69 54 104 41 135 41 26 58 119 85 25 122 141 118 76 50 8 118 154 68 27 36 94 28 121 15 12 31 68 51 33 111 142 103 86 16 72 67 68 72 80 91 104 117 132 147 58 53 54 59 69 81 95 110 126 141 46 39 40 47 59 73 88 104 120 137 35 26 26 37 51 67 83 100 117 134 27 13 15 30 46 63 80 98 115 132 25 9 12 28 45 63 80 97 115 132 31 20 22 34 49 65 82 99 116 133 41 34 35 43 56 71 86 102 119 136 54 48 48 55 65 78 92 108 123 140 67 62 62 67 76 87 100 114 129 145
125 0 35 73 152 110 67 126 90 144 140 92 50 53 101 10 95 69 68 149 127 8 53 77 120 101 61 112 56 131 128 113 69 75 94 16 91 37 45 111 173 159 145 132 120 109 101 95 91 91 166 151 136 123 110 98 88 81 78 78 160 144 129 114 100 88 77 68 64 64 155 139 123 107 92 78 66 56 50 51 151 134 118 101 85 70 56 44 37 37 148 131 114 97 80 64 48 34 24 25 147 129 112 95 78 60 43 27 12 13 147 129 112 95 77 60 43 26 10 12 148 131 113 96 80 63 47 32 21 22 150 133 117 100 84 69 54 42 34 35
139 35 0 84 150 110 101 129 125 149 148 118 85 82 114 27 130 104 97 151 143 41 19 104 127 108 93 119 91 141 139 133 95 94 106 36 126 70 73 123 196 183 171 160 150 141 134 129 126 126 187 174 161 149 138 129 121 116 113 112 179 165 151 138 127 117 108 102 99 99 171 157 142 129 116 105 96 89 85 85 165 149 134 120 107 94 84 76 72 71 159 143 127 112 98 84 73 63 58 58 155 138 122 106 90 76 62 51 45 44 151 134 117 101 84 69 53 40 31 31 149 132 115 98 81 64 47 31 19 18 148 131 114 96 79 62 44 27 10 9
55 73 84 0 84 43 78 55 113 72 67 55 83 50 31 69 120 91 52 77 60 68 99 50 47 28 66 39 88 59 56 56 43 21 23 59 118 62 45 40 117 107 99 94 91 92 96 102 111 122 107 96 86 80 77 78 83 90 101 113 97 85 74 67 63 64 70 79 91 104 88 75 63 53 49 51 58 69 82 96 81 66 52 41 35 37 47 60 74 90 76 60 44 30 21 25 37 53 69 86 74 57 39 23 8 15 32 49 66 83 74 57 40 23 9 16 32 49 66 84 77 60 45 31 22 26 38 53 69 86 82 67 53 42 36 38 47 60 75 90
69 152 150 84 0 43 159 33 193 30 47 121 166 133 74 146 200 172 130 23 76 148 158 125 47 59 147 54 171 55 59 99 121 97 74 137 199 145 129 67 132 133 136 141 148 157 167 178 190 203 117 119 122 128 136 146 156 168 181 195 103 105 109 115 124 135 146 159 173 187 89 91 95 103 113 124 137 151 165 180 75 77 82 91 102 115 129 143 158 173 60 63 70 80 93 106 121 136 152 168 46 50 58 70 84 99 115 131 147 164 32 37 48 62 78 94 110 127 144 160 17 26 40 56 73 90 107 124 141 158 3 19 37 54 71 88 106 123 140 158
54 110 110 43 43 0 120 22 155 41 47 89 126 93 44 104 162 133 93 42 61 106 121 89 29 25 108 27 131 46 47 74 83 60 40 95 160 104 88 42 125 120 118 118 121 127 134 143 153 165 111 106 104 104 108 114 122 132 143 155 98 93 90 91 94 101 110 121 133 147 85 79 76 77 81 89 99 111 124 139 73 65 62 63 68 77 89 102 117 132 62 52 48 49 56 67 80 95 110 126 52 40 34 36 45 58 73 89 105 122 44 29 20 23 36 51 68 85 102 119 40 23 7 14 31 48 65 83 100 117 41 24 11 17 32 49 66 83 100 118
104 67 101 78 159 120 0 127 35 139 128 49 23 29 87 74 42 14 29 146 103 61 119 37 114 100 13 107 21 117 113 79 39 62 85 67 40 32 38 97 126 109 93 76 61 46 35 30 34 45 123 106 89 72 55 39 24 16 23 38 122 105 88 71 53 36 19 2 17 34 123 106 89 72 55 38 22 13 21 36 125 108 92 75 59 45 32 27 31 43 129 113 97 81 67 54 44 40 44 53 134 118 103 89 76 65 57 54 57 64 140 126 111 98 87 77 71 68 70 76 148 134 121 108 98 90 84 82 83 88 156 143 131 119 110 102 98 96 97 101
41 126 129 55 33 22 127 0 161 20 26 89 136 102 42 121 168 140 98 23 48 121 141 92 16 28 115 21 140 29 31 68 89 65 42 111 167 115 99 35 110 108 108 112 117 125 135 146 158 172 96 93 94 98 105 114 124 136 149 163 82 79 80 85 92 102 114 127 141 156 68 65 66 72 81 92 105 119 134 150 55 51 53 59 70 83 97 112 128 144 42 37 39 48 61 75 91 107 123 140 31 23 26 39 54 70 86 103 120 137 23 9 16 33 50 67 84 101 118 136 22 8 16 32 49 67 84 101 118 136 30 22 25 38 53 69 86 103 120 137
135 90 125 113 193 155 35 161 0 172 159 77 41 64 120 99 7 24 63 179 133 86 142 69 148 134 48 140 35 148 144 107 73 96 119 94 7 61 71 129 143 126 108 91 74 57 39 22 5 14 144 126 109 92 75 58 41 25 14 19 146 129 112 95 79 63 47 35 27 30 149 132 116 100 84 70 56 46 41 43 153 137 121 106 92 79 67 59 55 56 159 143 128 114 101 89 79 72 68 69 165 151 136 123 111 100 91 85 82 83 173 159 145 133 121 112 104 98 96 96 181 168 155 143 133 124 117 112 110 110 190 177 165 154 144 136 130 125 123 124
41 144 149 72 30 41 139 20 172 0 17 97 150 116 52 140 179 153 110 9 47 139 161 103 26 44 128 35 154 27 30 72 101 79 56 129 178 131 114 43 102 103 107 113 121 132 143 156 169 183 88 89 93 100 110 121 134 147 161 176 73 75 80 88 99 111 125 139 154 170 59 61 67 77 89 103 117 133 148 164 45 47 55 67 81 96 111 127 144 160 31 34 45 59 74 90 106 123 140 157 16 22 37 53 69 86 103 121 138 155 3 16 33 50 68 85 102 120 137 154 13 20 35 52 69 86 103 120 137 155 28 31 43 57 73 89 106 122 139 156
26 140 148 67 47 47 128 26 159 17 0 83 140 106 42 136 166 141 99 25 31 134 161 91 21 40 117 29 144 12 16 56 90 70 47 125 166 122 106 32 86 86 90 97 106 117 129 142 156 171 72 72 77 84 95 107 120 134 149 165 58 58 64 73 85 98 113 128 143 159 44 44 51 62 76 91 106 122 139 155 30 31 40 54 69 85 101 118 135 152 16 18 32 48 64 81 98 116 133 150 7 11 28 45 63 80 97 115 132 149 16 18 32 48 64 81 98 116 133 150 30 31 40 54 69 85 101 118 135 152 44 44 51 62 76 91 106 122 139 155
58 92 118 55 121 89 49 89 77 97 83 0 67 40 48 94 84 62 25 104 56 85 136 16 74 65 41 68 68 72 68 30 23 34 49 83 84 59 47 55 83 67 54 42 36 38 47 60 74 90 78 61 45 31 23 26 37 52 69 85 75 58 40 24 9 15 31 48 66 83 75 57 40 23 8 15 31 48 65 83 77 61 45 30 21 24 37 52 68 85 82 67 53 41 35 37 46 59 74 89 89 75 63 54 49 50 57 68 81 95 98 85 74 67 63 64 69 78 90 103 107 96 87 80 77 78 82 90 100 112 118 108 99 94 91 92 95 102 111 122
119 50 85 83 166 126 23 136 41 150 140 67 0 35 99 59 46 20 44 156 118 45 102 53 125 108 26 116 7 129 126 96 51 71 95 54 43 23 38 109 147 130 114 98 83 68 56 46 42 44 143 126 110 93 77 61 46 34 28 32 141 124 107 90 73 56 39 24 14 21 141 123 106 89 71 54 37 20 2 16 141 124 107 90 73 56 39 24 14 21 143 126 110 93 77 61 46 34 28 32 147 130 114 98 83 68 56 46 42 44 151 135 120 105 91 78 67 59 56 58 157 142 127 113 100 88 79 72 69 71 164 149 135 122 110 99 91 85 83 84
85 53 82 50 133 93 29 102 64 116 106 40 35 0 64 57 71 41 16 122 85 46 101 25 90 74 17 82 39 95 92 65 19 37 61 47 69 20 11 75 122 107 93 79 68 59 55 57 63 73 116 100 85 70 57 47 42 43 51 63 112 95 79 63 48 35 28 30 41 55 110 92 75 58 42 26 14 19 33 50 109 91 74 57 40 22 5 13 31 48 110 93 76 59 42 27 16 20 34 50 113 96 80 64 49 36 29 32 42 56 117 101 86 71 58 48 43 45 52 64 123 108 94 80 69 61 57 58 64 74 130 116 103 91 81 74 71 72 77 85
25 101 114 31 74 44 87 42 120 52 42 48 99 64 0 98 127 101 59 59 29 94 129 52 28 20 76 21 102 32 29 32 49 28 8 87 126 81 64 11 90 82 77 76 78 85 94 105 118 132 78 69 63 62 65 73 83 96 110 124 67 56 49 47 52 61 74 88 103 118 58 45 36 33 40 51 66 81 97 113 52 36 23 20 29 44 60 76 93 110 48 31 14 7 23 40 57 74 92 109 49 32 17 11 24 41 58 75 92 109 54 39 27 25 33 46 62 78 94 111 61 49 40 39 44 55 68 83 99 115 71 61 54 53 57 65 77 90 105 120
122 10 27 69 146 104 74 121 99 140 136 94 59 57 98 0 104 77 72 143 126 14 46 79 116 96 66 107 65 127 125 113 71 74 91 12 100 43 48 108 174 160 147 135 124 115 107 102 100 101 166 152 138 125 113 103 94 89 86 87 160 144 130 116 103 91 82 75 73 74 154 138 122 107 93 81 70 62 59 60 149 132 116 100 85 71 59 49 45 47 145 128 111 95 79 63 49 37 31 34 143 126 108 91 74 58 42 27 18 23 142 124 107 90 72 55 38 21 5 15 142 125 108 90 73 56 39 23 11 18 144 127 110 93 76 60 45 32 25 29
141 95 130 120 200 162 42 168 7 179 166 84 46 71 127 104 0 31 70 186 139 91 147 76 154 141 55 147 40 155 151 113 79 103 126 100 5 68 78 136 148 130 113 96 78 61 44 27 10 10 149 131 114 97 80 64 47 32 20 20 151 134 117 101 85 69 54 41 33 33 155 138 122 106 91 76 63 53 47 47 159 143 128 113 99 85 74 65 60 60 165 150 135 121 108 96 86 78 74 74 172 157 143 130 118 107 98 91 88 87 180 166 152 140 128 118 110 104 101 101 188 174 162 150 139 130 123 118 115 115 197 184 172 161 151 143 136 131 129 128
118 69 104 91 172 133 14 140 24 153 141 62 20 41 101 77 31 0 43 160 117 64 121 51 128 113 26 120 15 130 127 92 52 76 99 72 28 38 48 111 137 120 103 86 70 54 39 27 24 32 135 118 101 83 66 49 32 17 11 24 135 118 100 83 66 48 31 14 7 22 136 119 102 85 68 52 36 23 19 29 139 122 105 89 73 58 45 35 33 39 143 126 110 95 80 67 56 48 46 51 148 132 117 102 89 77 68 61 60 64 154 139 125 111 99 88 80 75 74 77 161 147 134 121 110 100 93 89 88 90 169 156 143 132 121 113 106 102 101 103
76 68 97 52 130 93 29 98 63 110 99 25 44 16 59 72 70 43 0 117 75 61 115 10 86 72 18 78 46 88 84 53 10 34 57 62 69 34 25 68 108 92 77 64 53 46 45 51 61 74 102 86 70 55 42 33 32 39 52 66 99 82 65 49 33 20 18 29 45 61 98 80 63 46 29 11 8 25 42 59 98 81 64 47 31 16 14 27 43 60 101 84 68 52 38 28 27 35 49 64 105 90 75 61 49 41 40 46 57 71 112 97 83 71 61 55 54 59 67 79 119 105 93 82 73 68 68 71 79 89 128 115 103 94 86 82 82 85 91 100
50 149 151 77 23 42 146 23 179 9 25 104 156 122 59 143 186 160 117 0 56 143 162 110 32 49 134 40 160 35 38 80 108 85 62 133 185 137 120 50 109 111 115 121 129 139 151 163 176 190 95 97 101 108 118 129 141 154 168 183 81 83 88 96 107 119 132 146 161 176 66 69 75 85 97 110 124 139 155 170 52 55 63 74 88 102 117 133 149 166 38 42 52 65 80 96 112 129 145 162 24 30 43 59 75 91 108 125 142 159 9 21 38 55 72 89 106 123 141 158 6 20 37 54 71 89 106 123 141 158 20 28 42 57 74 91 108 125 142 159
8 127 143 60 76 61 103 48 133 47 31 56 118 85 29 126 139 117 75 56 0 121 158 66 34 42 93 35 121 21 18 27 68 53 37 114 139 104 88 22 64 60 61 66 75 87 100 114 129 145 51 46 47 53 64 78 92 108 124 140 39 32 33 42 55 70 86 103 119 136 29 18 20 33 49 66 82 99 117 134 24 7 12 29 46 64 81 98 115 133 27 14 17 31 48 65 82 99 116 133 36 27 29 39 53 69 85 101 118 135 47 41 42 50 61 75 90 106 122 138 60 55 56 62 71 83 97 112 127 143 73 69 70 74 83 93 106 119 134 149
118 8 41 68 148 106 61 121 86 139 134 85 45 46 94 14 91 64 61 143 121 0 59 70 114 95 54 106 52 125 122 106 62 68 88 13 87 30 38 104 166 151 138 125 113 103 94 89 87 88 159 144 129 115 102 91 82 76 73 74 153 137 122 107 93 80 70 62 59 61 148 132 115 100 85 71 58 49 46 48 144 127 111 94 78 63 49 37 32 35 142 125 108 91 74 57 41 26 18 24 141 123 106 89 72 54 37 20 5 16 141 124 107 89 72 55 38 22 11 19 143 126 109 92 75 59 44 31 24 29 146 129 113 97 81 66 53 43 38 41
154 53 19 99 158 121 119 141 142 161 161 136 102 101 129 46 147 121 115 162 158 59 0 122 140 122 111 133 108 155 154 150 114 111 122 55 142 88 91 138 213 201 189 178 168 159 152 147 143 142 204 191 178 167 156 147 139 134 130 128 195 181 168 156 145 135 127 120 116 115 187 173 159 146 134 123 114 107 103 101 180 165 150 137 124 112 102 94 89 87 173 158 143 128 114 102 91 82 76 74 168 152 136 121 106 92 80 70 63 60 163 147 130 114 99 84 70 58 50 46 160 143 126 109 93 77 62 48 37 33 157 140 123 106 89 72 56 40 26 19
68 77 104 50 125 89 37 92 69 103 91 16 53 25 52 79 76 51 10 110 66 70 122 0 79 66 28 72 55 80 76 43 10 30 51 69 75 44 32 61 98 83 69 56 47 43 46 54 67 81 93 76 61 46 34 29 33 44 59 74 89 72 55 39 24 15 22 37 53 70 88 71 53 36 19 2 17 34 51 69 89 72 55 39 23 14 22 37 53 70 92 76 60 45 33 28 32 44 58 74 97 82 68 55 46 42 45 53 66 80 104 90 77 66 59 56 58 65 75 88 113 99 88 79 72 70 71 77 86 97 122 110 99 91 86 84 85 90 97 107
27 120 127 47 47 29 114 16 148 26 21 74 125 90 28 116 154 128 86 32 34 114 140 79 0 20 103 9 128 18 18 53 76 54 30 105 154 105 88 20 97 94 93 96 102 110 121 132 145 159 84 80 79 83 90 99 110 123 137 151 70 66 65 70 78 88 101 115 129 144 57 52 51 57 66 79 93 107 123 139 45 38 37 45 56 70 86 102 118 135 35 24 24 34 49 64 81 98 115 132 28 12 12 27 44 61 78 96 113 130 28 12 11 27 44 61 78 95 113 130 34 23 23 33 48 64 81 97 114 131 44 37 36 44 56 70 85 101 118 134
36 101 108 28 59 25 100 28 134 44 40 65 108 74 20 96 141 113 72 49 42 95 122 66 20 0 88 12 112 34 33 51 62 38 16 86 140 88 71 21 106 99 95 95 97 103 111 120 132 144 93 86 81 81 84 90 99 110 122 136 81 72 67 67 70 78 88 100 114 128 70 60 54 53 57 66 78 92 107 122 60 48 40 39 45 56 70 85 101 117 52 37 27 25 34 48 63 80 96 113 47 30 15 12 26 43 60 77 94 111 46 29 12 8 25 42 59 76 93 111 50 34 22 20 31 45 62 78 95 112 57 44 35 34 41 53 67 83 99 115
94 61 93 66 147 108 13 115 48 128 117 41 26 17 76 66 55 26 18 134 93 54 111 28 103 88 0 95 28 106 102 70 27 50 73 58 53 24 26 86 122 106 90 75 61 49 42 41 47 58 118 101 85 68 53 39 29 27 36 49 116 99 81 64 47 31 17 14 27 43 115 98 80 63 46 29 11 7 24 42 116 99 82 65 49 33 20 17 29 45 119 102 86 70 55 41 32 31 38 51 123 107 92 77 63 52 45 44 50 60 129 114 99 86 74 64 59 58 62 71 136 121 108 96 85 77 72 72 75 82 144 130 118 107 97 90 86 86 88 94
28 112 119 39 54 27 107 21 140 35 29 68 116 82 21 107 147 120 78 40 35 106 133 72 9 12 95 0 120 23 22 49 68 45 22 97 146 97 80 16 99 94 92 93 98 105 114 125 138 151 85 80 78 79 85 93 103 116 129 143 73 66 63 66 72 82 93 107 121 136 61 52 49 52 60 71 85 99 115 131 50 39 35 39 49 63 78 93 110 126 41 28 21 27 40 56 72 89 106 123 36 19 7 19 35 53 70 87 104 121 36 20 8 19 36 53 70 87 104 122 42 29 22 28 41 57 73 89 106 123 51 41 37 40 50 63 78 94 110 126
121 56 91 88 171 131 21 140 35 154 144 68 7 39 102 65 40 15 46 160 121 52 108 55 128 112 28 120 0 133 129 98 54 75 99 61 36 29 43 112 147 130 113 97 81 66 52 41 36 38 144 127 110 93 76 60 44 30 22 26 142 125 108 91 73 56 39 22 9 17 142 125 108 90 73 56 39 22 7 16 144 126 109 92 76 59 43 29 21 25 146 129 113 96 80 65 51 40 34 37 150 134 118 102 87 73 61 52 48 50 155 139 124 109 96 83 73 65 62 63 161 146 132 118 105 94 85 78 75 76 168 154 140 127 116 105 97 92 89 90
15 131 141 59 55 46 117 29 148 27 12 72 129 95 32 127 155 130 88 35 21 125 155 80 18 34 106 23 133 0 4 46 79 59 38 116 154 112 95 21 81 79 81 87 95 106 118 131 145 160 67 65 68 74 84 96 109 123 138 154 54 51 54 62 73 87 101 116 132 148 40 37 41 51 64 79 95 111 128 144 28 23 29 42 58 74 91 107 124 141 19 8 20 37 54 71 88 106 123 140 18 7 20 37 54 71 88 105 123 140 27 21 28 41 57 74 90 107 124 141 39 35 40 50 64 79 94 111 127 144 52 49 53 61 72 86 100 116 132 148
12 128 139 56 59 47 113 31 144 30 16 68 126 92 29 125 151 127 84 38 18 122 154 76 18 33 102 22 129 4 0 42 76 56 35 114 151 109 92 18 79 77 78 83 91 102 114 127 141 156 66 63 64 70 80 92 105 119 134 150 52 48 51 58 70 83 97 113 129 145 39 34 38 47 61 76 91 108 124 141 28 20 25 39 54 70 87 104 121 138 20 6 17 34 51 68 85 103 120 137 22 10 18 34 51 68 86 103 120 137 31 24 28 40 55 72 88 105 122 139 43 38 41 50 63 77 93 109 125 142 56 52 54 61 72 85 99 114 130 146
31 113 133 56 99 74 79 68 107 72 56 30 96 65 32 113 113 92 53 80 27 106 150 43 53 51 70 49 98 46 42 0 47 40 38 101 114 84 70 34 63 52 45 45 50 61 74 88 103 119 54 41 32 31 39 51 66 82 98 115 48 32 19 17 29 45 61 78 95 112 45 28 11 8 25 42 59 77 94 111 47 31 17 15 28 44 61 78 95 112 53 39 29 28 37 50 65 81 98 114 61 50 43 42 48 59 72 87 102 119 72 62 57 56 61 69 81 94 109 124 83 75 71 70 74 81 91 103 116 131 96 89 85 84 87 93 102 113 125 138
68 69 95 43 121 83 39 89 73 101 90 23 51 19 49 71 79 52 10 108 68 62 114 10 76 62 27 68 54 79 76 47 0 24 47 60 78 38 25 59 105 90 76 65 56 52 53 60 70 83 98 83 68 54 43 38 40 49 61 76 94 77 61 46 32 24 27 39 54 70 91 74 57 40 24 11 17 33 49 67 91 74 56 39 22 6 15 32 49 66 93 76 59 43 29 19 23 36 52 68 97 81 65 51 39 33 36 45 58 73 102 87 73 61 52 47 49 56 67 80 110 96 83 72 65 61 62 68 77 89 118 105 94 84 78 75 76 81 88 99
51 75 94 21 97 60 62 65 96 79 70 34 71 37 28 74 103 76 34 85 53 68 111 30 54 38 50 45 75 59 56 40 24 0 24 62 102 53 36 39 103 91 81 74 70 71 76 84 94 107 94 81 69 61 56 57 63 73 85 98 86 72 58 48 42 44 51 63 76 91 80 64 49 36 29 30 41 54 70 86 76 60 43 27 15 18 33 49 66 83 75 58 41 23 6 12 30 47 64 81 77 60 43 27 16 19 33 49 66 83 81 65 50 37 29 31 41 55 70 86 87 72 59 49 43 44 52 63 77 92 94 81 70 61 57 58 64 73 85 99
33 94 106 23 74 40 85 42 119 56 47 49 95 61 8 91 126 99 57 62 37 88 122 51 30 16 73 22 99 38 35 38 47 24 0 80 125 76 59 17 97 89 83 81 82 87 95 105 117 130 86 76 69 67 68 74 83 95 108 122 75 64 56 52 55 62 73 86 100 115 66 53 43 38 41 51 63 78 93 109 59 44 31 24 29 41 56 72 89 105 55 38 22 10 19 35 52 69 86 103 54 37 20 5 17 34 51 68 86 103 57 41 27 19 25 38 54 71 87 104 63 49 38 33 37 47 60 75 91 108 72 60 51 47 50 57 69 82 97 113
111 16 36 59 137 95 67 111 94 129 125 83 54 47 87 12 100 72 62 133 114 13 55 69 105 86 58 97 61 116 114 101 60 62 80 0 96 35 37 97 163 149 136 124 114 105 99 96 95 98 155 141 127 114 103 93 86 82 81 85 148 133 118 104 92 81 73 68 68 72 142 126 111 96 82 70 60 55 54 59 137 121 105 89 74 60 48 41 40 47 134 117 100 84 67 52 38 28 27 36 132 115 98 80 63 46 30 16 14 28 131 114 97 80 62 45 28 11 8 25 132 115 98 81 64 48 32 19 18 30 135 118 101 85 69 54 41 32 31 39
142 91 126 118 199 160 40 167 7 178 166 84 43 69 126 100 5 28 69 185 139 87 142 75 154 140 53 146 36 154 151 114 78 102 125 96 0 64 76 136 150 133 115 98 81 63 46 29 11 7 151 133 116 99 82 65 48 32 18 16 153 136 119 102 85 69 54 40 30 29 156 139 123 107 91 76 62 51 43 42 160 144 128 113 98 84 72 62 56 56 165 150 135 120 106 94 83 75 70 69 172 157 142 129 116 105 95 88 84 83 179 165 151 138 126 116 107 101 97 97 187 173 160 148 137 128 120 114 111 110 196 183 170 159 149 140 133 128 125 124
103 37 70 62 145 104 32 115 61 131 122 59 23 20 81 43 68 38 34 137 104 30 88 44 105 88 24 97 29 112 109 84 38 53 76 35 64 0 17 91 141 126 111 97 84 73 65 61 61 67 136 119 104 89 74 62 52 47 48 55 131 115 98 82 67 52 40 33 35 44 129 111 94 78 61 45 30 20 22 35 127 110 93 75 58 41 24 8 13 30 127 110 93 76 59 42 25 11 15 31 129 112 95 79 62 47 33 24 26 37 133 116 100 84 69 55 44 38 39 47 137 121 106 91 77 65 56 51 52 59 143 128 113 99 87 77 69 65 66 71
86 45 73 45 129 88 38 99 71 114 106 47 38 11 64 48 78 48 25 120 88 38 91 32 88 71 26 80 43 95 92 70 25 36 59 37 76 17 0 74 129 114 100 88 77 69 65 66 71 79 122 107 92 78 66 57 52 52 58 68 117 101 85 70 56 44 38 39 47 59 113 96 80 63 48 34 24 26 37 51 111 94 77 60 43 26 12 15 30 47 111 94 76 59 42 25 9 12 29 46 112 95 78 62 46 31 20 22 34 50 116 99 83 67 53 41 34 35 43 56 120 105 89 75 63 53 47 48 55 65 127 112 98 85 74 65 61 62 67 76
16 111 123 40 67 42 97 35 129 43 32 55 109 75 11 108 136 111 68 50 22 104 138 61 20 21 86 16 112 21 18 34 59 39 17 97 136 91 74 0 85 79 77 78 83 91 101 113 127 141 73 66 62 64 70 79 91 104 119 134 61 52 48 50 58 69 82 97 112 128 51 40 34 37 47 60 75 91 107 124 42 28 20 25 38 54 70 87 104 121 38 21 6 16 33 50 67 85 102 119 39 22 10 18 34 51 68 85 102 120 44 31 24 28 40 55 71 88 104 121 53 43 38 40 49 62 77 92 108 125 64 56 52 54 61 71 84 99 114 129
72 173 196 117 132 125 126 110 143 102 86 83 147 122 90 174 148 137 108 109 64 166 213 98 97 106 122 99 147 81 79 63 105 103 97 163 150 141 129 85 0 18 35 52 70 87 104 122 139 156 15 23 38 54 71 88 105 122 140 157 29 34 45 60 75 91 108 125 142 159 43 47 55 68 82 97 113 129 145 162 58 60 67 77 90 104 119 134 150 166 72 74 80 88 99 112 126 140 156 171 86 88 93 100 110 122 134 148 162 177 100 102 106 112 121 132 144 156 170 184 115 116 119 125 133 143 154 166 179 192 129 130 133 138 145 154 164 176 188 201
67 159 183 107 133 120 109 108 126 103 86 67 130 107 82 160 130 120 92 111 60 151 201 83 94 99 106 94 130 79 77 52 90 91 89 149 133 126 114 79 18 0 18 35 52 70 87 104 122 139 23 15 23 38 54 71 88 105 122 140 34 29 34 45 60 75 91 108 125 142 47 43 46 55 67 82 97 112 129 145 60 57 60 67 77 90 104 118 134 150 74 72 73 79 88 99 112 126 140 155 88 86 87 92 100 110 121 134 148 162 102 100 101 105 112 121 131 143 156 170 116 114 115 119 125 133 142 153 165 178 130 128 129 132 138 145 154 164 175 187
68 145 171 99 136 118 93 108 108 107 90 54 114 93 77 147 113 103 77 115 61 138 189 69 93 95 90 92 113 81 78 45 76 81 83 136 115 111 100 77 35 18 0 18 35 52 70 87 104 122 38 23 15 23 38 54 71 88 105 122 45 34 29 34 45 60 75 91 108 125 55 46 43 46 55 67 81 97 112 129 67 60 57 60 67 77 90 104 118 134 80 73 71 73 79 88 99 112 126 140 93 87 85 87 92 99 109 121 134 148 106 101 99 101 105 112 121 131 143 156 119 115 114 115 118 124 132 142 153 165 133 129 128 129 132 137 144 153 163 175
72 132 160 94 141 118 76 112 91 113 97 42 98 79 76 135 96 86 64 121 66 125 178 56 96 95 75 93 97 87 83 45 65 74 81 124 98 97 88 78 52 35 18 0 18 35 52 70 87 104 54 38 23 15 23 38 54 71 88 105 60 45 34 29 33 45 59 75 91 108 68 55 46 43 46 55 67 81 97 112 77 67 60 57 59 66 77 89 103 118 88 79 73 71 73 79 88 99 112 125 100 92 87 85 87 91 99 109 121 134 112 105 101 99 100 105 111 120 131 143 125 119 115 113 114 118 124 132 141 152 138 132 129 127 128 131 137 144 153 163
80 120 150 91 148 121 61 117 74 121 106 36 83 68 78 124 78 70 53 129 75 113 168 47 102 97 61 98 81 95 91 50 56 70 82 114 81 84 77 83 70 52 35 18 0 18 35 52 70 87 71 54 38 23 15 23 38 54 71 88 75 60 45 33 29 33 45 59 75 91 82 67 55 46 43 46 55 67 81 96 90 77 67 59 57 59 66 77 89 103 99 88 79 73 71 73 78 87 99 111 110 100 92 87 85 86 91 99 109 120 121 112 105 100 99 100 104 111 120 130 133 125 118 114 113 114 117 123 131 141 145 138 132 128 127 127 131 136 143 152
91 109 141 92 157 127 46 125 57 132 117 38 68 59 85 115 61 54 46 139 87 103 159 43 110 103 49 105 66 106 102 61 52 71 87 105 63 73 69 91 87 70 52 35 18 0 18 35 52 70 88 71 54 38 23 14 23 38 54 71 91 75 60 45 33 28 33 45 59 75 97 82 67 55 46 42 46 55 67 81 104 90 77 66 59 56 59 66 76 89 112 99 88 79 73 70 72 78 87 98 122 110 99 91 86 84 86 91 98 108 132 121 112 105 100 98 99 104 110 119 143 133 124 118 114 112 113 117 123 131 154 145 137 131 127 126 127 130 135 143
104 101 134 96 167 134 35 135 39 143 129 47 56 55 94 107 44 39 45 151 100 94 152 46 121 111 42 114 52 118 114 74 53 76 95 99 46 65 65 101 104 87 70 52 35 18 0 18 35 52 105 88 71 54 38 23 14 23 38 54 108 91 75 59 45 33 28 33 45 59 113 97 81 67 55 46 42 46 54 67 119 104 90 77 66 59 56 59 66 76 126 112 99 88 78 72 70 72 78 87 134 121 109 99 91 86 84 85 90 98 144 131 121 111 104 99 98 99 103 110 154 142 132 124 117 113 112 113 116 122 164 154 144 137 131 127 125 126 130 135
117 95 129 102 178 143 30 146 22 156 142 60 46 57 105 102 27 27 51 163 114 89 147 54 132 120 41 125 41 131 127 88 60 84 105 96 29 61 66 113 122 104 87 70 52 35 18 0 18 35 122 105 88 71 54 38 23 14 23 38 125 108 91 75 59 45 33 28 33 45 129 112 97 81 67 55 46 42 45 54 134 118 104 89 77 66 59 56 58 65 140 126 112 99 87 78 72 70 72 77 148 134 121 109 99 91 85 83 85 90 156 143 131 120 111 104 99 97 99 103 166 153 142 132 123 117 113 111 112 116 176 164 153 144 136 130 126 125 126 129
132 91 126 111 190 153 34 158 5 169 156 74 42 63 118 100 10 24 61 176 129 87 143 67 145 132 47 138 36 145 141 103 70 94 117 95 11 61 71 127 139 122 104 87 70 52 35 18 0 18 140 122 105 88 71 54 38 23 14 23 142 125 108 91 75 59 45 33 28 33 145 129 112 97 81 67 54 45 42 45 150 134 118 103 89 76 66 58 55 58 156 140 126 112 99 87 78 72 69 71 162 148 134 121 109 98 90 85 83 85 170 156 143 131 120 110 103 99 97 98 179 165 153 141 131 123 116 112 110 112 188 175 163 153 143 135 130 126 124 125
147 91 126 122 203 165 45 172 14 183 171 90 44 73 132 101 10 32 74 190 145 88 142 81 159 144 58 151 38 160 156 119 83 107 130 98 7 67 79 141 156 139 122 104 87 70 52 35 18 0 157 140 122 105 88 71 54 38 23 14 159 142 125 108 91 75 59 45 33 28 162 145 129 112 96 81 67 54 45 42 166 150 134 118 103 89 76 65 58 55 171 155 140 125 111 98 87 77 71 69 177 162 148 134 120 108 98 90 85 83 184 170 156 143 130 119 110 103 98 96 192 178 165 152 141 131 122 116 112 110 201 187 175 163 152 143 135 129 125 124
58 166 187 107 117 111 123 96 144 88 72 78 143 116 78 166 149 135 102 95 51 159 204 93 84 93 118 85 144 67 66 54 98 94 86 155 151 136 122 73 15 23 38 54 71 88 105 122 140 157 0 18 35 52 70 87 104 122 139 156 15 23 38 54 71 88 105 122 140 157 29 34 45 60 75 91 108 125 142 159 43 47 55 68 82 97 113 129 145 162 58 60 67 77 90 104 119 134 150 166 72 74 80 88 99 112 126 140 156 171 86 88 93 100 110 122 134 148 162 177 100 102 106 112 121 132 144 156 170 184 115 116 119 125 133 143 154 166 179 192
53 151 174 96 119 106 106 93 126 89 72 61 126 100 69 152 131 118 86 97 46 144 191 76 80 86 101 80 127 65 63 41 83 81 76 141 133 119 107 66 23 15 23 38 54 71 88 105 122 140 18 0 18 35 52 70 87 104 122 139 23 15 23 38 54 71 88 105 122 140 34 29 34 45 60 75 91 108 125 142 47 43 46 55 67 82 97 112 129 145 60 57 60 67 77 90 104 118 134 150 74 72 73 79 88 99 112 126 140 155 88 86 87 92 100 110 121 134 148 162 102 100 101 105 112 121 131 143 156 170 116 114 115 119 125 133 142 153 165 178
54 136 161 86 122 104 89 94 109 93 77 45 110 85 63 138 114 101 70 101 47 129 178 61 79 81 85 78 110 68 64 32 68 69 69 127 116 104 92 62 38 23 15 23 38 54 71 88 105 122 35 18 0 18 35 52 70 87 104 122 38 23 15 23 38 54 71 88 105 122 45 34 29 34 45 60 75 91 108 125 55 46 43 46 55 67 81 97 112 129 67 60 57 60 67 77 90 104 118 134 80 73 71 73 79 88 99 112 126 140 93 87 85 87 92 99 109 121 134 148 106 101 99 101 105 112 121 131 143 156 119 115 114 115 118 124 132 142 153 165
59 123 149 80 128 104 72 98 92 100 84 31 93 70 62 125 97 83 55 108 53 115 167 46 83 81 68 79 93 74 70 31 54 61 67 114 99 89 78 64 54 38 23 15 23 38 54 71 88 105 52 35 18 0 18 35 52 70 87 104 54 38 23 15 23 38 54 71 88 105 60 45 34 29 33 45 59 75 91 108 68 55 46 43 46 55 67 81 97 112 77 67 60 57 59 66 77 89 103 118 88 79 73 71 73 79 88 99 112 125 100 92 87 85 87 91 99 109 121 134 112 105 101 99 100 105 111 120 131 143 125 119 115 113 114 118 124 132 141 152
69 110 138 77 136 108 55 105 75 110 95 23 77 57 65 113 80 66 42 118 64 102 156 34 90 84 53 85 76 84 80 39 43 56 68 103 82 74 66 70 71 54 38 23 15 23 38 54 71 88 70 52 35 18 0 18 35 52 70 87 71 54 38 23 15 23 38 54 71 88 75 60 45 33 29 33 45 59 75 91 82 67 55 46 43 46 55 67 81 96 90 77 67 59 57 59 66 77 89 103 99 88 79 73 71 73 78 87 99 111 110 100 92 87 85 86 91 99 109 120 121 112 105 100 99 100 104 111 120 130 133 125 118 114 113 114 117 123 131 141
81 98 129 78 146 114 39 114 58 121 107 26 61 47 73 103 64 49 33 129 78 91 147 29 99 90 39 93 60 96 92 51 38 57 74 93 65 62 57 79 88 71 54 38 23 14 23 38 54 71 87 70 52 35 18 0 18 35 52 70 88 71 54 38 23 14 23 38 54 71 91 75 60 45 33 28 33 45 59 75 97 82 67 55 46 42 46 55 67 81 104 90 77 66 59 56 59 66 76 89 112 99 88 79 73 70 72 78 87 98 122 110 99 91 86 84 86 91 98 108 132 121 112 105 100 98 99 104 110 119 143 133 124 118 114 112 113 117 123 131
95 88 121 83 156 122 24 124 41 134 120 37 46 42 83 94 47 32 32 141 92 82 139 33 110 99 29 103 44 109 105 66 40 63 83 86 48 52 52 91 105 88 71 54 38 23 14 23 38 54 104 87 70 52 35 18 0 18 35 52 105 88 71 54 38 23 14 23 38 54 108 91 75 59 45 33 28 33 45 59 113 97 81 67 55 46 42 46 54 67 119 104 90 77 66 59 56 59 66 76 126 112 99 88 78 72 70 72 78 87 134 121 109 99 91 86 84 85 90 98 144 131 121 111 104 99 98 99 103 110 154 142 132 124 117 113 112 113 116 122
110 81 116 90 168 132 16 136 25 147 134 52 34 43 96 89 32 17 39 154 108 76 134 44 123 110 27 116 30 123 119 82 49 73 95 82 32 47 52 104 122 105 88 71 54 38 23 14 23 38 122 104 87 70 52 35 18 0 18 35 122 105 88 71 54 38 23 14 23 38 125 108 91 75 59 45 33 28 33 45 129 112 97 81 67 55 46 42 45 54 134 118 104 89 77 66 59 56 58 65 140 126 112 99 87 78 72 70 72 77 148 134 121 109 99 91 85 83 85 90 156 143 131 120 111 104 99 97 99 103 166 153 142 132 123 117 113 111 112 116
126 78 113 101 181 143 23 149 14 161 149 69 28 51 110 86 20 11 52 168 124 73 130 59 137 122 36 129 22 138 134 98 61 85 108 81 18 48 58 119 140 122 105 88 71 54 38 23 14 23 139 122 104 87 70 52 35 18 0 18 140 122 105 88 71 54 38 23 14 23 142 125 108 91 75 59 45 33 28 33 145 129 112 97 81 67 54 45 42 45 150 134 118 103 89 76 66 58 55 58 156 140 126 112 99 87 78 72 69 71 162 148 134 121 109 98 90 85 83 85 170 156 143 131 120 110 103 99 97 98 179 165 153 141 131 123 116 112 110 112
141 78 112 113 195 155 38 163 19 176 165 85 32 63 124 87 20 24 66 183 140 74 128 74 151 136 49 143 26 154 150 115 76 98 122 85 16 55 68 134 157 140 122 105 88 71 54 38 23 14 156 139 122 104 87 70 52 35 18 0 157 140 122 105 88 71 54 38 23 14 159 142 125 108 91 75 59 45 33 28 162 145 129 112 96 81 67 54 45 42 166 150 134 118 103 89 76 65 58 55 171 155 140 125 111 98 87 77 71 69 177 162 148 134 120 108 98 90 85 83 184 170 156 143 130 119 110 103 98 96 192 178 165 152 141 131 122 116 112 110
46 160 179 97 103 98 122 82 146 73 58 75 141 112 67 160 151 135 99 81 39 153 195 89 70 81 116 73 142 54 52 48 94 86 75 148 153 131 117 61 29 34 45 60 75 91 108 125 142 159 15 23 38 54 71 88 105 122 140 157 0 18 35 52 70 87 104 122 139 156 15 23 38 54 71 88 105 122 140 157 29 34 45 60 75 91 108 125 142 159 43 47 55 68 82 97 113 129 145 162 58 60 67 77 90 104 119 134 150 166 72 74 80 88 99 112 126 140 156 171 86 88 93 100 110 122 134 148 162 177 100 102 106 112 121 132 144 156 170 184
39 144 165 85 105 93 105 79 129 75 58 58 124 95 56 144 134 118 82 83 32 137 181 72 66 72 99 66 125 51 48 32 77 72 64 133 136 115 101 52 34 29 34 45 60 75 91 108 125 142 23 15 23 38 54 71 88 105 122 140 18 0 18 35 52 70 87 104 122 139 23 15 23 38 54 71 88 105 122 140 34 29 34 45 60 75 91 108 125 142 47 43 46 55 67 82 97 112 129 145 60 57 60 67 77 90 104 118 134 150 74 72 73 79 88 99 112 126 140 155 88 86 87 92 100 110 121 134 148 162 102 100 101 105 112 121 131 143 156 170
40 129 151 74 109 90 88 80 112 80 64 40 107 79 49 130 117 100 65 88 33 122 168 55 65 67 81 63 108 54 51 19 61 58 56 118 119 98 85 48 45 34 29 34 45 60 75 91 108 125 38 23 15 23 38 54 71 88 105 122 35 18 0 18 35 52 70 87 104 122 38 23 15 23 38 54 71 88 105 122 45 34 29 34 45 60 75 91 108 125 55 46 43 46 55 67 81 97 112 129 67 60 57 60 67 77 90 104 118 134 80 73 71 73 79 88 99 112 126 140 93 87 85 87 92 99 109 121 134 148 106 101 99 101 105 112 121 131 143 156
47 114 138 67 115 91 71 85 95 88 73 24 90 63 47 116 101 83 49 96 42 107 156 39 70 67 64 66 91 62 58 17 46 48 52 104 102 82 70 50 60 45 34 29 33 45 59 75 91 108 54 38 23 15 23 38 54 71 88 105 52 35 18 0 18 35 52 70 87 104 54 38 23 15 23 38 54 71 88 105 60 45 34 29 33 45 59 75 91 108 68 55 46 43 46 55 67 81 97 112 77 67 60 57 59 66 77 89 103 118 88 79 73 71 73 79 88 99 112 125 100 92 87 85 87 91 99 109 121 134 112 105 101 99 100 105 111 120 131 143
59 100 127 63 124 94 53 92 79 99 85 9 73 48 52 103 85 66 33 107 55 93 145 24 78 70 47 72 73 73 70 29 32 42 55 92 85 67 56 58 75 60 45 33 29 33 45 59 75 91 71 54 38 23 15 23 38 54 71 88 70 52 35 18 0 18 35 52 70 87 71 54 38 23 15 23 38 54 71 88 75 60 45 33 29 33 45 59 75 91 82 67 55 46 43 46 55 67 81 96 90 77 67 59 57 59 66 77 89 103 99 88 79 73 71 73 78 87 99 111 110 100 92 87 85 86 91 99 109 120 121 112 105 100 99 100 104 111 120 130
73 88 117 64 135 101 36 102 63 111 98 15 56 35 61 91 69 48 20 119 70 80 135 15 88 78 31 82 56 87 83 45 24 44 62 81 69 52 44 69 91 75 60 45 33 28 33 45 59 75 88 71 54 38 23 14 23 38 54 71 87 70 52 35 18 0 18 35 52 70 88 71 54 38 23 14 23 38 54 71 91 75 60 45 33 28 33 45 59 75 97 82 67 55 46 42 46 55 67 81 104 90 77 66 59 56 59 66 76 89 112 99 88 79 73 70 72 78 87 98 122 110 99 91 86 84 86 91 98 108 132 121 112 105 100 98 99 104 110 119
88 77 108 70 146 110 19 114 47 125 113 31 39 28 74 82 54 31 18 132 86 70 127 22 101 88 17 93 39 101 97 61 27 51 73 73 54 40 38 82 108 91 75 59 45 33 28 33 45 59 105 88 71 54 38 23 14 23 38 54 104 87 70 52 35 18 0 18 35 52 105 88 71 54 38 23 14 23 38 54 108 91 75 59 45 33 28 33 45 59 113 97 81 67 55 46 42 46 54 67 119 104 90 77 66 59 56 59 66 76 126 112 99 88 78 72 70 72 78 87 134 121 109 99 91 86 84 85 90 98 144 131 121 111 104 99 98 99 103 110
104 68 102 79 159 121 2 127 35 139 128 48 24 30 88 75 41 14 29 146 103 62 120 37 115 100 14 107 22 116 113 78 39 63 86 68 40 33 39 97 125 108 91 75 59 45 33 28 33 45 122 105 88 71 54 38 23 14 23 38 122 104 87 70 52 35 18 0 18 35 122 105 88 71 54 38 23 14 23 38 125 108 91 75 59 45 33 28 33 45 129 112 97 81 67 55 46 42 45 54 134 118 104 89 77 66 59 56 58 65 140 126 112 99 87 78 72 70 72 77 148 134 121 109 99 91 85 83 85 90 156 143 131 120 111 104 99 97 99 103
120 64 99 91 173 133 17 141 27 154 143 66 14 41 103 73 33 7 45 161 119 59 116 53 129 114 27 121 9 132 129 95 54 76 100 68 30 35 47 112 142 125 108 91 75 59 45 33 28 33 140 122 105 88 71 54 38 23 14 23 139 122 104 87 70 52 35 18 0 18 140 122 105 88 71 54 38 23 14 23 142 125 108 91 75 59 45 33 28 33 145 129 112 97 81 67 54 45 42 45 150 134 118 103 89 76 66 58 55 58 156 140 126 112 99 87 78 72 69 71 162 148 134 121 109 98 90 85 83 85 170 156 143 131 120 110 103 99 97 98
137 64 99 104 187 147 34 156 30 170 159 83 21 55 118 74 33 22 61 176 136 61 115 70 144 128 43 136 17 148 145 112 70 91 115 72 29 44 59 128 159 142 125 108 91 75 59 45 33 28 157 140 122 105 88 71 54 38 23 14 156 139 122 104 87 70 52 35 18 0 157 140 122 105 88 71 54 38 23 14 159 142 125 108 91 75 59 45 33 28 162 145 129 112 96 81 67 54 45 42 166 150 134 118 103 89 76 65 58 55 171 155 140 125 111 98 87 77 71 69 177 162 148 134 120 108 98 90 85 83 184 170 156 143 130 119 110 103 98 96
35 155 171 88 89 85 123 68 149 59 44 75 141 110 58 154 155 136 98 66 29 148 187 88 57 70 115 61 142 40 39 45 91 80 66 142 156 129 113 51 43 47 55 68 82 97 113 129 145 162 29 34 45 60 75 91 108 125 142 159 15 23 38 54 71 88 105 122 140 157 0 18 35 52 70 87 104 122 139 156 15 23 38 54 71 88 105 122 140 157 29 34 45 60 75 91 108 125 142 159 43 47 55 68 82 97 113 129 145 162 58 60 67 77 90 104 119 134 150 166 72 74 80 88 99 112 126 140 156 171 86 88 93 100 110 122 134 148 162 177
26 139 157 75 91 79 106 65 132 61 44 57 123 92 45 138 138 119 80 69 18 132 173 71 52 60 98 52 125 37 34 28 74 64 53 126 139 111 96 40 47 43 46 55 67 82 97 112 129 145 34 29 34 45 60 75 91 108 125 142 23 15 23 38 54 71 88 105 122 140 18 0 18 35 52 70 87 104 122 139 23 15 23 38 54 71 88 105 122 140 34 29 34 45 60 75 91 108 125 142 47 43 46 55 67 82 97 112 129 145 60 57 60 67 77 90 104 118 134 150 74 72 73 79 88 99 112 126 140 155 88 86 87 92 100 110 121 134 148 162
26 123 142 63 95 76 89 66 116 67 51 40 106 75 36 122 122 102 63 75 20 115 159 53 51 54 80 49 108 41 38 11 57 49 43 111 123 94 80 34 55 46 43 46 55 67 81 97 112 129 45 34 29 34 45 60 75 91 108 125 38 23 15 23 38 54 71 88 105 122 35 18 0 18 35 52 70 87 104 122 38 23 15 23 38 54 71 88 105 122 45 34 29 34 45 60 75 91 108 125 55 46 43 46 55 67 81 97 112 129 67 60 57 60 67 77 90 104 118 134 80 73 71 73 79 88 99 112 126 140 93 87 85 87 92 99 109 121 134 148
37 107 129 53 103 77 72 72 100 77 62 23 89 58 33 107 106 85 46 85 33 100 146 36 57 53 63 52 90 51 47 8 40 36 38 96 107 78 63 37 68 55 46 43 46 55 67 81 97 112 60 45 34 29 33 45 59 75 91 108 54 38 23 15 23 38 54 71 88 105 52 35 18 0 18 35 52 70 87 104 54 38 23 15 23 38 54 71 88 105 60 45 34 29 33 45 59 75 91 108 68 55 46 43 46 55 67 81 97 112 77 67 60 57 59 66 77 89 103 118 88 79 73 71 73 79 88 99 112 125 100 92 87 85 87 91 99 109 121 134
51 92 116 49 113 81 55 81 84 89 76 8 71 42 40 93 91 68 29 97 49 85 134 19 66 57 46 60 73 64 61 25 24 29 41 82 91 61 48 47 82 67 55 46 43 46 55 67 81 96 75 60 45 33 29 33 45 59 75 91 71 54 38 23 15 23 38 54 71 88 70 52 35 18 0 18 35 52 70 87 71 54 38 23 15 23 38 54 71 88 75 60 45 33 29 33 45 59 75 91 82 67 55 46 43 46 55 67 81 96 90 77 67 59 57 59 66 77 89 103 99 88 79 73 71 73 78 87 99 111 110 100 92 87 85 86 91 99 109 120
67 78 105 51 124 89 38 92 70 103 91 15 54 26 51 81 76 52 11 110 66 71 123 2 79 66 29 71 56 79 76 42 11 30 51 70 76 45 34 60 97 82 67 55 46 42 46 55 67 81 91 75 60 45 33 28 33 45 59 75 88 71 54 38 23 14 23 38 54 71 87 70 52 35 18 0 18 35 52 70 88 71 54 38 23 14 23 38 54 71 91 75 60 45 33 28 33 45 59 75 97 82 67 55 46 42 46 55 67 81 104 90 77 66 59 56 59 66 76 89 112 99 88 79 73 70 72 78 87 98 122 110 99 91 86 84 86 91 98 108
83 66 96 58 137 99 22 105 56 117 106 31 37 14 66 70 63 36 8 124 82 58 114 17 93 78 11 85 39 95 91 59 17 41 63 60 62 30 24 75 113 97 81 67 55 46 42 46 54 67 108 91 75 59 45 33 28 33 45 59 105 88 71 54 38 23 14 23 38 54 104 87 70 52 35 18 0 18 35 52 105 88 71 54 38 23 14 23 38 54 108 91 75 59 45 33 28 33 45 59 113 97 81 67 55 46 42 46 54 67 119 104 90 77 66 59 56 59 66 76 126 112 99 88 78 72 70 72 78 87 134 121 109 99 91 86 84 85 90 98
100 56 89 69 151 111 13 119 46 133 122 48 20 19 81 62 53 23 25 139 99 49 107 34 107 92 7 99 22 111 108 77 33 54 78 55 51 20 26 91 129 112 97 81 67 55 46 42 45 54 125 108 91 75 59 45 33 28 33 45 122 105 88 71 54 38 23 14 23 38 122 104 87 70 52 35 18 0 18 35 122 105 88 71 54 38 23 14 23 38 125 108 91 75 59 45 33 28 33 45 129 112 97 81 67 55 46 42 45 54 134 118 104 89 77 66 59 56 58 65 140 126 112 99 87 78 72 70 72 77 148 134 121 109 99 91 85 83 85 90
117 50 85 82 165 124 21 134 41 148 139 65 2 33 97 59 47 19 42 155 117 46 103 51 123 107 24 115 7 128 124 94 49 70 93 54 43 22 37 107 145 129 112 97 81 67 54 45 42 45 142 125 108 91 75 59 45 33 28 33 140 122 105 88 71 54 38 23 14 23 139 122 104 87 70 52 35 18 0 18 140 122 105 88 71 54 38 23 14 23 142 125 108 91 75 59 45 33 28 33 145 129 112 97 81 67 54 45 42 45 150 134 118 103 89 76 66 58 55 58 156 140 126 112 99 87 78 72 69 71 162 148 134 121 109 98 90 85 83 85
134 51 85 96 180 139 36 150 43 164 155 83 16 50 113 60 47 29 59 170 134 48 101 69 139 122 42 131 16 144 141 111 67 86 109 59 42 35 51 124 162 145 129 112 96 81 67 54 45 42 159 142 125 108 91 75 59 45 33 28 157 140 122 105 88 71 54 38 23 14 156 139 122 104 87 70 52 35 18 0 157 140 122 105 88 71 54 38 23 14 159 142 125 108 91 75 59 45 33 28 162 145 129 112 96 81 67 54 45 42 166 150 134 118 103 89 76 65 58 55 171 155 140 125 111 98 87 77 71 69 177 162 148 134 120 108 98 90 85 83
27 151 165 81 75 73 125 55 153 45 30 77 141 109 52 149 159 139 98 52 24 144 180 89 45 60 116 50 144 28 28 47 91 76 59 137 160 127 111 42 58 60 67 77 90 104 119 134 150 166 43 47 55 68 82 97 113 129 145 162 29 34 45 60 75 91 108 125 142 159 15 23 38 54 71 88 105 122 140 157 0 18 35 52 70 87 104 122 139 156 15 23 38 54 71 88 105 122 140 157 29 34 45 60 75 91 108 125 142 159 43 47 55 68 82 97 113 129 145 162 58 60 67 77 90 104 119 134 150 166 72 74 80 88 99 112 126 140 156 171
13 134 149 66 77 65 108 51 137 47 31 61 124 91 36 132 143 122 81 55 7 127 165 72 38 48 99 39 126 23 20 31 74 60 44 121 144 110 94 28 60 57 60 67 77 90 104 118 134 150 47 43 46 55 67 82 97 112 129 145 34 29 34 45 60 75 91 108 125 142 23 15 23 38 54 71 88 105 122 140 18 0 18 35 52 70 87 104 122 139 23 15 23 38 54 71 88 105 122 140 34 29 34 45 60 75 91 108 125 142 47 43 46 55 67 82 97 112 129 145 60 57 60 67 77 90 104 118 134 150 74 72 73 79 88 99 112 126 140 155
15 118 134 52 82 62 92 53 121 55 40 45 107 74 23 116 128 105 64 63 12 111 150 55 37 40 82 35 109 29 25 17 56 43 31 105 128 93 77 20 67 60 57 60 67 77 90 104 118 134 55 46 43 46 55 67 81 97 112 129 45 34 29 34 45 60 75 91 108 125 38 23 15 23 38 54 71 88 105 122 35 18 0 18 35 52 70 87 104 122 38 23 15 23 38 54 71 88 105 122 45 34 29 34 45 60 75 91 108 125 55 46 43 46 55 67 81 97 112 129 67 60 57 60 67 77 90 104 118 134 80 73 71 73 79 88 99 112 126 140
30 101 120 41 91 63 75 59 106 67 54 30 90 57 20 100 113 89 47 74 29 94 137 39 45 39 65 39 92 42 39 15 39 27 24 89 113 75 60 25 77 67 60 57 59 66 77 89 103 118 68 55 46 43 46 55 67 81 97 112 60 45 34 29 33 45 59 75 91 108 54 38 23 15 23 38 54 71 88 105 52 35 18 0 18 35 52 70 87 104 54 38 23 15 23 38 54 71 88 105 60 45 34 29 33 45 59 75 91 108 68 55 46 43 46 55 67 81 97 112 77 67 60 57 59 66 77 89 103 118 88 79 73 71 73 79 88 99 112 125
46 85 107 35 102 68 59 70 92 81 69 21 73 40 29 85 99 73 31 88 46 78 124 23 56 45 49 49 76 58 54 28 22 15 29 74 98 58 43 38 90 77 67 59 57 59 66 77 89 103 82 67 55 46 43 46 55 67 81 96 75 60 45 33 29 33 45 59 75 91 71 54 38 23 15 23 38 54 71 88 70 52 35 18 0 18 35 52 70 87 71 54 38 23 15 23 38 54 71 88 75 60 45 33 29 33 45 59 75 91 82 67 55 46 43 46 55 67 81 96 90 77 67 59 57 59 66 77 89 103 99 88 79 73 71 73 78 87 99 111
63 70 94 37 115 77 45 83 79 96 85 24 56 22 44 71 85 58 16 102 64 63 112 14 70 56 33 63 59 74 70 44 6 18 41 60 84 41 26 54 104 90 77 66 59 56 59 66 76 89 97 82 67 55 46 42 46 55 67 81 91 75 60 45 33 28 33 45 59 75 88 71 54 38 23 14 23 38 54 71 87 70 52 35 18 0 18 35 52 70 88 71 54 38 23 14 23 38 54 71 91 75 60 45 33 28 33 45 59 75 97 82 67 55 46 42 46 55 67 81 104 90 77 66 59 56 59 66 76 89 112 99 88 79 73 70 72 78 87 98
80 56 84 47 129 89 32 97 67 111 101 37 39 5 60 59 74 45 14 117 81 49 102 22 86 70 20 78 43 91 87 61 15 33 56 48 72 24 12 70 119 104 90 77 66 59 56 59 66 76 113 97 81 67 55 46 42 46 54 67 108 91 75 59 45 33 28 33 45 59 105 88 71 54 38 23 14 23 38 54 104 87 70 52 35 18 0 18 35 52 105 88 71 54 38 23 14 23 38 54 108 91 75 59 45 33 28 33 45 59 113 97 81 67 55 46 42 46 54 67 119 104 90 77 66 59 56 59 66 76 126 112 99 88 78 72 70 72 78 87
98 44 76 60 143 102 27 112 59 127 118 52 24 13 76 49 65 35 27 133 98 37 94 37 102 85 17 93 29 107 104 78 32 49 72 41 62 8 15 87 134 118 104 89 77 66 59 56 58 65 129 112 97 81 67 55 46 42 45 54 125 108 91 75 59 45 33 28 33 45 122 105 88 71 54 38 23 14 23 38 122 104 87 70 52 35 18 0 18 35 122 105 88 71 54 38 23 14 23 38 125 108 91 75 59 45 33 28 33 45 129 112 97 81 67 55 46 42 45 54 134 118 104 89 77 66 59 56 58 65 140 126 112 99 87 78 72 70 72 77
115 37 72 74 158 117 31 128 55 144 135 68 14 31 93 45 60 33 43 149 115 32 89 53 118 101 29 110 21 124 121 95 49 66 89 40 56 13 30 104 150 134 118 103 89 76 66 58 55 58 145 129 112 97 81 67 54 45 42 45 142 125 108 91 75 59 45 33 28 33 140 122 105 88 71 54 38 23 14 23 139 122 104 87 70 52 35 18 0 18 140 122 105 88 71 54 38 23 14 23 142 125 108 91 75 59 45 33 28 33 145 129 112 97 81 67 54 45 42 45 150 134 118 103 89 76 66 58 55 58 156 140 126 112 99 87 78 72 69 71
132 37 71 90 173 132 43 144 56 160 152 85 21 48 110 47 60 39 60 166 133 35 87 70 135 117 45 126 25 141 138 112 66 83 105 47 56 30 47 121 166 150 134 118 103 89 76 65 58 55 162 145 129 112 96 81 67 54 45 42 159 142 125 108 91 75 59 45 33 28 157 140 122 105 88 71 54 38 23 14 156 139 122 104 87 70 52 35 18 0 157 140 122 105 88 71 54 38 23 14 159 142 125 108 91 75 59 45 33 28 162 145 129 112 96 81 67 54 45 42 166 150 134 118 103 89 76 65 58 55 171 155 140 125 111 98 87 77 71 69
25 148 159 76 60 62 129 42 159 31 16 82 143 110 48 145 165 143 101 38 27 142 173 92 35 52 119 41 146 19 20 53 93 75 55 134 165 127 111 38 72 74 80 88 99 112 126 140 156 171 58 60 67 77 90 104 119 134 150 166 43 47 55 68 82 97 113 129 145 162 29 34 45 60 75 91 108 125 142 159 15 23 38 54 71 88 105 122 140 157 0 18 35 52 70 87 104 122 139 156 15 23 38 54 71 88 105 122 140 157 29 34 45 60 75 91 108 125 142 159 43 47 55 68 82 97 113 129 145 162 58 60 67 77 90 104 119 134 150 166
9 131 143 60 63 52 113 37 143 34 18 67 126 93 31 128 150 126 84 42 14 125 158 76 24 37 102 28 129 8 6 39 76 58 38 117 150 110 94 21 74 72 73 79 88 99 112 126 140 155 60 57 60 67 77 90 104 118 134 150 47 43 46 55 67 82 97 112 129 145 34 29 34 45 60 75 91 108 125 142 23 15 23 38 54 71 88 105 122 140 18 0 18 35 52 70 87 104 122 139 23 15 23 38 54 71 88 105 122 140 34 29 34 45 60 75 91 108 125 142 47 43 46 55 67 82 97 112 129 145 60 57 60 67 77 90 104 118 134 150
12 114 127 44 70 48 97 39 128 45 32 53 110 76 14 111 135 110 68 52 17 108 143 60 24 27 86 21 113 20 17 29 59 41 22 100 135 93 76 6 80 73 71 73 79 88 99 112 126 140 67 60 57 60 67 77 90 104 118 134 55 46 43 46 55 67 81 97 112 129 45 34 29 34 45 60 75 91 108 125 38 23 15 23 38 54 71 88 105 122 35 18 0 18 35 52 70 87 104 122 38 23 15 23 38 54 71 88 105 122 45 34 29 34 45 60 75 91 108 125 55 46 43 46 55 67 81 97 112 129 67 60 57 60 67 77 90 104 118 134
28 97 112 30 80 49 81 48 114 59 48 41 93 59 7 95 121 95 52 65 31 91 128 45 34 25 70 27 96 37 34 28 43 23 10 84 120 76 59 16 88 79 73 71 73 79 88 99 112 125 77 67 60 57 59 66 77 89 103 118 68 55 46 43 46 55 67 81 97 112 60 45 34 29 33 45 59 75 91 108 54 38 23 15 23 38 54 71 88 105 52 35 18 0 18 35 52 70 87 104 54 38 23 15 23 38 54 71 88 105 60 45 34 29 33 45 59 75 91 108 68 55 46 43 46 55 67 81 97 112 77 67 60 57 59 66 77 89 103 118
45 80 98 21 93 56 67 61 101 74 64 35 77 42 23 79 108 80 38 80 48 74 114 33 49 34 55 40 80 54 51 37 29 6 19 67 106 59 42 33 99 88 79 73 71 73 78 87 99 111 90 77 67 59 57 59 66 77 89 103 82 67 55 46 43 46 55 67 81 96 75 60 45 33 29 33 45 59 75 91 71 54 38 23 15 23 38 54 71 88 70 52 35 18 0 18 35 52 70 87 71 54 38 23 15 23 38 54 71 88 75 60 45 33 29 33 45 59 75 91 82 67 55 46 43 46 55 67 81 96 90 77 67 59 57 59 66 77 89 103
63 64 84 25 106 67 54 75 89 90 81 37 61 27 40 63 96 67 28 96 65 57 102 28 64 48 41 56 65 71 68 50 19 12 35 52 94 42 25 50 112 99 88 79 73 70 72 78 87 98 104 90 77 66 59 56 59 66 76 89 97 82 67 55 46 42 46 55 67 81 91 75 60 45 33 28 33 45 59 75 88 71 54 38 23 14 23 38 54 71 87 70 52 35 18 0 18 35 52 70 88 71 54 38 23 14 23 38 54 71 91 75 60 45 33 28 33 45 59 75 97 82 67 55 46 42 46 55 67 81 104 90 77 66 59 56 59 66 76 89
80 48 73 37 121 80 44 91 79 106 98 46 46 16 57 49 86 56 27 112 82 41 91 32 81 63 32 72 51 88 85 65 23 30 52 38 83 25 9 67 126 112 99 88 78 72 70 72 78 87 119 104 90 77 66 59 56 59 66 76 113 97 81 67 55 46 42 46 54 67 108 91 75 59 45 33 28 33 45 59 105 88 71 54 38 23 14 23 38 54 104 87 70 52 35 18 0 18 35 52 105 88 71 54 38 23 14 23 38 54 108 91 75 59 45 33 28 33 45 59 113 97 81 67 55 46 42 46 54 67 119 104 90 77 66 59 56 59 66 76
97 34 63 53 136 95 40 107 72 123 116 59 34 20 74 37 78 48 35 129 99 26 82 44 98 80 31 89 40 106 103 81 36 47 69 28 75 11 12 85 140 126 112 99 87 78 72 70 72 77 134 118 104 89 77 66 59 56 58 65 129 112 97 81 67 55 46 42 45 54 125 108 91 75 59 45 33 28 33 45 122 105 88 71 54 38 23 14 23 38 122 104 87 70 52 35 18 0 18 35 122 105 88 71 54 38 23 14 23 38 125 108 91 75 59 45 33 28 33 45 129 112 97 81 67 55 46 42 45 54 134 118 104 89 77 66 59 56 58 65
115 24 58 69 152 110 44 123 68 140 133 74 28 34 92 31 74 46 49 145 116 18 76 58 115 96 38 106 34 123 120 98 52 64 86 27 70 15 29 102 156 140 126 112 99 87 78 72 69 71 150 134 118 103 89 76 66 58 55 58 145 129 112 97 81 67 54 45 42 45 142 125 108 91 75 59 45 33 28 33 140 122 105 88 71 54 38 23 14 23 139 122 104 87 70 52 35 18 0 18 140 122 105 88 71 54 38 23 14 23 142 125 108 91 75 59 45 33 28 33 145 129 112 97 81 67 54 45 42 45 150 134 118 103 89 76 66 58 55 58
132 25 58 86 168 126 53 140 69 157 150 89 32 50 109 34 74 51 64 162 133 24 74 74 132 113 51 123 37 140 137 114 68 81 103 36 69 31 46 119 171 155 140 125 111 98 87 77 71 69 166 150 134 118 103 89 76 65 58 55 162 145 129 112 96 81 67 54 45 42 159 142 125 108 91 75 59 45 33 28 157 140 122 105 88 71 54 38 23 14 156 139 122 104 87 70 52 35 18 0 157 140 122 105 88 71 54 38 23 14 159 142 125 108 91 75 59 45 33 28 162 145 129 112 96 81 67 54 45 42 166 150 134 118 103 89 76 65 58 55
31 147 155 74 46 52 134 31 165 16 7 89 147 113 49 143 172 148 105 24 36 141 168 97 28 47 123 36 150 18 22 61 97 77 54 132 172 129 112 39 86 88 93 100 110 122 134 148 162 177 72 74 80 88 99 112 126 140 156 171 58 60 67 77 90 104 119 134 150 166 43 47 55 68 82 97 113 129 145 162 29 34 45 60 75 91 108 125 142 159 15 23 38 54 71 88 105 122 140 157 0 18 35 52 70 87 104 122 139 156 15 23 38 54 71 88 105 122 140 157 29 34 45 60 75 91 108 125 142 159 43 47 55 68 82 97 113 129 145 162
20 129 138 57 50 40 118 23 151 22 11 75 130 96 32 126 157 132 90 30 27 123 152 82 12 30 107 19 134 7 10 50 81 60 37 115 157 112 95 22 88 86 87 92 100 110 121 134 148 162 74 72 73 79 88 99 112 126 140 155 60 57 60 67 77 90 104 118 134 150 47 43 46 55 67 82 97 112 129 145 34 29 34 45 60 75 91 108 125 142 23 15 23 38 54 71 88 105 122 140 18 0 18 35 52 70 87 104 122 139 23 15 23 38 54 71 88 105 122 140 34 29 34 45 60 75 91 108 125 142 47 43 46 55 67 82 97 112 129 145
22 112 122 39 58 34 103 26 136 37 28 63 114 80 17 108 143 117 75 43 29 106 136 68 12 15 92 7 118 20 18 43 65 43 20 98 142 95 78 10 93 87 85 87 92 99 109 121 134 148 80 73 71 73 79 88 99 112 126 140 67 60 57 60 67 77 90 104 118 134 55 46 43 46 55 67 81 97 112 129 45 34 29 34 45 60 75 91 108 125 38 23 15 23 38 54 71 88 105 122 35 18 0 18 35 52 70 87 104 122 38 23 15 23 38 54 71 88 105 122 45 34 29 34 45 60 75 91 108 125 55 46 43 46 55 67 81 97 112 129
34 95 106 23 70 36 89 39 123 53 45 54 98 64 11 91 130 102 61 59 39 89 121 55 27 12 77 19 102 37 34 42 51 27 5 80 129 79 62 18 100 92 87 85 87 91 99 109 121 134 88 79 73 71 73 79 88 99 112 125 77 67 60 57 59 66 77 89 103 118 68 55 46 43 46 55 67 81 97 112 60 45 34 29 33 45 59 75 91 108 54 38 23 15 23 38 54 71 88 105 52 35 18 0 18 35 52 70 87 104 54 38 23 15 23 38 54 71 88 105 60 45 34 29 33 45 59 75 91 108 68 55 46 43 46 55 67 81 97 112
49 78 90 8 84 45 76 54 111 69 63 49 83 49 24 74 118 89 49 75 53 72 106 46 44 26 63 35 87 54 51 48 39 16 17 63 116 62 46 34 110 100 92 87 85 86 91 99 109 120 99 88 79 73 71 73 78 87 99 111 90 77 67 59 57 59 66 77 89 103 82 67 55 46 43 46 55 67 81 96 75 60 45 33 29 33 45 59 75 91 71 54 38 23 15 23 38 54 71 88 70 52 35 18 0 18 35 52 70 87 71 54 38 23 15 23 38 54 71 88 75 60 45 33 29 33 45 59 75 91 82 67 55 46 43 46 55 67 81 96
65 60 76 15 99 58 65 70 100 86 80 50 68 36 41 58 107 77 41 91 69 54 92 42 61 43 52 53 73 71 68 59 33 19 34 46 105 47 31 51 122 110 99 91 86 84 86 91 98 108 112 99 88 79 73 70 72 78 87 98 104 90 77 66 59 56 59 66 76 89 97 82 67 55 46 42 46 55 67 81 91 75 60 45 33 28 33 45 59 75 88 71 54 38 23 14 23 38 54 71 87 70 52 35 18 0 18 35 52 70 88 71 54 38 23 14 23 38 54 71 91 75 60 45 33 28 33 45 59 75 97 82 67 55 46 42 46 55 67 81
82 43 62 32 115 73 57 86 91 103 97 57 56 29 58 42 98 68 40 108 85 37 80 45 78 60 45 70 61 88 86 72 36 33 51 30 95 33 20 68 134 121 109 99 91 86 84 85 90 98 126 112 99 88 78 72 70 72 78 87 119 104 90 77 66 59 56 59 66 76 113 97 81 67 55 46 42 46 54 67 108 91 75 59 45 33 28 33 45 59 105 88 71 54 38 23 14 23 38 54 104 87 70 52 35 18 0 18 35 52 105 88 71 54 38 23 14 23 38 54 108 91 75 59 45 33 28 33 45 59 113 97 81 67 55 46 42 46 54 67
99 27 51 49 131 89 54 103 85 121 115 68 46 32 75 27 91 61 46 125 101 20 70 53 96 77 44 87 52 105 103 87 45 49 68 16 88 24 22 85 148 134 121 109 99 91 85 83 85 90 140 126 112 99 87 78 72 70 72 77 134 118 104 89 77 66 59 56 58 65 129 112 97 81 67 55 46 42 45 54 125 108 91 75 59 45 33 28 33 45 122 105 88 71 54 38 23 14 23 38 122 104 87 70 52 35 18 0 18 35 122 105 88 71 54 38 23 14 23 38 125 108 91 75 59 45 33 28 33 45 129 112 97 81 67 55 46 42 45 54
116 12 45 66 147 105 57 120 82 138 132 81 42 42 92 18 88 60 57 142 118 5 63 66 113 94 50 104 48 123 120 102 58 66 86 14 84 26 34 102 162 148 134 121 109 98 90 85 83 85 156 140 126 112 99 87 78 72 69 71 150 134 118 103 89 76 66 58 55 58 145 129 112 97 81 67 54 45 42 45 142 125 108 91 75 59 45 33 28 33 140 122 105 88 71 54 38 23 14 23 139 122 104 87 70 52 35 18 0 18 140 122 105 88 71 54 38 23 14 23 142 125 108 91 75 59 45 33 28 33 145 129 112 97 81 67 54 45 42 45
133 13 44 83 164 122 64 137 83 155 149 95 44 56 109 23 87 64 71 159 135 16 60 80 130 111 60 121 50 140 137 119 73 83 103 28 83 37 50 120 177 162 148 134 120 108 98 90 85 83 171 155 140 125 111 98 87 77 71 69 166 150 134 118 103 89 76 65 58 55 162 145 129 112 96 81 67 54 45 42 159 142 125 108 91 75 59 45 33 28 157 140 122 105 88 71 54 38 23 14 156 139 122 104 87 70 52 35 18 0 157 140 122 105 88 71 54 38 23 14 159 142 125 108 91 75 59 45 33 28 162 145 129 112 96 81 67 54 45 42
41 147 151 74 32 44 140 23 173 3 16 98 151 117 54 142 180 154 112 9 47 141 163 104 28 46 129 36 155 27 31 72 102 81 57 131 179 133 116 44 100 102 106 112 121 132 144 156 170 184 86 88 93 100 110 122 134 148 162 177 72 74 80 88 99 112 126 140 156 171 58 60 67 77 90 104 119 134 150 166 43 47 55 68 82 97 113 129 145 162 29 34 45 60 75 91 108 125 142 159 15 23 38 54 71 88 105 122 140 157 0 18 35 52 70 87 104 122 139 156 15 23 38 54 71 88 105 122 140 157 29 34 45 60 75 91 108 125 142 159
34 129 134 57 37 29 126 9 159 16 18 85 135 101 39 124 166 139 97 21 41 124 147 90 12 29 114 20 139 21 24 62 87 65 41 114 165 116 99 31 102 100 101 105 112 121 131 143 156 170 88 86 87 92 100 110 121 134 148 162 74 72 73 79 88 99 112 126 140 155 60 57 60 67 77 90 104 118 134 150 47 43 46 55 67 82 97 112 129 145 34 29 34 45 60 75 91 108 125 142 23 15 23 38 54 71 88 105 122 140 18 0 18 35 52 70 87 104 122 139 23 15 23 38 54 71 88 105 122 140 34 29 34 45 60 75 91 108 125 142
35 112 117 40 48 20 111 16 145 33 32 74 120 86 27 107 152 125 83 38 42 107 130 77 11 12 99 8 124 28 28 57 73 50 27 97 151 100 83 24 106 101 99 101 105 112 121 131 143 156 93 87 85 87 92 99 109 121 134 148 80 73 71 73 79 88 99 112 126 140 67 60 57 60 67 77 90 104 118 134 55 46 43 46 55 67 81 97 112 129 45 34 29 34 45 60 75 91 108 125 38 23 15 23 38 54 71 88 105 122 35 18 0 18 35 52 70 87 104 122 38 23 15 23 38 54 71 88 105 122 45 34 29 34 45 60 75 91 108 125
43 95 101 23 62 23 98 33 133 50 48 67 105 71 25 90 140 111 71 55 50 89 114 66 27 8 86 19 109 41 40 56 61 37 19 80 138 84 67 28 112 105 101 99 100 105 111 120 131 143 100 92 87 85 87 91 99 109 121 134 88 79 73 71 73 79 88 99 112 125 77 67 60 57 59 66 77 89 103 118 68 55 46 43 46 55 67 81 97 112 60 45 34 29 33 45 59 75 91 108 54 38 23 15 23 38 54 71 88 105 52 35 18 0 18 35 52 70 87 104 54 38 23 15 23 38 54 71 88 105 60 45 34 29 33 45 59 75 91 108
56 77 84 9 78 36 87 50 121 68 64 63 91 58 33 72 128 99 61 72 61 72 99 59 44 25 74 36 96 57 55 61 52 29 25 62 126 69 53 40 121 112 105 100 99 100 104 111 120 130 110 100 92 87 85 86 91 99 109 120 99 88 79 73 71 73 78 87 99 111 90 77 67 59 57 59 66 77 89 103 82 67 55 46 43 46 55 67 81 96 75 60 45 33 29 33 45 59 75 91 71 54 38 23 15 23 38 54 71 88 70 52 35 18 0 18 35 52 70 87 71 54 38 23 15 23 38 54 71 88 75 60 45 33 29 33 45 59 75 91
71 60 69 16 94 51 77 67 112 85 81 64 78 48 46 55 118 88 55 89 75 55 84 56 61 42 64 53 83 74 72 69 47 31 38 45 116 55 41 55 132 121 112 105 100 98 99 104 110 119 122 110 99 91 86 84 86 91 98 108 112 99 88 79 73 70 72 78 87 98 104 90 77 66 59 56 59 66 76 89 97 82 67 55 46 42 46 55 67 81 91 75 60 45 33 28 33 45 59 75 88 71 54 38 23 14 23 38 54 71 87 70 52 35 18 0 18 35 52 70 88 71 54 38 23 14 23 38 54 71 91 75 60 45 33 28 33 45 59 75
86 43 53 32 110 68 71 84 104 102 98 69 67 43 62 38 110 80 54 106 90 38 70 58 78 59 59 70 73 90 88 81 49 41 54 28 107 44 34 71 144 131 121 111 104 99 98 99 103 110 134 121 109 99 91 86 84 85 90 98 126 112 99 88 78 72 70 72 78 87 119 104 90 77 66 59 56 59 66 76 113 97 81 67 55 46 42 46 54 67 108 91 75 59 45 33 28 33 45 59 105 88 71 54 38 23 14 23 38 54 104 87 70 52 35 18 0 18 35 52 105 88 71 54 38 23 14 23 38 54 108 91 75 59 45 33 28 33 45 59
102 26 40 49 127 85 68 101 98 120 116 78 59 45 78 21 104 75 59 123 106 22 58 65 95 76 58 87 65 107 105 94 56 55 71 11 101 38 35 88 156 143 131 120 111 104 99 97 99 103 148 134 121 109 99 91 85 83 85 90 140 126 112 99 87 78 72 70 72 77 134 118 104 89 77 66 59 56 58 65 129 112 97 81 67 55 46 42 45 54 125 108 91 75 59 45 33 28 33 45 122 105 88 71 54 38 23 14 23 38 122 104 87 70 52 35 18 0 18 35 122 105 88 71 54 38 23 14 23 38 125 108 91 75 59 45 33 28 33 45
119 10 31 66 144 102 70 118 96 137 133 90 56 52 94 5 101 74 67 141 122 11 50 75 113 93 62 104 62 124 122 109 67 70 87 8 97 39 43 104 170 156 143 131 120 110 103 99 97 98 162 148 134 121 109 98 90 85 83 85 156 140 126 112 99 87 78 72 69 71 150 134 118 103 89 76 66 58 55 58 145 129 112 97 81 67 54 45 42 45 142 125 108 91 75 59 45 33 28 33 140 122 105 88 71 54 38 23 14 23 139 122 104 87 70 52 35 18 0 18 140 122 105 88 71 54 38 23 14 23 142 125 108 91 75 59 45 33 28 33
136 12 31 84 160 119 76 136 96 154 150 103 58 64 111 15 101 77 79 158 138 19 46 88 130 111 71 122 63 141 139 124 80 86 104 25 97 47 56 121 184 170 156 143 130 119 110 103 98 96 177 162 148 134 120 108 98 90 85 83 171 155 140 125 111 98 87 77 71 69 166 150 134 118 103 89 76 65 58 55 162 145 129 112 96 81 67 54 45 42 159 142 125 108 91 75 59 45 33 28 157 140 122 105 88 71 54 38 23 14 156 139 122 104 87 70 52 35 18 0 157 140 122 105 88 71 54 38 23 14 159 142 125 108 91 75 59 45 33 28
54 148 149 77 17 40 148 22 181 13 30 107 157 123 61 142 188 161 119 6 60 143 160 113 34 50 136 42 161 39 43 83 110 87 63 132 187 137 120 53 115 116 119 125 133 143 154 166 179 192 100 102 106 112 121 132 144 156 170 184 86 88 93 100 110 122 134 148 162 177 72 74 80 88 99 112 126 140 156 171 58 60 67 77 90 104 119 134 150 166 43 47 55 68 82 97 113 129 145 162 29 34 45 60 75 91 108 125 142 159 15 23 38 54 71 88 105 122 140 157 0 18 35 52 70 87 104 122 139 156 15 23 38 54 71 88 105 122 140 157
48 131 132 60 26 23 134 8 168 20 31 96 142 108 49 125 174 147 105 20 55 126 143 99 23 34 121 29 146 35 38 75 96 72 49 115 173 121 105 43 116 114 115 119 125 133 142 153 165 178 102 100 101 105 112 121 131 143 156 170 88 86 87 92 100 110 121 134 148 162 74 72 73 79 88 99 112 126 140 155 60 57 60 67 77 90 104 118 134 150 47 43 46 55 67 82 97 112 129 145 34 29 34 45 60 75 91 108 125 142 23 15 23 38 54 71 88 105 122 140 18 0 18 35 52 70 87 104 122 139 23 15 23 38 54 71 88 105 122 140
48 113 115 45 40 7 121 16 155 35 40 87 127 94 40 108 162 134 93 37 56 109 126 88 23 22 108 22 132 40 41 71 83 59 38 98 160 106 89 38 119 115 114 115 118 124 132 142 153 165 106 101 99 101 105 112 121 131 143 156 93 87 85 87 92 99 109 121 134 148 80 73 71 73 79 88 99 112 126 140 67 60 57 60 67 77 90 104 118 134 55 46 43 46 55 67 81 97 112 129 45 34 29 34 45 60 75 91 108 125 38 23 15 23 38 54 71 88 105 122 35 18 0 18 35 52 70 87 104 122 38 23 15 23 38 54 71 88 105 122
55 96 98 31 56 14 108 32 143 52 54 80 113 80 39 90 150 121 82 54 62 92 109 79 33 20 96 28 118 50 50 70 72 49 33 81 148 91 75 40 125 119 115 113 114 118 124 132 141 152 112 105 101 99 100 105 111 120 131 143 100 92 87 85 87 91 99 109 121 134 88 79 73 71 73 79 88 99 112 125 77 67 60 57 59 66 77 89 103 118 68 55 46 43 46 55 67 81 97 112 60 45 34 29 33 45 59 75 91 108 54 38 23 15 23 38 54 71 88 105 52 35 18 0 18 35 52 70 87 104 54 38 23 15 23 38 54 71 88 105
65 80 81 22 73 31 98 49 133 69 69 77 100 69 44 73 139 110 73 71 71 75 93 72 48 31 85 41 105 64 63 74 65 43 37 64 137 77 63 49 133 125 118 114 113 114 117 123 131 141 121 112 105 100 99 100 104 111 120 130 110 100 92 87 85 86 91 99 109 120 99 88 79 73 71 73 78 87 99 111 90 77 67 59 57 59 66 77 89 103 82 67 55 46 43 46 55 67 81 96 75 60 45 33 29 33 45 59 75 91 71 54 38 23 15 23 38 54 71 88 70 52 35 18 0 18 35 52 70 87 71 54 38 23 15 23 38 54 71 88
78 63 64 26 90 48 90 67 124 86 85 78 88 61 55 56 130 100 68 89 83 59 77 70 64 45 77 57 94 79 77 81 61 44 47 48 128 65 53 62 143 133 124 118 114 112 113 117 123 131 132 121 112 105 100 98 99 104 110 119 122 110 99 91 86 84 86 91 98 108 112 99 88 79 73 70 72 78 87 98 104 90 77 66 59 56 59 66 76 89 97 82 67 55 46 42 46 55 67 81 91 75 60 45 33 28 33 45 59 75 88 71 54 38 23 14 23 38 54 71 87 70 52 35 18 0 18 35 52 70 88 71 54 38 23 14 23 38 54 71
92 47 47 38 107 65 84 84 117 103 101 82 79 57 68 39 123 93 68 106 97 44 62 71 81 62 72 73 85 94 93 91 62 52 60 32 120 56 47 77 154 142 132 124 117 113 112 113 116 122 144 131 121 111 104 99 98 99 103 110 134 121 109 99 91 86 84 85 90 98 126 112 99 88 78 72 70 72 78 87 119 104 90 77 66 59 56 59 66 76 113 97 81 67 55 46 42 46 54 67 108 91 75 59 45 33 28 33 45 59 105 88 71 54 38 23 14 23 38 54 104 87 70 52 35 18 0 18 35 52 105 88 71 54 38 23 14 23 38 54
108 32 31 53 124 83 82 101 112 120 118 90 72 58 83 23 118 89 71 123 112 31 48 77 97 78 72 89 78 111 109 103 68 63 75 19 114 51 48 92 166 153 142 132 123 117 113 111 112 116 156 143 131 120 111 104 99 97 99 103 148 134 121 109 99 91 85 83 85 90 140 126 112 99 87 78 72 70 72 77 134 118 104 89 77 66 59 56 58 65 129 112 97 81 67 55 46 42 45 54 125 108 91 75 59 45 33 28 33 45 122 105 88 71 54 38 23 14 23 38 122 104 87 70 52 35 18 0 18 35 122 105 88 71 54 38 23 14 23 38
123 21 19 69 141 100 83 118 110 137 135 100 69 64 99 11 115 88 79 141 127 24 37 86 114 95 75 106 75 127 125 116 77 77 91 18 111 52 55 108 179 165 153 141 131 123 116 112 110 112 170 156 143 131 120 110 103 99 97 98 162 148 134 121 109 98 90 85 83 85 156 140 126 112 99 87 78 72 69 71 150 134 118 103 89 76 66 58 55 58 145 129 112 97 81 67 54 45 42 45 142 125 108 91 75 59 45 33 28 33 140 122 105 88 71 54 38 23 14 23 139 122 104 87 70 52 35 18 0 18 140 122 105 88 71 54 38 23 14 23
140 22 18 86 158 117 88 136 110 155 152 112 71 74 115 18 115 90 89 158 143 29 33 97 131 112 82 123 76 144 142 131 89 92 108 30 110 59 65 125 192 178 165 152 141 131 122 116 112 110 184 170 156 143 130 119 110 103 98 96 177 162 148 134 120 108 98 90 85 83 171 155 140 125 111 98 87 77 71 69 166 150 134 118 103 89 76 65 58 55 162 145 129 112 96 81 67 54 45 42 159 142 125 108 91 75 59 45 33 28 157 140 122 105 88 71 54 38 23 14 156 139 122 104 87 70 52 35 18 0 157 140 122 105 88 71 54 38 23 14
67 150 148 82 3 41 156 30 190 28 44 118 164 130 71 144 197 169 128 20 73 146 157 122 44 57 144 51 168 52 56 96 118 94 72 135 196 143 127 64 129 130 133 138 145 154 164 176 188 201 115 116 119 125 133 143 154 166 179 192 100 102 106 112 121 132 144 156 170 184 86 88 93 100 110 122 134 148 162 177 72 74 80 88 99 112 126 140 156 171 58 60 67 77 90 104 119 134 150 166 43 47 55 68 82 97 113 129 145 162 29 34 45 60 75 91 108 125 142 159 15 23 38 54 71 88 105 122 140 157 0 18 35 52 70 87 104 122 139 156
62 133 131 67 19 24 143 22 177 31 44 108 149 116 61 127 184 156 115 28 69 129 140 110 37 44 130 41 154 49 52 89 105 81 60 118 183 128 112 56 130 128 129 132 138 145 154 164 175 187 116 114 115 119 125 133 142 153 165 178 102 100 101 105 112 121 131 143 156 170 88 86 87 92 100 110 121 134 148 162 74 72 73 79 88 99 112 126 140 155 60 57 60 67 77 90 104 118 134 150 47 43 46 55 67 82 97 112 129 145 34 29 34 45 60 75 91 108 125 142 23 15 23 38 54 71 88 105 122 140 18 0 18 35 52 70 87 104 122 139
62 117 114 53 37 11 131 25 165 43 51 99 135 103 54 110 172 143 103 42 70 113 123 99 36 35 118 37 140 53 54 85 94 70 51 101 170 113 98 52 133 129 128 129 132 137 144 153 163 175 119 115 114 115 118 124 132 142 153 165 106 101 99 101 105 112 121 131 143 156 93 87 85 87 92 99 109 121 134 148 80 73 71 73 79 88 99 112 126 140 67 60 57 60 67 77 90 104 118 134 55 46 43 46 55 67 81 97 112 129 45 34 29 34 45 60 75 91 108 125 38 23 15 23 38 54 71 88 105 122 35 18 0 18 35 52 70 87 104 122
67 100 96 42 54 17 119 38 154 57 62 94 122 91 53 93 161 132 94 57 74 97 106 91 44 34 107 40 127 61 61 84 84 61 47 85 159 99 85 54 138 132 129 127 128 131 137 144 153 163 125 119 115 113 114 118 124 132 141 152 112 105 101 99 100 105 111 120 131 143 100 92 87 85 87 91 99 109 121 134 88 79 73 71 73 79 88 99 112 125 77 67 60 57 59 66 77 89 103 118 68 55 46 43 46 55 67 81 97 112 60 45 34 29 33 45 59 75 91 108 54 38 23 15 23 38 54 71 88 105 52 35 18 0 18 35 52 70 87 104
76 84 79 36 71 32 110 53 144 73 76 91 110 81 57 76 151 121 86 74 83 81 89 86 56 41 97 50 116 72 72 87 78 57 50 69 149 87 74 61 145 138 132 128 127 127 131 136 143 152 133 125 118 114 113 114 117 123 131 141 121 112 105 100 99 100 104 111 120 130 110 100 92 87 85 86 91 99 109 120 99 88 79 73 71 73 78 87 99 111 90 77 67 59 57 59 66 77 89 103 82 67 55 46 43 46 55 67 81 96 75 60 45 33 29 33 45 59 75 91 71 54 38 23 15 23 38 54 71 88 70 52 35 18 0 18 35 52 70 87
87 69 62 38 88 49 102 69 136 89 91 92 99 74 65 60 143 113 82 91 93 66 72 84 70 53 90 63 105 86 85 93 75 58 57 54 140 77 65 71 154 145 137 131 127 126 127 130 135 143 143 133 124 118 114 112 113 117 123 131 132 121 112 105 100 98 99 104 110 119 122 110 99 91 86 84 86 91 98 108 112 99 88 79 73 70 72 78 87 98 104 90 77 66 59 56 59 66 76 89 97 82 67 55 46 42 46 55 67 81 91 75 60 45 33 28 33 45 59 75 88 71 54 38 23 14 23 38 54 71 87 70 52 35 18 0 18 35 52 70
100 54 44 47 106 66 98 86 130 106 106 95 91 71 77 45 136 106 82 108 106 53 56 85 85 67 86 78 97 100 99 102 76 64 69 41 133 69 61 84 164 154 144 137 131 127 125 126 130 135 154 142 132 124 117 113 112 113 116 122 144 131 121 111 104 99 98 99 103 110 134 121 109 99 91 86 84 85 90 98 126 112 99 88 78 72 70 72 78 87 119 104 90 77 66 59 56 59 66 76 113 97 81 67 55 46 42 46 54 67 108 91 75 59 45 33 28 33 45 59 105 88 71 54 38 23 14 23 38 54 104 87 70 52 35 18 0 18 35 52
114 42 27 60 123 83 96 103 125 122 122 102 85 72 90 32 131 102 85 125 119 43 40 90 101 83 86 94 92 116 114 113 81 73 82 32 128 65 62 99 176 164 153 144 136 130 126 125 126 129 166 153 142 132 123 117 113 111 112 116 156 143 131 120 111 104 99 97 99 103 148 134 121 109 99 91 85 83 85 90 140 126 112 99 87 78 72 70 72 77 134 118 104 89 77 66 59 56 58 65 129 112 97 81 67 55 46 42 45 54 125 108 91 75 59 45 33 28 33 45 122 105 88 71 54 38 23 14 23 38 122 104 87 70 52 35 18 0 18 35
129 34 10 75 140 100 97 120 123 139 139 111 83 77 105 25 129 101 91 142 134 38 26 97 118 99 88 110 89 132 130 125 88 85 97 31 125 66 67 114 188 175 163 153 143 135 130 126 124 125 179 165 153 141 131 123 116 112 110 112 170 156 143 131 120 110 103 99 97 98 162 148 134 121 109 98 90 85 83 85 156 140 126 112 99 87 78 72 69 71 150 134 118 103 89 76 66 58 55 58 145 129 112 97 81 67 54 45 42 45 142 125 108 91 75 59 45 33 28 33 140 122 105 88 71 54 38 23 14 23 139 122 104 87 70 52 35 18 0 18
145 35 9 90 158 118 101 137 124 156 155 122 84 85 120 29 128 103 100 159 149 41 19 107 134 115 94 126 90 148 146 138 99 99 113 39 124 71 76 129 201 187 175 163 152 143 135 129 125 124 192 178 165 152 141 131 122 116 112 110 184 170 156 143 130 119 110 103 98 96 177 162 148 134 120 108 98 90 85 83 171 155 140 125 111 98 87 77 71 69 166 150 134 118 103 89 76 65 58 55 162 145 129 112 96 81 67 54 45 42 159 142 125 108 91 75 59 45 33 28 157 140 122 105 88 71 54 38 23 14 156 139 122 104 87 70 52 35 18 0
