0.0 38.69841516948837 67.94617994691848 82.50133797922632 43.256481297604594 58.078382093256444 75.8378555495869 26.7075497749313 53.31105473585458 83.34678459780119 78.56673483963016 63.69759926273786 13.880176495239825 55.294389741411734 41.487215829604196 90.28702815156258 42.216120273416 20.417796420919714 34.05247135125665 30.901465775399398 27.098175786271412 43.294038344420905 28.56335219830082 81.79479393903827 32.210970314058756 56.9565801634155 79.17298512307772 60.23850687612416 47.70719393915157 79.02571151831361 87.05586945901808 61.00607713090953 11.81220149087166 36.314796689575466 40.37327196673407 90.23834685379794 42.416699994439256 36.30980979584699 38.71211388763417 50.3032169681251 41.00516333608585 31.749251573600944 35.032302252434185 11.315600809119038 79.4827053832771 57.535584133997 63.636945718622975
38.69841516948837 0.0 31.3223031826597 48.67747753880579 35.120066741288 20.197477136719655 38.00163297121394 12.324077611577238 14.744559490134566 45.18108889490077 41.55516943936765 27.03684369910677 52.135869703972816 16.946622836042643 12.790624452190222 51.64559353573627 6.2591955475004575 53.72364171671335 10.040904159628104 15.294831682121629 31.266499519277687 6.873138664411943 17.628998059742763 50.0568296350744 34.806683188619054 19.329449503403414 40.52442522603654 22.066065567830396 13.787255429150129 40.667982453971284 50.64029925733145 24.19246953511286 50.22001849485369 10.971436761508318 3.1295980560224055 51.84116885787057 12.90014711836641 48.05027522339449 11.4588956101623 14.408811141026183 12.96681017387103 24.230539603280626 5.992718604012145 47.7473065322576 44.14048842040084 54.19249327456602 27.803958719129994
67.94617994691848 31.3223031826597 0.0 46.38339876325926 42.94755131306471 23.38372575839507 9.367735901187608 41.61098336443733 21.496844807056352 29.816616850636873 10.6298938896938 4.312776842809654 81.79325176629241 21.925648454219544 26.92291875165622 26.324596229944248 31.692164999711135 78.88966718972797 33.918184057399785 37.795712561098306 50.596811407044605 25.174532392110006 40.535380559707946 51.31620562100629 50.79120492135125 24.525934677773265 17.46920961446541 10.866965127667074 33.02820190391109 25.456767136547477 19.36420437608523 7.140139894599222 79.75232715920546 40.22708425797902 31.353291651743945 24.330294106208154 37.79426510862512 63.33499101562824 29.507077527197072 29.76238147284362 38.99805110019265 54.061070772650005 36.9932017992249 75.1249137579794 13.172877067596136 56.378650332165066 4.720887649394238
82.50133797922632 48.67747753880579 46.38339876325926 0.0 80.4714986227511 30.22499276993801 41.718780512844646 59.86636758766342 36.60788738495553 21.19756001762019 47.05279432866807 45.88943091665606 93.75610045411317 34.0318869075434 57.02343622466864 36.73615389222359 42.88547862911073 100.64465501772656 58.35775155144217 63.78516568872617 79.8632655459016 49.21234397734499 66.26457655791208 6.488458199836525 82.96806927968456 30.464148451203663 33.41189246930297 40.0775414567657 35.80129490031178 23.036821781410993 53.33031568303957 45.37435785214127 92.29770190629048 46.456249670164325 45.766605972114235 41.12273634137504 40.30973724595253 96.41010155486799 57.60968807026953 34.307896397047266 41.625177358233834 52.962903749975155 49.31358336322857 93.21416992261912 54.36877632556749 97.92287928572357 48.46886269635017
43.256481297604594 35.120066741288 42.94755131306471 80.4714986227511 0.0 50.26093378892262 52.301177804818025 30.969931630371654 43.911984078141465 70.20154955610084 51.964029642056985 40.17325872058004 55.36571375801268 46.46451475852633 23.73896949931701 69.27075275188226 41.26297988283147 43.6799458824799 25.61392454048082 21.799680078442506 16.25077023727091 31.871173308724835 21.28835629249987 83.14610565060441 12.09221216733802 50.129451104042104 59.85227143936754 42.36385070347697 48.568018815502384 65.38374651008097 57.59909261933007 38.85357485512185 53.28337356021069 44.1824553040772 38.187057180762075 67.00709423686989 47.85714643196754 21.172184113364107 23.917990516882174 48.205046267889976 47.644348012294735 53.229763265239896 38.48816101651094 44.31987255068569 49.11965389173416 19.199522543683013 38.40375680228585
58.078382093256444 20.197477136719655 23.38372575839507 30.22499276993801 50.26093378892262 0.0 25.13267618312499 32.42521842121896 6.398786436433287 25.268722356808986 30.349550422898055 20.630289116963606 71.00169145689617 3.80981272549079 26.82791647034279 34.25159734447646 15.867358121450325 73.90476266434466 28.96652338414311 34.394540670603064 50.405041394433766 19.202829463702106 37.05834706207986 33.09527842920145 53.08679508636878 1.4226131961577468 23.604496877188463 13.123418133865494 12.236610507558096 21.015839415543823 39.499834239967115 18.78629845042739 69.2094793502865 23.066418418508047 17.891207084199134 35.700485301392234 18.17407637182703 66.57847256576036 27.581622536448673 8.738848146317984 19.697873198691475 35.30744442427466 23.04948481531877 67.67974207215474 35.80427750624314 67.98416159595955 22.954369747615974
75.8378555495869 38.00163297121394 9.367735901187608 41.718780512844646 52.301177804818025 25.13267618312499 0.0 49.20479777312888 25.61458586654719 22.723938926367747 5.658613033746736 12.815239231059579 89.59289166750922 25.08907118629257 35.55979492701936 16.973260270699292 37.071732349677426 87.69149368224875 42.07557673451081 46.337351781757576 59.721786644359305 32.57230963483625 49.133198827902184 47.32202437267143 60.085014843123275 26.50478365624318 9.322462008289094 15.953774237950109 36.617088550309084 19.090315370387383 14.392045721389087 15.13418692956239 87.59373022383893 45.56203264969935 37.410196347917854 15.083255900338571 42.082605005452216 72.69294160818728 37.985315008225186 33.096797436101234 43.461275620726425 59.051663313691414 43.22552933617047 83.53582274287213 12.701803855494191 65.28408065367331 14.02662468475577
26.7075497749313 12.324077611577238 41.61098336443733 59.86636758766342 30.969931630371654 32.42521842121896 49.20479777312888 0.0 27.0643799779763 57.4997899904194 52.170820269796515 37.315008993021074 40.39362942091732 29.261320203003805 16.55062826534788 63.62230078873634 17.125293477087876 41.49875647976621 8.740327614095353 9.409727056910436 21.97151906026924 16.632539664231974 9.762123553331971 60.56261306146201 26.682826975199788 31.47854872873198 52.52043144010162 33.53368540029757 24.087389827014977 52.9917980151528 60.90872529377358 34.55624758092593 38.4081318360494 15.075089476251334 14.586307594016079 63.53145806554691 20.51685569990613 38.91444023971563 13.745084955279438 25.753075188729607 19.651737560580088 22.275867445562636 10.646607023432287 35.433201821525245 53.710462260652484 49.90698918408575 37.511169950727854
53.31105473585458 14.744559490134566 21.496844807056352 36.60788738495553 43.911984078141465 6.398786436433287 25.61458586654719 27.0643799779763 0.0 30.488474975128273 30.189920740812752 17.91288975080949 66.56454299222696 2.5950854428991788 20.429860764299516 37.436075127607765 11.802081593633519 68.34311575962995 22.839131902806635 28.229214114278637 44.163318541954204 12.866255547908805 30.94407651109529 39.31087604626766 46.733102611733514 6.239850687594246 26.37410187626362 10.63702965928163 11.5314490388871 25.932598294709486 39.51862137805577 15.491214142695286 64.69833200652171 20.073212566112833 12.983893021329221 38.14222321866433 16.550189614110643 60.22811075673984 21.214842247721666 8.349323277448258 17.88139715493985 33.43728582680224 18.64830990870452 62.4918608485473 34.57789466703774 61.792689122678944 19.830286000945275
83.34678459780119 45.18108889490077 29.816616850636873 21.19756001762019 70.20154955610084 25.268722356808986 22.723938926367747 57.4997899904194 30.488474975128273 0.0 27.38824730383385 30.94857604783922 96.20324327067807 28.23883579419047 48.94259596110149 15.730431380823365 41.13235854401478 98.82974623401937 53.00349793567426 58.24773250574608 73.75473601460497 42.695886812701964 61.045074726860335 27.547060895815623 75.5502191001002 26.4063101941771 13.498008111280189 27.90081612328831 36.454424450562804 4.839596527092439 32.521129552346046 31.60716233630145 94.43491984863171 47.895717351709955 43.09169092672147 19.953848534281665 42.36610034359733 88.90836944784596 50.50283670755034 33.370632371472716 43.918358567973925 58.748377291538056 48.315944242093785 92.8747586027476 34.74399964875773 85.52842762915066 33.275680415845756
78.56673483963016 41.55516943936765 10.6298938896938 47.05279432866807 51.964029642056985 30.349550422898055 5.658613033746736 52.170820269796515 30.189920740812752 27.38824730383385 0.0 14.87363590867441 92.40736249343585 29.953849040023144 37.51494279114633 18.61400301287825 41.27455798477378 89.34920412778884 44.54673900784458 48.39302437759656 60.80156687614128 35.6439194214579 51.116076994812175 52.77110235063871 60.64038929803165 31.687781324097312 13.926289846910137 19.926251100516733 41.47007206223095 24.175088754900617 9.329253911973112 17.614999012121793 90.37039594432309 49.82654118122 41.298015101055164 15.349941121814906 46.73976232572026 72.79243010903703 40.12407051942555 37.99930096194926 48.062948091204184 63.502968239793304 47.04942689543189 85.72690375438079 7.376050138309786 63.53153121431677 15.138366975664676
63.69759926273786 27.03684369910677 4.312776842809654 45.88943091665606 40.17325872058004 20.630289116963606 12.815239231059579 37.315008993021074 17.91288975080949 30.94857604783922 14.87363590867441 0.0 77.5345884618434 18.673942703396264 22.856726322366313 29.436627825727975 27.606209701478228 74.94184283082802 29.698048771362505 33.70100151179479 46.91266100741687 20.861818227562672 36.467403000197855 50.4331274431434 47.38976434187268 21.637833814240423 19.6823523020585 7.558201009844601 29.396024927380395 26.32410356218421 23.676489235978806 2.845226392315494 75.49927840572687 36.10917764687709 27.144509551429895 27.894820594210618 33.92250860166635 60.170014350707405 25.376308960064286 26.25653009943997 35.07486657610417 49.96886634327912 32.743902839252996 71.002565722354 17.25047868479805 54.60838613064055 2.5848420677142827
13.880176495239825 52.135869703972816 81.79325176629241 93.75610045411317 55.36571375801268 71.00169145689617 89.59289166750922 40.39362942091732 66.56454299222696 96.20324327067807 92.40736249343585 77.5345884618434 0.0 68.42364208612707 55.36571375801269 103.78104673171633 55.16783284374343 20.14742872394313 47.920801879040944 44.74456989887014 39.14890108363124 57.02267203325465 42.3487607095419 92.42446905830812 43.64241319116968 69.81283628587364 92.65981804923968 73.90322346405927 60.04727497986224 92.01561873499853 100.9286669918264 74.82760826835028 2.1339197942352057 48.516358356541154 53.58078550544112 103.87754634873049 54.43388245266691 44.420790392685646 52.592263338950744 62.89696830062835 52.941541689468615 41.21938946231734 48.02541580947013 12.524902570253778 93.36219871215768 67.57455826128309 77.5048145739998
55.294389741411734 16.946622836042643 21.925648454219544 34.0318869075434 46.46451475852633 3.80981272549079 25.08907118629257 29.261320203003805 2.5950854428991788 28.23883579419047 29.953849040023144 18.673942703396264 68.42364208612707 0.0 23.019264374421294 35.925658832400075 13.336086506593714 70.64690596838976 25.345022631611688 30.752168649656806 46.7167836679643 15.446377418109664 33.44874945021913 36.818271914429786 49.321513000856925 3.8105258173547076 24.97098774651381 11.150302501157283 11.534241818521886 23.771384449828467 39.248657953559395 16.489649847368238 66.58602909596807 21.226377535013505 14.925059999846479 36.91371129052756 17.07135835388872 62.815915317917884 23.805598884562862 8.045566152763614 18.504544073923537 34.19445178882021 20.404478434235536 64.64775988628308 34.80364118250529 64.26047497078278 20.795551141249135
41.487215829604196 12.790624452190222 26.92291875165622 57.02343622466864 23.73896949931701 26.82791647034279 35.55979492701936 16.55062826534788 20.429860764299516 48.94259596110149 37.51494279114633 22.856726322366313 55.36571375801269 23.019264374421294 0.0 51.540191659803114 18.320697095224357 52.13633594132048 7.8493248498708095 10.878525002804839 24.930342883423016 8.153112537505638 13.615297187512525 59.46575369855976 26.67609339068033 26.56759098427518 40.86255079303659 21.56800512794476 25.21121083764408 44.12418257917836 45.68013408604029 20.42764979548766 53.28337356021071 23.497906599846647 15.487046389498145 50.5414371524294 25.566879697361472 40.12932906372369 2.845226392315494 24.53861481604725 25.738676872492213 35.761426518505225 17.904721804508977 48.21240830886731 37.99774722446693 42.306079721391576 22.395800719682644
90.28702815156258 51.64559353573627 26.324596229944248 36.73615389222359 69.27075275188226 34.25159734447646 16.973260270699292 63.62230078873634 37.436075127607765 15.730431380823365 18.61400301287825 29.436627825727975 103.78104673171633 35.925658832400075 51.540191659803114 0.0 49.190276319656306 103.51177390465202 57.365661345930846 62.043841158001506 76.16599908162496 47.28472565249238 64.88109002658784 43.163483259758955 76.82161623184513 35.641790568892446 11.121228715642387 30.353395429864193 46.46961391115127 16.08396758902254 19.618042315144496 31.3733232650971 101.86355872706385 57.11337506953514 50.33690645321649 4.822840931386781 52.42509941154066 89.57306239085248 53.73993346578366 42.990432209723345 53.94921098482008 69.53073989122097 56.07260044642272 98.73738705610418 24.821067053947836 81.93590217612237 30.924375118852655
42.216120273416 6.2591955475004575 31.692164999711135 42.88547862911073 41.26297988283147 15.867358121450325 37.071732349677426 17.125293477087876 11.802081593633519 41.13235854401478 41.27455798477378 27.606209701478228 55.16783284374343 13.336086506593714 18.320697095224357 49.190276319656306 0.0 58.517285499917406 16.29100413401082 21.478736380382383 37.33406079595238 10.846059691829558 23.703488325295528 43.994048999116444 41.015396046504286 14.744559490134622 38.1579748826516 21.348322500838904 7.543918121088725 36.859350727219805 50.56393944591342 24.827640257363086 53.35921266811066 8.558650700657681 3.129598056022494 49.94191786841059 7.521208473361669 54.19726870541573 17.420887615859012 8.635087186961902 8.130172379465177 22.36991324914483 7.183863125658513 51.9542682590211 44.83654115021409 60.2627645853383 28.901068797907598
20.417796420919714 53.72364171671335 78.88966718972797 100.64465501772656 43.6799458824799 73.90476266434466 87.69149368224875 41.49875647976621 68.34311575962995 98.82974623401937 89.34920412778884 74.94184283082802 20.14742872394313 70.64690596838976 52.13633594132048 103.51177390465202 58.517285499917406 0.0 46.24932836221778 41.47134407027287 29.30500078899859 56.53518062381055 38.6388167113141 100.55885136754439 31.699957548301796 72.97586028673611 92.62580333255936 73.2026261813525 65.00711068594109 94.2279354518265 96.89376160069243 72.56297747599876 19.09895194813383 54.23105494277886 56.08351925483497 102.67249193545511 60.35965485863939 27.38210217035144 49.79991762281193 67.07394716694277 59.0989989683456 51.828716995820926 51.58985908486099 9.508629853746143 88.70041871536766 51.50749630884332 74.24137674531899
34.05247135125665 10.040904159628104 33.918184057399785 58.35775155144217 25.61392454048082 28.96652338414311 42.07557673451081 8.740327614095353 22.839131902806635 53.00349793567426 44.54673900784458 29.698048771362505 47.920801879040944 25.345022631611688 7.8493248498708095 57.365661345930846 16.29100413401082 46.24932836221778 0.0 5.445313587920352 21.526834880478884 10.34041451151604 8.10508982419442 59.98203779856924 24.79965742193174 28.33522704285483 46.40884588750167 27.013180095109963 23.827410549021955 48.29307190106371 53.00880601459942 27.061012439377865 45.86439880284662 18.642460189889054 13.164804345571067 56.8076844437652 22.33560269798257 38.12104890783182 5.01829590609575 24.289242077039514 22.048734459154698 29.308969335916974 12.902264698473378 41.488221948325005 45.53649858152028 44.80661482757453 29.584710300639504
30.901465775399398 15.294831682121629 37.795712561098306 63.78516568872617 21.799680078442506 34.394540670603064 46.337351781757576 9.409727056910436 28.229214114278637 58.24773250574608 48.39302437759656 33.70100151179479 44.74456989887014 30.752168649656806 10.878525002804839 62.043841158001506 21.478736380382383 41.47134407027287 5.445313587920352 0.0 16.085423489045304 15.558445374142183 2.843779622427039 65.3364796407687 19.540949371311033 33.77643795998085 51.19574631304763 31.770799840559956 29.019328024088935 53.50751624844795 56.51578482700978 31.209626022834026 42.642484795082204 22.666883971258518 18.380211318952448 61.24657000457368 27.027429562144878 32.75880494654997 8.353757671255668 29.65244108662178 26.560738731888023 31.621458748092024 17.156950633996654 37.33398170617311 48.731744518459855 40.91381514288896 33.273381637036486
27.098175786271412 31.266499519277687 50.596811407044605 79.8632655459016 16.25077023727091 50.405041394433766 59.721786644359305 21.97151906026924 44.163318541954204 73.75473601460497 60.80156687614128 46.91266100741687 39.14890108363124 46.7167836679643 24.930342883423016 76.16599908162496 37.33406079595238 29.30500078899859 21.526834880478884 16.085423489045304 0.0 31.337462620936787 13.64022726590775 81.31055122578171 5.649457972552171 49.827558352516064 65.67635348863867 46.4858301574421 44.8247525118719 68.95830799803122 67.93288863213876 44.80222422536429 37.057081985273655 37.014627152244216 34.291345438181736 74.80488023048743 42.16354240470761 17.00183539908471 23.25640373991414 45.67082848655745 41.449159477465486 42.434430752716835 32.10971410396643 28.452263923146457 59.63447971804958 31.51623354837056 45.88226614313657
43.294038344420905 6.873138664411943 25.174532392110006 49.21234397734499 31.871173308724835 19.202829463702106 32.57230963483625 16.632539664231974 12.866255547908805 42.695886812701964 35.6439194214579 20.861818227562672 57.02267203325465 15.446377418109664 8.153112537505638 47.28472565249238 10.846059691829558 56.53518062381055 10.34041451151604 15.558445374142183 31.337462620936787 0.0 18.349205875189618 51.442601470473605 33.88407095502055 18.779913530479295 36.252036192542555 16.995260421872253 17.225262193463163 37.96879543149074 44.53618108138121 18.053705853403887 55.02932579286971 17.644464917814364 8.524152290022759 46.98292613153606 18.349205875189476 47.37576367487223 8.400712500752187 16.389835834627444 18.802885981023785 31.095093086808614 12.861369406453436 51.453047312357825 37.70437419933344 50.44179798723819 21.348290693577635
28.56335219830082 17.628998059742763 40.535380559707946 66.26457655791208 21.28835629249987 37.05834706207986 49.133198827902184 9.762123553331971 30.94407651109529 61.045074726860335 51.116076994812175 36.467403000197855 42.3487607095419 33.44874945021913 13.615297187512525 64.88109002658784 23.703488325295528 38.6388167113141 8.10508982419442 2.843779622427039 13.64022726590775 18.349205875189618 0.0 67.67077511915316 17.54941298779466 36.40273406526154 54.03862572795662 34.61407807322869 31.210859322925867 56.31334382729219 59.15739516054792 34.000883828152936 40.234860398887726 24.09246633740589 20.65214254995192 64.06123197645688 28.831132338295717 30.513915548152518 11.1665469280548 32.036447596069195 28.245654619285474 31.955239909694853 18.818199661324783 34.63096830099906 51.30419901325519 40.14895414229195 35.984299459818466
81.79479393903827 50.0568296350744 51.31620562100629 6.488458199836525 83.14610565060441 33.09527842920145 47.32202437267143 60.56261306146201 39.31087604626766 27.547060895815623 52.77110235063871 50.4331274431434 92.42446905830812 36.818271914429786 59.46575369855976 43.163483259758955 43.994048999116444 100.55885136754439 59.98203779856924 65.3364796407687 81.31055122578171 51.442601470473605 67.67077511915316 0.0 84.76671161340855 33.07110068158762 39.34833419838125 44.13439171804602 36.58422642017055 29.039734520547785 59.39172825352526 49.64210773899927 91.07673981354719 46.410761686889124 47.01933542202287 47.49872782372584 40.361287701740395 98.09326482732367 59.76019614307436 35.69282939395221 41.52935792594444 51.263620210207606 49.91715172179392 92.74758854855163 60.019462890544574 101.07552365431647 53.01687687420128
32.210970314058756 34.806683188619054 50.79120492135125 82.96806927968456 12.09221216733802 53.08679508636878 60.085014843123275 26.682826975199788 46.733102611733514 75.5502191001002 60.64038929803165 47.38976434187268 43.64241319116968 49.321513000856925 26.67609339068033 76.82161623184513 41.015396046504286 31.699957548301796 24.79965742193174 19.540949371311033 5.649457972552171 33.88407095502055 17.54941298779466 84.76671161340855 0.0 52.63654588272717 66.65443711633094 47.85612017065961 48.55794555273621 70.71915103289 67.21576060164539 45.526826616396086 41.59354819610672 41.538753628636634 37.908796398272315 75.12058051774369 46.38032999784468 13.495836648363928 25.521298338778518 49.079061432699994 45.78450017830827 47.758160232645885 36.36270315426332 32.31066003728705 58.79569836979768 25.898727057433355 46.08033895735036
56.9565801634155 19.329449503403414 24.525934677773265 30.464148451203663 50.129451104042104 1.4226131961577468 26.50478365624318 31.47854872873198 6.239850687594246 26.4063101941771 31.687781324097312 21.637833814240423 69.81283628587364 3.8105258173547076 26.56759098427518 35.641790568892446 14.744559490134622 72.97586028673611 28.33522704285483 33.77643795998085 49.827558352516064 18.779913530479295 36.40273406526154 33.07110068158762 52.63654588272717 0.0 25.01968896989583 14.09157289182329 10.8330395580487 22.233617085008813 40.860465190331645 19.682905767808702 68.03392645611358 21.757719795026475 16.904164113792316 37.11796916171251 16.784833305640916 66.11710679814566 27.179966163274816 7.355726791846834 18.3137680996123 33.904044015224514 21.926158221069624 66.64620958253997 37.05584948840444 68.02710197396013 23.907011608130745
79.17298512307772 40.52442522603654 17.46920961446541 33.41189246930297 59.85227143936754 23.604496877188463 9.322462008289094 52.52043144010162 26.37410187626362 13.498008111280189 13.926289846910137 19.6823523020585 92.65981804923968 24.97098774651381 40.86255079303659 11.121228715642387 38.1579748826516 92.62580333255936 46.40884588750167 51.19574631304763 65.67635348863867 36.252036192542555 54.03862572795662 39.34833419838125 66.65443711633094 25.01968896989583 0.0 19.426582180403543 35.831505438452844 10.381706024459556 20.118862841897265 21.17416637958184 90.7428561326498 46.1965255700416 39.23559971165512 12.10803051917281 41.72389520790722 79.65288523971071 42.94685193380708 32.30400593018237 43.22574048116657 58.88977235865706 44.98745546556986 87.69660763759781 21.299697104641833 73.844564137683 21.612119419852938
60.23850687612416 22.066065567830396 10.866965127667074 40.0775414567657 42.36385070347697 13.123418133865494 15.953774237950109 33.53368540029757 10.63702965928163 27.90081612328831 19.926251100516733 7.558201009844601 73.90322346405927 11.150302501157283 21.56800512794476 30.353395429864193 21.348322500838904 73.2026261813525 27.013180095109963 31.770799840559956 46.4858301574421 16.995260421872253 34.61407807322869 44.13439171804602 47.85612017065961 14.09157289182329 19.426582180403543 0.0 22.165817482986746 23.06575697026984 29.222786175661522 5.732342979068007 71.9329750924529 29.90100187243536 21.484725854039844 30.001893610600543 27.04918431119285 61.11679708890481 23.546354944742497 18.899239275558212 28.304866004029535 43.610391417987294 27.28819995841731 68.41231853212592 23.948194261131245 58.46030232605679 9.830983952782399
47.70719393915157 13.787255429150129 33.02820190391109 35.80129490031178 48.568018815502384 12.236610507558096 36.617088550309084 24.087389827014977 11.5314490388871 36.454424450562804 41.47007206223095 29.396024927380395 60.04727497986224 11.534241818521886 25.21121083764408 46.46961391115127 7.543918121088725 65.00711068594109 23.827410549021955 29.019328024088935 44.8247525118719 17.225262193463163 31.210859322925867 36.58422642017055 48.55794555273621 10.8330395580487 35.831505438452844 22.165817482986746 0.0 32.61613531671279 50.774876534710536 26.881069719723534 58.36157139742842 11.533090665460444 10.663353332098417 47.916390664191916 5.992604956978662 61.7188662742524 24.65221725681068 3.5565329903929532 7.541471421474027 23.071315027656873 13.513118635625293 57.9636705306995 46.092774664352255 67.44478051242567 31.20206859500126
79.02571151831361 40.667982453971284 25.456767136547477 23.036821781410993 65.38374651008097 21.015839415543823 19.090315370387383 52.9917980151528 25.932598294709486 4.839596527092439 24.175088754900617 26.32410356218421 92.01561873499853 23.771384449828467 44.12418257917836 16.08396758902254 36.859350727219805 94.2279354518265 48.29307190106371 53.50751624844795 68.95830799803122 37.96879543149074 56.31334382729219 29.039734520547785 70.71915103289 22.233617085008813 10.381706024459556 23.06575697026984 32.61613531671279 0.0 30.351997612699744 26.866756285946213 90.21712672643393 43.92363740546139 38.68508073594842 19.519706908661224 38.58733649224259 84.07172757336062 45.713159689401934 29.390366860036128 40.141683668294725 55.27700311129897 44.029361820413264 88.40715794474441 31.54190476815536 80.83692756822362 28.705371670850734
87.05586945901808 50.64029925733145 19.36420437608523 53.33031568303957 57.59909261933007 39.499834239967115 14.392045721389087 60.90872529377358 39.51862137805577 32.521129552346046 9.329253911973112 23.676489235978806 100.9286669918264 39.248657953559395 45.68013408604029 19.618042315144496 50.56393944591342 96.89376160069243 53.00880601459942 56.51578482700978 67.93288863213876 44.53618108138121 59.15739516054792 59.39172825352526 67.21576060164539 40.860465190331645 20.118862841897265 29.222786175661522 50.774876534710536 30.351997612699744 0.0 26.50003031536 98.86788363904776 59.12039097928845 50.50659382064171 14.972885761295911 56.0681038735107 78.72426714479694 48.39251144690899 47.291346068013326 57.392187889840336 72.82066026902541 56.224203547423805 93.76921884210589 8.479679204608946 66.9802843011512 23.43420516922841
61.00607713090953 24.19246953511286 7.140139894599222 45.37435785214127 38.85357485512185 18.78629845042739 15.13418692956239 34.55624758092593 15.491214142695286 31.60716233630145 17.614999012121793 2.845226392315494 74.82760826835028 16.489649847368238 20.42764979548766 31.3733232650971 24.827640257363086 72.56297747599876 27.061012439377865 31.209626022834026 44.80222422536429 18.053705853403887 34.000883828152936 49.64210773899927 45.526826616396086 19.682905767808702 21.17416637958184 5.732342979068007 26.881069719723534 26.866756285946213 26.50003031536 0.0 72.80001612814604 33.31089247554714 24.31282807693567 30.13134380696327 31.25357023333329 58.47907521135173 22.861002504944043 23.83504077588248 32.37575367788064 47.17799437295872 29.90096145575374 68.45366749862595 20.0704480088485 53.99488696070911 4.33926193318666
11.81220149087166 50.22001849485369 79.75232715920546 92.29770190629048 53.28337356021069 69.2094793502865 87.59373022383893 38.4081318360494 64.69833200652171 94.43491984863171 90.37039594432309 75.49927840572687 2.1339197942352057 66.58602909596807 53.28337356021071 101.86355872706385 53.35921266811066 19.09895194813383 45.86439880284662 42.642484795082204 37.057081985273655 55.02932579286971 40.234860398887726 91.07673981354719 41.59354819610672 68.03392645611358 90.7428561326498 71.9329750924529 58.36157139742842 90.21712672643393 98.86788363904776 72.80001612814604 0.0 46.83972314718459 51.717644999085415 101.91827397191516 52.79968790235734 42.65626125831941 50.51578679056722 61.16574485323132 51.31921934237031 39.95904888945453 46.201476891773495 10.90383097103689 91.28107648426804 65.66823255741939 75.44900370952165
36.314796689575466 10.971436761508318 40.22708425797902 46.456249670164325 44.1824553040772 23.066418418508047 45.56203264969935 15.075089476251334 20.073212566112833 47.895717351709955 49.82654118122 36.10917764687709 48.516358356541154 21.226377535013505 23.497906599846647 57.11337506953514 8.558650700657681 54.23105494277886 18.642460189889054 22.666883971258518 37.014627152244216 17.644464917814364 24.09246633740589 46.410761686889124 41.538753628636634 21.757719795026475 46.1965255700416 29.90100187243536 11.533090665460444 43.92363740546139 59.12039097928845 33.31089247554714 46.83972314718459 0.0 9.327078790934996 58.12073939729677 6.14935549375924 53.982402170679585 21.712582825063446 14.539245684872453 4.881443164817111 13.875383775482009 5.767651907187375 46.7990685728798 53.35414199658766 63.380662227037675 37.314612359627716
40.37327196673407 3.1295980560224055 31.353291651743945 45.766605972114235 38.187057180762075 17.891207084199134 37.410196347917854 14.586307594016079 12.983893021329221 43.09169092672147 41.298015101055164 27.144509551429895 53.58078550544112 14.925059999846479 15.487046389498145 50.33690645321649 3.129598056022494 56.08351925483497 13.164804345571067 18.380211318952448 34.291345438181736 8.524152290022759 20.65214254995192 47.01933542202287 37.908796398272315 16.904164113792316 39.23559971165512 21.484725854039844 10.663353332098417 38.68508073594842 50.50659382064171 24.31282807693567 51.717644999085415 9.327078790934996 0.0 50.80536832702381 10.083828408120977 51.12011833894618 14.408811141026183 11.4588956101623 10.358936198618496 23.10655939214556 5.826729306564254 49.795917824704375 44.38098793966545 57.22286463463057 28.185907525465385
90.23834685379794 51.84116885787057 24.330294106208154 41.12273634137504 67.00709423686989 35.700485301392234 15.083255900338571 63.53145806554691 38.14222321866433 19.953848534281665 15.349941121814906 27.894820594210618 103.87754634873049 36.91371129052756 50.5414371524294 4.822840931386781 49.94191786841059 102.67249193545511 56.8076844437652 61.24657000457368 74.80488023048743 46.98292613153606 64.06123197645688 47.49872782372584 75.12058051774369 37.11796916171251 12.10803051917281 30.001893610600543 47.916390664191916 19.519706908661224 14.972885761295911 30.13134380696327 101.91827397191516 58.12073939729677 50.80536832702381 0.0 53.78525270570368 87.6128478360848 52.895718197669034 44.380336360996 55.27739385950421 70.95856231701053 56.61000530126998 98.29340613522209 20.837312892047315 78.87174084563634 29.040754047103096
42.416699994439256 12.90014711836641 37.79426510862512 40.30973724595253 47.85714643196754 18.17407637182703 42.082605005452216 20.51685569990613 16.550189614110643 42.36610034359733 46.73976232572026 33.92250860166635 54.43388245266691 17.07135835388872 25.566879697361472 52.42509941154066 7.521208473361669 60.35965485863939 22.33560269798257 27.027429562144878 42.16354240470761 18.349205875189476 28.831132338295717 40.361287701740395 46.38032999784468 16.784833305640916 41.72389520790722 27.04918431119285 5.992604956978662 38.58733649224259 56.0681038735107 31.25357023333329 52.79968790235734 6.14935549375924 10.083828408120977 53.78525270570368 0.0 59.164923768450265 24.358637093319317 9.435751103588549 1.5546107235323472 17.175073016428346 10.054401131168772 52.94579750187849 50.9554847218969 66.99710000000408 35.48309180048829
36.30980979584699 48.05027522339449 63.33499101562824 96.41010155486799 21.172184113364107 66.57847256576036 72.69294160818728 38.91444023971563 60.22811075673984 88.90836944784596 72.79243010903703 60.170014350707405 44.420790392685646 62.815915317917884 40.12932906372369 89.57306239085248 54.19726870541573 27.38210217035144 38.12104890783182 32.75880494654997 17.00183539908471 47.37576367487223 30.513915548152518 98.09326482732367 13.495836648363928 66.11710679814566 79.65288523971071 61.11679708890481 61.7188662742524 84.07172757336062 78.72426714479694 58.47907521135173 42.65626125831941 53.982402170679585 51.12011833894618 87.6128478360848 59.164923768450265 0.0 39.017113942570475 62.40347367264609 58.4474138812864 58.469356233452366 49.11080496131966 31.93506596557708 70.24551744738125 24.138974080658045 58.67126917075249
38.71211388763417 11.4588956101623 29.507077527197072 57.60968807026953 23.917990516882174 27.581622536448673 37.985315008225186 13.745084955279438 21.214842247721666 50.50283670755034 40.12407051942555 25.376308960064286 52.592263338950744 23.805598884562862 2.845226392315494 53.73993346578366 17.420887615859012 49.79991762281193 5.01829590609575 8.353757671255668 23.25640373991414 8.400712500752187 11.1665469280548 59.76019614307436 25.521298338778518 27.179966163274816 42.94685193380708 23.546354944742497 24.65221725681068 45.713159689401934 48.39251144690899 22.861002504944043 50.51578679056722 21.712582825063446 14.408811141026183 52.895718197669034 24.358637093319317 39.017113942570475 0.0 24.382538193983407 24.372949151680544 33.486599733799785 15.998055684557364 45.627517569290994 40.77328707254738 42.84486881963399 25.042127858173387
50.3032169681251 14.408811141026183 29.76238147284362 34.307896397047266 48.205046267889976 8.738848146317984 33.096797436101234 25.753075188729607 8.349323277448258 33.370632371472716 37.99930096194926 26.25653009943997 62.89696830062835 8.045566152763614 24.53861481604725 42.990432209723345 8.635087186961902 67.07394716694277 24.289242077039514 29.65244108662178 45.67082848655745 16.389835834627444 32.036447596069195 35.69282939395221 49.079061432699994 7.355726791846834 32.30400593018237 18.899239275558212 3.5565329903929532 29.390366860036128 47.291346068013326 23.83504077588248 61.16574485323132 14.539245684872453 11.4588956101623 44.380336360996 9.435751103588549 62.40347367264609 24.382538193983407 0.0 10.959578662760961 26.58621972518577 15.512985031355443 60.3218317713753 42.758918422685696 66.82917799288502 28.173027937071474
41.00516333608585 12.96681017387103 38.99805110019265 41.625177358233834 47.644348012294735 19.697873198691475 43.461275620726425 19.651737560580088 17.88139715493985 43.918358567973925 48.062948091204184 35.07486657610417 52.941541689468615 18.504544073923537 25.738676872492213 53.94921098482008 8.130172379465177 59.0989989683456 22.048734459154698 26.560738731888023 41.449159477465486 18.802885981023785 28.245654619285474 41.52935792594444 45.78450017830827 18.3137680996123 43.22574048116657 28.304866004029535 7.541471421474027 40.141683668294725 57.392187889840336 32.37575367788064 51.31921934237031 4.881443164817111 10.358936198618496 55.27739385950421 1.5546107235323472 58.4474138812864 24.372949151680544 10.959578662760961 0.0 15.699122149989647 9.431057355906958 51.596269654946504 52.16827079937257 66.81840771481438 36.57176524598184
31.749251573600944 24.230539603280626 54.061070772650005 52.962903749975155 53.229763265239896 35.30744442427466 59.051663313691414 22.275867445562636 33.43728582680224 58.748377291538056 63.502968239793304 49.96886634327912 41.21938946231734 34.19445178882021 35.761426518505225 69.53073989122097 22.36991324914483 51.828716995820926 29.308969335916974 31.621458748092024 42.434430752716835 31.095093086808614 31.955239909694853 51.263620210207606 47.758160232645885 33.904044015224514 58.88977235865706 43.610391417987294 23.071315027656873 55.27700311129897 72.82066026902541 47.17799437295872 39.95904888945453 13.875383775482009 23.10655939214556 70.95856231701053 17.175073016428346 58.469356233452366 33.486599733799785 26.58621972518577 15.699122149989647 0.0 18.285516049099776 43.0534372721487 67.20561911268231 72.0522783386637 51.18979291799293
35.032302252434185 5.992718604012145 36.9932017992249 49.31358336322857 38.48816101651094 23.04948481531877 43.22552933617047 10.646607023432287 18.64830990870452 48.315944242093785 47.04942689543189 32.743902839252996 48.02541580947013 20.404478434235536 17.904721804508977 56.07260044642272 7.183863125658513 51.58985908486099 12.902264698473378 17.156950633996654 32.10971410396643 12.861369406453436 18.818199661324783 49.91715172179392 36.36270315426332 21.926158221069624 44.98745546556986 27.28819995841731 13.513118635625293 44.029361820413264 56.224203547423805 29.90096145575374 46.201476891773495 5.767651907187375 5.826729306564254 56.61000530126998 10.054401131168772 49.11080496131966 15.998055684557364 15.512985031355443 9.431057355906958 18.285516049099776 0.0 44.836821883869874 49.93141381597393 57.687251270669385 33.64042870756908
11.315600809119038 47.7473065322576 75.1249137579794 93.21416992261912 44.31987255068569 67.67974207215474 83.53582274287213 35.433201821525245 62.4918608485473 92.8747586027476 85.72690375438079 71.002565722354 12.524902570253778 64.64775988628308 48.21240830886731 98.73738705610418 51.9542682590211 9.508629853746143 41.488221948325005 37.33398170617311 28.452263923146457 51.453047312357825 34.63096830099906 92.74758854855163 32.31066003728705 66.64620958253997 87.69660763759781 68.41231853212592 57.9636705306995 88.40715794474441 93.76921884210589 68.45366749862595 10.90383097103689 46.7990685728798 49.795917824704375 98.29340613522209 52.94579750187849 31.93506596557708 45.627517569290994 60.3218317713753 51.596269654946504 43.0534372721487 44.836821883869874 0.0 85.83193724554565 55.33064939956651 70.60521101598717
79.4827053832771 44.14048842040084 13.172877067596136 54.36877632556749 49.11965389173416 35.80427750624314 12.701803855494191 53.710462260652484 34.57789466703774 34.74399964875773 7.376050138309786 17.25047868479805 93.36219871215768 34.80364118250529 37.99774722446693 24.821067053947836 44.83654115021409 88.70041871536766 45.53649858152028 48.731744518459855 59.63447971804958 37.70437419933344 51.30419901325519 60.019462890544574 58.79569836979768 37.05584948840444 21.299697104641833 23.948194261131245 46.092774664352255 31.54190476815536 8.479679204608946 20.0704480088485 91.28107648426804 53.35414199658766 44.38098793966545 20.837312892047315 50.9554847218969 70.24551744738125 40.77328707254738 42.758918422685696 52.16827079937257 67.20561911268231 49.93141381597393 85.83193724554565 0.0 58.87080266032542 16.36005175580985
57.535584133997 54.19249327456602 56.378650332165066 97.92287928572357 19.199522543683013 67.98416159595955 65.28408065367331 49.90698918408575 61.792689122678944 85.52842762915066 63.53153121431677 54.60838613064055 67.57455826128309 64.26047497078278 42.306079721391576 81.93590217612237 60.2627645853383 51.50749630884332 44.80661482757453 40.91381514288896 31.51623354837056 50.44179798723819 40.14895414229195 101.07552365431647 25.898727057433355 68.02710197396013 73.844564137683 58.46030232605679 67.44478051242567 80.83692756822362 66.9802843011512 53.99488696070911 65.66823255741939 63.380662227037675 57.22286463463057 78.87174084563634 66.99710000000408 24.138974080658045 42.84486881963399 66.82917799288502 66.81840771481438 72.0522783386637 57.687251270669385 55.33064939956651 58.87080266032542 0.0 52.38359359204881
63.636945718622975 27.803958719129994 4.720887649394238 48.46886269635017 38.40375680228585 22.954369747615974 14.02662468475577 37.511169950727854 19.830286000945275 33.275680415845756 15.138366975664676 2.5848420677142827 77.5048145739998 20.795551141249135 22.395800719682644 30.924375118852655 28.901068797907598 74.24137674531899 29.584710300639504 33.273381637036486 45.88226614313657 21.348290693577635 35.984299459818466 53.01687687420128 46.08033895735036 23.907011608130745 21.612119419852938 9.830983952782399 31.20206859500126 28.705371670850734 23.43420516922841 4.33926193318666 75.44900370952165 37.314612359627716 28.185907525465385 29.040754047103096 35.48309180048829 58.67126917075249 25.042127858173387 28.173027937071474 36.57176524598184 51.18979291799293 33.64042870756908 70.60521101598717 16.36005175580985 52.38359359204881 0.0
