0.0 27.21335983987025 94.81333883657513 36.410937193111565 6.876093984208913 63.31730487224617 68.98348519431194 22.53442796716595 47.96016259092599 20.712724879837562 54.5502701067367 60.7593448632986 33.183037902792265 64.04369120399554 23.485726083762707 18.877091594295443 51.40914137079577 50.29317271313901 25.6800566123688 40.22860510481904 5.619252062542847 26.407681169651504 93.09928427148483 41.487333933732565 11.192512031991338 51.65675805680663 68.10371178219013 34.81214687345302 30.654224397806352 21.71711279593627 53.2156463846608 60.6936323570709 31.895572771240374 46.04134583840111 28.52103284386067 44.24810613925544 46.691973518695555 53.163997245766275 32.58308131889279 51.15948721810606 47.839110425221655 54.54613198154238 45.241309530534345 28.218369744641635 69.97918327929187 60.67357431756857 59.439692765072536 21.58162869179009 23.168848811654293
27.21335983987025 0.0 68.139085827242 15.31862324449156 25.52090561183972 36.822923478939686 41.82635480352409 44.14048842040084 62.9658026612465 12.859065171977447 27.75007633685429 35.72381178274544 47.87911143951754 49.04178548410459 41.42445399158568 22.233124773379025 34.52958051537314 23.611385402344208 5.683487257583002 17.102318136176354 28.90106879790757 1.8777588697442682 66.51895205988835 18.919511573407462 24.216589099610843 24.597539232782633 40.89082301894762 11.91486686249677 35.833957981436164 6.401759382708446 26.366076421680756 35.88026429246672 41.68268546117186 33.84342751407473 44.25549350460529 23.263769513285325 33.19563058038332 27.38073713620293 9.388791909889546 23.977101306200915 35.614657804463704 32.07045726161544 26.295653120507787 1.5542699114761422 43.2548857906429 34.37755515180982 35.3105739283616 9.760970273587738 13.295989378252601
94.81333883657513 68.139085827242 0.0 66.83144591561395 91.4559002192811 31.49952718192573 27.55019995843455 106.3618982726133 114.17404332042234 75.29877449854258 45.3926266378272 35.5512680627259 103.03494137956513 57.12720386794533 101.44845931187268 82.3993197983568 55.580035916403325 44.5814526001821 69.1597618489223 62.71850123293619 95.19982551930556 69.37843697980945 2.1339197942352057 62.962939519429966 88.5364983527176 43.66808999994322 29.778921113297503 60.46834759873612 87.29782537511686 73.11201844173581 46.18222469387806 35.96860739872045 94.45481797903662 64.42565062157051 101.56861082702238 53.96374397897582 62.330730651513726 41.87751206754295 62.43423433430179 45.84182809454767 64.10209007674638 44.6887943710283 55.51607280262231 67.48338871728807 24.88668373492927 34.19594778713578 52.860803273208276 73.59604021011826 73.39188118161422
36.410937193111565 15.31862324449156 66.83144591561395 0.0 37.17744567637322 37.997460570285234 39.282378693992584 56.688629134799086 77.55922428388175 27.829897140337582 21.693082611458152 40.233858974640505 62.26961297295913 60.71531777838961 54.93091506778564 36.90390930388494 46.34236911395601 26.240868921335128 20.99500315178329 4.354835047459017 39.852751359849485 14.24157030804833 65.56946747768487 5.135310935236716 37.17506415270932 25.136901538530413 37.264677216815485 24.16587837209375 51.0221031715285 20.743962099741744 20.736889730768354 40.7310394886461 56.60713828467808 47.51687264320964 58.35160279437305 34.097100992068924 46.51042066251046 31.705206595576175 22.360132232096976 21.331585384062873 49.15839278388615 40.27523417412593 37.95692377906109 13.817016679885054 43.04725306196498 36.41555023907149 23.07344588537465 24.742492742382105 28.563527978948617
6.876093984208913 25.52090561183972 91.4559002192811 37.17744567637322 0.0 60.0219933196855 66.45415217606882 19.562290629826908 43.107841721887894 16.224024982243304 53.27053753847756 56.70759309336179 27.901615269549083 57.77480220268928 18.820793134836034 12.341335310893772 45.59426993086907 47.329946580279035 22.648657946333348 40.56374808466026 3.778144593568376 25.175503084569666 89.66310151419235 42.041544398413734 4.409964359295057 49.079141132367845 65.87672399746083 30.997638079697733 23.857102975784155 19.325924796560713 51.8842975786965 56.553053458861235 25.580254660073663 39.73864812971588 23.35476745681135 39.4267141431758 40.52413295217837 49.585584974394415 29.050537294020057 49.28921690514081 41.50061473514232 49.77973007814182 39.959996966073945 26.787477010866038 66.81573763471206 57.26940319544027 59.7497542386084 17.91536426338219 18.379865118059477
63.31730487224617 36.822923478939686 31.49952718192573 37.997460570285234 60.0219933196855 0.0 9.992406643942338 75.58851714043696 86.25055952104962 43.93174388972458 19.556735401182955 8.36841477303136 73.72786725868941 38.97396985814037 71.0225082516414 51.46093683451834 30.459648608587063 13.217267619228574 37.66037822549758 34.427915204922584 63.751922634100445 38.16467764183502 29.787508288273692 35.23342367013384 57.2302443728628 13.019746172786865 12.140014663818192 29.09862061722547 58.186771962943425 41.62602347249466 19.553000722976694 9.305911172905555 65.40400019221156 38.217388249986776 71.71795270809615 24.314670093004725 36.114413709149744 10.650594481337595 30.973945758386716 16.92745023634607 38.570845674629055 17.79739240980613 27.036947203127347 36.277921512329414 6.881252613037586 2.9141714182645435 32.68938237499715 42.130432250603356 42.13372496169909
68.98348519431194 41.82635480352409 27.55019995843455 39.282378693992584 66.45415217606882 9.992406643942338 0.0 83.1328068475089 95.33345408069783 50.797021071398085 17.941250852319076 18.29884271041483 82.33568189629945 48.72619097013924 78.93299179108887 59.02469312483106 40.41620841031265 19.344637729210202 43.805889898152266 35.17394237320813 70.08691105666676 42.84938221114196 26.333734625347 35.46255216204652 64.09360588576621 17.382469986397474 3.2391268252229777 36.27787245699675 67.00637435808255 47.38086787618768 18.657519856504184 19.218433837132164 74.18987451031458 48.00935339157969 80.03924695048195 33.45507898853844 45.92549671435018 19.20527814812534 37.72418091004767 18.488291887280745 48.43865022431734 27.755683220439757 36.54275199115666 40.970211128647406 6.928288821900628 12.496932223335993 27.81227087402406 48.61324895069825 49.30602471918605
22.53442796716595 44.14048842040084 106.3618982726133 56.688629134799086 19.562290629826908 75.58851714043696 83.1328068475089 0.0 26.670966411941922 32.60588548864762 71.59236944495063 70.85002306301882 14.378519589975532 63.77046121368479 6.252740397358906 24.148226253333455 54.80107378146322 63.78950864719548 40.224351556664004 59.957581114805905 17.49477515831831 44.101009080877425 104.43365886298247 61.48939736450794 19.926236007443496 66.04039097889256 82.98340791641029 46.85644188505084 23.08128209697148 37.74534516154115 70.17893635049631 70.49855260785557 18.82849529337591 46.85967088776548 10.538072302880739 52.5105011430992 48.38059058519395 64.93816210445283 45.500688829840065 67.09834234357356 48.21125907126328 62.412295266240534 51.63668307322706 45.540631331861675 82.46958730855994 72.708543514477 79.04406282078047 35.206728795250896 33.856136566163684
47.96016259092599 62.9658026612465 114.17404332042234 77.55922428388175 43.107841721887894 86.25055952104962 95.33345408069783 26.670966411941922 0.0 50.113172734266264 87.85541189720033 79.58063248896104 15.409441324019529 61.75952748019801 24.48749957339858 40.75323476696294 58.66727649544992 76.91178377020358 57.77955871400408 80.00365644056872 42.41607246194152 63.57797853348052 112.0862715470513 81.76525151261231 41.32183190720925 79.86308759784146 96.03449666857018 60.99743264869221 28.559505587902027 56.92082750959998 86.45009039469883 78.95583536482566 21.65851011201991 49.782002872857646 19.77495775739325 61.96151998798538 51.858583582126535 76.1326912974956 60.67467866713551 82.48232074194662 50.25441701101406 69.8012436549656 59.36389362467493 64.51303435302884 92.82450024596132 83.37187776342931 97.99939042622475 53.20513691952464 50.08977067683407
20.712724879837562 12.859065171977447 75.29877449854258 27.829897140337582 16.224024982243304 43.93174388972458 50.797021071398085 32.60588548864762 50.113172734266264 0.0 39.16708221875283 40.48905205283948 35.0840151130731 44.90395942293869 29.170189491509603 9.434022031216386 31.37663878275886 31.49814842980096 7.849257465302369 29.943553438049726 19.997530065538175 13.611410372916676 73.48705327656481 31.740084346678817 13.328291442351386 33.54204056668491 50.47916827848674 14.838172350229247 23.228935144797337 7.175092296461184 37.74615537583184 40.345897201237115 28.847006474135434 27.461834357268554 31.59811932704544 23.53775354612362 27.60760759084191 33.42204996963276 13.084834408574803 34.50892535210464 29.333006392540106 33.85129447960847 24.6532009902961 14.410116377055067 50.76428322430295 41.14416747309165 48.00894920978531 3.1069835344517496 2.5950854428991788
54.5502701067367 27.75007633685429 45.3926266378272 21.693082611458152 53.27053753847756 19.556735401182955 17.941250852319076 71.59236944495063 87.85541189720033 39.16708221875283 0.0 25.18046699532702 73.53004691020803 53.356605101036855 68.33113518185958 48.368848669349255 41.1223592596245 14.165617811603605 31.398088266576142 17.44426950708846 56.63051899713926 28.236454828319918 44.24899468362946 17.575601734717626 51.76231896408469 10.84670915603723 15.649819213204422 26.918912076078843 59.40399526457537 34.015516601656735 1.4226131961563322 26.002366731851243 66.19967280946268 46.22468961848899 70.46364496173271 30.127417187677462 44.47167206477781 19.015476453728038 27.211545339578674 5.892116706952868 47.297414259185594 30.298257127328515 34.25785419013182 26.523406653645164 22.805885033194656 19.237727350766605 14.318993824636857 36.41202806711318 38.415677317446026
60.7593448632986 35.72381178274544 35.5512680627259 40.233858974640505 56.70759309336179 8.36841477303136 18.29884271041483 70.85002306301882 79.58063248896104 40.48905205283948 25.18046699532702 0.0 67.72956815984323 30.640522184632392 65.89722978563671 47.0024420560481 22.483479669213917 14.001526956999998 35.28274544826791 37.27370305938277 60.48380206962032 37.32496253847056 33.59601358260718 38.428035203975874 53.485864776453234 15.747057916718816 20.500778888742612 25.947829025483976 52.0261220983518 39.51572350970189 24.770921138115096 0.9496041659486893 59.23008497789018 30.64389068115945 66.09097286313455 18.41495672577438 28.514325820519726 8.65710572546147 28.243719163726627 20.964823542595553 30.816363189346102 9.978095558522458 20.269311836791232 35.526551064249524 13.646475002745051 6.601444821948935 39.197796593867956 39.19014705870468 38.37945458055981
33.183037902792265 47.87911143951754 103.03494137956513 62.26961297295913 27.901615269549083 73.72786725868941 82.33568189629945 14.378519589975532 15.409441324019529 35.0840151130731 73.53004691020803 67.72956815984323 0.0 54.78720490081768 9.988171910265008 25.656540959385502 48.540623297899295 63.4166954523093 42.85990643304282 64.83003597857255 27.570430307676958 48.39744944379586 101.00129238869775 66.56515998549797 25.92738421568237 66.17796656744184 82.74795853216855 46.950356249213435 15.737686813308095 41.72712251750844 72.11256739650446 67.20719416031106 8.66036466078739 39.817288862550214 4.675203680560159 49.51172105579454 41.70056647300651 63.2894945467866 46.33939952519782 68.35663568861872 40.75069108491883 58.34725552310731 47.53525166442659 49.41567408509861 80.48495178374253 70.81623393439541 83.08934323429852 38.14355474182613 35.29930574297514
64.04369120399554 49.04178548410459 57.12720386794533 60.71531777838961 57.77480220268928 38.97396985814037 48.72619097013924 63.77046121368479 61.75952748019801 44.90395942293869 53.356605101036855 30.640522184632392 54.78720490081768 0.0 57.63197409329702 45.456191382186965 14.5383123770954 39.35793147822273 45.01498611701809 59.47829620899004 61.10256546390116 50.90889224293486 55.001792500537405 61.164316176484995 53.444612463835874 42.54059738138079 51.11098071320681 37.34380239592889 40.77310308037384 48.766702111220276 52.508868950080966 29.69301818162254 46.52458699602574 18.036594861804 55.30820426342674 26.6206359553491 17.39873587902242 34.379978189210014 39.719413321202595 47.88246978567718 16.298568395125955 23.070449480222397 22.91657844531917 49.83627247712138 43.02417623058572 37.12257750634005 67.64581558571938 45.80285676988102 42.330109729551275
23.485726083762707 41.42445399158568 101.44845931187268 54.93091506778564 18.820793134836034 71.0225082516414 78.93299179108887 6.252740397358906 24.48749957339858 29.170189491509603 68.33113518185958 65.89722978563671 9.988171910265008 57.63197409329702 0.0 20.07068776150337 49.03827640740027 59.64668395019389 36.98794310009152 57.883976672357214 17.92876053735979 41.63433215701814 99.48740565780338 59.51931573754391 17.77809646849344 62.08556767270723 78.97218278227601 42.740109053558605 16.88385283689083 35.05316614824604 66.90947581385511 65.49731949992496 12.705470819412415 40.920994448897 5.390119851098139 47.48848556361935 42.50926697634334 60.38891037471671 41.63433215701814 63.55510931312353 42.21696455422774 57.171644011451185 46.32282548357482 42.90028640340494 77.89013494802306 68.12120503914262 76.68564665477278 32.014832328168815 30.036026556996323
18.877091594295443 22.233124773379025 82.3993197983568 36.90390930388494 12.341335310893772 51.46093683451834 59.02469312483106 24.148226253333455 40.75323476696294 9.434022031216386 48.368848669349255 47.0024420560481 25.656540959385502 45.456191382186965 20.07068776150337 0.0 33.617863533595575 39.69314908153298 17.25271362693445 39.25059328466232 15.66769124308261 22.829534586040293 80.50285617770773 41.01674608846456 7.988447832451438 42.05022885829681 58.96540958733243 22.754795676551595 14.976424449614195 16.186716859385893 46.94623547319293 46.712847168439716 19.751025435312382 27.420756792350033 22.189711324184312 28.898101967377208 28.272453415623634 40.81365833768051 21.566153752455605 43.502438771785954 29.17042405727325 39.1080131805299 28.71035969072257 23.774951523080723 58.34197523717733 48.58940694517502 57.442309203251455 12.487383692704922 9.977769659679874
51.40914137079577 34.52958051537314 55.580035916403325 46.34236911395601 45.59426993086907 30.459648608587063 40.41620841031265 54.80107378146322 58.66727649544992 31.37663878275886 41.1223592596245 22.483479669213917 48.540623297899295 14.5383123770954 49.03827640740027 33.617863533595575 0.0 26.97078329622976 30.67336913736641 45.32664495991025 49.155928489897356 36.40053806838855 53.47794847512241 47.06595707119478 41.45950813353916 30.35017475695861 42.16155777874107 22.805570761439732 33.05280178131218 34.56569577068146 40.09695543161439 21.668527814058805 39.88338006287876 8.89393202981965 47.89735738649588 12.316754915938475 6.872434905412883 22.937452516816993 25.188278829227343 35.35389735598376 8.558509334108157 12.662937229289613 8.408312347282129 35.3035120449883 36.11630261258092 27.95169761545236 55.13478564536362 31.893595347899648 28.78199934121155
50.29317271313901 23.611385402344208 44.5814526001821 26.240868921335128 47.329946580279035 13.217267619228574 19.344637729210202 63.78950864719548 76.91178377020358 31.49814842980096 14.165617811603605 14.001526956999998 63.4166954523093 39.35793147822273 59.64668395019389 39.69314908153298 26.97078329622976 0.0 24.75105693803535 23.305209205004168 51.01257158277724 24.948739329370273 42.92864315199716 24.52384215509922 44.81726687228926 3.4141980817570676 19.370132955061134 16.93933029241047 48.384982183084155 28.57606231226233 13.202883637716448 14.53535554724271 55.48191465013516 32.47714271930516 60.92248161634651 16.45536342155035 30.627295150496 5.703344981153407 18.4134630893485 8.526484473953253 33.42382500763569 16.43020627379727 20.419663208770338 23.06339925503543 19.703526561214304 10.89114168466617 28.33589966063817 29.424353842945845 29.963568861428932
25.6800566123688 5.683487257583002 69.1597618489223 20.99500315178329 22.648657946333348 37.66037822549758 43.805889898152266 40.224351556664004 57.77955871400408 7.849257465302369 31.398088266576142 35.28274544826791 42.85990643304282 45.01498611701809 36.98794310009152 17.25271362693445 30.67336913736641 24.75105693803535 0.0 22.588545013692404 26.29048290444832 7.0648064228845 67.43053459054549 24.439366223392653 20.53169210880963 26.430839538528513 43.26052046346714 9.536140317379994 30.304962509465337 4.3147074199702224 29.98020873116188 35.288535138154074 36.34032965812195 28.99256619051819 39.43690346221747 20.42692921888555 28.55213470023226 27.496753433387973 7.0648064228845 26.91731557595202 30.812481894019143 30.13331145182281 22.79697517371564 7.180766570370427 44.368763271337265 34.99725023085582 40.24176460266963 5.018190479268077 7.768430344614452
40.22860510481904 17.102318136176354 62.71850123293619 4.354835047459017 40.56374808466026 34.427915204922584 35.17394237320813 59.957581114805905 80.00365644056872 29.943553438049726 17.44426950708846 37.27370305938277 64.83003597857255 59.47829620899004 57.883976672357214 39.25059328466232 45.32664495991025 23.305209205004168 22.588545013692404 0.0 43.4076972673644 16.433602574596197 61.49675914719612 1.8986489038711423 40.22860510481904 21.805601098080093 33.0662871429248 24.02684755150359 52.88932873294745 23.102989302222085 16.54926756708715 37.83602138669221 58.782689219752854 47.310622388086095 61.061761271286265 33.009890051527904 46.13422244569608 28.925958064736996 22.60193151760037 17.56520948600434 48.86439626786013 38.221741674307104 37.04861242186847 15.548050305403246 39.194220966367425 33.03120239345998 19.246592644773635 26.837751456905625 30.338720191813486
5.619252062542847 28.90106879790757 95.19982551930556 39.852751359849485 3.778144593568376 63.751922634100445 70.08691105666676 17.49477515831831 42.41607246194152 19.997530065538175 56.63051899713926 60.48380206962032 27.570430307676958 61.10256546390116 17.92876053735979 15.66769124308261 49.155928489897356 51.01257158277724 26.29048290444832 43.4076972673644 0.0 28.433132194291016 93.4131107494521 44.81231567895489 7.706308185600524 52.70558890000123 69.45689264097022 34.75287108543879 25.70399943445758 22.82450737592386 55.255093589710754 60.33071509197552 26.439744417389193 43.073532893660825 22.912646381239774 43.187074787294684 43.93892012303938 53.33593205367456 32.77800158932308 52.78116258539527 44.806929627498825 53.53954772197876 43.66412501174495 30.10856985031722 70.53470438230563 61.0085030749878 62.64512438704159 21.626118598663474 22.156723608710582
26.407681169651504 1.8777588697442682 69.37843697980945 14.24157030804833 25.175503084569666 38.16467764183502 42.84938221114196 44.101009080877425 63.57797853348052 13.611410372916676 28.236454828319918 37.32496253847056 48.39744944379586 50.90889224293486 41.63433215701814 22.829534586040293 36.40053806838855 24.948739329370273 7.0648064228845 16.433602574596197 28.433132194291016 0.0 67.787214418065 18.187639825127476 24.192469535112863 25.747638505826522 41.79512977281565 13.789910435434289 36.780794870800335 6.671009946072199 26.877317742391366 37.50593802752414 42.44307073333981 35.614657804463704 44.660431211400734 25.134733990097963 35.00068108146654 28.911655483196732 11.26654895050945 24.777390435421026 37.39598888262649 33.87504339366612 28.172576637097777 1.8951345339905432 44.51133686215376 35.776928769853 35.057668746495644 10.512726485404869 14.355335873886535
93.09928427148483 66.51895205988835 2.1339197942352057 65.56946747768487 89.66310151419235 29.787508288273692 26.333734625347 104.43365886298247 112.0862715470513 73.48705327656481 44.24899468362946 33.59601358260718 101.00129238869775 55.001792500537405 99.48740565780338 80.50285617770773 53.47794847512241 42.92864315199716 67.43053459054549 61.49675914719612 93.4131107494521 67.787214418065 0.0 61.7945727336154 86.70221936783925 42.12297699422556 28.708645590244007 58.6669645778718 85.2636266216406 71.41346672556769 44.99121744850026 33.99285561119765 92.41370602149533 62.3294116167823 99.56527927748552 51.99895028787035 60.23718339601477 40.07760354736365 60.66542451710472 44.47288741200002 61.9951025027141 42.65439515409242 53.495473533469436 65.89296561736525 23.27644949507949 32.438896718653425 52.19709499717328 71.82550568132432 71.55386404907226
41.487333933732565 18.919511573407462 62.962939519429966 5.135310935236716 42.041544398413734 35.23342367013384 35.46255216204652 61.48939736450794 81.76525151261231 31.740084346678817 17.575601734717626 38.428035203975874 66.56515998549797 61.164316176484995 59.51931573754391 41.01674608846456 47.06595707119478 24.52384215509922 24.439366223392653 1.8986489038711423 44.81231567895489 18.187639825127476 61.7945727336154 0.0 41.825246776779444 22.824119190975182 33.22259680690478 25.89911165878358 54.73156681245316 24.84730080750962 16.808086831889604 39.019933749326874 60.58585161980638 49.15973988854854 62.76212613600784 34.75147676544732 47.9660065328814 30.18864717063349 24.49500082586796 18.308749604563268 50.7038448779802 39.723545992388004 38.81486560969945 17.366116519330777 39.75738144791461 33.964744795692575 17.960514737371582 28.633166657649074 32.17978435674691
11.192512031991338 24.216589099610843 88.5364983527176 37.17506415270932 4.409964359295057 57.2302443728628 64.09360588576621 19.926236007443496 41.32183190720925 13.328291442351386 51.76231896408469 53.485864776453234 25.92738421568237 53.444612463835874 17.77809646849344 7.988447832451438 41.45950813353916 44.81726687228926 20.53169210880963 40.22860510481904 7.706308185600524 24.192469535112863 86.70221936783925 41.825246776779444 0.0 46.791718389328814 63.70246701406077 28.13304808626342 19.947330989167927 17.826308435348434 50.35498220214095 53.28072260206186 22.457277206235663 35.40917699820037 21.6171810727621 35.84650771688197 36.244183826246086 46.680152007709445 26.407681169651504 47.44281956374255 37.15754871398719 46.17909299397277 36.11554871840839 25.614638847718908 64.07418318590535 54.425771530076155 59.201263019331186 15.561171031023232 15.149315886953975
51.65675805680663 24.597539232782633 43.66808999994322 25.136901538530413 49.079141132367845 13.019746172786865 17.382469986397474 66.04039097889256 79.86308759784146 33.54204056668491 10.84670915603723 15.747057916718816 66.17796656744184 42.54059738138079 62.08556767270723 42.05022885829681 30.35017475695861 3.4141980817570676 26.430839538528513 21.805601098080093 52.70558890000123 25.747638505826522 42.12297699422556 22.824119190975182 46.791718389328814 0.0 16.94525639074315 19.36869112866984 51.30930814739886 30.01102990347242 9.970506388558995 16.420396044851778 58.35720546997092 35.880216568594285 63.55482066835821 19.836094587368205 34.03747570669944 8.343916381273287 20.53970375306381 5.4693126109220165 36.83603153949124 19.513548870213985 23.825980419494336 23.853636927999023 18.8749564659424 11.278649275933807 25.105394323548158 31.270026217317135 32.18816797846274
68.10371178219013 40.89082301894762 29.778921113297503 37.264677216815485 65.87672399746083 12.140014663818192 3.2391268252229777 82.98340791641029 96.03449666857018 50.47916827848674 15.649819213204422 20.500778888742612 82.74795853216855 51.11098071320681 78.97218278227601 58.96540958733243 42.16155777874107 19.370132955061134 43.26052046346714 33.0662871429248 69.45689264097022 41.79512977281565 28.708645590244007 33.22259680690478 63.70246701406077 16.94525639074315 0.0 36.232209157702506 67.58573583647077 46.657179422195235 16.528445102364888 21.442031954621623 74.72911633243953 49.44870915190455 80.29205064623065 34.425602721367326 47.3965685653794 20.16444678221922 37.48347319497878 17.085990100780055 49.98419468642265 29.55980069142417 37.75006568288294 39.939302354711685 10.121967630960977 14.273911696259109 24.6871062700629 48.15649123405815 49.12863012586968
34.81214687345302 11.91486686249677 60.46834759873612 24.16587837209375 30.997638079697733 29.09862061722547 36.27787245699675 46.85644188505084 60.99743264869221 14.838172350229247 26.918912076078843 25.947829025483976 46.950356249213435 37.34380239592889 42.740109053558605 22.754795676551595 22.805570761439732 16.93933029241047 9.536140317379994 24.02684755150359 34.75287108543879 13.789910435434289 58.6669645778718 25.89911165878358 28.13304808626342 19.36869112866984 36.232209157702506 0.0 32.49666337904905 13.849475273715464 25.52954704671347 25.897057113315473 39.36394859280157 23.371695707239525 44.2106294639502 11.360325159128372 22.347588162428735 18.591456011542576 2.6029931136066633 21.48647208710825 24.995087770204165 20.64964505824201 14.466261914049948 12.542198064941179 35.94167566941942 26.30601316792132 38.416648265590254 13.258112158734853 13.085203980192594
30.654224397806352 35.833957981436164 87.29782537511686 51.0221031715285 23.857102975784155 58.186771962943425 67.00637435808255 23.08128209697148 28.559505587902027 23.228935144797337 59.40399526457537 52.0261220983518 15.737686813308095 40.77310308037384 16.88385283689083 14.976424449614195 33.05280178131218 48.384982183084155 30.304962509465337 52.88932873294745 25.70399943445758 36.780794870800335 85.2636266216406 54.73156681245316 19.947330989167927 51.30930814739886 67.58573583647077 32.49666337904905 0.0 30.394198415579993 58.00737879511102 51.491296297367406 7.22033595948568 24.525934677773265 14.881463622272214 33.89898807454803 26.290589142869557 47.8577019463085 32.329242739597355 53.96340057332399 25.660202304824306 42.609722675187435 31.806209146815732 37.38197833085404 64.8961443383014 55.282112006776494 70.09159204893021 26.290589142869507 22.55179391178707
21.71711279593627 6.401759382708446 73.11201844173581 20.743962099741744 19.325924796560713 41.62602347249466 47.38086787618768 37.74534516154115 56.92082750959998 7.175092296461184 34.015516601656735 39.51572350970189 41.72712251750844 48.766702111220276 35.05316614824604 16.186716859385893 34.56569577068146 28.57606231226233 4.3147074199702224 23.102989302222085 22.82450737592386 6.671009946072199 71.41346672556769 24.84730080750962 17.826308435348434 30.01102990347242 46.657179422195235 13.849475273715464 30.394198415579993 0.0 32.618157326544846 39.54139279860459 35.86338686712876 32.23163648807204 37.998135588591396 24.669304469581945 31.98079835888817 31.61196232344489 11.356880738750624 29.96754825898678 34.083585069121675 34.44201346456119 26.87258484976227 7.84933448115602 48.26500288515667 39.01591688640002 41.64153794482267 4.224704027986427 8.483399043188538
53.2156463846608 26.366076421680756 46.18222469387806 20.736889730768354 51.8842975786965 19.553000722976694 18.657519856504184 70.17893635049631 86.45009039469883 37.74615537583184 1.4226131961563322 24.770921138115096 72.11256739650446 52.508868950080966 66.90947581385511 46.94623547319293 40.09695543161439 13.202883637716448 29.98020873116188 16.54926756708715 55.255093589710754 26.877317742391366 44.99121744850026 16.808086831889604 50.35498220214095 9.970506388558995 16.528445102364888 25.52954704671347 58.00737879511102 32.618157326544846 0.0 25.566192895517396 64.79344100806986 45.04670727985704 69.04192708830743 28.96102454994181 43.31610413001685 18.252670498872828 25.798890995011888 4.750818199643628 46.14640716114916 29.481897340471008 33.114052377427996 25.15231258365194 23.197766604729935 19.02256928644852 15.14148420323304 34.99486541190519 36.99325902006256
60.6936323570709 35.88026429246672 35.96860739872045 40.7310394886461 56.553053458861235 9.305911172905555 19.218433837132164 70.49855260785557 78.95583536482566 40.345897201237115 26.002366731851243 0.9496041659486893 67.20719416031106 29.69301818162254 65.49731949992496 46.712847168439716 21.668527814058805 14.53535554724271 35.288535138154074 37.83602138669221 60.33071509197552 37.50593802752414 33.99285561119765 39.019933749326874 53.28072260206186 16.420396044851778 21.442031954621623 25.897057113315473 51.491296297367406 39.54139279860459 25.566192895517396 0.0 58.687657227261276 29.901143494578655 65.62191363086053 18.010629593940973 27.769258632032123 9.059200442652495 28.23455626735549 21.691770735243654 30.03866514319179 9.246985775022527 19.7010732276763 35.723345341704345 14.447786895749543 7.542402608779327 40.058643836946224 39.11427906935161 38.2009450246581
31.895572771240374 41.68268546117186 94.45481797903662 56.60713828467808 25.580254660073663 65.40400019221156 74.18987451031458 18.82849529337591 21.65851011201991 28.847006474135434 66.19967280946268 59.23008497789018 8.66036466078739 46.52458699602574 12.705470819412415 19.751025435312382 39.88338006287876 55.48191465013516 36.34032965812195 58.782689219752854 26.439744417389193 42.44307073333981 92.41370602149533 60.58585161980638 22.457277206235663 58.35720546997092 74.72911633243953 39.36394859280157 7.22033595948568 35.86338686712876 64.79344100806986 58.687657227261276 0.0 31.17941480945819 8.942013200646572 41.11923826846306 33.04857524361457 55.057802513919626 39.01641769125649 60.85006811599867 32.14976051129057 49.76788355990551 38.99309997287031 43.23671325777755 72.1163540114034 62.49847926447246 76.46637236261385 31.953928498616367 28.59303241455022
46.04134583840111 33.84342751407473 64.42565062157051 47.51687264320964 39.73864812971588 38.217388249986776 48.00935339157969 46.85967088776548 49.782002872857646 27.461834357268554 46.22468961848899 30.64389068115945 39.817288862550214 18.036594861804 40.920994448897 27.420756792350033 8.89393202981965 32.47714271930516 28.99256619051819 47.310622388086095 43.073532893660825 35.614657804463704 62.3294116167823 49.15973988854854 35.40917699820037 35.880216568594285 49.44870915190455 23.371695707239525 24.525934677773265 32.23163648807204 45.04670727985704 29.901143494578655 31.17941480945819 0.0 39.40732341520279 16.101102794700044 2.13391979423662 29.49557837816589 25.21299979632177 40.33432773624685 1.8719554115600892 20.665819161331726 12.061093294818841 34.9344848385794 44.26154223802827 35.52973743726157 59.64043450450237 28.79077846413379 24.959357633435996
28.52103284386067 44.25549350460529 101.56861082702238 58.35160279437305 23.35476745681135 71.71795270809615 80.03924695048195 10.538072302880739 19.77495775739325 31.59811932704544 70.46364496173271 66.09097286313455 4.675203680560159 55.30820426342674 5.390119851098139 22.189711324184312 47.89735738649588 60.92248161634651 39.43690346221747 61.061761271286265 22.912646381239774 44.660431211400734 99.56527927748552 62.76212613600784 21.6171810727621 63.55482066835821 80.29205064623065 44.2106294639502 14.881463622272214 37.998135588591396 69.04192708830743 65.62191363086053 8.942013200646572 39.40732341520279 0.0 47.72131498396696 41.16317209410626 61.168024795416486 43.394163627744824 65.44318275643487 40.52274274660514 56.974349345871325 46.09681182548687 45.77430757668681 78.5370191419591 68.80422812296302 79.55390367170224 34.59777237487761 32.06301135591772
44.24810613925544 23.263769513285325 53.96374397897582 34.097100992068924 39.4267141431758 24.314670093004725 33.45507898853844 52.5105011430992 61.96151998798538 23.53775354612362 30.127417187677462 18.41495672577438 49.51172105579454 26.6206359553491 47.48848556361935 28.898101967377208 12.316754915938475 16.45536342155035 20.42692921888555 33.009890051527904 43.187074787294684 25.134733990097963 51.99895028787035 34.75147676544732 35.84650771688197 19.836094587368205 34.425602721367326 11.360325159128372 33.89898807454803 24.669304469581945 28.96102454994181 18.010629593940973 41.11923826846306 16.101102794700044 47.72131498396696 0.0 14.358431111868775 14.281379433855975 13.938525663595671 24.23909919678095 17.192702957121316 10.353050002065029 4.230068289841964 23.807012260445216 30.99718291735201 21.422227927301638 43.67969740012723 23.020136158235125 21.138231098226342
46.691973518695555 33.19563058038332 62.330730651513726 46.51042066251046 40.52413295217837 36.114413709149744 45.92549671435018 48.38059058519395 51.858583582126535 27.60760759084191 44.47167206477781 28.514325820519726 41.70056647300651 17.39873587902242 42.50926697634334 28.272453415623634 6.872434905412883 30.627295150496 28.55213470023226 46.13422244569608 43.93892012303938 35.00068108146654 60.23718339601477 47.9660065328814 36.244183826246086 34.03747570669944 47.3965685653794 22.347588162428735 26.290589142869557 31.98079835888817 43.31610413001685 27.769258632032123 33.04857524361457 2.13391979423662 41.16317209410626 14.358431111868775 0.0 27.499221028063275 24.330461496598637 38.587919603783895 2.8389907775098155 18.536290735735225 10.222809624712328 34.21903924820099 42.135851017184756 33.43937955016617 58.008930669109496 28.719935343709867 25.057642280672276
53.163997245766275 27.38073713620293 41.87751206754295 31.705206595576175 49.585584974394415 10.650594481337595 19.20527814812534 64.93816210445283 76.1326912974956 33.42204996963276 19.015476453728038 8.65710572546147 63.2894945467866 34.379978189210014 60.38891037471671 40.81365833768051 22.937452516816993 5.703344981153407 27.496753433387973 28.925958064736996 53.33593205367456 28.911655483196732 40.07760354736365 30.18864717063349 46.680152007709445 8.343916381273287 20.16444678221922 18.591456011542576 47.8577019463085 31.61196232344489 18.252670498872828 9.059200442652495 55.057802513919626 29.49557837816589 61.168024795416486 14.281379433855975 27.499221028063275 0.0 20.61690619105907 13.810422017367635 30.18576579418751 11.3100788966995 17.62696084020856 27.079820894789293 17.531447807849027 7.7779280374129245 33.33260976792078 31.764660889829237 31.551933509916168
32.58308131889279 9.388791909889546 62.43423433430179 22.360132232096976 29.050537294020057 30.973945758386716 37.72418091004767 45.500688829840065 60.67467866713551 13.084834408574803 27.211545339578674 28.243719163726627 46.33939952519782 39.719413321202595 41.63433215701814 21.566153752455605 25.188278829227343 18.4134630893485 7.0648064228845 22.60193151760037 32.77800158932308 11.26654895050945 60.66542451710472 24.49500082586796 26.407681169651504 20.53970375306381 37.48347319497878 2.6029931136066633 32.329242739597355 11.356880738750624 25.798890995011888 28.23455626735549 39.01641769125649 25.21299979632177 43.394163627744824 13.938525663595671 24.330461496598637 20.61690619105907 0.0 22.050504540438006 26.899290572402094 23.22787544765938 16.91314782797905 10.117163122525305 37.76679182858013 28.238368002030047 37.98154555864124 11.161806211437417 11.652212127587365
51.15948721810606 23.977101306200915 45.84182809454767 21.331585384062873 49.28921690514081 16.92745023634607 18.488291887280745 67.09834234357356 82.48232074194662 34.50892535210464 5.892116706952868 20.964823542595553 68.35663568861872 47.88246978567718 63.55510931312353 43.502438771785954 35.35389735598376 8.526484473953253 26.91731557595202 17.56520948600434 52.78116258539527 24.777390435421026 44.47288741200002 18.308749604563268 47.44281956374255 5.4693126109220165 17.085990100780055 21.48647208710825 53.96340057332399 29.96754825898678 4.750818199643628 21.691770735243654 60.85006811599867 40.33432773624685 65.44318275643487 24.23909919678095 38.587919603783895 13.810422017367635 22.050504540438006 0.0 41.415700433207455 24.913296194137118 28.37880489259367 22.94434856096873 21.718453293283 15.808693089663251 19.826395383949485 31.91936514052349 33.52529800530227
47.839110425221655 35.614657804463704 64.10209007674638 49.15839278388615 41.50061473514232 38.570845674629055 48.43865022431734 48.21125907126328 50.25441701101406 29.333006392540106 47.297414259185594 30.816363189346102 40.75069108491883 16.298568395125955 42.21696455422774 29.17042405727325 8.558509334108157 33.42382500763569 30.812481894019143 48.86439626786013 44.806929627498825 37.39598888262649 61.9951025027141 50.7038448779802 37.15754871398719 36.83603153949124 49.98419468642265 24.995087770204165 25.660202304824306 34.083585069121675 46.14640716114916 30.03866514319179 32.14976051129057 1.8719554115600892 40.52274274660514 17.192702957121316 2.8389907775098155 30.18576579418751 26.899290572402094 41.415700433207455 0.0 20.86380904043105 13.0411190353718 36.68564041552796 44.46139355679704 35.94219156542867 60.847839747794985 30.658426657184503 26.831301404817133
54.54613198154238 32.07045726161544 44.6887943710283 40.27523417412593 49.77973007814182 17.79739240980613 27.755683220439757 62.412295266240534 69.8012436549656 33.85129447960847 30.298257127328515 9.978095558522458 58.34725552310731 23.070449480222397 57.171644011451185 39.1080131805299 12.662937229289613 16.43020627379727 30.13331145182281 38.221741674307104 53.53954772197876 33.87504339366612 42.65439515409242 39.723545992388004 46.17909299397277 19.513548870213985 29.55980069142417 20.64964505824201 42.609722675187435 34.44201346456119 29.481897340471008 9.246985775022527 49.76788355990551 20.665819161331726 56.974349345871325 10.353050002065029 18.536290735735225 11.3100788966995 23.22787544765938 24.913296194137118 20.86380904043105 0.0 10.881591420283891 32.3030947166183 23.607776869819393 15.310086272699628 44.603041716760345 33.173713741281546 31.47854872873198
45.241309530534345 26.295653120507787 55.51607280262231 37.95692377906109 39.959996966073945 27.036947203127347 36.54275199115666 51.63668307322706 59.36389362467493 24.6532009902961 34.25785419013182 20.269311836791232 47.53525166442659 22.91657844531917 46.32282548357482 28.71035969072257 8.408312347282129 20.419663208770338 22.79697517371564 37.04861242186847 43.66412501174495 28.172576637097777 53.495473533469436 38.81486560969945 36.11554871840839 23.825980419494336 37.75006568288294 14.466261914049948 31.806209146815732 26.87258484976227 33.114052377427996 19.7010732276763 38.99309997287031 12.061093294818841 46.09681182548687 4.230068289841964 10.222809624712328 17.62696084020856 16.91314782797905 28.37880489259367 13.0411190353718 10.881591420283891 0.0 27.001534531667033 33.48455998394897 24.21700135807035 47.88867804502153 24.652519744395825 22.11559893937279
28.218369744641635 1.5542699114761422 67.48338871728807 13.817016679885054 26.787477010866038 36.277921512329414 40.970211128647406 45.540631331861675 64.51303435302884 14.410116377055067 26.523406653645164 35.526551064249524 49.41567408509861 49.83627247712138 42.90028640340494 23.774951523080723 35.3035120449883 23.06339925503543 7.180766570370427 15.548050305403246 30.10856985031722 1.8951345339905432 65.89296561736525 17.366116519330777 25.614638847718908 23.853636927999023 39.939302354711685 12.542198064941179 37.38197833085404 7.84933448115602 25.15231258365194 35.723345341704345 43.23671325777755 34.9344848385794 45.77430757668681 23.807012260445216 34.21903924820099 27.079820894789293 10.117163122525305 22.94434856096873 36.68564041552796 32.3030947166183 27.001534531667033 0.0 42.61693309343136 33.9005177591136 33.8079800593025 11.309919532737363 14.838905668222774
69.97918327929187 43.2548857906429 24.88668373492927 43.04725306196498 66.81573763471206 6.881252613037586 6.928288821900628 82.46958730855994 92.82450024596132 50.76428322430295 22.805885033194656 13.646475002745051 80.48495178374253 43.02417623058572 77.89013494802306 58.34197523717733 36.11630261258092 19.703526561214304 44.368763271337265 39.194220966367425 70.53470438230563 44.51133686215376 23.27644949507949 39.75738144791461 64.07418318590535 18.8749564659424 10.121967630960977 35.94167566941942 64.8961443383014 48.26500288515667 23.197766604729935 14.447786895749543 72.1163540114034 44.26154223802827 78.5370191419591 30.99718291735201 42.135851017184756 17.531447807849027 37.76679182858013 21.718453293283 44.46139355679704 23.607776869819393 33.48455998394897 42.61693309343136 0.0 9.769896370665112 34.17571087325559 48.90858938122081 48.99385390481054
