0.0 37.029491807829594 11.734015245916654 39.61351859981182 40.77386707029121 18.606930850800854 58.96970441490879 14.203918522312797 72.13181269164278 59.381236448575685 42.83078789480758 61.03213441302946 44.16811437396464 67.4810155385926 32.12358722496459 32.77647175472577 24.90361766480409 50.51182848209454 59.79936153505896 49.88990560712193 7.570321800761169 35.5577590788074 14.994112884830093 39.32369003178485 47.34114810304677 33.80855588762409 38.794371167465684 12.390660620912334 76.94495557469118 59.80345437453407 35.8726058097717 58.81190143229774 47.87253166620645 47.359661479459426 34.45188528002773 16.45574753004881 24.625571372468347 45.239240930767636 30.444676523257574 50.3617180927265 15.804086134112326 30.96728770018611 21.150315926138433 65.94893611843982 41.37051800887863 70.75208886220638 28.177609349305023
37.029491807829594 0.0 33.70400056848063 59.1796136738988 33.24738650069392 33.46283190726291 30.983161792301676 22.95330147823876 76.84746208965058 66.17811715604556 50.691839964879954 36.40112194825309 17.59806234318455 73.5727432388319 47.44629054261153 27.991627114394056 55.944503082496354 60.0764308657733 64.14916473683479 45.46051824713833 29.58165389336454 11.290980452385764 31.222569413934867 57.482420580259785 37.71439208001738 32.93318336914499 27.47741351058279 24.836445113672784 85.46694264660093 65.75699839317784 39.955162484977414 34.55818083665314 22.881139187615506 42.77875027009511 48.62634251239585 53.45604150768822 50.124613152383574 51.67337211089234 33.431410109697154 58.18677196294344 43.56493495201634 57.19751396084643 39.03492818122563 70.99254479711944 15.464530569242381 45.31583750680411 9.392000076354176
11.734015245916654 33.70400056848063 0.0 30.9701820674894 29.54410506346067 6.873324109688372 60.458847062673115 12.864265593391988 61.09650119226384 48.40908539702369 31.562878388707222 63.74200964720429 45.208816213805555 56.55853187046519 21.665700919358347 21.899673884392534 22.30137855720147 39.7436227619284 48.53340908156186 38.18662316223882 12.059571248770306 35.926946587451184 3.8190797161001284 30.17357056776838 36.01963055488321 22.314847195598432 28.277184794638437 11.380905569257733 66.55029777692936 48.72668107654315 24.147765398763212 61.55162067412875 49.740190478675395 35.688876662501315 23.87696090001451 23.426895677210258 17.826817168679767 33.879762894275444 18.820482218186275 39.3191856289575 9.981194860645326 25.02195933646722 10.228200301850261 54.86442473602633 42.2973416078474 60.89608427508107 26.59351289374843
39.61351859981182 59.1796136738988 30.9701820674894 0.0 34.45015247918038 27.095273459471315 89.0528609804258 43.23187512459383 36.66448859538539 24.81960393153202 16.46437610091204 93.18324389175065 73.99958296127731 31.74916726591881 11.808177019649486 33.56098091560054 20.799064565933477 16.457877330876244 27.356822229487786 32.15423716312857 42.827131830244376 64.73191761401354 30.90038340865493 2.366495433156857 37.20582122178413 29.099881826942678 38.39399988888773 42.053270223855726 38.77919119861806 25.87299841544049 22.72595486664592 91.05576241843244 78.95503238673092 31.73265944377313 11.159833507179778 38.722651652882114 15.341992557321978 18.434915050691927 26.849311421273473 18.296739746887123 23.837465124608123 11.812132406850294 21.486867337762458 31.29974163066337 71.14162247317792 65.97397931065048 54.7849085892303
40.77386707029121 33.24738650069392 29.54410506346067 34.45015247918038 0.0 23.158988182982835 63.952889634494355 32.16913510982782 43.63801486576195 33.525876723358614 20.408196444151763 69.62263922768913 50.750764270455086 40.54264714121081 23.99509212436784 8.307231628914828 43.05315478053854 28.89287818209531 31.10484910185832 12.374622882983463 37.50653547571321 42.93605863385152 25.895653673644393 32.168779674820485 6.6146679832032005 7.645995472264473 5.8263138928992735 32.626169553891955 52.567927040589005 32.936821627789705 11.799202774755516 67.8023019106472 56.06017647765388 9.596836676520384 23.611385402344084 52.09750344418968 34.16996254362184 20.395368402950314 11.470059037119652 26.505085005229 33.81396110285789 38.87570993138811 24.473997619336537 37.88115508404029 48.38664588356919 33.464097762589795 34.17183792585122
18.606930850800854 33.46283190726291 6.873324109688372 27.095273459471315 23.158988182982835 0.0 62.25910525540192 16.427120774236503 54.807042680645104 42.216120273415946 25.200440049657953 66.16314428930546 47.09429866211129 50.37346866110668 16.433602574596197 16.039693866817593 23.611385402344148 33.78692087798687 42.087799734514554 31.333257309924367 17.987837060679624 37.78144543942546 4.348710281191001 25.882855997805557 29.503932894382814 15.71552156679441 22.617765242411714 15.537342705752351 60.74092546589884 42.44315686156285 17.29285406286599 64.02060038912221 51.958843969331554 28.863267182560946 18.4134630893485 29.024844189853237 16.7263663813429 27.407523719367695 12.085789791402213 33.11639667535913 11.893325679891092 23.737564307831768 5.72482604769764 48.55267657965426 44.210586860812924 55.40339806729433 27.915610119354785
58.96970441490879 30.983161792301676 60.458847062673115 89.0528609804258 63.952889634494355 62.25910525540192 0.0 47.70877738950408 107.58188596585579 97.13278135152493 81.62436247461542 6.989412811739859 15.252328686132781 104.44393475836392 77.5548671166065 58.97014587883927 82.24145536525356 91.02936612512664 95.0075932301569 75.925096989487 51.81635389205194 24.567592856626735 59.06468981879399 87.54610885801411 67.80661471324268 63.90000744925064 58.13088320536699 49.40090318349915 116.38995378257388 96.68405620854372 70.88111305657252 6.511531737818789 11.111734579498433 73.34385712699117 78.95503238673092 74.39811267086606 78.14135878090414 82.65038270812596 64.2099548589845 89.16656363628258 70.31491117494434 85.36467443670387 67.98392970532339 101.82015223536068 18.163789030067154 67.06863744120653 34.34366003452882
14.203918522312797 22.95330147823876 12.864265593391988 43.23187512459383 32.16913510982782 16.427120774236503 47.70877738950408 0.0 70.25416899070878 57.91378385029082 40.842625054269334 50.88062988065017 32.48104676400772 66.02571859631877 32.8606957523596 23.888083705196077 34.60616323617991 49.83052620195812 57.31197581008763 43.31453652061161 7.182177401903802 23.277132775891026 12.347361458016989 42.17857885350625 38.690861838679275 26.766110480705386 28.624534924005975 1.8916235785293427 76.79231259730376 57.9933048264197 31.38923854642242 48.688747096200075 36.912478819529255 40.523855352594815 34.81504673458252 30.54020923879791 30.688462165222727 42.79316753154168 24.510774273440287 48.88628007064176 22.61051120474507 37.88616428181486 21.783165908008417 64.00084925769828 29.574810069102362 58.641638307260386 14.54830544056021
72.13181269164278 76.84746208965058 61.09650119226384 36.66448859538539 43.63801486576195 54.807042680645104 107.58188596585579 70.25416899070878 0.0 12.75998309440618 29.606821165231427 113.24432325604154 94.25247995109345 4.917152278550008 40.11783041470811 49.52586655840903 57.4137932152341 21.765323562010813 13.018312334959164 31.807554327303297 72.79320802220239 86.06491209234082 59.139234104408175 35.56820154558743 40.23424873236673 44.99755326055676 49.45412026866781 69.83544456288602 10.659850565214665 12.371876830335218 39.04278033198067 111.40245187346326 99.56462131282677 34.2760646674438 37.76076279936228 74.84412765636411 50.696899126141915 27.486771966410487 46.14580666293297 21.7885222291251 57.64112755403271 48.474566063230725 51.04242098294654 6.260920199824952 91.79310577040759 58.5964521593025 76.6945178870767
59.381236448575685 66.17811715604556 48.40908539702369 24.81960393153202 33.525876723358614 42.216120273415946 97.13278135152493 57.91378385029082 12.75998309440618 0.0 17.081985601409297 102.50483627221011 83.29865800815492 8.158208597434577 27.35980157061466 38.33032638576584 45.28205192681583 9.064090151129804 4.249749442304241 23.073208892968275 60.182187935595735 74.80128852694655 46.56037681061704 23.42764421836191 31.524163696692664 33.553028305085085 39.30305275892063 57.406548354562254 19.351965689621114 1.4495790698549216 27.09817578627138 100.58741390278108 88.5922217683619 24.967250390037325 25.001813627313563 62.35036110131838 38.17051273871678 15.190233578583856 34.21960752755365 9.101950175008364 44.913670269059864 36.50376678713146 38.314357538267636 6.70754623297237 80.73093045384896 54.786376690813285 65.196191484806
42.83078789480758 50.691839964879954 31.562878388707222 16.46437610091204 20.408196444151763 25.200440049657953 81.62436247461542 40.842625054269334 29.606821165231427 17.081985601409297 0.0 86.65183862415346 67.31671580833455 25.22076246509678 11.865358496058116 22.770451966245982 32.77735553230141 9.438136765841897 16.98108370985435 15.717289018191856 43.18743713301794 58.53871146919101 29.532898252537223 14.12806828448073 21.568603574301275 17.79373881974472 25.52738322019748 40.32459824125457 36.06429268695627 17.2473925175515 10.743335345911031 84.6634435453812 72.56004636824647 15.54773707267112 9.67328188024569 47.8369264143991 24.273166302135827 2.615538481325486 17.627803266564722 8.05445419993339 29.32278067183673 25.337040681390906 21.683755641333548 23.352399111776382 64.64733879684825 49.83103814936156 48.747449837298944
61.03213441302946 36.40112194825309 63.74200964720429 93.18324389175065 69.62263922768913 66.16314428930546 6.989412811739859 50.88062988065017 113.24432325604154 102.50483627221011 86.65183862415346 0.0 19.36284165222082 109.9627494034325 81.88523324691594 64.19855939652004 85.02394649283623 96.08594390334946 100.54451837087606 81.74846540559344 54.21864530331319 28.47901743884822 62.705409429717285 91.79232090728995 73.77276473377145 69.06418507312543 63.82678070268989 52.454089331928195 121.82387988085377 102.11791974753243 75.92638907685533 2.2207272704888794 14.239456313346707 79.11009598375063 83.41075415528636 75.80550802709783 81.5544653400992 87.81216178475242 69.09523106431375 94.33665540837615 73.40875866016131 88.76190797839445 71.86609797023621 107.39208783001718 22.127939559954275 73.9947726030076 38.45526274317463
44.16811437396464 17.59806234318455 45.208816213805555 73.99958296127731 50.750764270455086 47.09429866211129 15.252328686132781 32.48104676400772 94.25247995109345 83.29865800815492 67.31671580833455 19.36284165222082 0.0 90.84902189851056 62.60738999810895 44.96840414794489 67.05331445143206 76.75362550536371 81.45707832416714 63.02092864612828 36.85791060982377 9.329414755617371 43.83271035502877 72.55327300402388 55.31190513423911 49.79182252051085 45.02015678526607 34.194104535977516 102.6398743971556 82.95134074819858 56.60255210395759 17.347394795561783 5.312596020237874 60.3161765156073 64.09342062879487 59.978133427540726 62.89207474541399 68.51733222973395 49.7419812611283 75.04017455313233 55.07752430269831 70.11552684175376 52.81668571414162 88.32474928002449 2.911605573159599 59.86561448838463 19.215269088349324
67.4810155385926 73.5727432388319 56.55853187046519 31.74916726591881 40.54264714121081 50.37346866110668 104.44393475836392 66.02571859631877 4.917152278550008 8.158208597434577 25.22076246509678 109.9627494034325 90.84902189851056 0.0 35.40328347260463 45.94067346921098 52.496735993585254 17.004352387885426 9.439296826945116 29.190793922472782 68.34038628322652 82.49229807770678 54.717154922536956 30.65409757129693 37.72026468772487 41.27418014131649 46.36698791986191 65.54063496183588 12.10880533817005 8.060908916177336 35.03724951756334 108.08102656006638 96.15488479298874 31.455618773948117 33.0541340436565 69.95224596622838 45.817975982395275 23.246500717791953 42.16449017001662 17.26012888333993 52.85518635549707 43.558526716671544 46.446325717985566 2.9146673208599023 88.33137661018728 58.19065143101405 72.98736960870282
32.12358722496459 47.44629054261153 21.665700919358347 11.808177019649486 23.99509212436784 16.433602574596197 77.5548671166065 32.8606957523596 40.11783041470811 27.35980157061466 11.865358496058116 81.88523324691594 62.60738999810895 35.40328347260463 0.0 21.96444111820991 21.42295356481122 18.405827095915267 28.212768604201127 24.998829789846877 33.708723845719526 53.40635838904899 20.626274059022936 10.037542823151778 27.95379923542575 17.78005618512964 27.23480804487151 31.929455143367356 44.941945674311036 27.886666868663024 12.310528455084427 79.78514012754822 67.64584097968216 23.699599906635022 2.3624493244055897 35.98037584103321 12.590421886108198 14.479876321789915 15.17511527282396 18.495336148724398 17.678251981686813 15.249425774625355 11.449248869123592 34.00500853724805 59.77902355557598 56.88039705407626 43.43018026268795
32.77647175472577 27.991627114394056 21.899673884392534 33.56098091560054 8.307231628914828 16.039693866817593 58.97014587883927 23.888083705196077 49.52586655840903 38.33032638576584 22.770451966245982 64.19855939652004 44.96840414794489 45.94067346921098 21.96444111820991 0.0 38.05578336474743 32.107222851872976 36.602770834111276 19.80826381451549 29.225467245108895 36.55903011720528 18.13412585215059 31.50856205165691 14.897213803359444 4.9791461865507 6.605516680977095 24.319706138609458 57.6741563874491 37.999107383113966 12.108422642730496 62.266034378049895 50.262383394626944 16.965940662478854 22.418274230750757 45.0056599096078 29.665124082052262 23.681745160427738 6.8176029902557005 30.19641777081535 27.5362789943393 35.42025164572539 18.721629720765502 43.484833820667475 42.40915633653398 39.37255716265064 27.207814358326797
24.90361766480409 55.944503082496354 22.30137855720147 20.799064565933477 43.05315478053854 23.611385402344148 82.24145536525356 34.60616323617991 57.4137932152341 45.28205192681583 32.77735553230141 85.02394649283623 67.05331445143206 52.496735993585254 21.42295356481122 38.05578336474743 0.0 36.45966568237943 47.32767140408726 46.30836284787374 30.898702118966785 57.882835144415466 24.815787441841753 21.87899315851542 48.18458424334287 35.6230102578503 44.50138447047638 32.86187439714449 59.330588723114175 46.20994765734412 32.54388081232028 82.80912922637363 71.32242531378951 44.78715832451945 23.266213463805887 18.445545213757274 9.055917082996771 35.34187830472751 31.946890525025935 37.669319179352186 12.380131235442807 9.044756022508409 19.388087074892457 51.89218478666463 64.15423729389263 76.51436047888322 48.82144640488767
50.51182848209454 60.0764308657733 39.7436227619284 16.457877330876244 28.89287818209531 33.78692087798687 91.02936612512664 49.83052620195812 21.765323562010813 9.064090151129804 9.438136765841897 96.08594390334946 76.75362550536371 17.004352387885426 18.405827095915267 32.107222851872976 36.45966568237943 0.0 10.935984194776202 21.083351726163645 51.64795900047753 67.97238964223924 38.13243489529122 14.778109806485775 28.646881263431048 27.146293077703156 34.34990400280704 49.18957035259822 26.97296658759787 9.812279144084448 20.163411063241963 94.10000965412924 81.99807942036439 22.038726937841115 16.063357110250784 53.3165032905067 29.137448774157605 8.558898783313383 27.058416500035907 2.851690357656111 35.87582878904149 27.844632843268393 29.56291555532284 15.770482631837504 74.08547488079404 55.12914980929209 58.16673796045895
59.79936153505896 64.14916473683479 48.53340908156186 27.356822229487786 31.10484910185832 42.087799734514554 95.0075932301569 57.31197581008763 13.018312334959164 4.249749442304241 16.98108370985435 100.54451837087606 81.45707832416714 9.439296826945116 28.212768604201127 36.602770834111276 47.32767140408726 10.935984194776202 0.0 19.92652792910901 60.06448937552333 73.16139314034235 46.39319636184705 25.714092279705554 28.459208979332125 32.01229142973884 36.92856041696643 56.93989047977241 21.488848734204556 2.853129862647566 26.035724676483998 98.67057552876342 86.76551867524117 22.086387348382146 25.861040733345856 63.85333421072822 39.73809481090262 14.680342739085129 33.13111122554406 9.807721508390378 45.890993092844354 38.77412042420924 38.64904749858614 6.88231373526717 78.95732358034677 50.74070356204244 63.726681500730045
49.88990560712193 45.46051824713833 38.18662316223882 32.15423716312857 12.374622882983463 31.333257309924367 75.925096989487 43.31453652061161 31.807554327303297 23.073208892968275 15.717289018191856 81.74846540559344 63.02092864612828 29.190793922472782 24.998829789846877 19.80826381451549 46.30836284787374 21.083351726163645 19.92652792910901 0.0 47.85502999620095 55.3045412304549 34.976391694823974 29.802532108020156 8.535679176945068 16.605666733451706 18.00396846059019 43.490470258169815 41.2992195433095 22.193851872444306 14.590537372336085 79.96936708045727 68.32325304992345 2.8456963447377195 23.506365730758414 58.75439627741413 37.3023079202141 14.13049196634154 19.521185964217782 18.273440711687876 39.75381747548728 40.00337439793672 30.519634212225828 26.386111378251297 60.70094193798239 34.355600725882915 46.51063381434464
7.570321800761169 29.58165389336454 12.059571248770306 42.827131830244376 37.50653547571321 17.987837060679624 51.81635389205194 7.182177401903802 72.79320802220239 60.182187935595735 43.18743713301794 54.21864530331319 36.85791060982377 68.34038628322652 33.708723845719526 29.225467245108895 30.898702118966785 51.64795900047753 60.06448937552333 47.85502999620095 0.0 28.09374667304698 13.671455358945732 42.14470106399182 44.11531974496748 31.290720419848032 34.60749120760648 5.656952911631512 78.52998353535175 60.42706789039119 34.779710188162845 51.99947328504389 40.76304893666947 45.155840780289104 35.89492150952346 24.00545170660802 28.787764914450246 45.38634000630973 28.440383933500367 51.080260039729986 20.004736750319896 35.70307440296951 22.259995434247195 66.53983618367732 34.02429828793654 65.47946131618454 20.628184964497382
35.5577590788074 11.290980452385764 35.926946587451184 64.73191761401354 42.93605863385152 37.78144543942546 24.567592856626735 23.277132775891026 86.06491209234082 74.80128852694655 58.53871146919101 28.47901743884822 9.329414755617371 82.49229807770678 53.40635838904899 36.55903011720528 57.882835144415466 67.97238964223924 73.16139314034235 55.3045412304549 28.09374667304698 0.0 34.50388212897924 63.318621550179536 48.00068576473937 41.25032261797352 37.371448880253766 25.03387001852577 94.15218464107424 74.52454523859271 47.88666784796565 26.38340900980981 14.23956153956291 52.531172521441455 54.94458969202836 51.69502392453976 53.57509406028863 59.859241891524924 40.914280886318856 66.36587634049576 45.82874003728763 60.79819245980786 43.50144041303487 80.04320426546255 6.4316119478200156 56.4143317832382 9.977596081368024
14.994112884830093 31.222569413934867 3.8190797161001284 30.90038340865493 25.895653673644393 4.348710281191001 59.06468981879399 12.347361458016989 59.139234104408175 46.56037681061704 29.532898252537223 62.705409429717285 43.83271035502877 54.717154922536956 20.626274059022936 18.13412585215059 24.815787441841753 38.13243489529122 46.39319636184705 34.976391694823974 13.671455358945732 34.50388212897924 0.0 29.831617522980455 32.418953288856784 18.817102441180392 24.473389104335897 11.30823604399374 65.08156975752783 46.778817185326226 21.302281368362838 60.54051897017632 48.563908723392345 32.40500786346618 22.67117326326873 27.233872948778956 19.16188722475137 31.71570242290607 15.47740319737572 37.46169247970455 12.475042333264952 26.36463914915115 9.435823257598805 52.88295634535893 40.928934392833824 57.07703069938108 24.826409484964383
39.32369003178485 57.482420580259785 30.17357056776838 2.366495433156857 32.168779674820485 25.882855997805557 87.54610885801411 42.17857885350625 35.56820154558743 23.42764421836191 14.12806828448073 91.79232090728995 72.55327300402388 30.65409757129693 10.037542823151778 31.50856205165691 21.87899315851542 14.778109806485775 25.714092279705554 29.802532108020156 42.14470106399182 63.318621550179536 29.831617522980455 0.0 34.849914386818035 26.969507697050158 36.204853988723904 41.07654494801489 38.30319861427952 24.401784580878775 20.482767772175112 89.67867852821941 77.5549896006112 29.366652268726153 9.097574583257105 39.42035619729 15.56196012740958 16.15046248020244 24.85348419362492 16.40387076010849 23.66664559501779 13.09161299555085 20.396825470344943 30.0153143970347 69.71084229766178 63.60817030562058 53.351664274020365
47.34114810304677 37.71439208001738 36.01963055488321 37.20582122178413 6.6146679832032005 29.503932894382814 67.80661471324268 38.690861838679275 40.23424873236673 31.524163696692664 21.568603574301275 73.77276473377145 55.31190513423911 37.72026468772487 27.95379923542575 14.897213803359444 48.18458424334287 28.646881263431048 28.459208979332125 8.535679176945068 44.11531974496748 48.00068576473937 32.418953288856784 34.849914386818035 0.0 13.795219937751531 10.843519750190966 39.19613729802702 49.827375374968184 30.68944955072166 15.77440140241791 72.04898030549246 60.58555032634622 6.672234607625244 27.083446603095066 58.27223444554387 39.166416019349164 20.739425306056486 17.53588294453874 25.956046590217994 39.708429583569014 43.17431321179762 30.285505016550154 34.90510475875587 53.11186381786963 28.964264856813138 39.733949557725595
33.80855588762409 32.93318336914499 22.314847195598432 29.099881826942678 7.645995472264473 15.71552156679441 63.90000744925064 26.766110480705386 44.99755326055676 33.553028305085085 17.79373881974472 69.06418507312543 49.79182252051085 41.27418014131649 17.78005618512964 4.9791461865507 35.6230102578503 27.146293077703156 32.01229142973884 16.605666733451706 31.290720419848032 41.25032261797352 18.817102441180392 26.969507697050158 13.795219937751531 0.0 9.472477073457634 26.891214148741085 52.904916137705534 33.28128024789962 7.140626165253179 67.11363585121354 55.07289056447049 13.871149840950602 17.94593413650601 44.521217511014065 26.858343228532085 18.758413639501903 3.8240667535357518 25.281196409264492 26.167965759688972 32.01864147109131 16.839405011544134 38.88833763957324 47.19419164854601 40.94046375053315 31.719126840608098
38.794371167465684 27.47741351058279 28.277184794638437 38.39399988888773 5.8263138928992735 22.617765242411714 58.13088320536699 28.624534924005975 49.45412026866781 39.30305275892063 25.52738322019748 63.82678070268989 45.02015678526607 46.36698791986191 27.23480804487151 6.605516680977095 44.50138447047638 34.34990400280704 36.92856041696643 18.00396846059019 34.60749120760648 37.371448880253766 24.473389104335897 36.204853988723904 10.843519750190966 9.472477073457634 0.0 29.358356975731947 58.385240626944835 38.73793844745392 15.80582346163127 62.01913486566488 50.3246534296861 15.301666865515582 27.28474665204632 51.520979698436555 35.959735623283464 25.798303568376163 12.705050799645964 32.064134858698424 34.13819974918875 41.404989980116795 25.244068200765746 43.70745336040429 42.69897907966524 32.785877006377206 28.907156173582635
12.390660620912334 24.836445113672784 11.380905569257733 42.053270223855726 32.626169553891955 15.537342705752351 49.40090318349915 1.8916235785293427 69.83544456288602 57.406548354562254 40.32459824125457 52.454089331928195 34.194104535977516 65.54063496183588 31.929455143367356 24.319706138609458 32.86187439714449 49.18957035259822 56.93989047977241 43.490470258169815 5.656952911631512 25.03387001852577 11.30823604399374 41.07654494801489 39.19613729802702 26.891214148741085 29.358356975731947 0.0 76.16253657723587 57.53188481235166 31.149430268720185 50.25523760957861 38.55199447513062 40.72754485193511 33.94754246577705 28.679077866598572 29.19043032130726 42.34993228174408 24.414158059607303 48.344488919776396 20.966252619870637 36.36311194036648 20.696144525684364 63.575997107164056 31.29319822944631 59.86548460271994 16.425510762330926
76.94495557469118 85.46694264660093 66.55029777692936 38.77919119861806 52.567927040589005 60.74092546589884 116.38995378257388 76.79231259730376 10.659850565214665 19.351965689621114 36.06429268695627 121.82387988085377 102.6398743971556 12.10880533817005 44.941945674311036 57.6741563874491 59.330588723114175 26.97296658759787 21.488848734204556 41.2992195433095 78.52998353535175 94.15218464107424 65.08156975752783 38.30319861427952 49.827375374968184 52.904916137705534 58.385240626944835 76.16253657723587 0.0 19.70995368644317 46.38807816011098 119.91695536373966 107.93617186208533 43.55458337790286 42.683372540753446 77.4880766628329 53.86510154631003 34.41417487977598 53.49021974173909 28.024257272812157 61.69255715632795 50.294160147916315 56.32585792464031 14.9374385596521 100.07969195176199 69.24895799066778 84.52915031653887
59.80345437453407 65.75699839317784 48.72668107654315 25.87299841544049 32.936821627789705 42.44315686156285 96.68405620854372 57.9933048264197 12.371876830335218 1.4495790698549216 17.2473925175515 102.11791974753243 82.95134074819858 8.060908916177336 27.886666868663024 37.999107383113966 46.20994765734412 9.812279144084448 2.853129862647566 22.193851872444306 60.42706789039119 74.52454523859271 46.778817185326226 24.401784580878775 30.68944955072166 33.28128024789962 38.73793844745392 57.53188481235166 19.70995368644317 0.0 26.979661398388032 100.21614605341372 88.25157001730855 24.19261346465915 25.524342993208773 63.12098454849742 38.94470628705329 15.201580538612099 34.10734209117256 9.441871542151889 45.50715686171256 37.492328883951835 38.690896283604104 6.1462011944308435 80.4076489179721 53.533221271438954 64.97679557191908
35.8726058097717 39.955162484977414 24.147765398763212 22.72595486664592 11.799202774755516 17.29285406286599 70.88111305657252 31.38923854642242 39.04278033198067 27.09817578627138 10.743335345911031 75.92638907685533 56.60255210395759 35.03724951756334 12.310528455084427 12.108422642730496 32.54388081232028 20.163411063241963 26.035724676483998 14.590537372336085 34.779710188162845 47.88666784796565 21.302281368362838 20.482767772175112 15.77440140241791 7.140626165253179 15.80582346163127 31.149430268720185 46.38807816011098 26.979661398388032 0.0 73.94654031106907 61.85684234524355 12.547377656448948 11.81221595720609 44.16754138114291 23.493822891814585 11.98907607608002 7.127782045360727 18.480644049232577 25.17806385456268 27.442176596523044 15.934258694348573 32.82751548531036 53.95072417350492 44.611048060386146 38.166539398136074
58.81190143229774 34.55818083665314 61.55162067412875 91.05576241843244 67.8023019106472 64.02060038912221 6.511531737818789 48.688747096200075 111.40245187346326 100.58741390278108 84.6634435453812 2.2207272704888794 17.347394795561783 108.08102656006638 79.78514012754822 62.266034378049895 82.80912922637363 94.10000965412924 98.67057552876342 79.96936708045727 51.99947328504389 26.38340900980981 60.54051897017632 89.67867852821941 72.04898030549246 67.11363585121354 62.01913486566488 50.25523760957861 119.91695536373966 100.21614605341372 73.94654031106907 0.0 12.154819491032429 77.31369496629279 81.32706966243641 73.60329848603453 79.36761700662174 85.85129647987745 67.08815379359821 92.375148451883 71.20625538424751 86.57280975239375 69.71910759605649 105.52571450394554 20.068773206755 72.94897586236893 36.36079107450317
47.87253166620645 22.881139187615506 49.740190478675395 78.95503238673092 56.06017647765388 51.958843969331554 11.111734579498433 36.912478819529255 99.56462131282677 88.5922217683619 72.56004636824647 14.239456313346707 5.312596020237874 96.15488479298874 67.64584097968216 50.262383394626944 71.32242531378951 81.99807942036439 86.76551867524117 68.32325304992345 40.76304893666947 14.23956153956291 48.563908723392345 77.5549896006112 60.58555032634622 55.07289056447049 50.3246534296861 38.55199447513062 107.93617186208533 88.25157001730855 61.85684234524355 12.154819491032429 0.0 65.62256865583127 69.17647344882509 63.29698698273694 67.51218094937262 73.78593333158442 54.96675470529132 80.30712513428765 59.51245555934233 74.73101892737039 57.66952279136757 93.63418170569851 7.921315543882355 64.23697933329693 24.21610414667387
47.359661479459426 42.77875027009511 35.688876662501315 31.73265944377313 9.596836676520384 28.863267182560946 73.34385712699117 40.523855352594815 34.2760646674438 24.967250390037325 15.54773707267112 79.11009598375063 60.3161765156073 31.455618773948117 23.699599906635022 16.965940662478854 44.78715832451945 22.038726937841115 22.086387348382146 2.8456963447377195 45.155840780289104 52.531172521441455 32.40500786346618 29.366652268726153 6.672234607625244 13.871149840950602 15.301666865515582 40.72754485193511 43.55458337790286 24.19261346465915 12.547377656448948 77.31369496629279 65.62256865583127 0.0 22.41580218765066 56.64388731742109 35.74095266856878 14.384245171454433 16.92781768144383 19.31768576076952 37.69157338054458 38.87831677411602 28.3637403135458 28.702084046129237 57.97182314254173 34.29829366542792 43.689391666212344
34.45188528002773 48.62634251239585 23.87696090001451 11.159833507179778 23.611385402344084 18.4134630893485 78.95503238673092 34.81504673458252 37.76076279936228 25.001813627313563 9.67328188024569 83.41075415528636 64.09342062879487 33.0541340436565 2.3624493244055897 22.418274230750757 23.266213463805887 16.063357110250784 25.861040733345856 23.506365730758414 35.89492150952346 54.94458969202836 22.67117326326873 9.097574583257105 27.083446603095066 17.94593413650601 27.28474665204632 33.94754246577705 42.683372540753446 25.524342993208773 11.81221595720609 81.32706966243641 69.17647344882509 22.41580218765066 0.0 38.244572217382895 14.615254544624545 12.286102736033927 15.758533962433628 16.134370565898973 20.03159948167126 16.50017124854398 13.648787320101635 31.643615078694832 61.28668715127047 56.047362096030994 44.96894644235262
16.45574753004881 53.45604150768822 23.426895677210258 38.722651652882114 52.09750344418968 29.024844189853237 74.39811267086606 30.54020923879791 74.84412765636411 62.35036110131838 47.8369264143991 75.80550802709783 59.978133427540726 69.95224596622838 35.98037584103321 45.0056599096078 18.445545213757274 53.3165032905067 63.85333421072822 58.75439627741413 24.00545170660802 51.69502392453976 27.233872948778956 39.42035619729 58.27223444554387 44.521217511014065 51.520979698436555 28.679077866598572 77.4880766628329 63.12098454849742 44.16754138114291 73.60329848603453 63.29698698273694 56.64388731742109 38.244572217382895 0.0 24.180367317612973 50.44734302501187 40.740828882557224 54.04585842086443 19.016987207193498 27.31286722066273 28.2822704571462 69.05001174584032 57.26257086136765 84.2553067597053 44.629947508447124
24.625571372468347 50.124613152383574 17.826817168679767 15.341992557321978 34.16996254362184 16.7263663813429 78.14135878090414 30.688462165222727 50.696899126141915 38.17051273871678 24.273166302135827 81.5544653400992 62.89207474541399 45.817975982395275 12.590421886108198 29.665124082052262 9.055917082996771 29.137448774157605 39.73809481090262 37.3023079202141 28.787764914450246 53.57509406028863 19.16188722475137 15.56196012740958 39.166416019349164 26.858343228532085 35.959735623283464 29.19043032130726 53.86510154631003 38.94470628705329 23.493822891814585 79.36761700662174 67.51218094937262 35.74095266856878 14.615254544624545 24.180367317612973 0.0 26.878029671730072 23.2845433537965 29.94170330541764 8.897334248877275 7.223473295212588 11.54023965036075 44.87153663082426 59.982148715025836 67.62725610543872 43.980348074140444
45.239240930767636 51.67337211089234 33.879762894275444 18.434915050691927 20.395368402950314 27.407523719367695 82.65038270812596 42.79316753154168 27.486771966410487 15.190233578583856 2.615538481325486 87.81216178475242 68.51733222973395 23.246500717791953 14.479876321789915 23.681745160427738 35.34187830472751 8.558898783313383 14.680342739085129 14.13049196634154 45.38634000630973 59.859241891524924 31.71570242290607 16.15046248020244 20.739425306056486 18.758413639501903 25.798303568376163 42.34993228174408 34.41417487977598 15.201580538612099 11.98907607608002 85.85129647987745 73.78593333158442 14.384245171454433 12.286102736033927 50.44734302501187 26.878029671730072 0.0 19.076469118301564 6.524517620350427 31.89935352594252 27.779184958713905 24.11423509669839 21.226562368832607 65.88994953379803 48.45993015722322 50.15545181134406
30.444676523257574 33.431410109697154 18.820482218186275 26.849311421273473 11.470059037119652 12.085789791402213 64.2099548589845 24.510774273440287 46.14580666293297 34.21960752755365 17.627803266564722 69.09523106431375 49.7419812611283 42.16449017001662 15.17511527282396 6.8176029902557005 31.946890525025935 27.058416500035907 33.13111122554406 19.521185964217782 28.440383933500367 40.914280886318856 15.47740319737572 24.85348419362492 17.53588294453874 3.8240667535357518 12.705050799645964 24.414158059607303 53.49021974173909 34.10734209117256 7.127782045360727 67.08815379359821 54.96675470529132 16.92781768144383 15.758533962433628 40.740828882557224 23.2845433537965 19.076469118301564 0.0 25.526605140125852 22.343903226285903 28.742177783574835 13.026581036122598 39.94112856571373 47.048700359096685 44.700171360983724 31.124937491805294
50.3617180927265 58.18677196294344 39.3191856289575 18.296739746887123 26.505085005229 33.11639667535913 89.16656363628258 48.88628007064176 21.7885222291251 9.101950175008364 8.05445419993339 94.33665540837615 75.04017455313233 17.26012888333993 18.495336148724398 30.19641777081535 37.669319179352186 2.851690357656111 9.807721508390378 18.273440711687876 51.080260039729986 66.36587634049576 37.46169247970455 16.40387076010849 25.956046590217994 25.281196409264492 32.064134858698424 48.344488919776396 28.024257272812157 9.441871542151889 18.480644049232577 92.375148451883 80.30712513428765 19.31768576076952 16.134370565898973 54.04585842086443 29.94170330541764 6.524517620350427 25.526605140125852 0.0 36.15711152766905 29.293577376391077 29.25509261740208 15.587253434925769 72.40913372801522 52.27834809775032 56.63818912204178
15.804086134112326 43.56493495201634 9.981194860645326 23.837465124608123 33.81396110285789 11.893325679891092 70.31491117494434 22.61051120474507 57.64112755403271 44.913670269059864 29.32278067183673 73.40875866016131 55.07752430269831 52.85518635549707 17.678251981686813 27.5362789943393 12.380131235442807 35.87582878904149 45.890993092844354 39.75381747548728 20.004736750319896 45.82874003728763 12.475042333264952 23.66664559501779 39.708429583569014 26.167965759688972 34.13819974918875 20.966252619870637 61.69255715632795 45.50715686171256 25.17806385456268 71.20625538424751 59.51245555934233 37.69157338054458 20.03159948167126 19.016987207193498 8.897334248877275 31.89935352594252 22.343903226285903 36.15711152766905 0.0 15.699122149989647 9.431057355906958 51.596269654946504 52.16827079937257 66.81840771481438 36.57176524598184
30.96728770018611 57.19751396084643 25.02195933646722 11.812132406850294 38.87570993138811 23.737564307831768 85.36467443670387 37.88616428181486 48.474566063230725 36.50376678713146 25.337040681390906 88.76190797839445 70.11552684175376 43.558526716671544 15.249425774625355 35.42025164572539 9.044756022508409 27.844632843268393 38.77412042420924 40.00337439793672 35.70307440296951 60.79819245980786 26.36463914915115 13.09161299555085 43.17431321179762 32.01864147109131 41.404989980116795 36.36311194036648 50.294160147916315 37.492328883951835 27.442176596523044 86.57280975239375 74.73101892737039 38.87831677411602 16.50017124854398 27.31286722066273 7.223473295212588 27.779184958713905 28.742177783574835 29.293577376391077 15.699122149989647 0.0 18.285516049099776 43.0534372721487 67.20561911268231 72.0522783386637 51.18979291799293
21.150315926138433 39.03492818122563 10.228200301850261 21.486867337762458 24.473997619336537 5.72482604769764 67.98392970532339 21.783165908008417 51.04242098294654 38.314357538267636 21.683755641333548 71.86609797023621 52.81668571414162 46.446325717985566 11.449248869123592 18.721629720765502 19.388087074892457 29.56291555532284 38.64904749858614 30.519634212225828 22.259995434247195 43.50144041303487 9.435823257598805 20.396825470344943 30.285505016550154 16.839405011544134 25.244068200765746 20.696144525684364 56.32585792464031 38.690896283604104 15.934258694348573 69.71910759605649 57.66952279136757 28.3637403135458 13.648787320101635 28.2822704571462 11.54023965036075 24.11423509669839 13.026581036122598 29.25509261740208 9.431057355906958 18.285516049099776 0.0 44.836821883869874 49.93141381597393 57.687251270669385 33.64042870756908
65.94893611843982 70.99254479711944 54.86442473602633 31.29974163066337 37.88115508404029 48.55267657965426 101.82015223536068 64.00084925769828 6.260920199824952 6.70754623297237 23.352399111776382 107.39208783001718 88.32474928002449 2.9146673208599023 34.00500853724805 43.484833820667475 51.89218478666463 15.770482631837504 6.88231373526717 26.386111378251297 66.53983618367732 80.04320426546255 52.88295634535893 30.0153143970347 34.90510475875587 38.88833763957324 43.70745336040429 63.575997107164056 14.9374385596521 6.1462011944308435 32.82751548531036 105.52571450394554 93.63418170569851 28.702084046129237 31.643615078694832 69.05001174584032 44.87153663082426 21.226562368832607 39.94112856571373 15.587253434925769 51.596269654946504 43.0534372721487 44.836821883869874 0.0 85.83193724554565 55.33064939956651 70.60521101598717
41.37051800887863 15.464530569242381 42.2973416078474 71.14162247317792 48.38664588356919 44.210586860812924 18.163789030067154 29.574810069102362 91.79310577040759 80.73093045384896 64.64733879684825 22.127939559954275 2.911605573159599 88.33137661018728 59.77902355557598 42.40915633653398 64.15423729389263 74.08547488079404 78.95732358034677 60.70094193798239 34.02429828793654 6.4316119478200156 40.928934392833824 69.71084229766178 53.11186381786963 47.19419164854601 42.69897907966524 31.29319822944631 100.07969195176199 80.4076489179721 53.95072417350492 20.068773206755 7.921315543882355 57.97182314254173 61.28668715127047 57.26257086136765 59.982148715025836 65.88994953379803 47.048700359096685 72.40913372801522 52.16827079937257 67.20561911268231 49.93141381597393 85.83193724554565 0.0 58.87080266032542 16.36005175580985
70.75208886220638 45.31583750680411 60.89608427508107 65.97397931065048 33.464097762589795 55.40339806729433 67.06863744120653 58.641638307260386 58.5964521593025 54.786376690813285 49.83103814936156 73.9947726030076 59.86561448838463 58.19065143101405 56.88039705407626 39.37255716265064 76.51436047888322 55.12914980929209 50.74070356204244 34.355600725882915 65.47946131618454 56.4143317832382 57.07703069938108 63.60817030562058 28.964264856813138 40.94046375053315 32.785877006377206 59.86548460271994 69.24895799066778 53.533221271438954 44.611048060386146 72.94897586236893 64.23697933329693 34.29829366542792 56.047362096030994 84.2553067597053 67.62725610543872 48.45993015722322 44.700171360983724 52.27834809775032 66.81840771481438 72.0522783386637 57.687251270669385 55.33064939956651 58.87080266032542 0.0 52.38359359204881
28.177609349305023 9.392000076354176 26.59351289374843 54.7849085892303 34.17183792585122 27.915610119354785 34.34366003452882 14.54830544056021 76.6945178870767 65.196191484806 48.747449837298944 38.45526274317463 19.215269088349324 72.98736960870282 43.43018026268795 27.207814358326797 48.82144640488767 58.16673796045895 63.726681500730045 46.51063381434464 20.628184964497382 9.977596081368024 24.826409484964383 53.351664274020365 39.733949557725595 31.719126840608098 28.907156173582635 16.425510762330926 84.52915031653887 64.97679557191908 38.166539398136074 36.36079107450317 24.21610414667387 43.689391666212344 44.96894644235262 44.629947508447124 43.980348074140444 50.15545181134406 31.124937491805294 56.63818912204178 36.57176524598184 51.18979291799293 33.64042870756908 70.60521101598717 16.36005175580985 52.38359359204881 0.0
