0.0 27.027153985458522 65.96283888377235 20.005247344046257 40.54041471477169 24.230992460146656 70.048704255061 74.00909880110335 21.31643427417508 32.93425795005293 33.0261008763777 20.665570596289424 24.74858588593843 65.38815774897235 21.08771779486954 62.35679893289281 48.51548169467298 28.998378832168502 67.19288007513566 33.28265301137833 4.267839588473241 21.502670964612022 68.17323857649006 8.67945106837289 28.84295602753853 4.3159683601361865 50.18485866240699 74.77409271418209 25.04534848401204 44.19142979615079 53.37642313669824 16.466820292146632 38.44046722419171 18.519909564069316 25.28090067491107 36.451785293757254 63.22734381219349 28.89660613849213 58.67043531146463 47.11523464825604 108.53543340584828 88.34548515007499 78.89639904060304 83.89929327478563 101.23375739706432 89.95508955354971 64.42655126472849 51.033778733310385 58.76152082070052 81.83024978286481 77.4228656343553 45.52395906242591 23.35392279007983 37.592881056032546 68.38046386105889 74.0756788029239 39.623162011724176 6.902003919873851 30.33371492299389 64.71077790107 81.05964056922258 51.4149947068537 33.33423247555073 44.426044744266136 72.32571376198409
27.027153985458522 0.0 74.528557819101 43.454346214563294 39.88577936226497 49.15432770698072 55.788475523594244 81.92494210123643 22.36589649421351 46.340702547265 37.49510844347067 18.657806846999993 17.738738440425543 58.73800498238545 25.090498545889467 35.936063264930446 43.96218704429996 15.127874118671265 64.73947369896375 28.183068713821847 30.415594165863077 29.933557616654312 54.0360188250264 31.59424330259338 30.82730673110915 28.132221773858856 40.468375198840576 82.03089714700802 29.12922427862077 55.223009279412054 26.535651468224874 19.757447822880017 12.245088118201837 10.831973576512675 25.31705272857545 14.590009594954504 67.76801134691843 13.654059468619733 55.24252241783172 40.93279701045831 112.84451627875777 85.75773760149745 66.10352376305501 61.479620545556294 74.73013598642139 100.29137375437372 68.58175334211879 41.75388627040982 34.32419018384964 54.84292051745045 94.68064430583358 60.162917646704244 25.876297503288157 10.697791563116427 44.20584322592142 97.22212601141842 64.05318995812794 33.886944529372535 24.262798347327657 49.23297945671746 107.3381751874029 78.44190574414056 56.38781903191291 50.9984757539295 66.45982063773936
65.96283888377235 74.528557819101 0.0 51.375565235867086 36.01551137132745 79.42298908164467 57.0041174882422 8.060038972790984 52.77447498059132 33.126956450300966 37.09796097990888 83.08133642807313 56.80217267409928 38.121049352802586 50.51151332729462 103.04412087324856 37.12209459540021 60.5750342426879 28.271227265796774 47.458513747111645 62.8699186030045 46.809013591075775 56.15324781053391 57.69781434933188 43.73130087464808 70.0785957408571 45.95733152749296 9.09429488555533 45.92158686855086 21.80059410229888 93.31322073670049 79.90818214222944 76.18991660728511 65.4677993028409 49.28980345076642 67.91935451882142 11.472342654551294 62.11405822887775 31.29910646317681 40.6227927204898 43.323063506117364 36.67529469873145 56.64006031105939 86.40570237841698 118.82181682926245 25.82069242018875 12.082934279029047 44.945966109750835 79.30407217338933 113.8111825875639 32.68349888501553 23.31989870104834 49.13521987365267 81.72862147998646 115.49766614965097 55.51012347632993 50.3836843844938 66.26057459253286 92.93663479493513 123.60735688123228 81.89066925034419 78.29417184471056 89.154968562076 110.2813444400449 137.00393014985454
20.005247344046257 43.454346214563294 51.375565235867086 0.0 36.9978228963223 28.185107781191185 71.59646051912819 59.330588723114175 26.835049621089592 19.71793816292575 28.09407116303033 40.66486913920636 33.075559082478016 61.69644038727889 24.479582184676655 79.36165118150029 45.89860116931396 38.858259988487724 60.215893121319596 35.71273951902049 15.761564001780624 20.565746356859723 69.80326502592006 12.23800175326858 28.14547757020779 22.760985151361993 51.00649008868785 60.46615864978458 25.08024708374829 30.27255495679737 69.75815883837151 36.47039512210398 52.86324223739473 32.89899054731466 28.4003146584238 48.1973177217138 51.61911954267286 39.534112271369764 53.44903406352993 46.00705687963739 94.69843854926266 79.8350175046344 78.57609592323323 91.48504115763797 113.8400620724509 73.26194805806551 52.973600521729814 51.37994290484536 69.7739319183655 97.42541495175799 58.015764967919 28.689586165640343 25.98463745193343 54.05697061696809 86.97100908054348 54.43763713317513 20.60129983445303 16.73989942717946 50.307935462844874 84.71367049038221 64.49975232929505 40.127157598027736 38.144328066800355 60.78339420343005 91.26380727336348
40.54041471477169 39.88577936226497 36.01551137132745 36.9978228963223 0.0 61.79618319901835 35.26889464876876 42.79173956570723 20.797634819181617 21.357979783073034 8.90430526472274 52.107859826750605 22.49497907509838 25.27948956570249 19.841022709708675 67.0967683142722 8.900968379241359 25.12524898376575 26.908531386508688 11.789255783415104 39.34557873761214 19.298871513348704 33.57584410925394 34.96469102251579 11.76936629659692 44.791205718584905 15.525308367314313 42.655967635190635 15.508414667054929 22.04105159486667 57.31553084513682 49.93454526059386 40.22737480766468 32.53347185752784 16.506785658431646 31.915572960561715 28.004904110360066 26.678117838336732 18.131166182425233 9.554899154533402 73.00815679359248 48.30205131038396 41.6029709635804 59.3577969201005 87.81065280960848 61.722713133264676 28.749812562839786 15.43571773070379 45.219711354013484 79.0331225599575 62.33430818278672 30.028781561532465 17.68443532692258 46.02825837395092 79.49409833634947 74.55068481485495 50.582722877329594 44.20674752000076 61.193779295131996 89.0502001536486 93.94846310656565 76.13874972059715 71.85164492460756 83.20434320863878 105.25217697750591
24.230992460146656 49.15432770698072 79.42298908164467 28.185107781191185 61.79618319901835 0.0 93.64926956312038 87.31072234030155 44.819873431639536 47.70525292172213 53.27120794918722 35.31256187927448 48.89411914923624 87.07560734403258 43.9401581417349 81.9442975486386 70.40674280554457 53.22196959140048 87.12987445917733 56.526177306219 23.35085772770514 42.67729384070084 91.77963435680637 26.957638548377826 50.78751965437651 21.492526009545333 73.36711468797894 88.51663524064573 47.00793485026726 58.45583946346577 74.04022736513873 31.65498827898741 61.25149010410876 42.35451893243812 48.35898395475518 60.33364772322349 79.71279730006326 53.077682710016184 79.50256868784653 69.58446514411848 122.72413894341828 107.42050286322879 102.03805295554622 108.06948564876298 123.85843881270225 100.22786311073604 81.05330474806273 74.08372564200042 82.47366323951373 102.5190634888091 81.38388470077025 56.380673426703325 46.14148475907212 58.9415433170013 84.93519337677164 69.24266208358004 36.97005768064081 18.27216566549601 41.18017571695044 73.84165265443434 67.52301623303342 33.671301602446306 10.149280081136803 38.30289447174156 72.29154907609426
70.048704255061 55.788475523594244 57.0041174882422 71.59646051912819 35.26889464876876 93.64926956312038 0.0 59.915135625346274 48.866563205233966 56.46133670896098 43.89069259691172 73.63334987484701 45.70988293584511 19.072144658962646 49.75464933452215 63.90199351299044 26.827452990412176 43.18251400538602 29.778070189160257 37.15364282049142 70.30551529941629 51.82394225432708 1.8755832741285356 66.99416516422873 43.71970579271293 73.76800313083038 20.6296266004859 58.61160423242289 47.23611898697028 54.16199179012239 56.9785642578091 73.2884264928436 47.71046139135623 54.994708478997175 45.31852737377442 41.41964378928853 45.5433251105838 44.06505660645382 26.11141976461175 25.78966039687636 75.82769090036896 41.63783309290238 10.603420413170955 29.76590073664384 63.674469854699836 77.7929167879686 45.086971961005794 20.21829128620919 34.34487863220791 65.9182008078077 89.12663227040147 62.508199950470214 47.600464335322386 54.94673795815608 78.53212388975048 106.88866434609525 85.77249960318792 75.38833051548231 80.02888626439004 97.57350287763738 128.43842405586363 111.27253499373823 103.25391598179213 106.46976633024302 120.02040232006892
74.00909880110335 81.92494210123643 8.060038972790984 59.330588723114175 42.79173956570723 87.31072234030155 59.915135625346274 0.0 60.416912046549285 41.18681175970231 44.663589610758166 90.96652376402902 64.1870044866712 40.845588445396416 58.23668476440168 109.42959796642035 42.752988341100234 67.70032225402484 30.231125129147973 54.450084535220824 70.92901101103747 54.67481162598137 59.28594440334386 65.75657803196304 51.23568813234334 78.1320025319529 51.21795436450908 2.032510393934704 53.5974714103927 29.85950274801349 99.8267151034856 87.84635931865888 83.00525830250754 73.10467774161393 56.80907711259451 74.65727417248019 15.648745157730973 69.24895799066775 35.31475728915445 46.34237982976541 35.418774046424176 33.46518400449859 58.139354611951056 89.6397657141177 122.82193479757917 19.17982132451849 15.537863254770544 50.09829558611672 84.69420065370082 119.29472077895487 33.09641582519767 31.02033021908724 56.780182947252555 88.77250478623897 122.19642457021641 58.625674892500875 57.292097919195 74.31415435051238 100.78490419612378 131.10070408738582 85.97978482473442 84.86261596417347 96.98206388419156 118.33889798534294 144.90474721518433
21.31643427417508 22.36589649421351 52.77447498059132 26.835049621089592 20.797634819181617 44.819873431639536 48.866563205233966 60.416912046549285 0.0 24.192569570426585 15.781384751933649 31.472717340287776 6.49253014930168 44.58200334409366 2.9132608089408025 55.89961503884423 27.81743477519683 12.36422886187979 47.647866175735516 11.974974149737456 21.470592026954492 8.046834562395794 46.993604446379855 18.66628337747925 9.477266880870502 25.26654103441581 28.868425380017765 60.70783754176607 6.874370941423687 32.88502223736317 45.9035881049532 29.14718399742284 28.045676479684737 12.693946292653294 4.319120520202139 21.94055367045508 47.13882277557745 13.335168786053984 38.59123902352365 26.041496165788374 92.84359509918015 69.06873080353452 57.5832916026742 65.23780225324937 87.12574640894557 78.37182493695568 48.119216285990554 29.725616413690965 42.97211688733577 72.14174000972046 72.49461953037533 37.906863822171005 3.6393893048183092 31.37537808366498 65.95784950235196 77.20080691038707 46.20556243612405 26.54777183726301 40.85896665680212 70.91520922992368 90.86026002823306 66.40399064754472 54.3892415427381 62.46347507345299 85.08806227288002
32.93425795005293 46.340702547265 33.126956450300966 19.71793816292575 21.357979783073034 47.70525292172213 56.46133670896098 41.18681175970231 24.192569570426585 0.0 13.833136655022875 51.16129809747639 30.11099276999741 43.75978819554636 21.33919794235913 79.83751275235848 29.66057236178352 35.529479578004846 40.968206973001905 25.995721727534107 29.745643255798857 16.408254243788594 54.816053928984985 24.575968545996023 18.41744711997437 36.99078193361286 36.83969285123863 42.06082240776343 18.057999133663408 11.331008195483784 69.80717368942649 47.6387217175066 51.85543081417018 35.91703586144946 22.48430535352384 44.829343543616886 32.01498472354591 36.81398104470521 35.076036935498 30.90455492652095 76.12790427846633 60.15731577824243 61.94460954759796 80.31284978613495 107.04186193358964 57.145170644802725 33.35020662229883 36.7931831853332 63.167053670872235 94.98026796618075 48.34477652805174 13.870981555569523 21.034380391360703 55.56384170436317 90.15037531153044 54.86758084620717 29.31652800855401 33.21607212693857 61.17186712109066 93.67779060561392 72.69961595935636 55.79751043148442 57.76060304135687 77.16222806892442 104.72119508223393
33.0261008763777 37.49510844347067 37.09796097990888 28.09407116303033 8.90430526472274 53.27120794918722 43.89069259691172 44.663589610758166 15.781384751933649 13.833136655022875 0.0 46.93198673306635 19.848174565844786 33.94675371354598 13.817016679885112 68.35624959805058 17.805260427881656 24.25721164016844 34.28220748400819 12.66379805612443 31.343932075439458 11.54034181046956 42.15226071243009 26.68746267403424 6.672745372964482 37.336840711260386 23.614607053429122 44.92992836981377 9.081664393641525 18.504683281117792 58.357077458192244 44.238619856320994 40.54928563182776 28.44956010055328 12.197897502868395 32.815528722882554 31.48550249003339 25.729093893634733 26.24086892133495 18.10982175791909 77.24604557757809 55.325399739639295 50.49410222417624 66.58239306934122 93.33585579883116 62.809956601169745 32.52080716078263 23.76889759425532 49.670548936538495 82.24482788997445 59.331235456094404 25.231110869286354 12.160426827391031 45.32103899436733 79.71807035043173 68.50029469399506 42.40214782181476 36.03366184524995 56.513169363471796 86.5094371501944 86.37886516679742 67.3909188063204 63.37618483984952 76.72237580906251 100.75158743630575
20.665570596289424 18.657806846999993 83.08133642807313 40.66486913920636 52.107859826750605 35.31256187927448 73.63334987484701 90.96652376402902 31.472717340287776 51.16129809747639 46.93198673306635 0.0 30.34402215800072 74.24958916402385 33.11865442170212 46.780080163586724 58.17554511268638 30.830597158881766 78.67321761666349 41.575753471057645 24.9269960190098 36.2928010809738 71.8291620554144 28.88734620449045 40.932797010458245 18.661377217691953 56.59374465362355 91.44955946872842 37.85782909776391 61.86067271506935 39.464701098124095 4.312968871780219 30.244755411378215 19.915720141234104 35.66092728613663 33.09740446013741 78.41671317502778 29.741485373577433 69.36536710878435 55.69941061619378 124.17794848358855 100.0798478731816 83.70495269848217 79.94868579962997 90.39798513003869 108.08299563298421 79.44877509505187 57.76749554315358 52.50581851772386 67.61242618830381 97.59714114443686 64.61578582364356 34.92908104956337 25.685107279836 49.9424856880244 94.60491781888565 60.044770634318276 25.602980675757596 10.025212835273276 44.04941882996097 99.78292657521484 67.84294152874214 40.5404961768073 32.85169373798177 53.94228924469588
24.74858588593843 17.738738440425543 56.80217267409928 33.075559082478016 22.49497907509838 48.89411914923624 45.70988293584511 64.1870044866712 6.49253014930168 30.11099276999741 19.848174565844786 30.34402215800072 0.0 43.97823269273701 9.324158535648404 49.73865677796677 27.85106702136557 5.8766712058980435 48.472551025770215 11.279865432791473 25.842309947610946 14.412466507970159 43.838850637384276 23.92938585941668 13.180313434839343 28.20092941558897 26.80760607853584 64.30460857755578 12.108391405022065 37.95460838398392 39.7144648873778 28.85095355398359 21.780109424190446 10.428538420180136 7.8493248498708095 15.448031573859419 50.14427905980493 6.871379813137699 39.09048498450728 25.370585561111664 95.4772426751901 69.82800692583596 55.052645384263926 59.83672373737233 80.77666607611636 82.58239805113561 50.9999319816017 27.874260588240872 36.71234794672678 65.67693146997873 78.1823159729005 43.59029471700648 9.088862760623474 25.689597684380267 60.26738589176464 83.62900523085018 52.66263341145514 30.785269148768023 38.94804272882321 66.94030673119401 97.2821155991081 72.2541379684364 58.071513862505235 62.59976695466764 82.82481967804569
65.38815774897235 58.73800498238545 38.121049352802586 61.69644038727889 25.27948956570249 87.07560734403258 19.072144658962646 40.845588445396416 44.58200334409366 43.75978819554636 33.94675371354598 74.24958916402385 43.97823269273701 0.0 44.32961820435108 76.0847550630417 16.872817282768068 43.9211006790564 10.835241249441818 32.994025966040645 64.48896166408818 44.50457558597186 18.475919146885573 60.218864485340625 36.61595814631981 69.55360530397184 18.367629927571556 39.56200352038728 40.44266316012451 38.610233341657946 67.67513273037586 72.81003762351244 54.23563492992564 54.36840282130262 40.340313817483775 46.295182863710906 26.651181141398702 45.26040248888837 8.911191906066893 18.66317960176634 59.65024087410222 27.769594910179805 19.46790156663842 48.8026393359568 82.33617458700978 58.88863470956337 26.109372615568706 17.04050327972653 47.89477569538709 81.80642822525569 70.53501069518911 46.638790816129 42.071226103806914 61.315752504231774 90.24454069918275 89.88890086200608 72.46721525723247 69.40995702093059 82.3331588007073 105.52022554334546 113.05827853899923 99.55141686436671 97.12603083477025 106.54162634907361 125.15367127816765
21.08771779486954 25.090498545889467 50.51151332729462 24.479582184676655 19.841022709708675 43.9401581417349 49.75464933452215 58.23668476440168 2.9132608089408025 21.33919794235913 13.817016679885112 33.11865442170212 9.324158535648404 44.32961820435108 0.0 58.81248377378031 27.464725093921526 15.16304448546865 46.742212494226024 12.601362569684822 20.66329586126761 5.134425646375096 47.89045446989781 17.28435739282511 8.106219589468235 25.224889847829452 29.435258981771426 58.59402690788404 4.739233254519099 30.286940482702917 48.816848566918814 30.508951029759007 30.955321537410416 15.079089290797217 4.440052731004672 24.748686931783855 45.30200742879481 16.191846906558347 37.89383939436754 26.039543885580454 91.06027836036479 68.10832264279075 58.14035500632949 67.20599747815774 89.70941568635152 76.00400133990922 46.33012289369685 30.185904923936008 45.50531755839821 75.00076997725901 69.66766603874629 35.09890816109172 2.2665690836472527 34.25194352468402 68.81938864536156 74.31657594328631 43.53338080029335 25.733216379998957 42.7092847535757 73.35399771287781 88.23082948600042 64.31257991017348 53.687375966031695 63.42994941456927 86.94354701710522
62.35679893289281 35.936063264930446 103.04412087324856 79.36165118150029 67.0967683142722 81.9442975486386 63.90199351299044 109.42959796642035 55.89961503884423 79.83751275235848 68.35624959805058 46.780080163586724 49.73865677796677 76.0847550630417 58.81248377378031 0.0 66.98519384146151 44.37914310543721 85.3361399831489 56.196653851185815 66.05419517313253 63.941854807249605 62.83479875851747 67.52399990248173 62.083152705329994 62.60120398379911 59.50329761667109 109.03377769416014 61.78815141195554 86.86005381207609 10.03450652610861 50.289327502106325 27.98824070333615 46.50728086008374 57.39067648695517 35.57072273660743 93.99300915115737 43.04160284093901 76.61592603012026 63.37665187883964 135.41101850353436 103.4763264155859 73.98222757810088 51.32449260465769 46.79584127598843 128.55797252958428 94.41929215205205 60.808726388772506 29.584585933141874 21.15755869905817 127.61526065765878 93.14358352608441 58.82730815869451 25.30671555469509 14.66492935662096 132.70894906840147 99.94767222595817 69.00896059222154 43.929073972977946 38.62794168026668 143.19604514346372 113.38587700912394 87.19162418991928 68.87070509451996 65.41208742623694
48.51548169467298 43.96218704429996 37.12209459540021 45.89860116931396 8.900968379241359 70.40674280554457 26.827452990412176 42.752988341100234 27.81743477519683 29.66057236178352 17.805260427881656 58.17554511268638 27.85106702136557 16.872817282768068 27.464725093921526 66.98519384146151 0.0 28.8368239772578 20.790826276172904 16.60125271156142 47.658259884182876 27.74513716097833 25.22205572211167 43.481511237809194 19.76541372046973 52.685368175852815 9.092781400999408 42.19891909407174 23.59290745066985 28.07862823965956 57.62492972787929 56.4497898427266 41.820930702995405 38.271428627322855 23.53886799513611 33.428576769804046 27.146785126674008 30.311848594822866 11.309476623956442 3.611411311561953 69.67790423229968 42.016788803832235 32.72071425261298 52.63757344130308 82.85902202423614 61.93141495507663 27.48202855043612 8.359291024113256 42.18231522660249 76.70509635998138 66.42104934876566 36.41738783856585 25.20990774175712 48.37040139133917 80.24147919889397 81.14027572326242 58.97686464321737 52.607962695378 66.72125502613996 92.36154482343852 101.74154393841344 84.91920797518337 80.41100726253416 90.08505082103648 110.2698089163092
28.998378832168502 15.127874118671265 60.5750342426879 38.858259988487724 25.12524898376575 53.22196959140048 43.18251400538602 67.70032225402484 12.36422886187979 35.529479578004846 24.25721164016844 30.830597158881766 5.8766712058980435 43.9211006790564 15.16304448546865 44.37914310543721 28.8368239772578 0.0 49.619796065546694 13.33608650659375 30.641896405742994 20.202333938254906 41.341362672565914 29.258464227494926 17.782664951967593 32.02331185843988 25.88629139350647 67.67110987871493 17.47878381111992 42.69684287335483 34.34539251492093 30.144332259259524 16.40735117535937 11.873589907302772 13.045272103284956 9.585642724696537 53.12814459927092 1.5533460205568348 40.12479940765423 25.849670816931646 97.87417819094468 70.69599464450454 53.02165315564509 54.949712386899634 74.98299289043501 86.39494294451863 53.87105964959632 27.10977299765743 31.026316881890708 59.876278354282796 83.2787622797429 48.76694943436542 14.694640492806654 21.17790247148616 55.461055153772925 89.40460420172819 58.534832344208134 35.416148713887154 38.433243805216954 63.99030017526251 103.13834715177458 77.75837335501672 62.048314992741346 63.6270772125456 81.49600794024519
67.19288007513566 64.73947369896375 28.271227265796774 60.215893121319596 26.908531386508688 87.12987445917733 29.778070189160257 30.231125129147973 47.647866175735516 40.968206973001905 34.28220748400819 78.67321761666349 48.472551025770215 10.835241249441818 46.742212494226024 85.3361399831489 20.790826276172904 49.619796065546694 0.0 37.19450924347105 65.62594935303646 45.71096917199708 29.27783866450876 60.918136750200894 38.64846652687501 71.48342412687542 26.0533999455122 28.860949652167722 42.31300057583671 33.40841987796683 76.52478087714599 76.70930283896456 61.87639041618975 58.84085498945293 43.333701673534456 53.613159241865866 17.028776170144646 51.085659349674934 9.498037210985071 23.864618370131602 50.083888127543254 21.429529956255013 28.370795221842908 59.543493784566934 93.17081971111894 48.06446396777173 16.212363855034084 24.705080445898215 57.902447881868646 92.14064333577952 60.94409658271505 40.668721018015596 44.59295655670661 68.68728866295068 99.20776389298489 81.97735307757938 68.0621594696899 70.28083130652074 87.41338289824233 112.8608449865404 106.43463621279051 95.90729056835974 97.27672930968441 110.099922017975 131.0568604424824
33.28265301137833 28.183068713821847 47.458513747111645 35.71273951902049 11.789255783415104 56.526177306219 37.15364282049142 54.450084535220824 11.974974149737456 25.995721727534107 12.66379805612443 41.575753471057645 11.279865432791473 32.994025966040645 12.601362569684822 56.196653851185815 16.60125271156142 13.33608650659375 37.19450924347105 0.0 33.21051578823143 15.19641415267153 35.290075205376255 29.856130537311426 8.01024704662622 37.23851834695188 16.916407702541477 54.37772379964366 10.632987452693863 30.900984575338146 46.27256548234883 39.88775415831617 28.785064455961106 21.679797003935846 8.168766888564246 20.665629033320194 39.792447974453786 14.889065199778734 27.813257834867226 14.332509147313079 84.66156441683985 58.54962470819303 45.64373065474548 55.97727462003444 81.10717557934456 73.25459342597436 40.53712985193861 17.751918869995286 37.17325165878013 69.59467610765151 71.80984316281747 37.88933910485237 10.45957900396276 34.3228189475852 68.12900513354326 80.86313634569356 52.96319309992992 38.29071021927535 50.220342664202256 77.28397510274353 97.53325684043642 75.83979028314258 66.22219925002739 73.57889535063869 94.00583115875243
4.267839588473241 30.415594165863077 62.8699186030045 15.761564001780624 39.34557873761214 23.35085772770514 70.30551529941629 70.92901101103747 21.470592026954492 29.745643255798857 31.343932075439458 24.9269960190098 25.842309947610946 64.48896166408818 20.66329586126761 66.05419517313253 47.658259884182876 30.641896405742994 65.62594935303646 33.21051578823143 0.0 20.052102869246298 68.43489162911396 5.17468353002538 27.895386713849785 7.421105798975749 50.09273562808015 71.77071647509271 24.069768228815523 41.06950862769538 56.909924480123294 20.712770072521767 41.417522473962954 21.130193366256744 25.054086454586553 38.72865606508108 60.70285780232407 30.743080504746878 57.393047167332895 46.558464635855195 105.71038017595492 86.57353422778722 78.80356268302151 85.55558700068873 104.03964510628201 86.50084263653106 61.940300400612294 50.84888814651387 61.06899060499161 85.25278515375747 73.3645087074065 41.90279580446732 22.895011815863278 41.07752362858796 72.42505395468413 69.81884113508565 35.395290172081246 5.0829584621818205 34.54996785150211 68.96678912197386 77.19704080443664 48.24496307138262 33.02427573048271 47.41795109992601 76.16530941636469
21.502670964612022 29.933557616654312 46.809013591075775 20.565746356859723 19.298871513348704 42.67729384070084 51.82394225432708 54.67481162598137 8.046834562395794 16.408254243788594 11.54034181046956 36.2928010809738 14.412466507970159 44.50457558597186 5.134425646375096 63.941854807249605 27.74513716097833 20.202333938254906 45.71096917199708 15.19641415267153 20.052102869246298 0.0 49.987418474513916 15.736576262233877 8.181283259542447 25.808321003478124 31.222500502604554 55.164118344636336 4.6130412615977265 25.959991882527913 53.94921098482008 33.27209656174576 36.08909961268656 19.568393269924503 8.011012307249421 29.7775915898673 42.49251167486638 21.283247910244445 37.34734089203205 26.96802238977796 88.1937961334541 66.84380085160667 59.605592150635914 70.9390187913023 94.37503391050888 72.02751015969737 43.608445929211136 31.784679076730786 50.136513868896586 80.07439761133548 64.74767829230065 30.251278963798274 5.733418786319013 39.31231970192961 73.84374751490022 69.21778259141453 38.83915824154672 24.91388370026246 46.12770958253455 77.6509638294201 83.57300258110288 60.67687828187918 52.666123489922796 65.27294828006156 90.23411327423348
68.17323857649006 54.0360188250264 56.15324781053391 69.80326502592006 33.57584410925394 91.77963435680637 1.8755832741285356 59.28594440334386 46.993604446379855 54.816053928984985 42.15226071243009 71.8291620554144 43.838850637384276 18.475919146885573 47.89045446989781 62.83479875851747 25.22205572211167 41.341362672565914 29.27783866450876 35.290075205376255 68.43489162911396 49.987418474513916 0.0 65.13479033653161 41.893168641437356 71.8927825542774 18.81372249174599 58.029954184318235 45.39603893919218 52.73354484034251 55.73414480071939 71.45705084212297 46.108788767237414 53.14484992121246 43.45356061900856 39.707307285056615 44.71585322524277 42.235401602649375 25.074554456112004 24.068140101675294 76.0694522224416 42.07249287113204 12.185236393633364 30.359801550555733 63.951601614315294 77.34093984653245 44.309843390704344 18.437785695873565 33.337518453159824 65.40395100456148 88.12833757018797 61.08967094060669 45.73954505013785 53.358018524145464 77.43942389777892 105.55286929315676 84.11747876341707 73.51762568758451 78.28589513719061 96.16272929174032 126.90879007722127 109.51975816648553 101.3803099027559 104.67096265758428 118.44284271564035
8.67945106837289 31.59424330259338 57.69781434933188 12.23800175326858 34.96469102251579 26.957638548377826 66.99416516422873 65.75657803196304 18.66628337747925 24.575968545996023 26.68746267403424 28.88734620449045 23.92938585941668 60.218864485340625 17.28435739282511 67.52399990248173 43.481511237809194 29.258464227494926 60.918136750200894 29.856130537311426 5.17468353002538 15.736576262233877 65.13479033653161 0.0 23.82995476911957 12.473295799881475 46.549562513801284 66.5960499173874 20.05646620253389 35.897226753989024 58.07613061790868 24.829364576378932 41.71922324856082 21.385808267055726 21.72107383552964 38.02214778293286 55.59367713863387 29.61620943176225 52.87958571812085 42.62984755976277 100.54219378345378 81.73449664712045 75.14696677472125 83.7158811204208 103.75150287900355 81.40684175454793 56.84051066928655 47.21677825023661 60.18982779873576 86.08726571841976 68.84194521366807 36.88252390524918 19.397807118890725 42.27382730570937 74.78452534899755 66.67277701519039 32.69657311759128 9.366187844515727 38.74581188007933 72.86702466916 75.79728227598906 48.549936324733586 36.929559956016405 52.58627430152191 81.0041224622388
28.84295602753853 30.82730673110915 43.73130087464808 28.14547757020779 11.76936629659692 50.78751965437651 43.71970579271293 51.23568813234334 9.477266880870502 18.41744711997437 6.672745372964482 40.932797010458245 13.180313434839343 36.61595814631981 8.106219589468235 62.083152705329994 19.76541372046973 17.782664951967593 38.64846652687501 8.01024704662622 27.895386713849785 8.181283259542447 41.893168641437356 23.82995476911957 0.0 33.06750261212712 23.09574523904197 51.44762358196808 3.8276276854774576 24.92749397159283 52.05951852407875 38.49728564116121 34.16551619059189 21.981442589274135 5.57415414926952 26.679096271175773 37.69490607976343 19.215453402034328 29.87787362890808 18.80656339899105 83.37469591070237 60.00417966562483 51.424370502946516 63.900178650212894 88.97641500040938 69.46832446649098 38.65913935782242 23.623160832087848 44.90458907187458 76.61353817557064 65.53288330944758 31.114607102967494 6.044232223508315 38.72726040985425 73.19783222342642 73.19496117101421 44.958880124934666 32.862332677546135 50.33287555649201 79.88552597382566 89.52439901962656 68.22034214176769 60.730505040673826 71.53429598577242 94.55632638790455
4.3159683601361865 28.132221773858856 70.0785957408571 22.760985151361993 44.791205718584905 21.492526009545333 73.76800313083038 78.1320025319529 25.26654103441581 36.99078193361286 37.336840711260386 18.661377217691953 28.20092941558897 69.55360530397184 25.224889847829452 62.60120398379911 52.685368175852815 32.02331185843988 71.48342412687542 37.23851834695188 7.421105798975749 25.808321003478124 71.8927825542774 12.473295799881475 33.06750261212712 0.0 54.09752948378237 78.92709553885344 29.285485439606234 48.2865448871685 53.97736864886462 14.348716821914584 40.00913579989194 20.878215157322224 29.332798762353868 38.844671249032814 67.50220773292277 31.761389567089495 62.92226800682439 51.2019770108421 112.75080573152646 92.65209657102808 82.76955153661827 86.6712592679242 102.79949689897079 93.87892207412177 68.70765395410756 54.982064365560575 60.99269694676955 82.53476084839374 80.64254959517517 49.31461716198331 27.4860442073878 38.39107039993582 67.72818059405974 76.04460977848368 41.45010924463396 6.949447379644771 27.808855852652886 62.39570891692341 81.5596641734114 50.78703506237986 30.025067426803204 40.23088429337977 68.77776574910362
50.18485866240699 40.468375198840576 45.95733152749296 51.00649008868785 15.525308367314313 73.36711468797894 20.6296266004859 51.21795436450908 28.868425380017765 36.83969285123863 23.614607053429122 56.59374465362355 26.80760607853584 18.367629927571556 29.435258981771426 59.50329761667109 9.092781400999408 25.88629139350647 26.0533999455122 16.916407702541477 50.09273562808015 31.222500502604554 18.81372249174599 46.549562513801284 23.09574523904197 54.09752948378237 0.0 50.51849938654693 26.65278064314112 36.73205377124189 50.51912915159545 55.515835235579885 36.05539151433494 36.93061660062538 25.04157058831012 27.98323084158121 35.57089254094403 27.145101799086742 17.112740713761788 6.238614907698254 76.07580338418565 45.923697783766265 28.727728608886153 44.00473814747312 73.77255440313135 70.34680590871953 35.74683142081726 1.361328976100681 33.4772292972078 68.07680185744826 75.51096780521932 44.99056382571695 27.225636366861796 43.048340104340106 73.21150021459493 89.70609947549637 65.93851575361235 55.16689263936151 64.2936920308439 87.28554424169752 109.473161699129 90.82353112721623 83.11542042711123 89.23088620693488 106.82156910710802
74.77409271418209 82.03089714700802 9.09429488555533 60.46615864978458 42.655967635190635 88.51663524064573 58.61160423242289 2.032510393934704 60.70783754176607 42.06082240776343 44.92992836981377 91.44955946872842 64.30460857755578 39.56200352038728 58.59402690788404 109.03377769416014 42.19891909407174 67.67110987871493 28.860949652167722 54.37772379964366 71.77071647509271 55.164118344636336 58.029954184318235 66.5960499173874 51.44762358196808 78.92709553885344 50.51849938654693 0.0 53.92315573477103 30.733682121773715 99.48844003022757 88.39543768471326 82.81025943397746 73.37783922639004 57.02056867235124 74.43691012156948 15.057791756240901 69.22265137563079 34.352450969381245 45.80241262462237 34.23294235325698 31.45006965871636 56.57878233989124 88.36316840408878 121.6954380364395 19.846466924470032 14.772596094347989 49.37034891794047 83.97313570494501 118.57654953190647 35.06701837209716 32.34777031653587 57.07800601589105 88.68064814855911 121.92396810965649 60.65712968058404 58.936453646124455 75.2496770397125 101.22407005400524 131.24367015833494 87.99157750435477 86.59949800191372 98.24021099540013 119.1533285954203 145.39120683378704
25.04534848401204 29.12922427862077 45.92158686855086 25.08024708374829 15.508414667054929 47.00793485026726 47.23611898697028 53.5974714103927 6.874370941423687 18.057999133663408 9.081664393641525 37.85782909776391 12.108391405022065 40.44266316012451 4.739233254519099 61.78815141195554 23.59290745066985 17.47878381111992 42.31300057583671 10.632987452693863 24.069768228815523 4.6130412615977265 45.39603893919218 20.05646620253389 3.8276276854774576 29.285485439606234 26.65278064314112 53.92315573477103 0.0 26.09666808291331 51.755806795538504 35.22653741505148 33.80196222736656 19.55229386924359 4.447918246227994 26.863515618996335 40.56451288963666 18.756295381213892 33.63805858077717 22.576899118048026 86.32155762217958 63.62083496168007 55.12354099635361 66.51611611615772 90.58133049371588 71.4991241254211 41.5909513800793 27.245728471350137 46.364773271806534 77.14852350067832 66.08118585730006 31.48413988284231 3.260890046496921 37.74745214588863 72.34612140947641 72.21668100976811 42.801687475035 29.044068069971054 47.43384165608106 77.78958017039558 87.50802220087307 65.20704880128952 56.930266927548 68.00692749526715 91.67125993036451
44.19142979615079 55.223009279412054 21.80059410229888 30.27255495679737 22.04105159486667 58.45583946346577 54.16199179012239 29.85950274801349 32.88502223736317 11.331008195483784 18.504683281117792 61.86067271506935 37.95460838398392 38.610233341657946 30.286940482702917 86.86005381207609 28.07862823965956 42.69684287335483 33.40841987796683 30.900984575338146 41.06950862769538 25.959991882527913 52.73354484034251 35.897226753989024 24.92749397159283 48.2865448871685 36.73205377124189 30.733682121773715 26.09666808291331 0.0 76.86172247731017 58.50381542873008 59.038447640529526 45.34607995655482 30.11198960077522 51.30986092378626 21.60530567266689 44.14115076052158 29.710190346372812 30.49547665021251 64.84142065585998 50.77003563311734 57.84105533628636 80.67455190439043 109.84527046854713 46.222505623886136 22.993097188775288 36.272437475477794 67.06371323088798 100.37050489927495 40.90912929226773 8.364667956830495 29.346757877282442 63.618790015886034 98.12401543729767 53.06172555489455 34.662345573779966 44.5223672045489 71.81807336004078 103.57732203003572 74.58166341087083 62.63504941290265 68.4006752344176 88.48126010216181 115.64597901705379
53.37642313669824 26.535651468224874 93.31322073670049 69.75815883837151 57.31553084513682 74.04022736513873 56.9785642578091 99.8267151034856 45.9035881049532 69.80717368942649 58.357077458192244 39.464701098124095 39.7144648873778 67.67513273037586 48.816848566918814 10.03450652610861 57.62492972787929 34.34539251492093 76.52478087714599 46.27256548234883 56.909924480123294 53.94921098482008 55.73414480071939 58.07613061790868 52.05951852407875 53.97736864886462 50.51912915159545 99.48844003022757 51.755806795538504 76.86172247731017 0.0 42.56273413998496 17.954523040285643 36.85918620861864 47.35653807248611 25.614547679716406 84.47901956845925 33.00744252192239 67.59355780181933 54.03162319204647 126.58956274642115 95.31096665060981 67.36656834599017 48.85836569913541 51.29168030992971 118.91401729692885 84.95374631177063 51.85153437858293 23.555706846688135 28.565856112840606 117.59237952070822 83.11099983715422 48.80329829579314 15.841042050741207 22.692914314282035 122.82999622968413 90.3055703772071 60.14825993930624 38.41040708765069 41.566027455433236 133.85885097202035 104.69021163886833 79.97914710361405 65.02355467372588 66.74006658403692
16.466820292146632 19.757447822880017 79.90818214222944 36.47039512210398 49.93454526059386 31.65498827898741 73.2884264928436 87.84635931865888 29.14718399742284 47.6387217175066 44.238619856320994 4.312968871780219 28.85095355398359 72.81003762351244 30.508951029759007 50.289327502106325 56.4497898427266 30.144332259259524 76.70930283896456 39.88775415831617 20.712770072521767 33.27209656174576 71.45705084212297 24.829364576378932 38.49728564116121 14.348716821914584 55.515835235579885 88.39543768471326 35.22653741505148 58.50381542873008 42.56273413998496 0.0 31.843540101853748 18.58679502138863 33.427843974650905 33.64674959068537 75.66073957110058 29.223651872523288 67.51485325217722 54.166923838604305 121.41267052327514 98.13877106659872 83.16326146683686 81.21431881754417 93.11353798696805 104.70429749339003 76.73261406723766 56.635665164115686 54.05648375526228 70.93242322060505 93.6390872515066 60.93728880281966 32.454123887781705 28.071865518058 54.015105254833735 90.31626915903239 55.74693359188307 21.290067015155053 13.91644784591561 48.258909087475146 95.54723624154343 63.80463276799889 37.518309235968175 33.749836291338674 57.14293419144985
38.44046722419171 12.245088118201837 76.18991660728511 52.86324223739473 40.22737480766468 61.25149010410876 47.71046139135623 83.00525830250754 28.045676479684737 51.85543081417018 40.54928563182776 30.244755411378215 21.780109424190446 54.23563492992564 30.955321537410416 27.98824070333615 41.820930702995405 16.40735117535937 61.87639041618975 28.785064455961106 41.417522473962954 36.08909961268656 46.108788767237414 41.71922324856082 34.16551619059189 40.00913579989194 36.05539151433494 82.81025943397746 33.80196222736656 59.038447640529526 17.954523040285643 31.843540101853748 0.0 20.389312593886547 29.4025755641039 8.419322589112415 67.95103114865115 15.053668841213906 52.54832051978449 38.35327153245281 111.47897443898523 81.94610089792388 58.288688559734545 49.74721126327039 62.82360142644349 101.94343516402667 68.54760685679199 37.41563649177076 22.26949299425136 44.57326326719901 99.68371137548003 65.17162933640444 30.86574098313471 7.273266242964888 39.34413014131703 105.1699713520766 73.2180988380354 45.34191594292346 33.84849932679774 51.28727613705562 117.32025079966498 89.66245910430207 68.62544981116447 61.43556476166998 72.34628767748984
18.519909564069316 10.831973576512675 65.4677993028409 32.89899054731466 32.53347185752784 42.35451893243812 54.994708478997175 73.10467774161393 12.693946292653294 35.91703586144946 28.44956010055328 19.915720141234104 10.428538420180136 54.36840282130262 15.079089290797217 46.50728086008374 38.271428627322855 11.873589907302772 58.84085498945293 21.679797003935846 21.130193366256744 19.568393269924503 53.14484992121246 21.385808267055726 21.981442589274135 20.878215157322224 36.93061660062538 73.37783922639004 19.55229386924359 45.34607995655482 36.85918620861864 18.58679502138863 20.389312593886547 0.0 16.44720131735315 17.990571783428663 59.65316878438963 11.248796079499456 49.489626306337776 35.788995237254426 105.25604245855739 80.22149463872749 64.706402588215 65.82648006138825 82.91024680973909 91.04359399449065 60.590636176560324 38.05712319032732 40.252879495678265 64.70760572567109 84.17377805800717 49.78528408783128 16.33332498458488 21.20928788571416 55.02493684144805 86.41626045768282 53.45656763956703 25.34334655031423 28.667260827820854 58.27679221432628 97.14190441454232 69.34186160370437 50.74294167845638 52.30876286865976 72.74871406831284
