0.0 71.98046637658294 17.75264913042201 83.0895646081379 19.89937575574817 62.0394452823588 25.435959108563807 9.243769645984369 28.312904354465264 40.9183900819123 31.904155675684397 37.71178600395722 65.36803975102394 63.69212307586705 67.58768667387248 84.98143223735252 68.46648450901456 16.51083136128364 19.09289771875059 37.33684071126031 30.673687031809838 72.83802773686621 35.28554427011955 75.74669756424902 54.033253169753564 43.082835066423876 16.260334023185585 29.497554999399142 17.234662806438152 37.56606532672486 20.43676967374928 37.07596862109976 58.83999413244752 62.59789884882187 63.834242684722476 61.43819024138836 65.99750256013566 16.112338066666283 23.945292726503652 48.609318118052855 61.913994627590974 30.771431603739725 21.336981576589004 48.5643909706183 81.58787204883048 59.701267502021835 26.081610123170137 13.82433177985061 45.79111954280226 79.98370975427908 69.94374494682646 44.6759935279797 38.659906220847624 58.20703833042961 87.61482342496025 88.41337718707732 69.95632696126619 66.07284231684721 78.94380087003665 102.43728467852578 111.07865581473973 96.818976754239 93.82986528718196 103.09634260627946 121.85380984439958
71.98046637658294 0.0 57.23799805413723 49.27324614851651 75.58805142053113 17.121331548274213 82.07487464952175 80.74535855708224 70.81198935226891 31.09335398175453 82.59615859254299 39.58484165402174 38.41311078425902 37.41150277502932 17.51521380131194 30.781149562715218 38.74565109050815 55.4699695042163 62.91284561936359 35.8144843841291 81.37010541717288 1.4226131961563322 38.90727846884353 45.73610169889361 18.078401967875863 30.38893747920948 57.253234734030094 68.33441705556505 73.74471559104873 36.61828129122324 77.48467365942307 42.01954179678254 41.66405457781018 28.622280106695722 10.550111410331226 34.99319114091789 33.38553671226568 66.4043288671602 62.0291912767016 24.89421277952164 127.88139340084774 102.04667059739242 82.87422490283197 75.61410782234194 83.43615179799681 113.2938122073153 83.23284110711647 58.43571737738314 47.922537140371254 59.77637778372348 104.38134450597578 70.74969452774432 38.86412044811691 20.252575847576097 41.2887416449611 102.63378379607941 68.16944932633024 33.98981282064595 7.641612311618982 36.82844567562685 108.39831229527161 76.50091559595903 48.470775738918555 35.231692415247736 50.27880504165219
17.75264913042201 57.23799805413723 0.0 65.4806481042508 33.01405602815961 45.450989602556895 26.895307370099488 24.787286148086917 37.322275828876876 26.633076601525026 44.971394561121656 30.098302568369203 47.63556326064468 57.216302963954384 50.72847009225609 67.51316023258022 50.73170165241508 8.951945599079457 24.77144574958088 26.265204979406953 43.57686602516457 57.91480223083663 25.800194665340413 58.13237311205081 39.19244331796519 31.446277941685942 14.93597808505412 37.145230842963684 30.1113550960617 27.550563155749813 34.28684015103003 30.839901812955578 41.211861585418376 53.79545124863776 48.16439068713419 54.389125484698795 48.26149574716121 24.650175243782034 28.82331440686493 36.305096909098886 79.61657491839524 48.13791793388693 26.278524983395865 38.192986251694855 67.98300606379647 75.36007350944905 40.78799530228192 6.560087440198232 28.58781626294133 63.13751685931374 81.2983588034258 50.846802048737324 30.922609660783614 41.49523675519247 69.87372849545302 95.5489047721732 71.29106834796968 58.566436246624015 64.59432087692859 85.49627436603787 115.06305554683327 95.67954208281377 86.39647794094596 90.38161669539227 106.15097964588944
83.0895646081379 49.27324614851651 65.4806481042508 0.0 96.83019669605758 36.71919849690106 77.33579310099009 88.61300951601605 97.46690536841584 54.65493795171798 107.71269075524272 70.80346685953465 18.50422702317926 83.04471314057588 32.75511487752293 22.90534021915939 15.660854400490244 70.50119419664561 85.53995006128505 63.28146449965316 106.29404694093355 48.2309719002349 66.7185901256546 7.348460078357988 48.927356655908405 61.42507677163387 75.8291840259339 96.02840864675014 94.0930767419593 65.58114559295045 98.4070807693727 73.60717081136707 24.268969362376545 74.34708536739174 42.8717880211118 79.99725072135298 20.37817276896746 87.27912804751845 87.49954993066925 59.18380873694297 144.98989150401826 112.28869306696656 81.18037190848638 54.466275968829294 41.68594362665912 139.38707801174323 105.02430363332151 70.89641464888797 37.64769961229484 14.25648560822534 139.2767831732902 104.87922604010366 70.6833274542899 37.24868463476016 13.17752768620231 144.67157581724402 111.88116664968774 80.62101487158289 53.63695195902304 40.60688588951763 154.99740954598846 124.8328761903574 97.65787408408207 76.71790631519832 68.03658807970729
19.89937575574817 75.58805142053113 33.01405602815961 96.83019669605758 0.0 69.7964102379687 44.83972412368293 24.260253095029963 10.818687371972455 46.79310223512502 12.209784767942905 36.39636817835635 78.43403774985146 56.93871196100092 75.74083670473871 94.62803897974042 81.43841968807978 26.385800696320068 12.721681080071452 40.007905990855875 10.895594248201931 76.71208014839296 36.72489307658737 89.54217847328185 59.099599983892944 45.215305717794244 21.092559209568865 13.24568196975731 2.914249645558791 38.98195648534902 1.9015267647289367 34.4022517676397 72.82159323552457 58.664562491939236 69.58322719638952 55.552433641255384 77.95373584058107 9.768729600513764 14.193760454525728 50.701320835549375 52.307163417691314 31.251284424803803 40.15074988699906 68.13486009054368 100.3367933854484 42.650104991021585 8.249257221621296 26.68189216523721 61.24255734512749 95.83440210419202 50.060564449417924 27.363736263022187 37.23343911423104 66.4734901363888 99.22681981092181 69.2610002237072 54.94338269771882 60.293124673713805 81.52633251650698 109.78443119387931 93.23078337512666 82.93325115742786 86.3631288955445 102.14683853765067 125.7142947935748
62.0394452823588 17.121331548274213 45.450989602556895 36.71919849690106 69.7964102379687 0.0 68.02372272608366 70.07776656448696 67.3937754550516 23.04653333394842 78.77684141765415 37.24424992266553 22.417898769682843 46.34180571130084 5.986260740064588 25.381679677815427 23.453273669560218 46.04165777003698 57.23618276267982 30.794708018996086 77.4278577801692 16.880021334474627 34.3979188997973 31.610605347450935 12.863632744229388 27.14402067399763 49.43346151345513 65.3608747487347 67.49706084727451 32.6088881873643 71.61791783756419 40.07146498879568 24.706111862382265 37.70455736610278 7.1501836590017245 43.27970184920559 17.808513177221982 60.0876215554543 57.68835886766828 23.547166269445036 121.55070183444488 92.78809176415714 69.56632262011817 58.85663028012353 66.95908474053078 110.51383234685707 77.92249028253876 48.2219577342504 31.203129464324785 44.90822568323937 105.96566869002783 71.38895815358349 36.86323282374785 4.033200320450167 32.68776006517099 108.72385652228505 75.38628953340012 44.04714731661975 24.332130791608137 40.48205597731846 118.27821140580683 88.49863645352902 63.78936766605837 51.97075730281002 61.05437917974766
25.435959108563807 82.07487464952175 26.895307370099488 77.33579310099009 44.83972412368293 68.02372272608366 0.0 21.66456852555908 53.748092642091805 52.77842462226701 56.28533682890073 56.608062044622066 62.53764940084978 83.78143400466469 72.37994552611926 86.03838585036188 65.45762625836622 33.65182364413044 43.803692821781766 53.16010210787437 55.191661808894885 82.55246645171957 52.58458439172021 70.47126779240281 64.45962780066337 58.27646549524152 37.46818216520582 54.8889564004973 42.388443453367984 54.41184460981414 45.019325326645564 56.98593919419123 55.09974390040799 80.6749927065284 72.19721288176525 81.0546862669447 65.07991828456142 41.330819471441664 48.68846061222146 62.9523827671712 74.62296630837676 40.02962365640708 5.568556345304263 29.231853341065204 63.81886915342132 80.25250548851348 49.661244988499114 29.780051096357226 41.258953039648546 70.08986047604373 94.35327267773845 70.04068777162449 57.47735149980652 64.00300025581117 85.34583916020198 113.81859518889603 94.44896463050924 85.33025981892723 89.64715040672438 105.76711173401642 136.3694635087538 120.46051590147421 113.22298569731764 116.28738701487902 128.92118350026323
9.243769645984369 80.74535855708224 24.787286148086917 88.61300951601605 24.260253095029963 70.07776656448696 21.66456852555908 0.0 34.281690438926745 49.65256535343516 34.99368998763026 46.94975286383795 71.46845079703722 72.77085788635394 75.45888867171394 92.23414332813923 74.56537870022535 25.418052237936358 27.183219665642948 46.47657938455576 33.99290819180792 81.55781050264358 44.50237654058982 81.32571816001247 62.71740335351347 52.21148691159525 25.49840172998503 36.00169100022927 22.237030291787878 46.77133261752384 24.083601472061844 46.27191923080621 64.58416640832465 71.82593292962142 72.29769589049926 70.57395937228893 72.5926106287649 23.65440644125963 31.835579611705008 57.70109443062592 57.00642378338616 23.717810521316583 16.437432434110175 48.71033052525146 82.88580023408568 59.00513436818894 28.14745615649399 22.311447011346072 50.972247554937276 84.22224971546227 72.88126335258782 51.04459237804899 47.89817107793765 66.16442921017641 94.10654127356005 93.48714293361837 77.47415103795659 75.22890649589682 87.81388714096192 110.26293703495195 117.32822439909329 104.79582909270562 102.92263165718487 112.24357076230068 130.37951910425215
28.312904354465264 70.81198935226891 37.322275828876876 97.46690536841584 10.818687371972455 67.3937754550516 53.748092642091805 34.281690438926745 0.0 44.53540772366809 11.793583339933646 31.282735256509728 78.9649028284552 48.040835748559296 73.37744406607762 92.70179060510324 81.83833089410952 29.103531287809286 12.66918685004862 36.64141932972513 10.61902255589951 72.04106401156069 33.0700640475191 90.33593795599147 55.66194766470685 41.08104312728156 22.93040452994473 2.8968484681562785 12.127069783769269 35.04943429198117 11.988769426281653 28.792488537688897 74.10500995773448 50.86850549017259 66.09543623897274 47.034991542348415 77.78341587919273 13.077042646968502 9.978209663625698 46.16070219399166 58.2095972606941 41.47694580703831 49.46855915347118 74.62413246891232 105.28630223594732 43.12752337041183 14.352294286128531 30.77084092453463 63.89485246734796 98.04647323101732 44.0028289708021 16.779576272601446 31.96418526281904 64.47258205068862 98.42036511842775 60.14274621564223 44.125165138492335 51.68875617904456 76.10020941235743 106.32766934883061 83.08182928699983 72.12711816622338 76.7906578335535 94.79473732026263 120.29144795539007
40.9183900819123 31.09335398175453 26.633076601525026 54.65493795171798 46.79310223512502 23.04653333394842 52.77842462226701 49.65256535343516 44.53540772366809 0.0 55.79181817875361 16.248718427705796 36.611169606175004 36.690442590717 29.020098042884 48.20291732067596 39.12525639023308 24.421095645280342 34.19602109113698 8.626532235909858 54.432177914313264 31.92432057374304 12.108335227566194 47.9815788166465 13.12194723940157 8.44583097622694 26.828896418073718 42.636593085324 44.55204043111275 10.958143970641599 48.62822124879882 19.004720012277357 33.75688128173463 30.645594882086158 23.21949276405999 33.43918562323351 34.34523481269655 37.124443276333814 34.726931775766275 10.817226729610045 98.75318866101193 71.22435335483286 52.80557903493755 53.84008052599718 73.51111339282122 87.59716997975565 54.89155986609262 27.34496101763347 29.61848804809842 58.32329867315815 84.73640691771534 50.24547674676609 16.24226216651169 19.946631235991468 54.099713360108495 90.95715415049727 60.06255339316847 36.5602189236676 38.21808151330731 63.0826977903988 104.65198202789318 79.13108325375715 62.977779356752016 63.760916017599556 80.99067534555154
31.904155675684397 82.59615859254299 44.971394561121656 107.71269075524272 12.209784767942905 78.77684141765415 56.28533682890073 34.99368998763026 11.793583339933646 55.79181817875361 0.0 43.04337701234114 89.2291672365704 58.79244901291812 84.7627259758646 103.99204581762882 92.17458715237856 37.78323952297908 22.19439962688286 48.14761283209218 1.4226131961577468 83.82031466275413 44.6163214407484 100.48822291369889 67.26040538393889 52.75769729002359 32.00879691354081 14.413199301567792 15.096456961408602 46.664495970922296 11.467502582202037 40.57874295936076 83.95515302146006 62.23127455895417 77.7249763122009 58.05896212786905 88.37973385653515 20.666450291331017 21.091363631666294 57.90365665635725 46.784748271401575 34.84792999825093 51.33005470618167 80.31190162993684 112.51692897561736 31.886328834576968 7.283945958798383 38.525671542365004 72.87147908279069 107.38310461366976 38.12602529645641 22.043232443995866 43.73853523559603 75.73017832212527 109.32477042584995 59.15534894645261 50.128815877638544 62.619854921059805 87.8885627110504 117.99304155198283 84.5807660187627 78.3193611093555 86.65259704974184 106.19866633508066 132.0695831285755
37.71178600395722 39.58484165402174 30.098302568369203 70.80346685953465 36.39636817835635 37.24424992266553 56.608062044622066 46.94975286383795 31.282735256509728 16.248718427705796 43.04337701234114 0.0 52.85308045806291 27.17677578315929 43.13019598992943 62.580801342029226 55.33464851558439 23.17240045224864 24.003056616827575 7.770618936976037 41.80106217643475 40.79127533648044 5.172577586828527 64.20351629154585 24.82837907462925 10.1335143787262 21.451735094450385 28.900861093739557 34.849914386818035 5.321390101289557 38.29688594339519 2.845226392315494 49.86222551630806 24.91113668313796 35.071135474746825 24.471055948484544 50.44382922994898 27.82326746285687 22.516150014904927 14.890587585333028 88.50496364246861 65.05717188779658 55.0139757730307 64.92637629664902 88.31266069662024 74.13259655681878 43.77690481820808 27.05610722375365 44.073671282826034 74.48344837627258 68.92614709087164 34.328269104472845 0.9490872078729429 34.90309260294692 69.50111783183226 74.82437299687358 44.92789681627107 28.864910536074692 45.1961086636123 75.14673277242765 89.66165593513996 66.60800848916728 56.822811949712204 66.45169700410587 89.42938568898735
65.36803975102394 38.41311078425902 47.63556326064468 18.50422702317926 78.43403774985146 22.417898769682843 62.53764940084978 71.46845079703722 78.9649028284552 36.611169606175004 89.2291672365704 52.85308045806291 0.0 67.71673045358861 20.981687494460044 24.630363994438326 3.1015560390561396 52.17178608881023 67.04845527718258 45.20753732890813 87.81154879039126 37.769593123756444 48.56110657551116 11.447521508629999 32.80866355469343 43.86590513697284 57.39256598132589 77.54246686933597 75.72233153107325 47.56903855096887 80.03591687509466 55.61570386167443 7.465017859932452 59.39827608707504 29.489732697736855 64.52541365128477 5.142178161249252 68.8408251292978 68.9995563216709 42.326778672360135 127.2505344585275 95.18255446736413 65.73857109221576 44.47720409925721 45.052242357384785 120.93968346492792 86.64776528173444 52.76470542833011 21.3364422673783 22.830333275608453 120.95740694636035 86.67227382101642 52.80456836957502 21.43390933869364 22.92058323687301 127.30106067739496 95.2494718790494 65.834522793078 44.61756992071736 45.18950494009282 139.1075622477339 110.40326937450087 86.14877062206591 71.05702113268546 71.21341593014891
63.69212307586705 37.41150277502932 57.216302963954384 83.04471314057588 56.93871196100092 46.34180571130084 83.78143400466469 72.77085788635394 48.040835748559296 36.690442590717 58.79244901291812 27.17677578315929 67.71673045358861 0.0 50.59903633376034 67.71299179875112 69.3295987522963 50.25235195555563 46.798578144027154 31.885074794581072 57.970330725212676 38.81843822364327 31.501299080800276 77.82749166987107 34.93472605181785 28.445093336973823 47.704532095669876 45.14457048296734 56.43123112870375 30.041460599993517 58.67493655510644 26.96283063665897 67.41735519805445 8.895563895004255 40.38689941832792 3.292075070224983 63.72257838725562 50.816261471124555 43.23341180064135 26.78455183520648 105.44717318503605 87.92037952263597 82.07071371541005 90.1994072988783 109.22905389828789 85.11188970507635 62.37393272306988 54.14589722767221 66.08968058217948 90.54673136631746 70.44874424484912 40.378791013185435 26.319366078457122 46.36606913525862 77.47100601093415 65.3927521243097 30.821104713028003 4.303870736581115 38.49623946763437 73.07702747941548 71.99744716651725 43.00032182604758 30.153934428906698 48.62436273984507 78.8304151189815
67.58768667387248 17.51521380131194 50.72847009225609 32.75511487752293 75.74083670473871 5.986260740064588 72.37994552611926 75.45888867171394 73.37744406607762 29.020098042884 84.7627259758646 43.13019598992943 20.981687494460044 50.59903633376034 0.0 19.451776604268257 21.23138940253232 51.74778781968015 63.199876242121015 36.76891184259974 83.4132760790319 16.805068556709994 40.36918602834204 28.48976119636452 18.50438107859233 33.00833638037306 55.294452408984576 71.33666399012795 73.4220959789499 38.557272877051616 77.55685055289572 45.947779796664456 25.002819850702952 41.79513827215787 10.214234854093965 47.6557030722802 15.902917376046735 66.02064688366063 63.674506522349326 29.163570521225328 127.41671460186629 98.35750428628832 74.21698193727076 61.13022524288332 66.03355769449196 116.49879165934406 83.87871376951496 53.797229248916786 33.87444778376494 42.375082741851294 111.72794455273021 77.18041930646949 42.72416785578127 9.4204977543836 27.331134283923546 113.87966032766109 80.2358787474782 47.97770357927768 23.680549905500758 34.849984903955466 122.58984841486553 92.07903282097381 65.75432253366291 50.63120457026769 56.55273750424276
84.98143223735252 30.781149562715218 67.51316023258022 22.90534021915939 94.62803897974042 25.381679677815427 86.03838585036188 92.23414332813923 92.70179060510324 48.20291732067596 103.99204581762882 62.580801342029226 24.630363994438326 67.71299179875112 19.451776604268257 0.0 22.370819997653502 69.80212327989243 82.22550015196624 56.15847866122264 102.628898276386 29.4702552009483 59.765838021372645 23.406635550307737 37.88172319578642 52.4559455186392 73.86563338029082 90.71148246891704 92.21078398137854 57.990529512171065 96.4101954157446 65.3962170936177 31.87419140686543 58.82133585588869 28.479112199384264 65.03765594660355 21.082256303970468 84.8672249937371 82.92892279691425 48.468040511741215 145.82405076647555 115.6339725695169 88.72740833257582 69.05552778627779 63.71463254148983 135.79501359119314 102.82430198302953 71.41580775385674 44.971405071564455 36.59871732708429 131.07942531634748 96.57094445356337 62.168576706371496 28.26251214004911 11.289831752761437 132.24717836982865 98.13571317868985 64.55050289376807 33.13251960558757 20.581727236474997 139.15016844941266 107.17664007979076 77.49649427215795 54.03140493134853 47.20053456514821
68.46648450901456 38.74565109050815 50.73170165241508 15.660854400490244 81.43841968807978 23.453273669560218 65.45762625836622 74.56537870022535 81.83833089410952 39.12525639023308 92.17458715237856 55.33464851558439 3.1015560390561396 69.3295987522963 21.23138940253232 22.370819997653502 0.0 55.205289513888715 69.98587633336575 47.74463895439411 90.75833451701374 38.001814345238095 51.144694522865784 8.884592451114122 34.54717787281773 46.167561112420486 60.381273010581005 80.37764558288866 78.73702313615442 50.07657982997041 83.04976627864244 58.11839956394124 10.36317578521862 60.88657184308903 30.361473710641572 66.17263045188828 5.651449056445805 71.82593822500421 71.86628662504586 44.35854713513064 130.34519565407757 98.28024702954949 68.72381539036768 46.70907372970506 45.11464571190848 123.9132889939305 89.65871334460682 55.836516703501076 24.32279479040978 21.455305293270648 123.64660343906029 89.293177760053 55.25316219531569 22.965268481965257 19.918495579906878 129.5832237598292 97.27677457806281 67.29452096417562 44.599965470760694 42.94862020706301 140.94113970981013 111.83513267583957 86.85938739700126 70.54625221930438 69.30915143418153
16.51083136128364 55.4699695042163 8.951945599079457 70.50119419664561 26.385800696320068 46.04165777003698 33.65182364413044 25.418052237936358 29.103531287809286 24.421095645280342 37.78323952297908 23.17240045224864 52.17178608881023 50.25235195555563 51.74778781968015 69.80212327989243 55.205289513888715 0.0 16.434487675201293 21.247647480237934 36.363879070027394 56.33202311275904 19.728578075118797 63.195735030420714 37.541864471112824 26.9265036677753 6.21824775653691 28.646881263431048 23.607262625740876 21.853954244626685 27.918455521450984 23.35529431898505 46.43970870031944 47.82485815843633 47.444820722639435 47.627543066126826 51.981323001313925 17.117460486878016 20.122130000309326 32.34042840106351 76.04533536315454 46.91513961040982 31.843399510359713 47.136061925710585 76.318078126294 69.03145184490917 34.53728744458127 3.8937416011738426 35.10487633792196 69.60170674026907 73.0786561726763 41.98440766073237 24.077666003553485 42.32753865754047 73.47346509024347 86.6504823763697 62.53476188932512 52.03544902795314 62.4466222436995 86.52325968344563 106.15397206667369 87.38660633018175 79.99312918803562 86.92589396278755 105.39473391151563
19.09289771875059 62.91284561936359 24.77144574958088 85.53995006128505 12.721681080071452 57.23618276267982 43.803692821781766 27.183219665642948 12.66918685004862 34.19602109113698 22.19439962688286 24.003056616827575 67.04845527718258 46.798578144027154 63.199876242121015 82.22550015196624 69.98587633336575 16.434487675201293 0.0 27.28634511966103 20.781580801819256 64.0241358281212 24.021053793848036 78.33274988289695 46.386738420238544 32.52655569751468 10.27032608731184 12.38993338986953 10.87667561541154 26.294900729637714 14.604440926863642 22.258685389780585 61.8868165375802 47.37502514752198 56.87507487397798 44.993633775074336 66.19587725558469 4.033555553733597 4.893604872676146 38.0450700869739 65.01701527430781 41.53427266491009 40.22196929721976 62.492761982794775 92.66990484224773 54.02544178264228 20.70370911686057 18.259015027555247 51.31269370783304 85.60050402008396 56.65442022392354 26.775873498167556 24.880085967142417 53.99941813893422 87.22214653549881 71.4151285429764 50.89195214935402 49.74607075998743 68.95043779640785 97.10028188096517 92.68134790704339 77.76674435031595 76.81304383780387 90.26385644526489 113.09123199703338
37.33684071126031 35.8144843841291 26.265204979406953 63.28146449965316 40.007905990855875 30.794708018996086 53.16010210787437 46.47657938455576 36.64141932972513 8.626532235909858 48.14761283209218 7.770618936976037 45.20753732890813 31.885074794581072 36.76891184259974 56.15847866122264 47.74463895439411 21.247647480237934 27.28634511966103 0.0 46.82517579968693 36.86939800085378 3.611097014387273 56.594364008470734 19.174360322576185 5.751681944064979 21.70985063292273 34.567833463281566 38.027485490956444 2.4733354329621475 41.88981509136622 10.438484137919193 42.09652107789395 27.593784452625428 29.67166375568356 28.82772011749579 42.96697327486949 30.640522184632392 27.082805367515036 11.346397037203126 92.29262942319342 66.54421178050964 52.279407757057 58.59131768910735 80.79325603339359 79.76819945155842 47.88491143659828 24.8557245966628 36.571745237706665 66.72346856040313 76.141991946774 41.62686240009449 7.927326523020593 28.06676745203378 62.509986893984 82.59463455094551 52.41809844334615 32.684473250317595 42.23419110909436 69.95722525401729 97.13763034827495 73.05813192978044 60.28304941457053 65.76766262998453 86.09012047770182
30.673687031809838 81.37010541717288 43.57686602516457 106.29404694093355 10.895594248201931 77.4278577801692 55.191661808894885 33.99290819180792 10.61902255589951 54.432177914313264 1.4226131961577468 41.80106217643475 87.81154879039126 57.970330725212676 83.4132760790319 102.628898276386 90.75833451701374 36.363879070027394 20.781580801819256 46.82517579968693 0.0 82.58793112601664 43.302978466537965 99.06832041606903 65.95186193968006 51.47433082729698 30.58618371738307 13.317398681653543 13.763740656672551 45.36555500801273 10.25580496668968 39.361479589242165 82.53289321994288 61.25801046786014 76.42276161350925 57.174020736092906 86.97132073362424 19.2466716245613 19.753073360584754 56.64683011677946 47.74102234268751 34.73209896882361 50.28183506886526 79.02555239512002 111.16044115735434 33.2802676725756 6.74080330145611 37.123499827449756 71.45434659428804 105.96294943258754 39.29714914921112 21.865998321401424 42.50673966959472 74.3664510069866 107.92942247763992 59.91034541935684 50.043424521805775 61.75956931259859 86.71187738167932 116.69815837538636 85.10235259879636 78.25592645686734 86.02501747609362 105.22048866429905 130.90887223653468
72.83802773686621 1.4226131961563322 57.91480223083663 48.2309719002349 76.71208014839296 16.880021334474627 82.55246645171957 81.55781050264358 72.04106401156069 31.92432057374304 83.82031466275413 40.79127533648044 37.769593123756444 38.81843822364327 16.805068556709994 29.4702552009483 38.001814345238095 56.33202311275904 64.0241358281212 36.86939800085378 82.58793112601664 0.0 40.00698074774008 44.83695627790938 18.843247840024766 31.49844919261438 58.22873515502291 69.57865536121292 74.84220288976495 37.73152700904 78.60703498987374 43.251653614369005 41.241655864856156 30.03677899555419 10.643552403316633 36.41031514605884 32.706863100226784 67.48722523202956 63.20508233590477 26.044688277504928 129.01394956186655 102.9856021614201 83.43986686539805 75.58525369066327 82.81782315922658 114.57663881424543 84.38942942935111 59.24655892432899 47.890949024459765 58.92147793649092 105.77588922089512 72.1119854839448 40.08222242091427 20.19596623200753 40.05016784066664 104.0524295600398 69.5832789352507 35.37810943577855 7.499457113253415 35.4362300001658 109.7403069294907 77.76039593583705 49.44950395471695 35.19457005920109 49.26349700580597
35.28554427011955 38.90727846884353 25.800194665340413 66.7185901256546 36.72489307658737 34.3979188997973 52.58458439172021 44.50237654058982 33.0700640475191 12.108335227566194 44.6163214407484 5.172577586828527 48.56110657551116 31.501299080800276 40.36918602834204 59.765838021372645 51.144694522865784 19.728578075118797 24.021053793848036 3.611097014387273 43.302978466537965 40.00698074774008 0.0 59.973800781887995 22.651656243498863 8.522715698778628 19.27709531231751 30.97100945438167 34.83779601904526 2.3549358520186927 38.61590528891287 7.4229401835895885 45.21412154973962 28.185923095406785 33.13480885177628 28.611052497763925 46.439311305907474 27.5060180215812 23.583017989412603 14.110757652177316 89.0317583293012 63.902883475619205 51.33523045672549 59.848442758211526 83.2055837046469 76.19219197946317 44.51584710853679 23.51414319486419 38.974517033304856 69.85667317487744 72.62907563940975 38.161025409264816 5.692019120015532 31.676304903972152 66.10016257470868 79.59825269605462 50.07412799510738 32.76870890025238 45.11088336662749 73.4236258955969 94.80446764361317 71.65935855479873 60.63845832775727 67.9246933439525 89.13634320707096
75.74669756424902 45.73610169889361 58.13237311205081 7.348460078357988 89.54217847328185 31.610605347450935 70.47126779240281 81.32571816001247 90.33593795599147 47.9815788166465 100.48822291369889 64.20351629154585 11.447521508629999 77.82749166987107 28.48976119636452 23.406635550307737 8.884592451114122 63.195735030420714 78.33274988289695 56.594364008470734 99.06832041606903 44.83695627790938 59.973800781887995 0.0 43.2155623430028 55.05045172342438 68.56760030084283 88.94825647032 86.79535969281304 58.937243969429424 91.10881575906812 66.98162638008033 16.920577880553353 69.27950586025646 38.233423421154285 74.70539647506787 14.21138489777668 80.01564415555781 80.38005554526336 53.17133277498615 137.6507622791006 105.0147751342044 74.18420795148832 48.71666548965413 40.47410726103281 132.12300229885062 97.72707324918062 63.557260241670285 30.38620060747656 14.211559370283114 132.4043076274297 98.10356283020674 64.12930191076119 31.55432853484789 16.541883123984068 138.45926081139433 106.06263870015802 75.64666937489481 50.89570399158667 43.048177905595864 149.5880748807201 120.10582841952906 94.17529345305557 75.54680523809728 70.28806212641328
54.033253169753564 18.078401967875863 39.19244331796519 48.927356655908405 59.099599983892944 12.863632744229388 64.45962780066337 62.71740335351347 55.66194766470685 13.12194723940157 67.26040538393889 24.82837907462925 32.80866355469343 34.93472605181785 18.50438107859233 37.88172319578642 34.54717787281773 37.541864471112824 46.386738420238544 19.174360322576185 65.95186193968006 18.843247840024766 22.651656243498863 43.2155623430028 0.0 14.709604844464154 39.76075584697955 53.46212461203659 57.022574296617734 20.612547923789315 60.97011787032077 27.607760077252742 32.7328571071022 26.815242219268416 10.498482704610224 31.726081837203733 29.013110612795238 49.597390262392175 46.23310759129573 10.6877765260285 111.31557817148614 84.32565853252707 65.00198802073696 61.11041829994177 75.08988628122368 98.74225209474744 67.03705226294022 40.407104256650875 34.151653609142464 55.63066138104497 93.22614049195309 58.6922484698751 24.357766137761647 11.690829455381518 45.55111630739976 95.99198590931762 62.954888046865406 33.27188666799429 25.407929854144978 50.783376218176244 106.39570779913153 77.77885496856337 56.33699922111803 51.89381699757665 67.87401980489257
43.082835066423876 30.38893747920948 31.446277941685942 61.42507677163387 45.215305717794244 27.14402067399763 58.27646549524152 52.21148691159525 41.08104312728156 8.44583097622694 52.75769729002359 10.1335143787262 43.86590513697284 28.445093336973823 33.00833638037306 52.4559455186392 46.167561112420486 26.9265036677753 32.52655569751468 5.751681944064979 51.47433082729698 31.49844919261438 8.522715698778628 55.05045172342438 14.709604844464154 0.0 27.433920495506953 38.815859643351374 43.35642120730658 6.233376078197201 47.10949524244377 12.940376219274645 41.67284832246245 23.04476647871958 25.039177211408223 25.232418282540742 41.054427592385 36.02865089775282 31.86252024747195 5.634352785023927 97.52044007686821 72.23889428716708 57.63220074607146 61.80027814645161 81.92599890115373 84.09709598745427 52.94280773987284 30.469628624613595 38.06170891129273 66.05926991327966 78.88450726201307 44.285323217733136 9.71949671788564 24.9519894561691 59.54485147025219 83.43630278946816 51.896560861269364 28.63092045588151 36.620299755869134 65.24724724714734 96.37859048688686 70.70423196124918 55.71480497049321 60.033206913772844 80.61406660933682
16.260334023185585 57.253234734030094 14.93597808505412 75.8291840259339 21.092559209568865 49.43346151345513 37.46818216520582 25.49840172998503 22.93040452994473 26.828896418073718 32.00879691354081 21.451735094450385 57.39256598132589 47.704532095669876 55.294452408984576 73.86563338029082 60.381273010581005 6.21824775653691 10.27032608731184 21.70985063292273 30.58618371738307 58.22873515502291 19.27709531231751 68.56760030084283 39.76075584697955 27.433920495506953 0.0 22.428876137152294 18.480381302260998 21.6081750356069 22.76584064112998 20.8859050012165 51.95898751036584 46.34133382919681 50.0368715758946 45.33683768363558 56.86168945724026 11.45004890491899 13.927801076324833 33.053404382041776 72.1225484861705 44.85594901259994 34.88956096572415 53.07860122499866 82.53620715975764 63.558045830575345 29.337520121143598 8.752633590790142 41.077739878870766 75.45201417583552 66.87854445639447 35.914167310624535 22.400007910052295 45.91882545255172 78.1675248628535 80.62866003606992 57.44078302419444 49.92706988177337 63.88103847964331 89.79792795187333 100.61924605585041 83.00255035549621 77.77756757681335 87.20098987841673 107.48679554499664
29.497554999399142 68.33441705556505 37.145230842963684 96.02840864675014 13.24568196975731 65.3608747487347 54.8889564004973 36.00169100022927 2.8968484681562785 42.636593085324 14.413199301567792 28.900861093739557 77.54246686933597 45.14457048296734 71.33666399012795 90.71148246891704 80.37764558288866 28.646881263431048 12.38993338986953 34.567833463281566 13.317398681653543 69.57865536121292 30.97100945438167 88.94825647032 53.46212461203659 38.815859643351374 22.428876137152294 0.0 14.15992136246341 32.871312905906386 14.579518315190219 26.33821816132622 72.87781495560351 48.02706344187648 63.85407799991296 44.14939386786592 76.20191172535539 13.678491520180238 8.742435775281356 43.791334552435245 61.00882695352528 44.19990413022137 50.79373402562867 74.84111596878334 104.96284672957653 45.283265651415775 17.247262948606657 30.646563329273487 63.053988312064995 96.99097315508321 44.531951191881255 15.185778368801001 29.546102924438493 62.53149348129185 96.65533767726798 59.32657414390631 41.86949611590571 48.798445454000976 73.51423753688077 104.0298958459443 81.60961783698673 69.74755576554932 73.91937198816107 91.96839556341999 117.67352384731879
17.234662806438152 73.74471559104873 30.1113550960617 94.0930767419593 2.914249645558791 67.49706084727451 42.388443453367984 22.237030291787878 12.127069783769269 44.55204043111275 15.096456961408602 34.849914386818035 75.72233153107325 56.43123112870375 73.4220959789499 92.21078398137854 78.73702313615442 23.607262625740876 10.87667561541154 38.027485490956444 13.763740656672551 74.84220288976495 34.83779601904526 86.79535969281304 57.022574296617734 43.35642120730658 18.480381302260998 14.15992136246341 0.0 37.13141940192181 4.314179465899358 33.00834426120375 70.04551442964721 57.726251218143304 67.48277254911046 54.89441662571903 75.31918537179985 7.433593798731987 13.250021428091216 48.89803691267853 54.29347864341733 31.493312934384573 37.82476659492973 65.3026373760091 97.43199269238737 45.4683986367126 10.931714491007927 23.80092155783037 58.380816459296376 92.97854576227924 52.81837576766757 28.901173928966916 35.71575607638308 64.11546577526606 96.64787122587983 71.51892940681756 56.02779876114722 59.64952950975 79.82364106827922 107.61206317307402 95.09349095992447 83.8503412854317 86.10288209520193 100.95172973597042 123.94965116822858
37.56606532672486 36.61828129122324 27.550563155749813 65.58114559295045 38.98195648534902 32.6088881873643 54.41184460981414 46.77133261752384 35.04943429198117 10.958143970641599 46.664495970922296 5.321390101289557 47.56903855096887 30.041460599993517 38.557272877051616 57.990529512171065 50.07657982997041 21.853954244626685 26.294900729637714 2.4733354329621475 45.36555500801273 37.73152700904 2.3549358520186927 58.937243969429424 20.612547923789315 6.233376078197201 21.6081750356069 32.871312905906386 37.13141940192181 0.0 40.87612201482764 8.046665311221767 44.542136095702006 26.2682644580085 31.061048281489892 27.059272287669653 45.24139422170913 29.819129823782063 25.694068774277362 11.78186067940457 91.28737491092036 66.25729475225522 53.30546346237853 60.72655761795999 83.23915066235834 78.1404081179945 46.72289330546013 25.592501243713578 39.009812409986004 69.1621051717321 73.95254993905486 39.394616954767216 5.454017929674705 30.040157159774466 64.574995445852 80.14106324592467 49.967855274361035 31.07762830024515 42.774843992856866 71.33296190469643 94.69266068889459 70.83450230636323 58.848451747601345 65.60137694954533 86.82584793821596
20.43676967374928 77.48467365942307 34.28684015103003 98.4070807693727 1.9015267647289367 71.61791783756419 45.019325326645564 24.083601472061844 11.988769426281653 48.62822124879882 11.467502582202037 38.29688594339519 80.03591687509466 58.67493655510644 77.55685055289572 96.4101954157446 83.04976627864244 27.918455521450984 14.604440926863642 41.88981509136622 10.25580496668968 78.60703498987374 38.61590528891287 91.10881575906812 60.97011787032077 47.10949524244377 22.76584064112998 14.579518315190219 4.314179465899358 40.87612201482764 0.0 36.296357935449365 74.35471304877252 60.49650682134097 71.4505857025139 57.32691968214204 79.61864646126641 11.54528412681038 16.062374559621205 52.59922571355993 50.416020175750056 29.69046407988568 40.20087290865237 68.8878412077077 101.34000743878926 41.18618758859284 6.618848645031896 28.038735196089522 62.636942694502416 97.23917376006237 49.55277955736613 28.213798780468426 39.13308777052661 68.27604493705454 100.92907263292358 69.42088705879873 56.018822719998965 62.06247736342208 83.4277373075343 111.6396760313407 93.74173088165077 84.08296740054672 88.01758451761982 104.01423671821149 127.61482739075869
37.07596862109976 42.01954179678254 30.839901812955578 73.60717081136707 34.4022517676397 40.07146498879568 56.98593919419123 46.27191923080621 28.792488537688897 19.004720012277357 40.57874295936076 2.845226392315494 55.61570386167443 26.96283063665897 45.947779796664456 65.3962170936177 58.11839956394124 23.35529431898505 22.258685389780585 10.438484137919193 39.361479589242165 43.251653614369005 7.4229401835895885 66.98162638008033 27.607760077252742 12.940376219274645 20.8859050012165 26.33821816132622 33.00834426120375 8.046665311221767 36.296357935449365 0.0 52.513844469277466 25.640854241781618 37.79426510862512 24.480462724818697 53.25468725299726 26.181253335320154 20.347678370496904 17.514581157158982 86.32155762217958 63.62083496168007 55.12354099635361 66.51611611615772 90.58133049371588 71.4991241254211 41.5909513800793 27.245728471350137 46.364773271806534 77.14852350067832 66.08118585730006 31.48413988284231 3.260890046496921 37.74745214588863 72.34612140947641 72.21668100976811 42.801687475035 29.044068069971054 47.43384165608106 77.78958017039558 87.50802220087307 65.20704880128952 56.930266927548 68.00692749526715 91.67125993036451
58.83999413244752 41.66405457781018 41.211861585418376 24.268969362376545 72.82159323552457 24.706111862382265 55.09974390040799 64.58416640832465 74.10500995773448 33.75688128173463 83.95515302146006 49.86222551630806 7.465017859932452 67.41735519805445 25.002819850702952 31.87419140686543 10.36317578521862 46.43970870031944 61.8868165375802 42.09652107789395 82.53289321994288 41.241655864856156 45.21412154973962 16.920577880553353 32.7328571071022 41.67284832246245 51.95898751036584 72.87781495560351 70.04551442964721 44.542136095702006 74.35471304877252 52.513844469277466 0.0 59.527128676508546 31.80729854601936 64.15517988699365 11.093413715528484 63.38306929618718 64.21183244246397 41.08544471200707 120.75108173292487 88.29774452837898 58.369417385155124 37.580784079250776 42.57312565081264 115.45315292931504 80.97288463643771 46.67588967178649 13.982932893263605 24.6426308113701 116.83653550065435 82.9156077719986 49.94063451201745 22.538476388302968 30.277811011941587 124.67895498774017 93.55021783468231 65.97920556512138 48.473485009713144 52.3537276965369 137.8822656655726 110.39219058490902 88.06870661979143 75.63400835935096 77.97213700285661
62.59789884882187 28.622280106695722 53.79545124863776 74.34708536739174 58.664562491939236 37.70455736610278 80.6749927065284 71.82593292962142 50.86850549017259 30.645594882086158 62.23127455895417 24.91113668313796 59.39827608707504 8.895563895004255 41.79513827215787 58.82133585588869 60.88657184308903 47.82485815843633 47.37502514752198 27.593784452625428 61.25801046786014 30.03677899555419 28.185923095406785 69.27950586025646 26.815242219268416 23.04476647871958 46.34133382919681 48.02706344187648 57.726251218143304 26.2682644580085 60.49650682134097 25.640854241781618 59.527128676508546 0.0 31.581525229968843 6.401759382708446 55.25364930743265 51.39134714486939 44.526707619767585 20.02669085797447 108.99888927989382 88.9090332611446 79.52109893917205 84.48150572383341 101.7122170295027 90.31674373722564 64.92594002585393 51.65698029199346 59.298498918843656 82.21303285506882 77.6136003630961 45.844629517188565 23.96732598657579 37.973397788733244 68.58840083789183 74.0347898853004 39.5473705923555 6.4570084060340305 30.236491590890168 64.66569352660639 80.80212053933093 51.01178220679454 32.714751877002115 43.96750940574936 72.04764120115912
