0.0 15.177214969454027 24.451883804991517 20.398237530212377 8.638682616535384 16.39136000497693 23.522747765914513 53.74305989368067 59.543952296145534 69.44461795994404 11.882263451638625 23.446116607893163 44.35113706482478 24.205479490990403 6.527653839863029 3.2655307338262873 60.69967729588382 37.93743324542949 56.83219654398164 22.995320914797517 66.46085012874946 51.4768015360909 33.16720741170683 17.514546825014374 12.919334880557974 34.032723304894894 49.210191789124984 72.35907147578241 60.064508311234334 13.607774746077297 13.164945818152535 42.55082358122062 10.173189114363877 40.38108359164285 21.863729689424932 35.180834747421756 68.15435990254959 13.804749866398282 74.87556380694345 32.53125757392883 24.806293509236543 22.498774219755667 24.652925112683715 44.49904431675883 58.25652866084456 47.99562498645971 23.112506663464874 60.010046077537716
15.177214969454027 0.0 14.982087282829294 26.83246832908015 7.732869211604111 10.234568864414646 13.554352138314743 38.723731416836934 45.41467706223927 55.462589278973624 14.928008615966123 25.07951379705234 57.816534950862234 9.060745639656272 14.369499035094929 11.951937944977214 46.49515876409527 45.25083529385605 41.91033243097767 24.00678984799431 53.15655726567331 37.00682280749974 44.7527427385157 15.55365700823551 21.83407802228961 27.18700165914739 63.7862141658197 59.259776775091225 47.71992728588945 16.620993710648165 18.194682619723253 49.208240654330034 6.583039207548644 54.28584379170158 7.128270170873084 37.443295668119646 53.09342921770946 28.888840043944064 60.73806214727593 17.493274874911073 11.02267653926547 16.007305891810088 9.475862391581213 48.363120624707555 44.49943331877374 33.83003798911845 8.605428999611458 45.7720737848511
24.451883804991517 14.982087282829294 0.0 41.0662777318318 20.936482506118193 25.18339294294989 26.975930731634353 34.31587776398355 36.859372742838765 46.30190147014739 29.191055374968805 40.01586129734916 58.336320299616446 15.784648124861503 19.454587142455154 22.199264108167462 38.122679229591526 38.90193912920576 36.62517303255702 15.996281890599025 42.60697576264516 29.896995633845457 43.325147106353526 10.172037249990213 22.563718479442596 40.71538093141078 66.57685134738595 48.303279482931366 35.73656362620388 31.063321266469973 17.545086658421976 41.84072069225491 14.9177548208282 55.84936790092809 11.401508122396045 27.39198192304691 48.3362666155845 35.60635975682953 51.88958346844597 16.636345667327095 21.385105318760562 4.437255097409151 14.932367371932623 38.555336374935656 35.02475278008978 25.884270338035428 10.523987836360583 37.519436688539386
20.398237530212377 26.83246832908015 41.0662777318318 0.0 20.143257370575114 18.512533261462934 23.4207263783292 61.876144393954625 70.73289176192485 80.81431174149662 11.93710623055435 7.863097948311559 56.07453134630835 32.86318255830382 26.80308873421572 20.592511491971532 71.67581887633538 56.978694119462894 65.41362014939416 43.27852117953967 79.24901085389038 61.96608262850699 49.079095976027105 36.87863085011266 32.90568694815603 24.614988747657748 56.95203419045191 85.44768029375989 74.3664127602913 10.224754210349113 33.54696675701278 61.749819500423754 26.564974704531412 51.302150611128404 33.45015736744261 55.557962742413075 75.43479232304671 25.10018188203303 85.77945532294676 41.97266223446767 29.527854528605815 40.581400954447226 33.85394089008701 64.57647090643869 70.29733144266532 59.38084372705615 35.01817543976383 70.91416555994633
8.638682616535384 7.732869211604111 20.936482506118193 20.143257370575114 0.0 8.497705097190877 15.182521151872436 46.275900980737 53.14574853109559 63.18936108094376 8.387509016968094 20.088569658515873 52.85849526598682 16.24474199072613 10.93339927157904 5.5018570723074465 54.22789735156888 43.984572857099295 49.5217061014921 25.33986397369478 60.80357873647876 44.733476028072175 41.03403893953286 17.707209172561722 19.00918997764089 26.926868667129384 57.84301340387959 66.87763793202835 55.1531656890913 10.35304716588692 16.988853348490355 48.341186339447994 6.682417057866006 48.96884293018075 14.860354729133114 38.630684994158294 60.58675952822715 22.33514349782092 68.4707114065607 25.093972163258538 16.215583077194413 20.572081282479246 16.869012377957187 48.934622109616136 52.20202347279629 41.559404308332965 16.32245357107887 53.504942909922384
16.39136000497693 10.234568864414646 25.18339294294989 18.512533261462934 8.497705097190877 0.0 7.314825532530218 43.617420022354565 52.22036144835446 62.30221187166314 8.132883387906276 15.197141327504287 60.679410637310994 14.384541885948845 19.42566150207119 13.647748935867893 53.165324008999036 52.42153012343443 47.10221672446482 32.93588143809258 60.80663530012326 43.457745998223416 49.37415737698526 24.780545058816372 27.505862527580845 18.489789689135705 64.92095603102695 67.02230222574372 56.22470899964895 8.859746314567133 25.27264109908079 56.727393018362115 13.875400808851412 56.59655404118909 15.591398647702663 46.389393945475746 57.46569652132825 29.281183861714645 67.28409561527003 23.460799612231753 11.33175949626202 26.146264335094504 15.406936167337559 56.961057898997616 51.81389578146033 40.886359588974315 17.139313673345857 52.404544941571714
23.522747765914513 13.554352138314743 26.975930731634353 23.4207263783292 15.182521151872436 7.314825532530218 0.0 38.735762357910815 48.48968274332778 58.45193095008644 14.990847748004171 17.93974753517267 67.87088179513887 12.588576222916815 25.811307229790838 20.60536106201166 49.3115500225615 58.30081973769572 42.32931224624302 37.55198747981013 57.67302739614468 39.63947001553292 56.20248784192115 29.10740753553607 33.85911085212879 13.808558074283056 72.23460223550445 63.922657828636275 54.038346418488324 15.176960904833129 31.02096483568094 62.42347015712728 19.14411795128448 63.84248833256697 15.826828942416327 50.997213194496545 52.05622230947918 36.59045732903845 63.15188901800817 20.350378920912785 7.231747311797502 29.01759094975038 13.722952755008306 61.893216391108986 48.5151228416435 37.62448662919793 17.108668114022457 48.53452615404586
53.74305989368067 38.723731416836934 34.31587776398355 61.876144393954625 46.275900980737 43.617420022354565 38.735762357910815 0.0 12.781976794715163 21.139571914233116 51.46824906178348 56.636437591835616 92.60117852847543 30.111388032757237 51.152712983643504 50.59578970913307 12.904431574748141 72.0134931753151 3.6464001732500977 49.83360197760294 22.97858315920265 7.494921081046143 77.63762837429209 44.3447823293733 56.2894963077419 45.94933245324608 100.42035294133669 28.667918825964207 24.5534327927809 52.46098537395909 51.34717810411189 74.17993268926448 43.881056643727895 89.94390149350538 31.882603531387165 58.59279356836709 14.433216750840272 67.10965902368375 25.004782816112588 21.234007499949154 32.3661305325414 38.68534186988936 29.41376219216859 68.83822874822575 14.922814421127697 10.917950373823622 30.693168380475747 12.195432021650861
59.543952296145534 45.41467706223927 36.859372742838765 70.73289176192485 53.14574853109559 52.22036144835446 48.48968274332778 12.781976794715163 0.0 10.093364278158534 59.53326277857576 66.34870790981081 94.27798451130009 37.9176254485669 55.746517097607914 56.64163738974967 1.3346286730127273 70.93460567661631 10.054493916793465 50.525350122302974 10.2318684536883 8.85027153722453 78.80394282816525 46.92573290199227 59.39847237037833 57.37642042502574 103.17058566180951 16.14403972814776 13.081147893739889 60.81570468618046 54.385696876268334 72.31342279436679 49.37369969717145 92.22097916434912 38.28643904101876 56.62141528031137 16.146177121957415 72.04666070980099 15.344490982880478 28.76201324788707 41.5343712377856 40.72917704000777 36.981405852729054 65.75399671783765 3.3876628074818753 11.591316581331347 36.83158455993137 1.12895025751142
69.44461795994404 55.462589278973624 46.30190147014739 80.81431174149662 63.18936108094376 62.30221187166314 58.45193095008644 21.139571914233116 10.093364278158534 0.0 69.62604053110664 76.34710563010026 102.86054243549721 48.0097337546908 65.4474727493761 66.58740447543002 9.153017670787342 78.45863324057107 17.6630225848514 59.13271548689526 6.765060439765149 18.866789627628403 87.27724671889831 56.215616961691616 68.7047864196347 66.86104474198343 112.11901537068076 8.933194410126841 15.353040737781862 70.90821376520246 63.71783705610552 79.4037345196881 59.271874447424736 101.04396396657275 48.33626661558445 63.90224544179429 16.886090825203635 81.74114318519261 5.640273997944062 38.84833198477493 51.55579073250809 49.96460284318277 47.07476895738515 72.23372886958622 11.280730535312035 21.636085870754112 46.86785071449113 9.924830947352143
11.882263451638625 14.928008615966123 29.191055374968805 11.93710623055435 8.387509016968094 8.132883387906276 14.990847748004171 51.46824906178348 59.53326277857576 69.62604053110664 0.0 12.086382081476206 54.61227550063766 21.660751199782425 17.18963137116456 10.504780681294415 60.535010300467285 49.78270737809875 54.90106146534338 33.03739358999031 67.73748345934592 50.874163424902314 44.64009727759209 25.846840065009644 24.65078871973968 22.732755174377935 57.94701233195387 73.89882545024003 62.587502978524476 2.009628047179496 23.90308282230788 54.35956031240441 15.020350374481854 50.276906212969585 21.703246040431566 46.01970969602993 65.4474727493761 22.650513537861713 74.73331209003476 30.855545894942278 19.383833649703664 28.95956965503233 22.559124018741702 55.87403772068326 58.89894146080524 48.04983299537442 23.262064448587534 59.786560598451
23.446116607893163 25.07951379705234 40.01586129734916 7.863097948311559 20.088569658515873 15.197141327504287 17.93974753517267 56.636437591835616 66.34870790981081 76.34710563010026 12.086382081476206 0.0 62.931368570082235 29.163461086987475 29.194403300566588 22.5257558584935 67.19856572340574 61.27825909841692 60.24280194861791 45.11649890959159 75.34924452534584 57.50408690004975 54.78565672973224 37.77784377321851 36.36504688812008 16.798234629570036 64.42721374006665 81.59321327844351 71.1892353077727 10.108155393490803 35.950524311729545 65.94216009693294 26.75854713421245 58.26319664082894 30.783921602619355 58.092813641200934 69.71963909157178 31.258166779177365 81.08565293699496 37.85949626758839 24.825467698298876 40.38946176742918 30.252421908311106 67.83710823968603 66.24077425952859 55.307711665128004 32.32621510871015 66.42379592565698
44.35113706482478 57.816534950862234 58.336320299616446 56.07453134630835 52.85849526598682 60.679410637310994 67.87088179513887 92.60117852847543 94.27798451130009 102.86054243549721 54.61227550063766 62.931368570082235 0.0 66.50788118419737 43.45415891531879 47.35904623235106 95.59598663866961 28.213271487101288 94.96015772889206 43.770049374881836 97.89045779899814 88.08972617670324 15.642879135693605 48.25640050784914 36.69651944939367 77.2888792476511 11.800775477192744 102.58173006604768 89.49055424208055 55.63803973672765 41.44191399834499 30.59579603153319 51.302707663931756 4.980866420340248 62.7851271961242 41.618771824270254 106.66943068799395 32.036183878070695 108.49029726836457 72.92559805690344 68.55298957538965 54.05374279911763 66.57383580994683 39.5334443033335 91.91107647405366 83.97810604394266 63.459672794901124 95.08102648444394
24.205479490990403 9.060745639656272 15.784648124861503 32.86318255830382 16.24474199072613 14.384541885948845 12.588576222916815 30.111388032757237 37.9176254485669 48.0097337546908 21.660751199782425 29.163461086987475 66.50788118419737 0.0 23.118912421873038 20.958549706929187 38.89709863898727 51.93222004084237 33.435849986974816 29.433470349487102 46.42268653012715 29.219694611383144 52.96478866877084 21.223793899623846 30.06566795124089 25.65080273570264 72.76920848883023 52.640769965416034 42.02745849294549 22.898766775779716 25.856485870749474 55.51206311555324 15.268686151349714 63.11395032705074 4.667061235787463 42.264924423017696 44.36420085978854 37.94636660930832 53.07866443085332 9.19479552989941 5.834090300775887 18.911577747009158 1.1365297610001042 53.446721425735284 37.43618353395 26.518079816488406 5.260668544470506 38.144362386686396
6.527653839863029 14.369499035094929 19.454587142455154 26.80308873421572 10.93339927157904 19.42566150207119 25.811307229790838 51.152712983643504 55.746517097607914 65.4474727493761 17.18963137116456 29.194403300566588 43.45415891531879 23.118912421873038 0.0 6.684861777506394 56.95845132400845 33.101167297792024 54.00989120226648 16.494752981840175 62.013459951227 48.09112126974933 30.595722094944335 11.29712210410753 8.086576933846551 37.85006534553464 49.76742432595119 67.75235267554764 55.16681665420071 19.111410022887988 6.799440768104357 37.52333929241264 7.858697650330629 39.99539290279884 19.732440121946663 28.96417905490192 65.57055630518789 16.301110038481042 70.97629184995054 30.323170342798484 25.23897277604397 16.81640228694768 23.271366458482177 38.68484365926352 54.17810230693958 44.36445773770488 20.66001523434237 56.30544517130028
3.2655307338262873 11.951937944977214 22.199264108167462 20.592511491971532 5.5018570723074465 13.647748935867893 20.60536106201166 50.59578970913307 56.64163738974967 66.58740447543002 10.504780681294415 22.5257558584935 47.35904623235106 20.958549706929187 6.684861777506394 0.0 57.78015240910242 39.53438815434385 53.71791391504316 22.81724796839328 63.76072024233775 48.48256771078731 35.72658898179833 16.362697696257978 14.352046628884713 31.72545364614132 52.42441289802212 69.71369132429218 57.56713073816253 12.431487338126882 13.425683788449609 44.03635585549117 7.442251526791986 43.4703924971675 18.74194156913272 35.58276915862586 64.99417197033708 17.06968596747549 71.98367072966478 29.368299841460328 21.576505885773045 20.71290153005611 21.425304821015533 45.36942064857027 55.44063951146871 45.06967758813346 20.0359428210574 57.0816414601886
60.69967729588382 46.49515876409527 38.122679229591526 71.67581887633538 54.22789735156888 53.165324008999036 49.3115500225615 12.904431574748141 1.3346286730127273 9.153017670787342 60.535010300467285 67.19856572340574 95.59598663866961 38.89709863898727 56.95845132400845 57.78015240910242 0.0 72.26843433622382 9.91113373176284 51.84703062643773 10.116961520660407 9.715568668917502 80.12706236457686 48.20274101357564 60.67018398321122 57.97164765988386 104.4681282703093 15.789180549786037 13.877741421941822 61.794494421597896 55.65576007050093 73.64156107315462 50.53313456916668 93.5273076870013 39.367748419547446 57.95144023754623 15.055532787099262 73.25641034545107 14.243200413831675 29.721710486520724 42.40318431538422 42.014109316063 37.97639401926357 67.06500156515195 4.537586676228866 12.710594104146509 37.92514104194221 0.7817184368827554
37.93743324542949 45.25083529385605 38.90193912920576 56.978694119462894 43.984572857099295 52.42153012343443 58.30081973769572 72.0134931753151 70.93460567661631 78.45863324057107 49.78270737809875 61.27825909841692 28.213271487101288 51.93222004084237 33.101167297792024 39.53438815434385 72.26843433622382 0.0 73.67867982113594 22.967270360337725 72.83594394200931 66.2290118115465 14.77645415932639 30.728615764001873 25.18394432619438 70.90303708810055 39.75176038829265 76.89359210026318 64.05618991857484 51.5447655995163 27.282475942106707 4.82798948809931 39.16488582040506 28.924266791527455 47.379740670154305 14.647527894125318 85.08306568760403 33.648419790411005 83.97136414889319 55.43471322803321 55.99733802661925 34.54375157303912 51.5380554574515 11.798528949400636 68.14618395423234 62.037401517151245 47.39982490561066 71.87571752339471
56.83219654398164 41.91033243097767 36.62517303255702 65.41362014939416 49.5217061014921 47.10221672446482 42.32931224624302 3.6464001732500977 10.054493916793465 17.6630225848514 54.90106146534338 60.24280194861791 94.96015772889206 33.435849986974816 54.00989120226648 53.71791391504316 9.91113373176284 73.67867982113594 0.0 51.83706501918977 20.01862766250658 7.643484760676419 79.85414376104697 46.74772670877042 58.86618484360592 49.57826081379524 103.01823997968184 25.47962814245736 22.623393849386872 55.93178478673755 53.88812049726551 75.65074534699966 46.87800808683926 92.4282052581278 34.97685493387513 59.97942163797357 11.712663136439724 70.0778569508157 21.379840048389532 24.429751375107845 35.88916185622986 40.92344945088885 32.694904933985065 69.96917899049801 12.704069950252414 11.73457074448758 33.72791287956023 9.279400603913725
22.995320914797517 24.00678984799431 15.996281890599025 43.27852117953967 25.33986397369478 32.93588143809258 37.55198747981013 49.83360197760294 50.525350122302974 59.13271548689526 33.03739358999031 45.11649890959159 43.770049374881836 29.433470349487102 16.494752981840175 22.81724796839328 51.84703062643773 22.967270360337725 51.83706501918977 0.0 54.367029366233915 44.67111629526523 28.283926845801414 8.477270839563054 12.872290484545633 51.02969365131774 53.104554335389956 59.360451338402235 46.2540153636566 35.033130926415 9.933945986746494 26.182924831468462 19.075850837432093 41.942225229987194 24.790781571547512 13.481301365422613 63.466030215512895 28.027450627722523 64.76925486655175 32.46840732003501 34.03330344546031 11.596497408490986 28.923576264487274 24.36757675423473 48.14224007910704 40.50240416334054 24.644423548475007 51.345141148570306
66.46085012874946 53.15655726567331 42.60697576264516 79.24901085389038 60.80357873647876 60.80663530012326 57.67302739614468 22.97858315920265 10.2318684536883 6.765060439765149 67.73748345934592 75.34924452534584 97.89045779899814 46.42268653012715 62.013459951227 63.76072024233775 10.116961520660407 72.83594394200931 20.01862766250658 54.367029366233915 0.0 18.497001515616137 82.25876128954921 52.199370106102094 64.62075072972992 67.21808816439992 107.47087967324434 6.249643230447274 8.947806955013506 69.15923798240964 59.699443618270905 73.55679737190518 56.34532347031279 96.2951963977223 46.1076426009371 58.21216942349054 22.488109353357615 78.21332129323135 11.468250476751022 37.49357753668758 50.56148961838964 45.94201207758083 45.406360758531136 66.15080531307282 9.194476743717141 20.05314985889871 44.57726451378419 10.793153112407468
51.4768015360909 37.00682280749974 29.896995633845457 61.96608262850699 44.733476028072175 43.457745998223416 39.63947001553292 7.494921081046143 8.85027153722453 18.866789627628403 50.874163424902314 57.50408690004975 88.08972617670324 29.219694611383144 48.09112126974933 48.48256771078731 9.715568668917502 66.2290118115465 7.643484760676419 44.67111629526523 18.497001515616137 0.0 72.83942088963116 40.069019704613254 52.38922124836816 48.72897763242181 96.47149781848897 24.66469077070114 17.965807277252303 52.108541549597625 47.376914360443635 68.10875479899342 41.35223991540885 85.72670789851239 29.896995633845425 52.416461971954654 18.866789627628403 64.33357876512666 23.859393855060276 20.031458456250018 32.696744226388525 34.0643629495321 28.318592564676422 62.339926746388876 9.399838759996474 4.195029488720887 28.49921653329478 8.949720116178437
33.16720741170683 44.7527427385157 43.325147106353526 49.079095976027105 41.03403893953286 49.37415737698526 56.20248784192115 77.63762837429209 78.80394282816525 87.27724671889831 44.64009727759209 54.78565672973224 15.642879135693605 52.96478866877084 30.595722094944335 35.72658898179833 80.12706236457686 14.77645415932639 79.85414376104697 28.283926845801414 82.25876128954921 72.83942088963116 0.0 33.4438159827183 22.942928272886643 67.1776451748266 26.148623618428083 86.93924659924562 73.84770316189713 46.05415209412412 27.206989859767024 18.646831969756818 38.17383070429443 14.871006049248422 48.90559818728542 26.467788638147397 91.5402169594936 24.040604485112993 92.90176783836976 58.59586864604844 55.74734519906454 38.95669743297412 52.88330645072997 26.565022264203577 76.37859698565026 68.6953491380747 49.39621394809156 79.62832673038533
17.514546825014374 15.55365700823551 10.172037249990213 36.87863085011266 17.707209172561722 24.780545058816372 29.10740753553607 44.3447823293733 46.92573290199227 56.215616961691616 25.846840065009644 37.77784377321851 48.25640050784914 21.223793899623846 11.29712210410753 16.362697696257978 48.20274101357564 30.728615764001873 46.74772670877042 8.477270839563054 52.199370106102094 40.069019704613254 33.4438159827183 0.0 12.490592647029663 42.660396143329855 56.405864315257624 57.69245768594627 44.83371135648634 27.85547473011697 7.509510303804884 34.30060174613677 11.118025036154227 45.69094359743291 16.651386928676384 21.889805680825727 58.460252683443315 26.421199006065553 61.83023771896114 25.329717468954616 25.611971654898454 6.2634062370060954 20.809689778846725 32.84387353170033 44.966133529303676 36.04983276722987 16.71223247593492 47.61502065520555
12.919334880557974 21.83407802228961 22.563718479442596 32.90568694815603 19.00918997764089 27.505862527580845 33.85911085212879 56.2894963077419 59.39847237037833 68.7047864196347 24.65078871973968 36.36504688812008 36.69651944939367 30.06566795124089 8.086576933846551 14.352046628884713 60.67018398321122 25.18394432619438 58.86618484360592 12.872290484545633 64.62075072972992 52.38922124836816 22.942928272886643 12.490592647029663 0.0 45.90023598851275 44.15219237288998 70.03217333498719 57.08342216838133 26.46234950760637 5.019017426482876 29.715019452069217 15.271826154985556 33.71028533728288 26.144024619626425 22.96801906657474 70.55939841327964 15.175182951395689 74.32053226556057 36.23803803828507 32.849025364680216 18.74195390932916 30.03379546545266 31.68716299749497 57.45672617633333 48.42520308850767 26.770503646245817 60.07467947977676
34.032723304894894 27.18700165914739 40.71538093141078 24.614988747657748 26.926868667129384 18.489789689135705 13.808558074283056 45.94933245324608 57.37642042502574 66.86104474198343 22.732755174377935 16.798234629570036 77.2888792476511 25.65080273570264 37.85006534553464 31.72545364614132 57.97164765988386 70.90303708810055 49.57826081379524 51.02969365131774 67.21808816439992 48.72897763242181 67.1776451748266 42.660396143329855 45.90023598851275 0.0 80.01740553699331 73.39230068358071 64.87354234949379 21.655394355414934 43.754190073629815 75.21699153958117 32.16828607516217 72.87651336041439 29.42577759750891 64.50951812218506 57.42474874354354 45.26286944265028 70.95409924307947 31.65131089254694 19.82722142139398 42.82465231676734 26.734018939537396 75.26145056821514 58.05650727120992 47.61311517644377 30.58851985327368 57.19333329220642
49.210191789124984 63.7862141658197 66.57685134738595 56.95203419045191 57.84301340387959 64.92095603102695 72.23460223550445 100.42035294133669 103.17058566180951 112.11901537068076 57.94701233195387 64.42721374006665 11.800775477192744 72.76920848883023 49.76742432595119 52.42441289802212 104.4681282703093 39.75176038829265 103.01823997968184 53.104554335389956 107.47087967324434 96.47149781848897 26.148623618428083 56.405864315257624 44.15219237288998 80.01740553699331 0.0 112.41634249338003 99.30135757537128 58.60713818023393 49.135709022417494 42.3466568917444 57.53982759769514 11.33446354005911 69.49406332525243 52.59985201339076 114.71089250105143 35.65592960547728 117.75921058096553 80.00672078791317 73.99961738412945 62.49613810505303 72.99621829738284 51.229713363636485 101.00082149309738 92.45334620486213 70.36653257624405 103.9087161645359
72.35907147578241 59.259776775091225 48.303279482931366 85.44768029375989 66.87763793202835 67.02230222574372 63.922657828636275 28.667918825964207 16.14403972814776 8.933194410126841 73.89882545024003 81.59321327844351 102.58173006604768 52.640769965416034 67.75235267554764 69.71369132429218 15.789180549786037 76.89359210026318 25.47962814245736 59.360451338402235 6.249643230447274 24.66469077070114 86.93924659924562 57.69245768594627 70.03217333498719 73.39230068358071 112.41634249338003 0.0 13.115122279379943 75.34004062320749 65.16328314702338 77.30294127743917 62.28241300232227 101.17826985720318 52.23878204362463 62.24750349536572 25.80348560840373 83.87810687746547 10.621493810174112 43.7352725903275 56.80976391652976 51.4610918723234 51.61768215059112 69.541387920261 15.431013441498466 26.302243652862668 50.700047328059156 16.52901416734458
60.064508311234334 47.71992728588945 35.73656362620388 74.3664127602913 55.1531656890913 56.22470899964895 54.038346418488324 24.5534327927809 13.081147893739889 15.353040737781862 62.587502978524476 71.1892353077727 89.49055424208055 42.02745849294549 55.16681665420071 57.56713073816253 13.877741421941822 64.05618991857484 22.623393849386872 46.2540153636566 8.947806955013506 17.965807277252303 73.84770316189713 44.83371135648634 57.08342216838133 64.87354234949379 99.30135757537128 13.115122279379943 0.0 64.15903336517515 52.26234122319946 64.67818692453498 50.12794184410705 88.06383183254728 40.917278594398695 49.41490482350826 28.703077518120047 71.15335814146249 20.40085517085013 33.71696468714365 46.809050458767615 38.64799933671537 40.9370046451205 57.211997898577295 9.961271886253733 17.54188089631697 39.35016195223128 14.148005551280454
13.607774746077297 16.620993710648165 31.063321266469973 10.224754210349113 10.35304716588692 8.859746314567133 15.176960904833129 52.46098537395909 60.81570468618046 70.90821376520246 2.009628047179496 10.108155393490803 55.63803973672765 22.898766775779716 19.111410022887988 12.431487338126882 61.794494421597896 51.5447655995163 55.93178478673755 35.033130926415 69.15923798240964 52.108541549597625 46.05415209412412 27.85547473011697 26.46234950760637 21.655394355414934 58.60713818023393 75.34004062320749 64.15903336517515 0.0 25.8502213449746 56.14823892006099 17.00701130671804 51.22388127932836 23.242606256087072 47.98523436068228 66.32458332597568 23.607767331858188 75.96269457810996 32.07722169785334 20.188222431967162 30.918968055868195 23.84291148426331 57.78550369407242 60.26555539601146 49.381321536901616 24.809043500339612 61.04047318375761
13.164945818152535 18.194682619723253 17.545086658421976 33.54696675701278 16.988853348490355 25.27264109908079 31.02096483568094 51.34717810411189 54.385696876268334 63.71783705610552 23.90308282230788 35.950524311729545 41.44191399834499 25.856485870749474 6.799440768104357 13.425683788449609 55.65576007050093 27.282475942106707 53.88812049726551 9.933945986746494 59.699443618270905 47.376914360443635 27.206989859767024 7.509510303804884 5.019017426482876 43.754190073629815 49.135709022417494 65.16328314702338 52.26234122319946 25.8502213449746 0.0 31.481162990323728 11.90380569023503 38.60397474178627 21.704794737919393 22.168805326820394 65.58790295264735 19.285947631457415 69.32923843008328 31.51696729368039 29.161429005789778 13.772654331639453 25.716828786152995 32.04385423989132 52.46262969240646 43.40753083094232 22.197094500357775 55.05857026253312
42.55082358122062 49.208240654330034 41.84072069225491 61.749819500423754 48.341186339447994 56.727393018362115 62.42347015712728 74.17993268926448 72.31342279436679 79.4037345196881 54.35956031240441 65.94216009693294 30.59579603153319 55.51206311555324 37.52333929241264 44.03635585549117 73.64156107315462 4.82798948809931 75.65074534699966 26.182924831468462 73.55679737190518 68.10875479899342 18.646831969756818 34.30060174613677 29.715019452069217 75.21699153958117 42.3466568917444 77.30294127743917 64.67818692453498 56.14823892006099 31.481162990323728 0.0 43.28367147847151 31.957300794097755 50.903393942596736 15.723360296741404 86.88961738585628 38.4707328060841 84.83789151867315 58.468299278333504 59.804002745200975 37.58684750462294 55.053395699454875 9.064362234904445 69.40386190099616 63.938483693200396 50.81621691541295 73.29254946418895
10.173189114363877 6.583039207548644 14.9177548208282 26.564974704531412 6.682417057866006 13.875400808851412 19.14411795128448 43.881056643727895 49.37369969717145 59.271874447424736 15.020350374481854 26.75854713421245 51.302707663931756 15.268686151349714 7.858697650330629 7.442251526791986 50.53313456916668 39.16488582040506 46.87800808683926 19.075850837432093 56.34532347031279 41.35223991540885 38.17383070429443 11.118025036154227 15.271826154985556 32.16828607516217 57.53982759769514 62.28241300232227 50.12794184410705 17.00701130671804 11.90380569023503 43.28367147847151 0.0 47.85098143346241 12.102224547291312 32.51584596681471 58.31365735603266 23.230913706518756 64.70328933807006 22.802124803287676 17.579691816472213 14.01659150445456 15.456756297834032 43.116703437207576 48.08938818858797 37.833039503292014 13.192553866416562 49.84620973103117
40.38108359164285 54.28584379170158 55.84936790092809 51.302150611128404 48.96884293018075 56.59655404118909 63.84248833256697 89.94390149350538 92.22097916434912 101.04396396657275 50.276906212969585 58.26319664082894 4.980866420340248 63.11395032705074 39.99539290279884 43.4703924971675 93.5273076870013 28.924266791527455 92.4282052581278 41.942225229987194 96.2951963977223 85.72670789851239 14.871006049248422 45.69094359743291 33.71028533728288 72.87651336041439 11.33446354005911 101.17826985720318 88.06383183254728 51.22388127932836 38.60397474178627 31.957300794097755 47.85098143346241 0.0 59.56414000210623 41.3385394716399 104.13872892419583 27.631190041652122 106.68344435964772 69.88954011750873 64.86531634272197 51.67200596097322 63.24408513766519 40.60612788846194 89.97705763731946 81.66374975385325 60.32568135889465 92.98472561818934
21.863729689424932 7.128270170873084 11.401508122396045 33.45015736744261 14.860354729133114 15.591398647702663 15.826828942416327 31.882603531387165 38.28643904101876 48.33626661558445 21.703246040431566 30.783921602619355 62.7851271961242 4.667061235787463 19.732440121946663 18.74194156913272 39.367748419547446 47.379740670154305 34.97685493387513 24.790781571547512 46.1076426009371 29.896995633845425 48.90559818728542 16.651386928676384 26.144024619626425 29.42577759750891 69.49406332525243 52.23878204362463 40.917278594398695 23.242606256087072 21.704794737919393 50.903393942596736 12.102224547291312 59.56414000210623 0.0 37.599312334034316 46.3019014701474 35.29788280389768 53.6104290950583 10.711958042210403 9.99500097030084 14.28412371444045 4.1583187020358645 48.77994930722721 37.395226191985536 26.702506953199535 1.569261233308743 38.645617834620516
35.180834747421756 37.443295668119646 27.39198192304691 55.557962742413075 38.630684994158294 46.389393945475746 50.997213194496545 58.59279356836709 56.62141528031137 63.90224544179429 46.01970969602993 58.092813641200934 41.618771824270254 42.264924423017696 28.96417905490192 35.58276915862586 57.95144023754623 14.647527894125318 59.97942163797357 13.481301365422613 58.21216942349054 52.416461971954654 26.467788638147397 21.889805680825727 22.96801906657474 64.50951812218506 52.59985201339076 62.24750349536572 49.41490482350826 47.98523436068228 22.168805326820394 15.723360296741404 32.51584596681471 41.3385394716399 37.599312334034316 0.0 71.1759409572325 36.50437867540911 69.3893580921973 43.91948879972984 47.18327662184986 23.490551545089705 41.63387033905691 11.198516970821492 53.746087634145844 48.25522487352313 37.22246188987722 57.59239484030758
68.15435990254959 53.09342921770946 48.3362666155845 75.43479232304671 60.58675952822715 57.46569652132825 52.05622230947918 14.433216750840272 16.146177121957415 16.886090825203635 65.4474727493761 69.71963909157178 106.66943068799395 44.36420085978854 65.57055630518789 64.99417197033708 15.055532787099262 85.08306568760403 11.712663136439724 63.466030215512895 22.488109353357615 18.866789627628403 91.5402169594936 58.460252683443315 70.55939841327964 57.42474874354354 114.71089250105143 25.80348560840373 28.703077518120047 66.32458332597568 65.58790295264735 86.88961738585628 58.31365735603266 104.13872892419583 46.3019014701474 71.1759409572325 0.0 81.54274943134892 17.340457248254282 35.626264901623145 46.137161957593506 52.62593997337595 43.719621046123194 80.8718519447873 19.53211075340158 23.061807761188273 45.1243802232056 15.017947680471174
13.804749866398282 28.888840043944064 35.60635975682953 25.10018188203303 22.33514349782092 29.281183861714645 36.59045732903845 67.10965902368375 72.04666070980099 81.74114318519261 22.650513537861713 31.258166779177365 32.036183878070695 37.94636660930832 16.301110038481042 17.06968596747549 73.25641034545107 33.648419790411005 70.0778569508157 28.027450627722523 78.21332129323135 64.33357876512666 24.040604485112993 26.421199006065553 15.175182951395689 45.26286944265028 35.65592960547728 83.87810687746547 71.15335814146249 23.607767331858188 19.285947631457415 38.4707328060841 23.230913706518756 27.631190041652122 35.29788280389768 36.50437867540911 81.54274943134892 0.0 87.27539614925398 46.009797750860365 38.55054684633199 32.51809063543626 38.33971967324594 43.12603042858589 70.46802028335155 60.64656145141197 36.42337075354405 72.6009093864904
74.87556380694345 60.73806214727593 51.88958346844597 85.77945532294676 68.4707114065607 67.28409561527003 63.15188901800817 25.004782816112588 15.344490982880478 5.640273997944062 74.73331209003476 81.08565293699496 108.49029726836457 53.07866443085332 70.97629184995054 71.98367072966478 14.243200413831675 83.97136414889319 21.379840048389532 64.76925486655175 11.468250476751022 23.859393855060276 92.90176783836976 61.83023771896114 74.32053226556057 70.95409924307947 117.75921058096553 10.621493810174112 20.40085517085013 75.96269457810996 69.32923843008328 84.83789151867315 64.70328933807006 106.68344435964772 53.6104290950583 69.3893580921973 17.340457248254282 87.27539614925398 0.0 43.8881231924283 56.380238842634945 55.58313727927825 52.176319978416814 77.54932863191684 16.86883284821032 26.932557645191217 52.16485415102552 14.972186419715024
32.53125757392883 17.493274874911073 16.636345667327095 41.97266223446767 25.093972163258538 23.460799612231753 20.350378920912785 21.234007499949154 28.76201324788707 38.84833198477493 30.855545894942278 37.85949626758839 72.92559805690344 9.19479552989941 30.323170342798484 29.368299841460328 29.721710486520724 55.43471322803321 24.429751375107845 32.46840732003501 37.49357753668758 20.031458456250018 58.59586864604844 25.329717468954616 36.23803803828507 31.65131089254694 80.00672078791317 43.7352725903275 33.71696468714365 32.07722169785334 31.51696729368039 58.468299278333504 22.802124803287676 69.88954011750873 10.711958042210403 43.91948879972984 35.626264901623145 46.009797750860365 43.8881231924283 0.0 13.143326372026621 20.90446242099059 8.33752558768559 55.01923907038776 28.41538146380291 17.47367116550668 9.663448309536589 28.965511836564772
24.806293509236543 11.02267653926547 21.385105318760562 29.527854528605815 16.215583077194413 11.33175949626202 7.231747311797502 32.3661305325414 41.5343712377856 51.55579073250809 19.383833649703664 24.825467698298876 68.55298957538965 5.834090300775887 25.23897277604397 21.576505885773045 42.40318431538422 55.99733802661925 35.88916185622986 34.03330344546031 50.56148961838964 32.696744226388525 55.74734519906454 25.611971654898454 32.849025364680216 19.82722142139398 73.99961738412945 56.80976391652976 46.809050458767615 20.188222431967162 29.161429005789778 59.804002745200975 17.579691816472213 64.86531634272197 9.99500097030084 47.18327662184986 46.137161957593506 38.55054684633199 56.380238842634945 13.143326372026621 0.0 24.162010422875163 6.907015561582754 58.30330812386258 41.430195138434634 30.509154000834396 10.941490192519979 41.63107974315143
22.498774219755667 16.007305891810088 4.437255097409151 40.581400954447226 20.572081282479246 26.146264335094504 29.01759094975038 38.68534186988936 40.72917704000777 49.96460284318277 28.95956965503233 40.38946176742918 54.05374279911763 18.911577747009158 16.81640228694768 20.71290153005611 42.014109316063 34.54375157303912 40.92344945088885 11.596497408490986 45.94201207758083 34.0643629495321 38.95669743297412 6.2634062370060954 18.74195390932916 42.82465231676734 62.49613810505303 51.4610918723234 38.64799933671537 30.918968055868195 13.772654331639453 37.58684750462294 14.01659150445456 51.67200596097322 14.28412371444045 23.490551545089705 52.62593997337595 32.51809063543626 55.58313727927825 20.90446242099059 24.162010422875163 0.0 18.209620564028242 34.688632919944325 38.723726462654824 29.99174982895549 13.7694805967876 41.43807601671111
24.652925112683715 9.475862391581213 14.932367371932623 33.85394089008701 16.869012377957187 15.406936167337559 13.722952755008306 29.41376219216859 36.981405852729054 47.07476895738515 22.559124018741702 30.252421908311106 66.57383580994683 1.1365297610001042 23.271366458482177 21.425304821015533 37.97639401926357 51.5380554574515 32.694904933985065 28.923576264487274 45.406360758531136 28.318592564676422 52.88330645072997 20.809689778846725 30.03379546545266 26.734018939537396 72.99621829738284 51.61768215059112 40.9370046451205 23.84291148426331 25.716828786152995 55.053395699454875 15.456756297834032 63.24408513766519 4.1583187020358645 41.63387033905691 43.719621046123194 38.33971967324594 52.176319978416814 8.33752558768559 6.907015561582754 18.209620564028242 0.0 52.825700319003246 36.445791243629095 25.542755516688903 4.452182582073256 37.22748086608965
44.49904431675883 48.363120624707555 38.555336374935656 64.57647090643869 48.934622109616136 56.961057898997616 61.893216391108986 68.83822874822575 65.75399671783765 72.23372886958622 55.87403772068326 67.83710823968603 39.5334443033335 53.446721425735284 38.68484365926352 45.36942064857027 67.06500156515195 11.798528949400636 69.96917899049801 24.36757675423473 66.15080531307282 62.339926746388876 26.565022264203577 32.84387353170033 31.68716299749497 75.26145056821514 51.229713363636485 69.541387920261 57.211997898577295 57.78550369407242 32.04385423989132 9.064362234904445 43.116703437207576 40.60612788846194 48.77994930722721 11.198516970821492 80.8718519447873 43.12603042858589 77.54932863191684 55.01923907038776 58.30330812386258 34.688632919944325 52.825700319003246 0.0 62.697872357837475 58.246125810647506 48.41856956393628 66.77988582430403
58.25652866084456 44.49943331877374 35.02475278008978 70.29733144266532 52.20202347279629 51.81389578146033 48.5151228416435 14.922814421127697 3.3876628074818753 11.280730535312035 58.89894146080524 66.24077425952859 91.91107647405366 37.43618353395 54.17810230693958 55.44063951146871 4.537586676228866 68.14618395423234 12.704069950252414 48.14224007910704 9.194476743717141 9.399838759996474 76.37859698565026 44.966133529303676 57.45672617633333 58.05650727120992 101.00082149309738 15.431013441498466 9.961271886253733 60.26555539601146 52.46262969240646 69.40386190099616 48.08938818858797 89.97705763731946 37.395226191985536 53.746087634145844 19.53211075340158 70.46802028335155 16.86883284821032 28.41538146380291 41.430195138434634 38.723726462654824 36.445791243629095 62.697872357837475 0.0 10.941714591410118 35.894319283879966 4.516612869489436
47.99562498645971 33.83003798911845 25.884270338035428 59.38084372705615 41.559404308332965 40.886359588974315 37.62448662919793 10.917950373823622 11.591316581331347 21.636085870754112 48.04983299537442 55.307711665128004 83.97810604394266 26.518079816488406 44.36445773770488 45.06967758813346 12.710594104146509 62.037401517151245 11.73457074448758 40.50240416334054 20.05314985889871 4.195029488720887 68.6953491380747 36.04983276722987 48.42520308850767 47.61311517644377 92.45334620486213 26.302243652862668 17.54188089631697 49.381321536901616 43.40753083094232 63.938483693200396 37.833039503292014 81.66374975385325 26.702506953199535 48.25522487352313 23.061807761188273 60.64656145141197 26.932557645191217 17.47367116550668 30.509154000834396 29.99174982895549 25.542755516688903 58.246125810647506 10.941714591410118 0.0 25.24196008412858 12.014674991015312
