0 51 40 11 17 41 44 46 31 31 5 32 40 39 27 37 11 12 17 28 33 24 10 2 35 40 36 13 29 47 22 34 27 42 34 31 49 41 42 40 6705 6785 6727
51 0 12 46 67 91 94 96 20 79 47 83 87 24 58 69 46 59 58 79 72 67 44 52 85 86 49 54 23 95 33 84 59 91 17 56 99 88 51 89 6732 6811 6753
40 12 0 35 56 80 83 84 9 67 36 72 76 20 49 60 35 49 48 67 63 57 33 41 74 76 43 44 12 84 23 73 50 80 6 48 88 77 46 78 6724 6804 6746
11 46 35 0 25 48 48 53 27 41 9 38 50 31 20 31 18 14 14 36 30 23 4 12 43 41 26 9 25 56 14 42 20 51 30 23 56 51 32 49 6715 6795 6737
17 67 56 25 0 25 31 30 47 17 21 18 26 55 34 40 23 15 21 12 32 23 26 15 19 30 47 21 44 32 38 18 33 26 50 39 32 27 53 24 6694 6774 6716
41 91 80 48 25 0 16 7 72 21 45 12 19 78 50 51 47 36 40 13 41 36 49 40 9 26 65 42 69 17 61 9 49 13 75 56 9 20 71 12 6682 6762 6704
44 94 83 48 31 16 0 21 74 34 48 14 34 77 44 42 52 35 37 22 32 30 50 43 23 14 59 40 72 33 62 21 42 29 77 49 21 35 65 28 6694 6775 6716
46 96 84 53 30 7 21 0 76 21 49 18 16 84 57 58 50 41 46 18 48 42 54 44 11 33 71 48 73 12 67 12 55 10 79 62 4 17 78 10 6675 6755 6697
31 20 9 27 47 72 74 76 0 59 27 63 68 19 42 54 27 40 40 59 55 49 25 33 65 68 38 36 4 76 16 65 43 71 4 42 79 69 42 70 6720 6800 6742
31 79 67 41 17 21 34 21 59 0 35 22 10 70 51 56 33 32 38 13 47 39 41 30 12 40 64 38 56 17 53 13 50 13 62 56 24 10 70 12 6677 6758 6699
5 47 36 9 21 45 48 49 27 35 0 36 43 36 28 39 9 16 19 32 35 27 8 6 39 43 35 15 25 51 19 38 28 46 30 31 53 44 41 44 6707 6787 6729
32 83 72 38 18 12 14 18 63 22 36 0 25 68 39 40 40 25 29 10 30 25 40 31 13 18 54 31 60 26 52 11 37 21 66 44 20 26 60 19 6692 6773 6714
40 87 76 50 26 19 34 16 68 10 43 25 0 79 58 63 42 40 46 18 53 45 50 39 12 43 72 47 65 9 61 15 57 7 71 64 19 2 78 7 6670 6750 6692
39 24 20 31 55 78 77 84 19 70 36 68 79 0 37 47 40 44 41 66 52 49 30 41 74 68 27 38 21 86 18 72 39 81 20 34 86 80 28 79 6738 6818 6760
27 58 49 20 34 50 44 57 42 51 28 39 58 37 0 12 37 19 13 42 16 15 23 28 49 33 15 15 41 63 27 47 3 58 45 6 59 60 21 56 6728 6808 6750
37 69 60 31 40 51 42 58 54 56 39 40 63 47 12 0 47 27 21 45 11 18 34 38 52 29 22 24 53 66 38 50 12 61 57 13 59 64 26 59 6732 6812 6754
11 46 35 18 23 47 52 50 27 33 9 40 42 40 37 47 0 23 27 34 43 35 15 11 40 49 43 23 24 49 23 39 37 45 29 40 54 43 49 43 6700 6780 6722
12 59 49 14 15 36 35 41 40 32 16 25 40 44 19 27 23 0 7 25 21 12 16 12 32 28 32 7 38 46 27 30 18 40 43 24 44 41 39 38 6709 6789 6731
17 58 48 14 21 40 37 46 40 38 19 29 46 41 13 21 27 7 0 30 17 9 17 17 37 28 26 5 38 51 26 36 12 46 43 18 48 47 33 44 6715 6795 6737
28 79 67 36 12 13 22 18 59 13 32 10 18 66 42 45 34 25 30 0 36 28 37 27 8 27 56 31 56 22 49 6 40 16 62 47 21 19 62 14 6687 6768 6709
33 72 63 30 32 41 32 48 55 47 35 30 53 52 16 11 43 21 17 36 0 10 33 33 42 19 29 21 54 56 40 40 14 51 58 19 49 54 34 49 6722 6802 6744
24 67 57 23 23 36 30 42 49 39 27 25 45 49 15 18 35 12 9 28 10 0 26 24 35 20 30 14 47 49 35 33 13 44 52 20 44 47 36 42 6715 6795 6737
10 44 33 4 26 49 50 54 25 41 8 40 50 30 23 34 15 16 17 37 33 26 0 12 44 44 28 12 22 56 13 43 23 51 28 25 57 51 34 49 6714 6794 6736
2 52 41 12 15 40 43 44 33 30 6 31 39 41 28 38 11 12 17 27 33 24 12 0 34 39 37 14 30 45 23 33 27 41 36 32 47 40 44 39 6704 6784 6726
35 85 74 43 19 9 23 11 65 12 39 13 12 74 49 52 40 32 37 8 42 35 44 34 0 31 63 39 63 14 56 3 47 9 68 54 14 13 70 7 6681 6761 6703
40 86 76 41 30 26 14 33 68 40 43 18 43 68 33 29 49 28 28 27 19 20 44 39 31 0 48 32 66 43 54 29 31 38 71 38 33 44 53 37 6707 6787 6729
36 49 43 26 47 65 59 71 38 64 35 54 72 27 15 22 43 32 26 56 29 30 28 37 63 48 0 26 38 77 24 61 17 71 41 11 74 73 7 69 6740 6820 6762
13 54 44 9 21 42 40 48 36 38 15 31 47 38 15 24 23 7 5 31 21 14 12 14 39 32 26 0 34 52 22 37 14 47 39 19 50 48 32 45 6715 6795 6737
29 23 12 25 44 69 72 73 4 56 25 60 65 21 41 53 24 38 38 56 54 47 22 30 63 66 38 34 0 73 15 62 42 68 6 41 76 66 42 67 6718 6797 6739
47 95 84 56 32 17 33 12 76 17 51 26 9 86 63 66 49 46 51 22 56 49 56 45 14 43 77 52 73 0 68 17 61 6 78 68 14 8 83 8 6667 6747 6689
22 33 23 14 38 61 62 67 16 53 19 52 61 18 27 38 23 27 26 49 40 35 13 23 56 54 24 22 15 68 0 55 28 63 19 27 69 63 29 62 6723 6803 6745
34 84 73 42 18 9 21 12 65 13 38 11 15 72 47 50 39 30 36 6 40 33 43 33 3 29 61 37 62 17 55 0 45 11 67 52 15 16 68 9 6683 6763 6705
27 59 50 20 33 49 42 55 43 50 28 37 57 39 3 12 37 18 12 40 14 13 23 27 47 31 17 14 42 61 28 45 0 56 46 8 57 58 23 54 6727 6807 6748
42 91 80 51 26 13 29 10 71 13 46 21 7 81 58 61 45 40 46 16 51 44 51 41 9 38 71 47 68 6 63 11 56 0 74 63 12 7 78 3 6672 6752 6694
34 17 6 30 50 75 77 79 4 62 30 66 71 20 45 57 29 43 43 62 58 52 28 36 68 71 41 39 6 78 19 67 46 74 0 45 82 71 44 72 6721 6800 6742
31 56 48 23 39 56 49 62 42 56 31 44 64 34 6 13 40 24 18 47 19 20 25 32 54 38 11 19 41 68 27 52 8 63 45 0 64 65 16 61 6733 6813 6755
49 99 88 56 32 9 21 4 79 24 53 20 19 86 59 59 54 44 48 21 49 44 57 47 14 33 74 50 76 14 69 15 57 12 82 64 0 19 80 13 6674 6755 6696
41 88 77 51 27 20 35 17 69 10 44 26 2 80 60 64 43 41 47 19 54 47 51 40 13 44 73 48 66 8 63 16 58 7 71 65 19 0 79 8 6669 6749 6691
42 51 46 32 53 71 65 78 42 70 41 60 78 28 21 26 49 39 33 62 34 36 34 44 70 53 7 32 42 83 29 68 23 78 44 16 80 79 0 76 6747 6827 6769
40 89 78 49 24 12 28 10 70 12 44 19 7 79 56 59 43 38 44 14 49 42 49 39 7 37 69 45 67 8 62 9 54 3 72 61 13 8 76 0 6674 6754 6696
6705 6732 6724 6715 6694 6682 6694 6675 6720 6677 6707 6692 6670 6738 6728 6732 6700 6709 6715 6687 6722 6715 6714 6704 6681 6707 6740 6715 6718 6667 6723 6683 6727 6672 6721 6733 6674 6669 6747 6674 0 105 52
6785 6811 6804 6795 6774 6762 6775 6755 6800 6758 6787 6773 6750 6818 6808 6812 6780 6789 6795 6768 6802 6795 6794 6784 6761 6787 6820 6795 6797 6747 6803 6763 6807 6752 6800 6813 6755 6749 6827 6754 105 0 62
6727 6753 6746 6737 6716 6704 6716 6697 6742 6699 6729 6714 6692 6760 6750 6754 6722 6731 6737 6709 6744 6737 6736 6726 6703 6729 6762 6737 6739 6689 6745 6705 6748 6694 6742 6755 6696 6691 6769 6696 52 62 0
