0 54 50 69 35 87 58 16 120 76 94 4 63 77 70 54 73 45 65 47 36 49 40 56 32 83 56 15 114 64 69 14 69 63 33 51 72 49 44 54 92 78 65 54 48 47 53 63 76 90 86 70 55 43 34 34 41 54 68 84 81 65 48 33 21 20 32 47 63 80 79 62 45 28 11 10 26 43 60 78 80 63 46 29 14 13 27 44 61 78 83 66 50 36 26 25 35 49 65 81 88 73 58 47 39 39 46 57 71 86 95 81 68 59 53 53 58 67 79 93 103 91 80 71 67 66 70 78 89 101 113 101 92 85 81 80 84 90 99 111
54 0 104 15 38 39 12 54 67 22 41 52 117 46 27 24 127 37 38 101 57 7 93 2 33 36 13 59 69 12 16 67 123 40 22 29 125 41 30 102 86 81 79 80 86 94 104 116 130 144 74 67 65 67 73 83 94 108 122 137 61 53 50 53 61 72 86 100 115 131 50 40 36 40 50 63 78 94 110 127 41 28 22 28 41 57 73 90 106 123 36 19 8 19 36 53 70 87 105 122 36 19 7 19 36 53 70 87 105 122 41 28 21 28 41 56 73 89 106 123 50 40 35 39 50 63 78 94 110 126 61 53 50 52 60 72 85 100 115 131
50 104 0 119 79 136 107 55 169 125 142 52 15 122 118 102 25 89 111 11 70 98 13 105 79 131 105 50 161 113 119 37 20 107 82 97 32 91 90 37 117 100 83 66 49 33 19 15 27 43 116 99 82 65 47 30 13 6 23 40 117 100 83 66 49 33 19 15 27 43 120 103 87 70 55 41 31 29 36 49 124 108 92 77 63 51 44 42 47 58 129 114 99 85 73 63 57 56 60 68 136 121 108 95 84 76 71 70 73 80 144 130 117 106 96 89 84 83 86 92 153 140 128 117 108 102 98 97 99 105 162 150 139 129 121 115 112 111 113 117
69 15 119 0 50 28 16 69 53 8 27 67 132 45 24 31 142 47 40 116 69 21 108 14 46 27 20 74 59 9 3 82 138 44 37 37 139 50 40 116 91 88 89 92 99 108 119 131 145 159 78 74 75 79 87 97 109 123 137 152 64 60 61 66 75 87 101 115 130 146 51 46 47 54 65 78 93 108 124 141 39 32 33 43 56 71 87 103 120 137 29 18 21 34 50 66 83 100 117 134 23 6 13 30 47 64 82 99 116 134 26 13 17 32 48 65 82 100 117 134 35 27 29 39 54 69 86 102 119 136 47 41 42 50 62 76 91 107 123 139
35 38 79 50 0 59 35 24 94 57 77 34 92 44 41 24 103 11 32 74 20 37 72 39 7 54 32 30 82 49 51 48 99 29 26 19 94 15 12 68 109 98 89 83 81 82 86 94 104 116 99 87 77 70 67 68 74 82 94 107 90 76 65 56 53 54 61 72 85 99 82 67 54 44 39 41 50 62 77 92 77 60 45 32 25 29 40 55 71 87 73 56 39 23 11 18 34 51 68 85 73 55 38 21 5 15 32 50 67 84 75 58 42 28 19 23 37 53 69 86 79 64 50 38 33 35 45 59 74 90 86 72 60 51 47 49 56 67 81 96
87 39 136 28 59 0 30 82 36 28 38 85 149 29 18 35 160 51 33 131 75 45 127 38 57 5 32 87 32 36 30 101 155 38 56 40 152 52 47 126 119 116 116 118 123 130 139 149 161 174 105 102 102 105 110 118 128 139 151 165 91 88 88 91 98 106 117 129 143 157 78 74 74 78 85 95 107 121 135 150 64 60 60 65 74 85 98 113 128 143 51 45 46 52 63 76 91 106 122 138 40 32 32 41 54 69 85 101 118 135 30 18 19 32 48 64 81 98 115 132 25 8 10 28 45 62 79 97 114 131 28 15 16 30 47 63 80 98 115 132
58 12 107 16 35 30 0 55 62 23 43 56 121 35 16 15 131 31 27 104 54 18 98 12 31 26 4 61 60 18 18 72 127 30 27 21 126 35 25 102 98 92 89 90 94 101 110 121 133 147 85 78 75 76 81 89 99 111 125 139 72 65 61 62 68 77 89 103 117 132 61 51 47 49 56 67 80 95 110 126 51 39 33 35 45 58 73 89 105 122 43 28 19 23 36 52 68 85 102 119 39 22 6 15 32 49 66 83 101 118 40 24 11 17 33 50 67 84 101 118 46 33 25 28 40 54 70 87 103 120 55 44 39 41 50 62 76 92 107 124
16 54 55 69 24 82 55 0 116 76 95 18 68 67 64 47 79 34 56 50 21 51 49 56 25 77 52 6 106 65 69 27 75 52 35 42 72 37 35 48 105 92 80 70 63 61 63 70 80 92 98 83 69 58 50 47 50 58 70 84 92 76 61 47 37 33 37 48 62 77 88 71 55 39 25 19 26 40 56 73 86 69 52 34 17 5 19 36 53 71 87 70 52 36 20 10 21 37 54 71 89 73 57 42 29 24 30 43 58 74 94 79 64 51 42 38 42 52 65 80 101 86 73 62 55 52 55 63 74 87 109 96 84 74 68 66 68 75 84 96
120 67 169 53 94 36 62 116 0 47 40 117 182 63 54 70 193 86 68 165 111 73 159 66 92 41 65 122 35 60 53 133 188 73 88 76 187 87 83 162 131 133 137 143 151 160 171 182 195 208 117 119 124 130 139 149 161 173 186 200 102 105 110 118 127 139 151 164 178 192 88 91 97 106 117 129 142 156 170 185 74 78 85 95 106 120 134 148 164 179 60 64 73 84 97 112 127 142 158 174 46 52 62 75 90 105 121 137 153 170 32 40 53 68 83 100 116 133 150 167 18 30 46 63 79 96 114 131 148 165 9 26 43 61 78 95 112 130 147 164
76 22 125 8 57 28 23 76 47 0 20 73 139 49 28 37 149 54 45 123 76 28 115 21 53 28 27 81 57 13 7 89 145 49 44 43 147 57 47 124 92 90 92 97 104 114 125 138 152 166 78 76 78 84 93 103 116 130 144 159 64 62 65 71 82 94 107 122 137 153 50 48 51 60 72 85 100 116 132 148 37 33 38 49 63 78 94 111 127 144 25 19 27 41 57 74 90 107 125 142 17 5 20 37 54 71 89 106 123 141 19 10 22 38 55 72 89 106 124 141 29 24 31 44 59 75 92 108 125 142 42 39 43 53 66 81 96 112 129 145
94 41 142 27 77 38 43 95 40 20 0 91 156 65 46 57 165 73 63 141 96 45 131 40 73 41 47 100 62 30 26 105 161 68 62 63 165 77 67 143 92 94 99 107 117 128 141 155 169 184 78 80 86 95 106 119 132 147 162 177 63 67 74 84 97 110 125 140 156 172 49 53 62 74 88 103 118 134 151 167 35 41 52 66 81 97 113 130 147 164 21 30 44 60 76 93 110 127 144 161 7 23 40 57 74 91 108 126 143 160 10 24 40 57 74 91 109 126 143 160 24 32 45 61 77 94 111 128 145 162 38 43 54 68 83 98 114 131 148 164
4 52 52 67 34 85 56 18 117 73 91 0 66 76 68 53 76 44 64 50 37 47 42 53 31 81 54 18 112 61 67 16 72 62 30 49 75 48 43 57 89 75 62 53 47 48 55 66 79 93 83 67 53 41 34 35 44 57 71 87 78 61 45 30 20 22 34 50 66 83 76 59 41 24 8 13 29 47 64 81 76 59 42 26 12 15 31 47 64 81 79 63 48 34 25 26 37 52 68 84 85 70 56 45 38 40 47 60 74 89 92 78 66 57 52 53 59 69 82 96 101 88 78 70 66 67 72 80 91 104 111 99 90 84 80 81 85 92 101 113
63 117 15 132 92 149 121 68 182 139 156 66 0 134 131 115 14 101 123 19 81 112 27 118 92 144 118 62 173 127 132 51 9 119 96 110 23 103 103 39 130 113 95 78 61 44 27 12 13 28 130 112 95 78 61 43 26 10 11 28 131 114 97 80 63 47 32 21 22 33 134 117 101 85 69 54 42 35 35 43 138 122 106 91 77 64 54 48 48 54 144 128 113 99 86 75 66 62 62 67 150 135 121 108 96 87 79 75 75 79 158 144 130 118 108 99 93 89 89 92 166 153 140 129 119 112 106 103 103 106 175 163 151 141 132 124 119 117 116 119
77 46 122 45 44 29 35 67 63 49 65 76 134 0 21 26 146 33 12 116 55 52 115 46 46 26 34 73 41 51 47 91 141 16 54 28 134 31 34 106 132 126 122 120 121 124 129 137 146 157 119 112 108 106 107 110 117 125 135 146 107 99 94 92 93 97 104 114 125 137 95 86 80 78 79 84 92 103 115 128 83 73 66 64 65 72 81 93 106 120 73 61 53 49 52 60 71 84 98 114 64 51 40 35 39 49 62 77 92 109 58 42 28 21 27 40 55 71 88 105 54 37 20 7 18 34 52 69 86 103 54 37 21 8 18 35 52 69 86 103
70 27 118 24 41 18 16 64 54 28 46 68 131 21 0 17 142 33 18 114 58 34 110 27 40 13 17 70 45 30 26 84 138 23 41 23 135 35 30 109 112 107 105 106 109 115 123 132 144 156 99 94 91 92 95 102 111 122 134 147 86 80 77 78 82 90 100 112 125 139 74 66 63 64 69 78 90 103 117 132 62 53 49 50 57 68 81 95 111 126 52 41 35 37 46 59 74 89 105 122 44 30 21 24 37 52 68 85 102 119 40 23 8 15 31 48 66 83 100 117 40 24 10 16 32 49 66 83 100 118 46 32 24 27 38 53 69 86 102 119
54 24 102 31 24 35 15 47 70 37 57 53 115 26 17 0 126 18 15 97 42 28 94 25 23 30 12 53 60 33 32 68 121 16 29 7 118 20 13 92 108 101 96 94 96 100 107 116 127 139 96 88 82 80 82 87 95 105 117 130 85 75 69 66 68 74 84 95 108 123 74 63 55 52 55 62 73 86 101 116 65 52 42 38 42 51 64 79 94 110 58 43 30 24 29 42 57 73 90 107 53 37 20 10 20 36 53 70 87 104 53 36 19 5 18 35 52 70 87 104 56 40 26 19 26 40 55 72 89 106 62 49 38 33 38 48 62 77 93 109
73 127 25 142 103 160 131 79 193 149 165 76 14 146 142 126 0 113 135 31 93 122 35 128 103 155 129 74 185 136 142 61 6 131 106 121 33 115 114 52 131 114 97 79 62 45 28 11 10 26 133 116 98 82 65 49 33 22 21 32 135 119 102 86 70 56 43 35 34 42 139 123 108 92 78 65 54 48 48 53 145 129 114 100 87 75 67 62 61 66 151 137 122 109 97 87 79 75 75 78 159 145 131 119 108 99 93 89 89 91 167 154 141 130 120 112 106 103 102 105 176 164 152 141 132 125 119 116 116 118 186 174 163 153 144 138 133 130 130 132
45 37 89 47 11 51 31 34 86 54 73 44 101 33 33 18 113 0 22 83 25 38 83 38 15 46 27 40 73 47 48 59 108 18 30 11 102 6 8 76 114 105 97 92 90 92 97 104 114 125 103 93 84 78 76 78 84 92 103 115 93 81 71 65 62 65 71 81 93 107 85 71 60 51 48 51 60 71 85 99 77 62 49 38 34 39 49 63 78 94 72 56 40 27 20 27 41 56 73 90 70 52 35 18 6 19 36 53 70 88 70 53 36 19 9 20 36 53 71 88 73 57 41 28 23 29 42 57 73 90 78 64 50 41 37 41 51 64 79 94
65 38 111 40 32 33 27 56 68 45 63 64 123 12 18 15 135 22 0 105 45 42 104 38 34 28 25 61 51 44 42 79 130 6 43 16 123 21 22 97 123 116 111 108 109 112 118 125 135 146 110 102 97 94 95 99 105 114 124 136 99 90 83 80 81 85 93 103 114 127 87 77 70 66 67 72 81 92 105 119 77 65 57 52 54 60 70 83 97 112 68 55 44 38 40 49 61 75 91 107 62 46 32 24 27 39 53 69 86 103 58 41 24 11 16 32 49 66 83 100 57 40 23 7 14 31 48 65 83 100 60 44 29 20 23 36 52 68 85 102
47 101 11 116 74 131 104 50 165 123 141 50 19 116 114 97 31 83 105 0 63 96 20 102 74 126 101 45 155 111 116 37 26 101 80 92 27 85 85 26 123 106 89 73 57 42 30 25 31 43 121 104 87 70 52 36 20 11 21 37 121 103 86 69 52 34 17 4 19 36 122 105 88 71 54 38 24 18 26 40 125 108 92 76 60 46 36 32 37 48 129 113 97 82 69 57 48 46 49 58 135 119 105 91 79 69 62 59 62 69 142 127 113 101 90 81 75 73 75 81 149 136 123 111 101 94 89 87 89 94 158 145 133 123 114 107 102 101 102 106
36 57 70 69 20 75 54 21 111 76 96 37 81 55 58 42 93 25 45 63 0 56 66 58 25 70 50 24 95 68 70 47 88 40 42 36 79 24 30 52 122 109 98 89 83 80 81 85 92 102 113 99 87 77 70 66 67 72 81 92 105 91 77 65 56 52 53 60 70 83 99 83 68 55 44 38 40 48 61 75 95 78 62 46 33 24 27 39 53 69 92 75 58 41 24 11 16 32 49 66 92 74 57 40 23 7 14 31 48 65 93 77 60 44 29 19 23 36 51 68 97 81 66 51 39 33 35 44 58 73 103 88 74 61 52 47 48 55 66 80
49 7 98 21 37 45 18 51 73 28 45 47 112 52 34 28 122 38 42 96 56 0 88 8 31 42 19 56 76 15 21 61 117 44 17 31 121 43 31 99 81 75 72 74 79 88 98 111 125 139 69 61 58 60 66 76 89 103 117 133 57 48 44 46 55 67 80 95 111 127 47 35 30 34 44 58 74 90 107 123 40 25 16 22 37 53 70 87 104 121 37 20 2 16 33 51 68 85 103 120 39 24 14 21 36 52 69 86 103 121 46 34 28 32 43 58 73 90 106 123 56 46 42 45 53 65 80 95 111 127 67 59 56 58 65 75 88 102 116 132
40 93 13 108 72 127 98 49 159 115 131 42 27 115 110 94 35 83 104 20 66 88 0 94 71 122 96 44 153 102 108 27 31 100 72 90 45 85 83 43 105 88 71 54 38 23 15 24 39 55 104 86 69 52 34 17 2 18 36 53 104 87 70 53 37 22 13 23 38 55 107 91 74 58 44 32 27 33 45 59 112 96 80 66 54 44 41 45 54 67 118 103 88 76 65 58 55 58 65 76 125 111 98 86 77 71 69 71 77 86 133 120 108 98 90 85 83 84 90 98 142 130 119 110 103 98 97 98 102 109 152 141 131 123 116 112 111 112 116 122
56 2 105 14 39 38 12 56 66 21 40 53 118 46 27 25 128 38 38 102 58 8 94 0 34 35 14 61 69 10 14 68 124 40 23 29 126 42 31 103 86 81 79 81 86 95 105 118 131 145 73 67 65 67 74 84 95 109 123 138 61 53 51 54 62 73 87 101 117 132 50 40 37 41 51 65 79 95 111 128 41 28 23 29 42 58 74 91 108 125 35 18 8 21 37 54 71 88 106 123 35 18 7 20 37 54 71 88 106 123 40 27 21 28 42 57 74 90 107 124 49 39 35 40 50 64 79 95 111 127 60 52 49 52 61 72 86 101 116 132
32 33 79 46 7 57 31 25 92 53 73 31 92 46 40 23 103 15 34 74 25 31 71 34 0 53 28 30 83 44 47 46 98 31 19 19 96 19 12 71 102 92 83 78 77 79 85 93 104 117 92 80 71 64 63 65 72 83 95 108 83 70 58 51 49 52 61 73 86 101 76 61 47 38 35 40 51 64 80 95 70 54 38 25 21 28 42 58 75 91 68 50 33 17 7 21 38 55 72 90 68 51 34 18 9 22 38 55 72 90 71 55 40 27 23 30 43 59 75 92 77 62 49 40 37 42 52 66 80 96 84 71 60 53 51 54 63 74 88 102
83 36 131 27 54 5 26 77 41 28 41 81 144 26 13 30 155 46 28 126 70 42 122 35 53 0 28 82 34 35 29 96 150 33 53 36 147 47 42 122 118 114 113 115 120 126 135 145 156 169 104 100 99 102 107 114 123 135 147 160 90 86 85 88 94 102 113 125 138 152 77 72 71 74 81 91 103 116 130 145 64 58 57 61 69 81 94 108 123 139 52 44 43 48 58 71 86 101 117 134 41 31 29 36 49 64 80 96 113 130 33 19 15 27 43 59 76 93 111 128 30 12 6 23 41 58 75 92 110 127 33 19 16 27 43 60 76 94 111 128
56 13 105 20 32 32 4 52 65 27 47 54 118 34 17 12 129 27 25 101 50 19 96 14 28 28 0 58 61 21 21 69 124 27 25 17 123 31 21 99 99 93 89 89 93 99 108 119 131 144 86 79 75 75 79 87 97 109 122 136 74 66 61 62 66 75 86 100 114 129 63 53 47 48 54 64 77 92 107 123 53 41 33 34 42 55 70 86 102 119 46 31 20 21 33 48 65 82 99 116 43 26 9 11 28 45 62 80 97 114 44 27 13 15 30 46 63 80 97 115 49 35 26 27 37 51 67 83 100 117 58 46 40 40 48 59 73 88 104 120
15 59 50 74 30 87 61 6 122 81 100 18 62 73 70 53 74 40 61 45 24 56 44 61 30 82 58 0 112 70 74 24 69 58 39 48 66 42 41 43 107 92 79 68 60 57 58 65 75 87 100 85 70 57 48 43 45 53 65 79 95 78 63 48 35 29 32 43 57 72 91 74 57 41 26 15 21 35 51 68 90 73 56 38 21 4 15 32 49 67 91 74 57 41 25 14 20 35 51 68 94 78 62 47 35 28 31 42 56 72 99 84 70 57 47 42 44 52 64 78 106 92 79 68 60 56 57 64 74 86 114 101 89 80 73 70 71 76 85 96
114 69 161 59 82 32 60 106 35 57 62 112 173 41 45 60 185 73 51 155 95 76 153 69 83 34 61 112 0 67 61 128 180 55 86 64 174 71 71 147 149 147 147 149 153 159 167 175 186 197 135 133 133 135 140 146 155 164 175 187 121 118 119 122 127 134 143 153 165 177 107 104 105 108 114 122 132 143 155 168 93 90 91 94 101 110 121 133 146 160 79 76 77 81 89 99 111 124 138 153 66 62 63 68 77 89 102 116 131 147 52 48 49 56 67 80 94 110 126 142 40 34 35 45 58 73 88 105 121 138 29 20 23 36 51 67 84 101 118 135
64 12 113 9 49 36 18 65 60 13 30 61 127 51 30 33 136 47 44 111 68 15 102 10 44 35 21 70 67 0 7 76 132 47 32 38 135 51 40 113 84 80 81 85 92 101 113 126 139 154 70 66 67 71 80 91 104 117 132 147 57 52 53 59 69 81 95 110 126 142 44 38 39 47 59 73 89 105 121 138 33 24 26 37 51 67 84 101 118 135 26 11 14 30 47 64 81 98 116 133 25 9 13 29 47 64 81 98 116 133 31 21 23 35 50 67 83 100 117 134 42 35 36 45 57 72 88 104 120 137 54 49 50 56 67 80 94 109 125 141
69 16 119 3 51 30 18 69 53 7 26 67 132 47 26 32 142 48 42 116 70 21 108 14 47 29 21 74 61 7 0 82 138 46 37 38 140 52 42 117 89 86 87 91 98 108 119 131 145 159 75 72 73 78 86 97 109 123 137 152 62 58 59 65 75 87 101 115 130 146 49 44 46 53 65 78 93 109 125 141 37 30 32 43 56 72 88 104 121 138 27 16 20 34 51 67 84 101 118 136 22 5 14 31 48 66 83 100 118 135 26 15 19 34 50 67 84 101 118 135 36 29 31 42 56 71 87 104 121 138 48 43 44 52 64 78 93 108 125 141
14 67 37 82 48 101 72 27 133 89 105 16 51 91 84 68 61 59 79 37 47 61 27 68 46 96 69 24 128 76 82 0 56 76 46 65 63 62 58 49 92 76 61 48 38 34 39 50 64 79 88 71 54 39 26 20 28 42 58 74 85 68 51 34 17 7 20 37 55 72 86 68 51 34 18 9 21 38 55 72 88 71 55 40 27 23 30 43 59 75 93 77 62 49 40 37 41 52 65 80 99 85 71 60 53 50 54 62 74 87 107 94 82 73 66 64 67 74 84 96 116 104 94 85 80 78 80 86 95 105 126 115 106 98 94 92 94 99 106 116
69 123 20 138 99 155 127 75 188 145 161 72 9 141 138 121 6 108 130 26 88 117 31 124 98 150 124 69 180 132 138 56 0 126 102 117 29 110 109 47 130 113 95 78 61 43 26 9 9 27 131 114 96 79 62 46 30 17 17 30 133 116 99 83 67 52 38 29 29 38 137 120 104 89 74 60 49 43 43 49 142 126 111 96 83 71 61 56 56 61 148 133 118 105 92 82 74 70 70 74 155 141 127 115 103 94 87 84 84 87 163 149 137 125 115 107 101 97 97 100 172 159 147 136 127 119 114 111 111 113 181 169 158 148 139 132 128 125 125 127
63 40 107 44 29 38 30 52 73 49 68 62 119 16 23 16 131 18 6 101 40 44 100 40 31 33 27 58 55 47 46 76 126 0 42 15 119 17 20 92 124 116 110 107 107 109 114 122 131 142 112 103 97 93 93 96 102 110 120 132 100 91 83 79 79 82 89 99 110 123 90 79 70 65 65 69 77 88 100 114 80 67 57 52 51 57 66 78 92 107 72 57 45 38 37 44 56 70 86 102 66 50 35 24 24 34 48 64 81 97 62 45 28 13 12 27 44 61 78 95 62 45 28 12 11 27 44 61 78 95 65 49 34 23 22 33 48 64 80 97
33 22 82 37 26 56 27 35 88 44 62 30 96 54 41 29 106 30 43 80 42 17 72 23 19 53 25 39 86 32 37 46 102 42 0 28 104 36 24 82 85 75 68 66 68 74 84 95 109 123 74 63 55 52 55 62 73 86 101 116 65 52 42 38 42 51 64 79 95 111 58 42 30 24 29 42 57 73 90 107 53 36 20 10 20 36 53 70 87 105 53 35 19 5 18 35 53 70 87 104 56 40 26 19 26 40 56 72 89 106 62 48 38 33 38 48 62 77 93 109 71 59 51 48 50 59 70 84 99 114 81 71 64 62 64 70 80 92 106 120
51 29 97 37 19 40 21 42 76 43 63 49 110 28 23 7 121 11 16 92 36 31 90 29 19 36 17 48 64 38 38 65 117 15 28 0 112 14 8 86 111 102 96 93 94 97 103 112 122 134 99 89 83 79 80 84 91 100 112 125 88 77 69 65 66 71 79 90 103 117 78 66 56 51 52 58 68 81 95 110 69 55 44 37 38 46 59 73 88 104 63 47 33 24 25 36 51 67 84 100 59 42 26 11 14 30 47 64 81 98 59 42 25 9 13 29 46 64 81 98 62 46 32 21 23 35 50 66 83 100 68 54 42 35 36 44 57 72 87 103
72 125 32 139 94 152 126 72 187 147 165 75 23 134 135 118 33 102 123 27 79 121 45 126 96 147 123 66 174 135 140 63 29 119 104 112 0 103 105 28 149 132 115 98 81 65 49 35 25 25 147 130 113 96 78 61 44 28 13 13 147 130 113 95 78 61 44 26 10 11 148 131 114 97 80 63 47 32 21 21 151 134 117 101 84 69 54 42 34 34 154 138 122 106 91 76 63 53 47 47 159 143 128 113 99 85 74 65 61 61 165 150 135 121 108 96 86 78 74 74 172 157 143 130 118 107 98 91 88 88 179 165 152 140 128 118 110 105 102 102
49 41 91 50 15 52 35 37 87 57 77 48 103 31 35 20 115 6 21 85 24 43 85 42 19 47 31 42 71 51 52 62 110 17 36 14 103 0 12 76 120 110 102 97 95 96 99 106 115 126 109 98 89 83 81 82 86 94 104 116 99 87 77 70 67 68 74 83 94 107 90 76 65 56 53 55 61 72 85 99 82 67 54 44 39 41 50 63 77 92 76 60 45 32 25 29 40 55 71 88 73 56 39 23 11 18 34 51 68 85 72 55 38 21 5 16 33 50 67 84 75 58 42 27 19 24 37 53 69 86 79 64 50 38 33 36 46 59 74 90
44 30 90 40 12 47 25 35 83 47 67 43 103 34 30 13 114 8 22 85 30 31 83 31 12 42 21 41 71 40 42 58 109 20 24 8 105 12 0 80 108 99 92 88 87 90 96 105 115 127 97 87 79 74 73 77 84 93 105 118 87 75 66 60 60 64 72 83 96 110 78 64 53 47 46 51 61 74 88 104 70 55 42 33 32 39 52 66 82 98 65 49 33 20 18 30 45 61 78 95 63 46 29 12 8 25 42 59 76 94 64 47 31 16 14 27 43 60 77 94 68 53 38 28 27 35 49 64 80 97 75 61 49 42 41 47 57 71 86 101
54 102 37 116 68 126 102 48 162 124 143 57 39 106 109 92 52 76 97 26 52 99 43 103 71 122 99 43 147 113 117 49 47 92 82 86 28 76 80 0 140 124 108 93 78 65 55 48 47 53 136 120 103 87 71 56 43 35 34 41 134 116 99 82 66 49 34 22 20 31 132 115 98 80 63 46 29 12 9 25 132 115 98 81 64 46 30 14 12 26 134 117 100 83 67 51 36 25 24 33 137 121 104 88 73 59 46 38 37 44 142 126 110 95 81 68 58 52 51 56 147 132 117 103 90 79 70 65 65 69 154 139 125 112 101 91 83 79 78 82
92 86 117 91 109 119 98 105 131 92 92 89 130 132 112 108 131 114 123 123 122 81 105 86 102 118 99 107 149 84 89 92 130 124 85 111 149 120 108 140 0 18 35 52 70 87 104 122 139 156 15 23 38 54 71 88 105 122 140 157 29 34 45 60 75 91 108 125 142 159 43 47 55 68 82 97 113 129 145 162 58 60 67 77 90 104 119 134 150 166 72 74 80 88 99 112 126 140 156 171 86 88 93 100 110 122 134 148 162 177 100 102 106 112 121 132 144 156 170 184 115 116 119 125 133 143 154 166 179 192 129 130 133 138 145 154 164 176 188 201
78 81 100 88 98 116 92 92 133 90 94 75 113 126 107 101 114 105 116 106 109 75 88 81 92 114 93 92 147 80 86 76 113 116 75 102 132 110 99 124 18 0 18 35 52 70 87 104 122 139 23 15 23 38 54 71 88 105 122 140 34 29 34 45 60 75 91 108 125 142 47 43 46 55 67 82 97 112 129 145 60 57 60 67 77 90 104 118 134 150 74 72 73 79 88 99 112 126 140 155 88 86 87 92 100 110 121 134 148 162 102 100 101 105 112 121 131 143 156 170 116 114 115 119 125 133 142 153 165 178 130 128 129 132 138 145 154 164 175 187
65 79 83 89 89 116 89 80 137 92 99 62 95 122 105 96 97 97 111 89 98 72 71 79 83 113 89 79 147 81 87 61 95 110 68 96 115 102 92 108 35 18 0 18 35 52 70 87 104 122 38 23 15 23 38 54 71 88 105 122 45 34 29 34 45 60 75 91 108 125 55 46 43 46 55 67 81 97 112 129 67 60 57 60 67 77 90 104 118 134 80 73 71 73 79 88 99 112 126 140 93 87 85 87 92 99 109 121 134 148 106 101 99 101 105 112 121 131 143 156 119 115 114 115 118 124 132 142 153 165 133 129 128 129 132 137 144 153 163 175
54 80 66 92 83 118 90 70 143 97 107 53 78 120 106 94 79 92 108 73 89 74 54 81 78 115 89 68 149 85 91 48 78 107 66 93 98 97 88 93 52 35 18 0 18 35 52 70 87 104 54 38 23 15 23 38 54 71 88 105 60 45 34 29 33 45 59 75 91 108 68 55 46 43 46 55 67 81 97 112 77 67 60 57 59 66 77 89 103 118 88 79 73 71 73 79 88 99 112 125 100 92 87 85 87 91 99 109 121 134 112 105 101 99 100 105 111 120 131 143 125 119 115 113 114 118 124 132 141 152 138 132 129 127 128 131 137 144 153 163
48 86 49 99 81 123 94 63 151 104 117 47 61 121 109 96 62 90 109 57 83 79 38 86 77 120 93 60 153 92 98 38 61 107 68 94 81 95 87 78 70 52 35 18 0 18 35 52 70 87 71 54 38 23 15 23 38 54 71 88 75 60 45 33 29 33 45 59 75 91 82 67 55 46 43 46 55 67 81 96 90 77 67 59 57 59 66 77 89 103 99 88 79 73 71 73 78 87 99 111 110 100 92 87 85 86 91 99 109 120 121 112 105 100 99 100 104 111 120 130 133 125 118 114 113 114 117 123 131 141 145 138 132 128 127 127 131 136 143 152
47 94 33 108 82 130 101 61 160 114 128 48 44 124 115 100 45 92 112 42 80 88 23 95 79 126 99 57 159 101 108 34 43 109 74 97 65 96 90 65 87 70 52 35 18 0 18 35 52 70 88 71 54 38 23 14 23 38 54 71 91 75 60 45 33 28 33 45 59 75 97 82 67 55 46 42 46 55 67 81 104 90 77 66 59 56 59 66 76 89 112 99 88 79 73 70 72 78 87 98 122 110 99 91 86 84 86 91 98 108 132 121 112 105 100 98 99 104 110 119 143 133 124 118 114 112 113 117 123 131 154 145 137 131 127 126 127 130 135 143
53 104 19 119 86 139 110 63 171 125 141 55 27 129 123 107 28 97 118 30 81 98 15 105 85 135 108 58 167 113 119 39 26 114 84 103 49 99 96 55 104 87 70 52 35 18 0 18 35 52 105 88 71 54 38 23 14 23 38 54 108 91 75 59 45 33 28 33 45 59 113 97 81 67 55 46 42 46 54 67 119 104 90 77 66 59 56 59 66 76 126 112 99 88 78 72 70 72 78 87 134 121 109 99 91 86 84 85 90 98 144 131 121 111 104 99 98 99 103 110 154 142 132 124 117 113 112 113 116 122 164 154 144 137 131 127 125 126 130 135
63 116 15 131 94 149 121 70 182 138 155 66 12 137 132 116 11 104 125 25 85 111 24 118 93 145 119 65 175 126 131 50 9 122 95 112 35 106 105 48 122 104 87 70 52 35 18 0 18 35 122 105 88 71 54 38 23 14 23 38 125 108 91 75 59 45 33 28 33 45 129 112 97 81 67 55 46 42 45 54 134 118 104 89 77 66 59 56 58 65 140 126 112 99 87 78 72 70 72 77 148 134 121 109 99 91 85 83 85 90 156 143 131 120 111 104 99 97 99 103 166 153 142 132 123 117 113 111 112 116 176 164 153 144 136 130 126 125 126 129
76 130 27 145 104 161 133 80 195 152 169 79 13 146 144 127 10 114 135 31 92 125 39 131 104 156 131 75 186 139 145 64 9 131 109 122 25 115 115 47 139 122 104 87 70 52 35 18 0 18 140 122 105 88 71 54 38 23 14 23 142 125 108 91 75 59 45 33 28 33 145 129 112 97 81 67 54 45 42 45 150 134 118 103 89 76 66 58 55 58 156 140 126 112 99 87 78 72 69 71 162 148 134 121 109 98 90 85 83 85 170 156 143 131 120 110 103 99 97 98 179 165 153 141 131 123 116 112 110 112 188 175 163 153 143 135 130 126 124 125
90 144 43 159 116 174 147 92 208 166 184 93 28 157 156 139 26 125 146 43 102 139 55 145 117 169 144 87 197 154 159 79 27 142 123 134 25 126 127 53 156 139 122 104 87 70 52 35 18 0 157 140 122 105 88 71 54 38 23 14 159 142 125 108 91 75 59 45 33 28 162 145 129 112 96 81 67 54 45 42 166 150 134 118 103 89 76 65 58 55 171 155 140 125 111 98 87 77 71 69 177 162 148 134 120 108 98 90 85 83 184 170 156 143 130 119 110 103 98 96 192 178 165 152 141 131 122 116 112 110 201 187 175 163 152 143 135 129 125 124
86 74 116 78 99 105 85 98 117 78 78 83 130 119 99 96 133 103 110 121 113 69 104 73 92 104 86 100 135 70 75 88 131 112 74 99 147 109 97 136 15 23 38 54 71 88 105 122 140 157 0 18 35 52 70 87 104 122 139 156 15 23 38 54 71 88 105 122 140 157 29 34 45 60 75 91 108 125 142 159 43 47 55 68 82 97 113 129 145 162 58 60 67 77 90 104 119 134 150 166 72 74 80 88 99 112 126 140 156 171 86 88 93 100 110 122 134 148 162 177 100 102 106 112 121 132 144 156 170 184 115 116 119 125 133 143 154 166 179 192
70 67 99 74 87 102 78 83 119 76 80 67 112 112 94 88 116 93 102 104 99 61 86 67 80 100 79 85 133 66 72 71 114 103 63 89 130 98 87 120 23 15 23 38 54 71 88 105 122 140 18 0 18 35 52 70 87 104 122 139 23 15 23 38 54 71 88 105 122 140 34 29 34 45 60 75 91 108 125 142 47 43 46 55 67 82 97 112 129 145 60 57 60 67 77 90 104 118 134 150 74 72 73 79 88 99 112 126 140 155 88 86 87 92 100 110 121 134 148 162 102 100 101 105 112 121 131 143 156 170 116 114 115 119 125 133 142 153 165 178
55 65 82 75 77 102 75 69 124 78 86 53 95 108 91 82 98 84 97 87 87 58 69 65 71 99 75 70 133 67 73 54 96 97 55 83 113 89 79 103 38 23 15 23 38 54 71 88 105 122 35 18 0 18 35 52 70 87 104 122 38 23 15 23 38 54 71 88 105 122 45 34 29 34 45 60 75 91 108 125 55 46 43 46 55 67 81 97 112 129 67 60 57 60 67 77 90 104 118 134 80 73 71 73 79 88 99 112 126 140 93 87 85 87 92 99 109 121 134 148 106 101 99 101 105 112 121 131 143 156 119 115 114 115 118 124 132 142 153 165
43 67 65 79 70 105 76 58 130 84 95 41 78 106 92 80 82 78 94 70 77 60 52 67 64 102 75 57 135 71 78 39 79 93 52 79 96 83 74 87 54 38 23 15 23 38 54 71 88 105 52 35 18 0 18 35 52 70 87 104 54 38 23 15 23 38 54 71 88 105 60 45 34 29 33 45 59 75 91 108 68 55 46 43 46 55 67 81 97 112 77 67 60 57 59 66 77 89 103 118 88 79 73 71 73 79 88 99 112 125 100 92 87 85 87 91 99 109 121 134 112 105 101 99 100 105 111 120 131 143 125 119 115 113 114 118 124 132 141 152
34 73 47 87 67 110 81 50 139 93 106 34 61 107 95 82 65 76 95 52 70 66 34 74 63 107 79 48 140 80 86 26 62 93 55 80 78 81 73 71 71 54 38 23 15 23 38 54 71 88 70 52 35 18 0 18 35 52 70 87 71 54 38 23 15 23 38 54 71 88 75 60 45 33 29 33 45 59 75 91 82 67 55 46 43 46 55 67 81 96 90 77 67 59 57 59 66 77 89 103 99 88 79 73 71 73 78 87 99 111 110 100 92 87 85 86 91 99 109 120 121 112 105 100 99 100 104 111 120 130 133 125 118 114 113 114 117 123 131 141
34 83 30 97 68 118 89 47 149 103 119 35 43 110 102 87 49 78 99 36 66 76 17 84 65 114 87 43 146 91 97 20 46 96 62 84 61 82 77 56 88 71 54 38 23 14 23 38 54 71 87 70 52 35 18 0 18 35 52 70 88 71 54 38 23 14 23 38 54 71 91 75 60 45 33 28 33 45 59 75 97 82 67 55 46 42 46 55 67 81 104 90 77 66 59 56 59 66 76 89 112 99 88 79 73 70 72 78 87 98 122 110 99 91 86 84 86 91 98 108 132 121 112 105 100 98 99 104 110 119 143 133 124 118 114 112 113 117 123 131
41 94 13 109 74 128 99 50 161 116 132 44 26 117 111 95 33 84 105 20 67 89 2 95 72 123 97 45 155 104 109 28 30 102 73 91 44 86 84 43 105 88 71 54 38 23 14 23 38 54 104 87 70 52 35 18 0 18 35 52 105 88 71 54 38 23 14 23 38 54 108 91 75 59 45 33 28 33 45 59 113 97 81 67 55 46 42 46 54 67 119 104 90 77 66 59 56 59 66 76 126 112 99 88 78 72 70 72 78 87 134 121 109 99 91 86 84 85 90 98 144 131 121 111 104 99 98 99 103 110 154 142 132 124 117 113 112 113 116 122
54 108 6 123 82 139 111 58 173 130 147 57 10 125 122 105 22 92 114 11 72 103 18 109 83 135 109 53 164 117 123 42 17 110 86 100 28 94 93 35 122 105 88 71 54 38 23 14 23 38 122 104 87 70 52 35 18 0 18 35 122 105 88 71 54 38 23 14 23 38 125 108 91 75 59 45 33 28 33 45 129 112 97 81 67 55 46 42 45 54 134 118 104 89 77 66 59 56 58 65 140 126 112 99 87 78 72 70 72 77 148 134 121 109 99 91 85 83 85 90 156 143 131 120 111 104 99 97 99 103 166 153 142 132 123 117 113 111 112 116
68 122 23 137 94 151 125 70 186 144 162 71 11 135 134 117 21 103 124 21 81 117 36 123 95 147 122 65 175 132 137 58 17 120 101 112 13 104 105 34 140 122 105 88 71 54 38 23 14 23 139 122 104 87 70 52 35 18 0 18 140 122 105 88 71 54 38 23 14 23 142 125 108 91 75 59 45 33 28 33 145 129 112 97 81 67 54 45 42 45 150 134 118 103 89 76 66 58 55 58 156 140 126 112 99 87 78 72 69 71 162 148 134 121 109 98 90 85 83 85 170 156 143 131 120 110 103 99 97 98 179 165 153 141 131 123 116 112 110 112
84 137 40 152 107 165 139 84 200 159 177 87 28 146 147 130 32 115 136 37 92 133 53 138 108 160 136 79 187 147 152 74 30 132 116 125 13 116 118 41 157 140 122 105 88 71 54 38 23 14 156 139 122 104 87 70 52 35 18 0 157 140 122 105 88 71 54 38 23 14 159 142 125 108 91 75 59 45 33 28 162 145 129 112 96 81 67 54 45 42 166 150 134 118 103 89 76 65 58 55 171 155 140 125 111 98 87 77 71 69 177 162 148 134 120 108 98 90 85 83 184 170 156 143 130 119 110 103 98 96 192 178 165 152 141 131 122 116 112 110
81 61 117 64 90 91 72 92 102 64 63 78 131 107 86 85 135 93 99 121 105 57 104 61 83 90 74 95 121 57 62 85 133 100 65 88 147 99 87 134 29 34 45 60 75 91 108 125 142 159 15 23 38 54 71 88 105 122 140 157 0 18 35 52 70 87 104 122 139 156 15 23 38 54 71 88 105 122 140 157 29 34 45 60 75 91 108 125 142 159 43 47 55 68 82 97 113 129 145 162 58 60 67 77 90 104 119 134 150 166 72 74 80 88 99 112 126 140 156 171 86 88 93 100 110 122 134 148 162 177 100 102 106 112 121 132 144 156 170 184
65 53 100 60 76 88 65 76 105 62 67 61 114 99 80 75 119 81 90 103 91 48 87 53 70 86 66 78 118 52 58 68 116 91 52 77 130 87 75 116 34 29 34 45 60 75 91 108 125 142 23 15 23 38 54 71 88 105 122 140 18 0 18 35 52 70 87 104 122 139 23 15 23 38 54 71 88 105 122 140 34 29 34 45 60 75 91 108 125 142 47 43 46 55 67 82 97 112 129 145 60 57 60 67 77 90 104 118 134 150 74 72 73 79 88 99 112 126 140 155 88 86 87 92 100 110 121 134 148 162 102 100 101 105 112 121 131 143 156 170
48 50 83 61 65 88 61 61 110 65 74 45 97 94 77 69 102 71 83 86 77 44 70 51 58 85 61 63 119 53 59 51 99 83 42 69 113 77 66 99 45 34 29 34 45 60 75 91 108 125 38 23 15 23 38 54 71 88 105 122 35 18 0 18 35 52 70 87 104 122 38 23 15 23 38 54 71 88 105 122 45 34 29 34 45 60 75 91 108 125 55 46 43 46 55 67 81 97 112 129 67 60 57 60 67 77 90 104 118 134 80 73 71 73 79 88 99 112 126 140 93 87 85 87 92 99 109 121 134 148 106 101 99 101 105 112 121 131 143 156
33 53 66 66 56 91 62 47 118 71 84 30 80 92 78 66 86 65 80 69 65 46 53 54 51 88 62 48 122 59 65 34 83 79 38 65 95 70 60 82 60 45 34 29 33 45 59 75 91 108 54 38 23 15 23 38 54 71 88 105 52 35 18 0 18 35 52 70 87 104 54 38 23 15 23 38 54 71 88 105 60 45 34 29 33 45 59 75 91 108 68 55 46 43 46 55 67 81 97 112 77 67 60 57 59 66 77 89 103 118 88 79 73 71 73 79 88 99 112 125 100 92 87 85 87 91 99 109 121 134 112 105 101 99 100 105 111 120 131 143
21 61 49 75 53 98 68 37 127 82 97 20 63 93 82 68 70 62 81 52 56 55 37 62 49 94 66 35 127 69 75 17 67 79 42 66 78 67 60 66 75 60 45 33 29 33 45 59 75 91 71 54 38 23 15 23 38 54 71 88 70 52 35 18 0 18 35 52 70 87 71 54 38 23 15 23 38 54 71 88 75 60 45 33 29 33 45 59 75 91 82 67 55 46 43 46 55 67 81 96 90 77 67 59 57 59 66 77 89 103 99 88 79 73 71 73 78 87 99 111 110 100 92 87 85 86 91 99 109 120 121 112 105 100 99 100 104 111 120 130
20 72 33 87 54 106 77 33 139 94 110 22 47 97 90 74 56 65 85 34 52 67 22 73 52 102 75 29 134 81 87 7 52 82 51 71 61 68 64 49 91 75 60 45 33 28 33 45 59 75 88 71 54 38 23 14 23 38 54 71 87 70 52 35 18 0 18 35 52 70 88 71 54 38 23 14 23 38 54 71 91 75 60 45 33 28 33 45 59 75 97 82 67 55 46 42 46 55 67 81 104 90 77 66 59 56 59 66 76 89 112 99 88 79 73 70 72 78 87 98 122 110 99 91 86 84 86 91 98 108 132 121 112 105 100 98 99 104 110 119
32 86 19 101 61 117 89 37 151 107 125 34 32 104 100 84 43 71 93 17 53 80 13 87 61 113 86 32 143 95 101 20 38 89 64 79 44 74 72 34 108 91 75 59 45 33 28 33 45 59 105 88 71 54 38 23 14 23 38 54 104 87 70 52 35 18 0 18 35 52 105 88 71 54 38 23 14 23 38 54 108 91 75 59 45 33 28 33 45 59 113 97 81 67 55 46 42 46 54 67 119 104 90 77 66 59 56 59 66 76 126 112 99 88 78 72 70 72 78 87 134 121 109 99 91 86 84 85 90 98 144 131 121 111 104 99 98 99 103 110
47 100 15 115 72 129 103 48 164 122 140 50 21 114 112 95 35 81 103 4 60 95 23 101 73 125 100 43 153 110 115 37 29 99 79 90 26 83 83 22 125 108 91 75 59 45 33 28 33 45 122 105 88 71 54 38 23 14 23 38 122 104 87 70 52 35 18 0 18 35 122 105 88 71 54 38 23 14 23 38 125 108 91 75 59 45 33 28 33 45 129 112 97 81 67 55 46 42 45 54 134 118 104 89 77 66 59 56 58 65 140 126 112 99 87 78 72 70 72 77 148 134 121 109 99 91 85 83 85 90 156 143 131 120 111 104 99 97 99 103
63 115 27 130 85 143 117 62 178 137 156 66 22 125 125 108 34 93 114 19 70 111 38 117 86 138 114 57 165 126 130 55 29 110 95 103 10 94 96 20 142 125 108 91 75 59 45 33 28 33 140 122 105 88 71 54 38 23 14 23 139 122 104 87 70 52 35 18 0 18 140 122 105 88 71 54 38 23 14 23 142 125 108 91 75 59 45 33 28 33 145 129 112 97 81 67 54 45 42 45 150 134 118 103 89 76 66 58 55 58 156 140 126 112 99 87 78 72 69 71 162 148 134 121 109 98 90 85 83 85 170 156 143 131 120 110 103 99 97 98
80 131 43 146 99 157 132 77 192 153 172 83 33 137 139 123 42 107 127 36 83 127 55 132 101 152 129 72 177 142 146 72 38 123 111 117 11 107 110 31 159 142 125 108 91 75 59 45 33 28 157 140 122 105 88 71 54 38 23 14 156 139 122 104 87 70 52 35 18 0 157 140 122 105 88 71 54 38 23 14 159 142 125 108 91 75 59 45 33 28 162 145 129 112 96 81 67 54 45 42 166 150 134 118 103 89 76 65 58 55 171 155 140 125 111 98 87 77 71 69 177 162 148 134 120 108 98 90 85 83 184 170 156 143 130 119 110 103 98 96
79 50 120 51 82 78 61 88 88 50 49 76 134 95 74 74 139 85 87 122 99 47 107 50 76 77 63 91 107 44 49 86 137 90 58 78 148 90 78 132 43 47 55 68 82 97 113 129 145 162 29 34 45 60 75 91 108 125 142 159 15 23 38 54 71 88 105 122 140 157 0 18 35 52 70 87 104 122 139 156 15 23 38 54 71 88 105 122 140 157 29 34 45 60 75 91 108 125 142 159 43 47 55 68 82 97 113 129 145 162 58 60 67 77 90 104 119 134 150 166 72 74 80 88 99 112 126 140 156 171 86 88 93 100 110 122 134 148 162 177
62 40 103 46 67 74 51 71 91 48 53 59 117 86 66 63 123 71 77 105 83 35 91 40 61 72 53 74 104 38 44 68 120 79 42 66 131 76 64 115 47 43 46 55 67 82 97 112 129 145 34 29 34 45 60 75 91 108 125 142 23 15 23 38 54 71 88 105 122 140 18 0 18 35 52 70 87 104 122 139 23 15 23 38 54 71 88 105 122 140 34 29 34 45 60 75 91 108 125 142 47 43 46 55 67 82 97 112 129 145 60 57 60 67 77 90 104 118 134 150 74 72 73 79 88 99 112 126 140 155 88 86 87 92 100 110 121 134 148 162
45 36 87 47 54 74 47 55 97 51 62 41 101 80 63 55 108 60 70 88 68 30 74 37 47 71 47 57 105 39 46 51 104 70 30 56 114 65 53 98 55 46 43 46 55 67 81 97 112 129 45 34 29 34 45 60 75 91 108 125 38 23 15 23 38 54 71 88 105 122 35 18 0 18 35 52 70 87 104 122 38 23 15 23 38 54 71 88 105 122 45 34 29 34 45 60 75 91 108 125 55 46 43 46 55 67 81 97 112 129 67 60 57 60 67 77 90 104 118 134 80 73 71 73 79 88 99 112 126 140 93 87 85 87 92 99 109 121 134 148
28 40 70 54 44 78 49 39 106 60 74 24 85 78 64 52 92 51 66 71 55 34 58 41 38 74 48 41 108 47 53 34 89 65 24 51 97 56 47 80 68 55 46 43 46 55 67 81 97 112 60 45 34 29 33 45 59 75 91 108 54 38 23 15 23 38 54 71 88 105 52 35 18 0 18 35 52 70 87 104 54 38 23 15 23 38 54 71 88 105 60 45 34 29 33 45 59 75 91 108 68 55 46 43 46 55 67 81 97 112 77 67 60 57 59 66 77 89 103 118 88 79 73 71 73 79 88 99 112 125 100 92 87 85 87 91 99 109 121 134
11 50 55 65 39 85 56 25 117 72 88 8 69 79 69 55 78 48 67 54 44 44 44 51 35 81 54 26 114 59 65 18 74 65 29 52 80 53 46 63 82 67 55 46 43 46 55 67 81 96 75 60 45 33 29 33 45 59 75 91 71 54 38 23 15 23 38 54 71 88 70 52 35 18 0 18 35 52 70 87 71 54 38 23 15 23 38 54 71 88 75 60 45 33 29 33 45 59 75 91 82 67 55 46 43 46 55 67 81 96 90 77 67 59 57 59 66 77 89 103 99 88 79 73 71 73 78 87 99 111 110 100 92 87 85 86 91 99 109 120
10 63 41 78 41 95 67 19 129 85 103 13 54 84 78 62 65 51 72 38 38 58 32 65 40 91 64 15 122 73 78 9 60 69 42 58 63 55 51 46 97 82 67 55 46 42 46 55 67 81 91 75 60 45 33 28 33 45 59 75 88 71 54 38 23 14 23 38 54 71 87 70 52 35 18 0 18 35 52 70 88 71 54 38 23 14 23 38 54 71 91 75 60 45 33 28 33 45 59 75 97 82 67 55 46 42 46 55 67 81 104 90 77 66 59 56 59 66 76 89 112 99 88 79 73 70 72 78 87 98 122 110 99 91 86 84 86 91 98 108
26 78 31 93 50 107 80 26 142 100 118 29 42 92 90 73 54 60 81 24 40 74 27 79 51 103 77 21 132 89 93 21 49 77 57 68 47 61 61 29 113 97 81 67 55 46 42 46 54 67 108 91 75 59 45 33 28 33 45 59 105 88 71 54 38 23 14 23 38 54 104 87 70 52 35 18 0 18 35 52 105 88 71 54 38 23 14 23 38 54 108 91 75 59 45 33 28 33 45 59 113 97 81 67 55 46 42 46 54 67 119 104 90 77 66 59 56 59 66 76 126 112 99 88 78 72 70 72 78 87 134 121 109 99 91 86 84 85 90 98
43 94 29 108 62 121 95 40 156 116 134 47 35 103 103 86 48 71 92 18 48 90 33 95 64 116 92 35 143 105 109 38 43 88 73 81 32 72 74 12 129 112 97 81 67 55 46 42 45 54 125 108 91 75 59 45 33 28 33 45 122 105 88 71 54 38 23 14 23 38 122 104 87 70 52 35 18 0 18 35 122 105 88 71 54 38 23 14 23 38 125 108 91 75 59 45 33 28 33 45 129 112 97 81 67 55 46 42 45 54 134 118 104 89 77 66 59 56 58 65 140 126 112 99 87 78 72 70 72 77 148 134 121 109 99 91 85 83 85 90
60 110 36 124 77 135 110 56 170 132 151 64 35 115 117 101 48 85 105 26 61 107 45 111 80 130 107 51 155 121 125 55 43 100 90 95 21 85 88 9 145 129 112 97 81 67 54 45 42 45 142 125 108 91 75 59 45 33 28 33 140 122 105 88 71 54 38 23 14 23 139 122 104 87 70 52 35 18 0 18 140 122 105 88 71 54 38 23 14 23 142 125 108 91 75 59 45 33 28 33 145 129 112 97 81 67 54 45 42 45 150 134 118 103 89 76 66 58 55 58 156 140 126 112 99 87 78 72 69 71 162 148 134 121 109 98 90 85 83 85
78 127 49 141 92 150 126 73 185 148 167 81 43 128 132 116 53 99 119 40 75 123 59 128 95 145 123 68 168 138 141 72 49 114 107 110 21 99 104 25 162 145 129 112 96 81 67 54 45 42 159 142 125 108 91 75 59 45 33 28 157 140 122 105 88 71 54 38 23 14 156 139 122 104 87 70 52 35 18 0 157 140 122 105 88 71 54 38 23 14 159 142 125 108 91 75 59 45 33 28 162 145 129 112 96 81 67 54 45 42 166 150 134 118 103 89 76 65 58 55 171 155 140 125 111 98 87 77 71 69 177 162 148 134 120 108 98 90 85 83
80 41 124 39 77 64 51 86 74 37 35 76 138 83 62 65 145 77 77 125 95 40 112 41 70 64 53 90 93 33 37 88 142 80 53 69 151 82 70 132 58 60 67 77 90 104 119 134 150 166 43 47 55 68 82 97 113 129 145 162 29 34 45 60 75 91 108 125 142 159 15 23 38 54 71 88 105 122 140 157 0 18 35 52 70 87 104 122 139 156 15 23 38 54 71 88 105 122 140 157 29 34 45 60 75 91 108 125 142 159 43 47 55 68 82 97 113 129 145 162 58 60 67 77 90 104 119 134 150 166 72 74 80 88 99 112 126 140 156 171
63 28 108 32 60 60 39 69 78 33 41 59 122 73 53 52 129 62 65 108 78 25 96 28 54 58 41 73 90 24 30 71 126 67 36 55 134 67 55 115 60 57 60 67 77 90 104 118 134 150 47 43 46 55 67 82 97 112 129 145 34 29 34 45 60 75 91 108 125 142 23 15 23 38 54 71 88 105 122 140 18 0 18 35 52 70 87 104 122 139 23 15 23 38 54 71 88 105 122 140 34 29 34 45 60 75 91 108 125 142 47 43 46 55 67 82 97 112 129 145 60 57 60 67 77 90 104 118 134 150 74 72 73 79 88 99 112 126 140 155
46 22 92 33 45 60 33 52 85 38 52 42 106 66 49 42 114 49 57 92 62 16 80 23 38 57 33 56 91 26 32 55 111 57 20 44 117 54 42 98 67 60 57 60 67 77 90 104 118 134 55 46 43 46 55 67 81 97 112 129 45 34 29 34 45 60 75 91 108 125 38 23 15 23 38 54 71 88 105 122 35 18 0 18 35 52 70 87 104 122 38 23 15 23 38 54 71 88 105 122 45 34 29 34 45 60 75 91 108 125 55 46 43 46 55 67 81 97 112 129 67 60 57 60 67 77 90 104 118 134 80 73 71 73 79 88 99 112 126 140
29 28 77 43 32 65 35 34 95 49 66 26 91 64 50 38 100 38 52 76 46 22 66 29 25 61 34 38 94 37 43 40 96 52 10 37 101 44 33 81 77 67 60 57 59 66 77 89 103 118 68 55 46 43 46 55 67 81 97 112 60 45 34 29 33 45 59 75 91 108 54 38 23 15 23 38 54 71 88 105 52 35 18 0 18 35 52 70 87 104 54 38 23 15 23 38 54 71 88 105 60 45 34 29 33 45 59 75 91 108 68 55 46 43 46 55 67 81 97 112 77 67 60 57 59 66 77 89 103 118 88 79 73 71 73 79 88 99 112 125
14 41 63 56 25 74 45 17 106 63 81 12 77 65 57 42 87 34 54 60 33 37 54 42 21 69 42 21 101 51 56 27 83 51 20 38 84 39 32 64 90 77 67 59 57 59 66 77 89 103 82 67 55 46 43 46 55 67 81 96 75 60 45 33 29 33 45 59 75 91 71 54 38 23 15 23 38 54 71 88 70 52 35 18 0 18 35 52 70 87 71 54 38 23 15 23 38 54 71 88 75 60 45 33 29 33 45 59 75 91 82 67 55 46 43 46 55 67 81 96 90 77 67 59 57 59 66 77 89 103 99 88 79 73 71 73 78 87 99 111
13 57 51 71 29 85 58 5 120 78 97 15 64 72 68 51 75 39 60 46 24 53 44 58 28 81 55 4 110 67 72 23 71 57 36 46 69 41 39 46 104 90 77 66 59 56 59 66 76 89 97 82 67 55 46 42 46 55 67 81 91 75 60 45 33 28 33 45 59 75 88 71 54 38 23 14 23 38 54 71 87 70 52 35 18 0 18 35 52 70 88 71 54 38 23 14 23 38 54 71 91 75 60 45 33 28 33 45 59 75 97 82 67 55 46 42 46 55 67 81 104 90 77 66 59 56 59 66 76 89 112 99 88 79 73 70 72 78 87 98
27 73 44 87 40 98 73 19 134 94 113 31 54 81 81 64 67 49 70 36 27 70 41 74 42 94 70 15 121 84 88 30 61 66 53 59 54 50 52 30 119 104 90 77 66 59 56 59 66 76 113 97 81 67 55 46 42 46 54 67 108 91 75 59 45 33 28 33 45 59 105 88 71 54 38 23 14 23 38 54 104 87 70 52 35 18 0 18 35 52 105 88 71 54 38 23 14 23 38 54 108 91 75 59 45 33 28 33 45 59 113 97 81 67 55 46 42 46 54 67 119 104 90 77 66 59 56 59 66 76 126 112 99 88 78 72 70 72 78 87
44 90 42 103 55 113 89 36 148 111 130 47 48 93 95 79 62 63 83 32 39 87 45 91 58 108 86 32 133 101 104 43 56 78 70 73 42 63 66 14 134 118 104 89 77 66 59 56 58 65 129 112 97 81 67 55 46 42 45 54 125 108 91 75 59 45 33 28 33 45 122 105 88 71 54 38 23 14 23 38 122 104 87 70 52 35 18 0 18 35 122 105 88 71 54 38 23 14 23 38 125 108 91 75 59 45 33 28 33 45 129 112 97 81 67 55 46 42 45 54 134 118 104 89 77 66 59 56 58 65 140 126 112 99 87 78 72 70 72 77
61 106 47 120 71 128 105 53 164 127 147 64 48 106 111 94 61 78 97 37 53 104 54 108 75 123 102 49 146 118 121 59 56 92 87 88 34 77 82 12 150 134 118 103 89 76 66 58 55 58 145 129 112 97 81 67 54 45 42 45 142 125 108 91 75 59 45 33 28 33 140 122 105 88 71 54 38 23 14 23 139 122 104 87 70 52 35 18 0 18 140 122 105 88 71 54 38 23 14 23 142 125 108 91 75 59 45 33 28 33 145 129 112 97 81 67 54 45 42 45 150 134 118 103 89 76 66 58 55 58 156 140 126 112 99 87 78 72 69 71
78 123 58 137 87 143 122 71 179 144 164 81 54 120 126 110 66 94 112 48 69 121 67 125 91 139 119 67 160 135 138 75 61 107 105 104 34 92 98 26 166 150 134 118 103 89 76 65 58 55 162 145 129 112 96 81 67 54 45 42 159 142 125 108 91 75 59 45 33 28 157 140 122 105 88 71 54 38 23 14 156 139 122 104 87 70 52 35 18 0 157 140 122 105 88 71 54 38 23 14 159 142 125 108 91 75 59 45 33 28 162 145 129 112 96 81 67 54 45 42 166 150 134 118 103 89 76 65 58 55 171 155 140 125 111 98 87 77 71 69
83 36 129 29 73 51 43 87 60 25 21 79 144 73 52 58 151 72 68 129 92 37 118 35 68 52 46 91 79 26 27 93 148 72 53 63 154 76 65 134 72 74 80 88 99 112 126 140 156 171 58 60 67 77 90 104 119 134 150 166 43 47 55 68 82 97 113 129 145 162 29 34 45 60 75 91 108 125 142 159 15 23 38 54 71 88 105 122 140 157 0 18 35 52 70 87 104 122 139 156 15 23 38 54 71 88 105 122 140 157 29 34 45 60 75 91 108 125 142 159 43 47 55 68 82 97 113 129 145 162 58 60 67 77 90 104 119 134 150 166
66 19 114 18 56 45 28 70 64 19 30 63 128 61 41 43 137 56 55 113 75 20 103 18 50 44 31 74 76 11 16 77 133 57 35 47 138 60 49 117 74 72 73 79 88 99 112 126 140 155 60 57 60 67 77 90 104 118 134 150 47 43 46 55 67 82 97 112 129 145 34 29 34 45 60 75 91 108 125 142 23 15 23 38 54 71 88 105 122 140 18 0 18 35 52 70 87 104 122 139 23 15 23 38 54 71 88 105 122 140 34 29 34 45 60 75 91 108 125 142 47 43 46 55 67 82 97 112 129 145 60 57 60 67 77 90 104 118 134 150
50 8 99 21 39 46 19 52 73 27 44 48 113 53 35 30 122 40 44 97 58 2 88 8 33 43 20 57 77 14 20 62 118 45 19 33 122 45 33 100 80 73 71 73 79 88 99 112 126 140 67 60 57 60 67 77 90 104 118 134 55 46 43 46 55 67 81 97 112 129 45 34 29 34 45 60 75 91 108 125 38 23 15 23 38 54 71 88 105 122 35 18 0 18 35 52 70 87 104 122 38 23 15 23 38 54 71 88 105 122 45 34 29 34 45 60 75 91 108 125 55 46 43 46 55 67 81 97 112 129 67 60 57 60 67 77 90 104 118 134
36 19 85 34 23 52 23 36 84 41 60 34 99 49 37 24 109 27 38 82 41 16 76 21 17 48 21 41 81 30 34 49 105 38 5 24 106 32 20 83 88 79 73 71 73 79 88 99 112 125 77 67 60 57 59 66 77 89 103 118 68 55 46 43 46 55 67 81 97 112 60 45 34 29 33 45 59 75 91 108 54 38 23 15 23 38 54 71 88 105 52 35 18 0 18 35 52 70 87 104 54 38 23 15 23 38 54 71 88 105 60 45 34 29 33 45 59 75 91 108 68 55 46 43 46 55 67 81 97 112 77 67 60 57 59 66 77 89 103 118
26 36 73 50 11 63 36 20 97 57 76 25 86 52 46 29 97 20 40 69 24 33 65 37 7 58 33 25 89 47 51 40 92 37 18 25 91 25 18 67 99 88 79 73 71 73 78 87 99 111 90 77 67 59 57 59 66 77 89 103 82 67 55 46 43 46 55 67 81 96 75 60 45 33 29 33 45 59 75 91 71 54 38 23 15 23 38 54 71 88 70 52 35 18 0 18 35 52 70 87 71 54 38 23 15 23 38 54 71 88 75 60 45 33 29 33 45 59 75 91 82 67 55 46 43 46 55 67 81 96 90 77 67 59 57 59 66 77 89 103
25 53 63 66 18 76 52 10 112 74 93 26 75 60 59 42 87 27 49 57 11 51 58 54 21 71 48 14 99 64 67 37 82 44 35 36 76 29 30 51 112 99 88 79 73 70 72 78 87 98 104 90 77 66 59 56 59 66 76 89 97 82 67 55 46 42 46 55 67 81 91 75 60 45 33 28 33 45 59 75 88 71 54 38 23 14 23 38 54 71 87 70 52 35 18 0 18 35 52 70 88 71 54 38 23 14 23 38 54 71 91 75 60 45 33 28 33 45 59 75 97 82 67 55 46 42 46 55 67 81 104 90 77 66 59 56 59 66 76 89
35 70 57 83 34 91 68 21 127 90 110 37 66 71 74 57 79 41 61 48 16 68 55 71 38 86 65 20 111 81 84 41 74 56 53 51 63 40 45 36 126 112 99 88 78 72 70 72 78 87 119 104 90 77 66 59 56 59 66 76 113 97 81 67 55 46 42 46 54 67 108 91 75 59 45 33 28 33 45 59 105 88 71 54 38 23 14 23 38 54 104 87 70 52 35 18 0 18 35 52 105 88 71 54 38 23 14 23 38 54 108 91 75 59 45 33 28 33 45 59 113 97 81 67 55 46 42 46 54 67 119 104 90 77 66 59 56 59 66 76
49 87 56 100 51 106 85 37 142 107 127 52 62 84 89 73 75 56 75 46 32 85 58 88 55 101 82 35 124 98 101 52 70 70 70 67 53 55 61 25 140 126 112 99 87 78 72 70 72 77 134 118 104 89 77 66 59 56 58 65 129 112 97 81 67 55 46 42 45 54 125 108 91 75 59 45 33 28 33 45 122 105 88 71 54 38 23 14 23 38 122 104 87 70 52 35 18 0 18 35 122 105 88 71 54 38 23 14 23 38 125 108 91 75 59 45 33 28 33 45 129 112 97 81 67 55 46 42 45 54 134 118 104 89 77 66 59 56 58 65
65 105 60 117 68 122 102 54 158 125 144 68 62 98 105 90 75 73 91 49 49 103 65 106 72 117 99 51 138 116 118 65 70 86 87 84 47 71 78 24 156 140 126 112 99 87 78 72 69 71 150 134 118 103 89 76 66 58 55 58 145 129 112 97 81 67 54 45 42 45 142 125 108 91 75 59 45 33 28 33 140 122 105 88 71 54 38 23 14 23 139 122 104 87 70 52 35 18 0 18 140 122 105 88 71 54 38 23 14 23 142 125 108 91 75 59 45 33 28 33 145 129 112 97 81 67 54 45 42 45 150 134 118 103 89 76 66 58 55 58
81 122 68 134 85 138 119 71 174 142 161 84 67 114 122 107 78 90 107 58 66 120 76 123 90 134 116 68 153 133 136 80 74 102 104 100 47 88 95 33 171 155 140 125 111 98 87 77 71 69 166 150 134 118 103 89 76 65 58 55 162 145 129 112 96 81 67 54 45 42 159 142 125 108 91 75 59 45 33 28 157 140 122 105 88 71 54 38 23 14 156 139 122 104 87 70 52 35 18 0 157 140 122 105 88 71 54 38 23 14 159 142 125 108 91 75 59 45 33 28 162 145 129 112 96 81 67 54 45 42 166 150 134 118 103 89 76 65 58 55
88 36 136 23 73 40 39 89 46 17 7 85 150 64 44 53 159 70 62 135 92 39 125 35 68 41 43 94 66 25 22 99 155 66 56 59 159 73 63 137 86 88 93 100 110 122 134 148 162 177 72 74 80 88 99 112 126 140 156 171 58 60 67 77 90 104 119 134 150 166 43 47 55 68 82 97 113 129 145 162 29 34 45 60 75 91 108 125 142 159 15 23 38 54 71 88 105 122 140 157 0 18 35 52 70 87 104 122 139 156 15 23 38 54 71 88 105 122 140 157 29 34 45 60 75 91 108 125 142 159 43 47 55 68 82 97 113 129 145 162
73 19 121 6 55 32 22 73 52 5 23 70 135 51 30 37 145 52 46 119 74 24 111 18 51 31 26 78 62 9 5 85 141 50 40 42 143 56 46 121 88 86 87 92 100 110 121 134 148 162 74 72 73 79 88 99 112 126 140 155 60 57 60 67 77 90 104 118 134 150 47 43 46 55 67 82 97 112 129 145 34 29 34 45 60 75 91 108 125 142 23 15 23 38 54 71 88 105 122 140 18 0 18 35 52 70 87 104 122 139 23 15 23 38 54 71 88 105 122 140 34 29 34 45 60 75 91 108 125 142 47 43 46 55 67 82 97 112 129 145
58 7 108 13 38 32 6 57 62 20 40 56 121 40 21 20 131 35 32 105 57 14 98 7 34 29 9 62 63 13 14 71 127 35 26 26 128 39 29 104 93 87 85 87 92 99 109 121 134 148 80 73 71 73 79 88 99 112 126 140 67 60 57 60 67 77 90 104 118 134 55 46 43 46 55 67 81 97 112 129 45 34 29 34 45 60 75 91 108 125 38 23 15 23 38 54 71 88 105 122 35 18 0 18 35 52 70 87 104 122 38 23 15 23 38 54 71 88 105 122 45 34 29 34 45 60 75 91 108 125 55 46 43 46 55 67 81 97 112 129
47 19 95 30 21 41 15 42 75 37 57 45 108 35 24 10 119 18 24 91 40 21 86 20 18 36 11 47 68 29 31 60 115 24 19 11 113 23 12 88 100 92 87 85 87 91 99 109 121 134 88 79 73 71 73 79 88 99 112 125 77 67 60 57 59 66 77 89 103 118 68 55 46 43 46 55 67 81 97 112 60 45 34 29 33 45 59 75 91 108 54 38 23 15 23 38 54 71 88 105 52 35 18 0 18 35 52 70 87 104 54 38 23 15 23 38 54 71 88 105 60 45 34 29 33 45 59 75 91 108 68 55 46 43 46 55 67 81 97 112
39 36 84 47 5 54 32 29 90 54 74 38 96 39 37 20 108 6 27 79 23 36 77 37 9 49 28 35 77 47 48 53 103 24 26 14 99 11 8 73 110 100 92 87 85 86 91 99 109 120 99 88 79 73 71 73 78 87 99 111 90 77 67 59 57 59 66 77 89 103 82 67 55 46 43 46 55 67 81 96 75 60 45 33 29 33 45 59 75 91 71 54 38 23 15 23 38 54 71 88 70 52 35 18 0 18 35 52 70 87 71 54 38 23 15 23 38 54 71 88 75 60 45 33 29 33 45 59 75 91 82 67 55 46 43 46 55 67 81 96
39 53 76 64 15 69 49 24 105 71 91 40 87 49 52 36 99 19 39 69 7 52 71 54 22 64 45 28 89 64 66 50 94 34 40 30 85 18 25 59 122 110 99 91 86 84 86 91 98 108 112 99 88 79 73 70 72 78 87 98 104 90 77 66 59 56 59 66 76 89 97 82 67 55 46 42 46 55 67 81 91 75 60 45 33 28 33 45 59 75 88 71 54 38 23 14 23 38 54 71 87 70 52 35 18 0 18 35 52 70 88 71 54 38 23 14 23 38 54 71 91 75 60 45 33 28 33 45 59 75 97 82 67 55 46 42 46 55 67 81
46 70 71 82 32 85 66 30 121 89 108 47 79 62 68 53 93 36 53 62 14 69 69 71 38 80 62 31 102 81 83 54 87 48 56 47 74 34 42 46 134 121 109 99 91 86 84 85 90 98 126 112 99 88 78 72 70 72 78 87 119 104 90 77 66 59 56 59 66 76 113 97 81 67 55 46 42 46 54 67 108 91 75 59 45 33 28 33 45 59 105 88 71 54 38 23 14 23 38 54 104 87 70 52 35 18 0 18 35 52 105 88 71 54 38 23 14 23 38 54 108 91 75 59 45 33 28 33 45 59 113 97 81 67 55 46 42 46 54 67
57 87 70 99 50 101 83 43 137 106 126 60 75 77 85 70 89 53 69 59 31 86 71 88 55 96 80 42 116 98 100 62 84 64 72 64 65 51 59 38 148 134 121 109 99 91 85 83 85 90 140 126 112 99 87 78 72 70 72 77 134 118 104 89 77 66 59 56 58 65 129 112 97 81 67 55 46 42 45 54 125 108 91 75 59 45 33 28 33 45 122 105 88 71 54 38 23 14 23 38 122 104 87 70 52 35 18 0 18 35 122 105 88 71 54 38 23 14 23 38 125 108 91 75 59 45 33 28 33 45 129 112 97 81 67 55 46 42 45 54
71 105 73 116 67 118 101 58 153 123 143 74 75 92 102 87 89 70 86 62 48 103 77 106 72 113 97 56 131 116 118 74 84 81 89 81 61 68 76 37 162 148 134 121 109 98 90 85 83 85 156 140 126 112 99 87 78 72 69 71 150 134 118 103 89 76 66 58 55 58 145 129 112 97 81 67 54 45 42 45 142 125 108 91 75 59 45 33 28 33 140 122 105 88 71 54 38 23 14 23 139 122 104 87 70 52 35 18 0 18 140 122 105 88 71 54 38 23 14 23 142 125 108 91 75 59 45 33 28 33 145 129 112 97 81 67 54 45 42 45
86 122 80 134 84 135 118 74 170 141 160 89 79 109 119 104 91 88 103 69 65 121 86 123 90 130 114 72 147 133 135 87 87 97 106 98 61 85 94 44 177 162 148 134 120 108 98 90 85 83 171 155 140 125 111 98 87 77 71 69 166 150 134 118 103 89 76 65 58 55 162 145 129 112 96 81 67 54 45 42 159 142 125 108 91 75 59 45 33 28 157 140 122 105 88 71 54 38 23 14 156 139 122 104 87 70 52 35 18 0 157 140 122 105 88 71 54 38 23 14 159 142 125 108 91 75 59 45 33 28 162 145 129 112 96 81 67 54 45 42
95 41 144 26 75 30 40 94 32 19 10 92 158 58 40 53 167 70 58 142 93 46 133 40 71 33 44 99 52 31 26 107 163 62 62 59 165 72 64 142 100 102 106 112 121 132 144 156 170 184 86 88 93 100 110 122 134 148 162 177 72 74 80 88 99 112 126 140 156 171 58 60 67 77 90 104 119 134 150 166 43 47 55 68 82 97 113 129 145 162 29 34 45 60 75 91 108 125 142 159 15 23 38 54 71 88 105 122 140 157 0 18 35 52 70 87 104 122 139 156 15 23 38 54 71 88 105 122 140 157 29 34 45 60 75 91 108 125 142 159
81 28 130 13 58 18 24 79 40 10 24 78 144 42 23 36 154 53 41 127 77 34 120 27 55 19 27 84 48 21 15 94 149 45 48 42 150 55 47 126 102 100 101 105 112 121 131 143 156 170 88 86 87 92 100 110 121 134 148 162 74 72 73 79 88 99 112 126 140 155 60 57 60 67 77 90 104 118 134 150 47 43 46 55 67 82 97 112 129 145 34 29 34 45 60 75 91 108 125 142 23 15 23 38 54 71 88 105 122 140 18 0 18 35 52 70 87 104 122 139 23 15 23 38 54 71 88 105 122 140 34 29 34 45 60 75 91 108 125 142
68 21 117 17 42 19 11 64 53 22 40 66 130 28 8 19 141 36 24 113 60 28 108 21 40 15 13 70 49 23 19 82 137 28 38 25 135 38 31 110 106 101 99 101 105 112 121 131 143 156 93 87 85 87 92 99 109 121 134 148 80 73 71 73 79 88 99 112 126 140 67 60 57 60 67 77 90 104 118 134 55 46 43 46 55 67 81 97 112 129 45 34 29 34 45 60 75 91 108 125 38 23 15 23 38 54 71 88 105 122 35 18 0 18 35 52 70 87 104 122 38 23 15 23 38 54 71 88 105 122 45 34 29 34 45 60 75 91 108 125
59 28 106 32 28 32 17 51 68 38 57 57 118 21 15 5 130 19 11 101 44 32 98 28 27 27 15 57 56 35 34 73 125 13 33 9 121 21 16 95 112 105 101 99 100 105 111 120 131 143 100 92 87 85 87 91 99 109 121 134 88 79 73 71 73 79 88 99 112 125 77 67 60 57 59 66 77 89 103 118 68 55 46 43 46 55 67 81 97 112 60 45 34 29 33 45 59 75 91 108 54 38 23 15 23 38 54 71 88 105 52 35 18 0 18 35 52 70 87 104 54 38 23 15 23 38 54 71 88 105 60 45 34 29 33 45 59 75 91 108
53 41 96 48 19 48 33 42 83 55 74 52 108 27 31 18 120 9 16 90 29 43 90 42 23 43 30 47 67 50 50 66 115 12 38 13 108 5 14 81 121 112 105 100 99 100 104 111 120 130 110 100 92 87 85 86 91 99 109 120 99 88 79 73 71 73 78 87 99 111 90 77 67 59 57 59 66 77 89 103 82 67 55 46 43 46 55 67 81 96 75 60 45 33 29 33 45 59 75 91 71 54 38 23 15 23 38 54 71 88 70 52 35 18 0 18 35 52 70 87 71 54 38 23 15 23 38 54 71 88 75 60 45 33 29 33 45 59 75 91
53 56 89 65 23 64 50 38 100 72 91 53 99 40 48 35 112 20 32 81 19 58 85 57 30 59 46 42 80 67 67 64 107 27 48 29 96 16 27 68 132 121 112 105 100 98 99 104 110 119 122 110 99 91 86 84 86 91 98 108 112 99 88 79 73 70 72 78 87 98 104 90 77 66 59 56 59 66 76 89 97 82 67 55 46 42 46 55 67 81 91 75 60 45 33 28 33 45 59 75 88 71 54 38 23 14 23 38 54 71 87 70 52 35 18 0 18 35 52 70 88 71 54 38 23 14 23 38 54 71 91 75 60 45 33 28 33 45 59 75
58 73 84 82 37 81 67 42 116 89 109 59 93 55 66 52 106 36 49 75 23 73 83 74 43 76 63 44 94 83 84 67 101 44 62 46 86 33 43 58 144 131 121 111 104 99 98 99 103 110 134 121 109 99 91 86 84 85 90 98 126 112 99 88 78 72 70 72 78 87 119 104 90 77 66 59 56 59 66 76 113 97 81 67 55 46 42 46 54 67 108 91 75 59 45 33 28 33 45 59 105 88 71 54 38 23 14 23 38 54 104 87 70 52 35 18 0 18 35 52 105 88 71 54 38 23 14 23 38 54 108 91 75 59 45 33 28 33 45 59
67 89 83 100 53 98 84 52 133 106 126 69 89 71 83 70 103 53 66 73 36 90 84 90 59 93 80 52 110 100 101 74 97 61 77 64 78 50 60 52 156 143 131 120 111 104 99 97 99 103 148 134 121 109 99 91 85 83 85 90 140 126 112 99 87 78 72 70 72 77 134 118 104 89 77 66 59 56 58 65 129 112 97 81 67 55 46 42 45 54 125 108 91 75 59 45 33 28 33 45 122 105 88 71 54 38 23 14 23 38 122 104 87 70 52 35 18 0 18 35 122 105 88 71 54 38 23 14 23 38 125 108 91 75 59 45 33 28 33 45
79 106 86 117 69 115 101 65 150 124 143 82 89 88 100 87 102 71 83 75 51 106 90 107 75 111 97 64 126 117 118 84 97 78 93 81 74 67 77 51 170 156 143 131 120 110 103 99 97 98 162 148 134 121 109 98 90 85 83 85 156 140 126 112 99 87 78 72 69 71 150 134 118 103 89 76 66 58 55 58 145 129 112 97 81 67 54 45 42 45 142 125 108 91 75 59 45 33 28 33 140 122 105 88 71 54 38 23 14 23 139 122 104 87 70 52 35 18 0 18 140 122 105 88 71 54 38 23 14 23 142 125 108 91 75 59 45 33 28 33
93 123 92 134 86 132 118 80 167 141 160 96 92 105 117 104 105 88 100 81 68 123 98 124 92 128 115 78 142 134 135 96 100 95 109 98 74 84 94 56 184 170 156 143 130 119 110 103 98 96 177 162 148 134 120 108 98 90 85 83 171 155 140 125 111 98 87 77 71 69 166 150 134 118 103 89 76 65 58 55 162 145 129 112 96 81 67 54 45 42 159 142 125 108 91 75 59 45 33 28 157 140 122 105 88 71 54 38 23 14 156 139 122 104 87 70 52 35 18 0 157 140 122 105 88 71 54 38 23 14 159 142 125 108 91 75 59 45 33 28
103 50 153 35 79 25 46 101 18 29 24 101 166 54 40 56 176 73 57 149 97 56 142 49 77 30 49 106 40 42 36 116 172 62 71 62 172 75 68 147 115 116 119 125 133 143 154 166 179 192 100 102 106 112 121 132 144 156 170 184 86 88 93 100 110 122 134 148 162 177 72 74 80 88 99 112 126 140 156 171 58 60 67 77 90 104 119 134 150 166 43 47 55 68 82 97 113 129 145 162 29 34 45 60 75 91 108 125 142 159 15 23 38 54 71 88 105 122 140 157 0 18 35 52 70 87 104 122 139 156 15 23 38 54 71 88 105 122 140 157
91 40 140 27 64 8 33 86 30 24 32 88 153 37 24 40 164 57 40 136 81 46 130 39 62 12 35 92 34 35 29 104 159 45 59 46 157 58 53 132 116 114 115 119 125 133 142 153 165 178 102 100 101 105 112 121 131 143 156 170 88 86 87 92 100 110 121 134 148 162 74 72 73 79 88 99 112 126 140 155 60 57 60 67 77 90 104 118 134 150 47 43 46 55 67 82 97 112 129 145 34 29 34 45 60 75 91 108 125 142 23 15 23 38 54 71 88 105 122 140 18 0 18 35 52 70 87 104 122 139 23 15 23 38 54 71 88 105 122 140
80 35 128 29 50 10 25 73 46 31 45 78 140 20 10 26 152 41 23 123 66 42 119 35 49 6 26 79 35 36 31 94 147 28 51 32 143 42 38 117 119 115 114 115 118 124 132 142 153 165 106 101 99 101 105 112 121 131 143 156 93 87 85 87 92 99 109 121 134 148 80 73 71 73 79 88 99 112 126 140 67 60 57 60 67 77 90 104 118 134 55 46 43 46 55 67 81 97 112 129 45 34 29 34 45 60 75 91 108 125 38 23 15 23 38 54 71 88 105 122 35 18 0 18 35 52 70 87 104 122 38 23 15 23 38 54 71 88 105 122
71 39 117 39 38 28 28 62 63 44 61 70 129 7 16 19 141 28 7 111 51 45 110 40 40 23 27 68 45 45 42 85 136 12 48 21 130 27 28 103 125 119 115 113 114 118 124 132 141 152 112 105 101 99 100 105 111 120 131 143 100 92 87 85 87 91 99 109 121 134 88 79 73 71 73 79 88 99 112 125 77 67 60 57 59 66 77 89 103 118 68 55 46 43 46 55 67 81 97 112 60 45 34 29 33 45 59 75 91 108 54 38 23 15 23 38 54 71 88 105 52 35 18 0 18 35 52 70 87 104 54 38 23 15 23 38 54 71 88 105
67 50 108 54 33 45 40 55 79 59 77 66 119 18 32 26 132 23 14 101 39 53 103 50 37 41 37 60 58 57 56 80 127 11 50 23 118 19 27 90 133 125 118 114 113 114 117 123 131 141 121 112 105 100 99 100 104 111 120 130 110 100 92 87 85 86 91 99 109 120 99 88 79 73 71 73 78 87 99 111 90 77 67 59 57 59 66 77 89 103 82 67 55 46 43 46 55 67 81 96 75 60 45 33 29 33 45 59 75 91 71 54 38 23 15 23 38 54 71 88 70 52 35 18 0 18 35 52 70 87 71 54 38 23 15 23 38 54 71 88
66 63 102 69 35 62 54 52 96 75 94 67 112 34 49 40 125 29 31 94 33 65 98 64 42 58 51 56 73 72 71 78 119 27 59 35 107 24 35 79 143 133 124 118 114 112 113 117 123 131 132 121 112 105 100 98 99 104 110 119 122 110 99 91 86 84 86 91 98 108 112 99 88 79 73 70 72 78 87 98 104 90 77 66 59 56 59 66 76 89 97 82 67 55 46 42 46 55 67 81 91 75 60 45 33 28 33 45 59 75 88 71 54 38 23 14 23 38 54 71 87 70 52 35 18 0 18 35 52 70 88 71 54 38 23 14 23 38 54 71
70 78 98 86 45 79 70 55 114 92 111 72 106 52 66 55 119 42 48 89 35 80 97 79 52 75 67 57 88 88 87 80 114 44 70 50 98 37 49 70 154 142 132 124 117 113 112 113 116 122 144 131 121 111 104 99 98 99 103 110 134 121 109 99 91 86 84 85 90 98 126 112 99 88 78 72 70 72 78 87 119 104 90 77 66 59 56 59 66 76 113 97 81 67 55 46 42 46 54 67 108 91 75 59 45 33 28 33 45 59 105 88 71 54 38 23 14 23 38 54 104 87 70 52 35 18 0 18 35 52 105 88 71 54 38 23 14 23 38 54
78 94 97 102 59 97 87 63 131 108 128 80 103 69 83 72 116 57 65 87 44 95 98 95 66 92 83 64 105 104 104 86 111 61 84 66 91 53 64 65 166 153 142 132 123 117 113 111 112 116 156 143 131 120 111 104 99 97 99 103 148 134 121 109 99 91 85 83 85 90 140 126 112 99 87 78 72 70 72 77 134 118 104 89 77 66 59 56 58 65 129 112 97 81 67 55 46 42 45 54 125 108 91 75 59 45 33 28 33 45 122 105 88 71 54 38 23 14 23 38 122 104 87 70 52 35 18 0 18 35 122 105 88 71 54 38 23 14 23 38
89 110 99 119 74 114 103 74 148 125 145 91 103 86 100 89 116 73 83 89 58 111 102 111 80 110 100 74 121 120 121 95 111 78 99 83 88 69 80 65 179 165 153 141 131 123 116 112 110 112 170 156 143 131 120 110 103 99 97 98 162 148 134 121 109 98 90 85 83 85 156 140 126 112 99 87 78 72 69 71 150 134 118 103 89 76 66 58 55 58 145 129 112 97 81 67 54 45 42 45 142 125 108 91 75 59 45 33 28 33 140 122 105 88 71 54 38 23 14 23 139 122 104 87 70 52 35 18 0 18 140 122 105 88 71 54 38 23 14 23
101 126 105 136 90 131 120 87 165 142 162 104 106 103 118 106 118 90 100 94 73 127 109 127 96 127 117 86 138 137 138 105 113 95 114 100 88 86 97 69 192 178 165 152 141 131 122 116 112 110 184 170 156 143 130 119 110 103 98 96 177 162 148 134 120 108 98 90 85 83 171 155 140 125 111 98 87 77 71 69 166 150 134 118 103 89 76 65 58 55 162 145 129 112 96 81 67 54 45 42 159 142 125 108 91 75 59 45 33 28 157 140 122 105 88 71 54 38 23 14 156 139 122 104 87 70 52 35 18 0 157 140 122 105 88 71 54 38 23 14
113 61 162 47 86 28 55 109 9 42 38 111 175 54 46 62 186 78 60 158 103 67 152 60 84 33 58 114 29 54 48 126 181 65 81 68 179 79 75 154 129 130 133 138 145 154 164 176 188 201 115 116 119 125 133 143 154 166 179 192 100 102 106 112 121 132 144 156 170 184 86 88 93 100 110 122 134 148 162 177 72 74 80 88 99 112 126 140 156 171 58 60 67 77 90 104 119 134 150 166 43 47 55 68 82 97 113 129 145 162 29 34 45 60 75 91 108 125 142 159 15 23 38 54 71 88 105 122 140 157 0 18 35 52 70 87 104 122 139 156
101 53 150 41 72 15 44 96 26 39 43 99 163 37 32 49 174 64 44 145 88 59 141 52 71 19 46 101 20 49 43 115 169 49 71 54 165 64 61 139 130 128 129 132 138 145 154 164 175 187 116 114 115 119 125 133 142 153 165 178 102 100 101 105 112 121 131 143 156 170 88 86 87 92 100 110 121 134 148 162 74 72 73 79 88 99 112 126 140 155 60 57 60 67 77 90 104 118 134 150 47 43 46 55 67 82 97 112 129 145 34 29 34 45 60 75 91 108 125 142 23 15 23 38 54 71 88 105 122 140 18 0 18 35 52 70 87 104 122 139
92 50 139 42 60 16 39 84 43 43 54 90 151 21 24 38 163 50 29 133 74 56 131 49 60 16 40 89 23 50 44 106 158 34 64 42 152 50 49 125 133 129 128 129 132 137 144 153 163 175 119 115 114 115 118 124 132 142 153 165 106 101 99 101 105 112 121 131 143 156 93 87 85 87 92 99 109 121 134 148 80 73 71 73 79 88 99 112 126 140 67 60 57 60 67 77 90 104 118 134 55 46 43 46 55 67 81 97 112 129 45 34 29 34 45 60 75 91 108 125 38 23 15 23 38 54 71 88 105 122 35 18 0 18 35 52 70 87 104 122
85 52 129 50 51 30 41 74 61 53 68 84 141 8 27 33 153 41 20 123 61 58 123 52 53 27 40 80 36 56 52 98 148 23 62 35 140 38 42 112 138 132 129 127 128 131 137 144 153 163 125 119 115 113 114 118 124 132 141 152 112 105 101 99 100 105 111 120 131 143 100 92 87 85 87 91 99 109 121 134 88 79 73 71 73 79 88 99 112 125 77 67 60 57 59 66 77 89 103 118 68 55 46 43 46 55 67 81 97 112 60 45 34 29 33 45 59 75 91 108 54 38 23 15 23 38 54 71 88 105 52 35 18 0 18 35 52 70 87 104
81 60 121 62 47 47 50 68 78 66 83 80 132 18 38 38 144 37 23 114 52 65 116 61 51 43 48 73 51 67 64 94 139 22 64 36 128 33 41 101 145 138 132 128 127 127 131 136 143 152 133 125 118 114 113 114 117 123 131 141 121 112 105 100 99 100 104 111 120 130 110 100 92 87 85 86 91 99 109 120 99 88 79 73 71 73 78 87 99 111 90 77 67 59 57 59 66 77 89 103 82 67 55 46 43 46 55 67 81 96 75 60 45 33 29 33 45 59 75 91 71 54 38 23 15 23 38 54 71 88 70 52 35 18 0 18 35 52 70 87
80 72 115 76 49 63 62 66 95 81 98 81 124 35 53 48 138 41 36 107 47 75 112 72 54 60 59 70 67 80 78 92 132 33 70 44 118 36 47 91 154 145 137 131 127 126 127 130 135 143 143 133 124 118 114 112 113 117 123 131 132 121 112 105 100 98 99 104 110 119 122 110 99 91 86 84 86 91 98 108 112 99 88 79 73 70 72 78 87 98 104 90 77 66 59 56 59 66 76 89 97 82 67 55 46 42 46 55 67 81 91 75 60 45 33 28 33 45 59 75 88 71 54 38 23 14 23 38 54 71 87 70 52 35 18 0 18 35 52 70
84 85 112 91 56 80 76 68 112 96 114 85 119 52 69 62 133 51 52 102 48 88 111 86 63 76 73 71 84 94 93 94 128 48 80 57 110 46 57 83 164 154 144 137 131 127 125 126 130 135 154 142 132 124 117 113 112 113 116 122 144 131 121 111 104 99 98 99 103 110 134 121 109 99 91 86 84 85 90 98 126 112 99 88 78 72 70 72 78 87 119 104 90 77 66 59 56 59 66 76 113 97 81 67 55 46 42 46 54 67 108 91 75 59 45 33 28 33 45 59 105 88 71 54 38 23 14 23 38 54 104 87 70 52 35 18 0 18 35 52
90 100 111 107 67 98 92 75 130 112 131 92 117 69 86 77 130 64 68 101 55 102 112 101 74 94 88 76 101 109 108 99 125 64 92 72 105 59 71 79 176 164 153 144 136 130 126 125 126 129 166 153 142 132 123 117 113 111 112 116 156 143 131 120 111 104 99 97 99 103 148 134 121 109 99 91 85 83 85 90 140 126 112 99 87 78 72 70 72 77 134 118 104 89 77 66 59 56 58 65 129 112 97 81 67 55 46 42 45 54 125 108 91 75 59 45 33 28 33 45 122 105 88 71 54 38 23 14 23 38 122 104 87 70 52 35 18 0 18 35
99 115 113 123 81 115 107 84 147 129 148 101 116 86 102 93 130 79 85 102 66 116 116 116 88 111 104 85 118 125 125 106 125 80 106 87 102 74 86 78 188 175 163 153 143 135 130 126 124 125 179 165 153 141 131 123 116 112 110 112 170 156 143 131 120 110 103 99 97 98 162 148 134 121 109 98 90 85 83 85 156 140 126 112 99 87 78 72 69 71 150 134 118 103 89 76 66 58 55 58 145 129 112 97 81 67 54 45 42 45 142 125 108 91 75 59 45 33 28 33 140 122 105 88 71 54 38 23 14 23 139 122 104 87 70 52 35 18 0 18
111 131 117 139 96 132 124 96 164 145 164 113 119 103 119 109 132 94 102 106 80 132 122 132 102 128 120 96 135 141 141 116 127 97 120 103 102 90 101 82 201 187 175 163 152 143 135 129 125 124 192 178 165 152 141 131 122 116 112 110 184 170 156 143 130 119 110 103 98 96 177 162 148 134 120 108 98 90 85 83 171 155 140 125 111 98 87 77 71 69 166 150 134 118 103 89 76 65 58 55 162 145 129 112 96 81 67 54 45 42 159 142 125 108 91 75 59 45 33 28 157 140 122 105 88 71 54 38 23 14 156 139 122 104 87 70 52 35 18 0
