0.0 44.7620938750607 61.896106802061375 55.430934879993636 24.83341735081826 44.68880527438197 28.3857071531014 27.843609772800647 27.480842383196666 11.148089225650224 54.782819790643465 39.12601385747466 7.641720992404929 53.86595362348448 21.222960798667625 57.13828083546722 29.601328591553088 41.449891199845155 40.27757080719839 44.829564394745134 13.165593424653085 43.26970672370824 31.352263668657283 52.68976271804627 26.6179092068374 40.24679414353318 26.28043051978416 13.039450581489753 34.876258288567335 9.476468491413112 56.62970359176812 27.05928610816877 13.805326122666072 26.088131683732257 28.161703189099374 34.2953573440018 49.509083615758 35.00475907640792 47.680505168723165 41.226004905602416 88.1750476989216 62.32881664353149 48.884880191824756 57.35319885544875 81.14095825488096 76.13391408737073 43.87013403653475 21.157749859701504 36.953457627308204 68.39818429439156 73.54415566379886 39.24944870434888 8.194450737710218 31.44252264383647 65.61226139627001 81.31402751550003 52.27518626862284 35.33057220457563 46.461099532795785 73.9178490737044 96.98447712615875 74.16904960058272 63.17343872399915 69.82474582324109 90.30439205912995
44.7620938750607 0.0 90.53338415679532 32.944719193591055 64.33270827125905 57.40488797271088 17.727332703333342 68.59221431274247 72.22484157243483 46.62958649963888 95.20464316389402 6.825595574506078 51.22590648336444 86.36668402482654 52.925773075216085 91.67469639435426 24.769464883403604 14.618633508434687 64.30461268878969 75.83945106032526 41.83660854397217 4.2408011619549635 74.14499483804546 33.164520675529076 53.70596726471288 5.0295752371236135 24.017717620508545 44.18197378203884 67.78443269410009 48.43554449201749 98.11566471706858 20.865776454457787 58.51003172470725 63.45166869963853 71.24443056300915 77.76356246276538 84.1443757691947 21.593935551520104 68.82616279735102 76.1025783850385 55.29564812966391 21.660639698841614 16.601537747625237 49.768382858502065 84.1012838334186 58.28385924485312 28.380751324888983 24.673313484057367 52.980414362679745 86.02280377243646 73.04255941452519 52.20996786641084 50.11342130030015 68.49553441903838 96.26385856810792 94.1919306501883 78.93234104153487 77.35146781884147 90.1716426277335 112.57593500055171 118.35336636533064 106.38875672890546 104.99646055776695 114.56258920186308 132.73868275236163
61.896106802061375 90.53338415679532 0.0 113.77581624226296 39.008021387459436 105.68854791662594 81.91372872028869 38.62532374531779 57.26982790270902 71.93855704100864 88.78761708563478 83.75401796726389 63.60954350012787 10.524804174733232 41.716862586739076 13.876148248160524 65.76394047686296 95.55022462108415 98.07491280732215 17.07135835388872 53.67986922579749 91.72525799261452 42.014406444478645 111.65738017568582 86.08850383976487 88.35463301311836 66.98321272925986 51.94294727730815 27.029650726988706 69.17528886669682 86.89176888237195 70.4947582467542 58.807405555961616 36.46571117470785 68.04141689765997 44.09603099348115 16.37296304505096 92.38477131203875 105.55543122703978 22.21282243184107 144.03406047036972 112.12590169204991 82.4222789891431 58.39052413542941 49.196356948198506 136.85950754555913 102.83714713633883 69.39220456538499 38.07784757633235 21.895481183406662 135.2011045543455 100.640175699538 66.12416358166887 31.799666765194786 6.699728043882009 139.2561600742541 105.97708249292664 73.92454639518606 45.75333603058756 33.41750453006536 148.55732614947289 117.82829193452153 89.95840986584525 68.52960333296508 60.785520190090615
55.430934879993636 32.944719193591055 113.77581624226296 0.0 79.97888468649587 38.32484785949675 32.231952755937485 83.2501180778891 78.6882468782238 50.09320943962772 89.94630741027962 36.96941391464298 58.34107501856343 107.36947344354087 72.41193098319505 111.5111612393485 51.98636772182886 20.16576697056937 50.741298240369176 97.34360018786069 60.24637029257116 29.083333874732183 86.48335392981905 3.472929681908499 46.93959344109991 31.154503606511582 49.08419317977199 62.172568212403256 87.87074187031484 53.08317788385877 94.04717955607853 45.52362227703376 66.27674424881052 80.6004865853112 73.08849609117266 88.95055984510115 103.76250548923163 21.397761916642786 51.77614583168083 95.35011106103468 33.269984410393036 24.127653431642454 49.52009978161944 81.95841463378349 115.65884315701737 25.589317992838595 11.584966079197098 44.8158826778004 79.2311106745773 113.76083735027105 42.59598363429828 35.821504797725716 56.09611030880227 86.05346000455015 118.56834892130102 67.71735188905078 63.47428110529172 76.59703544521004 100.49877699227996 129.3355302012809 94.7012209623488 91.49572194578268 100.84296836020695 119.84086385211727 144.73787434880515
24.83341735081826 64.33270827125905 39.008021387459436 79.97888468649587 0.0 66.90987373904419 50.62665480127575 4.576812284530937 22.060442821734647 33.576868613321935 56.526869222409324 57.78104564864256 24.90354179244736 29.88128946620283 13.364310329923489 32.48972305682156 42.36831402751997 64.45331188534912 59.09860993908995 22.401680462828722 22.504542614530425 63.97011369480503 11.829968515362241 77.35049953802947 47.15000442238739 60.630256470838894 41.15894804560491 20.155400740991006 13.271269318305087 30.64344664147093 56.20843611352591 43.737209521225886 19.841840088920748 3.7691535966545318 31.354727782411743 16.174730179982827 25.01872699808728 59.061512349853004 66.60005674885079 17.082617198943282 112.32055669302801 84.22328012118062 62.976234276550734 56.86161240781925 69.96621728169796 100.94439837371571 68.48157910644092 39.80602954394509 29.566053117605843 50.58281530049692 96.6660234967125 62.064859338239714 27.47049013549776 7.215489553369424 41.7654540057505 100.3972185912018 67.67990337317734 38.42365740847414 27.695232178208567 49.522869777350834 111.33541055488901 82.91714222792767 61.2350164482119 54.94540870469978 68.4329202256386
44.68880527438197 57.40488797271088 105.68854791662594 38.32484785949675 66.90987373904419 0.0 43.47689635884429 68.31134373145443 55.43867196708971 33.9089358636547 54.842868966024874 56.835740203266035 42.08489747708792 96.78810256395444 65.91146475180622 98.92090596549303 61.839213246286356 43.68987069620752 14.177040306189475 88.69946598096259 56.347428075431175 53.35941249157153 68.22581202081784 35.00789311301328 20.006408260654393 52.903121609790006 57.64413232608803 57.04751129536358 78.80559069686052 36.543566322616066 59.450498639740566 55.41012646293323 47.723881071579285 69.2271429424664 46.1726339834847 68.96834978342397 91.7585511521478 35.81100393663836 13.457682121094553 83.99247301088829 67.23112351295437 60.181926580860235 71.5436101709988 94.92046974028406 123.6773485425511 43.651662472897044 32.113741928576125 50.51684636806141 80.4204307082937 113.03881698287913 30.006633912341975 5.953380247827899 39.564397718349184 74.09517238030409 108.67245164309095 38.79268644718961 25.18674486714665 46.461963913481824 77.96087764189075 111.31902430638998 60.982428192688275 53.17937900935358 65.81819913358652 90.72388606955455 120.51726369619294
28.3857071531014 17.727332703333342 81.91372872028869 32.231952755937485 50.62665480127575 43.47689635884429 0.0 54.50176712212478 55.475478029666334 28.966809042467748 77.48187019013231 14.267119090642183 34.164640517448404 76.08713286669546 41.19245186208752 80.67746298487754 20.879136942217116 13.933732025643781 48.124437140185535 65.8226158266708 29.077196303972155 15.294578228153675 59.185255371200675 30.592690252779267 36.548182867966034 12.750151642976627 17.35672412602284 31.23383032171465 56.701498883799935 30.91031583395422 80.39308717646259 14.028955248195128 41.78779767986405 50.513769026820114 53.74276614488817 62.44372347245528 72.94457716136351 11.536427979028916 53.43652561770657 64.58680371694754 62.435255387269066 34.00764242689707 28.45557649384401 53.45803387519752 85.44380843448332 56.87878184977734 22.352653515418172 12.60716929149368 47.04353961817818 81.62170560559485 64.57663618160588 37.762461723011675 32.813126701611075 55.876965256323864 86.96324167127217 81.87152187949641 62.733993071254204 59.69044156097541 74.73373318891606 100.01049981450527 104.08392627630094 89.59993598255583 87.27852247928493 97.98795632093399 118.23893529018768
27.843609772800647 68.59221431274247 38.62532374531779 83.2501180778891 4.576812284530937 68.31134373145443 54.50176712212478 0.0 19.851138374237795 35.650011876762534 53.966915792171186 62.09143683237222 26.78693612460799 28.879838941151323 17.922723804824916 30.611204497032855 46.88720633032782 68.24296665749193 59.686049960754204 22.826833185081817 26.82926591123362 68.11431390449975 7.4904392007523235 80.53208662250388 48.368848669349255 64.79703907877673 45.592147995388906 24.47914665424361 14.963397478818239 32.61143269202167 53.319199163964896 48.097645155101894 20.63729933086942 7.48899211028166 29.97812224289805 11.827671197730439 23.546533831232612 62.55017239460095 67.10710362901088 16.41596238032958 115.82410565295922 88.25881659485319 67.51885437127382 61.01437879121881 72.67389406334185 103.6450482034993 71.70259834763448 43.98934109053629 33.52155391859057 52.03037528777043 98.23147616620271 63.70585409385887 29.364990074314527 7.811741068333709 40.67674784437245 100.68101484531282 67.38843116588947 36.61391930746673 23.125787484015635 46.08545903194178 110.47171411488868 81.17591569181002 58.05052874709867 50.44802691180026 64.14785953743126
27.480842383196666 72.22484157243483 57.26982790270902 78.6882468782238 22.060442821734647 55.43867196708971 55.475478029666334 19.851138374237795 0.0 28.684752656461736 34.48313166960667 66.58982998138458 21.39771539768142 46.9692605013754 32.335750459222275 47.02294663747312 55.31907876046455 67.75294079655396 44.31928585315775 42.439994135808135 34.94688837291738 70.59443045219692 15.290069782934152 75.52975150737731 35.92856530915717 67.64874123049461 52.66367770571251 33.06913400146148 34.75280672113757 25.830169483525207 34.39981594329871 54.03430633315475 13.722433263116185 25.824774611809616 10.958364548236844 14.280532771165921 41.19712694055788 60.27408021667192 51.24873826212531 35.49795526795949 111.95813023468902 89.02829477392044 75.57908392518459 76.76656106574238 92.02585605594832 95.4179063960946 67.2867612659954 48.427800851129234 50.574774569434155 71.86915906003182 85.21133490145725 51.96963336843747 23.142206430125174 27.660953957615355 58.219779788376655 83.68938178391583 49.4585258106703 16.829486044968974 22.69735885363186 56.053200359470836 91.28753832347005 61.346815810778 39.853181438867324 42.51996514318791 66.50147295359947
11.148089225650224 46.62958649963888 71.93855704100864 50.09320943962772 33.576868613321935 33.9089358636547 28.966809042467748 35.650011876762534 28.684752656461736 0.0 48.92502015500482 42.13776267455906 8.895972208004169 63.35513384357798 32.17764431005342 66.01641065094476 36.9924919901434 39.77461273057673 29.19916826224232 54.89784197309842 23.9977087950681 44.20832539833215 37.286059266387554 46.99945703012992 15.47621022913976 41.700919623738095 33.084657876075816 24.124817093130208 44.968160670664446 3.1093188265157856 51.581101954331096 32.74076607646208 16.389574016743865 35.56532990393236 24.955495275231463 39.24694989824511 58.59539297121757 31.83689636803226 36.559886584614944 50.56420170347434 83.3479517851531 61.16575153125346 54.13330444058712 67.18911768328753 92.15822163918536 68.39042918174695 38.632376672910105 26.504934112299235 48.03544335659873 79.41748790847673 63.2671751514882 28.707822948652876 6.3558688983456495 40.638766770844946 75.21619495864171 70.16675520308239 41.66921124076235 30.72636192445496 50.46515620628769 80.89617535200327 86.25028970104718 65.03045797244108 58.42599021863197 70.66130539988659 94.69546824655853
54.782819790643465 95.20464316389402 88.78761708563478 89.94630741027962 56.526869222409324 54.842868966024874 77.48187019013231 53.966915792171186 34.48313166960667 48.92502015500482 0.0 91.02821241000487 47.14161213502292 78.26335370259616 66.20480794903222 76.58549469842227 84.35910539692036 86.26518788869582 40.69031043585032 75.72759311776927 66.04057785074279 92.42022909808247 47.983091529729485 86.47496454193929 43.62024900514784 90.20260976887616 80.87704753995443 64.67547614699701 68.92385202409581 47.73705603095075 4.949972887146186 81.14783973095938 43.10741612951297 60.294975810924996 27.29875464819262 45.01989683290557 72.42638772188424 77.51660816144317 43.51650707735466 68.37753924004173 121.40723441906184 107.0631725163115 102.85901024067752 109.96397503907518 126.48645129922215 98.40519769320859 80.3294472845562 74.9453250861829 84.70848769538554 105.49406857947355 78.88141898365092 54.984545830523935 47.10768202444854 61.72340348520888 88.29062677180939 66.00000192614726 34.26601744863652 19.67656327836971 44.66566719839157 77.4449740342784 63.91287434483581 30.091611201384385 11.000334477141616 41.60964297819613 75.74014889845824
39.12601385747466 6.825595574506078 83.75401796726389 36.96941391464298 57.78104564864256 56.835740203266035 14.267119090642183 62.09143683237222 66.58982998138458 42.13776267455906 91.02821241000487 0.0 45.93229771172397 79.5411140799625 46.18760229346349 84.85498818561169 18.00396846059023 17.11036241912914 62.31413223264101 69.01404242462678 35.27810058595865 8.558783493126908 67.81205187342607 36.62106000512077 50.79508919979903 5.827509275364966 17.20795242254178 37.62849338383648 60.97995940396708 43.65236839865307 93.70983247085256 14.134064955366984 52.93056969020023 56.79644171147394 66.28861737307645 71.51612746726968 77.33257285446066 21.68870898753958 67.42054439166074 69.30855622391569 61.55080280180653 28.38228876575665 14.746490067826494 44.991280119329836 78.90388626614305 62.55266305561221 30.475350882172236 18.4257326864867 46.31541316134404 79.65912769492446 75.05687441997873 51.31906362612748 45.039695215336494 61.79253966952214 89.45880466416693 94.60707848661927 76.94254023065146 72.69498931918015 83.92687427354353 105.81885822007615 117.74353891079343 103.86569870544062 100.5349814960759 108.72505859784492 126.21272103990138
7.641720992404929 51.22590648336444 63.60954350012787 58.34107501856343 24.90354179244736 42.08489747708792 34.164640517448404 26.78693612460799 21.39771539768142 8.895972208004169 47.14161213502292 45.93229771172397 0.0 54.7706080520577 25.33645260684986 57.24230624237825 37.231450824936935 46.376438668738565 35.52229083827834 46.651246274668786 19.96262912027094 49.37403516437068 28.482976964581393 55.34924034675633 22.615009099379535 46.52493317821382 33.850552319716634 19.262812655184497 36.807208949583625 5.826677358131436 49.02633031658422 34.454835523813315 8.003360832559407 27.14446507948895 20.661586153116573 30.64681920734883 49.88835263047075 39.07996940009758 43.061332963776614 41.96708928664081 91.50361850210084 67.63152927895972 56.30210966516327 64.50289606095392 86.86835957073416 77.23946462667804 46.78840794051296 28.41151209086281 42.66276598011933 72.30385786945544 71.76618705420556 37.163110664563526 2.5811621117796513 32.04812654495487 66.65100783820989 76.98253660118286 46.36696148257543 27.718563040188823 42.208788201217985 72.03946356119187 91.0695698649288 67.04853468086019 55.607006982073806 63.90278729588873 86.42792950369511
53.86595362348448 86.36668402482654 10.524804174733232 107.36947344354087 29.88128946620283 96.78810256395444 76.08713286669546 28.879838941151323 46.9692605013754 63.35513384357798 78.26335370259616 79.5411140799625 54.7706080520577 0.0 34.98564706520335 6.521863270624743 61.808563356259775 89.94619860888369 88.56075382377807 10.53333694565072 47.17333913647431 87.11439729303599 31.682088160769588 105.04917115694256 76.98260794048996 83.70496379402452 62.40935008740916 45.19878140673073 19.499361110673824 60.47384086898528 76.38966237703802 65.7657896534091 49.3969872347769 27.851175232891126 57.813944650673946 33.61242476812969 5.8571226487682635 86.00921988329293 95.98693005015262 12.803518765416891 138.51388217463733 107.68959589651394 80.01747718844706 60.027812986361845 56.55682182535192 129.6722507418824 96.1647688091586 63.8378575160986 36.02388776388274 30.24910036139957 126.53641597237748 91.93272941345775 57.329253626442195 22.726951379491645 11.884432267903993 129.52164906757002 95.96346633622929 63.537044719393265 35.493170035268236 29.621176109277947 138.23178985729942 107.32986311145082 79.53720430984366 59.39216944912985 55.888176607316616
21.222960798667625 52.925773075216085 41.716862586739076 72.41193098319505 13.364310329923489 65.91146475180622 41.19245186208752 17.922723804824916 32.335750459222275 32.17764431005342 66.20480794903222 46.18760229346349 25.33645260684986 34.98564706520335 0.0 39.49337878733402 29.710604439755684 55.1023968409895 60.76677696616731 24.96646819980817 12.187876216068961 53.09924360424161 25.122801221954457 70.1494060737612 47.454393904758334 49.69410382440155 29.093189097780062 10.265260212095571 15.521809211229776 29.93128233389271 66.59977101214137 32.062997132698904 24.3829302862834 11.122708126277464 39.352570039286775 29.43760881437592 31.773622912585573 51.03505774988093 68.28030849049975 23.46494985056215 103.62127482531784 73.64931456340975 50.05888299113447 44.523918172955064 62.078048497897235 95.1495471040791 61.28431263599638 29.20526013149222 18.57355772313462 47.24252805185335 94.61210799045762 60.454272187982 27.43790465468316 15.678320594475151 46.19125891620544 102.13431563745503 71.56174601746847 46.96351470740176 41.047327482317726 59.65750273464263 116.1604661742268 90.30379905685226 72.187691431128 68.27967424197384 80.67173907813037
57.13828083546722 91.67469639435426 13.876148248160524 111.5111612393485 32.48972305682156 98.92090596549303 80.67746298487754 30.611204497032855 47.02294663747312 66.01641065094476 76.58549469842227 84.85498818561169 57.24230624237825 6.521863270624743 39.49337878733402 0.0 67.3008586984546 94.59419354358907 89.93658454271315 16.313297235044473 51.613672037099136 92.23884078905992 31.90329952218024 109.07201063844246 78.96485696521898 88.82490001593334 67.66206577171411 49.52158555910054 24.046037761123085 63.037596913239646 74.34347975461064 70.93429699322539 51.217833330490734 31.105027211900616 57.97931920568204 33.01793561372593 7.752681743719723 90.24307036594544 97.25201419311195 16.163007100949123 143.0887955395436 112.83097129129021 85.91875667772374 66.54334987367623 62.1995343615682 133.24283094194834 100.17540157041486 68.63965201660153 42.219950806666816 35.33381286985415 128.8399380547569 94.29637429331655 59.822540533376404 25.700585421430112 11.711422215052577 130.43275140205668 96.44158521473146 63.119741913634904 32.58941577117395 23.127558499927602 137.8134509689213 106.12543030036477 76.99009534613951 54.65483277174236 49.412901650041505
29.601328591553088 24.769464883403604 65.76394047686296 51.98636772182886 42.36831402751997 61.839213246286356 20.879136942217116 46.88720633032782 55.31907876046455 36.9924919901434 84.35910539692036 18.00396846059023 37.231450824936935 61.808563356259775 29.710604439755684 67.3008586984546 0.0 32.01495029777768 63.32408482742234 51.27618592364794 20.777404783629137 26.196366423327017 53.37893294073748 50.819281081362 49.96710441421872 22.92412269429488 4.226938956330035 22.98067861956561 43.69537699323964 37.23519719819525 86.22143401898384 6.8733146495866215 42.498384722914146 40.7503048782806 57.68650361356572 57.427055984633036 59.90292955544438 32.34346652894025 69.74438037592545 52.09571566238027 79.17731044777938 46.38619063828671 20.716128542823295 33.18861837260076 64.56514465964723 77.23753727165636 43.0239078769223 11.45989037685694 28.398142177939782 62.26100564654359 85.15603977597347 55.90310747085681 37.3308440622197 45.35255881726881 71.51884677030884 100.63157949538875 77.29105975627702 64.92976077902397 69.66069582533426 88.79259001674428 120.7930618110723 101.96639005358561 92.72546801128362 95.88308994145127 110.38028925493357
41.449891199845155 14.618633508434687 95.55022462108415 20.16576697056937 64.45331188534912 43.68987069620752 13.933732025643781 68.24296665749193 67.75294079655396 39.77461273057673 86.26518788869582 17.11036241912914 46.376438668738565 89.94619860888369 55.1023968409895 94.59419354358907 32.01495029777768 0.0 52.04274974575841 79.6338171540072 43.00690907828633 10.37833281985737 72.64848656026889 19.54387457984525 43.125671176934375 11.45729589026289 29.40590869028282 45.167546052017286 70.59888898005045 42.24313184204994 89.66174317523435 25.798964464524886 54.27594043879424 64.424052452335 64.65929431848424 75.73471238675198 86.86578065783765 8.853171728250725 55.794773254000525 78.51454371534889 48.574658282409075 21.391184100898457 30.83043207175059 61.95398115291577 95.5035259764565 45.70955918654338 13.781447659295932 26.179104307585487 59.79644980518741 94.13149324433327 58.50079931904234 38.86739619175067 44.65234878931232 69.7984012557809 100.72054498624037 79.7393289672374 66.48116856537351 69.82765004391379 87.90236284809244 113.89697020687692 104.38988256700827 94.42973981589456 96.5990967822853 110.18383181762711 131.69756885188806
40.27757080719839 64.30461268878969 98.07491280732215 50.741298240369176 59.09860993908995 14.177040306189475 48.124437140185535 59.686049960754204 44.31928585315775 29.19916826224232 40.69031043585032 62.31413223264101 35.52229083827834 88.56075382377807 60.76677696616731 89.93658454271315 63.32408482742234 52.04274974575841 0.0 81.4456720016396 53.18410298308931 60.61190177073842 58.34059303468641 47.300684230124396 13.847116927399275 59.42877066291161 59.12313923337762 53.305038825722775 71.84111622274708 30.960139504180027 45.27679657235929 57.645023970666806 39.268811587958815 61.928671520403476 34.13879015716225 58.41116516362088 83.19133226508632 43.36972587578982 7.548875026396247 75.94224977509256 81.01116637562788 70.7938821384908 76.52120477302311 95.362320503192 121.35569999231608 57.82210179120639 42.68374078009078 51.915575830216554 77.2228678284537 107.82548229173688 41.586600980925276 14.925188233962016 33.330579564407415 66.28683317184492 100.35841468082555 41.485549641427575 14.643897015598597 33.206734280115974 66.22523140207296 100.31812367565304 57.60392588743466 42.3904426779611 51.67694349243187 77.06414764469878 107.71294592462459
44.829564394745134 75.83945106032526 17.07135835388872 97.34360018786069 22.401680462828722 88.69946598096259 65.8226158266708 22.826833185081817 42.439994135808135 54.89784197309842 75.72759311776927 69.01404242462678 46.651246274668786 10.53333694565072 24.96646819980817 16.313297235044473 51.27618592364794 79.6338171540072 81.4456720016396 0.0 37.09885490207214 76.61940522465949 27.76896865104953 95.11045594799747 69.20218341927455 73.21220283613377 51.895231525197865 35.2316516705664 9.958292373099985 52.16351625765709 74.48868003296586 55.26853245016151 42.22839824984208 19.561737490490362 52.794598303134514 30.841757457070383 9.923564300793226 75.9521164981515 88.96236243836233 7.512843608500936 128.20819259110087 97.18601297321179 69.6254847558338 51.43055200182991 53.26632870634627 120.05223737150818 86.24931753318718 53.4807905930364 26.00558134078501 29.78641754875124 118.14915699550151 83.60501221921554 49.14495481472588 15.346297451732172 21.228397334612165 122.79013589474235 89.98725943758858 59.26912091425879 36.37008348389993 39.08413613721461 133.29312821591057 103.74298701780293 78.44066478734119 62.753881502430055 64.17119767463166
13.165593424653085 41.83660854397217 53.67986922579749 60.24637029257116 22.504542614530425 56.347428075431175 29.077196303972155 26.82926591123362 34.94688837291738 23.9977087950681 66.04057785074279 35.27810058595865 19.96262912027094 47.17333913647431 12.187876216068961 51.613672037099136 20.777404783629137 43.00690907828633 53.18410298308931 37.09885490207214 0.0 41.59959328407666 32.85894126619741 58.02410769238907 39.39309412027773 38.23052260629891 18.90394283548486 2.3508906044364193 27.70304456268864 22.6292699282217 67.32864771238593 21.27164599856315 23.023515313061864 21.741717626372235 38.78975910494619 36.79485246954846 43.874423747424025 38.85976356197754 60.49180446094431 35.50986549730903 91.47535683567109 62.01281062723482 41.45190741270069 44.56183061357591 68.17680720197555 83.2309157518165 49.17791566222975 17.447100623987925 24.190641389709544 57.10363229130257 84.106452111987 50.63231358878799 21.1711155307858 26.974991146825474 58.32609384314143 93.84701580396562 65.42989929223143 46.36482271802203 49.123696613436515 71.21372108784325 110.12441792444086 87.00971462170305 73.54417252249391 75.11026591476396 90.93465037937708
43.26970672370824 4.2408011619549635 91.72525799261452 29.083333874732183 63.97011369480503 53.35941249157153 15.294578228153675 68.11431390449975 70.59443045219692 44.20832539833215 92.42022909808247 8.558783493126908 49.37403516437068 87.11439729303599 53.09924360424161 92.23884078905992 26.196366423327017 10.37833281985737 60.61190177073842 76.61940522465949 41.59959328407666 0.0 73.36060889990362 29.13144623499812 50.393650841891784 3.4139980401140693 24.773426963963136 43.917633282784415 68.23700170293094 46.20245200014746 95.46633682803669 21.35092061303854 56.87724838742874 63.33420188631404 69.03293024356002 76.84091656992156 84.62906977454415 17.57981204398507 64.95295212961082 76.46857042970673 53.0670840772721 20.592130560759838 20.659337023563804 53.14539028109251 87.2749033033113 54.55800518410498 24.145877501721458 24.17270558432696 54.593633461091365 88.1558776137395 68.8264201792531 48.24274965768782 48.08808950403084 68.50095245715174 97.29908170055029 89.9861962839632 75.21272820541563 74.90756270871066 89.21928559608855 112.71099500769355 114.27030416350699 102.81832321893312 102.37268231121976 113.06360110983738 132.21665183319413
31.352263668657283 74.14499483804546 42.014406444478645 86.48335392981905 11.829968515362241 68.22581202081784 59.185255371200675 7.4904392007523235 15.290069782934152 37.286059266387554 47.983091529729485 67.81205187342607 28.482976964581393 31.682088160769588 25.122801221954457 31.90329952218024 53.37893294073748 72.64848656026889 58.34059303468641 27.76896865104953 32.85894126619741 73.36060889990362 0.0 83.59840389403803 48.24498007326467 70.11518718523291 51.7623163382414 30.54638509142868 21.45682698910588 34.176760459082175 46.928371480256295 54.02755707752172 21.063105012028025 14.97942334912237 26.182220805660453 4.350101513704967 25.907588700232253 66.35041286997841 65.54824493465014 20.528879246863553 119.4361223409156 93.16395080354242 74.08656366868283 68.50459023629462 79.32024729960244 105.67298205942032 74.89855684599203 49.47353459533403 40.99133520107931 57.51322131902356 98.22881532242525 64.07704586977171 30.946512916627015 14.295339193365125 42.96368222445309 98.5466252912268 64.55873401892312 31.9229216773229 16.283910073989485 43.65900290664684 106.55696666155936 76.12934551467727 51.300934555779506 43.15915961463448 59.063176055816484
52.68976271804627 33.164520675529076 111.65738017568582 3.472929681908499 77.35049953802947 35.00789311301328 30.592690252779267 80.53208662250388 75.52975150737731 46.99945703012992 86.47496454193929 36.62106000512077 55.34924034675633 105.04917115694256 70.1494060737612 109.07201063844246 50.819281081362 19.54387457984525 47.300684230124396 95.11045594799747 58.02410769238907 29.13144623499812 83.59840389403803 0.0 43.504342570575204 30.875791248054558 47.72400830293089 59.889150639066564 85.55329571360994 50.0152356523033 90.5806921713381 44.2132815518415 63.251953221130044 78.08152670827472 69.77315889724952 85.9872261645532 101.33127228287141 19.370886833430838 48.44573095123614 92.92185458407891 36.47295804237763 26.56482186882276 49.75886592231385 81.49258615972278 114.8955192502446 26.418496041030917 8.896632703194248 43.07223523348154 77.62821044391728 112.21370192449156 40.94716819978282 32.38682479114942 53.065783475320536 83.53372642613341 116.33840571204746 65.3178529284288 60.12406694856944 73.19951834284211 97.44855097713553 126.6059051914436 92.01653930738806 88.18726987404202 97.37375492558682 116.5375658102122 141.68649495165232
26.6179092068374 53.70596726471288 86.08850383976487 46.93959344109991 47.15000442238739 20.006408260654393 36.548182867966034 48.368848669349255 35.92856530915717 15.47621022913976 43.62024900514784 50.79508919979903 22.615009099379535 76.98260794048996 47.454393904758334 78.96485696521898 49.96710441421872 43.125671176934375 13.847116927399275 69.20218341927455 39.39309412027773 50.393650841891784 48.24498007326467 43.504342570575204 0.0 48.69704521983219 45.80834902771848 39.595736338171974 59.4006977555817 17.5245199791342 47.42229315423999 44.60665468898501 27.748046273482466 49.650543756711436 27.64564253502624 49.11694651741819 71.86630551757403 34.28134611103109 21.10085794234673 64.21198291083259 79.4762184836547 63.54490004493107 64.45323217990024 81.64106659349606 107.568992596085 60.06880246199092 36.804956552314934 38.67532779448257 63.496373823751874 94.67116959524456 50.009627530899515 16.045887645413412 20.219594958804002 54.36034745736107 88.86009552367089 54.72328497451037 27.324241167991442 29.890377327230773 58.60972122830642 91.49649420736934 71.33903620175994 53.122573084044895 54.30986163101886 73.97241366931539 101.9268292004553
40.24679414353318 5.0295752371236135 88.35463301311836 31.154503606511582 60.630256470838894 52.903121609790006 12.750151642976627 64.79703907877673 67.64874123049461 41.700919623738095 90.20260976887616 5.827509275364966 46.52493317821382 83.70496379402452 49.69410382440155 88.82490001593334 22.92412269429488 11.45729589026289 59.42877066291161 73.21220283613377 38.23052260629891 3.4139980401140693 70.11518718523291 30.875791248054558 48.69704521983219 0.0 21.384924754320323 40.55375788031753 64.82329281264366 43.570367893512156 93.14043384552127 17.94510669783531 53.92630814048349 59.95795834771429 66.39775942183948 73.6347614537029 81.21529039159984 17.179071329634596 64.08694180721277 73.05695088672368 56.26464078526192 24.006082673816014 19.5377902063294 50.81347778999591 84.71803138749522 56.7327968401874 25.074026293376715 20.824345480026473 51.31715061897059 85.01821300992812 69.78773920982628 47.59476513933264 45.33224894103479 65.1120720008613 93.90936612747754 90.11531755894205 74.0666114585136 72.42727673850416 86.0250713885934 109.31454800622835 113.8848122981274 101.44124505652343 100.02781100769622 110.07025393739966 128.91865526429393
26.28043051978416 24.017717620508545 66.98321272925986 49.08419317977199 41.15894804560491 57.64413232608803 17.35672412602284 45.592147995388906 52.66367770571251 33.084657876075816 80.87704753995443 17.20795242254178 33.850552319716634 62.40935008740916 29.093189097780062 67.66206577171411 4.226938956330035 29.40590869028282 59.12313923337762 51.895231525197865 18.90394283548486 24.773426963963136 51.7623163382414 47.72400830293089 45.80834902771848 21.384924754320323 0.0 21.21950474315638 43.77208054340113 33.48412844198044 82.8752250138622 3.61115982759295 39.54350942105266 39.88856664036139 54.441558357717355 55.68694933491627 60.12684208983322 28.89220645074782 65.52250402008282 52.10534077528187 77.290185910888 45.30002343353682 22.918462843070134 37.326455582054585 68.23574697095522 74.10799193142759 39.68298453734169 7.234492087113291 30.410365174072027 64.74640194305451 81.24511613840978 51.70424278740282 33.7745612882573 44.754281366840914 72.52587712931431 96.43667731812623 73.12863664882615 61.56575886985196 68.02696696612809 88.65536760780559 116.57457548725347 97.96934316367772 89.4485911477267 93.80195321885296 109.50461226252817
13.039450581489753 44.18197378203884 51.94294727730815 62.172568212403256 20.155400740991006 57.04751129536358 31.23383032171465 24.47914665424361 33.06913400146148 24.124817093130208 64.67547614699701 37.62849338383648 19.262812655184497 45.19878140673073 10.265260212095571 49.52158555910054 22.98067861956561 45.167546052017286 53.305038825722775 35.2316516705664 2.3508906044364193 43.917633282784415 30.54638509142868 59.889150639066564 39.595736338171974 40.55375788031753 21.21950474315638 0.0 25.702878988789294 22.481958443423743 65.82805096156346 23.620104745127012 21.573186859667874 19.445178826441662 37.38285885535243 34.50864989689391 41.77392843603516 40.81229613022534 60.68466555271491 33.38827266989075 93.58060032132254 64.30640757503966 43.682039741473595 45.56038168774588 68.10431268153704 84.91725704336964 51.02092703366132 19.752985186697813 23.918127624879588 56.11438506524344 85.15163762869038 51.406512991392255 20.719748438239254 24.715108398890845 56.45542844936785 94.2173498710233 65.22112798576055 45.00556629489463 46.819070931251474 68.94467892231397 109.95076337767584 86.23537777651036 71.96295973647082 72.90783188947401 88.58438638100368
34.876258288567335 67.78443269410009 27.029650726988706 87.87074187031484 13.271269318305087 78.80559069686052 56.701498883799935 14.963397478818239 34.75280672113757 44.968160670664446 68.92385202409581 60.97995940396708 36.807208949583625 19.499361110673824 15.521809211229776 24.046037761123085 43.69537699323964 70.59888898005045 71.84111622274708 9.958292373099985 27.70304456268864 68.23700170293094 21.45682698910588 85.55329571360994 59.4006977555817 64.82329281264366 43.77208054340113 25.702878988789294 0.0 42.26217903321638 68.19176297916029 46.97608899442611 32.79146783871954 9.968127819185845 44.516562902146056 25.31775128947666 16.392517881236092 66.51513019446492 79.37679628989149 8.409202106721674 119.13534299929104 88.8264876178055 63.10202952680684 49.68293104347464 57.87682976148534 110.2854618776535 76.6711678473614 44.5970617417264 22.230000285145966 37.34023258179658 108.20501412456225 73.67557124102562 39.27732496171837 7.223604162311744 30.927437665238987 113.2677445798153 80.8643077591176 51.41325608008441 33.8000274738331 45.12641287665701 124.60573596507574 95.97522325699529 72.73704924161352 61.35873204102924 68.07268524345466
9.476468491413112 48.43554449201749 69.17528886669682 53.08317788385877 30.64344664147093 36.543566322616066 30.91031583395422 32.61143269202167 25.830169483525207 3.1093188265157856 47.73705603095075 43.65236839865307 5.826677358131436 60.47384086898528 29.93128233389271 63.037596913239646 37.23519719819525 42.24313184204994 30.960139504180027 52.16351625765709 22.6292699282217 46.20245200014746 34.176760459082175 50.0152356523033 17.5245199791342 43.570367893512156 33.48412844198044 22.481958443423743 42.26217903321638 0.0 50.15135849854684 33.472433845719664 13.300804119674392 32.74389361771688 22.833504055775872 36.1538685972807 55.65251046425316 34.5004678859625 38.42594195818042 47.67381185638213 86.32155762217958 63.62083496168007 55.12354099635361 66.51611611615772 90.58133049371588 71.4991241254211 41.5909513800793 27.245728471350137 46.364773271806534 77.14852350067832 66.08118585730006 31.48413988284231 3.260890046496921 37.74745214588863 72.34612140947641 72.21668100976811 42.801687475035 29.044068069971054 47.43384165608106 77.78958017039558 87.50802220087307 65.20704880128952 56.930266927548 68.00692749526715 91.67125993036451
56.62970359176812 98.11566471706858 86.89176888237195 94.04717955607853 56.20843611352591 59.450498639740566 80.39308717646259 53.319199163964896 34.39981594329871 51.581101954331096 4.949972887146186 93.70983247085256 49.02633031658422 76.38966237703802 66.59977101214137 74.34347975461064 86.22143401898384 89.66174317523435 45.27679657235929 74.48868003296586 67.32864771238593 95.46633682803669 46.928371480256295 90.5806921713381 47.42229315423999 93.14043384552127 82.8752250138622 65.82805096156346 68.19176297916029 50.15135849854684 0.0 83.34232514700446 44.305132729491895 59.97051055437991 28.611052497763925 43.648620218895786 70.59377477921329 80.9791657838195 48.337501929546335 67.05091951109172 125.7596482267489 110.62621283509895 105.14497510676449 110.75833872240304 125.99202507568897 103.0653793756618 84.21897905266005 77.18767837447135 84.95749647714968 104.27057099531989 83.79990156829746 59.378875075602224 49.23499655128562 60.96823553176738 86.05215499912198 70.82053418066539 39.20977615963557 21.30987023922421 42.01975881774194 73.97334135240865 67.83775329442942 33.58001834067526 6.937435984198328 36.925491613108 71.22997522288804
27.05928610816877 20.865776454457787 70.4947582467542 45.52362227703376 43.737209521225886 55.41012646293323 14.028955248195128 48.097645155101894 54.03430633315475 32.74076607646208 81.14783973095938 14.134064955366984 34.454835523813315 65.7657896534091 32.062997132698904 70.93429699322539 6.8733146495866215 25.798964464524886 57.645023970666806 55.26853245016151 21.27164599856315 21.35092061303854 54.02755707752172 44.2132815518415 44.60665468898501 17.94510669783531 3.61115982759295 23.620104745127012 46.97608899442611 33.472433845719664 83.34232514700446 0.0 40.65479495345887 42.67375161628733 55.1164192884311 57.849198947298596 63.357455015022694 25.52954704671345 63.82422143803798 55.265347815567296 73.70910929500265 41.92549240637039 21.847336012474308 39.89624449941192 71.4210026277889 70.61480898048573 36.26661162804499 6.23992519014075 34.02146219017074 68.34352045737309 78.30680340067461 49.500001178200925 34.10830313230006 47.65851589055928 75.98765359826541 94.17791651183454 71.85144977139251 62.05288428927397 70.23723231014979 91.71017334712296 114.88632766747388 97.22270186816377 90.00185792959009 95.61961254751208 112.16319082383664
13.805326122666072 58.51003172470725 58.807405555961616 66.27674424881052 19.841840088920748 47.723881071579285 41.78779767986405 20.63729933086942 13.722433263116185 16.389574016743865 43.10741612951297 52.93056969020023 8.003360832559407 49.3969872347769 24.3829302862834 51.217833330490734 42.498384722914146 54.27594043879424 39.268811587958815 42.22839824984208 23.023515313061864 56.87724838742874 21.063105012028025 63.251953221130044 27.748046273482466 53.92630814048349 39.54350942105266 21.573186859667874 32.79146783871954 13.300804119674392 44.305132729491895 40.65479495345887 0.0 22.824507375923893 15.810598271446443 22.857795234565245 44.17092472365576 47.07263766000773 46.76136664418623 36.70566031251919 99.46856793155602 75.46592607753304 62.37784375611783 66.9452327388391 86.41245502059948 84.6783308438233 54.740760220546065 34.892890450652146 42.817153552347236 69.59838598960967 77.69039383357516 43.270682315685896 10.186280820759524 27.018926712796354 61.246536223014246 80.56173803244555 48.19308923934671 23.447793672343565 34.23257466187968 64.72081790285755 92.37739306626833 65.93322915790397 50.552984754438754 56.20341121109401 78.46558608358818
26.088131683732257 63.45166869963853 36.46571117470785 80.6004865853112 3.7691535966545318 69.2271429424664 50.513769026820114 7.48899211028166 25.824774611809616 35.56532990393236 60.294975810924996 56.79644171147394 27.14446507948895 27.851175232891126 11.122708126277464 31.105027211900616 40.7503048782806 64.424052452335 61.928671520403476 19.561737490490362 21.741717626372235 63.33420188631404 14.97942334912237 78.08152670827472 49.650543756711436 59.95795834771429 39.88856664036139 19.445178826441662 9.968127819185845 32.74389361771688 59.97051055437991 42.67375161628733 22.824507375923893 0.0 34.99637815421058 19.31342407448944 23.43420516922843 59.469798173957614 69.4571184669061 15.141863185484523 112.60984708512156 83.75071033400484 61.17339119627751 53.52555080842567 66.20108668754187 102.14292411431613 69.18847049375518 39.18869077568052 26.063462037419757 47.09242142177693 98.81876905414258 64.22739025760823 29.66513993205447 5.453230330262768 39.67756596419909 103.32924297302114 70.91233432041865 42.1310186082356 30.270830258363354 49.52232290198764 114.75397468423463 86.58635583858332 64.96697993648446 57.784159610769706 69.6570088184868
