0.0 37.329318987376 93.53344981193924 7.092763970033176 7.092763970033176 75.00010284513881 39.705180685302786 4.758016019325455 71.72717132591592 83.13895677561368 25.74148690204088 21.754945432235417 47.70154114350268 26.505943791127898 17.612608843700563 44.261727189077526 56.79424693397477 80.36768315077968 41.23973126836884 55.60523038780313 5.3272883256539405 34.36859333339257 91.22031312436984 9.940227546188408 3.4641448441355385 43.835240892728464 57.107055067512476 2.8545697258056326 68.67068288458029 84.32098636659005 27.060940575819533 17.676626868159637 38.090396198642225 30.61206258366188 18.18023611646378 44.1412434706345 57.312533527788965 79.76892345365408 36.63865911409444 69.6329537943515 72.08964438394374 44.21268086535041 63.15015196109647 53.54107325702291 29.654787727881185 53.406970064699756 45.4415954755749 20.68129621823806
37.329318987376 0.0 59.321925558420446 31.52373056281903 31.52373056281903 47.57424744115035 37.16076419758341 40.23348457116648 42.06830153980062 53.25440044570008 21.310636332465055 51.06538592460422 19.507438323335766 11.443889588449121 29.27909159734172 14.747101523229494 34.14074749171521 48.78698906487526 16.80901354412558 29.733777657463367 32.051572749432864 10.356466814944804 56.602324338743195 33.122802365737705 35.31022586511514 41.94194645788607 48.96059461698179 39.8708558717487 39.06395329217405 54.899456949852095 18.035111634315925 49.8551682943804 11.220239067584545 11.521852543456859 29.43363015731743 13.195299875909761 37.450207848544544 49.51187661592267 17.53509030257786 43.59654648236437 54.845151592971185 14.221182699118645 51.2558960105961 36.98124383571157 46.28740211737087 18.17682522855529 18.354276701122604 47.76666708376443
93.53344981193924 59.321925558420446 0.0 89.16842869608902 89.16842869608902 26.922504291730412 67.5351739246278 97.38792172916179 25.0168040641454 18.216896033150935 68.99954212036499 110.13891101748816 65.54071663408274 67.79268847293558 88.58115012010835 49.2717634012632 42.580097329909194 15.763111284559303 52.6403449476758 40.52064874696389 88.76429975961392 68.01042614150404 3.2600910526837987 86.07712488440438 92.44289133707568 68.45142333576564 61.41587589795495 95.51915412344455 27.343966272022165 19.1182985175352 66.88882446411237 108.44088035416527 66.35071755275392 62.96696541709393 88.74979572901019 49.47040404442411 45.41113758466644 18.8418661294836 57.61917967368706 31.757373788178896 47.34590573171132 49.33027015712699 56.13969189628252 50.49633660490609 86.96261196412692 41.20131237120375 48.372823355998015 106.96317110813062
7.092763970033176 31.52373056281903 89.16842869608902 0.0 0.0 72.13529600431988 40.25887295883237 8.743531533979564 68.33055215651615 79.83112667513947 23.675955144716106 22.327264822356483 40.71635408004576 21.4225147455267 11.093760536985622 40.09658362350628 54.44784214132168 76.6290786782929 37.71774700154015 52.6069003800059 3.1549405905932066 27.61460624113026 86.71859971357833 12.173818063659208 4.029350152861289 44.82058966652172 57.524990315396316 9.943005335315009 65.23764903105493 81.13217286250146 24.158248346163525 19.545822488957988 31.28273525650968 26.36780225306042 11.704527607314759 39.726428745960014 55.513308316251724 76.33919876331088 33.56535423701831 66.9649930003874 71.21044787010365 39.96372284522203 63.0606653719971 52.21230577947055 33.61495907148817 48.43380018894938 41.76403016691306 20.119899133174872
7.092763970033176 31.52373056281903 89.16842869608902 0.0 0.0 72.13529600431988 40.25887295883237 8.743531533979564 68.33055215651615 79.83112667513947 23.675955144716106 22.327264822356483 40.71635408004576 21.4225147455267 11.093760536985622 40.09658362350628 54.44784214132168 76.6290786782929 37.71774700154015 52.6069003800059 3.1549405905932066 27.61460624113026 86.71859971357833 12.173818063659208 4.029350152861289 44.82058966652172 57.524990315396316 9.943005335315009 65.23764903105493 81.13217286250146 24.158248346163525 19.545822488957988 31.28273525650968 26.36780225306042 11.704527607314759 39.726428745960014 55.513308316251724 76.33919876331088 33.56535423701831 66.9649930003874 71.21044787010365 39.96372284522203 63.0606653719971 52.21230577947055 33.61495907148817 48.43380018894938 41.76403016691306 20.119899133174872
75.00010284513881 47.57424744115035 26.922504291730412 72.13529600431988 72.13529600431988 0.0 42.84197300749097 79.39082519359788 6.965369563088453 9.572694751949031 49.27509033474907 94.31764796437062 61.15811361488706 52.22121991068132 74.55601238783866 33.56823254944876 18.660214237685693 11.676452534554699 34.602576139903476 19.530768681930223 70.94639879135526 57.82019481140542 26.79394374635699 66.20551847035028 74.7192733603048 42.864730898547144 34.60257613990352 76.47000707113258 9.121463692199573 9.9775057254921 48.09337284805119 91.63684306460945 57.647871605797974 46.33758663405951 74.88808038113962 34.707354936690095 20.003650742218095 8.094487017336718 38.57832855025157 5.690452784629573 21.17416637958184 33.94078846590975 29.224176718512147 25.089146224401958 62.74771061009509 31.576246412458396 30.8897173756928 91.66182068994013
39.705180685302786 37.16076419758341 67.5351739246278 40.25887295883237 40.25887295883237 42.84197300749097 0.0 44.45958742463122 42.59560320779812 52.297278619803606 19.298871513348704 61.400582787153624 56.61052702595918 30.806120959252592 48.03816781015983 28.46340192605759 24.978840673477603 52.01567687481958 23.39818057881794 27.581923013669236 37.74837647862023 44.53137379303251 66.26873423255994 29.765071740147004 41.00516333608585 5.065759226244818 17.405785955807296 40.023054920777 40.19720756999171 52.81675562867999 21.43086740216785 57.35499988767711 47.19139579141548 26.41296524678415 48.606743208915184 30.049012568742175 22.83892425579059 49.84868053833514 20.093211716782534 37.176860709936186 33.52932419805674 28.988071580094743 23.624795398892132 17.793662250712774 19.92650507827852 38.98038583949048 25.854185261694393 59.91732128503214
4.758016019325455 40.23348457116648 97.38792172916179 8.743531533979564 8.743531533979564 79.39082519359788 44.45958742463122 0.0 75.95537428985516 87.40479654343869 30.21386280888888 17.050853798090703 48.92843281730677 29.8748771193042 17.000772190741237 48.15620060179637 61.29328861305663 84.4812769601377 45.37757730589104 59.93835842500992 8.628676156817141 36.18717193530349 95.00672741656639 14.694920301241819 4.9791461865507 48.566574268825605 61.85980581078417 5.254741816832885 72.88387648666051 88.62493125895035 31.33339569215396 12.920643721109817 39.79631595718233 34.42592687788271 17.47498541638887 47.92194182100634 61.91710279253768 83.99238745310889 40.90716516505476 74.07029074841964 76.81484061490963 48.07002756159778 67.9075369073113 58.21013410931707 33.80693467450704 56.9079885307557 49.534216561502625 16.20443278164122
71.72717132591592 42.06830153980062 25.0168040641454 68.33055215651615 68.33055215651615 6.965369563088453 42.59560320779812 75.95537428985516 0.0 11.51607626365234 46.24038543650826 90.27474405821474 54.674432646789626 47.75945402139087 69.90429745849197 28.7476407633868 17.616882368166564 9.431724502546574 30.621780590202373 16.40718592233762 67.39377545505158 52.151723527904636 24.065981216546078 63.389466144408615 71.1609740515519 43.43696435504861 37.16116009269624 73.39643942635405 3.1038783783100645 12.955436848301126 44.66628578085812 87.87597649669637 51.713688380125724 42.11106463136773 70.19726573361064 29.642602145994434 20.4389202366467 8.041942609954033 35.08981936161931 8.048586560148937 26.46136762762376 29.035696640002456 32.77827968902829 25.49557964782994 62.19879394081279 25.272635286492367 26.587134506416167 87.45830370859461
83.13895677561368 53.25440044570008 18.216896033150935 79.83112667513947 79.83112667513947 9.572694751949031 52.297278619803606 87.40479654343869 11.51607626365234 0.0 57.55777796786923 101.79075222399426 64.60404462754798 59.2645611719492 81.36798560391762 40.23161218236616 27.740957325068994 6.344462600296211 42.11489729072089 27.60046275738188 78.86021510469536 63.184044494668605 18.760869257630638 74.65872511750852 82.63022767397449 52.42556515439466 43.981553427380945 84.75688336651629 14.619122141018227 1.9860731656754762 56.087388457457244 99.3769434991468 62.50554394733411 53.627067689469825 81.65249967659052 41.07184427207074 29.485402542665742 3.770179678743088 46.506824415549346 15.141545619997634 29.137059785855453 40.504098259782886 38.2810529420003 34.597243766996705 72.16939126928256 35.868006749219774 38.1006369773819 98.97128791930287
25.74148690204088 21.310636332465055 68.99954212036499 23.675955144716106 23.675955144716106 49.27509033474907 19.298871513348704 30.21386280888888 46.24038543650826 57.55777796786923 0.0 45.96066985253532 39.607697029855444 12.112896961360214 29.489726216830686 20.536636709162035 31.079515316337016 55.1238574922633 16.40794029509859 29.963597728564483 21.984383559937083 26.339168271340732 66.9351136708182 17.175391030583516 25.714307847370783 24.352150542597226 35.33273913811717 27.21532447514119 43.22700790510768 58.680175859538984 3.2946506510553824 42.76499109541443 29.478068340067924 9.880637376950641 30.01518013022972 21.07351599048333 31.870997666296628 54.271788728938205 11.380905569259147 43.891630782116046 47.647106277206596 20.698215968937365 40.12126043791405 28.55941687616743 25.003253485793216 31.25983495479547 20.66584843991535 43.777184101277506
21.754945432235417 51.06538592460422 110.13891101748816 22.327264822356483 22.327264822356483 94.31764796437062 61.400582787153624 17.050853798090703 90.27474405821474 101.79075222399426 45.96066985253532 0.0 53.9795781537133 42.65360904008734 22.059570324059035 61.70534549393409 76.76512829121708 98.30214582798028 59.767733984721765 74.79064193507617 24.094546552222912 44.10551580287395 107.52382082466809 31.66886264504727 20.531409358508416 65.58675256042274 78.80602191090178 21.987035259071124 87.17228786013546 103.1543443187137 46.470824577290024 5.12305226218995 47.051880199644785 48.16368488776313 22.05050454043942 61.115329873851884 77.82396290631071 98.2351962013574 55.80540691393038 89.21477042046483 93.30426538462903 61.5028643070236 84.72279563091307 74.42942990256921 50.33436384585402 68.97420047062302 63.69644765069695 3.7757698419792143
47.70154114350268 19.507438323335766 65.54071663408274 40.71635408004576 40.71635408004576 61.15811361488706 56.61052702595918 48.92843281730677 54.674432646789626 64.60404462754798 39.607697029855444 53.9795781537133 0.0 27.819152653276284 33.063894463852975 32.37040033631311 51.315282942233665 59.03336046901085 35.69633590614608 46.166190931580154 42.587261232927936 14.136540295461996 62.405834869609386 47.07632323550335 44.72156426717526 61.43099106384398 68.17203298824066 50.54377006338127 52.06414211847313 66.48369396039 36.50934055625222 54.638028096934036 10.446984862507508 30.443620586132237 32.83054596520996 30.52689146639404 55.188677491783324 60.88153039215624 37.01721647917134 58.34796536537339 72.22250415450522 31.755494723501442 69.93569542539595 55.52276077987258 63.91708998319769 29.626984092796867 36.18263941353552 50.23316848667681
26.505943791127898 11.443889588449121 67.79268847293558 21.4225147455267 21.4225147455267 52.22121991068132 30.806120959252592 29.8748771193042 47.75945402139087 59.2645611719492 12.112896961360214 42.65360904008734 27.819152653276284 0.0 22.366293225104187 19.068783956736333 35.87533972518222 55.64988058466237 17.767746547931818 32.89743478039748 21.376267724268025 14.246541101333277 65.31171989041133 21.682378364725608 24.895730932753494 35.859189376111594 45.486668041145755 28.89489533093043 44.65641816527967 60.69436856933412 9.410535219747633 40.668347656764965 17.50969353099579 6.121943349851271 22.72595486664592 18.4740842931248 38.039709068631346 55.66272065942149 15.074407235429375 47.440022542235354 55.10984678845359 18.85186687095482 49.27445006215375 36.036252722988564 36.123808952910046 27.0368772140414 21.335545036623355 39.72907497201836
17.612608843700563 29.27909159734172 88.58115012010835 11.093760536985622 11.093760536985622 74.55601238783866 48.03816781015983 17.000772190741237 69.90429745849197 81.36798560391762 29.489726216830686 22.059570324059035 33.063894463852975 22.366293225104187 0.0 41.161853141477216 58.09707867552263 77.43232740850051 40.1253236937139 55.2635614843803 14.165116885912582 22.08631863628818 85.87952602926525 22.71149263614665 14.15171613196809 52.90370626942643 64.74350821868664 20.289668302406668 66.81001124895228 82.85927934060939 28.750431260542765 21.793402088734517 25.179613598320465 28.392434872876617 0.6305060172996475 40.30658882656062 59.950819615290115 77.71213267355763 37.009474943401045 69.80630028267124 76.6122729969933 40.869122399198616 69.59409796434008 57.39830373887881 44.13667516931867 47.38740391780547 43.66828061794103 18.590927873587116
44.261727189077526 14.747101523229494 49.2717634012632 40.09658362350628 40.09658362350628 33.56823254944876 28.46340192605759 48.15620060179637 28.7476407633868 40.23161218236616 20.536636709162035 61.70534549393409 32.37040033631311 19.068783956736333 41.161853141477216 0.0 19.435998405124113 36.60466291367731 5.166787408065983 15.029095748172574 39.52759544875543 25.07048493413459 46.983107621238396 37.120765757856624 43.23378345167242 32.42399815593868 36.40371653051172 46.273329840432 25.650508521592904 41.70056647300651 17.958015701529185 59.56199974709691 25.78424273108694 13.744468614695492 41.46201208467228 1.873044015546206 22.9605504454671 36.60796882592531 9.892606386122415 29.192551740216306 40.25818286067317 0.6243480111987716 37.61110205215813 23.192503133567758 43.16860738045459 11.153008043688262 3.8126648467392354 58.79752905290643
56.79424693397477 34.14074749171521 42.580097329909194 54.44784214132168 54.44784214132168 18.660214237685693 24.978840673477603 61.29328861305663 17.616882368166564 27.740957325068994 31.079515316337016 76.76512829121708 51.315282942233665 35.87533972518222 58.09707867552263 19.435998405124113 0.0 27.04026641949757 18.29298459683309 5.650469856041738 53.00298491552418 44.39374514889042 41.41645477679902 47.75144749881921 56.75623731891943 26.028917815410136 22.28393054627218 58.12276627683847 15.286876720591888 28.513087406683315 30.29435928107109 73.78406618196317 45.22018950532694 29.764526659678804 58.49791595620665 21.132765197253647 4.5872860806239535 25.019255774343012 21.150753318877786 13.04286640167751 20.918846656114265 19.99813689259859 20.558278690609306 8.512663172094648 44.636440177813945 23.67839780310835 15.792836480797591 74.32958185824977
80.36768315077968 48.78698906487526 15.763111284559303 76.6290786782929 76.6290786782929 11.676452534554699 52.01567687481958 84.4812769601377 9.431724502546574 6.344462600296211 55.1238574922633 98.30214582798028 59.03336046901085 55.64988058466237 77.43232740850051 36.60466291367731 27.04026641949757 0.0 39.128302459385814 25.614556486283462 75.87424715586964 58.455209496035835 15.230958479700016 72.29922102549776 79.62263607722123 52.755366953474706 45.75737921538253 82.14520196159181 12.108067725615278 8.31546027291435 53.35414199658766 96.13762635109319 57.526123067615124 50.270360009856475 77.68118843714117 37.21660547949449 29.68044786048331 3.974525173714487 43.83339760692436 16.058854615203444 32.78695621564219 36.79928346704505 40.74262399824473 34.783737650027525 71.62965359320101 30.94614644740935 34.94729801080592 95.35283523052398
41.23973126836884 16.80901354412558 52.6403449476758 37.71774700154015 37.71774700154015 34.602576139903476 23.39818057881794 45.37757730589104 30.621780590202373 42.11489729072089 16.40794029509859 59.767733984721765 35.69633590614608 17.767746547931818 40.1253236937139 5.166787408065983 18.29298459683309 39.128302459385814 0.0 15.156046415575704 36.791562708300035 26.63854519355908 50.537079041334955 33.43730395025018 40.55358433638726 27.50202811552073 32.49743130115213 43.05169041711015 27.535213413049416 43.41961163801104 14.281146171735507 57.26322030989405 28.016248879532778 11.76137363247122 40.49190365667997 6.652378913236374 21.008379658019734 38.6442323776748 5.133836312965569 29.698996164309754 38.40803319041123 5.636322782936722 34.4568393908103 20.177539756516328 38.12594074948555 16.234733127471586 4.267839588471826 57.06553600417056
55.60523038780313 29.733777657463367 40.52064874696389 52.6069003800059 52.6069003800059 19.530768681930223 27.581923013669236 59.93835842500992 16.40718592233762 27.60046275738188 29.963597728564483 74.79064193507617 46.166190931580154 32.89743478039748 55.2635614843803 15.029095748172574 5.650469856041738 25.614556486283462 15.156046415575704 0.0 51.45513998790761 40.0804872500235 38.980747681027886 47.06002586616427 55.22909936230961 29.487196640589335 27.493799575845173 57.17344316374141 13.51482536349577 28.722590608214066 28.609648030887552 72.1168620179985 40.6035216475354 26.917411202210133 55.621219747039355 16.54386682032517 10.193171046539835 24.38274957365787 19.062549108795572 14.544805200465271 26.140744120976695 15.525398655529646 26.179496306930655 13.285436089072258 46.53149604660489 18.06045895270435 11.771027092460518 72.15769741313892
5.3272883256539405 32.051572749432864 88.76429975961392 3.1549405905932066 3.1549405905932066 70.94639879135526 37.74837647862023 8.628676156817141 67.39377545505158 78.86021510469536 21.984383559937083 24.094546552222912 42.587261232927936 21.376267724268025 14.165116885912582 39.52759544875543 53.00298491552418 75.87424715586964 36.791562708300035 51.45513998790761 0.0 29.11348526852139 86.39283596369071 9.085454454975913 3.7739941315941543 42.20713970829321 55.09142173106779 8.05954917766373 64.31592701639394 80.10421311843179 22.85305737666635 20.785918099547725 32.85391235240203 25.79933194911957 14.78355083831736 39.3027055942347 53.8413693051746 75.42606907880932 32.398038342454846 65.68055425240956 69.21271113548073 39.44278776901276 60.78853940943579 50.350451832175246 30.481079632833353 48.372910694510765 40.93048854497325 22.24340822903701
34.36859333339257 10.356466814944804 68.01042614150404 27.61460624113026 27.61460624113026 57.82019481140542 44.53137379303251 36.18717193530349 52.151723527904636 63.184044494668605 26.339168271340732 44.10551580287395 14.136540295461996 14.246541101333277 22.08631863628818 25.07048493413459 44.39374514889042 58.455209496035835 26.63854519355908 40.0804872500235 29.11348526852139 0.0 65.13614457098755 32.99768653145191 31.64059959301288 49.523969830915256 57.94336702835685 37.16418625407854 49.190136775048906 64.88109002658784 23.472454866788375 43.759107219191655 3.7915463922254147 18.18833909294594 22.059463515567728 23.549311776883076 47.553134637680735 59.42262167751415 26.30048674505124 53.931371357744794 64.97077778120283 24.55796292256901 60.80627064109883 46.733102611733514 50.03556373349128 27.52224661089944 28.604324696303443 40.54937343756434
91.22031312436984 56.602324338743195 3.2600910526837987 86.71859971357833 86.71859971357833 26.79394374635699 66.26873423255994 95.00672741656639 24.065981216546078 18.760869257630638 66.9351136708182 107.52382082466809 62.405834869609386 65.31171989041133 85.87952602926525 46.983107621238396 41.41645477679902 15.230958479700016 50.537079041334955 38.980747681027886 86.39283596369071 65.13614457098755 0.0 83.94344001436971 90.04929722053522 67.40930742577456 60.956783527533155 93.25640640784468 26.130216205545533 19.94539875387435 64.73188731336855 105.915815359956 63.400905407673875 60.617369694805 86.03550315008772 47.09355084060936 44.49686668694879 18.729841794693122 55.56874780753365 31.264491231325604 47.6417538650363 47.01176596379541 55.96179622332677 49.52509453308318 85.50856861529182 38.55001774729058 46.2723605715785 104.3119784764404
9.940227546188408 33.122802365737705 86.07712488440438 12.173818063659208 12.173818063659208 66.20551847035028 29.765071740147004 14.694920301241819 63.389466144408615 74.65872511750852 17.175391030583516 31.66886264504727 47.07632323550335 21.682378364725608 22.71149263614665 37.120765757856624 47.75144749881921 72.29922102549776 33.43730395025018 47.06002586616427 9.085454454975913 32.99768653145191 83.94344001436971 0.0 11.59074820908521 33.92307292441168 47.16690206157691 10.536703415103927 60.38813231327745 75.73581364699771 19.21557558376117 27.601071317102406 36.77514579289636 24.145326603454095 23.34175492736708 37.32702533743597 47.94342290043657 71.4123848097777 28.51461278159406 60.72411967766207 62.30919656678366 37.17905739757135 53.23283502472942 43.97121036277715 21.48432637527266 47.18088108147306 37.70447034857851 30.3973042745518
3.4641448441355385 35.31022586511514 92.44289133707568 4.029350152861289 4.029350152861289 74.7192733603048 41.00516333608585 4.9791461865507 71.1609740515519 82.63022767397449 25.714307847370783 20.531409358508416 44.72156426717526 24.895730932753494 14.15171613196809 43.23378345167242 56.75623731891943 79.62263607722123 40.55358433638726 55.22909936230961 3.7739941315941543 31.64059959301288 90.04929722053522 11.59074820908521 0.0 45.342572048511364 58.393020843051026 6.180881649833535 68.08173783027738 83.8768400619693 26.626147047671164 17.053216630263226 35.31186746562534 29.49419042371034 14.71727312553071 42.97304887934555 57.54984169291871 79.19195054104388 36.17195627327708 69.44883373814382 72.79646157685818 43.13790670448571 64.21499610594395 54.00147938143397 32.34120926200643 51.92916910325703 44.68340914933225 18.918958753361864
43.835240892728464 41.94194645788607 68.45142333576564 44.82058966652172 44.82058966652172 42.864730898547144 5.065759226244818 48.566574268825605 43.43696435504861 52.42556515439466 24.352150542597226 65.58675256042274 61.43099106384398 35.859189376111594 52.90370626942643 32.42399815593868 26.028917815410136 52.755366953474706 27.50202811552073 29.487196640589335 42.20713970829321 49.523969830915256 67.40930742577456 33.92307292441168 45.342572048511364 0.0 13.636000060165893 43.9440398508003 41.2891161094756 52.75814177490116 26.492532096877774 61.39451664803364 52.12751536873226 31.37044574585469 53.47957633701131 34.10076467491585 23.097442914498117 50.27181139865998 24.646875187956066 37.313026297323155 31.12731419050874 32.98052540226118 20.461333826285436 17.975424492979243 21.092030441205573 42.534725497654165 29.512578670483 64.25618976502098
57.107055067512476 48.96059461698179 61.41587589795495 57.524990315396316 57.524990315396316 34.60257613990352 17.405785955807296 61.85980581078417 37.16116009269624 43.981553427380945 35.33273913811717 78.80602191090178 68.17203298824066 45.486668041145755 64.74350821868664 36.40371653051172 22.28393054627218 45.75737921538253 32.49743130115213 27.493799575845173 55.09142173106779 57.94336702835685 60.956783527533155 47.16690206157691 58.393020843051026 13.636000060165893 0.0 57.372253811348344 35.811282766149304 43.87975521146751 36.68336754876106 74.7467697544 59.94580794250011 40.056880994415565 65.28592474016708 38.26911680046682 17.884340177302256 42.603445922803125 31.662637476267008 29.698996164309804 18.53594843071059 37.025421206384095 7.221838254031598 14.295242738095935 34.158212742511466 44.31246809043764 32.757769391077645 77.29513671740246
2.8545697258056326 39.8708558717487 95.51915412344455 9.943005335315009 9.943005335315009 76.47000707113258 40.023054920777 5.254741816832885 73.39643942635405 84.75688336651629 27.21532447514119 21.987035259071124 50.54377006338127 28.89489533093043 20.289668302406668 46.273329840432 58.12276627683847 82.14520196159181 43.05169041711015 57.17344316374141 8.05954917766373 37.16418625407854 93.25640640784468 10.536703415103927 6.180881649833535 43.9440398508003 57.372253811348344 0.0 70.35912906266857 85.89375441935769 28.79176415255853 17.501868139531265 40.89621387562178 32.726156752285476 20.84204504350412 46.23492887511263 58.43686916382328 81.43617866659386 38.32889749632057 71.04206745875324 72.81681109380143 46.25199990713884 63.59458014693247 54.50427056215937 28.580345883357243 55.65550358667328 47.28545751781452 21.3966242529357
68.67068288458029 39.06395329217405 27.343966272022165 65.23764903105493 65.23764903105493 9.121463692199573 40.19720756999171 72.88387648666051 3.1038783783100645 14.619122141018227 43.22700790510768 87.17228786013546 52.06414211847313 44.65641816527967 66.81001124895228 25.650508521592904 15.286876720591888 12.108067725615278 27.535213413049416 13.51482536349577 64.31592701639394 49.190136775048906 26.130216205545533 60.38813231327745 68.08173783027738 41.2891161094756 35.811282766149304 70.35912906266857 0.0 16.050058859731156 41.610575211429534 84.78253756282035 48.829756976715295 39.00870610124221 67.10506794297821 26.56309013760406 18.543552521412476 11.11021276818254 32.03929428405189 8.192200448207759 26.641560212589738 25.94333949150648 31.928286622903837 23.47236567140548 59.65326888233458 22.530548882725128 23.487897973902783 84.35442868736915
84.32098636659005 54.899456949852095 19.1182985175352 81.13217286250146 81.13217286250146 9.9775057254921 52.81675562867999 88.62493125895035 12.955436848301126 1.9860731656754762 58.680175859538984 103.1543443187137 66.48369396039 60.69436856933412 82.85927934060939 41.70056647300651 28.513087406683315 8.31546027291435 43.41961163801104 28.722590608214066 80.10421311843179 64.88109002658784 19.94539875387435 75.73581364699771 83.8768400619693 52.75814177490116 43.87975521146751 85.89375441935769 16.050058859731156 0.0 57.29300354791076 100.67500192413107 64.26014931491552 54.999741927687495 83.15269529916499 42.59323133770722 29.97783144790774 5.602187605222146 47.7179744335208 15.660997990391538 28.450421936840115 41.991041117619666 37.971942929824266 35.05262497757108 72.72491263846821 37.63755690171741 39.460383787637866 100.37061831165333
27.060940575819533 18.035111634315925 66.88882446411237 24.158248346163525 24.158248346163525 48.09337284805119 21.43086740216785 31.33339569215396 44.66628578085812 56.087388457457244 3.2946506510553824 46.470824577290024 36.50934055625222 9.410535219747633 28.750431260542765 17.958015701529185 30.29435928107109 53.35414199658766 14.281146171735507 28.609648030887552 22.85305737666635 23.472454866788375 64.73188731336855 19.21557558376117 26.626147047671164 26.492532096877774 36.68336754876106 28.79176415255853 41.610575211429534 57.29300354791076 0.0 43.57268533657114 26.485125132944606 6.585989022036238 29.234772628581776 18.31437506152628 31.551364904160007 52.707998012010364 9.580629302881627 42.84653279985093 47.89532191058304 18.055902151153433 41.01859730843755 28.687623143208842 28.29648016976872 28.410937172983967 18.536274414605646 44.069658418975294
17.676626868159637 49.8551682943804 108.44088035416527 19.545822488957988 19.545822488957988 91.63684306460945 57.35499988767711 12.920643721109817 87.87597649669637 99.3769434991468 42.76499109541443 5.12305226218995 54.638028096934036 40.668347656764965 21.793402088734517 59.56199974709691 73.78406618196317 96.13762635109319 57.26322030989405 72.1168620179985 20.785918099547725 43.759107219191655 105.915815359956 27.601071317102406 17.053216630263226 61.39451664803364 74.7467697544 17.501868139531265 84.78253756282035 100.67500192413107 43.57268533657114 0.0 46.95514255698856 45.86771156437099 21.930563612255096 59.1116169018513 74.60119172690095 95.88267625908108 53.058641146903 86.41917371810027 89.70042119645697 59.40558728118063 80.8263255407569 71.00964438022552 45.527773514983 67.43916621993993 61.30505947086685 6.9480540434248885
38.090396198642225 11.220239067584545 66.35071755275392 31.28273525650968 31.28273525650968 57.647871605797974 47.19139579141548 39.79631595718233 51.713688380125724 62.50554394733411 29.478068340067924 47.051880199644785 10.446984862507508 17.50969353099579 25.179613598320465 25.78424273108694 45.22018950532694 57.526123067615124 28.016248879532778 40.6035216475354 32.85391235240203 3.7915463922254147 63.400905407673875 36.77514579289636 35.31186746562534 52.12751536873226 59.94580794250011 40.89621387562178 48.829756976715295 64.26014931491552 26.485125132944606 46.95514255698856 0.0 20.78310347326299 25.093212417146013 24.115157085573095 48.632437496576536 58.73545534278329 28.315063509221204 54.04997350219094 66.00526035475552 25.224651180686628 62.438541963849374 48.19329829004993 53.52775122296608 26.64289552931283 29.480010767568785 43.43083964019819
30.61206258366188 11.521852543456859 62.96696541709393 26.36780225306042 26.36780225306042 46.33758663405951 26.41296524678415 34.42592687788271 42.11106463136773 53.627067689469825 9.880637376950641 48.16368488776313 30.443620586132237 6.121943349851271 28.392434872876617 13.744468614695492 29.764526659678804 50.270360009856475 11.76137363247122 26.917411202210133 25.79933194911957 18.18833909294594 60.617369694805 24.145326603454095 29.49419042371034 31.37044574585469 40.056880994415565 32.726156752285476 39.00870610124221 54.999741927687495 6.585989022036238 45.86771156437099 20.78310347326299 0.0 28.77257373095422 13.529292264408523 31.92864211189048 50.0788361189014 9.014542244489501 41.45970266042294 49.04624310115181 13.644475280063842 43.501742007483564 30.036321610815936 34.88020976322053 23.06836328923378 15.540260688997579 45.38061580499143
18.18023611646378 29.43363015731743 88.74979572901019 11.704527607314759 11.704527607314759 74.88808038113962 48.606743208915184 17.47498541638887 70.19726573361064 81.65249967659052 30.01518013022972 22.05050454043942 32.83054596520996 22.72595486664592 0.6305060172996475 41.46201208467228 58.49791595620665 77.68118843714117 40.49190365667997 55.621219747039355 14.78355083831736 22.059463515567728 86.03550315008772 23.34175492736708 14.71727312553071 53.47957633701131 65.28592474016708 20.84204504350412 67.10506794297821 83.15269529916499 29.234772628581776 21.930563612255096 25.093212417146013 28.77257373095422 0.0 40.583980604690346 60.38505404016212 77.99021145580848 37.428226282610474 70.16140437704117 77.07907566454809 41.16185314147726 70.10923732060809 57.865912235987494 44.767028937906005 47.56522557412222 44.00496696473142 18.537125857301348
44.1412434706345 13.195299875909761 49.47040404442411 39.726428745960014 39.726428745960014 34.707354936690095 30.049012568742175 47.92194182100634 29.642602145994434 41.07184427207074 21.07351599048333 61.115329873851884 30.52689146639404 18.4740842931248 40.30658882656062 1.873044015546206 21.132765197253647 37.21660547949449 6.652378913236374 16.54386682032517 39.3027055942347 23.549311776883076 47.09355084060936 37.32702533743597 42.97304887934555 34.10076467491585 38.26911680046682 46.23492887511263 26.56309013760406 42.59323133770722 18.31437506152628 59.1116169018513 24.115157085573095 13.529292264408523 40.583980604690346 0.0 24.746502976600315 37.406425156386625 10.960587700617658 30.49755606969565 41.999682412578224 1.2486960178851485 39.47522128229354 25.057642280672276 44.262493428944516 10.22542620583534 5.663433588134333 58.13780911017439
57.312533527788965 37.450207848544544 45.41113758466644 55.513308316251724 55.513308316251724 20.003650742218095 22.83892425579059 61.91710279253768 20.4389202366467 29.485402542665742 31.870997666296628 77.82396290631071 55.188677491783324 38.039709068631346 59.950819615290115 22.9605504454671 4.5872860806239535 29.68044786048331 21.008379658019734 10.193171046539835 53.8413693051746 47.553134637680735 44.49686668694879 47.94342290043657 57.54984169291871 23.097442914498117 17.884340177302256 58.43686916382328 18.543552521412476 29.97783144790774 31.551364904160007 74.60119172690095 48.632437496576536 31.92864211189048 60.38505404016212 24.746502976600315 0.0 27.19010435373048 23.00354768716689 14.347960168550639 17.418096786314962 23.554397159823868 15.986633389583046 5.132953609538379 42.7519660146115 28.114080455456147 19.18629344984169 75.56089108429947
79.76892345365408 49.51187661592267 18.8418661294836 76.33919876331088 76.33919876331088 8.094487017336718 49.84868053833514 83.99238745310889 8.041942609954033 3.770179678743088 54.271788728938205 98.2351962013574 60.88153039215624 55.66272065942149 77.71213267355763 36.60796882592531 25.019255774343012 3.974525173714487 38.6442323776748 24.38274957365787 75.42606907880932 59.42262167751415 18.729841794693122 71.4123848097777 79.19195054104388 50.27181139865998 42.603445922803125 81.43617866659386 11.11021276818254 5.602187605222146 52.707998012010364 95.88267625908108 58.73545534278329 50.0788361189014 77.99021145580848 37.406425156386625 27.19010435373048 0.0 43.131758089892266 13.068978361897118 28.99269247823825 36.86556605065852 37.31770984007452 32.322940312374506 69.62973367060792 32.097870620339386 34.57930515018501 95.38514449123073
36.63865911409444 17.53509030257786 57.61917967368706 33.56535423701831 33.56535423701831 38.57832855025157 20.093211716782534 40.90716516505476 35.08981936161931 46.506824415549346 11.380905569259147 55.80540691393038 37.01721647917134 15.074407235429375 37.009474943401045 9.892606386122415 21.150753318877786 43.83339760692436 5.133836312965569 19.062549108795572 32.398038342454846 26.30048674505124 55.56874780753365 28.51461278159406 36.17195627327708 24.646875187956066 31.662637476267008 38.32889749632057 32.03929428405189 47.7179744335208 9.580629302881627 53.058641146903 28.315063509221204 9.014542244489501 37.428226282610474 10.960587700617658 23.00354768716689 43.131758089892266 0.0 33.41036082076823 40.03971470592361 10.222809624712232 34.66538015244088 21.029531630728883 33.31233190228467 21.035597670499573 9.331093644609842 53.26490446874893
69.6329537943515 43.59654648236437 31.757373788178896 66.9649930003874 66.9649930003874 5.690452784629573 37.176860709936186 74.07029074841964 8.048586560148937 15.141545619997634 43.891630782116046 89.21477042046483 58.34796536537339 47.440022542235354 69.80630028267124 29.192551740216306 13.04286640167751 16.058854615203444 29.698996164309754 14.544805200465271 65.68055425240956 53.931371357744794 31.264491231325604 60.72411967766207 69.44883373814382 37.313026297323155 29.698996164309804 71.04206745875324 8.192200448207759 15.660997990391538 42.84653279985093 86.41917371810027 54.04997350219094 41.45970266042294 70.16140437704117 30.49755606969565 14.347960168550639 13.068978361897118 33.41036082076823 0.0 18.535879442388715 29.620858956801268 24.895025796476936 19.455736038657886 57.07274984467279 28.77711819350786 26.219042567539127 86.63705750444475
72.08964438394374 54.845151592971185 47.34590573171132 71.21044787010365 71.21044787010365 21.17416637958184 33.52932419805674 76.81484061490963 26.46136762762376 29.137059785855453 47.647106277206596 93.30426538462903 72.22250415450522 55.10984678845359 76.6122729969933 40.25818286067317 20.918846656114265 32.78695621564219 38.40803319041123 26.140744120976695 69.21271113548073 64.97077778120283 47.6417538650363 62.30919656678366 72.79646157685818 31.12731419050874 18.53594843071059 72.81681109380143 26.641560212589738 28.450421936840115 47.89532191058304 89.70042119645697 66.00526035475552 49.04624310115181 77.07907566454809 41.999682412578224 17.418096786314962 28.99269247823825 40.03971470592361 18.535879442388715 0.0 40.83742842119415 11.380905569257733 19.2140810319977 52.1861422437314 43.93019868662036 36.52693001919689 91.32683433323142
44.21268086535041 14.221182699118645 49.33027015712699 39.96372284522203 39.96372284522203 33.94078846590975 28.988071580094743 48.07002756159778 29.035696640002456 40.504098259782886 20.698215968937365 61.5028643070236 31.755494723501442 18.85186687095482 40.869122399198616 0.6243480111987716 19.99813689259859 36.79928346704505 5.636322782936722 15.525398655529646 39.44278776901276 24.55796292256901 47.01176596379541 37.17905739757135 43.13790670448571 32.98052540226118 37.025421206384095 46.25199990713884 25.94333949150648 41.991041117619666 18.055902151153433 59.40558728118063 25.224651180686628 13.644475280063842 41.16185314147726 1.2486960178851485 23.554397159823868 36.86556605065852 10.222809624712232 29.620858956801268 40.83742842119415 0.0 38.23238862752243 23.814088170612393 43.52724899224876 10.816739332656805 4.427523715090593 58.57169407022503
63.15015196109647 51.2558960105961 56.13969189628252 63.0606653719971 63.0606653719971 29.224176718512147 23.624795398892132 67.9075369073113 32.77827968902829 38.2810529420003 40.12126043791405 84.72279563091307 69.93569542539595 49.27445006215375 69.59409796434008 37.61110205215813 20.558278690609306 40.74262399824473 34.4568393908103 26.179496306930655 60.78853940943579 60.80627064109883 55.96179622332677 53.23283502472942 64.21499610594395 20.461333826285436 7.221838254031598 63.59458014693247 31.928286622903837 37.971942929824266 41.01859730843755 80.8263255407569 62.438541963849374 43.501742007483564 70.10923732060809 39.47522128229354 15.986633389583046 37.31770984007452 34.66538015244088 24.895025796476936 11.380905569257733 38.23238862752243 0.0 14.419216297497348 41.278586032606405 43.99741377311252 33.81498924035738 83.03166166680661
53.54107325702291 36.98124383571157 50.49633660490609 52.21230577947055 52.21230577947055 25.089146224401958 17.793662250712774 58.21013410931707 25.49557964782994 34.597243766996705 28.55941687616743 74.42942990256921 55.52276077987258 36.036252722988564 57.39830373887881 23.192503133567758 8.512663172094648 34.783737650027525 20.177539756516328 13.285436089072258 50.350451832175246 46.733102611733514 49.52509453308318 43.97121036277715 54.00147938143397 17.975424492979243 14.295242738095935 54.50427056215937 23.47236567140548 35.05262497757108 28.687623143208842 71.00964438022552 48.19329829004993 30.036321610815936 57.865912235987494 25.057642280672276 5.132953609538379 32.322940312374506 21.029531630728883 19.455736038657886 19.2140810319977 23.814088170612393 14.419216297497348 0.0 37.72011189858157 30.149859169591736 19.399498720846704 72.32731400375947
29.654787727881185 46.28740211737087 86.96261196412692 33.61495907148817 33.61495907148817 62.74771061009509 19.92650507827852 33.80693467450704 62.19879394081279 72.16939126928256 25.003253485793216 50.33436384585402 63.91708998319769 36.123808952910046 44.13667516931867 43.16860738045459 44.636440177813945 71.62965359320101 38.12594074948555 46.53149604660489 30.481079632833353 50.03556373349128 85.50856861529182 21.48432637527266 32.34120926200643 21.092030441205573 34.158212742511466 28.580345883357243 59.65326888233458 72.72491263846821 28.29648016976872 45.527773514983 53.52775122296608 34.88020976322053 44.767028937906005 44.262493428944516 42.7519660146115 69.62973367060792 33.31233190228467 57.07274984467279 52.1861422437314 43.52724899224876 41.278586032606405 37.72011189858157 0.0 54.32081204534417 41.76746398237598 49.97412053685416
53.406970064699756 18.17682522855529 41.20131237120375 48.43380018894938 48.43380018894938 31.576246412458396 38.98038583949048 56.9079885307557 25.272635286492367 35.868006749219774 31.25983495479547 68.97420047062302 29.626984092796867 27.0368772140414 47.38740391780547 11.153008043688262 23.67839780310835 30.94614644740935 16.234733127471586 18.06045895270435 48.372910694510765 27.52224661089944 38.55001774729058 47.18088108147306 51.92916910325703 42.534725497654165 44.31246809043764 55.65550358667328 22.530548882725128 37.63755690171741 28.410937172983967 67.43916621993993 26.64289552931283 23.06836328923378 47.56522557412222 10.22542620583534 28.114080455456147 32.097870620339386 21.035597670499573 28.77711819350786 43.93019868662036 10.816739332656805 43.99741377311252 30.149859169591736 54.32081204534417 0.0 13.129301975892353 65.76893874129033
