0.0 24.31228211773828 54.53656901285011 37.71051010332167 54.13476311760222 21.785037047666457 71.26229985481808 30.070547696865944 8.626392216841293 27.57550278053802 23.491578646503473 35.83047520496226 46.73625328235769 6.2303218031722425 18.11308832086509 37.71972755904405 19.9621090442887 43.33629109119767 31.22259374979573 37.55705945516808 7.754439845660764 37.45533288058346 37.18073479827335 25.784449843538734 59.44918849740274 19.955932762234124 58.35675243661441 26.90957298988737 51.7536728954277 34.59816059122769 20.814795741688034 20.721007506998085 45.59127696746665 32.014837032285065 3.7831323878905683 14.027234750415058 27.882934673290844 44.75726429755309 13.744644658244 6.401759382708446 30.10388185944555 25.024176738821698 46.550000634241684 29.69615960250838 39.38315006047448 14.239889503816478
24.31228211773828 0.0 78.02779229106031 50.65552690499607 76.58051597180342 46.038736099213565 46.98264770333651 44.10514711736022 16.087333871570035 18.05337501030372 40.76058707763585 13.265100301873415 22.4716454463613 20.18772869837203 31.731989588398093 14.016369260695773 43.83099164813852 54.57488448933088 54.89888130585397 49.72924618530304 30.643247195608136 13.879854622429253 58.17786076865481 30.980313440514152 80.28488816335177 44.118676058848884 34.148301258048065 48.82577865014629 73.39091107261663 19.668796114340957 35.51840694485135 13.09881076242813 21.33919794235913 8.415748073913527 26.908445281032158 24.10036827325476 9.728814349772499 57.858487349207266 37.6992496981704 30.687556539635082 11.100176977096124 9.551259948652763 23.448296235390902 9.47448310496957 18.072943416740674 38.53695534746892
54.53656901285011 78.02779229106031 0.0 66.51214029261129 8.71186825664385 35.68404870063385 124.66713964963093 62.28130739896028 63.146883857477505 80.74617712222636 55.878682435337694 90.28034547438797 99.67902153120981 60.24706680450068 60.993900759325015 91.90366777412805 39.65832466230264 48.50943670565502 23.3160791361691 46.47867013063576 47.454401914663016 89.64430437143699 23.75824931566166 71.50137485481665 19.12312268622408 34.92168123196658 112.06680946730751 29.934810868459728 13.97356431016531 88.34464000973438 59.839052563642376 74.7669130600904 99.25828037231292 86.18242339894253 53.21995875841722 56.249493410865824 82.40727772525304 44.26771210048355 40.7987341031495 48.2949362483241 84.62578560010091 75.4011081235453 97.52120302003758 84.22816823517809 93.91838006699204 40.91386645570409
37.71051010332167 50.65552690499607 66.51214029261129 0.0 70.93290063932427 35.29714753993952 88.90328185951556 7.643145901472772 39.17734799564949 37.21078379928699 15.040340146428033 54.12511123183033 69.38206813328173 35.50484241920059 20.324096420457764 57.70198445364716 31.333257309924367 78.01242552244432 48.93707047989267 72.25957960421908 41.32699524256023 63.75357785429577 61.7727242691856 20.583126151667116 80.1294801007547 40.10969464760387 76.51731479428528 52.562836336932996 71.57856352248803 43.560991481466495 17.008046700426668 38.02244662683728 66.16946773671339 53.761854773239016 34.24945953958375 51.73772152336878 45.922763613946 78.05524756507552 39.87134478358041 36.94936951641054 47.168178653519156 57.06741558786801 73.19182798557507 48.34973211929454 54.04664823764987 36.894360136382495
54.13476311760222 76.58051597180342 8.71186825664385 70.93290063932427 0.0 37.747529243162774 122.54822076639888 65.99295944942526 62.571570765695895 81.24159428236297 59.05817651376609 89.29302456855302 97.54167424860057 60.157316450776676 63.041246013123434 90.58609656346454 41.945817604121316 41.51995181708844 23.927379928082427 40.2017654576544 46.61634851857533 87.35505352189749 19.215658625379895 73.612550587749 10.788148521965844 35.63566913609316 110.22282491529104 27.7560951883977 5.7122595311970175 88.5979114231251 62.388387401272865 74.78733692042256 97.49764523955756 84.90930087401937 53.40755041620178 53.64714910763804 81.87641942116235 36.99333504799118 40.71193178055431 48.2245067427738 84.09601694003831 72.94232756903814 94.70491031101339 83.51317719646094 93.26321076560653 41.503212484053044
21.785037047666457 46.038736099213565 35.68404870063385 35.29714753993952 37.747529243162774 0.0 92.87674193840799 29.189396733937215 30.038224399630213 45.51089278408345 21.731708350996396 56.90452784629291 68.49665345108347 26.32578741758242 25.402196991702137 59.12061412343875 4.237222908917849 45.64318878273383 14.136697066939384 40.30227135132994 17.325323155299845 59.22515124392745 26.47728961908707 35.96342841723362 45.78154345776431 5.829102999746191 79.90832001244013 17.723978271367002 37.26896994310133 53.260807593051894 24.647082384488282 40.14557401458058 67.21254042015201 53.47907081328544 19.246119808564277 30.2426742469828 48.433225741645906 44.617056393544274 10.434216684323793 15.56878336459034 50.599023304583724 46.32839999029747 68.22730079341537 50.518181563353764 59.908751299391525 8.048348725616485
71.26229985481808 46.98264770333651 124.66713964963093 88.90328185951556 122.54822076639888 92.87674193840799 0.0 84.43169876132744 62.84143085005336 52.23825227766276 83.80393614799857 36.59430237418314 25.016810576511293 66.63771239334251 74.53418832525938 33.886961764761885 90.39562389169701 93.27284513379179 101.73390705452724 89.9262129566583 77.53241919057459 35.20004510987608 103.59852495516603 68.74375421943945 124.98102497645759 91.10003428897163 13.036611300041866 95.00175215527383 118.84151525946602 45.353767006674936 78.00624028093812 54.358413400070546 25.67334122023896 39.430812203733275 73.63977792338657 68.91230505798232 45.47448000411231 97.66894196567033 84.66589476381 77.6534182645722 43.568739114169325 49.63482944037416 28.979738636027047 43.10902294999456 35.17864374398483 85.50064111520801
30.070547696865944 44.10514711736022 62.28130739896028 7.643145901472772 65.99295944942526 29.189396733937215 84.43169876132744 0.0 31.821983730020925 32.22552709850281 7.8075830161952915 48.7897871448179 63.78613470201463 28.027731144363177 12.946006638423459 52.231419270993435 25.04692846450216 70.67336734597481 43.18702261672228 64.89719483592906 33.78648961962975 57.52208446931002 55.492774850296684 15.750544539305466 74.72647139693645 33.55621636821262 71.77234849170766 45.93440042883433 66.17182456487167 39.230234051077666 9.450050746395464 31.90536701502604 60.82827806767627 47.90691727870586 26.607690972019928 44.09768926647333 40.25413908964125 70.87693145774624 32.72272419912855 29.406784492954635 41.71101693345209 50.01581998527547 67.05829250212656 42.71664817450169 49.28753889207525 29.85519817238152
8.626392216841293 16.087333871570035 63.146883857477505 39.17734799564949 62.571570765695895 30.038224399630213 62.84143085005336 31.821983730020925 0.0 20.17413401507679 26.763037074894463 27.207312373160647 38.55100592847009 4.343705579640881 18.88354936159297 29.163570521225328 27.743800503156624 48.01266484967881 39.83757121384742 42.43016047400982 15.959563958145122 29.680447860483273 45.1711459431973 23.056074581587332 67.50250781353597 28.562079134603756 49.88752381781121 35.096547348682066 59.99367533291131 26.61838558066232 22.44639726292082 12.830120024904268 37.17452683443424 23.48133443960361 10.832600352739973 16.012178918210086 19.32150265695024 50.140624692675814 22.36711196763113 14.989549938503226 21.543471779629115 18.795185601291045 39.04909946352536 21.08149492795685 30.789074759623812 22.77039215900544
27.57550278053802 18.05337501030372 80.74617712222636 37.21078379928699 81.24159428236297 45.51089278408345 52.23825227766276 32.22552709850281 20.17413401507679 0.0 31.912260845120397 16.98012559653016 32.35893354776064 21.353938714196016 22.89766687000939 20.642396109773532 42.046280599165755 67.63330145234924 57.661817118738185 62.20107204239916 35.329923746663766 28.22804192388501 64.75139761315273 16.679151082555425 86.98966466188932 45.886884042763995 39.547525128769934 54.435889492220184 79.18063823703946 7.848902296506083 26.08739164709141 7.535809715985748 28.984504164629236 17.51768489825171 27.838192303262527 35.38951528766863 9.676906299132463 70.06396522797714 40.53694617867783 33.06424940084654 10.294748225253667 27.32337424041688 37.08116231056347 11.808598882859437 17.067595313251296 39.903436474825675
23.491578646503473 40.76058707763585 55.878682435337694 15.040340146428033 59.05817651376609 21.731708350996396 83.80393614799857 7.8075830161952915 26.763037074894463 31.912260845120397 0.0 47.418213195804896 61.780144802791725 22.606434893561616 9.323866666296341 50.58768095417328 17.523030815886067 62.98382195908287 35.841567944526226 57.22461325576334 26.372504097662343 54.55294482053174 47.83616783814194 17.253203724827276 67.47303961217374 25.840419283270407 70.89631863941239 38.17301947520279 58.938242535464674 39.52124492817744 5.826365797863414 29.769476812790103 59.24329072043673 45.73761934532129 19.82682267350081 37.402553438338046 38.580579854613156 63.10757687802801 24.934223027234264 22.0087334025249 40.32913361602662 45.484840686300906 64.15129716601223 41.030013755469035 48.729699085622826 22.048734459154613
35.83047520496226 13.265100301873415 90.28034547438797 54.12511123183033 89.29302456855302 56.90452784629291 36.59430237418314 48.7897871448179 27.207312373160647 16.98012559653016 47.418213195804896 0.0 15.408850001787828 30.592489962220526 38.103505425581545 3.7566720351429557 54.14900752464756 67.53811660078595 66.99703185352372 62.83186100404207 42.86128400808352 13.6249797971123 71.15653132949626 33.54526175011315 93.3573475469558 55.7647331050794 23.582157488480533 61.56588236870413 86.30542979663821 12.770833622526846 41.67413163674343 17.777284604950108 12.055417230221732 5.141542082125532 37.71975151025438 37.35314913839336 8.887832489533343 70.96676022522885 49.555825777087605 42.192414730992176 7.110837001627858 21.029509328585892 20.967942766474728 6.520395694987783 5.179499788481369 49.93146816401986
46.73625328235769 22.4716454463613 99.67902153120981 69.38206813328173 97.54167424860057 68.49665345108347 25.016810576511293 63.78613470201463 38.55100592847009 32.35893354776064 61.780144802791725 15.408850001787828 0.0 42.58180496545032 52.47837776756922 11.716921903206357 66.29197302373242 69.78433836245082 76.823640531841 65.97669147765018 52.69530189232527 10.260103231558961 78.62948018552612 48.80550149142269 100.154831652706 66.38819864035997 13.05685756407288 69.98555316552677 93.8847369507845 27.70946908394974 56.170955365039035 32.07241100683392 4.3756192623914965 16.042651051171855 49.378264779848124 43.923101605950315 23.53513888375519 73.91821091468185 59.90807327532246 53.07834763691787 22.216628551729688 24.68583932235613 8.298685694921673 21.0780390641042 17.304468138575494 60.91980878640409
6.2303218031722425 20.18772869837203 60.24706680450068 35.50484241920059 60.157316450776676 26.32578741758242 66.63771239334251 28.027731144363177 4.343705579640881 21.353938714196016 22.606434893561616 30.592489962220526 42.58180496545032 0.0 15.194782875452193 32.81424184108904 23.77147117104486 48.6674485354898 36.95207355975719 42.954400380737546 13.981393234208497 33.9063500200981 43.39746441513674 20.878658839209937 65.64686220849002 25.394209586613382 53.63825947307422 33.09608635960606 57.89881406554173 28.46497765048652 18.586199427332886 14.630373054465132 41.01620933224665 27.207658102393545 7.140414391332013 17.59971820359527 22.268646499767247 50.389276670957706 19.5225158340801 11.982256147729775 24.470389175800847 23.09671240138223 43.32354582656729 24.256231614378926 33.79839515447266 19.458160373745198
18.11308832086509 31.731989588398093 60.993900759325015 20.324096420457764 63.041246013123434 25.402196991702137 74.53418832525938 12.946006638423459 18.88354936159297 22.89766687000939 9.323866666296341 38.103505425581545 52.47837776756922 15.194782875452193 0.0 41.26382624456545 21.338618673363708 60.696759955653405 39.163873478785106 54.87739606305965 23.397598101410658 45.42887766178005 49.431599821491034 10.572530524055704 70.48417348330074 27.813643715838626 61.605002189666685 39.147024848240534 62.115511816859595 30.643047981779066 3.787076304495491 20.447588669283938 49.91953714598209 36.43821376028518 15.145581034981769 31.96851177704865 29.25863434353437 61.554557125468136 24.678818831546593 19.22597393500934 31.02193633869695 37.143515349374155 55.02313985428743 31.706764411637792 39.52502172135628 22.570207943689486
37.71972755904405 14.016369260695773 91.90366777412805 57.70198445364716 90.58609656346454 59.12061412343875 33.886961764761885 52.231419270993435 29.163570521225328 20.642396109773532 50.58768095417328 3.7566720351429557 11.716921903206357 32.81424184108904 41.26382624456545 0.0 56.53744834113687 67.16307500114137 68.69470488896265 62.66186324335184 44.45478641659653 10.606780298806465 72.18510354425969 37.119534399757704 94.25649121178573 57.66971097745215 20.856865362783722 62.83003501049066 87.40479654343868 16.466221704374384 44.890846346693465 20.82703461924184 8.657246310942842 5.7239834655627915 39.876789687702946 37.908133296242816 12.036788798849045 70.78532281646669 51.35009666162183 44.11854615691179 10.543300357265847 20.350220299864336 17.287225047050402 9.572171613741656 7.4513362393329565 51.92911381400548
19.9621090442887 43.83099164813852 39.65832466230264 31.333257309924367 41.945817604121316 4.237222908917849 90.39562389169701 25.04692846450216 27.743800503156624 42.046280599165755 17.523030815886067 54.14900752464756 66.29197302373242 23.77147117104486 21.338618673363708 56.53744834113687 0.0 48.44245842351552 18.372895681377923 42.94636577358226 16.97077133424967 57.29588145706036 30.486732125772342 31.870997666296578 50.01697955637084 8.904305264722828 77.38409376862646 21.318659592262662 41.5060438649353 49.850459748408824 20.443141618576416 37.03537293705688 64.78718060395255 50.96623594565858 16.937358988011365 30.13715698253497 45.52789666879508 47.7376313963028 11.204104931451619 14.240039164114709 47.65754207127179 44.92634261122341 66.48424764393475 47.69425513650104 56.91816215955479 8.114127589206133
43.33629109119767 54.57488448933088 48.50943670565502 78.01242552244432 41.51995181708844 45.64318878273383 93.27284513379179 70.67336734597481 48.01266484967881 67.63330145234924 62.98382195908287 67.53811660078595 69.78433836245082 48.6674485354898 60.696759955653405 67.16307500114137 48.44245842351552 0.0 37.9422179197083 5.819619469520898 37.32041883708589 59.93700807612667 26.416623728899427 69.120482258526 37.825518644904484 39.84777691310355 82.76131731095255 28.914028062004043 35.92326623509428 72.72530034528252 62.53729815115391 60.09880908199516 71.3789741389481 62.412291329453716 45.65459121705601 32.247616744856884 63.3008774605175 5.018537229671927 38.27369725477042 41.60104240715076 65.18281927021619 46.8183817805292 64.31227688158074 63.818294717342496 72.5601987064939 41.39233633271222
31.22259374979573 54.89888130585397 23.3160791361691 48.93707047989267 23.927379928082427 14.136697066939384 101.73390705452724 43.18702261672228 39.83757121384742 57.661817118738185 35.841567944526226 66.99703185352372 76.823640531841 36.95207355975719 39.163873478785106 68.69470488896265 18.372895681377923 37.9422179197083 0.0 33.56827394787058 24.25763299488327 66.93559247925207 13.874780652236181 49.726983483602204 31.64513236179652 11.796248453075371 89.01992788163767 9.924491892232762 23.135267979664395 65.17364393421958 38.69674321662646 51.51186737326032 76.20162649430313 62.97073224016692 29.968116992092284 34.26745964496999 59.091273833313004 35.59594164237545 17.482681801027947 24.98580743277889 61.30992271666909 52.93667634999096 75.19540478266526 60.917221073291465 70.6027918884333 17.76039343015679
37.55705945516808 49.72924618530304 46.47867013063576 72.25957960421908 40.2017654576544 40.30227135132994 89.9262129566583 64.89719483592906 42.43016047400982 62.20107204239916 57.22461325576334 62.83186100404207 65.97669147765018 42.954400380737546 54.87739606305965 62.66186324335184 42.94636577358226 5.819619469520898 33.56827394787058 0.0 31.501299080800187 55.95421291900563 23.316788690573283 63.33759713762258 38.03473511804139 34.48055942545267 79.01665048015185 24.122031629226285 34.838615928546076 67.49584279541794 56.72412132799949 54.66617178244195 67.31376349878808 57.73592265713095 39.84098769550342 26.83147351830921 58.21128203817495 8.134939502424874 32.597972577116785 35.78569885367228 60.14615497160931 42.39930109388356 60.95662516182346 58.84366359463842 67.784431237982 35.74289005461062
7.754439845660764 30.643247195608136 47.454401914663016 41.32699524256023 46.61634851857533 17.325323155299845 77.53241919057459 33.78648961962975 15.959563958145122 35.329923746663766 26.372504097662343 42.86128400808352 52.69530189232527 13.981393234208497 23.397598101410658 44.45478641659653 16.97077133424967 37.32041883708589 24.25763299488327 31.501299080800187 0.0 42.9675340815579 29.429925312380334 32.37464676829968 51.71270859142014 13.873472164900386 64.77641391562125 19.196756195460374 44.0773500999423 42.30997355706992 25.266541034415987 28.425131927117185 51.95881789308937 38.73194357994876 8.63256541498156 13.166884517613298 35.2610778295596 38.19950256094888 7.3570216534236295 4.379745240426308 37.48130056477609 29.418828298352516 51.595651141654045 36.934275758374866 46.67632411154037 9.291301790046525
37.45533288058346 13.879854622429253 89.64430437143699 63.75357785429577 87.35505352189749 59.22515124392745 35.20004510987608 57.52208446931002 29.680447860483273 28.22804192388501 54.55294482053174 13.6249797971123 10.260103231558961 33.9063500200981 45.42887766178005 10.606780298806465 57.29588145706036 59.93700807612667 66.93559247925207 55.95421291900563 42.9675340815579 0.0 68.40205915398089 43.51155690352092 89.89503691208127 56.7741970160499 23.25854835186619 59.866745638952 83.65081144618972 26.004977855905 49.20507563685718 25.731307699691396 11.474457981957743 10.781127421133009 40.37280040583261 33.71306957435111 18.565851012253606 63.95392120685838 50.26030951975993 43.68643559997202 18.16415118561412 14.440421464311969 9.598493775540708 16.471472723429113 18.05520934598463 51.476152815360685
37.18073479827335 58.17786076865481 23.75824931566166 61.7727242691856 19.215658625379895 26.47728961908707 103.59852495516603 55.492774850296684 45.1711459431973 64.75139761315273 47.83616783814194 71.15653132949626 78.62948018552612 43.39746441513674 49.431599821491034 72.18510354425969 30.486732125772342 26.416623728899427 13.874780652236181 23.316788690573283 29.429925312380334 68.40205915398089 0.0 59.71052786558655 22.33359774982398 22.03475245570263 91.42315553901463 10.44652151268419 15.26716673203888 71.70821223082439 49.72980798855076 57.82650534907974 78.77886936461006 66.57627313172472 37.27511276453256 34.713656187364926 64.21960640872629 23.12098213875162 25.016134959943837 31.990198107691125 66.41668561343464 53.9638740005496 75.56329152150556 65.66314031280501 75.38571072824168 26.861407087742123
25.784449843538734 30.980313440514152 71.50137485481665 20.583126151667116 73.612550587749 35.96342841723362 68.74375421943945 15.750544539305466 23.056074581587332 16.679151082555425 17.253203724827276 33.54526175011315 48.80550149142269 20.878658839209937 10.572530524055704 37.119534399757704 31.870997666296578 69.120482258526 49.726983483602204 63.33759713762258 32.37464676829968 43.51155690352092 59.71052786558655 0.0 80.9746381443813 38.305736212694434 56.167820733113835 49.342075139413474 72.6367721442931 23.483020927931896 11.981121672618281 17.950499893772005 45.59402082424475 33.28807731560283 23.749158195666215 38.46402899180518 25.395205459478554 70.43356985630588 34.763633237239645 28.568141507136655 26.589202098382366 38.52353891344674 52.830518127821634 27.80307005546875 33.66325564886822 32.89813559016371
59.44918849740274 80.28488816335177 19.12312268622408 80.1294801007547 10.788148521965844 45.78154345776431 124.98102497645759 74.72647139693645 67.50250781353597 86.98966466188932 67.47303961217374 93.3573475469558 100.154831652706 65.64686220849002 70.48417348330074 94.25649121178573 50.01697955637084 37.825518644904484 31.64513236179652 38.03473511804139 51.71270859142014 89.89503691208127 22.33359774982398 80.9746381443813 0.0 42.6734555114208 113.08195221637914 32.553782331755706 8.558799134169366 94.01713822418836 70.26140153890799 80.13244886370951 100.57067739681683 88.69875150153766 59.334449697901746 56.47643304471392 86.53802189811785 32.883726009222315 46.79541991955425 54.04677050775508 88.73111055247468 75.48744420705933 96.48866761230832 87.9515676877981 97.65825448746638 48.18163360508358
19.955932762234124 44.118676058848884 34.92168123196658 40.10969464760387 35.63566913609316 5.829102999746191 91.10003428897163 33.55621636821262 28.562079134603756 45.886884042763995 25.840419283270407 55.7647331050794 66.38819864035997 25.394209586613382 27.813643715838626 57.66971097745215 8.904305264722828 39.84777691310355 11.796248453075371 34.48055942545267 13.873472164900386 56.7741970160499 22.03475245570263 38.305736212694434 42.6734555114208 0.0 78.24619234852959 12.455758460523272 34.338978175803646 53.4366296961441 27.789902948827997 39.851643799743364 65.45204461185692 51.95906589207351 18.315387140046848 25.978238993233145 47.64186623300134 38.93413604540704 6.523587453662278 13.572845712442822 49.85105311250713 43.288675878728746 65.46609085495511 49.5574832081033 59.17275402422533 5.993741985394764
58.35675243661441 34.148301258048065 112.06680946730751 76.51731479428528 110.22282491529104 79.90832001244013 13.036611300041866 71.77234849170766 49.88752381781121 39.547525128769934 70.89631863941239 23.582157488480533 13.05685756407288 53.63825947307422 61.605002189666685 20.856865362783722 77.38409376862646 82.76131731095255 89.01992788163767 79.01665048015185 64.77641391562125 23.25854835186619 91.42315553901463 56.167820733113835 113.08195221637914 78.24619234852959 0.0 82.56188005037178 106.68931651037613 33.01108317651093 65.11518896829425 41.357465085326766 12.818316151957296 26.433768262847256 60.66402795020832 56.71618837555925 32.46881311706042 86.93873144472275 71.84464809118673 64.75563105369629 30.597477486503987 37.598982206109824 19.22622069751149 30.089144179330454 22.504585254801963 72.59575586862098
26.90957298988737 48.82577865014629 29.934810868459728 52.562836336932996 27.7560951883977 17.723978271367002 95.00175215527383 45.93440042883433 35.096547348682066 54.435889492220184 38.17301947520279 61.56588236870413 69.98555316552677 33.09608635960606 39.147024848240534 62.83003501049066 21.318659592262662 28.914028062004043 9.924491892232762 24.122031629226285 19.196756195460374 59.866745638952 10.44652151268419 49.342075139413474 32.553782331755706 12.455758460523272 82.56188005037178 0.0 24.89716068380355 61.501563281065025 39.63860423497607 47.618146643659294 69.80405085225254 57.15423534450446 26.849856406315258 26.325796039279503 54.310185411948424 27.248840991974443 14.596121971232916 21.560857168337822 56.52229910446283 45.54076386115793 67.59995268113992 55.867322823100054 65.61627961286332 16.621115459030058
51.7536728954277 73.39091107261663 13.97356431016531 71.57856352248803 5.7122595311970175 37.26896994310133 118.84151525946602 66.17182456487167 59.99367533291131 79.18063823703946 58.938242535464674 86.30542979663821 93.8847369507845 57.89881406554173 62.115511816859595 87.40479654343868 41.5060438649353 35.92326623509428 23.135267979664395 34.838615928546076 44.0773500999423 83.65081144618972 15.26716673203888 72.6367721442931 8.558799134169366 34.338978175803646 106.68931651037613 24.89716068380355 0.0 86.34950573955086 61.80384055735741 72.47463216147536 94.04505194322977 81.77721554045675 51.401429721940964 49.97670724741626 79.19038089980147 31.339731733896137 38.76022666189668 46.134544675066245 81.3992306474394 69.21067565774997 90.7002640856396 80.71028345637686 90.45190285261424 39.964580918139944
34.59816059122769 19.668796114340957 88.34464000973438 43.560991481466495 88.5979114231251 53.260807593051894 45.353767006674936 39.230234051077666 26.61838558066232 7.848902296506083 39.52124492817744 12.770833622526846 27.70946908394974 28.46497765048652 30.643047981779066 16.466221704374384 49.850459748408824 72.72530034528252 65.17364393421958 67.49584279541794 42.30997355706992 26.004977855905 71.70821223082439 23.483020927931896 94.01713822418836 53.4366296961441 33.01108317651093 61.501563281065025 86.34950573955086 0.0 33.71394512576418 13.885094858369651 23.8112928496765 15.546750856049554 35.23223213611588 40.745479795860476 9.952449232851018 75.50523869588062 47.8994285157631 40.37427460660477 8.788953111605565 29.1811508218473 33.73667440371254 10.627214162176163 10.786344656268122 47.44331951645743
20.814795741688034 35.51840694485135 59.839052563642376 17.008046700426668 62.388387401272865 24.647082384488282 78.00624028093812 9.450050746395464 22.44639726292082 26.08739164709141 5.826365797863414 41.67413163674343 56.170955365039035 18.586199427332886 3.787076304495491 44.890846346693465 20.443141618576416 62.53729815115391 38.69674321662646 56.72412132799949 25.266541034415987 49.20507563685718 49.72980798855076 11.981121672618281 70.26140153890799 27.789902948827997 65.11518896829425 39.63860423497607 61.80384055735741 33.71394512576418 0.0 24.10847449041393 53.548016012363256 40.138514023852764 17.514799519173827 34.82042870348473 32.86453233906293 63.124158714823814 25.50061523940616 20.941584915542155 34.574093317908776 40.8550098842678 58.79754032688939 35.32216095718644 42.91274916040539 23.040309648545126
20.721007506998085 13.09881076242813 74.7669130600904 38.02244662683728 74.78733692042256 40.14557401458058 54.358413400070546 31.90536701502604 12.830120024904268 7.535809715985748 29.769476812790103 17.777284604950108 32.07241100683392 14.630373054465132 20.447588669283938 20.82703461924184 37.03537293705688 60.09880908199516 51.51186737326032 54.66617178244195 28.425131927117185 25.731307699691396 57.82650534907974 17.950499893772005 80.13244886370951 39.851643799743364 41.357465085326766 47.618146643659294 72.47463216147536 13.885094858369651 24.10847449041393 0.0 29.478527317760218 16.064357124312572 21.548717149752 27.85397246403767 8.889455930762214 62.537152379344604 34.1350228632644 26.59478938364392 10.830784851407223 21.416114475111534 35.19929810685918 11.300556378651642 19.926224692847136 33.867044464258825
45.59127696746665 21.33919794235913 99.25828037231292 66.16946773671339 97.49764523955756 67.21254042015201 25.67334122023896 60.82827806767627 37.17452683443424 28.984504164629236 59.24329072043673 12.055417230221732 4.3756192623914965 41.01620933224665 49.91953714598209 8.657246310942842 64.78718060395255 71.3789741389481 76.20162649430313 67.31376349878808 51.95881789308937 11.474457981957743 78.77886936461006 45.59402082424475 100.57067739681683 65.45204461185692 12.818316151957296 69.80405085225254 94.04505194322977 23.8112928496765 53.548016012363256 29.478527317760218 0.0 13.863556129954096 47.98402322417117 44.115492308285766 20.689948059391284 75.34528753890403 59.038447640529526 51.984808983058784 19.117953616410475 25.24187079930417 12.420851385420415 18.227567061340242 13.19527687784144 59.83061307527827
32.014837032285065 8.415748073913527 86.18242339894253 53.761854773239016 84.90930087401937 53.47907081328544 39.430812203733275 47.90691727870586 23.48133443960361 17.51768489825171 45.73761934532129 5.141542082125532 16.042651051171855 27.207658102393545 36.43821376028518 5.7239834655627915 50.96623594565858 62.412291329453716 62.97073224016692 57.73592265713095 38.73194357994876 10.781127421133009 66.57627313172472 33.28807731560283 88.69875150153766 51.95906589207351 26.433768262847256 57.15423534450446 81.77721554045675 15.546750856049554 40.138514023852764 16.064357124312572 13.863556129954096 0.0 34.23325965627406 32.4796053661618 7.948452910799724 65.87063397735402 45.630072624342795 38.415598650939955 7.383436105719377 15.903510785282489 19.6216023345061 5.71383814094198 10.278707020324898 46.23492887511405
3.7831323878905683 26.908445281032158 53.21995875841722 34.24945953958375 53.40755041620178 19.246119808564277 73.63977792338657 26.607690972019928 10.832600352739973 27.838192303262527 19.82682267350081 37.71975151025438 49.378264779848124 7.140414391332013 15.145581034981769 39.876789687702946 16.937358988011365 45.65459121705601 29.968116992092284 39.84098769550342 8.63256541498156 40.37280040583261 37.27511276453256 23.749158195666215 59.334449697901746 18.315387140046848 60.66402795020832 26.849856406315258 51.401429721940964 35.23223213611588 17.514799519173827 21.548717149752 47.98402322417117 34.23325965627406 0.0 17.582042614681768 29.401744643226653 46.74049923639921 12.69876873150122 5.290551168419265 31.599170246408782 28.43186801350677 49.6185203603214 31.39631678966944 40.928487348814556 12.34873242384289
14.027234750415058 24.10036827325476 56.249493410865824 51.73772152336878 53.64714910763804 30.2426742469828 68.91230505798232 44.09768926647333 16.012178918210086 35.38951528766863 37.402553438338046 37.35314913839336 43.923101605950315 17.59971820359527 31.96851177704865 37.908133296242816 30.13715698253497 32.247616744856884 34.26745964496999 26.83147351830921 13.166884517613298 33.71306957435111 34.713656187364926 38.46402899180518 56.47643304471392 25.978238993233145 56.71618837555925 26.325796039279503 49.97670724741626 40.745479795860476 34.82042870348473 27.85397246403767 44.115492308285766 32.4796053661618 17.582042614681768 0.0 31.72164496749886 34.777125075738816 19.85986441772095 16.56814623442921 33.75935784265507 19.295852648874973 41.27444854978896 32.62339020438005 42.009486336025496 22.32574578409054
27.882934673290844 9.728814349772499 82.40727772525304 45.922763613946 81.87641942116235 48.433225741645906 45.47448000411231 40.25413908964125 19.32150265695024 9.676906299132463 38.580579854613156 8.887832489533343 23.53513888375519 22.268646499767247 29.25863434353437 12.036788798849045 45.52789666879508 63.3008774605175 59.091273833313004 58.21128203817495 35.2610778295596 18.565851012253606 64.21960640872629 25.395205459478554 86.53802189811785 47.64186623300134 32.46881311706042 54.310185411948424 79.19038089980147 9.952449232851018 32.86453233906293 8.889455930762214 20.689948059391284 7.948452910799724 29.401744643226653 31.72164496749886 0.0 66.28691800173911 41.60894308851059 34.12619093720768 2.222110380340873 19.266869746185765 27.56977334517618 2.467844625135471 11.531420651792857 41.72425679097223
44.75726429755309 57.858487349207266 44.26771210048355 78.05524756507552 36.99333504799118 44.617056393544274 97.66894196567033 70.87693145774624 50.140624692675814 70.06396522797714 63.10757687802801 70.96676022522885 73.91821091468185 50.389276670957706 61.554557125468136 70.78532281646669 47.7376313963028 5.018537229671927 35.59594164237545 8.134939502424874 38.19950256094888 63.95392120685838 23.12098213875162 70.43356985630588 32.883726009222315 38.93413604540704 86.93873144472275 27.248840991974443 31.339731733896137 75.50523869588062 63.124158714823814 62.537152379344604 75.34528753890403 65.87063397735402 46.74049923639921 34.777125075738816 66.28691800173911 0.0 38.186036058960596 42.33190375755663 68.23737592182765 50.50468451020091 68.68968557970042 66.95081181855724 75.91680505809029 41.181671158803084
13.744644658244 37.6992496981704 40.7987341031495 39.87134478358041 40.71193178055431 10.434216684323793 84.66589476381 32.72272419912855 22.36711196763113 40.53694617867783 24.934223027234264 49.555825777087605 59.90807327532246 19.5225158340801 24.678818831546593 51.35009666162183 11.204104931451619 38.27369725477042 17.482681801027947 32.597972577116785 7.3570216534236295 50.26030951975993 25.016134959943837 34.763633237239645 46.79541991955425 6.523587453662278 71.84464809118673 14.596121971232916 38.76022666189668 47.8994285157631 25.50061523940616 34.1350228632644 59.038447640529526 45.630072624342795 12.69876873150122 19.85986441772095 41.60894308851059 38.186036058960596 0.0 7.541310873841682 43.82790648726607 36.7758320363538 58.943373179486954 43.44066491570704 53.12042026633843 3.2144213572556324
6.401759382708446 30.687556539635082 48.2949362483241 36.94936951641054 48.2245067427738 15.56878336459034 77.6534182645722 29.406784492954635 14.989549938503226 33.06424940084654 22.0087334025249 42.192414730992176 53.07834763691787 11.982256147729775 19.22597393500934 44.11854615691179 14.240039164114709 41.60104240715076 24.98580743277889 35.78569885367228 4.379745240426308 43.68643559997202 31.990198107691125 28.568141507136655 54.04677050775508 13.572845712442822 64.75563105369629 21.560857168337822 46.134544675066245 40.37427460660477 20.941584915542155 26.59478938364392 51.984808983058784 38.415598650939955 5.290551168419265 16.56814623442921 34.12619093720768 42.33190375755663 7.541310873841682 0.0 36.34170779889959 30.81817701590953 52.65852699947609 36.00410258419695 45.65016187937841 7.849401934512661
30.10388185944555 11.100176977096124 84.62578560010091 47.168178653519156 84.09601694003831 50.599023304583724 43.568739114169325 41.71101693345209 21.543471779629115 10.294748225253667 40.32913361602662 7.110837001627858 22.216628551729688 24.470389175800847 31.02193633869695 10.543300357265847 47.65754207127179 65.18281927021619 61.30992271666909 60.14615497160931 37.48130056477609 18.16415118561412 66.41668561343464 26.589202098382366 88.73111055247468 49.85105311250713 30.597477486503987 56.52229910446283 81.3992306474394 8.788953111605565 34.574093317908776 10.830784851407223 19.117953616410475 7.383436105719377 31.599170246408782 33.75935784265507 2.222110380340873 68.23737592182765 43.82790648726607 36.34170779889959 0.0 20.500699331678774 26.807840687382132 1.8588758180328115 9.329446936809093 43.9280805375878
25.024176738821698 9.551259948652763 75.4011081235453 57.06741558786801 72.94232756903814 46.32839999029747 49.63482944037416 50.01581998527547 18.795185601291045 27.32337424041688 45.484840686300906 21.029509328585892 24.68583932235613 23.09671240138223 37.143515349374155 20.350220299864336 44.92634261122341 46.8183817805292 52.93667634999096 42.39930109388356 29.418828298352516 14.440421464311969 53.9638740005496 38.52353891344674 75.48744420705933 43.288675878728746 37.598982206109824 45.54076386115793 69.21067565774997 29.1811508218473 40.8550098842678 21.416114475111534 25.24187079930417 15.903510785282489 28.43186801350677 19.295852648874973 19.266869746185765 50.50468451020091 36.7758320363538 30.81817701590953 20.500699331678774 0.0 22.266620457447296 18.76671073824708 26.182210986506764 38.36277845567947
46.550000634241684 23.448296235390902 97.52120302003758 73.19182798557507 94.70491031101339 68.22730079341537 28.979738636027047 67.05829250212656 39.04909946352536 37.08116231056347 64.15129716601223 20.967942766474728 8.298685694921673 43.32354582656729 55.02313985428743 17.287225047050402 66.48424764393475 64.31227688158074 75.19540478266526 60.95662516182346 51.595651141654045 9.598493775540708 75.56329152150556 52.830518127821634 96.48866761230832 65.46609085495511 19.22622069751149 67.59995268113992 90.7002640856396 33.73667440371254 58.79754032688939 35.19929810685918 12.420851385420415 19.6216023345061 49.6185203603214 41.27444854978896 27.56977334517618 68.68968557970042 58.943373179486954 52.65852699947609 26.807840687382132 22.266620457447296 0.0 25.288591482414283 24.14741135335025 60.36454474387239
29.69615960250838 9.47448310496957 84.22816823517809 48.34973211929454 83.51317719646094 50.518181563353764 43.10902294999456 42.71664817450169 21.08149492795685 11.808598882859437 41.030013755469035 6.520395694987783 21.0780390641042 24.256231614378926 31.706764411637792 9.572171613741656 47.69425513650104 63.818294717342496 60.917221073291465 58.84366359463842 36.934275758374866 16.471472723429113 65.66314031280501 27.80307005546875 87.9515676877981 49.5574832081033 30.089144179330454 55.867322823100054 80.71028345637686 10.627214162176163 35.32216095718644 11.300556378651642 18.227567061340242 5.71383814094198 31.39631678966944 32.62339020438005 2.467844625135471 66.95081181855724 43.44066491570704 36.00410258419695 1.8588758180328115 18.76671073824708 25.288591482414283 0.0 9.750933767167291 43.675291261841636
39.38315006047448 18.072943416740674 93.91838006699204 54.04664823764987 93.26321076560653 59.908751299391525 35.17864374398483 49.28753889207525 30.789074759623812 17.067595313251296 48.729699085622826 5.179499788481369 17.304468138575494 33.79839515447266 39.52502172135628 7.4513362393329565 56.91816215955479 72.5601987064939 70.6027918884333 67.784431237982 46.67632411154037 18.05520934598463 75.38571072824168 33.66325564886822 97.65825448746638 59.17275402422533 22.504585254801963 65.61627961286332 90.45190285261424 10.786344656268122 42.91274916040539 19.926224692847136 13.19527687784144 10.278707020324898 40.928487348814556 42.009486336025496 11.531420651792857 75.91680505809029 53.12042026633843 45.65016187937841 9.329446936809093 26.182210986506764 24.14741135335025 9.750933767167291 0.0 53.255165521020274
14.239889503816478 38.53695534746892 40.91386645570409 36.894360136382495 41.503212484053044 8.048348725616485 85.50064111520801 29.85519817238152 22.77039215900544 39.903436474825675 22.048734459154613 49.93146816401986 60.91980878640409 19.458160373745198 22.570207943689486 51.92911381400548 8.114127589206133 41.39233633271222 17.76039343015679 35.74289005461062 9.291301790046525 51.476152815360685 26.861407087742123 32.89813559016371 48.18163360508358 5.993741985394764 72.59575586862098 16.621115459030058 39.964580918139944 47.44331951645743 23.040309648545126 33.867044464258825 59.83061307527827 46.23492887511405 12.34873242384289 22.32574578409054 41.72425679097223 41.181671158803084 3.2144213572556324 7.849401934512661 43.9280805375878 38.36277845567947 60.36454474387239 43.675291261841636 53.255165521020274 0.0
