0.0 8.5591566444967 68.99146873331362 33.27240772603293 89.26824123331471 4.451741323575105 24.907553164632965 57.882854019278206 54.17590969617684 25.40185256195626 7.567685761248513 33.77275797601738 31.95637089200485 69.4425287525982 28.068605348739407 12.830971007146013 3.3101099213718017 43.34411933329022 36.79852232247674 74.58827044559885 11.999347430091984 13.346325596968361 69.86264709402155 17.386879394273627 98.35870560003033 6.227228160434236 25.853366594354807 58.343936695896566 65.09323541514775 22.770551950171072 8.053905447853023 37.37226763228135 74.6716514956605 36.38990958075185 31.069830157880407 17.771901284281842 3.8624699039558847 49.995098410947314 42.65412509964272 48.25108312064191 27.386789331471377 67.64683318419469 100.59764156859947 70.02947277566938 15.649173782760126 48.14672122309604 51.592883764335106 50.18758669845854
8.5591566444967 0.0 77.19974576699924 40.42688798033514 97.8032276085085 4.672329993698471 18.005264815147203 65.75172993235 62.011867696109704 33.72230694731756 6.194279541435747 38.54801899711442 40.23800653363169 74.58611175480011 36.49971295502646 17.050853798090703 10.837452279352405 48.415491558714564 45.24007786289783 83.00128135590559 4.261387590199476 6.953542256298549 78.1237415452889 25.542698152210825 106.91734280100195 14.573988668759656 18.954889211175445 65.35025043622556 72.7496428085692 31.322970732526105 5.815528307030122 41.091837972158025 81.5040268135468 43.23008546649162 39.3732599498028 20.894218001487243 9.774375844285437 56.41228132484613 50.81927060556354 56.78590905854875 34.139437510044694 75.90359124940936 108.95884150044942 77.48551681399069 22.941439422817233 54.85049538928523 57.16601628639426 57.649924993048955
68.99146873331362 77.19974576699924 0.0 39.301319122389664 26.8996982980404 72.54092951994652 93.46395080099407 13.742710553873682 17.11682441940244 49.690451535854336 75.8007593440964 50.75062701420283 37.04388291586881 45.52045110519357 41.19090886484634 63.26965539858678 68.01534326252597 45.84192141635609 32.757264192818745 9.616859398493883 80.97501030708129 82.17271946663101 1.889550570149985 51.66371458936123 39.165743816421454 62.769534084581736 94.37689314242014 24.434574699366443 13.143651043417037 48.24819213051483 76.45001145114423 54.98081672538637 27.40688659629519 38.41055629624785 37.94363439888414 63.123828524623974 69.83471953082301 33.47178753206582 26.384185874979817 24.380328359864322 45.87069201732289 1.9969426517386812 32.30092489917847 16.547580149383187 54.74138373505098 31.811324676634886 40.27714395221396 23.769754880276903
33.27240772603293 40.42688798033514 39.301319122389664 0.0 63.82253662460394 35.83530593244263 58.067605119094694 26.362054173377867 22.61329429346556 27.028720358865556 40.78720473219526 14.394580858364652 11.782385262663304 39.39569637254567 14.60976300801205 24.648429559053408 33.507411071910624 17.0951292184639 16.475078036984527 46.983612872296 44.57200976939148 46.47811763816172 40.62150920592317 17.17673339803269 74.8982447141715 27.395395855705306 59.02002944725027 25.07233202696127 32.63961709739328 21.483956778399378 41.312818811785945 20.37473410482224 41.42978762777613 3.837592793631518 12.086435439312515 23.884516251330446 35.40328347260463 17.539710065340394 15.085510163763715 26.94117848265021 6.674177040644686 38.45633759985687 71.58951989995613 37.109091798327114 17.638939619129665 15.183436613245723 21.551990637722962 17.36486016080103
89.26824123331471 97.8032276085085 26.8996982980404 63.82253662460394 0.0 93.31257232980413 112.27209362274077 40.31431210070048 43.269821656961334 66.00905402013024 95.17846233124396 76.56468051879664 58.38030939706243 71.01855451422051 61.48878400916037 86.07717751428792 87.58911276753494 72.4870006668597 52.81661580863066 17.492628166436283 101.11480381374133 101.70451659546578 25.08185689650954 72.8210747879942 12.408821367478167 83.27445573359587 113.11715114818601 51.24825099086817 39.53421551471384 66.73664071758887 95.87532558546764 81.2386719329306 50.524431356880946 63.704763119816334 59.12051846542588 86.86042942834143 89.22486038134109 60.31437209029904 49.17858158622901 41.01767647288235 69.9865230428856 26.79887579883812 17.851639385404717 41.126117055818845 76.8845069954112 58.49571849488096 67.17684153813663 50.129119846529
4.451741323575105 4.672329993698471 72.54092951994652 35.83530593244263 93.31257232980413 0.0 22.356983171995775 61.082142910752204 57.34366374115701 29.83848795767223 7.00555469323858 34.62043727106906 35.60240524567085 70.60559967606223 31.926971399209435 13.068876098074087 7.443534086398761 44.41759854234527 40.66676850444797 78.39994940180165 8.73673318546874 10.888142381900437 73.47379911750726 20.894763250024806 102.55002235460843 10.038361032008543 23.31124118530448 60.808312073521535 68.09818682430883 27.03702022822917 7.113711588656264 37.574260997056875 77.00996292552743 38.704978209074405 34.744128206602184 17.41484971201555 7.102376298789435 52.008329421806806 46.158371895040226 52.30508764116426 29.61606954355608 71.25304465247834 104.33290344711317 72.8622321109754 18.297759453581985 50.37099716440201 53.016607554812 53.020008768285585
24.907553164632965 18.005264815147203 93.46395080099407 58.067605119094694 112.27209362274077 22.356983171995775 0.0 82.71972407047832 79.03170165496492 46.37662667249622 17.692356569722303 56.46291288259822 56.47652341472434 92.49182246957312 52.28119273086631 35.04203708778846 25.465271688999554 66.35361470116452 60.85754584904659 98.49954272174874 13.743920127770624 11.591981151733155 94.23193377239818 42.184049405116745 120.46611712865712 31.055170640591566 0.9544054381179099 83.10366460198964 89.99232972618645 45.76422567473212 17.066817531289573 58.66554776282805 99.34765094943664 61.030927974965806 55.559162464280355 38.631976239428084 23.63084626548126 74.36125473638192 67.28029542860446 71.5710121799511 51.949930178730895 92.03179826395882 124.62074232903306 94.93337631138778 40.436477044335966 72.720397740787 75.15966138455761 75.08789455959781
57.882854019278206 65.75172993235 13.742710553873682 26.362054173377867 40.31431210070048 61.082142910752204 82.71972407047832 0.0 3.769492601769977 41.927263048656144 65.05094648748434 37.07297172650829 26.667701608957728 35.85615143825813 31.273577256078593 50.85554474810622 57.336038954549565 32.188472173700994 23.984289228553415 22.82171654416409 69.71470440698592 71.21876546914402 15.397977269328821 40.535978373552624 52.367614251652554 51.683106529131074 83.65535053424593 12.783792721025534 8.0813619208807 39.11053222770102 65.66034054347219 41.23814300889434 23.35752684635733 25.021475144749946 27.615728038340634 50.22923935001434 59.214975922801905 20.107733957671194 16.00518144506561 20.802936618928186 33.030124606070125 13.52615186804386 45.56164583721092 14.020495206638497 42.88664540792884 18.18181288740019 27.275158178929996 10.036456122588222
54.17590969617684 62.011867696109704 17.11682441940244 22.61329429346556 43.269821656961334 57.34366374115701 79.03170165496492 3.769492601769977 0.0 38.83007359175443 61.37433750679324 33.64285677069619 23.16404021332316 35.55862787288439 27.81887270656345 47.08701734829308 53.67555267278623 29.292075640877332 20.89394471480575 25.820871126624155 65.98699790640059 67.51688478413617 18.6612478665583 36.849858832112794 55.15531761242934 47.984526231052364 79.96910012517043 12.398582990029087 11.27210628925676 35.750564368911455 61.97893704496191 38.01839458678185 25.362667571353594 21.375969867205953 24.112635412310187 46.49010510288208 55.55918612864428 17.7665159830056 12.703527230590021 19.380944191127735 29.27689934913589 16.654374713957253 49.178160703266464 16.959245040154418 39.13263917824878 15.462109220547692 25.182151465977118 6.873138664411943
25.40185256195626 33.72230694731756 49.690451535854336 27.028720358865556 66.00905402013024 29.83848795767223 46.37662667249622 41.927263048656144 38.83007359175443 0.0 29.881542361179285 37.64522583025548 17.074120489665624 65.94101562841624 12.74777211583382 28.805657068036492 22.9011044536535 43.685326913453046 17.951329052080748 53.17986793925959 36.2986259379466 36.32609401373822 50.070764387821484 15.618712071572011 74.11596741052938 20.6405668117794 47.198259418357814 47.62735957736748 49.977943035400415 6.047792817317469 30.592695224421245 43.57945441666914 63.44773865181967 30.805405922693726 16.274894741129984 32.65405782576645 24.217289714351963 43.40877382398653 26.163519257931913 25.984064148879472 25.966231351131423 47.98685548547646 79.21352394952633 55.784052290403636 20.748327280510026 40.46496735655717 48.46503055111344 37.88174282554291
7.567685761248513 6.194279541435747 75.8007593440964 40.78720473219526 95.17846233124396 7.00555469323858 17.692356569722303 65.05094648748434 61.37433750679324 29.881542361179285 0.0 41.060654942892306 38.791322180754214 76.88049600457855 34.642577092439005 19.68786913999765 7.7855027499440554 50.73480304217912 43.27365930286704 81.00938323551738 6.678485390899316 6.526197502790572 76.59306607889837 24.527410710410564 103.8204390656081 13.47218859523771 18.619563612470568 65.85809090334284 72.38250739527619 28.45017959632984 0.7113065980788735 44.328877417585076 82.20560162453032 43.94365906505027 37.87689916472716 24.28352921806028 5.99910247172026 57.562779289385205 49.589329217736214 54.26958899153101 34.952356581599346 74.38815296333314 107.10407031609101 77.40645350322136 23.192161267125453 55.704568462413725 59.092411243316946 57.5860954414496
33.77275797601738 38.54801899711442 50.75062701420283 14.394580858364652 76.56468051879664 34.62043727106906 56.46291288259822 37.07297172650829 33.64285677069619 37.64522583025548 41.060654942892306 0.0 25.455913070214578 36.03878965631479 26.92397173779862 21.560983800878848 35.349908667479184 9.9060300323063 30.709146659566468 59.28861080573865 42.78295812944531 45.3926266378272 52.30146576227002 23.419414192645096 88.06655837434452 29.46054346774662 57.40121257294169 30.970182067489354 41.48858493164523 31.60936174808379 41.388989998980264 6.173788426562293 45.51975887099077 13.09890412590745 25.499959332773702 17.94728928860593 37.02175255944561 20.413140878187246 29.099881826942717 41.29107659698395 11.812132406850212 50.265763704334084 82.51392076526854 44.53366641721665 20.294453271662217 20.270793019224747 18.99446005793889 27.05883603405234
31.95637089200485 40.23800653363169 37.04388291586881 11.782385262663304 58.38030939706243 35.60240524567085 56.47652341472434 26.667701608957728 23.16404021332316 17.074120489665624 38.791322180754214 25.455913070214578 0.0 49.120188065223665 4.721430429210208 27.769564497301054 31.01142335578542 28.804823262863522 5.993514480616976 42.867146224217194 43.94927520504348 45.134511646870486 37.907707357765084 14.718119827567836 68.46643574246026 25.741486902040947 57.397118814738256 30.70395139394103 34.42333381130391 12.833319656841317 39.43236684456533 31.61073714904806 46.77952799171188 15.06337953144418 0.948725230941941 29.141703023217122 32.852283760402095 26.507659041570914 10.832575900304285 18.17527471918675 14.38734528000195 35.69105685839573 68.73360327125837 39.93344422856862 18.504675075796577 23.48570422979652 32.09445427364152 21.077870798271572
69.4425287525982 74.58611175480011 45.52045110519357 39.39569637254567 71.01855451422051 70.60559967606223 92.49182246957312 35.85615143825813 35.55862787288439 65.94101562841624 76.88049600457855 36.03878965631479 49.120188065223665 0.0 53.196521874750744 57.57567111952089 70.63913900142897 26.188346766482006 50.797299332962616 54.909486091908946 78.82165843200312 81.41694210693873 47.39189337043329 55.945004864715514 83.39870303356902 64.51818248615633 93.42791981250244 23.212804533728953 32.41931345411964 60.73257955990827 77.25027352558462 34.44937947220538 21.75567650711521 35.56457064430445 49.81601036767968 53.89382594086378 72.42065819589368 22.621337554930825 43.51982075593658 54.28099741075283 43.150662679546436 46.503383770571936 68.70346300271817 29.892710647812542 54.6511484642651 25.71954462732432 18.112871334722023 31.35703948725667
28.068605348739407 36.49971295502646 41.19090886484634 14.60976300801205 61.48878400916037 31.926971399209435 52.28119273086631 31.273577256078593 27.81887270656345 12.74777211583382 34.642577092439005 26.92397173779862 4.721430429210208 53.196521874750744 0.0 25.40127807274077 26.860889935724686 31.622341717358363 8.740795512222846 46.519795995528376 40.05700164868215 41.06464994459515 41.95335708343752 11.380905569259147 71.14154189222317 21.926346000709668 53.191172721549385 35.35415504597124 39.08805372988184 8.125423621427837 35.30132594168062 33.07994865592121 51.48057945759169 18.27714327629379 3.7966108941711707 27.521804831629876 28.660617199894144 30.663646975320486 15.320847734079809 20.627891344281675 15.201406834823278 39.75125806547908 72.54286514460173 44.63326152288329 15.962181395017447 27.738617919046504 35.81169676973879 25.774671417914075
12.830971007146013 17.050853798090703 63.26965539858678 24.648429559053408 86.07717751428792 13.068876098074087 35.04203708778846 50.85554474810622 47.08701734829308 28.805657068036492 19.68786913999765 21.560983800878848 27.769564497301054 57.57567111952089 25.40127807274077 0.0 15.178399279284672 31.390633684741527 33.5792929568602 70.11227240758161 21.307491443044864 23.84141584524249 64.41757769370778 14.42761555792896 96.2290694090959 10.72120866445163 35.98856142898775 48.987614279330984 57.28584506373179 23.85585944217619 19.957487536930824 24.65023631995303 64.90239282954504 26.949319066359507 27.09567682915459 5.109702815575393 16.507807754981286 39.626046387442656 37.24932633718117 45.80050262667483 18.0276161574886 62.205493933918696 95.50638635693845 61.62682057821304 9.439151699557904 38.28039814410102 40.11808560141278 41.99938917526208
3.3101099213718017 10.837452279352405 68.01534326252597 33.507411071910624 87.58911276753494 7.443534086398761 25.465271688999554 57.336038954549565 53.67555267278623 22.9011044536535 7.7855027499440554 35.349908667479184 31.01142335578542 70.63913900142897 26.860889935724686 15.178399279284672 0.0 44.69945407898512 35.507120685021285 73.265825399622 13.57409959753111 14.223924375825161 68.80897420133019 16.872249467404245 96.42324003640415 6.182457902937022 26.387189866280874 58.52380859707045 64.73166429278305 20.867533695213087 8.440441619771134 39.324128434352176 74.92133296350221 36.82166009503337 30.0950556277626 20.252276673920775 1.9037665971367619 50.599997535635175 41.81710789244761 46.621277987442376 27.995405500976048 66.60354278014522 99.34814389944651 69.82908309007982 16.169652733874106 48.58137156158722 52.65476855853085 50.04981023287863
43.34411933329022 48.415491558714564 45.84192141635609 17.0951292184639 72.4870006668597 44.41759854234527 66.35361470116452 32.188472173700994 29.292075640877332 43.685326913453046 50.73480304217912 9.9060300323063 28.804823262863522 26.188346766482006 31.622341717358363 31.390633684741527 44.69945407898512 0.0 32.8578757304518 54.99777980208955 52.65837023324215 55.231833437446795 47.558296789352475 31.152976776621234 84.44371531131598 38.658270455925475 67.29339946095132 23.48150164939711 34.99448677418883 37.85767575145644 51.09123815569111 10.272454224403386 36.58999062801427 13.80602525115063 29.164672006390404 27.84966610952775 46.437368260568526 12.818927265751828 28.713126445232906 41.396205019861334 18.31202509603437 45.71419015489874 76.53939734538169 37.07267764543615 29.010406416162102 14.030705364246097 9.301734095495135 22.42158554348283
36.79852232247674 45.24007786289783 32.757264192818745 16.475078036984527 52.81661580863066 40.66676850444797 60.85754584904659 23.984289228553415 20.89394471480575 17.951329052080748 43.27365930286704 30.709146659566468 5.993514480616976 50.797299332962616 8.740795512222846 33.5792929568602 35.507120685021285 32.8578757304518 0.0 37.79426510862512 48.77898466825116 49.728038368996515 33.420767107048 20.005622394333223 62.672047997934676 30.666360528770937 61.75845859769243 30.449109100404378 32.02744554139045 15.530378698964386 43.94130348238064 36.78969818208348 45.788672224247364 19.116478200942446 6.523541003964688 35.110221418283764 37.278373097473505 28.358333136805175 8.316405662120106 12.237055237586727 20.13666498060668 31.237907292240205 63.84602801038011 37.83861585846617 24.217101560959026 25.16843712866491 34.772788046389245 20.65214254995192
74.58827044559885 83.00128135590559 9.616859398493883 46.983612872296 17.492628166436283 78.39994940180165 98.49954272174874 22.82171654416409 25.820871126624155 53.17986793925959 81.00938323551738 59.28861080573865 42.867146224217194 54.909486091908946 46.519795995528376 70.11227240758161 73.265825399622 54.99777980208955 37.79426510862512 0.0 86.57284992930877 87.48938699802706 7.738698253856363 57.56827047577644 29.62623884730134 68.43568597179227 99.38552775226665 34.042033523763045 22.678396627814234 52.763226839857566 81.68499676317477 63.83088507635485 35.82960582966024 46.57531802046924 43.69342637665933 70.46393682812277 75.0102995868599 42.84515161082815 32.86822219605107 27.202271349789413 53.347994855899955 9.314251049443035 26.130951303057255 25.38228820230637 61.18522405905313 41.00310410655394 49.784800484078296 32.66393712235876
11.999347430091984 4.261387590199476 80.97501030708129 44.57200976939148 101.11480381374133 8.73673318546874 13.743920127770624 69.71470440698592 65.98699790640059 36.2986259379466 6.678485390899316 42.78295812944531 43.94927520504348 78.82165843200312 40.05700164868215 21.307491443044864 13.57409959753111 52.65837023324215 48.77898466825116 86.57284992930877 0.0 3.173601327535498 81.85692603830344 29.32901457753091 109.99724065331604 18.208101056584553 14.693728486922083 69.5373541715756 76.79384554293827 34.4279826497285 6.000132007693243 45.224343187734995 85.71867732084472 47.426406423763915 43.06585351763313 25.06107121582642 12.092212167336607 60.65589262517476 54.61998007707185 60.11664848141441 38.335575666919624 79.64028890955953 112.59380018599596 81.5887428781312 27.017120062507697 59.070205219745375 61.42464860356458 61.74318218255619
13.346325596968361 6.953542256298549 82.17271946663101 46.47811763816172 101.70451659546578 10.888142381900437 11.591981151733155 71.21876546914402 67.51688478413617 36.32609401373822 6.526197502790572 45.3926266378272 45.134511646870486 81.41694210693873 41.06464994459515 23.84141584524249 14.223924375825161 55.231833437446795 49.728038368996515 87.48938699802706 3.173601327535498 0.0 82.9939280475966 30.6950172138596 110.32561602542101 19.536235620578495 12.543311883790647 71.52138991697244 78.4382063783503 34.97442124397035 5.830119124779357 48.03763692765081 87.78329050150187 49.46428116171332 44.22994774217942 27.831674600071505 12.500435391238153 62.86374598978213 55.8966285188172 60.78896552524414 40.39155452744853 80.78472890517197 113.57133265341677 83.35122702595446 28.844980752943677 61.17228546929504 63.890100088938375 63.50363993765505
69.86264709402155 78.1237415452889 1.889550570149985 40.62150920592317 25.08185689650954 73.47379911750726 94.23193377239818 15.397977269328821 18.6612478665583 50.070764387821484 76.59306607889837 52.30146576227002 37.907707357765084 47.39189337043329 41.95335708343752 64.41757769370778 68.80897420133019 47.558296789352475 33.420767107048 7.738698253856363 81.85692603830344 82.9939280475966 0.0 52.58116519896978 37.3192861942155 63.64918915416968 95.13962526260464 26.30424056911481 15.028737500185402 48.847253788060094 77.24866324765325 56.615952577884435 29.092500138017304 39.85278169185135 38.79321032158038 64.3881690568762 70.61389744119235 35.250166105717035 27.362584352516173 24.481572037989576 47.150083003546776 2.2226858170598653 31.089516571966744 18.295821535088518 55.78741338595331 33.53165246321172 42.103011970861715 25.39097246205117
17.386879394273627 25.542698152210825 51.66371458936123 17.17673339803269 72.8210747879942 20.894763250024806 42.184049405116745 40.535978373552624 36.849858832112794 15.618712071572011 24.527410710410564 23.419414192645096 14.718119827567836 55.945004864715514 11.380905569259147 14.42761555792896 16.872249467404245 31.152976776621234 20.005622394333223 57.56827047577644 29.32901457753091 30.6950172138596 52.58116519896978 0.0 82.52097555736366 11.164626201094256 43.120366672473814 41.89087753391127 47.8661424751692 9.92726812952624 25.129242051538135 28.94302658374997 58.31743020503059 20.789852794010862 13.87593052752675 17.447766659956063 18.769608668468923 34.67130778085203 25.293598201179798 32.00879691354081 12.915353192310173 50.36091878872424 83.45075585855827 52.962642242378614 5.305930313070294 32.3559958654923 37.84352968791899 33.210862382631326
98.35870560003033 106.91734280100195 39.165743816421454 74.8982447141715 12.408821367478167 102.55002235460843 120.46611712865712 52.367614251652554 55.15531761242934 74.11596741052938 103.8204390656081 88.06655837434452 68.46643574246026 83.39870303356902 71.14154189222317 96.2290694090959 96.42324003640415 84.44371531131598 62.672047997934676 29.62623884730134 109.99724065331604 110.32561602542101 37.3192861942155 82.52097555736366 0.0 92.54560490845931 121.273016051973 63.5749254827356 51.918344455556834 75.60635777158632 104.52724012422817 92.94376681535735 62.74290756130036 75.0738249292507 69.13396304717513 97.38817294091501 97.95968351770533 72.44694934884404 59.97525087629136 50.51800857730561 80.83620760153298 38.926471427983614 23.515924743703405 53.51069509111301 86.8890735029495 70.51420922816068 79.41002063407316 62.02838934606682
6.227228160434236 14.573988668759656 62.769534084581736 27.395395855705306 83.27445573359587 10.038361032008543 31.055170640591566 51.683106529131074 47.984526231052364 20.6405668117794 13.47218859523771 29.46054346774662 25.741486902040947 64.51818248615633 21.926346000709668 10.72120866445163 6.182457902937022 38.658270455925475 30.666360528770937 68.43568597179227 18.208101056584553 19.536235620578495 63.64918915416968 11.164626201094256 92.54560490845931 0.0 31.995828558606558 52.44600465165695 58.941495817288775 17.175788993435006 14.042698770846034 33.738820142313415 68.82424464497632 30.663811571835843 24.86019178054923 15.76143176097903 8.0477491055069 44.42343217327915 36.42728829352008 42.266988651313426 21.81367750572382 61.432336382166945 94.41761383987283 63.93676704312309 9.987241004694942 42.42847272320536 46.506982980251536 44.11392111598206
25.853366594354807 18.954889211175445 94.37689314242014 59.02002944725027 113.11715114818601 23.31124118530448 0.9544054381179099 83.65535053424593 79.96910012517043 47.198259418357814 18.619563612470568 57.40121257294169 57.397118814738256 93.42791981250244 53.191172721549385 35.98856142898775 26.387189866280874 67.29339946095132 61.75845859769243 99.38552775226665 14.693728486922083 12.543311883790647 95.13962526260464 43.120366672473814 121.273016051973 31.995828558606558 0.0 84.05709081413569 90.93482350867886 46.64171255066933 17.998196673471828 59.58185571416073 100.30189233018618 61.98506264208319 56.47868014671783 39.56201643313507 24.547642551452412 75.31511934851417 68.20393419718715 72.44017556428507 52.904209787701376 92.94049072273971 125.50885646685008 95.88074424422126 41.38820486761801 73.67479663352255 76.10560725140003 76.0358450310884
58.343936695896566 65.35025043622556 24.434574699366443 25.07233202696127 51.24825099086817 60.808312073521535 83.10366460198964 12.783792721025534 12.398582990029087 47.62735957736748 65.85809090334284 30.970182067489354 30.70395139394103 23.212804533728953 35.35415504597124 48.987614279330984 58.52380859707045 23.48150164939711 30.449109100404378 34.042033523763045 69.5373541715756 71.52138991697244 26.30424056911481 41.89087753391127 63.5749254827356 52.44600465165695 84.05709081413569 0.0 11.98180228254647 43.464867943129065 66.38512052048948 33.57867152519797 16.427252502673678 22.12605213479411 31.584165945085562 47.10178297889823 60.424700629220695 10.742884082657202 22.314847195598343 31.543628987528916 31.212651667797527 24.915140189317757 53.349714958063515 13.643976902371486 42.70318058581586 10.880568983510999 16.2521392850907 9.806969292044851
65.09323541514775 72.7496428085692 13.143651043417037 32.63961709739328 39.53421551471384 68.09818682430883 89.99232972618645 8.0813619208807 11.27210628925676 49.977943035400415 72.38250739527619 41.48858493164523 34.42333381130391 32.41931345411964 39.08805372988184 57.28584506373179 64.73166429278305 34.99448677418883 32.02744554139045 22.678396627814234 76.79384554293827 78.4382063783503 15.028737500185402 47.8661424751692 51.918344455556834 58.941495817288775 90.93482350867886 11.98180228254647 0.0 47.01908488765465 72.972951930218 44.81670600077531 16.22818747828797 30.637864538752943 35.371463466432246 56.171343576362204 66.62407868420004 22.191940096380307 23.94200616226342 28.366877351351654 39.269963059802585 14.089731785557408 41.55285129031893 6.002027017596121 49.80912656115233 21.34835788567935 28.22738877348313 15.296863865725726
22.770551950171072 31.322970732526105 48.24819213051483 21.483956778399378 66.73664071758887 27.03702022822917 45.76422567473212 39.11053222770102 35.750564368911455 6.047792817317469 28.45017959632984 31.60936174808379 12.833319656841317 60.73257955990827 8.125423621427837 23.85585944217619 20.867533695213087 37.85767575145644 15.530378698964386 52.763226839857566 34.4279826497285 34.97442124397035 48.847253788060094 9.92726812952624 75.60635777158632 17.175788993435006 46.64171255066933 43.464867943129065 47.01908488765465 0.0 29.144311676585406 37.532505540094476 59.605848762148995 25.308270520815462 11.919388188444154 27.301738971130813 22.48827552075452 38.37203475954753 23.10565539932223 25.83290487379861 19.96966233218166 46.68458575843995 78.89353741828795 52.64031380067919 15.201968959579979 35.55242508493511 43.02789872620774 33.90007005449527
8.053905447853023 5.815528307030122 76.45001145114423 41.312818811785945 95.87532558546764 7.113711588656264 17.066817531289573 65.66034054347219 61.97893704496191 30.592695224421245 0.7113065980788735 41.388989998980264 39.43236684456533 77.25027352558462 35.30132594168062 19.957487536930824 8.440441619771134 51.09123815569111 43.94130348238064 81.68499676317477 6.000132007693243 5.830119124779357 77.24866324765325 25.129242051538135 104.52724012422817 14.042698770846034 17.998196673471828 66.38512052048948 72.972951930218 29.144311676585406 0.0 44.5773092468847 82.72169214232578 44.44381490430209 38.519974758539554 24.482794054673516 6.677663221456432 58.03422052337528 50.22393846330972 54.96006823639935 35.435770343145975 75.04273931625526 107.77625633342426 77.97892629935073 23.70037284054204 56.20015790020084 59.49308686888059 58.1520712630252
37.37226763228135 41.091837972158025 54.98081672538637 20.37473410482224 81.2386719329306 37.574260997056875 58.66554776282805 41.23814300889434 38.01839458678185 43.57945441666914 44.328877417585076 6.173788426562293 31.61073714904806 34.44937947220538 33.07994865592121 24.65023631995303 39.324128434352176 10.272454224403386 36.78969818208348 63.83088507635485 45.224343187734995 48.03763692765081 56.615952577884435 28.94302658374997 92.94376681535735 33.738820142313415 59.58185571416073 33.57867152519797 44.81670600077531 37.532505540094476 44.5773092468847 0.0 46.8068793165934 18.612333277884062 31.66748932879955 20.213688132030295 40.86881377315888 22.83993894443899 34.72999496167585 47.11275309993585 17.922701602810406 54.66014612067905 86.25098460671096 47.21354036925828 25.279537390681988 23.506816088613927 19.321080331793024 31.225263901986537
74.6716514956605 81.5040268135468 27.40688659629519 41.42978762777613 50.524431356880946 77.00996292552743 99.34765094943664 23.35752684635733 25.362667571353594 63.44773865181967 82.20560162453032 45.51975887099077 46.77952799171188 21.75567650711521 51.48057945759169 64.90239282954504 74.92133296350221 36.58999062801427 45.788672224247364 35.82960582966024 85.71867732084472 87.78329050150187 29.092500138017304 58.31743020503059 62.74290756130036 68.82424464497632 100.30189233018618 16.427252502673678 16.22818747828797 59.605848762148995 82.72169214232578 46.8068793165934 0.0 38.31900933993036 47.68702104144074 62.61720653335866 76.82045272323954 25.390665028677716 37.47460508143372 44.15789417459599 47.3979948595815 28.92270957839782 46.96441679924483 10.972759438830266 59.02248260072549 26.657363886881612 27.54725992356251 25.706278293000704
36.38990958075185 43.23008546649162 38.41055629624785 3.837592793631518 63.704763119816334 38.704978209074405 61.030927974965806 25.021475144749946 21.375969867205953 30.805405922693726 43.94365906505027 13.09890412590745 15.06337953144418 35.56457064430445 18.27714327629379 26.949319066359507 36.82166009503337 13.80602525115063 19.116478200942446 46.57531802046924 47.426406423763915 49.46428116171332 39.85278169185135 20.789852794010862 75.0738249292507 30.663811571835843 61.98506264208319 22.12605213479411 30.637864538752943 25.308270520815462 44.44381490430209 18.612333277884062 38.31900933993036 0.0 15.489515299161479 25.535650717934285 38.70543648276885 13.888881099672812 16.11767304333168 28.57278209712626 9.091127126128418 37.745884782774795 70.55401814394853 34.71460144635564 20.75453557941682 11.76727165890389 17.72062363101038 15.404159821189783
31.069830157880407 39.3732599498028 37.94363439888414 12.086435439312515 59.12051846542588 34.744128206602184 55.559162464280355 27.615728038340634 24.112635412310187 16.274894741129984 37.87689916472716 25.499959332773702 0.948725230941941 49.81601036767968 3.7966108941711707 27.09567682915459 30.0950556277626 29.164672006390404 6.523541003964688 43.69342637665933 43.06585351763313 44.22994774217942 38.79321032158038 13.87593052752675 69.13396304717513 24.86019178054923 56.47868014671783 31.584165945085562 35.371463466432246 11.919388188444154 38.519974758539554 31.66748932879955 47.68702104144074 15.489515299161479 0.0 28.59398638865681 31.9321834918762 27.21796349896853 11.767806230063023 18.75720253703712 14.240457384344372 36.57813981843806 69.58879088385578 40.877528784529076 17.782664951967593 24.223501974239767 32.685454515873516 21.982058687445576
17.771901284281842 20.894218001487243 63.123828524623974 23.884516251330446 86.86042942834143 17.41484971201555 38.631976239428084 50.22923935001434 46.49010510288208 32.65405782576645 24.28352921806028 17.94728928860593 29.141703023217122 53.89382594086378 27.521804831629876 5.109702815575393 20.252276673920775 27.84966610952775 35.110221418283764 70.46393682812277 25.06107121582642 27.831674600071505 64.3881690568762 17.447766659956063 97.38817294091501 15.76143176097903 39.56201643313507 47.10178297889823 56.171343576362204 27.301738971130813 24.482794054673516 20.213688132030295 62.61720653335866 25.535650717934285 28.59398638865681 0.0 21.520616785040936 37.22666496914721 37.70450253016229 47.31629010067995 17.25699882720636 62.20078510680935 95.42463328169879 60.14868888401151 12.143047499535767 36.24572270694007 36.885242177575584 40.907834962070524
3.8624699039558847 9.774375844285437 69.83471953082301 35.40328347260463 89.22486038134109 7.102376298789435 23.63084626548126 59.214975922801905 55.55918612864428 24.217289714351963 5.99910247172026 37.02175255944561 32.852283760402095 72.42065819589368 28.660617199894144 16.507807754981286 1.9037665971367619 46.437368260568526 37.278373097473505 75.0102995868599 12.092212167336607 12.500435391238153 70.61389744119235 18.769608668468923 97.95968351770533 8.0477491055069 24.547642551452412 60.424700629220695 66.62407868420004 22.48827552075452 6.677663221456432 40.86881377315888 76.82045272323954 38.70543648276885 31.9321834918762 21.520616785040936 0.0 52.470995155687945 43.6667672500372 48.29086252215878 29.857492380774573 68.4109755183792 101.10545362279022 71.72908894817685 18.0272572519424 50.46752626034581 54.45947486582552 51.952428034678164
49.995098410947314 56.41228132484613 33.47178753206582 17.539710065340394 60.31437209029904 52.008329421806806 74.36125473638192 20.107733957671194 17.7665159830056 43.40877382398653 57.562779289385205 20.413140878187246 26.507659041570914 22.621337554930825 30.663646975320486 39.626046387442656 50.599997535635175 12.818927265751828 28.358333136805175 42.84515161082815 60.65589262517476 62.86374598978213 35.250166105717035 34.67130778085203 72.44694934884404 44.42343217327915 75.31511934851417 10.742884082657202 22.191940096380307 38.37203475954753 58.03422052337528 22.83993894443899 25.390665028677716 13.888881099672812 27.21796349896853 37.22666496914721 52.470995155687945 0.0 21.649380886164742 33.55506971943663 22.628010041460314 33.53150458835001 63.74455914080378 24.385609781543447 34.453281744257815 3.215599116856778 7.530173930686072 11.29475085454072
42.65412509964272 50.81927060556354 26.384185874979817 15.085510163763715 49.17858158622901 46.158371895040226 67.28029542860446 16.00518144506561 12.703527230590021 26.163519257931913 49.589329217736214 29.099881826942717 10.832575900304285 43.51982075593658 15.320847734079809 37.24932633718117 41.81710789244761 28.713126445232906 8.316405662120106 32.86822219605107 54.61998007707185 55.8966285188172 27.362584352516173 25.293598201179798 59.97525087629136 36.42728829352008 68.20393419718715 22.314847195598343 23.94200616226342 23.10565539932223 50.22393846330972 34.72999496167585 37.47460508143372 16.11767304333168 11.767806230063023 37.70450253016229 43.6667672500372 21.649380886164742 0.0 12.683492722653279 20.86544194300524 25.139934743322897 58.38114166068968 29.658879002980456 28.44403834792376 18.44571078595371 28.692895265480804 12.601362569684822
48.25108312064191 56.78590905854875 24.380328359864322 26.94117848265021 41.01767647288235 52.30508764116426 71.5710121799511 20.802936618928186 19.380944191127735 25.984064148879472 54.26958899153101 41.29107659698395 18.17527471918675 54.28099741075283 20.627891344281675 45.80050262667483 46.621277987442376 41.396205019861334 12.237055237586727 27.202271349789413 60.11664848141441 60.78896552524414 24.481572037989576 32.00879691354081 50.51800857730561 42.266988651313426 72.44017556428507 31.543628987528916 28.366877351351654 25.83290487379861 54.96006823639935 47.11275309993585 44.15789417459599 28.57278209712626 18.75720253703712 47.31629010067995 48.29086252215878 33.55506971943663 12.683492722653279 0.0 31.746762179962143 22.52946996072583 53.279063565009785 34.33643103600667 36.412184143221346 30.44288573085746 40.88391819402181 23.012874108542746
27.386789331471377 34.139437510044694 45.87069201732289 6.674177040644686 69.9865230428856 29.61606954355608 51.949930178730895 33.030124606070125 29.27689934913589 25.966231351131423 34.952356581599346 11.812132406850212 14.38734528000195 43.150662679546436 15.201406834823278 18.0276161574886 27.995405500976048 18.31202509603437 20.13666498060668 53.347994855899955 38.335575666919624 40.39155452744853 47.150083003546776 12.915353192310173 80.83620760153298 21.81367750572382 52.904209787701376 31.212651667797527 39.269963059802585 19.96966233218166 35.435770343145975 17.922701602810406 47.3979948595815 9.091127126128418 14.240457384344372 17.25699882720636 29.857492380774573 22.628010041460314 20.86544194300524 31.746762179962143 0.0 44.96937009117128 78.17064282450802 43.61948366284581 11.831026440677144 20.785035635213404 25.03849770316774 23.977101306200883
67.64683318419469 75.90359124940936 1.9969426517386812 38.45633759985687 26.79887579883812 71.25304465247834 92.03179826395882 13.52615186804386 16.654374713957253 47.98685548547646 74.38815296333314 50.265763704334084 35.69105685839573 46.503383770571936 39.75125806547908 62.205493933918696 66.60354278014522 45.71419015489874 31.237907292240205 9.314251049443035 79.64028890955953 80.78472890517197 2.2226858170598653 50.36091878872424 38.926471427983614 61.432336382166945 92.94049072273971 24.915140189317757 14.089731785557408 46.68458575843995 75.04273931625526 54.66014612067905 28.92270957839782 37.745884782774795 36.57813981843806 62.20078510680935 68.4109755183792 33.53150458835001 25.139934743322897 22.52946996072583 44.96937009117128 0.0 33.300942679855154 17.987737801274168 53.56592930571668 31.705656492483055 40.50137079156723 23.44435235654694
100.59764156859947 108.95884150044942 32.30092489917847 71.58951989995613 17.851639385404717 104.33290344711317 124.62074232903306 45.56164583721092 49.178160703266464 79.21352394952633 107.10407031609101 82.51392076526854 68.73360327125837 68.70346300271817 72.54286514460173 95.50638635693845 99.34814389944651 76.53939734538169 63.84602801038011 26.130951303057255 112.59380018599596 113.57133265341677 31.089516571966744 83.45075585855827 23.515924743703405 94.41761383987283 125.50885646685008 53.349714958063515 41.55285129031893 78.89353741828795 107.77625633342426 86.25098460671096 46.96441679924483 70.55401814394853 69.58879088385578 95.42463328169879 101.10545362279022 63.74455914080378 58.38114166068968 53.279063565009785 78.17064282450802 33.300942679855154 0.0 40.51591064227167 86.82517998990657 62.746119999706586 69.52452185723881 55.48539194200344
70.02947277566938 77.48551681399069 16.547580149383187 37.109091798327114 41.126117055818845 72.8622321109754 94.93337631138778 14.020495206638497 16.959245040154418 55.784052290403636 77.40645350322136 44.53366641721665 39.93344422856862 29.892710647812542 44.63326152288329 61.62682057821304 69.82908309007982 37.07267764543615 37.83861585846617 25.38228820230637 81.5887428781312 83.35122702595446 18.295821535088518 52.962642242378614 53.51069509111301 63.93676704312309 95.88074424422126 13.643976902371486 6.002027017596121 52.64031380067919 77.97892629935073 47.21354036925828 10.972759438830266 34.71460144635564 40.877528784529076 60.14868888401151 71.72908894817685 24.385609781543447 29.658879002980456 34.33643103600667 43.61948366284581 17.987737801274168 40.51591064227167 0.0 54.572392834298036 24.291275280554014 29.270737814583423 19.849999633560763
15.649173782760126 22.941439422817233 54.74138373505098 17.638939619129665 76.8845069954112 18.297759453581985 40.436477044335966 42.88664540792884 39.13263917824878 20.748327280510026 23.192161267125453 20.294453271662217 18.504675075796577 54.6511484642651 15.962181395017447 9.439151699557904 16.169652733874106 29.010406416162102 24.217101560959026 61.18522405905313 27.017120062507697 28.844980752943677 55.78741338595331 5.305930313070294 86.8890735029495 9.987241004694942 41.38820486761801 42.70318058581586 49.80912656115233 15.201968959579979 23.70037284054204 25.279537390681988 59.02248260072549 20.75453557941682 17.782664951967593 12.143047499535767 18.0272572519424 34.453281744257815 28.44403834792376 36.412184143221346 11.831026440677144 53.56592930571668 86.82517998990657 54.572392834298036 0.0 32.51953550043998 36.59356458094981 34.7260637482829
48.14672122309604 54.85049538928523 31.811324676634886 15.183436613245723 58.49571849488096 50.37099716440201 72.720397740787 18.18181288740019 15.462109220547692 40.46496735655717 55.704568462413725 20.270793019224747 23.48570422979652 25.71954462732432 27.738617919046504 38.28039814410102 48.58137156158722 14.030705364246097 25.16843712866491 41.00310410655394 59.070205219745375 61.17228546929504 33.53165246321172 32.3559958654923 70.51420922816068 42.42847272320536 73.67479663352255 10.880568983510999 21.34835788567935 35.55242508493511 56.20015790020084 23.506816088613927 26.657363886881612 11.76727165890389 24.223501974239767 36.24572270694007 50.46752626034581 3.215599116856778 18.44571078595371 30.44288573085746 20.785035635213404 31.705656492483055 62.746119999706586 24.291275280554014 32.51953550043998 0.0 10.46826704901368 8.701593315375678
