0.0 50.344084183564256 51.9885535244013 26.32607421007686 32.72595979870252 43.501742007483564 60.440261984623504 30.378280105266334 36.18725948310565 24.19241344672252 28.330928730911054 35.11068322369206 22.92082189710034 9.187454847152122 57.57556213769027 20.85514827073998 47.78790754416289 59.428608459617124 59.20239432588325 48.96273431368765 6.5940729961100155 49.88806443849927 61.098687779339706 25.741065290375822 32.495243213427784 21.169202886011142 60.741515509934054 33.09992803934793 37.60563521923398 8.446724821918798 4.660475218694974 32.073118844220545 28.825920350283436 21.418742243964584 51.255896010595926 15.400977047341513 32.07510578811712 60.718212069682615 43.747073381352635 46.33437187895768 15.574688340672536 18.53041755252104 34.563108914690986 40.178937365144044 59.12654504491884 25.727451488681353 59.955214745469824 27.955222184893604
50.344084183564256 0.0 55.64550983546533 30.294646751418767 49.18004015960949 26.701104059371325 31.08625845142381 22.301640227832355 48.280529081566854 71.23099825988484 57.81125181939638 62.50352962981634 40.12511307247658 53.784691417025826 46.92081249356294 30.28044308801214 34.058411922983765 60.198220132910734 107.54620728677438 88.37426573698336 45.17406567584682 2.0216869834923714 42.52583129509305 38.53847595815143 43.552513347768446 29.729580623913574 30.720052618105946 17.919250134604837 58.768923581737106 42.13742401185395 45.78642339881621 66.17798911592533 41.54305955279249 49.857887321996664 36.72489307658732 36.39636817835635 27.029650726988706 58.28779271004195 91.32843939873483 87.6984616462988 39.48097846861671 31.91426806318523 38.60606233390957 81.4280633706979 27.83285875442562 73.80605316640077 54.68777126413382 52.729746133053915
51.9885535244013 55.64550983546533 0.0 60.380210444026915 78.54486624415799 72.21339252652889 84.24227067325002 40.608879175930376 15.80411058971127 74.0532931215146 28.625517344664807 25.79955254935641 30.39364128151194 45.49963708704582 93.39645808267755 43.048730276201255 79.91804231845772 7.440218392417431 103.18222364734095 100.43688542832697 53.72989298436282 53.71916851292853 23.636800790508342 66.90444190594336 75.3757184483395 51.135819687764545 84.08459813554448 45.01859445679533 19.246529496563458 50.960839273637994 49.41891345920841 33.64342463681461 24.174193534974087 70.16027036540912 83.64793378464805 42.467812411532506 63.2208796081785 9.33301183971777 90.57247233679965 97.3652776650375 57.976177159505454 49.05627240479533 21.00176451422531 91.52065445810368 81.32641465444883 74.32070264804425 99.15406436505184 76.56456988056233
26.32607421007686 30.294646751418767 60.380210444026915 0.0 20.848413585238553 17.246024385466402 34.13088327914446 21.560857168337876 46.51313728833061 42.374941157103706 47.22048281905127 53.81051406766834 31.9124013575737 33.59969165385002 34.495174833582126 17.504591863712907 22.537773052045626 67.18068565104801 78.37971235790047 58.095377620179164 19.79014851088987 30.74707580132143 59.00411007609846 8.739159333239005 16.096503731445594 9.45788937718459 34.42148175906101 19.56275485506995 53.33637154420877 18.40709220376488 23.00482634507065 53.80782312303229 37.29958271085904 19.566864513978118 26.278417230595856 20.34461312276651 5.759247323795609 66.9636791859513 62.0620256865534 57.41811097526636 11.277238569482668 12.228085718465621 39.383942188520436 51.17223368655597 32.813931786567835 45.29590563520717 39.17507836268471 22.83859691223397
32.72595979870252 49.18004015960949 78.54486624415799 20.848413585238553 0.0 26.186118524469506 40.07106247997288 42.050699301923444 63.53198683870388 35.097035569417464 60.0387818901566 66.92197388189282 48.43308729690594 41.89687628777886 28.276938087850574 35.97404931156295 24.550323050329812 85.69429610968821 67.19708476600137 41.4119208197341 27.42537983461667 50.04318271081529 79.56214687592126 12.356900369674726 5.7244433973457 28.324341578737222 40.65522120998518 40.40585992226055 68.15987188743556 28.918286320221068 32.27582318213392 64.69587169967338 54.50105460034664 11.825821090638557 26.388494849317695 36.15873219251468 22.270339593062708 85.93499176261881 51.43860454493877 41.961698299498835 20.725991794170575 29.754131445854103 57.941488651892996 36.45389827808022 40.50547481015115 38.50178661447086 28.34791239813226 7.165953846022111
43.501742007483564 26.701104059371325 72.21339252652889 17.246024385466402 26.186118524469506 0.0 16.967192540409446 31.616965223144536 60.097578837453774 56.948555760469056 63.288220243962776 69.60933924175465 46.66903644127406 50.81553929788864 21.696189778175796 32.03915325955592 8.000451915212258 78.33853845218023 91.7795997944789 67.56457671744613 36.92622909730702 28.18045598334025 65.57265117880692 20.231432678502706 20.617822845740882 25.149180019735667 17.307981247348632 27.302882690616652 68.2904136227573 35.6517722261538 40.24947198547017 70.35947524421101 51.176976187887334 31.924743115025283 11.521852543456705 36.39733345771148 11.628693884545099 77.42156151773779 75.58950039396514 67.90735121835398 28.107653878655594 28.331292162945495 51.64580405965913 62.140538760730784 16.020754120048345 60.134558368616 28.729208556803712 31.86938120463432
60.440261984623504 31.08625845142381 84.24227067325002 34.13088327914446 40.07106247997288 16.967192540409446 0.0 44.74877653683654 73.81326180508336 73.17099350045703 78.86778353098171 84.90017562103296 61.58272494574034 67.56089311502261 20.77942021869823 47.40419490932322 15.522728391942984 89.65522603771936 107.11205347475537 80.90881501643881 53.87505670655459 33.07065146421809 73.53227651796033 36.7715196965253 35.18439542242544 41.3528801273278 0.7113065980788735 39.81430817059182 82.90169867210534 52.49355421686497 57.085427537896024 86.3109092211366 65.36199684345995 47.92005084046261 14.415154492020783 52.37934264754867 28.415914538486007 88.17869111049251 91.12981804061619 81.86114802212222 45.074842122283805 44.56347717809258 64.69182886195087 76.50479050597653 3.2964905278071046 76.43701145719282 28.889020198266834 46.67504020742014
30.378280105266334 22.301640227832355 40.608879175930376 21.560857168337876 42.050699301923444 31.616965223144536 44.74877653683654 0.0 29.06513124237241 53.575454765165254 35.98037584103321 41.228798154611496 18.125068398188485 32.13708520733639 52.84716348059164 9.58189410294666 39.31509576520074 46.87923770569793 89.41296689266426 74.89682198565355 26.68104021122416 21.230096720130224 37.51717084294704 29.69390981841586 37.62341735853391 14.210564917668064 44.70214562915247 5.0791464795912455 38.43371633896393 23.18062394763942 25.725895482211598 44.19333720688582 20.787743178612512 37.4702854413621 43.03918702472 15.175115272824002 23.095275463066685 46.217500769513826 73.64218015133441 73.27515088071982 24.57885710699561 14.281358214802221 20.124614831293567 66.87442397723862 42.130323886902744 55.624672423808185 58.898838903708366 42.56540566089231
36.18725948310565 48.280529081566854 15.80411058971127 46.51313728833061 63.53198683870388 60.097578837453774 73.81326180508336 29.06513124237241 0.0 58.55808439197701 15.75914946853568 16.5533995867834 15.099785668050691 29.964705522165843 80.50967711462911 29.01695177601223 67.41755841239083 23.24413911840196 89.01967915108186 84.75390213525728 38.04809583566602 46.59507668695301 30.66348243496543 52.284084311843266 60.74931924611869 37.07158126913161 73.7620197579456 34.02626755612564 11.012741696687067 35.40398597608575 33.657953862916685 23.2111142140742 9.22026676057395 54.65723530121786 71.22335870366547 27.390904173700054 50.0704347614801 24.6512053005223 75.71834687667881 81.7659645894014 42.82582222187038 34.62593393898265 9.676811827640876 75.85356146187469 71.16973502296428 59.00547276342794 85.6706299189749 61.13989208318881
24.19241344672252 71.23099825988484 74.0532931215146 42.374941157103706 35.097035569417464 56.948555760469056 73.17099350045703 53.575454765165254 58.55808439197701 0.0 46.95137424368213 52.70477886189598 46.740933780617944 28.594217556740446 63.35377738971611 44.02967224029655 58.1580257614115 81.3992306474394 36.3165394308675 26.9207636273086 26.906857606958457 71.17290570578588 85.16601466006085 36.735003380239434 38.612022181500585 41.66299376308929 73.65384768211615 55.41114891752121 57.16020193918314 30.395104985639676 28.479450038207812 46.85857322106759 52.301048031705136 25.26404892069595 60.69939267858947 39.24565864664285 47.55041673288106 83.16394462991174 20.175065986794905 23.434986003402827 31.846840997553986 40.01348220769991 58.37239638556842 18.06352119414489 72.8352620648266 3.408585976928404 62.530810857118844 27.93541358195055
28.330928730911054 57.81125181939638 28.625517344664807 47.22048281905127 60.0387818901566 63.288220243962776 78.86778353098171 35.98037584103321 15.75914946853568 46.95137424368213 0.0 6.883224275941769 17.859952730934264 19.736733147695027 81.58839780872084 31.467065791810644 69.63377237638865 35.53515964950766 74.5585431616226 73.8213458879751 32.651740633993825 56.438559923063195 46.422270719718405 50.61647701274528 58.614144418399455 38.23688114593969 78.9554187003854 40.96393566760426 10.236650370279403 31.279869945032118 27.78868413844146 8.498478658607555 16.954270198956024 49.41102412158781 73.42160635453655 26.972808198752293 52.02977541536772 37.95607760779898 62.23169781892306 70.3745659930658 40.02537565161738 35.13990046711352 22.36159346493684 64.90365303990018 76.66365073494592 46.731506576283536 85.4538780588474 56.033177593755155
35.11068322369206 62.50352962981634 25.79955254935641 53.81051406766834 66.92197388189282 69.60933924175465 84.90017562103296 41.228798154611496 16.5533995867834 52.70477886189598 6.883224275941769 0.0 23.381908108085568 26.341591602682538 88.2487918699785 37.620251382877186 76.12642487736457 32.014990580006646 78.37136365256363 79.62553207742064 39.5324899080163 61.00874760938941 46.20543649997861 57.43307870401301 65.46856656217084 44.69571233661818 84.9589350159478 46.28889652320519 6.672847560498002 38.14797871141514 34.66969767917591 7.849401934512661 20.972017570184693 56.268676162285615 79.92780725424325 33.48513458421906 58.48404523081317 34.90522223095681 66.90425687541493 76.0328693864065 46.87099376504577 41.65299805227185 25.142736512331552 70.74820812425979 82.59460579798862 52.213206662300614 92.23552551780152 62.886222474574176
22.92082189710034 40.12511307247658 30.39364128151194 31.9124013575737 48.43308729690594 46.66903644127406 61.58272494574034 18.125068398188485 15.099785668050691 46.740933780617944 17.859952730934264 23.381908108085568 0.0 19.367753022407367 66.27905272171763 14.704594137904119 53.57134481628844 37.73008352909803 80.01374725663572 71.85920099432607 23.522724574212113 38.841267463917596 38.49332560774866 37.251036015003194 45.70025804417637 22.469669318768247 61.62558811808615 23.105369952668006 21.63915771752426 20.602213759336703 19.556214876669113 26.09142711394872 6.243857397191853 39.76745892739427 57.39245047097413 12.29634142670601 35.963555301131066 38.51839613387553 65.4431620164729 69.25151864942153 27.734432844818656 19.790337443652675 11.655226210487074 63.09716046717812 59.23277824635046 47.804111515491584 71.0565598807018 46.17909299397277
9.187454847152122 53.784691417025826 45.49963708704582 33.59969165385002 41.89687628777886 50.81553929788864 67.56089311502261 32.13708520733639 29.964705522165843 28.594217556740446 19.736733147695027 26.341591602682538 19.367753022407367 0.0 66.19528069173475 23.515480560093962 55.772499726872276 52.876430736460605 60.66355248233634 54.99060496751863 14.996865865196733 53.009334047936214 57.61583444437178 34.3323633833673 41.470809279422 26.659718358008583 67.80216824322817 35.910592796462595 29.512128361497673 15.254926164544893 10.708826375494525 22.898688794581787 24.21683874541093 30.593435623929846 59.36176060773599 17.39535682202338 39.19992544340097 54.57526133465455 46.33883114733769 51.86581332686449 23.76779590144949 23.562217639431942 30.58618371738307 46.06086032910934 65.96760225068849 29.123787362783602 68.90210866744303 37.10153937135002
57.57556213769027 46.92081249356294 93.39645808267755 34.495174833582126 28.276938087850574 21.696189778175796 20.77942021869823 52.84716348059164 80.50967711462911 63.35377738971611 81.58839780872084 88.2487918699785 66.27905272171763 66.19528069173475 0.0 51.64042356553061 13.70537552664577 99.72154098199272 93.87131652612135 65.00608962480321 51.23561836974507 48.65310711197142 87.21288704984465 31.873411914919462 25.764913411380437 43.843340723133274 21.485738966702023 48.807499873883366 87.80458041980818 51.23570875190987 55.57720652163026 87.7968005846286 71.37682457096912 39.31217585417301 10.337256273202742 54.82991450583439 30.43942204956755 98.94051077105759 78.72389096821952 66.776714439156 42.46365226346594 46.721281927859394 72.57245959825333 62.25227294776338 23.306911801867262 66.7611819218803 8.212605842191483 35.423765593978786
20.85514827073998 30.28044308801214 43.048730276201255 17.504591863712907 35.97404931156295 32.03915325955592 47.40419490932322 9.58189410294666 29.01695177601223 44.02967224029655 31.467065791810644 37.620251382877186 14.704594137904119 23.515480560093962 51.64042356553061 0.0 38.866817596566406 50.00082659689333 79.83128312305678 65.9369488059818 17.174200118611395 29.56522537130693 44.62997045097417 23.968823051881646 32.401604596348 8.10734934208841 47.49931326183752 12.487273751158753 36.33855575970429 13.644624915120263 16.195114431308642 38.99965011017096 19.812856262177927 29.52092371919241 42.68789759091094 6.120125113142629 21.268294276481672 50.04138241851736 64.07166760371676 64.12612141157392 16.44701212381469 6.2390516426775555 22.13782456211525 57.73660998117798 45.246013476904906 46.04758120917895 56.65399969907477 35.230366972754304
47.78790754416289 34.058411922983765 79.91804231845772 22.537773052045626 24.550323050329812 8.000451915212258 15.522728391942984 39.31509576520074 67.41755841239083 58.1580257614115 69.63377237638865 76.12642487736457 53.57134481628844 55.772499726872276 13.70537552664577 38.866817596566406 0.0 86.1456959244741 91.65092221598061 65.49838843224015 41.217788123570735 35.663818297806486 73.5662469402341 22.60339188260861 19.778682617561238 31.430970914308286 16.114909863264266 35.15780266366174 75.20266858578954 40.52493822207233 45.068607889072744 76.34202622969049 58.378754738642996 32.92042961420743 3.8212172651651026 42.66548696397075 17.656845935182712 85.29992823858431 75.73236213996896 66.36600153944386 32.22103270515466 34.494843473275125 59.208111307729645 60.982916897037434 16.200253721500253 61.477033258349266 20.823626154329933 31.220906828083315
59.428608459617124 60.198220132910734 7.440218392417431 67.18068565104801 85.69429610968821 78.33853845218023 89.65522603771936 46.87923770569793 23.24413911840196 81.3992306474394 35.53515964950766 32.014990580006646 37.73008352909803 52.876430736460605 99.72154098199272 50.00082659689333 86.1456959244741 0.0 110.0292099257978 107.83888114595115 61.12817869681709 58.21865826980467 23.431128193724998 73.93636713400869 82.39190955133148 58.04540245622036 89.45689184521355 51.03980009813609 25.73083808765925 58.32218662514101 56.84345570126832 39.833169492405595 31.492914960817966 77.49061291904333 89.83103607280147 49.70882695959261 69.76502259247212 3.807853142979757 97.68715272983245 104.73889717621773 65.20188914258516 56.08714318329971 27.863737808690885 98.91833877044328 86.65198765067629 81.60799789194529 105.69502576346804 83.86338113101863
59.20239432588325 107.54620728677438 103.18222364734095 78.37971235790047 67.19708476600137 91.7795997944789 107.11205347475537 89.41296689266426 89.01967915108186 36.3165394308675 74.5585431616226 78.37136365256363 80.01374725663572 60.66355248233634 93.87131652612135 79.83128312305678 91.65092221598061 110.0292099257978 0.0 31.632873385818474 62.94746696497276 107.48560735658609 118.18233754509346 71.9483529951281 71.93004278887582 77.95872741100561 107.66512397220518 91.56031526018053 84.33671182557086 66.33564144949801 63.790285651244155 70.85348657950867 84.72747743038992 59.94519042969239 93.578099070598 74.60174513200995 83.29949642833486 112.51403280551872 16.31963189620878 28.279798640153437 68.12352490018235 76.20679397876205 91.18295894684555 31.714161654709343 107.23391552904671 33.87867489098199 90.82400537551048 60.43828795461024
48.96273431368765 88.37426573698336 100.43688542832697 58.095377620179164 41.4119208197341 67.56457671744613 80.90881501643881 74.89682198565355 84.75390213525728 26.9207636273086 73.8213458879751 79.62553207742064 71.85920099432607 54.99060496751863 65.00608962480321 65.9369488059818 65.49838843224015 107.83888114595115 31.632873385818474 0.0 49.37553587039561 88.83627695025359 109.58462902347927 49.95358914690319 46.9513405534907 61.184976726607914 81.53661816664102 75.40106704419524 84.0041757970355 52.865288842778604 52.47835899183391 73.6862426585943 77.78381995078942 38.5897713454578 66.65747834093625 62.420688365587935 61.72352757603601 109.40272200476187 21.75056923090812 4.540509678024325 50.51799667140748 60.61712634192451 83.4683079099813 8.935669641536743 81.66687043407612 27.727588236031977 60.84323278042223 36.06891352020362
6.5940729961100155 45.17406567584682 53.72989298436282 19.79014851088987 27.42537983461667 36.92622909730702 53.87505670655459 26.68104021122416 38.04809583566602 26.906857606958457 32.651740633993825 39.5324899080163 23.522724574212113 14.996865865196733 51.23561836974507 17.174200118611395 41.217788123570735 61.12817869681709 62.94746696497276 49.37553587039561 0.0 44.89379935020117 60.249243032768604 19.362211675438687 26.542518818655722 15.509350146100276 54.18364691271195 28.616189427777925 41.15877937580735 3.5565329903929532 4.863190441177956 37.40458480403582 29.747092040865017 16.946320055142476 44.7088691870817 13.045457474729364 25.54771172611286 62.032962505629314 47.024100764350344 47.276791895104466 8.996755912494617 13.337004400880936 34.72464404754629 40.92744491023605 52.60394691045839 29.074504098917185 53.932057920844024 23.570920184075824
49.88806443849927 2.0216869834923714 53.71916851292853 30.74707580132143 50.04318271081529 28.18045598334025 33.07065146421809 21.230096720130224 46.59507668695301 71.17290570578588 56.438559923063195 61.00874760938941 38.841267463917596 53.009334047936214 48.65310711197142 29.56522537130693 35.663818297806486 58.21865826980467 107.48560735658609 88.83627695025359 44.89379935020117 0.0 40.51565698810909 39.14199004614718 44.460703453325 29.550530018937668 32.711498438540985 17.10077289696976 57.15566544368096 41.77536533054612 45.29421895742846 64.83932537426863 40.037131027008265 50.26631025107829 38.41726877324922 35.6580325876956 27.804962658986362 56.28821350020192 91.30835122137015 88.05993492598914 39.54051970534883 31.576818298933148 36.91835551431108 81.76092644758121 29.823932383147323 73.68471836401703 56.36195302534469 53.36269936696619
61.098687779339706 42.52583129509305 23.636800790508342 59.00411007609846 79.56214687592126 65.57265117880692 73.53227651796033 37.51717084294704 30.66348243496543 85.16601466006085 46.422270719718405 46.20543649997861 38.49332560774866 57.61583444437178 87.21288704984465 44.62997045097417 73.5662469402341 23.431128193724998 118.18233754509346 109.58462902347927 60.249243032768604 40.51565698810909 0.0 67.20686799700822 75.09812863572057 51.43695682737365 73.19632006709779 39.8220164829163 39.66350081051523 56.81510242316138 57.20225695440513 53.54834915217064 33.455233415589014 74.14784678398448 76.90173437320568 47.235856738902726 59.72282730258081 20.052991525359815 103.89778910050183 107.27477138975881 61.068658463742 50.69505253908445 27.029650726988706 101.00367207430325 70.30982239913213 86.2959299037081 94.22592608311199 79.71081176151893
25.741065290375822 38.53847595815143 66.90444190594336 8.739159333239005 12.356900369674726 20.231432678502706 36.7715196965253 29.69390981841586 52.284084311843266 36.735003380239434 50.61647701274528 57.43307870401301 37.251036015003194 34.3323633833673 31.873411914919462 23.968823051881646 22.60339188260861 73.93636713400869 71.9483529951281 49.95358914690319 19.362211675438687 39.14199004614718 67.20686799700822 0.0 8.478013579501322 16.09981040191974 37.20465715056752 28.162431939416983 57.88595840759289 19.566485588969563 23.767795901449578 56.27135924003482 43.1186059747978 12.054500641900008 25.82451030322622 25.002494445230298 11.802401744381058 74.00903095048953 55.673380437967865 49.572012043444936 10.708826375494612 17.852295021132402 46.08728213453646 43.45701822733995 36.195392784301916 39.905725885713785 34.894666948945016 14.226131961573223
32.495243213427784 43.552513347768446 75.3757184483395 16.096503731445594 5.7244433973457 20.617822845740882 35.18439542242544 37.62341735853391 60.74931924611869 38.612022181500585 58.614144418399455 65.46856656217084 45.70025804417637 41.470809279422 25.764913411380437 32.401604596348 19.778682617561238 82.39190955133148 71.93004278887582 46.9513405534907 26.542518818655722 44.460703453325 75.09812863572057 8.478013579501322 0.0 24.44409906640492 35.73510845191587 35.570229328081524 66.16596345116169 27.352819462143657 31.23527426936514 63.89766704420351 51.591489533905694 13.696015099300753 22.100628556364907 33.42962152771306 16.784022876224938 82.42444495537372 55.96175507688726 47.32544543671399 18.605879742958226 26.31971052037701 54.53476596323934 41.65318404797141 35.37804989260343 41.97409666768964 27.4602150580983 11.506910617659308
21.169202886011142 29.729580623913574 51.135819687764545 9.45788937718459 28.324341578737222 25.149180019735667 41.3528801273278 14.210564917668064 37.07158126913161 41.66299376308929 38.23688114593969 44.69571233661818 22.469669318768247 26.659718358008583 43.843340723133274 8.10734934208841 31.430970914308286 58.04540245622036 77.95872741100561 61.184976726607914 15.509350146100276 29.550530018937668 51.43695682737365 16.09981040191974 24.44409906640492 0.0 41.533639223350704 14.239963924720769 43.96288203802775 12.735415125148261 16.920773621289708 45.21038356004075 27.85396645171966 23.3033826820468 35.23470094901194 11.273073840971081 13.79521993775162 57.994732576381196 61.825748050972535 59.83042432517805 10.669598971178859 3.210887297596709 30.186807970785047 53.43848970468369 39.53307422370211 44.1358830302196 48.632437496576536 28.376040472370022
60.741515509934054 30.720052618105946 84.08459813554448 34.42148175906101 40.65522120998518 17.307981247348632 0.7113065980788735 44.70214562915247 73.7620197579456 73.65384768211615 78.9554187003854 84.9589350159478 61.62558811808615 67.80216824322817 21.485738966702023 47.49931326183752 16.114909863264266 89.45689184521355 107.66512397220518 81.53661816664102 54.18364691271195 32.711498438540985 73.19632006709779 37.20465715056752 35.73510845191587 41.533639223350704 0.0 39.7481416883238 82.90661392312043 52.76229634594309 57.3510457426016 86.43322742528134 65.34891824505097 48.41096076266718 15.08422489024667 52.524058812811795 28.692895265480804 87.95356151880563 91.66785106008979 82.46984857031542 45.40816887697594 44.74313499895395 64.60794025187596 77.0967228218268 2.8876076352725444 76.91295310858744 29.589910937819063 47.23175775591238
33.09992803934793 17.919250134604837 45.01859445679533 19.56275485506995 40.40585992226055 27.302882690616652 39.81430817059182 5.0791464795912455 34.02626755612564 55.41114891752121 40.96393566760426 46.28889652320519 23.105369952668006 35.910592796462595 48.807499873883366 12.487273751158753 35.15780266366174 51.03980009813609 91.56031526018053 75.40106704419524 28.616189427777925 17.10077289696976 39.8220164829163 28.162431939416983 35.570229328081524 14.239963924720769 39.7481416883238 0.0 43.504638670932586 25.28550987252061 28.457282325463826 49.11643444929366 25.857303975192362 37.24623679306759 38.808962089059875 18.561346013700042 19.91817311775727 50.14219254542289 75.57732428339389 74.07007784070909 24.903614625225487 15.40451387550796 24.901701123232677 67.67741123954845 37.143632522294446 57.682854397636184 55.185846492487194 41.760420018428384
37.60563521923398 58.768923581737106 19.246529496563458 53.33637154420877 68.15987188743556 68.2904136227573 82.90169867210534 38.43371633896393 11.012741696687067 57.16020193918314 10.236650370279403 6.672847560498002 21.63915771752426 29.512128361497673 87.80458041980818 36.33855575970429 75.20266858578954 25.73083808765925 84.33671182557086 84.0041757970355 41.15877937580735 57.15566544368096 39.66350081051523 57.88595840759289 66.16596345116169 43.96288203802775 82.90661392312043 43.504638670932586 0.0 39.25347128986825 36.35633676588302 14.445434704470472 17.647415847590924 58.10048683369742 79.02335519158378 33.12467790006841 57.57687424785883 28.452263923146457 72.35181934440627 80.59028614859803 47.63394378987508 41.115331749670744 20.421110320277446 75.07916073724452 80.42242372916215 56.96783560446848 92.31145405616707 64.72879895165906
8.446724821918798 42.13742401185395 50.960839273637994 18.40709220376488 28.918286320221068 35.6517722261538 52.49355421686497 23.18062394763942 35.40398597608575 30.395104985639676 31.279869945032118 38.14797871141514 20.602213759336703 15.254926164544893 51.23570875190987 13.644624915120263 40.52493822207233 58.32218662514101 66.33564144949801 52.865288842778604 3.5565329903929532 41.77536533054612 56.81510242316138 19.566485588969563 27.352819462143657 12.735415125148261 52.76229634594309 25.28550987252061 39.25347128986825 0.0 4.597753685655271 36.70490353409692 26.84604451614058 19.25728200983459 44.13174558480118 9.579492224892384 24.079293257346748 59.09740302029051 50.47635336517578 50.810489776396494 8.859223658185027 10.22460613908926 31.560224262231355 44.453689128399986 51.03742110217302 32.48649644362278 54.44795559820062 25.7823691625922
4.660475218694974 45.78642339881621 49.41891345920841 23.00482634507065 32.27582318213392 40.24947198547017 57.085427537896024 25.725895482211598 33.657953862916685 28.479450038207812 27.78868413844146 34.66969767917591 19.556214876669113 10.708826375494525 55.57720652163026 16.195114431308642 45.068607889072744 56.84345570126832 63.790285651244155 52.47835899183391 4.863190441177956 45.29421895742846 57.20225695440513 23.767795901449578 31.23527426936514 16.920773621289708 57.3510457426016 28.457282325463826 36.35633676588302 4.597753685655271 0.0 32.662562929169425 25.68555695172908 21.750825531498045 48.65306670345143 10.833290702812253 28.673288696848438 57.89879302906643 48.23552709227707 50.07350334403062 13.113841034510328 14.116240599192237 31.050067548645828 43.81910603298005 55.60972565023613 30.190409574740027 58.53836957154921 28.382835497389017
32.073118844220545 66.17798911592533 33.64342463681461 53.80782312303229 64.69587169967338 70.35947524421101 86.3109092211366 44.19333720688582 23.2111142140742 46.85857322106759 8.498478658607555 7.849401934512661 26.09142711394872 22.898688794581787 87.7968005846286 38.99965011017096 76.34202622969049 39.833169492405595 70.85348657950867 73.6862426585943 37.40458480403582 64.83932537426863 53.54834915217064 56.27135924003482 63.89766704420351 45.21038356004075 86.43322742528134 49.11643444929366 14.445434704470472 36.70490353409692 32.662562929169425 0.0 25.44510134979182 53.48977618330455 80.08519643708608 33.98938367836345 58.904570761601235 42.752561807582886 59.88636485278376 69.91508265334306 45.563635482581404 42.032793494444256 30.683451320814363 64.90527850917817 84.22940565425134 46.025804898765514 91.14472669257513 59.99764510342458
28.825920350283436 41.54305955279249 24.174193534974087 37.29958271085904 54.50105460034664 51.176976187887334 65.36199684345995 20.787743178612512 9.22026676057395 52.301048031705136 16.954270198956024 20.972017570184693 6.243857397191853 24.21683874541093 71.37682457096912 19.812856262177927 58.378754738642996 31.492914960817966 84.72747743038992 77.78381995078942 29.747092040865017 40.037131027008265 33.455233415589014 43.1186059747978 51.591489533905694 27.85396645171966 65.34891824505097 25.857303975192362 17.647415847590924 26.84604451614058 25.68555695172908 25.44510134979182 0.0 45.998456455795136 62.19277722898742 18.34891592989127 40.94260280277204 32.28599854484286 70.55396580886641 75.06996617063882 33.85114494414446 25.414401299632914 6.524145286129495 68.97457438797373 62.832739128317954 53.16637531548723 76.46474068852783 52.390473752273444
21.418742243964584 49.857887321996664 70.16027036540912 19.566864513978118 11.825821090638557 31.924743115025283 47.92005084046261 37.4702854413621 54.65723530121786 25.26404892069595 49.41102412158781 56.268676162285615 39.76745892739427 30.593435623929846 39.31217585417301 29.52092371919241 32.92042961420743 77.49061291904333 59.94519042969239 38.5897713454578 16.946320055142476 50.26631025107829 74.14784678398448 12.054500641900008 13.696015099300753 23.3033826820468 48.41096076266718 37.24623679306759 58.10048683369742 19.25728200983459 21.750825531498045 53.48977618330455 45.998456455795136 0.0 35.5820798555627 27.957264939947294 23.719443412923198 78.13422058383424 43.70083986350489 37.85386346406699 13.080402461541363 23.496579907050126 50.30907684866554 31.629677924953203 47.668544636101714 28.562996800995464 40.08524455495335 6.633062800510811
51.255896010595926 36.72489307658732 83.64793378464805 26.278417230595856 26.388494849317695 11.521852543456705 14.415154492020783 43.03918702472 71.22335870366547 60.69939267858947 73.42160635453655 79.92780725424325 57.39245047097413 59.36176060773599 10.337256273202742 42.68789759091094 3.8212172651651026 89.83103607280147 93.578099070598 66.65747834093625 44.7088691870817 38.41726877324922 76.90173437320568 25.82451030322622 22.100628556364907 35.23470094901194 15.08422489024667 38.808962089059875 79.02335519158378 44.13174558480118 48.65306670345143 80.08519643708608 62.19277722898742 35.5820798555627 0.0 46.45854407403556 21.470592026954407 88.93919603105566 77.81015463197296 67.76480814055067 35.71937106408026 38.28678918225788 62.9754280039815 62.578920368092895 15.848450896944088 64.05089799700427 17.970457835071663 33.314337320390706
15.400977047341513 36.39636817835635 42.467812411532506 20.34461312276651 36.15873219251468 36.39733345771148 52.37934264754867 15.175115272824002 27.390904173700054 39.24565864664285 26.972808198752293 33.48513458421906 12.29634142670601 17.39535682202338 54.82991450583439 6.120125113142629 42.66548696397075 49.70882695959261 74.60174513200995 62.420688365587935 13.045457474729364 35.6580325876956 47.235856738902726 25.002494445230298 33.42962152771306 11.273073840971081 52.524058812811795 18.561346013700042 33.12467790006841 9.579492224892384 10.833290702812253 33.98938367836345 18.34891592989127 27.957264939947294 46.45854407403556 0.0 25.058917600438683 50.2143343905374 59.0669823368202 60.29298252671955 15.509825111773404 8.171896574308235 22.354083511934025 53.956785017275536 50.40171529975275 41.02006374492942 59.18680774750923 34.20091187490376
32.07510578811712 27.029650726988706 63.2208796081785 5.759247323795609 22.270339593062708 11.628693884545099 28.415914538486007 23.095275463066685 50.0704347614801 47.55041673288106 52.02977541536772 58.48404523081317 35.963555301131066 39.19992544340097 30.43942204956755 21.268294276481672 17.656845935182712 69.76502259247212 83.29949642833486 61.72352757603601 25.54771172611286 27.804962658986362 59.72282730258081 11.802401744381058 16.784022876224938 13.79521993775162 28.692895265480804 19.91817311775727 57.57687424785883 24.079293257346748 28.673288696848438 58.904570761601235 40.94260280277204 23.719443412923198 21.470592026954407 25.058917600438683 0.0 69.25841121884118 66.98538208908519 61.37407156335836 16.98294134126163 16.906340294838575 42.2807377459999 55.24814365476664 27.05650464348358 50.55952592624782 35.939965200226055 25.796398496354993
60.718212069682615 58.28779271004195 9.33301183971777 66.9636791859513 85.93499176261881 77.42156151773779 88.17869111049251 46.217500769513826 24.6512053005223 83.16394462991174 37.95607760779898 34.90522223095681 38.51839613387553 54.57526133465455 98.94051077105759 50.04138241851736 85.29992823858431 3.807853142979757 112.51403280551872 109.40272200476187 62.032962505629314 56.28821350020192 20.052991525359815 74.00903095048953 82.42444495537372 57.994732576381196 87.95356151880563 50.14219254542289 28.452263923146457 59.09740302029051 57.89879302906643 42.752561807582886 32.28599854484286 78.13422058383424 88.93919603105566 50.2143343905374 69.25841121884118 0.0 99.87088643012963 106.4111237824347 65.62590357886458 56.210493370243995 28.000764810699806 100.504442362967 85.12344843079983 83.5102777161162 105.1163311952123 84.41460964408874
43.747073381352635 91.32843939873483 90.57247233679965 62.0620256865534 51.43860454493877 75.58950039396514 91.12981804061619 73.64218015133441 75.71834687667881 20.175065986794905 62.23169781892306 66.90425687541493 65.4431620164729 46.33883114733769 78.72389096821952 64.07166760371676 75.73236213996896 97.68715272983245 16.31963189620878 21.75056923090812 47.024100764350344 91.30835122137015 103.89778910050183 55.673380437967865 55.96175507688726 61.825748050972535 91.66785106008979 75.57732428339389 72.35181934440627 50.47635336517578 48.23552709227707 59.88636485278376 70.55396580886641 43.70083986350489 77.81015463197296 59.0669823368202 66.98538208908519 99.87088643012963 0.0 17.31289655525178 51.86897037059413 60.18438340868234 76.88421257477353 17.973107701685613 91.15049054595293 18.049018821485237 76.29530088794664 44.52735670569502
46.33437187895768 87.6984616462988 97.3652776650375 57.41811097526636 41.961698299498835 67.90735121835398 81.86114802212222 73.27515088071982 81.7659645894014 23.434986003402827 70.3745659930658 76.0328693864065 69.25151864942153 51.86581332686449 66.776714439156 64.12612141157392 66.36600153944386 104.73889717621773 28.279798640153437 4.540509678024325 47.276791895104466 88.05993492598914 107.27477138975881 49.572012043444936 47.32544543671399 59.83042432517805 82.46984857031542 74.07007784070909 80.59028614859803 50.810489776396494 50.07350334403062 69.91508265334306 75.06996617063882 37.85386346406699 67.76480814055067 60.29298252671955 61.37407156335836 106.4111237824347 17.31289655525178 0.0 49.17804602177983 59.038447640529526 80.89742443805389 6.401759382707031 82.44314215011616 23.889579226570444 63.0736012300476 36.09819315262209
15.574688340672536 39.48097846861671 57.976177159505454 11.277238569482668 20.725991794170575 28.107653878655594 45.074842122283805 24.57885710699561 42.82582222187038 31.846840997553986 40.02537565161738 46.87099376504577 27.734432844818656 23.76779590144949 42.46365226346594 16.44701212381469 32.22103270515466 65.20188914258516 68.12352490018235 50.51799667140748 8.996755912494617 39.54051970534883 61.068658463742 10.708826375494612 18.605879742958226 10.669598971178859 45.40816887697594 24.903614625225487 47.63394378987508 8.859223658185027 13.113841034510328 45.563635482581404 33.85114494414446 13.080402461541363 35.71937106408026 15.509825111773404 16.98294134126163 65.62590357886458 51.86897037059413 49.17804602177983 0.0 10.437578630301699 37.65744895590054 42.79113324064847 43.939084904698035 34.57959662707696 45.59000261341194 18.897132650863718
18.53041755252104 31.91426806318523 49.05627240479533 12.228085718465621 29.754131445854103 28.331292162945495 44.56347717809258 14.281358214802221 34.62593393898265 40.01348220769991 35.13990046711352 41.65299805227185 19.790337443652675 23.562217639431942 46.721281927859394 6.2390516426775555 34.494843473275125 56.08714318329971 76.20679397876205 60.61712634192451 13.337004400880936 31.576818298933148 50.69505253908445 17.852295021132402 26.31971052037701 3.210887297596709 44.74313499895395 15.40451387550796 41.115331749670744 10.22460613908926 14.116240599192237 42.032793494444256 25.414401299632914 23.496579907050126 38.28678918225788 8.171896574308235 16.906340294838575 56.210493370243995 60.18438340868234 59.038447640529526 10.437578630301699 0.0 28.249562182853293 52.63668825782249 42.73399332032479 42.33020669969019 51.27962640436297 29.05454548676531
34.563108914690986 38.60606233390957 21.00176451422531 39.383942188520436 57.941488651892996 51.64580405965913 64.69182886195087 20.124614831293567 9.676811827640876 58.37239638556842 22.36159346493684 25.142736512331552 11.655226210487074 30.58618371738307 72.57245959825333 22.13782456211525 59.208111307729645 27.863737808690885 91.18295894684555 83.4683079099813 34.72464404754629 36.91835551431108 27.029650726988706 46.08728213453646 54.53476596323934 30.186807970785047 64.60794025187596 24.901701123232677 20.421110320277446 31.560224262231355 31.050067548645828 30.683451320814363 6.524145286129495 50.30907684866554 62.9754280039815 22.354083511934025 42.2807377459999 28.000764810699806 76.88421257477353 80.89742443805389 37.65744895590054 28.249562182853293 0.0 74.72836322756771 61.96090297689159 59.36770239537881 78.1908668212934 56.498344978070676
40.178937365144044 81.4280633706979 91.52065445810368 51.17223368655597 36.45389827808022 62.140538760730784 76.50479050597653 66.87442397723862 75.85356146187469 18.06352119414489 64.90365303990018 70.74820812425979 63.09716046717812 46.06086032910934 62.25227294776338 57.73660998117798 60.982916897037434 98.91833877044328 31.714161654709343 8.935669641536743 40.92744491023605 81.76092644758121 101.00367207430325 43.45701822733995 41.65318404797141 53.43848970468369 77.0967228218268 67.67741123954845 75.07916073724452 44.453689128399986 43.81910603298005 64.90527850917817 68.97457438797373 31.629677924953203 62.578920368092895 53.956785017275536 55.24814365476664 100.504442362967 17.973107701685613 6.401759382707031 42.79113324064847 52.63668825782249 74.72836322756771 0.0 76.94751304474059 19.135237352512505 59.11916625817182 30.27129019724841
59.12654504491884 27.83285875442562 81.32641465444883 32.813931786567835 40.50547481015115 16.020754120048345 3.2964905278071046 42.130323886902744 71.16973502296428 72.8352620648266 76.66365073494592 82.59460579798862 59.23277824635046 65.96760225068849 23.306911801867262 45.246013476904906 16.200253721500253 86.65198765067629 107.23391552904671 81.66687043407612 52.60394691045839 29.823932383147323 70.30982239913213 36.195392784301916 35.37804989260343 39.53307422370211 2.8876076352725444 37.143632522294446 80.42242372916215 51.03742110217302 55.60972565023613 84.22940565425134 62.832739128317954 47.668544636101714 15.848450896944088 50.40171529975275 27.05650464348358 85.12344843079983 91.15049054595293 82.44314215011616 43.939084904698035 42.73399332032479 61.96090297689159 76.94751304474059 0.0 76.05529285617031 31.494388659785365 46.88050051625093
25.727451488681353 73.80605316640077 74.32070264804425 45.29590563520717 38.50178661447086 60.134558368616 76.43701145719282 55.624672423808185 59.00547276342794 3.408585976928404 46.731506576283536 52.213206662300614 47.804111515491584 29.123787362783602 66.7611819218803 46.04758120917895 61.477033258349266 81.60799789194529 33.87867489098199 27.727588236031977 29.074504098917185 73.68471836401703 86.2959299037081 39.905725885713785 41.97409666768964 44.1358830302196 76.91295310858744 57.682854397636184 56.96783560446848 32.48649644362278 30.190409574740027 46.025804898765514 53.16637531548723 28.562996800995464 64.05089799700427 41.02006374492942 50.55952592624782 83.5102777161162 18.049018821485237 23.889579226570444 34.57959662707696 42.33020669969019 59.36770239537881 19.135237352512505 76.05529285617031 0.0 65.92230037914521 31.341354294099805
