0.0 39.483765662554376 54.64951201347277 56.15152990288615 46.53876238413424 57.64933103905812 21.592022546693276 17.23326213246345 29.22422678543426 28.567123295178625 44.267430878480596 57.46268141719413 36.600648991101664 57.45963919270454 57.770907955842716 66.64044390238408 39.8363194841814 30.08165057375171 17.985525975293175 12.035595773981976 36.54193846772966 39.7208453947392 37.05382391808336 42.15963095782699 44.235473822704805 54.17139272719406 26.37165676642339 43.55403996607353 32.93607580145114 42.42732290789271 34.746560311271715 13.975002985465919 29.125297287989394 64.32998550008107 53.27157907965406 64.50557295951934 27.427200998430198 31.56327547026709 17.977810038799543 14.042864893375429 107.40148096492507 85.5634944071741 74.17474523537001 77.9578211731667 95.11939196908278 90.19597075539633 62.869547027343756 46.5259069809537 52.64554465635493 75.98197153581295 79.52639093568354 46.458042906309544 19.674877403385583 31.791508391799628 63.47556510665276 78.11902984087114 44.02867172608801 13.012204772086529 28.19509603663343 61.76942476989914 86.42762135501836 57.385669855459994 38.87573241180965 46.0907380171788 71.63948482387035
39.483765662554376 0.0 36.478567914834386 26.041180835391085 31.82363988794914 32.928161573602345 50.59991969668653 40.665753217925264 14.307488547758284 49.96791902942117 62.04560003565237 89.07936195572157 63.83391360374716 49.847374117803966 24.051975337265514 97.12998582314795 71.46217591582194 34.386113032362495 32.526274829665546 32.81648843055936 9.492411425227417 54.19849804047054 40.71890335874442 39.68297253444337 21.90386550883278 28.531194016987143 56.363993957844784 72.92124494118954 10.957275225648898 71.52053019878932 51.469418220222785 48.69690079085671 58.02612975114697 48.73501794329475 21.13784555081117 95.38771166609995 49.66805761639438 49.69708336860065 27.881648124656834 34.142716707776025 73.04895738584425 60.81900589938327 66.75728607161784 87.2290173611822 114.69982630676861 51.89511055448625 32.865750833479815 43.15143725821182 70.98428965698741 103.00643717350319 40.68107350263306 7.17853031052096 29.03389282954401 63.47642592001442 98.03264987560854 47.135454488089124 24.761491272823015 37.407952122079244 67.67881031350693 100.77862323007653 66.2832873384158 52.58256294425386 59.42371977373316 81.80606223174605 110.67107102792421
54.64951201347277 36.478567914834386 0.0 16.74126940528255 8.127682667267672 8.742357575472996 50.097234945902876 42.80640865623489 46.71686502531403 42.9907344687123 45.54378019585667 79.85207533434024 55.68763129381931 16.402062648536564 22.63823955035872 85.36246779157611 65.75760371532053 26.89380455937841 59.39505306278193 42.72506631350502 45.3777707986826 38.320207353710266 24.773426963963214 18.41495672577438 14.75361734279299 10.60827763720459 53.9368522242702 64.28497389999085 45.27650426091319 62.95032105569407 39.26552305154642 54.52869721512955 53.80054684524283 12.283872832247914 20.38375611093767 84.33028860453345 43.64216720755405 39.932706778116724 54.71653884176806 41.33081947144174 57.94775002222656 30.998200381307935 30.962502293838718 57.890466373034904 90.21517096557652 51.90459276951094 17.410552795573683 17.522050402937783 52.017030438075416 86.59893165889932 60.25186763595203 35.08182186461879 35.0145261538419 60.13431635042367 91.65746619002148 78.52700635467801 61.185422811478496 60.95578854070342 77.98940506918207 104.1339205173998 101.50148553143661 88.55364890448143 88.17966118483271 100.51996469510823 121.76855381341772
56.15152990288615 26.041180835391085 16.74126940528255 0.0 18.59030200373229 8.97637347038907 57.92738516684346 48.92468042639986 39.31643266393162 52.88080307622357 59.04177232736143 91.98484260990253 66.74762189085966 33.137789050412565 5.897277118322846 98.39938963007515 76.31715916656064 34.91221525532184 55.612081413318116 45.441856212659005 35.5305182158308 51.229436486393666 36.36364535972829 31.354312294471317 12.717617698126062 6.225272564255977 62.76431497097154 75.83246667138343 36.662798423853765 74.43219917248973 50.89085579430421 60.05351380633656 63.314480389690544 26.90445681057249 5.103023757713077 97.1304971748622 53.20714403235236 50.67290576165981 50.728448752827425 45.07780656024442 51.258697720121276 34.78484350487611 46.76908595490466 74.56232481576073 106.4263312319653 38.17571709124765 7.117069308902967 32.230010476951726 66.49622601932397 100.99295111009772 43.51429124898447 21.97178430087515 38.299741201532385 69.61196847548285 103.05157563975578 62.735585956013765 50.06276587963015 58.92039252327103 82.65440174310442 112.1904316024165 87.0864490846064 78.2374633665683 83.98146255650971 101.8793686197006 126.8883752033785
46.53876238413424 31.82363988794914 8.127682667267672 18.59030200373229 0.0 13.75843876109602 42.54258056600425 34.878124022750185 40.39923759140558 36.00122620275293 40.56374063264576 74.07433002647225 49.28038485095744 18.056866331318954 24.00884270296063 80.14030255441568 59.176822623076625 19.108401650451984 51.88483821160221 34.60072305604923 40.04373278557764 32.86931365706344 18.31619722987681 12.803518765416891 10.372010668660382 12.818986459228855 46.675718978552545 58.152521349168296 39.44265321438918 56.77979213967083 33.02625257459075 46.585629890822595 46.75964015244967 18.91085345812668 20.417640770399096 78.95445667679363 36.54086203752438 33.26283916886948 47.299625629200484 33.209026571647485 65.01332534119 39.12243640453043 35.060392552322575 57.64313280062706 88.38022363198264 56.3014908041664 21.98620837672412 13.848569025574047 47.90643362416869 82.42040957413967 60.919620748675875 31.93377122038731 26.89190996867886 53.11711046750222 85.52498788126732 76.49005523416554 56.03259297277763 53.135454042240816 70.01359548655682 96.82578532716052 97.91997150178914 82.72199930348975 80.57460636931187 92.39228803180102 113.9084380316009
57.64933103905812 32.928161573602345 8.742357575472996 8.97637347038907 13.75843876109602 0.0 56.02202147855558 47.86246902933291 45.02043519250867 49.74580396004183 53.71411821319693 87.65643353726108 63.01361901148945 24.88544647319554 14.694920301241819 93.4791951923535 72.93231068847396 32.51635164125921 59.77820893488675 46.147949491459705 42.31770098242218 46.247015370348244 32.00404161230317 26.095923902357598 13.828006221615082 4.414385658246061 60.330449785316944 71.8346525073433 42.89776657147622 70.47046267833899 46.70556588947667 59.44799040127238 60.485353382119065 17.92812933384301 13.593945692354747 92.36914245814826 50.26426901631781 47.01645151215872 54.940852146038075 45.230817354868 51.47255638073111 29.019909003078997 37.81171190213149 66.42390665678174 98.94131884022207 43.3160325236035 8.72381899523137 25.899532295587164 60.50058627312306 95.10368298150178 52.02753049361273 29.984460161086012 38.55009775094465 66.84302869811638 99.22050794803867 71.70169088745153 57.541259565986095 62.254731307503455 82.67464864729806 110.40531883448074 95.80681361384275 85.50879006644847 88.53967063988458 103.7376779635702 126.80083135099046
21.592022546693276 50.59991969668653 50.097234945902876 57.92738516684346 42.54258056600425 56.02202147855558 0.0 9.9582923731014 45.24680831655266 9.581366128749295 23.70877950147818 38.82694664069426 15.268638353872241 46.56628900487739 61.485087022069116 47.40663318443288 20.961461632649733 23.5060140110511 39.13658461630433 18.648512794852476 51.345062969737064 21.279529853326487 26.27032422077241 32.85168453066391 45.243734118768536 53.84591053428357 5.824863089614703 23.281976478427367 48.07009616017334 21.98620849231176 16.440213786563277 8.975364075531498 8.032451202154585 56.3858588542613 56.83949153481657 45.475388943367356 8.371815110313495 13.554455564092764 37.97328542366771 16.65482778781473 107.48620562687681 80.15434881492143 60.7531594517886 57.89615401776797 73.53757158200267 95.516374975752 63.38095569708696 36.13518158828551 31.45147530673568 55.38481196846598 90.97588944748387 56.375193045572374 21.784552293621985 12.8773228539754 47.454594789983005 94.9370138808655 62.51254565419866 34.60405161384438 29.696846242822826 54.416957193884095 106.45472347768184 78.77862370023502 58.9434534430126 56.01237012790419 72.07798736762993
17.23326213246345 40.665753217925264 42.80640865623489 48.92468042639986 34.878124022750185 47.86246902933291 9.9582923731014 0.0 36.01454160467967 12.194556957782428 27.857677518481854 48.5569234882444 23.945168628420248 42.14214818547449 52.14339880603994 56.91850992494325 30.812747172917444 15.982924927715997 32.651671978360625 9.635894858192916 41.76403016691303 22.598795245051754 21.222133389565773 27.218430144458697 36.209097469814196 45.28886561251833 15.698255171562362 32.65666934915039 38.59443260830679 31.29644507261318 17.705777354834222 11.723105311422673 17.47551851223559 50.60723234540867 47.47690504374716 55.062313652946685 11.266447182205459 14.578148872684201 30.550659938119335 7.1232712191027145 99.24477081232233 73.55323210436592 58.01226202952918 60.955379690532254 80.3771438599502 86.0989118738213 54.735383916409305 31.204806318414203 36.692719725597705 64.13898567089485 81.01826258762382 46.4187409908797 11.844600250008682 22.819815784315438 57.41121691116724 85.45397503147208 53.72465002754995 29.413166777412854 35.19617773057996 63.302825066740674 98.12364296625258 72.04745505912706 56.10898041472788 59.16413624998059 79.04029216399756
29.22422678543426 14.307488547758284 46.71686502531403 39.31643266393162 40.39923759140558 45.02043519250867 45.24680831655266 36.01454160467967 0.0 47.33421774757475 61.612768185422034 83.96872524417344 59.951447951073305 57.47915444162945 38.075194194477675 92.65219781750568 66.01934296179002 35.794641241322374 18.574610715915576 26.616530801301263 7.546779071601511 54.438161659593185 43.48505244139291 44.62014123889891 32.12361355084203 40.639067287828645 51.03105001503354 68.49161834822112 4.027651826763757 67.16556400157151 50.67144463040943 41.02540323825464 53.21052989429569 58.86780076968329 34.7171389537116 90.70544639119399 46.70010955264724 48.22048830968341 14.253061102346377 28.893284802880796 87.35643697693622 73.7410512157366 75.09387279104583 90.7479386552055 115.00451534615338 65.66661223360268 46.359076699515526 48.795901449935265 70.76533035174195 100.1460929636041 50.93658139034482 21.150891877089183 26.363506067165645 57.77160200820343 91.51464837055424 49.78492874116213 18.232627670357967 24.10746497136147 56.78699319821534 90.90218313736075 62.961273782011375 42.477947480644 45.16030092382601 68.33265887016606 98.45849119073105
28.567123295178625 49.96791902942117 42.9907344687123 52.88080307622357 36.00122620275293 49.74580396004183 9.581366128749295 12.194556957782428 47.33421774757475 0.0 15.76739962521288 39.833169492405595 14.226131961574639 37.65104135019183 57.083518930253604 47.35240935525754 23.437842291535194 18.054646426586714 44.80236450797358 21.663924184303305 52.466355561212154 11.835021127531597 18.322560677032406 24.92735478050972 40.53591690470459 48.14469003875426 11.254000081008009 23.473117736597167 49.53579396421767 22.05050454043942 6.889340649112589 18.06396915476082 10.809962704966088 48.03816977302303 52.561828773738284 45.72937134417358 1.2457922342089862 3.9996549813673283 42.73814598156914 18.925786744515598 100.8856398980637 72.15363375608504 51.27564637470652 49.467640731763446 68.26209467599598 90.98793274448502 57.658401658067135 27.659096981168407 24.50320382020577 53.203715440724984 89.24003582391141 54.885028902834335 21.349516110942456 17.14906164800991 50.27158073280275 96.08782773603083 65.34363119207292 41.24970669777982 39.091113255351154 61.23332945446557 109.93630512194268 84.24185590378521 67.09816146330708 65.59275983559415 80.60664302372565
44.267430878480596 62.04560003565237 45.54378019585667 59.04177232736143 40.56374063264576 53.71411821319693 23.70877950147818 27.857677518481854 61.612768185422034 15.76739962521288 0.0 34.78377701953982 15.087871756666447 34.62467130760163 64.1280289055714 39.81904616834076 24.349146783719565 27.715624309123978 60.509339465067185 37.06394869588972 65.9735227237536 8.04396274342922 22.974307077393217 27.76900820156616 48.06640417565034 53.38104879582252 21.754716097183202 20.762238938101724 63.358888093863996 19.714033403760347 10.94141153345392 32.683998821008586 19.31716904502803 46.49078022041945 60.015316060415635 38.82346657906136 16.859135335919547 13.588993476771579 58.268546751477736 34.232199759612925 102.4356008274315 70.64148646042355 43.38455125707935 34.19139296477567 53.392094965206844 96.83453552980578 62.32458749473529 28.047012573281876 9.152562208685373 42.13973953986171 99.20450203532243 65.91425805428312 35.25181521118153 23.14165955324585 47.15111036336505 109.02680201150355 79.8197893913958 57.01192576874675 50.2426737194356 64.75413906990916 124.55015490509824 99.81866473103128 82.51985688732347 77.78189986502991 87.66559945211266
57.46268141719413 89.07936195572157 79.85207533434024 91.98484260990253 74.07433002647225 87.65643353726108 38.82694664069426 48.5569234882444 83.96872524417344 39.833169492405595 34.78377701953982 0.0 25.607037530830954 69.33858483107049 96.54439832372903 9.406353714571443 17.953361398132536 57.699439587533355 75.34128015156644 57.44772543693054 90.17130177361754 41.53580540260624 55.777975869477196 61.58156537864701 80.01618675601314 86.76763082196044 33.004268987495536 16.36005175580843 86.88098317900555 17.78266495196618 41.113258566446504 43.697063714720315 31.08892982257923 81.25234738666273 92.11627929425507 7.138042140199286 39.852433823475884 41.422950017947116 75.29174937326266 55.466331700003686 137.17524646851436 105.30300445529397 75.86309195260708 53.07076564220184 47.67195280533903 130.14828242010014 96.06005515853246 62.540707745232645 31.46415741643584 21.528897492074268 128.94564156635656 94.43942145140915 60.04567624498881 26.210975066826357 12.782811068884348 133.72462501370887 100.80947834259092 69.5532582713836 43.67596334096023 37.04528360287969 143.89021458071258 113.83629608063579 87.22262541157251 68.20297714342597 63.95530806954749
36.600648991101664 63.83391360374716 55.68763129381931 66.74762189085966 49.28038485095744 63.01361901148945 15.268638353872241 23.945168628420248 59.951447951073305 14.226131961574639 15.087871756666447 25.607037530830954 0.0 47.5827065987223 71.12906498428005 33.29801340009172 10.196504856873393 32.160103990240415 54.34467866410399 33.407760431498886 65.64447404009509 18.490699812266527 31.026850620958374 37.27673082237488 54.57717393685175 61.762374400630364 10.303386825984212 9.246985775022527 62.521798703535026 7.8243725788647795 16.42868118618945 22.965651458723805 7.484552708960333 58.96652350404398 66.65032024646517 31.594857521797493 14.28036395862936 16.087333871570035 53.24014014119542 31.06007728857994 113.57392274495434 83.3233736923173 58.149326218148175 47.06075368787673 58.67619447535228 104.91564008930969 71.19292775949738 39.043839917818545 19.37155010021081 40.260893138659995 103.40934749471286 68.9747753547891 34.87691455078207 8.374470093511599 36.31414844867889 109.35108028012934 77.52459286885671 49.571111616749796 36.0465890430834 50.361164838945676 121.65408292453773 93.9467377151266 72.43643882452147 63.74057045415032 72.6185753438661
57.45963919270454 49.847374117803966 16.402062648536564 33.137789050412565 18.056866331318954 24.88544647319554 46.56628900487739 42.14214818547449 57.47915444162945 37.65104135019183 34.62467130760163 69.33858483107049 47.5827065987223 0.0 39.03281820574747 73.59162532937295 57.731679538242055 27.389052400618404 66.56330891186964 45.64099568057588 57.82932963475752 29.093549737186688 20.926865332425287 15.30337866089993 28.33543920930891 26.966461616439105 48.837644121834984 55.05816400738674 56.948850313621264 53.87231410311151 31.949941859950556 53.22415828835714 47.851792864232735 11.987937872452985 36.54495877667371 72.87668113720805 38.65385483053003 33.82765235213093 62.35703008555029 43.41778301817384 68.38067599997206 36.022288765989444 17.724055722806217 41.53946846368789 74.37581027994831 66.92336686485248 33.199944055133 10.981246446743594 39.16365020435766 73.08794330564515 76.65166882492915 49.86131246836297 38.62185749781297 53.777044549449585 81.77480304067795 94.15976294070575 73.81916121147347 66.53753554161372 76.15764032507639 97.81357877404324 115.97548898219259 99.9570943175513 94.48389426225656 101.28015974592316 118.24894989682618
57.770907955842716 24.051975337265514 22.63823955035872 5.897277118322846 24.00884270296063 14.694920301241819 61.485087022069116 52.14339880603994 38.075194194477675 57.083518930253604 64.1280289055714 96.54439832372903 71.12906498428005 39.03281820574747 0.0 103.20730468245222 80.48964732932893 39.02908257876409 55.3642230676398 47.71638938627776 33.32869663204738 56.2247598913592 41.26057628003568 36.62435983693156 16.5536344096021 12.089067026375925 66.5496265648617 80.29277381974157 34.98911237514395 78.88170743063478 55.570616370995005 62.89208325465362 67.29052873430027 32.563346660380176 4.670127786243023 101.87163066413852 57.3176796370577 55.12920590052103 50.514092273315974 47.68404838225471 50.105576669121454 37.88878094921843 52.491683857870264 80.43643621039472 112.15832518707529 34.04141704745 9.808679153441359 37.79490570577301 71.80217410562025 106.19558424729952 37.62157798856194 18.719547908646227 40.99155295509167 73.51898359986971 107.35279261070737 57.27346129298496 46.884742284100604 59.253016699131805 84.96159223215827 115.41592419374813 82.1785286926784 75.09578796293886 83.18766551597326 102.93561846786555 129.09701364420474
66.64044390238408 97.12998582314795 85.36246779157611 98.39938963007515 80.14030255441568 93.4791951923535 47.40663318443288 56.91850992494325 92.65219781750568 47.35240935525754 39.81904616834076 9.406353714571443 33.29801340009172 73.59162532937295 103.20730468245222 0.0 26.875521936215126 64.80318295223744 84.56647446811199 66.05143512920095 98.66902796771359 47.275504865775865 62.035744365922824 67.4248968865678 86.78832794539487 92.94043825960118 41.6257355798336 24.270203559538963 95.44540132323397 25.648935054938335 47.66156110916086 52.78745177203442 39.48610409863235 85.57951681355082 98.88929524831687 2.3298046510934785 47.53002619808307 48.43218115249462 84.38725730231126 63.93835838361505 141.90784987797502 109.18967509066071 78.11372869320637 51.7295491058561 40.55810730926878 136.43066095481385 102.03873271302318 67.86259479470051 34.54868513458798 13.294457137071609 136.57460311344693 102.22934159472858 68.14620076516567 35.09731333497768 14.648838071699256 142.3226141499636 109.72323741271693 78.850942277542 52.825877272831775 41.93441861115352 153.044261300442 123.19441138347192 96.57090653656547 76.61446927290694 69.34243821328873
39.8363194841814 71.46217591582194 65.75760371532053 76.31715916656064 59.176822623076625 72.93231068847396 20.961461632649733 30.812747172917444 66.01934296179002 23.437842291535194 24.349146783719565 17.953361398132536 10.196504856873393 57.731679538242055 80.48964732932893 26.875521936215126 0.0 41.470428211307755 57.80399647753762 39.52845105692093 72.26985219312057 28.642597050985906 41.02380483379682 47.36698840259419 63.95329506771042 71.5134622188223 15.142101465144226 5.61585352238767 68.95732181350945 5.616936300428175 26.556566527166478 25.929404659516884 13.514825363494356 69.15755868387625 75.94369486022016 24.81087970793337 23.173125055815433 25.916727579711296 57.518144002446476 37.615756139331786 123.68153132297816 93.51430940937941 67.73131553263521 53.15012992481353 58.79746326998117 114.4222501433728 80.99710693550546 49.22858491120542 26.10015420804319 36.5215657400157 111.63343949771996 77.04480818883864 42.48098858023892 8.259575037243321 26.956651052787205 115.78375455058922 82.89195028948966 52.26001610186146 31.400308901141955 40.44361224554928 126.1901588410531 96.77807796190187 72.13060906538676 58.604107035924606 63.724768867034655
30.08165057375171 34.386113032362495 26.89380455937841 34.91221525532184 19.108401650451984 32.51635164125921 23.5060140110511 15.982924927715997 35.794641241322374 18.054646426586714 27.715624309123978 57.699439587533355 32.160103990240415 27.389052400618404 39.02908257876409 64.80318295223744 41.470428211307755 0.0 40.3906054141466 18.271431190262597 39.04388238258111 19.815152941826266 8.029157965227805 12.085789791402387 22.48414017696216 30.45405847914681 27.960196197237746 41.37298849742466 36.82292347893962 39.954596168057165 17.477694459514982 27.693449508976904 28.404685261561 34.82058918815035 34.51131473588359 63.31845011942336 18.31194850057915 16.37196775893001 36.68781164398367 16.039693866817593 83.98111640297938 57.570478403464364 44.3926547944647 54.97155047015863 80.42294863645151 72.95744910838305 40.00264829046106 16.507073839375902 36.600604229117025 69.29339145826494 72.00358657946968 38.251915025015414 11.69415754184205 34.71526224787624 68.32567116413632 81.47402724303103 53.88282878049575 39.54143533240358 51.17142491545938 77.89947430031215 98.4032936817518 76.94530524369635 67.47382295927899 74.69684441598699 94.87510390528631
17.985525975293175 32.526274829665546 59.39505306278193 55.612081413318116 51.88483821160221 59.77820893488675 39.13658461630433 32.651671978360625 18.574610715915576 44.80236450797358 60.509339465067185 75.34128015156644 54.34467866410399 66.56330891186964 55.3642230676398 84.56647446811199 57.80399647753762 40.3906054141466 0.0 23.822626532261086 25.783187624557282 54.85980266882268 48.33870541346323 51.7964074993686 46.02476347173784 55.62675576604207 44.21961425287636 61.52525722539241 22.5308157226405 60.383973988840786 50.16569457026843 31.957884640177195 46.91266100741687 70.77246284781293 51.512434444874415 82.41226428309517 43.79673317529032 47.128192110715126 4.883723902779856 26.696559891203123 105.25354953238869 88.78708828174503 84.15877948795578 93.15024985643757 112.54311926375249 84.22033433042945 62.725573757861625 56.30917615865526 69.29460198625524 93.95505966452428 68.57913731005428 39.57874629660851 28.717508448093426 49.77702756763125 80.78148738521907 62.51836741647706 27.914537109953113 6.689612517592416 41.29327869205134 75.89712267652023 68.62546658010392 39.65823215412613 28.82594348396287 49.83907687648755 80.81937314665223
12.035595773981976 32.81648843055936 42.72506631350502 45.441856212659005 34.60072305604923 46.147949491459705 18.648512794852476 9.635894858192916 26.616530801301263 21.663924184303305 37.06394869588972 57.44772543693054 33.407760431498886 45.64099568057588 47.71638938627776 66.05143512920095 39.52845105692093 18.271431190262597 23.822626532261086 0.0 32.74636279821759 31.070189258707295 25.655172516051064 30.345668539617687 33.096326580418356 42.89153471796451 24.454754975878977 41.875087951680555 29.433259275861342 40.55025975317885 26.46788162779478 15.95696277336376 26.59415110491295 52.29480195620674 43.09274942336826 64.12376666149436 20.820115662723694 23.520416740837202 21.21779498313266 2.8779427999413487 96.61715164207865 73.69251215131753 62.61849886834874 69.32780216211766 89.92435489240866 81.07103258660528 51.89989215840728 34.778100187282746 46.0463317187007 73.66032882209895 73.49110427690924 39.15086781243936 7.713109070195678 31.321673183867823 65.5549840133018 76.29043988210753 44.1387341313766 21.704146068342027 37.266037286549604 68.56595792446336 88.48929191444553 62.76852063193734 49.4391170056613 57.8218999009529 81.46977743598138
36.54193846772966 9.492411425227417 45.3777707986826 35.5305182158308 40.04373278557764 42.31770098242218 51.345062969737064 41.76403016691303 7.546779071601511 52.466355561212154 65.9735227237536 90.17130177361754 65.64447404009509 57.82932963475752 33.32869663204738 98.66902796771359 72.26985219312057 39.04388238258111 25.783187624557282 32.74636279821759 0.0 58.458094368707236 46.23545313456837 46.3159075087744 30.64102698240131 37.90838512260596 57.167033044313584 74.41748932461599 3.6120205818806568 73.06018630128159 55.097973619787226 47.80576209260944 59.18743123713495 57.661568442341455 30.603740391869806 96.78550351563375 51.95444943470024 52.9020687307474 21.685066581701804 34.73380218933148 81.49529404843264 70.31080916215265 75.10322918908305 93.44591162888632 119.24151952521791 58.820482526010494 42.32225100883132 50.17286912978179 75.0884862220976 105.61280617725825 43.39082637559601 15.118195849669991 31.13208402152756 64.06796580861545 98.15830381393215 43.70717092914853 15.995623815073078 31.56348227699826 64.27672274821141 98.29339246615093 59.518959377193134 43.278999247890546 50.97504800447613 75.62180740081736 105.98904887448293
39.7208453947392 54.19849804047054 38.320207353710266 51.229436486393666 32.86931365706344 46.247015370348244 21.279529853326487 22.598795245051754 54.438161659593185 11.835021127531597 8.04396274342922 41.53580540260624 18.490699812266527 29.093549737186688 56.2247598913592 47.275504865775865 28.642597050985906 19.815152941826266 54.85980266882268 31.070189258707295 58.458094368707236 0.0 14.98950964022179 20.159937521692466 40.07368215931776 45.6786781603318 21.39350266044444 26.270823760923662 55.97062137112376 25.008962075971436 5.034158443836387 29.89893065484295 19.721288283997964 40.56416867573895 52.06160840591008 46.12565798223114 13.080811562638912 8.223211782113518 52.206045709407505 28.192561344555187 95.7917823235423 64.91153286574006 40.56819437653576 38.3781115914017 60.78495095063524 89.16899210995449 54.77050336800188 21.056120358527412 16.78587650494922 50.150018700354885 91.16062762603133 57.928044369003345 28.211752923562827 25.1195952432277 53.487676252764594 101.25955572097108 72.67074733382942 51.99410043766511 50.20502477596002 68.79325268830675 117.39127176721657 93.67942700117378 78.52197618801334 77.13823820674949 90.1646060880826
37.05382391808336 40.71890335874442 24.773426963963214 36.36364535972829 18.31619722987681 32.00404161230317 26.27032422077241 21.222133389565773 43.48505244139291 18.322560677032406 22.974307077393217 55.777975869477196 31.026850620958374 20.926865332425287 41.26057628003568 62.035744365922824 41.02380483379682 8.029157965227805 48.33870541346323 25.655172516051064 46.23545313456837 14.98950964022179 0.0 6.632131812400089 25.09268376241241 30.996086765278292 29.46139721382484 39.84015365242392 44.2493291433131 38.4710116670458 14.710897669830969 32.36477511498574 29.11319848101615 30.118864710659572 37.07329887711326 60.778393733901574 19.072653188708586 15.159427432870814 44.69945795229153 23.14979526378494 82.72092957014442 53.973041430650845 37.12484330162215 47.31011050544684 74.11522717128938 74.44165566085252 40.297017169831705 10.049475242088276 31.192742378945272 65.11401743254795 76.3604476848789 43.70983286924786 19.622137848200538 35.41686580671788 67.21999523139226 87.81121377828678 61.4261544341242 47.226546266278724 55.51875302007304 79.55581840562932 105.74084595580936 84.92120844704623 75.07889797895585 80.35430503740989 98.34394690141114
42.15963095782699 39.68297253444337 18.41495672577438 31.354312294471317 12.803518765416891 26.095923902357598 32.85168453066391 27.218430144458697 44.62014123889891 24.92735478050972 27.76900820156616 61.58156537864701 37.27673082237488 15.30337866089993 36.62435983693156 67.4248968865678 47.36698840259419 12.085789791402387 51.7964074993686 30.345668539617687 46.3159075087744 20.159937521692466 6.632131812400089 0.0 21.294512283013106 25.614748140652896 36.08985350294607 45.890390200844664 44.79011565131083 44.54868806395917 20.851473889273578 38.63262962120968 35.69690452868259 23.595547375877846 32.74804451418082 66.28543625652313 25.697934406598897 21.64420016335878 47.79355557800481 28.116925677636804 76.31462513290353 47.34640933178715 32.46962619834811 47.55738066757098 76.57653666669654 69.0702225594794 34.614005095841854 4.518525110052557 35.17895401524023 69.63874322587176 72.87090849270126 41.625091952406294 23.451457436141904 41.977815952911165 73.27446218710239 86.26883655898345 62.00974624079652 51.409216420768836 61.93067797388454 86.15516613738166 105.67403830034117 86.80834804079373 79.36691213527182 86.35539779979527 104.9291820704638
44.235473822704805 21.90386550883278 14.75361734279299 12.717617698126062 10.372010668660382 13.828006221615082 45.243734118768536 36.209097469814196 32.12361355084203 40.53591690470459 48.06640417565034 80.01618675601314 54.57717393685175 28.33543920930891 16.5536344096021 86.78832794539487 63.95329506771042 22.48414017696216 46.02476347173784 33.096326580418356 30.64102698240131 40.07368215931776 25.09268376241241 21.294512283013106 0.0 9.974368280713467 50.15827793527236 63.747966086194204 30.540721829076087 62.33560974844496 39.126876300295834 47.39192750461569 50.80740534619657 27.031223612406528 12.108648141065556 85.41349630520446 40.78671112780077 38.59399060831904 41.21034267435718 32.54085829365915 63.55103321158434 42.77510961655773 44.89441853689663 67.79476573729157 97.83442307656856 50.49192014512029 18.817017600329944 23.528235041320098 56.10639070819799 90.20603002971549 51.58882543010994 21.56444498935007 25.75835852585504 57.06846894732519 90.80185366888658 66.14110796870169 46.50310810404593 48.427761415997146 70.16247715512152 99.47418980166889 87.6872512892323 73.80057143635635 74.82477151511769 90.25364426092437 114.40037566380869
54.17139272719406 28.531194016987143 10.60827763720459 6.225272564255977 12.818986459228855 4.414385658246061 53.84591053428357 45.28886561251833 40.639067287828645 48.14469003875426 53.38104879582252 86.76763082196044 61.762374400630364 26.966461616439105 12.089067026375925 92.94043825960118 71.5134622188223 30.45405847914681 55.62675576604207 42.89153471796451 37.90838512260596 45.6786781603318 30.996086765278292 25.614748140652896 9.974368280713467 0.0 58.41254131915725 70.74240487557556 38.486996410072955 69.3562956368702 45.66345260075118 56.72609603429426 58.76027756967623 21.51646595392097 9.917073060135001 91.73489479655535 48.56710961868374 45.68108223796487 50.773155784831054 42.16718673078199 54.00080619632347 33.26215433904206 41.12771509360186 68.34794204930346 100.2308715483611 43.4912501408772 9.54859136449715 26.18618854594571 60.62269755930979 95.18067326641852 49.70533555986992 25.787445683861545 35.414787631948975 65.10195747752834 98.06714744361639 68.21619079650243 53.17695335183246 58.283174848827244 79.75505623162675 108.25714728533616 91.86865246553046 81.11374693325722 84.34309336051153 100.21377985767678 123.96198112767627
26.37165676642339 56.363993957844784 53.9368522242702 62.76431497097154 46.675718978552545 60.330449785316944 5.824863089614703 15.698255171562362 51.03105001503354 11.254000081008009 21.754716097183202 33.004268987495536 10.303386825984212 48.837644121834984 66.5496265648617 41.6257355798336 15.142101465144226 27.960196197237746 44.21961425287636 24.454754975878977 57.167033044313584 21.39350266044444 29.46139721382484 36.08985350294607 50.15827793527236 58.41254131915725 0.0 17.60383395679456 53.88434605553042 16.352982752279903 17.202058024506954 12.662396199549105 2.864069208937066 59.290991900498256 61.93114988039148 39.67583974717782 10.395593705389093 15.010973991429745 43.35214757454928 22.47820710220062 111.68438992070521 83.38085124335987 61.85567231309836 55.6298164972921 68.97842570797415 100.58864984920694 67.96094928988705 38.91200777814874 28.362609925271606 49.89559605642151 96.66146357812775 62.05782231521604 27.454735373721256 7.155843267457671 41.755288357152466 100.7448932735479 68.18987102930558 39.30677383824537 28.89680599831738 50.19827978229548 111.96568775352864 83.75380784183851 62.352856050262176 56.17695457086878 69.41624471366269
43.55403996607353 72.92124494118954 64.28497389999085 75.83246667138343 58.152521349168296 71.8346525073433 23.281976478427367 32.65666934915039 68.49161834822112 23.473117736597167 20.762238938101724 16.36005175580843 9.246985775022527 55.05816400738674 80.29277381974157 24.270203559538963 5.61585352238767 41.37298849742466 61.52525722539241 41.875087951680555 74.41748932461599 26.270823760923662 39.84015365242392 45.890390200844664 63.747966086194204 70.74240487557556 17.60383395679456 0.0 71.21725394903899 1.4226131961577468 25.130501899376597 29.583785398885276 15.281693703302798 66.73982893169428 75.83540221254268 22.46951994294406 23.50594170747567 25.17302461395878 60.883023014154425 39.699328160627736 122.00335107538214 91.04202668458538 63.931953300686786 47.75719595444046 53.56319595932416 114.00817240239186 80.11897370921353 47.276670823408914 21.117867852086047 32.42980363441041 112.62708180087037 78.15961039270739 43.90720775457624 11.900174083916054 27.390480974886092 118.09243910494298 85.78049147328993 56.263578420975065 36.98265529687477 44.32462437598463 129.54028285360303 100.83194981484041 77.12492616983693 64.21994460304496 68.51950998976515
32.93607580145114 10.957275225648898 45.27650426091319 36.662798423853765 39.44265321438918 42.89776657147622 48.07009616017334 38.59443260830679 4.027651826763757 49.53579396421767 63.358888093863996 86.88098317900555 62.521798703535026 56.948850313621264 34.98911237514395 95.44540132323397 68.95732181350945 36.82292347893962 22.5308157226405 29.433259275861342 3.6120205818806568 55.97062137112376 44.2493291433131 44.79011565131083 30.540721829076087 38.486996410072955 53.88434605553042 71.21725394903899 0.0 69.87027395597066 52.44266549684379 44.31861597353786 55.96016914350143 57.526603622847944 31.895851463780883 93.5392132767932 48.97776756693993 50.14356744090587 18.273440711687922 31.518584219481497 83.85628078696577 71.3237665547242 74.41129070142358 91.55193800180226 116.71003031836928 61.78488938850695 43.61282033721955 48.80166761668576 72.4979072097386 102.59195611564425 46.96684048967824 17.475103202936854 28.279405900771454 60.73648659582926 94.72574755342181 46.87752507283324 17.235846580590984 28.133557549848874 60.669352362774184 94.68312507709445 61.58106680437802 43.32625184546797 48.548120676353925 72.32907821400325 102.47385373955598
42.42732290789271 71.52053019878932 62.95032105569407 74.43219917248973 56.77979213967083 70.47046267833899 21.98620849231176 31.29644507261318 67.16556400157151 22.05050454043942 19.714033403760347 17.78266495196618 7.8243725788647795 53.87231410311151 78.88170743063478 25.648935054938335 5.616936300428175 39.954596168057165 60.383973988840786 40.55025975317885 73.06018630128159 25.008962075971436 38.4710116670458 44.54868806395917 62.33560974844496 69.3562956368702 16.352982752279903 1.4226131961577468 69.87027395597066 0.0 23.764975595703138 28.470420414531148 13.967448857561655 65.51902357815369 74.42131479742571 23.86732386941563 22.085456611610187 23.76712947506167 59.677653299497024 38.351769074430344 120.69872388708842 89.83575828468872 62.98853889483455 47.53377374339932 54.27867269805573 112.60768416790161 78.74091502892092 45.98499692328704 20.59017390122353 33.587760530550554 111.20865273712987 76.74558734324648 42.51186849517885 10.930956158416057 28.750055572814205 116.74254426411963 84.4969925585318 55.18596594630934 36.68881164958358 45.18269514268374 128.31519691302353 99.74782954255362 76.34948649125526 64.05960918662608 69.0854385872877
34.746560311271715 51.469418220222785 39.26552305154642 50.89085579430421 33.02625257459075 46.70556588947667 16.440213786563277 17.705777354834222 50.67144463040943 6.889340649112589 10.94141153345392 41.113258566446504 16.42868118618945 31.949941859950556 55.570616370995005 47.66156110916086 26.556566527166478 17.477694459514982 50.16569457026843 26.46788162779478 55.097973619787226 5.034158443836387 14.710897669830969 20.851473889273578 39.126876300295834 45.66345260075118 17.202058024506954 25.130501899376597 52.44266549684379 23.764975595703138 0.0 24.92836757505584 15.937540589034215 42.91727181558951 51.22944240099128 46.301193559039795 8.129612539536279 3.1955595585014387 47.67485322978843 23.60166060070974 97.14616377195502 67.23457941532848 44.70371930197297 43.25712296519436 64.33317318915196 89.04084959800346 55.00229820034791 22.739481488265678 20.093942627494158 51.8198836664944 89.46271306730513 55.676430481221104 24.31054601213592 21.84010618815173 52.51502341083035 98.30201026098261 68.87902943469925 47.11872396829409 45.72576494558947 66.0025377564349 113.6103096492518 89.21056958116338 73.5153362883818 72.4240242935938 86.49121112001001
13.975002985465919 48.69690079085671 54.52869721512955 60.05351380633656 46.585629890822595 59.44799040127238 8.975364075531498 11.723105311422673 41.02540323825464 18.06396915476082 32.683998821008586 43.697063714720315 22.965651458723805 53.22415828835714 62.89208325465362 52.78745177203442 25.929404659516884 27.693449508976904 31.957884640177195 15.95696277336376 47.80576209260944 29.89893065484295 32.36477511498574 38.63262962120968 47.39192750461569 56.72609603429426 12.662396199549105 29.583785398885276 44.31861597353786 28.470420414531148 24.92836757505584 0.0 15.502073084595787 62.15717599760653 58.22685836946481 50.68514625443693 16.81818045112113 21.851924657323515 31.60350096946506 15.294864364789047 110.72562459378051 85.25996934726464 68.36030532210027 66.87130068820066 81.64055921700836 96.60293452801179 66.09186250739364 42.41424738204153 40.30668969278041 62.00900619070545 89.37627310549817 55.104237290076775 21.90178782243339 17.82560578967071 50.504145405833505 90.70950662592966 57.2220838843519 26.74634806240422 23.47797572843587 52.74382914585828 100.26166968469971 71.28667742172361 50.05987692812901 48.21830679014695 67.37085328872406
29.125297287989394 58.02612975114697 53.80054684524283 63.314480389690544 46.75964015244967 60.485353382119065 8.032451202154585 17.47551851223559 53.21052989429569 10.809962704966088 19.31716904502803 31.08892982257923 7.484552708960333 47.851792864232735 67.29052873430027 39.48610409863235 13.514825363494356 28.404685261561 46.91266100741687 26.59415110491295 59.18743123713495 19.721288283997964 29.11319848101615 35.69690452868259 50.80740534619657 58.76027756967623 2.864069208937066 15.281693703302798 55.96016914350143 13.967448857561655 15.937540589034215 15.502073084595787 0.0 58.59220991843776 62.7058951603225 37.60102458753453 10.22109014184937 14.175805469722071 45.92641550551862 24.45400844181658 111.68637781436026 82.80637679625266 60.28884514651362 52.984841454511404 66.14258660762167 101.29659650578691 68.29634996463912 38.24427433160785 25.606635195200322 47.36683606909315 98.12357434569064 63.54088087339261 29.00871434565544 6.357809358792975 40.42514363280048 102.83768464387883 70.54139526266107 42.08828374331119 31.009594193658927 50.463871795005204 114.46836594330256 86.4885667365759 65.20985556408564 58.473635627325976 70.57474462624613
64.32998550008107 48.73501794329475 12.283872832247914 26.90445681057249 18.91085345812668 17.92812933384301 56.3858588542613 50.60723234540867 58.86780076968329 48.03816977302303 46.49078022041945 81.25234738666273 58.96652350404398 11.987937872452985 32.563346660380176 85.57951681355082 69.15755868387625 34.82058918815035 70.77246284781293 52.29480195620674 57.661568442341455 40.56416867573895 30.118864710659572 23.595547375877846 27.031223612406528 21.51646595392097 59.290991900498256 66.73982893169428 57.526603622847944 65.51902357815369 42.91727181558951 62.15717599760653 58.59220991843776 0.0 31.366201925682414 84.85891830019247 48.926677280002686 44.42106338560782 66.20660116873613 50.49204305295044 56.416594823709666 24.356871402840632 19.96328890397307 50.97704708490573 84.81530794233943 56.5678371476471 24.70199057219266 20.37907878187052 51.13976672685817 84.91227829225068 69.39616103468106 47.024043180103064 44.73827404650998 64.70382329811576 93.62945792026373 89.61283865385877 73.46007362917744 71.8126781445156 85.51313247615086 108.9159660762266 113.3297745069987 100.82346613123067 99.40708399835772 109.5117750260865 128.44669275487956
