0.0 29.060809240390597 23.601696106855613 44.31677729694781 66.87340894630083 64.7318908043696 26.003036126383815 3.1386568899079483 35.409544901574364 19.208674577600924 22.770412079409645 54.727548230142325 61.172367434766144 26.376790605779167 57.634542454775534 61.1882302260825 40.802333878858754 51.00206021092637 65.88064997621147 47.506798955007454 27.212591214490036 34.94350026247292 11.398150960950511 53.40620015303216 64.51822579268496 57.18237814714025 22.645787191909935 10.855571979014677 34.8944454826357 14.264330022969908 65.69065987359174 45.297760886954606 52.66988531033668 23.89155559638336 38.70276048837513 11.76936629659692 39.924066117045335 9.647333529978255 31.54088571247228 10.819495019325394 82.93889783571075 62.189532941657035 57.01760344980821 70.91733258912797 95.92872813499402 66.81665217734675 38.40978148213964 29.681580171548234 51.78339185689077 82.92696621363697 60.38544656303004 25.782938082091462 8.830178326173208 43.428546095831805 78.03178580759493 66.51856079996548 37.89366944962975 29.01690523850052 51.40885864103455 82.69582852569928 82.45829787920567 61.55305033054241 56.329197769361265 70.37025251157425 95.52884253215595
29.060809240390597 0.0 15.405753713053468 59.210320704683106 87.10547202061865 79.81111156134145 49.520326150437135 32.005267509795026 49.98694750939367 17.937181945710677 42.5495883904797 75.27261234601008 76.6802092372003 54.358668593023786 80.42255086779537 64.75596608722677 68.7250096813635 36.5787012326887 85.87085039095442 71.14063368492846 34.4208448786069 51.650778872412126 34.36829424416524 68.48826487614093 83.74967813835924 68.80200307679016 51.24454667271811 39.17803491891512 47.22691087484702 20.890083707850255 76.99086337649014 64.5536059852046 69.512396761826 52.325711066541984 28.23282597355742 40.811948681825235 68.56368078639808 37.52778608986764 40.211456308917 39.4097052331732 97.77020780086134 85.1512461049753 85.65729842224717 99.08747505416588 121.21963342917417 74.80539657258345 57.653681804373065 58.70979882766394 77.23035487852331 104.29289876558876 56.86367812531543 31.35700590446709 33.58400478999722 60.55863741237669 92.74508817964642 49.719612773756516 15.126567405613539 19.504886447520715 54.101040248174414 88.70320695041573 57.54630139915928 32.56752777121941 34.706613763581174 61.18245112869797 93.14973819751086
23.601696106855613 15.405753713053468 0.0 44.00776469114023 72.38372164416123 64.47237787278912 36.934428460401115 26.692840024661308 34.924712178975206 24.49186125968047 29.137239572535442 77.0037376229088 61.3842099725787 49.81601036767959 66.48108839400508 50.10592587200528 64.13300837631756 28.46340192605759 71.11079209215235 57.69824346383524 40.97434180193139 36.879413577783005 23.645695395927444 53.20985706356168 68.86490750894933 53.39742981034479 42.35217937990936 30.913715599688214 31.97681921855342 24.069738824203462 61.604663427962464 66.89694930330182 54.408752682469505 47.12927318970206 16.961110474191646 33.862464565500055 62.70399806573876 29.046905448264067 24.839582767475523 31.467065791810644 103.03233745054892 85.32029467399546 79.61264242701616 88.26960413721915 107.8869928326131 82.96196049359585 59.84027217975613 51.70910591733228 64.51052061544513 89.68938108660979 68.87740913758859 38.23490449068768 23.970020107397477 45.629588177117036 77.3589056349875 64.80753448472062 30.378007640017398 6.362719371604961 39.40810925261737 73.89430275308494 72.46016200433803 44.31292527061182 32.735750139033044 50.73910771048316 80.44947786036224
44.31677729694781 59.210320704683106 44.00776469114023 0.0 29.456494295481136 20.959009977369394 22.548767762551254 44.732138422296835 9.43280033818532 60.72245200644598 21.66313087693458 89.59980780904843 17.61228219107535 54.25060378228469 27.610999676712687 26.12801337429982 62.9541253307512 48.73878961842835 28.07903335239786 23.581785586482457 71.52653998595615 9.43280033818532 32.932936042588224 9.431867831496856 25.451885719573323 13.585375946910197 37.92430702367088 38.160828452076004 12.045384795318796 56.935415233658354 21.720797798550187 82.92238157488202 10.546860918106246 51.083805480497226 41.233754338794924 41.886494085796535 58.13934712777937 37.62252804179715 19.476273226603304 39.03260870803698 120.94770302977179 92.52271857163862 69.90953794142703 60.07509467856175 68.74208295610039 109.52362911774654 77.14752253918583 47.988424984068494 32.38628461888581 46.794099319044285 104.59347745514665 70.04153273234888 35.59060371613598 4.734957478484712 34.249124891505936 107.05847918336158 73.63926823990494 42.175937417464965 23.015681085469833 40.93259658750072 116.4498292799468 86.61689824898119 61.96140137024806 50.702537743445106 60.803645322361376
66.87340894630083 87.10547202061865 72.38372164416123 29.456494295481136 0.0 17.26795141411963 40.90475792276877 66.16044567043733 37.64953396397338 85.40727146384565 45.418921758436575 99.37506480043955 17.03483663086384 66.10252057344081 12.407381421010756 46.33145897660572 68.91193094298234 77.55043317585057 1.423937142523273 21.48214732768395 92.78133801624028 35.51097605821081 56.1122728932671 22.275037120542585 4.546161508568422 28.476700340598118 51.22913584960683 57.66321492423598 41.095696651214155 80.88944457570223 27.752022950483283 95.50762643932354 19.131841185423678 63.67504609245044 70.67291611540495 60.07241113727789 63.13867680349672 57.99389273441843 48.65666372905197 58.26934801994457 131.17660166503163 98.64898979544786 68.19655726372278 44.32541630657991 40.90891727761016 125.63311517316119 91.22006149034148 57.038334008229036 24.093472407164725 17.391699657257885 126.20811145484369 92.00312563960631 58.271022323945196 26.85699430170089 21.02221273620934 132.82212094657453 100.80695138642689 71.25435913427533 48.85839291333423 45.737490487997945 144.64876930007222 115.81623706283206 91.09494664154536 74.68555465263555 72.47295413129699
64.7318908043696 79.81111156134145 64.47237787278912 20.959009977369394 17.26795141411963 0.0 40.64069270104637 64.83646717692403 30.39029391513982 81.62664873138311 41.96708928664081 105.66489430197389 3.6096587661279065 70.69916185040015 24.9797938764112 29.77060849522861 76.6562520132601 64.16098474424783 16.051874722028806 29.10537150793743 91.8350184139786 29.932583941647447 53.347994855899955 11.530776541476108 13.031403377410115 13.055785753726541 54.497960645233185 57.47532232791834 32.64734226253648 77.735081087029 10.484119660543115 100.19696402373853 12.342095394610899 67.79595901410826 59.20669817812713 60.78894764833047 71.19543717050152 57.24296363713352 39.64041764705189 58.26934801994457 137.47884755598685 106.8137565948334 79.45260444796578 60.091986116427876 57.48190954639333 128.4257395993165 94.99506891942153 62.847387337379985 35.64215931754663 31.396996615522692 125.11712859221512 90.51467401770972 55.9139602942702 21.32346353041898 13.336552626678673 127.99944351488709 94.42327981639527 61.98785791989319 34.11852598589682 29.673112905659178 136.681431444413 105.79494384590389 78.09048228975146 58.29642825464423 55.62032464754351
26.003036126383815 49.520326150437135 36.934428460401115 22.548767762551254 40.90475792276877 40.64069270104637 0.0 25.277967446853445 16.935549402055713 44.835792076979146 8.38398589345539 67.07378847414746 37.032691241095904 31.74965287409572 31.836834987752656 46.34497195190387 41.46336828042809 54.508824464353104 39.9439287987189 21.94671885100987 52.11107012791189 14.086093140089584 15.766800936686975 30.13766791154812 38.729704876044835 36.10650682198265 15.563531032001855 17.071358353887305 19.414691415276778 40.141289108358535 43.96307703204023 60.43008211163061 28.298608423539147 28.556368091534885 43.29688476400047 20.160405991080495 37.21934898925335 17.174002070008726 22.61697334662474 17.793645259349283 98.4029469902847 70.40150912061313 51.22902577444321 51.838805575110115 71.72808746507597 87.81321337240885 54.795196155784836 26.243334180595816 27.744506563841398 56.97059494523506 85.58505292603903 51.18305002796455 17.59151359560532 19.851234360452896 53.605364240083944 92.32596933248776 61.70873300754275 38.557505216093304 39.49968418876902 63.47124748221867 106.3435084597271 81.03847641059926 64.96386968412074 65.33108685358762 81.91931575838167
3.1386568899079483 32.005267509795026 26.692840024661308 44.732138422296835 66.16044567043733 64.83646717692403 25.277967446853445 0.0 36.091924382253595 21.028409248031625 23.069424867091417 52.143894997084644 61.251501758150035 23.239145219571054 56.52898517238737 62.708149913871715 37.663721065429336 53.89751446199684 65.21608195496351 46.32399274670061 27.029650726988706 35.30466845860806 11.986118031581723 53.64200967659113 63.99082734221587 57.8402446528836 20.218589976519574 8.971523596988542 35.91463823203858 15.902746842107788 66.2919730237324 42.93466648220963 52.651445087628375 20.759925502934177 41.56196623497265 9.025419751104756 36.82259965159754 8.216581544018398 33.143108093129854 8.70437712582526 80.80274532348524 59.33778362221566 53.922723495313576 68.47734139125662 94.15641820293314 65.52453406439105 36.136975438832884 26.704668415031488 50.15216374493385 81.92790509386998 60.44988135232489 25.932111450755947 9.25283286365376 43.51562582149013 78.07982279815658 67.90648664111816 40.25902480693654 32.01754160199161 53.1440740209031 83.77528261955585 84.64465860878914 64.42647511727475 59.427346332564134 72.85076952026694 97.35320270817579
35.409544901574364 49.98694750939367 34.924712178975206 9.43280033818532 37.64953396397338 30.39029391513982 16.935549402055713 36.091924382253595 0.0 51.35168481283309 13.328291442351421 83.23857566333099 27.0377644568756 48.17198025795035 33.481469305059754 29.449859698675798 58.39842475773428 43.16661555992112 36.336826387118556 26.85671411778057 62.59437011042839 3.7308386418209327 24.135171547120482 18.86466579970363 33.9822926997584 21.77604458315105 32.35548822376787 30.317009107678288 3.9935456718430578 47.65754207127038 30.282847404927175 75.89718844916807 19.525560838824237 44.90686818173926 34.121850431691435 34.302687522599214 54.104974263713814 29.516306052486946 11.248347532660365 31.23534984516654 114.1269817548553 87.14820207547315 67.52354329183669 62.60053744043993 75.31934872865085 101.38602789598119 69.81552288204212 43.17544514085132 35.339243578002524 55.03123164256437 95.47022192796506 60.994657882271255 26.851198745006432 10.792544955002542 43.66720448879296 97.62860515264218 64.29073491143284 33.61693362140277 22.841703882882715 48.044086275082314 107.37526057928804 78.18589656253977 55.60062532580605 49.645059491064764 65.0587550398204
19.208674577600924 17.937181945710677 24.49186125968047 60.72245200644598 85.40727146384565 81.62664873138311 44.835792076979146 21.028409248031625 51.35168481283309 0.0 40.23710278593428 57.38140059494678 78.17237231534615 39.70594586641058 76.64063304270253 72.86893725750906 53.519913636364585 51.82956669569507 84.34661583389381 66.58874350894948 17.019311105128835 51.76231896408471 29.297426049949934 70.10978768976047 82.77000635968416 72.55595903698111 41.1223592596245 29.908660737930777 49.79146186550559 5.191011997229237 81.09854236153701 46.634621434199055 70.00995718422178 38.33916662861219 41.243954234598725 29.762295960806508 54.33697534050822 28.83974458397475 44.38512619117901 29.718765774159657 80.27673156583408 67.48035989426451 71.11688368247769 89.19859948564616 115.10836627039149 58.69161097226269 39.76782260588544 45.96824299403363 70.98946503391906 101.7877893438077 45.25920228317756 14.07069226161445 27.247488749126088 60.677171807329074 94.95190881107318 47.492144801940476 20.079643873015595 30.752701110497252 62.31463231399826 95.99659588964836 63.76534066676935 46.8731386841196 52.18214873494128 75.12439829788478 104.68613493668387
22.770412079409645 42.5495883904797 29.137239572535442 21.66313087693458 45.418921758436575 41.96708928664081 8.38398589345539 23.069424867091417 13.328291442351421 40.23710278593428 0.0 70.35750861463727 38.41556925616097 35.710344409249956 37.89082878655079 41.9635714847003 47.15907890905712 46.27110322137516 44.29650081163501 28.667294370197226 49.93386638813993 12.23572237812357 11.380905569259147 30.642915301868644 42.58632370091199 34.87673995174271 20.89676097101925 17.005019076073072 14.18298127556997 36.01005063940975 43.271568973047636 62.721911909443776 29.978072382184124 32.41579661034399 34.93390821942716 21.046068029963255 43.50885820893539 16.19278025158053 15.17901051664174 17.930224395703473 100.98475038622433 74.90530714799053 58.467781846607565 60.174323737920346 78.85561621450582 88.10692856178721 56.55166467190858 32.06538275133078 35.399503420492806 62.23261999476012 83.15202635394255 48.55220288680956 13.97239138521125 20.688002183539723 55.277604372256874 87.47716413466408 55.57454618646862 30.325671081134292 33.84675277503787 61.370996606544324 99.88379701825329 73.42812908644935 56.58094091731333 58.36018428613984 77.49332129602297
54.727548230142325 75.27261234601008 77.0037376229088 89.59980780904843 99.37506480043955 105.66489430197389 67.07378847414746 52.143894997084644 83.23857566333099 57.38140059494678 70.35750861463727 0.0 102.20139198015455 35.357436899147956 87.06894181240806 112.32006300139601 30.90279029461913 105.30516094472517 99.05707655507517 78.31000004429153 42.53388269461684 80.96652952041953 62.22477587306636 96.47076984486075 99.35636790543113 103.10085489493406 51.738040849765476 53.875999378795164 84.54047481697938 54.7437389684593 110.66468256229012 10.851168537998783 93.75842946240982 38.51839613387543 93.18967317722372 49.64984325021695 36.71684034919046 55.216983770313426 83.88118004557295 52.92989256090154 31.88285249536157 12.267670834003376 40.97959393739114 74.85325910038307 109.18583050754164 34.320960896209435 17.618942382238767 42.86927410387049 75.89447246885797 109.8954776041791 54.30348634684983 45.443611999215726 59.801248467089394 86.49896513187585 117.40002905441057 79.55649732320514 73.58314848830926 83.032954130821 103.77481127664845 130.53237027204358 106.39003143372237 101.77578011391454 108.59296004113736 124.98481285217336 147.79927885381525
61.172367434766144 76.6802092372003 61.3842099725787 17.61228219107535 17.03483663086384 3.6096587661279065 37.032691241095904 61.251501758150035 27.0377644568756 78.17237231534615 38.41556925616097 102.20139198015455 0.0 67.18108584091615 23.001242526517448 29.30104353099444 73.34372582227418 62.209545998816644 15.687104041708368 26.158052398336828 88.2573215857887 26.434767144785905 49.79534111606989 8.205567608810371 12.525862265011758 11.622251919269939 50.950457039061384 53.867362266500834 29.45956184409304 74.23825024860315 11.661848349448118 96.65435893334934 8.734739166054451 64.2603331023237 56.72742140927646 57.17971180777938 67.92578891968721 53.64075783641444 36.59494648611499 54.66051816115615 133.9968902915736 103.49241429583235 76.55708289752587 58.361699647107464 57.84447207819576 124.82270007791023 91.42244222159027 59.41597875360198 33.125416585067924 32.544846292222495 121.55729013562653 86.95362166587661 52.35020792876564 17.748538904235364 16.86212946109547 124.66602503939183 91.21038247430727 59.09221428800677 32.54666733886384 31.96124477675013 133.7048673057597 103.11752472980938 76.05426796186171 57.706800730126936 57.18997668915026
26.376790605779167 54.358668593023786 49.81601036767959 54.25060378228469 66.10252057344081 70.69916185040015 31.74965287409572 23.239145219571054 48.17198025795035 39.70594586641058 35.710344409249956 35.357436899147956 67.18108584091615 0.0 54.23505388967252 77.50590390760641 14.456710851666127 76.10128972473879 65.58777763111158 44.63213661865988 35.15888196752946 45.72728375252813 29.541626807623487 61.19083829726892 65.46553370038005 67.74344858674051 16.39347498929026 20.659543346036305 49.79504329140736 34.86559327483837 75.34168720173626 29.608490727290302 58.62526648179911 3.295018614769223 63.716132392901244 16.684597081656392 14.646600324585927 22.386333071749053 50.13405614053531 19.799989035330825 66.91628471324532 39.20404436657298 31.47954412632967 53.28980175451572 84.16341789801061 59.70748341708847 25.15020257567119 9.7435178335035 44.1836386745803 78.76741743803842 65.18330950911403 36.195769337885714 27.681125285905324 51.15854548391745 82.84316480269733 80.80464652808537 59.74714527829101 54.81650115065753 69.5325333159463 95.18137706856666 102.01193337091225 86.08813052866925 82.52647948345866 92.76203611873325 113.10920741680196
57.634542454775534 80.42255086779537 66.48108839400508 27.610999676712687 12.407381421010756 24.9797938764112 31.836834987752656 56.52898517238737 33.481469305059754 76.64063304270253 37.89082878655079 87.06894181240806 23.001242526517448 54.23505388967252 0.0 50.11079663718312 56.52898517238737 76.10021189445817 12.328873963978014 10.261975338192531 82.53871779103126 30.448802684899178 47.57089115327962 24.12750281930641 13.603170105526909 32.28296303665179 40.00763595789092 47.72215035752495 37.384726219374734 71.86905451520036 34.65896188019741 83.45493139643119 19.811651409394823 51.95901363082104 67.59989505802191 49.650804048341676 50.74683034429872 48.3153233859221 44.69232559082176 48.22104815505463 118.8372387220219 86.24173025696784 56.10538781079126 35.39526548965896 41.86486439952666 113.91281977010043 79.38525346621125 44.97510489749333 11.762452378077327 25.471634107905597 115.77273850517018 82.00784119924623 49.41751248716917 23.531692419799327 32.56126596876083 124.11226455189816 93.31352701792086 66.37606322097679 49.98956437867069 54.65289250873444 137.75920079331294 110.67198963904912 88.9590937419678 77.29094781612073 80.1797983137567
61.1882302260825 64.75596608722677 50.10592587200528 26.12801337429982 46.33145897660572 29.77060849522861 46.34497195190387 62.708149913871715 29.449859698675798 72.86893725750906 41.9635714847003 112.32006300139601 29.30104353099444 77.50590390760641 50.11079663718312 0.0 87.78516713878741 38.60704137283936 44.971687464958656 48.875551985574404 87.13615147004155 32.361857994539264 51.04194136266153 25.99064453797823 41.80639465283185 18.05870330392061 61.80525869589039 58.66051371468489 27.781145320882 70.53784268582716 20.320012227542172 104.48935391155366 30.347371743637865 74.22402771958723 38.208494783238265 62.83186100404212 83.33924926617625 57.53008545209809 29.650774068176144 59.60644415892349 142.7559222851891 116.57322699276328 95.8858526146789 84.81504462017243 87.10799298042033 127.98253674125995 98.11412027490512 72.58114987003084 57.4844141557369 61.12024428654202 118.12141157939655 84.981405266918 53.7200960109667 30.7359121723825 37.39494600042592 114.45002013660617 79.8488046528716 45.25163519946777 10.697839056130201 24.00065459999536 117.54997413279595 84.19267419598856 52.47529926100972 28.52627476538571 35.61853937077819
40.802333878858754 68.7250096813635 64.13300837631756 62.9541253307512 68.91193094298234 76.6562520132601 41.46336828042809 37.663721065429336 58.39842475773428 53.519913636364585 47.15907890905712 30.90279029461913 73.34372582227418 14.456710851666127 56.52898517238737 87.78516713878741 0.0 89.8777426893592 68.68617494742338 48.29939995347954 46.470598234165266 55.4359076471351 42.90327410035765 68.5196284943898 69.22385734259382 75.93998482502019 26.295752416856942 34.14305733578269 60.659428979693 48.86801513704096 82.80562789493393 29.836704633106063 65.29725217823385 17.005083882579115 77.5316370754348 30.519634212225828 5.8270931190054345 35.976758377402014 62.18773969717836 33.377259762015775 62.39776297188305 30.159076501828444 17.902753954136283 46.111787376122415 79.54203230363991 61.67065874272081 28.638916406481684 15.230111424761514 45.15059726070524 78.99397413630206 72.86583660640062 48.08864702858783 41.357321398795186 59.18750142784446 87.69672085337737 91.71627339439027 73.39261361691602 68.96259030108229 80.74629519963564 103.3385296693067 114.50077282259839 100.20920481649739 96.78850023132684 105.30343830764942 123.30565986198494
51.00206021092637 36.5787012326887 28.46340192605759 48.73878961842835 77.55043317585057 64.16098474424783 54.508824464353104 53.89751446199684 43.16661555992112 51.82956669569507 46.27110322137516 105.30516094472517 62.209545998816644 76.10128972473879 76.10021189445817 38.60704137283936 89.8777426893592 0.0 76.13166850393021 70.01971710531588 68.77897853473758 46.691973518695555 47.036074539219726 55.360285197089006 73.20522070768497 51.130586909889686 65.30246095465388 55.73468958897402 39.17362650991145 52.27043686691681 57.088973067492 95.31165164556755 58.48951681030663 73.10552776151256 12.389780331488252 59.46285241521526 87.48908386375903 53.90483869705926 32.75592238611852 56.50740928454048 131.42039950476988 113.18948236450748 103.667943759505 105.2467213093499 117.4791397074408 110.46702118269208 88.26136045824819 75.97312940889186 78.41242693539388 94.44492927989607 93.392015411434 65.88744192973097 48.528879208802316 52.5714740436563 74.61419638010146 82.63678274677802 49.65197485182585 22.285565760107616 30.377975024113624 61.18695434983169 80.76743795727444 46.50447510682803 14.028768502762171 25.015984018979974 58.73368315674421
65.88064997621147 85.87085039095442 71.11079209215235 28.07903335239786 1.423937142523273 16.051874722028806 39.9439287987189 65.21608195496351 36.336826387118556 84.34661583389381 44.29650081163501 99.05707655507517 15.687104041708368 65.58777763111158 12.328873963978014 44.971687464958656 68.68617494742338 76.13166850393021 0.0 20.95913886557158 91.90004888258262 34.25027464500827 55.05968737359378 20.8511874407511 3.1654306104176846 27.08959671282957 50.563844172640884 56.771280897446715 39.75570483995627 79.85901573225311 26.53075297884389 95.04720477199706 17.72736007239371 63.11533363349091 69.28521006738819 59.24767077365595 62.931127695876455 57.06657869348222 47.31484666293125 57.39143199562925 130.88400684378075 98.50505787486259 68.34246524245303 45.08837582461205 42.309025810155546 125.0457818031155 90.67975063052154 56.60422390853844 24.08548352279796 18.735907536315715 125.34355487535298 91.08617036735808 57.247044115459225 25.546186257641086 20.563101647491944 131.73570727377762 99.62360133943184 69.93029395443324 47.438895211011 44.782476970691825 143.40928359663712 114.48684595389663 89.68283444719006 73.30444270686634 71.40608851676225
47.506798955007454 71.14063368492846 57.69824346383524 23.581785586482457 21.48214732768395 29.10537150793743 21.94671885100987 46.32399274670061 26.85671411778057 66.58874350894948 28.667294370197226 78.31000004429153 26.158052398336828 44.63213661865988 10.261975338192531 48.875551985574404 48.29939995347954 70.01971710531588 20.95913886557158 0.0 72.27763247969531 23.35352582677761 37.710699638278314 23.860053128431797 21.047108389285253 32.36465857437612 29.90084033096017 37.48565782008253 30.84790646245712 61.762084297949734 37.06658045001472 74.0948799760808 19.6583864672931 42.19372826578674 60.539164480949566 39.390275309343664 42.65421270942327 38.11786129601584 37.603312170479654 37.972656058584555 110.17949923797045 78.37332594514939 50.39903366243739 36.504454200402094 50.19876459736494 104.15794743139031 69.73951984177258 35.68159374339756 8.809343113887543 35.733539005629794 105.52672753917815 71.74938324291466 39.432285845774 18.886072625858215 39.41205034555382 114.01992033793782 83.63899789914824 58.18275901418762 46.58107626682946 57.87202803690412 128.22919767726017 102.00989314425443 82.24387746590538 74.27542248161332 81.63557627175469
27.212591214490036 34.4208448786069 40.97434180193139 71.52653998595615 92.78133801624028 91.8350184139786 52.11107012791189 27.029650726988706 62.59437011042839 17.019311105128835 49.93386638813993 42.53388269461684 88.2573215857887 35.15888196752946 82.53871779103126 87.13615147004155 46.470598234165266 68.77897853473758 91.90004888258262 72.27763247969531 0.0 62.14046108292758 38.59554576067291 80.57451603428768 90.82047794445288 84.35185851139332 43.26254067483765 35.13134068292166 61.8789194720626 17.0879927543714 92.87585942927608 31.696514545379767 79.67616111578214 35.23654949367788 57.90575740482433 32.88834498942639 49.02850285398451 34.94481790883381 57.71592653282735 34.51201844796181 63.37474244807678 53.65385934876043 64.31106498305725 88.24900763393337 117.62082905819337 42.00528585258221 25.44568097602498 43.87895884671121 74.82035208959002 108.00763330381099 33.47399194661761 3.0748137290859963 35.96185594177994 70.51177168931741 105.09718869422964 45.65727706177026 31.05943457929804 47.32468142470463 76.87260848409753 109.42580072953267 68.23947218609213 59.271663468774335 69.02477780051089 91.70875172821432 120.2137915019973
34.94350026247292 51.650778872412126 36.879413577783005 9.43280033818532 35.51097605821081 29.932583941647447 14.086093140089584 35.30466845860806 3.7308386418209327 51.76231896408471 12.23572237812357 80.96652952041953 26.434767144785905 45.72728375252813 30.448802684899178 32.361857994539264 55.4359076471351 46.691973518695555 34.25027464500827 23.35352582677761 62.14046108292758 0.0 23.547598512347168 18.493971550045053 32.10141785663359 22.810568042151754 29.645799771935266 28.81518027361923 7.597508057582549 47.80524919082872 31.107392389674253 73.9438520947175 18.30509199985933 42.49626062651311 37.32016748573713 32.62531753903929 50.9900419463181 28.22105464950848 14.337155520180008 29.70098659022169 112.08911607881316 84.48697271428884 64.0852137603378 58.91152805843573 72.31188771744169 100.15306482469633 68.02941314834499 40.251729418070774 31.73701935969733 52.81203540383585 95.281661475433 60.701817443460165 26.18550222012038 9.027993701050598 43.26873088246172 98.52867775585345 65.6371200377185 36.10269945869156 26.33287839859445 49.7823086705603 109.17195759185103 80.6134472709391 58.9350427019002 53.31932537247386 67.87754769396425
11.398150960950511 34.36829424416524 23.645695395927444 32.932936042588224 56.1122728932671 53.347994855899955 15.766800936686975 11.986118031581723 24.135171547120482 29.297426049949934 11.380905569259147 62.22477587306636 49.79534111606989 29.541626807623487 47.57089115327962 51.04194136266153 42.90327410035765 47.036074539219726 55.05968737359378 37.710699638278314 38.59554576067291 23.547598512347168 0.0 42.00858234411657 53.53982432339484 45.90400813227572 18.889424198789374 8.88241379287688 23.954378932703108 24.83578176012056 54.38332426708033 53.71666939177963 41.33080352751921 26.390066871317412 34.75405828679463 12.964919108531761 40.483769293356886 7.200634642858825 21.769234335751037 9.74995758208131 91.89694138440836 68.15788144333021 56.92746810510469 65.04434873786795 87.26734117555097 77.47532034849112 47.173194863921324 29.03503642426058 43.076610159009945 72.54649075872018 71.77206013640567 37.17434684008053 2.7367694639740243 32.060913096186205 66.65709855201688 76.75614991601354 45.99359097320467 27.09528348344683 41.805962247483194 71.80642511388955 90.6819538257435 66.52595958330829 54.98167859843958 63.36451530265422 86.03449164152154
53.40620015303216 68.48826487614093 53.20985706356168 9.431867831496856 22.275037120542585 11.530776541476108 30.13766791154812 53.64200967659113 18.86466579970363 70.10978768976047 30.642915301868644 96.47076984486075 8.205567608810371 61.19083829726892 24.12750281930641 25.99064453797823 68.5196284943898 55.360285197089006 20.8511874407511 23.860053128431797 80.57451603428768 18.493971550045053 42.00858234411657 0.0 17.861039824525726 8.527989784068557 44.811259744110465 46.60051468689657 21.26232467886012 66.25746709568408 14.293544887876191 90.39178045359682 4.389032026917581 58.14666292064729 49.12794312740823 50.10567202046562 63.33920895955558 46.23735327136478 28.458631777682793 47.43086079772448 128.10550353808367 98.51556805919488 73.44659548196847 58.976908643643995 62.904191013666754 117.85790563052953 84.89973233971936 54.03960933478138 32.053555145794874 39.107769215104675 113.76842534632313 79.17982650172127 44.61490225984836 10.314472464854937 24.842331624924306 116.48768368621306 83.0048931894924 51.04004755389788 26.74327829204493 34.93081350511326 125.57399223112321 95.23145986285266 69.02198737997622 53.421333846786204 57.779264904391496
64.51822579268496 83.74967813835924 68.86490750894933 25.451885719573323 4.546161508568422 13.031403377410115 38.729704876044835 63.99082734221587 33.9822926997584 82.77000635968416 42.58632370091199 99.35636790543113 12.525862265011758 65.46553370038005 13.603170105526909 41.80639465283185 69.22385734259382 73.20522070768497 3.1654306104176846 21.047108389285253 90.82047794445288 32.10141785663359 53.53982432339484 17.861039824525726 0.0 23.931321357082535 50.10434294267323 55.70436963830146 37.28113572272834 78.37391415018075 23.482803207537216 95.02024578231445 14.97225150631991 62.88896798699543 66.56560975293002 58.35697285720238 63.518300561520626 55.90174826282078 44.82233201328456 56.3615001470004 131.22328828544659 99.19153786890192 69.66483242189597 47.56295265182064 45.45435019330376 124.69707643951594 90.4662154273793 56.69004371558161 25.263326007484135 21.390649530368822 124.29081940111959 89.910586897102 55.807446370870075 23.235319888251446 18.977373260502453 130.06190042747474 97.66421794250469 67.49314525549417 44.35282983972102 42.11705167792637 141.25490089945845 112.0143286825755 86.81151158307459 70.14294812650436 68.54628887187947
57.18237814714025 68.80200307679016 53.39742981034479 13.585375946910197 28.476700340598118 13.055785753726541 36.10650682198265 57.8402446528836 21.77604458315105 72.55595903698111 34.87673995174271 103.10085489493406 11.622251919269939 67.74344858674051 32.28296303665179 18.05870330392061 75.93998482502019 51.130586909889686 27.08959671282957 32.36465857437612 84.35185851139332 22.810568042151754 45.90400813227572 8.527989784068557 23.931321357082535 0.0 51.376526628384745 51.625602485205114 22.770256450022057 69.13487160248305 8.557981802923944 96.50534251960009 12.870599121078067 64.60037678367931 46.62924145530392 55.415345758890204 70.92376558411752 51.0030449905104 28.781986915531576 52.51126131130817 134.5082762600123 105.73750711153791 81.62801639508427 67.38408074285972 69.37480985811119 122.94782343299156 90.72754322219302 61.16888301772534 40.57835309251461 44.11800732046852 117.0978149644014 82.70510436609511 48.612985986242066 16.76790459226808 24.3711908204042 117.81235051261453 83.70449263583929 50.27905271816143 21.080158870086105 27.488396730140266 124.97884878697529 93.43661445781238 65.08383010428723 46.21931095276604 49.308824908449736
22.645787191909935 51.24454667271811 42.35217937990936 37.92430702367088 51.22913584960683 54.497960645233185 15.563531032001855 20.218589976519574 32.35548822376787 41.1223592596245 20.89676097101925 51.738040849765476 50.950457039061384 16.39347498929026 40.00763595789092 61.80525869589039 26.295752416856942 65.30246095465388 50.563844172640884 29.90084033096017 43.26254067483765 29.645799771935266 18.889424198789374 44.811259744110465 50.10434294267323 51.376526628384745 0.0 12.066655912055156 34.41653064952389 35.94265415583837 58.9485362308957 45.70490783599869 42.333637268049635 13.342055915434305 53.21717381704534 11.371760796808505 22.67980731859685 13.751041835034583 36.012833667880564 11.886809469389537 83.29624952635412 54.84272816198547 38.36678790811648 48.28169354940528 74.73325487923863 74.60442668444014 40.59417600910254 11.171668077388821 31.56861742719326 65.2931959835031 76.05211604021834 43.17392205992407 18.40920773465998 34.76576627133235 66.8824810471939 87.13532197481334 60.464979112380625 45.981261210868034 54.47340990541404 78.83680429379895 104.84100829914934 83.8084888775212 73.82977979500195 79.19948076073473 97.41163642832797
10.855571979014677 39.17803491891512 30.913715599688214 38.160828452076004 57.66321492423598 57.47532232791834 17.071358353887305 8.971523596988542 30.317009107678288 29.908660737930777 17.005019076073072 53.875999378795164 53.867362266500834 20.659543346036305 47.72215035752495 58.66051371468489 34.14305733578269 55.73468958897402 56.771280897446715 37.48565782008253 35.13134068292166 28.81518027361923 8.88241379287688 46.60051468689657 55.70436963830146 51.625602485205114 12.066655912055156 0.0 31.003365260564976 24.829084710989655 59.88162477981974 45.8354068986794 45.16126392418867 17.512616452849535 43.39361163486108 4.232303833602563 32.02685982748458 1.8792087987497972 30.040743394214754 0.9478467142014338 84.10747367992242 59.402678932541114 48.76573647114226 60.185741641855294 85.21359981840378 71.36477709602643 39.569403941578784 20.818019990195808 41.18116188406589 73.16578532083453 68.5913867695907 34.36785595028658 7.236996030307238 36.310495807080606 70.56474690131857 76.87411850203794 48.733311939733426 35.14358303566397 49.900273582876366 78.35708849554787 93.31354581277144 71.7427892406224 63.098446091677175 72.18432036482363 93.99209769505946
34.8944454826357 47.22691087484702 31.97681921855342 12.045384795318796 41.095696651214155 32.64734226253648 19.414691415276778 35.91463823203858 3.9935456718430578 49.79146186550559 14.18298127556997 84.54047481697938 29.45956184409304 49.79504329140736 37.384726219374734 27.781145320882 60.659428979693 39.17362650991145 39.75570483995627 30.84790646245712 61.8789194720626 7.597508057582549 23.954378932703108 21.26232467886012 37.28113572272834 22.770256450022057 34.41653064952389 31.003365260564976 0.0 46.38722525179228 31.32199560282703 76.82478159601717 22.53430609324783 46.50548396342276 30.22302346178369 35.13105713081945 56.592966097983464 29.987561687616896 7.562027486866136 31.943966158843015 115.09691192060284 88.94426378636057 70.49563214165883 66.50530360650674 79.18993516338801 101.42881174341625 70.56053385453139 45.437868966361876 39.309500729513296 58.486747833849606 94.39377529503444 60.11515744647728 26.689545241831535 14.3416814116194 45.75902267657143 95.47000015123908 61.77612919073082 30.214363442299824 20.109047474959727 47.86113490297021 104.40689867598856 74.74055963271556 51.63638421495261 46.2741315860695 63.333154762507775
14.264330022969908 20.890083707850255 24.069738824203462 56.935415233658354 80.88944457570223 77.735081087029 40.141289108358535 15.902746842107788 47.65754207127038 5.191011997229237 36.01005063940975 54.7437389684593 74.23825024860315 34.86559327483837 71.86905451520036 70.53784268582716 48.86801513704096 52.27043686691681 79.85901573225311 61.762084297949734 17.0879927543714 47.80524919082872 24.83578176012056 66.25746709568408 78.37391415018075 69.13487160248305 35.94265415583837 24.829084710989655 46.38722525179228 0.0 77.69259094755338 44.17464063709867 65.94158644339099 33.3624456576246 41.0304321727967 24.578217847209743 49.45604285490592 23.831721636725096 41.4822053569112 24.605688516842125 79.18289827638877 64.32436499099207 66.33319766465874 84.0079693958893 110.04254340146593 59.06278875808704 37.17035925177257 40.86182615152138 65.97403053026895 97.10966589476294 48.04912535155056 14.586593961226455 22.620180066004522 56.61651627866884 91.07162473190945 52.258156814541515 25.121507834814228 30.43206706865826 60.132990979635046 93.2774777205684 68.95635182465765 51.34759946583692 53.97202543391748 74.72743226179018 103.19982935370524
65.69065987359174 76.99086337649014 61.604663427962464 21.720797798550187 27.752022950483283 10.484119660543115 43.96307703204023 66.2919730237324 30.282847404927175 81.09854236153701 43.271568973047636 110.66468256229012 11.661848349448118 75.34168720173626 34.65896188019741 20.320012227542172 82.80562789493393 57.088973067492 26.53075297884389 37.06658045001472 92.87585942927608 31.107392389674253 54.38332426708033 14.293544887876191 23.482803207537216 8.557981802923944 58.9485362308957 59.88162477981974 31.32199560282703 77.69259094755338 0.0 104.37962947267435 17.734441889344705 72.25835651942111 53.81533566142167 63.58957922312616 77.59888351401234 59.327474244529185 37.17445405609373 60.75281863761892 142.22998758905226 112.80907671080816 87.27642079461764 70.02304541423986 67.70559487788297 131.24374460873932 98.73743341234868 68.32324312776777 44.518253383693725 41.115796917544436 125.65356263366932 91.24796173355614 57.082528664878495 24.19693115680095 17.53338861963133 126.1790148009818 91.96357468785689 58.209137486951185 26.723727831618238 20.85331859042703 132.747470101947 100.70947745213218 71.11767620311578 48.66072214725339 45.52828663321582
45.297760886954606 64.5536059852046 66.89694930330182 82.92238157488202 95.50762643932354 100.19696402373853 60.43008211163061 42.93466648220963 75.89718844916807 46.634621434199055 62.721911909443776 10.851168537998783 96.65435893334934 29.608490727290302 83.45493139643119 104.48935391155366 29.836704633106063 95.31165164556755 95.04720477199706 74.0948799760808 31.696514545379767 73.9438520947175 53.71666939177963 90.39178045359682 95.02024578231445 96.50534251960009 45.70490783599869 45.8354068986794 76.82478159601717 44.17464063709867 104.37962947267435 0.0 88.03338824175306 32.40751617243432 83.33017494105337 41.69457741687552 35.216211131431805 46.975511413859586 75.48587978694823 44.89119561297325 38.272806201157536 22.293835752565936 43.86419255152427 75.80214061147122 109.37415833484089 31.83553241167591 7.060362604618496 38.48441212089576 72.84987915206756 107.36858697319344 46.595335392204035 34.59556467455961 51.160648858211665 80.20475029142592 112.44119808782193 70.26815951774172 62.75318886106092 73.02799675208246 95.51434988062584 123.72417257688512 96.5029039240723 90.95614863734816 98.1219816977399 115.66121828713408 139.72044710438124
52.66988531033668 69.512396761826 54.408752682469505 10.546860918106246 19.131841185423678 12.342095394610899 28.298608423539147 52.651445087628375 19.525560838824237 70.00995718422178 29.978072382184124 93.75842946240982 8.734739166054451 58.62526648179911 19.811651409394823 30.347371743637865 65.29725217823385 58.48951681030663 17.72736007239371 19.6583864672931 79.67616111578214 18.30509199985933 41.33080352751921 4.389032026917581 14.97225150631991 12.870599121078067 42.333637268049635 45.16126392418867 22.53430609324783 65.94158644339099 17.734441889344705 88.03338824175306 0.0 55.66438020708073 51.595674399430735 48.44864129536245 60.001073409390834 44.967738105734334 30.013883137988344 45.947451663550524 125.5034236124073 95.38983600011456 69.58541447890933 54.58787987307144 59.265006333220676 116.08965171418326 82.73956204681446 51.085262308633496 27.720280085350353 36.35883436727576 113.03154373709958 78.43214748283032 43.83979937165612 9.333200422680118 25.439017715267177 116.8294375419518 83.76491308428176 52.714718718632014 30.59346652094425 38.57352118839174 126.86890845988597 97.16306941474453 71.97496253267055 57.5753372280027 62.001892997519846
23.89155559638336 52.325711066541984 47.12927318970206 51.083805480497226 63.67504609245044 67.79595901410826 28.556368091534885 20.759925502934177 44.90686818173926 38.33916662861219 32.41579661034399 38.51839613387543 64.2603331023237 3.295018614769223 51.95901363082104 74.22402771958723 17.005083882579115 73.10552776151256 63.11533363349091 42.19372826578674 35.23654949367788 42.49626062651311 26.390066871317412 58.14666292064729 62.88896798699543 64.60037678367931 13.342055915434305 17.512616452849535 46.50548396342276 33.3624456576246 72.25835651942111 32.40751617243432 55.66438020708073 0.0 60.729788049797996 13.642675621627685 16.24868274616949 19.275545727239297 46.85517471262791 16.676083338723704 69.97226797807507 42.49871785700198 33.33162693943898 53.015915449615896 83.09759821278357 61.97471068427113 27.578564856583483 8.668548274787511 42.24410294150533 76.7387695494441 66.19196895821594 36.00175060993413 24.611357094285452 48.064075022484076 80.05894875672107 80.731799120367 58.41880485953044 51.987425107457774 66.23767971358438 92.01614148592226 101.2397287167524 84.32288018416011 79.78686376933912 89.53362046928832 109.82406299670498
