0.0 67.43521435814279 64.36011683984516 34.76215742208993 64.37354771182589 21.793097205114194 62.99306730763377 45.53804648016956 21.4870933498793 48.374908247489486 8.019431812763667 94.38084108552476 9.43828239463983 66.26717873802855 57.95839911374472 52.50511395746781 46.598478969012326 8.137323843321678 46.80232504890754 35.535734760092296 22.99875770224408 72.29135018272338 61.65059884713757 43.81945135846584 66.12048810365741 27.88841327822196 54.20085240666969 44.07895501656937 17.654511681851204 5.452426799137021 17.169814450276146 86.21237970999618 8.217761806444734 53.722509436314496 19.145237375356015 50.12901156381053 28.187581176453897 9.331937226729416 41.76362974431695 47.210852431089535 77.14569514039711 61.51443870545218 47.067009547104966 35.28866580281782 29.563250981491038 33.18721155924274 43.903365948220504 57.89930396883878 73.32027404815119 89.43212566386606 72.86627679798143 56.0802976994695 39.73937229705682 24.74162597582433 15.613802424864346 21.77489428846274 36.10005043290198 52.25891011211344 68.97453266098314 85.92258754436564 71.18502474561271 53.888045789356255 36.5957484301375 19.320707040182977 2.458501801442911 15.411435198816902 32.67558770506707 49.96588157993486 67.26216027941003 84.5607514278915 72.28348424607357 55.32444921401333 38.670403409429596 22.99387639801017 12.678700119411348 19.786191007463113 34.94209646547914 51.469599660077364 68.3812993871172 85.44938475783562 76.04127225550882 60.13000211213825 45.25118082264047 32.839484189051966 26.606469550049475 30.595536703906696 41.98785127441584 56.467535692789646 72.20038548286122 88.52072573439915 82.09396305872362 67.58979930867685 54.7361735714281 44.97134588574781 40.58941649330202 43.25835224260027 51.90158834941619 64.14803375430353 78.32541811369421 93.56002104240974 89.97955041465501 76.93550881288166 65.8826572096684 57.971333494930185 54.58502976970207 56.5426779026087 63.350788120321084 73.67678920830153 86.26653558553589 100.27093316027916 99.26206674190975 87.56524704750586 77.98126438426559 71.36647117288979 68.58541629837913 70.09590543327418 75.64127905243897 84.43021226535663 95.57200896519464 108.34319341630139 109.58699243785048 99.06642168844586 90.65143687673763 84.96993713716331 82.58799873051291 83.7874988265079 88.42280527612921 95.99750066508074 105.88261369208308 117.49644989196521 120.68695778805983 111.16875500736191 103.6837025722603 98.69547126632456 96.59166474654756 97.559064824142 101.5099026743314 108.11760880137626 116.9326391759865 127.49797902420968
67.43521435814279 0.0 83.14381949848548 37.24187235408787 21.496509007363542 62.35218176604014 21.146854854151552 30.10531017114777 88.00089132902748 38.14230306514015 70.4682231010291 81.94289835330079 72.65606189499658 54.2668989955453 31.18117785881901 57.61371727612649 36.76154380463471 75.41093216812534 40.00067748263151 94.58728993892588 71.03680099117705 5.132609619454706 90.98671928946415 25.27022453225384 25.203957525451166 62.68041758279224 46.05908208379413 27.058021637565943 79.1767639043681 63.412305565174215 59.0777602262098 76.35837652103922 75.57739815315928 47.33928260953409 57.99515480149707 44.298795893229084 87.00523302150664 76.35105917581981 99.82445381409151 25.67433907229845 144.5273983296612 128.90414389876813 113.76767759137876 99.34076363375746 85.98131703569283 74.26764534110067 65.09436316308516 59.64533336895623 58.96229452695595 63.19996254104738 139.32392598946984 123.06923763354848 107.14299726291479 91.71646627412147 77.09022131239901 63.81690975963928 52.924450245794844 46.131340862454884 45.32005625747363 50.77812621655624 135.37856690013558 118.60525281081647 102.00864898443619 85.69149196999368 69.84989606077636 54.89711302718076 41.79816877787318 32.85102225432948 31.780517123905337 39.236739539772195 132.8035559986628 115.67108560193454 98.59780796055034 81.62087696680618 64.81604362338696 48.363039577105305 32.79572861365451 20.269389864990533 18.570100908226053 29.62366051030035 131.67934762390055 114.38456748739108 97.0923349739671 79.80430618029165 62.52396821972341 45.26013104011945 28.04328554933705 11.094404438307723 7.645868040081097 24.342274526806477 132.0430193386662 114.80112347893193 97.58047978801804 80.3947461404998 63.272375220524765 46.28374242460569 29.65955575097809 14.69376635203101 12.281587015472253 26.162589271271774 133.88244173954925 116.90254355986046 100.03305424666256 83.34104606794354 66.95938130090668 51.1868957399107 36.81505960358348 26.25470812286264 24.93955794537896 33.96121566286823 137.13821977497773 120.60075662705488 104.31155379176913 88.40794415441272 73.14188611664058 59.01027876475391 47.04675414225157 39.28470097977481 38.365153032234915 44.71228895589897 141.7127222486908 125.7549154332797 110.20345906933517 95.2575800304331 81.25214608396362 68.7642091581945 58.76922840400097 52.705108685625056 51.966674747617446 56.762158305466784 147.48322913778006 132.1947624332284 117.46616602774215 103.53664914950114 90.77481965260826 79.74327971271713 71.25030558970758 66.27906189052064 65.63470617641411 69.43779861123552
64.36011683984516 83.14381949848548 0.0 53.92702628354785 63.980772960255194 83.23756857857418 63.62576523411803 54.75278321378898 65.13806862560735 45.23301188868519 57.627314468704846 40.56697311608349 73.37211075673918 34.19453151292771 52.68905561859314 25.53424867944797 47.0206126079386 68.06652814315588 43.62704234478301 51.305669995970945 42.04371661906514 85.13063528259855 12.728907617905799 63.350856149602855 61.73965125744677 88.93743663729688 37.31373716005696 59.82995437257124 54.1914175847242 60.115138622894754 49.15942811693193 33.978490249824304 65.38897433146646 35.96104463150257 47.71814575372971 38.86761741284563 49.942108881040184 63.97950725921037 51.1350150896516 59.372805054572105 107.67148000462925 99.78280621792202 94.43908734166666 92.08445042689854 92.94634363112075 96.93900953575285 103.70145773444297 112.73635213747491 123.54614457772442 135.70735637932827 95.74806478805357 86.84610652977302 80.71854971966155 78.02183065882379 79.10759502748583 83.82899775036513 91.62572715958163 101.79356871484545 113.69815797011775 126.85146967634249 84.52037841257578 74.34719839382848 67.15661544117636 63.9625643069031 65.35366718628734 71.06115354694336 80.16836544884657 91.66754954931534 104.7740712578312 118.95783253289753 74.30466882118398 62.54931040815304 53.87346344961255 49.90977162151038 51.75250670594237 58.85881416700447 69.63547564000098 82.65918181044087 97.0292874074366 112.2297923858382 65.57578324920037 51.93265094353437 41.14030193094076 35.87138101114251 38.466801687699395 47.65858802209332 60.511936972256066 75.17150619495725 90.76631255366416 106.88778680881309 58.99754554756284 43.373670062660096 29.67408672776478 21.87553167187202 25.98533515493096 38.34902469011895 53.52353725807944 69.69649690539035 86.30843304936384 103.14747134184931 55.342357897216495 38.278622401811745 21.597282416884195 8.145280969324084 16.277650807327014 32.592814376823895 49.581594383982164 66.73148262827667 83.94379289338555 101.18667538924579 55.19409291848484 38.06493405257635 21.218009205130905 7.083927138443585 15.77572602605035 32.34622757706331 49.42061051986238 66.61252471354163 83.8497081219264 101.10901074785642 58.57938682251671 42.80577416422493 28.841559869083895 20.73760791829087 25.039423341586595 37.71748391657513 53.07500350739991 69.35427120365905 86.03362949217751 102.91874176007329 64.94798760058175 51.14130185113323 40.14140178669199 34.726635894362225 37.406604556803366 46.81107357429092 59.84986946201127 74.64211184522114 90.33045204883449 106.51968829453958
34.76215742208993 37.24187235408787 53.92702628354785 0.0 29.694393216864942 40.56336346158908 28.33840516669959 10.776922527140645 52.95914463783567 16.221901391452327 35.37804989260352 69.70507481848111 42.562576184442214 38.47862657310425 23.70138385873018 30.92252933679819 13.785295878085787 42.815165071010085 15.65230181444791 57.44659494074335 33.80468069790931 41.33764469411561 58.48727765591549 12.09221216733802 31.36063970607537 44.368226549472624 25.312066945438964 10.433419814188078 42.876952813536676 29.681839738630387 22.40768899213742 61.97946906184433 42.10896143551683 25.595094141156668 21.070042650251764 21.02129158384959 49.97034437907002 42.37379203771706 62.597911830400314 12.971682866227143 109.74708513250354 95.1559182272443 81.63071516239435 69.79396355124281 60.64255803258839 55.52063713367457 55.55412907479266 60.73450562344326 69.92708985677456 81.79006311663592 103.32925343694963 87.71215913495587 72.86025298326278 59.35078289323106 48.32307684764934 41.790303215397344 41.90995693770343 48.63296103548498 59.77115247727815 73.33976955629738 98.52242034124123 82.0219403423871 65.93360369702611 50.65166835179584 37.1840413164621 28.25640391010011 28.51150306034201 37.763702984631024 51.361451799610634 66.69790259276154 95.57005100998703 78.46776482635615 61.477299402453966 44.72627108306596 28.6379654722482 15.444726155239914 15.989334691055019 29.521023694077368 45.67313887019837 62.44432037249286 94.64589177240828 77.34471724963934 60.04397841841433 42.74420432114977 25.447362587073794 8.172094167388646 9.203889632977019 26.48308227008582 43.78023880159959 61.08009965101948 95.80866537697064 78.75688358540046 61.84420427275852 45.22695027835759 29.41021931495477 16.827284634230537 17.322429261219735 30.260339426372624 46.152164285361664 62.79386063595744 98.98483762430467 82.57427709077686 66.61631908276014 51.533157023612816 38.37066784912084 29.7936168211412 30.02866345902966 38.91646475129892 52.21083605987397 67.35102930975152 103.99004345593886 88.48610084105214 73.78587703527562 60.47830984422288 49.69508001257579 43.362203559052176 43.470278602585715 49.97753745758982 60.86499883396496 74.22968826474687 110.57612315043419 96.10654839901362 82.73183310873692 71.0727915902419 62.10334234276618 57.10522293849473 57.130427747907675 62.17284771951166 71.17399906880624 82.85355287585243 118.47965012239993 105.06439407323519 92.9425390444397 82.68490478833702 75.05971389430923 70.92120327824144 70.88273946184219 74.95063500359558 82.51982716760742 92.73691453956083
64.37354771182589 21.496509007363542 63.980772960255194 29.694393216864942 0.0 66.46161735679966 1.4289854838060054 19.03409960526471 82.39383530266102 21.66250519165396 64.9429567342184 60.56042746931868 71.7535562159324 33.089452456754486 11.4483867875312 38.912332206485104 21.543471779629115 72.4646973771885 23.87302848340209 84.51115296545922 60.8432215924337 21.907122985834608 73.15793396936559 22.212457247641094 3.981320582578004 68.70763518198375 26.784414632810837 20.66496525985038 71.74559995188166 59.36424974310053 51.41376088611064 54.86445485027462 71.80308617662345 28.18368222302923 49.79272601856323 26.325689937931816 77.57002666687579 72.0549326169599 88.95273486073978 17.32657357211304 139.00785013006683 124.7331795454301 111.32042121648732 99.12009231000124 88.63428027225656 80.53548907070262 75.59484626175747 74.44382435119977 77.2520006730189 83.62144852297126 131.9012055793058 116.79869074754171 102.3945109764098 89.02827184164748 77.24070227432023 67.85952092820942 61.987084668333985 60.651284761207855 64.13621140317612 71.74276601515416 125.96618439773162 110.08405399065865 94.70069248238501 80.10397151784692 66.8114827866719 55.763833212174035 48.51946867144034 46.87617165645014 51.37426380543079 60.66265224392239 121.37486997206904 104.82405396029672 88.56079160498747 72.7781122590755 57.8705601466045 44.722009490472075 35.35283337466837 33.14054640428946 39.31255649213329 50.90546801189833 118.28390698116856 101.2457427173364 84.31506394910761 67.57271210967353 51.20375628577888 35.72519722165996 23.01014120206947 19.528320527501343 28.84364453369308 43.373588509768446 116.81250358986073 99.53071844014733 82.25740272127408 64.9993089397891 47.77293683473553 30.631851004294045 13.895343430530442 6.823804886294131 22.332969533201723 39.36587626594539 117.0217887804913 99.77513575120356 82.55161789287517 65.3695246814493 48.27310985654307 31.402623316667018 15.513529737710627 9.691630228598346 23.36448214414632 39.95727209219581 118.90288521712178 101.9649014232377 85.1733365244798 68.63573785149256 52.5922322157173 37.67933640338692 25.92745682773915 22.87891533081278 31.19884035158804 44.966672494762506 122.37869842142058 105.97946875884219 89.91916868353945 74.41755923516914 59.9099029870007 47.319414166274164 38.57155125203406 36.53914753804131 42.2038051306335 53.15938449655761 127.3186403358746 111.62206665154426 96.47609341373759 82.1856963698894 69.28233559973627 58.68813010879672 51.838715806874994 50.288264523282166 54.490989094154344 63.31135354372946
21.793097205114194 62.35218176604014 83.23756857857418 40.56336346158908 66.46161735679966 0.0 65.0367131580537 50.06362698902753 39.541211595807574 56.69514356264473 29.800923534381617 108.44775711747047 17.79085240876846 78.07011106105529 63.59742744023412 66.93072398612179 54.326544973857615 24.625571372468382 55.83562128042608 56.651333087797056 43.872495595794135 67.48435727230893 82.13277176309252 44.25347386162479 69.26411384702575 6.108007634309277 64.9936494109654 46.261224229659106 39.17330763616035 24.056832232083323 34.0809651078682 100.41075047595858 26.95632149097405 64.959503113712 35.546677198762346 60.627864804326904 49.65646543330636 28.7916309478961 62.85232736287405 49.67388953748294 88.83442457009704 71.84012969582078 55.037859508315464 38.67867917029022 23.698670089950564 15.030841769163525 22.111941188727172 36.75135617309594 53.01979740214467 69.78716322595095 87.53582887231468 70.23545515295886 52.93609905613797 35.6392424804139 18.351954240150793 1.4650743482868596 16.316012374900463 33.600471356043116 50.8968043145855 68.19597716936245 88.495772620218 71.42286719019968 54.49461377649875 37.90531216874068 22.420420102235646 12.932539252235058 20.74942631645212 35.95190677019019 52.47145219407899 69.37348036014114 91.64329697323454 75.27032761274124 59.426093776392996 44.67671751565112 32.54639178681129 26.855841313492256 31.33552091364605 42.91041357472272 57.44042460931356 73.18614096474624 96.76512574490972 81.4014733734805 66.98966788615165 54.2930637279883 44.79468008503648 40.793325292515256 43.82160246384744 52.68088577592138 65.03017791195734 79.25451269017675 103.56869712548618 89.34732875836625 76.40755310585813 65.51322057943176 57.83207460980345 54.734034391006716 56.97173923855447 63.987830929696734 74.44329940469964 87.1083579753766 111.74717355005836 98.67035354670382 87.08006068204887 77.64486908349168 71.22643364086123 68.67586498339901 70.41473170537593 76.14975297994636 85.07658752163569 96.31176998202237 121.02202987360701 109.017683516721 98.60050194452427 90.3213303075435 84.8086463416641 82.61809935706992 84.00996518183514 88.81597952882257 96.52752068987105 106.51538077661843 131.16076749566653 120.12478658068052 110.70433394832817 103.34216246383467 98.50087976785406 96.56040530364045 97.69374706171632 101.79829243463631 108.53747857298451 117.45869040406569 141.9783078723992 131.79958018958814 123.21961031773185 116.59189077165874 112.26272408801339 110.50259293470361 111.4333005471717 114.98952776740042 120.93988639327048 128.95338050608805
62.99306730763377 21.146854854151552 63.62576523411803 28.33840516669959 1.4289854838060054 65.0367131580537 0.0 17.714898952407424 81.09071437953618 20.777153688546168 63.61931522281198 61.130407622073875 70.34603487821138 33.203150711263476 10.95462191205717 38.4332481065623 20.52769832338031 71.08892759149859 22.97307682072641 83.38512515141254 59.68901147963479 21.891934131635505 72.6254591886052 20.786101928208122 5.009216513606791 67.29702325342731 26.35145583993806 19.243943501760118 70.4914159084781 57.997736912548845 50.133769355814636 55.300709206566935 70.44359728234934 27.73618351660708 48.528361104883345 25.67491905947713 76.40543573441981 70.70754001933236 87.8724865571133 15.912962740971484 137.73219825923235 123.41319193651962 109.95526707435239 97.71485495271955 87.20614833677236 79.122177964263 74.25909434540057 73.26113874012934 76.28016200396246 82.87833909069829 130.69012072690273 115.53885497119028 101.08037729674116 87.6581693588245 75.82455374844858 66.43393381559308 60.63223968118963 59.47912012551208 63.229417905606155 71.11152622471768 124.83806310544333 108.90690353375672 93.46437136455084 78.79826921964447 65.43278375467693 54.33631003655282 47.139404192781996 45.72215773283188 50.57283291143582 60.19477211876166 120.34983545374239 103.75595014403376 87.43694968937854 71.58108574176606 56.579079043180805 43.327141831533694 33.94110984896961 32.02288776609424 38.69935953728548 50.68060971323652 117.38205187620895 100.31447245929776 83.34358231687196 66.54340003774762 50.08600114152586 34.46596841428847 21.584959897135544 18.510268918600804 28.6017772834226 43.49948641936172 116.0514615778943 98.76139072445302 81.47635477891393 64.2004205988 46.943638001753726 29.739364811507404 12.801094356346308 6.482263557197048 22.779047208051704 39.93073715027783 116.41423554955782 99.18547457002525 81.9875333061885 64.84493807892957 47.817251031119795 31.09382772804876 15.680429659015978 11.11929632243444 24.497239681776385 40.9304761546918 118.45481166748957 101.56195342672686 84.83412757446713 68.3925351165692 52.50675536510881 37.882590978896204 26.682070395972136 24.238108486742856 32.58450193690593 46.20307858775041 122.0890632860908 105.7592620392542 89.79426660317682 74.4291998978452 60.12576781341374 47.845760398301046 39.522554273993656 37.86230949044011 43.63236572691968 54.52264550846637 127.18039398936584 111.57203614422687 96.54266678649049 82.40967417923204 69.72031923285518 59.40700343652043 52.878746473640916 51.59294746354148 55.91246064501529 64.7246082319385
45.53804648016956 30.10531017114777 54.75278321378898 10.776922527140645 19.03409960526471 50.06362698902753 17.714898952407424 0.0 63.37897252425609 10.320666076936071 45.90893187728165 63.836690638913225 53.275120726605074 32.540982730834415 13.534829103935913 29.64157477740706 7.986536604719744 53.58292469154528 11.345909143976307 66.41478130720462 42.61988658131026 33.431410109697154 61.43376134042253 9.493251549738092 20.583723612772257 53.271984944608874 20.312442578071156 5.731501989112101 52.88282393526888 40.43502773043147 32.46371329499337 56.58047756800293 52.831976194266424 21.144979619821665 30.90657109409678 16.87734937433614 59.212978743259626 53.04542287920903 71.20217268349631 4.6577079024520645 120.05395505594561 105.70045206463654 92.3629427608426 80.54771884667944 71.01866666547753 64.79244713957632 62.85829766819164 65.59698280572188 72.48073474159246 82.4781416616643 113.21323386292276 97.89881862617237 83.36559767334916 70.10113325126093 58.967929518215364 51.37087074660479 48.9838527680866 52.52210128999785 60.96249861149356 72.61530948094027 107.78664834040609 91.59911017402902 75.9048085870125 61.085108713065466 47.95777939357282 38.30423292983797 35.11676913496495 39.97334420313244 50.608858683363344 64.21333557581582 103.99588933919911 87.12782312347663 70.47043013643389 54.218233866876 38.88269078095401 26.13085914809152 21.27184420804506 28.650869287933443 42.284331195351484 57.91172952901506 102.02351750856891 84.77483041867924 67.55337861939644 50.387095530183636 33.361252550491535 16.905628950410442 7.572367620734193 20.67835958827875 37.37059943115592 54.44485458816096 101.97512809629296 84.71685612456561 67.48094592489484 50.29039475015395 33.215703142602315 16.61792575249309 6.9095128121641896 20.44604284981221 37.243165266386 54.357882959402076 103.85341119570698 86.9584913644663 70.26193111535143 53.948218210261544 38.5070522428769 25.571222833659455 20.583812630259438 28.14623932264035 41.94567646409325 57.66611050215515 107.5574515958133 91.33053642823599 75.58198309532763 60.68536270795543 47.44995384092995 37.669494106444255 34.42660667609669 39.37130303286368 50.13696791828712 63.84386733098566 112.90765552866195 97.54689914838852 82.95395434124467 69.61337299274669 58.389956408865146 50.709510656457894 48.29310597058663 51.88155596416687 60.414152033335 72.1577842932394 119.68339062052102 105.28131051063555 91.88519634254112 80.00199299474185 70.40201042505102 64.11912252559794 62.1673168793666 64.93830391622551 71.88800982080562 81.96025383832
21.4870933498793 88.00089132902748 65.13806862560735 52.95914463783567 82.39383530266102 39.541211595807574 81.09071437953618 63.37897252425609 0.0 63.67780528462884 17.660323155012637 101.28471380178819 21.75818361028518 77.18108778158414 74.33676842848554 61.64415254635339 62.47165423133959 15.148328120766932 61.731675375828615 19.987333111165682 25.940680798549092 92.705757047811 58.372673961615114 63.49824203181951 83.52791433958133 45.02605999413211 67.00041073978747 63.09132985951059 12.135465957758917 24.65681750476943 31.06472878838015 93.29330681798781 13.51482536349577 66.15755541800819 32.81728084950361 63.55892159283633 16.177992181334737 12.157672736614657 25.52260953762678 65.9079482171689 56.82662063636372 42.436953005938925 31.164645533670836 27.208183794812943 33.287315646585064 45.54684932962169 60.329889508251 76.18126827223848 92.55369082994683 109.2130748583442 51.533034304802605 35.07002829736405 20.071694282445083 13.21180171048355 23.344019876348508 38.91076444912605 55.51454478344848 72.44580416744994 89.51892071993969 106.66579844857931 49.84097472091115 32.54474491104322 15.261444239083229 2.31873628171536 19.40502497729227 36.693964756319865 53.9912280231755 71.29075645626442 88.59122308392584 105.89216806567025 52.10253990590465 35.89788329491914 21.479149554083808 15.256545683378615 24.553675629630042 39.64487694230674 56.029117686389384 72.83900239391873 89.83591147656425 106.93069808027653 57.85590767215792 43.7995025444631 32.98781902948882 29.269530166086895 34.9846251747172 46.795854642509994 61.27388869189119 76.92747408865398 93.16594074197207 109.72993287767802 66.19673645531816 54.29886402993631 45.97205393463773 43.326634319943686 47.32514268903546 56.57601444133813 68.99801504386896 83.18239681674254 98.36971378642416 114.16038906064489 76.28083328364556 66.17064282586642 59.47301772519124 57.39532317741047 60.41608914786291 67.85780686946323 78.47265446077388 91.15881999364844 105.16939120454033 120.04152885055349 87.50747638042266 78.79681489749476 73.20523309612457 71.46861385730404 73.85937909386772 80.00838389139923 89.14125646857468 100.4473703757209 113.27785893186118 127.17217042452798 99.49050418514173 91.86671175575056 87.05919057468424 85.54408353260926 87.49260209098465 92.68655912834129 100.6246425797526 110.7181862832904 122.43525832443385 135.3548884032711 111.98722972159995 105.21495251377203 100.98464068307861 99.62064989440547 101.23890026608588 105.70251074994555 112.67382766289361 121.72274606847078 132.4240430909305 144.41084541403546
48.374908247489486 38.14230306514015 45.23301188868519 16.221901391452327 21.66250519165396 56.69514356264473 20.777153688546168 10.320666076936071 63.67780528462884 0.0 47.00954233818358 54.150810449341044 57.0038868951226 22.752279692932614 11.133773548762509 19.78226721667613 2.5922929009750075 56.024581211561575 2.2231266204377857 63.53687447271641 40.23624208024047 40.64006762548269 52.88269844570468 19.781357325048806 21.2674194889745 60.58926443359476 10.05146374547949 16.011913887584132 52.26567746638784 42.97148430070755 32.870962852088496 46.685540448324275 54.77060089658439 10.8283011441091 30.988570252648305 6.62207748157116 56.93696286297878 54.625252275901595 67.69234067098856 14.59432361193651 119.46588955815152 106.05719181405355 93.93000523817496 83.64360474176303 75.9496420425245 71.68774247329965 71.47450942777826 75.34432531694378 82.72616272589295 92.78554533607141 111.54517678416893 97.09137444920447 83.72479364201858 72.05306862364316 63.02496232269799 57.89079895522234 57.699574364728626 62.496677594666686 71.2820179925164 82.795621972576 104.92699713390854 89.44631897075624 74.76842677445417 61.47109664292747 50.6535114089207 44.176522374962474 44.00064153867814 50.19215275383399 60.83709687221866 74.03888795109228 99.87073667865333 83.48577911378139 67.55957342551304 52.511198676514105 39.36070869955467 30.656388732993555 30.480687802626218 38.94919595639915 51.99727666244127 67.0007691959788 96.62199139974379 79.58921889833034 62.70399305257601 46.128626272130916 30.374693676086196 17.77937870787426 17.558560183754526 29.986867148499968 45.70376137909314 62.26690809859103 95.36571389735829 78.06637194959457 60.76850388677763 43.473869081878426 26.188873864779655 8.969421871489855 8.588220779558329 25.802676928071737 43.08726412986577 60.381786300051274 96.18002905348997 79.05455550502266 62.02709366841432 45.208525714840576 28.96504947669465 15.25943087383576 15.014633379864577 28.57868167012982 44.79682714212761 61.607493403965265 99.01385153856266 82.46353431345455 66.29808730947157 50.885641048001446 37.17486709380265 27.808329986941445 27.628714855173914 36.770895380721214 50.39406516939524 65.77032048044293 103.70171599932237 88.01241832884479 73.05498818760789 59.38503564361752 48.112776454284386 41.252899272966374 41.07882397657379 47.66385948241722 58.77859187462377 72.36510115530169 110.00678940230114 95.32818609804684 81.68311696774532 69.68141296941172 60.31223932622412 54.939351062146514 54.75214663608751 59.799347913972106 68.9407400894251 80.79844342879493
8.019431812763667 70.4682231010291 57.627314468704846 35.37804989260352 64.9429567342184 29.800923534381617 63.61931522281198 45.90893187728165 17.660323155012637 47.00954233818358 0.0 89.55980164271205 15.871147961231927 62.800670128033666 57.34032349833167 48.14950941795376 45.57675004441107 10.706370757406829 45.19573751909044 28.24554106317686 15.68068030489497 75.1239436859105 54.16169983155224 45.845493469522516 66.23942122490195 35.900976813825714 51.50408484306686 45.44545744172061 10.271389604227343 7.849508053826648 14.159080444854196 81.40800102605922 8.444763994156684 50.839433177042736 16.099087107147398 47.71382078946961 20.639506750498803 7.775999281873834 34.43415134838478 48.297547844737004 74.48297516095553 59.795346185298456 46.925054897356375 37.77758123558222 35.37001591941067 40.91012006234519 51.91286291579572 65.6883571409272 80.83119884486415 96.70115130882536 68.87187053057204 52.67622380896223 37.48260877590065 25.175757546418684 21.48029275766482 29.794271050115103 43.73448981507801 59.46784015638088 75.8871123960575 92.62826266414208 65.87369781297245 48.709777119230814 31.696278391415444 15.342069421740371 8.050930246442965 22.202910055694655 38.98505233374855 56.08397943621614 73.2782679022091 90.51358846878756 65.84639617201884 48.67301783673842 31.64001916267664 15.226041201943387 7.828615429518521 22.123640731013488 38.94017346696627 56.052940251766934 73.25462772333003 90.49454251875224 68.79350316360147 52.574189873802965 37.339740998856776 24.963543988683643 21.23233978492747 29.61684369861748 43.61437907666715 59.37998103271304 75.81861042145667 92.57241856288118 74.3621743338234 59.64549499074187 46.73483471360506 37.54213740302624 35.1196097355233 40.6948337910557 51.7441746352321 65.55575735291384 80.72399047051782 96.61198452914593 82.02010243893018 68.91785129909682 58.05811801447747 50.897168127007916 49.08156676057402 53.161832966662935 61.98437375184687 73.86911743519286 87.57814937485887 102.38124731103464 91.24265284648654 79.62589955978912 70.38494270255201 64.54835810722915 63.06849456067255 66.23800702549313 73.45751316195997 83.68532130335797 95.96433639389568 109.60733923026486 101.60454551429645 91.26556477929904 83.27068753623637 78.34089567006112 77.06665238352402 79.62365432747337 85.66952895193555 94.53726512054504 105.51779586818097 118.02288098260968 112.79208580992595 103.52294489451934 96.49154612978262 92.211223213694 91.0707074536434 93.18535659224615 98.3454140657321 106.1075073183737 115.95024194568279 127.39225628236954
94.38084108552476 81.94289835330079 40.56697311608349 69.70507481848111 60.56042746931868 108.44775711747047 61.130407622073875 63.836690638913225 101.28471380178819 54.150810449341044 89.55980164271205 0.0 103.81548371875402 31.398823088366846 53.33009149796749 41.96860230603955 56.74302804139489 100.21204407623559 54.19249327456594 90.51198617772332 75.70844476846764 81.45122495473554 52.77674900955088 73.15036675551441 56.75141874169744 113.12418102385716 44.425872989821826 69.48722997015926 89.36452282541723 89.18565810612125 77.25599116859367 8.168766888564246 97.97807115708123 44.11400286048634 75.32453126494393 48.68416771246222 87.72701707448101 97.01011308716761 91.12799959575642 67.11858682793057 147.93578834305583 139.12281885311916 131.9998441045819 126.85187356950134 123.9252826504565 123.3782492981763 125.24195777715455 129.41229633836613 135.67673258980147 143.7617750121957 136.25282500201277 126.68934987308411 118.88736375098043 113.21163362180998 109.99180676309665 109.44485352518231 111.61007665888889 116.33613927192395 123.32899184378839 132.22948988920052 125.07338695690343 114.63892817157493 106.01643492610259 99.67724911959212 96.07441077481484 95.51805963160714 98.06006283025913 103.47232009079688 111.3370334767401 121.17762960552896 114.54518148806503 103.10614802830992 93.4871004691333 86.2987785626857 82.18151521788377 81.60149962247004 84.63148984171355 90.91124484859833 99.82935861540707 110.75029696216093 104.86471177583127 92.2854756320107 81.45736003780807 73.16204788926422 68.32832687820195 67.70174674519178 71.3931651245184 78.79805071384236 88.99422914728173 101.14101097859513 96.28816113141076 82.45791558957333 70.18479372447331 60.42517897894372 54.54538291207592 53.83209913614127 58.4747001341873 67.37496398583163 79.1086629022096 92.60493981313675 89.13489681423958 74.02025947412967 60.09720239882466 48.40510924344777 40.90405122756826 40.02416962396873 46.145778167212065 57.0581937367072 70.57299797739614 85.46440519650642 83.77043799715936 67.49593174212552 51.89051672962027 37.79234124109264 27.615336170792535 26.375422887911146 35.034689645493856 48.55827869610747 63.93038234360098 80.09364237261006 80.55304199107047 63.47776787502875 46.570102046660644 30.113696962491225 15.607947806840606 13.38261090436662 26.707554443995498 42.967494737551235 59.81497048012381 76.86461300830892 79.74306398715552 62.45146096388512 45.167768084811264 27.906686399132656 10.777411218495024 7.227420988332966 24.228747604647122 41.47942118223956 58.76024274553539 76.05066369329437
9.43828239463983 72.65606189499658 73.37211075673918 42.562576184442214 71.7535562159324 17.79085240876846 70.34603487821138 53.275120726605074 21.75818361028518 57.0038868951226 15.871147961231927 103.81548371875402 0.0 75.53029909740427 66.13593564420184 61.924481847499955 55.08733633049963 7.190575913817456 55.54721905333273 39.601252649966774 31.54291755828451 77.66294709332097 69.99636015601189 50.384862213155344 73.78994627182117 23.31184023385055 63.29114374530558 51.159417323339994 23.088271770940633 14.704594137904207 26.58084661391675 95.64724487596185 9.916164858944029 62.86909895309243 28.541561658287808 59.149308292290485 33.14381575196695 11.813300640782831 45.71494363258984 54.438063994237616 73.316810051273 56.874526540262 41.1434140903543 27.3781098255381 20.125925892336774 25.675990910399666 38.88665254602952 54.44078070730728 70.81057182765355 87.53963206348003 70.72451884567319 53.5072267197101 36.37035164739094 19.526778257470756 6.204923989918727 17.15868633573693 33.89768980710437 51.01372025436284 68.22359823815371 85.47065274915292 70.91133662338744 53.75278903858632 36.72901158351343 20.18394285430393 8.029701187548037 17.896199259882817 34.27513806696438 51.26411538141169 68.41014001544582 85.61891311378153 73.8561747311402 57.56499324607906 42.088402044464736 28.772381960123667 21.976750862018214 27.14436278567728 39.8668599393173 55.14188833884135 71.34844367933454 87.97320170962593 79.25214279054535 64.31263951830408 50.89239941463629 40.52979504133794 35.97220462541113 39.294299545347236 48.91617012316447 61.9697399852207 76.72296201021942 92.36495210168646 86.6424182994851 73.18819605726834 61.6831968333515 53.402460967314134 49.97529629309641 52.363527175665254 59.87527915106212 70.9003558870028 84.06767043614732 98.52201427164094 95.56535246375171 83.51586873630322 73.59183081108876 66.74809574718977 63.98087606632101 65.80646025439582 71.87573591155413 81.24312959808027 92.91643715252063 106.13753328162237 105.63315185503437 94.82224076213747 86.15587986447628 80.33117481712203 77.98745655725061 79.43344908564308 84.47476550751271 92.52557971582236 102.88179389873233 114.92183364865625 116.54938132912683 106.79678959358156 99.12629452574912 94.0487229343358 91.99442551274089 93.16361084716243 97.4403123326156 104.44348983672236 113.67032458337538 124.62790550876436 128.0971839694306 119.2382346605272 112.36228487061774 107.84928331206385 106.00146769851537 106.95706050327695 110.64344907224232 116.80235976684523 125.06905318360994 135.05703711001775
66.26717873802855 54.2668989955453 34.19453151292771 38.47862657310425 33.089452456754486 78.07011106105529 33.203150711263476 32.540982730834415 77.18108778158414 22.752279692932614 62.800670128033666 31.398823088366846 75.53029909740427 0.0 23.463927275665068 15.96779730682331 25.344554506035834 73.0239502980728 22.86525654861101 71.27087570419052 51.375441281703246 54.995114440129434 45.66702968819799 41.94838076748413 29.95639401327056 82.42938892684204 13.185728872249165 38.23751322803164 65.06436775273028 60.859236089919975 49.2412099856138 24.041185389854604 71.17606209180876 13.111301285813589 47.23304464560307 17.536140661871453 66.39757959187774 70.55275902830942 73.78068386369351 36.06391201432075 129.52222183507521 118.13847299604478 108.33310994473172 100.56887030988548 95.34570623706516 93.092323948009 94.02249154416955 98.04564300451575 104.80619430980073 113.8173961932107 119.66351517157678 107.29071610362647 96.44646965094644 87.69964710416089 81.72648007045922 79.15737385724891 80.3196425298745 85.06046652295444 92.83320420337898 102.95342387894708 110.72703644914232 97.27201153979972 85.21680930161924 75.2373423036172 68.25030034671957 65.22455097026138 66.7013742928809 72.4057825538657 81.45436816491303 92.87477359323546 102.95336121503044 88.36496781904451 74.94025082855428 63.42251615561637 55.02263735637775 51.295871108690484 53.232911521007814 60.29029814354812 70.95631005344838 83.8652283566593 96.62367492133322 80.93757690073359 66.06326454844907 52.69274390426043 42.27768166247624 37.376279143947336 40.06590680196721 49.114909166083386 61.78979273454596 76.30458334284647 92.03648495516455 75.42833471509485 59.2187784124178 43.85207725137387 30.624443925371438 23.482320501145175 27.634997926748458 39.68220972440043 54.62941836315798 70.65960555105488 89.46030949744627 72.2772912987759 55.16864932341803 38.234357159959444 21.882994203029885 9.725120654169432 17.578500413340297 33.498396236534916 50.338798085066266 67.41335033554446 89.0698516578926 71.79566487495885 54.53906873574998 37.324469795807545 20.259209653009123 5.144765227227422 15.531102535703539 32.475763054286055 49.66738093752675 66.91588582450741 90.89328938918648 74.03557687410735 57.44262492225024 41.43374953648827 27.065992891266685 18.630412491078136 23.671258856502483 37.044252590355754 52.75354710305304 69.2265031744035 94.80293788128911 78.76515477682331 63.39566724445081 49.32322055677154 38.01654888684321 32.502989630816494 35.585658953253265 45.55153514256084 59.01062639067704 74.08288697529001
57.95839911374472 31.18117785881901 52.68905561859314 23.70138385873018 11.4483867875312 63.59742744023412 10.95462191205717 13.534829103935913 74.33676842848554 11.133773548762509 57.34032349833167 53.33009149796749 66.13593564420184 23.463927275665068 0.0 27.48655772276149 11.886163584646566 65.83955775200373 13.32737520751724 74.67063192422539 51.32861286364033 32.58050457853032 61.712579926860194 21.176873744883427 10.26314724313091 66.7661777439474 15.397800999635379 18.041128493311856 63.122915210793074 52.66903586997887 43.327648410815286 46.780762030424526 64.80777528203214 16.781594496260944 41.52593200528286 14.950417824077876 68.04625513116773 64.81086792589035 78.80340645153943 14.933028223280957 130.4098352619162 116.76805451531264 104.21860345932352 93.20376274043713 84.32704668010437 78.31887094365918 75.86386242178001 77.30130030522 82.42779730048198 90.61941203802289 122.63761207725301 108.06038458836986 94.40764941023782 82.141685798781 71.9750203465529 64.90181269826955 61.990174696875215 63.81232605256699 69.99956345112945 79.53967274337738 116.05721756559062 100.56607643518196 85.77001775221962 72.09825515450493 60.32017144481935 51.74543463742497 48.11817914761832 50.51564667676695 58.197974104418485 69.43255761131283 110.88114886153453 94.574140252411 78.69316797165169 63.558392174489676 49.85410309873574 39.11395947002117 34.2502540835738 37.616031607553744 47.49273220969853 60.78537028978584 107.31288356567744 90.3839604304628 73.62864386620132 57.199699847794406 41.48669302853362 27.73440651799334 20.395109268673437 25.718383113611 38.802339473187175 54.30027106659687 105.51571594329127 88.2526131889694 71.00841187547147 53.80128974491092 36.68346218807088 19.886865432826323 6.634141552350209 17.066037919925268 33.72240894695997 50.812060367984124 105.58015269234247 88.3292916128981 71.10325031148355 53.925819294746965 36.865011896083914 20.218247978695683 7.565668133139071 17.447476924122753 33.916115660234645 50.94020696542287 107.50284544626972 90.60838910096953 73.90270595468368 57.55042219620032 41.96669653581207 28.44411216689502 21.34579095473861 26.475072081079333 39.30556535151729 54.65927980843451 111.18740871628886 94.93138124362997 79.12017414571538 64.08388481735027 50.519245384876285 39.95436822005259 35.202506305077 38.48101980412179 48.17747237939947 61.319298179415895 116.4666962878461 101.03619731283894 86.31822965494705 72.74656111805716 61.09000997632306 52.6366627376615 49.0708568334419 51.419660613224096 58.9806390755802 70.08674521494585
