0.0 76.24576988958215 62.17371167933151 86.09435705290117 47.46057551715779 23.655133770737446 67.83192005966988 69.75221909361377 49.1767840556924 49.61334525143416 37.36915143238609 56.40240919679718 34.985145785679265 65.97380931774823 82.43427479374417 56.21749952376927 41.82593911044689 38.792805312302754 34.81223485628601 79.1242951302062 30.891522784032414 31.70855743734816 71.43662958639679 48.044092517126074 79.69728386194792 16.360410327341572 33.221776797686246 63.722662920839184 19.80469490884513 10.117004357111282 55.688366568211435 21.8058184012128 27.31862961945813 45.030428798530885 35.66061257868537 23.36354952319555 76.74322665793072 79.52746747053368 36.020109452525 31.79777685705832 6741.47755878828 6821.201765223465 6763.113174997232
76.24576988958215 0.0 31.085400971298967 21.157169117534337 38.91248513272828 75.17140006860976 23.149431983953058 6.496851136204094 67.03468775043807 29.034345139241818 38.87798736293628 30.442274395644457 45.89560038910242 30.618403147241224 11.713283734426536 20.767455140460854 34.426180111929355 43.22331234465117 44.91610766552438 8.709868950762873 45.550437590300305 69.05124242826169 11.260541044379174 35.26153665437546 8.195676119465185 60.27954472583964 44.064625412212614 12.628773460956301 57.36599793551536 78.19992205454459 23.721383646813024 60.890312158009145 76.28315169470254 59.43829600322348 46.194602507099525 80.47813875364147 0.4981285656059241 13.331758542414326 48.58142929732701 81.21496611186129 6675.347599264945 6755.541317758189 6697.305307826775
62.17371167933151 31.085400971298967 0.0 51.687662577096496 14.824798484546376 70.85461540724847 8.824812902295 27.39717252713728 74.6538476625518 34.83160967808503 31.67171609217341 6.526259486546643 27.19606723175065 3.8095999104758436 42.676691354492434 29.249964889196704 28.492243703272088 23.38274699305906 43.4875444548939 39.31028182899674 34.227680265013504 68.86448122831166 36.95174894341635 14.432384214792515 27.916044743067253 49.54590490019207 39.34009878605696 23.946014283626596 48.246631322715324 60.21178820117675 34.672074273953065 55.50507092688357 73.31542166912699 66.21418777360803 46.370241688292246 75.12970015814972 31.373407501078862 43.272241455013315 26.767214311220695 79.13803957194573 6704.151747356354 6784.485880454359 6726.2068693478295
86.09435705290117 21.157169117534337 51.687662577096496 0.0 57.10810325908381 79.13214926452125 44.17692797656578 24.407207562197613 63.538506524012156 36.590858452206106 50.3695159943726 49.993754104590494 61.19559399637428 51.58502353775993 9.65547566946696 31.59224164254555 46.60342612612736 59.3610446127909 51.612599932147496 12.49631091350955 57.577573293569 70.91353753737918 16.390487424182233 53.05773008460535 27.716839320964585 69.74737214815801 52.92072524296748 29.24664111496582 66.30380077984721 90.16853896583628 30.60038118107887 67.13785911556387 79.2584865376779 57.61131241609807 51.57120138972175 84.64111893360977 21.009251698434294 8.514215286428534 64.83278758365748 83.16538232993717 6658.947595742231 6738.9787607275675 6680.792974181038
47.46057551715779 38.91248513272828 14.824798484546376 57.10810325908381 0.0 57.79019898992391 21.817289910548208 33.409001561530744 65.44940747147113 30.009746632048284 21.145491273190622 9.961788637146071 12.622353112321287 18.58536847433371 49.359055081057384 28.092127288797904 19.706541159773145 8.831149247720253 33.290542090572366 45.709694826670784 21.308749822969343 57.099268560331666 40.89154604278808 4.205494089207133 38.481763733997724 35.622724376387794 28.369314839027293 27.907818289169427 34.80328646967254 45.416902091633375 32.45965101108276 42.75260689661791 60.544263454205534 57.154210948886146 36.454284550161944 61.694531496912624 39.325497596025315 48.660212036906486 11.992989395482534 66.4503099202485 6714.250690237658 6794.451946280531 6736.214219595368
23.655133770737446 75.17140006860976 70.85461540724847 79.13214926452125 57.79019898992391 0.0 74.02245128850309 69.08971902608289 27.74250388640375 46.14053899275489 39.89314427056402 64.38675173950864 45.78474008746254 74.5423266555208 78.11445566155221 54.5064152165226 43.99439623686217 49.24533685898711 30.413602459105345 75.4140453147253 36.69912518102116 10.323957917613777 67.3554752764931 56.63371437345112 80.69444174680886 22.981031218152133 32.62237581156995 63.920049914889226 23.032153346880506 33.753811237911535 51.72047632973931 15.412571851201713 3.7092822706453052 26.35036745049613 28.984735948846424 5.509303926594708 75.65272739437575 74.3748883473012 48.98942095025869 9.176170548009846 6725.878078726332 6805.384979276839 6747.364409254468
67.83192005966988 23.149431983953058 8.824812902295 44.17692797656578 21.817289910548208 74.02245128850309 0.0 20.52441984616836 74.55370734411756 33.49173104140374 34.13526733106729 11.888025008218857 33.141986762534664 7.490625640206947 34.860202564667055 26.323943497840208 30.201508141452887 29.47380392956468 44.97519596894849 31.68534735619378 38.212146610279945 70.84644831709721 30.534058407712937 19.99682796824144 19.197646482058392 54.009172467837615 41.583091155917266 18.652478530631686 52.20489455642133 66.85401963052882 31.802614441655056 58.620966125109994 76.15502771741794 66.173085244154 47.53227616175696 78.65169945016014 23.37746860096644 35.95489465021716 33.68923903738588 81.82674955060425 6695.326938922494 6775.661833675265 6717.382447663018
69.75221909361377 6.496851136204094 27.39717252713728 24.407207562197613 33.409001561530744 69.08971902608289 20.52441984616836 0.0 62.29664391614075 23.05645294368743 32.38629224459914 25.653235166107986 39.661585790928996 27.659088364600166 15.98276911787311 14.58333354171746 27.930387971293086 37.12700203943817 38.736344414891256 12.369855301853475 39.056664632350596 63.293521321952014 10.080397140144228 29.573634241316405 12.103411311621338 53.80784533541165 37.6812744973462 6.183240511919119 50.922657109364316 71.7371694596899 18.165321911822993 54.634030341590254 70.31928738973168 54.45816158829521 40.16748240116787 74.3500693594332 6.993402188735454 15.92343085616264 42.539000583228606 75.36500344756902 6681.073646189468 6761.229403847229 6703.005258874962
49.1767840556924 67.03468775043807 74.6538476625518 63.538506524012156 65.44940747147113 27.74250388640375 74.55370734411756 62.29664391614075 0.0 41.2147624795648 44.30894533027226 68.3540952880876 56.53000870773207 77.74182400365082 65.75765271316139 49.30101144737357 46.46575470341897 58.797710877939174 32.177141962397755 64.09730965328232 45.747666338570454 17.77902626337237 56.69403304197875 62.655854408601286 74.34843670791425 40.356196158262875 37.26976843264307 59.01454262974274 37.83562138407487 58.65328292794755 44.4458578991311 29.86491495971435 25.187053896382718 8.439872531561097 28.99674368016312 31.79631608132384 67.43573031164365 61.45170110653421 61.07366196180261 25.45156208072176 6699.066586190755 6778.487577506607 6720.493648084972
49.61334525143416 29.034345139241818 34.83160967808503 36.590858452206106 30.009746632048284 46.14053899275489 33.49173104140374 23.05645294368743 41.2147624795648 0.0 14.535443888781348 29.13258488455131 27.95683128922482 37.45765214378574 33.06532746532645 8.60098215384917 11.973561970888174 27.619580072080907 16.056764105733006 29.958856950312825 21.586062661169052 40.28324005993246 22.02700465707831 26.083831425499007 34.94442011783416 33.253514211087236 16.391634996469634 18.444422657973192 29.904934567739964 53.6437927613777 6.084290214546252 32.12028321424726 47.27685350439013 32.92631792280956 17.16027267497115 51.46584927559815 29.51427223498543 29.946465436824127 32.527854990090226 52.3118103669096 6694.569170773725 6774.494987954637 6716.342598861716
37.36915143238609 38.87798736293628 31.67171609217341 50.3695159943726 21.145491273190622 39.89314427056402 34.13526733106729 32.38629224459914 44.30894533027226 14.535443888781348 0.0 25.14935147756643 14.48520666879451 35.18638547751142 45.549317971628554 19.182447304829406 4.512125283413116 15.39912469132799 12.194081069638724 42.1058499914246 7.2090571452487 37.19788286233261 34.74208891795996 18.47076901242592 42.68877810835141 21.52105216951039 7.6685568862175 26.39279960321896 18.914550909830226 40.014321307988595 19.993329743461963 24.506543629753182 42.041816623721886 36.00966290164616 15.323555872524153 44.600620897624765 39.375590320928396 43.049508576091846 19.334333144217826 47.75975922855424 6708.937151835971 6788.888846914038 6730.728618911896
56.40240919679718 30.442274395644457 6.526259486546643 49.993754104590494 9.961788637146071 64.38675173950864 11.888025008218857 25.653235166107986 68.3540952880876 29.13258488455131 25.14935147756643 0.0 21.482854577154015 10.15559051985609 41.54476451171871 24.45621127448806 22.04563852553048 17.737651897765492 37.009373182683824 37.98919021906005 27.823339884711782 62.339335039422096 34.375666116780785 8.359213320335677 29.005785007956955 43.297032397539255 32.81790769832911 21.03827102436852 41.87483358468898 55.043689413291666 29.678425519325927 49.019818590130875 66.81755427258058 59.91871456163626 39.9223886662511 68.71278227365936 30.80885159150456 41.48074837971744 21.802707695236926 72.6316927649412 6705.328790909792 6785.584692781638 6727.329896453984
34.985145785679265 45.89560038910242 27.19606723175065 61.19559399637428 12.622353112321287 45.78474008746254 33.141986762534664 39.661585790928996 56.53000870773207 27.95683128922482 14.48520666879451 21.482854577154015 0.0 31.000585042348153 54.82490864401056 29.78738980654566 15.984622081498696 3.818269449308174 24.910154064114945 51.181026223502286 10.78262384876339 46.11537734567094 44.87511417994307 13.162096372732462 47.35090930547278 23.203397284737648 19.61251403524615 33.53783273274169 22.7696801821891 33.80763809929898 32.436907129751674 31.174978202423453 48.725956021744864 48.59147906308581 28.102217589023706 49.42993091382253 46.36428816787536 53.17371389403381 4.871045638584745 54.64841565317776 6720.065985539963 6800.130191771204 6741.935108711901
65.97380931774823 30.618403147241224 3.8095999104758436 51.58502353775993 18.58536847433371 74.5423266555208 7.490625640206947 27.659088364600166 77.74182400365082 37.45765214378574 35.18638547751142 10.15559051985609 31.000585042348153 0.0 42.32240942682191 31.306336130258412 31.845565519746515 27.185875319614937 46.8665633385652 39.10655835923137 37.95931030491929 72.38080581596854 37.52620319601594 18.224660009927735 26.513781701768877 53.33216561443326 42.84657979760119 24.984130327251602 51.99592778887408 63.92269273847827 36.79585279400881 59.17318719302847 76.9643753590666 69.30436955126858 49.69134452325573 78.85757427851075 30.85480510415706 43.30104487155232 30.48482786770014 82.77082149291188 6702.09981788404 6782.473141754399 6724.1819937924065
82.43427479374417 11.713283734426536 42.676691354492434 9.65547566946696 49.359055081057384 78.11445566155221 34.860202564667055 15.98276911787311 65.75765271316139 33.06532746532645 45.549317971628554 41.54476451171871 54.82490864401056 42.32240942682191 0.0 26.369441656479445 41.398909454316964 52.58905907535701 48.960921961643 3.6703759891415544 52.64305177252775 70.76961216515804 11.039715265611878 45.465101355313436 18.078436655272117 66.12333132511695 49.32597000273898 21.596181969577305 62.88147127536548 85.54991158613254 27.017161388985162 64.94869086737764 78.69173641738664 58.97534799364978 49.515548871102865 83.57788875102715 11.509690012076607 4.3882741848570515 58.05302930405666 83.10011715434455 6665.396979390128 6745.515803908502 6687.302871996608
56.21749952376927 20.767455140460854 29.249964889196704 31.59224164254555 28.092127288797904 54.5064152165226 26.323943497840208 14.58333354171746 49.30101144737357 8.60098215384917 19.182447304829406 24.45621127448806 29.78738980654566 31.306336130258412 26.369441656479445 0.0 15.119351377086009 28.33960890162369 24.167485544443956 22.953674802567345 26.306486397195606 48.8724755433767 15.601424690387706 23.893037213862893 26.36184556254976 39.999546236695075 23.44321774368881 9.875468307306665 36.908352647054606 59.193205204865606 5.50636225387064 40.12287703236959 55.76082518437241 41.138551673241174 25.600593017638513 59.770756172298086 21.258004577585805 23.94928399702079 33.73048333031735 60.8624825067712 6690.53012456407 6770.549308019136 6712.367759543222
41.82593911044689 34.426180111929355 28.492243703272088 46.60342612612736 19.706541159773145 43.99439623686217 30.201508141452887 27.930387971293086 46.46575470341897 11.973561970888174 4.512125283413116 22.04563852553048 15.984622081498696 31.845565519746515 41.398909454316964 15.119351377086009 0.0 15.811675105276514 15.02193826763294 37.906188598187434 11.264605704563275 40.71931819448398 30.719702244589374 16.386150659761565 38.178153813658284 26.032227106459636 11.404428603103657 21.905026547007473 23.40651754176189 44.17405232851964 16.70930116666624 28.678534010023355 45.99793279939624 38.056584689003415 17.87954355180865 48.81156999597743 34.92322871705324 39.068261082996905 20.573004583806174 51.63533771762018 6705.431162895028 6785.417886709294 6727.24668566621
38.792805312302754 43.22331234465117 23.38274699305906 59.3610446127909 8.831149247720253 49.24533685898711 29.47380392956468 37.12700203943817 58.797710877939174 27.619580072080907 15.39912469132799 17.737651897765492 3.818269449308174 27.185875319614937 52.58905907535701 28.33960890162369 15.811675105276514 0.0 26.792286264404016 48.92542971450272 13.356114533417417 49.14612566175735 42.97684537072187 9.47895951422904 44.23418736176417 26.852031014846204 21.56598467701193 31.094273628222794 26.21418896966712 37.39082585050195 31.544591122634866 34.42556398147523 52.106489010722214 50.70532160750786 30.010611997252493 53.01199108184037 43.6808817593847 51.18499858156924 5.477715493676372 58.02631151271234 6717.977591210732 6798.080960820937 6739.873671134577
34.81223485628601 44.91610766552438 43.4875444548939 51.612599932147496 33.290542090572366 30.413602459105345 44.97519596894849 38.736344414891256 32.177141962397755 16.056764105733006 12.194081069638724 37.009373182683824 24.910154064114945 46.8665633385652 48.960921961643 24.167485544443956 15.02193826763294 26.792286264404016 0.0 45.95164997516755 14.385164032023853 25.897426142734442 37.9554744099711 30.655004825232336 50.28086638351842 18.76437165596381 5.298974672350031 33.50689832310094 15.130755176669348 40.396886915941174 21.979101350484633 16.063595461175684 31.90892011826536 23.957909415353722 3.2184031221602885 35.6218028714696 45.403618939134226 45.62041436319939 29.67842671942451 37.293069314904045 6707.236351627728 6787.040152360466 6728.926085010597
79.1242951302062 8.709868950762873 39.31028182899674 12.49631091350955 45.709694826670784 75.4140453147253 31.68534735619378 12.369855301853475 64.09730965328232 29.958856950312825 42.1058499914246 37.98919021906005 51.181026223502286 39.10655835923137 3.6703759891415544 22.953674802567345 37.906188598187434 48.92542971450272 45.95164997516755 0.0 49.164015838180575 68.33398866404633 8.059498811053208 41.80435760119075 15.967028904432329 62.84598992248444 46.1018340563906 17.92637062507902 59.65151694208316 82.07694769634861 23.972649887824236 61.98797906833553 76.11218812874415 57.06198664899718 46.65170900725356 80.85275202710261 8.609349606813407 4.795173878992749 54.38784166601911 80.65089036100898 6669.064343349002 6749.184714019351 6690.971360906886
30.891522784032414 45.550437590300305 34.227680265013504 57.577573293569 21.308749822969343 36.69912518102116 38.212146610279945 39.056664632350596 45.747666338570454 21.586062661169052 7.2090571452487 27.823339884711782 10.78262384876339 37.95931030491929 52.64305177252775 26.306486397195606 11.264605704563275 13.356114533417417 14.385164032023853 49.164015838180575 0.0 35.86393404578547 41.89595372397384 19.9357466613975 48.80752035836309 15.847425981368325 9.131350237779003 32.952351284019166 14.066867077019904 32.91295536951116 27.17655021969533 21.488364949643977 39.320111822787496 37.83477437574918 17.515033992874528 40.902045972581426 46.04552800981248 50.220394788872326 15.399069234540214 45.20741332715856 6716.106665770422 6796.0485949404765 6737.8915273296725
31.70855743734816 69.05124242826169 68.86448122831166 70.91353753737918 57.099268560331666 10.323957917613777 70.84644831709721 63.293521321952014 17.77902626337237 40.28324005993246 37.19788286233261 62.339335039422096 46.11537734567094 72.38080581596854 70.76961216515804 48.8724755433767 40.71931819448398 49.14612566175735 25.897426142734442 68.33398866404633 35.86393404578547 0.0 60.33914550380441 55.23211211600567 75.22765484507458 25.67467580474528 29.534262702671068 58.63556904799045 24.20478537996259 41.462270002374815 45.33156104909766 15.368173902900978 8.78484468246949 16.108051477645606 23.598023806411103 15.196965281297766 69.51467058760059 66.82185186110343 50.03296736471082 12.331426840544168 6715.566331008135 6795.067828625477 6737.048791333823
71.43662958639679 11.260541044379174 36.95174894341635 16.390487424182233 40.89154604278808 67.3554752764931 30.534058407712937 10.080397140144228 56.69403304197875 22.02700465707831 34.74208891795996 34.375666116780785 44.87511417994307 37.52620319601594 11.039715265611878 15.601424690387706 30.719702244589374 42.97684537072187 37.9554744099711 8.059498811053208 41.89595372397384 60.33914550380441 0.0 36.791905524010396 19.42052795919762 55.11079217010333 38.29665806292504 13.338724693863197 51.851191132243166 74.75240305511302 15.988948980992957 53.97148548680866 68.07025168881712 49.4298548030633 38.602551097490405 72.79329591276526 11.533391627595519 8.362640057669482 48.45070931836284 72.64648226146349 6675.20101533861 6755.256907710323 6697.063691000845
48.044092517126074 35.26153665437546 14.432384214792515 53.05773008460535 4.205494089207133 56.63371437345112 19.99682796824144 29.573634241316405 62.655854408601286 26.083831425499007 18.47076901242592 8.359213320335677 13.162096372732462 18.224660009927735 45.465101355313436 23.893037213862893 16.386150659761565 9.47895951422904 30.655004825232336 41.80435760119075 19.9357466613975 55.23211211600567 36.791905524010396 0.0 35.380283439675416 35.114120609952856 25.990898472146906 23.927700118011884 33.87645725833377 46.86841592024881 28.317348276894023 41.37038841214486 59.21085209669984 54.29086771118687 33.74661647529523 60.79641431552969 35.68958784933276 44.63678875135407 14.036342282359813 65.07703230353954 6710.588407796352 6790.764739410468 6732.534682827016
79.69728386194792 8.195676119465185 27.916044743067253 27.716839320964585 38.481763733997724 80.69444174680886 19.197646482058392 12.103411311621338 74.34843670791425 34.94442011783416 42.68877810835141 29.005785007956955 47.35090930547278 26.513781701768877 18.078436655272117 26.36184556254976 38.178153813658284 44.23418736176417 50.28086638351842 15.967028904432329 48.80752035836309 75.22765484507458 19.42052795919762 35.380283439675416 0.0 64.19405024968015 48.7168109843573 16.77822881521577 61.560517840807016 80.67981984402452 30.25729796613106 65.95446265401064 82.07018785532638 66.55052958913411 51.918044442252445 85.8735041348321 7.996866938431614 20.761983561148053 49.3093993092081 87.21860722538018 6676.463536448896 6756.756355133877 6698.489677108777
16.360410327341572 60.27954472583964 49.54590490019207 69.74737214815801 35.622724376387794 22.981031218152133 54.009172467837615 53.80784533541165 40.356196158262875 33.253514211087236 21.52105216951039 43.297032397539255 23.203397284737648 53.33216561443326 66.12333132511695 39.999546236695075 26.032227106459636 26.852031014846204 18.76437165596381 62.84598992248444 15.847425981368325 25.67467580474528 55.11079217010333 35.114120609952856 64.19405024968015 0.0 16.861897302200735 47.88305451367403 3.6651216137891836 21.809754935743506 39.32999782111969 10.609686450708454 26.21984088290028 34.14683804543609 20.08825366086754 26.26912724437402 60.77767321637104 63.17574221483921 26.07333153480877 32.07928390637392 6725.970248375049 6805.75952655579 6747.650306213631
33.221776797686246 44.064625412212614 39.34009878605696 52.92072524296748 28.369314839027293 32.62237581156995 41.583091155917266 37.6812744973462 37.26976843264307 16.391634996469634 7.6685568862175 32.81790769832911 19.61251403524615 42.84657979760119 49.32597000273898 23.44321774368881 11.404428603103657 21.56598467701193 5.298974672350031 46.1018340563906 9.131350237779003 29.534262702671068 38.29665806292504 25.990898472146906 48.7168109843573 16.861897302200735 0.0 32.028572358897016 13.555558821737545 37.64189683812546 22.468928773832985 17.395396045653165 34.59365732212054 29.139551485570454 8.493047324754984 37.518697215019586 44.56074527812614 46.32117851578266 24.380350809502623 40.24365976693478 6710.052045858119 6789.910705245637 6731.7795325749275
63.722662920839184 12.628773460956301 23.946014283626596 29.24664111496582 27.907818289169427 63.920049914889226 18.652478530631686 6.183240511919119 59.01454262974274 18.444422657973192 26.39279960321896 21.03827102436852 33.53783273274169 24.984130327251602 21.596181969577305 9.875468307306665 21.905026547007473 31.094273628222794 33.50689832310094 17.92637062507902 32.952351284019166 58.63556904799045 13.338724693863197 23.927700118011884 16.77822881521577 47.88305451367403 32.028572358897016 0.0 45.08743679349058 65.57195743597877 14.6140940699741 49.19674708770218 65.33164606721986 50.92339504976839 35.20512040011456 69.09540569928132 13.119960212335322 20.76697271964671 36.53496179572133 70.53591121082201 6686.958763779973 6767.090887060391 6708.8741717354105
19.80469490884513 57.36599793551536 48.246631322715324 66.30380077984721 34.80328646967254 23.032153346880506 52.20489455642133 50.922657109364316 37.83562138407487 29.904934567739964 18.914550909830226 41.87483358468898 22.7696801821891 51.99592778887408 62.88147127536548 36.908352647054606 23.40651754176189 26.21418896966712 15.130755176669348 59.65151694208316 14.066867077019904 24.20478537996259 51.851191132243166 33.87645725833377 61.560517840807016 3.6651216137891836 13.555558821737545 45.08743679349058 0.0 25.46723673133474 35.989069136210134 8.837933037997429 25.965148000408433 31.247785688985033 16.425645966794054 26.93450967558816 57.8637630670844 59.850895346413324 26.193964460839975 31.886535426099776 6722.311899885758 6802.098722446817 6743.990211482276
10.117004357111282 78.19992205454459 60.21178820117675 90.16853896583628 45.416902091633375 33.753811237911535 66.85401963052882 71.7371694596899 58.65328292794755 53.6437927613777 40.014321307988595 55.043689413291666 33.80763809929898 63.92269273847827 85.54991158613254 59.193205204865606 44.17405232851964 37.39082585050195 40.396886915941174 82.07694769634861 32.91295536951116 41.462270002374815 74.75240305511302 46.86841592024881 80.67981984402452 21.809754935743506 37.64189683812546 65.57195743597877 25.46723673133474 0.0 59.57305930387665 29.965601791764573 37.426746339397525 53.92174636985458 41.89111976227528 33.3872634709237 78.68998609402684 83.04229835559609 33.44457400471942 41.888674897569494 6747.5946696449855 6827.417063360964 6769.297831602912
55.688366568211435 23.721383646813024 34.672074273953065 30.60038118107887 32.45965101108276 51.72047632973931 31.802614441655056 18.165321911822993 44.4458578991311 6.084290214546252 19.993329743461963 29.678425519325927 32.436907129751674 36.79585279400881 27.017161388985162 5.50636225387064 16.70930116666624 31.544591122634866 21.979101350484633 23.972649887824236 27.17655021969533 45.33156104909766 15.988948980992957 28.317348276894023 30.25729796613106 39.32999782111969 22.468928773832985 14.6140940699741 35.989069136210134 59.57305930387665 0.0 38.02003617693882 52.66751403554459 36.437973018045824 22.78568577660989 57.104814443356624 24.183498315716342 23.86217573435486 36.74691223941775 57.516231340255445 6688.944188737533 6768.898868172076 6710.7373877407035
21.8058184012128 60.890312158009145 55.50507092688357 67.13785911556387 42.75260689661791 15.412571851201713 58.620966125109994 54.634030341590254 29.86491495971435 32.12028321424726 24.506543629753182 49.019818590130875 31.174978202423453 59.17318719302847 64.94869086737764 40.12287703236959 28.678534010023355 34.42556398147523 16.063595461175684 61.98797906833553 21.488364949643977 15.368173902900978 53.97148548680866 41.37038841214486 65.95446265401064 10.609686450708454 17.395396045653165 49.19674708770218 8.837933037997429 29.965601791764573 38.02003617693882 0.0 17.840702640583324 24.140068471943852 15.573218398303274 20.135954454205162 61.38084127008943 61.50800573817663 34.86118455421339 23.719401816089118 6719.960480837987 6799.642906636172 6741.567068514091
27.31862961945813 76.28315169470254 73.31542166912699 79.2584865376779 60.544263454205534 3.7092822706453052 76.15502771741794 70.31928738973168 25.187053896382718 47.27685350439013 42.041816623721886 66.81755427258058 48.725956021744864 76.9643753590666 78.69173641738664 55.76082518437241 45.99793279939624 52.106489010722214 31.90892011826536 76.11218812874415 39.320111822787496 8.78484468246949 68.07025168881712 59.21085209669984 82.07018785532638 26.21984088290028 34.59365732212054 65.33164606721986 25.965148000408433 37.426746339397525 52.66751403554459 17.840702640583324 0.0 24.784799663376344 30.161113769245052 6.643907595590163 76.75798024379709 74.84626471163732 52.088980827021324 5.92249274910504 6723.939158433159 6803.407239982006 6745.398869161984
45.030428798530885 59.43829600322348 66.21418777360803 57.61131241609807 57.154210948886146 26.35036745049613 66.173085244154 54.45816158829521 8.439872531561097 32.92631792280956 36.00966290164616 59.91871456163626 48.59147906308581 69.30436955126858 58.97534799364978 41.138551673241174 38.056584689003415 50.70532160750786 23.957909415353722 57.06198664899718 37.83477437574918 16.108051477645606 49.4298548030633 54.29086771118687 66.55052958913411 34.14683804543609 29.139551485570454 50.92339504976839 31.247785688985033 53.92174636985458 36.437973018045824 24.140068471943852 24.784799663376344 0.0 20.75049186562712 31.29730511633906 59.85588745695321 54.75623889181002 53.22415479419141 26.955882107983072 6699.560226465966 6779.085262805655 6721.058550805488
35.66061257868537 46.194602507099525 46.370241688292246 51.57120138972175 36.454284550161944 28.984735948846424 47.53227616175696 40.16748240116787 28.99674368016312 17.16027267497115 15.323555872524153 39.9223886662511 28.102217589023706 49.69134452325573 49.515548871102865 25.600593017638513 17.87954355180865 30.010611997252493 3.2184031221602885 46.65170900725356 17.515033992874528 23.598023806411103 38.602551097490405 33.74661647529523 51.918044442252445 20.08825366086754 8.493047324754984 35.20512040011456 16.425645966794054 41.89111976227528 22.78568577660989 15.573218398303274 30.161113769245052 20.75049186562712 0.0 34.33407187413666 46.67450012199189 45.991816338543615 32.853642968569055 35.33546697260535 6705.9713789593625 6785.738934539275 6727.636189957986
23.36354952319555 80.47813875364147 75.12970015814972 84.64111893360977 61.694531496912624 5.509303926594708 78.65169945016014 74.3500693594332 31.79631608132384 51.46584927559815 44.600620897624765 68.71278227365936 49.42993091382253 78.85757427851075 83.57788875102715 59.770756172298086 48.81156999597743 53.01199108184037 35.6218028714696 80.85275202710261 40.902045972581426 15.196965281297766 72.79329591276526 60.79641431552969 85.8735041348321 26.26912724437402 37.518697215019586 69.09540569928132 26.93450967558816 33.3872634709237 57.104814443356624 20.135954454205162 6.643907595590163 31.29730511633906 34.33407187413666 0.0 80.9618067000768 79.85675457840799 52.303642657600086 8.712363751602279 6730.57687820294 6810.047988641501 6752.038771912824
76.74322665793072 0.4981285656059241 31.373407501078862 21.009251698434294 39.325497596025315 75.65272739437575 23.37746860096644 6.993402188735454 67.43573031164365 29.51427223498543 39.375590320928396 30.80885159150456 46.36428816787536 30.85480510415706 11.509690012076607 21.258004577585805 34.92322871705324 43.6808817593847 45.403618939134226 8.609349606813407 46.04552800981248 69.51467058760059 11.533391627595519 35.68958784933276 7.996866938431614 60.77767321637104 44.56074527812614 13.119960212335322 57.8637630670844 78.68998609402684 24.183498315716342 61.38084127008943 76.75798024379709 59.85588745695321 46.67450012199189 80.9618067000768 0.0 13.284979138819395 49.033939036412164 81.6831213471937 6674.929524419098 6755.126585471901 6696.889532686385
79.52746747053368 13.331758542414326 43.272241455013315 8.514215286428534 48.660212036906486 74.3748883473012 35.95489465021716 15.92343085616264 61.45170110653421 29.946465436824127 43.049508576091846 41.48074837971744 53.17371389403381 43.30104487155232 4.3882741848570515 23.94928399702079 39.068261082996905 51.18499858156924 45.62041436319939 4.795173878992749 50.220394788872326 66.82185186110343 8.362640057669482 44.63678875135407 20.761983561148053 63.17574221483921 46.32117851578266 20.76697271964671 59.850895346413324 83.04229835559609 23.86217573435486 61.50800573817663 74.84626471163732 54.75623889181002 45.991816338543615 79.85675457840799 13.284979138819395 0.0 56.66263356643817 79.15216651698124 6666.89227179086 6746.960409769141 6688.763251433022
36.020109452525 48.58142929732701 26.767214311220695 64.83278758365748 11.992989395482534 48.98942095025869 33.68923903738588 42.539000583228606 61.07366196180261 32.527854990090226 19.334333144217826 21.802707695236926 4.871045638584745 30.48482786770014 58.05302930405666 33.73048333031735 20.573004583806174 5.477715493676372 29.67842671942451 54.38784166601911 15.399069234540214 50.03296736471082 48.45070931836284 14.036342282359813 49.3093993092081 26.07333153480877 24.380350809502623 36.53496179572133 26.193964460839975 33.44457400471942 36.74691223941775 34.86118455421339 52.088980827021324 53.22415479419141 32.853642968569055 52.303642657600086 49.033939036412164 56.66263356643817 0.0 57.99711333536211 6723.446548083944 6803.5532875424005 6745.345038030189
31.79777685705832 81.21496611186129 79.13803957194573 83.16538232993717 66.4503099202485 9.176170548009846 81.82674955060425 75.36500344756902 25.45156208072176 52.3118103669096 47.75975922855424 72.6316927649412 54.64841565317776 82.77082149291188 83.10011715434455 60.8624825067712 51.63533771762018 58.02631151271234 37.293069314904045 80.65089036100898 45.20741332715856 12.331426840544168 72.64648226146349 65.07703230353954 87.21860722538018 32.07928390637392 40.24365976693478 70.53591121082201 31.886535426099776 41.888674897569494 57.516231340255445 23.719401816089118 5.92249274910504 26.955882107983072 35.33546697260535 8.712363751602279 81.6831213471937 79.15216651698124 57.99711333536211 0.0 6724.445133731281 6803.8403898233055 6745.855001314781
6741.47755878828 6675.347599264945 6704.151747356354 6658.947595742231 6714.250690237658 6725.878078726332 6695.326938922494 6681.073646189468 6699.066586190755 6694.569170773725 6708.937151835971 6705.328790909792 6720.065985539963 6702.09981788404 6665.396979390128 6690.53012456407 6705.431162895028 6717.977591210732 6707.236351627728 6669.064343349002 6716.106665770422 6715.566331008135 6675.20101533861 6710.588407796352 6676.463536448896 6725.970248375049 6710.052045858119 6686.958763779973 6722.311899885758 6747.5946696449855 6688.944188737533 6719.960480837987 6723.939158433159 6699.560226465966 6705.9713789593625 6730.57687820294 6674.929524419098 6666.89227179086 6723.446548083944 6724.445133731281 0.0 104.96722984240014 51.52325604237855
6821.201765223465 6755.541317758189 6784.485880454359 6738.9787607275675 6794.451946280531 6805.384979276839 6775.661833675265 6761.229403847229 6778.487577506607 6774.494987954637 6788.888846914038 6785.584692781638 6800.130191771204 6782.473141754399 6745.515803908502 6770.549308019136 6785.417886709294 6798.080960820937 6787.040152360466 6749.184714019351 6796.0485949404765 6795.067828625477 6755.256907710323 6790.764739410468 6756.756355133877 6805.75952655579 6789.910705245637 6767.090887060391 6802.098722446817 6827.417063360964 6768.898868172076 6799.642906636172 6803.407239982006 6779.085262805655 6785.738934539275 6810.047988641501 6755.126585471901 6746.960409769141 6803.5532875424005 6803.8403898233055 104.96722984240014 0.0 61.91252748945743
6763.113174997232 6697.305307826775 6726.2068693478295 6680.792974181038 6736.214219595368 6747.364409254468 6717.382447663018 6703.005258874962 6720.493648084972 6716.342598861716 6730.728618911896 6727.329896453984 6741.935108711901 6724.1819937924065 6687.302871996608 6712.367759543222 6727.24668566621 6739.873671134577 6728.926085010597 6690.971360906886 6737.8915273296725 6737.048791333823 6697.063691000845 6732.534682827016 6698.489677108777 6747.650306213631 6731.7795325749275 6708.8741717354105 6743.990211482276 6769.297831602912 6710.7373877407035 6741.567068514091 6745.398869161984 6721.058550805488 6727.636189957986 6752.038771912824 6696.889532686385 6688.763251433022 6745.345038030189 6745.855001314781 51.52325604237855 61.91252748945743 0.0
