0.0 57.884699134707866 69.40244894932067 37.186335377123186 97.82497126132924 50.76540163146565 68.42802355906684 74.96542571889235 48.368848669349255 66.7372237644716 89.24630069483914 22.067450515821374 94.8685520281898 32.92890985614239 50.11254471296092 66.44133006473385 90.476305200384 68.88039073730258 64.8356316137316 106.25539396799455 81.51648922062664 71.5036647181318 87.40625137288127 79.91160495121484 57.36997694188654 103.49345229862377 109.15999550782755 88.55333704264996 57.15600030890764 62.90089017370474 60.46423371039156 36.47189870242912 9.07269575428159 62.17937600767029 77.96484917895155 106.45277319410786 80.43761551732783 57.05949512884892 44.880467008679126 68.23973973994575 75.60514780851645 70.94364103901201 78.08972918364601 101.66329767869051 89.77577040671265 37.60632811720175 91.18139728759114 71.85267998590136
57.884699134707866 0.0 21.032553165513914 23.95498145455832 40.60713670110837 17.43972713734175 19.80279571128467 43.19868765590041 10.815609454841784 35.648174902184735 42.110222150056366 51.55076723278203 52.0405900578779 26.586497040919635 45.73229789303561 14.621805204394331 53.88504765415552 30.210635675919853 7.355819212040714 49.761395396123845 50.67490734250901 14.533580329172713 40.308613681247614 46.60534896334175 33.80231473851605 47.16919937754343 52.13744752816169 30.96563481657236 28.503901005040472 5.01816037439521 6.861220105488363 40.84304576136033 49.14275439509302 21.26310840649048 27.541454016549924 48.568329233923244 22.899144226187975 15.664350098399822 15.150156983842857 21.465468517565885 17.78266495196618 30.80193895823406 24.94481297199584 50.71606506080113 41.003086184358224 20.665410050069003 68.7370381377727 15.801770442789797
69.40244894932067 21.032553165513914 0.0 42.07432681193773 41.90897004197439 18.661830203958846 37.1536428204916 24.56671062608847 23.50601401105115 19.47555788410855 55.56724683694578 56.53544982511687 31.110051444339028 36.618828218040676 39.08819414438392 6.6112366257776 70.75578831436881 11.809382094257815 16.65031446051112 51.83013095370138 31.30698989204931 25.134733990097963 54.06604232978152 26.957243682564002 23.25501469312669 49.94996598357996 52.54991917934361 32.611837373910205 18.56748411891974 19.606979569090576 14.225019061035788 41.21503121869329 61.73260246429001 41.18322338453847 41.55414240167896 43.97911128496096 19.796065283255718 12.347850821984764 25.50768999863998 1.8948152135703458 19.511896794047534 49.29015619337439 9.763488382451406 32.611387164925276 21.349895001236725 36.780794870800385 50.08372476548062 11.81975348781382
37.186335377123186 23.95498145455832 42.07432681193773 0.0 61.43078141251418 27.421198694094233 31.243401220982566 58.464886594247965 18.786350057682018 49.63656798746794 52.61883825571294 38.88962965655908 72.58186516229402 16.876774771101754 47.78798793278558 36.774883608590414 56.81612009155956 47.355819523468796 31.301319483906642 69.42374216505495 66.18991975789613 35.570790447232156 50.743644290702136 62.88936933494475 43.3261308639131 66.62624447090879 72.5374906747517 52.640395060340424 39.65052861721009 28.57380433416997 29.03820839977857 36.50729525783166 28.114452054239223 25.350355760081445 40.79399314093903 71.19954692537883 46.60590116018995 31.386010990589106 18.44598078807977 41.73841493798248 41.22942828636199 34.972774390411395 48.226927894721904 73.89752051290162 63.31472539225044 6.560857949696122 81.89046046181522 39.66954479962973
97.82497126132924 40.60713670110837 41.90897004197439 61.43078141251418 0.0 54.48583663351432 32.50382453314065 63.715317952334914 51.23056793600596 60.92530105768952 28.86811540588946 91.89256773658076 56.706898816076084 67.18858334311265 80.3989097628841 39.034559214754246 47.53839992812236 52.942895908466056 34.737207677983115 9.940227546188408 68.39953671667989 26.36693918696318 28.753664374105032 64.0925803646434 64.98803145430065 8.148011579644594 11.549155604069641 9.912193090709817 59.95632083328203 35.7114049905579 40.5390591692413 79.4920741677746 88.86687339948877 40.65920162187133 25.537289774265705 13.3162788335636 22.1899373610082 49.18506434704048 55.46415944123949 43.78841796733336 24.493227340473283 39.03418931277702 33.8133205351271 42.99300748841134 43.20046476554866 60.22310596823653 86.709197028412 31.45586327294144
50.76540163146565 17.43972713734175 18.661830203958846 27.421198694094233 54.48583663351432 0.0 37.1507152526564 31.06569610278948 10.063521308689092 22.3025593971102 59.52842218652152 38.68420582006378 46.32215101186858 18.16686907658399 28.300416718267904 16.783212930801845 70.91989967902478 20.288211572161355 20.288211572161416 64.2219517016344 38.80378241149181 30.512158946961858 57.73620439218072 35.46947452271484 17.453880359015482 61.87086163561256 65.91279415486301 44.57631526591495 12.781051872306417 20.664761598832733 14.190159053418416 25.008089434650827 43.25679346616167 37.32873006666424 44.924864352323645 59.673463624719524 33.28639309145725 6.401759382707031 8.975862402125102 17.47738338463116 29.997005491880845 47.53903129522397 27.74799992135153 50.9813107944374 39.253991603834116 21.111177149378996 55.143494080731784 23.721315494716745
68.42802355906684 19.80279571128467 37.1536428204916 31.243401220982566 32.50382453314065 37.1507152526564 0.0 61.29670227960194 28.928552652488847 54.52713320825375 23.03933256396466 67.31149914540896 65.79311317665356 42.00352851276718 65.34863753908738 30.71753255280943 34.26233174098826 48.14953593758327 20.64564074210945 39.14205202189523 68.3728555860741 13.503010295712443 21.162401619372417 64.07152523843706 53.529425682313715 36.2983915558468 42.6969210050613 25.781162571340904 48.18011760429798 18.18285141322047 25.247390782170754 59.16641504208091 59.35704523308767 8.213488301964132 9.594518325435448 44.38875371224302 26.860790157489685 35.228860835021344 32.981498248790295 38.25738132109621 21.96345806011246 12.210217858499655 36.42251367826159 59.61678321764258 52.81744477239432 32.168128765837196 86.98015078105348 26.826565086464914
74.96542571889235 43.19868765590041 24.56671062608847 58.464886594247965 63.715317952334914 31.06569610278948 61.29670227960194 0.0 40.580353335625716 8.924106072412842 80.09637440120187 56.304583546970754 22.05050454043942 46.47168403289278 29.223388898616783 30.657499132130464 95.2144517173491 13.152132746861232 40.65544034162327 73.29982863864623 7.747662115925432 49.69257573639139 78.61544978350192 4.9477710178557555 17.629038655287236 71.85692107227162 73.1255443782002 55.38970321058346 19.238993127622688 43.2318932414221 36.590956809569164 39.44020030991154 69.39401152952759 64.38100991789052 66.11707944760636 62.19620162915068 42.800059967453784 28.40704108186282 40.02693864862965 23.18925117784209 43.73570652304133 73.25681005473021 30.100020421752852 35.9406527336214 25.412292871346057 52.07123773277165 25.68721124663819 36.25045493870359
48.368848669349255 10.815609454841784 23.50601401105115 18.786350057682018 51.23056793600596 10.063521308689092 28.928552652488847 40.580353335625716 0.0 32.01884291729585 51.86260226500177 40.75933241904358 53.795658113343336 16.086491537939022 36.84482958576979 18.845853759687774 61.86056898487363 28.8057184078323 16.782889088394768 60.50638597171593 48.32361512957642 25.341219789830767 50.009278826851485 44.74918660708657 27.48234652305396 57.939135070786485 62.777793049500104 41.47404817866087 22.82674185382225 15.5334547272413 12.1082791151357 30.402800209965513 39.95327818046435 27.91639375815204 37.55463142005091 58.48381380794447 32.16110174161928 12.674582058266965 4.340927746792461 23.033617096805383 27.608424927310573 38.36913231199455 30.633422406709926 55.837808836620994 44.849596272429075 13.27675660886707 65.09216538095856 23.506326521897865
66.7372237644716 35.648174902184735 19.47555788410855 49.63656798746794 60.92530105768952 22.3025593971102 54.52713320825375 8.924106072412842 32.01884291729585 0.0 74.5175777499133 48.94841127714917 28.584998226458573 37.59554080559637 23.995524023374784 24.598093653338957 88.72786167282798 7.990049526535026 34.10942481525709 70.7667599672969 16.574767706308595 43.84334072313319 72.93547048757124 13.680156823650682 9.577599723817846 69.04155164159963 71.11492432797041 51.91116710472703 10.326730677794774 36.344617147981175 29.361421762441015 32.03616348048999 60.85210208680079 56.90982531156258 60.17942335365394 61.27816617168861 39.07751828869953 20.287478423221312 31.225265415279527 17.74033952440702 38.951940328139585 66.22091320418501 27.257018514483672 39.62235694792293 27.89505880548622 43.21025772412762 33.27290646870477 31.21043912522725
89.24630069483914 42.110222150056366 55.56724683694578 52.61883825571294 28.86811540588946 59.52842218652152 23.03933256396466 80.09637440120187 51.86260226500177 74.5175777499133 0.0 90.06096282935599 79.64256684734917 64.89398905995013 87.82871097146052 49.92102703645384 18.740750159143932 67.30464790403192 40.77959447211974 29.206198757514855 86.45680004115164 30.68049866229905 1.8972108010546693 82.02421645277848 75.01370921425512 26.89372416684783 33.568731505977716 29.54047348874214 69.59324340256757 39.27127713585833 46.42157576919538 82.18359378760466 80.27879881233905 27.270365446349075 14.644319522306839 41.988036406354624 38.952637716307414 56.70912848259302 55.97976858658872 57.07186544762542 36.56414276028361 18.65442053739623 51.48331718157398 69.02390949600922 65.81894432583623 54.61609839153834 105.3523278070617 43.85227288273265
22.067450515821374 51.55076723278203 56.53544982511687 38.88962965655908 91.89256773658076 38.68420582006378 67.31149914540896 56.304583546970754 40.75933241904358 48.94841127714917 90.06096282935599 0.0 77.53112580128484 25.408138782753635 29.041489403418712 55.467416705604066 95.69870672234534 52.8704796459446 57.18495846146286 101.25588070218757 62.092720874350675 66.0839135754739 88.16376142871522 61.15448371193719 39.37791038463511 98.69775696962202 103.43950562228714 82.05818964681954 40.71466389264959 56.274646084381224 51.60720620752734 16.921879996166535 21.852898131220293 63.19798285632116 76.72298262130806 98.18595128226727 71.67317991028436 44.94735903410775 36.465505987677815 54.995458909732655 67.7908896701106 73.42059113645985 66.10175133025565 86.92272895021918 74.81427314805242 35.535671720053486 69.92450241615362 62.23169781892306
94.8685520281898 52.0405900578779 31.110051444339028 72.58186516229402 56.706898816076084 46.32215101186858 65.79311317665356 22.05050454043942 53.795658113343336 28.584998226458573 79.64256684734917 77.53112580128484 0.0 63.99498711139711 51.24836609180036 37.421407985595735 97.04619544546223 26.298390325189796 46.694241060530814 64.96265763543197 19.74051547920007 52.44640462812426 78.54584510587583 17.959027446645358 38.161353737189195 64.31298835819894 63.52909757545778 50.963142263455914 37.712687471669156 49.91834602837799 45.3053777721444 60.61421579299637 88.43506815145429 71.15653214995119 67.60076968308721 50.792146495568694 40.85267580752313 41.29536093088518 54.81916297736832 31.05534976571136 44.39280811493306 77.92962890429801 29.385448055717063 17.45386737919169 13.858880803659654 66.81174244056285 32.97358268427389 39.059148555970864
32.92890985614239 26.586497040919635 36.618828218040676 16.876774771101754 67.18858334311265 18.16686907658399 42.00352851276718 46.47168403289278 16.086491537939022 37.59554080559637 64.89398905995013 25.408138782753635 63.99498711139711 0.0 31.211735670097077 33.52407213696273 71.91781461181914 37.70251025292571 32.869127444584116 76.31551347090425 53.90260127025813 41.03249819346891 62.9991050948071 51.275363481769645 29.559591373673484 73.69378292756294 78.72292901515617 57.49425236754235 27.283229488572186 31.49094965631247 27.914867393473163 19.673105318096415 25.12109766291068 38.46404256195359 51.35186810293082 74.54801602154372 48.14916629913256 24.28288827490515 12.155807147423827 35.56700629963627 43.69109442475339 48.94535851076687 45.162481253293585 69.11310845852074 57.42070738743558 11.374923317608669 67.76873349385637 39.20119877069399
50.11254471296092 45.73229789303561 39.08819414438392 47.78798793278558 80.3989097628841 28.300416718267904 65.34863753908738 29.223388898616783 36.84482958576979 23.995524023374784 87.82871097146052 29.041489403418712 51.24836609180036 31.211735670097077 0.0 41.39825005032951 98.70509606619794 30.581709881069497 47.96835264645964 90.32871983943897 33.86355045668995 58.39700343121083 86.03616055827086 33.714931187190274 16.063546403689543 88.22740068529606 91.39379421066009 70.69654571023801 20.550856902373898 48.80321953837524 41.91890012303752 14.138691207155214 46.809889851927494 64.7338349996429 73.2199560014504 83.02460903914361 58.264488566646484 31.87499299979199 33.411034993353056 37.20609756051739 56.34296857363081 75.21382095612708 48.54404051185 63.6003736881102 51.87903757289917 41.581664018594374 41.07434336178291 48.97408557997564
66.44133006473385 14.621805204394331 6.6112366257776 36.774883608590414 39.034559214754246 16.783212930801845 30.71753255280943 30.657499132130464 18.845853759687774 24.598093653338957 49.92102703645384 55.467416705604066 37.421407985595735 33.52407213696273 41.39825005032951 0.0 64.56070346126103 17.569884967273023 10.107590896584425 48.95042315576883 37.65540720064565 19.256463978350027 48.34751134458903 33.3605425455446 26.369034781112674 46.82922332262438 50.17756360230876 29.29837785696842 21.123730470281302 13.001007632299554 8.001830841362848 41.27446886058376 58.36309904051983 34.57467825484664 35.6411489012394 43.05895017788865 17.051986566456804 10.640349927189918 21.66488487175555 7.541030534838025 15.070781967739773 42.79947876885016 11.804163891814186 37.15003121856433 26.690453842210943 31.964327286496882 56.30951870502461 7.580536869575057
90.476305200384 53.88504765415552 70.75578831436881 56.81612009155956 47.53839992812236 70.91989967902478 34.26233174098826 95.2144517173491 61.86056898487363 88.72786167282798 18.740750159143932 95.69870672234534 97.04619544546223 71.91781461181914 98.70509606619794 64.56070346126103 0.0 82.12109802888759 54.66595794086832 46.7700386268767 102.05366253222275 45.719425574702655 19.216182583030694 97.67830480546111 87.68728845234645 44.77136634007561 51.08795285065292 47.98118177424598 82.37419852978147 52.405753716646664 59.50748851014525 90.84953532275846 82.02301202725295 34.04767778949804 29.578022366499745 60.526386063972524 56.203390103956124 69.45293612015621 65.4510662999377 72.03581810911396 52.94437107814938 23.495520273007937 68.14686131832062 87.3605776268078 83.35436252172926 60.69160377303321 120.8305703327091 59.54014448126866
68.88039073730258 30.210635675919853 11.809382094257815 47.355819523468796 52.942895908466056 20.288211572161355 48.14953593758327 13.152132746861232 28.8057184078323 7.990049526535026 67.30464790403192 52.8704796459446 26.298390325189796 37.70251025292571 30.581709881069497 17.569884967273023 82.12109802888759 0.0 27.513809865740825 62.77842107427911 20.471481053358033 36.73953249365817 65.77671491478313 16.416735711865158 14.710712915631548 61.06364902605946 63.13275103769362 43.98248507073126 12.156501557345424 30.082128509882818 23.51376339870663 36.28197232593982 62.206184190589056 51.30635250700669 53.16080553591101 53.4323123998469 31.16003779590906 16.176272058348395 29.09019068391167 10.23291395000217 31.30656644335248 60.10589728115884 19.27429619007975 34.142716707776025 22.05942228260888 41.246920837539825 38.839275551603066 23.62910272879577
64.8356316137316 7.355819212040714 16.65031446051112 31.301319483906642 34.737207677983115 20.288211572161416 20.64564074210945 40.65544034162327 16.782889088394768 34.10942481525709 40.77959447211974 57.18495846146286 46.694241060530814 32.869127444584116 47.96835264645964 10.107590896584425 54.66595794086832 27.513809865740825 0.0 44.26468596146908 47.742323859807854 10.446984862507508 39.11254409651771 43.461844934680556 34.2949556913366 41.81524506898772 46.274027382081094 24.876087185694864 28.87401982567228 3.287292634078485 6.111642120948267 45.07604607347522 56.19664715795286 24.635732248748177 26.233170720533163 41.73223445034649 15.661286870392813 16.17627205834847 20.87008590204493 17.64340949970308 10.833730503426668 32.69458692141075 18.35672065555386 43.928941922255355 34.835986093309444 27.91527238730917 66.33607473312938 8.698810398314192
106.25539396799455 49.761395396123845 51.83013095370138 69.42374216505495 9.940227546188408 64.2219517016344 39.14205202189523 73.29982863864623 60.50638597171593 70.7667599672969 29.206198757514855 101.25588070218757 64.96265763543197 76.31551347090425 90.32871983943897 48.95042315576883 46.7700386268767 62.77842107427911 44.26468596146908 0.0 77.71230328947996 35.286138544705175 29.733587043904457 73.46213509030187 74.92739215280665 2.845226392315494 4.3637589699025945 19.707702908661155 69.89513807291323 44.98134379169249 50.175541021676246 89.20880312376677 97.23216454531294 46.96302532425883 30.74756927951533 16.055906521233737 32.129696676265674 59.03077081247143 64.79038026850486 53.71242955430495 34.28279130745611 43.30483916910164 43.57795092159983 50.06798781985404 51.8243270311997 68.76720643964904 95.78663638904467 41.36995352085882
81.51648922062664 50.67490734250901 31.30698989204931 66.18991975789613 68.39953671667989 38.80378241149181 68.3728555860741 7.747662115925432 48.32361512957642 16.574767706308595 86.45680004115164 62.092720874350675 19.74051547920007 53.90260127025813 33.86355045668995 37.65540720064565 102.05366253222275 20.471481053358033 47.742323859807854 77.71230328947996 0.0 56.37192060214532 85.04085902405552 4.440052731004672 24.609726813255296 76.48064534024856 77.16299584532669 60.62890885982221 26.80867301938009 50.44716532504082 43.98268222254394 45.45283413045908 76.31423614836275 71.76973347228942 72.74154554846713 65.54240327505254 48.382730315616364 36.094433457760424 47.758655881227654 30.11685154043914 49.9120060204388 80.42796735629169 35.51299280974984 36.015145629899266 27.29631102047849 59.779573142093476 18.89662907905115 42.68188289916107
71.5036647181318 14.533580329172713 25.134733990097963 35.570790447232156 26.36693918696318 30.512158946961858 13.503010295712443 49.69257573639139 25.341219789830767 43.84334072313319 30.68049866229905 66.0839135754739 52.44640462812426 41.03249819346891 58.39700343121083 19.256463978350027 45.719425574702655 36.73953249365817 10.446984862507508 35.286138544705175 56.37192060214532 0.0 29.092749885213802 51.98083845064397 44.660300520315914 32.663151389342 37.82145657231631 17.11746048687802 39.24677706155179 10.018007442523329 16.48251239233733 54.96413876529696 62.58080134202925 20.22550278745734 16.427222275289765 35.65429607011115 13.69881057213066 26.6223268008525 29.66603925215558 26.530567677251558 8.503864328069655 25.504177475009918 23.06516648292779 46.250977925407014 39.34013066326835 33.89898807454801 75.2004440728568 13.854090754376235
87.40625137288127 40.308613681247614 54.06604232978152 50.743644290702136 28.753664374105032 57.73620439218072 21.162401619372417 78.61544978350192 50.009278826851485 72.93547048757124 1.8972108010546693 88.16376142871522 78.54584510587583 62.9991050948071 86.03616055827086 48.34751134458903 19.216182583030694 65.77671491478313 39.11254409651771 29.733587043904457 85.04085902405552 29.092749885213802 0.0 80.61268487936172 73.3096391356693 27.318337610298176 34.082861626380804 28.795085038603247 67.89114225049359 37.54168048590165 44.70610452419301 80.31686318812709 78.4315166877022 25.393547398594563 12.912851456714312 41.97826045724955 37.77103340215096 54.988638495374914 54.11642948619947 55.54662024467081 35.19391213121193 16.936921197820624 50.19880864693105 68.23912612765112 64.74686972130878 52.719963368343755 103.93199982862203 42.39287657947407
79.91160495121484 46.60534896334175 26.957243682564002 62.88936933494475 64.0925803646434 35.46947452271484 64.07152523843706 4.9477710178557555 44.74918660708657 13.680156823650682 82.02421645277848 61.15448371193719 17.959027446645358 51.275363481769645 33.714931187190274 33.3605425455446 97.67830480546111 16.416735711865158 43.461844934680556 73.46213509030187 4.440052731004672 51.98083845064397 80.61268487936172 0.0 22.575315569616855 72.18915361616517 72.99377095695026 56.23695792415311 23.99856730898389 46.21601280464476 39.86049119965229 44.31832359272465 74.32943695029485 67.61480330989642 68.33619693136035 61.53836749723041 43.95491558843067 32.33526623223945 44.44530123340932 25.81989466739339 45.47554545644453 76.15624606489091 31.088268775336253 33.12852577292233 23.615723292965054 56.55545394590495 23.333108622790416 38.26626721730162
57.36997694188654 33.80231473851605 23.25501469312669 43.3261308639131 64.98803145430065 17.453880359015482 53.529425682313715 17.629038655287236 27.48234652305396 9.577599723817846 75.01370921425512 39.37791038463511 38.161353737189195 29.559591373673484 16.063546403689543 26.369034781112674 87.68728845234645 14.710712915631548 34.2949556913366 74.92739215280665 24.609726813255296 44.660300520315914 73.3096391356693 22.575315569616855 0.0 72.94183073193035 75.7780619886482 55.45516053712013 5.422181981155054 35.796039549560454 28.609904900587786 22.474922209215837 51.789231680989076 54.53128297996926 60.39766962336952 67.05344404186454 42.79819948047341 18.35878901677553 25.53846069223766 21.36075233076209 41.43775582505132 64.51549108808965 32.547142361069085 48.51492348671936 36.540313855573366 36.769629521251254 38.598498211092426 33.8197720364074
103.49345229862377 47.16919937754343 49.94996598357996 66.62624447090879 8.148011579644594 61.87086163561256 36.2983915558468 71.85692107227162 57.939135070786485 69.04155164159963 26.89372416684783 98.69775696962202 64.31298835819894 73.69378292756294 88.22740068529606 46.82922332262438 44.77136634007561 61.06364902605946 41.81524506898772 2.845226392315494 76.48064534024856 32.663151389342 27.318337610298176 72.18915361616517 72.94183073193035 0.0 6.882667583834046 17.53085618302173 67.8546872426943 42.43124331315982 47.773310704616584 86.83019399448501 94.46409444946562 44.11886807489739 27.91865933867233 16.789510255587874 30.174413985626106 56.78559445385123 62.23642725849276 51.82173224072089 32.019318705067406 40.552503712481034 41.9579372423037 49.887017882828694 50.97955409733208 66.03273608255536 94.71401116567841 39.254461066892276
109.15999550782755 52.13744752816169 52.54991917934361 72.5374906747517 11.549155604069641 65.91279415486301 42.6969210050613 73.1255443782002 62.777793049500104 71.11492432797041 33.568731505977716 103.43950562228714 63.52909757545778 78.72292901515617 91.39379421066009 50.17756360230876 51.08795285065292 63.13275103769362 46.274027382081094 4.3637589699025945 77.16299584532669 37.82145657231631 34.082861626380804 72.99377095695026 75.7780619886482 6.882667583834046 0.0 21.409659723623797 70.87269651962302 47.25496359669334 52.03910642022493 90.91928924177628 100.17096881413421 50.64319963275222 34.609629513761995 13.298873196673382 33.15626988208562 60.48828346319738 67.01329100462478 54.443640442311334 35.92326623509428 47.39868538955556 43.85865584718754 48.02418340816598 50.746494037597 71.58586895156759 94.93832609646567 42.631875563996246
88.55333704264996 30.96563481657236 32.611837373910205 52.640395060340424 9.912193090709817 44.57631526591495 25.781162571340904 55.38970321058346 41.47404817866087 51.91116710472703 29.54047348874214 82.05818964681954 50.963142263455914 57.49425236754235 70.69654571023801 29.29837785696842 47.98118177424598 43.98248507073126 24.876087185694864 19.707702908661155 60.62890885982221 17.11746048687802 28.795085038603247 56.23695792415311 55.45516053712013 17.53085618302173 21.409659723623797 0.0 50.33849747222278 26.008064341827026 30.63475743649513 69.58139953809204 79.66091871825734 33.95049142919407 21.2185672597165 18.87721357248056 12.836735018438064 39.32347658220099 45.672405216343634 34.46216353543358 14.591262293347736 34.67066079081837 25.291351707763557 39.48422204705016 37.124694210029205 50.968386780962085 79.27548183605317 21.72417989886563
57.15600030890764 28.503901005040472 18.56748411891974 39.65052861721009 59.95632083328203 12.781051872306417 48.18011760429798 19.238993127622688 22.82674185382225 10.326730677794774 69.59324340256757 40.71466389264959 37.712687471669156 27.283229488572186 20.550856902373898 21.123730470281302 82.37419852978147 12.156501557345424 28.87401982567228 69.89513807291323 26.80867301938009 39.24677706155179 67.89114225049359 23.99856730898389 5.422181981155054 67.8546872426943 70.87269651962302 50.33849747222278 0.0 30.386864680541734 23.196750243761862 24.19240100050315 50.89217071301861 49.38921791915349 54.97973128125527 62.54316280437917 37.78209178118148 12.968439323165175 21.404320449847017 16.697752084905378 36.188335503899225 59.271763083182016 28.147253264453138 46.25194092099368 34.148457839456626 33.155724232780436 42.422194750182925 28.639915289580546
62.90089017370474 5.01816037439521 19.606979569090576 28.57380433416997 35.7114049905579 20.664761598832733 18.18285141322047 43.2318932414221 15.5334547272413 36.344617147981175 39.27127713585833 56.274646084381224 49.91834602837799 31.49094965631247 48.80321953837524 13.001007632299554 52.405753716646664 30.082128509882818 3.287292634078485 44.98134379169249 50.44716532504082 10.018007442523329 37.54168048590165 46.21601280464476 35.796039549560454 42.43124331315982 47.25496359669334 26.008064341827026 30.386864680541734 0.0 7.196153926474705 44.9495310122899 54.148207906046075 21.57699827923718 24.63148045563546 43.553327791600275 18.05642591650497 17.451211314904334 19.80917942781784 20.460132609452465 12.818815004898605 30.02555976731996 21.638428905891434 47.166956901245 38.122335904751424 25.614609398421127 68.91594722327869 11.911742540170273
60.46423371039156 6.861220105488363 14.225019061035788 29.03820839977857 40.5390591692413 14.190159053418416 25.247390782170754 36.590956809569164 12.1082791151357 29.361421762441015 46.42157576919538 51.60720620752734 45.3053777721444 27.914867393473163 41.91890012303752 8.001830841362848 59.50748851014525 23.51376339870663 6.111642120948267 50.175541021676246 43.98268222254394 16.48251239233733 44.70610452419301 39.86049119965229 28.609904900587786 47.773310704616584 52.03910642022493 30.63475743649513 23.196750243761862 7.196153926474705 0.0 39.06069799308224 52.05852959952404 27.79552668019065 31.793253103426537 46.76042906179643 20.267967016686924 10.290177132336872 15.760053156036694 14.605536200480632 16.1955814071225 36.861079541254824 19.18979960550178 44.88886646814297 34.66783039846125 24.63339731893259 62.217732419995365 11.398084583782412
36.47189870242912 40.84304576136033 41.21503121869329 36.50729525783166 79.4920741677746 25.008089434650827 59.16641504208091 39.44020030991154 30.402800209965513 32.03616348048999 82.18359378760466 16.921879996166535 60.61421579299637 19.673105318096415 14.138691207155214 41.27446886058376 90.84953532275846 36.28197232593982 45.07604607347522 89.20880312376677 45.45283413045908 54.96413876529696 80.31686318812709 44.31832359272465 22.474922209215837 86.83019399448501 90.91928924177628 69.58139953809204 24.19240100050315 44.9495310122899 39.06069799308224 0.0 32.69799393564237 56.934967306067996 67.9534840319727 84.32670316516973 58.15581535868845 30.6578125255069 26.210330087504957 39.528879955022965 55.005024167725466 67.53714806882822 50.95978162454055 70.42212762473078 58.32714104245064 30.953697010228222 54.88976290037293 48.55773337986011
9.07269575428159 49.14275439509302 61.73260246429001 28.114452054239223 88.86687339948877 43.25679346616167 59.35704523308767 69.39401152952759 39.95327818046435 60.85210208680079 80.27879881233905 21.852898131220293 88.43506815145429 25.12109766291068 46.809889851927494 58.36309904051983 82.02301202725295 62.206184190589056 56.19664715795286 97.23216454531294 76.31423614836275 62.58080134202925 78.4315166877022 74.32943695029485 51.789231680989076 94.46409444946562 100.17096881413421 79.66091871825734 50.89217071301861 54.148207906046075 52.05852959952404 32.69799393564237 0.0 53.15958332834424 68.89757728323886 97.690432050916 71.841966405945 49.40291514145522 36.70167830199986 60.686986321486835 66.90900699285427 62.057527938454164 70.10778576589513 94.2291010797625 82.49459668610247 28.69299400723978 87.4611168462124 63.45541242957863
62.17937600767029 21.26310840649048 41.18322338453847 25.350355760081445 40.65920162187133 37.32873006666424 8.213488301964132 64.38100991789052 27.91639375815204 56.90982531156258 27.270365446349075 63.19798285632116 71.15653214995119 38.46404256195359 64.7338349996429 34.57467825484664 34.04767778949804 51.30635250700669 24.635732248748177 46.96302532425883 71.76973347228942 20.22550278745734 25.393547398594563 67.61480330989642 54.53128297996926 44.11886807489739 50.64319963275222 33.95049142919407 49.38921791915349 21.57699827923718 27.79552668019065 56.934967306067996 53.15958332834424 0.0 16.46723313075281 52.600059754808456 33.92051437703677 36.80783174681824 31.410336012535378 41.988124098311424 28.65516442212345 10.605760883972547 42.098137235519594 66.3676191302084 58.71242164135101 27.66408007357956 89.97485008400625 32.192906740773694
77.96484917895155 27.541454016549924 41.55414240167896 40.79399314093903 25.537289774265705 44.924864352323645 9.594518325435448 66.11707944760636 37.55463142005091 60.17942335365394 14.644319522306839 76.72298262130806 67.60076968308721 51.35186810293082 73.2199560014504 35.6411489012394 29.578022366499745 53.16080553591101 26.233170720533163 30.74756927951533 72.74154554846713 16.427222275289765 12.912851456714312 68.33619693136035 60.39766962336952 27.91865933867233 34.609629513761995 21.2185672597165 54.97973128125527 24.63148045563546 31.793253103426537 67.9534840319727 68.89757728323886 16.46723313075281 0.0 38.39625205115974 26.883420182908253 42.07631829017435 41.75975007935431 42.95728631017145 23.368602447905907 13.63440265383347 38.57363182793386 59.01803486581414 54.01813335873647 41.72873161665571 91.59411250467696 30.084365849249714
106.45277319410786 48.568329233923244 43.97911128496096 71.19954692537883 13.3162788335636 59.673463624719524 44.38875371224302 62.19620162915068 58.48381380794447 61.27816617168861 41.988036406354624 98.18595128226727 50.792146495568694 74.54801602154372 83.02460903914361 43.05895017788865 60.526386063972524 53.4323123998469 41.73223445034649 16.055906521233737 65.54240327505254 35.65429607011115 41.97826045724955 61.53836749723041 67.05344404186454 16.789510255587874 13.298873196673382 18.87721357248056 62.54316280437917 43.553327791600275 46.76042906179643 84.32670316516973 97.690432050916 52.600059754808456 38.39625205115974 0.0 26.528600267642986 53.694858972580846 62.44487198349908 45.845430799673046 30.902188019091902 52.00912709121515 34.50837449606482 34.8459773167495 38.55063236270656 69.06779702451352 82.78831412468179 35.97334060965935
80.43761551732783 22.899144226187975 19.796065283255718 46.60590116018995 22.1899373610082 33.28639309145725 26.860790157489685 42.800059967453784 32.16110174161928 39.07751828869953 38.952637716307414 71.67317991028436 40.85267580752313 48.14916629913256 58.264488566646484 17.051986566456804 56.203390103956124 31.16003779590906 15.661286870392813 32.129696676265674 48.382730315616364 13.69881057213066 37.77103340215096 43.95491558843067 42.79819948047341 30.174413985626106 33.15626988208562 12.836735018438064 37.78209178118148 18.05642591650497 20.267967016686924 58.15581535868845 71.841966405945 33.92051437703677 26.883420182908253 26.528600267642986 0.0 27.525571248257855 36.00732831537049 21.658270705580563 5.576110057834487 38.351161862948686 12.872987942113681 32.78442853852214 27.162768097197446 43.55107568962187 67.188971324864 9.598769569470422
57.05949512884892 15.664350098399822 12.347850821984764 31.386010990589106 49.18506434704048 6.401759382707031 35.228860835021344 28.40704108186282 12.674582058266965 20.287478423221312 56.70912848259302 44.94735903410775 41.29536093088518 24.28288827490515 31.87499299979199 10.640349927189918 69.45293612015621 16.176272058348395 16.17627205834847 59.03077081247143 36.094433457760424 26.6223268008525 54.988638495374914 32.33526623223945 18.35878901677553 56.78559445385123 60.48828346319738 39.32347658220099 12.968439323165175 17.451211314904334 10.290177132336872 30.6578125255069 49.40291514145522 36.80783174681824 42.07631829017435 53.694858972580846 27.525571248257855 0.0 13.616048666868569 11.308957383555182 24.766292906429044 46.46451475852633 21.34836851002511 44.85543555457902 33.29541081650819 25.51641383195248 53.55389865909102 17.930224395703515
44.880467008679126 15.150156983842857 25.50768999863998 18.44598078807977 55.46415944123949 8.975862402125102 32.981498248790295 40.02693864862965 4.340927746792461 31.225265415279527 55.97976858658872 36.465505987677815 54.81916297736832 12.155807147423827 33.411034993353056 21.66488487175555 65.4510662999377 29.09019068391167 20.87008590204493 64.79038026850486 47.758655881227654 29.66603925215558 54.11642948619947 44.44530123340932 25.53846069223766 62.23642725849276 67.01329100462478 45.672405216343634 21.404320449847017 19.80917942781784 15.760053156036694 26.210330087504957 36.70167830199986 31.410336012535378 41.75975007935431 62.44487198349908 36.00732831537049 13.616048666868569 0.0 24.74473363113165 31.645372344180597 41.96580409960988 33.4339051778113 58.10461882588414 46.768440362151445 12.168111536003384 63.81489417299803 27.058466930954157
68.23973973994575 21.465468517565885 1.8948152135703458 41.73841493798248 43.78841796733336 17.47738338463116 38.25738132109621 23.18925117784209 23.033617096805383 17.74033952440702 57.07186544762542 54.995458909732655 31.05534976571136 35.56700629963627 37.20609756051739 7.541030534838025 72.03581810911396 10.23291395000217 17.64340949970308 53.71242955430495 30.11685154043914 26.530567677251558 55.54662024467081 25.81989466739339 21.36075233076209 51.82173224072089 54.443640442311334 34.46216353543358 16.697752084905378 20.460132609452465 14.605536200480632 39.528879955022965 60.686986321486835 41.988124098311424 42.95728631017145 45.845430799673046 21.658270705580563 11.308957383555182 24.74473363113165 0.0 21.211652088577495 50.33782620636063 11.535946961232064 33.55071318571857 22.027887006206313 36.267883318955825 48.802521249585126 13.475629635442997
75.60514780851645 17.78266495196618 19.511896794047534 41.22942828636199 24.493227340473283 29.997005491880845 21.96345806011246 43.73570652304133 27.608424927310573 38.951940328139585 36.56414276028361 67.7908896701106 44.39280811493306 43.69109442475339 56.34296857363081 15.070781967739773 52.94437107814938 31.30656644335248 10.833730503426668 34.28279130745611 49.9120060204388 8.503864328069655 35.19391213121193 45.47554545644453 41.43775582505132 32.019318705067406 35.92326623509428 14.591262293347736 36.188335503899225 12.818815004898605 16.1955814071225 55.005024167725466 66.90900699285427 28.65516442212345 23.368602447905907 30.902188019091902 5.576110057834487 24.766292906429044 31.645372344180597 21.211652088577495 0.0 33.80867043554433 15.205876879577252 37.75281719233195 31.05291836501801 38.43081593725236 68.80837265921762 7.758290487844648
70.94364103901201 30.80193895823406 49.29015619337439 34.972774390411395 39.03418931277702 47.53903129522397 12.210217858499655 73.25681005473021 38.36913231199455 66.22091320418501 18.65442053739623 73.42059113645985 77.92962890429801 48.94535851076687 75.21382095612708 42.79947876885016 23.495520273007937 60.10589728115884 32.69458692141075 43.30483916910164 80.42796735629169 25.504177475009918 16.936921197820624 76.15624606489091 64.51549108808965 40.552503712481034 47.39868538955556 34.67066079081837 59.271763083182016 30.02555976731996 36.861079541254824 67.53714806882822 62.057527938454164 10.605760883972547 13.63440265383347 52.00912709121515 38.351161862948686 46.46451475852633 41.96580409960988 50.33782620636063 33.80867043554433 0.0 48.54475713352342 71.09625906772443 64.82512325416243 37.964409674056014 98.94149338883786 39.023774351464404
78.08972918364601 24.94481297199584 9.763488382451406 48.226927894721904 33.8133205351271 27.74799992135153 36.42251367826159 30.100020421752852 30.633422406709926 27.257018514483672 51.48331718157398 66.10175133025565 29.385448055717063 45.162481253293585 48.54404051185 11.804163891814186 68.14686131832062 19.27429619007975 18.35672065555386 43.57795092159983 35.51299280974984 23.06516648292779 50.19880864693105 31.088268775336253 32.547142361069085 41.9579372423037 43.85865584718754 25.291351707763557 28.147253264453138 21.638428905891434 19.18979960550178 50.95978162454055 70.10778576589513 42.098137235519594 38.57363182793386 34.50837449606482 12.872987942113681 21.34836851002511 33.4339051778113 11.535946961232064 15.205876879577252 48.54475713352342 0.0 25.78474491770601 16.62994304699084 43.67037737606322 54.317355325668125 9.940897624896124
101.66329767869051 50.71606506080113 32.611387164925276 73.89752051290162 42.99300748841134 50.9813107944374 59.61678321764258 35.9406527336214 55.837808836620994 39.62235694792293 69.02390949600922 86.92272895021918 17.45386737919169 69.11310845852074 63.6003736881102 37.15003121856433 87.3605776268078 34.142716707776025 43.928941922255355 50.06798781985404 36.015145629899266 46.250977925407014 68.23912612765112 33.12852577292233 48.51492348671936 49.887017882828694 48.02418340816598 39.48422204705016 46.25194092099368 47.166956901245 44.88886646814297 70.42212762473078 94.2291010797625 66.3676191302084 59.01803486581414 34.8459773167495 32.78442853852214 44.85543555457902 58.10461882588414 33.55071318571857 37.75281719233195 71.09625906772443 25.78474491770601 0.0 12.108616760519721 69.0650492632969 50.42260044221294 35.256861264372326
89.77577040671265 41.003086184358224 21.349895001236725 63.31472539225044 43.20046476554866 39.253991603834116 52.81744477239432 25.412292871346057 44.849596272429075 27.89505880548622 65.81894432583623 74.81427314805242 13.858880803659654 57.42070738743558 51.87903757289917 26.690453842210943 83.35436252172926 22.05942228260888 34.835986093309444 51.8243270311997 27.29631102047849 39.34013066326835 64.74686972130878 23.615723292965054 36.540313855573366 50.97955409733208 50.746494037597 37.124694210029205 34.148457839456626 38.122335904751424 34.66783039846125 58.32714104245064 82.49459668610247 58.71242164135101 54.01813335873647 38.55063236270656 27.162768097197446 33.29541081650819 46.768440362151445 22.027887006206313 31.05291836501801 64.82512325416243 16.62994304699084 12.108616760519721 0.0 58.12619272886818 44.25844395972504 26.56922119232209
37.60632811720175 20.665410050069003 36.780794870800385 6.560857949696122 60.22310596823653 21.111177149378996 32.168128765837196 52.07123773277165 13.27675660886707 43.21025772412762 54.61609839153834 35.535671720053486 66.81174244056285 11.374923317608669 41.581664018594374 31.964327286496882 60.69160377303321 41.246920837539825 27.91527238730917 68.76720643964904 59.779573142093476 33.89898807454801 52.719963368343755 56.55545394590495 36.769629521251254 66.03273608255536 71.58586895156759 50.968386780962085 33.155724232780436 25.614609398421127 24.63339731893259 30.953697010228222 28.69299400723978 27.66408007357956 41.72873161665571 69.06779702451352 43.55107568962187 25.51641383195248 12.168111536003384 36.267883318955825 38.43081593725236 37.964409674056014 43.67037737606322 69.0650492632969 58.12619272886818 0.0 75.34279470237584 35.784261911886574
