0.0 33.454491609987244 16.171825606892607 62.73707821151145 8.069980458862682 89.15516888046596 71.04829987133495 5.31399361212968 40.224351556664 49.25670147683206 57.19896431616662 46.85644188505087 25.6971403571453 75.67224224875072 53.84706577383218 60.1657020784292 26.384126056822787 28.06273234055583 24.216240678251566 23.436542614418485 7.3505686153039145 32.93170083189507 12.507416706708224 61.167996779887424 8.426317720531822 80.2992842344393 74.92196552865684 9.30553699958921 38.208297716708394 71.90979088855347 60.882657972363326 43.87282417496878 47.69411283752598 86.26006552806237 56.95061833363611 57.26257086136775 24.255952419547484 18.22062580580957 23.592018934180075 28.621095971741234 16.672448866888953 27.48199606595736 32.78915945155033 12.084928259289166 22.599905998661797
33.454491609987244 0.0 19.94576095024904 37.77623940164386 34.819774603061646 58.958880974435694 39.2755155642467 28.62155614337603 9.391231262643672 18.140353951133577 27.066570688321228 16.905952099635165 13.600350612832086 63.53416274010188 26.308577629680126 41.824489640014335 7.766243680592331 23.984328136027386 9.577221619608515 11.526957486163587 40.54922615283083 2.595550785628731 31.95184996393488 33.42200262587402 38.814822279334194 50.50919744158513 42.632416016965536 42.25966991725134 8.623738531426463 38.66078460196293 29.747092040865017 15.815956865236451 14.239868265177435 71.1097841078303 29.144174210507124 33.781810445477326 9.267970257248978 29.028105513753843 11.776942841291437 5.319089760191806 49.141443988583696 8.936744455058518 23.180805400520185 38.54954800271804 14.910183827036354
16.171825606892607 19.94576095024904 0.0 46.66463956968737 21.165627662522635 78.58013794477891 55.28270277720269 10.863233508270705 24.903526647354028 37.69279360312112 46.412002567606365 35.92469637208938 9.575584700767141 62.473239623582025 37.69126506537605 55.79862294466864 12.185149140321258 27.05551326751838 10.499859466055602 14.16746922416707 23.4732810736496 20.381738821676045 12.040832340411216 44.99879560857826 23.78624728887357 69.9720597250623 59.30662663116068 23.60332466352693 22.76181113851688 56.99048378856028 49.4578007713929 33.78773314014544 33.7098514595253 72.36602863652718 40.79166636340353 50.182028390632794 12.281554936287243 23.23418200906268 14.689704403820521 16.423446591217516 29.90046805364952 12.156030078398864 17.844151171719144 18.636080078324802 6.521318051641759
62.73707821151145 37.77623940164386 46.66463956968737 0.0 67.49212881169602 69.14532457561876 21.20621113214808 57.47399228972604 28.490255175338127 42.74358881154735 48.35590350159132 44.555386280574 37.48571143014729 33.70735325037612 11.771226318518005 72.47283465766532 40.09559469659783 61.75806626321406 42.08350012779551 47.91510479926357 69.9064752347078 40.23155466869585 54.10773825462979 7.052669552532698 70.42655917239851 63.79252094255885 25.546466517986577 68.91594849994863 29.21101566216016 31.081950696716472 47.192540713394834 46.710466011618934 32.3206714685109 37.04312025398773 9.653860153035591 61.95970451433854 44.23434824035601 65.40573014160721 48.37361503289551 42.29317921844703 73.705938253632 37.47651928688785 31.131119727893502 60.87877333239292 40.54818535402217
8.069980458862682 34.819774603061646 21.165627662522635 67.49212881169602 0.0 87.082608919713 73.73100039211074 11.419259056249189 42.78956446489989 48.56466854058575 55.78499914204268 45.86669315641471 30.006575046506534 82.71307647755995 57.79007688541964 55.436231378353405 28.79576047853351 23.46110522279729 26.578216191536352 23.60388485211376 8.89625611947427 33.71296019328639 20.41536849722687 65.20741659599794 4.443173370810232 78.1810793198 77.31547391175727 14.104155435556768 40.98462233929895 73.41873841930676 59.77416356051767 42.520910214159784 48.76764593467215 93.031157724406 60.89380776675102 53.84159249555637 25.657127019031662 12.258770953259727 23.546763599109557 29.583385323145794 20.985036841694566 30.650234869133726 38.82566791676323 19.894242068739565 26.955599378562543
89.15516888046596 58.958880974435694 78.58013794477891 69.14532457561876 87.082608919713 0.0 49.66103131004235 85.34484120034635 58.23024358528319 40.900505308154834 32.220473791704826 42.73951581154254 72.26741723136256 102.80236643093578 61.82649954604058 39.967571081625444 66.61529465221737 64.66126163663894 68.09361624683898 66.08324537903123 95.1202875890924 58.210134109317025 90.60219161430011 62.23511674053071 91.52488018902795 8.901839790663029 46.89789379733699 98.45962616284402 60.22238413431972 38.7576440292584 29.214989494014652 45.36555500801273 47.38573897857311 104.37971992297892 61.52677190628807 34.90514390629374 66.52898034244457 76.02490307770259 65.81769141007649 62.1998110388044 105.79690930957747 67.77056609567731 78.86233036114898 96.7903902265624 73.8629624324278
71.04829987133495 39.2755155642467 55.28270277720269 21.20621113214808 73.73100039211074 49.66103131004235 0.0 65.80828760598959 30.969354869249525 34.391631856338506 36.255679013302434 37.19792911033844 45.79859691212756 53.84065097790217 19.852815717271476 61.780237550164166 44.99324491765392 61.121260389663156 47.21594693861696 50.80220003292743 78.38758245473998 40.944321026534304 65.46703566062432 15.540904447069716 77.4729304425097 45.60495966774973 4.668368246394909 78.8772943748685 32.88269862252988 10.927945574312314 33.4598752402661 40.5417924126088 27.074385166315842 54.72193327686458 17.527116588881313 50.89691450050159 48.14174211604531 68.13366394756729 51.0448111250067 44.59154315438513 84.87446595931914 43.570730100651666 44.63623499222134 72.57742499586341 48.772445433699964
5.31399361212968 28.62155614337603 10.863233508270705 57.47399228972604 11.419259056249189 85.34484120034635 65.80828760598959 0.0 35.05339822772704 45.01876549571599 53.21757367758353 42.76662637752522 20.38356104962255 71.31244567346315 48.53307241326177 58.088484646639685 21.33919794236055 26.482509120950127 19.21531212431484 19.2799163584402 12.648362371859404 28.299470214018395 9.932712741409452 55.855348062848726 13.195622185834992 76.53869310774631 69.71788272741236 13.641444972445894 33.00855998749764 66.87450072606295 56.74452088038421 39.97928619302115 42.84171952586088 81.7024834980021 51.63665441438393 54.3396871621372 19.56325928728388 18.315969757798356 19.528164250002206 23.993515285934986 20.67757695353836 22.268139407308922 27.795760854269957 12.616708463240323 17.287376778599352
40.224351556664 9.391231262643672 24.903526647354028 28.490255175338127 42.78956446489989 58.23024358528319 30.969354869249525 35.05339822772704 0.0 19.764594979876005 28.269933467342828 20.02307661101785 15.9566079698113 55.9016000326665 16.93259516597037 47.6702636594484 14.023909461649508 33.333609338099855 16.246668740821228 20.432435592315073 47.53435264384408 11.763115518977774 36.10541767292564 24.035292012529766 46.503586236032696 50.387903658474556 34.715620554832434 48.404720966980754 2.223568081017787 32.10718507691135 29.661629941089828 20.684357704725816 10.845528095670295 62.754401227997135 19.752943939532727 38.35786646411755 17.34729544295945 38.13485671458209 20.781707581114787 14.349146991994337 54.802234038946494 12.818720680821686 20.65554356774303 43.12862403530738 18.588359281988392
49.25670147683206 18.140353951133577 37.69279360312112 42.74358881154735 48.56466854058575 40.900505308154834 34.391631856338506 45.01876549571599 19.764594979876005 0.0 8.96123981836105 3.108734492375578 31.652229865821838 73.95479927635597 31.467065791810644 29.73734649709452 25.72564119168122 29.586434769294268 27.198580875657093 25.825820476768474 55.78148555039885 17.31333708161418 49.72598707759922 36.325783531223394 52.93355881078591 32.37980279160271 35.97151989175535 58.47204868127558 21.24833384702759 28.84138823722964 11.791311307912677 6.874018771681229 10.650900009769915 79.4105488165843 33.09709748628476 19.42221374378607 25.762503594944583 39.300143387857545 25.66681723769285 21.370594262067414 65.67533931804395 27.04685806498126 39.77743867273529 56.03019424610316 33.0414456136736
57.19896431616662 27.066570688321228 46.412002567606365 48.35590350159132 55.78499914204268 32.220473791704826 36.255679013302434 53.21757367758353 28.269933467342828 8.96123981836105 0.0 10.519171553828317 40.606881982041465 80.76315814743873 37.80601992259885 25.524978261583435 34.572973814290854 34.90436284040283 35.952664670571785 33.93771894759333 63.438538934906205 26.094720614264368 58.41379957502415 41.5355847241285 60.211791606180725 23.56005959977506 36.70828470354466 66.48277879070504 29.91807581362547 28.3030497384887 4.448803622239261 13.343957301693383 18.100672282692532 85.38142545404173 38.91444023971553 14.642038656290394 34.31231852234672 45.591937969537526 33.70097809225252 30.00330377295989 73.7725261540203 35.9892120425741 48.588538973803765 64.56998049372939 41.943755195912516
46.85644188505087 16.905952099635165 35.92469637208938 44.555386280574 45.86669315641471 42.73951581154254 37.19792911033844 42.76662637752522 20.02307661101785 3.108734492375578 10.519171553828317 0.0 30.50574319014209 75.1235554929372 33.07234792790837 28.202217688148256 24.202289583393256 26.510633855006326 25.494998380355835 23.496036851997573 53.25161019760586 15.691571664022948 47.91057706569098 38.32723287644694 50.2590398445474 34.06190315358935 38.9172071838698 56.114376243772206 21.24035851992631 31.912535722186313 14.028955248195128 3.7702944785640957 12.234784173461382 80.95368167326798 34.90493290346511 18.383672972666282 23.795017458624805 36.36211470799123 23.287856373945772 19.504228844513655 63.36986771227354 25.83124897766834 39.347556054088656 54.05122699875188 31.641197376643834
25.6971403571453 13.600350612832086 9.575584700767141 37.48571143014729 30.006575046506534 72.26741723136256 45.79859691212756 20.38356104962255 15.9566079698113 31.652229865821838 40.606881982041465 30.50574319014209 0.0 56.35076503945158 28.15280754310522 54.08181782656089 7.174550788080967 29.659969510975287 7.470394369823633 14.385977555314684 33.02385134829702 15.107555928437145 20.15703954627692 35.49442366342719 33.027225754981245 63.93859356445902 49.88997942568396 33.09359615460607 13.743149663333748 47.99000998750952 43.07818850773326 29.21742822767268 25.762503594944583 65.48058019757573 31.2582682855957 46.89198340553721 10.5830568384927 29.364986733001537 15.005463680668495 12.581022494454993 39.141458146853005 4.696580289560831 11.915649081398078 27.206966866440574 3.105526763971293
75.67224224875072 63.53416274010188 62.473239623582025 33.70735325037612 82.71307647755995 102.80236643093578 53.84065097790217 71.31244567346315 55.9016000326665 73.95479927635597 80.76315814743873 75.1235554929372 56.35076503945158 0.0 42.981715604423925 103.28315336024527 62.13958465732 85.64185052512023 63.38135206066355 70.33067178193278 81.47251501419302 66.11562473184493 63.74079322412781 40.71505093477767 84.09833427664708 97.48178070856702 57.58325292476446 78.19917069965689 55.49558504750277 64.38281703060653 80.17137590058184 76.42150540963233 63.31767207934062 11.789666811848722 42.23772856732709 93.35690513545015 66.34051079117738 85.33845078442471 70.92360984517575 66.38544899966477 80.13482125866673 58.95286795242699 44.90079717961132 68.45101727127324 58.576012612501685
53.84706577383218 26.308577629680126 37.69126506537605 11.771226318518005 57.79007688541964 61.82649954604058 19.852815717271476 48.53307241326177 16.93259516597037 31.467065791810644 37.80601992259885 33.07234792790837 28.15280754310522 42.981715604423925 0.0 61.17530427778456 29.489064506019773 50.26573914325802 31.601838342492336 36.91917090453766 61.16386880569661 28.69273717891872 46.74015271241062 7.426978373555788 61.06683998369841 55.52487011891896 24.471596894768037 60.896293149342696 17.90641140564527 26.50454609301814 37.23609333674937 35.05733484087597 20.878007828375637 47.943557579566615 3.1095136798864553 50.84725477609919 33.43243023682966 54.59009259999784 37.334291437988604 31.063473276808168 66.38927244996663 27.20395769581334 24.96621288848034 53.78559173486668 31.255135924503243
60.1657020784292 41.824489640014335 55.79862294466864 72.47283465766532 55.436231378353405 39.967571081625444 61.780237550164166 58.088484646639685 47.6702636594484 29.73734649709452 25.524978261583435 28.202217688148256 54.08181782656089 103.28315336024527 61.17530427778456 0.0 46.91980839178123 32.165632854744906 47.155237369251076 41.65981531056896 64.28513690690913 39.58330591367873 66.30324633905174 65.97365166730533 59.59461711657266 32.3980383424549 62.096251525194965 68.94720280948826 48.4840153174652 53.43551334095247 28.65658247936044 26.985993574092088 40.30073723515387 109.10893267263852 62.83119477786288 10.889734476709044 44.32325121025458 43.20745816295724 41.11880992645205 41.50190979214605 76.20612322739485 49.60562447030908 64.91111765685781 70.6941378259245 53.99696913430661
26.384126056822787 7.766243680592331 12.185149140321258 40.09559469659783 28.79576047853351 66.61529465221737 44.99324491765392 21.33919794236055 14.023909461649508 25.72564119168122 34.572973814290854 24.202289583393256 7.174550788080967 62.13958465732 29.489064506019773 46.91980839178123 0.0 23.50455859947143 2.222923090812033 8.274452074809865 33.637768517787755 8.512663172094587 24.185819371676473 36.89948886725375 32.47968554186181 58.097277877725936 48.70174995550361 34.9036051603454 12.189999061987248 45.540876780388764 37.425754143735645 22.519590345462817 21.665888522963083 70.7068643082208 32.547142361069135 39.91680555562069 4.302726364592434 25.316874872895198 8.840651219712454 5.422181981155054 41.63067288922855 3.194969594317283 18.698581810383917 30.806649418408107 7.4951385301752715
28.06273234055583 23.984328136027386 27.05551326751838 61.75806626321406 23.46110522279729 64.66126163663894 61.121260389663156 26.482509120950127 33.333609338099855 29.586434769294268 34.90436284040283 26.510633855006326 29.659969510975287 85.64185052512023 50.26573914325802 32.165632854744906 23.50455859947143 0.0 22.335836504623515 15.345528003180245 32.21783013838271 21.57418985853664 35.55163818215134 57.2737448187183 27.761640060876278 55.79595516264149 63.72236820153738 36.78238385989218 32.561733669246046 57.76458689166048 39.246476054477064 22.753452345769077 34.05998095245704 94.11260225559863 53.0461517394548 30.589701704527116 19.31602558643413 11.520552133453446 14.7411814184137 19.73027199298948 44.05726684446779 26.689030053356237 41.56294294259456 39.050972035698564 28.065189382605954
24.216240678251566 9.577221619608515 10.499859466055602 42.08350012779551 26.578216191536352 68.09361624683898 47.21594693861696 19.21531212431484 16.246668740821228 27.198580875657093 35.952664670571785 25.494998380355835 7.470394369823633 63.38135206066355 31.601838342492336 47.155237369251076 2.222923090812033 22.335836504623515 0.0 6.992767631605383 31.450573972965703 9.885277310166956 22.540213546247113 39.02066420968502 30.257010023485442 59.50927923022412 50.91869114110852 32.813875231118644 14.406426828918827 47.69459740462521 38.958558959607174 23.550688061240137 23.679908572887392 72.15931646007505 34.67108543759973 40.57808942622674 3.1126647678160726 23.396992113587615 7.603217376673463 6.101346128470146 39.60883595727492 4.696580289560902 19.3546057882973 29.013355321679867 6.842505805848558
23.436542614418485 11.526957486163587 14.16746922416707 47.91510479926357 23.60388485211376 66.08324537903123 50.80220003292743 19.2799163584402 20.432435592315073 25.825820476768474 33.93771894759333 23.496036851997573 14.385977555314684 70.33067178193278 36.91917090453766 41.65981531056896 8.274452074809865 15.345528003180245 6.992767631605383 0.0 30.105400014931394 10.132240150226174 25.37893818732922 44.24036801300759 27.768650187948058 57.29698291288063 54.13620043389693 32.648377645721546 19.065509297441693 49.85758978122018 37.497291273940405 20.726740746389176 25.176042831974986 78.97821484452915 39.89879008676357 36.15998536676835 3.9962611882698917 17.71612639315619 0.6222908342845143 6.211829784194131 39.87788429579199 11.4131094771246 26.300679223700662 30.938526254223575 13.142778404072137
7.3505686153039145 40.54922615283083 23.4732810736496 69.9064752347078 8.89625611947427 95.1202875890924 78.38758245473998 12.648362371859404 47.53435264384408 55.78148555039885 63.438538934906205 53.25161019760586 33.02385134829702 81.47251501419302 61.16386880569661 64.28513690690913 33.637768517787755 32.21783013838271 31.450573972965703 30.105400014931394 0.0 39.87665382490204 17.733501507061366 68.46815886062265 5.380315457605017 86.230627329192 82.24302082601385 5.7330067711492685 45.53370420727609 79.1126284373817 67.2666657421711 50.097715728651586 54.7706080520577 92.31508489702122 64.26485031673376 62.37594573790379 31.297490315461953 21.14873176616398 30.188211778566735 35.58695545386716 12.113855699030552 34.81742224349679 39.60753892491219 14.240928125950663 29.93184413295977
32.93170083189507 2.595550785628731 20.381738821676045 40.23155466869585 33.71296019328639 58.210134109317025 40.944321026534304 28.299470214018395 11.763115518977774 17.31333708161418 26.094720614264368 15.691571664022948 15.107555928437145 66.11562473184493 28.69273717891872 39.58330591367873 8.512663172094587 21.57418985853664 9.885277310166956 10.132240150226174 39.87665382490204 0.0 32.41898674564674 35.72441487091539 37.82680579194942 49.64168906993391 44.137517719478545 41.92225960712624 11.16255295262552 39.725736442119114 29.077196303972066 14.11746917801794 15.054751657475292 73.7043422173796 31.47854872873198 31.85561955073919 8.738070835087703 27.195623015773222 10.265495266118455 4.313161168036372 48.9464208984104 10.42002413162835 25.33096737725642 38.805661935158454 15.977649928899856
12.507416706708224 31.95184996393488 12.040832340411216 54.10773825462979 20.41536849722687 90.60219161430011 65.46703566062432 9.932712741409452 36.10541767292564 49.72598707759922 58.41379957502415 47.91057706569098 20.15703954627692 63.74079322412781 46.74015271241062 66.30324633905174 24.185819371676473 35.55163818215134 22.540213546247113 25.37893818732922 17.733501507061366 32.41898674564674 0.0 53.69364847797606 20.72747905667697 81.9707758631141 69.7080466117098 15.115724052162644 33.896826618938476 68.13803257765453 61.496141404351526 45.65196646519263 45.50180266298198 74.5999030108921 49.74454224987462 61.509334113024345 24.149970481069623 28.202401694634922 25.807977635824383 28.41049585480694 19.685697982942994 23.76497559570311 23.042051885207922 7.1130659807859065 17.61541736073448
61.167996779887424 33.42200262587402 44.99879560857826 7.052669552532698 65.20741659599794 62.23511674053071 15.540904447069716 55.855348062848726 24.035292012529766 36.325783531223394 41.5355847241285 38.32723287644694 35.49442366342719 40.71505093477767 7.426978373555788 65.97365166730533 36.89948886725375 57.2737448187183 39.02066420968502 44.24036801300759 68.46815886062265 35.72441487091539 53.69364847797606 0.0 68.45758606549285 56.76761752028051 20.148639907719517 68.05278489360904 25.182151465977174 24.57176030107051 40.230673483922985 40.73167285578118 26.154194166276664 43.980853012506934 4.353720813984975 55.35316254775489 40.80845752459734 61.936657298915634 44.64054156550232 38.309054285568784 73.37629451036345 34.630885910339146 31.353681811843018 60.68113563199494 38.59973423646965
8.426317720531822 38.814822279334194 23.78624728887357 70.42655917239851 4.443173370810232 91.52488018902795 77.4729304425097 13.195622185834992 46.503586236032696 52.93355881078591 60.211791606180725 50.2590398445474 33.027225754981245 84.09833427664708 61.06683998369841 59.59461711657266 32.47968554186181 27.761640060876278 30.257010023485442 27.768650187948058 5.380315457605017 37.82680579194942 20.72747905667697 68.45758606549285 0.0 82.62327562034108 81.14562695212639 11.079734015937415 44.62753109953461 77.467317669957 64.18590410027042 46.93553886006279 52.8713908660681 94.67413943276465 64.17613720843714 58.221080273626434 29.582409293623282 16.3945778021266 27.747883131896074 33.63800988721036 17.33101757284729 34.109516735600366 40.98908489471834 18.654781134084864 29.93113995700738
80.2992842344393 50.50919744158513 69.9720597250623 63.79252094255885 78.1810793198 8.901839790663029 45.60495966774973 76.53869310774631 50.387903658474556 32.37980279160271 23.56005959977506 34.06190315358935 63.93859356445902 97.48178070856702 55.52487011891896 32.3980383424549 58.097277877725936 55.79595516264149 59.50927923022412 57.29698291288063 86.230627329192 49.64168906993391 81.9707758631141 56.76761752028051 82.62327562034108 0.0 43.53793352728405 89.6047026962827 52.30039032766518 34.759840408195636 20.899176733685312 36.57026743250805 39.57189624179114 99.91298334051885 55.5676477787028 26.32585360180166 57.85251269486847 67.1395171606791 57.0187587577039 53.56092920814339 96.95050709289491 59.38344875888131 71.0398026104893 88.07861870399353 65.41723519568053
74.92196552865684 42.632416016965536 59.30662663116068 25.546466517986577 77.31547391175727 46.89789379733699 4.668368246394909 69.71788272741236 34.715620554832434 35.97151989175535 36.70828470354466 38.9172071838698 49.88997942568396 57.58325292476446 24.471596894768037 62.096251525194965 48.70174995550361 63.72236820153738 50.91869114110852 54.13620043389693 82.24302082601385 44.137517719478545 69.7080466117098 20.148639907719517 81.14562695212639 43.53793352728405 0.0 82.909291191291 36.71416206659857 9.085454454975913 33.476646584971164 42.4299389379675 29.732050402203477 57.79763524943714 22.190620353941338 51.28109147449658 51.66538371567524 71.23529599735157 54.3425235403417 47.947104560109764 89.02034286386856 47.45014784135995 49.158591393664835 76.82111259249572 52.81906784889703
9.30553699958921 42.25966991725134 23.60332466352693 68.91594849994863 14.104155435556768 98.45962616284402 78.8772943748685 13.641444972445894 48.404720966980754 58.47204868127558 66.48277879070504 56.114376243772206 33.09359615460607 78.19917069965689 60.896293149342696 68.94720280948826 34.9036051603454 36.78238385989218 32.813875231118644 32.648377645721546 5.7330067711492685 41.92225960712624 15.115724052162644 68.05278489360904 11.079734015937415 89.6047026962827 82.909291191291 0.0 46.301583134598765 80.38006586585689 70.13396379611973 53.16457841849854 56.47112587642765 89.28491033022918 63.963232871446095 66.4345175707049 33.19209868921272 26.135038599360627 32.83014323185767 37.611640819665055 7.39331426406746 35.58693855608795 38.02401660627384 9.839194475398056 30.10522033895525
38.208297716708394 8.623738531426463 22.76181113851688 29.21101566216016 40.98462233929895 60.22238413431972 32.88269862252988 33.00855998749764 2.223568081017787 21.24833384702759 29.91807581362547 21.24035851992631 13.743149663333748 55.49558504750277 17.90641140564527 48.4840153174652 12.189999061987248 32.561733669246046 14.406426828918827 19.065509297441693 45.53370420727609 11.16255295262552 33.896826618938476 25.182151465977174 44.62753109953461 52.30039032766518 36.71416206659857 46.301583134598765 0.0 34.286674347427464 31.502833525439556 21.55002743428138 12.857929098358662 62.702490306970475 20.8482083949038 39.443911273066405 15.760325778611017 36.77596673796304 19.459133744003335 13.157847711872872 52.651307780860876 10.742321278725427 18.76355588227097 40.928338372060004 16.40749822846529
71.90979088855347 38.66078460196293 56.99048378856028 31.081950696716472 73.41873841930676 38.7576440292584 10.927945574312314 66.87450072606295 32.10718507691135 28.84138823722964 28.3030497384887 31.912535722186313 47.99000998750952 64.38281703060653 26.50454609301814 53.43551334095247 45.540876780388764 57.76458689166048 47.69459740462521 49.85758978122018 79.1126284373817 39.725736442119114 68.13803257765453 24.57176030107051 77.467317669957 34.759840408195636 9.085454454975913 80.38006586585689 34.286674347427464 0.0 24.78225522515113 35.598028931965 24.701680069082936 65.62425761141833 25.109774952608298 42.70739427081105 47.92042403436629 66.20688098075576 49.971591135010705 43.84028919067391 86.88898842120899 44.85175231883035 49.452783124260414 75.19678185221534 50.692717047396314
60.882657972363326 29.747092040865017 49.4578007713929 47.192540713394834 59.77416356051767 29.214989494014652 33.4598752402661 56.74452088038421 29.661629941089828 11.791311307912677 4.448803622239261 14.028955248195128 43.07818850773326 80.17137590058184 37.23609333674937 28.65658247936044 37.425754143735645 39.246476054477064 38.958558959607174 37.497291273940405 67.2666657421711 29.077196303972066 61.496141404351526 40.230673483922985 64.18590410027042 20.899176733685312 33.476646584971164 70.13396379611973 31.502833525439556 24.78225522515113 0.0 17.254536152572744 18.97055110262868 84.21079359679374 38.00217889220679 17.946862896436755 37.55263523658376 49.80710420010414 37.30388103282435 33.16132371209991 77.37479550884497 38.55995299696711 50.26597271459838 67.82141907759006 44.64836935655232
43.87282417496878 15.815956865236451 33.78773314014544 46.710466011618934 42.520910214159784 45.36555500801273 40.5417924126088 39.97928619302115 20.684357704725816 6.874018771681229 13.343957301693383 3.7702944785640957 29.21742822767268 76.42150540963233 35.05733484087597 26.985993574092088 22.519590345462817 22.753452345769077 23.550688061240137 20.726740746389176 50.097715728651586 14.11746917801794 45.65196646519263 40.73167285578118 46.93553886006279 36.57026743250805 42.4299389379675 53.16457841849854 21.55002743428138 35.598028931965 17.254536152572744 0.0 14.621508007863214 82.69483144524972 37.10729938249909 18.073217174574545 21.52061108210456 32.74379225961542 20.4526498139451 17.454256333398302 60.47214355990217 24.523283540146455 38.863605462116475 51.570261390634855 30.014674141824628
47.69411283752598 14.239868265177435 33.7098514595253 32.3206714685109 48.76764593467215 47.38573897857311 27.074385166315842 42.84171952586088 10.845528095670295 10.650900009769915 18.100672282692532 12.234784173461382 25.762503594944583 63.31767207934062 20.878007828375637 40.30073723515387 21.665888522963083 34.05998095245704 23.679908572887392 25.176042831974986 54.7706080520577 15.054751657475292 45.50180266298198 26.154194166276664 52.8713908660681 39.57189624179114 29.732050402203477 56.47112587642765 12.857929098358662 24.701680069082936 18.97055110262868 14.621508007863214 0.0 68.80878876774598 22.67097580292349 30.07305661238844 23.473117736595754 41.66490867277355 25.276502613245615 19.24589976725327 63.28467285518249 21.742596674665503 31.494473121256267 52.325042014146646 27.934643338785342
86.26006552806237 71.1097841078303 72.36602863652718 37.04312025398773 93.031157724406 104.37971992297892 54.72193327686458 81.7024834980021 62.754401227997135 79.4105488165843 85.38142545404173 80.95368167326798 65.48058019757573 11.789666811848722 47.943557579566615 109.10893267263852 70.7068643082208 94.11260225559863 72.15931646007505 78.97821484452915 92.31508489702122 73.7043422173796 74.5999030108921 43.980853012506934 94.67413943276465 99.91298334051885 57.79763524943714 89.28491033022918 62.702490306970475 65.62425761141833 84.21079359679374 82.69483144524972 68.80878876774598 0.0 46.4963422345044 98.77593276148616 74.98806799740474 94.78865956104843 79.5475093811321 74.51081017246923 91.51778803741868 67.57353758144968 54.55442202238444 79.61509674164613 67.94562837978494
56.95061833363611 29.144174210507124 40.79166636340353 9.653860153035591 60.89380776675102 61.52677190628807 17.527116588881313 51.63665441438393 19.752943939532727 33.09709748628476 38.91444023971553 34.90493290346511 31.2582682855957 42.23772856732709 3.1095136798864553 62.83119477786288 32.547142361069135 53.0461517394548 34.67108543759973 39.89879008676357 64.26485031673376 31.47854872873198 49.74454224987462 4.353720813984975 64.17613720843714 55.5676477787028 22.190620353941338 63.963232871446095 20.8482083949038 25.109774952608298 38.00217889220679 37.10729938249909 22.67097580292349 46.4963422345044 0.0 52.35131269301145 36.45599730968086 57.58999793282564 40.30289379584023 33.98819913804597 69.4080855602865 30.295796278689476 27.74799992135153 56.773299238267306 34.36124700755172
57.26257086136775 33.781810445477326 50.182028390632794 61.95970451433854 53.84159249555637 34.90514390629374 50.89691450050159 54.3396871621372 38.35786646411755 19.42221374378607 14.642038656290394 18.383672972666282 46.89198340553721 93.35690513545015 50.84725477609919 10.889734476709044 39.91680555562069 30.589701704527116 40.57808942622674 36.15998536676835 62.37594573790379 31.85561955073919 61.509334113024345 55.35316254775489 58.221080273626434 26.32585360180166 51.28109147449658 66.4345175707049 39.443911273066405 42.70739427081105 17.946862896436755 18.073217174574545 30.07305661238844 98.77593276148616 52.35131269301145 0.0 38.07384033462369 42.10994520048786 35.70972821362844 34.570356999695115 73.82134588797516 42.240468351578315 56.91500120743446 66.68989700154752 47.32310552161966
24.255952419547484 9.267970257248978 12.281554936287243 44.23434824035601 25.657127019031662 66.52898034244457 48.14174211604531 19.56325928728388 17.34729544295945 25.762503594944583 34.31231852234672 23.795017458624805 10.5830568384927 66.34051079117738 33.43243023682966 44.32325121025458 4.302726364592434 19.31602558643413 3.1126647678160726 3.9962611882698917 31.297490315461953 8.738070835087703 24.149970481069623 40.80845752459734 29.582409293623282 57.85251269486847 51.66538371567524 33.19209868921272 15.760325778611017 47.92042403436629 37.55263523658376 21.52061108210456 23.473117736595754 74.98806799740474 36.45599730968086 38.07384033462369 0.0 21.190044440225776 4.583258427676705 4.445947869498863 40.209259154197426 7.41788354402577 22.460607644613937 30.278498425616025 9.758359237375608
18.22062580580957 29.028105513753843 23.23418200906268 65.40573014160721 12.258770953259727 76.02490307770259 68.13366394756729 18.315969757798356 38.13485671458209 39.300143387857545 45.591937969537526 36.36211470799123 29.364986733001537 85.33845078442471 54.59009259999784 43.20745816295724 25.316874872895198 11.520552133453446 23.396992113587615 17.71612639315619 21.14873176616398 27.195623015773222 28.202401694634922 61.936657298915634 16.3945778021266 67.1395171606791 71.23529599735157 26.135038599360627 36.77596673796304 66.20688098075576 49.80710420010414 32.74379225961542 41.66490867277355 94.78865956104843 57.58999793282564 42.10994520048786 21.190044440225776 0.0 17.35314915997483 23.81271983561407 33.19998088070546 28.079529480015424 40.43786000978274 30.08593655264152 26.846181637464884
23.592018934180075 11.776942841291437 14.689704403820521 48.37361503289551 23.546763599109557 65.81769141007649 51.0448111250067 19.528164250002206 20.781707581114787 25.66681723769285 33.70097809225252 23.287856373945772 15.005463680668495 70.92360984517575 37.334291437988604 41.11880992645205 8.840651219712454 14.7411814184137 7.603217376673463 0.6222908342845143 30.188211778566735 10.265495266118455 25.807977635824383 44.64054156550232 27.747883131896074 57.0187587577039 54.3425235403417 32.83014323185767 19.459133744003335 49.971591135010705 37.30388103282435 20.4526498139451 25.276502613245615 79.5475093811321 40.30289379584023 35.70972821362844 4.583258427676705 17.35314915997483 0.0 6.486714558805207 40.08397793313604 11.992850959935744 26.91963884315736 31.290743194523394 13.761456320424713
28.621095971741234 5.319089760191806 16.423446591217516 42.29317921844703 29.583385323145794 62.1998110388044 44.59154315438513 23.993515285934986 14.349146991994337 21.370594262067414 30.00330377295989 19.504228844513655 12.581022494454993 66.38544899966477 31.063473276808168 41.50190979214605 5.422181981155054 19.73027199298948 6.101346128470146 6.211829784194131 35.58695545386716 4.313161168036372 28.41049585480694 38.309054285568784 33.63800988721036 53.56092920814339 47.947104560109764 37.611640819665055 13.157847711872872 43.84028919067391 33.16132371209991 17.454256333398302 19.24589976725327 74.51081017246923 33.98819913804597 34.570356999695115 4.445947869498863 23.81271983561407 6.486714558805207 0.0 44.649719677148795 8.22476140107742 23.84496606564907 34.660750590695116 12.75304848350581
16.672448866888953 49.141443988583696 29.90046805364952 73.705938253632 20.985036841694566 105.79690930957747 84.87446595931914 20.67757695353836 54.802234038946494 65.67533931804395 73.7725261540203 63.36986771227354 39.141458146853005 80.13482125866673 66.38927244996663 76.20612322739485 41.63067288922855 44.05726684446779 39.60883595727492 39.87788429579199 12.113855699030552 48.9464208984104 19.685697982942994 73.37629451036345 17.33101757284729 96.95050709289491 89.02034286386856 7.39331426406746 52.651307780860876 86.88898842120899 77.37479550884497 60.47214355990217 63.28467285518249 91.51778803741868 69.4080855602865 73.82134588797516 40.209259154197426 33.19998088070546 40.08397793313604 44.649719677148795 0.0 42.04016791175607 42.579319431480485 12.84013101228649 36.27663650201265
27.48199606595736 8.936744455058518 12.156030078398864 37.47651928688785 30.650234869133726 67.77056609567731 43.570730100651666 22.268139407308922 12.818720680821686 27.04685806498126 35.9892120425741 25.83124897766834 4.696580289560831 58.95286795242699 27.20395769581334 49.60562447030908 3.194969594317283 26.689030053356237 4.696580289560902 11.4131094771246 34.81742224349679 10.42002413162835 23.76497559570311 34.630885910339146 34.109516735600366 59.38344875888131 47.45014784135995 35.58693855608795 10.742321278725427 44.85175231883035 38.55995299696711 24.523283540146455 21.742596674665503 67.57353758144968 30.295796278689476 42.240468351578315 7.41788354402577 28.079529480015424 11.992850959935744 8.22476140107742 42.04016791175607 0.0 15.637237214810535 30.644590367975134 6.21144148463502
32.78915945155033 23.180805400520185 17.844151171719144 31.131119727893502 38.82566791676323 78.86233036114898 44.63623499222134 27.795760854269957 20.65554356774303 39.77743867273529 48.588538973803765 39.347556054088656 11.915649081398078 44.90079717961132 24.96621288848034 64.91111765685781 18.698581810383917 41.56294294259456 19.3546057882973 26.300679223700662 39.60753892491219 25.33096737725642 23.042051885207922 31.353681811843018 40.98908489471834 71.0398026104893 49.158591393664835 38.02401660627384 18.76355588227097 49.452783124260414 50.26597271459838 38.863605462116475 31.494473121256267 54.55442202238444 27.74799992135153 56.91500120743446 22.460607644613937 40.43786000978274 26.91963884315736 23.84496606564907 42.579319431480485 15.637237214810535 0.0 29.748245911840925 13.749767316781849
12.084928259289166 38.54954800271804 18.636080078324802 60.87877333239292 19.894242068739565 96.7903902265624 72.57742499586341 12.616708463240323 43.12862403530738 56.03019424610316 64.56998049372939 54.05122699875188 27.206966866440574 68.45101727127324 53.78559173486668 70.6941378259245 30.806649418408107 39.050972035698564 29.013355321679867 30.938526254223575 14.240928125950663 38.805661935158454 7.1130659807859065 60.68113563199494 18.654781134084864 88.07861870399353 76.82111259249572 9.839194475398056 40.928338372060004 75.19678185221534 67.82141907759006 51.570261390634855 52.325042014146646 79.61509674164613 56.773299238267306 66.68989700154752 30.278498425616025 30.08593655264152 31.290743194523394 34.660750590695116 12.84013101228649 30.644590367975134 29.748245911840925 0.0 24.570736215486505
22.599905998661797 14.910183827036354 6.521318051641759 40.54818535402217 26.955599378562543 73.8629624324278 48.772445433699964 17.287376778599352 18.588359281988392 33.0414456136736 41.943755195912516 31.641197376643834 3.105526763971293 58.576012612501685 31.255135924503243 53.99696913430661 7.4951385301752715 28.065189382605954 6.842505805848558 13.142778404072137 29.93184413295977 15.977649928899856 17.61541736073448 38.59973423646965 29.93113995700738 65.41723519568053 52.81906784889703 30.10522033895525 16.40749822846529 50.692717047396314 44.64836935655232 30.014674141824628 27.934643338785342 67.94562837978494 34.36124700755172 47.32310552161966 9.758359237375608 26.846181637464884 13.761456320424713 12.75304848350581 36.27663650201265 6.21144148463502 13.749767316781849 24.570736215486505 0.0
