0.0 18.517360579183748 39.65788621119449 22.10598703080153 24.62217534599299 47.34891217790989 24.25394868820735 31.638762303186716 64.3783863594396 33.08887245930723 64.13622679486953 19.78906268148019 12.108335227566197 54.69377051164772 50.93183525220815 41.51869861231915 41.90850212078217 55.528794159603564 16.874578411468807 43.52354745531303 5.188774418018326 46.60041585652508 33.0984994245595 38.430588558726626 41.62362140951711 65.8836291510005 53.90136492358018 18.34036128091518 14.73480342111956 18.698802891543682 48.28330919096318 20.24814804773858 46.73115282315423 53.43278917329362 51.97600268758713 45.07686578855705 46.66135508372965 23.449873188570997 14.09146528284843 25.770346214275502 107.35537037804593 82.64139410760978 67.29632111057946 67.99088171086386 84.32968340020501 92.70239659931538 62.6505823429573 40.63598524944701 42.09866771909631 65.4838838758625 85.13614388291829 50.910591372057006 18.1787292613675 21.538260059972327 54.70081955884065 86.53634227411023 53.1982621426352 23.79957141707106 26.412725119641035 56.777569874172386 96.51345603478248 68.11447818703036 48.57087517616862 49.734198764784814 70.58798745419145
18.517360579183748 0.0 41.972895530926905 33.347804991674096 33.04922372771068 64.75153806537482 42.61705872044139 43.55319831571406 69.19625112977589 49.45972179295682 70.5650886570679 34.5590817073304 16.402301035388238 69.57702285891516 66.6476075363562 29.989784225381445 57.40530532960383 72.52427366146843 17.79360281925187 61.17192224776593 13.623512436288681 34.14849554489128 36.762538595442535 51.19419364517362 46.335946183149204 83.44188154114546 53.288803863702874 31.916536306364392 28.21177935864278 27.363506148984374 51.435504248782344 31.97151997954917 48.98113876697266 69.97185995080339 68.34145793293246 32.60059494514713 63.94818715349734 41.74201541740745 19.002383266856846 26.677294202613922 110.87080907180457 90.90849788483305 81.4315568337133 85.98003656884565 102.70715509036945 91.99221417812446 66.85631588001978 53.588852113233365 60.56865330819371 82.82606504520922 78.885238853677 47.4410607897375 25.947434477299524 38.60992398973314 68.57860360470602 74.65523880087375 40.08920173434771 5.9781099348101145 29.311871119120806 63.85521173741475 80.71044491097861 50.391203820024465 30.97106841997236 42.118605009457696 70.59449588239147
39.65788621119449 41.972895530926905 0.0 22.050504540438006 17.117531340974526 75.2700824709375 45.09114531403238 22.307466049779116 27.33555473143492 37.56648293491716 29.475341246712144 29.19053404233508 28.951482529567528 88.23711537757372 83.22520043114237 71.87660527104524 75.52460274953847 83.97391279879437 54.24190016564875 70.95856231701053 40.92462948596077 33.87300691783591 6.674177040644661 75.73042416104458 6.454150215561974 91.00103717871508 14.990641865089883 27.05875760941529 28.19122843433066 21.56239687224822 9.463666788475086 23.50666123267349 7.199878532594542 83.50414369078895 82.66176619177904 74.2209731772522 75.12543050048359 51.92914579054101 52.667432904119856 64.0589756464254 69.08988287894194 50.573160963936544 52.31334127978161 72.87341843262647 101.38635471956671 53.083451013521696 24.90050540450986 28.58432959301844 58.38611956737747 91.62783610210975 49.63417217925847 16.400777373124914 21.66271352895876 55.35714971801434 89.74635424799663 60.91409487704826 38.78808688653593 41.15013265162296 65.39862501176042 96.20527996019075 80.9858590400379 65.77655379196571 67.00130158196494 83.94383550394713 109.53873444139627
22.10598703080153 33.347804991674096 22.050504540438006 0.0 5.134307724562579 53.45567309448935 23.302760644128366 10.242369660982403 43.099979729827346 19.755426959127007 42.30389902077534 7.222173010454896 16.956335012809756 66.19802403121898 61.1755163120574 61.7449680699057 53.52501404272929 62.184259947656344 38.84038393494231 49.14594471514046 25.540043969431014 44.7622026768868 15.761477488540104 54.38149081941232 21.56169389311006 69.81853150217718 37.00933330114244 5.133895215262212 7.5773438770655765 6.420006554404007 28.74718726163581 1.8948152135702874 28.087401584245793 61.552211976898775 60.66466248687007 64.92274948064622 53.253014264641436 29.88138013223914 36.19740871036727 47.868995292066266 86.062003556591 60.53883452227708 48.14604274459535 58.01673290288742 82.51454465200429 73.91015527995661 41.69950078556489 20.24431042892788 38.414349799839876 70.25908384747467 71.48784012116161 37.281141927605965 8.006811127662132 33.66285383368028 67.80206231962877 79.68744745395917 51.16713815329467 35.78955261073089 48.35842666890974 76.09869964713481 95.81948754187816 73.64343416059835 63.719002450514004 71.35574138656395 92.29272485287575
24.62217534599299 33.04922372771068 17.117531340974526 5.134307724562579 0.0 58.57762592898743 28.434990443522928 11.630802345160815 39.775547278335495 24.010041688111418 39.596951496611325 12.348536429495006 16.913839623104888 71.14149110171888 66.17775135562943 62.353591661672 58.40993733752138 67.30776042037989 40.8378250651834 54.26894411604639 27.266198197045757 40.55378738192835 10.688045294556005 58.829442213995726 17.36925842055618 74.93908692538922 32.10767652262918 9.9582923731014 11.311122801540813 6.145414646326202 24.404305546840526 6.401759382708446 23.454546524439092 66.64247557662084 65.73436155177328 65.32622792650868 58.36600045126562 34.85960501618079 38.54286644849002 50.23739952793624 82.77418703644703 58.76456543083289 49.495339681079216 61.97668545212842 87.33405302673296 69.52399229294544 38.12907000738776 21.654372169019517 43.345623396782756 75.38978498687186 66.40410992868252 32.15028549894667 7.25461736609803 38.294538276664326 72.63034781505185 74.69505472569094 46.82673238024235 34.65494914178843 51.029590479745345 80.01189710673337 91.3403242046781 70.22154636451117 62.56080158645853 72.74214590275162 95.2037985532669
47.34891217790989 64.75153806537482 75.2700824709375 53.45567309448935 58.57762592898743 0.0 30.187967890216772 54.774135316365445 89.96847387605371 41.01639264336143 86.5589348333788 46.23350015180546 57.478845546255634 17.875835741166295 12.136142427891428 75.37663135048264 13.590315418196568 8.73358110762546 51.99004868416807 4.31225449551334 51.42928550757062 93.13400210139308 69.19935829524492 25.307630753080208 73.33080499197283 18.705141345903378 89.99162538462636 48.81283708710839 49.07052297141617 56.24817181718547 80.39942550628214 52.2918842430229 80.53239702959698 8.884457648696447 8.934848555058748 79.35380487751695 1.233911965076493 24.82248378704875 48.6191129149081 51.69734246461039 129.63363664280266 97.09842667595655 66.67949428862157 43.1164845223379 40.82564513405712 124.16055977049446 89.73209117071237 55.52210343859233 22.547992277839906 18.137589213353554 124.88336380474098 90.72046121976501 57.09114108058697 26.142751831696987 22.412883224173676 131.70003518660855 99.8156094075619 70.54238446410218 48.82740668416708 46.76343438260298 143.7458809212827 115.11129281864352 90.73639620982941 74.9021353179115 73.36428675535821
24.25394868820735 42.61705872044139 45.09114531403238 23.302760644128366 28.434990443522928 30.187967890216772 0.0 25.391543232689152 61.7754530048611 15.033085737003189 59.23514611297608 16.08952630792038 30.530860630388982 44.019583820345346 38.653998183120144 63.57858705180588 31.96635216538129 38.90575864668609 37.357119652094184 25.875715974076737 29.41340186190033 65.2633273367281 39.021567340732076 35.9756482177321 43.40774602640135 46.7164125073903 59.86810927808748 18.844251908252183 19.77249549155042 26.666186319485504 50.56487095353003 22.23244575673305 50.50665210647368 38.45538565177941 37.6992496981704 67.41019968880514 30.03502511534358 9.0486011756899 33.601308644204686 42.852345889421386 103.35535973982182 73.278163233902 49.51632431575117 43.91881018891737 61.64962085141115 95.04647034588122 61.125627861876666 28.873918970068516 18.053087572007108 47.042265082671335 94.69572711048134 60.58385331967837 27.719615225565963 16.16174769798516 46.35599577482789 102.38496873133342 71.91575418659123 47.496228835365436 41.65008983313706 60.069879215566246 116.53303391620778 90.77815465591948 72.77473131007629 68.8942120931392 81.18759875296443
31.638762303186716 43.55319831571406 22.307466049779116 10.242369660982403 11.630802345160815 54.774135316365445 25.391543232689152 0.0 36.610082040956804 15.298064060950596 34.67715076104565 12.735415125148261 27.151023189738286 69.40374889218113 63.98765043537895 71.92852996159023 57.294017727515694 63.318464374572926 48.50856673090631 50.5180860418342 35.48055995079414 51.35331221280815 18.021208255072484 60.03446346430594 18.873738952023864 69.40374889218113 35.950045719180366 13.32038614998355 16.931185109466078 16.29728137127078 25.730130006202288 11.815605223322256 26.224252371804948 63.38235600259116 62.7917773780761 75.13861525881839 54.80234525726621 33.71842617443403 45.63666611547907 57.187076862782476 78.92490344232208 51.411858145962086 38.1056923662665 51.533816875826524 79.08382028530178 69.67670627615735 35.798104111483674 10.149754175857135 36.323314180820965 70.2182397080513 71.22669182177866 38.702669643642594 17.81571839496299 39.13759293950514 71.70042339470307 82.97181807167125 57.37894990264245 45.773118734921795 57.38315183900804 82.9776297577601 101.42969387909106 81.63787817134963 73.73093655907665 81.25580817625273 100.81423124035418
64.3783863594396 69.19625112977589 27.33555473143492 43.099979729827346 39.775547278335495 89.96847387605371 61.7754530048611 36.610082040956804 0.0 48.952315432529375 6.145594424882994 48.64540212573259 55.146056666261046 105.56809681334076 100.002608852806 99.15631675505004 93.7411947902764 98.16698538057939 80.21943270678858 85.85683907651085 66.64014776466024 56.49831253027157 32.57603070126901 96.57996671592362 23.128078903683342 102.43004664789918 22.136042089985075 47.989334004423746 50.6077518484352 45.706445435486884 17.943900511822235 44.97499705601892 20.774952663464774 98.78921482377261 98.41463758810966 101.54707984664233 90.16764256294663 70.3041752412497 78.1741098004628 89.82333037230923 43.00760535558958 25.186190010089554 42.58962499856717 73.40470072931136 106.5714124974834 34.91067316358755 3.038667283973487 34.562496032350765 69.099587553786 103.68121383938278 46.8535890945374 31.253448004939266 46.40185794348166 75.65924950755065 108.12190739086111 69.13110460141286 59.472030534148075 68.48007060896806 90.75738309848505 119.07590000605126 94.7109304524604 87.68991050539643 93.82741429140357 110.96102987089364 134.9659950928829
33.08887245930723 49.45972179295682 37.56648293491716 19.755426959127007 24.010041688111418 41.01639264336143 15.033085737003189 15.298064060950596 48.952315432529375 0.0 45.684673610683234 15.197411202031509 34.19514630683372 56.964009235679605 51.28391829837393 74.50685356862128 45.78316363338045 49.2714644462858 48.859598843783346 36.91371129052758 38.05554384902904 64.46573967676898 32.81773522237943 50.87234057882772 34.043456898571115 54.48675870567737 51.16153200546779 18.29964004530528 21.57699827923718 25.713478256504704 40.65920162187133 19.959869964424197 41.40231787844429 49.840985992606505 49.50293710856493 78.12853798919606 41.222324366104836 24.0426741240515 45.34099479008094 55.808170414909625 89.34820073240961 58.44943934146798 35.276150378289145 38.305488550580996 63.91437993165415 83.27023236261591 48.752515437297475 14.647113856243742 21.145262975290574 55.448718356624966 86.43683952911445 53.93760835872575 27.240551512468425 31.139579023226492 59.93448757231675 97.95538328302861 70.8073435315946 53.1686516512838 55.09023485591346 75.0850535865024 115.34990126547115 93.21979335318245 80.43004109435776 81.50327991887683 95.97556592114289
64.13622679486953 70.5650886570679 29.475341246712144 42.30389902077534 39.596951496611325 86.5589348333788 59.23514611297608 34.67715076104565 6.145594424882994 45.684673610683234 0.0 47.18328617598389 55.75793945471789 102.6136525011631 96.96011261287889 100.54378214618242 91.09739200283909 94.58027467088297 80.4163000002119 82.53212569146254 66.82581466793516 60.61402599844279 33.82739116407968 94.62546080581087 24.26727370508398 98.28673984578515 26.997457324512656 46.93790080226543 49.88118654955912 45.697742830629714 20.63770434664908 44.19869170196033 23.733402288450097 95.42496012351121 95.15465768139896 103.1194190421033 86.82852160820698 67.995056850024 78.1288564521695 89.82785631546915 44.26107803751407 21.219144933654402 36.55553519300342 67.95004160089553 101.45420204403469 39.75684849854474 8.676900363727569 31.06160848753123 65.18597831020449 99.64162453093749 52.98806450656687 35.932665890931915 46.57689788544659 73.77321868904589 105.40587087328396 75.10231042664407 64.01395345185155 70.35616358356629 90.53710611529598 117.63808789068827 100.3907950430436 92.16841877935506 96.46974169619095 111.85925377890248 134.58552000180575
19.78906268148019 34.5590817073304 29.19053404233508 7.222173010454896 12.348536429495006 46.23350015180546 16.08952630792038 12.735415125148261 48.64540212573259 15.197411202031509 47.18328617598389 0.0 19.002642496275833 59.155402715801 54.06285773830744 61.08168156189739 46.5712541901458 54.96219952717866 36.55100660802855 41.923809974747634 24.239779122298756 50.703997869380586 22.976445038665723 48.06634554188089 28.190884540417805 62.68509302438439 44.101009080877425 3.2865569675369555 6.4082201885554815 11.366013281576832 35.41467281422901 6.215716992487146 34.99502778769963 54.346606444445584 53.4776005005987 64.51549108808965 46.03299117273438 22.83835913426033 33.445968582363065 44.821434530825314 91.33803519993971 64.10762367942733 47.66287417542192 53.18386181428956 76.02702257779956 80.45864664040282 47.517528216119054 20.90656767012257 31.797815510789473 63.08696367926169 78.69716787975813 44.49878050101029 12.723659633189301 27.175253034261708 60.90935933920778 86.61180028054756 57.24055630232464 38.02875545399349 44.84103940656483 70.49878727109379 101.97351683016629 78.40191687738171 65.4972887624718 69.48165895964144 88.09244496129124
12.108335227566197 16.402301035388238 28.951482529567528 16.956335012809756 16.913839623104888 57.478845546255634 30.530860630388982 27.151023189738286 55.146056666261046 34.19514630683372 55.75793945471789 19.002642496275833 0.0 66.28176302630892 62.22506210522843 45.4426573928177 53.39122333866412 65.95358907838384 25.298545473295942 53.41919872061651 12.060585901952932 35.65610701406721 22.758825700974832 50.50659083958231 32.02118633403782 75.60559772405871 42.520924272348154 16.033800846035927 12.624271354164947 11.014458748302632 38.08744388575359 15.641936449367655 36.14742141972805 64.23495317648188 62.90778109218695 48.420146883540056 56.92548582503751 32.74324462751062 23.7915812929138 35.10765425612332 97.76110507029223 75.49291692155371 65.0837824819313 71.88454893963116 92.160997210638 81.55850248036829 53.107664684984606 37.20062100096707 48.39603073514234 75.46716380132337 73.05773729888676 38.96332354667698 9.67992609024656 32.62076242494919 66.55358816776548 74.92823070211236 42.336801777380465 19.115890218801827 36.514068228661465 68.52725402291401 86.49967534154482 60.35893413267702 46.89370364668842 56.121737063427844 80.59212565238225
54.69377051164772 69.57702285891516 88.23711537757372 66.19802403121898 71.14149110171888 17.875835741166295 44.019583820345346 69.40374889218113 105.56809681334076 56.964009235679605 102.6136525011631 59.155402715801 66.28176302630892 0.0 5.852329831208985 72.82781331230787 12.936085902104555 14.418599483778426 53.753158749332464 20.95787466595157 57.57665711329845 101.25193768557342 81.8026203730394 19.645783330700382 87.21521859152212 24.58585973785852 103.20725204588425 61.184927565517974 60.51186644471623 67.67657012006848 94.41942914295062 64.74078206721114 94.14190871594067 10.483924107240956 9.32037075925521 76.60256968492817 17.095097688045776 36.323941700018224 51.180874570363834 50.12661524266532 146.24760883356188 114.30887439039944 84.49544538133112 60.06036687983049 49.69729273050216 139.0656489762963 105.05365141942342 71.61095800233366 40.184992399411136 22.27964544773479 137.30739502118047 102.73659534103535 68.19933433081427 33.798583849466226 5.328529203761237 141.17573814787596 107.80612957967875 75.5550632408848 46.795374365095824 32.64781796050802 150.2364726542192 119.32421700325814 91.10610986368114 68.97217694761434 60.07314359277375
50.93183525220815 66.6476075363562 83.22520043114237 61.1755163120574 66.17775135562943 12.136142427891428 38.653998183120144 63.98765043537895 100.002608852806 51.28391829837393 96.96011261287889 54.06285773830744 62.22506210522843 5.852329831208985 0.0 72.24922333951007 9.2476534367798 10.463469755034515 51.60020883176106 15.105666592062851 54.171430482180654 97.52337124408378 76.86139273562509 19.03649047431919 81.99184838100967 22.09583810147071 98.16229262515103 56.224022847372 55.76199860123877 62.96638701983175 89.17705388630752 59.77875137864765 88.99187131455764 6.154983623258735 4.367229945034421 76.11555337220393 11.293348498203619 31.321899748876227 48.74879865781476 49.004191386776775 140.50876700411388 108.4816423749899 78.66785502207775 54.80700367263232 47.0509877378996 133.66407785213084 99.54349810806072 65.92857867003056 34.33793992133671 20.1608014123545 132.4945085716616 97.98204769250866 63.56903025500821 29.604300605751288 10.327666262975088 137.1453928474005 104.12975309342977 72.60841172085226 45.77976300317713 36.254947580876895 147.06531050836657 116.77503072144667 89.6626222284804 69.54954804984148 63.47967572086378
41.51869861231915 29.989784225381445 71.87660527104524 61.7449680699057 62.353591661672 75.37663135048264 63.57858705180588 71.92852996159023 99.15631675505004 74.50685356862128 100.54378214618242 61.08168156189739 45.4426573928177 72.82781331230787 72.24922333951007 0.0 63.81806835225728 81.04640768712449 26.230728930292656 73.05080299335113 36.8420460769352 56.323879169099904 66.75191630964953 53.35965578013426 76.3250441181865 93.12137225432714 82.37358539094306 59.13159670389568 55.322703161788944 56.360219361429266 81.33770302913138 60.113000231350036 78.79996097974495 77.37185371932924 75.43215429881292 3.9982975445947826 74.26770703726382 58.79786579878735 30.010863452354787 23.6793289758934 140.50090108234326 120.7672818294958 108.73638501294793 107.03783633184445 116.12591142395608 120.30424928530779 96.77683920711524 81.56674449841462 79.59424604076067 91.71743123028833 103.86941797292079 75.60000338375914 55.10597730281406 52.46694826263372 69.74020567974489 93.20914629279423 60.280658228907434 31.21561448624443 26.644238526076425 53.29409285445495 90.39081579914115 55.86651865313197 21.598384012296503 14.379375418009705 48.393146651464996
41.90850212078217 57.40530532960383 75.52460274953847 53.52501404272929 58.40993733752138 13.590315418196568 31.96635216538129 57.294017727515694 93.7411947902764 45.78316363338045 91.09739200283909 46.5712541901458 53.39122333866412 12.936085902104555 9.2476534367798 63.81806835225728 0.0 17.277397081013795 42.44831910134073 13.88584628054892 45.00750667944899 88.50580086217575 69.0416823000249 11.808167697375639 74.73043555802337 29.41002836043007 90.51060363790987 48.46838957213171 47.66158633802406 54.80233289320669 81.95027785740015 52.01820701517662 81.55772600593505 13.573165094859998 11.66345583501588 67.73472166969583 12.358386643530038 23.764966404729144 39.538033654781636 40.33236905888622 135.06434722434363 103.94600930259503 75.90763873037018 55.80294075412575 53.486153244292204 126.80929450393629 93.0745970874232 60.33247044106992 31.811574509365613 27.9067818461893 124.4488884836757 89.86248132965201 55.2979154290735 20.86402514066866 14.408672164222594 128.3089941269409 95.0892290975279 63.36845151530265 37.20208927000104 33.87131362475343 137.86789879074976 107.5309850353217 80.70350195448948 62.11267966747205 59.980846840391955
55.528794159603564 72.52427366146843 83.97391279879437 62.184259947656344 67.30776042037989 8.73358110762546 38.90575864668609 63.318464374572926 98.16698538057939 49.2714644462858 94.58027467088297 54.96219952717866 65.95358907838384 14.418599483778426 10.463469755034515 81.04640768712449 17.277397081013795 0.0 58.85120741110513 13.038904732173112 59.40178563621952 101.60247196869493 77.9237112690656 28.649887297116038 81.95167536154256 12.139430507971705 98.6664256949342 57.546265516693595 57.7777993466847 64.96376304683031 88.99187131455764 61.025214096191775 89.17705388630752 4.308488803448125 6.196552198243345 84.9757139843672 9.07475660265752 33.4287339197865 55.66915810915269 57.48350155737566 137.27193734410503 104.29483172811312 72.84275998731961 46.14706985005004 36.71328159574211 132.52548659172007 98.02354776596083 63.63238287435889 29.73881802266448 10.703614250366716 133.59557935300631 99.45234835787389 65.79215663614843 34.07775910859144 19.71869587965397 140.34917560075223 108.27675968659963 78.38772027015989 54.40795067718195 46.58999799056856 152.0303754354093 122.91367500720034 97.45283760802266 79.25331048718199 73.8909094755669
16.874578411468807 17.79360281925187 54.24190016564875 38.84038393494231 40.8378250651834 51.99004868416807 37.357119652094184 48.50856673090631 80.21943270678858 48.859598843783346 80.4163000002119 36.55100660802855 25.298545473295942 53.753158749332464 51.60020883176106 26.230728930292656 42.44831910134073 58.85120741110513 0.0 49.04024518646813 13.597511109624362 51.92538165974362 48.034116727376144 34.57022265685741 57.15647114007841 70.49902201388657 67.44805873311252 35.21491637641187 31.587898256934697 34.719576849549654 63.37403101595162 37.01418876096295 61.44040561339196 55.739386712715074 53.94124141148235 30.09528790941933 51.00598410412103 32.82873411151628 3.8005388035795438 9.878444823579462 122.99173317533223 99.34533616929363 83.70635103438646 80.86246711388905 92.00789081340562 106.54162339108075 78.28378694896853 57.44898175978034 53.546429711084386 69.48996465683031 95.69578327657827 62.88940024506446 33.87200744978201 27.09966076780898 52.118258205633474 92.4488416133149 57.877428812369374 23.40212458236965 11.84805143317073 46.12968056809595 97.56263955443187 65.66998081431194 38.748673544157256 32.942504476569496 55.35154089545046
43.52354745531303 61.17192224776593 70.95856231701053 49.14594471514046 54.26894411604639 4.31225449551334 25.875715974076737 50.5180860418342 85.85683907651085 36.91371129052758 82.53212569146254 41.923809974747634 53.41919872061651 20.95787466595157 15.105666592062851 73.05080299335113 13.88584628054892 13.038904732173112 49.04024518646813 0.0 47.74276456447496 89.06180180707803 64.88807108955682 24.949971290698528 69.04180463867202 22.360183161783972 85.68555850963482 44.51413379976031 44.8138595583356 51.980488371622634 76.12004150134592 47.988400195363035 76.23509624680071 12.936450391958603 12.64558891198968 77.0430331549053 4.312254495513314 20.69566136550674 45.56471637999423 49.41605883409947 125.77049522981754 93.4684073405926 63.634060455625495 41.917405806808 43.12387911544449 119.96817277314815 85.57805836012407 51.475213423615756 19.252092135577758 22.05539472588036 120.57113030831907 86.41356919031847 52.839962007159684 22.620066272939425 25.022437534140717 127.4884861439996 95.74673622310938 66.90573510103921 46.69190269351306 47.73580062621525 139.78559964139694 111.46256694338845 87.76415957642938 73.32083947571986 73.78412578404199
5.188774418018326 13.623512436288681 40.92462948596077 25.540043969431014 27.266198197045757 51.42928550757062 29.41340186190033 35.48055995079414 66.64014776466024 38.05554384902904 66.82581466793516 24.239779122298756 12.060585901952932 57.57665711329845 54.171430482180654 36.8420460769352 45.00750667944899 59.40178563621952 13.597511109624362 47.74276456447496 0.0 43.843358015518746 34.59202484458612 40.313507430274804 43.6062018509949 70.07315004189462 54.574559058155685 22.391727155685466 18.61860026253965 21.135814237940878 49.93129490656781 23.77120263395672 48.10536676132086 57.0709533129592 55.52562997355998 40.299899228958324 50.67536356760584 28.119160072861987 11.746596755751547 23.223230336045408 109.4594569317066 85.894532044575 71.89663072176806 73.17880387013108 89.08370285939145 93.61904724382471 64.7347041895181 44.84926597875 47.1926922795361 69.55330735273286 84.4638358090517 50.7461933296418 20.27468578995271 25.333767958300005 57.161060895427546 84.20395871185191 50.31645847879239 19.18427315629912 24.478106358180774 56.79058070561557 92.91409916958392 63.72043619285116 43.38639757206242 45.817969643218184 68.63683072792577
46.60041585652508 34.14849554489128 33.87300691783591 44.7622026768868 40.55378738192835 93.13400210139308 65.2633273367281 51.35331221280815 56.49831253027157 64.46573967676898 60.61402599844279 50.703997869380586 35.65610701406721 101.25193768557342 97.52337124408378 56.323879169099904 88.50580086217575 101.60247196869493 51.92538165974362 89.06180180707803 43.843358015518746 0.0 34.28700914824502 84.0917875888058 40.32514648320562 111.18548617426674 34.70457137639269 47.44591851683964 45.60239606825931 39.33959153249754 40.47545310359703 44.85240450521581 37.32961960367761 99.80688332084593 98.42926014627179 56.9674158022877 92.58049951771389 68.37149818210257 52.77079449830141 60.66808438482002 91.22117945138498 81.58867250854877 85.94674964593807 102.52658415527725 126.61469712970147 67.02282160526886 53.5033242458179 60.23248025306685 82.38990552101431 111.09923612068901 47.61938719093738 25.66253366803673 38.00483379256254 68.0074356843205 100.99751177206913 40.5964607518924 6.687098662537951 28.91740245238522 63.42372784526612 97.99885997351153 51.317576845393404 31.95458911395439 42.46802183449465 70.57481868495152 102.72736843933676
33.0984994245595 36.762538595442535 6.674177040644661 15.761477488540104 10.688045294556005 69.19935829524492 39.021567340732076 18.021208255072484 32.57603070126901 32.81773522237943 33.82739116407968 22.976445038665723 22.758825700974832 81.8026203730394 76.86139273562509 66.75191630964953 69.0416823000249 77.9237112690656 48.034116727376144 64.88807108955682 34.59202484458612 34.28700914824502 0.0 69.07571813777486 9.57365471358733 85.3166992919107 21.570719115732974 20.637412832032826 21.568081666399554 14.888544637695151 15.34310604784919 17.082873377300583 13.633095740052088 77.31309808202448 76.41679346989633 69.29337053217941 69.00855059443693 45.54076386115793 46.30705651365524 57.79535142153908 75.00816130712779 54.458318638016806 51.96150068610512 69.49166508886401 96.71085956423279 59.72118492250464 30.414019344189384 26.043233370413283 53.16326009306311 85.84438962725334 55.72711835209395 21.636487698956095 15.020559342520725 48.76423411554095 83.21741150547675 65.13774599714206 39.938824579726656 36.63502622482834 59.02518332623746 89.5580876802131 83.53919866336246 65.6190854469739 63.464239595806426 78.38580044404966 103.22662633574151
38.430588558726626 51.19419364517362 75.73042416104458 54.38149081941232 58.829442213995726 25.307630753080208 35.9756482177321 60.03446346430594 96.57996671592362 50.87234057882772 94.62546080581087 48.06634554188089 50.50659083958231 19.645783330700382 19.03649047431919 53.35965578013426 11.808167697375639 28.649887297116038 34.57022265685741 24.949971290698528 40.313507430274804 84.0917875888058 69.07571813777486 0.0 75.94310285908502 40.74730319094354 90.61697650763847 49.25570756384709 47.5669880323213 54.26716766446041 83.11837467169049 52.65852699947611 82.28313822172733 24.606205054666283 22.627504335625975 57.18868264235339 24.074117069709896 26.938175608130003 32.34315158258486 30.481033947194277 138.88103118528278 109.25171022958524 83.53865427778555 66.45489100374664 65.18108260391666 128.2866626144837 95.55889620115911 64.81023475510563 40.79288496146797 39.020269696924345 123.27318294605263 88.7801494343073 54.42798244676308 20.92244375448831 17.548363795969635 124.51683718811117 90.48339653775591 57.13925561222687 27.154947844066808 24.591360895091412 131.8406061695175 100.23709592395929 71.46899204967409 50.62578111218917 49.12162523995668
41.62362140951711 46.335946183149204 6.454150215561974 21.56169389311006 17.36925842055618 73.33080499197283 43.40774602640135 18.873738952023864 23.128078903683342 34.043456898571115 24.26727370508398 28.190884540417805 32.02118633403782 87.21521859152212 81.99184838100967 76.3250441181865 74.73043555802337 81.95167536154256 57.15647114007841 69.04180463867202 43.6062018509949 40.32514648320562 9.57365471358733 75.94310285908502 0.0 88.27342908303488 17.120686306413763 26.690354820432077 28.637450168136347 22.945378020711935 7.223809648174433 23.300947628683485 7.359896298375455 81.80262681892118 81.09850888643565 78.86211476145806 73.28842763729475 50.968745569211414 55.22249204683974 66.82282548785966 65.85581354520438 45.034081988712906 45.977913238251396 67.7841284756647 97.3150925709828 52.351696805883805 21.128964956257207 23.388388948734956 55.158416320041816 89.065906047049 52.39341106858445 21.231166193755033 23.47990211938763 55.19691730672376 89.08952827206105 65.9552577379593 45.178048500162255 46.11762631865526 67.87808332741373 97.3799377810159 86.92346113164037 72.23034746337527 72.61897305483359 87.88950195345289 112.11766591662882
65.8836291510005 83.44188154114546 91.00103717871508 69.81853150217718 74.93908692538922 18.705141345903378 46.7164125073903 69.40374889218113 102.43004664789918 54.48675870567737 98.28673984578515 62.68509302438439 75.60559772405871 24.58585973785852 22.09583810147071 93.12137225432714 29.41002836043007 12.139430507971705 70.49902201388657 22.360183161783972 70.07315004189462 111.18548617426674 85.3166992919107 40.74730319094354 88.27342908303488 0.0 105.29463251840694 65.5503617980301 66.32657762193952 73.3529526805285 95.07401880276177 68.88511740708196 95.61270786495142 16.162866214366545 18.139404531563176 97.06031844360378 19.57684319289286 42.8765752956141 67.20295709451158 69.5178089561575 139.56928435086965 105.7133318867709 72.56634179826077 41.848314244120445 25.13027791946535 137.2261634428239 102.62900406531088 68.03866052735307 33.47626750400549 2.62982021648649 140.51924539550876 106.95294710213766 74.34409484527293 44.83294504190559 29.795611467790266 149.0753088704298 117.87246293256426 89.2142216745617 66.4772683870776 57.21946443006643 162.06247437881248 133.7816307523557 109.20401697561975 91.36861277612837 84.6501208669885
53.90136492358018 53.288803863702874 14.990641865089883 37.00933330114244 32.10767652262918 89.99162538462636 59.86810927808748 35.950045719180366 22.136042089985075 51.16153200546779 26.997457324512656 44.101009080877425 42.520924272348154 103.20725204588425 98.16229262515103 82.37358539094306 90.51060363790987 98.6664256949342 67.44805873311252 85.68555850963482 54.574559058155685 34.70457137639269 21.570719115732974 90.61697650763847 17.120686306413763 105.29463251840694 0.0 42.042351282385624 43.138785590585684 36.35788837339774 11.197076078234987 38.492852053647816 9.771063882985256 98.32073035457246 97.52086839778305 84.24229299739139 89.8875427750011 66.88923077078503 66.27051795406594 77.32643822538195 58.478490822961916 47.31593646781479 58.7594433659998 84.03188032510039 114.30158363351862 39.09404162338454 19.09871175188391 39.95027831646705 72.26434758100788 106.03345873620401 35.27949204242348 9.146698612837309 36.297856800373765 70.32964877710154 104.7369913730855 50.68180594306849 37.35663021750844 51.15874471804786 78.9540592564848 110.65756529076626 74.1638548003426 65.57631435914764 74.12825704353037 95.3127159407195 122.75503649541999
18.34036128091518 31.916536306364392 27.05875760941529 5.133895215262212 9.9582923731014 48.81283708710839 18.844251908252183 13.32038614998355 47.989334004423746 18.29964004530528 46.93790080226543 3.2865569675369555 16.033800846035927 61.184927565517974 56.224022847372 59.13159670389568 48.46838957213171 57.546265516693595 35.21491637641187 44.51413379976031 22.391727155685466 47.44591851683964 20.637412832032826 49.25570756384709 26.690354820432077 65.5503617980301 42.042351282385624 0.0 3.8169417964496244 8.126002864107157 33.88017591647552 3.5565329903929532 33.20443545536926 56.76881716642402 55.82762849894254 62.475754815228875 48.559362865594615 24.90352361951517 32.31629068343339 43.87771960667849 90.8846761568674 64.59563663221671 49.79934569279226 56.41063764452714 79.24109978847234 79.040997058354 46.674824248148695 22.459845257601952 35.002792850381425 65.8846855765864 76.31868559977083 41.94623984651696 9.449120626038145 28.52960395312692 62.71717707778443 83.61361260010086 53.99503464199808 35.135771172013264 44.14082194534557 71.1135219511904 98.72940707682811 75.14255182146067 62.77012309839199 68.03345942745007 87.81681409251904
14.73480342111956 28.21177935864278 28.19122843433066 7.5773438770655765 11.311122801540813 49.07052297141617 19.77249549155042 16.931185109466078 50.6077518484352 21.57699827923718 49.88118654955912 6.4082201885554815 12.624271354164947 60.51186644471623 55.76199860123877 55.322703161788944 47.66158633802406 57.7777993466847 31.587898256934697 44.8138595583356 18.61860026253965 45.60239606825931 21.568081666399554 47.5669880323213 28.637450168136347 66.32657762193952 43.138785590585684 3.8169417964496244 0.0 7.2222567511132025 35.7114049905579 5.682529466232316 34.732329038529265 56.71953629946504 55.66248633327615 58.66026866573839 48.72356708495245 24.574338792886603 28.79436762712742 40.42298457128061 93.59372108403807 67.96716362794896 53.61049486496099 59.358521809600475 81.04062059571746 80.8334179507906 49.13490867395838 26.25412435157691 36.86679865445143 66.51228941327858 76.79576196724818 42.23308738447442 8.033215308550814 27.20819160913861 61.732431487524394 82.76752876932566 52.22791175512123 31.620904796508338 40.82700552874056 68.76512958659374 96.91548510442752 72.43306135986779 59.12082911013599 64.33337721831433 84.71765663937195
18.698802891543682 27.363506148984374 21.56239687224822 6.420006554404007 6.145414646326202 56.24817181718547 26.666186319485504 16.29728137127078 45.706445435486884 25.713478256504704 45.697742830629714 11.366013281576832 11.014458748302632 67.67657012006848 62.96638701983175 56.360219361429266 54.80233289320669 64.96376304683031 34.719576849549654 51.980488371622634 21.135814237940878 39.33959153249754 14.888544637695151 54.26716766446041 22.945378020711935 73.3529526805285 36.35788837339774 8.126002864107157 7.2222567511132025 0.0 29.728345893171298 5.759247323795532 28.40376830153154 63.93822117863411 62.88470124058356 59.39744737397337 55.917531694334826 31.796561310488357 32.494318224453224 44.17456023419227 88.66401093231846 64.90016716577077 54.38338738199616 64.01460935060945 87.36694946605492 74.56497975860897 43.952227690564456 26.429171667454966 43.12823431074497 73.59639093060389 69.64854275478739 35.06128406158072 1.5881253578784957 34.214105485640715 68.8007431365175 75.72514284319703 45.87546114765215 29.48992930121356 45.050984926783435 74.72860144123183 90.60915502545296 67.50956248557462 57.44434358853792 66.61046258061683 89.26838393812208
48.28330919096318 51.435504248782344 9.463666788475086 28.74718726163581 24.404305546840526 80.39942550628214 50.56487095353003 25.730130006202288 17.943900511822235 40.65920162187133 20.63770434664908 35.41467281422901 38.08744388575359 94.41942914295062 89.17705388630752 81.33770302913138 81.95027785740015 88.99187131455764 63.37403101595162 76.12004150134592 49.93129490656781 40.47545310359703 15.34310604784919 83.11837467169049 7.223809648174433 95.07401880276177 11.197076078234987 33.88017591647552 35.7114049905579 29.728345893171298 0.0 30.4606242000184 3.1531327035798284 88.91550754569616 88.23722472159864 83.66458569979025 80.38006586585689 58.187211198158394 61.636682404233845 73.13828282952986 59.730127412565004 41.85680452645812 48.28164846333296 72.83587440297342 103.3142446583677 45.16844984753003 15.44380057583559 28.838937483905422 61.803793399219494 95.93010302366427 46.00446609395981 17.7209907499058 30.108235887523833 62.400544595897195 96.31199201469273 61.61452663320415 44.48095521425337 50.55272440550711 74.34660446961719 104.37468241727461 84.14220144035548 72.33243650540481 76.01845784183674 93.38299496274597 118.56101726351464
20.24814804773858 31.97151997954917 23.50666123267349 1.8948152135702874 6.401759382708446 52.2918842430229 22.23244575673305 11.815605223322256 44.97499705601892 19.959869964424197 44.19869170196033 6.215716992487146 15.641936449367655 64.74078206721114 59.77875137864765 60.113000231350036 52.01820701517662 61.025214096191775 37.01418876096295 47.988400195363035 23.77120263395672 44.85240450521581 17.082873377300583 52.65852699947611 23.300947628683485 68.88511740708196 38.492852053647816 3.5565329903929532 5.682529466232316 5.759247323795532 30.4606242000184 0.0 29.70646477821591 60.291928141690796 59.363766918450345 63.328969069989526 52.0551238088823 28.459089371867044 34.33874900551447 46.002733221186546 87.94450486512137 62.39333225716835 49.461363100641535 58.264324637929356 82.08436615414512 75.6290235073931 43.553933011428185 21.656093259499418 37.892915964717616 69.26474713599472 72.77639539823024 38.43810867540121 7.309325965091223 32.003404033593974 66.25604175888041 80.40039631465513 51.32817274088258 34.63769560953525 46.473537078071786 74.26062476791581 96.03719300467051 73.2677151478071 62.51361103895785 69.58823814243412 90.39840734321065
46.73115282315423 48.98113876697266 7.199878532594542 28.087401584245793 23.454546524439092 80.53239702959698 50.50665210647368 26.224252371804948 20.774952663464774 41.40231787844429 23.733402288450097 34.99502778769963 36.14742141972805 94.14190871594067 88.99187131455764 78.79996097974495 81.55772600593505 89.17705388630752 61.44040561339196 76.23509624680071 48.10536676132086 37.32961960367761 13.633095740052088 82.28313822172733 7.359896298375455 95.61270786495142 9.771063882985256 33.20443545536926 34.732329038529265 28.40376830153154 3.1531327035798284 29.70646477821591 0.0 88.94824290451318 88.20421898352308 81.05338853683621 80.46472989890525 57.832877969443956 59.844161153208425 71.25382130845398 61.95660062491504 44.94928163866289 50.961473099158155 74.62252892117444 104.56953746278433 46.168338943336195 18.138343799160648 30.35346701199181 62.51812419108805 96.3874898200138 45.034728512057825 15.051896308641737 28.632915529086848 61.70882902605249 95.86952991754747 59.40084182255814 41.389901891359514 47.881209667817096 72.57354057145315 103.1312253059356 81.43973046487048 69.19976651406068 73.0722082974135 91.02334600128087 116.72923095069825
53.43278917329362 69.97185995080339 83.50414369078895 61.552211976898775 66.64247557662084 8.884457648696447 38.45538565177941 63.38235600259116 98.78921482377261 49.840985992606505 95.42496012351121 54.346606444445584 64.23495317648188 10.483924107240956 6.154983623258735 77.37185371932924 13.573165094859998 4.308488803448125 55.739386712715074 12.936450391958603 57.0709533129592 99.80688332084593 77.31309808202448 24.606205054666283 81.80262681892118 16.162866214366545 98.32073035457246 56.76881716642402 56.71953629946504 63.93822117863411 88.91550754569616 60.291928141690796 88.94824290451318 0.0 1.978932797566293 81.2793305350271 8.624196265795486 32.16456154411205 52.67546770585434 53.905531492407626 138.51472130896855 105.91034488700525 75.1165521032216 49.626744386985294 40.96282742709375 132.8921173255477 98.51411421514955 64.3785493686782 31.289225064077993 14.432070488509783 133.04003342534673 98.71172357803604 64.67772854824352 31.894562064453893 15.689739616806419 138.94003274030666 106.46088447568232 75.88364132512345 50.76961681972994 42.32730605901736 149.91420619431665 120.31078787922155 94.17994409218034 75.23162760012629 69.60239542995349
