0.0 18.356219201385297 28.22744738424655 28.05946676592336 45.10321886116138 54.31169681959524 32.849289275221125 33.13043003034382 16.965553272206638 25.253304754447083 24.420244267330197 11.447073205179295 45.80072162524926 42.06361229627011 43.21902903097203 18.43717868890863 17.286776497975605 41.84348536754803 27.649805167141206 20.118134357222868 27.30069912677947 16.464677760704888 26.576478792810743 38.168346206141635 55.36410264021662 27.47374040774786 24.56447494956502 47.16234954180207 54.25172799899009 25.762612095442766 55.38133472286173 30.378604514185792 28.43352765245304 30.300137959416976 9.125134382189806 27.807220072540506 51.74082745365363 30.839103793256488 19.885887346096954 27.249044893949765 21.406988868028552 6.102296428912682 14.731401665054472 39.5221845094198 33.15402376635213 24.03225498571605 10.46558010045607 35.64832704158859
18.356219201385297 0.0 25.574725125791527 44.60343409147185 51.34902619558755 39.9957302730206 49.559876304024705 47.59192806958679 27.005439065321575 22.56642871663976 35.02506840327659 8.930937934055121 42.6866696814755 29.99106300464161 58.4617691315554 10.731449368462199 9.802931399654327 56.42256913532833 9.631731616051363 30.734117313887253 39.68928452056274 1.8981821363683755 9.61350042903836 42.85748835603036 51.0668737248154 11.952141264049335 7.017261874442042 45.57235261713709 49.6466161578055 41.76095909952372 49.23327101230603 31.65361082489928 37.51973125837091 31.682956952291203 9.24650472048442 17.476202454036763 48.56421277893137 42.597302513539724 20.344084605997192 38.14346764797587 14.633423742635204 16.976811083055075 13.870746152354423 46.97993453533583 48.49035055605638 37.932445645967285 12.715046302189778 49.91507186072143
28.22744738424655 25.574725125791527 0.0 37.91805302467346 72.44278168889024 63.20157707622599 42.24126520379215 35.694338865595576 17.94542501842135 46.8634818851037 21.14877578188613 29.509808601558742 67.77209100345799 54.9586025847452 46.1920207258176 14.902850514876311 34.15639420489485 43.12605130926885 26.23357924519129 19.439777085707735 26.522754813652334 25.400129698185744 22.979815692554265 19.36618373634657 76.46478606815846 36.63686410490451 30.89840731424675 70.30074250880344 75.07735530620039 34.530810998134385 74.79576643524396 7.553895839227302 20.364710945185 54.8925499770994 24.959531674052194 11.87554781043767 73.7390307718246 27.50223727228693 43.138905097632964 23.29394140331348 10.961880224878508 32.478060153287814 14.429422643409918 67.16269246995313 38.1252296792166 27.935320804945135 18.76333114462022 37.15984665556735
28.05946676592336 44.60343409147185 37.91805302467346 0.0 61.94248768007012 82.36992520487892 4.965591176550422 9.026805152439843 20.773482542324988 51.84464960875792 17.43733492632722 39.37376460974737 70.50272219407418 70.038951464296 15.789278997907813 39.179916705731706 45.34417708238536 15.433154597693632 52.463525165737884 18.502952955836776 13.256304692095275 42.88346403157778 50.327342267390264 32.04504686582677 80.15338207714741 55.17313610736833 51.475460365601734 70.80047633431526 79.27870371993777 3.3925357010656936 81.18323745884666 33.77825192144299 20.511630371281314 54.10246515919935 35.900820613601134 45.52621205298262 76.0611050766748 15.192136540052093 46.22492475882097 16.68753853820162 39.402567038762136 33.2655344850116 33.687397611308754 55.94712024126219 6.766388228953228 10.147145811153797 32.381114520083386 11.074342129820625
45.10321886116138 51.34902619558755 72.44278168889024 61.94248768007012 0.0 55.4163074605457 64.68199671593172 70.42846136894566 61.401496349847676 30.17820113156872 67.5990008828095 43.90916197186081 23.987456089331037 44.071562852476745 76.84512408449002 59.257713421115525 41.663569132962714 77.2328614826603 58.9251673431321 63.88663094646403 68.57055375785178 50.30024416714552 60.38049957260629 82.89195422340647 29.57679199718023 48.30761705930879 51.50565344935848 20.43944051837311 29.859377892820802 61.83529336810083 34.163420875561414 75.4343917513225 72.040923857141 20.571072777242396 47.78001681189708 68.17570802110289 25.411569392610975 72.17208910068302 31.016097222138978 69.84101123120647 63.28365006062541 40.0458169519345 58.044850755839704 6.012748480362686 68.69629734453052 64.23515599322057 53.6795514706212 72.78767807614663
54.31169681959524 39.9957302730206 63.20157707622599 82.36992520487892 55.4163074605457 0.0 87.15078941498952 86.76302616742272 66.84001310380158 34.02613874277485 74.94507269779804 43.07136704511324 32.3185874175897 13.357391474485096 97.30023069789333 49.790530966860544 37.025749057601196 95.61201311268691 36.99427144177106 70.58636151475292 79.40682676047965 41.21895573519492 40.258768056970695 81.99426894967625 32.7999760421832 28.10383345581497 33.22489038031238 36.60294922571653 31.39864876350656 79.97898944661905 27.45612439837989 70.27312382098069 77.51351886886657 39.113707297323195 47.08365203587413 51.950839414006374 34.26375907647037 82.45992609898352 38.882084246636396 78.0676589390189 52.80024071319159 49.45200906464643 53.813760670093814 55.20057683116256 87.2098843197632 77.19485883670419 52.46920948887157 89.19254064810691
32.849289275221125 49.559876304024705 42.24126520379215 4.965591176550422 64.68199671593172 87.15078941498952 0.0 9.494567417373982 25.485861199430605 56.22567582732027 21.33767284265912 44.2159525459094 74.43308549907054 74.72405676368373 12.18431610590848 44.090600845999624 50.13294375035744 12.794478775464949 57.423185213963855 22.967511894528418 16.529605275370045 47.833966969062004 55.27070837526666 34.65736180277886 84.0510045031214 60.06787703763123 56.42120593680896 74.54134298375632 83.22570231592469 8.115214200502422 85.27703001833137 37.64687295511213 23.825533308039095 58.019962425164856 40.822418794940155 50.2558048851017 79.8911175766486 17.59948944468084 50.606878878414896 20.058304430116287 44.21541552629187 37.89942333988876 38.59957202873043 58.731975487732235 6.244039211393894 14.307034350104077 37.34498568657675 10.566015552385137
33.13043003034382 47.59192806958679 35.694338865595576 9.026805152439843 70.42846136894566 86.76302616742272 9.494567417373982 0.0 21.140953248466342 58.01957959368886 14.669807409480338 43.80923216307182 77.5573367283385 74.99780904576754 11.042074097426823 40.394080139541344 50.018492171194865 8.856353618017566 54.36008493001372 17.771132840745622 9.202201010120268 46.052124543614994 51.83706501918981 25.58206586866854 87.22871059743672 58.929026427112426 54.60565132210446 78.1726001008458 86.26708550549078 8.610175526580283 87.87268618493655 30.121729614217884 15.82518655868911 61.2728471162782 39.687997261511875 45.10251002976019 83.26851127283615 8.836820112584011 52.45821043871124 12.436682775390201 39.67491139120428 38.90531706379299 35.06832228909891 64.41787906909926 3.293649343527272 9.6595792159302 34.90006928313308 2.542013697497655
16.965553272206638 27.005439065321575 17.94542501842135 20.773482542324988 61.401496349847676 66.84001310380158 25.485861199430605 21.140953248466342 0.0 41.57285628625121 8.173699231155084 25.01367583974575 62.50841263434454 55.87663167953278 32.18087390695745 19.25531824952 31.218791809949288 29.795026091858055 33.24281758500785 3.747177794108758 12.711798639298252 25.64528530120444 30.69618538127163 21.49080274262541 71.97821094794851 38.7471094513669 33.99472258541422 64.04550807940133 70.80401214178099 17.41826455006052 71.62384059538378 16.187907563457404 11.620325356639452 47.24662134074255 20.258892170048522 24.77077769441802 68.49090285505973 15.62037430442572 36.48578470676755 11.281150964614403 18.817002441451713 22.9541641116906 13.945012481104673 55.6228015603936 22.670128596914925 11.728680127708772 14.371999078819695 23.28250943356353
25.253304754447083 22.56642871663976 46.8634818851037 51.84464960875792 30.17820113156872 34.02613874277485 56.22567582732027 58.01957959368886 41.57285628625121 0.0 49.44377709959968 17.58362028122725 21.195572735204646 20.66921355842848 67.53061787107774 32.234391322304525 12.904094554122914 66.53144207468432 28.999679383908592 45.02850671082541 52.55310032582373 22.018058501933044 30.78384915601242 61.56850511049095 30.46779283782902 18.175304955699428 21.4682583127031 23.4444384848323 29.253285889370314 50.106505259659805 30.14023538374764 51.705910590758755 53.19311574187434 9.6423589741316 22.500117840710946 40.030839386286054 27.218635490336002 56.08002326273351 5.620766691163842 52.37175237181475 36.390231740879244 19.220949511167756 32.91746186581152 26.936840382232997 57.65210694326168 49.21040572458216 29.281293724087913 60.559069623017535
24.420244267330197 35.02506840327659 21.14877578188613 17.43733492632722 67.5990008828095 74.94507269779804 21.33767284265912 14.669807409480338 8.173699231155084 49.44377709959968 0.0 33.1468427887358 70.20862070356111 64.0497803608437 25.49903975206233 26.57307659609454 39.36952649844571 22.7286922700961 40.706803533682056 4.472579665378641 5.478531155479423 33.72793336221425 37.96942952847043 16.54724231046346 79.74515435940606 46.84213096301622 41.97521251684455 71.56254177537411 78.6063032008413 14.184338892615294 79.55824125010264 16.35572184218436 4.526358578797253 54.64492580762268 28.42550127125507 30.503520091826157 76.15810942780153 7.626672774568525 44.229852007537026 3.122648161757062 25.346911158376038 30.51363516421236 21.56904016615698 61.69674930521949 16.97842210605615 7.321693613510689 22.48805097631345 16.3979519963479
11.447073205179295 8.930937934055121 29.509808601558742 39.37376460974737 43.90916197186081 43.07136704511324 44.2159525459094 43.80923216307182 25.01367583974575 17.58362028122725 33.1468427887358 0.0 38.75548222556932 31.226481617572034 54.23944342298697 15.412505494217207 6.263455454007477 52.632766786139335 18.48317532044969 28.67454301470978 36.996210277513725 7.252524321581743 18.488374620310505 44.12537256066621 47.87387520864883 16.048384196065385 13.711875559265788 40.97995554567182 46.59028795914695 36.91346119273076 46.99102745681189 34.12371049768114 36.494720152135116 25.40971969122182 4.977364072650595 24.30293101517607 44.774909739204794 40.307966877629276 13.643263873439544 36.211126169140066 19.516487240871133 8.327512608620756 15.355436610449038 39.14104969341008 44.14803611606592 34.352399598001355 11.750244068983715 46.27571433901516
45.80072162524926 42.6866696814755 67.77209100345799 70.50272219407418 23.987456089331037 32.3185874175897 74.43308549907054 77.5573367283385 62.50841263434454 21.195572735204646 70.20862070356111 38.75548222556932 0.0 23.051290247015608 86.28372178971944 52.959165353444256 33.61675251920969 85.7109930815324 47.009169045544006 65.85638123792064 72.93060633983674 42.50422977625728 49.47918447309336 82.75344032430175 9.671534215851288 34.57650750408086 39.61490840985068 4.366652178423106 8.796134313105114 69.25301643466136 11.606021215182897 72.8526955844587 74.11043303904047 16.413581467313026 43.69036800617129 59.99168512526067 6.0231448000526635 76.52661389579767 26.023179819758795 73.04855717380212 57.07364170224966 39.69998219597129 54.043207108031844 25.399860900984322 76.76812521809883 69.28642429672229 50.47407393310449 80.09204709519867
42.06361229627011 29.99106300464161 54.9586025847452 70.038951464296 44.071562852476745 13.357391474485096 74.72405676368373 74.99780904576754 55.87663167953278 20.66921355842848 64.0497803608437 31.226481617572034 23.051290247015608 0.0 85.27495011820574 40.537580068892986 24.985769835863657 83.79599157820644 29.835857615556623 59.605079575097946 68.1551614963943 30.823983918930995 32.94954445147853 72.83942088963116 27.15175948886157 18.33010179960947 24.06041306692863 27.378213713598704 25.58060840196169 67.82582202479423 23.11766036088686 61.49572294156654 67.02305612756368 26.234120916839732 35.67830511074455 44.71442682448159 26.898743639292203 71.3883355238142 25.596943002911132 67.15597650833205 44.08549645590922 36.83540691992026 43.74789881193763 43.08240885127396 75.19790487001542 65.57733877070947 41.68387561536113 77.47811436308517
43.21902903097203 58.4617691315554 46.1920207258176 15.789278997907813 76.84512408449002 97.30023069789333 12.18431610590848 11.042074097426823 32.18087390695745 67.53061787107774 25.49903975206233 54.23944342298697 86.28372178971944 85.27495011820574 0.0 51.435251824209814 60.37337016363312 3.51456129449617 65.38487304105952 28.800864833874396 20.033741196946774 56.879266898602644 62.876868277630315 33.487318038902416 95.92973224985151 69.63908539451374 65.46331011220319 86.52841664470644 95.06286982901304 17.49315435275182 96.96864174893744 40.098404228345004 25.89609607895014 69.87851151123078 50.32538003566501 56.002117059462975 91.82059264241961 18.705406791847754 61.917107269697624 22.960135561113372 50.683579627319354 48.72247180641651 46.09984832712936 70.90355724529313 10.09140955322116 20.606543266354365 45.810336162297176 9.102808527963656
18.43717868890863 10.731449368462199 14.902850514876311 39.179916705731706 59.257713421115525 49.790530966860544 44.090600845999624 40.394080139541344 19.25531824952 32.234391322304525 26.57307659609454 15.412505494217207 52.959165353444256 40.537580068892986 51.435251824209814 0.0 19.392197741383143 48.99661526316303 14.138223716365204 22.71110606201399 31.734747428931573 10.502085185472785 11.448707867515916 32.36766658799431 61.575439260439786 22.258005704421993 16.67896265227538 55.60617293809925 60.18200545331611 35.992491333815096 59.902900261918525 20.97070519205781 28.29859365137692 40.692894066928474 11.681464128124993 9.506115968485217 58.90435951616597 34.17820765241213 28.94877205294746 29.59309457921087 4.159678269000282 20.52902523375505 5.492585463464705 54.34508286858943 41.85958304377336 30.933977022670696 8.218033653853611 42.501885207772126
17.286776497975605 9.802931399654327 34.15639420489485 45.34417708238536 41.663569132962714 37.025749057601196 50.13294375035744 50.018492171194865 31.218791809949288 12.904094554122914 39.36952649844571 6.263455454007477 33.61675251920969 24.985769835863657 60.37337016363312 19.392197741383143 0.0 58.82770558630528 17.66171267142547 34.89924102117533 43.259207222061505 9.117676360702424 18.763905818441945 49.84070458431235 42.4363344906735 11.148689679833682 10.953108236780386 36.21469063523781 41.09320616587937 42.98388261764081 41.210744827911874 39.40617191195861 42.638236695580474 21.88077630157607 10.994924873449856 27.181118846759063 39.591992812389954 46.563905644436545 10.662675611835875 42.44396483030929 23.536052564771207 12.833857853893145 20.629660534931062 37.48411051274879 50.28477219725192 40.59442610284322 17.551784799418396 52.49468102718057
41.84348536754803 56.42256913532833 43.12605130926885 15.433154597693632 77.2328614826603 95.61201311268691 12.794478775464949 8.856353618017566 29.795026091858055 66.53144207468432 22.7286922700961 52.632766786139335 85.7109930815324 83.79599157820644 3.51456129449617 48.99661526316303 58.82770558630528 0.0 63.036201575575696 26.288096041252317 17.332615299743644 54.895423811977544 60.44470931793338 30.000075456334645 95.3768013076474 67.7848690790964 63.43845418151932 86.13159083850154 94.46270169891578 16.48127557809916 96.21667450281862 36.869203629116434 22.771553900364953 69.34579770705251 48.5416201486245 53.188558182852816 91.33643467283393 15.634846487976718 60.9406896192071 20.035759159600875 48.04623771004771 47.52300123444863 43.73954455995612 71.25436401737672 8.943208889505314 18.498450353563218 43.71981088916537 6.521883712346744
27.649805167141206 9.631731616051363 26.23357924519129 52.463525165737884 58.9251673431321 36.99427144177106 57.423185213963855 54.36008493001372 33.24281758500785 28.999679383908592 40.706803533682056 18.48317532044969 47.009169045544006 29.835857615556623 65.38487304105952 14.138223716365204 17.66171267142547 63.036201575575696 0.0 36.7833526248321 45.829348483700734 11.481126753779424 3.265058030820332 45.2676214472548 54.375722600680355 12.519818695074761 7.582069169917284 50.442711950780414 52.85938646824987 49.41709309792755 51.62720407768071 33.43906551569346 42.36722528134711 38.594731189874025 18.55905234098258 15.069863853425785 52.54919813521182 48.31568577941813 28.180467827154597 43.73127797039649 16.23777044113842 26.608192649090935 19.298022958150884 55.020014289502456 55.65979432131115 44.80079522840851 20.10452736078 56.52531731088895
20.118134357222868 30.734117313887253 19.439777085707735 18.502952955836776 63.88663094646403 70.58636151475292 22.967511894528418 17.771132840745622 3.747177794108758 45.02850671082541 4.472579665378641 28.67454301470978 65.85638123792064 59.605079575097946 28.800864833874396 22.71110606201399 34.89924102117533 26.288096041252317 36.7833526248321 0.0 9.056295411138 29.38738246009972 34.157877516367435 19.304017606049744 75.37030478451301 42.49194587025042 37.71482272706428 67.28028892294039 74.21884461493542 15.110972116103065 75.1275024751552 16.17969083334413 8.335630996770938 50.40287482047507 23.963034624475043 27.538497392169585 71.81921752301217 11.875437972306283 39.85414512969836 7.553591320107551 21.91617187125589 26.18916801387028 17.514879775822894 58.03550752911099 19.563717330416672 8.756558736298695 18.11755370319311 19.804917917121703
27.30069912677947 39.68928452056274 26.522754813652334 13.256304692095275 68.57055375785178 79.40682676047965 16.529605275370045 9.202201010120268 12.711798639298252 52.55310032582373 5.478531155479423 36.996210277513725 72.93060633983674 68.1551614963943 20.033741196946774 31.734747428931573 43.259207222061505 17.332615299743644 45.829348483700734 9.056295411138 0.0 38.28447088686798 43.172437829411706 18.894645497217738 82.54869342058788 51.35205842392043 46.689996098632136 74.00368432468858 81.47490091857296 10.390795737186432 82.68088736011988 21.253792274007626 7.316986094758115 57.012915426570814 32.4893464794768 35.97080789146413 78.80766435000827 3.647406903996687 47.1639475630337 3.5289166271563603 30.715203538917883 33.36691370107562 26.570801970770077 62.59348250929311 11.658418750323731 4.524734333045318 27.004415026415604 10.93970112894493
16.464677760704888 1.8981821363683755 25.400129698185744 42.88346403157778 50.30024416714552 41.21895573519492 47.833966969062004 46.052124543614994 25.64528530120444 22.018058501933044 33.72793336221425 7.252524321581743 42.50422977625728 30.823983918930995 56.879266898602644 10.502085185472785 9.117676360702424 54.895423811977544 11.481126753779424 29.38738246009972 38.28447088686798 0.0 11.241046451155833 42.16552427896171 51.07375367069133 13.115122279379943 8.608329632457192 45.24712863254107 49.68002518310622 40.07837031214244 49.44194273883959 31.16966752543285 36.37436782980857 30.90265439771527 7.365461448098392 18.101176917342464 48.431456151635174 41.26247977066805 19.3771504813349 36.850296452517995 14.577451127193335 15.149802363307431 12.926563900664744 45.802601278813995 46.87939358492593 36.39723670352519 11.28170931229965 48.39885054791761
26.576478792810743 9.61350042903836 22.979815692554265 50.327342267390264 60.38049957260629 40.258768056970695 55.27070837526666 51.83706501918981 30.69618538127163 30.78384915601242 37.96942952847043 18.488374620310505 49.47918447309336 32.94954445147853 62.876868277630315 11.448707867515916 18.763905818441945 60.44470931793338 3.265058030820332 34.157877516367435 43.172437829411706 11.241046451155833 0.0 42.060349673763106 57.080356936410574 15.273162814863273 9.867187093861936 52.79026239749394 55.57874985363889 47.211507602740895 54.48681621678161 30.217043579535694 39.45706827225083 40.270778518500826 17.686671833545947 11.837892425227283 55.11108754246102 45.550626975585566 29.42137054954846 40.9577688531959 13.149604323007932 26.25647316073494 16.810536560277885 56.24435131674755 53.256303262845435 42.3480384226237 18.17315042757121 53.95058256443596
38.168346206141635 42.85748835603036 19.36618373634657 32.04504686582677 82.89195422340647 81.99426894967625 34.65736180277886 25.58206586866854 21.49080274262541 61.56850511049095 16.54724231046346 44.12537256066621 82.75344032430175 72.83942088963116 33.487318038902416 32.36766658799431 49.84070458431235 30.000075456334645 45.2676214472548 19.304017606049744 18.894645497217738 42.16552427896171 42.060349673763106 0.0 91.98413416270947 54.61498837881194 49.040219355754104 84.65721211407428 90.71238089347803 29.285103090592926 91.04216460478833 11.875447646600582 12.193011183298376 68.14056005842458 39.1501628754272 31.240824472207116 88.77529804906808 17.06385034504872 56.90233600562702 15.755968125952105 29.195943744629275 43.926107377160626 29.342892627422174 77.10990541750306 28.80681015433151 22.939872585178957 32.38111452008348 25.788940835920346
55.36410264021662 51.0668737248154 76.46478606815846 80.15338207714741 29.57679199718023 32.7999760421832 84.0510045031214 87.22871059743672 71.97821094794851 30.46779283782902 79.74515435940606 47.87387520864883 9.671534215851288 27.15175948886157 95.92973224985151 61.575439260439786 42.4363344906735 95.3768013076474 54.375722600680355 75.37030478451301 82.54869342058788 51.07375367069133 57.080356936410574 91.98413416270947 0.0 41.860151592935956 47.26234158489179 10.17586553796393 1.5734666546002825 78.9219134705848 5.618807644576186 81.83211939362188 83.59346747817501 26.05134126650091 52.84200875209595 68.0707826331667 4.476371155175843 86.13628287569733 35.51694424954011 82.6105871344964 65.63227770794158 49.262004913442674 63.028778153998765 32.46652493221284 86.43429647616547 78.93460780502228 59.62374233427855 89.7635233974624
27.47374040774786 11.952141264049335 36.63686410490451 55.17313610736833 48.30761705930879 28.10383345581497 60.06787703763123 58.929026427112426 38.7471094513669 18.175304955699428 46.84213096301622 16.048384196065385 34.57650750408086 18.33010179960947 69.63908539451374 22.258005704421993 11.148689679833682 67.7848690790964 12.519818695074761 42.49194587025042 51.35205842392043 13.115122279379943 15.273162814863273 54.61498837881194 41.860151592935956 0.0 5.760087386365194 38.12609217689527 40.34729351260906 52.55375880814167 39.21713008416068 43.18698549779974 49.449682797400726 27.73655445302175 19.333166502683675 26.71240758556525 40.05299118393109 54.367221493399484 19.19513665961084 49.964626659762146 25.75560054820427 23.79113096127381 25.82195396219241 45.07022780699859 59.580063586447736 49.302330451066666 24.375290651377842 61.316995784599605
24.56447494956502 7.017261874442042 30.89840731424675 51.475460365601734 51.50565344935848 33.22489038031238 56.42120593680896 54.60565132210446 33.99472258541422 21.4682583127031 41.97521251684455 13.711875559265788 39.61490840985068 24.06041306692863 65.46331011220319 16.67896265227538 10.953108236780386 63.43845418151932 7.582069169917284 37.71482272706428 46.689996098632136 8.608329632457192 9.867187093861936 49.040219355754104 47.26234158489179 5.760087386365194 0.0 42.95943427581129 45.7705016229694 48.68506523337886 44.814432241371286 37.527381188692395 44.344142927368644 31.08969648544839 15.713306482465772 21.01349415091736 45.24610673940902 49.565201147678906 21.039535033651315 45.08863362555195 20.05130394536064 22.010065565566617 20.614975703491176 47.76501944068248 55.47698238928785 44.9464829477421 19.73160032073777 56.9318260284454
47.16234954180207 45.57235261713709 70.30074250880344 70.80047633431526 20.43944051837311 36.60294922571653 74.54134298375632 78.1726001008458 64.04550807940133 23.4444384848323 71.56254177537411 40.97995554567182 4.366652178423106 27.378213713598704 86.52841664470644 55.60617293809925 36.21469063523781 86.13159083850154 50.442711950780414 67.28028892294039 74.00368432468858 45.24712863254107 52.79026239749394 84.65721211407428 10.17586553796393 38.12609217689527 42.95943427581129 0.0 9.954082393879169 69.74881366204883 13.886775882703835 75.08856067820194 75.5881427328277 16.993262772438356 45.837042123956955 62.99520676548094 5.70233365275145 77.62829215848227 27.75588722306083 74.32298183804738 59.750458036187304 41.10264940984242 56.333841070219336 22.591667951898405 77.20566006120154 70.20670654007006 52.58551185945571 80.69300450068386
54.25172799899009 49.6466161578055 75.07735530620039 79.27870371993777 29.859377892820802 31.39864876350656 83.22570231592469 86.26708550549078 70.80401214178099 29.253285889370314 78.6063032008413 46.59028795914695 8.796134313105114 25.58060840196169 95.06286982901304 60.18200545331611 41.09320616587937 94.46270169891578 52.85938646824987 74.21884461493542 81.47490091857296 49.68002518310622 55.57874985363889 90.71238089347803 1.5734666546002825 40.34729351260906 45.7705016229694 9.954082393879169 0.0 77.99582486092415 4.591308797859606 80.49786677083861 82.42286781196418 25.205900189470725 51.56315443856348 66.60612183039783 4.452901031713185 85.05315854650274 34.37965775967237 81.48832260875719 64.22804439123897 48.15211087799611 61.70313598913352 32.479638192744474 85.51950464532294 77.90086259134489 58.340031276340916 88.80435195772651
25.762612095442766 41.76095909952372 34.530810998134385 3.3925357010656936 61.83529336810083 79.97898944661905 8.115214200502422 8.610175526580283 17.41826455006052 50.106505259659805 14.184338892615294 36.91346119273076 69.25301643466136 67.82582202479423 17.49315435275182 35.992491333815096 42.98388261764081 16.48127557809916 49.41709309792755 15.110972116103065 10.390795737186432 40.07837031214244 47.211507602740895 29.285103090592926 78.9219134705848 52.55375880814167 48.68506523337886 69.74881366204883 77.99582486092415 0.0 79.73582273399605 30.48495008961685 17.492980172058775 52.908948052898 33.22935755801267 42.18439606514844 74.90742271217039 12.812740809057997 44.50369925355854 13.688800084259396 36.10647749793599 31.230071635397156 30.503988548869902 55.823561864181386 7.553327821706159 6.86332610594446 29.38663789857163 11.04622588064967
55.38133472286173 49.23327101230603 74.79576643524396 81.18323745884666 34.163420875561414 27.45612439837989 85.27703001833137 87.87268618493655 71.62384059538378 30.14023538374764 79.55824125010264 46.99102745681189 11.606021215182897 23.11766036088686 96.96864174893744 59.902900261918525 41.210744827911874 96.21667450281862 51.62720407768071 75.1275024751552 82.68088736011988 49.44194273883959 54.48681621678161 91.04216460478833 5.618807644576186 39.21713008416068 44.814432241371286 13.886775882703835 4.591308797859606 79.73582273399605 0.0 80.51755268416476 83.23345572582774 27.483494170436124 51.9620563177373 65.80384171237921 8.840246154408321 86.21674744343701 35.53661887997537 82.50271392393608 63.866628973208535 49.3198170424161 61.817293146405 36.4611075986748 87.28392182755714 79.26447647485763 58.68635589590042 90.41450354544205
30.378604514185792 31.65361082489928 7.553895839227302 33.77825192144299 75.4343917513225 70.27312382098069 37.64687295511213 30.121729614217884 16.187907563457404 51.705910590758755 16.35572184218436 34.12371049768114 72.8526955844587 61.49572294156654 40.098404228345004 20.97070519205781 39.40617191195861 36.869203629116434 33.43906551569346 16.17969083334413 21.253792274007626 31.16966752543285 30.217043579535694 11.875447646600582 81.83211939362188 43.18698549779974 37.527381188692395 75.08856067820194 80.49786677083861 30.48495008961685 80.51755268416476 0.0 14.314104032824968 59.072984806953556 29.25423312426469 19.412581167327442 78.86477856953277 21.484251947799265 47.477699247066454 17.778298017014002 17.515537445317467 35.500595107853684 18.8134754023002 69.8975903674016 32.86591641332995 23.634726147045242 22.542818074955832 31.26683474773772
28.43352765245304 37.51973125837091 20.364710945185 20.511630371281314 72.040923857141 77.51351886886657 23.825533308039095 15.82518655868911 11.620325356639452 53.19311574187434 4.526358578797253 36.494720152135116 74.11043303904047 67.02305612756368 25.89609607895014 28.29859365137692 42.638236695580474 22.771553900364953 42.36722528134711 8.335630996770938 7.316986094758115 36.37436782980857 39.45706827225083 12.193011183298376 83.59346747817501 49.449682797400726 44.344142927368644 75.5881427328277 82.42286781196418 17.492980172058775 83.23345572582774 14.314104032824968 0.0 58.728631981318024 31.643520562127467 30.87481852982887 80.08562158160554 7.200218268082892 48.091501154417074 3.824279468786371 26.449242968421437 34.48673054736321 23.73212602935452 66.15340563410858 18.662939225878908 10.867026474921817 25.34172309240668 16.971851332053625
30.300137959416976 31.682956952291203 54.8925499770994 54.10246515919935 20.571072777242396 39.113707297323195 58.019962425164856 61.2728471162782 47.24662134074255 9.6423589741316 54.64492580762268 25.40971969122182 16.413581467313026 26.234120916839732 69.87851151123078 40.692894066928474 21.88077630157607 69.34579770705251 38.594731189874025 50.40287482047507 57.012915426570814 30.90265439771527 40.270778518500826 68.14056005842458 26.05134126650091 27.73655445302175 31.08969648544839 16.993262772438356 25.205900189470725 52.908948052898 27.483494170436124 59.072984806953556 58.728631981318024 0.0 29.97985172742956 49.0032213153522 21.999832226329907 60.63956028397308 11.767341740059706 57.372621528883386 44.83981064252805 24.302728139005726 40.58394245815989 17.74952016776696 60.405695459874345 53.217535717360114 36.55328265673866 63.80093761268309
9.125134382189806 9.24650472048442 24.959531674052194 35.900820613601134 47.78001681189708 47.08365203587413 40.822418794940155 39.687997261511875 20.258892170048522 22.500117840710946 28.42550127125507 4.977364072650595 43.69036800617129 35.67830511074455 50.32538003566501 11.681464128124993 10.994924873449856 48.5416201486245 18.55905234098258 23.963034624475043 32.4893464794768 7.365461448098392 17.686671833545947 39.1501628754272 52.84200875209595 19.333166502683675 15.713306482465772 45.837042123956955 51.56315443856348 33.22935755801267 51.9620563177373 29.25423312426469 31.643520562127467 29.97985172742956 0.0 21.069177347521247 49.71223223733568 35.711287158566044 18.27505064903682 31.51604673937406 15.558502363999986 9.057749940995253 10.604277630822034 42.74805531982378 40.25627352429573 30.111846777850392 6.7859525041063025 42.10987252855885
27.807220072540506 17.476202454036763 11.87554781043767 45.52621205298262 68.17570802110289 51.950839414006374 50.2558048851017 45.10251002976019 24.77077769441802 40.030839386286054 30.503520091826157 24.30293101517607 59.99168512526067 44.71442682448159 56.002117059462975 9.506115968485217 27.181118846759063 53.188558182852816 15.069863853425785 27.538497392169585 35.97080789146413 18.101176917342464 11.837892425227283 31.240824472207116 68.0707826331667 26.71240758556525 21.01349415091736 62.99520676548094 66.60612183039783 42.18439606514844 65.80384171237921 19.412581167327442 30.87481852982887 49.0032213153522 21.069177347521247 0.0 65.79601672560857 37.668134652422104 37.42439785000518 33.164662909717016 6.662907040502513 30.010382250648945 13.550196677909145 63.4409269564641 47.08925701009441 36.27207038609799 17.386425881400744 46.901469691576985
51.74082745365363 48.56421277893137 73.7390307718246 76.0611050766748 25.411569392610975 34.26375907647037 79.8911175766486 83.26851127283615 68.49090285505973 27.218635490336002 76.15810942780153 44.774909739204794 6.0231448000526635 26.898743639292203 91.82059264241961 58.90435951616597 39.591992812389954 91.33643467283393 52.54919813521182 71.81921752301217 78.80766435000827 48.431456151635174 55.11108754246102 88.77529804906808 4.476371155175843 40.05299118393109 45.24610673940902 5.70233365275145 4.452901031713185 74.90742271217039 8.840246154408321 78.86477856953277 80.08562158160554 21.999832226329907 49.71223223733568 65.79601672560857 0.0 82.41336531303104 32.01301819551892 78.98051932797644 63.007665186903324 45.644489178655576 60.053364545466515 28.070164710520935 82.39849077080618 75.11253504676077 56.49631984521535 85.79798749544986
30.839103793256488 42.597302513539724 27.50223727228693 15.192136540052093 72.17208910068302 82.45992609898352 17.59948944468084 8.836820112584011 15.62037430442572 56.08002326273351 7.626672774568525 40.307966877629276 76.52661389579767 71.3883355238142 18.705406791847754 34.17820765241213 46.563905644436545 15.634846487976718 48.31568577941813 11.875437972306283 3.647406903996687 41.26247977066805 45.550626975585566 17.06385034504872 86.13628287569733 54.367221493399484 49.565201147678906 77.62829215848227 85.05315854650274 12.812740809057997 86.21674744343701 21.484251947799265 7.200218268082892 60.63956028397308 35.711287158566044 37.668134652422104 82.41336531303104 0.0 50.718710898108355 4.594657469849182 32.80709202654696 36.92085693062202 29.195466857820048 66.1894823116727 11.903535074335121 7.974261527900336 29.992342093492653 9.782594547335693
19.885887346096954 20.344084605997192 43.138905097632964 46.22492475882097 31.016097222138978 38.882084246636396 50.606878878414896 52.45821043871124 36.48578470676755 5.620766691163842 44.229852007537026 13.643263873439544 26.023179819758795 25.596943002911132 61.917107269697624 28.94877205294746 10.662675611835875 60.9406896192071 28.180467827154597 39.85414512969836 47.1639475630337 19.3771504813349 29.42137054954846 56.90233600562702 35.51694424954011 19.19513665961084 21.039535033651315 27.75588722306083 34.37965775967237 44.50369925355854 35.53661887997537 47.477699247066454 48.091501154417074 11.767341740059706 18.27505064903682 37.42439785000518 32.01301819551892 50.718710898108355 0.0 47.109342675881024 33.08887463819468 13.798179654021872 28.872576369812442 26.851322594364746 52.05211294272098 43.73212868081968 24.93498893074353 54.99907749280719
27.249044893949765 38.14346764797587 23.29394140331348 16.68753853820162 69.84101123120647 78.0676589390189 20.058304430116287 12.436682775390201 11.281150964614403 52.37175237181475 3.122648161757062 36.211126169140066 73.04855717380212 67.15597650833205 22.960135561113372 29.59309457921087 42.44396483030929 20.035759159600875 43.73127797039649 7.553591320107551 3.5289166271563603 36.850296452517995 40.9577688531959 15.755968125952105 82.6105871344964 49.964626659762146 45.08863362555195 74.32298183804738 81.48832260875719 13.688800084259396 82.50271392393608 17.778298017014002 3.824279468786371 57.372621528883386 31.51604673937406 33.164662909717016 78.98051932797644 4.594657469849182 47.109342675881024 0.0 28.22122258482486 33.35113336840567 24.649031893381892 63.90376845612333 15.088797534965243 7.184284198760204 25.61008765875281 13.884043332265545
21.406988868028552 14.633423742635204 10.961880224878508 39.402567038762136 63.28365006062541 52.80024071319159 44.21541552629187 39.67491139120428 18.817002441451713 36.390231740879244 25.346911158376038 19.516487240871133 57.07364170224966 44.08549645590922 50.683579627319354 4.159678269000282 23.536052564771207 48.04623771004771 16.23777044113842 21.91617187125589 30.715203538917883 14.577451127193335 13.149604323007932 29.195943744629275 65.63227770794158 25.75560054820427 20.05130394536064 59.750458036187304 64.22804439123897 36.10647749793599 63.866628973208535 17.515537445317467 26.449242968421437 44.83981064252805 15.558502363999986 6.662907040502513 63.007665186903324 32.80709202654696 33.08887463819468 28.22122258482486 0.0 24.162010422875163 6.907015561582754 58.30330812386258 41.430195138434634 30.509154000834396 10.941490192519979 41.63107974315143
6.102296428912682 16.976811083055075 32.478060153287814 33.2655344850116 40.0458169519345 49.45200906464643 37.89942333988876 38.90531706379299 22.9541641116906 19.220949511167756 30.51363516421236 8.327512608620756 39.69998219597129 36.83540691992026 48.72247180641651 20.52902523375505 12.833857853893145 47.52300123444863 26.608192649090935 26.18916801387028 33.36691370107562 15.149802363307431 26.25647316073494 43.926107377160626 49.262004913442674 23.79113096127381 22.010065565566617 41.10264940984242 48.15211087799611 31.230071635397156 49.3198170424161 35.500595107853684 34.48673054736321 24.302728139005726 9.057749940995253 30.010382250648945 45.644489178655576 36.92085693062202 13.798179654021872 33.35113336840567 24.162010422875163 0.0 18.209620564028242 34.688632919944325 38.723726462654824 29.99174982895549 13.7694805967876 41.43807601671111
14.731401665054472 13.870746152354423 14.429422643409918 33.687397611308754 58.044850755839704 53.813760670093814 38.59957202873043 35.06832228909891 13.945012481104673 32.91746186581152 21.56904016615698 15.355436610449038 54.043207108031844 43.74789881193763 46.09984832712936 5.492585463464705 20.629660534931062 43.73954455995612 19.298022958150884 17.514879775822894 26.570801970770077 12.926563900664744 16.810536560277885 29.342892627422174 63.028778153998765 25.82195396219241 20.614975703491176 56.333841070219336 61.70313598913352 30.503988548869902 61.817293146405 18.8134754023002 23.73212602935452 40.58394245815989 10.604277630822034 13.550196677909145 60.053364545466515 29.195466857820048 28.872576369812442 24.649031893381892 6.907015561582754 18.209620564028242 0.0 52.825700319003246 36.445791243629095 25.542755516688903 4.452182582073256 37.22748086608965
39.5221845094198 46.97993453533583 67.16269246995313 55.94712024126219 6.012748480362686 55.20057683116256 58.731975487732235 64.41787906909926 55.6228015603936 26.936840382232997 61.69674930521949 39.14104969341008 25.399860900984322 43.08240885127396 70.90355724529313 54.34508286858943 37.48411051274879 71.25436401737672 55.020014289502456 58.03550752911099 62.59348250929311 45.802601278813995 56.24435131674755 77.10990541750306 32.46652493221284 45.07022780699859 47.76501944068248 22.591667951898405 32.479638192744474 55.823561864181386 36.4611075986748 69.8975903674016 66.15340563410858 17.74952016776696 42.74805531982378 63.4409269564641 28.070164710520935 66.1894823116727 26.851322594364746 63.90376845612333 58.30330812386258 34.688632919944325 52.825700319003246 0.0 62.697872357837475 58.246125810647506 48.41856956393628 66.77988582430403
33.15402376635213 48.49035055605638 38.1252296792166 6.766388228953228 68.69629734453052 87.2098843197632 6.244039211393894 3.293649343527272 22.670128596914925 57.65210694326168 16.97842210605615 44.14803611606592 76.76812521809883 75.19790487001542 10.09140955322116 41.85958304377336 50.28477219725192 8.943208889505314 55.65979432131115 19.563717330416672 11.658418750323731 46.87939358492593 53.256303262845435 28.80681015433151 86.43429647616547 59.580063586447736 55.47698238928785 77.20566006120154 85.51950464532294 7.553327821706159 87.28392182755714 32.86591641332995 18.662939225878908 60.405695459874345 40.25627352429573 47.08925701009441 82.39849077080618 11.903535074335121 52.05211294272098 15.088797534965243 41.430195138434634 38.723726462654824 36.445791243629095 62.697872357837475 0.0 10.941714591410118 35.894319283879966 4.516612869489436
24.03225498571605 37.932445645967285 27.935320804945135 10.147145811153797 64.23515599322057 77.19485883670419 14.307034350104077 9.6595792159302 11.728680127708772 49.21040572458216 7.321693613510689 34.352399598001355 69.28642429672229 65.57733877070947 20.606543266354365 30.933977022670696 40.59442610284322 18.498450353563218 44.80079522840851 8.756558736298695 4.524734333045318 36.39723670352519 42.3480384226237 22.939872585178957 78.93460780502228 49.302330451066666 44.9464829477421 70.20670654007006 77.90086259134489 6.86332610594446 79.26447647485763 23.634726147045242 10.867026474921817 53.217535717360114 30.111846777850392 36.27207038609799 75.11253504676077 7.974261527900336 43.73212868081968 7.184284198760204 30.509154000834396 29.99174982895549 25.542755516688903 58.246125810647506 10.941714591410118 0.0 25.24196008412858 12.014674991015312
