0 58 55 30 70 57 55 72 43 58 44 63 46 44 28 34 21 50 32 25 36 28 39 34 51 27 10 54 25 50 56 28 12 32 58 32 70 21 60 75 6703 6782 6724
58 0 19 35 28 20 23 14 16 18 15 8 18 15 62 69 38 13 71 66 24 65 46 25 8 33 56 28 35 23 40 31 66 76 35 69 32 63 29 35 6710 6790 6732
55 19 0 27 46 2 40 27 19 3 19 16 10 17 50 57 37 10 59 56 21 54 32 27 16 35 56 10 31 37 22 31 65 66 51 57 51 53 11 53 6726 6807 6748
30 35 27 0 55 28 43 48 21 29 22 38 19 20 27 35 15 24 37 32 12 31 18 17 27 19 32 24 9 38 28 14 40 42 51 35 58 28 31 62 6719 6799 6741
70 28 46 55 0 47 15 28 35 46 35 34 43 37 82 90 51 39 91 85 44 85 71 39 33 44 64 55 51 20 67 46 73 95 18 89 5 81 56 7 6684 6764 6706
57 20 2 28 47 0 41 27 21 2 20 16 12 19 51 58 39 12 60 57 23 55 32 29 17 36 58 10 33 39 22 32 67 67 52 58 51 55 9 54 6728 6808 6750
55 23 40 43 15 41 0 30 25 40 24 31 34 27 69 77 37 30 77 71 32 71 59 26 25 30 50 47 38 6 59 32 59 81 12 76 16 67 50 21 6687 6768 6709
72 14 27 48 28 27 30 0 29 26 28 12 30 29 75 82 52 25 84 79 37 78 58 39 22 46 70 36 48 32 48 45 80 90 41 82 33 76 35 33 6711 6791 6733
43 16 19 21 35 21 25 29 0 21 2 21 11 3 48 56 23 10 57 52 9 51 36 10 8 18 42 25 19 21 36 16 51 62 35 55 38 48 29 42 6709 6789 6731
58 18 3 29 46 2 40 26 21 0 20 14 12 18 53 59 39 11 62 58 23 57 34 29 16 36 58 11 33 38 23 33 67 68 51 60 50 56 11 53 6727 6807 6749
44 15 19 22 35 20 24 28 2 20 0 20 11 3 49 57 24 9 58 53 10 52 36 11 7 19 43 25 21 21 36 17 52 63 34 56 38 49 28 42 6709 6789 6731
63 8 16 38 34 16 31 12 21 14 20 0 19 20 63 71 43 14 72 68 28 67 46 31 13 38 62 25 39 31 37 36 72 79 43 71 38 65 24 40 6717 6797 6739
46 18 10 19 43 12 34 30 11 12 11 19 0 8 45 52 28 6 54 50 11 49 29 18 11 25 47 14 22 31 26 21 56 60 45 52 47 47 19 50 6719 6799 6741
44 15 17 20 37 19 27 29 3 18 3 20 8 0 47 55 24 8 56 51 9 51 34 12 8 20 43 22 20 23 33 17 52 62 37 55 40 48 26 44 6712 6792 6733
28 62 50 27 82 51 69 75 48 53 49 63 45 47 0 8 33 50 10 7 39 5 21 43 54 40 37 44 32 63 40 37 38 16 75 8 84 8 50 88 6730 6810 6752
34 69 57 35 90 58 77 82 56 59 57 71 52 55 8 0 41 57 4 9 47 7 27 51 61 48 43 50 39 71 45 45 43 11 83 3 92 13 56 96 6735 6815 6757
21 38 37 15 51 39 37 52 23 39 24 43 28 24 33 41 0 30 41 35 17 35 32 14 31 8 20 37 7 32 43 8 29 45 42 40 53 30 44 58 6705 6784 6726
50 13 10 24 39 12 30 25 10 11 9 14 6 8 50 57 30 0 59 55 14 54 34 19 7 27 49 17 25 28 29 23 59 65 42 57 43 51 20 46 6717 6797 6739
32 71 59 37 91 60 77 84 57 62 58 72 54 56 10 4 41 59 0 8 48 6 29 52 63 48 41 53 40 72 47 46 41 8 83 2 93 12 58 97 6733 6813 6755
25 66 56 32 85 57 71 79 52 58 53 68 50 51 7 9 35 55 8 0 43 4 28 46 58 42 34 50 34 66 47 40 34 11 77 7 87 5 56 91 6727 6806 6748
36 24 21 12 44 23 32 37 9 23 10 28 11 9 39 47 17 14 48 43 0 42 28 9 16 15 36 23 12 27 32 10 45 53 41 46 47 39 28 51 6713 6793 6735
28 65 54 31 85 55 71 78 51 57 52 67 49 51 5 7 35 54 6 4 42 0 25 46 57 43 37 48 34 66 44 40 37 12 77 5 87 7 54 91 6730 6809 6751
39 46 32 18 71 32 59 58 36 34 36 46 29 34 21 27 32 34 29 28 28 25 0 35 39 36 45 24 27 55 19 31 51 37 68 27 74 27 30 78 6736 6816 6758
34 25 27 17 39 29 26 39 10 29 11 31 18 12 43 51 14 19 52 46 9 46 35 0 18 8 32 31 12 21 40 7 42 56 34 50 42 42 36 46 6705 6785 6727
51 8 16 27 33 17 25 22 8 16 7 13 11 8 54 61 31 7 63 58 16 57 39 18 0 26 49 23 27 22 35 23 59 69 36 61 36 55 26 40 6711 6791 6733
27 33 35 19 44 36 30 46 18 36 19 38 25 20 40 48 8 27 48 42 15 43 36 8 26 0 24 37 10 24 44 6 34 52 35 47 45 38 42 50 6701 6781 6723
10 56 56 32 64 58 50 70 42 58 43 62 47 43 37 43 20 49 41 34 36 37 45 32 49 24 0 56 26 45 60 27 10 41 51 41 64 30 62 69 6694 6774 6716
54 28 10 24 55 10 47 36 25 11 25 25 14 22 44 50 37 17 53 50 23 48 24 31 23 37 56 0 31 44 13 32 64 60 58 51 59 48 7 62 6733 6813 6755
25 35 31 9 51 33 38 48 19 33 21 39 22 20 32 39 7 25 40 34 12 34 27 12 27 10 26 31 0 32 37 6 34 44 44 39 53 30 37 58 6710 6790 6732
50 23 37 38 20 39 6 32 21 38 21 31 31 23 63 71 32 28 72 66 27 66 55 21 22 24 45 44 32 0 56 27 54 76 14 71 21 62 48 26 6689 6770 6711
56 40 22 28 67 22 59 48 36 23 36 37 26 33 40 45 43 29 47 47 32 44 19 40 35 44 60 13 37 56 0 39 67 55 70 46 71 46 14 74 6744 6824 6765
28 31 31 14 46 32 32 45 16 33 17 36 21 17 37 45 8 23 46 40 10 40 31 7 23 6 27 32 6 27 39 0 36 50 39 44 47 35 38 52 6706 6786 6728
12 66 65 40 73 67 59 80 51 67 52 72 56 52 38 43 29 59 41 34 45 37 51 42 59 34 10 64 34 54 67 36 0 39 60 41 73 31 70 78 6693 6772 6714
32 76 66 42 95 67 81 90 62 68 63 79 60 62 16 11 45 65 8 11 53 12 37 56 69 52 41 60 44 76 55 50 39 0 86 10 97 15 65 101 6730 6809 6752
58 35 51 51 18 52 12 41 35 51 34 43 45 37 75 83 42 42 83 77 41 77 68 34 36 35 51 58 44 14 70 39 60 86 0 82 16 72 61 21 6676 6756 6698
32 69 57 35 89 58 76 82 55 60 56 71 52 55 8 3 40 57 2 7 46 5 27 50 61 47 41 51 39 71 46 44 41 10 82 0 91 11 56 96 6733 6813 6755
70 32 51 58 5 51 16 33 38 50 38 38 47 40 84 92 53 43 93 87 47 87 74 42 36 45 64 59 53 21 71 47 73 97 16 91 0 82 60 6 6679 6759 6701
21 63 53 28 81 55 67 76 48 56 49 65 47 48 8 13 30 51 12 5 39 7 27 42 55 38 30 48 30 62 46 35 31 15 72 11 82 0 54 87 6723 6802 6745
60 29 11 31 56 9 50 35 29 11 28 24 19 26 50 56 44 20 58 56 28 54 30 36 26 42 62 7 37 48 14 38 70 65 61 56 60 54 0 63 6737 6817 6758
75 35 53 62 7 54 21 33 42 53 42 40 50 44 88 96 58 46 97 91 51 91 78 46 40 50 69 62 58 26 74 52 78 101 21 96 6 87 63 0 6678 6759 6700
6703 6710 6726 6719 6684 6728 6687 6711 6709 6727 6709 6717 6719 6712 6730 6735 6705 6717 6733 6727 6713 6730 6736 6705 6711 6701 6694 6733 6710 6689 6744 6706 6693 6730 6676 6733 6679 6723 6737 6678 0 105 52
6782 6790 6807 6799 6764 6808 6768 6791 6789 6807 6789 6797 6799 6792 6810 6815 6784 6797 6813 6806 6793 6809 6816 6785 6791 6781 6774 6813 6790 6770 6824 6786 6772 6809 6756 6813 6759 6802 6817 6759 105 0 62
6724 6732 6748 6741 6706 6750 6709 6733 6731 6749 6731 6739 6741 6733 6752 6757 6726 6739 6755 6748 6735 6751 6758 6727 6733 6723 6716 6755 6732 6711 6765 6728 6714 6752 6698 6755 6701 6745 6758 6700 52 62 0
