0.0 62.540227882645404 94.22540348657984 10.905739202582057 56.44324585426241 41.231000834966316 75.07131814424048 12.709407523216772 44.242690477681286 21.809159319803218 52.123083960363125 39.654495784954385 61.368076607895 57.42288318130582 37.22039755356491 35.6553370675248 34.4261430489037 25.120542010997518 57.39148631882068 57.76557797520866 5.650114814426301 52.70148160162649 98.07182062421136 7.1291100878495355 46.01758230568175 33.551458641060286 70.48210343511016 52.07772899787473 45.310862526591 76.4262633491511 39.22095190936356 43.220604176896515 35.180411807232176 52.73766824522561 43.52587579332444 46.95826585763977 27.752263222030304 38.24281422286521 61.15808555745999 60.53865938334332 78.64767856654744 62.61300666642922 47.47662644035213 34.44389215815676 26.785136743798397 29.106968037160453 39.695060408006896 53.878476665515585 69.48951625443566 85.75200105634252 75.05640281077925 58.0596330329673 41.31696053998381 25.33721223666806 13.250293389984208 17.546483443988247 32.23198322960461 48.668627059998684 65.55213674790267 82.6089756614269 74.03338048444947 56.737084937547216 39.445732076019276 22.1708895032183 5.083748052654678 12.603739036891529 29.842546334143822 47.12764046978206 64.4217743572828 81.71920898405455 75.6828447511425 58.86355605694418 42.434135714377355 27.112836740505802 16.378899796837803 20.003579708251525 33.62633557026927 49.59869037349708 66.2422986450036 83.1550754487324 79.83930592029226 64.09665941228809 49.408076362763886 37.04920452677792 30.04726920129539 32.12074876233473 41.94467665694082 55.54888462274376 70.78637262866019 86.80122004356109 86.14056850231958 71.75986453919363 58.97001795875008 49.03215394180857 43.926591776917796 45.317138623124 52.691981208872484 64.015240039036 77.57680886375404 92.39629771924065 94.15692423046956 81.16768189264434 70.06822434631587 61.883897893340745 57.86514365559294 58.87130165496675 64.66825143188584 74.14062721807538 86.08356255078422 99.61236948484174 103.49048584214971 91.7850993315438 82.08176803188258 75.15994419954846 71.82831033854309 72.58294224812042 77.30426398306872 85.33641274171336 95.85064336794915 108.12528248641532 113.81754721162523 103.23946695751758 94.66265679121675 88.66976493242652 85.80392418335305 86.37694812403232 90.32341058116822 97.233417097171 106.53184439826497 117.65376283762477 124.89177128074418 115.28143774255513 107.61194204873976 102.32064838045162 99.78659694071368 100.2191578680685 103.5811715964037 109.60339157697355 117.87880475659414 127.9710381507541
62.540227882645404 0.0 81.64671790346549 71.89242236595962 54.1001074720008 22.145710340643916 12.656397460249462 68.59289221581989 40.52519113410378 43.22273967276705 15.843653413390713 67.58564191149479 1.4226131961577468 40.74161295052338 84.56423934852769 42.682923439316994 91.35966366168208 54.27001051591304 5.313612284788219 12.955436848301126 63.31984704394163 9.867236982484565 88.92702200754898 69.61500014359629 43.82218377652908 33.55751978376332 22.982723959432356 33.009041523305484 48.68586722681729 21.70546733939531 84.86030168711929 62.26232566733127 54.059301453978826 21.92780328990245 74.7106775405742 76.27359934138299 84.02228680689814 51.30853604754421 10.786344656268122 13.200080313014741 140.20304402800687 124.82324701630041 110.01585340356883 96.04597112116682 83.33585483860482 72.55064713522802 64.66083562005993 60.80416508682544 61.741111799925 67.27167937712458 134.6277787065287 118.55636518825669 102.88482637896004 87.82747928157426 73.76142339146575 61.3720774506563 51.87503298076215 47.05538278759229 48.33323802782988 55.28740899740376 130.33115689503998 113.67674184813666 97.24865588987059 81.18441207102984 65.75123352573274 51.519403267278435 39.79926346038641 33.3529921765731 35.20754263599107 44.33315109470779 127.4426335800654 110.36860514856004 93.37850365787968 76.52824761304272 59.93590088173307 43.894914748416575 29.32450616037418 19.793978297994585 22.85581516187953 35.3791858457053 126.05908402451263 108.77547732317947 91.4987963305634 74.23387672938884 56.99140847430962 39.800581487964784 22.778617055463194 7.235880349023453 13.585433198044896 30.25695766627267 126.23002384818763 108.97262520723513 91.73200327421166 74.5198031476005 57.361615684509154 40.32644421528881 23.68126914877475 9.700318050715774 15.036724657162477 30.93255991486931 127.94922040506717 110.95050301340338 94.06240702333619 77.35741651992852 60.98618323716458 45.31192316241139 31.396455137399688 22.73797681013599 25.43629224863538 37.090504404910156 131.15578006195054 114.61693349126134 98.34099589185314 82.48374830268763 67.34161585749771 53.52499369320301 42.35166944574161 36.34707816755313 38.04291667732097 46.606052813249924 135.74429612736992 119.81695680914456 104.32829797060953 89.50634495304134 75.7435094749034 63.729695432223 54.63122132975778 50.06363969984339 51.252971699068816 57.84520384557254 141.58040578822732 126.3613140917486 111.74992534174667 98.0183842374433 85.59120984924127 75.11857612566216 67.51621639220053 63.81827476502561 64.69774828724377 69.98227485772343
94.22540348657984 81.64671790346549 0.0 104.19237254076226 38.29390051082778 76.04612625140874 82.78095488786974 87.5049476359562 54.117674872378736 77.67769361225844 69.70013399373873 58.80988108603413 80.66999383137735 44.28676981211035 78.85549320834683 61.1955283997813 94.71778364436013 69.10781636253371 79.69700948460856 69.4152515884975 89.75739502741467 79.90877654595737 7.775976882236398 97.3246683239401 50.89698185732237 70.59252038996719 60.59283698095802 53.245280297870515 49.7680259825734 101.98935841927795 76.73895512924616 52.37354939488265 59.05200655345925 62.76547893256069 59.957813999898484 57.430695097162186 90.85807907179226 56.11383835781317 70.87437290949494 68.51096979272089 139.86520227380197 131.9281449971462 125.88263691359079 122.01017707544517 120.5204154658083 121.50102871491202 124.89384137741558 130.51086333764772 138.08092367581386 147.3032237076262 127.75788077499327 119.07839249877446 112.40955854608103 108.12405827688971 106.50996637793912 107.68747249059055 111.56822289017428 117.8855496646713 126.27428524139606 136.3526502793275 116.11082548918675 106.54721142157264 99.10380550735061 94.28410157280939 92.49913995361636 93.92210343938008 98.41394045682075 105.58369844385818 114.93129520024682 125.97285181082337 105.07739249211623 94.4616850605844 86.04327278606249 80.51436489938581 78.48798911300895 80.22997713691574 85.51033472176124 93.7329652430527 104.20366364976506 116.31690151453732 94.87209687137441 83.01688573466107 73.3592873000562 66.85850666405396 64.47656906032391 66.65650130756427 72.99070858413184 82.5281229445903 94.30181216550429 107.58004295414466 85.7911531497333 72.51701455267805 61.286327370690685 53.40422762112873 50.46494045780988 53.292682287796765 61.09182300297213 72.27041422667611 85.51324920297994 100.0035993743967 78.22725482044929 63.433236743345354 50.26683519900359 40.35394637950291 36.45317991921996 40.34767322179504 50.25676285784669 63.42126427134919 78.21431058825529 93.86909539285864 72.65587914892593 56.453479365483815 41.15610547450838 28.273058395219024 22.441429813240617 28.400366916036386 41.331042059459854 56.64486174673293 72.85421617645801 89.47370784095061 69.55755950136337 52.42507778143441 35.45753420167459 19.099684228062618 8.430444723661713 19.392269427402464 35.773748524994026 52.74632980776091 69.88063242071273 87.08124666947948 69.26500998558325 52.03808349227949 34.885471324072995 18.020641946541236 5.586091078636395 18.340630894909246 35.21741785563666 52.372394922544416 69.60016113583787 86.85741511839778
10.905739202582057 71.89242236595962 104.19237254076226 0.0 66.77578257364722 51.21354958310861 84.52193077989551 18.128117352672287 55.08743276437501 32.584569816553014 62.401792896986315 47.886356416691335 70.79159588772549 68.27874662320758 40.555641956570625 46.48646545032796 33.20482742404165 35.2475618819836 66.87436005234157 68.00374896823439 14.451164013880302 62.15943444959522 107.71567227671544 7.227891601208543 56.76058799576787 44.2717658918543 81.07628794660125 62.979956896189215 55.82187658620617 84.20461781341787 42.925869955683915 52.440969969455345 45.22501691315545 63.383028046316944 50.68266826493664 54.13991938481154 28.0358830376707 48.549126785910204 71.29104282091583 70.81233842471046 71.66602550798125 54.96025062725 38.7808120083176 24.207145746114975 16.33195409218928 23.370747483034734 37.74073721470375 53.863224441529226 70.54674296581402 87.47085933623947 69.78572874072002 52.49642742645041 35.21953189524061 17.990818186288276 2.374284906512776 16.920948446691675 34.14254445068512 51.418107360259384 68.70694117167425 86.0010426886566 70.73903490239182 53.75151191490111 37.05606480116787 21.349280436682026 11.710872853502996 20.425725006249554 35.99984544803455 52.663843704569075 69.63967925250728 86.74446581901617 74.41711275186668 58.48655970054442 43.613748010043786 31.342474695018378 25.71483578029338 30.640907184557275 42.60502272801483 57.360448785424204 73.23909176578789 89.64607294814621 80.44704565262235 65.9562369829974 53.17357508890701 43.62727159342993 39.72347434303288 43.026455226344034 52.185276975935324 64.7613794243629 79.1421205484541 94.50724878428943 88.34850983402696 75.35153844756408 64.41233511330194 56.733965973728495 53.73300929246652 56.16430443211252 63.40600373172134 74.06019806991601 86.88040043026282 101.04550673454393 97.66823307305484 86.04386175317858 76.59438351076979 70.20359016417174 67.74274577577164 69.62977944368241 75.53955131112806 84.63351868959514 96.01110459493104 108.95927207493304 108.03969691171004 97.60776576445852 89.33452030414514 83.86130126943118 81.75243076342059 83.2639344101727 88.20989946555106 96.06128619915732 106.17549529215651 117.97195279368235 119.18853059675054 109.7679979711825 102.42455496701008 97.62803937020763 95.76192986918042 96.99550960404017 101.21550812201716 108.07265063396086 117.10459032278075 127.85124505589516 130.91614400905812 122.34673038780234 115.74568021816671 111.46325367967572 109.7711516393732 110.78812627492252 114.44197872525027 120.49306388701876 128.60343997603763 138.41158000593117
56.44324585426241 54.1001074720008 38.29390051082778 66.77578257364722 0.0 41.3612325032359 60.33269150626016 51.207271848588285 16.989404064767452 39.443911273066405 38.93237866335183 26.834893090276477 52.7953878931238 14.280997901507133 49.49828928912678 23.032990275447453 63.61340031285157 31.542336980842116 50.38830814092115 41.22028705828481 52.351312693011366 48.853964295127575 43.21118409648464 60.196153906733144 13.324064748833763 33.43918562323351 40.54447609048447 21.10398491938211 11.474332774402532 75.8055080270979 48.17595980575737 18.82952898574003 21.737182117756948 32.233458787632266 31.615875747904145 30.982220771049636 58.15945707821209 18.228271378253645 44.14813474236501 41.7372330098132 113.04557816855966 102.03764117094222 92.96632543263111 86.44347916528103 83.07161063429004 83.23454735964813 86.91241126882078 93.69217986765521 102.96291507692062 114.1191446266063 103.04412729573394 90.88652818518035 80.63076477128251 73.08193919622911 69.13255262941752 69.39985747005555 73.83807275442257 81.7708514483234 92.30153678065663 104.64877268333761 94.10662140311014 80.66219309907736 68.95956404875604 60.02626447554349 55.22302287090179 55.630126354446105 61.143589496494634 70.57666037592908 82.59715683933466 96.24039962830213 86.56338694687682 71.76204053024838 58.35294681773909 47.529441229644476 41.373114519238776 41.98960426840717 49.12458211918227 60.514690036967 74.2262506945818 89.19501283115127 80.80595848099436 64.73471708516205 49.50024594226411 36.17561585984503 27.672840468927603 28.663689551459953 38.42054372452871 52.243462210632245 67.68552718015272 83.85697298214336 77.2348292214913 60.239376767342044 43.4863079942564 27.42349820587794 14.551643410831698 16.436702811096087 30.45148393560198 46.72401255982311 63.54279366475332 80.56644900302943 76.15822852321692 58.859113517585975 41.56234248911836 24.272926875744854 7.045228305272905 10.43116012039671 27.689285976115038 44.981080590649015 62.27850561119473 79.57788956770516 77.67995921667192 60.80644816459121 44.264937386992585 28.636649496187893 16.716553947662494 18.372292356514887 31.533340229213305 47.43284130865319 64.06332642176083 80.97566065687683 81.65486133634616 65.7865173494449 50.8618203355801 38.00911849241289 30.019507443995675 30.925038135801806 40.127977249421356 53.50570577462644 68.65985698049317 84.64160199615684 87.75014347488413 73.1827261802903 60.08360496687219 49.62934821180138 43.75853363198957 44.33114899194347 51.13117170469967 62.146979913846515 75.55661419348499 90.2998406844748
41.231000834966316 22.145710340643916 76.04612625140874 51.21354958310861 41.3612325032359 0.0 34.23220734401291 46.490780220419495 24.730060052302377 21.094167604987398 11.674431904212222 47.87475711808985 20.827644390681137 31.759503712720527 62.97363828048887 23.285056295517894 69.22483170379635 32.773669162027595 16.83305437466467 17.01068997007493 41.47621814786796 12.483915212096012 82.37916001458262 48.17202023810896 28.51489557800133 12.108229292193066 31.309557028916664 22.826311317696543 32.525668200545304 40.54918725513723 63.4582103528198 43.89856918751185 34.40273775429957 15.539094190894392 54.97975967778563 57.01933800085167 61.882888726143946 32.58431056336076 20.113335201729797 19.866044554709113 118.16346253333685 102.9786483380574 88.5736982777292 75.39693572967062 64.20900004138677 56.21026003745197 52.868618849403845 55.03897040335134 62.14648457876493 72.75838581389533 112.48251294860906 96.43814627364337 80.91367334326415 66.27544908221105 53.25930818457602 43.35180279720661 38.99884413060953 41.966022227431004 50.99108098441559 63.54321205730455 108.34249777388307 91.59849900398605 75.10781400740069 59.08293272620821 44.03535697058113 31.402912237697137 25.13729579736847 29.602954118214946 41.46681389452677 56.22605202299857 105.92431390475323 88.73850318545928 71.60863498768644 54.58740008300471 37.821751369753215 21.90658557077474 11.314817360887657 19.36142242448724 34.93447080658 51.62056575255518 105.34663493300519 88.05131590870165 70.75922939057817 53.47351142194625 36.20328538666103 18.99086335410593 3.056383194550618 16.0232217322587 33.20932640512101 50.47463377810264 106.63938398711176 89.58696120639661 72.65260682550324 55.943643054614064 39.745356675557154 25.068063660713204 16.608266421433154 22.846738733466754 36.97059219683 53.01309426359566 109.736459439955 93.23564871968674 77.08690492079398 61.56788679824104 47.302510672028674 35.82121443455707 30.454890377587706 34.21330660615217 44.858771791063845 58.76033969355 114.49148807040457 98.76341626980751 83.65899776104096 69.58554002186037 57.30768547711647 48.21719828402252 44.320757744816255 46.930426004036796 55.129884489949724 66.89430023446967 120.70863220112265 105.87628161158592 91.91135457440247 79.2736031963758 68.69940465793582 61.26670555704297 58.191985636084034 60.147336996625306 66.69178417407734 76.65887409649444 128.17522671597717 114.27855954081272 101.43459808470143 90.09469628138518 80.89387491991695 74.62755384958784 72.06533619099847 73.59511981034699 78.97948298292559 87.50979315006715
75.07131814424048 12.656397460249462 82.78095488786974 84.52193077989551 60.33269150626016 34.23220734401291 0.0 80.68721654478769 49.095849284905384 55.28444717820474 25.65273501258517 77.18400188021428 13.731253549926105 46.18226121931785 95.4644425192691 52.75396705564473 103.11652457567857 65.31524663505336 17.681787046717087 20.775591160761614 75.66482715267036 22.384494799526205 90.38252623491627 82.12101345211988 51.94022748072187 44.956896561145484 22.244533545263273 40.0064173359 56.918093337717124 20.27083962367842 95.56859170335751 71.15517074923466 63.90208521302481 29.900518255714218 84.21399489269245 85.43878389834008 95.81777398825825 60.719332165771036 17.11603347997836 19.205278148123927 152.3839006593604 137.1843522028286 122.54358392013376 108.68764232002063 95.95711223943215 84.86001030716395 76.114160795154 70.59886516306318 69.0921429382835 71.84663411792249 146.44499759062919 130.58701257577601 115.1455468586864 100.3131329569693 86.40399817548185 73.9410287524414 63.77773232657307 57.15436224968573 55.356496307414055 58.828231475570284 141.6482722129915 125.20942322485806 109.03793574756455 93.27297746190189 78.16092592928344 64.16476825213732 52.19013080034306 43.92274065400573 41.63303574954802 46.21814914582312 138.11285283502184 121.2141150802845 104.44746566701923 87.8885333082244 71.68141532669424 56.131685640659576 41.976383550942536 31.17654940419736 27.940069847814755 34.46777606791865 135.93723848271586 118.74076004693727 101.5800966052032 84.4770773389914 67.47554968135218 50.67776290973784 34.38363189020418 19.873229986356225 14.365550387353075 24.829527693569737 135.18712824109568 117.88522978157525 100.58334237308677 83.28147290325661 65.97963548426968 48.67786429215909 31.376268885281753 14.075497503976303 3.237686599187886 20.531906943872166 135.88614184044192 118.68252827166089 101.51233518667196 84.39596304686711 67.37444372795949 50.54369854102634 34.18666351499637 19.53210607970819 13.892122914700906 24.559961233556116 138.0122523311279 121.10000303172137 104.31562500334535 87.73253929025016 71.49095904957073 55.8894081778356 41.653386564722965 30.742368539240193 27.45708979068489 34.079323371084016 141.50111671709945 125.04368724770255 108.84845764064578 93.05243179646072 77.89883643690433 63.84675164740359 51.80050189430458 43.461265743964915 41.14822677451593 45.78402381154538 146.25519568398892 130.37510315417825 114.9062731859258 100.03966488429997 86.08784072666937 73.57307204615766 63.35279298057247 56.68204888300111 54.871046935815414 58.373861935298024
12.709407523216772 68.59289221581989 87.5049476359562 18.128117352672287 51.207271848588285 46.490780220419495 80.68721654478769 0.0 42.3603213659853 25.404272752669133 56.043947303919815 29.98481531186041 67.29948136197082 55.289772674802286 24.51099519948562 34.02609515584504 23.608291753863053 20.422781412911604 63.29266608986248 61.660244698049745 7.543720887103682 58.78444723827508 90.55865805857339 10.921738849714771 43.12204369489336 36.32454108567882 72.64449515458637 51.76950953505321 41.0846126899639 84.73207428210706 26.529603666116852 35.2107036175591 29.519675827919308 55.05329754380647 32.555575254711016 36.013539669693344 16.372180588875523 33.38612394481095 65.30695963288267 64.24123759453602 71.70823018363404 56.958585768642806 44.10440854507768 35.28208266501835 33.8106492840882 40.49941723787911 52.306345044776556 66.5613462225537 81.99743918905784 98.05842849869111 66.26514222846465 49.96713938624881 34.65649631111582 22.453111787347105 20.147543164749226 30.10675234038187 44.784164072305884 60.85670005074041 77.460740408845 94.31599250644199 63.56640441710196 46.34583753761268 29.221550467478814 12.592650019060633 7.871729505071729 23.750092303376373 40.802979199510446 58.00355857022654 75.25062106174907 92.51817443972685 63.96038898436155 46.882303577446 30.06131473575548 14.426646310875217 10.549257279122012 24.76204272124009 41.39739020203582 58.42124867349278 75.57151515494354 92.77811559986405 67.39287146143565 51.44662767673793 36.748100908039774 25.549978218511182 23.53488685299202 32.46061393443046 46.39184260627045 62.04374029158569 78.39234276287397 95.07893638337038 73.43898581299007 59.112989946658466 46.841364762877404 38.6340297480348 37.27961890428995 43.424171219342895 54.59170482639951 68.36341678759676 83.45996766738831 99.2788123428249 81.51917418802535 68.85280335241085 58.60667346927647 52.22524961556167 51.17530748705218 55.7588412012643 64.79109139755882 76.71651421561468 90.39724806994838 105.15037917133232 91.0936586300941 79.9113668360048 71.22002066951136 66.01097656137176 65.12526082101624 68.73021937581419 76.19107166731595 86.51594440265946 98.81108620653251 112.43196060569458 101.74132750482 91.81326783013246 84.30146819523205 79.89043680888958 79.10062712012198 82.03669600705403 88.32787066517636 97.3256849138178 108.35796285621326 120.86889693702236 113.15951452101673 104.26997719497206 97.66294929573138 93.82188598559091 93.08980620242905 95.53820624198258 100.93590436058585 108.84500829079236 118.76483475103598 130.2367352900006
44.242690477681286 40.52519113410378 54.117674872378736 55.08743276437501 16.989404064767452 24.730060052302377 49.095849284905384 42.3603213659853 0.0 24.368392727182776 24.692274072321286 28.441107087591746 39.128025372256786 13.198440626241865 48.93472196314764 8.609671082547734 60.071924113077344 22.132780655384913 36.08063716805669 28.4794817832151 41.27693068605192 33.68037532658686 59.65994846119913 49.32526765913382 3.7877147180567365 16.58429956837965 33.50971974507296 10.508587277868598 8.214665832119621 61.88420835602606 48.4713606771478 22.059408552300845 16.087884188869268 19.205278148123927 35.30900831340087 36.36347855007411 53.458640798137075 12.194857118466263 32.0087969135394 29.900789917898702 110.67604015720875 97.70763766532441 86.27322543555957 77.05872288139683 70.93457897001767 68.73188919190112 70.8175194911862 76.84308634208637 85.98423778090184 97.36739059407608 102.40189360208126 88.27126284818468 75.47305957686142 64.80160835067934 57.45444294271653 54.78573198463588 57.45118528439389 64.79583164280373 75.46561966925302 88.26278123710475 95.50515005995021 80.2069227060285 65.90730320012746 53.41441924771959 44.28468307963749 40.839582892875924 44.422013797161625 53.64200305947428 66.18397901383275 80.51011779450916 90.30206525394468 73.9648951535479 58.18813013918337 43.584645361169876 31.813427693670313 26.893811559727126 32.14296294740333 44.06555437179498 58.72892085969954 74.53260532638436 87.09678253861223 70.03424455470594 53.12677359116339 36.589964664794785 21.305157503589278 12.950163646051381 21.913843131533408 37.301998381481326 53.864407783136386 70.78151275939686 86.11272513268247 68.81226369458551 51.51278908018396 34.215798133561854 16.9289055778691 1.0809464662800097 17.733094640029503 35.021000054427745 52.318178897616676 69.61771930021918 87.4249456837452 70.4400796145031 53.658186787315856 37.35384461395865 22.58607780331135 14.955421043641875 23.149747981628114 38.037738492117455 54.3740818086002 71.1682829664802 90.93407155395084 74.73167809459737 59.155317174586955 44.861886797574655 33.53409789947699 28.899689526740104 33.83131516037783 45.3059953442776 59.66085853111782 75.26561210155967 96.40044197430456 81.26607782009296 67.18638383899199 54.977718398680885 46.149685213300145 42.845559260278556 46.2644034811728 55.170215593993575 67.42265884628675 81.52657076671272 103.51437594925474 89.55358904263215 76.96208376644786 66.52200470718836 59.37920198536579 56.791723800933056 59.35830103614706 66.48468738906315 76.91369941767364 89.49814749108545
21.809159319803218 43.22273967276705 77.67769361225844 32.584569816553014 39.443911273066405 21.094167604987398 55.28444717820474 25.404272752669133 24.368392727182776 0.0 30.945172395134104 33.171896225316445 41.91664443284104 37.089869893530185 43.4306508872808 16.49907520305468 48.25974132454882 15.167870234051318 37.91499588075202 36.6041880568449 20.848208394903743 33.45551231181303 82.60522432717318 28.20664064327212 27.02827365158507 11.75878139155904 48.745618164873484 30.753179081431373 28.01125846019437 60.290453135737195 44.31995640665065 32.455527684031594 22.092887730133366 30.976714701851073 39.616961766823565 42.414216599147245 40.90180945332106 23.033585385431675 40.16473096547278 39.28681598917882 97.10187204551428 82.09313228075092 68.17987317502887 56.181952355163695 47.571339697674276 44.36616815580633 47.6695428870383 56.348182644094386 68.3853345494664 82.32067906283459 91.44026328765412 75.34399418244533 59.92346971599007 45.86541224633319 34.859129544489846 30.420237327533506 35.133058789846366 46.28154983562765 60.401497868791054 75.85122997473721 87.70418592347006 70.78477261988168 54.107819316112234 37.993952905912025 23.624924839720812 16.47561713424481 24.155063987404958 38.65489027953089 54.80553109680837 71.49688248488401 86.14459096064898 68.85195441816276 51.56555318524309 34.294817335522566 17.087313701432315 2.5557104028905178 17.882969397550074 35.09676774237002 52.36868520526144 69.65550119675052 86.87879254148987 69.7642035593431 52.77192971059265 36.07522688510495 20.412750588169192 11.43029923818613 21.055546944036955 36.80670232290605 53.52423354885416 70.52422832203379 89.85056782633328 73.41552723142142 57.49143568824746 42.65443886941968 30.53272952130518 25.37330147600171 30.888051453379703 43.16305661552695 58.05805395627318 74.00767690531968 94.84979116633411 79.4290297546995 64.96279438079148 52.25001954467012 42.879720543125885 39.31898177906439 43.03487220031812 52.504515284874266 65.26985543174138 79.76396387797641 101.5774898224058 87.31794966514902 74.36102394592115 63.50904726565051 55.99942804034029 53.26511476729626 56.0098974790669 63.52750927063832 74.38467521335437 87.34480541397312 109.71607139208741 96.62391791592223 85.0496213817353 75.69270819197466 69.45520457480897 67.21128033785891 69.34968175759374 75.49895302678352 84.79090074555312 96.32026361497566 118.97624958460086 106.97765099549581 96.60108114575952 88.4194614546964 83.08378102387827 81.15731263834114 82.87813547854756 88.03262183022152 96.06966686786922 106.33767205148679
52.123083960363125 15.843653413390713 69.70013399373873 62.401792896986315 38.93237866335183 11.674431904212222 25.65273501258517 56.043947303919815 24.692274072321286 30.945172395134104 0.0 51.94043072555611 14.440338228137353 26.46481048926372 69.81345923845954 27.208558036606366 77.85901668557221 39.710722792595035 11.517993695046439 5.662913890097886 51.7761276042366 10.294120144729547 76.56887127460385 58.8924107197867 28.044514749659005 19.761755670217898 19.67567341048164 17.948957374873192 32.87143978219472 37.262666164196 69.92122000828634 46.441221128728195 38.49156225139541 7.034490340623917 59.041763357276025 60.512863129460946 70.62298184799484 35.570798930965076 9.264248861213671 8.417239363697774 127.64809567363298 112.95119106889267 99.09894394557382 86.49811391825723 75.77559386239649 67.82810208767076 63.7028738322455 64.14167701517452 69.05756454075497 77.60434011254962 121.17887121489957 105.62021144782224 90.69531894647102 76.77469809008439 64.51177590659825 55.02622802270259 49.926985551979485 50.55910974681136 56.731339193135426 66.9280784947412 116.06083827429549 99.73460436663281 83.80078642729887 68.53363899653647 54.49637522930059 42.91337230998776 36.22109197450035 37.16295003890606 45.26488239594171 57.57987210785181 112.47867251665559 95.56189419878154 78.8125037832987 62.36551258810317 46.5426132298683 32.27512680528293 22.712640808549818 24.264285954478368 35.50152632553867 50.30578941005922 110.58178566863592 93.3321686080382 76.10630309050667 58.925023044103426 41.843286307579376 25.065437856128398 10.217878373481636 13.388323256753667 29.20278511435893 46.09849688305756 110.45706356351435 93.18503941601044 75.92663353561825 58.69386014180713 41.51864865152612 24.522246686711945 8.80888236343462 12.351747392033246 28.74453596764348 45.810964425201526 112.11042268263292 95.13017206993625 78.29089394545481 61.7081046889573 45.66210646339105 30.998022871206203 20.867164399449074 22.554630370141187 34.36125470792098 49.511533726672084 115.46548402738776 99.04434686194945 82.98189752761544 67.53455425010915 53.24044277491797 41.31442247816149 34.32093080507322 35.32250142283819 43.77373585861208 56.420819065740844 120.38000390902906 104.70692285178589 89.6350184984976 75.5250679302426 63.026484332142545 53.28547706103476 48.01092480934065 48.67708119440597 55.06877575623878 65.53155262946018 126.67253962866472 111.85260048458584 97.85076009372798 85.07193041056686 74.15113292574057 66.01698843789895 61.780175531513514 62.241726302816474 67.30505163618503 76.05657457688376
39.654495784954385 67.58564191149479 58.80988108603413 47.886356416691335 26.834893090276477 47.87475711808985 77.18400188021428 29.98481531186041 28.441107087591746 33.171896225316445 51.94043072555611 0.0 66.16328091725747 37.123771010174664 22.66992233263315 24.966785627237968 37.12124526000843 18.174128738998277 62.67273967878209 56.415052896806536 34.25917612272963 59.36782960613591 61.13910172041489 40.676486754597455 26.399911129541934 35.940953018738654 61.65631889060875 38.66827653492927 21.769992014672344 88.05501622038194 21.45497399749271 8.027088480822119 13.573136012148499 47.36115931847395 7.140923549417167 9.335856453026985 32.33333813915767 16.468226069079087 60.07517293877145 58.10135629010975 86.2113571981573 75.45633422159773 67.48046202346882 63.34241274521858 63.79344689480083 68.74329493043048 77.33286135774999 88.50873634920498 101.41950251605843 115.4847552134934 76.39234841454349 64.06523525552437 54.51256447069765 49.37192367023468 50.02255344931939 56.26390232854449 66.54096033091764 79.29989875792916 93.5304780742183 108.65601022859755 68.11983170906564 53.98465782260621 42.273901168748424 35.47576343846336 36.45112473991731 44.69392385784096 57.14120051695699 71.63375178542564 87.15721212103796 103.24762702328913 62.01594047215265 46.08299137575394 31.623073735582818 21.7969485872305 23.42875625878412 34.948787516048505 49.926349303005 66.04978756557746 82.65119477055212 99.49159277697152 58.760517501012636 41.62045284678785 24.707066874553313 9.34503034267484 12.764537236357228 28.93528312980368 45.93779695343367 63.10328952007414 80.32734582790769 97.57895883557431 58.82840901896166 41.71581078149667 24.86663170101015 9.757213572206176 13.067915012686084 29.069759723960935 46.022220715456854 63.164483772888296 80.37519867809979 97.61816663060618 62.208734362901446 46.340935496366484 31.996083123432836 22.332212804576645 23.92524781923355 35.28198688606455 50.15905775614537 66.22503236881876 82.79064023419375 99.60691075090571 68.4121871954061 54.35141748903449 42.73913017016505 36.02634245705642 36.984711604820504 45.12812728968358 57.479859875778374 71.90290778828208 87.37751108708719 103.43277129266242 76.75722987892864 64.49790848086072 55.01808459404696 49.9269530494104 50.56790705249432 56.74704733292303 66.9480628003943 79.64019348721773 93.81779841081627 108.90224861014832 86.6270414688735 75.9287556694837 68.00589187822177 63.89929961886833 64.34386856966633 69.25200446432525 77.78329249333201 88.9007020703099 101.76012398988752 115.7825747172394
61.368076607895 1.4226131961577468 80.66999383137735 70.79159588772549 52.7953878931238 20.827644390681137 13.731253549926105 67.29948136197082 39.128025372256786 41.91664443284104 14.440338228137353 66.16328091725747 0.0 39.507801389209014 83.16510475086378 41.260468184956046 90.0227552459919 52.87257934799618 4.0115903635429335 11.726080349902755 62.08005539273674 8.666595285734397 87.9169359766598 68.43160269952699 42.43838734920292 32.17229604057145 22.45202538622999 31.696316512965126 47.29460694562928 23.01841842951728 83.45384424864022 60.848717221130414 52.63668825782108 20.595705200763383 73.28852958940531 74.85416444293597 82.68885706937199 49.88865460715277 9.804518763021813 12.163955870678052 138.9319070274099 123.593066545581 108.84444384231249 94.96144145119867 82.38284603049786 71.79754054649446 64.19918915454976 60.71968790266722 62.055786686575246 67.92390135254021 133.30124015115476 117.2579117119901 101.6283323145669 86.63671759796347 72.67892803752383 60.47507885798368 51.29275370759962 46.93997061013326 48.72861517465623 56.07403918721117 128.95870245879914 112.3199191491512 95.91605593888876 79.89194945448952 64.53112148506331 50.4431952242659 39.03171147495095 33.18344932139249 35.742360988894184 45.305625271475975 126.03757400565772 108.9692686645729 91.9882859839563 75.15384086137078 58.59237686928196 42.62329470176262 28.268987749273396 19.499689192811356 23.665415313992206 36.58657784581282 124.63787814986196 107.3547406183122 90.07881803125899 72.81524595684814 55.575535002116226 38.39184287003847 21.39954598389573 6.3765977488493775 14.902848404232401 31.658209732124746 124.81083204533833 107.55457085955437 90.31578425582676 73.10683493866136 55.95525891105313 38.93694827430678 22.358312505483095 9.078303329212787 16.237311989688077 32.304771567555136 126.5499854647085 109.55882910692577 92.68271913889825 75.99833548373591 59.666730623548595 44.0817611722498 30.413743119995566 22.483350526405104 26.167107387512328 38.244543989618684 129.79237064554374 113.27174427913211 97.02383136156354 81.2124798176117 66.15147111259391 52.49070973915458 41.63219083722125 36.192696022606555 38.53946553055308 47.5329021613801 134.42921501295484 118.53280930769519 103.08996710039018 88.33887679027303 74.69052409868377 62.86726516824669 54.07969185893924 49.95632608318478 51.627099107940964 58.59847789194113 140.3222874981822 125.14685778562676 110.5975649008981 96.95669350062175 84.66447408367962 74.39247027975556 67.07532931166365 63.73894944145854 64.99924042100703 70.61049879768159
57.42288318130582 40.74161295052338 44.28676981211035 68.27874662320758 14.280997901507133 31.759503712720527 46.18226121931785 55.289772674802286 13.198440626241865 37.089869893530185 26.46481048926372 37.123771010174664 39.507801389209014 0.0 59.23317824088705 21.808053715724498 71.70192868387487 34.89973642728952 37.53239758323206 27.787857865028982 54.46149789838371 36.73172307787049 50.710544793855526 62.51213774841801 12.267967340708644 27.597019148344216 26.34771507660385 8.989159281888165 15.692804500145918 62.36952727191472 58.36634301428888 29.4220851782048 27.25603430033985 19.449829762045596 43.14607556456218 43.251434701673716 65.42461889373548 23.022696181614076 30.400415795645827 27.94708910680921 122.11594367722914 109.78828956407891 98.96117717985904 90.17672588397726 84.0776452627406 81.27078327715591 82.09452622414868 86.44514733250989 93.83334694214213 103.6113494681805 113.11515289689729 99.72911876927947 87.72370172079184 77.74117284094567 70.64434488421729 67.35167683237317 68.41465251553689 73.64490738779138 82.25127043379996 93.3041370464398 105.2397854402483 90.7421923698728 77.4052851036797 65.93717083323592 57.46775167731023 53.4422503099075 54.84802096318549 61.31261158193944 71.47633821302605 84.00712564674126 98.75956739525141 83.17594643968867 68.42316839623734 55.17180325121932 44.77534777190162 39.55302334548405 41.506114453718176 49.79738358501514 61.93147245396077 76.09166276374019 93.96369430078796 77.44800667334374 61.367108922663704 46.17749242085079 33.12868823210668 25.717106965321832 28.70434856164271 39.81482250396826 54.269798089404745 70.02793947584139 91.1185861014544 73.98665866782055 56.957594265265364 40.16244992672923 24.095438981891647 12.119031781972346 17.659689661113447 32.79590374592819 49.376015656224766 66.32588859285964 90.40864083393721 73.11457678757215 55.82538772514258 38.54763371403334 21.309148028307714 4.577454411147393 13.657963337652907 30.83570026174093 48.10254081837893 65.38793489771267 91.88337445622876 74.92224374636405 58.16221280858972 41.845617140860334 26.79516063273171 16.840958319186853 21.165240495421997 34.799845081453704 50.722808621873156 67.32970886321216 95.44154956327472 79.22642007400685 63.586720138321226 49.07571093481661 37.04441813878308 30.575505105320328 33.10805333133342 43.08287321046148 56.699504569675014 71.91830614289528 100.86286460322147 85.65150863007102 71.39851807668292 58.80493019295762 49.162945651364296 44.43731105733659 46.16338355994825 53.7228566644909 65.11479596379449 78.69200694615397
37.22039755356491 84.56423934852769 78.85549320834683 40.555641956570625 49.49828928912678 62.97363828048887 95.4644425192691 24.51099519948562 48.93472196314764 43.4306508872808 69.81345923845954 22.66992233263315 83.16510475086378 59.23317824088705 0.0 43.046253164196294 16.06479599982366 30.29657032721298 79.33871456544688 74.92912460069323 31.89820203525777 75.3554270684273 79.90043906683411 34.10703681025272 47.7113006940241 51.06174819177875 82.40270519774185 59.4428200971381 43.569038328135846 103.32766720648061 2.6271392217389256 30.694513085270184 32.846955974085475 66.53870638305027 19.066959295205727 21.426029763202788 14.540712917273941 36.8483212701868 78.69191757372315 77.02900348256546 63.55065446783181 53.38301057336811 47.53429071981323 47.62325705399345 53.62036247975652 63.88282065047174 76.71759327366055 91.04321118346012 106.25839415634776 122.03085345785517 53.89383161814228 41.48241155279607 33.700804216753944 33.90289510316852 41.97352430754708 54.523898834212815 69.15665333267566 84.80057907219425 100.98684110501749 117.49150733645064 46.61800635484903 31.5091636035471 20.276295898711712 20.691565181051942 32.308907035114004 47.52159496320975 63.8079180960562 80.51900859728683 97.4365587909297 114.46906631176381 42.95086004940293 25.80439808926221 9.255865661210043 10.207283877306105 26.85925810199794 44.01550129273818 61.25375473336331 78.52002349999394 95.79916084477378 113.0852680648591 43.80825661376949 27.20135726680999 12.624479069760497 13.324948458409603 28.18588611461262 44.83355044740184 61.84143805229314 78.97716644717629 96.17242497024465 113.40013657072126 48.953022008169754 34.856376245160725 25.144510160462634 25.460491796992788 35.53783503463814 49.76293420213286 65.48642872291825 81.84928770812422 98.53349823626739 115.39976375992396 57.240498225445236 45.727667488133704 38.7849333839627 38.93878642456046 46.1182574016172 57.7604085008805 71.72407170130633 86.89721905396239 102.7454010830469 118.9992216546639 67.52317857684535 58.03498237181241 52.682435625180695 52.74010977152579 58.19192078656303 67.7479182091448 79.94974364615163 93.77016000215808 108.59293077633428 124.05928676234507 79.02591431448302 71.0356782175729 66.67632370891994 66.66399945912117 71.00096915872345 78.9739104767321 89.61758514465565 102.10013082565449 115.8285542422463 130.4099818120719 91.28853769685831 84.40983865442207 80.71633399988352 80.64684899713477 84.2103550522546 90.9809623425568 100.31136069782963 111.56112506732325 124.20983105916179 137.87299083031127
