0.0 15.661180686786562 51.44962561683694 26.852285590308732 34.74022584606696 28.174287652560647 3.7684514566688394 6.267638232014689 23.80060756593765 8.608604306900581 29.103616019791474 11.7491648205443 46.50585382482405 16.384963185070074 44.79101545182528 60.39255454505735 33.69563922887213 45.86406530850507 40.96714797626771 36.64923962092203 34.59815161887988 34.3446044111732 48.88172916481849 5.6493891157194716 21.55221904389632 5.2036276136198225 59.72422098770338 6.210859179632563 18.54668955002303 10.781651307055014 32.07741883933023 1.5529575291137394 31.353660112599496 14.577039648858515 32.14978928327809 48.34888311373759 31.489480017955174 24.47316284506157 18.38814091328613 9.154879380726808 102.43272476424481 73.63213709531114 52.39970910286314 49.64450429142256 67.66264471757368 92.51282794813334 59.208315759826355 29.1113806783286 24.16954333077128 52.11245220284875 90.59942956596026 56.20033773696229 22.439975957824075 15.603855787137697 48.76742093924833 97.1667796740965 66.18361936684582 41.400355528415716 37.980744714113804 59.71527498086537 110.71554557209949 84.68137345213063 66.92319099397535 64.66272096542285 79.23759826924707
15.661180686786562 0.0 44.91573390411543 24.12859910222241 26.233170720533163 31.43950463566299 12.108316516187983 15.958414330319243 15.895626174464633 13.978654205192976 23.319793919138867 8.000300952261462 31.10386184375649 29.39149826642944 37.2549940332964 45.09912805057524 21.16481886040286 32.15745730239783 55.757296821765785 32.10399585278205 21.394986152394374 49.98089588901624 44.03176744086031 16.188581673905816 7.5171339109725075 19.15532199132988 46.181369329649925 21.421020509554893 9.407563290299695 12.21964496591211 23.854926404957936 14.226131961573223 15.84822159069748 27.207814358326797 18.95771170694161 32.88402616886838 17.601300506176546 9.09153290381827 33.56204294689239 14.350178324282338 88.66536317206457 62.2436112883713 47.768167699093425 55.53502250347083 79.25458840512043 77.16916883721332 44.556862196627044 20.258189659476738 35.075938441515845 66.67155012874552 75.09221168045019 40.889834692744124 9.998496552812183 30.37785890139673 64.3468081223805 83.14351216842402 54.16898517492157 36.74973144061118 46.49338699572789 73.2636047079718 98.8788038909031 75.9746187198607 64.51388050687092 70.33286660917071 90.14519804862837
51.44962561683694 44.91573390411543 0.0 68.90040103879137 68.03717940375017 30.330272855417558 50.550270244755446 56.28805614665055 29.255279760925095 42.888737596351554 22.517490459224124 52.15698970951356 40.56329392411498 50.047430197258464 78.50781305277194 44.81417898343337 59.00473859513041 63.272155590277535 88.29250284711628 15.079493827270145 28.962618141412985 74.42485284930625 5.724918621936812 46.53616562639605 49.152148228679906 49.76543910213568 74.10311406602139 56.851881396813624 35.85350697069336 40.74378288490976 21.066247991779036 51.16203829963526 40.207512421651046 48.721758938307154 30.13102372257434 53.387283317650315 53.983915723242255 46.14106588777512 58.514635469557135 42.38857082550848 109.23431921860447 94.20410637003201 90.61669221815998 99.71484468700194 118.61454245334735 87.10390026220591 67.59632867849908 62.81891450079446 75.61710485132275 99.42059761736387 69.55714912785434 42.960583018827414 35.32502996847107 55.18093096168227 85.06964142091417 60.70927542706292 26.525719617863835 10.791901331206343 43.86536358192349 78.27342310597928 64.26050604928105 33.81324280780323 23.496876539284152 48.53571974878836 80.95785349368589
26.852285590308732 24.12859910222241 68.90040103879137 0.0 12.156775041466778 53.0947086408944 24.37509806662893 20.999313875602258 40.02417611457991 32.608389342959796 47.425695455604775 18.165372239639655 45.65877609013949 42.849026512444766 19.092666414730438 58.734745886891126 19.304691710983292 30.195680101100102 50.771083042185126 56.194506870654735 42.869374648464216 53.40947462391478 68.15984504197479 31.781180483239268 20.35721646132115 32.01029361618826 41.42754116616986 27.69649727516015 33.497693918188865 32.7390635992915 47.84849315016208 25.70915645508976 32.99324607057532 41.253843530571366 40.754845036529716 39.778274758946324 21.749090448294275 24.29488628125013 42.15741002119641 33.2176206147061 82.41667994509102 50.25633455050896 25.568195453204353 34.30174197057898 63.98695033242996 78.99508554122549 44.480192401770715 10.564352975682993 25.289872533507406 59.685876160071814 85.3014897428745 54.81869291449279 33.59565662796421 40.584249493629756 67.53020495186657 99.50282260799712 74.86951975424721 60.86757634173035 64.80017201165221 84.19053579207518 118.80015187349296 98.89087923222897 88.5439912442479 91.07893970882316 105.57182679913966
34.74022584606696 26.233170720533163 68.03717940375017 12.156775041466778 0.0 57.56300051718739 31.47560815860629 29.885422833534875 41.00760087563049 38.29018875157819 48.475111850590785 23.63547477569145 38.29803239436942 51.12096498753255 11.030332323544274 50.154941139346555 10.46259203831324 18.659681761779165 62.88625210724113 57.15067280002744 39.82222513659628 64.6022408487865 68.31356671482305 38.64896850356929 19.625803869281455 39.886522513109306 29.271938651199385 37.20004213772749 35.159124409864766 37.51837870700357 47.62465506799728 33.32804709145255 28.689091149533468 49.25379610007431 38.17175084414504 29.912637061103524 14.92423657531396 21.94617092622622 51.90358684072498 38.83215532729623 70.52699115193688 39.301995000087246 22.584986914238893 43.24766987752073 75.00323165444264 67.01752972376127 32.65536241151189 6.020790327136841 37.42968014944642 71.8370782674157 74.84825534212675 46.55193178810973 33.56688451272084 49.81186079683225 78.93376700353566 91.1412591663674 69.61833595609738 61.493710210112326 71.49139952147196 93.99651126889218 112.270201537624 95.42070086334117 89.44450377950642 96.38581568023514 113.90710590300307
28.174287652560647 31.43950463566299 30.330272855417558 53.0947086408944 57.56300051718739 0.0 29.298895911938352 34.32887600127243 20.417031733078847 20.6166669910021 16.627385209157058 35.035396356494786 49.19896673789965 20.60200196566461 68.532854218591 60.14207948717405 52.15397182409804 61.657865487333034 58.96841568822641 16.655394443115057 32.80174418669711 44.189825252141546 25.72874811409803 22.52769758040952 38.68495535198011 24.33546580932165 75.27989582760138 31.670020784328493 23.604734631673274 20.403361792093502 21.553620911988183 28.694002722964896 38.72735873926346 19.778782526591552 31.54407773172277 57.709090654800015 47.90136889649604 38.3563181509592 29.03623308956208 19.994942004104796 116.3746436504019 92.93287891162272 78.26061161732912 77.50914611394384 91.0239154547633 100.05257803039306 71.66898730226454 51.547822589697034 50.72199907397455 69.87899018971449 89.79180395392689 56.62503297830546 27.29591515298179 26.049681960261434 54.83567450460918 87.74575917881978 53.352438275843475 19.71041313592551 18.038054272238067 51.54702433503218 94.44993252440722 63.69245904072515 39.84342805032799 38.89856057626098 61.91548358030174
3.7684514566688394 12.108316516187983 50.550270244755446 24.37509806662893 31.47560815860629 29.298895911938352 0.0 5.739070408998498 22.063327944289032 8.755415534965913 28.041682327643223 8.11707364629621 43.136326075270475 19.739883062608005 41.75931090412893 57.08453865142982 30.00330377295994 42.1240204496303 43.938352615440536 36.05184192355456 31.884428363407466 38.02417951567974 48.369548832987086 7.420342774669906 17.787860822544015 8.508356900749082 56.00637979715057 9.330414295105152 16.239494049190064 10.00676910068565 30.51800787481604 2.223024838098839 27.916760015182618 17.803457628536698 29.414148060654558 44.63705588661322 27.726648333970903 20.77883798967021 22.15374434400553 9.376811066999224 98.71543972531074 70.1512370045433 49.9246000165331 49.58373666652786 69.42218534658927 88.76951865506373 55.440247701820674 25.730568125831564 25.403752772651213 54.98624029526072 87.17985819663996 52.88186424227476 19.68522995326869 19.322986646694947 52.479521431168294 94.36977667059148 63.95172763343982 40.85119248621423 40.52954638564408 63.334793560487725 108.60908777097148 83.38790384380076 67.1261743363813 66.7313739492263 82.43179891186068
6.267638232014689 15.958414330319243 56.28805614665055 20.999313875602258 29.885422833534875 34.32887600127243 5.739070408998498 0.0 27.690297281950876 14.1615654463504 33.77710334987445 9.246985775022527 46.90015055093638 21.851825374760473 39.44067511078538 60.930587224209326 30.37252444079229 42.82114314049244 39.94202120833373 41.77705724205763 36.81629077882827 36.23735040150071 54.090192095334444 11.832721339524543 19.9165847462028 11.163700550687901 56.3745449536488 7.410846753330382 21.661916786515192 15.70073596260544 36.171419015594374 5.650469856041738 31.648196895340757 20.26974400059754 34.34080748183746 46.983873607409315 29.00329471462479 23.605774960951116 22.055220658041684 14.76550198023384 98.96530983383948 69.12186236907984 46.43653192151141 43.928253664027736 64.01446537046905 90.63478042338555 56.682258091956236 24.615929777274317 19.845913223678927 50.76048858174298 90.65862755835789 56.72003154622024 24.701979269438354 19.95154516659322 50.80148720985219 99.0308148410705 69.2147556518746 46.57341082077942 44.071565385980364 64.11195863717128 113.92505916812482 89.0693509115782 72.68107477836273 70.89772342136773 84.64747449413069
23.80060756593765 15.895626174464633 29.255279760925095 40.02417611457991 41.00760087563049 20.417031733078847 22.063327944289032 27.690297281950876 0.0 16.079763079943177 7.509584096522745 22.902503237960556 29.505437881012785 29.269953454802355 51.962016549631095 41.7329618430499 33.69566694346057 41.878493289767825 63.95178164914002 16.287865213070077 13.645074156418397 53.81162435277797 28.137752899643623 20.097584768936454 21.389999894571854 23.83032814776274 55.204088390442514 29.831220035900653 6.610092738311328 13.295301770364867 8.499555789148376 23.131384998831347 18.363993292673506 27.208835240262637 11.804484521383497 37.29459321379364 28.983563988485315 19.631266498088035 36.47516132329407 15.798298507548779 95.97038511568988 73.51009846727312 63.18172541945089 70.53298782325722 91.39283565356834 80.07024149225448 51.2871674295895 35.2751130737433 47.46708071078558 75.21132886225026 72.13580860728952 37.86551889220883 7.672909877501847 32.845135994202835 67.03421334239859 74.74876442250188 42.591960782832984 20.87147448052396 38.10521950861448 69.73695608260796 86.9633850084846 61.409971052778445 48.72932007164253 58.07509451218365 82.25384154013003
8.608604306900581 13.978654205192976 42.888737596351554 32.608389342959796 38.29018875157819 20.6166669910021 8.755415534965913 14.1615654463504 16.079763079943177 0.0 20.666068742173817 14.857888678298066 42.04194748103052 15.74472050727861 49.00823372535079 55.49613284359158 34.85502688695501 46.130522747209156 47.87411786053985 28.04557149779605 28.306812518058866 38.590332030196876 40.273308790439245 4.0178300041348365 21.367596422794282 7.76478698104842 60.156027434166276 14.08472331513714 12.156526403741621 2.9127680672040865 23.989375968544344 8.58592899915874 27.609977182825965 13.524240246561664 25.97873883758862 46.13474662723047 31.55596951271302 22.874909890051622 21.348248341746807 0.6233802076664545 102.63378364339705 75.83535580465198 57.992266087496475 58.051690364828325 75.9716307233614 90.3963747172802 58.39964846258462 32.31675731623661 32.75768842614685 59.13204700763527 85.9919161554988 51.388355245038454 16.786032287899506 17.822264716779465 52.42470575772407 90.57070860627725 58.6666662479768 32.79239359868866 33.2226324309978 59.38841984586524 102.94070686596775 76.24642267979705 58.52382157133554 58.577737162300046 76.37052946450224
29.103616019791474 23.319793919138867 22.517490459224124 47.425695455604775 48.475111850590785 16.627385209157058 28.041682327643223 33.77710334987445 7.509584096522745 20.666068742173817 0.0 29.99348911549957 32.84667273212738 30.82166548339948 59.404434831526075 43.516730619041866 40.89844338571291 48.37491707113474 67.67762054433864 8.79085153026682 16.4647824741397 55.839386062029035 20.833213871049544 24.501787441285227 28.873968950461386 27.978692853128557 61.31005631910631 34.74716358417352 13.928016596166714 18.3317639098446 5.018371267791475 28.724150212703744 24.328779832517732 29.033602615837705 15.590185611442827 42.40561577213172 36.08220039829312 26.912271246356696 38.823851840182876 20.217597131076555 101.16332532535297 80.11263998831785 70.68810456529098 77.26795917884685 96.63655235390134 83.70913583259625 56.752755177439695 42.77089676957178 53.22257597167103 78.93512632305772 73.2924889979929 40.00583090146544 14.966436146622689 35.24729859183338 68.23195766901763 72.99192036461531 39.45759571313809 13.44746336233117 34.63549729425384 67.9209250911987 82.91752782175355 55.589421460210886 41.22950730877376 52.003672028590245 78.12626109414457
11.7491648205443 8.000300952261462 52.15698970951356 18.165372239639655 23.63547477569145 35.035396356494786 8.11707364629621 9.246985775022527 22.902503237960556 14.857888678298066 29.99348911549957 0.0 37.99393667199349 27.82744090488473 34.201886943849544 52.02653380730086 21.9564733286736 34.20244879834993 49.0362561501498 38.630882518101586 29.378219404786492 45.20498095915822 50.824590260660955 15.029095748172436 10.669598971180275 16.61903336492465 48.005257895171525 16.089020058042998 16.306575360126054 14.633693231659404 31.22365930401395 10.215627370715923 22.839043378671086 25.849658600463716 26.949533107799105 37.746227621515544 20.014554601290328 14.444512821607498 30.020689367521676 15.436032335443336 90.70839886297294 62.061576575958306 43.24448069402689 47.78442314353981 71.35430779531436 81.51420398520284 47.77802018576098 17.76973865336728 27.269738690142205 59.71904488615064 81.54078532324189 47.82294022415248 17.889049897061618 27.34690393474437 59.75398528513679 90.78004205612604 62.16528160551835 43.39180047907195 47.91653547109385 71.44200658690913 106.86825284567637 83.75628074010434 70.74011855784534 73.4028126073701 90.36891134863393
46.50585382482405 31.10386184375649 40.56329392411498 45.65877609013949 38.29803239436942 49.19896673789965 43.136326075270475 46.90015055093638 29.505437881012785 42.04194748103052 32.84667273212738 37.99393667199349 0.0 57.3976795956902 46.03315554896151 14.0361615575782 27.85997134527405 25.690438374174644 86.82267482936285 37.77243531335655 16.410657845178967 80.38732252243281 43.690512195478114 45.52793485320279 27.993487095964557 49.08415148221124 34.052604802782824 52.46608868091041 30.11153632679214 39.247343482220145 28.392434872876617 45.165869996844435 15.265175906481291 55.20156022151254 17.763494347354428 13.319341699463491 24.081224755706067 23.741946322832295 63.334057549832764 42.08399669693911 69.52461711655656 54.384738136627725 58.96206607486255 79.93840670038811 108.15993079932333 50.87423086978645 27.070694222568456 35.669305932141455 64.85844637741346 97.65131093723221 44.114507890912904 9.829429829730389 25.337715695511406 59.85178563855431 94.43159912414932 53.92046283986583 32.39014888676414 39.82038112534141 67.20892304558812 99.21316191062425 73.97372558796485 59.91894666892213 64.05649062106033 83.73155641294885 110.96620572900376
16.384963185070074 29.39149826642944 50.047430197258464 42.849026512444766 51.12096498753255 20.60200196566461 19.739883062608005 21.851825374760473 29.269953454802355 15.74472050727861 30.82166548339948 27.82744090488473 57.3976795956902 0.0 61.12983845171443 70.51970400080673 49.47126787100915 61.26411298621869 38.429222529199485 35.24547725718129 42.6829640740073 25.020918514341673 45.94924798381557 13.2781289759237 36.46098522800401 11.247212478537909 75.26209208511541 15.719660781652909 27.28700512656884 18.308516769400146 35.40141880913913 17.7978592370494 43.288675878728746 2.222448735048034 40.5492819071398 61.87489970476223 46.683314284872594 38.44279512766315 8.494011284778866 15.55927229258097 117.90419230197752 89.88667965826293 68.21008077114826 60.16974639502124 70.59011947867829 106.1410035807316 73.9483503059266 45.449292011120406 32.52309234759204 49.44389434284922 101.04085652613519 66.49372028189315 32.06912798193668 5.504278820640043 37.77590745927037 103.59288230544057 70.27691189296633 39.25617676312067 23.196863392174034 43.93160043577014 113.280953561614 83.78912392814378 60.028859005032366 50.80466824943147 62.8774084757168
44.79101545182528 37.2549940332964 78.50781305277194 19.092666414730438 11.030332323544274 68.532854218591 41.75931090412893 39.44067511078538 51.962016549631095 49.00823372535079 59.404434831526075 34.201886943849544 46.03315554896151 61.12983845171443 0.0 56.34605918838365 19.655441474569965 22.137405595005323 68.28725484970862 68.03643094490228 49.906336545413524 72.38798344043501 79.02256786351165 49.08082788675721 30.612385951444754 49.99012675158328 27.560737725336846 46.49127392384161 46.178510236225485 48.38465808508864 58.369186007939234 43.46222625540922 38.60284926900891 59.36796459825846 48.44245842351552 35.44525160706756 24.632226892675213 32.670874979817405 61.09885855585898 49.56741025971275 65.04254074215521 31.645642035182252 12.931082028619421 41.56718386003006 75.38766699298203 65.99050751167312 33.53387798625535 17.004238631978765 42.99554113695153 76.17701918122094 77.93454970938127 53.1768926561218 44.45881038041076 59.331321933426594 86.36342824226419 96.88949780827153 78.17372885072288 72.31487367098893 82.1127395798208 103.20036348122085 119.56546339153296 104.75868814082632 100.23733112057243 107.30945655159877 124.0071509381836
60.39255454505735 45.09912805057524 44.81417898343337 58.734745886891126 50.154941139346555 60.14207948717405 57.08453865142982 60.930587224209326 41.7329618430499 55.49613284359158 43.516730619041866 52.02653380730086 14.0361615575782 70.51970400080673 56.34605918838365 0.0 40.03900297101125 34.42582806974664 100.84243238755835 46.44539289849861 28.089785322794818 94.02541203525087 49.207894648327056 59.121828993317905 41.93746229857317 62.748892394209406 37.97139040355344 66.40695920088531 43.38970248279856 52.640438194853786 38.61176192652752 59.08251701316424 29.285050992589085 68.35735456594479 30.040621669961073 20.909080431126565 36.98662305782767 37.72981503792054 76.84408225551775 55.48546954009573 65.28701864077028 57.60002966969048 69.05013728887549 92.80554362246568 121.87126740061989 42.33801190612184 29.504808027663945 48.40865364621506 78.8105285173785 111.68544519388752 30.525554297150986 4.210887978173581 38.71056815537466 73.30851924019099 107.9102603851782 40.99207791239757 27.557318003129723 47.25781304608393 78.11552858735952 111.20076669124336 63.54594863764417 55.63734288729246 67.43688946672225 91.62285740772768 120.98163388337113
33.69563922887213 21.16481886040286 59.00473859513041 19.304691710983292 10.46259203831324 52.15397182409804 30.00330377295994 30.37252444079229 33.69566694346057 34.85502688695501 40.89844338571291 21.9564733286736 27.85997134527405 49.47126787100915 19.655441474569965 40.03900297101125 0.0 12.49404519168031 67.61989000951183 49.27724797829538 30.270827296864866 66.55282509982243 59.78988990190053 36.27790446132266 13.653958654759391 38.41821229201452 26.06566285748584 37.69889921711697 28.701420175692515 33.357063494429696 39.29592411093491 32.1532894591295 18.954235877238823 47.39413211375815 28.881554533254487 20.484538622736487 5.020884950917665 14.080679139881628 51.9550688723432 35.295618867483846 68.75661756647158 41.078816138629264 32.28468646990541 52.839076398351324 83.28547398875581 61.184284853363 26.69359939459202 8.742653529550555 42.83893018406536 77.38713132277141 65.99722357960346 36.31865213584227 26.024946280549198 49.29902157361642 81.10691456582177 81.0172075958039 59.21928001569497 53.33720995842158 67.65790751045576 93.30126779565231 101.82265875617837 85.29981719259631 81.1109723827342 90.97607883617532 111.21614113761925
45.86406530850507 32.15745730239783 63.272155590277535 30.195680101100102 18.659681761779165 61.657865487333034 42.1240204496303 42.82114314049244 41.878493289767825 46.130522747209156 48.37491707113474 34.20244879834993 25.690438374174644 61.26411298621869 22.137405595005323 34.42582806974664 12.49404519168031 0.0 79.86331696009215 56.00210199978479 34.58932815373393 79.03031404207005 65.09872911320687 47.98999873625322 24.826129059017948 50.40598630647937 14.026203881165056 50.10837571311163 38.11960758089108 44.285356094170794 45.688622924588486 44.31253379312216 24.156663444422485 59.13176706080383 34.02332720823861 13.57778604954884 14.594775307030979 23.62656937334859 64.21525574531488 46.50762484525219 56.64973394411922 31.745593928879316 34.65850323503989 61.55874993611791 93.66208557954602 49.00368148427896 14.40021106775568 20.20459784945616 54.80821001820487 89.41201492092846 56.52265404009511 31.520355429836737 34.4542335122476 61.44505367551262 93.5881084798757 74.76293172419686 58.01928930699808 59.47917648795696 78.12873653068677 105.19134488498585 97.90444742202783 85.58823332598658 86.37201817602478 99.94808824902807 122.12219349035495
40.96714797626771 55.757296821765785 88.29250284711628 50.771083042185126 62.88625210724113 58.96841568822641 43.938352615440536 39.94202120833373 63.95178164914002 47.87411786053985 67.67762054433864 49.0362561501498 86.82267482936285 38.429222529199485 68.28725484970862 100.84243238755835 67.61989000951183 79.86331696009215 0.0 73.31181982136502 75.55180402898277 18.379978268766532 84.35554978739167 43.856877801733724 59.58805506997362 40.12335893909384 92.07575277932767 34.76891322266689 59.39147887459042 50.70050985177437 71.61263891371087 42.10020245801495 71.55948181481735 39.59337863490956 73.11043578144093 86.29356539622484 67.61989000951183 63.48016831886239 29.945881748713862 48.158073483419045 133.0246644201962 99.88771161708918 68.22302609989408 41.545642606967995 34.53306127351598 128.79908759332505 94.24106520676523 59.736132798632354 25.50071638595134 11.270372429799064 130.57467040066632 96.63167410518471 63.407108174280836 33.13740078366935 23.88636288048546 138.12006963643813 106.51964531391668 77.52756005986464 55.40231792978448 50.230644318595274 150.56996951954866 122.09637904617071 97.66511200412234 81.01950818807917 77.3601033632422
36.64923962092203 32.10399585278205 15.079493827270145 56.194506870654735 57.15067280002744 16.655394443115057 36.05184192355456 41.77705724205763 16.287865213070077 28.04557149779605 8.79085153026682 38.630882518101586 37.77243531335655 35.24547725718129 68.03643094490228 46.44539289849861 49.27724797829538 56.00210199978479 73.31181982136502 0.0 22.238639501997813 59.945657319621226 12.324712698588668 31.579915515303803 37.58919476493378 34.731481931899786 68.45002636482418 41.88652562185207 22.703358491121065 26.092132241204208 10.318234654612024 36.473326989821985 31.851031443416502 33.81151836189813 22.168120888180066 48.74906002707917 44.378247452044114 35.42669020720791 43.657860589578014 27.518908206587202 107.11341790573113 87.71666847978082 79.43471546917716 85.55854471980616 103.56343749926128 88.01572970652266 63.260784565621606 51.496479562853416 60.80008476139301 84.47612421387267 74.91248320253213 43.43555382564138 23.585124148187916 40.258072166312054 71.27419039465782 71.19508909823963 36.72188218622423 4.806930379408009 33.05405507395538 67.50472992890008 78.21369084856218 48.86210807111181 32.44169490874987 45.9592790046152 74.61153315106648
34.59815161887988 21.394986152394374 28.962618141412985 42.869374648464216 39.82222513659628 32.80174418669711 31.884428363407466 36.81629077882827 13.645074156418397 28.306812518058866 16.4647824741397 29.378219404786492 16.410657845178967 42.6829640740073 49.906336545413524 28.089785322794818 30.270827296864866 34.58932815373393 75.55180402898277 22.238639501997813 0.0 66.80715515261416 30.509463950930606 32.184783540339076 22.527183147193348 35.93600317154319 46.40594030776351 40.80787095540893 16.2521392850907 25.394400213812983 12.247518873305255 33.539139271495046 11.326949191046815 40.56371828236154 2.4760270275234864 26.511371638516366 25.274691691423158 18.660219959958017 49.47512400555678 28.188994622712038 85.0246925770727 66.03044954514311 62.33476019433461 76.19714254634184 100.60401024290832 67.28453344552527 41.02241527945554 35.11838730089117 56.37904003124908 86.7105739781987 58.50173267564038 24.253371419769053 12.200539842030828 45.873022221014814 80.34095475517263 62.56991507307131 32.80617875832601 25.146386781326868 50.8259823573942 83.24100256390048 77.49067660734009 56.09695736221724 51.80478874789405 67.93679045289629 94.56152866687576
34.3446044111732 49.98089588901624 74.42485284930625 53.40947462391478 64.6022408487865 44.189825252141546 38.02417951567974 36.23735040150071 53.81162435277797 38.590332030196876 55.839386062029035 45.20498095915822 80.38732252243281 25.020918514341673 72.38798344043501 94.02541203525087 66.55282509982243 79.03031404207005 18.379978268766532 59.945657319621226 66.80715515261416 0.0 69.91561488118096 34.90358578327418 55.66594627045106 31.30362083528512 92.43379081687225 29.118364345824403 50.74663023035218 41.483683094577906 60.37106044943019 35.829035093721494 65.466838587303 26.841714282711376 64.5266710706169 82.65433514981504 65.18931729939992 58.80244940717887 17.349014779593045 38.65504556245148 134.821294521194 103.63290938814512 75.48232519155017 55.22848887247679 52.89228308585516 126.68913664585234 92.91232978016575 60.08417596713987 31.342604774144927 27.376140023657733 124.46768404762521 89.88826973351256 55.339423600177184 20.9727603891487 14.564190932383463 128.46405952001712 95.29644164924954 63.67608559810451 37.718839425351234 34.432727208429114 138.13945827142712 107.87574141543371 81.15803764589667 62.69660597470168 60.579596947873235
48.88172916481849 44.03176744086031 5.724918621936812 68.15984504197479 68.31356671482305 25.72874811409803 48.369548832987086 54.090192095334444 28.137752899643623 40.273308790439245 20.833213871049544 50.824590260660955 43.690512195478114 45.94924798381557 79.02256786351165 49.207894648327056 59.78988990190053 65.09872911320687 84.35554978739167 12.324712698588668 30.509463950930606 69.91561488118096 0.0 43.700469287878825 48.99303679734417 46.70774912440557 76.57753134123125 53.96703044582101 34.70288348239127 38.395947850817294 20.69346466802228 48.75267444597269 41.39448896159937 44.781987276482454 31.25741590279945 56.07776011520877 54.791557993964204 46.38032999784468 54.44323583899842 39.731232280369134 112.93556583962423 96.44656294361592 90.79718788878138 97.88264150413511 115.3801804446973 91.54438400277787 70.4843405277661 62.85290072168416 72.99115598285398 95.39238662666837 74.83317891340212 47.04473039411196 34.946233274008804 51.22599294380453 80.13610956764091 66.43411887322716 32.2116529215132 7.5194756204618525 38.34511624031306 72.65677436793165 69.4327334971205 37.963948864266335 21.365017435152325 43.20314977955617 75.30873757976414
5.6493891157194716 16.188581673905816 46.53616562639605 31.781180483239268 38.64896850356929 22.52769758040952 7.420342774669906 11.832721339524543 20.097584768936454 4.0178300041348365 24.501787441285227 15.029095748172436 45.52793485320279 13.2781289759237 49.08082788675721 59.121828993317905 36.27790446132266 47.98999873625322 43.856877801733724 31.579915515303803 32.184783540339076 34.90358578327418 43.700469287878825 0.0 23.182863662689332 3.7681314001762924 61.99375880986989 10.315728876787029 15.956844491070752 6.870149703207305 27.96274301076843 6.268840866811164 30.815479505408472 11.144217780746759 29.82628906963188 48.92925804361886 33.406080646778044 25.274740750582268 17.82602102377732 4.342872036742322 104.62673265749994 76.94062391677163 57.33902890430835 55.23103356812424 72.16625325438474 93.2377186360625 60.72140175683568 32.79857548335759 29.312897230713276 55.114306693500325 89.57430558008484 54.98661190846796 20.453681421512968 14.423349254516923 48.91387583546951 94.53911181144687 62.683445130156414 36.2714998393913 33.11896562685368 57.209674393450214 106.9368138965957 80.02560231868667 61.3799699346408 59.3775480816287 75.35698074930437
21.55221904389632 7.5171339109725075 49.152148228679906 20.35721646132115 19.625803869281455 38.68495535198011 17.787860822544015 19.9165847462028 21.389999894571854 21.367596422794282 28.873968950461386 10.669598971180275 27.993487095964557 36.46098522800401 30.612385951444754 41.93746229857317 13.653958654759391 24.826129059017948 59.58805506997362 37.58919476493378 22.527183147193348 55.66594627045106 48.99303679734417 23.182863662689332 0.0 25.759962239206242 38.846154909929005 26.58325013097558 15.61376153924748 19.730654971457938 28.33129216294541 20.010883524852026 13.427331178077603 34.31675554025681 20.39780835547179 27.095323836250934 10.231795969921109 4.350658134369057 39.90450190866582 21.774739921111827 81.44600741171513 54.73074463902622 41.860203723764954 53.88802153437983 80.31426421025971 71.0310887451974 37.7094595296625 13.90833286813505 36.874526760746306 70.14891545811751 71.06167988031369 37.76652212998543 14.060888013551994 36.93179499109432 70.17874979189813 81.52602168723543 54.84865293842631 42.01281894952982 54.0055450241085 80.39241593932418 99.1741594883936 78.5372920638555 69.96754059097815 77.57296814172568 97.6444171141393
5.2036276136198225 19.15532199132988 49.76543910213568 32.01029361618826 39.886522513109306 24.33546580932165 8.508356900749082 11.163700550687901 23.83032814776274 7.76478698104842 27.978692853128557 16.61903336492465 49.08415148221124 11.247212478537909 49.99012675158328 62.748892394209406 38.41821229201452 50.40598630647937 40.12335893909384 34.731481931899786 35.93600317154319 31.30362083528512 46.70774912440557 3.7681314001762924 25.759962239206242 0.0 64.34907890985906 7.409274862315299 19.69543048797319 10.636774443093 31.59621636859288 6.5587703769956 34.234141220766766 9.382757709186222 33.568517870055096 52.03367968186409 35.89607909049844 28.22241111765848 14.4413377546708 8.034814779731038 107.04587603796828 78.65778866984601 57.53326652887717 53.178065923946924 68.8515615833867 96.32446096573662 63.45605299381615 34.202079756170015 26.603318870952183 51.38612271337147 93.16768491975043 58.60020834049311 24.137222543790443 11.228570570213751 45.43578184994277 98.30717692933655 66.40047468188945 39.35200573559404 32.90855494634335 54.88352155059533 110.59202496430403 83.37703822926491 63.77813981129877 59.81937670490295 74.05302585940849
59.72422098770338 46.181369329649925 74.10311406602139 41.42754116616986 29.271938651199385 75.27989582760138 56.00637979715057 56.3745449536488 55.204088390442514 60.156027434166276 61.31005631910631 48.005257895171525 34.052604802782824 75.26209208511541 27.560737725336846 37.97139040355344 26.06566285748584 14.026203881165056 92.07575277932767 68.45002636482418 46.40594030776351 92.43379081687225 76.57753134123125 61.99375880986989 38.846154909929005 64.34907890985906 0.0 63.73466599182802 51.87536629765463 58.29156676211015 58.16780747255771 58.17678440159766 37.00235846458612 73.13761644195637 46.28202280763686 20.802063703836396 28.617286711726234 37.57170243389394 78.01755693579516 60.53119259899209 42.7091868314124 20.346433599225573 37.39955267821109 69.1254090815452 102.72664834610853 38.48988568527526 8.632357642376144 32.594739262176766 66.67210501673962 101.10774093908408 52.39316245406166 36.421089556948765 47.98725440472325 75.32520118827159 106.95711201180302 74.93142970472991 64.57430056776867 71.5523171372949 92.00217681407295 119.17986257567853 100.45065873320887 92.75984397013708 97.53526540588231 113.21021540355017 136.06859766174261
6.210859179632563 21.421020509554893 56.851881396813624 27.69649727516015 37.20004213772749 31.670020784328493 9.330414295105152 7.410846753330382 29.831220035900653 14.08472331513714 34.74716358417352 16.089020058042998 52.46608868091041 15.719660781652909 46.49127392384161 66.40695920088531 37.69889921711697 50.10837571311163 34.76891322266689 41.88652562185207 40.80787095540893 29.118364345824403 53.96703044582101 10.315728876787029 26.58325013097558 7.409274862315299 63.73466599182802 0.0 24.742757512569938 16.61378754741669 37.98760905555247 7.353972862419696 37.24564020359546 14.573618007907504 38.358004379183406 53.644861309062975 36.09145345050092 29.900951354840494 14.704239572730257 14.531636132654107 106.35301222414195 76.47601595508911 52.73530984608652 45.91578023912032 61.88957042865721 97.57957564904689 63.84228739491161 32.011718269526256 19.196638359076562 45.903378013153635 96.50702536868238 62.20597636092183 28.64285958086181 12.887811118794552 43.66497803071745 103.37539465359168 72.31756615755542 46.561943464988936 38.74306174652789 56.823068712576074 116.79166818067397 90.31334413356471 71.1862061300147 66.1303349666656 77.93417676491069
18.54668955002303 9.407563290299695 35.85350697069336 33.497693918188865 35.159124409864766 23.604734631673274 16.239494049190064 21.661916786515192 6.610092738311328 12.156526403741621 13.928016596166714 16.306575360126054 30.11153632679214 27.28700512656884 46.178510236225485 43.38970248279856 28.701420175692515 38.11960758089108 59.39147887459042 22.703358491121065 16.2521392850907 50.74663023035218 34.70288348239127 15.956844491070752 15.61376153924748 19.69543048797319 51.87536629765463 24.742757512569938 0.0 9.268059845190287 14.947742519992834 17.629038655287236 16.451464680008982 25.090047428336742 13.873199335159997 35.59660471319004 24.31861216359858 14.76554728849392 33.483543794233576 12.10832275250983 93.56270383739687 69.33080343859008 57.046752668575195 64.00542636451519 85.63788967002172 79.45293655632942 48.86690559870219 29.29194075339164 41.50781996919403 70.58766492197509 73.90578176724745 39.30756035826816 4.79149469173322 29.92802931725456 64.52340547134372 78.75223513801555 47.729845613820586 27.371553074412432 40.188378987056936 69.82728568334274 92.37032375585301 67.72808873603215 55.10631996140424 62.29858906287021 84.38197142725637
10.781651307055014 12.21964496591211 40.74378288490976 32.7390635992915 37.51837870700357 20.403361792093502 10.00676910068565 15.70073596260544 13.295301770364867 2.9127680672040865 18.3317639098446 14.633693231659404 39.247343482220145 18.308516769400146 48.38465808508864 52.640438194853786 33.357063494429696 44.285356094170794 50.70050985177437 26.092132241204208 25.394400213812983 41.483683094577906 38.395947850817294 6.870149703207305 19.730654971457938 10.636774443093 58.29156676211015 16.61378754741669 9.268059845190287 0.0 21.374441857718608 10.418605051574149 24.981261782151496 16.08834534077655 23.06942486709143 43.70197080353578 29.78532229346444 20.798756145478045 24.21637740670022 2.8452263923140793 100.62806098743867 74.428171144399 57.860965178740386 59.59045690354036 78.41521821335554 87.90024480975174 56.23208344210216 31.503653054015974 34.896301816577115 61.95048331032084 83.14697273423265 48.54362692752219 13.942839356373542 20.66824223258955 55.27028241542239 87.67526043480169 55.88298865295292 30.882115954963943 34.34153880998746 61.642655902379055 100.23475159751845 73.90045555739584 57.18691619882607 58.94237514166185 77.92854381095606
32.07741883933023 23.854926404957936 21.066247991779036 47.84849315016208 47.62465506799728 21.553620911988183 30.51800787481604 36.171419015594374 8.499555789148376 23.989375968544344 5.018371267791475 31.22365930401395 28.392434872876617 35.40141880913913 58.369186007939234 38.61176192652752 39.29592411093491 45.688622924588486 71.61263891371087 10.318234654612024 12.247518873305255 60.37106044943019 20.69346466802228 27.96274301076843 28.33129216294541 31.59621636859288 58.16780747255771 37.98760905555247 14.947742519992834 21.374441857718608 0.0 31.497581470707598 21.54483804508622 33.52934683384211 11.903099565642567 38.67233216212889 34.339532915085286 25.70469431405448 43.215177303223136 23.620149750051304 97.26862811807172 77.3987541506197 70.10496479039575 78.95316871145637 99.73593849141749 79.15634337739417 53.145597901385166 42.166360957692916 55.9139424258017 82.8827814408799 68.29191187876472 35.17420958982157 14.335804800343583 39.606262953118595 72.98388395892674 68.23088109846174 35.05666053290653 14.047647764735853 39.50384811026317 72.92888502547461 78.99829678651764 52.91208115175355 41.87440497493428 55.69616931271442 82.73742069746937
1.5529575291137394 14.226131961573223 51.16203829963526 25.70915645508976 33.32804709145255 28.694002722964896 2.223024838098839 5.650469856041738 23.131384998831347 8.58592899915874 28.724150212703744 10.215627370715923 45.165869996844435 17.7978592370494 43.46222625540922 59.08251701316424 32.1532894591295 44.31253379312216 42.10020245801495 36.473326989821985 33.539139271495046 35.829035093721494 48.75267444597269 6.268840866811164 20.010883524852026 6.5587703769956 58.17678440159766 7.353972862419696 17.629038655287236 10.418605051574149 31.497581470707598 0.0 29.97944120637128 15.935649847119008 31.079515316337016 46.842771834981185 29.937006523835876 22.97521074862888 19.940322761122427 9.176181011273185 100.8856398980637 72.15363375608504 51.27564637470652 49.467640731763446 68.26209467599598 90.98793274448502 57.658401658067135 27.659096981168407 24.50320382020577 53.203715440724984 89.24003582391141 54.885028902834335 21.349516110942456 17.14906164800991 50.27158073280275 96.08782773603083 65.34363119207292 41.24970669777982 39.091113255351154 61.23332945446557 109.93630512194268 84.24185590378521 67.09816146330708 65.59275983559415 80.60664302372565
31.353660112599496 15.84822159069748 40.207512421651046 32.99324607057532 28.689091149533468 38.72735873926346 27.916760015182618 31.648196895340757 18.363993292673506 27.609977182825965 24.328779832517732 22.839043378671086 15.265175906481291 43.288675878728746 38.60284926900891 29.285050992589085 18.954235877238823 24.156663444422485 71.55948181481735 31.851031443416502 11.326949191046815 65.466838587303 41.39448896159937 30.815479505408472 13.427331178077603 34.234141220766766 37.00235846458612 37.24564020359546 16.451464680008982 24.981261782151496 21.54483804508622 29.97944120637128 0.0 41.067589119835326 10.145862338629783 19.210697661846822 13.975287500417608 9.081664393641415 48.62564685126184 27.74434554973638 77.65645193025979 55.89176254409392 51.1083035096558 67.04500897677117 93.66329453178946 63.03089760470569 32.94163055837814 24.336244593073076 49.94196015425536 82.40746794514901 59.26405110675689 25.074177252799675 11.834470856388219 45.235481209171624 79.66992245644418 68.18028988734257 41.888008845095236 35.432899499566325 56.13561414158113 86.26561139238152 85.91741211036542 66.80388686764387 62.75743552561828 76.21686784114472 100.37083734092626
14.577039648858515 27.207814358326797 48.721758938307154 41.253843530571366 49.25379610007431 19.778782526591552 17.803457628536698 20.26974400059754 27.208835240262637 13.524240246561664 29.033602615837705 25.849658600463716 55.20156022151254 2.222448735048034 59.36796459825846 68.35735456594479 47.39413211375815 59.13176706080383 39.59337863490956 33.81151836189813 40.56371828236154 26.841714282711376 44.781987276482454 11.144217780746759 34.31675554025681 9.382757709186222 73.13761644195637 14.573618007907504 25.090047428336742 16.08834534077655 33.52934683384211 15.935649847119008 41.067589119835326 0.0 38.41055629624785 59.656572506291745 44.544475659666375 36.248418540423266 9.874056621169244 13.336824806784083 115.7627316476263 87.90673850151717 66.70055479369232 59.70860949821067 71.2464510684683 103.9200142252963 71.76259835289447 43.5339661441647 32.177265497109325 50.69892644245944 98.88114367733363 64.32243587210536 29.86846209474273 6.459751473557528 39.826948666812335 101.66318041405354 68.48480545189352 37.944410772875166 24.17088011646036 46.08175330852013 111.68304444460905 82.51192162348306 59.48221979956922 51.6028507443551 64.6712950885289
