0.0 56.36348174695509 35.832105828247556 48.70659811283264 51.54256975273074 56.24626160973736 59.09734663178952 70.42272061072117 63.38195525441392 57.20890222460061 33.7042350713759 43.86999930009242 68.03717940375017 76.37809165671162 61.246174880918595 67.21824741391059 37.630532335403444 27.532827679799496 43.221769331178 75.2057352846895 53.05818361564835 12.009156846235841 84.24234833857724 60.79758805932552 20.862961551935218 27.8272664524316 77.25567747699483 8.896516840404196 20.736485695229472 21.620781809698652 37.89178071605766 56.79175117778612 72.40899870853852 47.89279924292674 52.5524387091212 77.8328555024893 34.40422197602709 90.16696405765788 52.72871789488642 41.33127069422168 42.18772809187137 74.78527682842649 27.024668296853104 23.56134841643138 15.341536998554837 60.13282847979838 28.96624969621897 35.832105828247556
56.36348174695509 0.0 30.85680345786883 38.70942724828763 5.853317941300932 50.26612804613648 15.975696621536603 81.98077972013162 66.40068313344166 64.99833843231492 44.11721373741667 54.92300987681711 28.177581574143904 21.25990419917782 83.49551762174018 10.935984194776202 43.31828947302319 83.77240663621332 49.7473624269672 19.46627332233065 53.414964661974075 45.7479775190557 81.82165991921002 8.628605609729245 40.761077369148076 57.64053070694459 84.06216768858542 57.30955397566323 35.64565704566084 77.65676521507862 19.167382871093146 11.549478432163077 30.669451759602616 52.79127395276319 67.64342985272317 37.14321057841408 68.24110473546722 94.76960768287007 18.5046709739145 77.80915099336401 24.15621266448274 40.540855507117676 32.6651170871477 41.06558367268988 41.52530811809786 60.582528783417274 85.19100296280112 30.85680345786883
35.832105828247556 30.85680345786883 0.0 15.8727154898451 29.168255975846243 27.315174483152123 25.83624298087283 54.78472674256252 41.11968201505699 37.70440218118366 13.299428214299208 25.39192386251617 32.59003305893381 51.83878503083616 53.70794318377219 39.58884086685862 13.179883162489029 60.26212446166268 20.712868530255477 49.71773371216653 27.607316978214012 23.88691222973346 60.28155731085028 38.70783688697071 15.106592534256182 27.259788775970687 58.65736822344705 32.60389771114539 21.181610879091053 53.971889695015854 15.0557018100189 38.16683902736437 36.97515241436463 24.9035599795173 38.434095769625884 42.107091262665314 37.59337219603305 70.80431651096532 18.6885252605748 47.08812080178464 7.758290487844648 39.023774351464404 9.940897624896124 35.256861264372326 26.56922119232209 35.784261911886574 61.55886055919571 0.0
48.70659811283264 38.70942724828763 15.8727154898451 0.0 39.24753651313244 12.235944243697135 26.936719992347086 43.273577955488385 27.852298318330032 26.375781168673722 16.29838468853358 18.755045573174076 26.800420852265187 57.424000821040735 46.08445662970477 44.33223645041471 12.486954222255001 69.9051578372741 13.68393599899774 54.860497994579966 14.709235660612407 37.434921039354286 45.34533415469771 47.31505907935982 28.241430584844835 30.87160434779371 45.62920623486677 43.414131097801935 36.86303913783985 63.811254084539435 28.74225311446585 48.56848224642215 30.660992570393248 14.91216650196122 30.033990978645342 33.796463312531635 38.589297387582405 56.98876440122029 20.858211930545497 46.85110378517795 16.550408898873325 28.184651924924147 25.478935504620072 51.103399270467435 41.8501745764429 22.085620267485652 71.0574466159783 15.8727154898451
51.54256975273074 5.853317941300932 29.168255975846243 39.24753651313244 0.0 51.229406924744765 19.90184795108176 82.24302082601388 67.09922782813415 65.11150007230331 42.426092547059284 54.13620043389695 32.56709181766813 25.01534145139333 82.68112473188229 16.422656341100083 42.1514406911022 79.04907271221688 49.11119257316702 23.678121233702726 53.79119812269648 41.375197565987676 83.55893127934974 9.943005335315009 37.221606441188385 55.04641594022794 84.87499926420368 53.08612967494253 30.819549988504942 73.00711687124044 15.628096166059642 9.332913968165716 35.4560463307617 52.57977248612107 67.0740712180582 42.01126852305042 65.79116554351208 96.02639074061963 20.543011902436593 75.40513287854036 23.455332613249684 44.70799964043015 29.269212072928966 35.3457352707043 36.47226746357728 61.32900330498391 80.47671616800724 29.168255975846243
56.24626160973736 50.26612804613648 27.315174483152123 12.235944243697135 51.229406924744765 0.0 37.02939852389092 32.34408076383802 16.24121335571958 16.59674610120929 22.572706410949483 16.179548506859312 33.26422241925443 67.8888261445084 37.90723441867207 54.81013465405511 18.755045573174076 74.07008525919179 13.754600829575816 65.2097371193387 5.991845639167168 46.00778516413342 33.163203374093825 58.89433086885086 37.1573380036217 33.32517601313182 33.79668697059043 49.60488078901726 47.47828723966971 68.32375307426173 40.923830176474844 60.51312332242048 36.21096662133283 10.578940504689145 22.610386511958918 37.29017201002744 37.978837243104905 44.829383306139576 31.915336193413772 44.476829593880716 28.78634950681003 29.801655642441187 36.20452556967786 61.97951042271898 51.829388404810445 10.431795384542362 75.07097679528518 27.315174483152123
59.09734663178952 15.975696621536603 25.83624298087283 26.936719992347086 19.90184795108176 37.02939852389092 0.0 69.35569009082096 53.238151326925674 52.95804933832149 37.382523845079405 45.18865882449231 12.754037554174165 30.86000820068964 73.01906330064904 17.799030156731785 35.260758852365605 85.21284474325475 39.917892513407295 28.185173186533564 41.19090886484634 47.28159302387511 66.96706008022413 23.884048525422635 39.82953738529147 52.55007048057979 70.47403336220985 57.58752832716213 39.829426107565084 78.92055268033695 22.558604387735276 27.521804831629876 16.097011580079997 41.83287825735474 56.96621525042044 22.657031128696424 62.28863598929582 80.44771587192854 7.2163921154117485 71.43807694376538 18.115920787240082 24.80840359928095 32.30352006186061 49.623411668148165 46.15950025166605 47.45326032316674 86.5612177000382 25.83624298087283
70.42272061072117 81.98077972013162 54.78472674256252 43.273577955488385 82.24302082601388 32.34408076383802 69.35569009082096 0.0 16.34055881946395 17.17194984778922 43.74804799396831 30.105400014931387 64.85409593906535 100.20642350427116 15.24081965144995 87.11346016959374 42.00838880280335 77.22259447648793 34.14834741928947 97.54074644107436 28.56583717789213 64.26485031673376 21.086788104184315 90.57882727996262 57.83519958128067 42.60717314501309 8.212764557724741 61.74435564587326 70.4691498066426 73.13491664417458 69.7776347808671 91.5721902642599 67.21159079355499 29.932674285984792 18.157765284851823 66.79921135993794 38.14332564856458 20.167726076091952 63.95848367434557 37.192324359241894 58.88522584505301 58.54084966080785 60.84736787429758 84.50785760743918 72.67756279742021 21.97390048666957 77.70500543232049 54.78472674256252
63.38195525441392 66.40068313344166 41.11968201505699 27.852298318330032 67.09922782813415 16.24121335571958 53.238151326925674 16.34055881946395 0.0 6.820476601329377 32.21533695117833 19.597964137307056 48.52574856557466 84.09601694003831 25.256742663182163 71.03032804870736 29.47197972200597 75.86414473054438 21.733240030959568 81.40236355369541 13.57173363747416 55.07709688810174 20.88550388015477 75.02748953642066 47.29671434503306 36.5167039502567 17.793404089571716 55.414133242737705 59.20205391524651 70.83213237450956 55.70627555295779 76.42073811891915 50.95732598210526 16.83573484332629 14.538083843768767 50.83658214971685 36.418544195758436 29.687756705536653 48.128341718528226 39.591551200834466 44.101009080877425 42.68373520765484 48.59654380322889 73.68925020141201 62.47419666269349 5.824036272133743 76.6216695709328 41.11968201505699
57.20890222460061 64.99833843231492 37.70440218118366 26.375781168673722 65.11150007230331 16.59674610120929 52.95804933832149 17.17194984778922 6.820476601329377 0.0 27.357424472179943 13.97093799095655 49.860703673573546 83.69223767171063 21.492688985896148 70.58567893265794 25.174101326083253 69.05714453160014 17.251455356548238 81.0832798875979 11.769571888748969 49.442367551593954 27.137245745376596 73.56904011678901 42.11218417794362 29.98724031818691 21.365408694101934 49.060240062664825 54.404918986155785 64.058650797905 52.6515081633708 74.43578408640649 52.75017026900548 12.803518765415477 8.061431009061323 53.44576283051753 29.60256892128008 34.09044495471638 47.20824779755352 33.073564722223516 41.724437616545565 45.59712433965674 44.25983467150778 68.74304048904727 57.23789288967899 7.9694332524944755 69.80841479109326 37.70440218118366
33.7042350713759 44.11721373741667 13.299428214299208 16.29838468853358 42.426092547059284 22.572706410949483 37.382523845079405 43.74804799396831 32.21533695117833 27.357424472179943 0.0 13.64362841048496 41.22690633861471 64.97200139543173 40.90848114727183 52.498311147800116 4.007797339362262 53.61497477152517 10.507667887059315 62.775791322488104 20.006576402313428 23.587532590887598 52.77087036399039 52.00655469487466 15.168676893400521 15.441205073299717 48.72152452070313 27.508563946007566 27.068707464225835 47.54204827251134 27.742829185602194 51.32447230820437 45.43170459200881 15.447328310963062 26.325701383812376 49.39315955635311 24.919397368086333 61.40838868730587 30.206831389138785 34.20249711010761 20.315232259317018 44.355609064918895 17.11721278011039 41.4938188918212 30.3144878645478 27.82543894090134 54.76161587246764 13.299428214299208
43.86999930009242 54.92300987681711 25.39192386251617 18.755045573174076 54.13620043389695 16.179548506859312 45.18865882449231 30.105400014931387 19.597964137307056 13.97093799095655 13.64362841048496 0.0 45.38227130177621 74.91880729232513 28.587040066325624 61.97951042271898 12.235944243697135 58.66170710937821 5.282698317677191 72.49468783947279 10.78898826784424 35.5515111798979 40.48115708635017 63.24899110516501 28.15143377793903 17.987738251922107 35.241711780749796 36.13173120081749 40.541711063952334 53.15142228773799 40.423360267644746 63.32309070863045 49.053184024972076 5.6006169676563005 13.042404649618607 51.442162114523114 21.822328707402242 48.041829740113016 38.54470660067696 28.867186816298723 30.828785452424448 44.720830240590054 30.74535252864822 54.81013465405511 43.26725477275734 16.415770543253295 59.585051851977425 25.39192386251617
68.03717940375017 28.177581574143904 32.59003305893381 26.800420852265187 32.56709181766813 33.26422241925443 12.754037554174165 64.85409593906535 48.52574856557466 49.860703673573546 41.22690633861471 45.38227130177621 0.0 38.43120997173864 71.07478005943817 26.587451654647765 38.12865297711295 92.81200544933122 40.45177548320917 35.58761789801314 38.602667875256785 56.0301191714283 58.94235101964607 35.288984340756265 47.634556108219 56.62556205868935 64.55328204503586 65.18627491274914 50.19323491441059 86.5302515439256 33.8945948707015 39.642803904459974 4.386511575508807 40.865512539832416 55.380718501054815 10.318234654612024 65.18060918063841 73.16626243997302 16.090845840959613 73.6328499071117 25.85927996011704 12.432988575147865 41.06215695502363 61.27977108090704 56.44469115506576 43.085949579396804 94.0938496932361 32.59003305893381
76.37809165671162 21.25990419917782 51.83878503083616 57.424000821040735 25.01534145139333 67.8888261445084 30.86000820068964 100.20642350427116 84.09601694003831 83.69223767171063 64.97200139543173 74.91880729232513 38.43120997173864 0.0 103.267123424316 13.107073877292617 63.81474975181743 103.9104994411098 69.65389866280884 2.8452263923140793 71.92657453197913 66.39008046269088 97.00568077461045 15.624577914774 61.93213032261391 78.83768769123063 101.25288343969196 78.09753335289675 55.72282623811811 97.92197750145246 40.25967209635588 20.56126474688833 38.5394601693166 72.14589272101668 87.24556266382139 43.455971593098965 89.37658329486703 110.87762610556408 36.5955158292194 98.91177832504573 44.71101836139817 49.93424916122667 53.86208122751992 58.16220694689233 61.15316035841137 78.31325024490644 105.3430429419199 51.83878503083616
61.246174880918595 83.49551762174018 53.70794318377219 46.08445662970477 82.68112473188229 37.90723441867207 73.01906330064904 15.24081965144995 25.256742663182163 21.492688985896148 40.90848114727183 28.587040066325624 71.07478005943817 103.267123424316 0.0 90.24057230820729 40.56447642376604 64.01868358718666 33.75098719843308 100.77813466803988 32.4895115572951 57.315212550470314 36.25378950660545 91.83602348451113 52.651399270889605 34.50192703972075 23.329906962615635 52.35217555301391 65.44317583772009 60.52561765172191 68.57748169978154 91.82091790614676 74.11711692298846 31.191715448517726 16.054271079304613 74.93825844915912 27.03445638152076 33.84580768820165 66.71016349831434 23.46625230314181 59.41577088988878 67.0694288276381 57.47731581652379 78.4924954927957 66.38902653977267 29.16868258354856 64.3546645400071 53.70794318377219
67.21824741391059 10.935984194776202 39.58884086685862 44.33223645041471 16.422656341100083 54.81013465405511 17.799030156731785 87.11346016959374 71.03032804870736 70.58567893265794 52.498311147800116 61.97951042271898 26.587451654647765 13.107073877292617 90.24057230820729 0.0 51.103399270467435 94.56686274285461 56.70359334506247 10.538552069844487 58.819644240381365 56.422194955501304 84.38749475520551 11.434750936707667 50.930661165149345 66.81130106863475 88.2616345269413 67.86351993058872 46.527660940689714 88.42024228536283 29.669515257718057 17.401228678020125 27.558876150172644 59.08921032758718 74.20490008445195 33.312465993802014 77.17262590259188 98.08373228230322 23.53387673221266 86.62732930250321 32.18422604810339 38.71057839464146 42.82380524915462 51.75049291744466 52.449298057313 65.23891148571266 95.98036322905277 39.58884086685862
37.630532335403444 43.31828947302319 13.179883162489029 12.486954222255001 42.1514406911022 18.755045573174076 35.260758852365605 42.00838880280335 29.47197972200597 25.174101326083253 4.007797339362262 12.235944243697135 38.12865297711295 63.81474975181743 40.56447642376604 51.103399270467435 0.0 57.517956797461494 7.923176428344685 61.5133355840944 16.688004954835137 27.261716366097914 49.720518627307065 51.47051189929333 18.53777858317441 18.59202226187103 46.4652411048304 31.516339233144926 29.793839638909017 51.47282139063005 28.19036885658529 51.258702849078674 42.251301430324595 12.65735122088643 25.273870475361342 45.94938768139841 27.266504229102125 58.97435379144996 28.20574648380242 36.21381930583636 19.180383099814808 40.65025211323401 19.159865051944763 44.33223645041471 33.511752804318775 24.733869380918495 58.64983656486427 13.179883162489029
27.532827679799496 83.77240663621332 60.26212446166268 69.9051578372741 79.04907271221688 74.07008525919179 85.21284474325475 77.22259447648793 75.86414473054438 69.05714453160014 53.61497477152517 58.66170710937821 92.81200544933122 103.9104994411098 64.01868358718666 94.56686274285461 57.517956797461494 0.0 60.32981073599706 102.72191163486049 69.34653463878654 38.289479778758405 95.3671907709331 88.32931691843393 45.4496562090939 40.79319073642291 85.1932600518704 27.692267621803552 48.2295230333601 6.298882600472537 65.0158560402732 84.25183266300972 97.18916574962721 63.94973995717779 62.095138346888 102.01427035127432 39.74543322239883 97.2529523825839 78.43893737396134 40.55285459745013 67.48573153898953 97.74672443662242 52.955766352644964 49.00342462570234 42.82121779788339 74.49560771345286 1.4394967903349822 60.26212446166268
43.221769331178 49.7473624269672 20.712868530255477 13.68393599899774 49.11119257316702 13.754600829575816 39.917892513407295 34.14834741928947 21.733240030959568 17.251455356548238 10.507667887059315 5.282698317677191 40.45177548320917 69.65389866280884 33.75098719843308 56.70359334506247 7.923176428344685 60.32981073599706 0.0 67.22188076188517 9.837602130798802 33.83161873134942 42.27009800276109 58.11817734900708 25.659872225288428 19.647464131099987 38.55067649411099 36.134079620355685 37.47604434931594 54.56936102366886 35.76313304047858 58.343709975617855 44.22767783469039 4.941418907133499 17.964542583503437 46.92769410130608 25.5431815617056 51.10221676160903 33.262065658523376 33.333960603070025 25.718980193599055 40.54516331323992 27.05086021666838 51.956036676357115 40.8192874135928 17.359810862374996 61.34189604789345 20.712868530255477
75.2057352846895 19.46627332233065 49.71773371216653 54.860497994579966 23.678121233702726 65.2097371193387 28.185173186533564 97.54074644107436 81.40236355369541 81.0832798875979 62.775791322488104 72.49468783947279 35.58761789801314 2.8452263923140793 100.77813466803988 10.538552069844487 61.5133355840944 102.72191163486049 67.22188076188517 0.0 69.31441185019891 64.98456384189295 94.18927531300726 14.821620321293087 60.22723609872798 76.82045272323954 98.51464971346508 76.63687711959236 54.49375338811659 96.68523445310848 38.60735331395873 20.256127467745618 35.70440160082366 69.62752808247359 84.74333485539726 40.664559262076935 87.29868582272475 108.0847284301043 34.072428522220754 96.80578822169812 42.47621300423632 47.0975343685992 52.13081124198202 57.61653415244999 60.06482242451827 75.62804173060168 104.15050276940119 49.71773371216653
53.05818361564835 53.414964661974075 27.607316978214012 14.709235660612407 53.79119812269648 5.991845639167168 41.19090886484634 28.56583717789213 13.57173363747416 11.769571888748969 20.006576402313428 10.78898826784424 38.602667875256785 71.92657453197913 32.4895115572951 58.819644240381365 16.688004954835137 69.34653463878654 9.837602130798802 69.31441185019891 0.0 43.54745173315915 33.097539853271556 62.01484301288977 35.128716180824505 28.570882767384333 31.303616036608997 45.88080934197582 46.413528041747874 63.75061390895779 42.13455743970051 63.123828524623974 41.75975007935425 5.415060413166987 16.849863577394167 43.133587097582996 32.3510971702713 43.216895254087795 35.47630547877245 38.56215535859279 30.611676731680795 35.751912794070265 35.489271268904425 60.969123948497746 50.186233445016306 8.20952190309947 70.29379998438088 27.607316978214012
12.009156846235841 45.7479775190557 23.88691222973346 37.434921039354286 41.375197565987676 46.00778516413342 47.28159302387511 64.26485031673376 55.07709688810174 49.442367551593954 23.587532590887598 35.5515111798979 56.0301191714283 66.39008046269088 57.315212550470314 56.422194955501304 27.261716366097914 38.289479778758405 33.83161873134942 64.98456384189295 43.54745173315915 0.0 75.9007293351554 51.02805443366227 9.202187969901445 22.83904340396456 70.3770947975011 11.790566845130215 11.38805364495056 32.07045726161544 26.778154347156896 47.688416710590005 60.403347289280845 38.72169597532825 46.107085821580064 65.8291060847024 32.22755019568191 83.29492451961698 40.7967637660368 40.91842953263355 30.186257850454883 62.89592568633662 15.059747894284852 21.348474977928035 9.331969726693009 51.160512489313064 39.682705494881674 23.88691222973346
84.24234833857724 81.82165991921002 60.28155731085028 45.34533415469771 83.55893127934974 33.163203374093825 66.96706008022413 21.086788104184315 20.88550388015477 27.137245745376596 52.77087036399039 40.48115708635017 58.94235101964607 97.00568077461045 36.25378950660545 84.38749475520551 49.720518627307065 95.3671907709331 42.27009800276109 94.18927531300726 33.097539853271556 75.9007293351554 0.0 90.33809638174442 67.92991788285126 57.11658877337405 13.6420595799248 76.18432621979557 79.49867555552346 90.67409660082778 74.07836154575294 92.68060249902501 60.01143624310752 37.32886417731495 33.30721882069605 57.610515872641265 55.62204884843955 14.782614312171436 63.35519091331901 56.74200584272578 61.855768210603614 49.39412730578841 68.57063343981349 94.04814502789611 83.08508684882769 24.988343526112157 96.0126720514523 60.28155731085028
60.79758805932552 8.628605609729245 38.70783688697071 47.31505907935982 9.943005335315009 58.89433086885086 23.884048525422635 90.57882727996262 75.02748953642066 73.56904011678901 52.00655469487466 63.24899110516501 35.288984340756265 15.624577914774 91.83602348451113 11.434750936707667 51.47051189929333 88.32931691843393 58.11817734900708 14.821620321293087 62.01484301288977 51.02805443366227 90.33809638174442 0.0 47.1505579211757 64.9325373043199 92.69056815514325 62.788063142322684 40.19628244396079 82.36943860188528 25.56976932071809 6.078256577723076 37.1644396025088 61.2872467695142 76.05553694311459 43.3697928428137 75.65381239740384 103.36714785770495 27.09562636358322 85.2619332070063 32.42059487594552 47.71837815683887 39.211738754064925 42.801817472849 45.54485737423941 69.20996700893555 89.76347384852646 38.70783688697071
20.862961551935218 40.761077369148076 15.106592534256182 28.241430584844835 37.221606441188385 37.1573380036217 39.82953738529147 57.83519958128067 47.29671434503306 42.11218417794362 15.168676893400521 28.15143377793903 47.634556108219 61.93213032261391 52.651399270889605 50.930661165149345 18.53777858317441 45.4496562090939 25.659872225288428 60.22723609872798 35.128716180824505 9.202187969901445 67.92991788285126 47.1505579211757 0.0 19.522128663941924 63.378105340708906 17.771881592909242 12.818903609331054 39.15095778011721 21.68120703305582 44.77321315430369 52.02094281176068 30.601054201584365 39.83074245584072 57.21366111705791 30.17129745403054 76.19322248616713 32.99155968819822 39.62201052493419 22.04661011238117 53.93452119701599 8.11186822500133 26.69608054584954 15.177531987316296 42.99409146396858 46.78018543924114 15.106592534256182
27.8272664524316 57.64053070694459 27.259788775970687 30.87160434779371 55.04641594022794 33.32517601313182 52.55007048057979 42.60717314501309 36.5167039502567 29.98724031818691 15.441205073299717 17.987738251922107 56.62556205868935 78.83768769123063 34.50192703972075 66.81130106863475 18.59202226187103 40.79319073642291 19.647464131099987 76.82045272323954 28.570882767384333 22.83904340396456 57.11658877337405 64.9325373043199 19.522128663941924 0.0 49.46182949784576 19.272410539547362 31.800987891807225 35.1868824997543 39.51728189223793 63.30638783499427 60.79551948261879 23.164857871229074 24.752370076832538 64.53206407160806 10.813350226210192 62.356649593789854 45.33748334787738 20.416886756846154 34.89220795423076 59.019233378551114 26.28061785343003 44.11885433661702 32.014924279232716 34.22192121877174 41.76615024642442 27.259788775970687
77.25567747699483 84.06216768858542 58.65736822344705 45.62920623486677 84.87499926420368 33.79668697059043 70.47403336220985 8.212764557724741 17.793404089571716 21.365408694101934 48.72152452070313 35.241711780749796 64.55328204503586 101.25288343969196 23.329906962615635 88.2616345269413 46.4652411048304 85.1932600518704 38.55067649411099 98.51464971346508 31.303616036608997 70.3770947975011 13.6420595799248 92.69056815514325 63.378105340708906 49.46182949784576 0.0 68.72067857396743 75.7564451227594 80.97269968750265 73.39417411172265 94.19109349919619 66.43232471529987 33.89305189919462 24.70970930263501 65.22065570211254 45.84705401810701 12.939230621372536 65.69028829890476 45.34406652363581 61.88679826586882 56.87023147720866 65.5967094561695 90.05117912686941 78.44204175685823 23.54636166313291 85.70742894124061 58.65736822344705
8.896516840404196 57.30955397566323 32.60389771114539 43.414131097801935 53.08612967494253 49.60488078901726 57.58752832716213 61.74435564587326 55.414133242737705 49.060240062664825 27.508563946007566 36.13173120081749 65.18627491274914 78.09753335289675 52.35217555301391 67.86351993058872 31.516339233144926 27.692267621803552 36.134079620355685 76.63687711959236 45.88080934197582 11.790566845130215 76.18432621979557 62.788063142322684 17.771881592909242 19.272410539547362 68.72067857396743 0.0 23.06579407311529 21.394087798813768 38.20207066053271 59.47646050503448 69.56913322195301 40.56763294793888 44.01565190825714 74.53528630244818 25.521624313546592 81.59937125579555 50.761947800501595 32.72010351161828 39.79493760476572 70.66215593849662 25.462225676835125 30.17807357914065 19.532234698039808 52.53351711683943 29.01381151802191 32.60389771114539
20.736485695229472 35.64565704566084 21.181610879091053 36.86303913783985 30.819549988504942 47.47828723966971 39.829426107565084 70.4691498066426 59.20205391524651 54.404918986155785 27.068707464225835 40.541711063952334 50.19323491441059 55.72282623811811 65.44317583772009 46.527660940689714 29.793839638909017 48.2295230333601 37.47604434931594 54.49375338811659 46.413528041747874 11.38805364495056 79.49867555552346 40.19628244396079 12.818903609331054 31.800987891807225 75.7564451227594 23.06579407311529 0.0 42.202354513523154 17.62630195688217 36.52644835052192 54.4382346039654 42.36857290937677 52.55623491414956 60.39982358763113 42.07866306954271 88.47474462653443 34.20534438900264 51.226395941058904 25.000265140419856 58.808933032836244 11.388053644950501 14.558792695752379 6.330076567310239 54.520468458886626 49.65731268827116 21.181610879091053
21.620781809698652 77.65676521507862 53.971889695015854 63.811254084539435 73.00711687124044 68.32375307426173 78.92055268033695 73.13491664417458 70.83213237450956 64.058650797905 47.54204827251134 53.15142228773799 86.5302515439256 97.92197750145246 60.52561765172191 88.42024228536283 51.47282139063005 6.298882600472537 54.56936102366886 96.68523445310848 63.75061390895779 32.07045726161544 90.67409660082778 82.36943860188528 39.15095778011721 35.1868824997543 80.97269968750265 21.394087798813768 42.202354513523154 0.0 58.828471912901094 78.41253086146001 90.90883087065338 58.339259980331924 57.36860797570258 95.76300740967538 35.18538175285358 93.26680781660205 72.14068734295405 37.21078379928704 61.186943141451174 91.57033201971532 46.67429130048423 43.852830392627716 36.96133918255655 69.1851436242941 7.643145901472772 53.971889695015854
37.89178071605766 19.167382871093146 15.0557018100189 28.74225311446585 15.628096166059642 40.923830176474844 22.558604387735276 69.7776347808671 55.70627555295779 52.6515081633708 27.742829185602194 40.423360267644746 33.8945948707015 40.25967209635588 68.57748169978154 29.669515257718057 28.19036885658529 65.0158560402732 35.76313304047858 38.60735331395873 42.13455743970051 26.778154347156896 74.07836154575294 25.56976932071809 21.68120703305582 39.51728189223793 73.39417411172265 38.20207066053271 17.62630195688217 58.828471912901094 0.0 23.8570098494786 37.92854146143625 39.852819628825955 53.46392444811347 44.21282315395521 50.29953374287015 85.30300759658364 17.877641709083083 59.916838494428276 12.440781201942325 43.96027223179162 13.65859145164977 27.387289515804394 23.9041971002946 50.18196034761685 66.41966961931207 15.0557018100189
56.79175117778612 11.549478432163077 38.16683902736437 48.56848224642215 9.332913968165716 60.51312332242048 27.521804831629876 91.5721902642599 76.42073811891915 74.43578408640649 51.32447230820437 63.32309070863045 39.642803904459974 20.56126474688833 91.82091790614676 17.401228678020125 51.258702849078674 84.25183266300972 58.343709975617855 20.256127467745618 63.123828524623974 47.688416710590005 92.68060249902501 6.078256577723076 44.77321315430369 63.30638783499427 94.19109349919619 59.47646050503448 36.52644835052192 78.41253086146001 23.8570098494786 0.0 41.922036437140555 61.879999185045584 76.2964753876367 48.29363963685849 74.10836077718841 105.28076303656265 29.40758087072652 83.7215886090976 32.750008024507295 52.041211130628746 37.13135206629688 37.62700090256766 41.45267333977348 70.64476840932892 85.69048243738996 38.16683902736437
72.40899870853852 30.669451759602616 36.97515241436463 30.660992570393248 35.4560463307617 36.21096662133283 16.097011580079997 67.21159079355499 50.95732598210526 52.75017026900548 45.43170459200881 49.053184024972076 4.386511575508807 38.5394601693166 74.11711692298846 27.558876150172644 42.251301430324595 97.18916574962721 44.22767783469039 35.70440160082366 41.75975007935425 60.403347289280845 60.01143624310752 37.1644396025088 52.02094281176068 60.79551948261879 66.43232471529987 69.56913322195301 54.4382346039654 90.90883087065338 37.92854146143625 41.922036437140555 0.0 44.35676303670363 58.60234138318261 6.581574026636754 69.18111852296366 74.46295719326463 20.256627803809145 77.50589857509348 30.224665194926096 11.398091217680324 45.42228146115375 65.2824808943201 60.70774797553574 45.69233248011494 98.46893943578836 36.97515241436463
47.89279924292674 52.79127395276319 24.9035599795173 14.91216650196122 52.57977248612107 10.578940504689145 41.83287825735474 29.932674285984792 16.83573484332629 12.803518765415477 15.447328310963062 5.6006169676563005 40.865512539832416 72.14589272101668 31.191715448517726 59.08921032758718 12.65735122088643 63.94973995717779 4.941418907133499 69.62752808247359 5.415060413166987 38.72169597532825 37.32886417731495 61.2872467695142 30.601054201584365 23.164857871229074 33.89305189919462 40.56763294793888 42.36857290937677 58.339259980331924 39.852819628825955 61.879999185045584 44.35676303670363 0.0 15.137547146524128 46.38993823161057 27.412344074447297 46.32735054637152 35.556281250327444 34.212876807578965 29.13000210806605 39.44131909488705 31.81272094281052 56.86739922772403 45.76037756978662 12.44102224202118 64.90486462059546 24.9035599795173
52.5524387091212 67.64342985272317 38.434095769625884 30.033990978645342 67.0740712180582 22.610386511958918 56.96621525042044 18.157765284851823 14.538083843768767 8.061431009061323 26.325701383812376 13.042404649618607 55.380718501054815 87.24556266382139 16.054271079304613 74.20490008445195 25.273870475361342 62.095138346888 17.964542583503437 84.74333485539726 16.849863577394167 46.107085821580064 33.30721882069605 76.05553694311459 39.83074245584072 24.752370076832538 24.70970930263501 44.01565190825714 52.55623491414956 57.36860797570258 53.46392444811347 76.2964753876367 58.60234138318261 15.137547146524128 0.0 59.90055640856881 22.36558210862943 37.61463332280587 50.671510928209976 25.070031538358105 43.67794265036513 52.33364430980377 43.39418621729597 66.44739044868413 54.56169396911076 15.767633539657243 62.77049628727753 38.434095769625884
77.8328555024893 37.14321057841408 42.107091262665314 33.796463312531635 42.01126852305042 37.29017201002744 22.657031128696424 66.79921135993794 50.83658214971685 53.44576283051753 49.39315955635311 51.442162114523114 10.318234654612024 43.455971593098965 74.93825844915912 33.312465993802014 45.94938768139841 102.01427035127432 46.92769410130608 40.664559262076935 43.133587097582996 65.8291060847024 57.610515872641265 43.3697928428137 57.21366111705791 64.53206407160806 65.22065570211254 74.53528630244818 60.39982358763113 95.76300740967538 44.21282315395521 48.29363963685849 6.581574026636754 46.38993823161057 59.90055640856881 0.0 72.31277605147481 72.29024888450522 26.394429560246827 80.23189870702352 35.79895988059531 8.351983510480746 50.98158354560753 71.59766886483276 66.62135298298627 45.95898280153958 103.2632157250294 42.107091262665314
34.40422197602709 68.24110473546722 37.59337219603305 38.589297387582405 65.79116554351208 37.978837243104905 62.28863598929582 38.14332564856458 36.418544195758436 29.60256892128008 24.919397368086333 21.822328707402242 65.18060918063841 89.37658329486703 27.03445638152076 77.17262590259188 27.266504229102125 39.74543322239883 25.5431815617056 87.29868582272475 32.3510971702713 32.22755019568191 55.62204884843955 75.65381239740384 30.17129745403054 10.813350226210192 45.84705401810701 25.521624313546592 42.07866306954271 35.18538175285358 50.29953374287015 74.10836077718841 69.18111852296366 27.412344074447297 22.36558210862943 72.31277605147481 0.0 58.31101054087516 55.12366468976656 9.617493320915827 45.05604870298452 66.08664670924755 37.09258878809383 53.52798531618893 41.55819188439552 35.82556870554651 40.40657622010456 37.59337219603305
90.16696405765788 94.76960768287007 70.80431651096532 56.98876440122029 96.02639074061963 44.829383306139576 80.44771587192854 20.167726076091952 29.687756705536653 34.09044495471638 61.40838868730587 48.041829740113016 73.16626243997302 110.87762610556408 33.84580768820165 98.08373228230322 58.97435379144996 97.2529523825839 51.10221676160903 108.0847284301043 43.216895254087795 83.29492451961698 14.782614312171436 103.36714785770495 76.19322248616713 62.356649593789854 12.939230621372536 81.59937125579555 88.47474462653443 93.26680781660205 85.30300759658364 105.28076303656265 74.46295719326463 46.32735054637152 37.61463332280587 72.29024888450522 58.31101054087516 0.0 76.27182806602148 56.94459540285476 73.4773555240299 64.03052399373107 78.13420270102397 102.83337848720824 91.29347773223823 35.121132508394425 97.6960373607312 70.80431651096532
52.72871789488642 18.5046709739145 18.6885252605748 20.858211930545497 20.543011902436593 31.915336193413772 7.2163921154117485 63.95848367434557 48.128341718528226 47.20824779755352 30.206831389138785 38.54470660067696 16.090845840959613 36.5955158292194 66.71016349831434 23.53387673221266 28.20574648380242 78.43893737396134 33.262065658523376 34.072428522220754 35.47630547877245 40.7967637660368 63.35519091331901 27.09562636358322 32.99155968819822 45.33748334787738 65.69028829890476 50.761947800501595 34.20534438900264 72.14068734295405 17.877641709083083 29.40758087072652 20.256627803809145 35.556281250327444 50.671510928209976 26.394429560246827 55.12366468976656 76.27182806602148 0.0 64.3200494367971 11.038266642577339 26.323292728900295 25.73934057003408 45.25354767752103 40.494700427587006 42.304560988720866 79.77162494238115 18.6885252605748
41.33127069422168 77.80915099336401 47.08812080178464 46.85110378517795 75.40513287854036 44.476829593880716 71.43807694376538 37.192324359241894 39.591551200834466 33.073564722223516 34.20249711010761 28.867186816298723 73.6328499071117 98.91177832504573 23.46625230314181 86.62732930250321 36.21381930583636 40.55285459745013 33.333960603070025 96.80578822169812 38.56215535859279 40.91842953263355 56.74200584272578 85.2619332070063 39.62201052493419 20.416886756846154 45.34406652363581 32.72010351161828 51.226395941058904 37.21078379928704 59.916838494428276 83.7215886090976 77.50589857509348 34.212876807578965 25.070031538358105 80.23189870702352 9.617493320915827 56.94459540285476 64.3200494367971 0.0 54.463139185959584 73.58678004801365 46.68085443461452 61.98665413689877 50.216607362872075 40.348677775486784 40.89376594395754 47.08812080178464
42.18772809187137 24.15621266448274 7.758290487844648 16.550408898873325 23.455332613249684 28.78634950681003 18.115920787240082 58.88522584505301 44.101009080877425 41.724437616545565 20.315232259317018 30.828785452424448 25.85927996011704 44.71101836139817 59.41577088988878 32.18422604810339 19.180383099814808 67.48573153898953 25.718980193599055 42.47621300423632 30.611676731680795 30.186257850454883 61.855768210603614 32.42059487594552 22.04661011238117 34.89220795423076 61.88679826586882 39.79493760476572 25.000265140419856 61.186943141451174 12.440781201942325 32.750008024507295 30.224665194926096 29.13000210806605 43.67794265036513 35.79895988059531 45.05604870298452 73.4773555240299 11.038266642577339 54.463139185959584 0.0 33.80867043554433 15.205876879577252 37.75281719233195 31.05291836501801 38.43081593725236 68.80837265921762 7.758290487844648
74.78527682842649 40.540855507117676 39.023774351464404 28.184651924924147 44.70799964043015 29.801655642441187 24.80840359928095 58.54084966080785 42.68373520765484 45.59712433965674 44.355609064918895 44.720830240590054 12.432988575147865 49.93424916122667 67.0694288276381 38.71057839464146 40.65025211323401 97.74672443662242 40.54516331323992 47.0975343685992 35.751912794070265 62.89592568633662 49.39412730578841 47.71837815683887 53.93452119701599 59.019233378551114 56.87023147720866 70.66215593849662 58.808933032836244 91.57033201971532 43.96027223179162 52.041211130628746 11.398091217680324 39.44131909488705 52.33364430980377 8.351983510480746 66.08664670924755 64.03052399373107 26.323292728900295 73.58678004801365 33.80867043554433 0.0 48.54475713352342 71.09625906772443 64.82512325416243 37.964409674056014 98.94149338883786 39.023774351464404
27.024668296853104 32.6651170871477 9.940897624896124 25.478935504620072 29.269212072928966 36.20452556967786 32.30352006186061 60.84736787429758 48.59654380322889 44.25983467150778 17.11721278011039 30.74535252864822 41.06215695502363 53.86208122751992 57.47731581652379 42.82380524915462 19.159865051944763 52.955766352644964 27.05086021666838 52.13081124198202 35.489271268904425 15.059747894284852 68.57063343981349 39.211738754064925 8.11186822500133 26.28061785343003 65.5967094561695 25.462225676835125 11.388053644950501 46.67429130048423 13.65859145164977 37.13135206629688 45.42228146115375 31.81272094281052 43.39418621729597 50.98158354560753 37.09258878809383 78.13420270102397 25.73934057003408 46.68085443461452 15.205876879577252 48.54475713352342 0.0 25.78474491770601 16.62994304699084 43.67037737606322 54.317355325668125 9.940897624896124
23.56134841643138 41.06558367268988 35.256861264372326 51.103399270467435 35.3457352707043 61.97951042271898 49.623411668148165 84.50785760743918 73.68925020141201 68.74304048904727 41.4938188918212 54.81013465405511 61.27977108090704 58.16220694689233 78.4924954927957 51.75049291744466 44.33223645041471 49.00342462570234 51.956036676357115 57.61653415244999 60.969123948497746 21.348474977928035 94.04814502789611 42.801817472849 26.69608054584954 44.11885433661702 90.05117912686941 30.17807357914065 14.558792695752379 43.852830392627716 27.387289515804394 37.62700090256766 65.2824808943201 56.86739922772403 66.44739044868413 71.59766886483276 53.52798531618893 102.83337848720824 45.25354767752103 61.98665413689877 37.75281719233195 71.09625906772443 25.78474491770601 0.0 12.108616760519721 69.0650492632969 50.42260044221294 35.256861264372326
15.341536998554837 41.52530811809786 26.56922119232209 41.8501745764429 36.47226746357728 51.829388404810445 46.15950025166605 72.67756279742021 62.47419666269349 57.23789288967899 30.3144878645478 43.26725477275734 56.44469115506576 61.15316035841137 66.38902653977267 52.449298057313 33.511752804318775 42.82121779788339 40.8192874135928 60.06482242451827 50.186233445016306 9.331969726693009 83.08508684882769 45.54485737423941 15.177531987316296 32.014924279232716 78.44204175685823 19.532234698039808 6.330076567310239 36.96133918255655 23.9041971002946 41.45267333977348 60.70774797553574 45.76037756978662 54.56169396911076 66.62135298298627 41.55819188439552 91.29347773223823 40.494700427587006 50.216607362872075 31.05291836501801 64.82512325416243 16.62994304699084 12.108616760519721 0.0 58.12619272886818 44.25844395972504 26.56922119232209
60.13282847979838 60.582528783417274 35.784261911886574 22.085620267485652 61.32900330498391 10.431795384542362 47.45326032316674 21.97390048666957 5.824036272133743 7.9694332524944755 27.82543894090134 16.415770543253295 43.085949579396804 78.31325024490644 29.16868258354856 65.23891148571266 24.733869380918495 74.49560771345286 17.359810862374996 75.62804173060168 8.20952190309947 51.160512489313064 24.988343526112157 69.20996700893555 42.99409146396858 34.22192121877174 23.54636166313291 52.53351711683943 54.520468458886626 69.1851436242941 50.18196034761685 70.64476840932892 45.69233248011494 12.44102224202118 15.767633539657243 45.95898280153958 35.82556870554651 35.121132508394425 42.304560988720866 40.348677775486784 38.43081593725236 37.964409674056014 43.67037737606322 69.0650492632969 58.12619272886818 0.0 75.34279470237584 35.784261911886574
