0.0 44.95721072712436 33.69400424233087 10.036847978816153 59.24807766609287 17.6881291843252 23.964311118665005 43.18570438831953 5.018476853507367 27.368636945673547 15.076591909089661 9.481259354810225 19.21557953313854 34.344810011779046 14.56929256879056 35.91278291264019 31.729599889360287 14.89566532825975 26.111204990077088 58.803556327689414 11.389827930937523 47.43453644877505 38.946337361471365 26.52379433430399 57.699863759477935 18.481092305203124 30.16136831787315 45.369766724909674 13.485907394441128 28.210610926685 12.373399332413053 10.268909788957913 16.659484561279847 32.47219494180745 19.31825138479329 38.313137879725204 23.967681257148683 13.989739532996085 30.966616445254786 53.57221001779424 20.723593004932585 10.853562916486338 17.426995339230402 60.92052104176108 48.604613628758244 48.14840777961829 61.260779491505765 39.60688009298414
44.95721072712436 0.0 29.52845773470744 34.95133294915601 20.209047561986363 53.712288732128265 28.485981404842928 71.89247005136802 39.95221134500602 55.9493375465998 33.483584316520485 37.07182997543683 63.99746135022654 27.739341454311997 59.52343787821321 24.209353266828025 15.395511401798613 34.040867355033605 61.31475631161315 21.47582397394094 50.5066266636399 2.8303818309425304 29.07529030276057 31.959126620510002 14.617458002276527 50.55253688067199 71.24668643657915 76.72027551791133 47.14898377709792 53.1964706027557 33.52410811557308 35.936525064933306 61.61659888814049 30.27716103995595 63.983168291046645 19.930352021051913 21.375404728178058 34.418319789460384 61.7803650477994 20.444873891776233 32.63004617423747 39.72942747735785 55.65397161549153 22.941815974635006 75.06518244191503 4.013106212398596 66.63779767402556 31.65530177633885
33.69400424233087 29.52845773470744 0.0 26.390900660074184 32.11337785228494 49.93944344665006 10.32041671688638 74.35859322794823 29.84510581981737 57.32508955708959 33.10749879651656 31.93699292999181 51.03906722817074 1.8903477343049615 45.52429146234182 5.67008603143942 29.25897169227523 18.904054021540375 37.1771257753386 30.61071864031788 44.21722786653448 32.22135673133746 5.31743112028218 41.20548917606164 34.68845945490268 48.97227895557008 49.40317355144716 77.55695308534415 43.87793677898308 56.453530979619806 29.584768221347712 23.977714181103927 47.563685239694586 1.4226131961577468 47.87760126937552 10.392963123407892 25.129092048256865 19.843836831744024 35.49442366342726 24.445435645646985 12.976913122331457 23.303816163233023 50.464283643616604 32.649413269387445 46.2992648743871 29.980198305028964 38.77905712415919 6.097713531791379
10.036847978816153 34.95133294915601 26.390900660074184 0.0 49.472228911105695 23.651137316948034 16.094383760608242 48.04150667991662 5.018371267791464 31.106347050386244 9.412986718650965 5.760087848701967 29.22441350560859 26.6346302441134 24.580517985465317 27.510633779864175 22.250097603467914 8.305920899728141 31.391932471388795 49.14564440405397 18.279211250965165 37.45985781856226 31.35719202226935 21.229527609458632 47.694027546901765 22.599666104422436 38.24387654474613 51.1663852857511 17.487067172783064 30.637213016792742 5.056189908032734 3.754792535996626 26.682987503238397 25.376907822858602 29.10148830364929 29.26698202675519 14.246273597218918 7.446154063544785 34.713029126456824 44.123230603494974 14.223100885765865 9.01977665865751 24.44496016778378 51.246793678767006 51.740929976873176 38.11338259196368 58.941271469651525 32.485285415574346
59.24807766609287 20.209047561986363 32.11337785228494 49.472228911105695 0.0 71.13814695326145 37.242169149710094 91.24155491593102 54.34840082714929 74.80293038015434 50.80351572868536 53.118122722927204 78.3655799930356 30.340955418764914 73.28846469398214 26.84407848176925 34.55229326127023 45.540578416613215 69.09072997200064 2.5703894341362923 66.99054992232706 20.075953331515695 28.38279761591475 51.55946445030764 8.153385735911916 68.50350729207383 80.865883542256 95.81176884066771 64.46456399399831 72.38154045193293 49.64588772606712 49.1430972681507 75.42172206212915 33.44170552806223 76.86164388596252 22.60027279457407 38.340776641359504 46.239104091214145 67.60214388029853 8.088551471563715 41.63257425002334 51.27443260786291 72.70302339538239 2.849767617049031 77.10603281623212 16.35796938516729 60.34885923673729 30.25321084148556
17.6881291843252 53.712288732128265 49.93944344665006 23.651137316948034 71.13814695326145 0.0 39.70301916441856 25.50200745110842 20.270979255293497 10.693997717252186 20.395004351901214 18.5706526079218 18.632042024477407 50.2650153287479 18.921794975116107 51.12271662890602 38.49203334827351 31.18871912251167 40.304518360654676 71.20214239153152 6.334322417652629 55.653772124230805 54.982240611699034 25.148667072510992 67.90367650089775 4.3559495628032625 39.274662509467525 27.84074589420211 6.673665473408298 13.06839788775281 21.767263010435776 26.028357712871887 19.59667151055105 48.85776083162686 24.225666762737607 52.56335982163816 32.879382488632785 30.242250421742565 46.23726069663145 66.72441202665486 37.29537224704419 28.318099787262927 2.8490522057911307 73.22839570162331 63.640868562516 57.480199305159836 78.86699227476008 56.01145426856271
23.964311118665005 28.485981404842928 10.32041671688638 16.094383760608242 37.242169149710094 39.70301916441856 0.0 64.03846767017444 19.786178092964654 47.01068699395439 23.003323321654587 21.61657776793753 42.179986394387115 10.567534646505377 36.814186689815685 11.978628036629608 22.940417676580772 9.088830541693735 33.09992803934793 36.324388237797244 34.09391284779877 31.315317198567218 15.279735015521524 32.01741592717192 37.669668231549615 38.656931699486535 43.98603053613839 67.25601145166338 33.57725817976589 46.19618904686104 19.324563182910005 13.908719393548916 38.918933805204716 9.397781015809768 39.87757363891263 14.950402699215859 16.85443432925699 9.977377002731846 33.295726088257 30.592489962220526 4.4466265739064 14.349143112861436 40.329462658807834 38.45563180951581 47.29832645470125 30.28008652118061 46.271186961238676 16.417610365794342
43.18570438831953 71.89247005136802 74.35859322794823 48.04150667991662 91.24155491593102 25.50200745110842 64.03846767017444 0.0 45.40095470144463 17.105089969415914 42.03915188176988 42.42278987462532 37.965885233060455 74.44635344693845 41.10753153698531 74.76798186218554 56.750148503430566 56.06930127816689 64.12943359294441 91.79158834691344 31.82826009872493 73.16321580608492 79.1584798378846 39.94163454388235 86.50836184986758 25.473104542589436 59.98691458964006 5.829021135254395 30.679563631970872 18.89202824159766 44.93183257744945 50.91560457018527 40.76670978049076 73.39371329175775 44.994188962846806 75.44014481241382 53.64434511359342 55.13587206102935 70.47227418305006 88.17257402321665 62.15678322144641 53.71175965864195 26.22122160979409 93.65966150119384 87.33304083673069 75.8948304366374 104.33912529978394 80.45475847957906
5.018476853507367 39.95221134500602 29.84510581981737 5.018371267791464 54.34840082714929 20.270979255293497 19.786178092964654 45.40095470144463 0.0 28.863386279075577 11.521852543456705 6.028479628890605 24.217089030047585 30.320460731684182 19.57173583215971 31.593086576321316 26.93910140471898 10.96642858394866 28.433819288694025 53.957492713359386 14.378046500039824 42.44338756644134 34.99852241128971 23.49218780373202 52.69548479135683 20.023323936916547 34.07350073509512 48.093240280911424 14.786040555908302 29.01736468658591 8.008716600498381 5.88181366927921 21.669787002017678 28.706495219009234 24.184139328870902 33.7203664878505 19.065905289167908 10.020271957496174 32.50893239044263 48.818632856243504 17.050448090377746 8.625984231207196 20.625725638389554 56.06787684089168 49.946610407525064 43.13072037226004 59.903184358677336 35.87275776782544
27.368636945673547 55.9493375465998 57.32508955708959 31.106347050386244 74.80293038015434 10.693997717252186 47.01068699395439 17.105089969415914 28.863386279075577 0.0 24.967523893098896 25.421534551832455 28.267997439161338 57.37476714267023 29.38102652777727 57.663112535114415 40.596448968766424 39.25592748405867 50.98338744377303 75.21652610118045 16.594971243103657 57.469636512921355 62.08119927316599 24.475276627063714 70.52813586762866 8.914068637027176 49.66637542809563 21.067387706951372 14.106564420769544 4.025785316874515 27.8371769812257 34.14689216248539 29.824991163814634 56.387998942873544 34.45245244970428 58.371978053117104 36.80331483292105 38.335639216738016 56.85677595352425 71.37062437478765 45.299755782350665 37.3880827376156 12.76442582909916 77.13515900213292 74.30765054158147 59.906549019162405 88.53930356985923 63.416616059282205
15.076591909089661 33.483584316520485 33.10749879651656 9.412986718650965 50.80351572868536 20.395004351901214 23.003323321654587 42.03915188176988 11.521852543456705 24.967523893098896 0.0 5.643546742942654 31.943285386901824 32.91638449865123 28.470161229405576 32.861654350594144 18.588505448405115 17.12477773553887 39.928027371556375 50.952942201159956 17.117371969655395 35.56532990393377 37.553028770466724 12.037630347120423 47.53526480182571 17.754713156737864 45.21371193303405 45.91569290861171 13.745437386150757 23.54361448676027 4.379745240426219 13.159736192440663 30.35563054607832 32.33889110705674 33.783146044517764 33.40537018713239 12.489045864955559 16.40230103538815 43.751637594869955 46.7192111992621 22.411219281947893 18.373287388736838 22.192922249438308 52.95242515448491 60.97996765754304 37.176057356475006 67.85091703917806 39.11542430444898
9.481259354810225 37.07182997543683 31.93699292999181 5.760087848701967 53.118122722927204 18.5706526079218 21.61657776793753 42.42278987462532 6.028479628890605 25.421534551832455 5.643546742942654 0.0 27.21127451811513 32.068765474103756 23.326451433238603 32.663344679896035 22.917524869685057 14.057084954638531 34.4489752697472 53.01018117087543 13.874154521261755 39.36413628091645 36.79078913726741 17.488379432415876 50.598427246005244 17.072006507353258 39.58073063419118 45.71011350834691 12.114266789138215 24.87809822019092 3.5565329903929532 9.21481912015072 25.294272670561245 30.97521771036379 28.4766046587404 33.99271355425019 15.698582111969207 13.18170484338299 38.511410868205466 48.314268980339136 19.97366548992092 13.79521993775162 19.741444490954212 55.073552291431156 55.89887092774702 40.54925957926096 64.55140045134867 38.0339734033291
19.21557953313854 63.99746135022654 51.03906722817074 29.22441350560859 78.3655799930356 18.632042024477407 42.179986394387115 37.965885233060455 24.217089030047585 28.267997439161338 31.943285386901824 27.21127451811513 0.0 52.012271140387966 5.5811155582435426 54.1064102800053 50.126943274503574 33.20462035950269 27.37463145616897 77.83578757285393 16.291933621551664 66.40068313344166 56.35414716415474 40.946213359721334 76.91234863394295 22.716064389096275 22.08968034331494 37.60658578438449 21.43268132174738 31.39028871786554 30.663666328739154 29.22441350560859 3.8020938132924993 49.69399330451555 7.081262965713402 56.972263858021634 42.751758221026236 32.400706698697775 34.02426452766024 72.45033527503706 38.32678208831405 27.899659993597954 15.917638444334226 79.96143845344432 49.91492617770159 67.28220254974015 71.07625457297654 56.548504371843336
34.344810011779046 27.739341454311997 1.8903477343049615 26.6346302441134 30.340955418764914 50.2650153287479 10.567534646505377 74.44635344693845 30.320460731684182 57.37476714267023 32.91638449865123 32.068765474103756 52.012271140387966 0.0 46.52889394823891 3.7797387003286307 28.044572384403576 19.46710572741549 38.849210712820586 28.88785610311955 44.653786622049786 30.414744938895183 4.724473972151152 40.557622623836714 32.81072505426328 49.13799621915701 50.97090018621532 77.76454148619244 44.09708520423876 56.373090031885475 29.557197537062912 24.43866077562025 48.588409370902546 3.1057208752464427 49.04951226402923 8.502617052738632 24.341179422525567 20.39215551060376 37.294227662665456 22.746479838297 13.74047267206918 24.165093827559 50.89242714984825 30.942164338726005 48.188944906952685 28.12393378210772 40.163357623048064 6.279953014412809
14.56929256879056 59.52343787821321 45.52429146234182 24.580517985465317 73.28846469398214 18.921794975116107 36.814186689815685 41.10753153698531 19.57173583215971 29.38102652777727 28.470161229405576 23.326451433238603 5.5811155582435426 46.52889394823891 0.0 48.698169643850015 46.1275676748162 27.91784452710851 23.14555467139878 72.68451742157268 14.818825119194509 62.00362570568704 50.83599609454293 38.47556474572621 72.11225337171744 22.44894451529805 20.353572584876414 41.39319353713927 19.922969025232756 31.989488421542895 26.61717142178271 24.19257270314043 2.13391979423662 44.17131571890422 5.666538235201142 51.67425706797964 38.491998407776094 27.145980308765537 29.661297279988425 67.21444161450756 32.8817033721325 22.48447054991789 16.616600857699403 74.81461890227385 46.23049048079809 62.685479371790656 66.00189771405688 50.99651770588422
35.91278291264019 24.209353266828025 5.67008603143942 27.510633779864175 26.84407848176925 51.12271662890602 11.978628036629608 74.76798186218554 31.593086576321316 57.663112535114415 32.861654350594144 32.663344679896035 54.1064102800053 3.7797387003286307 48.698169643850015 0.0 25.863460802164038 21.064404897493002 42.24902742680196 25.51277852992547 45.75181242599839 26.83808788040002 5.640740819436132 39.50528820089626 29.06070784273017 49.68679944952049 54.16892089661971 78.31788178007419 44.77496603677214 56.405228393750605 29.86599379104564 25.75742161972225 50.788953036732536 6.806033654998211 51.52318012845135 4.7228798653073865 23.15434056824285 21.94312637979497 40.918239632711995 19.453995214953 15.846009350965538 26.215603992799572 51.94744505015733 27.598698164228846 51.9674200203932 24.42870571896321 43.04496231640365 8.083482425370422
31.729599889360287 15.395511401798613 29.25897169227523 22.250097603467914 34.55229326127023 38.49203334827351 22.940417676580772 56.750148503430566 26.93910140471898 40.596448968766424 18.588505448405115 22.917524869685057 50.126943274503574 28.044572384403576 46.1275676748162 25.863460802164038 0.0 24.396035544151413 52.201286033908886 35.27314043246776 35.702597636385775 17.172737540305196 31.501352910424366 17.02703499888365 29.934103607988792 35.21139104565874 60.33642601992777 61.456615383284706 32.01490301859582 37.94937063844109 19.518646035467075 24.356539861483796 48.14174211604531 29.299218373456096 51.047847335041794 23.715098414277094 8.1135040648703 24.393338592890814 54.14965908536269 32.40403582020873 25.72403016858178 29.232217351712535 40.54930800015649 37.053765678289736 69.61376587001148 19.319925036414087 67.98119463667744 33.86702959431581
14.89566532825975 34.040867355033605 18.904054021540375 8.305920899728141 45.540578416613215 31.18871912251167 9.088830541693735 56.06930127816689 10.96642858394866 39.25592748405867 17.12477773553887 14.057084954638531 33.20462035950269 19.46710572741549 27.91784452710851 21.064404897493002 24.396035544151413 0.0 27.915261150506414 44.82954424206811 25.3433299941317 36.78329120986118 24.103520740144962 28.164192103306718 45.07536501741736 30.597372972986157 37.20597345278425 58.95999359012147 25.395754669594464 38.91725937906232 12.828223201195495 5.170471868435461 30.039295451597525 17.74560758221609 31.32267009338605 23.769069261541297 16.55931747743536 0.9470484310204049 29.811021021491225 39.29938398174757 6.111036327669365 5.826417709045681 31.590520369681 46.96267151766233 45.88497611618989 36.55812118314599 50.76978429479234 24.911651241490556
26.111204990077088 61.31475631161315 37.1771257753386 31.391932471388795 69.09072997200064 40.304518360654676 33.09992803934793 64.12943359294441 28.433819288694025 50.98338744377303 39.928027371556375 34.4489752697472 27.37463145616897 38.849210712820586 23.14555467139878 42.24902742680196 52.201286033908886 27.915261150506414 0.0 67.72607532644325 34.58220458226849 64.12240315824037 41.72679040972566 51.92585596781399 70.5423360486627 42.766617405288535 13.048988068087663 64.53767958639061 38.56513181162357 52.81912173735851 36.05028518840523 28.307696345375888 23.89364743119883 35.7906826143132 20.6061961126612 46.58170885020575 44.18892259638872 27.829331759258793 6.680886347146613 61.59566044972333 28.766021571255934 23.0599367414341 38.60902352951863 69.78885335667353 23.35275154505716 63.34560438343067 44.84675932087757 40.7176624716298
58.803556327689414 21.47582397394094 30.61071864031788 49.14564440405397 2.5703894341362923 71.20214239153152 36.324388237797244 91.79158834691344 53.957492713359386 75.21652610118045 50.952942201159956 53.01018117087543 77.83578757285393 28.88785610311955 72.68451742157268 25.51277852992547 35.27314043246776 44.82954424206811 67.72607532644325 0.0 66.87916047370099 21.63414425545777 26.63230847436424 52.29939371511209 10.523664992275593 68.6967090513565 79.66489711384206 96.26285494291916 64.5321007053525 72.90664865695726 49.580825663040656 48.6238608641572 74.81476717842517 31.969525425042903 76.10980599441683 21.48253872740572 38.55808734815672 45.561779585385096 66.03494103629154 6.204271921549151 40.663199929170354 50.50276846358587 72.68095342573606 2.13391979423662 75.14752154533609 17.781643265967965 57.898377741516775 28.38407870750849
11.389827930937523 50.5066266636399 44.21722786653448 18.279211250965165 66.99054992232706 6.334322417652629 34.09391284779877 31.82826009872493 14.378046500039824 16.594971243103657 17.117371969655395 13.874154521261755 16.291933621551664 44.653786622049786 14.818825119194509 45.75181242599839 35.702597636385775 25.3433299941317 34.58220458226849 66.87916047370099 0.0 52.65148521634549 49.34753070055295 24.748609543772513 64.3201301034788 8.201608853276113 34.84346861189712 34.00500853724805 5.182582785856168 18.240818144891914 17.356942269018177 20.239938427859645 16.051022723326657 43.0843802574764 20.45587360920425 47.51749166610663 29.22399365180089 24.397630315432362 40.31376370599635 62.12226168099199 31.413903992913667 22.120347693797783 6.247791638022546 68.9453532377085 57.83482736460426 54.1168866191065 72.53267163141169 50.25056869723511
47.43453644877505 2.8303818309425304 32.22135673133746 37.45985781856226 20.075953331515695 55.653772124230805 31.315317198567218 73.16321580608492 42.44338756644134 57.469636512921355 35.56532990393377 39.36413628091645 66.40068313344166 30.414744938895183 62.00362570568704 26.83808788040002 17.172737540305196 36.78329120986118 64.12240315824037 21.63414425545777 52.65148521634549 0.0 31.577694416754195 33.24150894494686 13.588176840106787 52.377132543018355 73.98700861432685 78.09737331168233 49.14353902484665 54.59052661035588 35.8314023559374 38.56160767985789 64.08705023391174 33.001547255512655 66.53432898523168 22.464965469590005 23.67799779624496 37.14274778532137 64.61012837264805 21.40912659925846 35.45180450093806 42.446058078253344 57.66996223401372 22.891215296677196 77.86516960838912 3.9799617107234617 69.01996812760594 34.14756164349486
38.946337361471365 29.07529030276057 5.31743112028218 31.35719202226935 28.38279761591475 54.982240611699034 15.279735015521524 79.1584798378846 34.99852241128971 62.08119927316599 37.553028770466724 36.79078913726741 56.35414716415474 4.724473972151152 50.83599609454293 5.640740819436132 31.501352910424366 24.103520740144962 41.72679040972566 26.63230847436424 49.34753070055295 31.577694416754195 0.0 44.83683702478145 31.959246427022265 53.86092890083599 54.18973596238178 82.48871713857807 48.82152821795525 61.04219329887932 34.25413774467487 29.118453639723246 52.87176335489599 6.668362244440821 53.13423479926752 9.153622577447738 28.520512034391036 25.03597375299036 39.52462731543312 20.43026174047395 18.255439192630966 28.614344281830657 55.58937099890267 28.582781773568925 48.92254287534217 28.808613855342035 37.701086882610056 2.5867053274009644
26.52379433430399 31.959126620510002 41.20548917606164 21.229527609458632 51.55946445030764 25.148667072510992 32.01741592717192 39.94163454388235 23.49218780373202 24.475276627063714 12.037630347120423 17.488379432415876 40.946213359721334 40.557622623836714 38.47556474572621 39.50528820089626 17.02703499888365 28.164192103306718 51.92585596781399 52.29939371511209 24.748609543772513 33.24150894494686 44.83683702478145 0.0 46.57111155584767 21.089213527744004 56.58856310509895 44.862796818273736 19.827861175551575 21.385114097349376 16.20496913500086 24.892662882515648 40.12169192176097 40.74335500817595 44.05713095644303 38.67794600836882 16.352065986829547 27.588481237039833 55.78231349491619 49.26114797654827 32.609216936361655 30.249292968789945 27.744434116604847 54.078261871545955 72.95411157132718 35.96618889389419 78.11226120937602 46.820198541954724
57.699863759477935 14.617458002276527 34.68845945490268 47.694027546901765 8.153385735911916 67.90367650089775 37.669668231549615 86.50836184986758 52.69548479135683 70.52813586762866 47.53526480182571 50.598427246005244 76.91234863394295 32.81072505426328 72.11225337171744 29.06070784273017 29.934103607988792 45.07536501741736 70.5423360486627 10.523664992275593 64.3201301034788 13.588176840106787 31.959246427022265 46.57111155584767 0.0 64.90793591373863 81.64763723036404 91.33294501487296 61.27675650286542 67.80948511559167 47.04902654131755 47.98491259923314 74.23855522163659 35.8666899601892 76.14123967000998 24.38697142532525 35.123751430103496 45.64919201218855 69.80952413964403 13.902502706802816 42.1114371915625 50.90154490728218 69.71427801393759 10.875287424698476 80.79480611880771 10.62735060397527 66.52446862707413 34.191687515146185
18.481092305203124 50.55253688067199 48.97227895557008 22.599666104422436 68.50350729207383 4.3559495628032625 38.656931699486535 25.473104542589436 20.023323936916547 8.914068637027176 17.754713156737864 17.072006507353258 22.716064389096275 49.13799621915701 22.44894451529805 49.68679944952049 35.21139104565874 30.597372972986157 42.766617405288535 68.6967090513565 8.201608853276113 52.377132543018355 53.86092890083599 21.089213527744004 64.90793591373863 0.0 42.73545092297218 28.64189917763647 5.237681839806556 10.055286686489094 19.87590589187989 25.448148813350635 23.3492025856324 47.97499492636516 27.93226837968376 50.7666867678412 30.1639325342894 29.665124082052188 48.42383780286049 64.45639025268174 36.68376337200066 28.500384024911533 7.194709274610408 70.68693507746393 65.98446457355863 54.39213513271878 79.6253186098634 55.06964153353788
30.16136831787315 71.24668643657915 49.40317355144716 38.24387654474613 80.865883542256 39.274662509467525 43.98603053613839 59.98691458964006 34.07350073509512 49.66637542809563 45.21371193303405 39.58073063419118 22.08968034331494 50.97090018621532 20.353572584876414 54.16892089661971 60.33642601992777 37.20597345278425 13.048988068087663 79.66489711384206 34.84346861189712 73.98700861432685 54.18973596238178 56.58856310509895 81.64763723036404 42.73545092297218 0.0 59.250579609221504 39.73124383917549 52.34280011765783 42.08017355282358 36.01083265007003 19.868438709857617 47.99026553363932 15.286151265060106 58.26564527393994 52.22924430129317 36.85362952490841 18.2925272966168 73.62109624136303 39.54051970534883 31.576818298933148 36.91835551431108 81.76092644758121 29.823932383147323 73.68471836401703 56.36195302534469 53.36269936696619
45.369766724909674 76.72027551791133 77.55695308534415 51.1663852857511 95.81176884066771 27.84074589420211 67.25601145166338 5.829021135254395 48.093240280911424 21.067387706951372 45.91569290861171 45.71011350834691 37.60658578438449 77.76454148619244 41.39319353713927 78.31788178007419 61.456615383284706 58.95999359012147 64.53767958639061 96.26285494291916 34.00500853724805 78.09737331168233 82.48871713857807 44.862796818273736 91.33294501487296 28.64189917763647 59.250579609221504 0.0 33.67950525720226 23.52380560686828 48.467922766113624 53.78988297945726 40.757203906710146 76.52631371239478 44.686553956777246 79.26309324381364 57.869589445867994 58.016046353936915 71.03749706438352 92.43596358419155 65.07097584876217 56.12080974410295 27.98836450895192 98.16986506226239 87.46685202350925 80.70631724108773 106.03290570277858 83.64997512342529
13.485907394441128 47.14898377709792 43.87793677898308 17.487067172783064 64.46456399399831 6.673665473408298 33.57725817976589 30.679563631970872 14.786040555908302 14.106564420769544 13.745437386150757 12.114266789138215 21.43268132174738 44.09708520423876 19.922969025232756 44.77496603677214 32.01490301859582 25.395754669594464 38.56513181162357 64.5321007053525 5.182582785856168 49.14353902484665 48.82152821795525 19.827861175551575 61.27675650286542 5.237681839806556 39.73124383917549 33.67950525720226 0.0 14.72638851749809 15.172095574207702 20.23722525167225 21.218006485835875 42.85527800103759 25.579400081963342 46.05134353570543 26.219105484333465 24.46008471137717 43.96781848409875 60.08325947425326 31.492425376761226 23.28191575533597 8.535679176945068 66.55652411877726 61.595344052745745 50.88639873052377 74.46010186197604 49.971859887771906
28.210610926685 53.1964706027557 56.453530979619806 30.637213016792742 72.38154045193293 13.06839788775281 46.19618904686104 18.89202824159766 29.01736468658591 4.025785316874515 23.54361448676027 24.87809822019092 31.39028871786554 56.373090031885475 31.989488421542895 56.405228393750605 37.94937063844109 38.91725937906232 52.81912173735851 72.90664865695726 18.240818144891914 54.59052661035588 61.04219329887932 21.385114097349376 67.80948511559167 10.055286686489094 52.34280011765783 23.52380560686828 14.72638851749809 0.0 26.873820363502706 33.92656493428688 32.63212920283605 55.59337744298766 37.26710968814627 56.80557666511738 34.797364777309866 38.0251246583443 58.467881514672996 69.29255656230161 44.847382669928734 37.63912680743133 15.5445764474552 74.7825749533711 76.03781917983758 57.18313239975352 88.91871664075002 62.51393596326165
12.373399332413053 33.52410811557308 29.584768221347712 5.056189908032734 49.64588772606712 21.767263010435776 19.324563182910005 44.93183257744945 8.008716600498381 27.8371769812257 4.379745240426219 3.5565329903929532 30.663666328739154 29.557197537062912 26.61717142178271 29.86599379104564 19.518646035467075 12.828223201195495 36.05028518840523 49.580825663040656 17.356942269018177 35.8314023559374 34.25413774467487 16.20496913500086 47.04902654131755 19.87590589187989 42.08017355282358 48.467922766113624 15.172095574207702 26.873820363502706 0.0 8.789165167558007 28.62393013919165 28.72055133432764 31.63015468962599 30.909506504939202 12.156576106024048 12.07448950818372 39.62765133183777 44.97612719370552 18.314681325275046 14.061093362712867 23.105765731845004 51.63425713808676 56.74921290473282 36.993181413341134 63.5947444688 35.65529498769753
10.268909788957913 35.936525064933306 23.977714181103927 3.754792535996626 49.1430972681507 26.028357712871887 13.908719393548916 50.91560457018527 5.88181366927921 34.14689216248539 13.159736192440663 9.21481912015072 29.22441350560859 24.43866077562025 24.19257270314043 25.75742161972225 24.356539861483796 5.170471868435461 28.307696345375888 48.6238608641572 20.239938427859645 38.56160767985789 29.118453639723246 24.892662882515648 47.98491259923314 25.448148813350635 36.01083265007003 53.78988297945726 20.23722525167225 33.92656493428688 8.789165167558007 0.0 26.325836317641137 22.85588207869181 28.192432721470965 28.046063812979362 16.243065441471117 4.228280037696868 31.28248836491689 43.326493703910366 11.281162566827618 5.443534973500436 26.48666056384929 50.746915001458106 48.1510625906016 38.838716647379414 55.33797633668347 30.020000771572523
16.659484561279847 61.61659888814049 47.563685239694586 26.682987503238397 75.42172206212915 19.59667151055105 38.918933805204716 40.76670978049076 21.669787002017678 29.824991163814634 30.35563054607832 25.294272670561245 3.8020938132924993 48.588409370902546 2.13391979423662 50.788953036732536 48.14174211604531 30.039295451597525 23.89364743119883 74.81476717842517 16.051022723326657 64.08705023391174 52.87176335489599 40.12169192176097 74.23855522163659 23.3492025856324 19.868438709857617 40.757203906710146 21.218006485835875 32.63212920283605 28.62393013919165 26.325836317641137 0.0 46.20472622478291 4.636348924028285 53.79017704609262 40.5476439574398 29.271482643974295 30.50118537986095 69.3377364426318 34.96285172873104 24.580971337612116 17.116130783937205 76.94507611460094 46.71675395561369 64.79344100806986 67.32308742322921 52.99794917240079
32.47219494180745 30.27716103995595 1.4226131961577468 25.376907822858602 33.44170552806223 48.85776083162686 9.397781015809768 73.39371329175775 28.706495219009234 56.387998942873544 32.33889110705674 30.97521771036379 49.69399330451555 3.1057208752464427 44.17131571890422 6.806033654998211 29.299218373456096 17.74560758221609 35.7906826143132 31.969525425042903 43.0843802574764 33.001547255512655 6.668362244440821 40.74335500817595 35.8666899601892 47.97499492636516 47.99026553363932 76.52631371239478 42.85527800103759 55.59337744298766 28.72055133432764 22.85588207869181 46.20472622478291 0.0 46.48386991345637 11.502948527003564 24.809478951320678 18.689640598209838 34.188526826240626 25.814872058003818 11.749806957526125 22.009337001843157 49.33214183796063 34.01602731503289 45.264576937184295 30.881585395803953 38.682035011845315 7.16633003564205
19.31825138479329 63.983168291046645 47.87760126937552 29.10148830364929 76.86164388596252 24.225666762737607 39.87757363891263 44.994188962846806 24.184139328870902 34.45245244970428 33.783146044517764 28.4766046587404 7.081262965713402 49.04951226402923 5.666538235201142 51.52318012845135 51.047847335041794 31.32267009338605 20.6061961126612 76.10980599441683 20.45587360920425 66.53432898523168 53.13423479926752 44.05713095644303 76.14123967000998 27.93226837968376 15.286151265060106 44.686553956777246 25.579400081963342 37.26710968814627 31.63015468962599 28.192432721470965 4.636348924028285 46.48386991345637 0.0 54.82778781935742 43.247399318545945 30.64413538647503 27.28604848286426 70.46364496173271 35.703445597355596 25.607037530830954 21.752127147815823 78.24372578865345 42.86873106024314 67.00008626385628 64.90077024490799 53.03429855828751
38.313137879725204 19.930352021051913 10.392963123407892 29.26698202675519 22.60027279457407 52.56335982163816 14.950402699215859 75.44014481241382 33.7203664878505 58.371978053117104 33.40537018713239 33.99271355425019 56.972263858021634 8.502617052738632 51.67425706797964 4.7228798653073865 23.715098414277094 23.769069261541297 46.58170885020575 21.48253872740572 47.51749166610663 22.464965469590005 9.153622577447738 38.67794600836882 24.38697142532525 50.7666867678412 58.26564527393994 79.26309324381364 46.05134353570543 56.80557666511738 30.909506504939202 28.046063812979362 53.79017704609262 11.502948527003564 54.82778781935742 0.0 22.496664224013983 24.574789872537142 45.483555856878176 15.648745157730973 19.21537483285197 29.270077174268355 53.617379733202924 23.603426456471627 56.68882524320563 19.857764615898567 46.822251739398645 11.738792307092579
23.967681257148683 21.375404728178058 25.129092048256865 14.246273597218918 38.340776641359504 32.879382488632785 16.85443432925699 53.64434511359342 19.065905289167908 36.80331483292105 12.489045864955559 15.698582111969207 42.751758221026236 24.341179422525567 38.491998407776094 23.15434056824285 8.1135040648703 16.55931747743536 44.18892259638872 38.55808734815672 29.22399365180089 23.67799779624496 28.520512034391036 16.352065986829547 35.123751430103496 30.1639325342894 52.22924430129317 57.869589445867994 26.219105484333465 34.797364777309866 12.156576106024048 16.243065441471117 40.5476439574398 24.809478951320678 43.247399318545945 22.496664224013983 0.0 16.466331182379587 46.36956202764764 34.5676470049517 18.769767492542176 21.16714684463542 34.605193736357926 40.53314898788267 62.2358791905382 24.903487316194717 63.02487721104579 30.567348043681967
13.989739532996085 34.418319789460384 19.843836831744024 7.446154063544785 46.239104091214145 30.242250421742565 9.977377002731846 55.13587206102935 10.020271957496174 38.335639216738016 16.40230103538815 13.18170484338299 32.400706698697775 20.39215551060376 27.145980308765537 21.94312637979497 24.393338592890814 0.9470484310204049 27.829331759258793 45.561779585385096 24.397630315432362 37.14274778532137 25.03597375299036 27.588481237039833 45.64919201218855 29.665124082052188 36.85362952490841 58.016046353936915 24.46008471137717 38.0251246583443 12.07448950818372 4.228280037696868 29.271482643974295 18.689640598209838 30.64413538647503 24.574789872537142 16.466331182379587 0.0 29.93426105621862 40.070358941719164 7.055725016933114 5.321262190549644 30.644971544412442 47.693970723565094 46.18451491052483 37.00982811746501 51.552919858363275 25.855863019468075
30.966616445254786 61.7803650477994 35.49442366342726 34.713029126456824 67.60214388029853 46.23726069663145 33.295726088257 70.47227418305006 32.50893239044263 56.85677595352425 43.751637594869955 38.511410868205466 34.02426452766024 37.294227662665456 29.661297279988425 40.918239632711995 54.14965908536269 29.811021021491225 6.680886347146613 66.03494103629154 40.31376370599635 64.61012837264805 39.52462731543312 55.78231349491619 69.80952413964403 48.42383780286049 18.2925272966168 71.03749706438352 43.96781848409875 58.467881514672996 39.62765133183777 31.28248836491689 30.50118537986095 34.188526826240626 27.28604848286426 45.483555856878176 46.36956202764764 29.93426105621862 0.0 59.83941657363284 29.27455282778056 25.844431076041822 44.702803936251364 68.03649089274701 17.64741584759075 63.43022585459046 38.428324518849706 38.15734164449218
53.57221001779424 20.444873891776233 24.445435645646985 44.123230603494974 8.088551471563715 66.72441202665486 30.592489962220526 88.17257402321665 48.818632856243504 71.37062437478765 46.7192111992621 48.314268980339136 72.45033527503706 22.746479838297 67.21444161450756 19.453995214953 32.40403582020873 39.29938398174757 61.59566044972333 6.204271921549151 62.12226168099199 21.40912659925846 20.43026174047395 49.26114797654827 13.902502706802816 64.45639025268174 73.62109624136303 92.43596358419155 60.08325947425326 69.29255656230161 44.97612719370552 43.326493703910366 69.3377364426318 25.814872058003818 70.46364496173271 15.648745157730973 34.5676470049517 40.070358941719164 59.83941657363284 0.0 34.85956393375472 44.881405032485176 68.05318414027589 8.205421388032047 69.03436976259701 17.43783240545117 52.76882414666859 22.213866924419573
20.723593004932585 32.63004617423747 12.976913122331457 14.223100885765865 41.63257425002334 37.29537224704419 4.4466265739064 62.15678322144641 17.050448090377746 45.299755782350665 22.411219281947893 19.97366548992092 38.32678208831405 13.74047267206918 32.8817033721325 15.846009350965538 25.72403016858178 6.111036327669365 28.766021571255934 40.663199929170354 31.413903992913667 35.45180450093806 18.255439192630966 32.609216936361655 42.1114371915625 36.68376337200066 39.54051970534883 65.07097584876217 31.492425376761226 44.847382669928734 18.314681325275046 11.281162566827618 34.96285172873104 11.749806957526125 35.703445597355596 19.21537483285197 18.769767492542176 7.055725016933114 29.27455282778056 34.85956393375472 0.0 10.437578630301699 37.65744895590054 42.79113324064847 43.939084904698035 34.57959662707696 45.59000261341194 18.897132650863718
10.853562916486338 39.72942747735785 23.303816163233023 9.01977665865751 51.27443260786291 28.318099787262927 14.349143112861436 53.71175965864195 8.625984231207196 37.3880827376156 18.373287388736838 13.79521993775162 27.899659993597954 24.165093827559 22.48447054991789 26.215603992799572 29.232217351712535 5.826417709045681 23.0599367414341 50.50276846358587 22.120347693797783 42.446058078253344 28.614344281830657 30.249292968789945 50.90154490728218 28.500384024911533 31.576818298933148 56.12080974410295 23.28191575533597 37.63912680743133 14.061093362712867 5.443534973500436 24.580971337612116 22.009337001843157 25.607037530830954 29.270077174268355 21.16714684463542 5.321262190549644 25.844431076041822 44.881405032485176 10.437578630301699 0.0 28.249562182853293 52.63668825782249 42.73399332032479 42.33020669969019 51.27962640436297 29.05454548676531
17.426995339230402 55.65397161549153 50.464283643616604 24.44496016778378 72.70302339538239 2.8490522057911307 40.329462658807834 26.22122160979409 20.625725638389554 12.76442582909916 22.192922249438308 19.741444490954212 15.917638444334226 50.89242714984825 16.616600857699403 51.94744505015733 40.54930800015649 31.590520369681 38.60902352951863 72.68095342573606 6.247791638022546 57.66996223401372 55.58937099890267 27.744434116604847 69.71427801393759 7.194709274610408 36.91835551431108 27.98836450895192 8.535679176945068 15.5445764474552 23.105765731845004 26.48666056384929 17.116130783937205 49.33214183796063 21.752127147815823 53.617379733202924 34.605193736357926 30.644971544412442 44.702803936251364 68.05318414027589 37.65744895590054 28.249562182853293 0.0 74.72836322756771 61.96090297689159 59.36770239537881 78.1908668212934 56.498344978070676
60.92052104176108 22.941815974635006 32.649413269387445 51.246793678767006 2.849767617049031 73.22839570162331 38.45563180951581 93.65966150119384 56.06787684089168 77.13515900213292 52.95242515448491 55.073552291431156 79.96143845344432 30.942164338726005 74.81461890227385 27.598698164228846 37.053765678289736 46.96267151766233 69.78885335667353 2.13391979423662 68.9453532377085 22.891215296677196 28.582781773568925 54.078261871545955 10.875287424698476 70.68693507746393 81.76092644758121 98.16986506226239 66.55652411877726 74.7825749533711 51.63425713808676 50.746915001458106 76.94507611460094 34.01602731503289 78.24372578865345 23.603426456471627 40.53314898788267 47.693970723565094 68.03649089274701 8.205421388032047 42.79113324064847 52.63668825782249 74.72836322756771 0.0 76.94751304474059 19.135237352512505 59.11916625817182 30.27129019724841
48.604613628758244 75.06518244191503 46.2992648743871 51.740929976873176 77.10603281623212 63.640868562516 47.29832645470125 87.33304083673069 49.946610407525064 74.30765054158147 60.97996765754304 55.89887092774702 49.91492617770159 48.188944906952685 46.23049048079809 51.9674200203932 69.61376587001148 45.88497611618989 23.35275154505716 75.14752154533609 57.83482736460426 77.86516960838912 48.92254287534217 72.95411157132718 80.79480611880771 65.98446457355863 29.823932383147323 87.46685202350925 61.595344052745745 76.03781917983758 56.74921290473282 48.1510625906016 46.71675395561369 45.264576937184295 42.86873106024314 56.68882524320563 62.2358791905382 46.18451491052483 17.64741584759075 69.03436976259701 43.939084904698035 42.73399332032479 61.96090297689159 76.94751304474059 0.0 76.05529285617031 31.494388659785365 46.88050051625093
48.14840777961829 4.013106212398596 29.980198305028964 38.11338259196368 16.35796938516729 57.480199305159836 30.28008652118061 75.8948304366374 43.13072037226004 59.906549019162405 37.176057356475006 40.54925957926096 67.28220254974015 28.12393378210772 62.685479371790656 24.42870571896321 19.319925036414087 36.55812118314599 63.34560438343067 17.781643265967965 54.1168866191065 3.9799617107234617 28.808613855342035 35.96618889389419 10.62735060397527 54.39213513271878 73.68471836401703 80.70631724108773 50.88639873052377 57.18313239975352 36.993181413341134 38.838716647379414 64.79344100806986 30.881585395803953 67.00008626385628 19.857764615898567 24.903487316194717 37.00982811746501 63.43022585459046 17.43783240545117 34.57959662707696 42.33020669969019 59.36770239537881 19.135237352512505 76.05529285617031 0.0 65.92230037914521 31.341354294099805
