0.0 12.65220944361332 78.53681603408714 16.466407977620364 15.139568620219848 51.701569020096294 44.81817871881586 70.3316793855259 30.14911614650922 54.189635437686135 28.901951268442733 41.67416973336694 27.91311602572799 11.533064266484342 9.156846086211987 71.88711190433061 19.92633046890346 58.86515211365712 31.353443273265206 19.80619432075732 3.777507054695725 17.277459380960185 25.614630008917498 45.67796272049936 32.452655141625165 20.665512189412848 68.08967401418134 67.71470868690201 17.4041659208601 44.11873085011015 26.502445185288053 37.245441440916096 20.530986736767375 10.25714936765538 7.159291124125547 46.44169950101233 39.86819663725512 52.558908249764684 13.524786273791072 24.90353876264265 110.46451851199664 81.46106148139029 58.85746777807632 51.83918188430609 65.61404067449666 100.29920044899212 67.17975078332609 36.893787443632846 24.576971353893818 47.34708884794194 97.45687248813609 62.898316566805484 28.4501064895878 7.581094391397474 41.23580392871626 102.54842372755697 70.46399422266653 42.53239172568356 32.3677123366555 51.77999468873196 114.52022923970074 86.83311400861243 66.0293970905652 59.78760475573412 72.00013122088271
12.65220944361332 0.0 91.14827955270071 28.997394622104068 10.62312837196043 61.4543415975883 54.31444412716153 82.38312187536172 23.544946931324624 66.15151362131543 40.07100392941519 51.99629215141113 17.06174136588229 24.130112074356862 15.741048494303728 84.52646686543727 32.159576647199124 69.65674581472486 43.75055814913185 32.36082236830583 9.329801203484857 5.712155571757465 37.95031457864259 58.1007947590412 24.749766144138764 33.09650604202046 80.72710993279134 79.83168293686927 10.746588762865601 56.24865377244923 38.4156025745988 49.08411607568593 33.172538707227076 17.28772920272678 10.42999241118304 58.8891221198291 49.465284761563105 64.1668218409866 24.903487316194717 37.24375399330232 122.88850562523648 93.24449190458814 68.42719186577622 55.36082338108561 61.9851256986863 112.93581946877828 79.80622300646574 48.76891240167776 27.975347692546265 39.770252901112265 109.46493374892381 74.86123242770933 40.25780588951811 5.659696456919858 28.952164123506705 113.07451657099061 80.00057467514952 49.08336454650266 28.514916779099167 40.148018129635545 123.14331883650976 93.5769785739712 68.87538404518394 55.90867375897456 62.4702708682269
78.53681603408714 91.14827955270071 0.0 62.16959215928847 90.823850302686 50.20200071027575 53.889649669077144 32.207917880625075 99.7891219143355 30.46017989977734 54.89206150729258 57.266800967714325 105.38403007420769 67.01981276627929 78.1268468697715 7.2251582909452585 59.389692893325055 39.91142730651176 47.77833282972016 59.519692146043106 81.86159709951396 95.1206383888308 53.58212563390246 33.752245201785215 106.00128988818607 58.190000460585075 14.576491318190271 31.210802199432692 92.05868750933031 37.19489278310989 54.14958780623445 44.94900564230248 58.02218929619254 76.9907184609458 82.30055100899197 32.85809633472712 55.26762324887441 35.04325783076276 67.2989541303558 54.26195824781688 41.59690429490909 38.644913790046544 60.426692028802236 90.5768717139554 123.09257938852556 21.968261136707852 16.036638203312105 49.260494007251246 83.61143469806468 118.11012231008057 29.127702675282176 24.892518921153968 52.77971215712799 85.71233641903241 119.59246337008909 53.17647349363783 50.801573555778006 68.7653240105354 96.28783445387012 127.31391010515357 80.1276151212414 78.36165497207297 90.85923364463751 112.98224996944639 140.24733285788963
16.466407977620364 28.997394622104068 62.16959215928847 0.0 30.286025678037486 39.00038571872499 32.92799228928821 56.634423979653256 41.28465632932806 38.11980581137142 15.152125646889347 33.725907311896634 44.1184642792401 4.9791461865507 17.17111681639662 55.61545442884637 4.3462071951934 44.330593742710924 14.9374385596521 7.013620736347231 19.693554072424604 33.03306544279101 9.331093644609854 29.224110181528562 47.18398365941635 4.313301187058171 52.225718713194425 53.864192845278524 30.88971737569285 27.917301998483396 11.143312594367615 21.556777426505914 4.732847841157362 16.494093998478576 20.445420633673628 29.979885337518372 28.191133939431932 36.954171978392814 7.1817202257471 8.62670735844836 95.40347073152468 68.33187722564747 51.29789687242842 54.66725311978065 75.76508737797835 84.00261533100216 51.406762422772836 24.974306463843618 31.616794023321308 61.4033571203212 81.23124455453818 46.78609023769071 13.199057542955403 23.544547835362142 57.70034729509895 87.90947362757562 57.51626321696598 35.818954632959645 40.65349288301248 66.46237621493107 102.20105745795401 77.46055691581745 62.84902007350396 65.53350659400704 83.86931121915862
15.139568620219848 10.62312837196043 90.823850302686 30.286025678037486 0.0 66.84113575801916 59.94574144205413 78.36391801210618 34.06335033809408 68.40397375473212 43.878758950810415 45.82564179068567 14.701319319348228 25.38698293915269 22.545818492160972 83.90090995554695 34.25444549835993 73.84734746010481 45.08857281228751 31.35303204840926 14.154290043142671 15.540712428747199 39.613963583208346 59.12086939301549 17.31604465853977 34.59865383156044 79.22076609777784 76.00330641388524 21.35922455961305 58.184138859739235 41.05959297244977 51.734462998568105 33.48344253452532 24.0130228260565 17.766261146224462 59.801899832424795 54.99762566833217 67.13562703068699 28.59641594351078 38.91155738358341 119.72817677400052 88.53961678227306 61.14332888251744 45.08397826114126 52.16741346522685 112.19722371247057 78.15821607481828 44.98939107127828 18.28203259789054 32.23769472106358 111.42786151484115 77.05997823327347 43.071618155759886 12.920544013015919 29.55619641396204 117.5529673069892 85.60300266736071 56.849567811467004 39.12413587414864 47.162994061022424 129.59834856346848 101.37814474391591 78.4480276778039 66.52387840712422 71.3549457889662
51.701569020096294 61.4543415975883 50.20200071027575 39.00038571872499 66.84113575801916 0.0 7.223347246667667 65.78124022400408 59.199948800698586 21.0379690896273 23.85363692799897 62.884029858341925 78.46686256986789 42.92403629340394 45.71331508996873 47.272880924540814 34.67349131422251 11.45998037427912 29.22674943595269 42.7979578764263 53.23920086813214 62.83384710518065 31.530591322813343 27.066601931434704 84.15197919096286 35.41049189309188 49.95176994065237 63.059208575218506 56.869327069943694 22.122299180936857 28.28453173194961 21.000819769427554 38.58623098669407 44.16717100894964 51.027044027237075 27.689143281193914 11.989076076080048 16.150462480202357 38.35180625957211 31.998748484854005 91.54816035777881 77.37220628854938 77.37308001121744 91.55037563159802 114.76537634195886 69.8952847112262 50.227805133310234 50.548237999489075 70.58488998276451 99.01585425846936 54.679693321057144 25.391924826747506 26.352950030256338 56.02725451377452 89.3223133679063 51.91076878372927 18.770138713729644 20.118677116468653 53.40465429594315 87.71662272313617 63.245117005274146 40.56542773978998 41.06081561895215 64.19699977214273 94.61155599830421
44.81817871881586 54.31444412716153 53.889649669077144 32.92799228928821 59.94574144205413 7.223347246667667 0.0 66.02846119344575 52.22787463904006 23.58475079106323 17.885083708349516 59.32964527194339 71.34711886529476 36.53691088812149 38.57800352201943 50.14182594047253 28.679566561179797 17.630965828258987 25.0933158883374 37.37766328594355 46.21739588712407 55.62227923860616 26.30694364561136 26.55717602251127 77.23638323574173 29.65464176666261 51.75531465761439 63.21257759033582 49.64791477301133 21.330277308119136 22.754165200205723 17.71055846008644 33.0830130974365 37.028582082880426 43.89460375029681 27.346488517721607 4.951686528956831 18.855471719539395 31.618711318358752 26.67750502742059 94.64480923494992 77.92683802905314 74.71473037072838 86.5259294265814 108.56301704297704 74.43227408753597 51.83139177136683 47.1978364332982 64.52589557001495 92.16484946848367 60.990682069516424 29.713733571033167 20.995159332993193 48.923772926816625 82.104339036007 59.1341141403032 25.728073111389985 14.895517597362234 46.654812726792194 80.78563649698297 69.79338525453649 44.984321466142475 39.634423526277914 59.27066455582592 88.60000915975277
70.3316793855259 82.38312187536172 32.207917880625075 56.634423979653256 78.36391801210618 65.78124022400408 66.02846119344575 0.0 97.91887454808507 45.51120785524971 57.59147317722215 34.7158389501765 92.80705430519089 60.28171453621503 73.71854805731975 27.222170651201562 56.020320250552814 59.322186419253605 47.17706534449132 50.95279489866333 74.0966321586611 87.52753425484885 51.460410747656404 39.484222047050245 90.1504721976379 54.1433551433879 19.652053778002045 2.8972684148163355 86.99858960692583 44.713620060411415 54.10000569487688 50.078131353690836 51.91005062273879 73.12202352558273 76.22021513788539 38.68245358932436 64.89630131127201 50.072052163538274 63.57862362048867 51.89298712066108 41.85562650932795 12.1484746529811 30.62890131032345 64.21468638653624 98.50773823946834 44.14515655787134 18.5116173031843 33.636490082948086 65.68862395600921 99.46570027597981 61.242416376766286 46.1300802121937 53.85302539211304 77.89175626375852 107.83745336852225 84.60086833531608 74.18487942010148 79.0204579857116 96.84945151829875 122.10711186752407 110.31147155277733 102.31677808363168 105.65734691614188 119.38541114627462 140.48817524190193
30.14911614650922 23.544946931324624 99.7891219143355 41.28465632932806 34.06335033809408 59.199948800698586 52.22787463904006 97.91887454808507 0.0 70.95463320352681 44.905358650317346 71.67395864738072 33.76507916250181 37.91617067289633 24.320876668715485 94.02747884572665 42.26164366489462 69.71788272741236 52.936604431725534 47.290592063906786 26.728684824855517 18.694555749743994 47.54078535818652 66.15232269149644 44.51222918644133 44.00647715754902 92.03574342347872 95.14439901018875 13.317071575829024 62.651172234071424 46.044254378575125 54.875901393472994 46.009489380065034 24.808392620076525 23.079872815069695 67.0757759512087 48.34148679640234 67.56414196414059 34.415223655278616 46.96634047993061 135.99698214384657 109.58617509700139 88.98209634105193 78.87477573786913 83.18281138415468 121.68893611527255 91.4114535183106 65.56457847582008 51.3437194216583 58.03830248361024 112.67633667974575 79.14062016195882 47.173747461515404 24.131533681496947 36.525924554577976 110.26594825949306 75.702060586153 41.205323022303325 7.7336505434976335 28.576110530744145 114.87425948906476 82.21178215048943 52.11806774501504 32.69010671914074 42.61252632960933
54.189635437686135 66.15151362131543 30.46017989977734 38.11980581137142 68.40397375473212 21.0379690896273 23.58475079106323 45.51120785524971 70.95463320352681 0.0 26.683405214297647 49.95367546126058 82.08740715459015 43.049836662413824 51.45855429115114 26.580889638861343 34.286674347427464 14.040856355672629 23.454546524439113 38.38642648928872 56.91828952081918 69.17752083067828 28.790085197917353 11.401480254353691 85.16457205443379 33.80654440463179 28.921617855752736 42.914150642706424 64.89378715967378 10.27198092397276 27.748070853672335 17.08294882655563 35.255586678685255 50.10958880861875 56.28028050941974 11.326474334341937 24.82166405832896 4.901962832513878 41.260548720535 29.493182223066196 71.0746276474316 56.76520422734213 61.544835758358616 82.14644172166805 110.01409748843686 51.594659344200224 29.23396035237681 37.97471709584238 66.51596029999365 99.0025552488353 43.313980408448224 8.713717608784567 25.89616312809558 60.4991575924596 95.10278275890153 51.90302088893475 29.76988839912406 38.38498988320045 66.7488363675086 99.1576793752172 71.52223629666561 57.31954498517365 62.051765734571866 82.52335708717851 110.29314909798386
28.901951268442733 40.07100392941519 54.89206150729258 15.152125646889347 43.878758950810415 23.85363692799897 17.885083708349516 57.59147317722215 44.905358650317346 26.683405214297647 0.0 43.46184493468065 56.598240188317476 19.172310803328692 24.90355088421714 49.27282284864071 10.842515631741492 29.973807719053866 10.635678520753316 19.60151875010793 31.096771299477542 42.68293579352562 9.01977665865751 21.411343703176886 61.14244924415931 11.774673594238951 48.01894514411933 54.69508895111252 38.21046680873163 17.756777998927955 5.206450827887867 9.982832741647266 15.289208892097697 23.506287973171865 29.900900869842495 22.352727328793282 13.336939287547874 24.184424334674624 15.40080042327678 9.213210049487731 92.29351208896675 69.7336709598565 60.0188382249522 68.82238446612105 90.91514642750502 76.78365408471194 47.58684188276891 32.0643058215439 46.76073242767518 75.76177590454431 69.75458002714049 35.26953077893259 4.127014968355251 34.42352085879246 68.90413201443312 73.67541611317108 42.43984233105577 23.854909845205086 41.61509893654954 72.72839489693563 87.07923925960976 62.73816082445574 51.80889281284471 61.86313573733787 85.81803650358881
41.67416973336694 51.99629215141113 57.266800967714325 33.725907311896634 45.82564179068567 62.884029858341925 59.32964527194339 34.7158389501765 71.67395864738072 49.95367546126058 43.46184493468065 0.0 59.61194431737775 34.99274505541282 47.981924060617025 50.143925643754585 35.742474328203315 62.46348036792731 34.26033791452431 26.71354344173016 45.31637181151185 57.59819762749145 34.52295569350376 38.75158379696774 55.82155100592175 33.824494645829354 42.95088062997477 32.93640717642953 59.06943155770579 42.17064124732765 38.32785791965994 41.95618024959192 30.138048572119146 47.99185801431348 48.612537245218014 38.675624665406666 55.816798504495715 52.219509304500974 40.58209843975237 34.46830642670141 76.51293513968822 43.42106645604721 17.646462945960415 33.64899955042183 65.93907461330579 75.45279832489649 41.542321133640314 12.379664567063514 31.234591784797125 64.7517979106414 84.39348865461281 56.051516969154896 39.44754253217898 48.6340323191363 74.62743475208424 100.7052927526517 78.31559310838185 67.2300118306307 72.80922393685385 92.07202572909574 121.45302517025546 103.44211697912657 95.10196214070768 98.90991982386522 113.65139098791128
27.91311602572799 17.06174136588229 105.38403007420769 44.1184642792401 14.701319319348228 78.46686256986789 71.34711886529476 92.80705430519089 33.76507916250181 82.08740715459015 56.598240188317476 59.61194431737775 0.0 39.14151188992349 32.77158710560032 98.50338609522419 47.80286345080147 86.42181145379843 59.05154070466578 45.86496505318393 25.511109487061233 17.37001386379604 53.40583901003345 73.26722770867143 11.189449140980484 48.40469298896946 93.90931477068041 90.4994062850968 24.816775715160222 71.97412304172573 54.41516161391307 65.15810186499132 47.693913929941075 34.32264094594476 27.454976640783226 73.98637823749877 66.47984156200631 80.45287546023408 41.22179909990032 52.69530189232527 134.304201025558 102.73413083091422 73.93100802857188 52.65069179981486 49.73133655374071 126.83469900102445 92.85294759641049 59.59148474618927 29.588281495105267 24.38511677835027 125.31909218946872 90.79107817527444 56.356173765641415 22.447053326996436 15.052425749358042 129.96592767220082 97.04830473899965 65.88198108886351 40.71029716561509 37.00070327296093 140.1633874883413 110.21643652629332 83.93050150378971 65.84659294446618 63.41921665969891
11.533064266484342 24.130112074356862 67.01981276627929 4.9791461865507 25.38698293915269 42.92403629340394 36.53691088812149 60.28171453621503 37.91617067289633 43.049836662413824 19.172310803328692 34.99274505541282 39.14151188992349 0.0 13.597878705211814 60.4052230743563 8.893252743003025 48.84824379760088 19.9165847462028 9.385392333384983 14.877849764128792 28.35761182755303 14.280870917879788 34.1943721053467 42.397801518703325 9.268027253087105 56.80041590399007 57.56624625318498 26.767998182655717 32.86954377468954 15.751158305213236 26.360045522509626 9.088207449384358 13.276237734668149 16.079042476439906 34.943950320745145 31.67154118837189 41.76644819094336 6.395247714265271 13.572422286031399 99.64899787772168 71.78285756710675 52.63497122631013 52.75326952581367 72.0429065869742 88.81051647565316 55.936872941608385 27.66594690619587 28.226236520043802 56.77042525901789 86.19746647446033 51.728438982609276 17.790820858865263 18.76296747308037 52.74882296571369 92.50964880522598 61.591375945307654 37.733169968608316 38.064664686814076 62.20030013070522 106.16656233924647 80.51005003555571 63.93103527258992 63.93173158599559 80.51170880315217
9.156846086211987 15.741048494303728 78.1268468697715 17.17111681639662 22.545818492160972 45.71331508996873 38.57800352201943 73.71854805731975 24.320876668715485 51.45855429115114 24.90355088421714 47.981924060617025 32.77158710560032 13.597878705211814 0.0 71.8707287456075 18.897215167345603 54.064086840941435 30.36749220634343 22.969813875020222 8.4261718138584 17.782664951967593 24.610374366144395 44.47435370187314 39.36290059191087 20.389313646232388 69.02839368571372 70.9707811131363 13.969629238407746 41.932876863841415 24.135424838582534 34.42172225753321 21.897801702788257 1.552666362233538 5.316793792714537 45.33503752624725 33.72424904216214 49.084148399217774 10.870700843140462 23.953670021215817 112.5017342318196 85.31034474423454 65.52749581253791 60.8657010845294 74.23070459009323 100.08266484725776 68.27899704051775 41.259383876210784 33.7266328958263 54.47447533396078 94.64687928019235 60.110255111695196 25.754761955657617 10.403208105709677 44.13614953855571 97.37133408550653 64.27736134936582 34.30489198193968 24.83779373179293 49.516162339243 107.63802612884392 78.84796059737444 56.94612111632126 51.60934149833936 66.92526540662828
71.88711190433061 84.52646686543727 7.2251582909452585 55.61545442884637 83.90090995554695 47.272880924540814 50.14182594047253 27.222170651201562 94.02747884572665 26.580889638861343 49.27282284864071 50.143925643754585 98.50338609522419 60.4052230743563 71.8707287456075 0.0 53.027999419083336 37.89137277316151 41.51438678208364 52.66646500796779 75.27722955540166 88.63546675270484 47.26315866066523 27.887879271220314 98.92096324128765 51.73396264721357 8.0508392230082 25.772459926432038 85.83450699957689 31.846243016975667 48.107447547660975 39.4661514666433 51.35628130299437 70.7880384824883 75.89144209460183 26.958027166411366 50.968550829500195 31.41913666767797 61.007489409674555 47.92697655970376 44.503254169774884 35.38693775984605 54.025566057969215 83.54710589185086 115.91508404056138 28.413919714396652 9.476706142731103 42.03711075241882 76.41520134638671 110.93376811627813 35.279199487666226 22.870681238028084 46.86533113731976 79.14856614805814 112.81611960161263 57.37881131769322 50.517233931569706 64.85721966697444 90.86105900729235 121.24277390887269 83.36877399929955 78.59046176325813 88.30233609223437 108.68706507109702 134.99328627251484
19.92633046890346 32.159576647199124 59.389692893325055 4.3462071951934 34.25444549835993 34.67349131422251 28.679566561179797 56.020320250552814 42.26164366489462 34.286674347427464 10.842515631741492 35.742474328203315 47.80286345080147 8.893252743003025 18.897215167345603 53.027999419083336 0.0 40.04262693770916 11.65293871022662 9.609675899721742 22.838388843117254 35.779277591711285 5.826261994155959 25.980451427602567 51.290672331556074 2.0050858142878956 50.153870294126286 53.19220393012954 32.862312745646605 24.192547652610692 6.873138664411943 17.480029904462775 5.623484994426544 17.91866458396789 22.913573438342173 26.79217301736135 23.9984746205399 32.88269862252986 8.03887001897939 5.133777417579344 93.81723100047878 67.91772877392005 53.092027370147015 58.47657051286161 80.09404264680346 81.31389786379702 49.42885444269158 25.871140948336194 35.920228748799545 65.62051774892409 77.53201241937936 42.98829438982902 8.923460522627487 26.57286264706468 61.05292867035841 83.6629911074944 53.17139681120927 32.39959796713124 40.830204629909176 68.40549995288015 97.8608341421222 73.3537144724097 59.8295704959459 64.6001013675973 84.62596646077513
58.86515211365712 69.65674581472486 39.91142730651176 44.330593742710924 73.84734746010481 11.45998037427912 17.630965828258987 59.322186419253605 69.71788272741236 14.040856355672629 29.973807719053866 62.46348036792731 86.42181145379843 48.84824379760088 54.064086840941435 37.89137277316151 40.04262693770916 0.0 31.62048744330502 46.588039602505 60.919849606003694 71.6666844968513 35.60340240286249 23.932757198043884 91.09092656917107 40.24671039502007 41.795980700796704 56.787413672299394 66.22536709644416 20.35911756742083 33.18789240157803 23.31349283557361 42.7429328840548 52.56036797070353 59.290085395970635 24.19897751495661 21.422514745526712 10.37760048259782 45.34534321834805 36.2154173698274 81.49529404843264 70.31080916215265 75.10322918908305 93.44591162888632 119.24151952521791 58.820482526010494 42.32225100883132 50.17286912978179 75.0884862220976 105.61280617725825 43.39082637559601 15.118195849669991 31.13208402152756 64.06796580861545 98.15830381393215 43.70717092914853 15.995623815073078 31.56348227699826 64.27672274821141 98.29339246615093 59.518959377193134 43.278999247890546 50.97504800447613 75.62180740081736 105.98904887448293
31.353443273265206 43.75055814913185 47.77833282972016 14.9374385596521 45.08857281228751 29.22674943595269 25.0933158883374 47.17706534449132 52.936604431725534 23.454546524439113 10.635678520753316 34.26033791452431 59.05154070466578 19.9165847462028 30.36749220634343 41.51438678208364 11.65293871022662 31.62048744330502 0.0 15.166060175971094 34.42086230769521 47.43177937853887 5.826677358131454 14.350329781285554 61.72596637226435 10.687939045461558 39.099139013259474 44.28641255122528 44.32407364731732 13.182754508562084 7.0639506043547415 8.469077689401338 11.803202444221753 29.2736662668819 34.55367787836101 15.1472061064276 21.61486101669347 22.948578071108102 19.522128663941924 6.523123209084997 83.15658120812788 59.2970690426625 50.120584185590594 62.47246341289228 87.68323427934351 69.72327838414662 38.48793550072724 22.274461890836992 43.65577818549175 75.566838813985 66.34420366498756 32.02751058198584 6.695015690608167 38.1934387428379 72.57759997262235 74.40226273142015 46.36258481075606 34.03106895551752 50.61195364277191 79.7487169920041 90.90489961202535 69.65945941628976 61.935118513454725 72.20980980133356 94.8015477930301
19.80619432075732 32.36082236830583 59.519692146043106 7.013620736347231 31.35303204840926 42.7979578764263 37.37766328594355 50.95279489866333 47.290592063906786 38.38642648928872 19.60151875010793 26.71354344173016 45.86496505318393 9.385392333384983 22.969813875020222 52.66646500796779 9.609675899721742 46.588039602505 15.166060175971094 0.0 23.476526196068665 37.06221947930635 11.28116256682768 28.190540730245033 47.277178328118765 8.018306691802481 48.441213590468806 48.25879389175153 36.046923525799755 28.1638079979743 14.627401041177253 23.274755504941652 4.312815928807038 22.56989579834814 25.279902870663275 28.78866663452651 32.9358137932685 38.1135990001237 14.01897124934112 10.799387618680967 90.67932308451671 62.40670732327119 44.286258240281924 49.22160385172762 72.65726370571325 81.0422326928827 47.485841799767115 18.352568954111064 28.523294467523982 60.705764072355535 80.62899246752123 46.78365011258156 16.469262878072968 27.360821114509434 60.17344642598386 89.56738410885815 60.794861268013236 42.00637977061704 47.20040943923399 71.31650079639863 105.5064077123484 82.32092319227269 69.40193653278973 72.46575237978386 89.89273505257741
3.777507054695725 9.329801203484857 81.86159709951396 19.693554072424604 14.154290043142671 53.23920086813214 46.21739588712407 74.0966321586611 26.728684824855517 56.91828952081918 31.096771299477542 45.31637181151185 25.511109487061233 14.877849764128792 8.4261718138584 75.27722955540166 22.838388843117254 60.919849606003694 34.42086230769521 23.476526196068665 0.0 13.588693341435519 28.622477728178517 48.771050097773916 31.172400194699758 23.76884083630222 71.62872744299405 71.47371700382885 13.766689190065513 46.962870627058294 29.1702334072504 39.87718108209492 23.957699522453296 9.866257594871035 4.404943401611451 49.5595115092285 41.29444628282401 55.05924744014468 15.759708759040084 27.915475000692126 114.1550261234955 85.23789267737155 62.40531971743249 54.019873509883745 65.85337321349517 103.6777358534726 70.7402501441178 40.67104596091498 26.437206347420354 46.244553087721414 100.22939909606016 65.63159777390808 31.047305523020892 3.901038939861366 38.22767845511855 104.5083196765589 71.94101269816419 42.7067598244021 29.445932862769812 48.01141729395876 115.65981159836329 87.22465897650228 65.06827837577502 57.0474466803888 68.33543809822494
17.277459380960185 5.712155571757465 95.1206383888308 33.03306544279101 15.540712428747199 62.83384710518065 55.62227923860616 87.52753425484885 18.694555749743994 69.17752083067828 42.68293579352562 57.59819762749145 17.37001386379604 28.35761182755303 17.782664951967593 88.63546675270484 35.779277591711285 71.6666844968513 47.43177937853887 37.06221947930635 13.588693341435519 0.0 41.605273679196806 61.735736523661174 26.92023103554115 36.93114221978036 85.15741284390627 84.93583285524146 7.47396998210531 59.51126662254964 41.63433215701813 52.108368254663795 37.44288706860977 19.21530038106464 12.93791165123117 62.560517293528065 50.90582367784164 66.8657371478841 28.079756564380382 40.912208428032365 127.73675584934831 98.52585120250619 74.11337044740422 60.60547639890418 65.17698694966732 117.001713219574 84.28658060044228 53.98044396221556 33.442231987302925 41.44528102790471 112.4101143118441 77.84952133139926 43.35799960042951 9.70248798445454 26.518190035300837 114.7023885654478 81.09478608488693 48.897185712092856 24.50202571777954 34.70746045840545 123.49568192999327 93.01423040480667 66.68519139475103 51.35159723034943 56.76145187498511
25.614630008917498 37.95031457864259 53.58212563390246 9.331093644609854 39.613963583208346 31.530591322813343 26.30694364561136 51.460410747656404 47.54078535818652 28.790085197917353 9.01977665865751 34.52295569350376 53.40583901003345 14.280870917879788 24.610374366144395 47.26315866066523 5.826261994155959 35.60340240286249 5.826677358131454 11.28116256682768 28.622477728178517 41.605273679196806 0.0 20.162188824674818 56.4494656789592 5.0182657746662205 44.58924442977669 48.59564969907855 38.57832855025157 18.58949401656711 3.8219296991095906 12.436493392935745 7.179218687782036 23.559199498178383 28.732028848908044 20.968721348129577 22.080202320942206 27.74818098646545 13.744339739154292 0.7113065980788735 88.4565942831053 63.48793041970858 51.29978918228281 60.22808527907914 83.77337863058695 75.51659635182298 43.91348189325505 23.428086062376398 39.549972166612335 70.52920769003264 71.91930639301069 37.455249817814234 5.315903962450472 32.380177889057585 66.80978217654744 78.9524560145394 49.54041766157759 32.708548908399 45.610074324010256 74.06444562893435 94.26561784326545 71.29099056645167 60.61011725206948 68.26089393250257 89.6676938295505
45.67796272049936 58.1007947590412 33.752245201785215 29.224110181528562 59.12086939301549 27.066601931434704 26.55717602251127 39.484222047050245 66.15232269149644 11.401480254353691 21.411343703176886 38.75158379696774 73.26722770867143 34.1943721053467 44.47435370187314 27.887879271220314 25.980451427602567 23.932757198043884 14.350329781285554 28.190540730245033 48.771050097773916 61.735736523661174 20.162188824674818 0.0 75.4339036835639 25.021765586579512 26.91374255698153 36.65962480474664 58.362479435985215 5.229683579138645 20.408196444151763 11.81547012313743 25.637724171341567 43.297493427430105 48.828014534232985 0.9496840896482375 25.577749226969633 13.569705128497867 33.71818537381325 20.865078761893407 71.12344668134055 51.438122845193554 51.26426375796471 70.74586516729045 98.87739165060584 55.717875345384044 26.641227151329016 26.643473471356966 55.72109758856444 88.85186040542219 52.44474204690304 18.946613622340706 19.03550833215162 52.54122379135835 86.91181178537546 63.21766266651394 39.919395159297295 39.817990769990104 63.02551634254048 93.56168058100474 82.71926169411817 66.433697382514 66.17529663540735 82.09553864775685 107.2145460713278
32.452655141625165 24.749766144138764 106.00128988818607 47.18398365941635 17.31604465853977 84.15197919096286 77.23638323574173 90.1504721976379 44.51222918644133 85.16457205443379 61.14244924415931 55.82155100592175 11.189449140980484 42.397801518703325 39.36290059191087 98.92096324128765 51.290672331556074 91.09092656917107 61.72596637226435 47.277178328118765 31.172400194699758 26.92023103554115 56.4494656789592 75.4339036835639 0.0 51.469340016712444 93.59024168349482 88.07046732115495 34.31135085475924 74.90013139976034 58.14431184053468 68.73360327125837 49.95528241220272 40.88404039458401 34.25212541405522 76.05425594307522 72.29135018272338 84.13665951591243 45.90466665068964 55.75925594342399 131.98458001032637 99.23272035555208 68.33128027339116 43.428361536918075 38.70024490670243 126.89451473549288 92.42047963690885 58.10098907562456 24.59181765940153 15.12093743937326 127.87619880535136 93.75152424427353 60.17659271636677 29.119482476803313 21.668275072039826 134.79698826209798 102.91029216691352 73.52306991946065 51.14263168958136 47.12015632688561 146.8190413347769 118.088869338596 93.42847679288661 76.86044851802738 74.03327546622066
20.665512189412848 33.09650604202046 58.190000460585075 4.313301187058171 34.59865383156044 35.41049189309188 29.65464176666261 54.1433551433879 44.00647715754902 33.80654440463179 11.774673594238951 33.824494645829354 48.40469298896946 9.268027253087105 20.389313646232388 51.73396264721357 2.0050858142878956 40.24671039502007 10.687939045461558 8.018306691802481 23.76884083630222 36.93114221978036 5.0182657746662205 25.021765586579512 51.469340016712444 0.0 48.64922194755694 51.323896295493995 34.31596331616653 23.606697699518175 7.179734619296036 17.303982659607385 3.8162290742717913 19.494158978080463 24.159816415783464 25.798303568376163 25.086906129914883 32.68267882482424 9.632719745812624 4.313406293409261 92.17131188729114 66.01309620065868 51.13424701807965 57.15328319714007 79.45494670563012 80.07620279664474 47.89066057871677 23.867903902778906 35.2233254057566 65.6241786111029 76.92947100265282 42.473512896266705 9.20374679224172 27.573039015612977 61.89256719807468 83.74613275642193 53.75136029141003 34.05635743091029 42.72347126440204 69.89697618130457 98.47816685864775 74.49215678056153 61.603527054236196 66.60096636096802 86.43589500569155
68.08967401418134 80.72710993279134 14.576491318190271 52.225718713194425 79.22076609777784 49.95176994065237 51.75531465761439 19.652053778002045 92.03574342347872 28.921617855752736 48.01894514411933 42.95088062997477 93.90931477068041 56.80041590399007 69.02839368571372 8.0508392230082 50.153870294126286 41.795980700796704 39.099139013259474 48.441213590468806 71.62872744299405 85.15741284390627 44.58924442977669 26.91374255698153 93.59024168349482 48.64922194755694 0.0 17.949199654805398 82.96503809380603 31.64726837712973 46.036786765697045 38.71748358381265 47.71971487696485 68.07211055772437 72.66948371420703 25.96817775613763 51.815176126704586 33.801308783660794 58.19191208314802 45.20233531653719 44.276052062769125 29.010514286781387 46.01835483076417 76.08288843423868 108.87773294887268 33.36348510900832 1.4615891987424747 35.860908410312526 70.46082362348315 105.06333796356418 43.28845834886637 27.494093233305236 45.08657532074664 75.52822624906347 108.4945446587709 65.13548125379904 55.70398215574691 66.01537503529383 89.48697813948922 118.54367200434699 90.65984831264744 83.92274740315109 90.8931398214652 108.97162061354646 133.72651653421516
67.71470868690201 79.83168293686927 31.210802199432692 53.864192845278524 76.00330641388524 63.059208575218506 63.21257759033582 2.8972684148163355 95.14439901018875 42.914150642706424 54.69508895111252 32.93640717642953 90.4994062850968 57.56624625318498 70.9707811131363 25.772459926432038 53.19220393012954 56.787413672299394 44.28641255122528 48.25879389175153 71.47371700382885 84.93583285524146 48.59564969907855 36.65962480474664 88.07046732115495 51.323896295493995 17.949199654805398 0.0 84.30443279778333 41.88923064733945 51.21604506115669 47.19573597998641 49.13590637322279 70.35656269217418 73.53631656929049 35.866961087432756 62.03713278363071 47.425690639037946 60.78260636422795 49.033254835198875 43.92823923639963 15.045593751966717 30.296874345245243 63.279398808887265 97.39360886020134 44.52833944750363 16.702262558529238 31.144953324953057 63.68595326318221 97.65573793034201 60.333951661766534 43.83113675435997 50.96046628712439 75.28338095453293 105.51314382247665 83.07727639578393 71.78359776204378 76.14913186178421 94.01728553636235 119.47620680968772 108.47825347522269 99.8695641447689 102.83476027534414 116.49337196229442 137.69924911738627
17.4041659208601 10.746588762865601 92.05868750933031 30.88971737569285 21.35922455961305 56.869327069943694 49.64791477301133 86.99858960692583 13.317071575829024 64.89378715967378 38.21046680873163 59.06943155770579 24.816775715160222 26.767998182655717 13.969629238407746 85.83450699957689 32.862312745646605 66.22536709644416 44.32407364731732 36.046923525799755 13.766689190065513 7.47396998210531 38.57832855025157 58.362479435985215 34.31135085475924 34.31596331616653 82.96503809380603 84.30443279778333 0.0 55.626468059351744 37.9694385960242 47.99523579018932 35.56183092448967 15.068525141817462 10.80037615552452 59.234177950711974 45.08910810317384 62.19847397903684 24.84031088963323 37.923007463062994 126.29075300387396 98.37652599308007 76.16624731956311 65.72232033603063 72.33477273430607 114.02095881365186 82.19780184693617 53.91664242567557 38.109790813228805 48.913537032025665 107.83433195181306 73.46130602688295 39.493495214623415 10.85178284194892 32.72061373123456 108.7741941121465 74.82161227996839 41.94723446640062 17.768391896525703 35.59086228073995 116.66839265748135 85.79975272403769 59.21567143903955 45.23503483152814 54.596112176425024
44.11873085011015 56.24865377244923 37.19489278310989 27.917301998483396 58.184138859739235 22.122299180936857 21.330277308119136 44.713620060411415 62.651172234071424 10.27198092397276 17.756777998927955 42.17064124732765 71.97412304172573 32.86954377468954 41.932876863841415 31.846243016975667 24.192547652610692 20.35911756742083 13.182754508562084 28.1638079979743 46.962870627058294 59.51126662254964 18.58949401656711 5.229683579138645 74.90013139976034 23.606697699518175 31.64726837712973 41.88923064733945 55.626468059351744 0.0 17.882006614607285 7.775976882236362 24.983685146021386 40.654797644179475 46.57584355247191 6.050840896403767 20.429023885991878 10.449159219891138 31.453750739443777 19.297262218834735 75.67149715071612 56.65949586258684 55.58075096474783 73.23209474203324 100.15716618220742 59.04460712966648 31.479374987233758 29.840883225716027 56.43445239763512 88.73589108412199 53.34568664663792 18.876639120306674 16.178596585942536 50.616407743325404 85.18890033636248 61.6822663957044 36.1450434217526 34.68518429757341 59.11425822184115 90.4475798992039 79.76860299299832 61.978275541216206 60.94562596187919 77.34479994160682 103.17389640747938
26.502445185288053 38.4156025745988 54.14958780623445 11.143312594367615 41.05959297244977 28.28453173194961 22.754165200205723 54.10000569487688 46.044254378575125 27.748070853672335 5.206450827887867 38.32785791965994 54.41516161391307 15.751158305213236 24.135424838582534 48.107447547660975 6.873138664411943 33.18789240157803 7.0639506043547415 14.627401041177253 29.1702334072504 41.63433215701813 3.8219296991095906 20.408196444151763 58.14431184053468 7.179734619296036 46.036786765697045 51.21604506115669 37.9694385960242 17.882006614607285 0.0 10.742996813736708 10.3478243300733 22.91653649927152 28.697146590180115 21.292974716046146 18.393231472290093 26.09536600123298 13.572466809073621 4.015257738913031 90.16674205718328 66.19425332488153 55.02828303429607 63.79137602679407 86.63349431770787 76.117703234859 45.46427221539173 27.10969174435973 42.39941934904104 72.49362849181719 71.05988194957942 36.46147836967401 2.0558178511859 32.76992171326666 67.36737749884016 76.79121141951491 46.57294851198925 28.914130867567412 43.56434830995394 73.17455823209144 91.30173217378305 67.7181828805173 56.8356338388144 65.34230821177347 87.77093025448369
37.245441440916096 49.08411607568593 44.94900564230248 21.556777426505914 51.734462998568105 21.000819769427554 17.71055846008644 50.078131353690836 54.875901393472994 17.08294882655563 9.982832741647266 41.95618024959192 65.15810186499132 26.360045522509626 34.42172225753321 39.4661514666433 17.480029904462775 23.31349283557361 8.469077689401338 23.274755504941652 39.87718108209492 52.108368254663795 12.436493392935745 11.81547012313743 68.73360327125837 17.303982659607385 38.71748358381265 47.19573597998641 47.99523579018932 7.775976882236362 10.742996813736708 0.0 19.485438018758533 33.09986149745303 39.20150679194457 12.76451745475511 15.211615323937902 15.40681723066686 24.184424334674624 13.090381882957066 82.93889783571075 62.189532941657035 57.01760344980821 70.91733258912797 95.92872813499402 66.81665217734675 38.40978148213964 29.681580171548234 51.78339185689077 82.92696621363697 60.38544656303004 25.782938082091462 8.830178326173208 43.428546095831805 78.03178580759493 66.51856079996548 37.89366944962975 29.01690523850052 51.40885864103455 82.69582852569928 82.45829787920567 61.55305033054241 56.329197769361265 70.37025251157425 95.52884253215595
20.530986736767375 33.172538707227076 58.02218929619254 4.732847841157362 33.48344253452532 38.58623098669407 33.0830130974365 51.91005062273879 46.009489380065034 35.255586678685255 15.289208892097697 30.138048572119146 47.693913929941075 9.088207449384358 21.897801702788257 51.35628130299437 5.623484994426544 42.7429328840548 11.803202444221753 4.312815928807038 23.957699522453296 37.44288706860977 7.179218687782036 25.637724171341567 49.95528241220272 3.8162290742717913 47.71971487696485 49.13590637322279 35.56183092448967 24.983685146021386 10.3478243300733 19.485438018758533 0.0 21.225754669727632 25.0263517767373 26.325813292616186 28.62442481479519 34.61551128980407 11.75878139155897 6.629338130103186 90.7324209559771 63.62976778443668 47.5387619596031 53.53439860820717 76.59465506885155 79.7682169741004 46.86701873695359 20.613438918773177 32.37526363836555 63.767146243453944 77.99079891966616 43.802850690297774 12.23386917733422 27.847768232134847 61.613161337285725 85.97195519269835 56.703440259962754 37.87097572329039 45.254492317146585 71.1094575643701 101.4333805469352 78.01419284358765 65.41001206864837 69.75311370830758 88.58496409723645
10.25714936765538 17.28772920272678 76.9907184609458 16.494093998478576 24.0130228260565 44.16717100894964 37.028582082880426 73.12202352558273 24.808392620076525 50.10958880861875 23.506287973171865 47.99185801431348 34.32264094594476 13.276237734668149 1.552666362233538 70.7880384824883 17.91866458396789 52.56036797070353 29.2736662668819 22.56989579834814 9.866257594871035 19.21530038106464 23.559199498178383 43.297493427430105 40.88404039458401 19.494158978080463 68.07211055772437 70.35656269217418 15.068525141817462 40.654797644179475 22.91653649927152 33.09986149745303 21.225754669727632 0.0 6.867692181749867 44.16717100894967 32.17824529529253 47.67399561553073 9.883812553941215 22.916482104546517 111.66213587495166 84.7784234095909 65.58285673781069 61.72214073133241 75.58383260901385 98.95387023544755 67.34551163542777 40.91210467366067 34.742129315209844 55.99163918939329 93.26043320752953 58.74620313439733 24.48628640780455 11.95382449609522 45.61867465003321 95.84057162169809 62.72590141349792 32.840626484420696 24.84591089723367 50.50719086875658 106.09222775750828 77.36702876356749 55.772379225793 51.28610168813893 67.41494615824351
