0.0 27.04732099681069 45.2338559110207 51.68466746274914 14.024629212184111 27.53331161012842 35.20631838150378 43.55307901270881 17.846392760916896 22.59611042423679 55.06717135159605 15.503508803548403 33.735263507454086 27.981010809552153 45.97850489135955 15.047219174813371 46.823434167000094 28.711820830732442 11.855712577516549 26.78455183520648 32.86719062851098 21.08272012741754 19.215465204910195 40.2375263395557 6.214550028326085 25.309761080145027 29.8748771193042 17.370692492939018 7.986267140179188 52.16815344951921 58.40672428300714 54.30487736708971 30.292406135998025 24.6399293819675 25.83580822106409 55.601983384108095 16.282720484803797 27.03690518278599 46.57656329314722 15.80119165329324 105.30085379437347 80.87719457264808 66.24759043212168 68.05246299683883 85.25434914047902 90.50230907571701 60.581702749842435 39.29942807216708 42.586088864633695 66.91436663348344 82.94491742089177 48.69679717632722 16.054581216806433 23.2158113025707 56.701419774080485 84.59266483847814 51.42860282605972 22.994149602585804 28.41492788194867 58.999430678544044 94.96752607239146 67.01265857271412 48.55279042738636 51.17481956116001 72.63031395614175
27.04732099681069 0.0 60.7376659556166 78.71950256057424 27.914799924737316 22.55624297209865 11.41022767575349 17.879122729762827 37.07176488739127 35.56646373810026 69.14586937936943 41.71323067195163 60.737665955616656 47.98707582873134 23.037181803793622 34.165419049961834 56.01806446189749 3.7184789715674667 33.48098989684513 43.13578477205631 10.789350757330217 7.527821553989437 45.50659359151149 67.07060885120889 33.26138600479494 3.1796192677399624 11.646483409822743 14.560993323265315 30.19077636276555 78.40023411400453 70.4753109836135 65.83214219751396 55.05813574646605 35.67498432515785 6.544065109572126 29.267898528238224 24.13087022133743 53.126860820881994 65.20667794962355 39.30007430657093 120.42367187808148 90.7951402107201 66.18498068141541 53.962424857618984 61.953469417403795 110.56222023813326 77.3747163944127 46.309069232044344 26.401780480918777 40.55143765121798 107.34166121046823 72.7428852659608 38.15333344639443 3.831542795015497 31.121358552802345 111.33994816339954 78.47190162919917 48.10335018723432 29.40855180831364 42.551512384655595 121.84830682995477 92.65922979038433 68.69677360865956 56.98729153439102 64.58054616390093
45.2338559110207 60.7376659556166 0.0 53.04972481238198 34.366735791459256 40.93401275663035 72.04117492747262 78.16389671590254 27.41001200033479 25.410067538959414 9.971793689536222 48.276882372323016 42.800376663738355 18.234471424255382 64.7319071137593 30.35273072952374 13.713741045511252 59.531105765048785 54.30487736708971 18.73417840124017 70.80590248355219 59.386107512902285 35.09233176226915 42.185338608876016 43.38846019941049 61.24633398441203 69.59030523952407 46.37659329012573 37.305609608365344 42.227047475489066 14.497627658396937 11.958989853435924 27.14126999300042 25.062826123681823 55.087457465915485 88.06804803471046 36.91927712008423 33.08463209311359 8.551471433921469 30.77426235231696 60.53218867353122 36.897186759718956 38.1246845697393 62.77271233481825 93.92639624318444 50.693171503079064 16.646302310566124 19.474470884003306 53.63081710948894 88.13698408421261 55.46274913980636 27.90646339763138 29.601839875858204 58.039738250210654 90.8614196205431 71.99356705203712 53.538655542324435 54.26329112447672 73.60315941572655 101.4157215276941 94.28970730371347 80.86921986698192 81.14088856228797 94.98730508713595 117.71178238414149
51.68466746274914 78.71950256057424 53.04972481238198 0.0 55.67079892284874 72.2638790998416 86.3768690530804 94.92372333394592 48.01499345878223 55.23325859748471 59.67089056304112 38.32889749632059 18.026401369170834 43.08606412293487 95.60600821233913 49.41345978844205 65.37686973448233 80.16944868749107 48.774929911118456 50.029510930970034 83.82943499668089 72.58737025419506 34.079367231738416 12.792480247111255 45.47943032546194 76.95929138069604 80.31899002721595 67.14611856998546 49.83457924657581 13.750277310634324 65.50413167402615 64.55642818548223 29.77345917725743 57.524090245459774 76.84004229758767 107.0663056158269 60.59727165062056 27.693111546298496 45.91833981113393 42.41860059752487 90.98219798661796 83.97769491185574 90.67227720861186 108.56051852924163 133.2067048810415 65.55854881708508 55.75778147963864 65.68660700585448 88.96810527097206 117.94367486244161 43.881850496173946 27.53885792601506 44.564560954543715 74.8895920298279 107.82273136637586 34.073096730715704 0.8735339411389982 35.14832298906747 69.74883915172322 104.35157365250288 44.7665525912792 28.915334772450276 45.420115751931014 75.39705047584228 108.17246184232876
14.024629212184111 27.914799924737316 34.366735791459256 55.67079892284874 0.0 16.88271155700042 38.68953909166642 45.79353618574128 9.268100608846936 9.394151063936045 43.69454104615472 26.200870443114606 38.05717396350865 20.073453723919126 40.15538773938614 6.67070404077485 33.58198831745802 27.747931940863673 25.750923242172394 15.803507131349933 37.101199818357486 25.261975356745285 21.791261109539093 43.071067771063106 16.48978564773046 27.736455110694575 35.46354813292785 13.51482536349577 7.7936300440472355 52.578599421620986 46.272729535298836 41.90594011003509 28.418241561690003 10.966241438064845 23.547281452440178 56.90790102280917 4.9443490079122405 28.151963826128167 37.71453209211849 13.298740341016043 94.88496832478927 68.32162649468489 52.22389417526711 56.4059273731906 77.65774402240729 82.98098023238482 50.69500160266408 25.474832619229627 33.508130490665756 63.17805254556164 79.72827514860187 45.22831350265744 11.377909183482272 24.661047898620698 59.00620086485981 86.11301772280964 55.63026335785649 34.188217093671824 40.46944257168263 67.09359867546524 100.31123766162098 75.61283332592872 61.37621184340548 64.89653960421398 83.96942884362457
27.53331161012842 22.55624297209865 40.93401275663035 72.2638790998416 16.88271155700042 0.0 33.725845279993436 38.29781450021793 24.44138532918887 18.648512794852504 48.24530020889532 42.08707666157247 54.84369284975686 32.85716138272646 24.96767262169207 22.85238706397972 34.067674979525194 20.172498349948018 38.965018465397094 26.217003831908695 33.34556089179864 24.88765969769192 38.62075262396858 59.554635434975374 32.025252221697656 24.33479246641319 33.689776919704535 12.628615983385362 24.103187603555533 68.12039393455213 48.83781697936376 44.170746306357486 43.90983233887227 17.354110563600347 16.057779657576365 47.341085447074235 12.247475132628368 44.59175291689877 46.946235473191514 29.880564872019725 98.96819896842031 68.42734948819833 44.32522049789404 40.521271579930236 60.94298148987575 91.61415517360356 57.39017581188048 24.268565927442896 16.707676846339677 48.622852651882006 92.60013686552466 58.93721147191577 27.69933428330936 21.348536685843975 50.38963775190135 101.6837733585288 72.26465020836052 49.9958436430954 46.60261689042835 65.10636088907292 116.99344264141875 92.40825806140523 76.06482273258509 73.66938931536055 86.39011027071334
35.20631838150378 11.41022767575349 72.04117492747262 86.3768690530804 38.68953909166642 33.725845279993436 0.0 8.656934642192532 47.63758633429314 46.76046315584199 80.53451197033617 48.310052503734546 68.65692720319177 58.69677954923635 27.285645229417298 44.62825263428144 67.40369233078866 13.614333655121497 38.67744702171617 54.20702272652426 2.8272766200847315 14.23960370825801 54.34896233059944 75.35660527498626 41.22468968985129 10.95308529339945 7.019433994052838 25.69541998730829 39.85255458445308 87.35438872552966 81.88440329786175 77.2399797259058 64.7289004251591 46.98677005455192 17.697722800867297 20.809986548598598 35.25000410908558 62.13740691000047 76.27700265146859 49.11563907340373 131.82884577147252 102.10609185810202 76.5979687454751 60.85744855588362 62.7279417995211 121.6156409097978 88.66218224022175 57.67526095561291 34.44885505906717 37.97165029019812 117.3611709525392 82.78656101478578 48.25390155264645 14.075419658356322 21.509299272186865 119.70273154719118 86.04422336557639 53.60332383092375 27.163722015933676 31.579467679530566 128.27950236696088 97.52400709821914 70.43462349370724 52.9711563819553 55.187440843086684
43.55307901270881 17.879122729762827 78.16389671590254 94.92372333394592 45.79353618574128 38.29781450021793 8.656934642192532 0.0 54.94304340771221 53.249569050125814 86.21196746683403 56.93165241182797 77.1441365732008 65.8648550134045 25.492803525987238 52.01817084661217 72.36464456882712 18.632817245848546 47.33409243635933 60.9064928545082 11.404368548697747 22.4716454463613 62.58296662388537 83.77570501218337 49.642940784791186 18.535266606792305 15.451208427690952 32.39012189076728 47.72218398704727 95.59688218038512 87.10166876883963 82.43484126656683 72.64945894077123 53.16884902939104 23.07652500368038 12.169745132099784 41.92174307678168 70.33089639269349 82.94743778304164 56.93506945515912 137.22005005064756 106.48352582043863 79.01224234882254 59.51404580807786 56.88323914062657 128.28565180783738 94.8073406788779 62.56592016358969 35.148200785728584 30.84050590823256 125.11380842519195 90.5101267683405 55.90666731498218 21.30451282233996 13.306520830343466 128.13336061582334 94.60306951309659 62.25884109753965 34.60383943955928 30.224625541662615 136.93518052349356 106.11956148614667 78.52562966524941 58.87260161479981 56.21821280770262
17.846392760916896 37.07176488739127 27.41001200033479 48.01499345878223 9.268100608846936 24.44138532918887 47.63758633429314 54.94304340771221 0.0 8.030514129030632 37.221244723235706 24.452238785068644 31.075186748670905 11.120560556150641 48.78727446366779 3.1083451250526553 29.915868479706276 37.00891634583682 27.7712708816085 9.01695951824318 45.90484834002756 33.86355045668995 15.513028415247089 35.24570673120089 16.897062543429584 36.70732305743399 43.95571958075859 22.770365622413994 9.895820700969097 43.81608677275276 40.63986752245114 36.64373627337535 19.564718054263874 10.62474719318309 32.81493971356836 66.15151362131685 13.871291337507671 20.336860455176833 29.440245847428425 6.615811667252383 87.68813352453567 63.1917739744386 51.884423002409825 61.5271315637632 85.28765445233797 74.37014714868036 43.06662101337865 23.945606524361892 41.071808652495854 72.07799961076653 70.46050987733474 35.96803102646862 4.191557652443046 33.70894764118793 68.18996438249079 77.39854726486105 48.0637981757405 32.008695207012664 46.19327592082289 75.08605202821629 92.78154534222121 70.02830776083763 59.95245112689868 68.40623277035661 90.32891422030048
22.59611042423679 35.56646373810026 25.410067538959414 55.23325859748471 9.394151063936045 18.648512794852504 46.76046315584199 53.249569050125814 8.030514129030632 0.0 34.47454787062692 31.941170134483578 38.761356906122536 14.20899806118251 43.599210294775 8.757796856699532 24.3220014247384 34.70582029005729 33.77832218374894 7.824372578866194 45.437103521754736 33.98371168796541 23.510793915166264 42.44311759201467 23.40617213369645 35.8979542005579 44.18296468433372 21.065705209094837 14.999444222107982 49.86853260392338 36.89590066289215 32.51349867607922 25.912450954757162 2.6011330896147347 30.28777713931419 63.74217946034708 11.530806997322953 27.76281056184974 29.706258060811802 14.644025239755651 85.78735519145452 58.93494794855674 44.51967720193292 53.716766625591106 78.63711696766983 75.03620275370564 41.954401146219716 16.874861781314983 34.701574569086176 67.21969003049789 74.1096400182659 40.2895541967718 12.211036356614398 32.70814024457754 66.22225657148898 83.33606224654228 55.34044766258234 39.68696017924168 49.82337055569226 76.05593654018416 99.94163426207467 77.96178643013704 67.54639239274782 73.76825337500337 93.35823683411849
55.06717135159605 69.14586937936943 9.971793689536222 59.67089056304112 43.69454104615472 48.24530020889532 80.53451197033617 86.21196746683403 37.221244723235706 34.47454787062692 0.0 58.16483405200668 51.338088358385136 28.189443390554043 70.81682802784054 40.10078323835335 15.69923812135824 67.63779451385821 64.2728604837077 28.377413143666036 79.47281521083053 68.35839022497476 44.86214949297238 49.82991390999771 53.35003716333616 69.90137383366512 78.51310089463577 55.05816905975712 47.108071266919794 47.64746727069119 5.848056369435845 6.831196929501519 36.12189507737501 33.73328000178652 63.22168871084952 95.58356398994026 45.807211206447455 42.28428559793983 13.888025819370544 40.74539286137409 51.37861301565145 27.115955776642824 35.00900238407708 64.11573477777871 96.90648405461178 44.83909742623839 10.575089775158016 24.65714146988587 59.15210024283768 93.72737880025248 54.630076704756355 32.814556244886454 39.547189937604855 66.67833735113922 98.60454563994695 74.57484974637488 60.25037424554038 63.98118638932299 83.37782714577779 110.4758667677102 98.6979560352115 88.15681460140114 90.53543733045868 104.959091463071 127.40039388045189
15.503508803548403 41.71323067195163 48.276882372323016 38.32889749632059 26.200870443114606 42.08707666157247 48.310052503734546 56.93165241182797 24.452238785068644 31.941170134483578 58.16483405200668 0.0 21.348425242245497 30.11462294414465 61.47330352612824 23.19371466752464 53.863837364938426 43.781808891883635 10.687882462450611 32.57852837161129 45.68798009514017 34.960203947024645 13.64915093436776 28.51461278159406 10.07206085419313 39.546493691354364 42.06355002580034 32.83786003921122 18.410311235085935 41.7329618430499 62.6196720487197 59.208111307729645 25.198407601419454 34.47494132318761 41.20053457087443 69.10137765714177 30.031855973868968 19.52775043046573 46.79748463052409 18.501949230160243 105.2484606579629 85.16754003588052 76.3185518857915 82.40311238675278 100.7510028829188 86.77356947087148 61.143351906847876 48.39602379990484 57.798350072098664 82.06053823977022 74.65524009860516 42.429123942486925 20.54026522394989 37.926516912593534 69.6403986734592 72.1706854513793 37.93130959420516 7.988363218236441 32.919552497906075 67.07036019575244 80.22021006979868 51.51884388182684 35.60800572268527 47.71266596891895 75.36508834744558
33.735263507454086 60.737665955616656 42.800376663738355 18.026401369170834 38.05717396350865 54.84369284975686 68.65692720319177 77.1441365732008 31.075186748670905 38.761356906122536 51.338088358385136 21.348425242245497 0.0 28.56916969116263 77.73686774521252 32.06843930493738 53.11324854355233 62.14709435339807 32.03332769690803 34.778728524080314 66.16816851530598 54.73183471640789 16.27881195975805 7.223809648174418 27.552367096606282 59.04070029321924 62.78670163761254 49.16382163295192 31.89521927487725 20.71067920076452 56.84032532158113 54.75911222513506 15.875058091199632 41.21773642499017 58.81782783312754 89.25517522958303 42.93682589596707 11.228331332944956 37.714965320789894 25.006628779782986 91.68733557001208 77.8478771346895 78.15853818035458 92.47682332460582 115.71477544721678 69.81643797751663 50.60121482742828 51.39494185657023 71.53465126159759 99.9388902727182 54.246089119484395 25.426709641452195 27.299150152772892 56.91059912151911 90.15118214932127 51.103690882872776 17.84671880666199 20.500648858297794 54.00834117238149 88.36502877199113 62.29928577959636 39.70472440993727 40.82349468489961 64.43196987584369 95.03277440553917
27.981010809552153 47.98707582873134 18.234471424255382 43.08606412293487 20.073453723919126 32.85716138272646 58.69677954923635 65.8648550134045 11.120560556150641 14.20899806118251 28.189443390554043 30.11462294414465 28.56916969116263 0.0 57.7989386762115 14.208998061182537 25.121694140815638 47.69426937654525 36.213711758464996 7.187993494629969 57.004145374633 44.9811127075015 17.313078212286825 30.548729203313677 25.388402622210045 47.751753844296424 55.07541218176322 33.52475652327687 20.41206833807661 36.191088603402434 32.505533184534386 29.16467200639032 13.362685669514832 15.808140641915095 43.39419143568663 76.88389413643188 24.184424334674624 17.49045384377823 18.607111188856152 12.70227107855937 77.38281291855607 55.07631309770118 49.73437675251159 65.63858343247338 92.40209129543364 63.26444139733241 32.64846854071883 22.897626975829613 48.759881199321654 81.39776764900589 60.11106576696172 26.085347265278337 11.933308713946978 44.71259075900236 79.0625138007306 69.43323408407485 43.32425273483346 36.439508519852225 56.33395702341479 86.10471341820342 87.32251655181024 68.23115536634157 63.87906528170185 76.81376929497202 100.57311309354513
45.97850489135955 23.037181803793622 64.7319071137593 95.60600821233913 40.15538773938614 24.96767262169207 27.285645229417298 25.492803525987238 48.78727446366779 43.599210294775 70.81682802784054 61.47330352612824 77.73686774521252 57.7989386762115 0.0 46.71745536929161 55.46086006638532 19.584203023035393 54.91640868753516 51.177547348262934 29.06530621578914 30.38467387691976 61.529310491594266 83.13807372171541 51.839806093511854 26.19522673128245 32.29553082580155 28.853187773775492 45.856849379301416 92.59410978598706 70.23109140400541 65.695866782794 68.34675376432249 42.297341607847414 20.63843320550652 28.64812533227111 35.21771384894655 68.27850684744766 71.40422145104412 53.433418932038116 119.67106917694504 86.82868731891892 56.14366645732114 34.056362460788684 39.52713706167474 115.24381408506164 80.67687640776387 46.16529123658833 12.18867790310644 23.68011083422183 117.53233626637721 83.88427859418262 51.5183287014692 25.817592054007005 32.76891510710022 126.17160685029336 95.51247028929515 68.70802950427957 52.09374617145864 55.691356575432536 139.99031670715817 112.99034316554106 91.27475087105492 79.3100010766004 81.50954559858461
15.047219174813371 34.165419049961834 30.35273072952374 49.41345978844205 6.67070404077485 22.85238706397972 44.62825263428144 52.01817084661217 3.1083451250526553 8.757796856699532 40.10078323835335 23.19371466752464 32.06843930493738 14.208998061182537 46.71745536929161 0.0 32.114797078736515 34.233435741917255 25.47849116035341 11.750863206464388 42.86093955094742 30.796118013264465 16.003730039658475 36.72250647533578 14.814108330857447 33.7143832361526 40.86911007386162 20.004328975452573 7.06220581630632 45.934968295439475 43.35964831243889 39.270981495909545 21.75143563573212 11.281381682428256 30.107830160654046 63.318435869891886 11.530806997322987 21.760224279299468 32.5447563212405 7.061893915881571 90.71556972530115 65.84210110242486 53.252689889737184 61.08448821211819 83.79486521276105 77.46885589302407 46.127604619248515 25.474107653370538 39.55940333261982 69.82696185349653 73.24177137599307 38.685154439115884 4.855876609280713 30.748531107916328 65.28567267729389 79.48679974118849 49.41228870133341 30.981173100329016 43.27733551493922 71.97817948751778 94.14218970933211 70.44715050449523 58.801674691284056 65.9337522150887 87.35942546510739
46.823434167000094 56.01806446189749 13.713741045511252 65.37686973448233 33.58198831745802 34.067674979525194 67.40369233078866 72.36464456882712 29.915868479706276 24.3220014247384 15.69923812135824 53.863837364938426 53.11324854355233 25.121694140815638 55.46086006638532 32.114797078736515 0.0 54.067336180812966 57.586266339699414 21.291544219511614 66.665620697838 56.3672072255343 42.13776267455906 53.74623561711775 46.7965007112358 57.204166920433835 66.24619776988422 42.74014974662772 39.00571439127442 55.38676096097453 14.891788091541345 10.270798624994478 37.27716230799827 22.645787191909935 49.76124913753196 81.08134803043893 34.31406941244754 42.37958783991248 22.26264497170358 35.36497078190705 64.9603803274797 35.11329321340845 25.31558856931054 49.433369350217845 81.49405071664494 60.5375374787372 26.13393034766917 9.799247141218771 43.63395731933116 78.1452063522912 68.60112572986306 41.409442550328144 33.43954724056087 54.00461659431929 84.31860893956194 85.69570919819272 65.78877648229951 60.88804902316133 74.03599654118116 98.23485084115485 107.59908550605482 92.3206160583639 88.67541963079549 97.97073488875486 117.16612433040147
28.711820830732442 3.7184789715674667 59.531105765048785 80.16944868749107 27.747931940863673 20.172498349948018 13.614333655121497 18.632817245848546 37.00891634583682 34.70582029005729 67.63779451385821 43.781808891883635 62.14709435339807 47.69426937654525 19.584203023035393 34.233435741917255 54.067336180812966 0.0 36.082645618533476 42.42744282109824 13.616043478330509 10.800728801050624 46.57050416851183 68.28335359376105 34.89793450267684 6.854882265402984 15.089556793475543 14.23967761044308 30.950793172383815 79.23616189551039 68.69055306501087 64.02985128454213 55.565622286482736 34.5489714524688 4.444389813473566 29.189687481524444 23.54710870030115 54.04287947854707 64.41079384475157 39.82992440960767 118.76050886898875 88.59804235587957 63.166231454322116 50.250746554052604 58.7801608478805 109.7178815003689 76.17457541277756 44.2940500980261 22.72013040483078 38.279110413332084 107.46191480505243 72.91858980495651 38.48418145228694 6.30853250099716 31.518515509804928 112.40211476213017 79.95814802398655 50.46987807666112 33.10505817466905 45.16098190646067 123.67889083383672 95.03187947879977 71.83613617919518 60.70078312747549 67.84925903590371
11.855712577516549 33.48098989684513 54.30487736708971 48.774929911118456 25.750923242172394 38.965018465397094 38.67744702171617 47.33409243635933 27.7712708816085 33.77832218374894 64.2728604837077 10.687882462450611 32.03332769690803 36.213711758464996 54.91640868753516 25.47849116035341 57.586266339699414 36.082645618533476 0.0 36.73068100289127 35.956540679050796 26.215156828657744 22.26329628679875 39.20224765649613 10.960040062144639 30.92878819979585 32.12352277616601 27.68471951225781 18.77991353047938 52.38342475306983 68.1468670307215 64.3077253678786 34.331594749401035 36.009906680985694 34.27917651577968 59.46582266547318 28.109840308519644 29.28621372347783 54.21536877753596 23.540643077298277 113.14926525240845 90.77363987202298 77.92104999828575 79.36161062685045 94.443524503881 96.07230744723877 68.55519244045178 50.641367988849126 53.14216294926532 74.0164738680541 85.11024654421868 52.26786073281172 24.798190616810373 29.880044241047017 59.71205593093248 82.7312957414094 48.335403302598635 14.933472608800841 22.46240125790546 56.40003378334376 89.62170936162983 59.27042228824433 37.26587926463359 40.73498725686397 65.76293216178297
26.78455183520648 43.13578477205631 18.73417840124017 50.029510930970034 15.803507131349933 26.217003831908695 54.20702272652426 60.9064928545082 9.01695951824318 7.824372578866194 28.377413143666036 32.57852837161129 34.778728524080314 7.187993494629969 51.177547348262934 11.750863206464388 21.291544219511614 42.42744282109824 36.73068100289127 0.0 52.75536695347468 41.03871145668087 21.426781805573906 37.377322707217026 25.804308228539043 43.28287496704303 51.249001627063905 28.578915805636253 18.799730784762282 43.377875840057186 31.63680192132423 27.627869725382787 20.258271809404356 8.895563895004255 38.02798207285222 71.51970430039864 19.0049148915928 23.551717503948712 22.076619212820372 14.076712012494216 79.24416903207546 54.17534977750356 44.55462205940343 58.56684895033704 85.2634321987366 67.43095668058835 34.90238165593772 16.86023967703152 41.77568945019243 74.83981484742183 66.39614409133851 32.87798723554398 12.178995270164302 40.131603426879174 73.94332321506569 76.57798855277879 50.23279591089505 39.71527279478162 55.00995960270511 82.88372621672198 94.41436277869362 74.46615881095049 67.60998768848475 77.40656807601013 99.03134778951961
32.86719062851098 10.789350757330217 70.80590248355219 83.82943499668089 37.101199818357486 33.34556089179864 2.8272766200847315 11.404368548697747 45.90484834002756 45.437103521754736 79.47281521083053 45.68798009514017 66.16816851530598 57.004145374633 29.06530621578914 42.86093955094742 66.665620697838 13.616043478330509 35.956540679050796 52.75536695347468 0.0 12.155510309384105 52.05967489304836 72.91958730793023 38.815921669890066 9.57294023142208 4.202816086528483 24.442172867076728 37.827153953296495 85.03525478249819 81.00918251472379 76.38316580366296 62.622941619224065 45.80503868863864 17.311990817738195 23.50931329520987 33.9063500200981 59.866745638952004 74.78884046294367 47.09452901478135 130.82576946519586 101.52703263501492 76.77809378870026 62.263905674329756 65.21880977999176 120.08208291950602 87.38910945116093 56.99858404014944 35.43519486312949 40.70994728956017 115.3113501489142 80.77243319771294 46.33053189138833 12.794691679572809 23.99466220227727 117.2452511228837 83.48527387214011 50.872174624457216 24.515515573069322 31.76299752957552 125.5743012737084 94.72932895377035 67.62538714308629 50.670966135609035 54.37561248912757
21.08272012741754 7.527821553989437 59.386107512902285 72.58737025419506 25.261975356745285 24.88765969769192 14.23960370825801 22.4716454463613 33.86355045668995 33.98371168796541 68.35839022497476 34.960203947024645 54.73183471640789 44.9811127075015 30.38467387691976 30.796118013264465 56.3672072255343 10.800728801050624 26.215156828657744 41.03871145668087 12.155510309384105 0.0 40.144610956540134 61.31409891039646 27.195130702070536 4.718497606891755 10.213874396331668 13.639156304469715 25.67507752596047 73.15956290178956 70.2941967912719 65.73183050868178 50.506632645174406 34.63775991654655 11.168524329467232 34.531483330901146 22.55117934844985 47.91870734237861 62.96649131686046 34.943120028878646 119.7269054914725 91.46082491476143 69.21283474807848 60.08771838233133 69.4653490202333 108.16924027982202 75.86403515653659 46.956926021382806 32.394254997950625 47.83990381419013 103.17239673881205 68.62229941774518 34.181142310279164 4.747102865629378 35.65912877970226 105.6715153495575 72.2920957330322 40.995963884732696 23.02248910802724 42.12178718032601 115.17956305201768 85.47925758279962 61.170900304710855 50.713493748486 61.61689451567863
19.215465204910195 45.50659359151149 35.09233176226915 34.079367231738416 21.791261109539093 38.62075262396858 54.34896233059944 62.58296662388537 15.513028415247089 23.510793915166264 44.86214949297238 13.64915093436776 16.27881195975805 17.313078212286825 61.529310491594266 16.003730039658475 42.13776267455906 46.57050416851183 22.26329628679875 21.426781805573906 52.05967489304836 40.144610956540134 0.0 21.776136106352094 13.644724702975578 44.14041045291905 49.084109928774346 33.150470173872684 15.805244299286478 33.01597067652698 49.55636248862309 46.41239395993926 12.074809486880893 26.083048748689947 43.009021698211924 74.52743947036446 26.659431219915362 7.824372578866194 33.16760957751605 9.02058537581044 91.63322079413753 71.95625191467414 65.9812593912633 76.96830748785764 99.44588220915153 73.81191122073193 47.50082634785202 38.20059087484265 55.290760138132455 83.962357897355 63.99078215649278 30.255218644415198 11.436295422573757 41.72591514068078 75.80348065357241 65.85279295997029 33.98423568438649 19.186299224216636 44.453883399398165 77.3241830803704 78.57159059257084 54.54323824340605 46.5966434132623 61.33793171029753 88.02413819379711
40.2375263395557 67.07060885120889 42.185338608876016 12.792480247111255 43.071067771063106 59.554635434975374 75.35660527498626 83.77570501218337 35.24570673120089 42.44311759201467 49.82991390999771 28.51461278159406 7.223809648174418 30.548729203313677 83.13807372171541 36.72250647533578 53.74623561711775 68.28335359376105 39.20224765649613 37.377322707217026 72.91958730793023 61.31409891039646 21.776136106352094 0.0 34.13717777385542 65.51839428101515 69.63022184746681 54.92112340183453 37.57656304069868 13.545623345181525 55.546320367934804 54.021866800134255 17.186084990164332 44.74387671183104 64.77730720308463 95.83940595194191 48.01120748337319 14.963802918112693 35.94917640618267 29.779782821703673 86.93770156198124 75.53705152596302 79.0460138882938 95.8407138301184 120.48799316759253 63.96099557208295 47.64987182056469 53.33688189051478 76.24924268599452 105.72550498536951 47.195956785481805 20.592762046905356 31.867113835309087 63.25987372160524 96.86566928361314 44.35784418961844 12.907611978885365 27.57620691972901 61.23022590507675 95.56509078040122 57.54566691467676 38.70605641777653 45.6030737473113 71.10519232696579 102.11308889928868
6.214550028326085 33.26138600479494 43.38846019941049 45.47943032546194 16.48978564773046 32.025252221697656 41.22468968985129 49.642940784791186 16.897062543429584 23.40617213369645 53.35003716333616 10.07206085419313 27.552367096606282 25.388402622210045 51.839806093511854 14.814108330857447 46.7965007112358 34.89793450267684 10.960040062144639 25.804308228539043 38.815921669890066 27.195130702070536 13.644724702975578 34.13717777385542 0.0 31.49094965631247 35.652226167075284 23.03254121256518 8.777357642055312 46.30330629073312 57.187341706009555 53.354122987380386 25.327801088884545 25.790342827357552 31.91813494076 61.72651235428037 20.03556780846323 21.421877812634968 43.63926697887786 12.686174979198178 102.5996690451269 79.81359990391755 67.88589290972573 72.39850322558462 90.93600589715876 86.49985144876656 57.91123817972443 40.249502472308876 47.761460681828865 73.05556473595556 77.6337108244841 43.724694295782236 13.840393682072083 29.42984666066043 62.73377896179874 78.49255745518226 45.218420985171925 17.977174546710888 31.567407255204717 63.75478636743068 88.79460676757151 61.25580789901074 44.88743473435263 51.694347647267776 75.66072525457983
25.309761080145027 3.1796192677399624 61.24633398441203 76.95929138069604 27.736455110694575 24.33479246641319 10.95308529339945 18.535266606792305 36.70732305743399 35.8979542005579 69.90137383366512 39.546493691354364 59.04070029321924 47.751753844296424 26.19522673128245 33.7143832361526 57.204166920433835 6.854882265402984 30.92878819979585 43.28287496704303 9.57294023142208 4.718497606891755 44.14041045291905 65.51839428101515 31.49094965631247 0.0 9.36080330157575 14.873359447823114 29.190119957057632 77.13368801681848 71.47722857605511 66.85936618075088 54.116975910178645 36.23410970236688 8.81182633068433 30.387094570094966 24.369679466848034 51.85296849712313 65.34434798469962 38.41561042498239 121.25829003976514 92.14903166613274 68.36743261208751 57.02243699328616 64.99077991495643 110.67398301159511 77.84069674629816 47.586292184652194 29.40363783756309 43.12227049657453 106.6314644707661 72.03325772279965 37.44550156917048 3.2241780355343046 31.835191641861663 109.85553867596651 76.68339161673154 45.68683344905562 26.250180581430197 41.05725563036575 119.76059860423419 90.18753397225574 65.72502688214385 53.856890034300356 62.25871522378431
29.8748771193042 11.646483409822743 69.59030523952407 80.31899002721595 35.46354813292785 33.689776919704535 7.019433994052838 15.451208427690952 43.95571958075859 44.18296468433372 78.51310089463577 42.06355002580034 62.78670163761254 55.07541218176322 32.29553082580155 40.86911007386162 66.24619776988422 15.089556793475543 32.12352277616601 51.249001627063905 4.202816086528483 10.213874396331668 49.084109928774346 69.63022184746681 35.652226167075284 9.36080330157575 0.0 23.562926920579947 35.40443211728437 81.9533262392571 80.33875800189426 75.75207691509016 59.957903319575756 44.78042183513185 18.0419674096608 27.43497681261468 32.7183466651262 56.90794600909349 73.15228265479614 44.629682497588064 129.8897470915667 101.2764031290682 77.69971971638273 64.90266745379739 69.15373618296817 118.31018939857249 86.07726788448126 56.71083839043759 37.65329135794357 44.880391312287735 112.68162479859488 78.23746348177508 44.04435987391823 12.392070095057223 27.6056875607694 113.89013983754816 79.95247281370861 46.99658989027364 20.489231546377752 32.02788399639342 121.73221167830319 90.68170754386466 63.422591776690425 47.079619323423444 52.96572767098421
17.370692492939018 14.560993323265315 46.37659329012573 67.14611856998546 13.51482536349577 12.628615983385362 25.69541998730829 32.39012189076728 22.770365622413994 21.065705209094837 55.05816905975712 32.83786003921122 49.16382163295192 33.52475652327687 28.853187773775492 20.004328975452573 42.74014974662772 14.23967761044308 27.68471951225781 28.578915805636253 24.442172867076728 13.639156304469715 33.150470173872684 54.92112340183453 23.03254121256518 14.873359447823114 23.562926920579947 0.0 17.345416218657583 65.36414791386801 56.777561512111795 52.18916344352677 41.47970326027307 21.36343787512506 10.131236287363397 43.39410991522091 9.576843647833622 40.34992319674496 50.653487067304376 25.82546668520433 106.42973947569418 77.82497360349612 56.40006212649702 51.96162931214873 67.92538741389569 96.00911814597002 62.9807677291368 33.32037395528435 25.470795389409584 50.81455889355809 93.2225782337462 58.686642062330165 24.34437952885052 11.663175675474966 45.54409416302782 98.7188665933384 67.00291852866714 40.350976701378094 34.08585205395149 55.5906742171763 111.27707280508655 84.27528970118053 64.93724014120359 61.04219067915007 75.03489929241222
7.986267140179188 30.19077636276555 37.305609608365344 49.83457924657581 7.7936300440472355 24.103187603555533 39.85255458445308 47.72218398704727 9.895820700969097 14.999444222107982 47.108071266919794 18.410311235085935 31.89521927487725 20.41206833807661 45.856849379301416 7.06220581630632 39.00571439127442 30.950793172383815 18.77991353047938 18.799730784762282 37.827153953296495 25.67507752596047 15.805244299286478 37.57656304069868 8.777357642055312 29.190119957057632 35.40443211728437 17.345416218657583 0.0 48.29137153078825 50.42078195941662 46.32935904513167 24.927287187247718 17.249234343985748 27.25713112370691 59.43078628533603 11.864001002713255 23.102989302222134 39.000964727249155 9.268125079569382 97.5190217289579 72.90128735541239 59.279191917348534 64.09550911776303 84.24507571220232 83.45257738322898 52.84275796260573 31.862474721494767 40.409322576350704 68.15750315325865 77.50916979655229 42.94746142293237 8.726496400146978 26.507985453373017 61.02498752803398 81.48638231630518 49.70949807477068 26.398484246968273 36.298317017326845 65.82626939170244 94.13487031004681 68.35181337856778 53.64108747359911 58.97085236707774 80.45219625629028
52.16815344951921 78.40023411400453 42.227047475489066 13.750277310634324 52.578599421620986 68.12039393455213 87.35438872552966 95.59688218038512 43.81608677275276 49.86853260392338 47.64746727069119 41.7329618430499 20.71067920076452 36.191088603402434 92.59410978598706 45.934968295439475 55.38676096097453 79.23616189551039 52.38342475306983 43.377875840057186 85.03525478249819 73.15956290178956 33.01597067652698 13.545623345181525 46.30330629073312 77.13368801681848 81.9533262392571 65.36414791386801 48.29137153078825 0.0 53.48885665482246 53.102368916695035 24.2513836736549 51.80838402419647 75.44244536306238 107.51714154681696 57.46553413422454 25.2841393250978 34.352552602233736 39.55159906245111 77.33455614830977 70.85364896710296 80.34053448142619 101.40867467671035 128.48187819694041 52.47721095277669 42.69736607700793 57.33316076713147 84.53364081699165 115.75664295080925 33.707814915275904 14.841285566298673 41.220882298712866 74.65191844136173 108.8186892292952 33.5827788833207 14.557719341665146 41.12057782664722 74.59709929058813 108.7814464768779 52.2361646942501 42.403488672963206 57.116671355991954 84.38833916430306 115.65158351993196
58.40672428300714 70.4753109836135 14.497627658396937 65.50413167402615 46.272729535298836 48.83781697936376 81.88440329786175 87.10166876883963 40.63986752245114 36.89590066289215 5.848056369435845 62.6196720487197 56.84032532158113 32.505533184534386 70.23109140400541 43.35964831243889 14.891788091541345 68.69055306501087 68.1468670307215 31.63680192132423 81.00918251472379 70.2941967912719 49.55636248862309 55.546320367934804 57.187341706009555 71.47722857605511 80.33875800189426 56.777561512111795 50.42078195941662 53.48885665482246 0.0 4.667342768447053 41.42157697628353 35.7817535260088 64.33481779022574 95.95895795511731 47.84848444382782 47.48145589772035 19.65623216125525 44.76085214014806 50.13048282484737 22.6378446333746 30.111886306097137 60.79330859579001 94.23255291445581 46.98021040709298 14.469092623893523 24.625637893851238 58.295303162859454 92.65589905035702 59.19220127591171 38.65269985422744 43.34943438822446 68.25791865461997 99.16623012465308 80.01700405022314 66.07895438289835 68.73795834217634 86.47633809904913 112.36626990336794 104.42216041745016 93.94882297061078 95.62143637027398 108.88168281932798 130.23696331369348
54.30487736708971 65.83214219751396 11.958989853435924 64.55642818548223 41.90594011003509 44.170746306357486 77.2399797259058 82.43484126656683 36.64373627337535 32.51349867607922 6.831196929501519 59.208111307729645 54.75911222513506 29.16467200639032 65.695866782794 39.270981495909545 10.270798624994478 64.02985128454213 64.3077253678786 27.627869725382787 76.38316580366296 65.73183050868178 46.41239395993926 54.021866800134255 53.354122987380386 66.85936618075088 75.75207691509016 52.18916344352677 46.32935904513167 53.102368916695035 4.667342768447053 0.0 39.07100676944511 31.299929974402236 59.678034578964244 91.30609995812446 43.332745092960906 44.93533254529624 18.764733173258218 41.09344177308896 54.79745786612541 26.572333087043766 28.359511166613125 57.421950091776814 90.47178743492074 50.88837239441653 17.226322206019393 19.967959730573575 53.81027933509103 88.24526285121256 61.45858364634146 38.384588995719454 39.55282930093776 63.64201759694055 94.50405793448377 81.02645752853422 65.08389229155573 65.58441598663977 82.22830761387709 107.77963579511726 104.66066755460805 92.65094261566048 92.78593768185398 105.01882938181781 125.87044944449258
30.292406135998025 55.05813574646605 27.14126999300042 29.77345917725743 28.418241561690003 43.90983233887227 64.7289004251591 72.64945894077123 19.564718054263874 25.912450954757162 36.12189507737501 25.198407601419454 15.875058091199632 13.362685669514832 68.34675376432249 21.75143563573212 37.27716230799827 55.565622286482736 34.331594749401035 20.258271809404356 62.622941619224065 50.506632645174406 12.074809486880893 17.186084990164332 25.327801088884545 54.116975910178645 59.957903319575756 41.47970326027307 24.927287187247718 24.2513836736549 41.42157697628353 39.07100676944511 0.0 28.03999235842783 51.60747658347615 84.32262390864801 33.26652348585195 6.334322417652708 23.05115354755551 15.76165053663658 80.3060888903008 63.04833285745576 62.417141615259766 78.81300518859348 104.50771709681045 61.762386188651384 36.943210386527554 36.19175671252794 60.41291028045157 91.56653437276208 52.72387098177156 18.425908972283725 17.14863706291451 51.414895373662745 85.95208700755725 57.83398332360505 29.988180112886067 29.131690497058457 56.50542417574792 89.06129157168462 74.22566455821658 55.1733561371353 54.53026979466824 72.78600530650351 100.0842443145392
24.6399293819675 35.67498432515785 25.062826123681823 57.524090245459774 10.966241438064845 17.354110563600347 46.98677005455192 53.16884902939104 10.62474719318309 2.6011330896147347 33.73328000178652 34.47494132318761 41.21773642499017 15.808140641915095 42.297341607847414 11.281381682428256 22.645787191909935 34.5489714524688 36.009906680985694 8.895563895004255 45.80503868863864 34.63775991654655 26.083048748689947 44.74387671183104 25.790342827357552 36.23410970236688 44.78042183513185 21.36343787512506 17.249234343985748 51.80838402419647 35.7817535260088 31.299929974402236 28.03999235842783 0.0 30.10640526727348 63.37637455269814 12.098392140272384 30.161429485081435 30.039421608294397 17.2400929757269 85.11142960614292 57.537875165150076 42.09606571526016 51.267635606414046 76.67778175023092 75.21804227984501 41.701031762004 14.664543629599642 32.954093129927145 65.96776707178768 75.24689788139169 41.75257984821044 14.80914405769012 33.01808764982622 65.9994546715241 85.18791270160615 57.64991286808038 42.24765350972806 51.39100885489564 76.75954107173227 102.18765674231265 80.49589436224215 70.0829451972258 75.752279087755 94.6570374922548
