0.0 48.07060960404978 18.782706091591827 27.06218937203301 46.36135665932705 51.95248346606778 20.26717916030414 31.73170076534614 52.18478860135867 27.763968334409455 55.15534562796962 51.98615756192552 37.58219725285064 43.908082385834824 21.800509050625823 26.325790291112824 30.700123148467362 44.67041185795441 51.2727073305729 66.75750958240899 61.05937180498609 45.95015732228316 17.881359104578564 30.939767165616832 42.93647820122084 60.94021647391122 21.97835888269766 29.881443344989595 51.440301530969755 52.40277549773949 51.3473798201666 35.03819267036502 28.75294175199956 46.3763545272854 60.60442604491193 17.636749495277062 56.05190377315475 46.553571933844296 53.20638373247127 57.57443310624535 86.00319496363379 53.24636136078804 25.858181956664612 29.949311711164192 59.33061681584165 83.37575699597356 48.93088430136107 15.224969729839485 21.545803511392055 55.60123447858396 89.96137040733257 59.37401713378051 36.774058547945195 39.67644868819608 64.73748146020921 104.02441135227649 78.91918329428323 63.483667896245095 65.01456722910592 82.57354951176906 123.02621966609495 102.48398424453248 90.91303333379125 91.77193764310366 104.75539963574721
48.07060960404978 0.0 64.06956032952782 38.174400505080165 29.49417293055588 34.87508338775888 29.829520355619632 18.580275361354825 12.48889466970044 20.67991439894446 35.834707482262765 70.88409502962392 10.692519762891346 27.072305213808416 28.983249024917775 56.50679937760522 46.060379964283015 38.27702817401 10.13197227109088 34.54213664450215 71.51171414460002 4.942395292740679 53.83462766433422 28.646997164404926 42.21289812375117 41.552851290318905 28.918682328249922 58.398124171880276 18.504531819963763 22.76181113851688 30.291766666600427 49.898416111190464 31.52940794147632 21.381675682728552 13.435194792236446 42.34079967487004 20.53498715222392 38.888819112548084 40.38690433679515 38.20613162205339 110.67280162784398 86.59173424890055 71.7115516613063 71.98419011627684 87.2677454462275 95.23130828604465 65.93844047254107 44.96191360713734 45.71749455578157 67.47906958201368 86.45853224452001 52.617489833423825 21.376931513165033 23.24213182153848 54.93879056223342 86.41057461058273 52.53937593153045 21.185734054470004 23.068058372398962 54.86607323482018 95.10063812777776 65.75131758569418 44.68960196078073 45.45223482476757 67.30134579404896
18.782706091591827 64.06956032952782 0.0 33.07898744632613 65.14306230317098 70.7089267779061 38.6161536735996 46.09878994327793 65.73629768172319 44.92770628907602 62.156005548050416 43.305533906787986 54.150810449341044 53.108847507504265 35.37979061535554 19.81751133918346 31.72659569704101 63.18529986744466 68.65728496228334 85.42037821933184 54.81776632174739 62.72491473782645 13.759842123709834 40.931232473281554 61.085035082417896 79.65013139553245 40.417876386799605 22.511263058386795 63.39752291238465 63.242323611337376 59.79030113296409 33.96987792921196 37.908796398272315 57.36589504090827 75.58249664246568 23.96359423006134 67.88945215278066 65.06906332603069 58.33337718831431 76.32017817954807 71.44719246061864 37.20385642879116 7.642374678314817 33.57883534561368 67.76078372108063 74.01526083166107 41.88380763660943 20.61780723096542 38.6106298149324 70.3655712769464 86.27614448468849 60.8400868264117 48.52079377331908 58.325182364047684 82.72964748376319 104.88342000465752 85.00472781332121 76.45793149537009 82.82853618914729 101.34129023022666 127.07844654771814 111.02663652494992 104.40084636498943 108.9348414927115 123.40463088535282
27.06218937203301 38.174400505080165 33.07898744632613 0.0 53.184979661032 59.83118295552441 28.47970434435956 20.318836245903675 35.47157023093961 26.830535975403563 29.33646222401053 34.758592114920305 31.38923854642231 20.19464354839155 13.872790211587418 19.076192533072515 8.361747997692854 56.48256686099358 46.102487278215754 68.52763691705805 39.44586651612823 39.010102130653664 19.648033421712157 9.76060295495838 57.17966864731768 68.90859771861246 29.979239534058475 20.429023885991953 31.63941089689594 30.741001397950793 26.711317794656466 13.095567025039015 6.670771801455689 25.1780638545625 46.70195114176216 9.939610257083837 35.8591893761115 58.12073939729676 26.422877146376802 65.14890184158284 74.08963980530666 48.42968779151196 39.95520537800579 56.94054845496054 85.33965973535908 63.569842354988594 30.175860603189882 13.224678483965178 42.82585119574467 76.73373959353732 64.71806258357273 32.50434913480224 17.87419378880265 44.46672798147254 77.65270113733727 77.01411959141781 52.75676967406852 45.057676086840324 60.59642646595011 87.7979209554531 96.27702893791368 78.0430377104547 72.84858209499599 83.17371481688465 104.51587679868065
46.36135665932705 29.49417293055588 65.14306230317098 53.184979661032 0.0 6.665114423503222 27.521340332149002 35.2072762570522 41.875087951680555 26.370185673984814 63.041557788274886 87.84777911023798 25.637147069873528 51.94034350743972 39.468729916179846 66.57268610602047 61.40606652739091 9.849493202904863 21.856148142399803 21.38620840849817 92.04451510211493 24.59314624833871 60.395501397362196 46.60134282305837 14.804814753429453 15.765412379909897 25.632424024218043 69.57384618303891 47.1967466392267 51.17967459965734 57.31664551473316 66.27293525195876 48.049302349331626 48.062948091204184 40.15332160805076 51.59186543100301 49.86769804643477 9.841341095541852 66.17803843526033 12.032243305748962 126.55866925405712 97.0078166660959 72.10218931670929 58.15259577931645 62.92465788794893 116.32209850143457 83.34935922661889 52.51892688030991 31.051515132347827 39.5599850589267 112.33202720614203 77.73776368832397 43.158890057807476 8.779179889166006 26.19756723011703 115.23936098115543 81.84559352952853 50.12119050988866 26.840417166157952 36.38026864936165 124.56191467630829 94.41240270818831 68.60416917074002 53.79740995203315 58.96261235682052
51.95248346606778 34.87508338775888 70.7089267779061 59.83118295552441 6.665114423503222 0.0 33.75153144100631 41.81804509712839 47.35858873410386 33.0271404454756 69.22466625687686 94.4700539086629 32.01481117487736 58.330465484551 46.089126516863104 72.95064698961612 68.03700948781126 9.911416039525497 26.2615234817582 18.53415109213377 98.70873589237831 30.098481618735526 66.57602364116356 53.25416302458531 14.84292376021096 9.25179846157606 31.874472742668832 76.00042170203743 52.99180318520217 57.069282098594265 63.50228374714025 72.91490614434063 54.71436229051045 54.23457709786861 44.444042250877445 58.04667171465553 55.39938715044249 8.677630386297228 72.55327300402388 5.651449056445749 133.09081326667567 103.25468396858602 77.48987292061065 61.17692792670723 62.25221344563554 122.98657267614581 89.98812694984586 58.86309252562406 35.02426399996985 37.193671686909994 118.78289127865871 84.20742089003441 49.671503890378474 15.442828687587392 20.11362002189495 121.09606735391569 87.41091450270945 54.88097980867986 27.892999852355427 30.642461755672663 129.5774363351344 98.72773700976656 71.40604411702166 53.34119659003871 54.64930381858343
20.26717916030414 29.829520355619632 38.6161536735996 28.47970434435956 27.521340332149002 33.75153144100631 0.0 18.391351558161695 37.00319075956802 9.417112683694478 48.26072962744712 61.937763009249736 19.168025028573624 35.87785342683115 15.054209837872493 39.263596821982496 36.00817846224974 28.585927051137322 31.39978114196675 46.91125042433938 67.86554239338842 26.81183088934581 32.87416282254095 25.31919999530316 28.781474900174032 42.99549280189611 1.8903477343050772 42.39693034784943 38.51869458209245 40.89342526781889 43.128590265429175 41.02484998255436 25.27679543552841 35.44425153940485 43.11141759318332 24.613825267373052 42.851408711082236 30.342387146543608 48.83781697936383 39.37596100397931 99.72788172837234 69.51158792399636 45.966223293872396 42.29360329230864 62.1242822288753 91.85704009010858 57.77356758528685 25.153642174196108 17.957661971602015 49.062213954505374 92.26571183644015 58.41523196708432 26.58132676213419 19.890811969548327 49.795298281061854 100.85327652087857 71.10217448089058 48.3163852264001 44.813446444981835 63.8500972499026 115.81401582337362 90.92431134774588 74.27200251978084 71.8344357291053 84.84572935080274
31.73170076534614 18.580275361354825 46.09878994327793 20.318836245903675 35.2072762570522 41.81804509712839 18.391351558161695 0.0 20.456349370482712 10.638816929564172 30.44509872145735 54.535846743916395 11.15571433460231 18.18389295031013 10.719013974011288 38.035079344806874 28.575010025909165 40.66333873367889 25.804938204894757 48.48658445382561 57.26202700941922 18.763555882270904 35.305742562773915 11.785558253098172 42.73713106137388 50.47689123553106 18.684406713569054 40.087715569263715 20.513728680228816 22.558700230261156 25.06011275297422 32.93260066898849 13.989613463703934 17.05475863409713 29.493205170387665 23.769016147637874 25.02100988259867 42.00845328287575 32.04956963244539 46.73147388594927 94.17491334177389 68.40644423732073 53.71003693522349 59.03298795653589 80.49731928050247 81.50828637945283 49.745066541889244 26.46477940723088 36.346106534004534 65.85238324088648 77.50658807324767 42.942844706610146 8.70395844251632 26.500644104963456 61.02182927216947 83.42638691497223 52.801766855625374 31.795078954848087 40.35670231843092 68.12661529669225 97.47624726206077 72.84458460078737 59.210093640103324 64.03220932559734 84.197383759878
52.18478860135867 12.48889466970044 65.73629768172319 35.47157023093961 41.875087951680555 47.35858873410386 37.00319075956802 20.456349370482712 0.0 27.663419919867515 24.651502823743105 64.5686313607884 19.270557245709252 18.814568717469086 30.772178054192278 54.54718454645656 42.18231451682495 50.37193012015234 22.085756842276652 45.866161125924584 63.275036421210025 17.297612881368785 53.800353586867416 25.849241669047665 54.038182984935695 53.95537043054339 36.63378755424266 55.74061228819877 6.874194847503004 11.119879803903403 19.562100578765897 45.073501787503254 29.061123823427362 12.2366094509597 11.767449729782934 42.23495304790539 8.046749931823589 51.0980184493435 30.07392053662188 50.656138473955636 103.94667583749725 82.9886762603913 73.239871037413 78.96699554635053 97.47945124317708 86.23710348049272 59.58175159835874 45.364595533601396 54.412519060335676 79.10949520041265 75.22969462395213 42.29633473815383 17.70032438681461 35.10657497745563 67.42766718474581 73.97986100651606 40.05253805869486 11.41244687909692 32.42120064172869 66.08234807247649 82.9300146012074 54.73274465918807 38.843074544098656 49.160152852874006 75.62725635049918
27.763968334409455 20.67991439894446 44.92770628907602 26.830535975403563 26.370185673984814 33.0271404454756 9.417112683694478 10.638816929564172 27.663419919867515 0.0 41.06608640221335 61.550578796832504 9.996514694902897 28.8225621266856 13.291177241862654 41.57380511235158 35.096547348682066 30.592477667244943 23.735674234258447 42.77790198667219 65.77093125531304 18.191315860943273 36.73061811320442 20.665716745295462 32.30206478187716 42.078648372481226 8.97948888821639 44.26458871080687 29.612690094826565 32.33463363436754 35.62821800685701 39.925247395187135 21.782995927801565 27.260783002539508 33.81485271636267 26.402931093205286 33.80656238915588 32.06286354388891 42.608931960426055 38.31849345479025 100.56115235501991 72.37080308869338 52.510264320476495 51.69071021026591 70.57859540149917 90.0345277701554 57.00562590554652 28.069771324907673 26.851968699897473 55.21765901749175 87.66176492543944 53.21545675844265 19.3400679706459 17.636473660059025 51.40919917843935 94.0620859629368 63.12121266165091 38.932379838720955 37.97372976611828 61.344187542304184 107.68204385514139 81.89495198042916 64.90702742950059 64.13922138800086 80.0595758889971
55.15534562796962 35.834707482262765 62.156005548050416 29.33646222401053 63.041557788274886 69.22466625687686 48.26072962744712 30.44509872145735 24.651502823743105 41.06608640221335 0.0 45.57393584848712 37.51459572963439 12.383805619817874 35.09087829617588 45.217301570886036 31.34465087083673 70.04310370747575 45.95155928259924 70.2287214592528 41.11536107439598 39.877436966213544 48.455674642635685 24.509549883695136 72.68208389361841 76.8236385685051 48.858428855353466 44.81709440408422 17.79548308978542 13.538201227357252 5.725117268896802 31.48199715286937 26.407243807516544 14.99019610851231 34.9578433888591 39.17803491891512 18.266901480125807 71.16826130463207 6.6919190651835185 73.28843689966207 82.98358011512785 67.84194336716668 68.6553183170378 84.96672836334173 110.09044401939127 62.666304414828936 40.87154507242717 42.529129461530076 65.89231121624078 96.27924319337758 50.68282505134261 18.017608487293522 21.80303203371755 54.9632852545038 89.22670999128123 53.022647903440344 23.770977110008847 26.71264373594188 57.06942384919366 90.5269062872809 68.22762764329137 48.905468507197085 50.23238564497017 71.0609057556006 99.85401407313422
51.98615756192552 70.88409502962392 43.305533906787986 34.758592114920305 87.84777911023798 94.4700539086629 61.937763009249736 54.535846743916395 64.5686313607884 61.550578796832504 45.57393584848712 0.0 65.68742230179396 45.78176777115794 48.381136847802736 25.800362117582885 26.45406052495759 90.4868181286753 79.81568758487391 103.02018445523274 12.80258343214939 72.6495737248655 34.4261430489037 42.86472798631853 90.58246105762879 103.5995454024804 63.645341094334725 22.274932115673266 58.616565511672206 55.630062786100225 47.592954127072524 21.697620666279924 40.57874295936072 52.36886794548079 76.32337981353488 37.630593990716946 61.383116983064745 92.20733403077993 38.9668767979599 99.84590365373478 39.796706613023055 24.79705366205346 45.17579463128829 76.56143616615822 109.89675669300222 31.437509184547494 4.989550373938374 38.16187093620003 72.68160238310666 107.25556585930113 44.74134856353536 32.079113898978434 49.50944566562135 79.17155585008645 111.71356088053568 68.00098534007692 60.227554419037354 70.8898148965086 93.9050405491105 122.4978802349023 94.10209804917929 88.42857832405831 95.80565120484562 113.72129470908271 138.1341509595125
37.58219725285064 10.692519762891346 54.150810449341044 31.38923854642231 25.637147069873528 32.01481117487736 19.168025028573624 11.15571433460231 19.270557245709252 9.996514694902897 37.51459572963439 65.68742230179396 0.0 26.318344128911246 19.946073810942305 48.47372424628408 39.6914238777508 32.65252158095387 15.095574045626067 37.34434090544881 68.1170069861019 8.584444576488487 44.7893685493243 22.873839561623555 35.696762865896865 40.22192772566232 18.34268060138627 50.7568065439138 22.873839561623598 26.417598448713928 31.800409802239066 44.08699364767254 25.142734763211955 22.61051120474507 23.952050070803544 33.65423170199676 26.449136043800227 33.699653145758 40.549319197266705 36.535459687017614 105.32873384944739 79.10878500022956 61.782224379511554 61.40580046855868 78.22459402231715 92.3006253885061 60.88615254210108 35.912071210580024 35.59586084546219 60.32651923881819 86.77351527286972 52.2154803837322 17.83603125049394 17.454105821002983 51.826844293575064 90.13829011692492 57.58693110804416 30.04065023193737 29.72321384416103 57.0906381033632 101.51441548542 74.0032731293295 55.159706029904825 54.80422209087122 73.20664725907632
43.908082385834824 27.072305213808416 53.108847507504265 20.19464354839155 51.94034350743972 58.330465484551 35.87785342683115 18.18389295031013 18.814568717469086 28.8225621266856 12.383805619817874 45.78176777115794 26.318344128911246 0.0 23.041848474047118 38.47458140488997 24.998829789846877 58.36832420936528 37.02613328359525 61.43900178485934 44.775867632180216 30.27510766016855 39.83268229755531 12.978155862762224 60.75076425547276 66.38801479313327 36.48039038130527 38.982684357603304 12.9781558627623 10.879674831999562 7.533434571933487 27.0432417821011 15.508414667054849 6.5881966809316035 30.548516110847626 29.282640547397424 16.454151959300532 59.590831901102604 14.240027819726325 62.74641413898924 85.13905682282152 65.06873834384025 60.11661275771572 73.40884317649724 97.76755131223887 68.23113864900978 40.79927219660386 32.68803800000333 53.54689469060213 84.02896476559043 60.48668922119114 26.017012683618546 9.486016118391468 43.56533290816029 78.10727327065521 65.25465340987033 35.6498288527767 26.04790543616455 49.80882484910461 81.72017659509993 80.33706930360802 58.70794350335758 53.23533261925987 67.94246632769688 93.77183428013059
21.800509050625823 28.983249024917775 35.37979061535554 13.872790211587418 39.468729916179846 46.089126516863104 15.054209837872493 10.719013974011288 30.772178054192278 13.291177241862654 35.09087829617588 48.381136847802736 19.946073810942305 23.041848474047118 0.0 28.685667765530262 21.95651389862146 42.62460493449775 35.03458289470568 55.86173977384618 53.269087274575014 28.381277707877754 24.93344145610664 10.827481875010744 43.46083178309939 55.22619803913628 16.371935481582817 31.18591207999749 29.64276442463155 30.68963295248618 30.573123870429164 26.873982148931326 10.268202381813882 24.6907370145795 40.208429176836894 13.714308563588562 34.25487047291963 44.25315882346551 34.66000422881861 51.47662276907376 87.27300794000509 59.4563774066651 42.99258959253145 50.561682647320886 75.22914189891222 77.4318322591124 43.92108484101113 16.040106607373886 31.31067910738224 64.01782964261218 77.2296670788432 43.566980107341585 15.053003571116392 30.82133935576026 63.7821909717834 86.73395063734053 58.66960693246505 41.90809248346812 49.65153076892235 74.62627991303394 103.29893360030462 81.00059375029544 69.61524899639664 74.33861580189783 92.74123628033404
26.325790291112824 56.50679937760522 19.81751133918346 19.076192533072515 66.57268610602047 72.95064698961612 39.263596821982496 38.035079344806874 54.54718454645656 41.57380511235158 45.217301570886036 25.800362117582885 48.47372424628408 38.47458140488997 28.685667765530262 0.0 13.899011571698136 67.55468930924444 63.55113243941017 84.35167214586636 35.963009747790146 56.6869228854859 8.627479194968092 28.760994830369064 66.92214378147598 82.20244022751982 41.11812839586256 3.5565329903929532 50.561642418486024 49.3015923323401 44.014629741999144 14.676244916060242 25.576922550128906 44.01014212094077 65.71571162351094 15.17511976278351 54.644764599668974 69.37112192754824 40.44535741667175 78.54237335125758 60.733710424616454 30.80367409113695 24.576301891321858 51.51668092368383 84.25430394674945 57.237751593573414 23.242835660591343 14.112126770861599 47.46502233061229 81.8630446420915 66.79555300411931 41.410520135346125 36.91675773857513 58.358318801651194 88.5628042220834 85.11740711367662 66.87753271703325 63.99228397278243 78.18054151290421 102.58732070955445 107.8238498917404 93.8796628832184 91.62691412566564 101.84440816030332 121.423915864585
30.700123148467362 46.060379964283015 31.72659569704101 8.361747997692854 61.40606652739091 68.03700948781126 36.00817846224974 28.575010025909165 42.18231451682495 35.096547348682066 31.34465087083673 26.45406052495759 39.6914238777508 24.998829789846877 21.95651389862146 13.899011571698136 0.0 64.35729583216637 54.28846518081893 76.88010872881115 32.01502144253613 47.16180207682275 18.059283445397682 17.413561696507557 64.78926557562353 77.15167586611413 37.62231007729259 13.99628033467826 37.540338280687074 35.878494244197924 30.171578356814287 5.018718538558292 14.652528918507837 30.921144903899588 53.726762061555995 13.345591567593152 41.39038261923876 66.0357572715512 26.818922553451095 73.3963783593946 65.72935863110041 40.8879145307877 37.657996568054145 59.65951758641834 89.97344915884666 55.85741889632053 21.966876083538544 15.488366121999876 48.90898451757206 83.30150952462989 59.315053048295724 29.616076577424014 25.11561645589907 52.71927647932214 85.57275126631215 74.26303707152438 53.43691612382507 50.900062555862135 68.7090661070874 96.15540647921215 95.44687923114398 80.10996448991202 78.22942824326572 90.64666487735741 112.73211449500755
44.67041185795441 38.27702817401 63.18529986744466 56.48256686099358 9.849493202904863 9.911416039525497 28.585927051137322 40.66333873367889 50.37193012015234 30.592477667244943 70.04310370747575 90.4868181286753 32.65252158095387 58.36832420936528 42.62460493449775 67.55468930924444 64.35729583216637 0.0 31.4449151025069 28.430680369478207 95.889188064873 33.335238757957676 60.52376725455202 51.24808784275989 5.143111201890282 17.096062889103113 26.845970814744724 70.79688173391246 55.17760580177481 58.950990939607415 64.3572958321664 69.34949096495319 52.16351625765708 55.23557593241223 49.643126949880184 53.17477469073198 58.227291340889195 1.8842939821522753 72.53242240508261 14.46876537821523 128.20819259110087 97.18601297321179 69.6254847558338 51.43055200182991 53.26632870634627 120.05223737150818 86.24931753318718 53.4807905930364 26.00558134078501 29.78641754875124 118.14915699550151 83.60501221921554 49.14495481472588 15.346297451732172 21.228397334612165 122.79013589474235 89.98725943758858 59.26912091425879 36.37008348389993 39.08413613721461 133.29312821591057 103.74298701780293 78.44066478734119 62.753881502430055 64.17119767463166
51.2727073305729 10.13197227109088 68.65728496228334 46.102487278215754 21.856148142399803 26.2615234817582 31.39978114196675 25.804938204894757 22.085756842276652 23.735674234258447 45.95155928259924 79.81568758487391 15.095574045626067 37.02613328359525 35.03458289470568 63.55113243941017 54.28846518081893 31.4449151025069 0.0 24.443203018388846 81.1202424285625 7.166330035641995 59.81486834359976 37.04305862434533 35.98678992777235 32.02991447811486 29.993506485145772 65.78051834942647 28.479640693803553 32.773710639995215 40.42245508285348 58.45599675707505 39.63732959764317 31.490587654526987 18.311846571411674 48.74662666249545 30.03753259143289 31.67253594408911 50.50062142157498 28.886097881754594 119.59265711141742 94.13024314183666 76.24536603647465 71.83984369599484 83.08624781077121 105.00145631357043 74.92347866384802 50.95651503135611 44.434470135596676 61.213518046204655 96.58904290786194 62.71565271697745 30.52724080435445 18.039435030939767 45.97585726304094 95.99433800492524 61.80433279599713 28.626732624169435 14.630643670664814 44.76017529927338 103.35241432238341 72.61612455855331 47.53214778877103 40.50101393439371 58.44811985849361
66.75750958240899 34.54213664450215 85.42037821933184 68.52763691705805 21.38620840849817 18.53415109213377 46.91125042433938 48.48658445382561 45.866161125924584 42.77790198667219 70.2287214592528 103.02018445523274 37.34434090544881 61.43900178485934 55.86173977384618 84.35167214586636 76.88010872881115 28.430680369478207 24.443203018388846 0.0 105.16422269042853 31.227783770527598 79.17135720761259 60.21448579500174 33.3656962323796 15.670236684359848 45.06589662149038 87.01262669860414 52.55162597133072 56.86516637806255 64.77379468236842 81.38277562380691 62.44803481505518 55.92251941727049 38.59089329785208 69.17952574671999 53.4785124574987 27.19002297135901 74.92903532765438 15.420924548712707 142.59875699680072 115.14625054746229 92.61559304255519 79.31817371178201 79.99895522356324 129.19462007402097 98.22940051524067 70.7218871014816 52.430529533577136 53.76932641024875 120.90967725836282 87.15489324859452 54.476097177478856 27.095374046652918 29.925203600113765 118.82013740744196 84.25946903551764 49.758869717483925 15.718970506642398 20.324391180043435 123.24164722380381 90.33322656922769 59.384455664799674 35.885496624423745 37.998127624906594
61.05937180498609 71.51171414460002 54.81776632174739 39.44586651612823 92.04451510211493 98.70873589237831 67.86554239338842 57.26202700941922 63.275036421210025 65.77093125531304 41.11536107439598 12.80258343214939 68.1170069861019 44.775867632180216 53.269087274575014 35.963009747790146 32.01502144253613 95.889188064873 81.1202424285625 105.16422269042853 0.0 74.06170740808253 44.40142090250841 45.551693023469184 96.61390942167914 107.5927177167578 69.40723129013557 32.68571091105164 56.73759947091054 53.130139061414965 44.51291475131327 27.029650726988706 44.00324640080695 51.16571486810235 74.73307915350982 44.92295828731833 58.65523298898184 97.50160214093886 34.49168121796864 103.83163238935136 42.00005733439984 36.4836506960789 57.384138553524544 87.46229235437855 120.00498508874927 24.279197461150822 12.934590200846907 46.25993311077071 80.66915638947023 115.19504228549195 32.05072050713845 24.516481268692765 50.69232742467262 83.26590720481428 117.01092078146715 55.47330594349589 51.30589339610493 67.6912600888222 94.48134025864944 125.16447414913728 82.09433436039882 79.12583773083115 90.42704275115439 111.74943097900518 138.54080258790856
45.95015732228316 4.942395292740679 62.72491473782645 39.010102130653664 24.59314624833871 30.098481618735526 26.81183088934581 18.763555882270904 17.297612881368785 18.191315860943273 39.877436966213544 72.6495737248655 8.584444576488487 30.27510766016855 28.381277707877754 56.6869228854859 47.16180207682275 33.335238757957676 7.166330035641995 31.227783770527598 74.06170740808253 0.0 53.290366262427426 29.88542283353482 37.296806485131576 37.070887851112396 25.681891956764318 58.82904151262653 22.97512854502001 27.14504365853298 34.23431787344032 51.29924714444999 32.50937511964647 25.091025282672252 17.591806662842888 42.043750693801854 25.320059239743937 33.94924770773807 44.03609654476431 33.63768808211599 112.4264389327631 87.16221567446027 70.35314646054714 68.53206767836068 82.69515760683234 98.00927509631939 67.75874826847476 44.40159768395868 41.792101354509526 62.58179881715179 90.30860780920254 56.16406322199706 23.409637764704627 18.34317509360476 50.19745804649685 91.0454124025335 57.33058919987067 26.060986560792617 21.596360972013116 51.46338327539525 100.03338332641736 70.62877419402984 48.63112131928256 46.2208224783527 65.59389570418169
17.881359104578564 53.83462766433422 13.759842123709834 19.648033421712157 60.395501397362196 66.57602364116356 32.87416282254095 35.305742562773915 53.800353586867416 36.73061811320442 48.455674642635685 34.4261430489037 44.7893685493243 39.83268229755531 24.93344145610664 8.627479194968092 18.059283445397682 60.52376725455202 59.81486834359976 79.17135720761259 44.40142090250841 53.290366262427426 0.0 28.240226222038903 59.514380670341964 75.79878303314383 34.76321715682041 12.15724831998779 50.78751965437651 50.25043815470985 46.28040811429802 20.781175538561705 25.08306865811407 44.51861558674792 64.31941808982853 11.632910693800822 55.16546572487872 62.37353772965482 44.574286436966354 72.2155824519448 68.39569429062486 36.7152551549213 20.319830280069144 43.273867658535444 75.67830811752609 65.86285444985444 31.797443533439395 8.893389905379403 39.26780491108368 73.4825269762928 74.78028198374851 47.47351698842505 36.196795011850476 52.550071697811084 81.28739763229675 91.87178175346675 71.24542755840943 64.07941544522456 74.37207735965028 96.70064202379375 113.50222025761559 97.35216524923169 92.01533671157176 99.25164149451673 116.74605999382108
30.939767165616832 28.646997164404926 40.931232473281554 9.76060295495838 46.60134282305837 53.25416302458531 25.31919999530316 11.785558253098172 25.849241669047665 20.665716745295462 24.509549883695136 42.86472798631853 22.873839561623555 12.978155862762224 10.827481875010744 28.760994830369064 17.413561696507557 51.24808784275989 37.04305862434533 60.21448579500174 45.551693023469184 29.88542283353482 28.240226222038903 0.0 52.72852902768734 62.061703944374486 26.35746540529718 30.189022068203258 22.559168584018998 22.35635222477231 20.412577409476423 21.413828831075286 3.213243467450755 16.43656458710217 36.961557286317166 16.975840116305783 26.98836972245497 52.72852902768734 23.834018759893098 58.30403930958401 82.59003472844701 58.09252213584715 48.199348874745915 60.55098800560974 86.04926424449194 69.82055356749491 38.03170483796413 20.31644293469356 42.11830412615147 74.36391355763695 67.24806969993882 33.121624534632765 8.162987520922227 37.829617216417766 72.04428313349433 75.91649040837868 48.23541716101011 35.84447889907806 51.35978108143872 79.91030474176499 92.72470387670967 71.66017351897362 63.775110506181605 73.44469663483892 95.47647196481422
42.93647820122084 42.21289812375117 61.085035082417896 57.17966864731768 14.804814753429453 14.84292376021096 28.781474900174032 42.73713106137388 54.038182984935695 32.30206478187716 72.68208389361841 90.58246105762879 35.696762865896865 60.75076425547276 43.46083178309939 66.92214378147598 64.78926557562353 5.143111201890282 35.98678992777235 33.3656962323796 96.61390942167914 37.296806485131576 59.514380670341964 52.72852902768734 0.0 20.98851266434916 27.20682872615452 70.26381487937293 58.49177638995783 62.114063915170256 67.05101073418683 69.80623642701423 53.347994855899955 58.06902076483074 54.026445104111936 53.010868870467704 61.762152654550064 6.176842696667513 74.77900712015987 18.859780983120572 127.6554392843797 95.96688356353478 67.21748273881452 47.13335247164621 48.163591334059376 120.63741103306111 86.50517530648115 52.988249949709946 22.961114406744848 25.328240782369665 119.92389017581068 85.51654077476945 51.37382786704714 18.981932617518623 21.82222432940748 125.62238859402555 93.27085669784756 63.34624211474896 41.483316648199086 42.7060911349498 136.9344363123328 107.89896848356516 83.23523224700189 67.8880645940997 68.44153478065637
60.94021647391122 41.552851290318905 79.65013139553245 68.90859771861246 15.765412379909897 9.25179846157606 42.99549280189611 50.47689123553106 53.95537043054339 42.078648372481226 76.8236385685051 103.5995454024804 40.22192772566232 66.38801479313327 55.22619803913628 82.20244022751982 77.15167586611413 17.096062889103113 32.02991447811486 15.670236684359848 107.5927177167578 37.070887851112396 75.79878303314383 62.061703944374486 20.98851266434916 0.0 41.12063774221497 85.2499532430603 60.01103656832431 64.21063008956027 71.13065980786754 82.00215500387195 63.64903928184698 61.88679704902645 49.390546030980545 67.29117465602326 61.975744443477886 15.326284575130481 80.53215718613416 3.7643812810796 142.31147724828668 112.48865653577836 86.31114040446806 68.11976135314954 65.00588156564088 131.87017729057402 99.0819096257967 68.11412622342492 43.089114498245 38.32280792164516 126.8647808956658 92.38002618921098 58.03721804172002 24.442196089853987 14.878711428765726 127.93520969514886 93.8312584793799 60.29958461399283 29.37043395107458 22.001193730613412 134.93688796318256 103.09178788306679 73.7745375769595 51.50010420011773 47.50422869451982
21.97835888269766 28.918682328249922 40.417876386799605 29.979239534058475 25.632424024218043 31.874472742668832 1.8903477343050772 18.684406713569054 36.63378755424266 8.97948888821639 48.858428855353466 63.645341094334725 18.34268060138627 36.48039038130527 16.371935481582817 41.11812839586256 37.62231007729259 26.845970814744724 29.993506485145772 45.06589662149038 69.40723129013557 25.681891956764318 34.76321715682041 26.35746540529718 27.20682872615452 41.12063774221497 0.0 44.235023221510716 38.48198933165007 41.02535392242308 43.63030449361452 42.63378112768912 26.502943666744233 35.71043058663519 42.28153730107603 26.410985633730256 42.73645063364605 28.58474374136328 49.673481579364854 37.49555997101939 101.54023766177839 71.39480907924931 47.7371767918425 43.07293487951968 61.85901532390909 93.44611021831601 59.44308265484315 27.01176222145782 17.906456473344928 48.02601098254228 93.4692221581302 59.479074863374514 27.09014178083124 18.023368060937635 48.069308194333374 101.6040331125843 71.4846789937668 47.87023348462777 43.21896938600176 61.95982176968481 116.15824032437422 90.83108884174831 73.50235334059761 70.35385232671248 83.01501353616904
29.881443344989595 58.398124171880276 22.511263058386795 20.429023885991953 69.57384618303891 76.00042170203743 42.39693034784943 40.087715569263715 55.74061228819877 44.26458871080687 44.81709440408422 22.274932115673266 50.7568065439138 38.982684357603304 31.18591207999749 3.5565329903929532 13.99628033467826 70.79688173391246 65.78051834942647 87.01262669860414 32.68571091105164 58.82904151262653 12.15724831998779 30.189022068203258 70.26381487937293 85.2499532430603 44.235023221510716 0.0 51.40353100880725 49.86056438604384 44.06444950295969 13.515635456188875 27.076715910117713 44.79953563485178 67.09537982318422 17.999530774486146 55.33725919468838 72.60236937537613 39.67421508372148 81.57094173296719 57.423445991288524 28.352616667480785 26.554380029739683 54.7836182643616 87.70518836309525 53.70878349069366 19.8706267948922 17.317727999044205 50.98842128887733 85.40836034400256 63.80639099435093 39.6304270285764 38.27161432027034 61.26738675988678 91.85586208319063 82.80851864959999 65.81026045294426 64.80359934964271 80.39153614900081 105.45552695960342 106.03046794213473 93.14474055351893 92.21776798879019 103.57114584892804 123.87307717211972
51.440301530969755 18.504531819963763 63.39752291238465 31.63941089689594 47.1967466392267 52.99180318520217 38.51869458209245 20.513728680228816 6.874194847503004 29.612690094826565 17.79548308978542 58.616565511672206 22.873839561623598 12.9781558627623 29.64276442463155 50.561642418486024 37.540338280687074 55.17760580177481 28.479640693803553 52.55162597133072 56.73759947091054 22.97512854502001 50.78751965437651 22.559168584018998 58.49177638995783 60.01103656832431 38.48198933165007 51.40353100880725 0.0 4.313651847334712 12.705527475333009 39.93095755930157 25.704694314054567 6.621529322923717 17.996935073459827 39.49643571212996 4.612236986771822 56.05887238887799 23.22992327889469 56.60802043757518 97.72925098494356 77.9715507034851 70.73100466784042 79.50436092296653 100.16869706235943 79.4975195452533 53.64779941757131 42.79177077341102 56.3826516310398 83.19669259616072 68.42674540873396 35.43289408739032 14.953615290560933 39.83191393625202 73.10541878719691 68.10427067103619 34.81187327771652 13.431021546881201 39.29082767944368 72.81481251013841 78.66240981899475 52.4139150958963 41.24904022349356 55.2319580488882 82.42861218594282
52.40277549773949 22.76181113851688 63.242323611337376 30.741001397950793 51.17967459965734 57.069282098594265 40.89342526781889 22.558700230261156 11.119879803903403 32.33463363436754 13.538201227357252 55.630062786100225 26.417598448713928 10.879674831999562 30.68963295248618 49.3015923323401 35.878494244197924 58.950990939607415 32.773710639995215 56.86516637806255 53.130139061414965 27.14504365853298 50.25043815470985 22.35635222477231 62.114063915170256 64.21063008956027 41.02535392242308 49.86056438604384 4.313651847334712 0.0 8.70827595310835 37.80442980916601 25.333530299006775 6.034580145438128 21.746307885229047 39.28110621949544 5.767651907187375 59.89068107792886 19.20564051344112 60.78037498750312 94.41984197490953 75.76152159976667 70.4220657496906 81.07702589104534 102.8710770927487 75.60396342799577 50.695538853466246 42.64897998019397 58.84430972832949 86.60940792566913 64.12619587767897 31.320509832081935 15.640657027478165 43.62495210427252 77.1783209044089 64.06112150925739 31.188286675392483 15.376664186819768 43.531885053999055 77.12625279504994 75.43828362490012 50.450399423402516 42.360015483308864 58.63718074585405 86.47015070907348
51.3473798201666 30.291766666600427 59.79030113296409 26.711317794656466 57.31664551473316 63.50228374714025 43.128590265429175 25.06011275297422 19.562100578765897 35.62821800685701 5.725117268896802 47.592954127072524 31.800409802239066 7.533434571933487 30.573123870429164 44.014629741999144 30.171578356814287 64.3572958321664 40.42245508285348 64.77379468236842 44.51291475131327 34.23431787344032 46.28040811429802 20.412577409476423 67.05101073418683 71.13065980786754 43.63030449361452 44.06444950295969 12.705527475333009 8.70827595310835 0.0 31.220437597600263 22.743452781182192 9.268272100556178 30.454534961339736 36.222570249522725 14.143665667360247 65.46887764567967 10.528853388215783 67.58560619758688 85.98846722749411 68.6823933263932 66.59802126110746 80.92028389055073 105.1458933025637 66.89648076780513 42.72225457713359 39.62411028656426 60.90793362716385 90.79818183073324 56.166770021759554 22.735001718939504 16.55014565649165 49.25228024116154 83.5016147522544 58.59003844536831 28.149846554204167 23.3855189784876 51.92493154208937 85.09031621840873 72.86551254745434 51.495397214241116 48.87719271252731 67.23834485270162 95.12003514802068
35.03819267036502 49.898416111190464 33.96987792921196 13.095567025039015 66.27293525195876 72.91490614434063 41.02484998255436 32.93260066898849 45.073501787503254 39.925247395187135 31.48199715286937 21.697620666279924 44.08699364767254 27.0432417821011 26.873982148931326 14.676244916060242 5.018718538558292 69.34949096495319 58.45599675707505 81.38277562380691 27.029650726988706 51.29924714444999 20.781175538561705 21.413828831075286 69.80623642701423 82.00215500387195 42.63378112768912 13.515635456188875 39.93095755930157 37.80442980916601 31.220437597600263 0.0 18.944484972571534 33.34148883048606 56.76660933397869 18.05768426025667 43.4763355138041 71.020970496899 26.1713592841873 78.24301863800362 61.242384027246935 38.04066606811941 39.22226316754036 63.43903026176049 94.36877752751955 50.838717989832716 17.080437476676224 19.843413194729024 53.76461992161033 88.21769249232446 54.94713079873026 26.876828400459967 28.642377674024498 57.56086226651655 90.55918011317893 71.09458922075902 52.33483842123653 53.08705765495734 72.74848280261146 100.80304306047594 93.22134648294731 79.63253205227217 79.9199350897423 93.95630383916351 116.88932020203278
28.75294175199956 31.52940794147632 37.908796398272315 6.670771801455689 48.049302349331626 54.71436229051045 25.27679543552841 13.989613463703934 29.061123823427362 21.782995927801565 26.407243807516544 40.57874295936072 25.142734763211955 15.508414667054849 10.268202381813882 25.576922550128906 14.652528918507837 52.16351625765708 39.63732959764317 62.44803481505518 44.00324640080695 32.50937511964647 25.08306865811407 3.213243467450755 53.347994855899955 63.64903928184698 26.502943666744233 27.076715910117713 25.704694314054567 25.333530299006775 22.743452781182192 18.944484972571534 0.0 19.48544819606779 40.13879291794333 13.94903220637096 30.09595865716619 53.709620293232646 24.98325683731173 59.88501994283124 80.18602878435802 55.09428900896944 45.11958209700949 58.57462961226125 84.97653980758511 68.27683824011633 35.82660177376817 17.32665140835513 41.373046820773844 74.28387346657846 66.989288192398 33.33141034332324 11.368956125323411 39.273088448205606 73.14608570583613 76.85911422504972 50.1767190388216 39.024446957611545 54.06418796478023 81.96212547830244 94.45063075139316 74.18642347689782 66.94098607316869 76.50707297163164 98.08330755953743
46.3763545272854 21.381675682728552 57.36589504090827 25.1780638545625 48.062948091204184 54.23457709786861 35.44425153940485 17.05475863409713 12.2366094509597 27.260783002539508 14.99019610851231 52.36886794548079 22.61051120474507 6.5881966809316035 24.6907370145795 44.01014212094077 30.921144903899588 55.23557593241223 31.490587654526987 55.92251941727049 51.16571486810235 25.091025282672252 44.51861558674792 16.43656458710217 58.06902076483074 61.88679704902645 35.71043058663519 44.79953563485178 6.621529322923717 6.034580145438128 9.268272100556178 33.34148883048606 19.48544819606779 0.0 23.9605841054301 33.4051114695747 10.681796436695464 56.30823521725915 19.010185334334864 58.330457733305636 91.71006750773701 71.37839477659193 64.60484997866982 75.14965523983678 97.54961489106552 74.3965492151563 47.385602887804154 36.752855850296015 53.3945473966213 82.13410495199788 65.21824785970345 31.23677743467791 9.638758752379058 40.06155353017442 74.24152118172118 67.57610256114707 35.86043372577095 20.006466943274717 43.696609423109365 76.24549543061329 80.4621525929577 56.35672906726493 47.67403793605733 61.354355560056305 87.46833752674699
