0.0 56.65423937146058 31.206888066620234 35.546149836083245 28.304217638590252 31.791364623045144 27.89141466331043 37.38911303725814 24.818039217036315 29.22271676227677 42.07808095896383 28.63454466926424 34.94353485579195 40.62156874872977 11.448886657838678 34.28169346933827 20.964566798772655 70.93047361778842 66.54207833474469 32.87921021728224 3.1896584703900785 52.92440695724084 39.165852174891384 1.9966031854730664 26.91117015722403 20.727778719783572 26.581915032818774 33.25547641984271 23.454699497407905 21.66113006337793 34.13047199506848 21.94418755770112 34.42172225753321 83.35368220860332 14.022359952784829 31.86852394724313 43.4510715905366 78.07231399775206 52.51635757007027 22.562419959248395 20.7021034057608 27.312487650879547 45.08854444262557 29.898651561806375 64.13485600324665 15.256387498791613 59.5661836883621 24.884800666951534
56.65423937146058 0.0 87.10232756715097 48.31302943492197 38.805336249173344 82.81841981952901 42.6968073951039 30.40476998503501 76.01243126501738 83.11706354998881 38.461411288601994 59.06825934798267 32.34974238648547 30.03368823365759 46.13899929183358 81.70045395395893 37.088767941293895 59.4995543972997 51.78328203704088 35.764047521805615 58.75772079383366 6.223514102728511 92.69709153057765 56.4713178800825 39.651732481027146 47.92032295031896 38.45662093654871 24.042748364579758 72.56609838833458 75.09211853036591 36.897583757659476 53.48003710839919 26.9292024760106 58.43494406492813 47.3024739488761 77.18512791196352 38.12479286088559 64.25331768111502 40.352187364233224 34.097094796864695 37.315710346374836 29.403555194433864 35.853957450695404 79.54837896969234 29.372940664763444 71.47573710097225 55.030366786721615 51.21790254747722
31.206888066620234 87.10232756715097 0.0 62.303131167867924 58.3304538599591 14.801104950598361 50.54771373613556 63.33606666506985 15.88045308221856 8.144061889846816 71.30491204530277 40.02548174911419 65.54662696548384 71.22872915128166 42.622063275453485 21.584927708414188 52.16920024989067 97.32269830930203 94.22685837340705 57.651106268124344 30.03490008113513 82.82148319926556 11.703952805566045 30.940523179524487 56.90792216789739 42.74806630234995 52.03913975172451 64.28740053310057 19.95423426601888 13.532244081787423 64.02061684852188 39.314690920877176 65.58744563251696 111.73723670869732 44.1707884851587 24.441467633125114 72.72418226110345 104.33596901723293 81.49315370367468 53.21337948478471 49.91789635756077 58.146341554310204 74.75213235452043 17.507492379733304 89.52319762805895 15.95094891631877 75.21984476197126 43.02553351855713
35.546149836083245 48.31302943492197 62.303131167867924 0.0 12.856501133502979 66.7621272806954 50.44118678647797 50.46809831922004 60.049955617718524 62.978043581547894 12.119563208085427 60.03421780740226 16.257421428959653 18.591272014179257 27.291508507594816 69.78433836245082 24.07584035703912 35.533665356206285 31.924829204543798 50.06856649700151 34.70080499673309 48.62403254499507 72.48670640106461 37.13279428092192 13.241909298438957 47.64437776567927 45.81089987821427 29.486340826515054 58.988035675576874 56.31376162767471 11.645558431681003 52.09569034950917 22.86571104126695 49.48446560954019 22.327537350778584 67.38488180885538 13.313885719521434 42.664509928608496 20.270793019224747 30.71858197654405 36.108484299309104 29.996894521714783 16.125044380242837 65.24633101321702 70.66373658892783 47.91804099440329 80.99087820993286 53.25486589784783
28.304217638590252 38.805336249173344 58.3304538599591 12.856501133502979 0.0 60.05410291719766 38.11488923925391 37.614885472001475 53.01224451237225 57.39162093306198 13.99456192360996 49.07319538458372 7.773783620201671 13.182610781616088 17.74697728069239 62.03876246944811 11.780452842182706 44.31988774722434 39.01802251375407 37.29747150125138 28.561613556576173 37.97081480320813 67.27671525576037 29.42178316268737 1.4226131961577468 36.16366934019272 33.296183078983155 17.297124006716004 51.20598890306298 49.96036853176366 5.827041127239021 41.10278280444776 11.903099565642641 55.268661633634885 14.349332730530993 59.001017947581715 15.307277811406262 51.36655112375273 24.403696312518594 18.058552979723302 23.76217837143093 17.150517580057734 16.788404917534304 57.96720684497268 58.581046944222535 42.7510894232812 68.18288207722102 41.774185680557046
31.791364623045144 82.81841981952901 14.801104950598361 66.7621272806954 60.05410291719766 0.0 42.41024759782873 55.881764262907645 7.139803321315349 6.932711115961788 73.86938011141766 28.8203678990788 66.3918452053938 72.00847522069506 42.6220632754535 6.783843517254144 51.45451863979843 102.2953765690642 98.2155815783847 49.91789635756077 32.10831019665906 77.83345294945318 10.898146002153755 30.641623025822284 58.67270424418922 35.443326628289306 45.200697447119765 61.933662304580686 10.260103231558961 10.483819832727377 65.87993522322628 30.636175614627625 64.87526689059717 115.13675358139223 45.8136191009628 10.19268810412213 75.2412433079283 109.42640683043635 84.30750015441139 50.53711923232905 45.864965053183916 55.537568559550465 76.84163126002923 3.766359907338475 80.67102012135584 19.56472748323169 62.789999287703935 33.93727642958244
27.89141466331043 42.6968073951039 50.54771373613556 50.44118678647797 38.11488923925391 42.41024759782873 0.0 13.52888530506437 36.41633419655468 44.534779634347984 50.288361601934504 16.371866414383597 39.93762619588022 44.00395006256405 25.81216769901199 39.99885077974861 26.4116834647677 81.00880597428706 74.65116980962452 7.538103541049446 31.076687193440357 37.009153103752645 53.08007106314748 26.32356681569683 37.38574596656426 7.973975543510788 5.285552658290292 28.201487775801752 32.41028046180439 37.122308351938585 42.383369557975556 11.774074849752893 34.63670478120464 88.4550038826813 31.08854527442083 35.229978069464536 51.23084432846269 87.75482404013557 59.44082696935482 20.240582646456467 14.362381322697505 23.13750622924775 51.338699849518065 38.79839359439747 38.9755436772321 37.51698215328641 32.41403155787314 8.737604899552114
37.38911303725814 30.40476998503501 63.33606666506985 50.46809831922004 37.614885472001475 55.881764262907645 13.52888530506437 0.0 49.739162861393105 57.71978109281966 47.065957071194696 29.40211382417318 36.70742210940637 39.287200247076015 31.37663878275878 53.51593608990544 27.519128498922463 76.53684001098748 69.53509476533873 5.991355661073748 40.395275822895854 24.387083731965866 66.48361358709572 36.25519409450913 37.36494399700168 20.705671997548674 11.360267300648395 22.70591786875847 45.80503868863864 50.09883089262418 40.30538096278767 25.267347208489618 30.14259776175236 81.44662696494859 35.70610098192714 48.726291621690514 47.692699646293164 82.83994564483763 54.716851309245094 20.649627479181095 17.807386954783286 20.475263443422428 47.05526959502722 52.29561410764292 26.82143915878854 49.36322558860164 31.174619808110897 22.23176689537782
24.818039217036315 76.01243126501738 15.88045308221856 60.049955617718524 53.01224451237225 7.139803321315349 36.41633419655468 49.739162861393105 0.0 8.396703467343126 66.87052555830218 24.322442780740502 59.28051350304159 64.88874294099502 35.516882877895675 10.269944434377763 44.31519349790703 95.56158586871577 91.33741965894369 43.83429317971718 25.349380132202082 71.14249075480726 16.819677492006164 23.5907444467894 51.63849230895521 29.094631682121907 38.805661935158454 54.85899625204704 4.201030518915398 4.824364553058925 58.83460629854565 24.72588044661617 57.73689191371736 108.16436857739286 38.82468248849933 10.284353501233785 68.2347355579939 102.69984900573564 77.31346479294118 43.460887212344225 38.909622028406574 48.46873904253067 69.79393736946218 5.267736807344854 75.13031724226451 14.030800901166419 59.36821727502725 28.252514612979148
29.22271676227677 83.11706354998881 8.144061889846816 62.978043581547894 57.39162093306198 6.932711115961788 44.534779634347984 57.71978109281966 8.396703467343126 0.0 70.92462318729561 32.695621546070164 64.1656694470039 69.84426838446873 40.549222443644545 13.644716428722278 49.82632345880115 98.43229001830129 94.75180965905658 51.87276656556389 28.880504537820997 78.47025327785725 9.9582923731014 28.452263923146457 55.981195195247786 37.01573256576786 46.62222035834926 61.17689669131159 12.5977291065092 8.040766915449987 63.19830364948891 32.94328611510291 63.355209941523114 111.96221573089076 43.04231026535013 16.29743768968058 72.32376490185688 105.53062775478404 81.30001382427942 49.84453421030205 45.81493235576292 54.85735785632259 74.11827422799658 9.36484349686929 83.37647098372538 15.061184853969928 67.60118473760959 36.53377880169254
42.07808095896383 38.461411288601994 71.30491204530277 12.119563208085427 13.99456192360996 73.86938011141766 50.288361601934504 47.065957071194696 66.87052555830218 70.92462318729561 0.0 62.519247656835546 10.476779225198474 8.803444501402794 31.740084346678817 76.00411051196335 24.96402878988547 30.843868610948483 25.114553655749457 48.11204252384188 42.04901334384652 39.86721265123279 80.73007758318661 43.29518319296147 15.30647575897927 49.38847701902182 45.16644095146093 24.427033280814825 65.1616332284679 63.66739122744877 8.362636474315346 54.592605336586985 16.961354413667213 41.31264360420648 28.055761696040953 72.99527481455729 1.4226131961577468 37.76207124668447 10.444109471299646 30.119606558278708 36.274090554124065 27.48037145041355 4.026294192982164 71.87414815554955 63.54914831937322 56.07196781578319 78.23641605547088 54.930608614656954
28.63454466926424 59.06825934798267 40.02548174911419 60.03421780740226 49.07319538458372 28.8203678990788 16.371866414383597 29.40211382417318 24.322442780740502 32.695621546070164 62.519247656835546 0.0 52.72786589220671 57.513523548489026 32.855711124140406 24.987259301247708 37.561713027961694 93.29577867951247 87.53398346316557 23.547281452440178 31.42541319425967 53.35165577249028 39.71443079580656 26.641560212589738 48.02671688488644 13.276070506851912 20.96301305723109 43.00902169821185 20.13972244273468 26.793566632728734 54.214572511675854 7.975836909030069 48.52484663084242 102.44900271789629 38.138067747760104 20.06046270953589 63.64668645690022 100.27156474659282 72.39956676249622 33.051138769507425 26.867457020885496 37.15235178201974 64.26578951187138 25.05435546730881 52.25568782273453 31.04363907706487 35.362847215638986 8.209375230903444
34.94353485579195 32.34974238648547 65.54662696548384 16.257421428959653 7.773783620201671 66.3918452053938 39.93762619588022 36.70742210940637 59.28051350304159 64.1656694470039 10.476779225198474 52.72786589220671 0.0 5.690452784629573 23.771585704058463 67.88272881154568 15.545127784341323 41.07312958637049 34.885795929235975 37.63576102137872 35.57081803543817 32.375594776544474 74.10371342424499 35.83325984564019 9.093405945206209 39.49107487345287 34.77328803312072 14.25683118284223 57.15040192694783 56.53758171210993 4.618670139912754 44.885297582029985 6.9422449042233 49.96875490856237 21.37589906594492 64.53082862834626 11.314020372795161 47.86167338394378 19.692393042715313 19.90643343291279 26.124554950158306 17.013100999441985 11.546597475667465 64.07565086123748 54.7176607360504 49.7953668471954 67.85287152537792 44.95233418448384
40.62156874872977 30.03368823365759 71.22872915128166 18.591272014179257 13.182610781616088 72.00847522069506 44.00395006256405 39.287200247076015 64.88874294099502 69.84426838446873 8.803444501402794 57.513523548489026 5.690452784629573 0.0 29.404703326102954 73.38744271304914 20.880587445391928 37.37537957753784 30.70057908620707 40.95204280488943 41.260521213813725 31.123705679189026 79.78523263950834 41.487333933732565 14.568121642810752 44.23843234616444 38.75146954972384 16.625529276845242 62.691894408959435 62.197017187620595 8.3626364743153 49.7698354513598 9.420439102619243 44.94445001746686 27.058679254626348 69.95324509426038 8.919316297633559 43.910176740448854 15.565808000879185 24.47274637519697 30.691728989388462 20.8675336825001 7.78072052158046 69.6473032141134 54.759602808185385 55.48542454520536 70.4131570852401 49.588535989714664
11.448886657838678 46.13899929183358 42.622063275453485 27.291508507594816 17.74697728069239 42.6220632754535 25.81216769901199 31.37663878275878 35.516882877895675 40.549222443644545 31.740084346678817 32.855711124140406 23.771585704058463 29.404703326102954 0.0 44.32570385122906 9.578608647756958 61.68444509961217 56.6901849296664 28.311699451265955 12.854175210599664 42.94008550630201 50.506568506575356 12.108241743085488 16.444230988759227 21.119039658393092 22.47251259445126 22.29008326964439 33.5161096420905 32.814278528370004 23.50310106105624 24.991660919647646 22.975868748625857 73.00211109682154 5.429301607228439 41.255849797076635 33.052897184138665 68.79038905790007 42.146947152079775 12.67410580166804 13.58142893003993 16.812324525706515 34.410581427905846 40.36202496335332 57.13585068679828 26.67563334873432 58.141846688577274 26.577819130415286
34.28169346933827 81.70045395395893 21.584927708414188 69.78433836245082 62.03876246944811 6.783843517254144 39.99885077974861 53.51593608990544 10.269944434377763 13.644716428722278 76.00411051196335 24.987259301247708 67.88272881154568 73.38744271304914 44.32570385122906 0.0 52.55593093011396 105.21177967675644 100.73866487798944 47.526821536371 35.18007093597117 76.42143526621535 16.015764923167612 32.834604227116934 60.701774323442805 33.79682921938908 43.43363313588191 62.036635890996905 10.85612097861634 14.938505600182324 67.8224404953947 28.42333615474444 65.69065987359173 117.3066288859892 48.11295392326402 4.930213424059078 77.3389114863517 112.35365576834832 86.43684304728232 50.74653533118155 45.540538766510366 55.65217896262038 78.7354044234784 5.171692906713298 77.24294712371663 24.26244346632911 57.482865644261224 31.285630903127778
20.964566798772655 37.088767941293895 52.16920024989067 24.07584035703912 11.780452842182706 51.45451863979843 26.4116834647677 27.519128498922463 44.31519349790703 49.82632345880115 24.96402878988547 37.561713027961694 15.545127784341323 20.880587445391928 9.578608647756958 52.55593093011396 0.0 55.741066417279775 50.030229769153316 26.24727156501442 22.41469107317588 34.40582943515685 59.77872873576646 21.42105220882461 10.97864326727723 24.495048206207063 21.73674669787251 13.051134305711049 41.925361504985474 41.96708928664081 16.65447039064653 29.62872488167465 13.529342586982088 65.50067309798864 10.335150923687978 49.07376805479859 26.11476087950307 62.70987658098533 34.98785288866034 6.915809294732831 12.05216224412898 8.637608871605114 26.918258626022634 48.940092930793234 51.199604409345866 36.21831627467321 57.181031496758735 30.08204896567095
70.93047361778842 59.4995543972997 97.32269830930203 35.533665356206285 44.31988774722434 102.2953765690642 81.00880597428706 76.53684001098748 95.56158586871577 98.43229001830129 30.843868610948483 93.29577867951247 41.07312958637049 37.37537957753784 61.68444509961217 105.21177967675644 55.741066417279775 0.0 7.722808508593932 78.31919862031894 70.2189354580159 63.34537386827954 107.82689204931262 72.42528078337335 45.46645296790996 80.2126903270918 75.82812391654635 53.98077778947999 94.38081516733561 91.84671931794564 39.0874079873785 85.34587209672863 46.760231990570375 18.042819779577457 57.26196306197368 102.62900097091003 29.812274148060396 7.141889556459424 21.832803990595103 60.92628402262902 67.10459559226406 57.978108051834 29.74782506619823 100.74098704208015 88.28085236677235 83.37439266159642 107.52234792307483 85.76710987784783
66.54207833474469 51.78328203704088 94.22685837340705 31.924829204543798 39.01802251375407 98.2155815783847 74.65116980962452 69.53509476533873 91.33741965894369 94.75180965905658 25.114553655749457 87.53398346316557 34.885795929235975 30.70057908620707 56.6901849296664 100.73866487798944 50.030229769153316 7.722808508593932 0.0 71.58815984393618 66.12666827331446 55.68380196723422 104.34812563743024 67.91049455605372 40.26706211846324 74.33802700535952 69.41856433950966 47.16317780293586 89.88261106938921 87.85156279748162 33.47713766566173 79.63683496982294 40.11991982870532 17.78266495196618 52.625719991939334 97.90435879315746 23.918968209795384 13.306194262173685 15.218601859711312 54.78532401322741 61.00885022114161 51.5240440789035 23.35614938622953 96.44072008621835 80.61821674103845 79.71398691966769 100.37901423812167 79.82741514128317
32.87921021728224 35.764047521805615 57.651106268124344 50.06856649700151 37.29747150125138 49.91789635756077 7.538103541049446 5.991355661073748 43.83429317971718 51.87276656556389 48.11204252384188 23.547281452440178 37.63576102137872 40.95204280488943 28.311699451265955 47.526821536371 26.24727156501442 78.31919862031894 71.58815984393618 0.0 35.98385022575267 29.90118400470115 60.549483932107975 31.56939991875554 36.82693278905636 14.913157933808401 6.297437208399106 24.434981267592878 39.87067292859981 44.32871945995115 40.748600041031665 19.290038454300678 31.560089890056442 84.40771771269478 33.12089821322538 42.743023589775255 48.890565747280604 84.84341311651409 56.516935795135005 19.396705183764205 14.987244459634963 20.688485645234266 48.59427694685273 46.320478335345655 32.040886251608846 44.026954956498095 30.947901390130482 16.245303466648487
3.1896584703900785 58.75772079383366 30.03490008113513 34.70080499673309 28.561613556576173 32.10831019665906 31.076687193440357 40.395275822895854 25.349380132202082 28.880504537820997 42.04901334384652 31.42541319425967 35.57081803543817 41.260521213813725 12.854175210599664 35.18007093597117 22.41469107317588 70.2189354580159 66.12666827331446 35.98385022575267 0.0 55.23617398543295 38.727967233892386 4.974451354191493 27.14468749614781 23.90613990898827 29.68729818138825 35.08401398424105 24.496699666189276 21.726235634374948 34.347842080702506 24.95634162057345 35.651232141047 83.17053297573104 14.239767530933694 33.159349331878246 43.4459524279936 77.35559573606704 52.43956363955015 24.7729966495746 23.4373471330842 29.354512760738547 45.24689759150951 30.555212959027678 67.08900533823682 14.226131961573223 62.736287317460324 27.981222590373832
52.92440695724084 6.223514102728511 82.82148319926556 48.62403254499507 37.97081480320813 77.83345294945318 37.009153103752645 24.387083731965866 71.14249075480726 78.47025327785725 39.86721265123279 53.35165577249028 32.375594776544474 31.123705679189026 42.94008550630201 76.42143526621535 34.40582943515685 63.34537386827954 55.68380196723422 29.90118400470115 55.23617398543295 0.0 87.91024459334342 52.563543205939006 38.62557695070942 42.6340366039438 33.0129316454739 21.691401615568033 67.57393518536044 70.48450203725871 36.99421021602001 48.066246873134055 26.162621172255434 63.54077269968527 44.739951185702104 71.82674475393593 39.74768352630593 68.48117329901685 43.21763348993236 30.470125349011866 32.9056716116443 26.154121609610712 37.775400297618496 74.47977982000859 24.935649330160533 67.41557161967943 49.00980990204279 45.630982794675035
39.165852174891384 92.69709153057765 11.703952805566045 72.48670640106461 67.27671525576037 10.898146002153755 53.08007106314748 66.48361358709572 16.819677492006164 9.9582923731014 80.73007758318661 39.71443079580656 74.10371342424499 79.78523263950834 50.506568506575356 16.015764923167612 59.77872873576646 107.82689204931262 104.34812563743024 60.549483932107975 38.727967233892386 87.91024459334342 0.0 38.41055629624785 65.86287978966912 45.88993773364889 55.6163212484964 71.033221625504 20.6793475337408 17.878669962490264 73.0729952256499 41.32212532648297 73.30674049765189 121.65658869286447 52.9313714504843 20.511743311743203 82.13466781509278 114.89702194494252 91.07589252325916 59.673663826953835 55.46253625951445 64.69107190279354 83.97333125533886 14.661697126893257 91.51862318222179 24.683505938455813 73.36645160554902 44.71141143046435
1.9966031854730664 56.4713178800825 30.940523179524487 37.13279428092192 29.42178316268737 30.641623025822284 26.32356681569683 36.25519409450913 23.5907444467894 28.452263923146457 43.29518319296147 26.641560212589738 35.83325984564019 41.487333933732565 12.108241743085488 32.834604227116934 21.42105220882461 72.42528078337335 67.91049455605372 31.56939991875554 4.974451354191493 52.563543205939006 38.41055629624785 0.0 28.0480011531419 18.999104254689204 25.282930118827135 33.351454330417006 21.981590756228908 20.711591535100354 35.24506914556587 20.00609915383621 34.94350026247292 84.60246035176799 15.291267868356558 30.25321084148556 44.65361138651853 79.56554509539875 53.73929238919272 22.399100868372276 20.00506847316766 27.263979301874528 46.205530284176895 28.58237791063005 63.05430102493263 15.067566653451147 57.79889385067055 23.006801248401487
26.91117015722403 39.651732481027146 56.90792216789739 13.241909298438957 1.4226131961577468 58.67270424418922 37.38574596656426 37.36494399700168 51.63849230895521 55.981195195247786 15.30647575897927 48.02671688488644 9.093405945206209 14.568121642810752 16.444230988759227 60.701774323442805 10.97864326727723 45.46645296790996 40.26706211846324 36.82693278905636 27.14468749614781 38.62557695070942 65.86287978966912 28.0480011531419 0.0 35.195672372176354 32.646626701396244 17.64151366751328 49.86329033003451 48.56320045105984 7.2227596267627945 40.05180420718581 12.72333464477107 56.60609770465998 12.94021847105978 57.69850285336257 16.637332813346738 52.53203274644094 25.735129517154338 17.486306066945286 23.023498552299973 16.969339237546663 18.177374596185143 56.606125107292016 58.828666410368676 41.33094941328628 67.75403201461526 40.814118537906495
20.727778719783572 47.92032295031896 42.74806630234995 47.64437776567927 36.16366934019272 35.443326628289306 7.973975543510788 20.705671997548674 29.094631682121907 37.01573256576786 49.38847701902182 13.276070506851912 39.49107487345287 44.23843234616444 21.119039658393092 33.79682921938908 24.495048206207063 80.2126903270918 74.33802700535952 14.913157933808401 23.90613990898827 42.6340366039438 45.88993773364889 18.999104254689204 35.195672372176354 0.0 9.757875964601837 29.956186632232534 25.25057500586611 29.418172944948417 41.131232038431236 5.824811366171665 35.26544767790184 89.1729405502525 26.54782552935563 29.268801047156195 50.48662673719837 87.15010076786332 59.17700535039756 19.775426186927312 13.604752855181182 23.956506092376067 51.035807392322994 31.967938520732886 46.82424359387042 29.544883510656856 38.84701846285694 5.62253442649018
26.581915032818774 38.45662093654871 52.03913975172451 45.81089987821427 33.296183078983155 45.200697447119765 5.285552658290292 11.360267300648395 38.805661935158454 46.62222035834926 45.16644095146093 20.96301305723109 34.77328803312072 38.75146954972384 22.47251259445126 43.43363313588191 21.73674669787251 75.82812391654635 69.41856433950966 6.297437208399106 29.68729818138825 33.0129316454739 55.6163212484964 25.282930118827135 32.646626701396244 9.757875964601837 0.0 22.921611552805295 34.99939670752996 38.8937499391018 37.35822096737814 15.053804013010144 29.370794853677022 83.16945753677577 27.49742908619571 38.81466530338708 46.08098238567556 82.54576168518422 54.21536877753589 15.27394318063655 9.78614439730957 17.894585414736916 46.128004948163785 41.72207329351501 38.07445016655291 38.01595627698109 35.8899351031882 12.863984056200726
33.25547641984271 24.042748364579758 64.28740053310057 29.486340826515054 17.297124006716004 61.933662304580686 28.201487775801752 22.70591786875847 54.85899625204704 61.17689669131159 24.427033280814825 43.00902169821185 14.25683118284223 16.625529276845242 22.29008326964439 62.036635890996905 13.051134305711049 53.98077778947999 47.16317780293586 24.434981267592878 35.08401398424105 21.691401615568033 71.033221625504 33.351454330417006 17.64151366751328 29.956186632232534 22.921611552805295 0.0 51.92538165974221 53.16453660282289 18.32014127304104 35.75440585908723 7.465806623772391 60.28709497934906 23.275595162809807 58.02109103778614 25.004194896432185 60.43339232069488 32.15041974551922 11.398124399904788 16.656642305392495 6.401759382707031 24.369447009021183 59.038447640529526 41.305348068446904 48.40651117978975 53.87283464380706 34.83298415784039
23.454699497407905 72.56609838833458 19.95423426601888 58.988035675576874 51.20598890306298 10.260103231558961 32.41028046180439 45.80503868863864 4.201030518915398 12.5977291065092 65.1616332284679 20.13972244273468 57.15040192694783 62.691894408959435 33.5161096420905 10.85612097861634 41.925361504985474 94.38081516733561 89.88261106938921 39.87067292859981 24.496699666189276 67.57393518536044 20.6793475337408 21.981590756228908 49.86329033003451 25.25057500586611 34.99939670752996 51.92538165974221 0.0 7.454234995908873 56.9984397009831 20.67095286291741 55.19775263286536 106.46933337835515 37.25693235217586 8.864711229462477 66.50041551438808 101.52241019038647 75.59778483123064 40.54924471335925 35.70080145793476 45.52362227703517 67.92437614395696 7.11306598078732 71.01950701099632 15.32990564878209 55.26584145402627 24.140926467099227
21.66113006337793 75.09211853036591 13.532244081787423 56.31376162767471 49.96036853176366 10.483819832727377 37.122308351938585 50.09883089262418 4.824364553058925 8.040766915449987 63.66739122744877 26.793566632728734 56.53758171210993 62.197017187620595 32.814278528370004 14.938505600182324 41.96708928664081 91.84671931794564 87.85156279748162 44.32871945995115 21.726235634374948 70.48450203725871 17.878669962490264 20.711591535100354 48.56320045105984 29.418172944948417 38.8937499391018 53.16453660282289 7.454234995908873 0.0 55.78499914204267 25.790822338211218 55.48541230706443 104.87013928732651 35.64239862626621 15.057953975385093 65.05166942892583 98.97422589287025 74.08864092819513 41.81891644670973 37.78331403936369 46.83394828615085 66.73863510574004 9.794597539819135 76.08494344609016 9.344545933947243 62.139296257998815 29.494782476368613
34.13047199506848 36.897583757659476 64.02061684852188 11.645558431681003 5.827041127239021 65.87993522322628 42.383369557975556 40.30538096278767 58.83460629854565 63.19830364948891 8.362636474315346 54.214572511675854 4.618670139912754 8.3626364743153 23.50310106105624 67.8224404953947 16.65447039064653 39.0874079873785 33.47713766566173 40.748600041031665 34.347842080702506 36.99421021602001 73.0729952256499 35.24506914556587 7.2227596267627945 41.131232038431236 37.35822096737814 18.32014127304104 56.9984397009831 55.78499914204267 0.0 46.27403246490793 11.320443293622661 49.50088753693423 20.160968538578093 64.73067673039289 9.602250906016444 46.05914720979626 18.665848390551794 22.143498668610803 28.197336449498895 20.08377616917937 10.961790189393051 63.77956652589391 59.182892835027374 48.51329693226896 71.32191511645945 46.698715437671
21.94418755770112 53.48003710839919 39.314690920877176 52.09569034950917 41.10278280444776 30.636175614627625 11.774074849752893 25.267347208489618 24.72588044661617 32.94328611510291 54.592605336586985 7.975836909030069 44.885297582029985 49.7698354513598 24.991660919647646 28.42333615474444 29.62872488167465 85.34587209672863 79.63683496982294 19.290038454300678 24.95634162057345 48.066246873134055 41.32212532648297 20.00609915383621 40.05180420718581 5.824811366171665 15.053804013010144 35.75440585908723 20.67095286291741 25.790822338211218 46.27403246490793 0.0 40.91389699095909 94.71332035028506 30.327307626912102 23.765535127478923 55.733757205315364 92.33314189375368 64.52989969627106 25.377271996356754 19.29003845430071 29.69878311052509 56.407668150884135 27.030440486033374 50.43320997274733 27.605749935881704 38.642434961901294 3.770152107038644
34.42172225753321 26.9292024760106 65.58744563251696 22.86571104126695 11.903099565642641 64.87526689059717 34.63670478120464 30.14259776175236 57.73689191371736 63.355209941523114 16.961354413667213 48.52484663084242 6.9422449042233 9.420439102619243 22.975868748625857 65.69065987359173 13.529342586982088 46.760231990570375 40.11991982870532 31.560089890056442 35.651232141047 26.162621172255434 73.30674049765189 34.94350026247292 12.72333464477107 35.26544767790184 29.370794853677022 7.465806623772391 55.19775263286536 55.48541230706443 11.320443293622661 40.91389699095909 0.0 54.00414285807033 22.175033724947475 61.99302227012515 17.550513235115965 53.327966788120634 24.9771995542317 15.544640862269004 21.660897569080937 11.535473238526617 17.0411068862046 62.26130000521683 47.86250634742093 49.64725814295773 61.316588501280954 40.49531492449241
83.35368220860332 58.43494406492813 111.73723670869732 49.48446560954019 55.268661633634885 115.13675358139223 88.4550038826813 81.44662696494859 108.16436857739286 111.96221573089076 41.31264360420648 102.44900271789629 49.96875490856237 44.94445001746686 73.00211109682154 117.3066288859892 65.50067309798864 18.042819779577457 17.78266495196618 84.40771771269478 83.17053297573104 63.54077269968527 121.65658869286447 84.60246035176799 56.60609770465998 89.1729405502525 83.16945753677577 60.28709497934906 106.46933337835515 104.87013928732651 49.50088753693423 94.71332035028506 54.00414285807033 0.0 69.33968609438993 114.22361621793743 39.96892958757009 14.681707719463287 30.872001934278806 69.39838786621875 75.59890487766643 65.51768360629903 38.668729966885884 113.18399032518369 87.77133134017967 96.97871210703246 111.23770458389262 94.4804188205431
14.022359952784829 47.3024739488761 44.1707884851587 22.327537350778584 14.349332730530993 45.8136191009628 31.08854527442083 35.70610098192714 38.82468248849933 43.04231026535013 28.055761696040953 38.138067747760104 21.37589906594492 27.058679254626348 5.429301607228439 48.11295392326402 10.335150923687978 57.26196306197368 52.625719991939334 33.12089821322538 14.239767530933694 44.739951185702104 52.9313714504843 15.291267868356558 12.94021847105978 26.54782552935563 27.49742908619571 23.275595162809807 37.25693235217586 35.64239862626621 20.160968538578093 30.327307626912102 22.175033724947475 69.33968609438993 0.0 45.37430069084845 29.42918239356694 64.39493035177959 38.49484124894977 15.731226612309065 18.161875742061284 18.832528063370976 31.102086285519007 43.86294144405352 60.75885403084484 28.45905759375829 63.315619627195005 31.995333849436193
31.86852394724313 77.18512791196352 24.441467633125114 67.38488180885538 59.001017947581715 10.19268810412213 35.229978069464536 48.726291621690514 10.284353501233785 16.29743768968058 72.99527481455729 20.06046270953589 64.53082862834626 69.95324509426038 41.255849797076635 4.930213424059078 49.07376805479859 102.62900097091003 97.90435879315746 42.743023589775255 33.159349331878246 71.82674475393593 20.511743311743203 30.25321084148556 57.69850285336257 29.268801047156195 38.81466530338708 58.02109103778614 8.864711229462477 15.057953975385093 64.73067673039289 23.765535127478923 61.99302227012515 114.22361621793743 45.37430069084845 0.0 74.30278343148814 109.76488196214538 83.39167172175907 46.83232745803175 41.423668750227804 51.668779316006045 75.57305011494009 6.93793949902024 72.31566286982154 23.908496150876736 52.85476732477339 26.498602086529782
43.4510715905366 38.12479286088559 72.72418226110345 13.313885719521434 15.307277811406262 75.2412433079283 51.23084432846269 47.692699646293164 68.2347355579939 72.32376490185688 1.4226131961577468 63.64668645690022 11.314020372795161 8.919316297633559 33.052897184138665 77.3389114863517 26.11476087950307 29.812274148060396 23.918968209795384 48.890565747280604 43.4459524279936 39.74768352630593 82.13466781509278 44.65361138651853 16.637332813346738 50.48662673719837 46.08098238567556 25.004194896432185 66.50041551438808 65.05166942892583 9.602250906016444 55.733757205315364 17.550513235115965 39.96892958757009 29.42918239356694 74.30278343148814 0.0 36.67753429224584 9.097991924099313 31.114152779454162 37.29537224704419 28.318099787262927 2.8490522057911307 73.22839570162331 63.640868562516 57.480199305159836 78.86699227476008 56.01145426856271
78.07231399775206 64.25331768111502 104.33596901723293 42.664509928608496 51.36655112375273 109.42640683043635 87.75482404013557 82.83994564483763 102.69984900573564 105.53062775478404 37.76207124668447 100.27156474659282 47.86167338394378 43.910176740448854 68.79038905790007 112.35365576834832 62.70987658098533 7.141889556459424 13.306194262173685 84.84341311651409 77.35559573606704 68.48117329901685 114.89702194494252 79.56554509539875 52.53203274644094 87.15010076786332 82.54576168518422 60.43339232069488 101.52241019038647 98.97422589287025 46.05914720979626 92.33314189375368 53.327966788120634 14.681707719463287 64.39493035177959 109.76488196214538 36.67753429224584 0.0 28.354783300132436 67.75735350741664 73.95785523615173 64.66219631116199 36.41800415003101 107.88107464436352 93.37075542491867 90.47582548274065 113.67640880426738 92.68587686053894
52.51635757007027 40.352187364233224 81.49315370367468 20.270793019224747 24.403696312518594 84.30750015441139 59.44082696935482 54.716851309245094 77.31346479294118 81.30001382427942 10.444109471299646 72.39956676249622 19.692393042715313 15.565808000879185 42.146947152079775 86.43684304728232 34.98785288866034 21.832803990595103 15.218601859711312 56.516935795135005 52.43956363955015 43.21763348993236 91.07589252325916 53.73929238919272 25.735129517154338 59.17700535039756 54.21536877753589 32.15041974551922 75.59778483123064 74.08864092819513 18.665848390551794 64.52989969627106 24.9771995542317 30.872001934278806 38.49484124894977 83.39167172175907 9.097991924099313 28.354783300132436 0.0 39.576997719067755 45.80424103287575 36.32321167993527 8.147463025501228 82.31798993191227 67.93502488118737 66.3999456350331 85.75056227190109 64.64472628738427
22.562419959248395 34.097094796864695 53.21337948478471 30.71858197654405 18.058552979723302 50.53711923232905 20.240582646456467 20.649627479181095 43.460887212344225 49.84453421030205 30.119606558278708 33.051138769507425 19.90643343291279 24.47274637519697 12.67410580166804 50.74653533118155 6.915809294732831 60.92628402262902 54.78532401322741 19.396705183764205 24.7729966495746 30.470125349011866 59.673663826953835 22.399100868372276 17.486306066945286 19.775426186927312 15.27394318063655 11.398124399904788 40.54924471335925 41.81891644670973 22.143498668610803 25.377271996356754 15.544640862269004 69.39838786621875 15.731226612309065 46.83232745803175 31.114152779454162 67.75735350741664 39.576997719067755 0.0 6.232939675749519 5.018310974651081 31.431177100257862 47.66159107435086 45.03012719246818 37.44678185063896 50.34456561275408 25.123663759778708
20.7021034057608 37.315710346374836 49.91789635756077 36.108484299309104 23.76217837143093 45.864965053183916 14.362381322697505 17.807386954783286 38.909622028406574 45.81493235576292 36.274090554124065 26.867457020885496 26.124554950158306 30.691728989388462 13.58142893003993 45.540538766510366 12.05216224412898 67.10459559226406 61.00885022114161 14.987244459634963 23.4373471330842 32.9056716116443 55.46253625951445 20.00506847316766 23.023498552299973 13.604752855181182 9.78614439730957 16.656642305392495 35.70080145793476 37.78331403936369 28.197336449498895 19.29003845430071 21.660897569080937 75.59890487766643 18.161875742061284 41.423668750227804 37.29537224704419 73.95785523615173 45.80424103287575 6.232939675749519 0.0 10.437578630301699 37.65744895590054 42.79113324064847 43.939084904698035 34.57959662707696 45.59000261341194 18.897132650863718
27.312487650879547 29.403555194433864 58.146341554310204 29.996894521714783 17.150517580057734 55.537568559550465 23.13750622924775 20.475263443422428 48.46873904253067 54.85735785632259 27.48037145041355 37.15235178201974 17.013100999441985 20.8675336825001 16.812324525706515 55.65217896262038 8.637608871605114 57.978108051834 51.5240440789035 20.688485645234266 29.354512760738547 26.154121609610712 64.69107190279354 27.263979301874528 16.969339237546663 23.956506092376067 17.894585414736916 6.401759382707031 45.52362227703517 46.83394828615085 20.08377616917937 29.69878311052509 11.535473238526617 65.51768360629903 18.832528063370976 51.668779316006045 28.318099787262927 64.66219631116199 36.32321167993527 5.018310974651081 10.437578630301699 0.0 28.249562182853293 52.63668825782249 42.73399332032479 42.33020669969019 51.27962640436297 29.05454548676531
45.08854444262557 35.853957450695404 74.75213235452043 16.125044380242837 16.788404917534304 76.84163126002923 51.338699849518065 47.05526959502722 69.79393736946218 74.11827422799658 4.026294192982164 64.26578951187138 11.546597475667465 7.78072052158046 34.410581427905846 78.7354044234784 26.918258626022634 29.74782506619823 23.35614938622953 48.59427694685273 45.24689759150951 37.775400297618496 83.97333125533886 46.205530284176895 18.177374596185143 51.035807392322994 46.128004948163785 24.369447009021183 67.92437614395696 66.73863510574004 10.961790189393051 56.407668150884135 17.0411068862046 38.668729966885884 31.102086285519007 75.57305011494009 2.8490522057911307 36.41800415003101 8.147463025501228 31.431177100257862 37.65744895590054 28.249562182853293 0.0 74.72836322756771 61.96090297689159 59.36770239537881 78.1908668212934 56.498344978070676
29.898651561806375 79.54837896969234 17.507492379733304 65.24633101321702 57.96720684497268 3.766359907338475 38.79839359439747 52.29561410764292 5.267736807344854 9.36484349686929 71.87414815554955 25.05435546730881 64.07565086123748 69.6473032141134 40.36202496335332 5.171692906713298 48.940092930793234 100.74098704208015 96.44072008621835 46.320478335345655 30.555212959027678 74.47977982000859 14.661697126893257 28.58237791063005 56.606125107292016 31.967938520732886 41.72207329351501 59.038447640529526 7.11306598078732 9.794597539819135 63.77956652589391 27.030440486033374 62.26130000521683 113.18399032518369 43.86294144405352 6.93793949902024 73.22839570162331 107.88107464436352 82.31798993191227 47.66159107435086 42.79113324064847 52.63668825782249 74.72836322756771 0.0 76.94751304474059 19.135237352512505 59.11916625817182 30.27129019724841
64.13485600324665 29.372940664763444 89.52319762805895 70.66373658892783 58.581046944222535 80.67102012135584 38.9755436772321 26.82143915878854 75.13031724226451 83.37647098372538 63.54914831937322 52.25568782273453 54.7176607360504 54.759602808185385 57.13585068679828 77.24294712371663 51.199604409345866 88.28085236677235 80.61821674103845 32.040886251608846 67.08900533823682 24.935649330160533 91.51862318222179 63.05430102493263 58.828666410368676 46.82424359387042 38.07445016655291 41.305348068446904 71.01950701099632 76.08494344609016 59.182892835027374 50.43320997274733 47.86250634742093 87.77133134017967 60.75885403084484 72.31566286982154 63.640868562516 93.37075542491867 67.93502488118737 45.03012719246818 43.939084904698035 42.73399332032479 61.96090297689159 76.94751304474059 0.0 76.05529285617031 31.494388659785365 46.88050051625093
15.256387498791613 71.47573710097225 15.95094891631877 47.91804099440329 42.7510894232812 19.56472748323169 37.51698215328641 49.36322558860164 14.030800901166419 15.061184853969928 56.07196781578319 31.04363907706487 49.7953668471954 55.48542454520536 26.67563334873432 24.26244346632911 36.21831627467321 83.37439266159642 79.71398691966769 44.026954956498095 14.226131961573223 67.41557161967943 24.683505938455813 15.067566653451147 41.33094941328628 29.544883510656856 38.01595627698109 48.40651117978975 15.32990564878209 9.344545933947243 48.51329693226896 27.605749935881704 49.64725814295773 96.97871210703246 28.45905759375829 23.908496150876736 57.480199305159836 90.47582548274065 66.3999456350331 37.44678185063896 34.57959662707696 42.33020669969019 59.36770239537881 19.135237352512505 76.05529285617031 0.0 65.92230037914521 31.341354294099805
