0.0 5.495063434141667 69.42190260507033 66.90825896255244 61.189678042210204 64.38049154587924 81.77006766836294 42.8450248871545 34.0739359562844 55.22404549903934 105.41516574409899 52.20717554673876 98.9756751597518 32.59842541763751 42.177072483504425 46.766915757602234 69.72204929203605 59.88678024630727 99.15177414336209 54.152657348256646 17.663875536014704 8.707431443390817 69.6510761901295 77.01523514741804 68.8220569191759 63.665215056021864 72.49870537852513 50.49504875784322 57.7020119489469 50.03944453644391 86.35993726603678 46.766915757602234 86.90695928025843 34.051361437516334 40.58078108553282 49.57543762219682 74.22518305708078 52.07438826866946 70.82859526489473 52.707268470509746 103.31603102820118 35.61090210282098 29.308500367029495 24.17352690180317 41.030021668544066 46.71844668293258 100.39600610170275 5.311662767290187 36.62475788227754
5.495063434141667 0.0 69.81255271717573 68.469613082794 62.74906992101472 63.460457245015185 81.06296504937193 45.67028569168672 33.960829797098626 55.245155590477495 106.79194544199558 48.58491977416093 98.36076347094578 30.432020167292173 41.62159847683864 46.5995542802559 71.3073535422506 61.37829427214203 99.71571370535209 54.80942336575942 12.182511877869624 13.316546084597908 69.99559553014942 78.0481837217531 69.91449755776291 62.83493395806063 71.81117973416026 50.36722724766956 58.018511163389626 49.24535788185957 86.1447485191868 46.5995542802559 86.44059741448474 31.184376169801734 40.2017654576544 49.47801336771051 75.44345499932398 53.52916450334137 71.7583057240643 53.58919419253747 103.31677434007288 33.06741938667651 33.20966992072438 28.640614326530166 44.157095740207524 47.65341039974598 101.26038019889626 6.67714972972117 39.71074070806079
69.42190260507033 69.81255271717573 0.0 14.988105080599462 16.12911964183893 16.919269479956057 19.125531423075994 36.184170614771936 35.93476679763438 14.989328425848703 39.70896919608412 49.517977036053 32.78695621564212 44.101009080877425 29.270283479210253 23.6794303344416 15.513232651602943 15.982315901463892 29.94868531995128 15.444515852914428 73.1621255303118 75.31527751024608 0.6218064665903646 11.735691156634706 8.960545678478997 16.072686981987392 14.140943265733707 20.0042271293601 11.799203571998103 23.6794303344416 18.71037583815011 23.6794303344416 20.92979699725098 47.09614480745894 30.192857451942718 20.77814028436973 12.166719899467653 20.62028320769096 7.160697532549536 17.37091962655478 34.25027464500827 44.260434003855 50.4928475790709 56.55755022582913 39.47005242790766 23.173458589753785 32.06263154146112 64.31954163449775 41.319325790478544
66.90825896255244 68.469613082794 14.988105080599462 0.0 5.724351245037838 29.993960042753475 33.67169045432744 27.18783239195032 36.8104889401007 21.34193805712928 38.54672645564835 58.996115961306046 44.904167281409414 47.934376671860804 33.03551196685169 27.57203872573063 2.8452263923140793 7.11306598078732 35.20267928138823 16.70293015519201 74.19136232228679 71.35539256432665 15.607093886158385 12.182106456360689 6.255607810866574 28.88758395211258 29.041393960976812 25.03464490230259 17.43239764848968 30.7721439338984 31.060748660870246 27.57203872573063 34.17578651696744 51.88307481730051 33.04757363688883 25.33168699805358 8.498313564436621 14.950417824077876 8.957251741704193 16.42300423596606 42.97131445287964 49.238580918759006 43.017985799367175 49.60069946525951 30.31036041548429 21.565628877836552 34.85391496628282 62.266584572514205 33.41946590828363
61.189678042210204 62.74906992101472 16.12911964183893 5.724351245037838 0.0 28.51514429196447 35.24831103047654 22.08985737786445 31.349634843592767 17.873176196024826 44.24616690571533 55.17623760662417 48.09424630066329 42.79640972216817 28.140148818782308 22.90578409850989 8.55829782770825 1.5529089892728065 40.19109001937054 12.295029188069496 68.57388097254368 65.70213947782347 16.729921886268848 17.00710561798789 9.369826327135172 27.318736397774206 29.264772314928344 20.814850519662354 14.349769044349163 26.822841352987076 34.00822918851975 22.90578409850989 36.723153249089584 46.88515225403953 27.967194574643486 20.96004571685689 13.595887242649152 9.246985775022527 12.175070065738318 11.429975937781636 47.30116271074506 44.30761149203077 37.71622996229968 44.23874655320974 25.302275247392267 16.090201589868695 40.20962839185918 56.5422603787919 28.129222516862338
64.38049154587924 63.460457245015185 16.919269479956057 29.993960042753475 28.51514429196447 0.0 17.735138120708605 41.80922314687368 30.733907450590127 13.411499590839664 54.48181751754869 33.7346150312831 35.05217127558662 34.15100832837045 22.32216291124617 18.82559323517655 31.37004517823413 27.556595808278644 41.55319863307823 19.39575894335375 64.13161253713616 71.5983956677856 16.489649847368298 28.488204873090876 24.991660919647572 1.2477283387791576 8.737993155627187 15.811333100359235 14.988166003105105 14.354304245757849 24.311984646195125 18.82559323517655 23.59616517012908 35.79389811905773 24.09566637758881 16.71007995668169 29.054216010199138 27.492113813164526 23.891592429346442 21.945558032148636 41.719563318034254 33.02896252294628 52.58819398293181 57.504568862920145 44.78078525498817 24.98862861285784 45.203277751698934 59.07120347731493 44.97297831498829
81.77006766836294 81.06296504937193 19.125531423075994 33.67169045432744 35.24831103047654 17.735138120708605 0.0 54.19157137567503 47.80493756777941 27.67523570135906 43.093210502170024 48.51408141329042 17.32602868743788 51.87782892962538 39.59365507539983 35.2942300674068 33.53818468150841 35.029249781602196 27.53357919068996 31.62249461358502 81.84754975685884 88.71769180178667 18.52027958516047 25.46761686928928 27.41860147668723 18.251949511929038 9.271522077571632 31.744923206573514 26.822382894517222 31.819497694730497 8.948826485826686 35.2942300674068 6.431763818757209 53.3683728662034 41.2157845177769 32.691799711523785 28.160372893181236 38.584524044532344 24.855742146319706 34.0937828776774 24.90342392255871 50.642614559295914 67.23432784020261 72.78283378650922 57.423648223945655 38.95100586549245 32.38245756315002 76.47508947735692 58.63830251018369
42.8450248871545 45.67028569168672 36.184170614771936 27.18783239195032 22.08985737786445 41.80922314687368 54.19157137567503 0.0 23.791501592896253 28.40293613661801 64.91106245598391 55.97480183002047 68.97090792233818 36.320978032702406 27.24367091346806 25.692159003179306 29.67658357393246 21.359041518372713 62.2620369312113 22.894874207967806 54.145543066587614 45.73632830077265 36.68062994301259 39.080693204035384 31.352263668657283 40.596869766601614 46.28588461233212 26.9756312954945 27.744229596727457 31.941170134483578 54.877041287342514 25.692159003179306 57.02785860495214 41.04965846982626 25.645341793771575 26.30675801579667 35.574050036641545 15.653442282894432 34.04910143437769 20.314054700593026 69.23414775028286 39.37874009206269 15.967237398773285 22.62825855549242 3.289131909728248 17.019436646164074 62.033431422908826 39.028376783669565 6.523076815520308
34.0739359562844 33.960829797098626 35.93476679763438 36.8104889401007 31.349634843592767 30.733907450590127 47.80493756777941 23.791501592896253 0.0 21.28631745230842 73.99937206997869 32.757897657656784 64.94005511386263 12.76451745475511 8.469077689401338 12.702147038570159 39.61701040790749 29.82628906963188 65.88064997621147 21.37588491111767 37.70452872575129 40.92975695662607 36.09192438225357 44.88175453281016 36.98794310009152 29.907289400789015 38.547247266746744 16.450351225522336 24.139227823236048 16.47233661169036 52.31194999640477 12.702147038570159 52.83946474993622 17.445780688366597 6.6388391654756465 15.544640862269004 42.68295876694757 22.42243819288918 38.49168778857654 20.66584843991536 69.38447843628325 15.605103008090774 25.832646095710444 28.93939936059355 24.960961151964867 15.262320710388638 67.6938197714894 28.821814398443227 22.264560396700915
55.22404549903934 55.245155590477495 14.989328425848703 21.34193805712928 17.873176196024826 13.411499590839664 27.67523570135906 28.40293613661801 21.28631745230842 0.0 54.34627041093405 37.65454547313986 44.297873734211585 29.190502912114237 14.281040250964285 8.739237153349292 23.590747946664713 16.543866820325025 44.83285268163059 6.4023245779721565 58.19359238719493 61.6362100858152 15.053939236426716 25.388501543031346 18.63606338333472 12.194577155528162 18.797855267507217 5.018190479268066 4.019181809870546 9.591815133754634 31.18394333730111 8.739237153349292 32.05796208106839 32.39950936236756 15.261453297027687 5.826054461445908 24.157179849479878 14.427522098509094 19.153305904227633 8.768920498350608 48.11445597704638 29.591547397387345 39.846780513263354 45.18220441274632 31.398823088366765 11.73029291754237 47.04858675253617 50.02157780281197 31.788674107732408
105.41516574409899 106.79194544199558 39.70896919608412 38.54672645564835 44.24616690571533 54.48181751754869 43.093210502170024 64.91106245598391 73.99937206997869 54.34627041093405 0.0 88.21098906183626 37.91304142265156 83.50381610781467 68.42362502323451 62.70558207277066 35.768270928131976 45.52896179465215 16.817086289865713 52.64033495265418 111.7030768822449 109.8691462603562 39.819588789756466 29.17010966164063 37.03442169680584 54.071729985174514 47.311618817547775 59.246532876123574 50.63933694686709 63.3772856218891 34.224269313328016 62.70558207277066 37.679343765355874 86.71608652241494 69.04143795689312 59.907273221098436 31.39489951901638 53.346676539718935 35.57070163542769 53.43789149188102 26.57560561787159 83.89232704607181 80.87467431758114 87.53928410500428 67.77400349900769 59.246532876123574 11.17615971509369 100.70114990025225 71.37212053854054
52.20717554673876 48.58491977416093 49.517977036053 58.996115961306046 55.17623760662417 33.7346150312831 48.51408141329042 55.97480183002047 32.757897657656784 37.65454547313986 88.21098906183626 0.0 64.12692544943806 22.65477096705296 29.22674943595269 32.97744492160337 61.20940147047056 53.72384978089772 74.90201877525135 42.89999166438723 42.98209177153615 60.89022442535365 49.23664782816485 61.22215287470518 55.81538305809381 34.15100832837045 41.48041793084157 34.39913094049229 41.59849014797398 28.354297283320236 56.77666823722888 32.97744492160337 54.944859078448474 19.099335751126205 30.525560754784447 34.359917331426736 60.92493523629627 48.95845410320126 55.66359067180793 44.21207202260746 73.39427479050411 18.878984764004752 57.651316063372306 59.15219693990849 57.53124056697951 42.13100228350686 78.83590682012446 47.67341073483995 55.02140503326712
98.9756751597518 98.36076347094578 32.78695621564212 44.904167281409414 48.09424630066329 35.05217127558662 17.32602868743788 68.97090792233818 64.94005511386263 44.297873734211585 37.91304142265156 64.12692544943806 0.0 69.17189907120536 56.82451982149284 52.32165117861818 43.79422938859558 48.30467409743379 21.26234493066757 47.3613884302887 99.12010329553824 105.77846677280338 32.29657080480683 33.70610574970349 39.00520377748333 35.57656641475044 26.550901280874193 48.67858228840419 42.79731934262774 49.116942220319174 14.127179520663047 52.32165117861818 12.259806074053516 70.53645554008118 58.395200459830384 49.61974333011782 37.32133654786044 53.3872663221569 36.14429025863075 49.641967310215676 12.246353384627543 67.8426099314241 83.02254340052467 88.87395969556415 72.25699624008418 55.002914839573954 26.943658977698753 93.69167762589056 74.01665340069941
32.59842541763751 30.432020167292173 44.101009080877425 47.934376671860804 42.79640972216817 34.15100832837045 51.87782892962538 36.320978032702406 12.76451745475511 29.190502912114237 83.50381610781467 22.65477096705296 69.17189907120536 0.0 15.1472061064276 20.86516954039205 50.642614559295914 41.244556837576454 73.58443253556526 31.497156119560334 29.988632321116597 40.87086679930851 44.10544533265425 54.41904150504549 47.0565599974295 33.7346150312831 42.8185779482922 24.257520555273874 32.86971643942396 20.86516954039205 57.9999483942546 20.86516954039205 57.68835886766824 4.728944414356852 14.89004103728742 23.606851692999722 52.76457759092796 34.36544789099761 48.06593232731138 31.51304644447078 75.45965526767465 3.7758008617988885 35.302222042978265 36.5026955115292 37.16711404708787 26.96139128123476 76.13273584442406 27.475633562586026 33.962564727068475
42.177072483504425 41.62159847683864 29.270283479210253 33.03551196685169 28.140148818782308 22.32216291124617 39.59365507539983 27.24367091346806 8.469077689401338 14.281040250964285 68.42362502323451 29.22674943595269 56.82451982149284 15.1472061064276 0.0 5.724812829459431 35.68428553199094 26.591746702116517 59.068129464561416 16.429181453846866 43.94038379670295 49.27845211868733 29.330138893864845 39.30028157700591 31.91367963025996 21.537631008562162 30.322144553042754 9.268149559674653 17.79365375393897 8.009481811027388 44.55570297627213 5.724812829459431 44.83140574701346 18.859899399557037 2.010510249023643 8.535679176943654 37.6186663083353 20.43008412279048 32.933595790106004 16.717243273473073 61.83105222209953 16.203994906896835 32.941512003735376 36.773554398123004 29.23875110942021 13.178506146652019 61.326893151627125 36.88149091556589 27.58412597100319
46.766915757602234 46.5995542802559 23.6794303344416 27.57203872573063 22.90578409850989 18.82559323517655 35.2942300674068 25.692159003179306 12.702147038570159 8.739237153349292 62.70558207277066 32.97744492160337 52.32165117861818 20.86516954039205 5.724812829459431 0.0 30.164071891026776 21.375603946423663 53.56716979520787 10.87682259750222 49.48277582973486 53.46012408175435 23.769640574790955 33.57619441127656 26.214904453000713 17.84614795303545 26.08867906706406 3.770134034175734 12.09221216733802 6.257987078280368 39.61006948748437 0.0 40.17761236225056 24.46784685991753 6.52316960827396 2.913182932852778 31.911788148240042 15.98103367255724 27.20883524026266 11.522771095085414 56.71734597962396 21.752278495252032 34.13642878910585 38.76441365542281 28.172576637097865 9.45161858912534 55.703937229133196 41.52233515033909 27.38394374505326
69.72204929203605 71.3073535422506 15.513232651602943 2.8452263923140793 8.55829782770825 31.37004517823413 33.53818468150841 29.67658357393246 39.61701040790749 23.590747946664713 35.768270928131976 61.20940147047056 43.79422938859558 50.642614559295914 35.68428553199094 30.164071891026776 0.0 9.9582923731014 33.00149853181874 19.28835015463365 77.0284688365061 74.1083836409807 16.111601739794015 10.385963875438701 6.568879210857203 30.314771395002488 29.651196072856955 27.497726291879914 19.614600656363525 33.11243450111868 30.190843414405833 30.164071891026776 33.505463631070405 54.54278298282609 35.752575103156445 27.841442488853637 6.622943502863898 17.793560434044565 8.725004521716349 19.153054025908464 41.18167468812586 51.87782892962538 45.57327884310906 52.18213412454478 32.746359190673516 24.38429396384853 32.38245756315006 65.09479244475173 35.983091274236955
59.88678024630727 61.37829427214203 15.982315901463892 7.11306598078732 1.5529089892728065 27.556595808278644 35.029249781602196 21.359041518372713 29.82628906963188 16.543866820325025 45.52896179465215 53.72384978089772 48.30467409743379 41.244556837576454 26.591746702116517 21.375603946423663 9.9582923731014 0.0 41.0534609536254 10.825451216973976 67.10160426431987 64.50794251747843 16.565307183419574 17.90464590008966 9.99613599424835 26.34566323634405 28.71861615191832 19.34136942469527 13.138196944282617 25.376907822858602 34.18788247014547 21.375603946423663 36.77279529735112 45.33247101158958 26.41429139445887 19.46533795384547 14.627036200090458 7.849170916725527 12.701690541958332 9.886254011076426 47.89442633573902 42.756209202525774 36.81629077882827 43.29201746363184 24.607652383811196 14.564227609832798 41.24389402935899 55.20371721326349 27.255993296674664
99.15177414336209 99.71571370535209 29.94868531995128 35.20267928138823 40.19109001937054 41.55319863307823 27.53357919068996 62.2620369312113 65.88064997621147 44.83285268163059 16.817086289865713 74.90201877525135 21.26234493066757 73.58443253556526 59.068129464561416 53.56716979520787 33.00149853181874 41.0534609536254 0.0 45.001066476734664 103.00845615167948 104.6815898809844 29.813908539676977 23.184642956502447 31.14774660652671 41.42334192630528 33.422452199402635 49.84423832136708 41.741468754741796 52.76852871904442 18.61396781321387 53.56716979520787 21.585517979510133 76.17358197496719 60.09014848237496 50.65546993109071 26.722400791006248 48.170209127147935 28.717628870679132 46.51199455256697 11.103017809891346 73.33077928137631 77.86963184498339 84.33112569415277 65.44195201225233 52.4970637345138 5.694485595762083 94.11478297310059 68.30170773555746
54.152657348256646 54.80942336575942 15.444515852914428 16.70293015519201 12.295029188069496 19.39575894335375 31.62249461358502 22.894874207967806 21.37588491111767 6.4023245779721565 52.64033495265418 42.89999166438723 47.3613884302887 31.497156119560334 16.429181453846866 10.87682259750222 19.28835015463365 10.825451216973976 45.001066476734664 0.0 59.06860560114935 59.88988136128639 15.755472072671818 23.506069812448814 15.698235962020714 18.15138492444319 23.41401200558209 8.51984290153455 4.860908009622724 14.5616205816214 33.60855608876477 10.87682259750222 35.147256125073184 35.28467438126991 16.656301813178693 8.693247261669566 21.420703740868067 8.113377748393805 17.11671869326841 2.596016105208401 49.68483292770552 32.60009279292869 35.71817677574434 41.513937055748094 26.036958081842936 7.75252988722754 46.464512933317486 49.11853736769485 27.0181805448523
17.663875536014704 12.182511877869624 73.1621255303118 74.19136232228679 68.57388097254368 64.13161253713616 81.84754975685884 54.145543066587614 37.70452872575129 58.19359238719493 111.7030768822449 42.98209177153615 99.12010329553824 29.988632321116597 43.94038379670295 49.48277582973486 77.0284688365061 67.10160426431987 103.00845615167948 59.06860560114935 0.0 24.589849864175616 73.24561514004168 82.57111652554762 74.68983094031512 63.723178549819686 72.80714322992834 53.17621677139738 61.49481170584166 50.67144539085247 87.9338086219539 49.48277582973486 87.67665896500208 28.84158633804325 42.975422754583484 52.38535299805195 80.37764558289007 59.37267553961986 76.17447525862971 58.33053421540921 105.37364170345126 31.392885403003053 43.61365697521385 39.8524428128938 53.15788150602464 52.69690867344058 105.16588653264074 17.50843099584863 48.76098968797086
8.707431443390817 13.316546084597908 75.31527751024608 71.35539256432665 65.70213947782347 71.5983956677856 88.71769180178667 45.73632830077265 40.92975695662607 61.6362100858152 109.8691462603562 60.89022442535365 105.77846677280338 40.87086679930851 49.27845211868733 53.46012408175435 74.1083836409807 64.50794251747843 104.6815898809844 59.88988136128639 24.589849864175616 0.0 75.5944786763231 82.08163775366505 73.87695127960298 70.81051660140736 79.46951034129947 57.10557714880646 63.779065927159785 57.254383130457015 92.80983284538367 53.46012408175435 93.60614873325434 42.58891710666651 47.552809088601656 56.16709105936185 79.07172717580006 56.85308151711536 76.07209888540498 58.19957208753009 109.47518101174718 44.02533862808737 30.612181692201602 24.38949607738127 43.43079242515599 52.23915113826221 105.55017917777144 13.427034560901978 39.24845473949418
69.6510761901295 69.99559553014942 0.6218064665903646 15.607093886158385 16.729921886268848 16.489649847368298 18.52027958516047 36.68062994301259 36.09192438225357 15.053939236426716 39.819588789756466 49.23664782816485 32.29657080480683 44.10544533265425 29.330138893864845 23.769640574790955 16.111601739794015 16.565307183419574 29.813908539676977 15.755472072671818 73.24561514004168 75.5944786763231 0.0 12.075752777422279 9.565431023822047 15.669391319541942 13.539736464488897 20.072128858125488 11.978628036629553 23.605365530133593 18.241076949317133 23.769640574790955 20.39809374120049 47.050389855098246 30.289531007369618 20.862179785956425 12.648688303969626 21.09473313888842 7.706308185600524 17.735775723375422 33.92961648468007 44.2117818278081 50.920316166042674 56.96077380787564 39.96490883263126 23.498306908716756 32.03273458490483 64.53610295024593 41.774185680557046
77.01523514741804 78.0481837217531 11.735691156634706 12.182106456360689 17.00710561798789 28.488204873090876 25.46761686928928 39.080693204035384 44.88175453281016 25.388501543031346 29.17010966164063 61.22215287470518 33.70610574970349 54.41904150504549 39.30028157700591 33.57619441127656 10.385963875438701 17.90464590008966 23.184642956502447 23.506069812448814 82.57111652554762 82.08163775366505 12.075752777422279 0.0 8.20893531402234 27.71730625917014 24.03907097690732 30.191143289956898 21.56458031804906 34.71273516705139 20.568601134910434 33.57619441127656 24.192348816254167 57.776322309731384 39.87706183853073 30.813539321849312 3.764660266760766 25.259962061157662 6.401759382708446 24.470832377568275 30.832323476544747 54.97553535916318 54.705245817725086 61.195949383035774 42.26994581339132 30.395908228285332 23.469498510052727 72.13779546358799 45.12753407890884
68.8220569191759 69.91449755776291 8.960545678478997 6.255607810866574 9.369826327135172 24.991660919647572 27.41860147668723 31.352263668657283 36.98794310009152 18.63606338333472 37.03442169680584 55.81538305809381 39.00520377748333 47.0565599974295 31.91367963025996 26.214904453000713 6.568879210857203 9.99613599424835 31.14774660652671 15.698235962020714 74.68983094031512 73.87695127960298 9.565431023822047 8.20893531402234 0.0 23.97828642940416 23.101174106999323 23.091905205825583 14.630373054465132 28.21547320911951 25.02836173657962 26.214904453000713 28.02235075873473 50.64990289146894 32.30560767093519 23.599998075687388 5.724232885118351 17.082525510536787 2.863648680446123 16.40740630248744 37.93907860425062 47.89675952218041 46.76170382008805 53.191895331173306 34.594286762952606 22.269661842823083 31.673380688030676 63.96372182323191 37.224846276573906
63.665215056021864 62.83493395806063 16.072686981987392 28.88758395211258 27.318736397774206 1.2477283387791576 18.251949511929038 40.596869766601614 29.907289400789015 12.194577155528162 54.071729985174514 34.15100832837045 35.57656641475044 33.7346150312831 21.537631008562162 17.84614795303545 30.314771395002488 26.34566323634405 41.42334192630528 18.15138492444319 63.723178549819686 70.81051660140736 15.669391319541942 27.71730625917014 23.97828642940416 0.0 9.086546845231034 14.73890286911265 13.742094334375341 13.628813496728755 24.470499955269997 17.84614795303545 23.954075836190523 35.529479578004846 23.269981218638378 15.64918533575686 28.161171690681147 26.245903276817618 22.965262375091235 20.703742107236845 41.922001325759325 32.74244345412012 51.488853476266556 56.457518643205 43.57875706812585 23.805598884562947 44.94735903410775 58.35931807359189 43.81052823323334
72.49870537852513 71.81117973416026 14.140943265733707 29.041393960976812 29.264772314928344 8.737993155627187 9.271522077571632 46.28588461233212 38.547247266746744 18.797855267507217 47.311618817547775 41.48041793084157 26.550901280874193 42.8185779482922 30.322144553042754 26.08867906706406 29.651196072856955 28.71861615191832 33.422452199402635 23.41401200558209 72.80714322992834 79.46951034129947 13.539736464488897 24.03907097690732 23.101174106999323 9.086546845231034 0.0 22.602134434710983 18.55361268399761 22.56628650106134 15.661065194094565 26.08867906706406 14.87586575192047 44.531056001698005 31.949930423622572 23.548521462231015 25.6557606288984 30.939485851252808 21.13094965371071 25.97827382185454 33.00632648488868 41.76273745793237 58.612949875155095 63.97621204786373 49.44764954015603 30.360736169316624 37.46172892007883 67.20356762865815 50.308366738475634
50.49504875784322 50.36722724766956 20.0042271293601 25.03464490230259 20.814850519662354 15.811333100359235 31.744923206573514 26.9756312954945 16.450351225522336 5.018190479268066 59.246532876123574 34.39913094049229 48.67858228840419 24.257520555273874 9.268149559674653 3.770134034175734 27.497726291879914 19.34136942469527 49.84423832136708 8.51984290153455 53.17621677139738 57.10557714880646 20.072128858125488 30.191143289956898 23.091905205825583 14.73890286911265 22.602134434710983 0.0 8.626567251651373 6.139109290358128 35.86764721587732 3.770134034175734 36.50248713126724 27.613307853898863 10.268320248561153 0.9470484310204049 28.730138984260307 15.160249464499392 23.87503907580579 9.916437356941492 52.95055714235282 24.83454615446151 36.78632820822111 41.72402103283286 29.709241760995315 10.00310782172519 52.05878960580669 45.26045169572979 29.431240593545212
57.7020119489469 58.018511163389626 11.799203571998103 17.43239764848968 14.349769044349163 14.988166003105105 26.822382894517222 27.744229596727457 24.139227823236048 4.019181809870546 50.63933694686709 41.59849014797398 42.79731934262774 32.86971643942396 17.79365375393897 12.09221216733802 19.614600656363525 13.138196944282617 41.741468754741796 4.860908009622724 61.49481170584166 63.779065927159785 11.978628036629553 21.56458031804906 14.630373054465132 13.742094334375341 18.55361268399761 8.626567251651373 0.0 13.610855309440389 29.224176718512094 12.09221216733802 30.549397269346212 36.22739930376057 18.53620915093538 9.268051695596158 20.18772869837206 12.659630367942073 15.258237899464824 7.4301779429404 45.70145614049756 33.438009723026035 40.436861808516575 46.11878545585417 30.895198897016346 12.218433488052838 43.67231209647676 52.57081110710714 31.84554616587824
50.03944453644391 49.24535788185957 23.6794303344416 30.7721439338984 26.822841352987076 14.354304245757849 31.819497694730497 31.941170134483578 16.47233661169036 9.591815133754634 63.3772856218891 28.354297283320236 49.116942220319174 20.86516954039205 8.009481811027388 6.257987078280368 33.11243450111868 25.376907822858602 52.76852871904442 14.5616205816214 50.67144539085247 57.254383130457015 23.605365530133593 34.71273516705139 28.21547320911951 13.628813496728755 22.56628650106134 6.139109290358128 13.610855309440389 0.0 37.29011008675297 6.257987078280368 37.27206935724925 23.481511330277336 9.872911008010737 6.308118169347974 33.687535955160726 21.229115075868254 28.601927323480236 16.05550062314165 54.708019698155795 20.637434852221737 39.9706886086186 44.26523732690665 34.42947951986538 15.427451927444066 55.49581708622487 44.73241921447782 33.56104075536971
86.35993726603678 86.1447485191868 18.71037583815011 31.060748660870246 34.00822918851975 24.311984646195125 8.948826485826686 54.877041287342514 52.31194999640477 31.18394333730111 34.224269313328016 56.77666823722888 14.127179520663047 57.9999483942546 44.55570297627213 39.61006948748437 30.190843414405833 34.18788247014547 18.61396781321387 33.60855608876477 87.9338086219539 92.80983284538367 18.241076949317133 20.568601134910434 25.02836173657962 24.470499955269997 15.661065194094565 35.86764721587732 29.224176718512094 37.29011008675297 0.0 39.61006948748437 3.9819999790330085 59.98614963387972 45.94450781998031 36.784784717523685 23.94751026296974 39.330349833098396 22.183501618021197 35.7920758125629 17.46978563339542 57.187336031520935 69.11657394121691 75.07714375781329 58.16493274304178 41.328514907161626 23.44061562187854 81.12802926458339 60.01308722058704
46.766915757602234 46.5995542802559 23.6794303344416 27.57203872573063 22.90578409850989 18.82559323517655 35.2942300674068 25.692159003179306 12.702147038570159 8.739237153349292 62.70558207277066 32.97744492160337 52.32165117861818 20.86516954039205 5.724812829459431 0.0 30.164071891026776 21.375603946423663 53.56716979520787 10.87682259750222 49.48277582973486 53.46012408175435 23.769640574790955 33.57619441127656 26.214904453000713 17.84614795303545 26.08867906706406 3.770134034175734 12.09221216733802 6.257987078280368 39.61006948748437 0.0 40.17761236225056 24.46784685991753 6.52316960827396 2.913182932852778 31.911788148240042 15.98103367255724 27.20883524026266 11.522771095085414 56.71734597962396 21.752278495252032 34.13642878910585 38.76441365542281 28.172576637097865 9.45161858912534 55.703937229133196 41.52233515033909 27.38394374505326
86.90695928025843 86.44059741448474 20.92979699725098 34.17578651696744 36.723153249089584 23.59616517012908 6.431763818757209 57.02785860495214 52.83946474993622 32.05796208106839 37.679343765355874 54.944859078448474 12.259806074053516 57.68835886766824 44.83140574701346 40.17761236225056 33.505463631070405 36.77279529735112 21.585517979510133 35.147256125073184 87.67665896500208 93.60614873325434 20.39809374120049 24.192348816254167 28.02235075873473 23.954075836190523 14.87586575192047 36.50248713126724 30.549397269346212 37.27206935724925 3.9819999790330085 40.17761236225056 0.0 59.38130479994111 46.34180571130084 37.439636529242186 27.438034718964857 41.39075998107438 25.226733366741524 37.463298509968375 18.493971550045053 56.62345793738207 70.84422888164146 76.64814670479825 60.304904086506156 42.761840150446666 26.71480771626175 81.63773879775616 61.91925057092852
34.051361437516334 31.184376169801734 47.09614480745894 51.88307481730051 46.88515225403953 35.79389811905773 53.3683728662034 41.04965846982626 17.445780688366597 32.39950936236756 86.71608652241494 19.099335751126205 70.53645554008118 4.728944414356852 18.859899399557037 24.46784685991753 54.54278298282609 45.33247101158958 76.17358197496719 35.28467438126991 28.84158633804325 42.58891710666651 47.050389855098246 57.776322309731384 50.64990289146894 35.529479578004846 44.531056001698005 27.613307853898863 36.22739930376057 23.481511330277336 59.98614963387972 24.46784685991753 59.38130479994111 0.0 18.92492702095984 27.056175101507723 56.321827037557625 38.67017219134956 51.484787152537 35.50886402442607 77.44810334958294 2.8452263923140793 39.63638087439143 40.44326957488565 41.88416816149454 31.252003903602613 78.97715315428395 29.185630195127374 38.63702197756127
40.58078108553282 40.2017654576544 30.192857451942718 33.04757363688883 27.967194574643486 24.09566637758881 41.2157845177769 25.645341793771575 6.6388391654756465 15.261453297027687 69.04143795689312 30.525560754784447 58.395200459830384 14.89004103728742 2.010510249023643 6.52316960827396 35.752575103156445 26.41429139445887 60.09014848237496 16.656301813178693 42.975422754583484 47.552809088601656 30.289531007369618 39.87706183853073 32.30560767093519 23.269981218638378 31.949930423622572 10.268320248561153 18.53620915093538 9.872911008010737 45.94450781998031 6.52316960827396 46.34180571130084 18.92492702095984 0.0 9.435823257598825 38.02798207285224 19.859864417720896 33.48378708535505 16.630697903895843 63.14022254024542 16.40284371954373 30.947940742167926 34.76408347855008 27.529790349585035 12.474169041061684 62.195078274845606 35.301067986979874 25.736674568995713
49.57543762219682 49.47801336771051 20.77814028436973 25.33168699805358 20.96004571685689 16.71007995668169 32.691799711523785 26.30675801579667 15.544640862269004 5.826054461445908 59.907273221098436 34.359917331426736 49.61974333011782 23.606851692999722 8.535679176943654 2.913182932852778 27.841442488853637 19.46533795384547 50.65546993109071 8.693247261669566 52.38535299805195 56.16709105936185 20.862179785956425 30.813539321849312 23.599998075687388 15.64918533575686 23.548521462231015 0.9470484310204049 9.268051695596158 6.308118169347974 36.784784717523685 2.913182932852778 37.439636529242186 27.056175101507723 9.435823257598825 0.0 29.26565342344089 14.923189726654066 24.47183039814267 9.858564417157327 53.84456964260866 24.296881270186176 35.90551093052781 40.808732862710556 28.99725995881439 9.405755251620203 52.81577764780768 44.34538345304898 28.632846616697314
74.22518305708078 75.44345499932398 12.166719899467653 8.498313564436621 13.595887242649152 29.054216010199138 28.160372893181236 35.574050036641545 42.68295876694757 24.157179849479878 31.39489951901638 60.92493523629627 37.32133654786044 52.76457759092796 37.6186663083353 31.911788148240042 6.622943502863898 14.627036200090458 26.722400791006248 21.420703740868067 80.37764558289007 79.07172717580006 12.648688303969626 3.764660266760766 5.724232885118351 28.161171690681147 25.6557606288984 28.730138984260307 20.18772869837206 33.687535955160726 23.94751026296974 31.911788148240042 27.438034718964857 56.321827037557625 38.02798207285224 29.26565342344089 0.0 22.228035940408276 5.277350300676606 22.05928529688139 34.58791655053003 53.55783538489306 51.30001293677459 57.83352060363439 38.733873217956884 27.852601334324305 26.623173159367035 69.42461400947772 41.70631532588459
52.07438826866946 53.52916450334137 20.62028320769096 14.950417824077876 9.246985775022527 27.492113813164526 38.584524044532344 15.653442282894432 22.42243819288918 14.427522098509094 53.346676539718935 48.95845410320126 53.3872663221569 34.36544789099761 20.43008412279048 15.98103367255724 17.793560434044565 7.849170916725527 48.170209127147935 8.113377748393805 59.37267553961986 56.85308151711536 21.09473313888842 25.259962061157662 17.082525510536787 26.245903276817618 30.939485851252808 15.160249464499392 12.659630367942073 21.229115075868254 39.330349833098396 15.98103367255724 41.39075998107438 38.67017219134956 19.859864417720896 14.923189726654066 22.228035940408276 0.0 19.459258998236454 5.662353640744742 54.25881599345404 36.2346248722992 30.063010552457214 36.33361505854147 18.92063038035423 7.418172296157272 48.72351743304356 47.364516253589294 20.736803747886455
70.82859526489473 71.7583057240643 7.160697532549536 8.957251741704193 12.175070065738318 23.891592429346442 24.855742146319706 34.04910143437769 38.49168778857654 19.153305904227633 35.57070163542769 55.66359067180793 36.14429025863075 48.06593232731138 32.933595790106004 27.20883524026266 8.725004521716349 12.701690541958332 28.717628870679132 17.11671869326841 76.17447525862971 76.07209888540498 7.706308185600524 6.401759382708446 2.863648680446123 22.965262375091235 21.13094965371071 23.87503907580579 15.258237899464824 28.601927323480236 22.183501618021197 27.20883524026266 25.226733366741524 51.484787152537 33.48378708535505 24.47183039814267 5.277350300676606 19.459258998236454 0.0 18.170936219847054 35.19280825337067 48.69618225588162 49.33512730928525 55.71771116420851 37.3051625417554 24.133905542826334 29.567509556888158 65.90643774449926 39.83305690770584
52.707268470509746 53.58919419253747 17.37091962655478 16.42300423596606 11.429975937781636 21.945558032148636 34.0937828776774 20.314054700593026 20.66584843991536 8.768920498350608 53.43789149188102 44.21207202260746 49.641967310215676 31.51304644447078 16.717243273473073 11.522771095085414 19.153054025908464 9.886254011076426 46.51199455256697 2.596016105208401 58.33053421540921 58.19957208753009 17.735775723375422 24.470832377568275 16.40740630248744 20.703742107236845 25.97827382185454 9.916437356941492 7.4301779429404 16.05550062314165 35.7920758125629 11.522771095085414 37.463298509968375 35.50886402442607 16.630697903895843 9.858564417157327 22.05928529688139 5.662353640744742 18.170936219847054 0.0 51.598297158335605 32.90344417045441 33.3832614506768 39.28518694434315 23.469856805947796 5.991128678555611 47.7133258737987 47.75044243800844 24.554810243196854
103.31603102820118 103.31677434007288 34.25027464500827 42.97131445287964 47.30116271074506 41.719563318034254 24.90342392255871 69.23414775028286 69.38447843628325 48.11445597704638 26.57560561787159 73.39427479050411 12.246353384627543 75.45965526767465 61.83105222209953 56.71734597962396 41.18167468812586 47.89442633573902 11.103017809891346 49.68483292770552 105.37364170345126 109.47518101174718 33.92961648468007 30.832323476544747 37.93907860425062 41.922001325759325 33.00632648488868 52.95055714235282 45.70145614049756 54.708019698155795 17.46978563339542 56.71734597962396 18.493971550045053 77.44810334958294 63.14022254024542 53.84456964260866 34.58791655053003 54.25881599345404 35.19280825337067 51.598297158335605 0.0 74.65284311843183 84.31921498211298 90.56220969819597 72.49538580097305 57.42284891651573 16.281895720210198 98.13040743830365 74.90897700446376
35.61090210282098 33.06741938667651 44.260434003855 49.238580918759006 44.30761149203077 33.02896252294628 50.642614559295914 39.37874009206269 15.605103008090774 29.591547397387345 83.89232704607181 18.878984764004752 67.8426099314241 3.7758008617988885 16.203994906896835 21.752278495252032 51.87782892962538 42.756209202525774 73.33077928137631 32.60009279292869 31.392885403003053 44.02533862808737 44.2117818278081 54.97553535916318 47.89675952218041 32.74244345412012 41.76273745793237 24.83454615446151 33.438009723026035 20.637434852221737 57.187336031520935 21.752278495252032 56.62345793738207 2.8452263923140793 16.40284371954373 24.296881270186176 53.55783538489306 36.2346248722992 48.69618225588162 32.90344417045441 74.65284311843183 0.0 39.004397322436006 40.27743441970433 40.3968596650015 28.82331440686493 76.13273584442405 30.59884705727896 37.346937021591295
29.308500367029495 33.20966992072438 50.4928475790709 43.017985799367175 37.71622996229968 52.58819398293181 67.23432784020261 15.967237398773285 25.832646095710444 39.846780513263354 80.87467431758114 57.651316063372306 83.02254340052467 35.302222042978265 32.941512003735376 34.13642878910585 45.57327884310906 36.81629077882827 77.86963184498339 35.71817677574434 43.61365697521385 30.612181692201602 50.920316166042674 54.705245817725086 46.76170382008805 51.488853476266556 58.612949875155095 36.78632820822111 40.436861808516575 39.9706886086186 69.11657394121691 34.13642878910585 70.84422888164146 39.63638087439143 30.947940742167926 35.90551093052781 51.30001293677459 30.063010552457214 49.33512730928525 33.3832614506768 84.31921498211298 39.004397322436006 0.0 6.673767764017592 13.181748772132098 28.29035764335721 77.86432119689869 26.64184135628254 9.599156249639552
24.17352690180317 28.640614326530166 56.55755022582913 49.60069946525951 44.23874655320974 57.504568862920145 72.78283378650922 22.62825855549242 28.93939936059355 45.18220441274632 87.53928410500428 59.15219693990849 88.87395969556415 36.5026955115292 36.773554398123004 38.76441365542281 52.18213412454478 43.29201746363184 84.33112569415277 41.513937055748094 39.8524428128938 24.38949607738127 56.96077380787564 61.195949383035774 53.191895331173306 56.457518643205 63.97621204786373 41.72402103283286 46.11878545585417 44.26523732690665 75.07714375781329 38.76441365542281 76.64814670479825 40.44326957488565 34.76408347855008 40.808732862710556 57.83352060363439 36.33361505854147 55.71771116420851 39.28518694434315 90.56220969819597 40.27743441970433 6.673767764017592 0.0 19.850616009455948 33.90112526883121 84.42710547875865 22.401064969359357 16.203527097199675
41.030021668544066 44.157095740207524 39.47005242790766 30.31036041548429 25.302275247392267 44.78078525498817 57.423648223945655 3.289131909728248 24.960961151964867 31.398823088366765 67.77400349900769 57.53124056697951 72.25699624008418 37.16711404708787 29.23875110942021 28.172576637097865 32.746359190673516 24.607652383811196 65.44195201225233 26.036958081842936 53.15788150602464 43.43079242515599 39.96490883263126 42.26994581339132 34.594286762952606 43.57875706812585 49.44764954015603 29.709241760995315 30.895198897016346 34.42947951986538 58.16493274304178 28.172576637097865 60.304904086506156 41.88416816149454 27.529790349585035 28.99725995881439 38.733873217956884 18.92063038035423 37.3051625417554 23.469856805947796 72.49538580097305 40.3968596650015 13.181748772132098 19.850616009455948 0.0 19.85632250308623 65.12568126169911 37.48347319497876 4.447850194076873
