0.0 24.31228211773828 54.53656901285011 37.71051010332167 54.13476311760222 21.785037047666457 71.26229985481808 30.070547696865944 8.626392216841293 27.57550278053802 23.491578646503473 35.83047520496226 46.73625328235769 6.2303218031722425 18.11308832086509 37.71972755904405 19.9621090442887 43.33629109119767 31.22259374979573 37.55705945516808 7.754439845660764 37.45533288058346 37.18073479827335 25.784449843538734 59.44918849740274 19.955932762234124 58.35675243661441 26.90957298988737 51.7536728954277 34.59816059122769 20.814795741688034 20.721007506998085 45.59127696746665 32.014837032285065 3.7831323878905683 14.027234750415058 27.882934673290844 44.75726429755309 13.744644658244 6.401759382708446 24.382114769408666 29.291606515468327 54.47066626765251 26.921908130114804 33.80611405266755 53.04398815572478
24.31228211773828 0.0 78.02779229106031 50.65552690499607 76.58051597180342 46.038736099213565 46.98264770333651 44.10514711736022 16.087333871570035 18.05337501030372 40.76058707763585 13.265100301873415 22.4716454463613 20.18772869837203 31.731989588398093 14.016369260695773 43.83099164813852 54.57488448933088 54.89888130585397 49.72924618530304 30.643247195608136 13.879854622429253 58.17786076865481 30.980313440514152 80.28488816335177 44.118676058848884 34.148301258048065 48.82577865014629 73.39091107261663 19.668796114340957 35.51840694485135 13.09881076242813 21.33919794235913 8.415748073913527 26.908445281032158 24.10036827325476 9.728814349772499 57.858487349207266 37.6992496981704 30.687556539635082 18.267976294341345 53.265413762431734 67.75083898665164 14.270888660154025 57.67010898007498 75.33649471381348
54.53656901285011 78.02779229106031 0.0 66.51214029261129 8.71186825664385 35.68404870063385 124.66713964963093 62.28130739896028 63.146883857477505 80.74617712222636 55.878682435337694 90.28034547438797 99.67902153120981 60.24706680450068 60.993900759325015 91.90366777412805 39.65832466230264 48.50943670565502 23.3160791361691 46.47867013063576 47.454401914663016 89.64430437143699 23.75824931566166 71.50137485481665 19.12312268622408 34.92168123196658 112.06680946730751 29.934810868459728 13.97356431016531 88.34464000973438 59.839052563642376 74.7669130600904 99.25828037231292 86.18242339894253 53.21995875841722 56.249493410865824 82.40727772525304 44.26771210048355 40.7987341031495 48.2949362483241 69.40675947311192 33.01450002695033 73.64224891933227 80.92908885973083 20.895127522899237 9.839616534085554
37.71051010332167 50.65552690499607 66.51214029261129 0.0 70.93290063932427 35.29714753993952 88.90328185951556 7.643145901472772 39.17734799564949 37.21078379928699 15.040340146428033 54.12511123183033 69.38206813328173 35.50484241920059 20.324096420457764 57.70198445364716 31.333257309924367 78.01242552244432 48.93707047989267 72.25957960421908 41.32699524256023 63.75357785429577 61.7727242691856 20.583126151667116 80.1294801007547 40.10969464760387 76.51731479428528 52.562836336932996 71.57856352248803 43.560991481466495 17.008046700426668 38.02244662683728 66.16946773671339 53.761854773239016 34.24945953958375 51.73772152336878 45.922763613946 78.05524756507552 39.87134478358041 36.94936951641054 60.28595114851939 34.04763810555005 17.29285406286599 40.57031036327438 49.260480380413185 70.5871794392968
54.13476311760222 76.58051597180342 8.71186825664385 70.93290063932427 0.0 37.747529243162774 122.54822076639888 65.99295944942526 62.571570765695895 81.24159428236297 59.05817651376609 89.29302456855302 97.54167424860057 60.157316450776676 63.041246013123434 90.58609656346454 41.945817604121316 41.51995181708844 23.927379928082427 40.2017654576544 46.61634851857533 87.35505352189749 19.215658625379895 73.612550587749 10.788148521965844 35.63566913609316 110.22282491529104 27.7560951883977 5.7122595311970175 88.5979114231251 62.388387401272865 74.78733692042256 97.49764523955756 84.90930087401937 53.40755041620178 53.64714910763804 81.87641942116235 36.99333504799118 40.71193178055431 48.2245067427738 66.15448993612955 36.8945486913697 79.54806444998316 80.99589705766962 22.417223935852668 1.5571006818722126
21.785037047666457 46.038736099213565 35.68404870063385 35.29714753993952 37.747529243162774 0.0 92.87674193840799 29.189396733937215 30.038224399630213 45.51089278408345 21.731708350996396 56.90452784629291 68.49665345108347 26.32578741758242 25.402196991702137 59.12061412343875 4.237222908917849 45.64318878273383 14.136697066939384 40.30227135132994 17.325323155299845 59.22515124392745 26.47728961908707 35.96342841723362 45.78154345776431 5.829102999746191 79.90832001244013 17.723978271367002 37.26896994310133 53.260807593051894 24.647082384488282 40.14557401458058 67.21254042015201 53.47907081328544 19.246119808564277 30.2426742469828 48.433225741645906 44.617056393544274 10.434216684323793 15.56878336459034 43.6231889818364 8.141497681220136 47.97093603080203 46.13599975457184 15.33976575662921 37.07181965044351
71.26229985481808 46.98264770333651 124.66713964963093 88.90328185951556 122.54822076639888 92.87674193840799 0.0 84.43169876132744 62.84143085005336 52.23825227766276 83.80393614799857 36.59430237418314 25.016810576511293 66.63771239334251 74.53418832525938 33.886961764761885 90.39562389169701 93.27284513379179 101.73390705452724 89.9262129566583 77.53241919057459 35.20004510987608 103.59852495516603 68.74375421943945 124.98102497645759 91.10003428897163 13.036611300041866 95.00175215527383 118.84151525946602 45.353767006674936 78.00624028093812 54.358413400070546 25.67334122023896 39.430812203733275 73.63977792338657 68.91230505798232 45.47448000411231 97.66894196567033 84.66589476381 77.6534182645722 57.269046961798956 99.81055700038382 103.76408354625016 49.606860765415696 104.56391583032556 121.21437826392942
30.070547696865944 44.10514711736022 62.28130739896028 7.643145901472772 65.99295944942526 29.189396733937215 84.43169876132744 0.0 31.821983730020925 32.22552709850281 7.8075830161952915 48.7897871448179 63.78613470201463 28.027731144363177 12.946006638423459 52.231419270993435 25.04692846450216 70.67336734597481 43.18702261672228 64.89719483592906 33.78648961962975 57.52208446931002 55.492774850296684 15.750544539305466 74.72647139693645 33.55621636821262 71.77234849170766 45.93440042883433 66.17182456487167 39.230234051077666 9.450050746395464 31.90536701502604 60.82827806767627 47.90691727870586 26.607690972019928 44.09768926647333 40.25413908964125 70.87693145774624 32.72272419912855 29.406784492954635 52.851930291982406 29.30102557882189 24.6553534167653 35.211889717574834 43.857542571281975 65.51999907487203
8.626392216841293 16.087333871570035 63.146883857477505 39.17734799564949 62.571570765695895 30.038224399630213 62.84143085005336 31.821983730020925 0.0 20.17413401507679 26.763037074894463 27.207312373160647 38.55100592847009 4.343705579640881 18.88354936159297 29.163570521225328 27.743800503156624 48.01266484967881 39.83757121384742 42.43016047400982 15.959563958145122 29.680447860483273 45.1711459431973 23.056074581587332 67.50250781353597 28.562079134603756 49.88752381781121 35.096547348682066 59.99367533291131 26.61838558066232 22.44639726292082 12.830120024904268 37.17452683443424 23.48133443960361 10.832600352739973 16.012178918210086 19.32150265695024 50.140624692675814 22.36711196763113 14.989549938503226 21.152842532573942 37.17884492318613 56.43319621716424 18.88445092315672 42.43242947030231 61.44516636955076
27.57550278053802 18.05337501030372 80.74617712222636 37.21078379928699 81.24159428236297 45.51089278408345 52.23825227766276 32.22552709850281 20.17413401507679 0.0 31.912260845120397 16.98012559653016 32.35893354776064 21.353938714196016 22.89766687000939 20.642396109773532 42.046280599165755 67.63330145234924 57.661817118738185 62.20107204239916 35.329923746663766 28.22804192388501 64.75139761315273 16.679151082555425 86.98966466188932 45.886884042763995 39.547525128769934 54.435889492220184 79.18063823703946 7.848902296506083 26.08739164709141 7.535809715985748 28.984504164629236 17.51768489825171 27.838192303262527 35.38951528766863 9.676906299132463 70.06396522797714 40.53694617867783 33.06424940084654 34.90501333326601 50.888031032885365 53.29653477517626 3.9860758038689106 59.864149083728634 80.23521656444957
23.491578646503473 40.76058707763585 55.878682435337694 15.040340146428033 59.05817651376609 21.731708350996396 83.80393614799857 7.8075830161952915 26.763037074894463 31.912260845120397 0.0 47.418213195804896 61.780144802791725 22.606434893561616 9.323866666296341 50.58768095417328 17.523030815886067 62.98382195908287 35.841567944526226 57.22461325576334 26.372504097662343 54.55294482053174 47.83616783814194 17.253203724827276 67.47303961217374 25.840419283270407 70.89631863941239 38.17301947520279 58.938242535464674 39.52124492817744 5.826365797863414 29.769476812790103 59.24329072043673 45.73761934532129 19.82682267350081 37.402553438338046 38.580579854613156 63.10757687802801 24.934223027234264 22.0087334025249 47.221658743117466 22.94405687206131 31.08265760117761 34.20594436278798 36.73361468522735 58.5023648282845
35.83047520496226 13.265100301873415 90.28034547438797 54.12511123183033 89.29302456855302 56.90452784629291 36.59430237418314 48.7897871448179 27.207312373160647 16.98012559653016 47.418213195804896 0.0 15.408850001787828 30.592489962220526 38.103505425581545 3.7566720351429557 54.14900752464756 67.53811660078595 66.99703185352372 62.83186100404207 42.86128400808352 13.6249797971123 71.15653132949626 33.54526175011315 93.3573475469558 55.7647331050794 23.582157488480533 61.56588236870413 86.30542979663821 12.770833622526846 41.67413163674343 17.777284604950108 12.055417230221732 5.141542082125532 37.71975151025438 37.35314913839336 8.887832489533343 70.96676022522885 49.555825777087605 42.192414730992176 30.385864294745907 63.502739987635614 70.26812884140783 13.593745507608139 69.6294896282132 88.09264342607693
46.73625328235769 22.4716454463613 99.67902153120981 69.38206813328173 97.54167424860057 68.49665345108347 25.016810576511293 63.78613470201463 38.55100592847009 32.35893354776064 61.780144802791725 15.408850001787828 0.0 42.58180496545032 52.47837776756922 11.716921903206357 66.29197302373242 69.78433836245082 76.823640531841 65.97669147765018 52.69530189232527 10.260103231558961 78.62948018552612 48.80550149142269 100.154831652706 66.38819864035997 13.05685756407288 69.98555316552677 93.8847369507845 27.70946908394974 56.170955365039035 32.07241100683392 4.3756192623914965 16.042651051171855 49.378264779848124 43.923101605950315 23.53513888375519 73.91821091468185 59.90807327532246 53.07834763691787 32.77158710560032 75.72840444726677 85.65525254532602 28.820367899078853 79.68829206473211 96.21385453707167
6.2303218031722425 20.18772869837203 60.24706680450068 35.50484241920059 60.157316450776676 26.32578741758242 66.63771239334251 28.027731144363177 4.343705579640881 21.353938714196016 22.606434893561616 30.592489962220526 42.58180496545032 0.0 15.194782875452193 32.81424184108904 23.77147117104486 48.6674485354898 36.95207355975719 42.954400380737546 13.981393234208497 33.9063500200981 43.39746441513674 20.878658839209937 65.64686220849002 25.394209586613382 53.63825947307422 33.09608635960606 57.89881406554173 28.46497765048652 18.586199427332886 14.630373054465132 41.01620933224665 27.207658102393545 7.140414391332013 17.59971820359527 22.268646499767247 50.389276670957706 19.5225158340801 11.982256147729775 24.831176536345286 33.202402999208175 52.68256478026058 20.83863093306389 39.40080533907729 59.09712694035165
18.11308832086509 31.731989588398093 60.993900759325015 20.324096420457764 63.041246013123434 25.402196991702137 74.53418832525938 12.946006638423459 18.88354936159297 22.89766687000939 9.323866666296341 38.103505425581545 52.47837776756922 15.194782875452193 0.0 41.26382624456545 21.338618673363708 60.696759955653405 39.163873478785106 54.87739606305965 23.397598101410658 45.42887766178005 49.431599821491034 10.572530524055704 70.48417348330074 27.813643715838626 61.605002189666685 39.147024848240534 62.115511816859595 30.643047981779066 3.787076304495491 20.447588669283938 49.91953714598209 36.43821376028518 15.145581034981769 31.96851177704865 29.25863434353437 61.554557125468136 24.678818831546593 19.22597393500934 39.96331483577806 29.096384769407624 37.55362307614624 24.97279782327509 40.70106187523355 62.288209007971325
37.71972755904405 14.016369260695773 91.90366777412805 57.70198445364716 90.58609656346454 59.12061412343875 33.886961764761885 52.231419270993435 29.163570521225328 20.642396109773532 50.58768095417328 3.7566720351429557 11.716921903206357 32.81424184108904 41.26382624456545 0.0 56.53744834113687 67.16307500114137 68.69470488896265 62.66186324335184 44.45478641659653 10.606780298806465 72.18510354425969 37.119534399757704 94.25649121178573 57.66971097745215 20.856865362783722 62.83003501049066 87.40479654343868 16.466221704374384 44.890846346693465 20.82703461924184 8.657246310942842 5.7239834655627915 39.876789687702946 37.908133296242816 12.036788798849045 70.78532281646669 51.35009666162183 44.11854615691179 29.66324904308904 65.94061910218298 73.93841808738759 17.131807150980617 71.4040099424916 89.34742219539227
19.9621090442887 43.83099164813852 39.65832466230264 31.333257309924367 41.945817604121316 4.237222908917849 90.39562389169701 25.04692846450216 27.743800503156624 42.046280599165755 17.523030815886067 54.14900752464756 66.29197302373242 23.77147117104486 21.338618673363708 56.53744834113687 0.0 48.44245842351552 18.372895681377923 42.94636577358226 16.97077133424967 57.29588145706036 30.486732125772342 31.870997666296578 50.01697955637084 8.904305264722828 77.38409376862646 21.318659592262662 41.5060438649353 49.850459748408824 20.443141618576416 37.03537293705688 64.78718060395255 50.96623594565858 16.937358988011365 30.13715698253497 45.52789666879508 47.7376313963028 11.204104931451619 14.240039164114709 43.06271221952353 9.43726816255518 44.606870398773204 42.90140638342479 19.529001337751453 41.28787289557571
43.33629109119767 54.57488448933088 48.50943670565502 78.01242552244432 41.51995181708844 45.64318878273383 93.27284513379179 70.67336734597481 48.01266484967881 67.63330145234924 62.98382195908287 67.53811660078595 69.78433836245082 48.6674485354898 60.696759955653405 67.16307500114137 48.44245842351552 0.0 37.9422179197083 5.819619469520898 37.32041883708589 59.93700807612667 26.416623728899427 69.120482258526 37.825518644904484 39.84777691310355 82.76131731095255 28.914028062004043 35.92326623509428 72.72530034528252 62.53729815115391 60.09880908199516 71.3789741389481 62.412291329453716 45.65459121705601 32.247616744856884 63.3008774605175 5.018537229671927 38.27369725477042 41.60104240715076 37.59387377882142 51.861960311395066 92.84122399375107 65.39185970956909 40.32626145074379 39.97462374816138
31.22259374979573 54.89888130585397 23.3160791361691 48.93707047989267 23.927379928082427 14.136697066939384 101.73390705452724 43.18702261672228 39.83757121384742 57.661817118738185 35.841567944526226 66.99703185352372 76.823640531841 36.95207355975719 39.163873478785106 68.69470488896265 18.372895681377923 37.9422179197083 0.0 33.56827394787058 24.25763299488327 66.93559247925207 13.874780652236181 49.726983483602204 31.64513236179652 11.796248453075371 89.01992788163767 9.924491892232762 23.135267979664395 65.17364393421958 38.69674321662646 51.51186737326032 76.20162649430313 62.97073224016692 29.968116992092284 34.26745964496999 59.091273833313004 35.59594164237545 17.482681801027947 24.98580743277889 47.89928536589355 15.993635864532285 60.16301434274423 57.69276462660856 3.1117571835490594 23.128964216266528
37.55705945516808 49.72924618530304 46.47867013063576 72.25957960421908 40.2017654576544 40.30227135132994 89.9262129566583 64.89719483592906 42.43016047400982 62.20107204239916 57.22461325576334 62.83186100404207 65.97669147765018 42.954400380737546 54.87739606305965 62.66186324335184 42.94636577358226 5.819619469520898 33.56827394787058 0.0 31.501299080800187 55.95421291900563 23.316788690573283 63.33759713762258 38.03473511804139 34.48055942545267 79.01665048015185 24.122031629226285 34.838615928546076 67.49584279541794 56.72412132799949 54.66617178244195 67.31376349878808 57.73592265713095 39.84098769550342 26.83147351830921 58.21128203817495 8.134939502424874 32.597972577116785 35.78569885367228 33.37771270818222 46.808467553499206 87.2151384645933 60.07622385793459 36.152277541181 38.644931028249296
7.754439845660764 30.643247195608136 47.454401914663016 41.32699524256023 46.61634851857533 17.325323155299845 77.53241919057459 33.78648961962975 15.959563958145122 35.329923746663766 26.372504097662343 42.86128400808352 52.69530189232527 13.981393234208497 23.397598101410658 44.45478641659653 16.97077133424967 37.32041883708589 24.25763299488327 31.501299080800187 0.0 42.9675340815579 29.429925312380334 32.37464676829968 51.71270859142014 13.873472164900386 64.77641391562125 19.196756195460374 44.0773500999423 42.30997355706992 25.266541034415987 28.425131927117185 51.95881789308937 38.73194357994876 8.63256541498156 13.166884517613298 35.2610778295596 38.19950256094888 7.3570216534236295 4.379745240426308 26.307275425447042 25.415178331597836 57.25913460218355 34.61141072939929 27.03694439927056 45.48568659588999
37.45533288058346 13.879854622429253 89.64430437143699 63.75357785429577 87.35505352189749 59.22515124392745 35.20004510987608 57.52208446931002 29.680447860483273 28.22804192388501 54.55294482053174 13.6249797971123 10.260103231558961 33.9063500200981 45.42887766178005 10.606780298806465 57.29588145706036 59.93700807612667 66.93559247925207 55.95421291900563 42.9675340815579 0.0 68.40205915398089 43.51155690352092 89.89503691208127 56.7741970160499 23.25854835186619 59.866745638952 83.65081144618972 26.004977855905 49.20507563685718 25.731307699691396 11.474457981957743 10.781127421133009 40.37280040583261 33.71306957435111 18.565851012253606 63.95392120685838 50.26030951975993 43.68643559997202 22.62844993562537 66.69713483091545 80.60191509695169 24.28554917050108 69.84490360964563 86.01686225676934
37.18073479827335 58.17786076865481 23.75824931566166 61.7727242691856 19.215658625379895 26.47728961908707 103.59852495516603 55.492774850296684 45.1711459431973 64.75139761315273 47.83616783814194 71.15653132949626 78.62948018552612 43.39746441513674 49.431599821491034 72.18510354425969 30.486732125772342 26.416623728899427 13.874780652236181 23.316788690573283 29.429925312380334 68.40205915398089 0.0 59.71052786558655 22.33359774982398 22.03475245570263 91.42315553901463 10.44652151268419 15.26716673203888 71.70821223082439 49.72980798855076 57.82650534907974 78.77886936461006 66.57627313172472 37.27511276453256 34.713656187364926 64.21960640872629 23.12098213875162 25.016134959943837 31.990198107691125 46.96292213992036 29.804159654843694 73.81900903331237 63.99078148995617 15.27182665495986 17.78266495196618
25.784449843538734 30.980313440514152 71.50137485481665 20.583126151667116 73.612550587749 35.96342841723362 68.74375421943945 15.750544539305466 23.056074581587332 16.679151082555425 17.253203724827276 33.54526175011315 48.80550149142269 20.878658839209937 10.572530524055704 37.119534399757704 31.870997666296578 69.120482258526 49.726983483602204 63.33759713762258 32.37464676829968 43.51155690352092 59.71052786558655 0.0 80.9746381443813 38.305736212694434 56.167820733113835 49.342075139413474 72.6367721442931 23.483020927931896 11.981121672618281 17.950499893772005 45.59402082424475 33.28807731560283 23.749158195666215 38.46402899180518 25.395205459478554 70.43356985630588 34.763633237239645 28.568141507136655 43.53946795738534 39.26663288707701 37.10325038007421 19.988486712610793 51.271879390424495 72.85414316120426
59.44918849740274 80.28488816335177 19.12312268622408 80.1294801007547 10.788148521965844 45.78154345776431 124.98102497645759 74.72647139693645 67.50250781353597 86.98966466188932 67.47303961217374 93.3573475469558 100.154831652706 65.64686220849002 70.48417348330074 94.25649121178573 50.01697955637084 37.825518644904484 31.64513236179652 38.03473511804139 51.71270859142014 89.89503691208127 22.33359774982398 80.9746381443813 0.0 42.6734555114208 113.08195221637914 32.553782331755706 8.558799134169366 94.01713822418836 70.26140153890799 80.13244886370951 100.57067739681683 88.69875150153766 59.334449697901746 56.47643304471392 86.53802189811785 32.883726009222315 46.79541991955425 54.04677050775508 67.81037570051757 46.18122631169657 89.62471983399485 86.3065771269215 30.900366873091713 10.351860576685695
19.955932762234124 44.118676058848884 34.92168123196658 40.10969464760387 35.63566913609316 5.829102999746191 91.10003428897163 33.55621636821262 28.562079134603756 45.886884042763995 25.840419283270407 55.7647331050794 66.38819864035997 25.394209586613382 27.813643715838626 57.66971097745215 8.904305264722828 39.84777691310355 11.796248453075371 34.48055942545267 13.873472164900386 56.7741970160499 22.03475245570263 38.305736212694434 42.6734555114208 0.0 78.24619234852959 12.455758460523272 34.338978175803646 53.4366296961441 27.789902948827997 39.851643799743364 65.45204461185692 51.95906589207351 18.315387140046848 25.978238993233145 47.64186623300134 38.93413604540704 6.523587453662278 13.572845712442822 39.636949181542136 13.244952305225773 53.46997999748733 46.007953014293626 14.032067800900643 34.75949664222245
58.35675243661441 34.148301258048065 112.06680946730751 76.51731479428528 110.22282491529104 79.90832001244013 13.036611300041866 71.77234849170766 49.88752381781121 39.547525128769934 70.89631863941239 23.582157488480533 13.05685756407288 53.63825947307422 61.605002189666685 20.856865362783722 77.38409376862646 82.76131731095255 89.01992788163767 79.01665048015185 64.77641391562125 23.25854835186619 91.42315553901463 56.167820733113835 113.08195221637914 78.24619234852959 0.0 82.56188005037178 106.68931651037613 33.01108317651093 65.11518896829425 41.357465085326766 12.818316151957296 26.433768262847256 60.66402795020832 56.71618837555925 32.46881311706042 86.93873144472275 71.84464809118673 64.75563105369629 45.827057863251135 86.79310911010134 91.81595828592368 36.7465672602075 91.81131093492567 108.91973155446341
26.90957298988737 48.82577865014629 29.934810868459728 52.562836336932996 27.7560951883977 17.723978271367002 95.00175215527383 45.93440042883433 35.096547348682066 54.435889492220184 38.17301947520279 61.56588236870413 69.98555316552677 33.09608635960606 39.147024848240534 62.83003501049066 21.318659592262662 28.914028062004043 9.924491892232762 24.122031629226285 19.196756195460374 59.866745638952 10.44652151268419 49.342075139413474 32.553782331755706 12.455758460523272 82.56188005037178 0.0 24.89716068380355 61.501563281065025 39.63860423497607 47.618146643659294 69.80405085225254 57.15423534450446 26.849856406315258 26.325796039279503 54.310185411948424 27.248840991974443 14.596121971232916 21.560857168337822 39.524493568886626 23.04045921435491 65.69451193120658 53.80770330227203 12.888764318825478 26.53033343552858
51.7536728954277 73.39091107261663 13.97356431016531 71.57856352248803 5.7122595311970175 37.26896994310133 118.84151525946602 66.17182456487167 59.99367533291131 79.18063823703946 58.938242535464674 86.30542979663821 93.8847369507845 57.89881406554173 62.115511816859595 87.40479654343868 41.5060438649353 35.92326623509428 23.135267979664395 34.838615928546076 44.0773500999423 83.65081144618972 15.26716673203888 72.6367721442931 8.558799134169366 34.338978175803646 106.68931651037613 24.89716068380355 0.0 86.34950573955086 61.80384055735741 72.47463216147536 94.04505194322977 81.77721554045675 51.401429721940964 49.97670724741626 79.19038089980147 31.339731733896137 38.76022666189668 46.134544675066245 62.03920118406129 37.65884061676173 81.27614713878394 78.67333970390587 22.341730284496563 4.254672552839105
34.59816059122769 19.668796114340957 88.34464000973438 43.560991481466495 88.5979114231251 53.260807593051894 45.353767006674936 39.230234051077666 26.61838558066232 7.848902296506083 39.52124492817744 12.770833622526846 27.70946908394974 28.46497765048652 30.643047981779066 16.466221704374384 49.850459748408824 72.72530034528252 65.17364393421958 67.49584279541794 42.30997355706992 26.004977855905 71.70821223082439 23.483020927931896 94.01713822418836 53.4366296961441 33.01108317651093 61.501563281065025 86.34950573955086 0.0 33.71394512576418 13.885094858369651 23.8112928496765 15.546750856049554 35.23223213611588 40.745479795860476 9.952449232851018 75.50523869588062 47.8994285157631 40.37427460660477 37.830429640933566 58.73005301341711 58.87658602809701 7.7339351516950225 67.45022179174971 87.55280692914867
20.814795741688034 35.51840694485135 59.839052563642376 17.008046700426668 62.388387401272865 24.647082384488282 78.00624028093812 9.450050746395464 22.44639726292082 26.08739164709141 5.826365797863414 41.67413163674343 56.170955365039035 18.586199427332886 3.787076304495491 44.890846346693465 20.443141618576416 62.53729815115391 38.69674321662646 56.72412132799949 25.266541034415987 49.20507563685718 49.72980798855076 11.981121672618281 70.26140153890799 27.789902948827997 65.11518896829425 39.63860423497607 61.80384055735741 33.71394512576418 0.0 24.10847449041393 53.548016012363256 40.138514023852764 17.514799519173827 34.82042870348473 32.86453233906293 63.124158714823814 25.50061523940616 20.941584915542155 43.41618346595022 27.335799280140353 34.10315286512454 28.401042168193925 39.97204635489584 61.71835334532853
20.721007506998085 13.09881076242813 74.7669130600904 38.02244662683728 74.78733692042256 40.14557401458058 54.358413400070546 31.90536701502604 12.830120024904268 7.535809715985748 29.769476812790103 17.777284604950108 32.07241100683392 14.630373054465132 20.447588669283938 20.82703461924184 37.03537293705688 60.09880908199516 51.51186737326032 54.66617178244195 28.425131927117185 25.731307699691396 57.82650534907974 17.950499893772005 80.13244886370951 39.851643799743364 41.357465085326766 47.618146643659294 72.47463216147536 13.885094858369651 24.10847449041393 0.0 29.478527317760218 16.064357124312572 21.548717149752 27.85397246403767 8.889455930762214 62.537152379344604 34.1350228632644 26.59478938364392 28.120082382436596 46.23492887511405 54.932416798545034 6.2089194175712485 53.88360347997227 73.72326723728814
45.59127696746665 21.33919794235913 99.25828037231292 66.16946773671339 97.49764523955756 67.21254042015201 25.67334122023896 60.82827806767627 37.17452683443424 28.984504164629236 59.24329072043673 12.055417230221732 4.3756192623914965 41.01620933224665 49.91953714598209 8.657246310942842 64.78718060395255 71.3789741389481 76.20162649430313 67.31376349878808 51.95881789308937 11.474457981957743 78.77886936461006 45.59402082424475 100.57067739681683 65.45204461185692 12.818316151957296 69.80405085225254 94.04505194322977 23.8112928496765 53.548016012363256 29.478527317760218 0.0 13.863556129954096 47.98402322417117 44.115492308285766 20.689948059391284 75.34528753890403 59.038447640529526 51.984808983058784 33.9387723790663 74.21477238379806 82.21104513346545 25.648109046409605 78.99441502473103 96.20791123770796
32.014837032285065 8.415748073913527 86.18242339894253 53.761854773239016 84.90930087401937 53.47907081328544 39.430812203733275 47.90691727870586 23.48133443960361 17.51768489825171 45.73761934532129 5.141542082125532 16.042651051171855 27.207658102393545 36.43821376028518 5.7239834655627915 50.96623594565858 62.412291329453716 62.97073224016692 57.73592265713095 38.73194357994876 10.781127421133009 66.57627313172472 33.28807731560283 88.69875150153766 51.95906589207351 26.433768262847256 57.15423534450446 81.77721554045675 15.546750856049554 40.138514023852764 16.064357124312572 13.863556129954096 0.0 34.23325965627406 32.4796053661618 7.948452910799724 65.87063397735402 45.630072624342795 38.415598650939955 25.252601151647507 60.3854347120982 70.36567501282664 13.62676329372603 65.68127020901909 83.67895653590021
3.7831323878905683 26.908445281032158 53.21995875841722 34.24945953958375 53.40755041620178 19.246119808564277 73.63977792338657 26.607690972019928 10.832600352739973 27.838192303262527 19.82682267350081 37.71975151025438 49.378264779848124 7.140414391332013 15.145581034981769 39.876789687702946 16.937358988011365 45.65459121705601 29.968116992092284 39.84098769550342 8.63256541498156 40.37280040583261 37.27511276453256 23.749158195666215 59.334449697901746 18.315387140046848 60.66402795020832 26.849856406315258 51.401429721940964 35.23223213611588 17.514799519173827 21.548717149752 47.98402322417117 34.23325965627406 0.0 17.582042614681768 29.401744643226653 46.74049923639921 12.69876873150122 5.290551168419265 28.14870505638343 26.36377718807992 50.86983836707459 27.724676741926125 32.34346652894027 52.39703530356798
14.027234750415058 24.10036827325476 56.249493410865824 51.73772152336878 53.64714910763804 30.2426742469828 68.91230505798232 44.09768926647333 16.012178918210086 35.38951528766863 37.402553438338046 37.35314913839336 43.923101605950315 17.59971820359527 31.96851177704865 37.908133296242816 30.13715698253497 32.247616744856884 34.26745964496999 26.83147351830921 13.166884517613298 33.71306957435111 34.713656187364926 38.46402899180518 56.47643304471392 25.978238993233145 56.71618837555925 26.325796039279503 49.97670724741626 40.745479795860476 34.82042870348473 27.85397246403767 44.115492308285766 32.4796053661618 17.582042614681768 0.0 31.72164496749886 34.777125075738816 19.85986441772095 16.56814623442921 13.73941878603269 38.3821545856163 68.45084159154742 33.26128234949648 37.32414451303337 52.304362362265664
27.882934673290844 9.728814349772499 82.40727772525304 45.922763613946 81.87641942116235 48.433225741645906 45.47448000411231 40.25413908964125 19.32150265695024 9.676906299132463 38.580579854613156 8.887832489533343 23.53513888375519 22.268646499767247 29.25863434353437 12.036788798849045 45.52789666879508 63.3008774605175 59.091273833313004 58.21128203817495 35.2610778295596 18.565851012253606 64.21960640872629 25.395205459478554 86.53802189811785 47.64186623300134 32.46881311706042 54.310185411948424 79.19038089980147 9.952449232851018 32.86453233906293 8.889455930762214 20.689948059391284 7.948452910799724 29.401744643226653 31.72164496749886 0.0 66.28691800173911 41.60894308851059 34.12619093720768 27.887211384026745 54.8275672434025 62.44225804941947 5.719726730379349 61.61659888814049 80.73577406255893
44.75726429755309 57.858487349207266 44.26771210048355 78.05524756507552 36.99333504799118 44.617056393544274 97.66894196567033 70.87693145774624 50.140624692675814 70.06396522797714 63.10757687802801 70.96676022522885 73.91821091468185 50.389276670957706 61.554557125468136 70.78532281646669 47.7376313963028 5.018537229671927 35.59594164237545 8.134939502424874 38.19950256094888 63.95392120685838 23.12098213875162 70.43356985630588 32.883726009222315 38.93413604540704 86.93873144472275 27.248840991974443 31.339731733896137 75.50523869588062 63.124158714823814 62.537152379344604 75.34528753890403 65.87063397735402 46.74049923639921 34.777125075738816 66.28691800173911 0.0 38.186036058960596 42.33190375755663 41.42914146434965 50.274488361008245 92.33375779957244 68.03756805947921 37.733766948140655 35.46134239204994
13.744644658244 37.6992496981704 40.7987341031495 39.87134478358041 40.71193178055431 10.434216684323793 84.66589476381 32.72272419912855 22.36711196763113 40.53694617867783 24.934223027234264 49.555825777087605 59.90807327532246 19.5225158340801 24.678818831546593 51.35009666162183 11.204104931451619 38.27369725477042 17.482681801027947 32.597972577116785 7.3570216534236295 50.26030951975993 25.016134959943837 34.763633237239645 46.79541991955425 6.523587453662278 71.84464809118673 14.596121971232916 38.76022666189668 47.8994285157631 25.50061523940616 34.1350228632644 59.038447640529526 45.630072624342795 12.69876873150122 19.85986441772095 41.60894308851059 38.186036058960596 0.0 7.541310873841682 33.377712708182266 18.56871458592251 54.633744212907615 40.33605838165804 20.074661323413565 39.69833940377434
6.401759382708446 30.687556539635082 48.2949362483241 36.94936951641054 48.2245067427738 15.56878336459034 77.6534182645722 29.406784492954635 14.989549938503226 33.06424940084654 22.0087334025249 42.192414730992176 53.07834763691787 11.982256147729775 19.22597393500934 44.11854615691179 14.240039164114709 41.60104240715076 24.98580743277889 35.78569885367228 4.379745240426308 43.68643559997202 31.990198107691125 28.568141507136655 54.04677050775508 13.572845712442822 64.75563105369629 21.560857168337822 46.134544675066245 40.37427460660477 20.941584915542155 26.59478938364392 51.984808983058784 38.415598650939955 5.290551168419265 16.56814623442921 34.12619093720768 42.33190375755663 7.541310873841682 0.0 28.92124493550782 23.32279598850572 52.945918866657166 32.797275885998666 27.492545031010245 47.19059978525173
24.382114769408666 18.267976294341345 69.40675947311192 60.28595114851939 66.15448993612955 43.6231889818364 57.269046961798956 52.851930291982406 21.152842532573942 34.90501333326601 47.221658743117466 30.385864294745907 32.77158710560032 24.831176536345286 39.96331483577806 29.66324904308904 43.06271221952353 37.59387377882142 47.89928536589355 33.37771270818222 26.307275425447042 22.62844993562537 46.96292213992036 43.53946795738534 67.81037570051757 39.636949181542136 45.827057863251135 39.524493568886626 62.03920118406129 37.830429640933566 43.41618346595022 28.120082382436596 33.9387723790663 25.252601151647507 28.14870505638343 13.73941878603269 27.887211384026745 41.42914146434965 33.377712708182266 28.92124493550782 0.0 51.7224446274475 77.50236230184174 31.61287816295613 50.976280694854765 64.74106183370881
29.291606515468327 53.265413762431734 33.01450002695033 34.04763810555005 36.8945486913697 8.141497681220136 99.81055700038382 29.30102557882189 37.17884492318613 50.888031032885365 22.94405687206131 63.502739987635614 75.72840444726677 33.202402999208175 29.096384769407624 65.94061910218298 9.43726816255518 51.861960311395066 15.993635864532285 46.808467553499206 25.415178331597836 66.69713483091545 29.804159654843694 39.26663288707701 46.18122631169657 13.244952305225773 86.79310911010134 23.04045921435491 37.65884061676173 58.73005301341711 27.335799280140353 46.23492887511405 74.21477238379806 60.3854347120982 26.36377718807992 38.3821545856163 54.8275672434025 50.274488361008245 18.56871458592251 23.32279598850572 51.7224446274475 0.0 44.21625579252503 51.98550526733755 15.56264989691291 36.540241334777484
54.47066626765251 67.75083898665164 73.64224891933227 17.29285406286599 79.54806444998316 47.97093603080203 103.76408354625016 24.6553534167653 56.43319621716424 53.29653477517626 31.08265760117761 70.26812884140783 85.65525254532602 52.68256478026058 37.55362307614624 73.93841808738759 44.606870398773204 92.84122399375107 60.16301434274423 87.2151384645933 57.25913460218355 80.60191509695169 73.81900903331237 37.10325038007421 89.62471983399485 53.46997999748733 91.81595828592368 65.69451193120658 81.27614713878394 58.87658602809701 34.10315286512454 54.932416798545034 82.21104513346545 70.36567501282664 50.86983836707459 68.45084159154742 62.44225804941947 92.33375779957244 54.633744212907615 52.945918866657166 77.50236230184174 44.21625579252503 0.0 56.90591992381192 59.713903858137776 79.50933115248077
26.921908130114804 14.270888660154025 80.92908885973083 40.57031036327438 80.99589705766962 46.13599975457184 49.606860765415696 35.211889717574834 18.88445092315672 3.9860758038689106 34.20594436278798 13.593745507608139 28.820367899078853 20.83863093306389 24.97279782327509 17.131807150980617 42.90140638342479 65.39185970956909 57.69276462660856 60.07622385793459 34.61141072939929 24.28554917050108 63.99078148995617 19.988486712610793 86.3065771269215 46.007953014293626 36.7465672602075 53.80770330227203 78.67333970390587 7.7339351516950225 28.401042168193925 6.2089194175712485 25.648109046409605 13.62676329372603 27.724676741926125 33.26128234949648 5.719726730379349 68.03756805947921 40.33605838165804 32.797275885998666 31.61287816295613 51.98550526733755 56.90591992381192 0.0 60.03892571157726 79.93213817507791
33.80611405266755 57.67010898007498 20.895127522899237 49.260480380413185 22.417223935852668 15.33976575662921 104.56391583032556 43.857542571281975 42.43242947030231 59.864149083728634 36.73361468522735 69.6294896282132 79.68829206473211 39.40080533907729 40.70106187523355 71.4040099424916 19.529001337751453 40.32626145074379 3.1117571835490594 36.152277541181 27.03694439927056 69.84490360964563 15.27182665495986 51.271879390424495 30.900366873091713 14.032067800900643 91.81131093492567 12.888764318825478 22.341730284496563 67.45022179174971 39.97204635489584 53.88360347997227 78.99441502473103 65.68127020901909 32.34346652894027 37.32414451303337 61.61659888814049 37.733766948140655 20.074661323413565 27.492545031010245 50.976280694854765 15.56264989691291 59.713903858137776 60.03892571157726 0.0 21.78651048194263
53.04398815572478 75.33649471381348 9.839616534085554 70.5871794392968 1.5571006818722126 37.07181965044351 121.21437826392942 65.51999907487203 61.44516636955076 80.23521656444957 58.5023648282845 88.09264342607693 96.21385453707167 59.09712694035165 62.288209007971325 89.34742219539227 41.28787289557571 39.97462374816138 23.128964216266528 38.644931028249296 45.48568659588999 86.01686225676934 17.78266495196618 72.85414316120426 10.351860576685695 34.75949664222245 108.91973155446341 26.53033343552858 4.254672552839105 87.55280692914867 61.71835334532853 73.72326723728814 96.20791123770796 83.67895653590021 52.39703530356798 52.304362362265664 80.73577406255893 35.46134239204994 39.69833940377434 47.19059978525173 64.74106183370881 36.540241334777484 79.50933115248077 79.93213817507791 21.78651048194263 0.0
