0 82 104 108 67 121 81 97 56 78 124 76 94 69 123 98 63 108 62 107 4 40 90 79 78 132 81 91 95 73 116 73 115 71 107 95 44 115 48 122 27 10 11 27 44 61 79 96 113 131 28 13 13 28 45 62 79 96 113 131 35 25 25 35 50 65 82 99 115 132 46 39 39 46 58 72 87 103 119 136 58 53 53 58 68 80 94 109 124 140 71 67 67 71 79 90 102 116 130 146 85 81 81 84 91 100 112 124 138 152 99 95 95 98 104 112 122 134 146 160 112 109 109 112 117 124 133 144 156 168 126 124 123 125 130 136 145 155 166 178
82 0 23 131 47 137 110 72 57 11 43 8 58 115 53 20 19 110 109 137 81 52 9 85 65 137 108 73 54 18 35 11 85 116 53 18 44 101 50 124 90 87 88 91 98 107 118 131 144 158 77 73 74 78 86 96 108 122 136 151 63 59 60 65 74 86 100 114 129 145 50 45 46 53 64 77 92 108 124 140 38 31 32 42 55 70 86 103 119 136 28 17 20 33 49 66 83 100 117 134 24 6 12 29 47 64 81 99 116 133 27 15 18 32 48 65 82 99 116 134 36 28 30 40 54 69 85 102 119 136 48 42 43 51 62 76 91 107 123 139
104 23 0 145 62 149 126 80 75 29 22 29 66 133 43 14 41 120 129 152 103 73 15 99 78 147 124 83 60 36 15 32 89 135 53 17 65 108 70 133 112 109 110 113 119 126 136 147 159 172 98 95 96 99 106 114 125 137 150 164 84 81 82 86 93 103 115 128 142 156 70 67 68 73 82 93 106 120 134 150 57 53 54 60 71 83 97 112 128 144 44 38 40 49 61 75 91 107 123 140 32 24 27 39 54 70 86 103 120 137 24 11 17 32 49 66 83 101 118 135 23 7 14 31 48 66 83 100 118 135 29 20 24 36 52 68 85 102 119 136
108 131 145 0 85 14 28 70 77 136 154 124 84 44 128 132 123 32 50 12 105 92 138 47 67 32 28 65 89 137 147 122 74 42 103 129 99 54 88 33 135 117 100 83 66 50 33 20 16 28 134 116 99 82 64 47 30 13 6 23 134 117 100 83 66 49 32 18 14 26 136 119 103 86 70 54 40 30 27 35 140 123 107 91 76 62 50 42 41 46 145 129 113 98 84 72 62 56 55 59 150 135 121 107 94 83 75 69 68 72 157 143 129 116 105 95 87 83 82 85 165 151 138 126 116 107 100 97 96 98 174 161 149 137 128 120 114 110 110 111
67 47 62 85 0 91 64 35 15 52 76 40 28 72 62 50 40 65 68 91 64 27 54 39 21 93 62 32 28 54 68 38 52 74 41 47 27 61 19 80 87 76 67 62 62 66 74 85 98 112 78 65 55 48 48 53 63 76 90 105 70 56 43 35 34 41 54 68 84 100 65 49 33 21 20 31 46 63 79 96 62 45 28 11 9 26 43 60 77 95 63 46 29 14 13 27 44 61 78 95 67 51 37 26 25 35 49 64 81 97 73 59 47 39 39 45 57 71 86 102 81 69 59 53 53 58 67 79 93 107 91 80 72 67 67 71 78 89 101 115
121 137 149 14 91 0 40 71 85 143 156 130 85 58 128 136 130 30 63 24 117 101 143 53 72 18 40 67 91 144 149 129 71 56 104 133 108 50 96 24 147 130 113 96 79 63 47 33 24 26 145 128 111 94 76 59 42 26 12 15 145 128 110 93 76 59 41 24 8 13 146 129 112 95 78 61 45 30 20 22 149 132 115 98 82 67 52 40 33 34 152 136 120 104 89 74 62 52 46 47 157 141 126 111 97 84 73 64 60 61 163 148 133 119 106 94 84 77 74 74 170 155 141 128 116 105 97 91 87 88 178 164 150 138 127 117 109 104 101 101
81 110 126 28 64 40 0 60 54 114 138 102 71 22 116 114 99 37 25 29 77 66 117 30 50 53 3 53 76 114 130 100 70 21 91 110 74 56 63 48 107 90 73 56 40 24 15 21 36 52 106 89 72 54 37 20 2 16 33 50 107 90 73 56 40 24 14 21 36 52 110 93 77 61 46 34 28 32 43 57 114 98 83 69 56 46 42 44 53 65 120 105 91 78 67 59 56 58 64 75 127 113 100 88 79 72 70 71 77 85 136 122 110 100 91 86 83 85 89 97 145 132 121 112 104 99 97 98 102 109 155 143 133 124 118 113 111 112 115 121
97 72 80 70 35 71 60 0 42 81 86 67 15 77 59 67 72 41 76 79 93 60 78 31 19 67 57 8 21 84 79 66 19 77 34 64 61 29 51 54 120 106 94 85 77 73 74 78 85 96 111 97 84 73 64 60 60 65 74 86 104 89 75 62 52 46 46 53 64 77 99 83 67 52 40 32 33 42 55 70 96 79 62 46 30 19 20 33 48 65 94 77 60 42 25 8 11 28 45 63 95 78 61 44 27 14 15 30 47 64 97 81 65 49 35 26 27 38 52 67 102 86 71 58 46 40 41 48 60 74 108 94 80 68 59 54 54 60 69 82
56 57 75 77 15 85 54 42 0 61 90 50 40 59 77 64 46 62 54 81 53 20 65 33 23 90 52 37 41 61 82 47 60 60 56 60 24 63 12 78 78 65 54 48 47 52 62 74 89 104 71 56 43 34 33 40 52 67 82 98 66 49 34 21 19 30 45 61 78 95 64 46 29 12 8 24 42 59 76 93 64 47 31 16 13 26 43 60 77 94 68 52 38 27 26 34 48 64 80 96 74 60 48 41 39 46 57 70 85 101 83 70 60 54 53 58 67 79 92 107 92 82 73 68 67 71 78 89 101 114 103 94 86 82 81 84 90 99 110 123
78 11 29 136 52 143 114 81 61 0 50 14 67 117 64 29 17 117 111 141 77 52 14 91 72 145 112 81 63 8 43 15 94 119 63 28 44 109 52 131 84 82 85 90 99 109 121 135 149 163 70 68 71 78 87 99 112 127 142 157 56 54 58 66 77 90 105 120 136 152 42 40 45 55 68 83 98 114 131 147 29 26 33 46 61 77 94 110 127 144 18 12 24 40 57 74 91 108 125 143 15 5 22 39 56 73 90 108 125 142 23 19 28 42 59 75 92 109 126 143 35 33 39 50 64 80 96 112 129 146 49 47 51 60 72 86 101 117 133 149
124 43 22 154 76 156 138 86 90 50 0 49 72 148 35 27 62 127 144 162 123 91 37 110 88 152 136 90 66 57 9 52 91 149 54 31 84 112 87 138 133 130 129 131 135 141 149 158 169 181 119 116 115 117 122 129 137 147 159 171 105 102 101 104 109 116 126 137 149 162 92 88 87 90 96 104 115 127 140 154 78 74 73 76 83 93 105 118 132 147 65 60 59 63 72 83 96 110 125 141 53 46 45 50 61 74 88 103 119 135 41 32 31 39 51 66 82 98 115 132 32 19 17 29 45 61 78 95 112 129 28 11 7 25 42 59 76 94 111 128
76 8 29 124 40 130 102 67 50 14 49 0 54 107 55 23 14 103 102 129 75 45 16 78 59 131 100 68 49 19 41 4 81 109 51 20 37 95 43 118 86 82 81 84 91 100 111 123 137 151 73 68 67 71 79 89 101 115 129 144 60 54 53 58 67 79 93 107 123 139 48 40 39 46 57 71 86 101 118 134 37 26 25 35 48 64 80 97 114 131 30 15 12 27 43 60 77 95 112 129 28 12 9 25 42 60 77 94 111 129 34 22 20 31 46 62 79 96 113 130 43 35 34 41 53 68 83 100 116 133 55 49 48 53 63 76 90 105 121 137
94 58 66 84 28 85 71 15 40 67 72 54 0 85 46 52 61 56 83 92 91 55 63 41 23 82 68 20 6 72 65 54 27 86 21 50 55 43 47 68 115 103 94 86 82 81 84 90 99 110 105 93 82 73 68 67 70 78 88 100 97 83 71 60 54 53 57 66 78 91 90 75 61 49 41 39 45 56 69 84 85 69 53 38 27 25 34 47 63 79 82 65 48 31 16 12 26 42 59 76 81 64 47 30 13 7 24 41 58 75 83 66 50 34 22 19 29 44 61 77 87 72 57 43 34 33 39 52 66 82 94 79 66 55 48 46 51 61 74 88
69 115 133 44 72 58 22 77 59 117 148 107 85 0 130 122 101 59 8 39 66 66 123 46 63 73 24 70 90 116 139 105 89 3 106 118 74 76 65 69 95 77 60 43 26 9 11 28 45 62 96 79 62 46 31 20 21 33 48 65 100 84 68 53 41 33 33 42 55 70 105 90 76 63 52 47 47 53 64 77 112 98 85 74 65 60 61 66 74 86 120 107 95 85 78 74 74 78 86 96 129 117 107 98 91 88 88 91 98 107 139 128 118 111 105 102 102 105 110 118 150 140 131 124 119 116 116 118 123 130 161 152 143 137 132 130 130 132 136 142
123 53 43 128 62 128 116 59 77 64 35 55 46 130 0 35 68 99 127 137 121 85 52 87 67 122 114 65 41 70 32 57 59 131 25 36 80 81 78 109 138 131 126 123 123 125 129 135 144 153 125 118 112 109 109 111 116 123 132 143 113 105 98 95 95 97 103 111 121 133 102 92 85 81 81 84 90 100 111 123 91 80 72 67 67 71 78 89 101 115 81 69 59 53 53 58 67 79 93 108 73 59 47 39 39 46 57 71 86 102 66 51 36 26 25 35 49 65 81 98 63 46 29 14 13 27 44 61 78 95 62 45 28 11 10 26 43 60 78 95
98 20 14 132 50 136 114 67 64 29 27 23 52 122 35 0 37 107 118 139 97 64 17 86 65 134 111 70 47 36 19 26 76 124 40 4 57 95 60 120 109 104 103 104 109 115 124 134 146 159 95 90 89 90 95 103 113 124 137 150 82 77 75 77 82 91 102 115 128 143 69 63 60 63 70 80 93 106 121 136 57 49 46 50 58 70 84 99 115 131 47 36 32 37 48 62 78 94 110 127 38 24 18 26 40 56 73 90 107 124 34 17 4 19 36 54 71 88 105 123 36 20 11 22 38 55 72 89 106 123 42 30 25 31 44 59 75 92 108 125
63 19 41 123 40 130 99 72 46 17 62 14 61 101 68 37 0 105 95 127 62 36 27 78 61 133 97 71 57 15 54 12 87 103 61 34 28 100 37 120 72 68 69 74 83 93 106 120 134 150 59 54 55 61 71 84 98 113 128 144 46 40 42 50 62 76 91 107 123 139 34 26 28 39 54 69 86 102 119 136 25 13 17 32 49 66 83 100 117 134 23 6 13 30 47 65 82 99 117 134 29 19 22 35 50 67 84 101 118 135 39 33 34 44 57 72 88 104 121 137 52 47 48 55 66 79 94 109 125 141 65 61 62 67 76 88 101 116 131 146
108 110 120 32 65 30 37 41 62 117 127 103 56 59 99 107 105 0 62 43 104 81 116 30 45 29 36 38 62 119 120 102 42 58 74 104 86 22 74 16 134 118 102 87 73 60 51 46 48 55 130 113 96 80 65 50 39 33 35 45 127 110 93 76 59 43 28 19 23 36 125 108 91 74 56 39 22 6 15 32 126 109 91 74 57 40 24 11 17 33 128 111 94 77 61 45 32 24 27 39 131 114 98 83 68 54 43 38 40 49 136 120 104 90 76 64 56 52 53 60 142 127 112 98 86 76 69 65 67 72 149 134 121 108 97 88 82 79 80 85
62 109 129 50 68 63 25 76 54 111 144 102 83 8 127 118 95 62 0 46 59 60 118 45 61 78 27 69 87 110 135 99 89 10 103 114 69 78 60 73 88 70 53 36 19 3 17 35 52 69 89 72 56 39 25 17 24 38 54 71 93 77 61 47 36 31 35 46 60 75 98 83 69 57 48 45 48 56 68 82 106 92 79 69 61 59 61 68 78 90 114 101 90 81 75 73 74 80 89 99 124 112 102 94 89 86 88 93 100 110 134 123 114 107 102 100 102 106 112 121 145 135 127 120 116 114 115 119 125 133 156 147 140 134 130 128 129 132 137 144
107 137 152 12 91 24 29 79 81 141 162 129 92 39 137 139 127 43 46 0 103 95 144 53 74 42 30 73 98 142 154 127 84 37 112 136 102 65 91 44 132 115 98 80 63 46 29 12 8 25 133 115 98 81 64 47 30 15 13 26 135 118 101 84 68 52 37 27 25 34 138 121 105 89 74 60 48 40 39 45 142 126 111 96 82 69 59 53 52 57 148 133 118 104 91 80 72 67 66 70 155 140 127 114 102 92 85 80 80 83 163 149 136 124 113 104 98 94 94 96 171 158 146 135 125 117 111 108 107 109 181 168 157 146 137 130 125 122 121 123
4 81 103 105 64 117 77 93 53 77 123 75 91 66 121 97 62 104 59 103 0 38 89 76 75 128 77 88 92 72 115 72 111 68 104 93 42 112 45 119 30 14 9 24 41 58 75 93 110 127 31 15 10 25 41 58 76 93 110 127 37 26 23 32 46 62 78 95 112 129 47 39 37 43 54 68 83 99 115 132 59 52 51 56 65 76 90 105 120 136 71 66 65 69 76 86 99 112 127 142 85 80 79 82 88 97 108 121 134 149 98 94 93 96 101 109 119 130 143 156 112 108 108 110 114 121 130 141 152 165 126 122 122 123 127 134 142 151 162 174
40 52 73 92 27 101 66 60 20 52 91 45 55 66 85 64 36 81 60 95 38 0 60 51 42 108 65 56 55 50 82 42 78 68 67 60 9 82 9 96 61 49 42 41 47 58 71 86 102 118 52 38 28 27 36 49 65 81 97 114 47 30 16 14 27 44 61 78 95 112 45 28 11 8 25 42 60 77 94 111 48 33 20 19 30 45 62 79 95 113 55 42 33 32 40 52 67 83 99 115 64 53 47 46 51 62 74 89 104 120 75 66 60 60 64 72 84 97 111 126 87 79 74 74 77 84 94 106 119 133 99 92 88 88 91 97 105 116 128 141
90 9 15 138 54 143 117 78 65 14 37 16 63 123 52 17 27 116 118 144 89 60 0 92 72 143 115 79 58 21 29 19 89 125 55 17 52 106 58 130 97 95 96 100 107 116 126 138 151 165 83 80 82 87 94 104 116 129 143 158 69 66 68 74 83 94 107 121 136 151 56 52 54 61 72 85 99 114 130 146 43 38 41 50 63 77 93 109 125 142 31 24 28 40 56 72 88 105 122 139 22 10 18 34 51 68 86 103 120 137 20 6 17 34 51 68 85 103 120 137 28 20 25 38 54 70 87 104 121 138 39 34 37 47 61 76 91 108 124 141
79 85 99 47 39 53 30 31 33 91 110 78 41 46 87 86 78 30 45 53 76 51 92 0 22 57 27 24 47 92 102 76 45 47 62 83 57 37 45 46 105 89 74 61 50 43 43 49 60 74 100 83 67 52 39 30 30 38 52 67 97 80 63 46 30 17 17 30 46 62 96 79 61 44 27 9 9 26 44 61 97 80 63 46 30 17 17 30 46 62 100 83 67 52 39 30 30 38 52 67 105 89 74 61 50 43 43 49 60 74 111 97 83 71 62 57 57 62 71 82 119 106 93 83 75 71 70 74 82 92 128 115 104 95 88 85 84 88 94 103
78 65 78 67 21 72 50 19 23 72 88 59 23 63 67 65 61 45 61 74 75 42 72 22 0 73 48 14 27 74 81 58 37 65 43 62 45 41 34 60 101 88 76 66 60 59 63 70 81 94 94 79 65 54 47 45 50 59 72 86 88 72 57 43 33 31 38 50 65 80 84 67 50 35 21 17 28 43 59 76 82 65 48 31 13 6 23 40 57 74 83 66 49 33 18 13 25 41 58 75 86 70 54 40 29 27 34 47 63 79 92 76 62 50 42 40 46 56 69 84 99 85 72 62 56 54 58 67 78 91 107 94 83 75 69 68 71 78 88 100
132 137 147 32 93 18 53 67 90 145 152 131 82 73 122 134 133 29 78 42 128 108 143 57 73 0 53 65 88 147 146 130 63 72 99 131 114 41 102 14 158 141 125 108 93 77 63 51 42 40 155 138 121 104 87 71 55 41 30 26 153 136 119 102 84 67 50 34 19 13 153 135 118 101 84 66 49 32 14 4 154 136 119 102 85 68 51 35 21 16 156 139 122 105 89 73 57 43 33 30 159 142 126 110 94 79 65 54 46 44 163 147 131 116 101 88 75 65 59 57 169 153 138 124 110 97 86 78 72 71 175 160 146 132 119 108 98 90 86 85
81 108 124 28 62 40 3 57 52 112 136 100 68 24 114 111 97 36 27 30 77 65 115 27 48 53 0 51 73 112 128 98 68 24 89 108 73 53 61 46 107 90 73 57 40 26 17 24 38 54 106 89 71 54 37 20 4 17 34 51 106 89 72 55 38 22 12 20 35 52 109 92 76 59 44 32 25 30 42 57 113 97 81 67 54 44 39 42 51 64 119 103 89 76 65 56 53 55 62 73 126 111 98 86 76 70 67 69 74 84 134 120 108 97 89 83 81 82 87 95 143 130 119 109 102 97 95 96 100 107 153 141 131 122 115 110 109 109 113 119
91 73 83 65 32 67 53 8 37 81 90 68 20 70 65 70 71 38 69 73 88 56 79 24 14 65 51 0 25 84 83 67 24 70 40 67 58 29 47 51 115 101 89 78 70 66 67 71 80 91 107 93 79 67 58 53 53 59 69 81 101 85 70 57 45 39 40 47 59 73 97 80 64 48 34 25 26 37 51 67 94 77 60 43 26 12 15 30 47 64 94 77 59 42 25 8 12 29 46 63 95 79 62 46 31 20 21 34 49 66 99 83 67 53 41 33 34 43 56 71 105 89 75 62 52 47 48 54 65 78 112 98 85 73 65 61 61 66 75 87
95 54 60 89 28 91 76 21 41 63 66 49 6 90 41 47 57 62 87 98 92 55 58 47 27 88 73 25 0 67 59 49 32 91 16 44 54 49 47 74 114 104 95 88 85 85 89 95 104 116 104 92 82 75 71 71 75 83 94 106 95 82 70 62 57 57 63 72 84 97 88 73 60 49 43 44 51 62 75 90 82 66 51 38 29 30 40 53 69 85 78 61 44 29 16 18 31 48 64 81 77 59 42 25 7 11 28 45 63 80 78 61 44 28 16 18 31 48 64 81 82 66 51 38 29 30 40 53 69 85 88 73 60 49 43 44 51 62 75 90
73 18 36 137 54 144 114 84 61 8 57 19 72 116 70 36 15 119 110 142 72 50 21 92 74 147 112 84 67 0 50 18 98 118 69 35 42 112 51 134 77 77 80 87 96 108 121 134 149 164 63 63 67 75 86 98 112 127 142 158 49 48 54 64 76 90 105 121 137 153 35 34 42 54 68 84 100 116 133 150 22 21 32 46 63 79 96 113 130 147 12 9 26 43 60 77 94 112 129 146 14 12 27 43 60 78 95 112 129 147 26 25 35 49 64 81 97 114 131 148 40 39 46 57 71 86 102 118 134 151 54 53 58 67 79 93 108 123 139 155
116 35 15 147 68 149 130 79 82 43 9 41 65 139 32 19 54 120 135 154 115 82 29 102 81 146 128 83 59 50 0 44 85 141 48 23 75 106 78 132 125 122 121 123 127 133 141 150 161 173 111 108 107 109 113 120 129 140 151 164 98 94 93 95 100 108 118 129 142 156 84 80 79 81 88 96 107 120 133 148 71 66 65 68 75 85 98 111 126 141 59 52 50 55 64 76 89 104 120 135 47 38 36 42 53 67 82 98 115 131 37 25 22 31 45 61 77 94 111 128 31 15 9 24 40 58 75 92 109 127 31 15 9 24 40 58 75 92 109 126
73 11 32 122 38 129 100 66 47 15 52 4 54 105 57 26 12 102 99 127 72 42 19 76 58 130 98 67 49 18 44 0 81 107 52 23 34 95 40 117 83 79 78 81 88 97 108 121 135 149 70 65 64 68 76 86 99 113 127 143 57 51 50 55 65 77 91 106 121 137 45 37 36 43 55 69 84 100 116 133 35 24 22 32 47 63 79 96 113 130 29 13 10 26 42 60 77 94 111 129 29 13 11 26 43 60 77 94 111 129 36 25 23 33 47 63 80 96 113 130 46 38 37 44 55 69 84 100 117 133 58 52 51 56 65 77 91 106 122 138
115 85 89 74 52 71 70 19 60 94 91 81 27 89 59 76 87 42 89 84 111 78 89 45 37 63 68 24 32 98 85 81 0 90 38 74 79 22 69 50 138 124 112 102 93 87 84 85 90 97 129 115 102 90 81 74 71 72 77 85 122 107 93 80 69 61 57 58 64 74 116 100 85 70 58 48 43 45 53 64 112 95 79 63 48 36 29 32 42 56 109 92 75 58 41 26 15 20 35 51 108 91 73 56 39 21 4 14 31 49 109 92 75 58 41 25 14 19 34 51 111 95 78 62 47 35 28 31 42 56 116 100 84 70 57 47 42 44 52 64
71 116 135 42 74 56 21 77 60 119 149 109 86 3 131 124 103 58 10 37 68 68 125 47 65 72 24 70 91 118 141 107 90 0 107 120 76 76 67 68 97 79 62 45 28 11 9 26 43 60 98 81 65 48 33 21 20 31 47 63 102 86 70 55 43 34 34 41 54 68 107 92 78 65 54 48 47 53 63 76 114 100 87 75 66 61 61 65 74 85 122 109 97 87 79 75 75 78 85 95 131 119 108 99 93 89 89 92 98 106 141 130 120 112 106 103 102 105 110 118 152 141 132 125 120 117 116 118 123 130 163 153 145 138 133 131 130 132 136 142
107 53 53 103 41 104 91 34 56 63 54 51 21 106 25 40 61 74 103 112 104 67 55 62 43 99 89 40 16 69 48 52 38 107 0 39 65 58 59 85 125 116 108 103 100 101 104 110 119 129 114 103 95 89 86 87 91 98 108 119 104 92 82 76 72 73 78 86 97 109 94 81 70 62 58 60 66 75 87 101 86 72 59 49 44 46 54 65 79 94 80 64 49 37 31 33 43 57 72 88 76 59 42 27 17 21 35 51 67 84 74 57 39 22 5 14 31 48 66 83 75 58 41 25 13 19 33 50 67 84 78 62 47 34 27 30 41 55 71 87
95 18 17 129 47 133 110 64 60 28 31 20 50 118 36 4 34 104 114 136 93 60 17 83 62 131 108 67 44 35 23 23 74 120 39 0 53 92 56 117 106 101 99 101 105 111 120 131 143 156 92 87 85 87 92 99 109 121 134 147 79 73 71 73 79 88 99 111 125 140 67 60 57 59 66 77 89 103 118 133 55 46 43 46 55 67 81 96 112 128 45 34 29 33 45 59 75 91 108 124 38 23 14 23 38 54 71 88 105 122 35 18 1 18 35 52 69 87 104 121 38 23 15 23 38 54 71 88 105 122 46 34 29 34 45 59 75 91 108 125
44 44 65 99 27 108 74 61 24 44 84 37 55 74 80 57 28 86 69 102 42 9 52 57 45 114 73 58 54 42 75 34 79 76 65 53 0 86 13 102 61 52 47 48 55 66 80 94 110 126 51 39 33 35 44 58 73 88 105 121 44 29 19 22 35 51 68 84 101 118 40 23 6 14 31 48 65 83 100 117 41 25 12 17 32 49 66 83 100 117 47 33 25 28 39 54 70 86 103 120 56 45 39 41 49 61 76 91 107 123 66 58 53 55 61 71 84 98 113 128 78 71 68 68 74 82 93 106 120 134 91 85 82 82 87 94 104 115 128 142
115 101 108 54 61 50 56 29 63 109 112 95 43 76 81 95 100 22 78 65 112 82 106 37 41 41 53 29 49 112 106 95 22 76 58 92 86 0 74 28 140 125 111 98 86 76 70 67 69 75 134 118 103 88 75 64 57 54 56 63 129 112 96 81 66 53 44 40 43 52 125 108 91 75 59 44 32 26 31 43 123 106 88 71 54 38 22 12 21 36 122 105 88 70 53 36 18 3 17 35 123 106 89 72 55 39 25 17 24 38 126 109 93 76 61 47 35 30 35 46 130 114 98 83 69 57 48 44 47 56 135 120 105 91 79 68 61 58 60 67
48 50 70 88 19 96 63 51 12 52 87 43 47 65 78 60 37 74 60 91 45 9 58 45 34 102 61 47 47 51 78 40 69 67 59 56 13 74 0 89 69 57 49 46 49 58 70 84 99 114 61 47 36 32 37 48 62 77 93 109 55 39 25 18 25 40 56 72 89 106 52 35 17 4 19 36 53 70 88 105 53 36 20 11 21 37 54 71 88 106 58 43 31 25 31 44 59 75 91 108 65 52 43 40 43 53 66 80 96 112 75 64 56 54 56 64 75 88 102 117 85 76 70 68 70 76 85 97 110 124 97 89 84 82 84 89 97 107 119 132
122 124 133 33 80 24 48 54 78 131 138 118 68 69 109 120 120 16 73 44 119 96 130 46 60 14 46 51 74 134 132 117 50 68 85 117 102 28 89 0 148 132 116 100 85 72 59 51 47 49 145 128 111 95 79 63 49 38 33 36 142 125 108 91 74 57 41 27 19 25 141 123 106 89 72 54 37 20 6 17 141 124 106 89 72 55 38 21 9 18 143 125 109 92 75 59 43 30 23 28 145 129 112 96 80 65 52 42 37 40 150 133 118 102 88 74 63 54 51 53 155 139 124 110 96 84 74 67 64 66 161 146 132 119 106 95 86 81 78 79
27 90 112 135 87 147 107 120 78 84 133 86 115 95 138 109 72 134 88 132 30 61 97 105 101 158 107 115 114 77 125 83 138 97 125 106 61 140 69 148 0 18 35 52 70 87 104 122 139 156 15 23 38 54 71 88 105 122 140 157 29 34 45 60 75 91 108 125 142 159 43 47 55 68 82 97 113 129 145 162 58 60 67 77 90 104 119 134 150 166 72 74 80 88 99 112 126 140 156 171 86 88 93 100 110 122 134 148 162 177 100 102 106 112 121 132 144 156 170 184 115 116 119 125 133 143 154 166 179 192 129 130 133 138 145 154 164 176 188 201
10 87 109 117 76 130 90 106 65 82 130 82 103 77 131 104 68 118 70 115 14 49 95 89 88 141 90 101 104 77 122 79 124 79 116 101 52 125 57 132 18 0 18 35 52 70 87 104 122 139 23 15 23 38 54 71 88 105 122 140 34 29 34 45 60 75 91 108 125 142 47 43 46 55 67 82 97 112 129 145 60 57 60 67 77 90 104 118 134 150 74 72 73 79 88 99 112 126 140 155 88 86 87 92 100 110 121 134 148 162 102 100 101 105 112 121 131 143 156 170 116 114 115 119 125 133 142 153 165 178 130 128 129 132 138 145 154 164 175 187
11 88 110 100 67 113 73 94 54 85 129 81 94 60 126 103 69 102 53 98 9 42 96 74 76 125 73 89 95 80 121 78 112 62 108 99 47 111 49 116 35 18 0 18 35 52 70 87 104 122 38 23 15 23 38 54 71 88 105 122 45 34 29 34 45 60 75 91 108 125 55 46 43 46 55 67 81 97 112 129 67 60 57 60 67 77 90 104 118 134 80 73 71 73 79 88 99 112 126 140 93 87 85 87 92 99 109 121 134 148 106 101 99 101 105 112 121 131 143 156 119 115 114 115 118 124 132 142 153 165 133 129 128 129 132 137 144 153 163 175
27 91 113 83 62 96 56 85 48 90 131 84 86 43 123 104 74 87 36 80 24 41 100 61 66 108 57 78 88 87 123 81 102 45 103 101 48 98 46 100 52 35 18 0 18 35 52 70 87 104 54 38 23 15 23 38 54 71 88 105 60 45 34 29 33 45 59 75 91 108 68 55 46 43 46 55 67 81 97 112 77 67 60 57 59 66 77 89 103 118 88 79 73 71 73 79 88 99 112 125 100 92 87 85 87 91 99 109 121 134 112 105 101 99 100 105 111 120 131 143 125 119 115 113 114 118 124 132 141 152 138 132 129 127 128 131 137 144 153 163
44 98 119 66 62 79 40 77 47 99 135 91 82 26 123 109 83 73 19 63 41 47 107 50 60 93 40 70 85 96 127 88 93 28 100 105 55 86 49 85 70 52 35 18 0 18 35 52 70 87 71 54 38 23 15 23 38 54 71 88 75 60 45 33 29 33 45 59 75 91 82 67 55 46 43 46 55 67 81 96 90 77 67 59 57 59 66 77 89 103 99 88 79 73 71 73 78 87 99 111 110 100 92 87 85 86 91 99 109 120 121 112 105 100 99 100 104 111 120 130 133 125 118 114 113 114 117 123 131 141 145 138 132 128 127 127 131 136 143 152
61 107 126 50 66 63 24 73 52 109 141 100 81 9 125 115 93 60 3 46 58 58 116 43 59 77 26 66 85 108 133 97 87 11 101 111 66 76 58 72 87 70 52 35 18 0 18 35 52 70 88 71 54 38 23 14 23 38 54 71 91 75 60 45 33 28 33 45 59 75 97 82 67 55 46 42 46 55 67 81 104 90 77 66 59 56 59 66 76 89 112 99 88 79 73 70 72 78 87 98 122 110 99 91 86 84 86 91 98 108 132 121 112 105 100 98 99 104 110 119 143 133 124 118 114 112 113 117 123 131 154 145 137 131 127 126 127 130 135 143
79 118 136 33 74 47 15 74 62 121 149 111 84 11 129 124 106 51 17 29 75 71 126 43 63 63 17 67 89 121 141 108 84 9 104 120 80 70 70 59 104 87 70 52 35 18 0 18 35 52 105 88 71 54 38 23 14 23 38 54 108 91 75 59 45 33 28 33 45 59 113 97 81 67 55 46 42 46 54 67 119 104 90 77 66 59 56 59 66 76 126 112 99 88 78 72 70 72 78 87 134 121 109 99 91 86 84 85 90 98 144 131 121 111 104 99 98 99 103 110 154 142 132 124 117 113 112 113 116 122 164 154 144 137 131 127 125 126 130 135
96 131 147 20 85 33 21 78 74 135 158 123 90 28 135 134 120 46 35 12 93 86 138 49 70 51 24 71 95 134 150 121 85 26 110 131 94 67 84 51 122 104 87 70 52 35 18 0 18 35 122 105 88 71 54 38 23 14 23 38 125 108 91 75 59 45 33 28 33 45 129 112 97 81 67 55 46 42 45 54 134 118 104 89 77 66 59 56 58 65 140 126 112 99 87 78 72 70 72 77 148 134 121 109 99 91 85 83 85 90 156 143 131 120 111 104 99 97 99 103 166 153 142 132 123 117 113 111 112 116 176 164 153 144 136 130 126 125 126 129
113 144 159 16 98 24 36 85 89 149 169 137 99 45 144 146 134 48 52 8 110 102 151 60 81 42 38 80 104 149 161 135 90 43 119 143 110 69 99 47 139 122 104 87 70 52 35 18 0 18 140 122 105 88 71 54 38 23 14 23 142 125 108 91 75 59 45 33 28 33 145 129 112 97 81 67 54 45 42 45 150 134 118 103 89 76 66 58 55 58 156 140 126 112 99 87 78 72 69 71 162 148 134 121 109 98 90 85 83 85 170 156 143 131 120 110 103 99 97 98 179 165 153 141 131 123 116 112 110 112 188 175 163 153 143 135 130 126 124 125
131 158 172 28 112 26 52 96 104 163 181 151 110 62 153 159 150 55 69 25 127 118 165 74 94 40 54 91 116 164 173 149 97 60 129 156 126 75 114 49 156 139 122 104 87 70 52 35 18 0 157 140 122 105 88 71 54 38 23 14 159 142 125 108 91 75 59 45 33 28 162 145 129 112 96 81 67 54 45 42 166 150 134 118 103 89 76 65 58 55 171 155 140 125 111 98 87 77 71 69 177 162 148 134 120 108 98 90 85 83 184 170 156 143 130 119 110 103 98 96 192 178 165 152 141 131 122 116 112 110 201 187 175 163 152 143 135 129 125 124
28 77 98 134 78 145 106 111 71 70 119 73 105 96 125 95 59 130 89 133 31 52 83 100 94 155 106 107 104 63 111 70 129 98 114 92 51 134 61 145 15 23 38 54 71 88 105 122 140 157 0 18 35 52 70 87 104 122 139 156 15 23 38 54 71 88 105 122 140 157 29 34 45 60 75 91 108 125 142 159 43 47 55 68 82 97 113 129 145 162 58 60 67 77 90 104 119 134 150 166 72 74 80 88 99 112 126 140 156 171 86 88 93 100 110 122 134 148 162 177 100 102 106 112 121 132 144 156 170 184 115 116 119 125 133 143 154 166 179 192
13 73 95 116 65 128 89 97 56 68 116 68 93 79 118 90 54 113 72 115 15 38 80 83 79 138 89 93 92 63 108 65 115 81 103 87 39 118 47 128 23 15 23 38 54 71 88 105 122 140 18 0 18 35 52 70 87 104 122 139 23 15 23 38 54 71 88 105 122 140 34 29 34 45 60 75 91 108 125 142 47 43 46 55 67 82 97 112 129 145 60 57 60 67 77 90 104 118 134 150 74 72 73 79 88 99 112 126 140 155 88 86 87 92 100 110 121 134 148 162 102 100 101 105 112 121 131 143 156 170 116 114 115 119 125 133 142 153 165 178
13 74 96 99 55 111 72 84 43 71 115 67 82 62 112 89 55 96 56 98 10 28 82 67 65 121 71 79 82 67 107 64 102 65 95 85 33 103 36 111 38 23 15 23 38 54 71 88 105 122 35 18 0 18 35 52 70 87 104 122 38 23 15 23 38 54 71 88 105 122 45 34 29 34 45 60 75 91 108 125 55 46 43 46 55 67 81 97 112 129 67 60 57 60 67 77 90 104 118 134 80 73 71 73 79 88 99 112 126 140 93 87 85 87 92 99 109 121 134 148 106 101 99 101 105 112 121 131 143 156 119 115 114 115 118 124 132 142 153 165
28 78 99 82 48 94 54 73 34 78 117 71 73 46 109 90 61 80 39 81 25 27 87 52 54 104 54 67 75 75 109 68 90 48 89 87 35 88 32 95 54 38 23 15 23 38 54 71 88 105 52 35 18 0 18 35 52 70 87 104 54 38 23 15 23 38 54 71 88 105 60 45 34 29 33 45 59 75 91 108 68 55 46 43 46 55 67 81 97 112 77 67 60 57 59 66 77 89 103 118 88 79 73 71 73 79 88 99 112 125 100 92 87 85 87 91 99 109 121 134 112 105 101 99 100 105 111 120 131 143 125 119 115 113 114 118 124 132 141 152
45 86 106 64 48 76 37 64 33 87 122 79 68 31 109 95 71 65 25 64 41 36 94 39 47 87 37 58 71 86 113 76 81 33 86 92 44 75 37 79 71 54 38 23 15 23 38 54 71 88 70 52 35 18 0 18 35 52 70 87 71 54 38 23 15 23 38 54 71 88 75 60 45 33 29 33 45 59 75 91 82 67 55 46 43 46 55 67 81 96 90 77 67 59 57 59 66 77 89 103 99 88 79 73 71 73 78 87 99 111 110 100 92 87 85 86 91 99 109 120 121 112 105 100 99 100 104 111 120 130 133 125 118 114 113 114 117 123 131 141
62 96 114 47 53 59 20 60 40 99 129 89 67 20 111 103 84 50 17 47 58 49 104 30 45 71 20 53 71 98 120 86 74 21 87 99 58 64 48 63 88 71 54 38 23 14 23 38 54 71 87 70 52 35 18 0 18 35 52 70 88 71 54 38 23 14 23 38 54 71 91 75 60 45 33 28 33 45 59 75 97 82 67 55 46 42 46 55 67 81 104 90 77 66 59 56 59 66 76 89 112 99 88 79 73 70 72 78 87 98 122 110 99 91 86 84 86 91 98 108 132 121 112 105 100 98 99 104 110 119 143 133 124 118 114 112 113 117 123 131
79 108 125 30 63 42 2 60 52 112 137 101 70 21 116 113 98 39 24 30 76 65 116 30 50 55 4 53 75 112 129 99 71 20 91 109 73 57 62 49 105 88 71 54 38 23 14 23 38 54 104 87 70 52 35 18 0 18 35 52 105 88 71 54 38 23 14 23 38 54 108 91 75 59 45 33 28 33 45 59 113 97 81 67 55 46 42 46 54 67 119 104 90 77 66 59 56 59 66 76 126 112 99 88 78 72 70 72 78 87 134 121 109 99 91 86 84 85 90 98 144 131 121 111 104 99 98 99 103 110 154 142 132 124 117 113 112 113 116 122
96 122 137 13 76 26 16 65 67 127 147 115 78 33 123 124 113 33 38 15 93 81 129 38 59 41 17 59 83 127 140 113 72 31 98 121 88 54 77 38 122 105 88 71 54 38 23 14 23 38 122 104 87 70 52 35 18 0 18 35 122 105 88 71 54 38 23 14 23 38 125 108 91 75 59 45 33 28 33 45 129 112 97 81 67 55 46 42 45 54 134 118 104 89 77 66 59 56 58 65 140 126 112 99 87 78 72 70 72 77 148 134 121 109 99 91 85 83 85 90 156 143 131 120 111 104 99 97 99 103 166 153 142 132 123 117 113 111 112 116
113 136 150 6 90 12 33 74 82 142 159 129 88 48 132 137 128 35 54 13 110 97 143 52 72 30 34 69 94 142 151 127 77 47 108 134 105 56 93 33 140 122 105 88 71 54 38 23 14 23 139 122 104 87 70 52 35 18 0 18 140 122 105 88 71 54 38 23 14 23 142 125 108 91 75 59 45 33 28 33 145 129 112 97 81 67 54 45 42 45 150 134 118 103 89 76 66 58 55 58 156 140 126 112 99 87 78 72 69 71 162 148 134 121 109 98 90 85 83 85 170 156 143 131 120 110 103 99 97 98 179 165 153 141 131 123 116 112 110 112
131 151 164 23 105 15 50 86 98 157 171 144 100 65 143 150 144 45 71 26 127 114 158 67 86 26 51 81 106 158 164 143 85 63 119 147 121 63 109 36 157 140 122 105 88 71 54 38 23 14 156 139 122 104 87 70 52 35 18 0 157 140 122 105 88 71 54 38 23 14 159 142 125 108 91 75 59 45 33 28 162 145 129 112 96 81 67 54 45 42 166 150 134 118 103 89 76 65 58 55 171 155 140 125 111 98 87 77 71 69 177 162 148 134 120 108 98 90 85 83 184 170 156 143 130 119 110 103 98 96 192 178 165 152 141 131 122 116 112 110
35 63 84 134 70 145 107 104 66 56 105 60 97 100 113 82 46 127 93 135 37 47 69 97 88 153 106 101 95 49 98 57 122 102 104 79 44 129 55 142 29 34 45 60 75 91 108 125 142 159 15 23 38 54 71 88 105 122 140 157 0 18 35 52 70 87 104 122 139 156 15 23 38 54 71 88 105 122 140 157 29 34 45 60 75 91 108 125 142 159 43 47 55 68 82 97 113 129 145 162 58 60 67 77 90 104 119 134 150 166 72 74 80 88 99 112 126 140 156 171 86 88 93 100 110 122 134 148 162 177 100 102 106 112 121 132 144 156 170 184
25 59 81 117 56 128 90 89 49 54 102 54 83 84 105 77 40 110 77 118 26 30 66 80 72 136 89 85 82 48 94 51 107 86 92 73 29 112 39 125 34 29 34 45 60 75 91 108 125 142 23 15 23 38 54 71 88 105 122 140 18 0 18 35 52 70 87 104 122 139 23 15 23 38 54 71 88 105 122 140 34 29 34 45 60 75 91 108 125 142 47 43 46 55 67 82 97 112 129 145 60 57 60 67 77 90 104 118 134 150 74 72 73 79 88 99 112 126 140 155 88 86 87 92 100 110 121 134 148 162 102 100 101 105 112 121 131 143 156 170
25 60 82 100 43 110 73 75 34 58 101 53 71 68 98 75 42 93 61 101 23 16 68 63 57 119 72 70 70 54 93 50 93 70 82 71 19 96 25 108 45 34 29 34 45 60 75 91 108 125 38 23 15 23 38 54 71 88 105 122 35 18 0 18 35 52 70 87 104 122 38 23 15 23 38 54 71 88 105 122 45 34 29 34 45 60 75 91 108 125 55 46 43 46 55 67 81 97 112 129 67 60 57 60 67 77 90 104 118 134 80 73 71 73 79 88 99 112 126 140 93 87 85 87 92 99 109 121 134 148 106 101 99 101 105 112 121 131 143 156
35 65 86 83 35 93 56 62 21 66 104 58 60 53 95 77 50 76 47 84 32 14 74 46 43 102 55 57 62 64 95 55 80 55 76 73 22 81 18 91 60 45 34 29 33 45 59 75 91 108 54 38 23 15 23 38 54 71 88 105 52 35 18 0 18 35 52 70 87 104 54 38 23 15 23 38 54 71 88 105 60 45 34 29 33 45 59 75 91 108 68 55 46 43 46 55 67 81 97 112 77 67 60 57 59 66 77 89 103 118 88 79 73 71 73 79 88 99 112 125 100 92 87 85 87 91 99 109 121 134 112 105 101 99 100 105 111 120 131 143
50 74 93 66 34 76 40 52 19 77 109 67 54 41 95 82 62 59 36 68 46 27 83 30 33 84 38 45 57 76 100 65 69 43 72 79 35 66 25 74 75 60 45 33 29 33 45 59 75 91 71 54 38 23 15 23 38 54 71 88 70 52 35 18 0 18 35 52 70 87 71 54 38 23 15 23 38 54 71 88 75 60 45 33 29 33 45 59 75 91 82 67 55 46 43 46 55 67 81 96 90 77 67 59 57 59 66 77 89 103 99 88 79 73 71 73 78 87 99 111 110 100 92 87 85 86 91 99 109 120 121 112 105 100 99 100 104 111 120 130
65 86 103 49 41 59 24 46 30 90 116 79 53 33 97 91 76 43 31 52 62 44 94 17 31 67 22 39 57 90 108 77 61 34 73 88 51 53 40 57 91 75 60 45 33 28 33 45 59 75 88 71 54 38 23 14 23 38 54 71 87 70 52 35 18 0 18 35 52 70 88 71 54 38 23 14 23 38 54 71 91 75 60 45 33 28 33 45 59 75 97 82 67 55 46 42 46 55 67 81 104 90 77 66 59 56 59 66 76 89 112 99 88 79 73 70 72 78 87 98 122 110 99 91 86 84 86 91 98 108 132 121 112 105 100 98 99 104 110 119
82 100 115 32 54 41 14 46 45 105 126 93 57 33 103 102 91 28 35 37 78 61 107 17 38 50 12 40 63 105 118 91 57 34 78 99 68 44 56 41 108 91 75 59 45 33 28 33 45 59 105 88 71 54 38 23 14 23 38 54 104 87 70 52 35 18 0 18 35 52 105 88 71 54 38 23 14 23 38 54 108 91 75 59 45 33 28 33 45 59 113 97 81 67 55 46 42 46 54 67 119 104 90 77 66 59 56 59 66 76 126 112 99 88 78 72 70 72 78 87 134 121 109 99 91 86 84 85 90 98 144 131 121 111 104 99 98 99 103 110
99 114 128 18 68 24 21 53 61 120 137 107 66 42 111 115 107 19 46 27 95 78 121 30 50 34 20 47 72 121 129 106 58 41 86 111 84 40 72 27 125 108 91 75 59 45 33 28 33 45 122 105 88 71 54 38 23 14 23 38 122 104 87 70 52 35 18 0 18 35 122 105 88 71 54 38 23 14 23 38 125 108 91 75 59 45 33 28 33 45 129 112 97 81 67 55 46 42 45 54 134 118 104 89 77 66 59 56 58 65 140 126 112 99 87 78 72 70 72 77 148 134 121 109 99 91 85 83 85 90 156 143 131 120 111 104 99 97 99 103
115 129 142 14 84 8 36 64 78 136 149 123 78 55 121 128 123 23 60 25 112 95 136 46 65 19 35 59 84 137 142 121 64 54 97 125 101 43 89 19 142 125 108 91 75 59 45 33 28 33 140 122 105 88 71 54 38 23 14 23 139 122 104 87 70 52 35 18 0 18 140 122 105 88 71 54 38 23 14 23 142 125 108 91 75 59 45 33 28 33 145 129 112 97 81 67 54 45 42 45 150 134 118 103 89 76 66 58 55 58 156 140 126 112 99 87 78 72 69 71 162 148 134 121 109 98 90 85 83 85 170 156 143 131 120 110 103 99 97 98
132 145 156 26 100 13 52 77 95 152 162 139 91 70 133 143 139 36 75 34 129 112 151 62 80 13 52 73 97 153 156 137 74 68 109 140 118 52 106 25 159 142 125 108 91 75 59 45 33 28 157 140 122 105 88 71 54 38 23 14 156 139 122 104 87 70 52 35 18 0 157 140 122 105 88 71 54 38 23 14 159 142 125 108 91 75 59 45 33 28 162 145 129 112 96 81 67 54 45 42 166 150 134 118 103 89 76 65 58 55 171 155 140 125 111 98 87 77 71 69 177 162 148 134 120 108 98 90 85 83 184 170 156 143 130 119 110 103 98 96
46 50 70 136 65 146 110 99 64 42 92 48 90 105 102 69 34 125 98 138 47 45 56 96 84 153 109 97 88 35 84 45 116 107 94 67 40 125 52 141 43 47 55 68 82 97 113 129 145 162 29 34 45 60 75 91 108 125 142 159 15 23 38 54 71 88 105 122 140 157 0 18 35 52 70 87 104 122 139 156 15 23 38 54 71 88 105 122 140 157 29 34 45 60 75 91 108 125 142 159 43 47 55 68 82 97 113 129 145 162 58 60 67 77 90 104 119 134 150 166 72 74 80 88 99 112 126 140 156 171 86 88 93 100 110 122 134 148 162 177
39 45 67 119 49 129 93 83 46 40 88 40 75 90 92 63 26 108 83 121 39 28 52 79 67 135 92 80 73 34 80 37 100 92 81 60 23 108 35 123 47 43 46 55 67 82 97 112 129 145 34 29 34 45 60 75 91 108 125 142 23 15 23 38 54 71 88 105 122 140 18 0 18 35 52 70 87 104 122 139 23 15 23 38 54 71 88 105 122 140 34 29 34 45 60 75 91 108 125 142 47 43 46 55 67 82 97 112 129 145 60 57 60 67 77 90 104 118 134 150 74 72 73 79 88 99 112 126 140 155 88 86 87 92 100 110 121 134 148 162
39 46 68 103 33 112 77 67 29 45 87 39 61 76 85 60 28 91 69 105 37 11 54 61 50 118 76 64 60 42 79 36 85 78 70 57 6 91 17 106 55 46 43 46 55 67 81 97 112 129 45 34 29 34 45 60 75 91 108 125 38 23 15 23 38 54 71 88 105 122 35 18 0 18 35 52 70 87 104 122 38 23 15 23 38 54 71 88 105 122 45 34 29 34 45 60 75 91 108 125 55 46 43 46 55 67 81 97 112 129 67 60 57 60 67 77 90 104 118 134 80 73 71 73 79 88 99 112 126 140 93 87 85 87 92 99 109 121 134 148
46 53 73 86 21 95 61 52 12 55 90 46 49 63 81 63 39 74 57 89 43 8 61 44 35 101 59 48 49 54 81 43 70 65 62 59 14 75 4 89 68 55 46 43 46 55 67 81 97 112 60 45 34 29 33 45 59 75 91 108 54 38 23 15 23 38 54 71 88 105 52 35 18 0 18 35 52 70 87 104 54 38 23 15 23 38 54 71 88 105 60 45 34 29 33 45 59 75 91 108 68 55 46 43 46 55 67 81 97 112 77 67 60 57 59 66 77 89 103 118 88 79 73 71 73 79 88 99 112 125 100 92 87 85 87 91 99 109 121 134
58 64 82 70 20 78 46 40 8 68 96 57 41 52 81 70 54 56 48 74 54 25 72 27 21 84 44 34 43 68 88 55 58 54 58 66 31 59 19 72 82 67 55 46 43 46 55 67 81 96 75 60 45 33 29 33 45 59 75 91 71 54 38 23 15 23 38 54 71 88 70 52 35 18 0 18 35 52 70 87 71 54 38 23 15 23 38 54 71 88 75 60 45 33 29 33 45 59 75 91 82 67 55 46 43 46 55 67 81 96 90 77 67 59 57 59 66 77 89 103 99 88 79 73 71 73 78 87 99 111 110 100 92 87 85 86 91 99 109 120
72 77 93 54 31 61 34 32 24 83 104 71 39 47 84 80 69 39 45 60 68 42 85 9 17 66 32 25 44 84 96 69 48 48 60 77 48 44 36 54 97 82 67 55 46 42 46 55 67 81 91 75 60 45 33 28 33 45 59 75 88 71 54 38 23 14 23 38 54 71 87 70 52 35 18 0 18 35 52 70 88 71 54 38 23 14 23 38 54 71 91 75 60 45 33 28 33 45 59 75 97 82 67 55 46 42 46 55 67 81 104 90 77 66 59 56 59 66 76 89 112 99 88 79 73 70 72 78 87 98 122 110 99 91 86 84 86 91 98 108
87 92 106 40 46 45 28 33 42 98 115 86 45 47 90 93 86 22 48 48 83 60 99 9 28 49 25 26 51 100 107 84 43 47 66 89 65 32 53 37 113 97 81 67 55 46 42 46 54 67 108 91 75 59 45 33 28 33 45 59 105 88 71 54 38 23 14 23 38 54 104 87 70 52 35 18 0 18 35 52 105 88 71 54 38 23 14 23 38 54 108 91 75 59 45 33 28 33 45 59 113 97 81 67 55 46 42 46 54 67 119 104 90 77 66 59 56 59 66 76 126 112 99 88 78 72 70 72 78 87 134 121 109 99 91 86 84 85 90 98
103 108 120 30 63 30 32 42 59 114 127 101 56 53 100 106 102 6 56 40 99 77 114 26 43 32 30 37 62 116 120 100 45 53 75 103 83 26 70 20 129 112 97 81 67 55 46 42 45 54 125 108 91 75 59 45 33 28 33 45 122 105 88 71 54 38 23 14 23 38 122 104 87 70 52 35 18 0 18 35 122 105 88 71 54 38 23 14 23 38 125 108 91 75 59 45 33 28 33 45 129 112 97 81 67 55 46 42 45 54 134 118 104 89 77 66 59 56 58 65 140 126 112 99 87 78 72 70 72 77 148 134 121 109 99 91 85 83 85 90
119 124 134 27 79 20 43 55 76 131 140 118 69 64 111 121 119 15 68 39 115 94 130 44 59 14 42 51 75 133 133 116 53 63 87 118 100 31 88 6 145 129 112 97 81 67 54 45 42 45 142 125 108 91 75 59 45 33 28 33 140 122 105 88 71 54 38 23 14 23 139 122 104 87 70 52 35 18 0 18 140 122 105 88 71 54 38 23 14 23 142 125 108 91 75 59 45 33 28 33 145 129 112 97 81 67 54 45 42 45 150 134 118 103 89 76 66 58 55 58 156 140 126 112 99 87 78 72 69 71 162 148 134 121 109 98 90 85 83 85
136 140 150 35 96 22 57 70 93 147 154 134 84 77 123 136 136 32 82 45 132 111 146 61 76 4 57 67 90 150 148 133 64 76 101 133 117 43 105 17 162 145 129 112 96 81 67 54 45 42 159 142 125 108 91 75 59 45 33 28 157 140 122 105 88 71 54 38 23 14 156 139 122 104 87 70 52 35 18 0 157 140 122 105 88 71 54 38 23 14 159 142 125 108 91 75 59 45 33 28 162 145 129 112 96 81 67 54 45 42 166 150 134 118 103 89 76 65 58 55 171 155 140 125 111 98 87 77 71 69 177 162 148 134 120 108 98 90 85 83
58 38 57 140 62 149 114 96 64 29 78 37 85 112 91 57 25 126 106 142 59 48 43 97 82 154 113 94 82 22 71 35 112 114 86 55 41 123 53 141 58 60 67 77 90 104 119 134 150 166 43 47 55 68 82 97 113 129 145 162 29 34 45 60 75 91 108 125 142 159 15 23 38 54 71 88 105 122 140 157 0 18 35 52 70 87 104 122 139 156 15 23 38 54 71 88 105 122 140 157 29 34 45 60 75 91 108 125 142 159 43 47 55 68 82 97 113 129 145 162 58 60 67 77 90 104 119 134 150 166 72 74 80 88 99 112 126 140 156 171
53 31 53 123 45 132 98 79 47 26 74 26 69 98 80 49 13 109 92 126 52 33 38 80 65 136 97 77 66 21 66 24 95 100 72 46 25 106 36 124 60 57 60 67 77 90 104 118 134 150 47 43 46 55 67 82 97 112 129 145 34 29 34 45 60 75 91 108 125 142 23 15 23 38 54 71 88 105 122 140 18 0 18 35 52 70 87 104 122 139 23 15 23 38 54 71 88 105 122 140 34 29 34 45 60 75 91 108 125 142 47 43 46 55 67 82 97 112 129 145 60 57 60 67 77 90 104 118 134 150 74 72 73 79 88 99 112 126 140 155
53 32 54 107 28 115 83 62 31 33 73 25 53 85 72 46 17 91 79 111 51 20 41 63 48 119 81 60 51 32 65 22 79 87 59 43 12 88 20 106 67 60 57 60 67 77 90 104 118 134 55 46 43 46 55 67 81 97 112 129 45 34 29 34 45 60 75 91 108 125 38 23 15 23 38 54 71 88 105 122 35 18 0 18 35 52 70 87 104 122 38 23 15 23 38 54 71 88 105 122 45 34 29 34 45 60 75 91 108 125 55 46 43 46 55 67 81 97 112 129 67 60 57 60 67 77 90 104 118 134 80 73 71 73 79 88 99 112 126 140
58 42 60 91 11 98 69 46 16 46 76 35 38 74 67 50 32 74 69 96 56 19 50 46 31 102 67 43 38 46 68 32 63 75 49 46 17 71 11 89 77 67 60 57 59 66 77 89 103 118 68 55 46 43 46 55 67 81 97 112 60 45 34 29 33 45 59 75 91 108 54 38 23 15 23 38 54 71 88 105 52 35 18 0 18 35 52 70 87 104 54 38 23 15 23 38 54 71 88 105 60 45 34 29 33 45 59 75 91 108 68 55 46 43 46 55 67 81 97 112 77 67 60 57 59 66 77 89 103 118 88 79 73 71 73 79 88 99 112 125
68 55 71 76 9 82 56 30 13 61 83 48 27 65 67 58 49 57 61 82 65 30 63 30 13 85 54 26 29 63 75 47 48 66 44 55 32 54 21 72 90 77 67 59 57 59 66 77 89 103 82 67 55 46 43 46 55 67 81 96 75 60 45 33 29 33 45 59 75 91 71 54 38 23 15 23 38 54 71 88 70 52 35 18 0 18 35 52 70 87 71 54 38 23 15 23 38 54 71 88 75 60 45 33 29 33 45 59 75 91 82 67 55 46 43 46 55 67 81 96 90 77 67 59 57 59 66 77 89 103 99 88 79 73 71 73 78 87 99 111
80 70 83 62 26 67 46 19 26 77 93 64 25 60 71 70 66 40 59 69 76 45 77 17 6 68 44 12 30 79 85 63 36 61 46 67 49 38 37 55 104 90 77 66 59 56 59 66 76 89 97 82 67 55 46 42 46 55 67 81 91 75 60 45 33 28 33 45 59 75 88 71 54 38 23 14 23 38 54 71 87 70 52 35 18 0 18 35 52 70 88 71 54 38 23 14 23 38 54 71 91 75 60 45 33 28 33 45 59 75 97 82 67 55 46 42 46 55 67 81 104 90 77 66 59 56 59 66 76 89 112 99 88 79 73 70 72 78 87 98
94 86 97 50 43 52 42 20 43 94 105 80 34 61 78 84 83 24 61 59 90 62 93 17 23 51 39 15 40 96 98 79 29 61 54 81 66 22 54 38 119 104 90 77 66 59 56 59 66 76 113 97 81 67 55 46 42 46 54 67 108 91 75 59 45 33 28 33 45 59 105 88 71 54 38 23 14 23 38 54 104 87 70 52 35 18 0 18 35 52 105 88 71 54 38 23 14 23 38 54 108 91 75 59 45 33 28 33 45 59 113 97 81 67 55 46 42 46 54 67 119 104 90 77 66 59 56 59 66 76 126 112 99 88 78 72 70 72 78 87
109 103 112 42 60 40 44 33 60 110 118 97 47 66 89 99 100 11 68 53 105 79 109 30 40 35 42 30 53 113 111 96 32 65 65 96 83 12 71 21 134 118 104 89 77 66 59 56 58 65 129 112 97 81 67 55 46 42 45 54 125 108 91 75 59 45 33 28 33 45 122 105 88 71 54 38 23 14 23 38 122 104 87 70 52 35 18 0 18 35 122 105 88 71 54 38 23 14 23 38 125 108 91 75 59 45 33 28 33 45 129 112 97 81 67 55 46 42 45 54 134 118 104 89 77 66 59 56 58 65 140 126 112 99 87 78 72 70 72 77
124 119 128 41 77 33 53 48 77 127 132 114 63 74 101 115 117 17 78 52 120 95 125 46 57 21 51 47 69 130 126 113 42 74 79 112 100 21 88 9 150 134 118 103 89 76 66 58 55 58 145 129 112 97 81 67 54 45 42 45 142 125 108 91 75 59 45 33 28 33 140 122 105 88 71 54 38 23 14 23 139 122 104 87 70 52 35 18 0 18 140 122 105 88 71 54 38 23 14 23 142 125 108 91 75 59 45 33 28 33 145 129 112 97 81 67 54 45 42 45 150 134 118 103 89 76 66 58 55 58 156 140 126 112 99 87 78 72 69 71
140 136 144 46 95 34 65 65 94 144 147 131 79 86 115 131 134 33 90 57 136 113 142 62 74 16 64 64 85 147 141 130 56 85 94 128 117 36 106 18 166 150 134 118 103 89 76 65 58 55 162 145 129 112 96 81 67 54 45 42 159 142 125 108 91 75 59 45 33 28 157 140 122 105 88 71 54 38 23 14 156 139 122 104 87 70 52 35 18 0 157 140 122 105 88 71 54 38 23 14 159 142 125 108 91 75 59 45 33 28 162 145 129 112 96 81 67 54 45 42 166 150 134 118 103 89 76 65 58 55 171 155 140 125 111 98 87 77 71 69
71 28 44 145 63 152 120 94 68 18 65 30 82 120 81 47 23 128 114 148 71 55 31 100 83 156 119 94 78 12 59 29 109 122 80 45 47 122 58 143 72 74 80 88 99 112 126 140 156 171 58 60 67 77 90 104 119 134 150 166 43 47 55 68 82 97 113 129 145 162 29 34 45 60 75 91 108 125 142 159 15 23 38 54 71 88 105 122 140 157 0 18 35 52 70 87 104 122 139 156 15 23 38 54 71 88 105 122 140 157 29 34 45 60 75 91 108 125 142 159 43 47 55 68 82 97 113 129 145 162 58 60 67 77 90 104 119 134 150 166
67 17 38 129 46 136 105 77 52 12 60 15 65 107 69 36 6 111 101 133 66 42 24 83 66 139 103 77 61 9 52 13 92 109 64 34 33 105 43 125 74 72 73 79 88 99 112 126 140 155 60 57 60 67 77 90 104 118 134 150 47 43 46 55 67 82 97 112 129 145 34 29 34 45 60 75 91 108 125 142 23 15 23 38 54 71 88 105 122 140 18 0 18 35 52 70 87 104 122 139 23 15 23 38 54 71 88 105 122 140 34 29 34 45 60 75 91 108 125 142 47 43 46 55 67 82 97 112 129 145 60 57 60 67 77 90 104 118 134 150
67 20 40 113 29 120 91 60 38 24 59 12 48 95 59 32 13 94 90 118 65 33 28 67 49 122 89 59 44 26 50 10 75 97 49 29 25 88 31 109 80 73 71 73 79 88 99 112 126 140 67 60 57 60 67 77 90 104 118 134 55 46 43 46 55 67 81 97 112 129 45 34 29 34 45 60 75 91 108 125 38 23 15 23 38 54 71 88 105 122 35 18 0 18 35 52 70 87 104 122 38 23 15 23 38 54 71 88 105 122 45 34 29 34 45 60 75 91 108 125 55 46 43 46 55 67 81 97 112 129 67 60 57 60 67 77 90 104 118 134
71 33 49 98 14 104 78 42 27 40 63 27 31 85 53 37 30 77 81 104 69 32 40 52 33 105 76 42 29 43 55 26 58 87 37 33 28 70 25 92 88 79 73 71 73 79 88 99 112 125 77 67 60 57 59 66 77 89 103 118 68 55 46 43 46 55 67 81 97 112 60 45 34 29 33 45 59 75 91 108 54 38 23 15 23 38 54 71 88 105 52 35 18 0 18 35 52 70 87 104 54 38 23 15 23 38 54 71 88 105 60 45 34 29 33 45 59 75 91 108 68 55 46 43 46 55 67 81 97 112 77 67 60 57 59 66 77 89 103 118
79 49 61 84 13 89 67 25 26 57 72 43 16 78 53 48 47 61 75 91 76 40 56 39 18 89 65 25 16 60 64 42 41 79 31 45 39 53 31 75 99 88 79 73 71 73 78 87 99 111 90 77 67 59 57 59 66 77 89 103 82 67 55 46 43 46 55 67 81 96 75 60 45 33 29 33 45 59 75 91 71 54 38 23 15 23 38 54 71 88 70 52 35 18 0 18 35 52 70 87 71 54 38 23 15 23 38 54 71 88 75 60 45 33 29 33 45 59 75 91 82 67 55 46 43 46 55 67 81 96 90 77 67 59 57 59 66 77 89 103
90 66 75 72 27 74 59 8 34 74 83 60 12 74 58 62 65 45 73 80 86 52 72 30 13 73 56 8 18 77 76 60 26 75 33 59 54 36 44 59 112 99 88 79 73 70 72 78 87 98 104 90 77 66 59 56 59 66 76 89 97 82 67 55 46 42 46 55 67 81 91 75 60 45 33 28 33 45 59 75 88 71 54 38 23 14 23 38 54 71 87 70 52 35 18 0 18 35 52 70 88 71 54 38 23 14 23 38 54 71 91 75 60 45 33 28 33 45 59 75 97 82 67 55 46 42 46 55 67 81 104 90 77 66 59 56 59 66 76 89
102 83 91 62 44 62 56 11 48 91 96 77 26 74 67 78 82 32 74 72 99 67 88 30 25 57 53 12 31 94 89 77 15 75 43 75 70 18 59 43 126 112 99 88 78 72 70 72 78 87 119 104 90 77 66 59 56 59 66 76 113 97 81 67 55 46 42 46 54 67 108 91 75 59 45 33 28 33 45 59 105 88 71 54 38 23 14 23 38 54 104 87 70 52 35 18 0 18 35 52 105 88 71 54 38 23 14 23 38 54 108 91 75 59 45 33 28 33 45 59 113 97 81 67 55 46 42 46 54 67 119 104 90 77 66 59 56 59 66 76
116 100 107 56 61 52 58 28 64 108 110 95 42 78 79 94 99 24 80 67 112 83 105 38 41 43 55 29 48 112 104 94 20 78 57 91 86 3 75 30 140 126 112 99 87 78 72 70 72 77 134 118 104 89 77 66 59 56 58 65 129 112 97 81 67 55 46 42 45 54 125 108 91 75 59 45 33 28 33 45 122 105 88 71 54 38 23 14 23 38 122 104 87 70 52 35 18 0 18 35 122 105 88 71 54 38 23 14 23 38 125 108 91 75 59 45 33 28 33 45 129 112 97 81 67 55 46 42 45 54 134 118 104 89 77 66 59 56 58 65
130 117 123 55 78 46 64 45 80 125 125 112 59 86 93 110 117 27 89 66 127 99 122 52 58 33 62 46 64 129 120 111 35 85 72 108 103 17 91 23 156 140 126 112 99 87 78 72 69 71 150 134 118 103 89 76 66 58 55 58 145 129 112 97 81 67 54 45 42 45 142 125 108 91 75 59 45 33 28 33 140 122 105 88 71 54 38 23 14 23 139 122 104 87 70 52 35 18 0 18 140 122 105 88 71 54 38 23 14 23 142 125 108 91 75 59 45 33 28 33 145 129 112 97 81 67 54 45 42 45 150 134 118 103 89 76 66 58 55 58
146 134 140 59 95 47 75 63 96 143 141 129 76 96 108 127 134 39 99 70 142 115 139 67 75 30 73 63 81 146 135 129 51 95 88 124 120 35 108 28 171 155 140 125 111 98 87 77 71 69 166 150 134 118 103 89 76 65 58 55 162 145 129 112 96 81 67 54 45 42 159 142 125 108 91 75 59 45 33 28 157 140 122 105 88 71 54 38 23 14 156 139 122 104 87 70 52 35 18 0 157 140 122 105 88 71 54 38 23 14 159 142 125 108 91 75 59 45 33 28 162 145 129 112 96 81 67 54 45 42 166 150 134 118 103 89 76 65 58 55
85 24 32 150 67 157 127 95 74 15 53 28 81 129 73 38 29 131 124 155 85 64 22 105 86 159 126 95 77 14 47 29 108 131 76 38 56 123 65 145 86 88 93 100 110 122 134 148 162 177 72 74 80 88 99 112 126 140 156 171 58 60 67 77 90 104 119 134 150 166 43 47 55 68 82 97 113 129 145 162 29 34 45 60 75 91 108 125 142 159 15 23 38 54 71 88 105 122 140 157 0 18 35 52 70 87 104 122 139 156 15 23 38 54 71 88 105 122 140 157 29 34 45 60 75 91 108 125 142 159 43 47 55 68 82 97 113 129 145 162
81 6 24 135 51 141 113 78 60 5 46 12 64 117 59 24 19 114 112 140 80 53 10 89 70 142 111 79 59 12 38 13 91 119 59 23 45 106 52 129 88 86 87 92 100 110 121 134 148 162 74 72 73 79 88 99 112 126 140 155 60 57 60 67 77 90 104 118 134 150 47 43 46 55 67 82 97 112 129 145 34 29 34 45 60 75 91 108 125 142 23 15 23 38 54 71 88 105 122 140 18 0 18 35 52 70 87 104 122 139 23 15 23 38 54 71 88 105 122 140 34 29 34 45 60 75 91 108 125 142 47 43 46 55 67 82 97 112 129 145
81 12 27 121 37 126 100 61 48 22 45 9 47 107 47 18 22 98 102 127 79 47 18 74 54 126 98 62 42 27 36 11 73 108 42 14 39 89 43 112 93 87 85 87 92 99 109 121 134 148 80 73 71 73 79 88 99 112 126 140 67 60 57 60 67 77 90 104 118 134 55 46 43 46 55 67 81 97 112 129 45 34 29 34 45 60 75 91 108 125 38 23 15 23 38 54 71 88 105 122 35 18 0 18 35 52 70 87 104 122 38 23 15 23 38 54 71 88 105 122 45 34 29 34 45 60 75 91 108 125 55 46 43 46 55 67 81 97 112 129
84 29 39 107 26 111 88 44 41 39 50 25 30 98 39 26 35 83 94 114 82 46 34 61 40 110 86 46 25 43 42 26 56 99 27 23 41 72 40 96 100 92 87 85 87 91 99 109 121 134 88 79 73 71 73 79 88 99 112 125 77 67 60 57 59 66 77 89 103 118 68 55 46 43 46 55 67 81 97 112 60 45 34 29 33 45 59 75 91 108 54 38 23 15 23 38 54 71 88 105 52 35 18 0 18 35 52 70 87 104 54 38 23 15 23 38 54 71 88 105 60 45 34 29 33 45 59 75 91 108 68 55 46 43 46 55 67 81 97 112
91 47 54 94 25 97 79 27 39 56 61 42 13 91 39 40 50 68 89 102 88 51 51 50 29 94 76 31 7 60 53 43 39 93 17 38 49 55 43 80 110 100 92 87 85 86 91 99 109 120 99 88 79 73 71 73 78 87 99 111 90 77 67 59 57 59 66 77 89 103 82 67 55 46 43 46 55 67 81 96 75 60 45 33 29 33 45 59 75 91 71 54 38 23 15 23 38 54 71 88 70 52 35 18 0 18 35 52 70 87 71 54 38 23 15 23 38 54 71 88 75 60 45 33 29 33 45 59 75 91 82 67 55 46 43 46 55 67 81 96
100 64 70 83 35 84 72 14 46 73 74 60 7 88 46 56 67 54 86 92 97 62 68 43 27 79 70 20 11 78 67 60 21 89 21 54 61 39 53 65 122 110 99 91 86 84 86 91 98 108 112 99 88 79 73 70 72 78 87 98 104 90 77 66 59 56 59 66 76 89 97 82 67 55 46 42 46 55 67 81 91 75 60 45 33 28 33 45 59 75 88 71 54 38 23 14 23 38 54 71 87 70 52 35 18 0 18 35 52 70 88 71 54 38 23 14 23 38 54 71 91 75 60 45 33 28 33 45 59 75 97 82 67 55 46 42 46 55 67 81
112 81 86 75 49 73 70 15 57 90 88 77 24 88 57 73 84 43 88 85 108 74 86 43 34 65 67 21 28 95 82 77 4 89 35 71 76 25 66 52 134 121 109 99 91 86 84 85 90 98 126 112 99 88 78 72 70 72 78 87 119 104 90 77 66 59 56 59 66 76 113 97 81 67 55 46 42 46 54 67 108 91 75 59 45 33 28 33 45 59 105 88 71 54 38 23 14 23 38 54 104 87 70 52 35 18 0 18 35 52 105 88 71 54 38 23 14 23 38 54 108 91 75 59 45 33 28 33 45 59 113 97 81 67 55 46 42 46 54 67
124 99 103 69 64 64 71 30 70 108 103 94 41 91 71 90 101 38 93 80 121 89 103 49 47 54 69 34 45 112 98 94 14 92 51 88 91 17 80 42 148 134 121 109 99 91 85 83 85 90 140 126 112 99 87 78 72 70 72 77 134 118 104 89 77 66 59 56 58 65 129 112 97 81 67 55 46 42 45 54 125 108 91 75 59 45 33 28 33 45 122 105 88 71 54 38 23 14 23 38 122 104 87 70 52 35 18 0 18 35 122 105 88 71 54 38 23 14 23 38 125 108 91 75 59 45 33 28 33 45 129 112 97 81 67 55 46 42 45 54
138 116 120 68 81 60 77 47 85 125 119 111 58 98 86 107 118 40 100 80 134 104 120 60 63 46 74 49 63 129 115 111 31 98 67 105 107 24 96 37 162 148 134 121 109 98 90 85 83 85 156 140 126 112 99 87 78 72 69 71 150 134 118 103 89 76 66 58 55 58 145 129 112 97 81 67 54 45 42 45 142 125 108 91 75 59 45 33 28 33 140 122 105 88 71 54 38 23 14 23 139 122 104 87 70 52 35 18 0 18 140 122 105 88 71 54 38 23 14 23 142 125 108 91 75 59 45 33 28 33 145 129 112 97 81 67 54 45 42 45
152 133 137 72 97 61 85 64 101 142 135 129 75 107 102 124 135 49 110 83 149 120 137 74 79 44 84 66 80 147 131 129 49 106 84 122 123 38 112 40 177 162 148 134 120 108 98 90 85 83 171 155 140 125 111 98 87 77 71 69 166 150 134 118 103 89 76 65 58 55 162 145 129 112 96 81 67 54 45 42 159 142 125 108 91 75 59 45 33 28 157 140 122 105 88 71 54 38 23 14 156 139 122 104 87 70 52 35 18 0 157 140 122 105 88 71 54 38 23 14 159 142 125 108 91 75 59 45 33 28 162 145 129 112 96 81 67 54 45 42
99 27 24 157 73 163 136 97 83 23 41 34 83 139 66 34 39 136 134 163 98 75 20 111 92 163 134 99 78 26 37 36 109 141 74 35 66 126 75 150 100 102 106 112 121 132 144 156 170 184 86 88 93 100 110 122 134 148 162 177 72 74 80 88 99 112 126 140 156 171 58 60 67 77 90 104 119 134 150 166 43 47 55 68 82 97 113 129 145 162 29 34 45 60 75 91 108 125 142 159 15 23 38 54 71 88 105 122 140 157 0 18 35 52 70 87 104 122 139 156 15 23 38 54 71 88 105 122 140 157 29 34 45 60 75 91 108 125 142 159
95 15 11 143 59 148 122 81 70 19 32 22 66 128 51 17 33 120 123 149 94 66 6 97 76 147 120 83 61 25 25 25 92 130 57 18 58 109 64 133 102 100 101 105 112 121 131 143 156 170 88 86 87 92 100 110 121 134 148 162 74 72 73 79 88 99 112 126 140 155 60 57 60 67 77 90 104 118 134 150 47 43 46 55 67 82 97 112 129 145 34 29 34 45 60 75 91 108 125 142 23 15 23 38 54 71 88 105 122 140 18 0 18 35 52 70 87 104 122 139 23 15 23 38 54 71 88 105 122 140 34 29 34 45 60 75 91 108 125 142
95 18 17 129 47 133 110 65 60 28 31 20 50 118 36 4 34 104 114 136 93 60 17 83 62 131 108 67 44 35 22 23 75 120 39 1 53 93 56 118 106 101 99 101 105 112 121 131 143 156 93 87 85 87 92 99 109 121 134 148 80 73 71 73 79 88 99 112 126 140 67 60 57 60 67 77 90 104 118 134 55 46 43 46 55 67 81 97 112 129 45 34 29 34 45 60 75 91 108 125 38 23 15 23 38 54 71 88 105 122 35 18 0 18 35 52 70 87 104 122 38 23 15 23 38 54 71 88 105 122 45 34 29 34 45 60 75 91 108 125
98 32 32 116 39 119 100 49 54 42 39 31 34 111 26 19 44 90 107 124 96 60 34 71 50 116 97 53 28 49 31 33 58 112 22 18 55 76 54 102 112 105 101 99 100 105 111 120 131 143 100 92 87 85 87 91 99 109 121 134 88 79 73 71 73 79 88 99 112 125 77 67 60 57 59 66 77 89 103 118 68 55 46 43 46 55 67 81 97 112 60 45 34 29 33 45 59 75 91 108 54 38 23 15 23 38 54 71 88 105 52 35 18 0 18 35 52 70 87 104 54 38 23 15 23 38 54 71 88 105 60 45 34 29 33 45 59 75 91 108
104 48 49 105 39 106 91 35 53 59 51 46 22 105 25 36 57 76 102 113 101 64 51 62 42 101 89 41 16 64 45 47 41 106 5 35 61 61 56 88 121 112 105 100 99 100 104 111 120 130 110 100 92 87 85 86 91 99 109 120 99 88 79 73 71 73 78 87 99 111 90 77 67 59 57 59 66 77 89 103 82 67 55 46 43 46 55 67 81 96 75 60 45 33 29 33 45 59 75 91 71 54 38 23 15 23 38 54 71 88 70 52 35 18 0 18 35 52 70 87 71 54 38 23 15 23 38 54 71 88 75 60 45 33 29 33 45 59 75 91
112 65 66 95 45 94 86 26 58 75 66 62 19 102 35 54 72 64 100 104 109 72 68 57 40 88 83 33 18 81 61 63 25 103 14 52 71 47 64 74 132 121 112 105 100 98 99 104 110 119 122 110 99 91 86 84 86 91 98 108 112 99 88 79 73 70 72 78 87 98 104 90 77 66 59 56 59 66 76 89 97 82 67 55 46 42 46 55 67 81 91 75 60 45 33 28 33 45 59 75 88 71 54 38 23 14 23 38 54 71 87 70 52 35 18 0 18 35 52 70 88 71 54 38 23 14 23 38 54 71 91 75 60 45 33 28 33 45 59 75
122 82 83 87 57 84 83 27 67 92 82 79 29 102 49 71 88 56 102 98 119 84 85 57 46 75 81 34 31 97 77 80 14 102 31 69 84 35 75 63 144 131 121 111 104 99 98 99 103 110 134 121 109 99 91 86 84 85 90 98 126 112 99 88 78 72 70 72 78 87 119 104 90 77 66 59 56 59 66 76 113 97 81 67 55 46 42 46 54 67 108 91 75 59 45 33 28 33 45 59 105 88 71 54 38 23 14 23 38 54 104 87 70 52 35 18 0 18 35 52 105 88 71 54 38 23 14 23 38 54 108 91 75 59 45 33 28 33 45 59
134 99 101 83 71 77 85 38 79 109 98 96 44 105 65 88 104 52 106 94 130 97 103 62 56 65 82 43 48 114 94 96 19 105 48 87 98 30 88 54 156 143 131 120 111 104 99 97 99 103 148 134 121 109 99 91 85 83 85 90 140 126 112 99 87 78 72 70 72 77 134 118 104 89 77 66 59 56 58 65 129 112 97 81 67 55 46 42 45 54 125 108 91 75 59 45 33 28 33 45 122 105 88 71 54 38 23 14 23 38 122 104 87 70 52 35 18 0 18 35 122 105 88 71 54 38 23 14 23 38 125 108 91 75 59 45 33 28 33 45
146 116 118 82 86 74 89 52 92 126 115 113 61 110 81 105 121 53 112 94 143 111 120 71 69 59 87 56 64 131 111 113 34 110 66 104 113 35 102 51 170 156 143 131 120 110 103 99 97 98 162 148 134 121 109 98 90 85 83 85 156 140 126 112 99 87 78 72 69 71 150 134 118 103 89 76 66 58 55 58 145 129 112 97 81 67 54 45 42 45 142 125 108 91 75 59 45 33 28 33 140 122 105 88 71 54 38 23 14 23 139 122 104 87 70 52 35 18 0 18 140 122 105 88 71 54 38 23 14 23 142 125 108 91 75 59 45 33 28 33
160 134 135 85 102 74 97 67 107 143 132 130 77 118 98 123 137 60 121 96 156 126 137 82 84 57 95 71 81 148 128 130 51 118 83 121 128 46 117 53 184 170 156 143 130 119 110 103 98 96 177 162 148 134 120 108 98 90 85 83 171 155 140 125 111 98 87 77 71 69 166 150 134 118 103 89 76 65 58 55 162 145 129 112 96 81 67 54 45 42 159 142 125 108 91 75 59 45 33 28 157 140 122 105 88 71 54 38 23 14 156 139 122 104 87 70 52 35 18 0 157 140 122 105 88 71 54 38 23 14 159 142 125 108 91 75 59 45 33 28
112 36 23 165 81 170 145 102 92 35 32 43 87 150 63 36 52 142 145 171 112 87 28 119 99 169 143 105 82 40 31 46 111 152 75 38 78 130 85 155 115 116 119 125 133 143 154 166 179 192 100 102 106 112 121 132 144 156 170 184 86 88 93 100 110 122 134 148 162 177 72 74 80 88 99 112 126 140 156 171 58 60 67 77 90 104 119 134 150 166 43 47 55 68 82 97 113 129 145 162 29 34 45 60 75 91 108 125 142 159 15 23 38 54 71 88 105 122 140 157 0 18 35 52 70 87 104 122 139 156 15 23 38 54 71 88 105 122 140 157
109 28 7 151 69 155 132 86 82 33 19 35 72 140 46 20 47 127 135 158 108 79 20 106 85 153 130 89 66 39 15 38 95 141 58 23 71 114 76 139 116 114 115 119 125 133 142 153 165 178 102 100 101 105 112 121 131 143 156 170 88 86 87 92 100 110 121 134 148 162 74 72 73 79 88 99 112 126 140 155 60 57 60 67 77 90 104 118 134 150 47 43 46 55 67 82 97 112 129 145 34 29 34 45 60 75 91 108 125 142 23 15 23 38 54 71 88 105 122 140 18 0 18 35 52 70 87 104 122 139 23 15 23 38 54 71 88 105 122 140
109 30 14 138 59 141 121 71 73 39 17 34 57 131 29 11 48 112 127 146 108 74 25 93 72 138 119 75 51 46 9 37 78 132 41 15 68 98 70 124 119 115 114 115 118 124 132 142 153 165 106 101 99 101 105 112 121 131 143 156 93 87 85 87 92 99 109 121 134 148 80 73 71 73 79 88 99 112 126 140 67 60 57 60 67 77 90 104 118 134 55 46 43 46 55 67 81 97 112 129 45 34 29 34 45 60 75 91 108 125 38 23 15 23 38 54 71 88 105 122 35 18 0 18 35 52 70 87 104 122 38 23 15 23 38 54 71 88 105 122
112 40 31 126 53 128 112 58 68 50 29 41 43 124 14 22 55 98 120 135 110 74 38 83 62 124 109 62 38 57 24 44 62 125 25 23 68 83 68 110 125 119 115 113 114 118 124 132 141 152 112 105 101 99 100 105 111 120 131 143 100 92 87 85 87 91 99 109 121 134 88 79 73 71 73 79 88 99 112 125 77 67 60 57 59 66 77 89 103 118 68 55 46 43 46 55 67 81 97 112 60 45 34 29 33 45 59 75 91 108 54 38 23 15 23 38 54 71 88 105 52 35 18 0 18 35 52 70 87 104 54 38 23 15 23 38 54 71 88 105
117 54 48 116 53 116 104 46 67 64 45 53 34 119 13 38 66 86 116 125 114 77 54 75 56 110 102 52 29 71 40 55 47 120 13 38 74 69 70 96 133 125 118 114 113 114 117 123 131 141 121 112 105 100 99 100 104 111 120 130 110 100 92 87 85 86 91 99 109 120 99 88 79 73 71 73 78 87 99 111 90 77 67 59 57 59 66 77 89 103 82 67 55 46 43 46 55 67 81 96 75 60 45 33 29 33 45 59 75 91 71 54 38 23 15 23 38 54 71 88 70 52 35 18 0 18 35 52 70 87 71 54 38 23 15 23 38 54 71 88
124 69 66 107 58 105 99 40 71 80 61 68 33 116 27 55 79 76 114 117 121 84 70 71 54 97 97 47 30 86 58 69 35 117 19 54 82 57 76 84 143 133 124 118 114 112 113 117 123 131 132 121 112 105 100 98 99 104 110 119 122 110 99 91 86 84 86 91 98 108 112 99 88 79 73 70 72 78 87 98 104 90 77 66 59 56 59 66 76 89 97 82 67 55 46 42 46 55 67 81 91 75 60 45 33 28 33 45 59 75 88 71 54 38 23 14 23 38 54 71 87 70 52 35 18 0 18 35 52 70 88 71 54 38 23 14 23 38 54 71
133 85 83 100 67 97 97 41 78 96 78 83 39 116 44 72 94 69 115 111 130 94 87 70 58 86 95 48 40 102 75 84 28 116 33 71 93 48 85 74 154 142 132 124 117 113 112 113 116 122 144 131 121 111 104 99 98 99 103 110 134 121 109 99 91 86 84 85 90 98 126 112 99 88 78 72 70 72 78 87 119 104 90 77 66 59 56 59 66 76 113 97 81 67 55 46 42 46 54 67 108 91 75 59 45 33 28 33 45 59 105 88 71 54 38 23 14 23 38 54 104 87 70 52 35 18 0 18 35 52 105 88 71 54 38 23 14 23 38 54
144 102 100 97 79 91 98 48 89 112 95 100 52 118 61 89 109 65 119 108 141 106 104 74 67 78 96 54 53 118 92 100 31 118 50 88 106 44 97 67 166 153 142 132 123 117 113 111 112 116 156 143 131 120 111 104 99 97 99 103 148 134 121 109 99 91 85 83 85 90 140 126 112 99 87 78 72 70 72 77 134 118 104 89 77 66 59 56 58 65 129 112 97 81 67 55 46 42 45 54 125 108 91 75 59 45 33 28 33 45 122 105 88 71 54 38 23 14 23 38 122 104 87 70 52 35 18 0 18 35 122 105 88 71 54 38 23 14 23 38
156 119 118 96 93 87 102 60 101 129 112 116 66 123 78 106 125 67 125 107 152 119 121 82 78 72 100 65 69 134 109 117 42 123 67 105 120 47 110 64 179 165 153 141 131 123 116 112 110 112 170 156 143 131 120 110 103 99 97 98 162 148 134 121 109 98 90 85 83 85 156 140 126 112 99 87 78 72 69 71 150 134 118 103 89 76 66 58 55 58 145 129 112 97 81 67 54 45 42 45 142 125 108 91 75 59 45 33 28 33 140 122 105 88 71 54 38 23 14 23 139 122 104 87 70 52 35 18 0 18 140 122 105 88 71 54 38 23 14 23
168 136 135 98 107 88 109 74 114 146 129 133 82 130 95 123 141 72 133 109 165 133 138 92 91 71 107 78 85 151 127 133 56 130 84 122 134 56 124 66 192 178 165 152 141 131 122 116 112 110 184 170 156 143 130 119 110 103 98 96 177 162 148 134 120 108 98 90 85 83 171 155 140 125 111 98 87 77 71 69 166 150 134 118 103 89 76 65 58 55 162 145 129 112 96 81 67 54 45 42 159 142 125 108 91 75 59 45 33 28 157 140 122 105 88 71 54 38 23 14 156 139 122 104 87 70 52 35 18 0 157 140 122 105 88 71 54 38 23 14
126 48 29 174 91 178 155 108 103 49 28 55 94 161 62 42 65 149 156 181 126 99 39 128 107 175 153 112 88 54 31 58 116 163 78 46 91 135 97 161 129 130 133 138 145 154 164 176 188 201 115 116 119 125 133 143 154 166 179 192 100 102 106 112 121 132 144 156 170 184 86 88 93 100 110 122 134 148 162 177 72 74 80 88 99 112 126 140 156 171 58 60 67 77 90 104 119 134 150 166 43 47 55 68 82 97 113 129 145 162 29 34 45 60 75 91 108 125 142 159 15 23 38 54 71 88 105 122 140 157 0 18 35 52 70 87 104 122 139 156
124 42 20 161 80 164 143 94 94 47 11 49 79 152 45 30 61 134 147 168 122 92 34 115 94 160 141 98 73 53 15 52 100 153 62 34 85 120 89 146 130 128 129 132 138 145 154 164 175 187 116 114 115 119 125 133 142 153 165 178 102 100 101 105 112 121 131 143 156 170 88 86 87 92 100 110 121 134 148 162 74 72 73 79 88 99 112 126 140 155 60 57 60 67 77 90 104 118 134 150 47 43 46 55 67 82 97 112 129 145 34 29 34 45 60 75 91 108 125 142 23 15 23 38 54 71 88 105 122 140 18 0 18 35 52 70 87 104 122 139
123 43 24 149 72 150 133 80 86 51 7 48 66 143 28 25 62 121 140 157 122 88 37 104 83 146 131 85 60 58 9 51 84 145 47 29 82 105 84 132 133 129 128 129 132 137 144 153 163 175 119 115 114 115 118 124 132 142 153 165 106 101 99 101 105 112 121 131 143 156 93 87 85 87 92 99 109 121 134 148 80 73 71 73 79 88 99 112 126 140 67 60 57 60 67 77 90 104 118 134 55 46 43 46 55 67 81 97 112 129 45 34 29 34 45 60 75 91 108 125 38 23 15 23 38 54 71 88 105 122 35 18 0 18 35 52 70 87 104 122
125 51 36 137 67 138 124 68 82 60 25 53 55 137 11 31 67 108 134 146 123 88 47 95 75 132 122 73 49 67 24 56 70 138 34 34 82 91 82 119 138 132 129 127 128 131 137 144 153 163 125 119 115 113 114 118 124 132 141 152 112 105 101 99 100 105 111 120 131 143 100 92 87 85 87 91 99 109 121 134 88 79 73 71 73 79 88 99 112 125 77 67 60 57 59 66 77 89 103 118 68 55 46 43 46 55 67 81 97 112 60 45 34 29 33 45 59 75 91 108 54 38 23 15 23 38 54 71 88 105 52 35 18 0 18 35 52 70 87 104
130 62 52 128 67 127 118 59 81 72 42 63 48 132 10 44 76 97 130 137 127 91 61 88 69 119 115 65 43 79 40 65 57 133 27 45 87 79 84 106 145 138 132 128 127 127 131 136 143 152 133 125 118 114 113 114 117 123 131 141 121 112 105 100 99 100 104 111 120 130 110 100 92 87 85 86 91 99 109 120 99 88 79 73 71 73 78 87 99 111 90 77 67 59 57 59 66 77 89 103 82 67 55 46 43 46 55 67 81 96 75 60 45 33 29 33 45 59 75 91 71 54 38 23 15 23 38 54 71 88 70 52 35 18 0 18 35 52 70 87
136 76 68 120 71 117 113 54 84 86 59 76 46 130 26 59 88 88 128 130 134 97 76 85 68 108 110 61 44 93 58 77 47 131 30 59 94 68 89 95 154 145 137 131 127 126 127 130 135 143 143 133 124 118 114 112 113 117 123 131 132 121 112 105 100 98 99 104 110 119 122 110 99 91 86 84 86 91 98 108 112 99 88 79 73 70 72 78 87 98 104 90 77 66 59 56 59 66 76 89 97 82 67 55 46 42 46 55 67 81 91 75 60 45 33 28 33 45 59 75 88 71 54 38 23 14 23 38 54 71 87 70 52 35 18 0 18 35 52 70
145 91 85 114 78 109 111 54 90 101 76 90 51 130 43 75 101 82 129 125 142 105 91 84 71 98 109 61 51 108 75 91 42 130 41 75 104 61 97 86 164 154 144 137 131 127 125 126 130 135 154 142 132 124 117 113 112 113 116 122 144 131 121 111 104 99 98 99 103 110 134 121 109 99 91 86 84 85 90 98 126 112 99 88 78 72 70 72 78 87 119 104 90 77 66 59 56 59 66 76 113 97 81 67 55 46 42 46 54 67 108 91 75 59 45 33 28 33 45 59 105 88 71 54 38 23 14 23 38 54 104 87 70 52 35 18 0 18 35 52
155 107 102 110 89 104 112 60 99 117 94 105 61 132 60 92 116 79 132 122 151 116 108 88 78 90 109 66 62 123 92 106 44 132 55 91 115 58 107 81 176 164 153 144 136 130 126 125 126 129 166 153 142 132 123 117 113 111 112 116 156 143 131 120 111 104 99 97 99 103 148 134 121 109 99 91 85 83 85 90 140 126 112 99 87 78 72 70 72 77 134 118 104 89 77 66 59 56 58 65 129 112 97 81 67 55 46 42 45 54 125 108 91 75 59 45 33 28 33 45 122 105 88 71 54 38 23 14 23 38 122 104 87 70 52 35 18 0 18 35
166 123 119 110 101 101 115 69 110 133 111 121 74 136 78 108 131 80 137 121 162 128 124 94 88 86 113 75 75 139 109 122 52 136 71 108 128 60 119 78 188 175 163 153 143 135 130 126 124 125 179 165 153 141 131 123 116 112 110 112 170 156 143 131 120 110 103 99 97 98 162 148 134 121 109 98 90 85 83 85 156 140 126 112 99 87 78 72 69 71 150 134 118 103 89 76 66 58 55 58 145 129 112 97 81 67 54 45 42 45 142 125 108 91 75 59 45 33 28 33 140 122 105 88 71 54 38 23 14 23 139 122 104 87 70 52 35 18 0 18
178 139 136 111 115 101 121 82 123 149 128 137 88 142 95 125 146 85 144 123 174 141 141 103 100 85 119 87 90 155 126 138 64 142 87 125 142 67 132 79 201 187 175 163 152 143 135 129 125 124 192 178 165 152 141 131 122 116 112 110 184 170 156 143 130 119 110 103 98 96 177 162 148 134 120 108 98 90 85 83 171 155 140 125 111 98 87 77 71 69 166 150 134 118 103 89 76 65 58 55 162 145 129 112 96 81 67 54 45 42 159 142 125 108 91 75 59 45 33 28 157 140 122 105 88 71 54 38 23 14 156 139 122 104 87 70 52 35 18 0
