0.0 49.985381354920975 75.56501980168599 31.344389973916837 71.545698148627 51.36455277513117 37.17664150136709 27.920063234251952 30.34492121410329 40.8820592441286 59.0877816715764 60.74589183737273 10.26197533819251 5.865123258509629 55.126048523095655 9.305286775575654 38.977858020826446 70.52268397514206 74.3065269433993 19.719562697946934 35.94973861392977 37.735242057897345 72.94447271384155 28.88517310453742 38.829921159363515 47.24970243908014 18.169891285097755 18.828670521288636 28.989516727679483 56.77820704145858 42.36610034359733 58.100097473908704 12.670519782134553 11.41289274421249 65.23819511370856 19.600323031193287 37.04001204511746 63.12319081721118 60.05380431240644 13.644629752016298 122.96133717040823 95.36743639414696 73.9268329591443 65.03980752311384 73.41626331561334 110.46888852222325 78.77591266932424 51.01706075757642 37.345194425539326 50.807613526210034 104.2345375629703 69.85280730959528 35.900461578068146 9.650086968108909 35.947987425919784 105.37531801507802 71.52856081068484 39.03281168306382 18.045325591934752 39.01993304996283 113.66933667454556 83.16484689852324 57.505466583694876 45.740341970257134 57.20395396989719
49.985381354920975 0.0 111.59837001888027 69.44764051895233 60.19617793557112 86.62759201969973 76.57021899467574 28.75008701353337 20.17490938890986 60.78373396547093 69.17535847563141 66.80360499704655 46.745937850838565 44.52240961804885 91.73468054667323 57.59386060145883 54.75111171013511 97.00040687456891 93.18116434830556 30.300965407632926 16.857012841514855 24.31010601554047 87.66993245551575 68.49513762140468 70.44221311279503 79.39147013926163 64.95003052521481 35.654298373110294 22.366664089387058 66.29407102601517 71.29351592328004 61.27015101011532 62.08713495196859 39.70748549180865 100.47453814799914 31.377612582143374 81.8333287285367 87.49977567437863 79.07492580935147 63.613950639136256 136.7751229080843 102.95661741688153 69.91092827857453 39.621366909265745 25.436382197391502 134.3813904092662 99.78457913016244 65.19525047569294 30.638757245492283 4.679798613880528 137.74511627961806 104.23002124761008 71.75593738074741 42.76410551159845 30.05760872558856 146.46999191425058 115.41584838145377 87.08023605019446 65.11456744729409 57.37278282955088 159.67917815019214 131.6342763943775 107.4822718341409 90.39915958141292 84.77199189453069
75.56501980168599 111.59837001888027 0.0 44.85207178438877 82.47631099159648 25.284581374217215 38.43120997173864 101.19842658799834 93.49714235053982 52.05173741319843 54.71628880973408 59.883099247640466 85.68657492638077 80.39960315754738 20.666509174992566 76.7640472231236 58.25441141199663 23.692983418987986 37.640369835741936 87.50732352991177 104.71661346768883 88.0426816376859 45.026427895746494 46.946235473191514 41.246849517317536 32.20717003409448 58.28332529002218 93.18955352005051 90.73072936062435 56.221216183378544 40.387657882098374 64.22810657615453 65.81824833854 85.3590863243143 11.1280689450003 84.25493911885 41.09982892798721 30.736751023929997 41.06295150714408 69.51515602956236 67.77533151468329 61.58214057706839 73.3894065188025 96.8216422818191 125.52942408075964 43.65568604136819 33.605618065672864 52.41840459187553 82.22453190225396 114.75578889314556 28.779090646900073 7.851072249014822 41.10835168592642 75.5844414352505 110.14069621024167 36.88913543902526 24.27604429473922 47.039216726847044 78.9360061333898 112.44528353033212 59.19041619347926 52.08040323946109 65.69652336828784 91.18387857297016 121.27558693447052
31.344389973916837 69.44764051895233 44.85207178438877 0.0 61.73651778053758 20.073996770946202 7.126189189775225 56.360976689720204 50.089902934747116 21.9364121566621 38.992429994735694 42.856620969339644 41.604458795242714 35.76092877480291 24.192566438111754 34.60993797506788 25.389830498907596 39.93017352137382 46.18794419743099 42.991614584030096 60.51768209857944 47.93970520696522 46.9853891289489 2.841384666856589 10.079415767770039 16.394255372447926 16.632152583705427 48.37284046156518 47.47933694729713 37.88723601220073 14.40231176585331 43.164881284790724 24.187693878098653 40.563562073111406 34.16584394766842 40.01043064597992 15.48257277306787 33.740476176552214 33.885883445728425 29.07171647868882 94.1865296235048 70.50584932098928 58.87133304733177 65.99529954786385 87.4054455443552 79.51431967549819 49.456139978977006 31.050415709952397 43.32646577037592 72.00744921620753 73.24450659000492 38.690285148923735 4.8962067410539705 30.754865830532474 65.28862810867133 77.4457826659867 46.0892000373241 25.405147404302816 39.51544908753098 69.80230630741072 90.67395084781937 65.78527490326547 53.18306673492382 61.02437171219964 83.75146840636708
71.545698148627 60.19617793557112 82.47631099159648 61.73651778053758 0.0 65.10387181786488 65.9711058028839 74.3214227809134 56.62340494130699 39.87759337240168 27.93918574099995 22.712231690587885 77.47014147251309 70.37139179058575 69.83403091052583 80.4494105626057 36.83967779116588 59.92426060196118 48.82918647052977 61.847010120965955 67.39931283683514 42.17394646743403 40.931822617277646 63.35108319299192 54.06390440997827 57.60524393911356 71.90885305502579 73.62462919302212 54.74568990585593 26.991813996221865 51.02374170464219 19.466213114983486 75.7537692831185 70.23062815653633 73.43881197281102 58.382356339017726 76.8664219213479 51.75203053301086 41.433036544173405 80.5115880265411 81.05473134373297 46.481779338019074 12.087035672615986 22.945399015399637 57.46077378788302 86.66804008900276 55.61821099694847 32.71479454717016 37.97323184192299 64.8730379834712 100.20110479373015 74.82688254043009 59.60411733089442 62.458200097831906 81.51190232405924 118.98092905706167 98.3739949219368 87.13858261394581 88.90180308341075 102.9982374169412 140.92449717676476 123.80748322717936 114.85412701020286 115.97088718550854 126.89216466099413
51.36455277513117 86.62759201969973 25.284581374217215 20.073996770946202 65.10387181786488 0.0 14.648354916861969 76.1327091127849 68.25857559989824 28.867071699126047 37.77835732184339 42.85800733500815 61.611731523531816 55.831947083719086 5.30235024676019 53.86724133295697 34.80848430419414 22.64184965328743 33.15206993223271 62.262765517475756 79.43225789818875 63.457256238805144 37.06674712927078 22.48314953455736 16.202591616116788 8.023259843597843 35.26340300052372 68.35647013540257 65.50662965580314 38.191687400553626 16.274042370250967 45.68856671301834 43.02564105074325 60.57679041283863 14.281846928426138 58.97765724349402 22.127837560629455 20.324861829475452 26.493825930078543 47.405151663608606 77.9527031259286 59.64503141607472 58.59374746848351 75.52295236577895 101.82827233214537 60.478047835596314 34.06914871185979 32.537025673269895 57.891689448117575 89.6608939062882 53.27251957211582 18.670783983751882 15.94018259505998 50.54141946314185 85.14478935979737 60.147916917051845 33.4850728269411 31.930668468740482 57.55627132972513 89.4467464106155 77.4401799837647 58.97981390119917 57.92278123118844 75.00847878207202 101.45091600070754
37.17664150136709 76.57021899467574 38.43120997173864 7.126189189775225 65.9711058028839 14.648354916861969 0.0 63.037424965134775 57.20372276713321 26.233170720533078 41.39075013843782 45.75805950450754 47.35733362991177 41.97171422305022 17.95929756337974 39.23701459760235 30.660992570393162 36.36437972562333 44.562950654392736 49.94553805043241 67.53196077936522 54.902102227116316 46.571618715176676 8.626987782092632 11.988651040235695 13.73753408255935 20.617822845740847 54.827082977212775 54.60062498750029 40.748676595338814 15.683750053586257 46.8695600786308 28.378347255226625 46.983381614986186 28.088195582357805 47.046219104416245 11.300918103434375 31.629130289170256 33.971123011369706 32.785819240403086 91.46729959776648 70.04072875889052 61.9670835174206 71.8951608958186 94.30104901765618 75.06534411243662 46.89699381836664 34.03941686095636 50.128509852711545 79.13207205903039 67.05892017843549 32.73944431842519 6.457349598506357 37.501696284024604 71.8742707461827 70.37478650318903 39.030729687685074 22.11402386995022 43.00589669765313 74.86540694453761 83.67744767707231 59.614445290544644 50.006542017073556 61.985738052207246 87.05523831892529
27.920063234251952 28.75008701353337 101.19842658799834 56.360976689720204 74.3214227809134 76.1327091127849 63.037424965134775 0.0 17.841695861476122 57.46135476101867 72.2792002988777 71.95715443073125 20.72020316989502 22.135970787497293 80.53191746657485 32.73923161224144 52.940375228910845 92.2694862410531 92.74730476346953 15.058636110721443 11.893238897243592 32.27581494328322 89.34281872701584 54.41433201625891 61.32671272496399 70.51816192949464 45.867715845937795 9.249725627468925 19.577050472677612 69.46893527126893 63.819543851009996 67.52172384129037 40.47599359713029 16.60574844860276 90.38973697291455 19.035788605137274 64.62917137537184 83.63904822011625 77.85476000337019 40.17413521119183 140.36893294304207 109.17607953697173 80.80961256390847 59.462330576216864 54.186180610951375 132.05816983503686 98.36753548817153 65.63402304520588 36.5283321564069 27.489165965820206 129.39023535954124 94.78957248997035 60.19258650922903 25.6141808363903 9.158570880724533 132.70605027160985 99.2276636126739 66.90441346556675 38.74415730135082 30.345622056167926 141.58565815429642 110.72181773240301 82.86697090480408 62.20402264510997 57.15363175432807
30.34492121410329 20.17490938890986 93.49714235053982 50.089902934747116 56.62340494130699 68.25857559989824 57.20372276713321 17.841695861476122 0.0 44.88121708400812 57.191847921820504 56.14782226271709 28.99951364251724 25.252674485507068 73.19261693552446 38.598359106694424 39.43604832054351 81.08895218096752 79.44007093690115 10.770432766794494 12.47910534600236 14.472018806955909 75.08637283337598 48.90109499118304 52.29438101045306 61.49160672541785 44.77520035971622 19.87493623223144 2.8452263923140793 54.298098035737816 53.78525270570366 51.28598410273482 42.09705876755862 21.178376690714057 82.39261341047612 11.217814006994622 61.84435342007013 71.8852806227908 64.69631080351053 43.97041569836514 125.77049522981754 93.4684073405926 63.634060455625495 41.917405806808 43.12387911544449 119.96817277314815 85.57805836012407 51.475213423615756 19.252092135577758 22.05539472588036 120.57113030831907 86.41356919031847 52.839962007159684 22.620066272939425 25.022437534140717 127.4884861439996 95.74673622310938 66.90573510103921 46.69190269351306 47.73580062621525 139.78559964139694 111.46256694338845 87.76415957642938 73.32083947571986 73.78412578404199
40.8820592441286 60.78373396547093 52.05173741319843 21.9364121566621 39.87759337240168 28.867071699126047 26.233170720533078 57.46135476101867 44.88121708400812 0.0 18.721629720765577 21.622721223523165 49.97656056247872 42.625348866995026 34.14679626700006 47.89510774680303 6.21513342480594 36.36361198936885 35.29163116810997 42.409156336533925 57.177855685744014 36.61681110498876 32.50785322410038 23.770288873145102 14.619226509104418 20.855234694811536 34.40294701220904 52.00224625838497 42.040711745048576 16.905451547163235 12.690198594318188 21.274640474777517 40.07555000713855 45.388605648277526 41.16822737734642 38.47044569591784 36.993459806305694 27.029650726988706 20.405950869533402 45.25114431302322 83.35539428903262 54.49066920683545 37.21790014211179 46.8608465420145 73.49512618761977 75.14772507302925 40.99075866315181 10.399849667545073 30.511052352485155 64.40919673007812 77.04857336749798 44.34959806215622 19.802482844044263 34.817195372675165 66.5370810053189 88.4082091158516 61.880128049850285 47.29799269448635 55.134934806690346 78.97742092999653 106.23398450014763 85.24626490937594 75.11947869065499 80.08552089991537 97.87333353537768
59.0877816715764 69.17535847563141 54.71628880973408 38.992429994735694 27.93918574099995 37.77835732184339 41.39075013843782 72.2792002988777 57.191847921820504 18.721629720765577 0.0 5.2284599879721725 67.67289238709044 60.21629427636524 42.24887164575164 66.47440684553476 20.311628559851915 32.96780543174506 24.70226974613155 57.4413821063913 69.63322668561797 45.4317708885151 18.504646373524523 41.28535034159347 29.58932529347553 30.789405239049387 52.94370480227507 68.15622572892637 54.51288219693465 2.913416644909283 25.70964473799497 9.897008038241012 58.79148269086548 62.28023795036627 45.5013507240075 53.43392473373008 52.685998971354785 24.148712691054687 13.705030803963913 63.97065837322309 68.5845646550377 37.06270206844806 20.93540871941428 43.56357274031972 75.84276154948037 65.78812745765165 31.643796836544634 8.332789567371034 39.14580725465887 73.41802509705339 74.47512242586959 46.995812326906716 35.57384832398219 52.12696792940054 81.01711349288412 91.4285039796872 70.67817338641287 63.454018682752164 73.83898849504631 96.29514731839733 112.98583749013338 96.75517361886979 91.38937611362452 98.67706323274626 116.26262445508043
60.74589183737273 66.80360499704655 59.883099247640466 42.856620969339644 22.712231690587885 42.85800733500815 45.75805950450754 71.95715443073125 56.14782226271709 21.622721223523165 5.2284599879721725 0.0 68.86257622702855 61.39098211682456 47.399028160681276 68.54505690155221 21.79749301139716 37.86849531118994 28.627506398790253 57.376727727983535 68.46852422040622 43.60357763800217 21.66953504195494 44.99718764944167 33.8256401857412 35.713088695912994 56.012924760783946 68.46200144309874 53.56918552258097 5.011223132048786 30.151561326131983 5.724773184739261 61.453628432688475 63.01807586937218 50.72681324580985 53.40464540276874 57.01203412361611 29.243798601804304 18.82820075494189 66.58523905502184 70.13826985461426 37.333325220835825 16.218098133465 39.078453184872096 72.01439828775355 69.23636899517945 35.62624784192832 11.816766374624455 37.48191681919376 71.16884077969875 79.12630683214311 52.18286333003268 39.7486272982323 53.213521529430686 80.48743833261204 96.5462893013343 75.86276363196698 67.704476206331 76.2062829193201 97.08585519430858 118.2122690559498 101.81050419830994 95.66238240016968 101.64584832444673 117.92853763352005
10.26197533819251 46.745937850838565 85.68657492638077 41.604458795242714 77.47014147251309 61.611731523531816 47.35733362991177 20.72020316989502 28.99951364251724 49.97656056247872 67.67289238709044 68.86257622702855 0.0 7.472342151456455 65.31601924976609 12.06671003257104 47.37065625062268 80.69442354811879 84.07758018613295 18.610444874356524 30.92638008547485 39.772465022784914 82.35033103125946 39.12885673650585 48.972571876429996 57.48395916208847 27.768747675198494 11.66511077160342 28.588830303368855 65.20912870070643 52.404579841891746 65.702553655476 21.080095988215938 8.042514117061112 75.4391085987393 20.532780977430953 46.50242354430926 73.14551512722795 69.63515599076413 19.789051464300503 132.70632212302874 104.37542316644262 81.0694469735708 68.15457981309443 71.50247208008898 120.67250733118631 88.73081800510268 59.82713006609602 40.99068566371124 46.64772794190461 114.39407500965288 80.06798266819024 46.158540238563276 15.658587504632262 27.470410001716903 114.81943971400763 80.66898094678741 47.18384167661968 18.438953916976224 29.129449113315815 121.87840845509474 90.34910303133707 62.180320047283445 44.32427999351443 49.57528826477541
5.865123258509629 44.52240961804885 80.39960315754738 35.76092877480291 70.37139179058575 55.831947083719086 41.97171422305022 22.135970787497293 25.252674485507068 42.625348866995026 60.21629427636524 61.39098211682456 7.472342151456455 0.0 59.83130641815087 13.360993326108696 39.90954729406423 74.12452297139815 76.98700253190738 14.48907987261579 30.14352397664184 34.0956185135797 75.06234123656998 33.483503282458955 42.415552540574915 51.1823350955883 23.766125150677176 13.171594717525442 24.196892421082957 57.7428248351322 45.65004665913464 58.26017579414741 18.53523807747385 5.560939305183105 69.88736775329836 15.13215842676333 42.593556236566116 66.31770878902833 62.441705473732604 19.174650492224817 125.56783693148653 96.96345573266746 73.69749653659443 62.09274852201433 68.37014712986623 114.15593220744721 81.80075545290416 52.40211582651934 34.57500991086207 45.16317409945767 108.9555529906323 74.44305604741048 40.088380296260915 8.200088464562548 30.368704974653888 110.8447347823461 77.1569367806553 44.88514456025192 21.702653196589733 36.36178975569746 119.48757736938808 89.02591094894632 62.99803267634236 49.05811910203729 56.91619810941656
55.126048523095655 91.73468054667323 20.666509174992566 24.192566438111754 69.83403091052583 5.30235024676019 17.95929756337974 80.53191746657485 73.19261693552446 34.14679626700006 42.24887164575164 47.399028160681276 65.31601924976609 59.83130641815087 0.0 56.95572792906108 40.10658509766305 22.825314684415225 34.92516003804691 66.90073640410033 84.20659064226115 68.67955482170927 39.73725013297081 26.348242576575576 21.391301387147966 13.291654016195269 38.32222930342582 72.55327300402388 70.46168342528429 42.85413143507974 21.574802252229833 50.49223047060364 46.01809300720464 64.73190944609186 10.136341565062802 63.709039322961104 23.086016529034996 22.716726740366145 30.253586390573748 50.10837571311163 77.55505176276012 61.54367828718771 62.89075367647314 80.73198707106377 107.12070225072583 58.4264766146213 34.79032688063065 37.44215919497263 63.15297690309941 94.70753118725925 49.12986588636184 14.820099255738285 20.50319821870764 54.917948866909214 89.47868602970486 54.910060514998236 28.55672460408791 31.791520824918166 60.00631278857491 92.65881962429197 72.23386974868066 54.75295685079864 56.3279715332422 75.7799064278128 103.47534878412411
9.305286775575654 57.59386060145883 76.7640472231236 34.60993797506788 80.4494105626057 53.86724133295697 39.23701459760235 32.73923161224144 38.598359106694424 47.89510774680303 66.47440684553476 68.54505690155221 12.06671003257104 13.360993326108696 56.95572792906108 0.0 46.769477769214085 74.53306234698779 79.7563850608158 27.828242764486575 42.45254655195664 46.92394120486479 79.15017408744295 31.854350307266042 43.43545383109322 50.996804760402725 18.64261694492795 23.57054832459988 37.548077834300436 64.33407502632109 47.37053592711115 66.28773251106188 10.955171338605467 17.894890833340206 67.05890118503318 28.3665458157518 36.32481748836573 67.9095700374509 66.03774067452541 8.04312030917801 128.27043201181368 102.06124458148372 82.30696980988589 74.34462074481984 81.6979418961966 114.04901261185242 83.67828875584621 58.2387015206922 46.65027670218139 57.92721203666535 105.53948711702131 71.76797580055458 39.46579163355332 18.955274132457014 39.44494232614593 104.15195171693189 69.73064709518762 35.66441021150291 8.740141918860063 35.716703647083534 110.15593980711658 78.34050656720291 50.348457473120284 36.435253229066205 50.14894309302311
38.977858020826446 54.75111171013511 58.25441141199663 25.389830498907596 36.83967779116588 34.80848430419414 30.660992570393162 52.940375228910845 39.43604832054351 6.21513342480594 20.311628559851915 21.79749301139716 47.37065625062268 39.90954729406423 40.10658509766305 46.769477769214085 0.0 42.266644265854794 40.0965836235063 37.91042036331612 51.84437463312273 30.515109112898188 36.41077019640951 26.708554100732844 19.764988439197232 26.84032749845479 35.39664973697351 48.153065864344775 36.61550875752708 17.85199479811772 18.537778583174354 19.80966131698829 40.11660772527921 42.03517520324906 47.346347456607475 33.911244704486556 40.835894493370844 32.816118937608024 25.27899390237552 45.16261101181123 87.44353304212095 57.23059534745146 36.0436120845724 41.44604029549704 67.31447018247357 80.55865152867543 46.144262580542105 12.796218987001827 24.352558180159097 58.45686082713357 83.19142055191992 50.56133080704319 24.2266219858874 31.815964125366172 61.9066010541661 94.54996118781449 67.50394168467852 50.68210323784336 54.547002653543586 76.00580157066409 112.00995029236448 90.16751126275726 78.15924939254442 80.5126915566447 96.17928984535055
70.52268397514206 97.00040687456891 23.692983418987986 39.93017352137382 59.92426060196118 22.64184965328743 36.36437972562333 92.2694862410531 81.08895218096752 36.36361198936885 32.96780543174506 37.86849531118994 80.69442354811879 74.12452297139815 22.825314684415225 74.53306234698779 42.266644265854794 0.0 14.175506139392633 77.46906478445419 93.2333007853943 72.7184251046869 21.335005081192474 42.71402969606208 31.730489188895266 23.537012513879045 56.37557181626996 85.58756753580323 78.24372578865345 35.002433808514915 28.591094159389055 42.839155127480275 64.05802143703363 78.16887905222967 18.32467879443534 73.71404749071539 44.76795617798185 9.584935509922424 19.512558605000713 68.79581420033671 55.32212759144208 39.87935251228617 50.14988689628648 76.38378753174601 107.46524220295598 40.03668723775414 12.088669007610747 32.92700001397116 66.46119589341674 100.72162432804433 41.84734743741691 17.11840075727286 35.067474007733026 67.5371361095988 101.42805679947314 59.20575850732452 45.067344468518264 54.32885071098188 79.16436879344292 109.440327744455 82.85650503927529 73.21280108419204 79.05553391795212 97.64317706721518 123.34241765660035
74.3065269433993 93.18116434830556 37.640369835741936 46.18794419743099 48.82918647052977 33.15206993223271 44.562950654392736 92.74730476346953 79.44007093690115 35.29163116810997 24.70226974613155 28.627506398790253 84.07758018613295 76.98700253190738 34.92516003804691 79.7563850608158 40.0965836235063 14.175506139392633 0.0 77.6910997972373 91.88998809010872 69.0420321332482 8.036279650527185 49.01880457183642 36.49357716581533 30.825492990300116 62.73380169147771 87.1575206362271 76.64023660685909 27.385570335867452 32.41105887552251 34.22914135291123 70.03222193634808 80.27979480976575 32.2601660503352 73.73853005606233 54.553191584931696 13.029196145293694 14.893536492525161 75.08311228120292 48.65484224696119 26.620356573031486 38.0109779734846 67.64515401163645 100.50741578582321 41.24964403664059 6.999445629296199 28.130155492559012 62.67753473057868 97.2650778785288 51.38502943580351 31.29320344621574 41.387727085487434 69.58059617533534 101.80771490312918 71.99933687181823 59.15578771173701 64.88217394465094 85.52644232908388 113.2017435500823 96.6014385787046 87.2311644346896 91.0023079657502 106.52825894510593 129.65271204448445
19.719562697946934 30.300965407632926 87.50732352991177 42.991614584030096 61.847010120965955 62.262765517475756 49.94553805043241 15.058636110721443 10.770432766794494 42.409156336533925 57.4413821063913 57.376727727983535 18.610444874356524 14.48907987261579 66.90073640410033 27.828242764486575 37.91042036331612 77.46906478445419 77.6910997972373 0.0 17.7120546579213 21.621547512746716 74.32072935659819 41.3757124850863 46.95036106326509 56.20704154454416 35.28841820822823 11.77763348461385 9.994420312515999 54.66614488817059 49.178773095753364 53.19664254624523 31.82698674726146 10.61086805344267 76.54206383247467 4.011758730331817 53.20453445183614 68.71740224423692 62.79806583025241 33.3639167189842 125.35278491737103 94.43819432251074 67.220771086427 50.134810703153356 53.88111064354214 117.14162903466199 83.34102638477798 50.63731551689093 24.029032126603038 31.392621196593648 115.34174441610006 80.81541943158317 46.40473711106365 13.058362466915897 24.134946236316093 120.24148600831954 87.60600682530185 57.32749336465431 35.956948553449045 41.16059272806687 131.09151713292235 101.86609877551952 77.22174498864248 62.80504219811166 65.73072615207413
35.94973861392977 16.857012841514855 104.71661346768883 60.51768209857944 67.39931283683514 79.43225789818875 67.53196077936522 11.893238897243592 12.47910534600236 57.177855685744014 69.63322668561797 68.46852422040622 30.92638008547485 30.14352397664184 84.20659064226115 42.45254655195664 51.84437463312273 93.2333007853943 91.88998809010872 17.7120546579213 0.0 25.63263573842858 87.56444320483695 59.00311473725219 63.74336876529574 73.00214351857721 52.74452637981304 19.39619681975024 15.252574199295529 66.73436829693159 65.54625474432756 63.49419821430902 48.55769335052312 24.79545125539269 93.67260477863165 20.519735137229976 70.88250460789531 84.12108828097287 77.1199827495793 49.220158181781635 138.21749879100483 105.74974666995315 75.21144178106987 50.25269282331418 42.29332577888734 132.31638828295425 97.9859639840542 63.950934873095434 31.193675773135084 15.849894299239974 132.1999654557202 97.83014248415698 63.71415602942104 30.70995875759361 14.884906571105551 137.8828905878336 105.31606525940336 74.6061495132735 49.35081913253068 41.22803675039031 148.70144699409775 119.00996566671625 92.7867799812035 73.82522723976587 68.4522084669764
37.735242057897345 24.31010601554047 88.0426816376859 47.93970520696522 42.17394646743403 63.457256238805144 54.902102227116316 32.27581494328322 14.472018806955909 36.61681110498876 45.4317708885151 43.60357763800217 39.772465022784914 34.0956185135797 68.67955482170927 46.92394120486479 30.515109112898188 72.7184251046869 69.0420321332482 21.621547512746716 25.63263573842858 0.0 63.82493494968657 47.557111373877696 47.290855014103194 55.91844992078371 47.607171394167075 32.94277334776036 12.84571826311735 42.52262554671439 47.65836402908732 38.35255489819307 47.26135345313412 31.766490057546406 76.96257543132903 19.24597438664726 61.90908048900992 63.20274879065674 54.802580480640074 50.44406769398285 113.72449692055025 80.6124051213238 49.581223932372716 28.51446864311963 39.530890779140144 110.17595623842094 75.57212710039458 40.968352073217574 6.365513679314257 28.239831318500148 113.6622903774908 80.52543070700011 49.44100772487025 28.272265868849537 39.35820509517637 123.58940568070932 93.90373344803677 68.96575723496987 55.58268386328428 61.78501743806543 138.57951166146907 112.74622213753669 92.81088137920501 83.13079060175305 87.19126412441342
72.94447271384155 87.66993245551575 45.026427895746494 46.9853891289489 40.931822617277646 37.06674712927078 46.571618715176676 89.34281872701584 75.08637283337598 32.50785322410038 18.504646373524523 21.66953504195494 82.35033103125946 75.06234123656998 39.73725013297081 79.15017408744295 36.41077019640951 21.335005081192474 8.036279650527185 74.32072935659819 87.56444320483695 63.82493494968657 0.0 49.73624480727192 36.940881798794706 33.108051717838755 63.10004986720164 84.39103175999375 72.34287114902108 21.376154161461923 32.640526312744534 27.384484986909296 70.02477510088605 77.89183222799345 38.64147843972248 70.31979480628145 57.24816618720021 17.02386585299235 13.199939243092995 75.18179738662637 51.03293557596383 23.543760058854076 29.985050629393 60.32200580292943 93.6655326468576 47.566858216606654 14.686415633071084 23.74086655466164 57.50147669800454 91.89158850062223 59.355265703353304 38.26961990737415 42.43711471641406 67.3207416731861 98.27555377143942 79.91003272841424 65.5809133900401 67.90340296484057 85.53163818031545 111.42362041197663 104.1640054923436 93.40452727801474 94.83331566251768 107.96756999356568 129.28774475535033
28.88517310453742 68.49513762140468 46.946235473191514 2.841384666856589 63.35108319299192 22.48314953455736 8.626987782092632 54.41433201625891 48.90109499118304 23.770288873145102 41.28535034159347 44.99718764944167 39.12885673650585 33.483503282458955 26.348242576575576 31.854350307266042 26.708554100732844 42.71402969606208 49.01880457183642 41.3757124850863 59.00311473725219 47.557111373877696 49.73624480727192 0.0 12.797456055013184 19.187450386346192 13.792322991411815 46.25162096865148 46.35523784203076 40.06164471192673 17.111262694046715 45.04489122897784 21.36922913379101 38.41559080669206 36.41239233650572 38.55729855224223 14.761448376314355 36.58175803564035 36.608976613188034 26.234589888449193 97.02649120611781 73.24171820755322 60.904358612217756 66.70168538245343 87.08427579162407 82.22047851690422 52.29527789130994 33.2297842457785 43.22585455211279 70.90531652697062 75.47286367825357 40.99410632998606 7.728798930731297 28.87569720640181 63.267143309330024 78.87990257635687 46.92090952911275 23.998923163520296 36.676541774452964 67.15082249334712 91.31174433663455 65.55860884850009 51.50563851249883 58.33123921125169 80.91377634118618
38.829921159363515 70.44221311279503 41.246849517317536 10.079415767770039 54.06390440997827 16.202591616116788 11.988651040235695 61.32671272496399 52.29438101045306 14.619226509104418 29.58932529347553 33.8256401857412 48.972571876429996 42.415552540574915 21.391301387147966 43.43545383109322 19.764988439197232 31.730489188895266 36.49357716581533 46.95036106326509 63.74336876529574 47.290855014103194 36.940881798794706 12.797456055013184 0.0 9.268231227648386 26.296026053796766 54.157317528468425 49.51216081655116 28.814461939761003 4.322902749521271 34.89258343958531 33.53931817220193 46.60051468689659 30.124127207979715 43.461136822467026 23.190017000884158 24.485032315724652 23.814306936219506 38.59543487831032 84.85338322842809 60.444605162965985 50.01808834216897 61.19536951570316 85.92288728260704 71.74677861499597 40.248036864474415 22.069289867514133 41.821615143044134 73.52473247197085 68.46957982891627 34.126351622154516 5.998842872224923 36.086258939605166 70.45071880671063 76.29922846083991 47.82976690822903 33.89148536893763 49.03479170981704 77.81401322867823 92.45540642654039 70.63339349553462 61.84601498289577 71.10247573796892 93.17174322826921
47.24970243908014 79.39147013926163 32.20717003409448 16.394255372447926 57.60524393911356 8.023259843597843 13.73753408255935 70.51816192949464 61.49160672541785 20.855234694811536 30.789405239049387 35.713088695912994 57.48395916208847 51.1823350955883 13.291654016195269 50.996804760402725 26.84032749845479 23.537012513879045 30.825492990300116 56.20704154454416 73.00214351857721 55.91844992078371 33.108051717838755 19.187450386346192 9.268231227648386 0.0 32.90777361612812 63.19900480486771 58.697195773475784 30.894070297484852 8.359527383806522 38.141901878021535 40.55046818872367 55.562871720995105 21.08656760859123 52.72892221358203 24.140308308127242 17.91582942232288 21.035862780936334 45.35170503036458 78.06983198658848 56.45947395241984 51.722813717667634 67.51022475400215 93.99369745059413 63.25740025801851 33.36904287882076 24.90645719874341 50.21966198696854 82.57446059246082 59.20355774403874 24.932181223774755 11.533426835217368 45.158388717036054 79.62659148445174 67.86467929387341 41.37707437968151 34.833065183065926 55.76248858548044 86.02557987835796 85.45815462708693 66.21764447622837 62.138852801129694 75.71312934379472 99.99249582535417
18.169891285097755 64.95003052521481 58.28332529002218 16.632152583705427 71.90885305502579 35.26340300052372 20.617822845740847 45.867715845937795 44.77520035971622 34.40294701220904 52.94370480227507 56.012924760783946 27.768747675198494 23.766125150677176 38.32222930342582 18.64261694492795 35.39664973697351 56.37557181626996 62.73380169147771 35.28841820822823 52.74452637981304 47.607171394167075 63.10004986720164 13.792322991411815 26.296026053796766 32.90777361612812 0.0 36.92436040996205 42.70094317072404 51.29709257737966 30.52139743775946 55.043238002808614 7.764786981048456 29.263182280601722 48.43582633397666 33.592087493513446 18.870274305857336 50.370108589153084 49.90718109286229 12.448865982723587 110.81865404288165 86.4987123799396 71.26037414260779 71.1956116960262 86.33857682911353 95.58989878042603 66.08757098379645 44.6377222792663 44.85873811047233 66.53500914767291 87.05930273493402 53.1392345391461 21.51941371925393 22.29894506513278 54.09483894048832 87.21550089097906 53.39241058453063 22.13155579606963 22.884762562493254 54.3366294021555 96.01609969025316 66.69692100716156 45.52676681583416 45.73524980967223 67.12346092968043
18.828670521288636 35.654298373110294 93.18955352005051 48.37284046156518 73.62462919302212 68.35647013540257 54.827082977212775 9.249725627468925 19.87493623223144 52.00224625838497 68.15622572892637 68.46200144309874 11.66511077160342 13.171594717525442 72.55327300402388 23.57054832459988 48.153065864344775 85.58756753580323 87.1575206362271 11.77763348461385 19.39619681975024 32.94277334776036 84.39103175999375 46.25162096865148 54.157317528468425 63.19900480486771 36.92436040996205 0.0 20.385246033845483 65.45907382907458 56.998897368812926 64.52208227589763 31.28753879232226 7.848739683058869 82.53281906587686 15.39862006234922 55.76382995645136 77.30713831658561 72.34084688175936 30.92900401965785 135.3471392476656 105.21889417752845 78.85410754535766 61.316489301414535 60.79671408885439 125.57296722580726 92.43483318519493 60.94802869094185 35.77655020826081 35.215002724759216 121.60678348096302 87.02216161439608 52.46291661861466 18.07519883337746 17.202389085549967 124.00735249089254 90.31636796551037 57.71578758624017 30.000348581326616 29.39000948722137 132.42876307301822 101.47282328885217 73.83015853804888 54.770910364790325 54.25509012786776
28.989516727679483 22.366664089387058 90.73072936062435 47.47933694729713 54.74568990585593 65.50662965580314 54.60062498750029 19.577050472677612 2.8452263923140793 42.040711745048576 54.51288219693465 53.56918552258097 28.588830303368855 24.196892421082957 70.46168342528429 37.548077834300436 36.61550875752708 78.24372578865345 76.64023660685909 9.994420312515999 15.252574199295529 12.84571826311735 72.34287114902108 46.35523784203076 49.51216081655116 58.697195773475784 42.70094317072404 20.385246033845483 0.0 51.62560248520514 50.964803864830934 48.78253046968134 40.38987620254476 20.604967643059783 79.62103994565838 9.458393817620578 59.48298862637866 69.0418745963211 61.88285203201595 42.5324086406537 123.0770547762336 90.90098342305899 61.423455573215044 40.95751134446858 44.463685304129136 117.1366288421959 82.75954454414284 48.70468700293349 17.029468145653567 24.55017232149733 117.75456840454474 83.62389449510121 50.14600922318979 20.763860715824755 27.248903520643953 124.83348417787717 93.24387947259454 64.80941120474054 45.835738659773476 48.95290117277043 137.37784545945036 109.33178967288768 86.1914253250151 72.7958592710634 74.59400926048525
56.77820704145858 66.29407102601517 56.221216183378544 37.88723601220073 26.991813996221865 38.191687400553626 40.748676595338814 69.46893527126893 54.298098035737816 16.905451547163235 2.913416644909283 5.011223132048786 65.20912870070643 57.7428248351322 42.85413143507974 64.33407502632109 17.85199479811772 35.002433808514915 27.385570335867452 54.66614488817059 66.73436829693159 42.52262554671439 21.376154161461923 40.06164471192673 28.814461939761003 30.894070297484852 51.29709257737966 65.45907382907458 51.62560248520514 0.0 25.153994753946872 8.00718625483112 56.923625876266016 59.68294700054921 46.700107440302006 50.66230342310823 52.000891926579826 25.92524290292136 15.527509359797747 62.081810823632615 71.48569851744216 39.78508220698866 21.221357544535156 41.384596676467034 73.27939167480525 68.54959829139645 34.28514610171701 6.837293065907376 36.23367805896882 70.5256250652246 76.6869931230092 48.44031813862653 34.73995714156204 49.61950742393179 78.18028591317743 93.03590717981554 71.38462843625983 62.694716232406726 71.83499721651226 93.7266414684171 114.11942953634025 97.07325023279988 90.6525256841382 96.99091558532878 113.97933053131408
42.36610034359733 71.29351592328004 40.387657882098374 14.40231176585331 51.02374170464219 16.274042370250967 15.683750053586257 63.819543851009996 53.78525270570366 12.690198594318188 25.70964473799497 30.151561326131983 52.404579841891746 45.65004665913464 21.574802252229833 47.37053592711115 18.537778583174354 28.591094159389055 32.41105887552251 49.178773095753364 65.54625474432756 47.65836402908732 32.640526312744534 17.111262694046715 4.322902749521271 8.359527383806522 30.52139743775946 56.998897368812926 50.964803864830934 25.153994753946872 0.0 31.66088693752148 37.66272410963639 49.58744394144019 29.30548957873588 45.54066443193922 26.98318288049725 20.757104697974405 19.4977854948739 42.75579434767157 80.90924427472575 56.13214162391544 46.369614236741185 59.53383250768798 85.6342547610264 68.60634586583855 36.44496167049221 18.560377085178963 41.89973499042899 74.57570526146286 66.79269170211465 32.938175198492324 10.170333285906608 38.946123633182985 72.97272083522228 76.22085510949303 49.20259881692404 37.775643312067835 53.178277950680524 81.38602941802696 93.55115673970259 73.04844762351563 65.68943712069675 75.42478555007295 97.2494939687602
58.100097473908704 61.27015101011532 64.22810657615453 43.164881284790724 19.466213114983486 45.68856671301834 46.8695600786308 67.52172384129037 51.28598410273482 21.274640474777517 9.897008038241012 5.724773184739261 65.702553655476 58.26017579414741 50.49223047060364 66.28773251106188 19.80966131698829 42.839155127480275 34.22914135291123 53.19664254624523 63.49419821430902 38.35255489819307 27.384484986909296 45.04489122897784 34.89258343958531 38.141901878021535 55.043238002808614 64.52208227589763 48.78253046968134 8.00718625483112 31.66088693752148 0.0 59.92618760752173 59.474202678225346 54.65674041489197 49.277053119381904 57.944277476107075 33.88329897413284 23.45197408146307 64.96473240688074 75.5473305354349 42.28670342283788 16.241338883873482 33.67857714053601 66.32919187462655 74.95010105759992 41.22025491309206 13.249625719351084 32.35501736049056 65.67338209014922 84.36931769296207 56.44456335837458 40.60317923096946 50.06066381196062 75.88375600445328 101.04110902618758 79.04883277735348 68.43166727011929 74.24170714883667 93.46406768234607 122.02750818307896 104.3413697831909 96.32342795154612 100.3192739635123 115.08424442778258
12.670519782134553 62.08713495196859 65.81824833854 24.187693878098653 75.7537692831185 43.02564105074325 28.378347255226625 40.47599359713029 42.09705876755862 40.07555000713855 58.79148269086548 61.453628432688475 21.080095988215938 18.53523807747385 46.01809300720464 10.955171338605467 40.11660772527921 64.05802143703363 70.03222193634808 31.82698674726146 48.55769335052312 47.26135345313412 70.02477510088605 21.36922913379101 33.53931817220193 40.55046818872367 7.764786981048456 31.28753879232226 40.38987620254476 56.923625876266016 37.66272410963639 59.92618760752173 0.0 24.072253899518877 56.11298519642319 30.955472100831123 25.61464768995352 57.84207800502512 56.8294211773902 5.200789272747031 118.30090772284188 93.27390355462045 76.15569352864537 72.7606383184308 84.75425405167108 103.34728200318483 73.59375723008966 50.460254961879436 45.510980886672165 63.17497332622683 94.59582360107184 60.82493000943533 29.08304360894548 19.667836374082658 48.194119941239144 93.79942121145261 59.59037437365826 26.43001969767386 15.521955075112626 46.67084917169497 101.14620121978966 70.49873379124583 45.8738854443522 40.417566982913904 59.64537309362964
11.41289274421249 39.70748549180865 85.3590863243143 40.563562073111406 70.23062815653633 60.57679041283863 46.983381614986186 16.60574844860276 21.178376690714057 45.388605648277526 62.28023795036627 63.01807586937218 8.042514117061112 5.560939305183105 64.73190944609186 17.894890833340206 42.03517520324906 78.16887905222967 80.27979480976575 10.61086805344267 24.79545125539269 31.766490057546406 77.89183222799345 38.41559080669206 46.60051468689659 55.562871720995105 29.263182280601722 7.848739683058869 20.604967643059783 59.68294700054921 49.58744394144019 59.474202678225346 24.072253899518877 0.0 74.7290192187815 12.559345121592186 48.04791864790377 70.06796714167768 65.55931494680378 24.42545497015747 128.68858743112057 99.2656664771306 74.44043132888065 60.19857443327553 64.04017633143903 118.1936550521776 85.36093851455553 54.75467318878465 33.233918384718265 40.07177448065286 113.80696775490676 79.23468659048183 44.71128829589862 10.71994102323441 25.011778475064997 116.22249515410411 82.6357536960951 50.443143171928554 25.59681801969029 34.06944361349682 125.04653382186608 94.54128634623825 68.07552364589351 52.204424238107144 56.666831533794856
