0 169 152 61 100 21 104 142 17 206 180 204 76 188 142 32 99 121 148 131 42 159 140 99 101 14 110 128 25 200 147 188 85 184 131 37 86 120 138 113 131 133 137 143 151 161 171 183 195 208 117 119 124 131 139 149 161 173 186 200 103 105 111 118 128 139 151 164 178 192 89 92 98 106 117 129 142 156 171 186 74 78 85 95 107 120 134 149 164 179 60 65 73 85 98 112 127 142 158 174 46 52 62 75 90 105 121 137 154 170 32 40 53 68 84 100 116 133 150 167 19 31 46 63 80 97 114 131 148 165 9 26 43 61 78 95 112 130 147 164
169 0 37 116 74 149 66 79 160 40 31 38 94 46 40 145 93 59 29 76 129 12 64 81 72 156 60 58 150 35 30 20 86 45 39 144 85 66 53 58 144 128 111 96 81 67 54 46 43 47 140 124 107 90 74 59 44 33 29 35 138 121 104 87 70 53 37 22 15 25 137 120 103 85 68 51 34 16 2 19 138 121 104 86 69 52 36 21 13 23 140 123 106 90 73 57 43 31 27 33 143 127 111 95 79 65 53 44 41 45 148 132 116 101 87 75 64 57 54 57 154 138 124 110 97 85 76 70 68 71 161 146 132 119 107 97 89 84 82 84
152 37 0 108 53 134 52 43 140 59 67 59 79 37 11 124 63 32 49 40 117 38 27 82 51 140 48 27 130 53 50 47 68 33 41 122 66 36 71 42 108 91 75 59 45 33 27 32 44 59 105 88 71 54 38 22 14 22 37 54 105 87 70 53 35 18 1 18 35 52 106 89 72 55 38 23 15 23 38 54 109 92 76 60 46 34 29 34 45 59 113 97 82 68 56 47 43 46 55 67 119 104 90 78 67 60 57 59 66 77 127 113 100 88 79 73 71 73 78 87 135 122 110 100 92 87 85 86 91 99 144 132 121 112 105 100 98 100 104 111
61 116 108 0 61 41 57 115 60 155 122 153 34 144 98 53 77 81 92 102 20 105 106 39 61 48 61 90 53 150 90 135 47 141 77 57 48 85 78 67 134 128 124 123 124 127 133 140 149 160 121 115 110 109 110 114 120 128 138 149 109 101 96 95 96 100 107 117 128 140 96 88 83 81 82 87 95 106 118 131 85 75 69 66 69 75 84 96 109 123 74 63 55 52 55 63 74 87 101 116 65 52 42 38 42 52 65 79 95 111 58 42 30 24 30 42 58 74 90 107 53 36 20 10 20 36 53 70 88 105 53 35 18 5 18 35 53 70 87 104
100 74 53 61 0 82 15 54 89 108 94 107 28 88 42 73 28 22 63 42 66 67 45 51 3 88 20 30 78 102 62 92 16 85 42 71 15 24 68 18 92 80 71 65 63 66 74 84 96 110 83 70 59 51 49 53 62 74 88 102 75 60 47 38 35 41 52 66 81 97 70 53 38 26 21 30 44 59 76 93 67 50 33 16 8 22 39 56 73 91 67 50 33 16 9 22 39 56 73 91 70 54 38 26 22 30 44 60 76 93 75 61 48 39 36 41 52 66 81 97 83 70 59 52 50 54 63 74 88 103 92 81 71 66 64 67 74 84 96 110
21 149 134 41 82 0 84 127 21 187 160 185 56 170 123 25 84 103 128 116 22 139 124 79 83 8 90 111 20 181 127 168 66 166 111 30 68 103 118 94 125 125 127 131 137 145 154 165 177 190 111 111 113 117 124 133 143 155 167 181 97 96 99 104 112 122 133 145 159 173 83 82 85 91 100 111 123 137 151 166 69 68 72 79 89 101 115 129 144 159 55 54 58 67 79 92 107 122 138 154 41 40 46 57 70 85 101 117 133 150 28 26 34 48 63 80 96 113 130 147 16 13 26 43 59 77 94 111 128 145 12 8 24 41 59 76 93 110 128 145
104 66 52 57 15 84 0 64 94 103 83 101 29 88 41 79 42 26 51 52 66 57 52 39 13 91 7 35 84 97 50 85 21 84 31 79 20 33 54 10 106 94 84 76 72 72 76 84 94 106 97 84 72 63 58 58 63 72 84 97 89 75 61 51 44 44 51 62 75 90 83 67 52 39 31 31 40 53 68 84 79 63 46 30 18 18 31 47 63 80 78 61 43 26 9 10 27 44 61 79 79 62 45 29 16 16 30 46 63 80 83 66 51 38 29 29 38 52 67 83 88 73 60 49 42 42 49 60 74 89 96 82 70 61 56 56 61 70 82 96
142 79 43 115 54 127 64 0 128 95 108 95 81 61 42 111 44 39 87 13 116 79 17 102 55 132 64 31 118 90 87 88 68 57 73 107 67 32 105 58 67 50 33 17 10 23 39 56 73 90 67 50 33 16 6 21 38 56 73 90 69 53 37 24 20 28 43 59 75 92 75 60 46 37 34 39 51 65 80 96 82 69 57 50 48 52 61 73 87 101 91 79 70 63 62 65 72 82 95 109 101 91 82 77 76 78 84 93 104 117 112 103 96 91 90 92 97 105 115 126 124 115 109 105 104 106 110 117 126 136 136 128 122 119 118 119 123 129 137 147
17 160 140 60 89 21 94 128 0 196 173 195 67 176 130 17 85 109 141 117 41 151 127 96 90 17 101 116 11 190 140 178 75 172 123 21 76 108 134 103 115 117 122 128 137 147 158 171 184 198 101 103 108 116 125 136 149 162 176 190 87 89 95 104 115 127 140 154 168 183 72 76 83 93 104 118 132 146 162 177 58 62 71 82 95 110 125 140 156 172 44 50 60 73 88 103 119 135 152 168 30 38 51 66 82 98 115 131 148 165 16 29 44 61 78 95 112 129 146 164 7 25 42 59 76 94 111 128 146 163 16 28 44 61 78 95 112 129 146 164
206 40 59 155 108 187 103 95 196 0 53 4 131 37 68 181 122 89 68 97 168 52 83 121 107 193 97 85 186 7 69 22 122 40 78 179 121 94 91 94 161 144 127 110 92 75 58 41 25 12 161 144 127 109 92 75 57 40 23 7 162 145 128 111 94 77 60 44 29 18 164 147 130 114 97 81 65 51 39 32 167 151 134 118 102 87 73 60 50 45 172 156 140 124 109 95 82 71 63 59 177 161 146 131 117 104 93 83 76 73 183 168 154 140 126 114 104 95 89 86 190 176 162 149 136 125 116 108 102 100 198 184 171 158 147 136 128 121 116 114
180 31 67 122 94 160 83 108 173 53 0 49 107 73 68 160 117 83 33 104 138 30 93 84 91 166 76 85 164 50 34 35 103 73 53 160 102 92 46 77 172 156 140 125 111 97 84 74 67 63 167 151 135 119 103 88 75 63 54 49 164 147 130 114 97 81 66 53 41 36 161 144 127 110 93 76 60 44 30 22 160 143 125 108 91 74 57 39 23 9 160 143 125 108 91 74 56 39 22 7 161 144 127 110 93 76 59 43 29 20 163 146 130 113 97 81 65 51 40 34 167 150 134 118 102 87 73 61 52 48 171 155 140 124 109 96 83 72 65 61
204 38 59 153 107 185 101 95 195 4 49 0 129 39 67 179 121 88 65 97 166 49 83 118 105 191 95 85 184 6 67 19 121 41 76 178 119 94 88 92 162 145 127 110 93 76 59 42 27 15 161 144 127 109 92 75 58 40 23 6 162 145 127 110 93 76 59 43 27 15 164 147 130 113 96 80 64 49 36 28 167 150 133 117 101 86 71 58 47 42 171 155 138 123 108 93 80 68 60 56 176 160 145 130 115 102 90 80 73 69 182 167 152 138 124 112 101 92 86 83 189 174 160 146 134 123 113 105 99 96 196 182 169 156 144 134 125 117 113 110
76 94 79 34 28 56 29 81 67 131 107 129 0 115 68 53 44 49 75 69 39 84 73 39 29 63 34 58 57 125 74 113 13 111 56 53 14 52 71 38 105 97 92 89 90 94 101 110 121 134 94 84 78 75 76 81 89 100 112 125 83 72 64 61 62 68 78 90 103 117 73 60 51 47 49 56 68 81 96 111 64 50 39 33 36 45 59 74 90 106 59 42 28 19 23 37 52 69 86 103 56 39 21 6 15 32 49 67 84 101 56 40 23 11 18 33 50 67 84 102 61 45 32 25 28 40 55 71 87 104 68 54 44 39 41 50 62 77 92 108
188 46 37 144 88 170 88 61 176 37 73 39 115 0 47 159 95 67 72 66 153 55 53 116 87 175 83 60 165 33 73 40 104 5 72 157 102 69 96 78 127 109 92 75 57 40 23 6 13 30 128 110 93 76 59 43 28 17 20 34 130 113 97 80 65 50 37 30 32 42 134 118 102 87 72 59 49 44 45 53 139 124 109 94 81 70 62 58 59 65 146 131 117 103 92 82 75 72 72 77 153 139 126 114 103 94 88 85 86 90 161 148 136 124 115 107 102 99 100 103 171 158 146 136 127 120 115 113 113 116 180 168 157 148 140 133 129 127 127 129
142 40 11 98 42 123 41 42 130 68 68 67 68 47 0 114 55 22 46 36 107 39 26 73 41 129 38 18 120 62 46 54 57 43 35 112 56 27 66 32 104 88 73 58 46 37 36 43 54 68 101 84 67 51 36 25 23 32 46 62 98 81 64 47 30 14 10 25 42 59 98 81 64 47 30 13 9 25 42 59 100 83 67 51 36 24 22 32 46 62 104 88 72 58 45 37 35 42 54 68 110 95 80 67 57 50 49 54 63 76 117 103 89 78 69 64 63 67 75 85 125 112 100 90 82 78 77 80 86 96 134 122 111 102 95 91 91 93 99 107
32 145 124 53 73 25 79 111 17 181 160 179 53 159 114 0 68 93 128 101 36 136 110 85 74 25 86 99 8 174 126 163 59 155 109 6 60 91 122 88 102 102 106 112 120 130 142 154 168 182 88 88 92 99 109 120 132 146 160 175 73 74 79 87 98 110 123 138 153 168 59 60 66 76 88 101 116 131 147 163 45 47 54 66 79 94 110 126 142 158 31 33 43 57 72 88 105 121 138 155 17 21 35 51 68 85 102 119 136 153 5 14 31 49 66 83 100 118 135 152 14 19 34 50 67 84 101 118 136 153 28 31 41 56 71 87 104 121 138 155
99 93 63 77 28 84 42 44 85 122 117 121 44 95 55 68 0 35 87 33 75 88 44 76 30 88 47 37 75 116 87 108 33 91 67 64 32 28 95 43 65 55 48 48 53 63 76 90 105 121 56 43 34 34 41 54 68 84 100 116 49 33 21 20 31 46 63 79 96 113 45 28 11 9 26 43 60 77 95 112 46 29 14 13 27 44 61 78 95 112 51 37 26 26 35 49 65 81 98 114 59 47 40 39 46 57 71 86 102 118 69 59 54 53 58 67 79 93 108 123 81 72 68 67 71 79 89 101 115 130 93 86 82 81 84 91 100 111 124 137
121 59 32 81 22 103 26 39 109 89 83 88 49 67 22 93 35 0 55 29 88 54 27 63 21 109 26 10 99 83 55 74 37 63 37 91 36 10 68 19 92 77 64 53 47 47 52 62 75 90 85 70 55 42 33 33 41 53 68 84 81 64 48 33 20 20 31 46 63 79 79 62 45 28 11 9 26 43 60 78 80 63 46 29 15 14 28 44 61 78 83 67 51 37 27 26 35 49 65 81 88 73 59 47 40 40 46 58 71 86 95 82 69 60 54 53 58 68 80 93 104 91 81 72 68 67 71 79 89 102 114 102 93 85 81 81 84 91 100 111
148 29 49 92 63 128 51 87 141 68 33 65 75 72 46 128 87 55 0 80 107 18 71 54 60 135 44 59 132 63 2 47 71 70 21 127 70 65 25 45 146 132 117 104 92 82 74 70 71 75 140 125 109 95 82 70 61 57 57 63 135 119 103 87 73 59 49 43 44 51 131 114 98 81 65 50 38 29 31 40 129 112 95 78 61 44 28 16 19 32 128 111 94 76 59 42 24 7 11 29 129 112 94 77 60 44 28 15 17 31 131 114 97 81 65 50 37 28 29 39 135 118 102 87 72 59 48 42 43 50 140 124 109 94 81 69 60 55 56 62
131 76 40 102 42 116 52 13 117 97 104 97 69 66 36 101 33 29 80 0 104 74 14 90 43 121 53 22 107 91 80 87 56 62 64 97 55 20 96 47 69 53 38 25 22 31 45 60 77 94 66 49 32 15 9 23 40 57 74 91 66 49 32 15 9 23 40 57 74 91 69 53 38 25 22 30 45 60 77 93 75 60 47 38 36 41 53 66 82 98 82 69 58 51 50 54 63 75 88 103 92 80 71 65 64 67 74 85 97 110 102 92 84 79 78 80 86 95 106 119 113 104 97 93 92 94 99 107 117 128 125 117 110 107 106 108 112 119 128 138
42 129 117 20 66 22 66 116 41 168 138 166 39 153 107 36 75 88 107 104 0 119 111 57 67 29 71 96 35 162 106 148 51 149 91 40 52 89 96 76 126 122 121 122 126 132 139 149 159 171 112 108 107 108 112 119 128 138 149 162 99 94 93 94 99 107 116 127 140 153 85 80 78 81 86 95 105 118 131 145 73 66 64 67 74 84 96 109 123 139 60 53 50 54 62 73 87 102 117 133 49 39 36 41 51 65 80 96 112 128 40 27 22 29 43 58 75 91 108 125 34 18 8 21 38 55 72 89 106 124 34 17 8 21 38 55 72 89 106 124
159 12 38 105 67 139 57 79 151 52 30 49 84 55 39 136 88 54 18 74 119 0 64 70 65 146 51 55 141 46 19 31 78 54 29 136 77 62 42 50 143 127 111 96 82 70 60 54 53 58 138 121 105 89 74 60 48 41 40 46 135 118 101 84 68 52 38 28 26 35 133 115 98 81 64 47 30 16 14 27 132 115 98 80 63 46 28 11 8 25 133 116 99 82 65 49 33 20 18 30 136 119 102 86 70 55 42 33 31 39 140 123 107 92 77 64 53 46 45 51 145 129 114 99 86 74 65 59 59 63 151 136 122 108 96 85 77 73 72 76
140 64 27 106 45 124 52 17 127 83 93 83 73 53 26 110 44 27 71 14 111 64 0 89 46 129 51 17 117 78 71 74 61 49 57 107 59 22 89 45 81 65 48 33 22 22 33 47 64 80 79 62 45 27 11 10 27 44 61 78 79 62 45 28 13 12 27 44 61 78 82 66 50 35 25 24 34 49 65 81 87 72 58 46 38 38 45 57 71 86 94 80 67 58 52 52 57 66 79 93 102 90 79 70 66 65 70 78 88 101 112 100 91 84 80 79 83 89 99 110 122 112 103 97 93 93 96 102 110 120 133 124 116 110 107 107 110 115 122 131
99 81 82 39 51 79 39 102 96 121 84 118 39 116 73 85 76 63 54 90 57 70 89 0 49 86 38 72 87 115 53 100 45 113 44 87 45 71 40 45 140 130 121 114 110 108 109 112 118 127 130 119 109 101 96 94 95 99 106 115 120 108 97 88 82 80 81 86 94 104 111 98 86 76 69 66 68 74 83 94 103 89 75 64 56 52 54 62 72 85 97 81 66 53 43 38 41 50 63 78 92 75 59 44 31 24 29 41 56 72 89 72 55 38 22 10 19 35 52 69 89 72 54 37 20 5 17 34 51 68 91 74 57 41 27 19 24 38 54 70
101 72 51 61 3 83 13 55 90 107 91 105 29 87 41 74 30 21 60 43 67 65 46 49 0 89 18 30 80 100 59 90 17 83 40 73 16 25 66 15 94 82 73 66 64 66 73 83 95 108 85 72 60 53 50 53 61 73 86 101 78 63 49 40 36 40 50 64 79 95 72 56 40 27 22 29 42 57 74 90 69 52 35 18 8 20 37 54 71 88 69 52 35 18 7 20 37 54 71 88 72 56 40 27 21 28 42 57 74 90 77 62 49 39 35 40 50 64 79 94 85 71 60 52 49 52 61 72 86 100 94 82 72 65 63 66 72 82 94 108
14 156 140 48 88 8 91 132 17 193 166 191 63 175 129 25 88 109 135 121 29 146 129 86 89 0 97 116 19 187 133 175 72 172 118 31 74 109 125 100 126 127 129 134 141 150 160 171 183 196 112 113 116 121 129 138 149 161 174 187 98 99 102 108 117 127 139 152 165 179 84 84 89 96 105 117 129 143 157 172 69 70 75 84 95 107 121 136 151 166 55 56 63 73 85 99 114 129 145 161 41 43 51 63 77 92 108 124 140 157 27 30 40 55 70 87 103 120 137 154 13 18 33 50 66 84 101 118 135 152 5 14 31 48 65 83 100 117 135 152
110 60 48 61 20 90 7 64 101 97 76 95 34 83 38 86 47 26 44 53 71 51 51 38 18 97 0 35 91 91 43 79 27 80 24 85 26 34 49 7 110 98 87 78 72 71 73 79 89 100 102 88 75 65 59 57 60 68 78 91 95 80 66 54 45 43 47 56 69 83 89 73 57 43 32 29 35 47 62 77 86 69 52 36 21 15 25 40 57 74 84 67 50 33 15 3 20 38 55 72 86 69 52 35 21 14 25 40 57 74 89 73 57 43 32 28 34 47 61 77 94 79 65 53 45 42 47 56 69 83 102 88 75 65 58 56 59 67 78 91
128 58 27 90 30 111 35 31 116 85 85 85 58 60 18 99 37 10 59 22 96 55 17 72 30 116 35 0 106 79 59 72 46 56 43 97 44 10 75 28 88 73 59 46 38 37 44 55 69 85 83 67 51 36 25 24 33 47 63 80 81 63 46 30 14 11 26 43 60 77 80 63 46 29 12 9 25 42 59 77 83 66 50 35 23 21 32 46 62 79 87 71 57 44 36 35 42 54 68 83 94 79 66 56 49 48 54 63 76 90 102 88 77 68 63 62 66 74 85 98 111 99 89 81 77 76 79 86 96 107 121 110 101 94 91 90 93 99 107 117
25 150 130 53 78 20 84 118 11 186 164 184 57 165 120 8 75 99 132 107 35 141 117 87 80 19 91 106 0 180 130 168 64 161 113 13 66 97 125 93 109 109 113 119 127 137 148 161 174 188 94 95 100 106 115 126 138 152 166 180 80 81 86 94 104 116 129 143 158 173 66 67 73 83 94 107 121 136 152 167 51 54 61 72 85 99 115 130 146 163 37 40 50 63 77 93 109 125 142 159 23 28 40 56 72 88 105 122 139 156 9 18 35 52 69 86 103 120 138 155 7 17 34 51 69 86 103 120 138 155 21 26 39 55 71 88 105 122 139 156
200 35 53 150 102 181 97 90 190 7 50 6 125 33 62 174 116 83 63 91 162 46 78 115 100 187 91 79 180 0 64 17 116 36 73 173 115 88 86 88 156 139 122 105 87 70 53 37 22 13 156 138 121 104 86 69 52 34 17 2 156 139 122 105 88 71 54 37 23 15 158 141 124 108 91 75 59 45 33 29 161 145 128 112 96 81 67 55 46 42 166 149 134 118 103 89 76 66 59 56 171 155 140 125 111 98 87 78 72 70 177 162 148 134 121 109 99 90 85 83 184 170 156 143 131 120 110 103 99 97 192 178 165 153 141 131 123 116 112 111
147 30 50 90 62 127 50 87 140 69 34 67 74 73 46 126 87 55 2 80 106 19 71 53 59 133 43 59 130 64 0 48 70 71 20 126 69 64 24 45 146 131 117 104 92 82 75 71 72 76 140 124 109 95 81 70 62 57 58 64 134 118 102 87 72 59 49 44 45 52 131 114 97 81 65 50 38 30 32 42 128 111 94 77 60 43 28 17 20 33 127 110 93 75 58 41 23 6 12 30 128 111 93 76 59 43 26 14 18 32 130 113 96 80 64 48 35 27 29 39 133 117 101 85 71 57 47 41 42 50 138 123 107 93 79 68 59 55 55 61
188 20 47 135 92 168 85 88 178 22 35 19 113 40 54 163 108 74 47 87 148 31 74 100 90 175 79 72 168 17 48 0 104 41 58 162 103 81 70 76 154 137 120 104 87 71 56 42 32 30 152 135 118 101 84 67 50 34 20 16 151 134 117 99 82 65 48 30 13 6 152 135 117 100 83 66 49 33 18 14 154 137 120 103 86 70 54 40 29 27 157 140 124 107 91 76 62 50 42 40 161 145 129 113 98 84 72 62 55 54 166 150 135 121 107 94 83 74 69 68 172 157 143 129 116 104 94 87 82 81 180 165 151 138 126 115 107 100 96 95
85 86 68 47 16 66 21 68 75 122 103 121 13 104 57 59 33 37 71 56 51 78 61 45 17 72 27 46 64 116 70 104 0 100 51 58 2 39 71 29 97 87 80 77 77 82 89 99 111 124 86 75 67 63 64 69 78 89 102 116 76 63 54 49 50 56 67 80 94 109 68 53 42 35 36 45 58 72 88 104 62 46 31 21 24 36 51 67 84 101 58 41 24 9 13 30 47 64 81 99 59 42 25 10 15 30 47 64 82 99 62 47 33 23 25 37 52 68 84 101 69 55 44 37 38 47 59 73 89 105 77 65 56 51 52 58 69 81 95 110
184 45 33 141 85 166 84 57 172 40 73 41 111 5 43 155 91 63 70 62 149 54 49 113 83 172 80 56 161 36 71 41 100 0 70 153 99 65 95 75 123 106 88 71 54 36 19 2 17 34 124 107 89 72 55 39 24 14 22 37 126 109 93 76 61 46 34 28 32 44 130 114 98 82 68 55 46 42 45 54 135 120 105 90 77 67 59 56 58 65 142 127 113 100 88 79 72 70 71 77 149 135 122 110 99 91 86 83 85 89 157 144 132 121 111 104 99 97 98 102 167 154 143 132 124 117 113 111 112 115 176 165 154 144 137 130 126 125 126 129
131 39 41 77 42 111 31 73 123 78 53 76 56 72 35 109 67 37 21 64 91 29 57 44 40 118 24 43 113 73 20 58 51 70 0 108 50 47 33 25 128 114 100 88 79 72 68 69 75 83 121 106 91 78 67 58 54 56 62 73 115 99 84 69 56 46 41 43 51 63 111 94 78 62 47 34 27 30 41 55 109 91 74 57 41 25 13 19 34 50 108 91 73 56 39 21 4 14 32 49 109 92 75 58 42 27 16 21 35 51 112 95 79 63 49 37 30 33 43 57 117 101 85 71 58 49 44 46 54 65 123 108 93 80 69 61 58 59 65 75
37 144 122 57 71 30 79 107 21 179 160 178 53 157 112 6 64 91 127 97 40 136 107 87 73 31 85 97 13 173 126 162 58 153 108 0 59 88 123 87 96 97 101 108 116 127 139 152 165 180 82 83 88 95 105 117 130 143 158 173 68 69 75 83 95 107 121 136 151 167 54 55 62 72 85 99 114 130 146 162 39 42 50 63 77 93 108 125 141 158 25 29 41 55 71 88 104 121 138 155 11 18 34 51 68 85 102 119 136 154 5 15 32 50 67 84 102 119 136 153 19 24 37 53 69 86 103 120 137 154 33 36 46 59 74 90 106 123 140 157
86 85 66 48 15 68 20 67 76 121 102 119 14 102 56 60 32 36 70 55 52 77 59 45 16 74 26 44 66 115 69 103 2 99 50 59 0 38 70 28 96 86 79 76 76 80 88 98 110 123 85 74 66 62 62 67 76 88 101 115 76 63 53 48 48 55 66 79 93 108 68 53 41 34 35 44 56 71 87 103 62 46 31 20 22 34 50 66 83 100 59 42 25 8 12 29 46 63 81 98 60 43 26 12 15 30 47 64 81 98 63 48 34 25 26 37 52 67 84 101 70 56 45 39 39 47 59 73 89 105 79 67 57 53 53 59 69 81 95 110
120 66 36 85 24 103 33 32 108 94 92 94 52 69 27 91 28 10 65 20 89 62 22 71 25 109 34 10 97 88 64 81 39 65 47 88 38 0 78 27 82 67 54 45 40 43 52 64 78 94 76 60 45 33 26 30 42 57 72 89 73 56 39 23 12 20 35 52 69 86 72 54 37 20 4 16 33 51 68 85 74 57 41 26 17 23 37 53 70 87 78 63 48 37 31 35 45 59 74 90 85 71 58 49 45 47 56 67 81 96 93 80 70 62 59 61 67 77 89 103 103 91 82 76 73 74 80 88 99 111 113 103 95 89 87 88 93 100 109 121
138 53 71 78 68 118 54 105 134 91 46 88 71 96 66 122 95 68 25 96 96 42 89 40 66 125 49 75 125 86 24 70 71 95 33 123 70 78 0 53 158 145 132 120 111 103 97 95 95 99 150 136 122 110 99 90 84 81 82 86 143 128 113 100 88 78 70 67 68 73 137 121 106 91 78 66 57 53 55 61 132 115 99 84 69 55 45 40 41 50 128 111 95 78 62 47 33 26 29 40 126 109 92 75 58 41 25 12 18 33 126 108 91 74 57 39 22 5 14 31 127 110 93 76 59 43 28 17 22 35 129 113 96 80 64 50 38 31 33 43
113 58 42 67 18 94 10 58 103 94 77 92 38 78 32 88 43 19 45 47 76 50 45 45 15 100 7 28 93 88 45 76 29 75 25 87 28 27 53 0 105 92 81 71 65 64 67 74 84 96 97 83 70 59 52 50 54 62 74 88 91 75 61 48 39 36 41 52 66 81 86 70 54 38 26 22 30 44 60 76 84 67 50 33 16 9 22 39 56 73 84 67 50 33 16 8 22 39 56 73 86 70 53 38 25 21 30 44 59 76 91 75 60 47 38 35 41 52 65 81 97 83 69 58 51 49 53 62 74 87 105 92 80 71 65 63 66 73 83 96
131 144 108 134 92 125 106 67 115 161 172 162 105 127 104 102 65 92 146 69 126 143 81 140 94 126 110 88 109 156 146 154 97 123 128 96 96 82 158 105 0 18 35 52 70 87 104 122 139 156 15 23 38 54 71 88 105 122 140 157 29 34 45 60 75 91 108 125 142 159 43 47 55 68 82 97 113 129 145 162 58 60 67 77 90 104 119 134 150 166 72 74 80 88 99 112 126 140 156 171 86 88 93 100 110 122 134 148 162 177 100 102 106 112 121 132 144 156 170 184 115 116 119 125 133 143 154 166 179 192 129 130 133 138 145 154 164 176 188 201
133 128 91 128 80 125 94 50 117 144 156 145 97 109 88 102 55 77 132 53 122 127 65 130 82 127 98 73 109 139 131 137 87 106 114 97 86 67 145 92 18 0 18 35 52 70 87 104 122 139 23 15 23 38 54 71 88 105 122 140 34 29 34 45 60 75 91 108 125 142 47 43 46 55 67 82 97 112 129 145 60 57 60 67 77 90 104 118 134 150 74 72 73 79 88 99 112 126 140 155 88 86 87 92 100 110 121 134 148 162 102 100 101 105 112 121 131 143 156 170 116 114 115 119 125 133 142 153 165 178 130 128 129 132 138 145 154 164 175 187
137 111 75 124 71 127 84 33 122 127 140 127 92 92 73 106 48 64 117 38 121 111 48 121 73 129 87 59 113 122 117 120 80 88 100 101 79 54 132 81 35 18 0 18 35 52 70 87 104 122 38 23 15 23 38 54 71 88 105 122 45 34 29 34 45 60 75 91 108 125 55 46 43 46 55 67 81 97 112 129 67 60 57 60 67 77 90 104 118 134 80 73 71 73 79 88 99 112 126 140 93 87 85 87 92 99 109 121 134 148 106 101 99 101 105 112 121 131 143 156 119 115 114 115 118 124 132 142 153 165 133 129 128 129 132 137 144 153 163 175
143 96 59 123 65 131 76 17 128 110 125 110 89 75 58 112 48 53 104 25 122 96 33 114 66 134 78 46 119 105 104 104 77 71 88 108 76 45 120 71 52 35 18 0 18 35 52 70 87 104 54 38 23 15 23 38 54 71 88 105 60 45 34 29 33 45 59 75 91 108 68 55 46 43 46 55 67 81 97 112 77 67 60 57 59 66 77 89 103 118 88 79 73 71 73 79 88 99 112 125 100 92 87 85 87 91 99 109 121 134 112 105 101 99 100 105 111 120 131 143 125 119 115 113 114 118 124 132 141 152 138 132 129 127 128 131 137 144 153 163
151 81 45 124 63 137 72 10 137 92 111 93 90 57 46 120 53 47 92 22 126 82 22 110 64 141 72 38 127 87 92 87 77 54 79 116 76 40 111 65 70 52 35 18 0 18 35 52 70 87 71 54 38 23 15 23 38 54 71 88 75 60 45 33 29 33 45 59 75 91 82 67 55 46 43 46 55 67 81 96 90 77 67 59 57 59 66 77 89 103 99 88 79 73 71 73 78 87 99 111 110 100 92 87 85 86 91 99 109 120 121 112 105 100 99 100 104 111 120 130 133 125 118 114 113 114 117 123 131 141 145 138 132 128 127 127 131 136 143 152
161 67 33 127 66 145 72 23 147 75 97 76 94 40 37 130 63 47 82 31 132 70 22 108 66 150 71 37 137 70 82 71 82 36 72 127 80 43 103 64 87 70 52 35 18 0 18 35 52 70 88 71 54 38 23 14 23 38 54 71 91 75 60 45 33 28 33 45 59 75 97 82 67 55 46 42 46 55 67 81 104 90 77 66 59 56 59 66 76 89 112 99 88 79 73 70 72 78 87 98 122 110 99 91 86 84 86 91 98 108 132 121 112 105 100 98 99 104 110 119 143 133 124 118 114 112 113 117 123 131 154 145 137 131 127 126 127 130 135 143
171 54 27 133 74 154 76 39 158 58 84 59 101 23 36 142 76 52 74 45 139 60 33 109 73 160 73 44 148 53 75 56 89 19 68 139 88 52 97 67 104 87 70 52 35 18 0 18 35 52 105 88 71 54 38 23 14 23 38 54 108 91 75 59 45 33 28 33 45 59 113 97 81 67 55 46 42 46 54 67 119 104 90 77 66 59 56 59 66 76 126 112 99 88 78 72 70 72 78 87 134 121 109 99 91 86 84 85 90 98 144 131 121 111 104 99 98 99 103 110 154 142 132 124 117 113 112 113 116 122 164 154 144 137 131 127 125 126 130 135
183 46 32 140 84 165 84 56 171 41 74 42 110 6 43 154 90 62 70 60 149 54 47 112 83 171 79 55 161 37 71 42 99 2 69 152 98 64 95 74 122 104 87 70 52 35 18 0 18 35 122 105 88 71 54 38 23 14 23 38 125 108 91 75 59 45 33 28 33 45 129 112 97 81 67 55 46 42 45 54 134 118 104 89 77 66 59 56 58 65 140 126 112 99 87 78 72 70 72 77 148 134 121 109 99 91 85 83 85 90 156 143 131 120 111 104 99 97 99 103 166 153 142 132 123 117 113 111 112 116 176 164 153 144 136 130 126 125 126 129
195 43 44 149 96 177 94 73 184 25 67 27 121 13 54 168 105 75 71 77 159 53 64 118 95 183 89 69 174 22 72 32 111 17 75 165 110 78 95 84 139 122 104 87 70 52 35 18 0 18 140 122 105 88 71 54 38 23 14 23 142 125 108 91 75 59 45 33 28 33 145 129 112 97 81 67 54 45 42 45 150 134 118 103 89 76 66 58 55 58 156 140 126 112 99 87 78 72 69 71 162 148 134 121 109 98 90 85 83 85 170 156 143 131 120 110 103 99 97 98 179 165 153 141 131 123 116 112 110 112 188 175 163 153 143 135 130 126 124 125
208 47 59 160 110 190 106 90 198 12 63 15 134 30 68 182 121 90 75 94 171 58 80 127 108 196 100 85 188 13 76 30 124 34 83 180 123 94 99 96 156 139 122 104 87 70 52 35 18 0 157 140 122 105 88 71 54 38 23 14 159 142 125 108 91 75 59 45 33 28 162 145 129 112 96 81 67 54 45 42 166 150 134 118 103 89 76 65 58 55 171 155 140 125 111 98 87 77 71 69 177 162 148 134 120 108 98 90 85 83 184 170 156 143 130 119 110 103 98 96 192 178 165 152 141 131 122 116 112 110 201 187 175 163 152 143 135 129 125 124
117 140 105 121 83 111 97 67 101 161 167 161 94 128 101 88 56 85 140 66 112 138 79 130 85 112 102 83 94 156 140 152 86 124 121 82 85 76 150 97 15 23 38 54 71 88 105 122 140 157 0 18 35 52 70 87 104 122 139 156 15 23 38 54 71 88 105 122 140 157 29 34 45 60 75 91 108 125 142 159 43 47 55 68 82 97 113 129 145 162 58 60 67 77 90 104 119 134 150 166 72 74 80 88 99 112 126 140 156 171 86 88 93 100 110 122 134 148 162 177 100 102 106 112 121 132 144 156 170 184 115 116 119 125 133 143 154 166 179 192
119 124 88 115 70 111 84 50 103 144 151 144 84 110 84 88 43 70 125 49 108 121 62 119 72 113 88 67 95 138 124 135 75 107 106 83 74 60 136 83 23 15 23 38 54 71 88 105 122 140 18 0 18 35 52 70 87 104 122 139 23 15 23 38 54 71 88 105 122 140 34 29 34 45 60 75 91 108 125 142 47 43 46 55 67 82 97 112 129 145 60 57 60 67 77 90 104 118 134 150 74 72 73 79 88 99 112 126 140 155 88 86 87 92 100 110 121 134 148 162 102 100 101 105 112 121 131 143 156 170 116 114 115 119 125 133 142 153 165 178
124 107 71 110 59 113 72 33 108 127 135 127 78 93 67 92 34 55 109 32 107 105 45 109 60 116 75 51 100 121 109 118 67 89 91 88 66 45 122 70 38 23 15 23 38 54 71 88 105 122 35 18 0 18 35 52 70 87 104 122 38 23 15 23 38 54 71 88 105 122 45 34 29 34 45 60 75 91 108 125 55 46 43 46 55 67 81 97 112 129 67 60 57 60 67 77 90 104 118 134 80 73 71 73 79 88 99 112 126 140 93 87 85 87 92 99 109 121 134 148 106 101 99 101 105 112 121 131 143 156 119 115 114 115 118 124 132 142 153 165
131 90 54 109 51 117 63 16 116 109 119 109 75 76 51 99 34 42 95 15 108 89 27 101 53 121 65 36 106 104 95 101 63 72 78 95 62 33 110 59 54 38 23 15 23 38 54 71 88 105 52 35 18 0 18 35 52 70 87 104 54 38 23 15 23 38 54 71 88 105 60 45 34 29 33 45 59 75 91 108 68 55 46 43 46 55 67 81 97 112 77 67 60 57 59 66 77 89 103 118 88 79 73 71 73 79 88 99 112 125 100 92 87 85 87 91 99 109 121 134 112 105 101 99 100 105 111 120 131 143 125 119 115 113 114 118 124 132 141 152
139 74 38 110 49 124 58 6 125 92 103 92 76 59 36 109 41 33 82 9 112 74 11 96 50 129 59 25 115 86 81 84 64 55 67 105 62 26 99 52 71 54 38 23 15 23 38 54 71 88 70 52 35 18 0 18 35 52 70 87 71 54 38 23 15 23 38 54 71 88 75 60 45 33 29 33 45 59 75 91 82 67 55 46 43 46 55 67 81 96 90 77 67 59 57 59 66 77 89 103 99 88 79 73 71 73 78 87 99 111 110 100 92 87 85 86 91 99 109 120 121 112 105 100 99 100 104 111 120 130 133 125 118 114 113 114 117 123 131 141
149 59 22 114 53 133 58 21 136 75 88 75 81 43 25 120 54 33 70 23 119 60 10 94 53 138 57 24 126 69 70 67 69 39 58 117 67 30 90 50 88 71 54 38 23 14 23 38 54 71 87 70 52 35 18 0 18 35 52 70 88 71 54 38 23 14 23 38 54 71 91 75 60 45 33 28 33 45 59 75 97 82 67 55 46 42 46 55 67 81 104 90 77 66 59 56 59 66 76 89 112 99 88 79 73 70 72 78 87 98 122 110 99 91 86 84 86 91 98 108 132 121 112 105 100 98 99 104 110 119 143 133 124 118 114 112 113 117 123 131
161 44 14 120 62 143 63 38 149 57 75 58 89 28 23 132 68 41 61 40 128 48 27 95 61 149 60 33 138 52 62 50 78 24 54 130 76 42 84 54 105 88 71 54 38 23 14 23 38 54 104 87 70 52 35 18 0 18 35 52 105 88 71 54 38 23 14 23 38 54 108 91 75 59 45 33 28 33 45 59 113 97 81 67 55 46 42 46 54 67 119 104 90 77 66 59 56 59 66 76 126 112 99 88 78 72 70 72 78 87 134 121 109 99 91 86 84 85 90 98 144 131 121 111 104 99 98 99 103 110 154 142 132 124 117 113 112 113 116 122
173 33 22 128 74 155 72 56 162 40 63 40 100 17 32 146 84 53 57 57 138 41 44 99 73 161 68 47 152 34 57 34 89 14 56 143 88 57 81 62 122 105 88 71 54 38 23 14 23 38 122 104 87 70 52 35 18 0 18 35 122 105 88 71 54 38 23 14 23 38 125 108 91 75 59 45 33 28 33 45 129 112 97 81 67 55 46 42 45 54 134 118 104 89 77 66 59 56 58 65 140 126 112 99 87 78 72 70 72 77 148 134 121 109 99 91 85 83 85 90 156 143 131 120 111 104 99 97 99 103 166 153 142 132 123 117 113 111 112 116
186 29 37 138 88 167 84 73 176 23 54 23 112 20 46 160 100 68 57 74 149 40 61 106 86 174 78 63 166 17 58 20 102 22 62 158 101 72 82 74 140 122 105 88 71 54 38 23 14 23 139 122 104 87 70 52 35 18 0 18 140 122 105 88 71 54 38 23 14 23 142 125 108 91 75 59 45 33 28 33 145 129 112 97 81 67 54 45 42 45 150 134 118 103 89 76 66 58 55 58 156 140 126 112 99 87 78 72 69 71 162 148 134 121 109 98 90 85 83 85 170 156 143 131 120 110 103 99 97 98 179 165 153 141 131 123 116 112 110 112
200 35 54 149 102 181 97 90 190 7 49 6 125 34 62 175 116 84 63 91 162 46 78 115 101 187 91 80 180 2 64 16 116 37 73 173 115 89 86 88 157 140 122 105 88 71 54 38 23 14 156 139 122 104 87 70 52 35 18 0 157 140 122 105 88 71 54 38 23 14 159 142 125 108 91 75 59 45 33 28 162 145 129 112 96 81 67 54 45 42 166 150 134 118 103 89 76 65 58 55 171 155 140 125 111 98 87 77 71 69 177 162 148 134 120 108 98 90 85 83 184 170 156 143 130 119 110 103 98 96 192 178 165 152 141 131 122 116 112 110
103 138 105 109 75 97 89 69 87 162 164 162 83 130 98 73 49 81 135 66 99 135 79 120 78 98 95 81 80 156 134 151 76 126 115 68 76 73 143 91 29 34 45 60 75 91 108 125 142 159 15 23 38 54 71 88 105 122 140 157 0 18 35 52 70 87 104 122 139 156 15 23 38 54 71 88 105 122 140 157 29 34 45 60 75 91 108 125 142 159 43 47 55 68 82 97 113 129 145 162 58 60 67 77 90 104 119 134 150 166 72 74 80 88 99 112 126 140 156 171 86 88 93 100 110 122 134 148 162 177 100 102 106 112 121 132 144 156 170 184
105 121 87 101 60 96 75 53 89 145 147 145 72 113 81 74 33 64 119 49 94 118 62 108 63 99 80 63 81 139 118 134 63 109 99 69 63 56 128 75 34 29 34 45 60 75 91 108 125 142 23 15 23 38 54 71 88 105 122 140 18 0 18 35 52 70 87 104 122 139 23 15 23 38 54 71 88 105 122 140 34 29 34 45 60 75 91 108 125 142 47 43 46 55 67 82 97 112 129 145 60 57 60 67 77 90 104 118 134 150 74 72 73 79 88 99 112 126 140 155 88 86 87 92 100 110 121 134 148 162 102 100 101 105 112 121 131 143 156 170
111 104 70 96 47 99 61 37 95 128 130 127 64 97 64 79 21 48 103 32 93 101 45 97 49 102 66 46 86 122 102 117 54 93 84 75 53 39 113 61 45 34 29 34 45 60 75 91 108 125 38 23 15 23 38 54 71 88 105 122 35 18 0 18 35 52 70 87 104 122 38 23 15 23 38 54 71 88 105 122 45 34 29 34 45 60 75 91 108 125 55 46 43 46 55 67 81 97 112 129 67 60 57 60 67 77 90 104 118 134 80 73 71 73 79 88 99 112 126 140 93 87 85 87 92 99 109 121 134 148 106 101 99 101 105 112 121 131 143 156
118 87 53 95 38 104 51 24 104 111 114 110 61 80 47 87 20 33 87 15 94 84 28 88 40 108 54 30 94 105 87 99 49 76 69 83 48 23 100 48 60 45 34 29 33 45 59 75 91 108 54 38 23 15 23 38 54 71 88 105 52 35 18 0 18 35 52 70 87 104 54 38 23 15 23 38 54 71 88 105 60 45 34 29 33 45 59 75 91 108 68 55 46 43 46 55 67 81 97 112 77 67 60 57 59 66 77 89 103 118 88 79 73 71 73 79 88 99 112 125 100 92 87 85 87 91 99 109 121 134 112 105 101 99 100 105 111 120 131 143
128 70 35 96 35 112 44 20 115 94 97 93 62 65 30 98 31 20 73 9 99 68 13 82 36 117 45 14 104 88 72 82 50 61 56 95 48 12 88 39 75 60 45 33 29 33 45 59 75 91 71 54 38 23 15 23 38 54 71 88 70 52 35 18 0 18 35 52 70 87 71 54 38 23 15 23 38 54 71 88 75 60 45 33 29 33 45 59 75 91 82 67 55 46 43 46 55 67 81 96 90 77 67 59 57 59 66 77 89 103 99 88 79 73 71 73 78 87 99 111 110 100 92 87 85 86 91 99 109 120 121 112 105 100 99 100 104 111 120 130
139 53 18 100 41 122 44 28 127 77 81 76 68 50 14 110 46 20 59 23 107 52 12 80 40 127 43 11 116 71 59 65 56 46 46 107 55 20 78 36 91 75 60 45 33 28 33 45 59 75 88 71 54 38 23 14 23 38 54 71 87 70 52 35 18 0 18 35 52 70 88 71 54 38 23 14 23 38 54 71 91 75 60 45 33 28 33 45 59 75 97 82 67 55 46 42 46 55 67 81 104 90 77 66 59 56 59 66 76 89 112 99 88 79 73 70 72 78 87 98 122 110 99 91 86 84 86 91 98 108 132 121 112 105 100 98 99 104 110 119
151 37 1 107 52 133 51 43 140 60 66 59 78 37 10 123 63 31 49 40 116 38 27 81 50 139 47 26 129 54 49 48 67 34 41 121 66 35 70 41 108 91 75 59 45 33 28 33 45 59 105 88 71 54 38 23 14 23 38 54 104 87 70 52 35 18 0 18 35 52 105 88 71 54 38 23 14 23 38 54 108 91 75 59 45 33 28 33 45 59 113 97 81 67 55 46 42 46 54 67 119 104 90 77 66 59 56 59 66 76 126 112 99 88 78 72 70 72 78 87 134 121 109 99 91 86 84 85 90 98 144 131 121 111 104 99 98 99 103 110
164 22 18 117 66 145 62 59 154 44 53 43 90 30 25 138 79 46 43 57 127 28 44 86 64 152 56 43 143 37 44 30 80 28 43 136 79 52 67 52 125 108 91 75 59 45 33 28 33 45 122 105 88 71 54 38 23 14 23 38 122 104 87 70 52 35 18 0 18 35 122 105 88 71 54 38 23 14 23 38 125 108 91 75 59 45 33 28 33 45 129 112 97 81 67 55 46 42 45 54 134 118 104 89 77 66 59 56 58 65 140 126 112 99 87 78 72 70 72 77 148 134 121 109 99 91 85 83 85 90 156 143 131 120 111 104 99 97 99 103
178 15 35 128 81 159 75 75 168 29 41 27 103 32 42 153 96 63 44 74 140 26 61 94 79 165 69 60 158 23 45 13 94 32 51 151 93 69 68 66 142 125 108 91 75 59 45 33 28 33 140 122 105 88 71 54 38 23 14 23 139 122 104 87 70 52 35 18 0 18 140 122 105 88 71 54 38 23 14 23 142 125 108 91 75 59 45 33 28 33 145 129 112 97 81 67 54 45 42 45 150 134 118 103 89 76 66 58 55 58 156 140 126 112 99 87 78 72 69 71 162 148 134 121 109 98 90 85 83 85 170 156 143 131 120 110 103 99 97 98
192 25 52 140 97 173 90 92 183 18 36 15 117 42 59 168 113 79 51 91 153 35 78 104 95 179 83 77 173 15 52 6 109 44 63 167 108 86 73 81 159 142 125 108 91 75 59 45 33 28 157 140 122 105 88 71 54 38 23 14 156 139 122 104 87 70 52 35 18 0 157 140 122 105 88 71 54 38 23 14 159 142 125 108 91 75 59 45 33 28 162 145 129 112 96 81 67 54 45 42 166 150 134 118 103 89 76 65 58 55 171 155 140 125 111 98 87 77 71 69 177 162 148 134 120 108 98 90 85 83 184 170 156 143 130 119 110 103 98 96
89 137 106 96 70 83 83 75 72 164 161 164 73 134 98 59 45 79 131 69 85 133 82 111 72 84 89 80 66 158 131 152 68 130 111 54 68 72 137 86 43 47 55 68 82 97 113 129 145 162 29 34 45 60 75 91 108 125 142 159 15 23 38 54 71 88 105 122 140 157 0 18 35 52 70 87 104 122 139 156 15 23 38 54 71 88 105 122 140 157 29 34 45 60 75 91 108 125 142 159 43 47 55 68 82 97 113 129 145 162 58 60 67 77 90 104 119 134 150 166 72 74 80 88 99 112 126 140 156 171 86 88 93 100 110 122 134 148 162 177
92 120 89 88 53 82 67 60 76 147 144 147 60 118 81 60 28 62 114 53 80 115 66 98 56 84 73 63 67 141 114 135 53 114 94 55 53 54 121 70 47 43 46 55 67 82 97 112 129 145 34 29 34 45 60 75 91 108 125 142 23 15 23 38 54 71 88 105 122 140 18 0 18 35 52 70 87 104 122 139 23 15 23 38 54 71 88 105 122 140 34 29 34 45 60 75 91 108 125 142 47 43 46 55 67 82 97 112 129 145 60 57 60 67 77 90 104 118 134 150 74 72 73 79 88 99 112 126 140 155 88 86 87 92 100 110 121 134 148 162
98 103 72 83 38 85 52 46 83 130 127 130 51 102 64 66 11 45 98 38 78 98 50 86 40 89 57 46 73 124 97 117 42 98 78 62 41 37 106 54 55 46 43 46 55 67 81 97 112 129 45 34 29 34 45 60 75 91 108 125 38 23 15 23 38 54 71 88 105 122 35 18 0 18 35 52 70 87 104 122 38 23 15 23 38 54 71 88 105 122 45 34 29 34 45 60 75 91 108 125 55 46 43 46 55 67 81 97 112 129 67 60 57 60 67 77 90 104 118 134 80 73 71 73 79 88 99 112 126 140 93 87 85 87 92 99 109 121 134 148
106 85 55 81 26 91 39 37 93 114 110 113 47 87 47 76 9 28 81 25 81 81 35 76 27 96 43 29 83 108 81 100 35 82 62 72 34 20 91 38 68 55 46 43 46 55 67 81 97 112 60 45 34 29 33 45 59 75 91 108 54 38 23 15 23 38 54 71 88 105 52 35 18 0 18 35 52 70 87 104 54 38 23 15 23 38 54 71 88 105 60 45 34 29 33 45 59 75 91 108 68 55 46 43 46 55 67 81 97 112 77 67 60 57 59 66 77 89 103 118 88 79 73 71 73 79 88 99 112 125 100 92 87 85 87 91 99 109 121 134
117 68 38 82 21 100 31 34 104 97 93 96 49 72 30 88 26 11 65 22 86 64 25 69 22 105 32 12 94 91 65 83 36 68 47 85 35 4 78 26 82 67 55 46 43 46 55 67 81 96 75 60 45 33 29 33 45 59 75 91 71 54 38 23 15 23 38 54 71 88 70 52 35 18 0 18 35 52 70 87 71 54 38 23 15 23 38 54 71 88 75 60 45 33 29 33 45 59 75 91 82 67 55 46 43 46 55 67 81 96 90 77 67 59 57 59 66 77 89 103 99 88 79 73 71 73 78 87 99 111 110 100 92 87 85 86 91 99 109 120
129 51 23 87 30 111 31 39 118 81 76 80 56 59 13 101 43 9 50 30 95 47 24 66 29 117 29 9 107 75 50 66 45 55 34 99 44 16 66 22 97 82 67 55 46 42 46 55 67 81 91 75 60 45 33 28 33 45 59 75 88 71 54 38 23 14 23 38 54 71 87 70 52 35 18 0 18 35 52 70 88 71 54 38 23 14 23 38 54 71 91 75 60 45 33 28 33 45 59 75 97 82 67 55 46 42 46 55 67 81 104 90 77 66 59 56 59 66 76 89 112 99 88 79 73 70 72 78 87 98 122 110 99 91 86 84 86 91 98 108
142 34 15 95 44 123 40 51 132 65 60 64 68 49 9 116 60 26 38 45 105 30 34 68 42 129 35 25 121 59 38 49 58 46 27 114 56 33 57 30 113 97 81 67 55 46 42 46 54 67 108 91 75 59 45 33 28 33 45 59 105 88 71 54 38 23 14 23 38 54 104 87 70 52 35 18 0 18 35 52 105 88 71 54 38 23 14 23 38 54 108 91 75 59 45 33 28 33 45 59 113 97 81 67 55 46 42 46 54 67 119 104 90 77 66 59 56 59 66 76 126 112 99 88 78 72 70 72 78 87 134 121 109 99 91 86 84 85 90 98
156 16 23 106 59 137 53 65 146 51 44 49 81 44 25 131 77 43 29 60 118 16 49 74 57 143 47 42 136 45 30 33 72 42 30 130 71 51 53 44 129 112 97 81 67 55 46 42 45 54 125 108 91 75 59 45 33 28 33 45 122 105 88 71 54 38 23 14 23 38 122 104 87 70 52 35 18 0 18 35 122 105 88 71 54 38 23 14 23 38 125 108 91 75 59 45 33 28 33 45 129 112 97 81 67 55 46 42 45 54 134 118 104 89 77 66 59 56 58 65 140 126 112 99 87 78 72 70 72 77 148 134 121 109 99 91 85 83 85 90
171 2 38 118 76 151 68 80 162 39 30 36 96 45 42 147 95 60 31 77 131 14 65 83 74 157 62 59 152 33 32 18 88 45 41 146 87 68 55 60 145 129 112 97 81 67 54 45 42 45 142 125 108 91 75 59 45 33 28 33 140 122 105 88 71 54 38 23 14 23 139 122 104 87 70 52 35 18 0 18 140 122 105 88 71 54 38 23 14 23 142 125 108 91 75 59 45 33 28 33 145 129 112 97 81 67 54 45 42 45 150 134 118 103 89 76 66 58 55 58 156 140 126 112 99 87 78 72 69 71 162 148 134 121 109 98 90 85 83 85
186 19 54 131 93 166 84 96 177 32 22 28 111 53 59 163 112 78 40 93 145 27 81 94 90 172 77 77 167 29 42 14 104 54 55 162 103 85 61 76 162 145 129 112 96 81 67 54 45 42 159 142 125 108 91 75 59 45 33 28 157 140 122 105 88 71 54 38 23 14 156 139 122 104 87 70 52 35 18 0 157 140 122 105 88 71 54 38 23 14 159 142 125 108 91 75 59 45 33 28 162 145 129 112 96 81 67 54 45 42 166 150 134 118 103 89 76 65 58 55 171 155 140 125 111 98 87 77 71 69 177 162 148 134 120 108 98 90 85 83
74 138 109 85 67 69 79 82 58 167 160 167 64 139 100 45 46 80 129 75 73 132 87 103 69 69 86 83 51 161 128 154 62 135 109 39 62 74 132 84 58 60 67 77 90 104 119 134 150 166 43 47 55 68 82 97 113 129 145 162 29 34 45 60 75 91 108 125 142 159 15 23 38 54 71 88 105 122 140 157 0 18 35 52 70 87 104 122 139 156 15 23 38 54 71 88 105 122 140 157 29 34 45 60 75 91 108 125 142 159 43 47 55 68 82 97 113 129 145 162 58 60 67 77 90 104 119 134 150 166 72 74 80 88 99 112 126 140 156 171
78 121 92 75 50 68 63 69 62 151 143 150 50 124 83 47 29 63 112 60 66 115 72 89 52 70 69 66 54 145 111 137 46 120 91 42 46 57 115 67 60 57 60 67 77 90 104 118 134 150 47 43 46 55 67 82 97 112 129 145 34 29 34 45 60 75 91 108 125 142 23 15 23 38 54 71 88 105 122 140 18 0 18 35 52 70 87 104 122 139 23 15 23 38 54 71 88 105 122 140 34 29 34 45 60 75 91 108 125 142 47 43 46 55 67 82 97 112 129 145 60 57 60 67 77 90 104 118 134 150 74 72 73 79 88 99 112 126 140 155
85 104 76 69 33 72 46 57 71 134 125 133 39 109 67 54 14 46 95 47 64 98 58 75 35 75 52 50 61 128 94 120 31 105 74 50 31 41 99 50 67 60 57 60 67 77 90 104 118 134 55 46 43 46 55 67 81 97 112 129 45 34 29 34 45 60 75 91 108 125 38 23 15 23 38 54 71 88 105 122 35 18 0 18 35 52 70 87 104 122 38 23 15 23 38 54 71 88 105 122 45 34 29 34 45 60 75 91 108 125 55 46 43 46 55 67 81 97 112 129 67 60 57 60 67 77 90 104 118 134 80 73 71 73 79 88 99 112 126 140
95 86 60 66 16 79 30 50 82 118 108 117 33 94 51 66 13 29 78 38 67 80 46 64 18 84 36 35 72 112 77 103 21 90 57 63 20 26 84 33 77 67 60 57 59 66 77 89 103 118 68 55 46 43 46 55 67 81 97 112 60 45 34 29 33 45 59 75 91 108 54 38 23 15 23 38 54 71 88 105 52 35 18 0 18 35 52 70 87 104 54 38 23 15 23 38 54 71 88 105 60 45 34 29 33 45 59 75 91 108 68 55 46 43 46 55 67 81 97 112 77 67 60 57 59 66 77 89 103 118 88 79 73 71 73 79 88 99 112 125
107 69 46 69 8 89 18 48 95 102 91 101 36 81 36 79 27 15 61 36 74 63 38 56 8 95 21 23 85 96 60 86 24 77 41 77 22 17 69 16 90 77 67 59 57 59 66 77 89 103 82 67 55 46 43 46 55 67 81 96 75 60 45 33 29 33 45 59 75 91 71 54 38 23 15 23 38 54 71 88 70 52 35 18 0 18 35 52 70 87 71 54 38 23 15 23 38 54 71 88 75 60 45 33 29 33 45 59 75 91 82 67 55 46 43 46 55 67 81 96 90 77 67 59 57 59 66 77 89 103 99 88 79 73 71 73 78 87 99 111
120 52 34 75 22 101 18 52 110 87 74 86 45 70 24 94 44 14 44 41 84 46 38 52 20 107 15 21 99 81 43 70 36 67 25 93 34 23 55 9 104 90 77 66 59 56 59 66 76 89 97 82 67 55 46 42 46 55 67 81 91 75 60 45 33 28 33 45 59 75 88 71 54 38 23 14 23 38 54 71 87 70 52 35 18 0 18 35 52 70 88 71 54 38 23 14 23 38 54 71 91 75 60 45 33 28 33 45 59 75 97 82 67 55 46 42 46 55 67 81 104 90 77 66 59 56 59 66 76 89 112 99 88 79 73 70 72 78 87 98
134 36 29 84 39 115 31 61 125 73 57 71 59 62 22 110 61 28 28 53 96 28 45 54 37 121 25 32 115 67 28 54 51 59 13 108 50 37 45 22 119 104 90 77 66 59 56 59 66 76 113 97 81 67 55 46 42 46 54 67 108 91 75 59 45 33 28 33 45 59 105 88 71 54 38 23 14 23 38 54 104 87 70 52 35 18 0 18 35 52 105 88 71 54 38 23 14 23 38 54 108 91 75 59 45 33 28 33 45 59 113 97 81 67 55 46 42 46 54 67 119 104 90 77 66 59 56 59 66 76 126 112 99 88 78 72 70 72 78 87
149 21 34 96 56 129 47 73 140 60 39 58 74 58 32 126 78 44 16 66 109 11 57 62 54 136 40 46 130 55 17 40 67 56 19 125 66 53 40 39 134 118 104 89 77 66 59 56 58 65 129 112 97 81 67 55 46 42 45 54 125 108 91 75 59 45 33 28 33 45 122 105 88 71 54 38 23 14 23 38 122 104 87 70 52 35 18 0 18 35 122 105 88 71 54 38 23 14 23 38 125 108 91 75 59 45 33 28 33 45 129 112 97 81 67 55 46 42 45 54 134 118 104 89 77 66 59 56 58 65 140 126 112 99 87 78 72 70 72 77
164 13 45 109 73 144 63 87 156 50 23 47 90 59 46 142 95 61 19 82 123 8 71 72 71 151 57 62 146 46 20 29 84 58 34 141 83 70 41 56 150 134 118 103 89 76 66 58 55 58 145 129 112 97 81 67 54 45 42 45 142 125 108 91 75 59 45 33 28 33 140 122 105 88 71 54 38 23 14 23 139 122 104 87 70 52 35 18 0 18 140 122 105 88 71 54 38 23 14 23 142 125 108 91 75 59 45 33 28 33 145 129 112 97 81 67 54 45 42 45 150 134 118 103 89 76 66 58 55 58 156 140 126 112 99 87 78 72 69 71
179 23 59 123 91 159 80 101 172 45 9 42 106 65 62 158 112 78 32 98 139 25 86 85 88 166 74 79 163 42 33 27 101 65 50 158 100 87 50 73 166 150 134 118 103 89 76 65 58 55 162 145 129 112 96 81 67 54 45 42 159 142 125 108 91 75 59 45 33 28 157 140 122 105 88 71 54 38 23 14 156 139 122 104 87 70 52 35 18 0 157 140 122 105 88 71 54 38 23 14 159 142 125 108 91 75 59 45 33 28 162 145 129 112 96 81 67 54 45 42 166 150 134 118 103 89 76 65 58 55 171 155 140 125 111 98 87 77 71 69
60 140 113 74 67 55 78 91 44 172 160 171 59 146 104 31 51 83 128 82 60 133 94 97 69 55 84 87 37 166 127 157 58 142 108 25 59 78 128 84 72 74 80 88 99 112 126 140 156 171 58 60 67 77 90 104 119 134 150 166 43 47 55 68 82 97 113 129 145 162 29 34 45 60 75 91 108 125 142 159 15 23 38 54 71 88 105 122 140 157 0 18 35 52 70 87 104 122 139 156 15 23 38 54 71 88 105 122 140 157 29 34 45 60 75 91 108 125 142 159 43 47 55 68 82 97 113 129 145 162 58 60 67 77 90 104 119 134 150 166
65 123 97 63 50 54 61 79 50 156 143 155 42 131 88 33 37 67 111 69 53 116 80 81 52 56 67 71 40 149 110 140 41 127 91 29 42 63 111 67 74 72 73 79 88 99 112 126 140 155 60 57 60 67 77 90 104 118 134 150 47 43 46 55 67 82 97 112 129 145 34 29 34 45 60 75 91 108 125 142 23 15 23 38 54 71 88 105 122 140 18 0 18 35 52 70 87 104 122 139 23 15 23 38 54 71 88 105 122 140 34 29 34 45 60 75 91 108 125 142 47 43 46 55 67 82 97 112 129 145 60 57 60 67 77 90 104 118 134 150
73 106 82 55 33 58 43 70 60 140 125 138 28 117 72 43 26 51 94 58 50 99 67 66 35 63 50 57 50 134 93 124 24 113 73 41 25 48 95 50 80 73 71 73 79 88 99 112 126 140 67 60 57 60 67 77 90 104 118 134 55 46 43 46 55 67 81 97 112 129 45 34 29 34 45 60 75 91 108 125 38 23 15 23 38 54 71 88 105 122 35 18 0 18 35 52 70 87 104 122 38 23 15 23 38 54 71 88 105 122 45 34 29 34 45 60 75 91 108 125 55 46 43 46 55 67 81 97 112 129 67 60 57 60 67 77 90 104 118 134
85 90 68 52 16 67 26 63 73 124 108 123 19 103 58 57 26 37 76 51 54 82 58 53 18 73 33 44 63 118 75 107 9 100 56 55 8 37 78 33 88 79 73 71 73 79 88 99 112 125 77 67 60 57 59 66 77 89 103 118 68 55 46 43 46 55 67 81 97 112 60 45 34 29 33 45 59 75 91 108 54 38 23 15 23 38 54 71 88 105 52 35 18 0 18 35 52 70 87 104 54 38 23 15 23 38 54 71 88 105 60 45 34 29 33 45 59 75 91 108 68 55 46 43 46 55 67 81 97 112 77 67 60 57 59 66 77 89 103 118
98 73 56 55 9 79 9 62 88 109 91 108 23 92 45 72 35 27 59 50 62 65 52 43 7 85 15 36 77 103 58 91 13 88 39 71 12 31 62 16 99 88 79 73 71 73 78 87 99 111 90 77 67 59 57 59 66 77 89 103 82 67 55 46 43 46 55 67 81 96 75 60 45 33 29 33 45 59 75 91 71 54 38 23 15 23 38 54 71 88 70 52 35 18 0 18 35 52 70 87 71 54 38 23 15 23 38 54 71 88 75 60 45 33 29 33 45 59 75 91 82 67 55 46 43 46 55 67 81 96 90 77 67 59 57 59 66 77 89 103
112 57 47 63 22 92 10 65 103 95 74 93 37 82 37 88 49 26 42 54 73 49 52 38 20 99 3 35 93 89 41 76 30 79 21 88 29 35 47 8 112 99 88 79 73 70 72 78 87 98 104 90 77 66 59 56 59 66 76 89 97 82 67 55 46 42 46 55 67 81 91 75 60 45 33 28 33 45 59 75 88 71 54 38 23 14 23 38 54 71 87 70 52 35 18 0 18 35 52 70 88 71 54 38 23 14 23 38 54 71 91 75 60 45 33 28 33 45 59 75 97 82 67 55 46 42 46 55 67 81 104 90 77 66 59 56 59 66 76 89
127 43 43 74 39 107 27 72 119 82 56 80 52 75 35 105 65 35 24 63 87 33 57 41 37 114 20 42 109 76 23 62 47 72 4 104 46 45 33 22 126 112 99 88 78 72 70 72 78 87 119 104 90 77 66 59 56 59 66 76 113 97 81 67 55 46 42 46 54 67 108 91 75 59 45 33 28 33 45 59 105 88 71 54 38 23 14 23 38 54 104 87 70 52 35 18 0 18 35 52 105 88 71 54 38 23 14 23 38 54 108 91 75 59 45 33 28 33 45 59 113 97 81 67 55 46 42 46 54 67 119 104 90 77 66 59 56 59 66 76
142 31 46 87 56 122 44 82 135 71 39 68 69 72 42 121 81 49 7 75 102 20 66 50 54 129 38 54 125 66 6 50 64 70 14 121 63 59 26 39 140 126 112 99 87 78 72 70 72 77 134 118 104 89 77 66 59 56 58 65 129 112 97 81 67 55 46 42 45 54 125 108 91 75 59 45 33 28 33 45 122 105 88 71 54 38 23 14 23 38 122 104 87 70 52 35 18 0 18 35 122 105 88 71 54 38 23 14 23 38 125 108 91 75 59 45 33 28 33 45 129 112 97 81 67 55 46 42 45 54 134 118 104 89 77 66 59 56 58 65
158 27 55 101 73 138 61 95 152 63 22 60 86 72 54 138 98 65 11 88 117 18 79 63 71 145 55 68 142 59 12 42 81 71 32 138 81 74 29 56 156 140 126 112 99 87 78 72 69 71 150 134 118 103 89 76 66 58 55 58 145 129 112 97 81 67 54 45 42 45 142 125 108 91 75 59 45 33 28 33 140 122 105 88 71 54 38 23 14 23 139 122 104 87 70 52 35 18 0 18 140 122 105 88 71 54 38 23 14 23 142 125 108 91 75 59 45 33 28 33 145 129 112 97 81 67 54 45 42 45 150 134 118 103 89 76 66 58 55 58
174 33 67 116 91 154 79 109 168 59 7 56 103 77 68 155 114 81 29 103 133 30 93 78 88 161 72 83 159 56 30 40 99 77 49 155 98 90 40 73 171 155 140 125 111 98 87 77 71 69 166 150 134 118 103 89 76 65 58 55 162 145 129 112 96 81 67 54 45 42 159 142 125 108 91 75 59 45 33 28 157 140 122 105 88 71 54 38 23 14 156 139 122 104 87 70 52 35 18 0 157 140 122 105 88 71 54 38 23 14 159 142 125 108 91 75 59 45 33 28 162 145 129 112 96 81 67 54 45 42 166 150 134 118 103 89 76 65 58 55
46 143 119 65 70 41 79 101 30 177 161 176 56 153 110 17 59 88 129 92 49 136 102 92 72 41 86 94 23 171 128 161 59 149 109 11 60 85 126 86 86 88 93 100 110 122 134 148 162 177 72 74 80 88 99 112 126 140 156 171 58 60 67 77 90 104 119 134 150 166 43 47 55 68 82 97 113 129 145 162 29 34 45 60 75 91 108 125 142 159 15 23 38 54 71 88 105 122 140 157 0 18 35 52 70 87 104 122 139 156 15 23 38 54 71 88 105 122 140 157 29 34 45 60 75 91 108 125 142 159 43 47 55 68 82 97 113 129 145 162
52 127 104 52 54 40 62 91 38 161 144 160 39 139 95 21 47 73 112 80 39 119 90 75 56 43 69 79 28 155 111 145 42 135 92 18 43 71 109 70 88 86 87 92 100 110 121 134 148 162 74 72 73 79 88 99 112 126 140 155 60 57 60 67 77 90 104 118 134 150 47 43 46 55 67 82 97 112 129 145 34 29 34 45 60 75 91 108 125 142 23 15 23 38 54 71 88 105 122 140 18 0 18 35 52 70 87 104 122 139 23 15 23 38 54 71 88 105 122 140 34 29 34 45 60 75 91 108 125 142 47 43 46 55 67 82 97 112 129 145
62 111 90 42 38 46 45 82 51 146 127 145 21 126 80 35 40 59 94 71 36 102 79 59 40 51 52 66 40 140 93 129 25 122 75 34 26 58 92 53 93 87 85 87 92 99 109 121 134 148 80 73 71 73 79 88 99 112 126 140 67 60 57 60 67 77 90 104 118 134 55 46 43 46 55 67 81 97 112 129 45 34 29 34 45 60 75 91 108 125 38 23 15 23 38 54 71 88 105 122 35 18 0 18 35 52 70 87 104 122 38 23 15 23 38 54 71 88 105 122 45 34 29 34 45 60 75 91 108 125 55 46 43 46 55 67 81 97 112 129
75 95 78 38 26 57 29 77 66 131 110 130 6 114 67 51 39 47 77 65 41 86 70 44 27 63 35 56 56 125 76 113 10 110 58 51 12 49 75 38 100 92 87 85 87 91 99 109 121 134 88 79 73 71 73 79 88 99 112 125 77 67 60 57 59 66 77 89 103 118 68 55 46 43 46 55 67 81 97 112 60 45 34 29 33 45 59 75 91 108 54 38 23 15 23 38 54 71 88 105 52 35 18 0 18 35 52 70 87 104 54 38 23 15 23 38 54 71 88 105 60 45 34 29 33 45 59 75 91 108 68 55 46 43 46 55 67 81 97 112
90 79 67 42 22 70 16 76 82 117 93 115 15 103 57 68 46 40 60 64 51 70 66 31 21 77 21 49 72 111 59 98 15 99 42 68 15 45 58 25 110 100 92 87 85 86 91 99 109 120 99 88 79 73 71 73 78 87 99 111 90 77 67 59 57 59 66 77 89 103 82 67 55 46 43 46 55 67 81 96 75 60 45 33 29 33 45 59 75 91 71 54 38 23 15 23 38 54 71 88 70 52 35 18 0 18 35 52 70 87 71 54 38 23 15 23 38 54 71 88 75 60 45 33 29 33 45 59 75 91 82 67 55 46 43 46 55 67 81 96
105 65 60 52 30 85 16 78 98 104 76 102 32 94 50 85 57 40 44 67 65 55 65 24 28 92 14 48 88 98 43 84 30 91 27 85 30 47 41 21 122 110 99 91 86 84 86 91 98 108 112 99 88 79 73 70 72 78 87 98 104 90 77 66 59 56 59 66 76 89 97 82 67 55 46 42 46 55 67 81 91 75 60 45 33 28 33 45 59 75 88 71 54 38 23 14 23 38 54 71 87 70 52 35 18 0 18 35 52 70 88 71 54 38 23 14 23 38 54 71 91 75 60 45 33 28 33 45 59 75 97 82 67 55 46 42 46 55 67 81
121 53 57 65 44 101 30 84 115 93 59 90 49 88 49 102 71 46 28 74 80 42 70 29 42 108 25 54 105 87 26 72 47 86 16 102 47 56 25 30 134 121 109 99 91 86 84 85 90 98 126 112 99 88 78 72 70 72 78 87 119 104 90 77 66 59 56 59 66 76 113 97 81 67 55 46 42 46 54 67 108 91 75 59 45 33 28 33 45 59 105 88 71 54 38 23 14 23 38 54 104 87 70 52 35 18 0 18 35 52 105 88 71 54 38 23 14 23 38 54 108 91 75 59 45 33 28 33 45 59 113 97 81 67 55 46 42 46 54 67
137 44 59 79 60 117 46 93 131 83 43 80 67 85 54 119 86 58 15 85 96 33 78 41 57 124 40 63 122 78 14 62 64 83 21 119 64 67 12 44 148 134 121 109 99 91 85 83 85 90 140 126 112 99 87 78 72 70 72 77 134 118 104 89 77 66 59 56 58 65 129 112 97 81 67 55 46 42 45 54 125 108 91 75 59 45 33 28 33 45 122 105 88 71 54 38 23 14 23 38 122 104 87 70 52 35 18 0 18 35 122 105 88 71 54 38 23 14 23 38 125 108 91 75 59 45 33 28 33 45 129 112 97 81 67 55 46 42 45 54
154 41 66 95 76 133 63 104 148 76 29 73 84 86 63 136 102 71 17 97 112 31 88 56 74 140 57 76 139 72 18 55 82 85 35 136 81 81 18 59 162 148 134 121 109 98 90 85 83 85 156 140 126 112 99 87 78 72 69 71 150 134 118 103 89 76 66 58 55 58 145 129 112 97 81 67 54 45 42 45 142 125 108 91 75 59 45 33 28 33 140 122 105 88 71 54 38 23 14 23 139 122 104 87 70 52 35 18 0 18 140 122 105 88 71 54 38 23 14 23 142 125 108 91 75 59 45 33 28 33 145 129 112 97 81 67 54 45 42 45
170 45 77 111 93 150 80 117 165 73 20 69 101 90 76 153 118 86 31 110 128 39 101 72 90 157 74 90 156 70 32 54 99 89 51 154 98 96 33 76 177 162 148 134 120 108 98 90 85 83 171 155 140 125 111 98 87 77 71 69 166 150 134 118 103 89 76 65 58 55 162 145 129 112 96 81 67 54 45 42 159 142 125 108 91 75 59 45 33 28 157 140 122 105 88 71 54 38 23 14 156 139 122 104 87 70 52 35 18 0 157 140 122 105 88 71 54 38 23 14 159 142 125 108 91 75 59 45 33 28 162 145 129 112 96 81 67 54 45 42
32 148 127 58 75 28 83 112 16 183 163 182 56 161 117 5 69 95 131 102 40 140 112 89 77 27 89 102 9 177 130 166 62 157 112 5 63 93 126 91 100 102 106 112 121 132 144 156 170 184 86 88 93 100 110 122 134 148 162 177 72 74 80 88 99 112 126 140 156 171 58 60 67 77 90 104 119 134 150 166 43 47 55 68 82 97 113 129 145 162 29 34 45 60 75 91 108 125 142 159 15 23 38 54 71 88 105 122 140 157 0 18 35 52 70 87 104 122 139 156 15 23 38 54 71 88 105 122 140 157 29 34 45 60 75 91 108 125 142 159
40 132 113 42 61 26 66 103 29 168 146 167 40 148 103 14 59 82 114 92 27 123 100 72 62 30 73 88 18 162 113 150 47 144 95 15 48 80 108 75 102 100 101 105 112 121 131 143 156 170 88 86 87 92 100 110 121 134 148 162 74 72 73 79 88 99 112 126 140 155 60 57 60 67 77 90 104 118 134 150 47 43 46 55 67 82 97 112 129 145 34 29 34 45 60 75 91 108 125 142 23 15 23 38 54 71 88 105 122 140 18 0 18 35 52 70 87 104 122 139 23 15 23 38 54 71 88 105 122 140 34 29 34 45 60 75 91 108 125 142
53 116 100 30 48 34 51 96 44 154 130 152 23 136 89 31 54 69 97 84 22 107 91 55 49 40 57 77 35 148 96 135 33 132 79 32 34 70 91 60 106 101 99 101 105 112 121 131 143 156 93 87 85 87 92 99 109 121 134 148 80 73 71 73 79 88 99 112 126 140 67 60 57 60 67 77 90 104 118 134 55 46 43 46 55 67 81 97 112 129 45 34 29 34 45 60 75 91 108 125 38 23 15 23 38 54 71 88 105 122 35 18 0 18 35 52 70 87 104 122 38 23 15 23 38 54 71 88 105 122 45 34 29 34 45 60 75 91 108 125
68 101 88 24 39 48 38 91 61 140 113 138 11 124 78 49 53 60 81 79 29 92 84 38 39 55 43 68 52 134 80 121 23 121 63 50 25 62 74 47 112 105 101 99 100 105 111 120 131 143 100 92 87 85 87 91 99 109 121 134 88 79 73 71 73 79 88 99 112 125 77 67 60 57 59 66 77 89 103 118 68 55 46 43 46 55 67 81 97 112 60 45 34 29 33 45 59 75 91 108 54 38 23 15 23 38 54 71 88 105 52 35 18 0 18 35 52 70 87 104 54 38 23 15 23 38 54 71 88 105 60 45 34 29 33 45 59 75 91 108
84 87 79 30 36 63 29 90 78 126 97 124 18 115 69 66 58 54 65 78 43 77 80 22 35 70 32 63 69 121 64 107 25 111 49 67 26 59 57 38 121 112 105 100 99 100 104 111 120 130 110 100 92 87 85 86 91 99 109 120 99 88 79 73 71 73 78 87 99 111 90 77 67 59 57 59 66 77 89 103 82 67 55 46 43 46 55 67 81 96 75 60 45 33 29 33 45 59 75 91 71 54 38 23 15 23 38 54 71 88 70 52 35 18 0 18 35 52 70 87 71 54 38 23 15 23 38 54 71 88 75 60 45 33 29 33 45 59 75 91
100 75 73 42 41 80 29 92 95 114 81 112 33 107 64 83 67 53 50 80 58 64 79 10 40 87 28 62 86 109 48 94 37 104 37 84 37 61 39 35 132 121 112 105 100 98 99 104 110 119 122 110 99 91 86 84 86 91 98 108 112 99 88 79 73 70 72 78 87 98 104 90 77 66 59 56 59 66 76 89 97 82 67 55 46 42 46 55 67 81 91 75 60 45 33 28 33 45 59 75 88 71 54 38 23 14 23 38 54 71 87 70 52 35 18 0 18 35 52 70 88 71 54 38 23 14 23 38 54 71 91 75 60 45 33 28 33 45 59 75
116 64 71 58 52 96 38 97 112 104 65 101 50 102 63 100 79 58 37 86 75 53 83 19 50 103 34 66 103 99 35 83 52 99 30 102 52 67 22 41 144 131 121 111 104 99 98 99 103 110 134 121 109 99 91 86 84 85 90 98 126 112 99 88 78 72 70 72 78 87 119 104 90 77 66 59 56 59 66 76 113 97 81 67 55 46 42 46 54 67 108 91 75 59 45 33 28 33 45 59 105 88 71 54 38 23 14 23 38 54 104 87 70 52 35 18 0 18 35 52 105 88 71 54 38 23 14 23 38 54 108 91 75 59 45 33 28 33 45 59
133 57 73 74 66 113 52 105 129 95 51 92 67 99 67 118 93 68 28 95 91 46 89 35 64 120 47 74 120 90 27 74 68 97 33 119 67 77 5 52 156 143 131 120 111 104 99 97 99 103 148 134 121 109 99 91 85 83 85 90 140 126 112 99 87 78 72 70 72 77 134 118 104 89 77 66 59 56 58 65 129 112 97 81 67 55 46 42 45 54 125 108 91 75 59 45 33 28 33 45 122 105 88 71 54 38 23 14 23 38 122 104 87 70 52 35 18 0 18 35 122 105 88 71 54 38 23 14 23 38 125 108 91 75 59 45 33 28 33 45
150 54 78 90 81 130 67 115 146 89 40 86 84 100 75 135 108 80 29 106 108 45 99 52 79 137 61 85 138 85 29 69 84 98 43 136 84 89 14 65 170 156 143 131 120 110 103 99 97 98 162 148 134 121 109 98 90 85 83 85 156 140 126 112 99 87 78 72 69 71 150 134 118 103 89 76 66 58 55 58 145 129 112 97 81 67 54 45 42 45 142 125 108 91 75 59 45 33 28 33 140 122 105 88 71 54 38 23 14 23 139 122 104 87 70 52 35 18 0 18 140 122 105 88 71 54 38 23 14 23 142 125 108 91 75 59 45 33 28 33
167 57 87 107 97 147 83 126 164 86 34 83 102 103 85 152 123 93 39 119 125 51 110 69 94 154 77 98 155 83 39 68 101 102 57 153 101 103 31 81 184 170 156 143 130 119 110 103 98 96 177 162 148 134 120 108 98 90 85 83 171 155 140 125 111 98 87 77 71 69 166 150 134 118 103 89 76 65 58 55 162 145 129 112 96 81 67 54 45 42 159 142 125 108 91 75 59 45 33 28 157 140 122 105 88 71 54 38 23 14 156 139 122 104 87 70 52 35 18 0 157 140 122 105 88 71 54 38 23 14 159 142 125 108 91 75 59 45 33 28
19 154 135 53 83 16 88 124 7 190 167 189 61 171 125 14 81 104 135 113 34 145 122 89 85 13 94 111 7 184 133 172 69 167 117 19 70 103 127 97 115 116 119 125 133 143 154 166 179 192 100 102 106 112 121 132 144 156 170 184 86 88 93 100 110 122 134 148 162 177 72 74 80 88 99 112 126 140 156 171 58 60 67 77 90 104 119 134 150 166 43 47 55 68 82 97 113 129 145 162 29 34 45 60 75 91 108 125 142 159 15 23 38 54 71 88 105 122 140 157 0 18 35 52 70 87 104 122 139 156 15 23 38 54 71 88 105 122 140 157
31 138 122 36 70 13 73 115 25 176 150 174 45 158 112 19 72 91 118 104 18 129 112 72 71 18 79 99 17 170 117 157 55 154 101 24 56 91 110 83 116 114 115 119 125 133 142 153 165 178 102 100 101 105 112 121 131 143 156 170 88 86 87 92 100 110 121 134 148 162 74 72 73 79 88 99 112 126 140 155 60 57 60 67 77 90 104 118 134 150 47 43 46 55 67 82 97 112 129 145 34 29 34 45 60 75 91 108 125 142 23 15 23 38 54 71 88 105 122 140 18 0 18 35 52 70 87 104 122 139 23 15 23 38 54 71 88 105 122 140
46 124 110 20 59 26 60 109 42 162 134 160 32 146 100 34 68 81 102 97 8 114 103 54 60 33 65 89 34 156 101 143 44 143 85 37 45 82 93 69 119 115 114 115 118 124 132 142 153 165 106 101 99 101 105 112 121 131 143 156 93 87 85 87 92 99 109 121 134 148 80 73 71 73 79 88 99 112 126 140 67 60 57 60 67 77 90 104 118 134 55 46 43 46 55 67 81 97 112 129 45 34 29 34 45 60 75 91 108 125 38 23 15 23 38 54 71 88 105 122 35 18 0 18 35 52 70 87 104 122 38 23 15 23 38 54 71 88 105 122
63 110 100 10 52 43 49 105 59 149 118 146 25 136 90 50 67 72 87 93 21 99 97 37 52 50 53 81 51 143 85 129 37 132 71 53 39 76 76 58 125 119 115 113 114 118 124 132 141 152 112 105 101 99 100 105 111 120 131 143 100 92 87 85 87 91 99 109 121 134 88 79 73 71 73 79 88 99 112 125 77 67 60 57 59 66 77 89 103 118 68 55 46 43 46 55 67 81 97 112 60 45 34 29 33 45 59 75 91 108 54 38 23 15 23 38 54 71 88 105 52 35 18 0 18 35 52 70 87 104 54 38 23 15 23 38 54 71 88 105
80 97 92 20 50 59 42 104 76 136 102 134 28 127 82 67 71 68 72 92 38 86 93 20 49 66 45 77 69 131 71 116 38 124 58 69 39 73 59 51 133 125 118 114 113 114 117 123 131 141 121 112 105 100 99 100 104 111 120 130 110 100 92 87 85 86 91 99 109 120 99 88 79 73 71 73 78 87 99 111 90 77 67 59 57 59 66 77 89 103 82 67 55 46 43 46 55 67 81 96 75 60 45 33 29 33 45 59 75 91 71 54 38 23 15 23 38 54 71 88 70 52 35 18 0 18 35 52 70 87 71 54 38 23 15 23 38 54 71 88
97 85 87 36 54 77 42 106 94 125 87 123 40 120 78 84 79 67 59 94 55 74 93 5 52 84 42 76 86 120 57 104 47 117 49 86 47 74 43 49 143 133 124 118 114 112 113 117 123 131 132 121 112 105 100 98 99 104 110 119 122 110 99 91 86 84 86 91 98 108 112 99 88 79 73 70 72 78 87 98 104 90 77 66 59 56 59 66 76 89 97 82 67 55 46 42 46 55 67 81 91 75 60 45 33 28 33 45 59 75 88 71 54 38 23 14 23 38 54 71 87 70 52 35 18 0 18 35 52 70 88 71 54 38 23 14 23 38 54 71
114 76 85 53 63 94 49 110 111 116 73 113 55 115 77 101 89 71 48 99 72 65 96 17 61 101 47 79 103 110 47 94 59 113 44 103 59 80 28 53 154 142 132 124 117 113 112 113 116 122 144 131 121 111 104 99 98 99 103 110 134 121 109 99 91 86 84 85 90 98 126 112 99 88 78 72 70 72 78 87 119 104 90 77 66 59 56 59 66 76 113 97 81 67 55 46 42 46 54 67 108 91 75 59 45 33 28 33 45 59 105 88 71 54 38 23 14 23 38 54 104 87 70 52 35 18 0 18 35 52 105 88 71 54 38 23 14 23 38 54
131 70 86 70 74 111 60 117 128 108 61 105 71 113 80 118 101 79 42 107 89 59 102 34 72 118 56 86 120 103 41 87 73 111 46 120 73 88 17 62 166 153 142 132 123 117 113 111 112 116 156 143 131 120 111 104 99 97 99 103 148 134 121 109 99 91 85 83 85 90 140 126 112 99 87 78 72 70 72 77 134 118 104 89 77 66 59 56 58 65 129 112 97 81 67 55 46 42 45 54 125 108 91 75 59 45 33 28 33 45 122 105 88 71 54 38 23 14 23 38 122 104 87 70 52 35 18 0 18 35 122 105 88 71 54 38 23 14 23 38
148 68 91 88 88 128 74 126 146 102 52 99 87 113 86 136 115 89 43 117 106 59 110 51 86 135 69 96 138 99 42 82 89 112 54 137 89 99 22 74 179 165 153 141 131 123 116 112 110 112 170 156 143 131 120 110 103 99 97 98 162 148 134 121 109 98 90 85 83 85 156 140 126 112 99 87 78 72 69 71 150 134 118 103 89 76 66 58 55 58 145 129 112 97 81 67 54 45 42 45 142 125 108 91 75 59 45 33 28 33 140 122 105 88 71 54 38 23 14 23 139 122 104 87 70 52 35 18 0 18 140 122 105 88 71 54 38 23 14 23
165 71 99 105 103 145 89 136 163 100 48 96 104 116 96 153 130 102 50 128 124 63 120 68 100 152 83 107 155 97 50 81 105 115 65 154 105 111 35 87 192 178 165 152 141 131 122 116 112 110 184 170 156 143 130 119 110 103 98 96 177 162 148 134 120 108 98 90 85 83 171 155 140 125 111 98 87 77 71 69 166 150 134 118 103 89 76 65 58 55 162 145 129 112 96 81 67 54 45 42 159 142 125 108 91 75 59 45 33 28 157 140 122 105 88 71 54 38 23 14 156 139 122 104 87 70 52 35 18 0 157 140 122 105 88 71 54 38 23 14
9 161 144 53 92 12 96 136 16 198 171 196 68 180 134 28 93 114 140 125 34 151 133 91 94 5 102 121 21 192 138 180 77 176 123 33 79 113 129 105 129 130 133 138 145 154 164 176 188 201 115 116 119 125 133 143 154 166 179 192 100 102 106 112 121 132 144 156 170 184 86 88 93 100 110 122 134 148 162 177 72 74 80 88 99 112 126 140 156 171 58 60 67 77 90 104 119 134 150 166 43 47 55 68 82 97 113 129 145 162 29 34 45 60 75 91 108 125 142 159 15 23 38 54 71 88 105 122 140 157 0 18 35 52 70 87 104 122 139 156
26 146 132 35 81 8 82 128 28 184 155 182 54 168 122 31 86 102 124 117 17 136 124 74 82 14 88 110 26 178 123 165 65 165 108 36 67 103 113 92 130 128 129 132 138 145 154 164 175 187 116 114 115 119 125 133 142 153 165 178 102 100 101 105 112 121 131 143 156 170 88 86 87 92 100 110 121 134 148 162 74 72 73 79 88 99 112 126 140 155 60 57 60 67 77 90 104 118 134 150 47 43 46 55 67 82 97 112 129 145 34 29 34 45 60 75 91 108 125 142 23 15 23 38 54 71 88 105 122 140 18 0 18 35 52 70 87 104 122 139
43 132 121 18 71 24 70 122 44 171 140 169 44 157 111 41 82 93 109 110 8 122 116 57 72 31 75 101 39 165 107 151 56 154 93 46 57 95 96 80 133 129 128 129 132 137 144 153 163 175 119 115 114 115 118 124 132 142 153 165 106 101 99 101 105 112 121 131 143 156 93 87 85 87 92 99 109 121 134 148 80 73 71 73 79 88 99 112 126 140 67 60 57 60 67 77 90 104 118 134 55 46 43 46 55 67 81 97 112 129 45 34 29 34 45 60 75 91 108 125 38 23 15 23 38 54 71 88 105 122 35 18 0 18 35 52 70 87 104 122
61 119 112 5 66 41 61 119 61 158 124 156 39 148 102 56 81 85 94 107 21 108 110 41 65 48 65 94 55 153 93 138 51 144 80 59 53 89 80 71 138 132 129 127 128 131 137 144 153 163 125 119 115 113 114 118 124 132 141 152 112 105 101 99 100 105 111 120 131 143 100 92 87 85 87 91 99 109 121 134 88 79 73 71 73 79 88 99 112 125 77 67 60 57 59 66 77 89 103 118 68 55 46 43 46 55 67 81 97 112 60 45 34 29 33 45 59 75 91 108 54 38 23 15 23 38 54 71 88 105 52 35 18 0 18 35 52 70 87 104
78 107 105 18 64 59 56 118 78 147 109 144 41 140 95 71 84 81 81 106 38 96 107 27 63 65 58 91 71 141 79 126 52 137 69 74 53 87 64 65 145 138 132 128 127 127 131 136 143 152 133 125 118 114 113 114 117 123 131 141 121 112 105 100 99 100 104 111 120 130 110 100 92 87 85 86 91 99 109 120 99 88 79 73 71 73 78 87 99 111 90 77 67 59 57 59 66 77 89 103 82 67 55 46 43 46 55 67 81 96 75 60 45 33 29 33 45 59 75 91 71 54 38 23 15 23 38 54 71 88 70 52 35 18 0 18 35 52 70 87
95 97 100 35 67 76 56 119 95 136 96 134 50 133 91 87 91 81 69 108 55 85 107 19 66 83 56 90 88 131 68 115 58 130 61 90 59 88 50 63 154 145 137 131 127 126 127 130 135 143 143 133 124 118 114 112 113 117 123 131 132 121 112 105 100 98 99 104 110 119 122 110 99 91 86 84 86 91 98 108 112 99 88 79 73 70 72 78 87 98 104 90 77 66 59 56 59 66 76 89 97 82 67 55 46 42 46 55 67 81 91 75 60 45 33 28 33 45 59 75 88 71 54 38 23 14 23 38 54 71 87 70 52 35 18 0 18 35 52 70
112 89 98 53 74 93 61 123 112 128 83 125 62 129 91 104 100 84 60 112 72 77 110 24 72 100 59 93 105 123 59 107 69 126 58 106 69 93 38 66 164 154 144 137 131 127 125 126 130 135 154 142 132 124 117 113 112 113 116 122 144 131 121 111 104 99 98 99 103 110 134 121 109 99 91 86 84 85 90 98 126 112 99 88 78 72 70 72 78 87 119 104 90 77 66 59 56 59 66 76 113 97 81 67 55 46 42 46 54 67 108 91 75 59 45 33 28 33 45 59 105 88 71 54 38 23 14 23 38 54 104 87 70 52 35 18 0 18 35 52
130 84 100 70 84 110 70 129 129 121 72 117 77 127 93 121 111 91 55 119 89 73 115 38 82 117 67 99 122 116 55 100 81 125 59 123 81 100 31 73 176 164 153 144 136 130 126 125 126 129 166 153 142 132 123 117 113 111 112 116 156 143 131 120 111 104 99 97 99 103 148 134 121 109 99 91 85 83 85 90 140 126 112 99 87 78 72 70 72 77 134 118 104 89 77 66 59 56 58 65 129 112 97 81 67 55 46 42 45 54 125 108 91 75 59 45 33 28 33 45 122 105 88 71 54 38 23 14 23 38 122 104 87 70 52 35 18 0 18 35
147 82 104 87 96 128 82 137 146 116 65 113 92 127 99 138 124 100 56 128 106 72 122 54 94 135 78 107 139 112 55 96 95 126 65 140 95 109 33 83 188 175 163 153 143 135 130 126 124 125 179 165 153 141 131 123 116 112 110 112 170 156 143 131 120 110 103 99 97 98 162 148 134 121 109 98 90 85 83 85 156 140 126 112 99 87 78 72 69 71 150 134 118 103 89 76 66 58 55 58 145 129 112 97 81 67 54 45 42 45 142 125 108 91 75 59 45 33 28 33 140 122 105 88 71 54 38 23 14 23 139 122 104 87 70 52 35 18 0 18
164 84 111 104 110 145 96 147 164 114 61 110 108 129 107 155 137 111 62 138 124 76 131 70 108 152 91 117 156 111 61 95 110 129 75 157 110 121 43 96 201 187 175 163 152 143 135 129 125 124 192 178 165 152 141 131 122 116 112 110 184 170 156 143 130 119 110 103 98 96 177 162 148 134 120 108 98 90 85 83 171 155 140 125 111 98 87 77 71 69 166 150 134 118 103 89 76 65 58 55 162 145 129 112 96 81 67 54 45 42 159 142 125 108 91 75 59 45 33 28 157 140 122 105 88 71 54 38 23 14 156 139 122 104 87 70 52 35 18 0
