0 110 9 110 11 44 31 81 49 113 40 70 73 48 30 114 36 44 53 83 4 95 15 101 9 59 27 66 37 88 42 65 124 40 33 108 34 21 40 66 85 83 84 88 96 106 118 130 144 159 71 68 70 75 84 95 108 122 137 152 58 54 56 63 73 86 100 115 131 147 44 40 43 51 64 78 94 109 126 142 32 26 30 42 56 72 89 105 122 139 23 12 19 35 52 69 86 103 120 137 20 4 16 33 50 68 85 102 120 137 27 18 24 37 53 70 87 104 121 138 38 32 36 46 59 75 91 107 124 140 50 46 49 57 68 82 96 112 128 144
110 0 106 90 120 67 138 125 63 20 70 44 39 144 108 16 75 142 125 73 107 22 104 85 118 98 134 121 73 45 68 48 64 137 114 18 78 101 114 72 98 81 63 46 29 12 9 25 42 59 98 81 64 47 30 15 12 26 43 60 101 84 67 52 37 26 24 33 47 63 105 89 73 59 47 39 38 44 56 69 111 96 82 69 59 53 52 56 66 78 118 104 91 80 71 66 65 69 77 87 126 113 102 92 84 80 79 82 89 98 136 124 113 104 98 94 93 96 101 109 146 135 125 117 111 108 107 109 114 121 157 146 137 130 125 121 121 123 127 133
9 106 0 102 19 39 33 73 44 108 37 64 68 46 36 109 31 43 46 84 10 90 7 93 14 51 29 58 34 81 38 60 117 37 40 103 29 13 33 68 89 85 85 88 94 103 113 126 139 153 76 71 71 74 82 92 103 117 131 146 63 57 57 61 70 81 95 109 124 140 50 43 43 49 59 72 87 103 119 135 39 30 29 37 50 65 81 98 115 132 31 17 15 28 44 61 78 95 112 129 28 11 8 25 42 60 77 94 111 129 32 19 17 29 45 61 78 95 112 130 41 32 31 39 51 66 82 99 115 132 52 45 45 50 61 74 88 104 119 136
110 90 102 0 119 79 123 60 77 73 89 68 71 113 129 78 84 113 83 137 110 71 96 10 115 55 120 68 89 49 85 70 38 109 135 73 83 90 82 125 157 143 130 118 107 99 92 89 89 93 150 135 121 108 96 86 79 75 76 80 143 127 113 98 86 74 66 62 62 67 137 121 106 90 76 64 54 48 48 55 133 117 100 84 68 54 42 34 35 43 130 113 96 79 63 47 32 21 22 34 129 112 94 77 60 43 26 10 12 28 129 112 95 77 60 43 26 12 14 29 131 114 97 80 64 48 34 24 25 36 134 117 101 85 70 56 44 37 38 46
11 120 19 119 0 55 23 86 60 124 51 81 84 45 31 125 47 41 56 89 14 106 24 110 5 67 20 71 48 99 53 76 134 37 32 119 45 30 45 73 88 88 91 97 106 116 128 141 155 170 74 74 78 85 94 106 119 133 148 163 60 60 64 73 84 97 111 126 142 158 46 46 52 62 75 89 104 120 137 153 32 32 40 52 67 83 99 116 133 150 19 18 30 46 62 79 96 113 130 147 10 8 26 43 60 77 95 112 129 147 16 15 28 45 61 78 95 113 130 147 29 28 37 50 66 82 98 115 132 149 42 42 48 59 73 87 103 119 135 152
44 67 39 79 55 0 71 77 5 69 11 26 29 78 53 70 9 76 64 66 42 51 38 70 52 47 67 66 11 46 7 21 83 71 60 64 11 34 51 52 82 71 63 59 60 66 75 87 100 115 72 60 50 45 46 54 65 78 93 109 65 50 38 31 33 43 56 71 87 104 59 43 28 17 21 34 50 67 84 101 57 40 23 6 13 30 48 65 82 100 58 42 26 14 18 33 49 66 83 100 63 48 35 27 30 40 54 70 86 103 70 57 47 41 43 51 62 76 92 107 79 68 59 55 56 62 72 85 98 113 90 80 73 69 70 75 83 94 107 120
31 138 33 123 23 71 0 79 76 139 69 96 100 25 53 141 63 22 47 112 34 122 34 115 23 68 5 64 66 111 70 92 144 20 53 135 61 39 41 96 111 111 113 118 126 135 146 157 170 184 97 97 100 106 114 124 135 148 162 176 82 82 86 93 102 113 126 140 154 169 68 68 73 81 91 104 118 132 147 163 54 54 60 69 82 95 110 126 141 158 40 40 48 59 73 88 104 120 137 154 26 27 37 51 67 83 100 117 134 151 13 15 30 46 63 80 97 115 132 149 9 11 28 45 62 80 97 114 132 149 20 21 33 49 65 82 99 116 133 150
81 125 73 60 86 77 79 0 78 115 85 85 90 61 109 119 76 63 33 142 83 104 67 56 82 31 78 16 83 82 82 84 95 61 113 113 73 62 42 127 155 146 139 134 130 129 130 134 140 147 143 134 126 120 116 115 117 121 127 135 132 122 113 107 103 101 103 108 115 124 122 110 101 93 89 87 89 95 103 113 112 99 89 80 75 73 76 82 91 103 103 89 77 68 61 59 63 70 81 93 96 81 67 56 48 46 50 59 71 85 90 74 58 45 35 32 38 49 64 79 86 69 52 36 23 18 27 42 58 75 84 67 49 32 15 5 21 38 56 73
49 63 44 77 60 5 76 78 0 65 13 21 25 83 57 66 14 81 67 65 47 47 42 68 57 48 72 69 14 42 9 17 80 75 63 60 16 39 55 51 82 70 61 56 56 61 70 82 96 110 73 60 49 42 42 49 60 74 89 104 66 51 38 29 29 38 52 67 83 100 62 45 29 16 16 30 46 63 80 97 61 43 26 9 10 27 44 62 79 96 63 46 30 18 18 31 47 63 80 97 68 53 39 31 31 40 53 68 84 100 75 62 51 45 45 51 62 75 90 105 84 72 64 59 59 64 72 84 97 112 94 84 77 73 72 76 84 94 106 119
113 20 108 73 124 69 139 115 65 0 74 44 40 142 116 6 78 141 120 89 111 18 105 70 121 91 135 113 77 34 72 48 44 136 123 6 80 101 111 86 114 97 80 63 47 32 20 20 32 47 113 96 78 61 44 27 10 10 27 44 113 96 79 62 45 28 14 14 29 45 116 99 82 66 50 36 26 26 36 50 119 103 87 72 58 47 40 40 47 58 125 109 94 80 68 59 53 53 58 68 131 117 103 90 80 71 67 67 71 79 139 125 112 101 91 84 81 81 84 91 148 135 123 112 104 98 94 94 97 103 157 145 134 124 117 111 108 108 111 116
40 70 37 89 51 11 69 85 13 74 0 32 35 80 44 75 10 77 69 58 37 56 37 80 49 55 65 74 4 54 5 28 92 72 51 69 13 35 55 43 72 62 55 54 58 66 78 91 105 121 62 50 42 40 45 56 69 84 99 115 54 40 29 26 34 47 62 78 95 111 49 33 17 12 25 41 58 75 92 109 48 31 14 6 22 40 57 74 91 109 51 35 22 18 28 43 59 76 93 110 58 44 34 32 38 50 65 80 96 113 66 55 48 46 51 60 73 87 102 118 77 67 61 60 64 71 82 95 109 124 89 80 75 74 77 83 93 104 117 131
70 44 64 68 81 26 96 85 21 44 32 0 6 101 76 45 34 99 81 69 67 26 62 60 78 57 92 79 34 24 29 5 62 93 83 39 36 58 70 59 90 76 63 52 46 45 52 62 75 90 84 69 54 41 32 32 40 53 68 84 80 63 47 31 19 19 31 46 63 80 79 61 44 27 10 9 26 44 61 78 79 62 46 29 15 15 29 45 62 79 83 67 51 37 28 27 37 51 66 82 88 73 59 48 41 41 48 59 72 87 96 82 70 60 55 55 60 69 81 95 104 92 81 73 69 69 73 80 91 103 114 103 93 86 83 82 86 92 101 112
73 39 68 71 84 29 100 90 25 40 35 6 0 105 78 41 38 103 86 67 71 23 66 63 81 62 96 84 37 25 32 9 62 98 84 36 40 62 75 57 89 74 60 48 41 40 47 58 72 87 83 67 52 38 28 27 36 50 65 81 80 63 46 30 15 14 28 44 61 78 79 62 45 28 11 9 26 43 60 77 81 64 48 32 20 19 30 46 62 79 85 69 54 41 33 32 40 53 67 83 91 77 64 53 46 46 51 62 75 89 99 86 74 65 60 60 64 72 84 97 108 96 86 78 74 73 77 84 94 106 118 107 98 91 88 87 90 96 105 116
48 144 46 113 45 78 25 61 83 142 80 101 105 0 75 145 71 4 31 129 52 126 44 105 42 59 27 48 77 111 79 97 139 9 76 138 69 45 33 113 132 130 130 132 137 144 152 161 172 184 118 116 116 119 124 131 140 151 162 175 104 102 102 105 111 119 129 140 153 166 90 87 88 92 98 107 118 131 144 158 77 73 74 78 86 96 109 122 136 151 63 59 60 65 75 86 100 114 130 145 50 45 46 53 64 78 92 108 124 140 38 31 33 42 56 71 87 103 120 137 28 17 20 34 49 66 83 100 117 134 23 6 12 30 47 64 82 99 116 133
30 108 36 129 31 53 53 109 57 116 44 76 78 75 0 116 46 71 81 62 27 98 42 120 33 84 50 94 43 98 48 71 136 67 7 111 47 47 68 48 58 60 66 75 87 101 116 131 147 163 44 46 54 65 79 94 109 125 142 158 30 33 43 57 72 88 105 121 138 155 16 21 35 51 68 85 102 119 136 153 4 14 31 49 66 83 101 118 135 152 15 20 34 50 67 84 101 119 136 153 29 31 42 56 72 88 104 121 138 155 43 45 53 64 78 93 109 125 141 158 57 58 65 74 87 100 115 130 146 162 71 72 77 86 96 109 122 137 152 167
114 16 109 78 125 70 141 119 66 6 75 45 41 145 116 0 79 143 123 86 111 19 107 75 122 94 137 117 77 38 73 50 49 138 122 7 81 103 113 84 111 94 77 60 43 27 15 17 31 48 111 93 76 59 41 24 7 12 29 46 112 95 78 61 44 29 17 19 32 48 114 98 81 66 51 38 30 31 41 54 119 103 87 73 60 49 44 45 52 63 125 110 95 82 71 62 57 58 64 73 132 118 104 92 82 75 71 72 76 84 140 127 114 103 95 88 85 85 89 96 149 136 125 115 107 102 99 99 102 108 159 147 137 128 120 115 113 113 116 121
36 75 31 84 47 9 63 76 14 78 10 34 38 71 46 79 0 69 59 68 34 60 30 75 44 46 59 64 8 54 9 30 91 63 53 73 3 27 46 52 81 71 65 63 66 73 83 95 109 123 70 59 51 49 53 62 73 87 102 117 61 48 38 35 40 51 65 80 96 112 54 39 26 21 29 43 59 75 92 109 50 33 17 7 21 38 55 72 90 107 51 34 17 9 22 38 55 73 90 107 55 39 27 22 30 43 59 75 92 109 62 49 39 36 41 52 65 81 96 113 71 60 53 50 54 62 74 88 102 118 82 72 66 65 67 74 84 96 110 124
44 142 43 113 41 76 22 63 81 141 77 99 103 4 71 143 69 0 32 126 48 124 41 106 39 59 23 49 74 110 77 95 139 6 72 137 66 43 33 110 128 126 127 129 134 141 150 160 171 183 114 112 113 116 121 129 138 149 161 174 100 98 99 102 109 117 127 139 152 166 87 84 85 89 96 106 117 130 144 158 73 70 71 76 84 95 108 121 136 151 59 55 57 63 73 86 99 114 130 145 46 41 43 51 63 77 92 108 124 141 34 27 30 41 55 71 87 104 121 138 25 13 19 34 50 67 84 101 118 136 22 5 14 31 49 66 83 100 118 135
53 125 46 83 56 64 47 33 67 120 69 81 86 31 81 123 59 32 0 125 55 105 41 75 51 31 46 18 66 87 67 78 111 29 85 116 56 37 15 109 133 127 123 122 123 126 131 139 148 159 121 114 109 108 109 113 119 127 137 148 108 100 96 94 95 99 106 116 126 139 96 87 82 80 81 86 94 105 117 130 84 75 68 65 67 74 83 95 108 122 74 63 55 51 54 62 73 86 100 115 65 52 41 37 41 51 64 78 94 110 58 42 29 23 29 41 57 73 89 106 54 37 20 9 19 36 53 70 87 104 53 36 19 6 18 35 52 69 87 104
83 73 84 137 89 66 112 142 65 89 58 69 67 129 62 86 68 126 125 0 79 76 88 129 89 113 108 131 60 91 61 68 126 121 65 85 70 89 111 17 26 9 10 27 44 62 79 96 113 131 30 17 17 30 46 63 80 97 114 131 39 30 30 39 52 68 84 100 117 134 50 44 44 50 61 75 89 105 121 137 63 58 58 63 72 83 97 111 126 142 76 72 72 76 83 93 106 119 133 148 89 86 86 89 96 104 115 128 141 155 103 100 100 103 108 116 126 137 150 163 117 114 114 116 121 128 137 148 159 172 131 128 128 130 135 141 149 159 169 181
4 107 10 110 14 42 34 83 47 111 37 67 71 52 27 111 34 48 55 79 0 93 16 101 12 60 30 68 35 86 39 63 122 43 31 106 32 22 42 63 81 79 80 85 93 103 115 128 142 156 68 65 66 72 81 92 106 120 135 150 54 50 52 60 70 83 98 113 129 145 41 36 39 48 61 76 91 108 124 141 30 22 26 39 54 70 87 104 121 138 22 8 17 33 50 67 85 102 119 136 22 8 17 33 50 67 85 102 119 136 30 22 26 39 54 70 87 104 121 138 41 36 39 48 61 76 91 107 124 141 54 50 52 59 70 83 98 113 129 145
95 22 90 71 106 51 122 104 47 18 56 26 23 126 98 19 60 124 105 76 93 0 88 65 103 77 118 100 59 24 54 31 50 119 105 14 62 84 95 71 101 84 68 53 39 29 28 36 50 65 98 81 64 47 31 17 15 28 44 61 97 80 63 45 28 11 8 25 42 59 99 82 65 48 32 19 18 29 45 61 102 85 69 54 41 32 31 39 51 66 107 91 77 63 52 45 44 50 60 73 113 99 85 74 64 59 58 63 71 82 121 108 95 85 77 73 72 75 83 92 130 118 106 97 90 86 86 89 95 103 140 128 118 110 104 100 100 102 107 115
15 104 7 96 24 38 34 67 42 105 37 62 66 44 42 107 30 41 41 88 16 88 0 87 19 45 30 53 34 78 37 58 112 35 46 101 27 7 27 71 94 89 87 89 94 102 112 124 136 150 81 75 73 75 82 90 102 114 128 143 68 61 59 62 69 80 92 106 121 136 56 48 45 49 58 70 84 99 115 131 45 35 31 36 48 62 78 94 110 127 37 23 17 25 40 57 73 90 107 124 33 16 3 20 37 54 72 89 106 123 35 20 13 23 39 56 73 90 107 124 43 31 27 33 45 60 76 93 109 126 53 44 41 45 55 68 82 97 113 130
101 85 93 10 110 70 115 56 68 70 80 60 63 105 120 75 75 106 75 129 101 65 87 0 106 47 111 61 80 42 76 61 40 102 126 69 74 81 74 117 149 135 122 111 101 93 88 87 88 93 141 126 113 100 89 80 75 73 75 81 134 119 104 90 78 68 61 59 62 69 128 112 97 82 68 56 48 45 49 58 124 107 91 75 60 46 35 31 37 48 121 104 87 70 54 38 24 18 26 40 120 103 85 68 51 34 17 4 20 37 121 103 86 69 52 35 20 11 22 38 123 106 89 73 57 42 30 25 31 44 126 110 94 78 64 51 42 39 43 53
9 118 14 115 5 52 23 82 57 121 49 78 81 42 33 122 44 39 51 89 12 103 19 106 0 62 19 66 46 95 50 73 130 34 35 116 42 25 40 73 90 89 91 96 104 114 126 138 152 166 76 75 77 83 92 104 116 130 145 160 62 61 64 71 82 94 108 123 138 154 49 46 51 60 72 86 101 117 133 149 35 32 38 50 64 79 95 112 128 145 23 18 27 42 58 75 92 109 126 143 15 5 21 38 56 73 90 107 125 142 19 12 24 40 57 74 91 108 125 142 30 26 33 46 61 77 93 110 127 144 42 40 45 55 68 83 98 114 131 147
59 98 51 55 67 47 68 31 48 91 55 57 62 59 84 94 46 59 31 113 60 77 45 47 62 0 65 23 53 58 52 54 81 55 89 88 44 39 28 98 126 117 109 104 101 101 105 110 119 129 115 105 96 90 87 87 91 98 107 118 105 93 84 77 73 74 78 86 96 109 96 83 72 63 59 60 65 75 87 100 88 73 60 50 45 46 53 64 78 93 81 66 51 39 31 33 42 56 71 87 77 60 44 29 18 21 34 50 66 83 75 58 41 23 6 13 30 47 64 82 76 59 42 26 13 17 32 48 65 82 80 63 48 35 27 29 39 53 69 85
27 134 29 120 20 67 5 78 72 135 65 92 96 27 50 137 59 23 46 108 30 118 30 111 19 65 0 63 62 107 66 87 140 20 50 131 56 35 39 92 108 107 109 114 122 131 141 153 166 180 93 93 96 101 110 120 131 144 158 172 79 79 82 89 98 109 122 136 150 165 65 65 69 77 87 100 114 128 143 159 51 51 56 65 77 91 106 122 138 154 37 37 43 55 69 85 101 117 134 150 24 23 33 47 63 80 97 114 131 148 13 11 26 43 60 77 95 112 129 146 13 11 26 43 60 77 95 112 129 146 24 23 33 48 63 80 97 114 131 148
66 121 58 68 71 66 64 16 69 113 74 79 84 48 94 117 64 49 18 131 68 100 53 61 66 23 63 0 71 79 71 77 99 47 98 110 61 48 27 115 142 134 128 124 123 124 127 132 140 149 130 122 115 111 109 110 114 120 128 138 119 109 102 97 95 96 100 107 116 127 107 97 89 83 81 82 87 95 106 118 97 85 76 69 67 69 75 84 96 109 88 75 64 56 53 55 63 74 87 101 80 66 53 43 39 42 52 64 79 94 74 58 43 31 25 30 42 57 73 90 71 54 37 21 11 20 36 53 70 87 70 53 36 19 4 18 35 52 69 87
37 73 34 89 48 11 66 83 14 77 4 34 37 77 43 77 8 74 66 60 35 59 34 80 46 53 62 71 0 56 6 30 94 68 50 72 10 32 52 45 74 64 58 57 61 69 81 94 108 123 63 52 44 43 48 59 72 86 102 118 55 41 31 29 37 49 64 80 97 113 49 33 19 16 27 43 60 77 94 111 47 29 12 6 23 41 58 75 93 110 49 33 19 16 27 43 60 77 94 111 55 41 31 29 37 50 65 80 97 113 63 52 45 43 49 59 72 86 102 118 74 64 58 57 61 70 81 94 108 123 85 77 72 71 75 81 91 103 116 130
88 45 81 49 99 46 111 82 42 34 54 24 25 111 98 38 54 110 87 91 86 24 78 42 95 58 107 79 56 0 51 28 39 105 105 32 55 73 79 82 113 98 83 70 59 52 50 53 62 74 108 92 76 61 48 39 36 41 52 65 104 87 70 54 39 26 22 30 44 59 102 85 67 50 33 17 8 22 39 56 102 84 67 50 33 16 7 22 38 56 104 87 70 54 38 25 21 29 43 59 107 91 75 60 47 38 35 40 51 65 113 97 83 69 58 51 49 52 61 73 119 105 92 80 70 64 63 65 73 83 127 114 102 91 83 78 76 79 85 94
42 68 38 85 53 7 70 82 9 72 5 29 32 79 48 73 9 77 67 61 39 54 37 76 50 52 66 71 6 51 0 25 89 71 55 67 11 35 54 46 76 65 58 55 58 66 76 89 103 118 66 54 45 41 45 54 67 81 97 112 58 44 32 27 33 45 59 75 92 108 53 37 21 13 22 38 55 71 89 106 52 34 17 2 19 36 53 70 88 105 54 38 23 16 24 39 55 72 89 106 60 46 35 30 35 46 61 76 92 109 68 56 47 44 48 56 69 83 98 113 78 68 61 58 61 68 78 91 105 119 89 80 74 72 74 80 89 100 113 127
65 48 60 70 76 21 92 84 17 48 28 5 9 97 71 50 30 95 78 68 63 31 58 61 73 54 87 77 30 28 25 0 66 89 78 44 32 54 67 56 88 74 62 52 47 48 55 66 80 94 81 66 52 40 33 35 44 58 72 88 77 60 44 29 20 23 35 51 67 84 75 57 40 23 7 14 31 48 65 82 75 58 41 25 11 16 32 49 66 83 78 62 46 33 25 27 38 53 69 85 84 69 55 44 38 40 48 61 75 90 91 77 66 57 52 53 60 70 83 97 100 88 77 70 66 67 72 81 92 105 110 99 90 83 80 81 85 93 102 114
124 64 117 38 134 83 144 95 80 44 92 62 62 139 136 49 91 139 111 126 122 50 112 40 130 81 140 99 94 39 89 66 0 134 143 47 92 106 106 119 150 133 118 103 88 75 64 56 52 55 145 129 112 96 81 66 53 43 39 42 142 125 108 91 75 59 44 31 25 30 140 123 106 89 72 54 38 22 11 20 140 123 105 88 71 54 36 19 4 17 141 124 107 90 73 56 40 26 18 24 143 127 110 93 77 62 48 36 31 35 147 131 115 99 84 70 58 49 45 48 152 136 121 106 92 80 69 62 59 61 158 143 128 114 102 90 81 75 72 74
40 137 37 109 37 71 20 61 75 136 72 93 98 9 67 138 63 6 29 121 43 119 35 102 34 55 20 47 68 105 71 89 134 0 68 131 61 37 28 105 124 121 122 124 129 136 144 155 166 178 110 107 107 110 116 124 133 144 156 169 96 93 93 97 103 112 122 134 147 161 82 79 79 83 91 100 112 125 139 153 69 65 65 70 79 90 103 117 132 147 56 51 51 58 68 81 95 110 125 141 43 37 38 46 58 73 88 104 121 137 32 23 25 36 51 67 84 100 117 134 25 10 14 30 47 64 81 98 116 133 25 10 14 30 47 64 81 98 116 133
33 114 40 135 32 60 53 113 63 123 51 83 84 76 7 122 53 72 85 65 31 105 46 126 35 89 50 98 50 105 55 78 143 68 0 117 53 52 72 52 59 63 70 81 93 107 122 137 153 169 45 49 59 71 85 100 116 132 148 165 31 37 49 63 79 95 111 128 145 162 17 26 41 57 74 91 108 125 143 160 4 21 38 55 73 90 107 124 142 159 13 24 40 57 74 91 108 125 142 159 27 34 46 61 77 94 110 127 144 161 42 46 56 69 83 99 115 131 147 164 56 59 67 78 91 105 120 136 152 168 70 73 79 89 100 113 127 142 157 173
108 18 103 73 119 64 135 113 60 6 69 39 36 138 111 7 73 137 116 85 106 14 101 69 116 88 131 110 72 32 67 44 47 131 117 0 75 97 107 81 110 93 76 59 43 29 20 24 37 52 108 91 74 56 39 22 7 15 32 49 108 91 74 57 40 23 10 17 33 50 110 94 77 61 45 32 24 27 39 54 114 98 82 67 54 43 38 40 48 61 120 104 90 76 64 55 51 53 60 70 126 112 98 86 76 69 65 66 72 81 134 121 108 97 88 82 79 80 85 92 143 130 119 109 101 95 93 94 97 104 153 141 130 121 114 109 107 107 111 116
34 78 29 83 45 11 61 73 16 80 13 36 40 69 47 81 3 66 56 70 32 62 27 74 42 44 56 61 10 55 11 32 92 61 53 75 0 24 43 55 83 74 68 66 69 76 86 97 111 125 72 61 54 52 56 64 75 89 103 119 62 50 41 38 43 53 67 81 97 113 55 40 28 24 31 45 60 76 93 110 51 34 18 10 23 39 56 73 90 107 50 33 16 6 21 38 55 73 90 107 53 38 24 20 28 42 58 75 92 109 60 46 37 34 39 50 64 80 96 112 69 57 50 48 52 60 72 86 101 117 79 70 63 62 65 72 82 95 108 123
21 101 13 90 30 34 39 62 39 101 35 58 62 45 47 103 27 43 37 89 22 84 7 81 25 39 35 48 32 73 35 54 106 37 52 97 24 0 23 73 97 91 88 89 93 99 109 120 132 145 84 77 74 75 79 87 98 110 123 138 72 64 60 61 67 76 88 101 116 131 60 51 46 47 54 66 79 94 109 125 50 38 32 34 43 57 72 88 104 121 43 28 18 21 35 51 67 84 101 118 40 23 6 14 31 48 65 82 100 117 41 25 13 18 33 49 66 83 100 118 47 34 27 29 40 54 70 86 103 120 56 46 41 42 50 62 76 91 107 123
40 114 33 82 45 51 41 42 55 111 55 70 75 33 68 113 46 33 15 111 42 95 27 74 40 28 39 27 52 79 54 67 106 28 72 107 43 23 0 95 119 113 110 108 110 114 121 130 140 152 107 100 96 94 96 101 109 118 130 142 94 86 82 80 83 89 97 108 120 134 82 73 68 66 69 76 86 98 111 126 71 61 54 52 56 64 76 89 104 119 62 49 41 38 43 54 67 82 98 114 54 39 28 24 32 45 61 77 93 110 50 33 17 10 23 40 57 74 91 108 49 32 15 6 22 39 56 73 91 108 52 37 24 20 29 43 59 76 92 109
66 72 68 125 73 52 96 127 51 86 43 59 57 113 48 84 52 110 109 17 63 71 71 117 73 98 92 115 45 82 46 56 119 105 52 81 55 73 95 0 32 20 19 30 46 62 79 96 113 130 28 11 8 25 43 60 77 95 112 129 30 16 15 28 44 61 78 95 112 130 38 28 28 36 50 65 81 98 115 132 49 42 41 48 59 72 87 103 119 135 61 56 55 60 69 81 94 109 124 140 74 70 69 73 81 91 103 116 131 146 88 84 83 87 93 102 113 125 138 153 101 98 98 100 106 113 123 135 147 161 115 112 112 114 119 126 135 145 157 169
85 98 89 157 88 82 111 155 82 114 72 90 89 132 58 111 81 128 133 26 81 101 94 149 90 126 108 142 74 113 76 88 150 124 59 110 83 97 119 32 0 18 35 52 70 87 104 122 139 156 15 23 38 54 71 88 105 122 140 157 29 34 45 60 75 91 108 125 142 159 43 47 55 68 82 97 113 129 145 162 58 60 67 77 90 104 119 134 150 166 72 74 80 88 99 112 126 140 156 171 86 88 93 100 110 122 134 148 162 177 100 102 106 112 121 132 144 156 170 184 115 116 119 125 133 143 154 166 179 192 129 130 133 138 145 154 164 176 188 201
83 81 85 143 88 71 111 146 70 97 62 76 74 130 60 94 71 126 127 9 79 84 89 135 89 117 107 134 64 98 65 74 133 121 63 93 74 91 113 20 18 0 18 35 52 70 87 104 122 139 23 15 23 38 54 71 88 105 122 140 34 29 34 45 60 75 91 108 125 142 47 43 46 55 67 82 97 112 129 145 60 57 60 67 77 90 104 118 134 150 74 72 73 79 88 99 112 126 140 155 88 86 87 92 100 110 121 134 148 162 102 100 101 105 112 121 131 143 156 170 116 114 115 119 125 133 142 153 165 178 130 128 129 132 138 145 154 164 175 187
84 63 85 130 91 63 113 139 61 80 55 63 60 130 66 77 65 127 123 10 80 68 87 122 91 109 109 128 58 83 58 62 118 122 70 76 68 88 110 19 35 18 0 18 35 52 70 87 104 122 38 23 15 23 38 54 71 88 105 122 45 34 29 34 45 60 75 91 108 125 55 46 43 46 55 67 81 97 112 129 67 60 57 60 67 77 90 104 118 134 80 73 71 73 79 88 99 112 126 140 93 87 85 87 92 99 109 121 134 148 106 101 99 101 105 112 121 131 143 156 119 115 114 115 118 124 132 142 153 165 133 129 128 129 132 137 144 153 163 175
88 46 88 118 97 59 118 134 56 63 54 52 48 132 75 60 63 129 122 27 85 53 89 111 96 104 114 124 57 70 55 52 103 124 81 59 66 89 108 30 52 35 18 0 18 35 52 70 87 104 54 38 23 15 23 38 54 71 88 105 60 45 34 29 33 45 59 75 91 108 68 55 46 43 46 55 67 81 97 112 77 67 60 57 59 66 77 89 103 118 88 79 73 71 73 79 88 99 112 125 100 92 87 85 87 91 99 109 121 134 112 105 101 99 100 105 111 120 131 143 125 119 115 113 114 118 124 132 141 152 138 132 129 127 128 131 137 144 153 163
96 29 94 107 106 60 126 130 56 47 58 46 41 137 87 43 66 134 123 44 93 39 94 101 104 101 122 123 61 59 58 47 88 129 93 43 69 93 110 46 70 52 35 18 0 18 35 52 70 87 71 54 38 23 15 23 38 54 71 88 75 60 45 33 29 33 45 59 75 91 82 67 55 46 43 46 55 67 81 96 90 77 67 59 57 59 66 77 89 103 99 88 79 73 71 73 78 87 99 111 110 100 92 87 85 86 91 99 109 120 121 112 105 100 99 100 104 111 120 130 133 125 118 114 113 114 117 123 131 141 145 138 132 128 127 127 131 136 143 152
106 12 103 99 116 66 135 129 61 32 66 45 40 144 101 27 73 141 126 62 103 29 102 93 114 101 131 124 69 52 66 48 75 136 107 29 76 99 114 62 87 70 52 35 18 0 18 35 52 70 88 71 54 38 23 14 23 38 54 71 91 75 60 45 33 28 33 45 59 75 97 82 67 55 46 42 46 55 67 81 104 90 77 66 59 56 59 66 76 89 112 99 88 79 73 70 72 78 87 98 122 110 99 91 86 84 86 91 98 108 132 121 112 105 100 98 99 104 110 119 143 133 124 118 114 112 113 117 123 131 154 145 137 131 127 126 127 130 135 143
118 9 113 92 128 75 146 130 70 20 78 52 47 152 116 15 83 150 131 79 115 28 112 88 126 105 141 127 81 50 76 55 64 144 122 20 86 109 121 79 104 87 70 52 35 18 0 18 35 52 105 88 71 54 38 23 14 23 38 54 108 91 75 59 45 33 28 33 45 59 113 97 81 67 55 46 42 46 54 67 119 104 90 77 66 59 56 59 66 76 126 112 99 88 78 72 70 72 78 87 134 121 109 99 91 86 84 85 90 98 144 131 121 111 104 99 98 99 103 110 154 142 132 124 117 113 112 113 116 122 164 154 144 137 131 127 125 126 130 135
130 25 126 89 141 87 157 134 82 20 91 62 58 161 131 17 95 160 139 96 128 36 124 87 138 110 153 132 94 53 89 66 56 155 137 24 97 120 130 96 122 104 87 70 52 35 18 0 18 35 122 105 88 71 54 38 23 14 23 38 125 108 91 75 59 45 33 28 33 45 129 112 97 81 67 55 46 42 45 54 134 118 104 89 77 66 59 56 58 65 140 126 112 99 87 78 72 70 72 77 148 134 121 109 99 91 85 83 85 90 156 143 131 120 111 104 99 97 99 103 166 153 142 132 123 117 113 111 112 116 176 164 153 144 136 130 126 125 126 129
144 42 139 89 155 100 170 140 96 32 105 75 72 172 147 31 109 171 148 113 142 50 136 88 152 119 166 140 108 62 103 80 52 166 153 37 111 132 140 113 139 122 104 87 70 52 35 18 0 18 140 122 105 88 71 54 38 23 14 23 142 125 108 91 75 59 45 33 28 33 145 129 112 97 81 67 54 45 42 45 150 134 118 103 89 76 66 58 55 58 156 140 126 112 99 87 78 72 69 71 162 148 134 121 109 98 90 85 83 85 170 156 143 131 120 110 103 99 97 98 179 165 153 141 131 123 116 112 110 112 188 175 163 153 143 135 130 126 124 125
159 59 153 93 170 115 184 147 110 47 121 90 87 184 163 48 123 183 159 131 156 65 150 93 166 129 180 149 123 74 118 94 55 178 169 52 125 145 152 130 156 139 122 104 87 70 52 35 18 0 157 140 122 105 88 71 54 38 23 14 159 142 125 108 91 75 59 45 33 28 162 145 129 112 96 81 67 54 45 42 166 150 134 118 103 89 76 65 58 55 171 155 140 125 111 98 87 77 71 69 177 162 148 134 120 108 98 90 85 83 184 170 156 143 130 119 110 103 98 96 192 178 165 152 141 131 122 116 112 110 201 187 175 163 152 143 135 129 125 124
71 98 76 150 74 72 97 143 73 113 62 84 83 118 44 111 70 114 121 30 68 98 81 141 76 115 93 130 63 108 66 81 145 110 45 108 72 84 107 28 15 23 38 54 71 88 105 122 140 157 0 18 35 52 70 87 104 122 139 156 15 23 38 54 71 88 105 122 140 157 29 34 45 60 75 91 108 125 142 159 43 47 55 68 82 97 113 129 145 162 58 60 67 77 90 104 119 134 150 166 72 74 80 88 99 112 126 140 156 171 86 88 93 100 110 122 134 148 162 177 100 102 106 112 121 132 144 156 170 184 115 116 119 125 133 143 154 166 179 192
68 81 71 135 74 60 97 134 60 96 50 69 67 116 46 93 59 112 114 17 65 81 75 126 75 105 93 122 52 92 54 66 129 107 49 91 61 77 100 11 23 15 23 38 54 71 88 105 122 140 18 0 18 35 52 70 87 104 122 139 23 15 23 38 54 71 88 105 122 140 34 29 34 45 60 75 91 108 125 142 47 43 46 55 67 82 97 112 129 145 60 57 60 67 77 90 104 118 134 150 74 72 73 79 88 99 112 126 140 155 88 86 87 92 100 110 121 134 148 162 102 100 101 105 112 121 131 143 156 170 116 114 115 119 125 133 142 153 165 178
70 64 71 121 78 50 100 126 49 78 42 54 52 116 54 76 51 113 109 17 66 64 73 113 77 96 96 115 44 76 45 52 112 107 59 74 54 74 96 8 38 23 15 23 38 54 71 88 105 122 35 18 0 18 35 52 70 87 104 122 38 23 15 23 38 54 71 88 105 122 45 34 29 34 45 60 75 91 108 125 55 46 43 46 55 67 81 97 112 129 67 60 57 60 67 77 90 104 118 134 80 73 71 73 79 88 99 112 126 140 93 87 85 87 92 99 109 121 134 148 106 101 99 101 105 112 121 131 143 156 119 115 114 115 118 124 132 142 153 165
75 47 74 108 85 45 106 120 42 61 40 41 38 119 65 59 49 116 108 30 72 47 75 100 83 90 101 111 43 61 41 40 96 110 71 56 52 75 94 25 54 38 23 15 23 38 54 71 88 105 52 35 18 0 18 35 52 70 87 104 54 38 23 15 23 38 54 71 88 105 60 45 34 29 33 45 59 75 91 108 68 55 46 43 46 55 67 81 97 112 77 67 60 57 59 66 77 89 103 118 88 79 73 71 73 79 88 99 112 125 100 92 87 85 87 91 99 109 121 134 112 105 101 99 100 105 111 120 131 143 125 119 115 113 114 118 124 132 141 152
84 30 82 96 94 46 114 116 42 44 45 32 28 124 79 41 53 121 109 46 81 31 82 89 92 87 110 109 48 48 45 33 81 116 85 39 56 79 96 43 71 54 38 23 15 23 38 54 71 88 70 52 35 18 0 18 35 52 70 87 71 54 38 23 15 23 38 54 71 88 75 60 45 33 29 33 45 59 75 91 82 67 55 46 43 46 55 67 81 96 90 77 67 59 57 59 66 77 89 103 99 88 79 73 71 73 78 87 99 111 110 100 92 87 85 86 91 99 109 120 121 112 105 100 99 100 104 111 120 130 133 125 118 114 113 114 117 123 131 141
95 15 92 86 106 54 124 115 49 27 56 32 27 131 94 24 62 129 113 63 92 17 90 80 104 87 120 110 59 39 54 35 66 124 100 22 64 87 101 60 88 71 54 38 23 14 23 38 54 71 87 70 52 35 18 0 18 35 52 70 88 71 54 38 23 14 23 38 54 71 91 75 60 45 33 28 33 45 59 75 97 82 67 55 46 42 46 55 67 81 104 90 77 66 59 56 59 66 76 89 112 99 88 79 73 70 72 78 87 98 122 110 99 91 86 84 86 91 98 108 132 121 112 105 100 98 99 104 110 119 143 133 124 118 114 112 113 117 123 131
108 12 103 79 119 65 135 117 60 10 69 40 36 140 109 7 73 138 119 80 106 15 102 75 116 91 131 114 72 36 67 44 53 133 116 7 75 98 109 77 105 88 71 54 38 23 14 23 38 54 104 87 70 52 35 18 0 18 35 52 105 88 71 54 38 23 14 23 38 54 108 91 75 59 45 33 28 33 45 59 113 97 81 67 55 46 42 46 54 67 119 104 90 77 66 59 56 59 66 76 126 112 99 88 78 72 70 72 78 87 134 121 109 99 91 86 84 85 90 98 144 131 121 111 104 99 98 99 103 110 154 142 132 124 117 113 112 113 116 122
122 26 117 75 133 78 148 121 74 10 84 53 50 151 125 12 87 149 127 97 120 28 114 73 130 98 144 120 86 41 81 58 43 144 132 15 89 110 118 95 122 105 88 71 54 38 23 14 23 38 122 104 87 70 52 35 18 0 18 35 122 105 88 71 54 38 23 14 23 38 125 108 91 75 59 45 33 28 33 45 129 112 97 81 67 55 46 42 45 54 134 118 104 89 77 66 59 56 58 65 140 126 112 99 87 78 72 70 72 77 148 134 121 109 99 91 85 83 85 90 156 143 131 120 111 104 99 97 99 103 166 153 142 132 123 117 113 111 112 116
137 43 131 76 148 93 162 127 89 27 99 68 65 162 142 29 102 161 137 114 135 44 128 75 145 107 158 128 102 52 97 72 39 156 148 32 103 123 130 112 140 122 105 88 71 54 38 23 14 23 139 122 104 87 70 52 35 18 0 18 140 122 105 88 71 54 38 23 14 23 142 125 108 91 75 59 45 33 28 33 145 129 112 97 81 67 54 45 42 45 150 134 118 103 89 76 66 58 55 58 156 140 126 112 99 87 78 72 69 71 162 148 134 121 109 98 90 85 83 85 170 156 143 131 120 110 103 99 97 98 179 165 153 141 131 123 116 112 110 112
152 60 146 80 163 109 176 135 104 44 115 84 81 175 158 46 117 174 148 131 150 61 143 81 160 118 172 138 118 65 112 88 42 169 165 49 119 138 142 129 157 140 122 105 88 71 54 38 23 14 156 139 122 104 87 70 52 35 18 0 157 140 122 105 88 71 54 38 23 14 159 142 125 108 91 75 59 45 33 28 162 145 129 112 96 81 67 54 45 42 166 150 134 118 103 89 76 65 58 55 171 155 140 125 111 98 87 77 71 69 177 162 148 134 120 108 98 90 85 83 184 170 156 143 130 119 110 103 98 96 192 178 165 152 141 131 122 116 112 110
58 101 63 143 60 65 82 132 66 113 54 80 80 104 30 112 61 100 108 39 54 97 68 134 62 105 79 119 55 104 58 77 142 96 31 108 62 72 94 30 29 34 45 60 75 91 108 125 142 159 15 23 38 54 71 88 105 122 140 157 0 18 35 52 70 87 104 122 139 156 15 23 38 54 71 88 105 122 140 157 29 34 45 60 75 91 108 125 142 159 43 47 55 68 82 97 113 129 145 162 58 60 67 77 90 104 119 134 150 166 72 74 80 88 99 112 126 140 156 171 86 88 93 100 110 122 134 148 162 177 100 102 106 112 121 132 144 156 170 184
54 84 57 127 60 50 82 122 51 96 40 63 63 102 33 95 48 98 100 30 50 80 61 119 61 93 79 109 41 87 44 60 125 93 37 91 50 64 86 16 34 29 34 45 60 75 91 108 125 142 23 15 23 38 54 71 88 105 122 140 18 0 18 35 52 70 87 104 122 139 23 15 23 38 54 71 88 105 122 140 34 29 34 45 60 75 91 108 125 142 47 43 46 55 67 82 97 112 129 145 60 57 60 67 77 90 104 118 134 150 74 72 73 79 88 99 112 126 140 155 88 86 87 92 100 110 121 134 148 162 102 100 101 105 112 121 131 143 156 170
56 67 57 113 64 38 86 113 38 79 29 47 46 102 43 78 38 99 96 30 52 63 59 104 64 84 82 102 31 70 32 44 108 93 49 74 41 60 82 15 45 34 29 34 45 60 75 91 108 125 38 23 15 23 38 54 71 88 105 122 35 18 0 18 35 52 70 87 104 122 38 23 15 23 38 54 71 88 105 122 45 34 29 34 45 60 75 91 108 125 55 46 43 46 55 67 81 97 112 129 67 60 57 60 67 77 90 104 118 134 80 73 71 73 79 88 99 112 126 140 93 87 85 87 92 99 109 121 134 148 106 101 99 101 105 112 121 131 143 156
63 52 61 98 73 31 93 107 29 62 26 31 30 105 57 61 35 102 94 39 60 45 62 90 71 77 89 97 29 54 27 29 91 97 63 57 38 61 80 28 60 45 34 29 33 45 59 75 91 108 54 38 23 15 23 38 54 71 88 105 52 35 18 0 18 35 52 70 87 104 54 38 23 15 23 38 54 71 88 105 60 45 34 29 33 45 59 75 91 108 68 55 46 43 46 55 67 81 97 112 77 67 60 57 59 66 77 89 103 118 88 79 73 71 73 79 88 99 112 125 100 92 87 85 87 91 99 109 121 134 112 105 101 99 100 105 111 120 131 143
73 37 70 86 84 33 102 103 29 45 34 19 15 111 72 44 40 109 95 52 70 28 69 78 82 73 98 95 37 39 33 20 75 103 79 40 43 67 83 44 75 60 45 33 29 33 45 59 75 91 71 54 38 23 15 23 38 54 71 88 70 52 35 18 0 18 35 52 70 87 71 54 38 23 15 23 38 54 71 88 75 60 45 33 29 33 45 59 75 91 82 67 55 46 43 46 55 67 81 96 90 77 67 59 57 59 66 77 89 103 99 88 79 73 71 73 78 87 99 111 110 100 92 87 85 86 91 99 109 120 121 112 105 100 99 100 104 111 120 130
86 26 81 74 97 43 113 101 38 28 47 19 14 119 88 29 51 117 99 68 83 11 80 68 94 74 109 96 49 26 45 23 59 112 95 23 53 76 89 61 91 75 60 45 33 28 33 45 59 75 88 71 54 38 23 14 23 38 54 71 87 70 52 35 18 0 18 35 52 70 88 71 54 38 23 14 23 38 54 71 91 75 60 45 33 28 33 45 59 75 97 82 67 55 46 42 46 55 67 81 104 90 77 66 59 56 59 66 76 89 112 99 88 79 73 70 72 78 87 98 122 110 99 91 86 84 86 91 98 108 132 121 112 105 100 98 99 104 110 119
100 24 95 66 111 56 126 103 52 14 62 31 28 129 105 17 65 127 106 84 98 8 92 61 108 78 122 100 64 22 59 35 44 122 111 10 67 88 97 78 108 91 75 59 45 33 28 33 45 59 105 88 71 54 38 23 14 23 38 54 104 87 70 52 35 18 0 18 35 52 105 88 71 54 38 23 14 23 38 54 108 91 75 59 45 33 28 33 45 59 113 97 81 67 55 46 42 46 54 67 119 104 90 77 66 59 56 59 66 76 126 112 99 88 78 72 70 72 78 87 134 121 109 99 91 86 84 85 90 98 144 131 121 111 104 99 98 99 103 110
115 33 109 62 126 71 140 108 67 14 78 46 44 140 121 19 80 139 116 100 113 25 106 59 123 86 136 107 80 30 75 51 31 134 128 17 81 101 108 95 125 108 91 75 59 45 33 28 33 45 122 105 88 71 54 38 23 14 23 38 122 104 87 70 52 35 18 0 18 35 122 105 88 71 54 38 23 14 23 38 125 108 91 75 59 45 33 28 33 45 129 112 97 81 67 55 46 42 45 54 134 118 104 89 77 66 59 56 58 65 140 126 112 99 87 78 72 70 72 77 148 134 121 109 99 91 85 83 85 90 156 143 131 120 111 104 99 97 99 103
131 47 124 62 142 87 154 115 83 29 95 63 61 153 138 32 96 152 126 117 129 42 121 62 138 96 150 116 97 44 92 67 25 147 145 33 97 116 120 112 142 125 108 91 75 59 45 33 28 33 140 122 105 88 71 54 38 23 14 23 139 122 104 87 70 52 35 18 0 18 140 122 105 88 71 54 38 23 14 23 142 125 108 91 75 59 45 33 28 33 145 129 112 97 81 67 54 45 42 45 150 134 118 103 89 76 66 58 55 58 156 140 126 112 99 87 78 72 69 71 162 148 134 121 109 98 90 85 83 85 170 156 143 131 120 110 103 99 97 98
147 63 140 67 158 104 169 124 100 45 111 80 78 166 155 48 112 166 139 134 145 59 136 69 154 109 165 127 113 59 108 84 30 161 162 50 113 131 134 130 159 142 125 108 91 75 59 45 33 28 157 140 122 105 88 71 54 38 23 14 156 139 122 104 87 70 52 35 18 0 157 140 122 105 88 71 54 38 23 14 159 142 125 108 91 75 59 45 33 28 162 145 129 112 96 81 67 54 45 42 166 150 134 118 103 89 76 65 58 55 171 155 140 125 111 98 87 77 71 69 177 162 148 134 120 108 98 90 85 83 184 170 156 143 130 119 110 103 98 96
44 105 50 137 46 59 68 122 62 116 49 79 79 90 16 114 54 87 96 50 41 99 56 128 49 96 65 107 49 102 53 75 140 82 17 110 55 60 82 38 43 47 55 68 82 97 113 129 145 162 29 34 45 60 75 91 108 125 142 159 15 23 38 54 71 88 105 122 140 157 0 18 35 52 70 87 104 122 139 156 15 23 38 54 71 88 105 122 140 157 29 34 45 60 75 91 108 125 142 159 43 47 55 68 82 97 113 129 145 162 58 60 67 77 90 104 119 134 150 166 72 74 80 88 99 112 126 140 156 171 86 88 93 100 110 122 134 148 162 177
40 89 43 121 46 43 68 110 45 99 33 61 62 87 21 98 39 84 87 44 36 82 48 112 46 83 65 97 33 85 37 57 123 79 26 94 40 51 73 28 47 43 46 55 67 82 97 112 129 145 34 29 34 45 60 75 91 108 125 142 23 15 23 38 54 71 88 105 122 140 18 0 18 35 52 70 87 104 122 139 23 15 23 38 54 71 88 105 122 140 34 29 34 45 60 75 91 108 125 142 47 43 46 55 67 82 97 112 129 145 60 57 60 67 77 90 104 118 134 150 74 72 73 79 88 99 112 126 140 155 88 86 87 92 100 110 121 134 148 162
43 73 43 106 52 28 73 101 29 82 17 44 45 88 35 81 26 85 82 44 39 65 45 97 51 72 69 89 19 67 21 40 106 79 41 77 28 46 68 28 55 46 43 46 55 67 81 97 112 129 45 34 29 34 45 60 75 91 108 125 38 23 15 23 38 54 71 88 105 122 35 18 0 18 35 52 70 87 104 122 38 23 15 23 38 54 71 88 105 122 45 34 29 34 45 60 75 91 108 125 55 46 43 46 55 67 81 97 112 129 67 60 57 60 67 77 90 104 118 134 80 73 71 73 79 88 99 112 126 140 93 87 85 87 92 99 109 121 134 148
51 59 49 90 62 17 81 93 16 66 12 27 28 92 51 66 21 89 80 50 48 48 49 82 60 63 77 83 16 50 13 23 89 83 57 61 24 47 66 36 68 55 46 43 46 55 67 81 97 112 60 45 34 29 33 45 59 75 91 108 54 38 23 15 23 38 54 71 88 105 52 35 18 0 18 35 52 70 87 104 54 38 23 15 23 38 54 71 88 105 60 45 34 29 33 45 59 75 91 108 68 55 46 43 46 55 67 81 97 112 77 67 60 57 59 66 77 89 103 118 88 79 73 71 73 79 88 99 112 125 100 92 87 85 87 91 99 109 121 134
64 47 59 76 75 21 91 89 16 50 25 10 11 98 68 51 29 96 81 61 61 32 58 68 72 59 87 81 27 33 22 7 72 91 74 45 31 54 69 50 82 67 55 46 43 46 55 67 81 96 75 60 45 33 29 33 45 59 75 91 71 54 38 23 15 23 38 54 71 88 70 52 35 18 0 18 35 52 70 87 71 54 38 23 15 23 38 54 71 88 75 60 45 33 29 33 45 59 75 91 82 67 55 46 43 46 55 67 81 96 90 77 67 59 57 59 66 77 89 103 99 88 79 73 71 73 78 87 99 111 110 100 92 87 85 86 91 99 109 120
78 39 72 64 89 34 104 87 30 36 41 9 9 107 85 38 43 106 86 75 76 19 70 56 86 60 100 82 43 17 38 14 54 100 91 32 45 66 76 65 97 82 67 55 46 42 46 55 67 81 91 75 60 45 33 28 33 45 59 75 88 71 54 38 23 14 23 38 54 71 87 70 52 35 18 0 18 35 52 70 88 71 54 38 23 14 23 38 54 71 91 75 60 45 33 28 33 45 59 75 97 82 67 55 46 42 46 55 67 81 104 90 77 66 59 56 59 66 76 89 112 99 88 79 73 70 72 78 87 98 122 110 99 91 86 84 86 91 98 108
94 38 87 54 104 50 118 89 46 26 58 26 26 118 102 30 59 117 94 89 91 18 84 48 101 65 114 87 60 8 55 31 38 112 108 24 60 79 86 81 113 97 81 67 55 46 42 46 54 67 108 91 75 59 45 33 28 33 45 59 105 88 71 54 38 23 14 23 38 54 104 87 70 52 35 18 0 18 35 52 105 88 71 54 38 23 14 23 38 54 108 91 75 59 45 33 28 33 45 59 113 97 81 67 55 46 42 46 54 67 119 104 90 77 66 59 56 59 66 76 126 112 99 88 78 72 70 72 78 87 134 121 109 99 91 86 84 85 90 98
109 44 103 48 120 67 132 95 63 26 75 44 43 131 119 31 75 130 105 105 108 29 99 45 117 75 128 95 77 22 71 48 22 125 125 27 76 94 98 98 129 112 97 81 67 55 46 42 45 54 125 108 91 75 59 45 33 28 33 45 122 105 88 71 54 38 23 14 23 38 122 104 87 70 52 35 18 0 18 35 122 105 88 71 54 38 23 14 23 38 125 108 91 75 59 45 33 28 33 45 129 112 97 81 67 55 46 42 45 54 134 118 104 89 77 66 59 56 58 65 140 126 112 99 87 78 72 70 72 77 148 134 121 109 99 91 85 83 85 90
126 56 119 48 137 84 147 103 80 36 92 61 60 144 136 41 92 144 117 121 124 45 115 49 133 87 143 106 94 39 89 65 11 139 143 39 93 109 111 115 145 129 112 97 81 67 54 45 42 45 142 125 108 91 75 59 45 33 28 33 140 122 105 88 71 54 38 23 14 23 139 122 104 87 70 52 35 18 0 18 140 122 105 88 71 54 38 23 14 23 142 125 108 91 75 59 45 33 28 33 145 129 112 97 81 67 54 45 42 45 150 134 118 103 89 76 66 58 55 58 156 140 126 112 99 87 78 72 69 71 162 148 134 121 109 98 90 85 83 85
142 69 135 55 153 101 163 113 97 50 109 78 77 158 153 54 109 158 130 137 141 61 131 58 149 100 159 118 111 56 106 82 20 153 160 54 110 125 126 132 162 145 129 112 96 81 67 54 45 42 159 142 125 108 91 75 59 45 33 28 157 140 122 105 88 71 54 38 23 14 156 139 122 104 87 70 52 35 18 0 157 140 122 105 88 71 54 38 23 14 159 142 125 108 91 75 59 45 33 28 162 145 129 112 96 81 67 54 45 42 166 150 134 118 103 89 76 65 58 55 171 155 140 125 111 98 87 77 71 69 177 162 148 134 120 108 98 90 85 83
32 111 39 133 32 57 54 112 61 119 48 79 81 77 4 119 50 73 84 63 30 102 45 124 35 88 51 97 47 102 52 75 140 69 4 114 51 50 71 49 58 60 67 77 90 104 119 134 150 166 43 47 55 68 82 97 113 129 145 162 29 34 45 60 75 91 108 125 142 159 15 23 38 54 71 88 105 122 140 157 0 18 35 52 70 87 104 122 139 156 15 23 38 54 71 88 105 122 140 157 29 34 45 60 75 91 108 125 142 159 43 47 55 68 82 97 113 129 145 162 58 60 67 77 90 104 119 134 150 166 72 74 80 88 99 112 126 140 156 171
26 96 30 117 32 40 54 99 43 103 31 62 64 73 14 103 33 70 75 58 22 85 35 107 32 73 51 85 29 84 34 58 123 65 21 98 34 38 61 42 60 57 60 67 77 90 104 118 134 150 47 43 46 55 67 82 97 112 129 145 34 29 34 45 60 75 91 108 125 142 23 15 23 38 54 71 88 105 122 140 18 0 18 35 52 70 87 104 122 139 23 15 23 38 54 71 88 105 122 140 34 29 34 45 60 75 91 108 125 142 47 43 46 55 67 82 97 112 129 145 60 57 60 67 77 90 104 118 134 150 74 72 73 79 88 99 112 126 140 155
30 82 29 100 40 23 60 89 26 87 14 46 48 74 31 87 17 71 68 58 26 69 31 91 38 60 56 76 12 67 17 41 105 65 38 82 18 32 54 41 67 60 57 60 67 77 90 104 118 134 55 46 43 46 55 67 81 97 112 129 45 34 29 34 45 60 75 91 108 125 38 23 15 23 38 54 71 88 105 122 35 18 0 18 35 52 70 87 104 122 38 23 15 23 38 54 71 88 105 122 45 34 29 34 45 60 75 91 108 125 55 46 43 46 55 67 81 97 112 129 67 60 57 60 67 77 90 104 118 134 80 73 71 73 79 88 99 112 126 140
42 69 37 84 52 6 69 80 9 72 6 29 32 78 49 73 7 76 65 63 39 54 36 75 50 50 65 69 6 50 2 25 88 70 55 67 10 34 52 48 77 67 60 57 59 66 77 89 103 118 68 55 46 43 46 55 67 81 97 112 60 45 34 29 33 45 59 75 91 108 54 38 23 15 23 38 54 71 88 105 52 35 18 0 18 35 52 70 87 104 54 38 23 15 23 38 54 71 88 105 60 45 34 29 33 45 59 75 91 108 68 55 46 43 46 55 67 81 97 112 77 67 60 57 59 66 77 89 103 118 88 79 73 71 73 79 88 99 112 125
56 59 50 68 67 13 82 75 10 58 22 15 20 86 66 60 21 84 67 72 54 41 48 60 64 45 77 67 23 33 19 11 71 79 73 54 23 43 56 59 90 77 67 59 57 59 66 77 89 103 82 67 55 46 43 46 55 67 81 96 75 60 45 33 29 33 45 59 75 91 71 54 38 23 15 23 38 54 71 88 70 52 35 18 0 18 35 52 70 87 71 54 38 23 15 23 38 54 71 88 75 60 45 33 29 33 45 59 75 91 82 67 55 46 43 46 55 67 81 96 90 77 67 59 57 59 66 77 89 103 99 88 79 73 71 73 78 87 99 111
72 53 65 54 83 30 95 73 27 47 40 15 19 96 83 49 38 95 74 83 70 32 62 46 79 46 91 69 41 16 36 16 54 90 90 43 39 57 64 72 104 90 77 66 59 56 59 66 76 89 97 82 67 55 46 42 46 55 67 81 91 75 60 45 33 28 33 45 59 75 88 71 54 38 23 14 23 38 54 71 87 70 52 35 18 0 18 35 52 70 88 71 54 38 23 14 23 38 54 71 91 75 60 45 33 28 33 45 59 75 97 82 67 55 46 42 46 55 67 81 104 90 77 66 59 56 59 66 76 89 112 99 88 79 73 70 72 78 87 98
89 52 81 42 99 48 110 76 44 40 57 29 30 109 101 44 55 108 83 97 87 31 78 35 95 53 106 75 58 7 53 32 36 103 107 38 56 72 76 87 119 104 90 77 66 59 56 59 66 76 113 97 81 67 55 46 42 46 54 67 108 91 75 59 45 33 28 33 45 59 105 88 71 54 38 23 14 23 38 54 104 87 70 52 35 18 0 18 35 52 105 88 71 54 38 23 14 23 38 54 108 91 75 59 45 33 28 33 45 59 113 97 81 67 55 46 42 46 54 67 119 104 90 77 66 59 56 59 66 76 126 112 99 88 78 72 70 72 78 87
105 56 98 34 116 65 126 82 62 40 74 45 46 122 118 45 72 121 95 111 104 39 94 31 112 64 122 84 75 22 70 49 19 117 124 40 73 88 89 103 134 118 104 89 77 66 59 56 58 65 129 112 97 81 67 55 46 42 45 54 125 108 91 75 59 45 33 28 33 45 122 105 88 71 54 38 23 14 23 38 122 104 87 70 52 35 18 0 18 35 122 105 88 71 54 38 23 14 23 38 125 108 91 75 59 45 33 28 33 45 129 112 97 81 67 55 46 42 45 54 134 118 104 89 77 66 59 56 58 65 140 126 112 99 87 78 72 70 72 77
122 66 115 35 133 82 141 91 79 47 91 62 62 136 135 52 90 136 108 126 121 51 110 37 128 78 138 96 93 38 88 66 4 132 142 48 90 104 104 119 150 134 118 103 89 76 66 58 55 58 145 129 112 97 81 67 54 45 42 45 142 125 108 91 75 59 45 33 28 33 140 122 105 88 71 54 38 23 14 23 139 122 104 87 70 52 35 18 0 18 140 122 105 88 71 54 38 23 14 23 142 125 108 91 75 59 45 33 28 33 145 129 112 97 81 67 54 45 42 45 150 134 118 103 89 76 66 58 55 58 156 140 126 112 99 87 78 72 69 71
139 78 132 43 150 100 158 103 96 58 109 79 79 151 152 63 107 151 122 142 138 66 127 48 145 93 154 109 110 56 105 83 17 147 159 61 107 121 119 135 166 150 134 118 103 89 76 65 58 55 162 145 129 112 96 81 67 54 45 42 159 142 125 108 91 75 59 45 33 28 157 140 122 105 88 71 54 38 23 14 156 139 122 104 87 70 52 35 18 0 157 140 122 105 88 71 54 38 23 14 159 142 125 108 91 75 59 45 33 28 162 145 129 112 96 81 67 54 45 42 166 150 134 118 103 89 76 65 58 55 171 155 140 125 111 98 87 77 71 69
23 118 31 130 19 58 40 103 63 125 51 83 85 63 15 125 51 59 74 76 22 107 37 121 23 81 37 88 49 104 54 78 141 56 13 120 50 43 62 61 72 74 80 88 99 112 126 140 156 171 58 60 67 77 90 104 119 134 150 166 43 47 55 68 82 97 113 129 145 162 29 34 45 60 75 91 108 125 142 159 15 23 38 54 71 88 105 122 140 157 0 18 35 52 70 87 104 122 139 156 15 23 38 54 71 88 105 122 140 157 29 34 45 60 75 91 108 125 142 159 43 47 55 68 82 97 113 129 145 162 58 60 67 77 90 104 119 134 150 166
12 104 17 113 18 42 40 89 46 109 35 67 69 59 20 110 34 55 63 72 8 91 23 104 18 66 37 75 33 87 38 62 124 51 24 104 33 28 49 56 74 72 73 79 88 99 112 126 140 155 60 57 60 67 77 90 104 118 134 150 47 43 46 55 67 82 97 112 129 145 34 29 34 45 60 75 91 108 125 142 23 15 23 38 54 71 88 105 122 140 18 0 18 35 52 70 87 104 122 139 23 15 23 38 54 71 88 105 122 140 34 29 34 45 60 75 91 108 125 142 47 43 46 55 67 82 97 112 129 145 60 57 60 67 77 90 104 118 134 150
19 91 15 96 30 26 48 77 30 94 22 51 54 60 34 95 17 57 55 72 17 77 17 87 27 51 43 64 19 70 23 46 107 51 40 90 16 18 41 55 80 73 71 73 79 88 99 112 126 140 67 60 57 60 67 77 90 104 118 134 55 46 43 46 55 67 81 97 112 129 45 34 29 34 45 60 75 91 108 125 38 23 15 23 38 54 71 88 105 122 35 18 0 18 35 52 70 87 104 122 38 23 15 23 38 54 71 88 105 122 45 34 29 34 45 60 75 91 108 125 55 46 43 46 55 67 81 97 112 129 67 60 57 60 67 77 90 104 118 134
35 80 28 79 46 14 59 68 18 80 18 37 41 65 50 82 9 63 51 76 33 63 25 70 42 39 55 56 16 54 16 33 90 58 57 76 6 21 38 60 88 79 73 71 73 79 88 99 112 125 77 67 60 57 59 66 77 89 103 118 68 55 46 43 46 55 67 81 97 112 60 45 34 29 33 45 59 75 91 108 54 38 23 15 23 38 54 71 88 105 52 35 18 0 18 35 52 70 87 104 54 38 23 15 23 38 54 71 88 105 60 45 34 29 33 45 59 75 91 108 68 55 46 43 46 55 67 81 97 112 77 67 60 57 59 66 77 89 103 118
52 71 44 63 62 18 73 61 18 68 28 28 33 75 67 71 22 73 54 83 50 52 40 54 58 31 69 53 27 38 24 25 73 68 74 64 21 35 43 69 99 88 79 73 71 73 78 87 99 111 90 77 67 59 57 59 66 77 89 103 82 67 55 46 43 46 55 67 81 96 75 60 45 33 29 33 45 59 75 91 71 54 38 23 15 23 38 54 71 88 70 52 35 18 0 18 35 52 70 87 71 54 38 23 15 23 38 54 71 88 75 60 45 33 29 33 45 59 75 91 82 67 55 46 43 46 55 67 81 96 90 77 67 59 57 59 66 77 89 103
69 66 61 47 79 33 88 59 31 59 43 27 32 86 84 62 38 86 62 93 67 45 57 38 75 33 85 55 43 25 39 27 56 81 91 55 38 51 54 81 112 99 88 79 73 70 72 78 87 98 104 90 77 66 59 56 59 66 76 89 97 82 67 55 46 42 46 55 67 81 91 75 60 45 33 28 33 45 59 75 88 71 54 38 23 14 23 38 54 71 87 70 52 35 18 0 18 35 52 70 88 71 54 38 23 14 23 38 54 71 91 75 60 45 33 28 33 45 59 75 97 82 67 55 46 42 46 55 67 81 104 90 77 66 59 56 59 66 76 89
86 65 78 32 96 49 104 63 47 53 59 37 40 100 101 57 55 99 73 106 85 44 73 24 92 42 101 63 60 21 55 38 40 95 108 51 55 67 67 94 126 112 99 88 78 72 70 72 78 87 119 104 90 77 66 59 56 59 66 76 113 97 81 67 55 46 42 46 54 67 108 91 75 59 45 33 28 33 45 59 105 88 71 54 38 23 14 23 38 54 104 87 70 52 35 18 0 18 35 52 105 88 71 54 38 23 14 23 38 54 108 91 75 59 45 33 28 33 45 59 113 97 81 67 55 46 42 46 54 67 119 104 90 77 66 59 56 59 66 76
103 69 95 21 113 66 120 70 63 53 76 51 53 114 119 58 73 114 86 119 102 50 90 18 109 56 117 74 77 29 72 53 26 110 125 53 73 84 82 109 140 126 112 99 87 78 72 70 72 77 134 118 104 89 77 66 59 56 58 65 129 112 97 81 67 55 46 42 45 54 125 108 91 75 59 45 33 28 33 45 122 105 88 71 54 38 23 14 23 38 122 104 87 70 52 35 18 0 18 35 122 105 88 71 54 38 23 14 23 38 125 108 91 75 59 45 33 28 33 45 129 112 97 81 67 55 46 42 45 54 134 118 104 89 77 66 59 56 58 65
120 77 112 22 130 83 137 81 80 58 93 66 67 130 136 64 90 130 100 133 119 60 107 26 126 71 134 87 94 43 89 69 18 125 142 60 90 101 98 124 156 140 126 112 99 87 78 72 69 71 150 134 118 103 89 76 66 58 55 58 145 129 112 97 81 67 54 45 42 45 142 125 108 91 75 59 45 33 28 33 140 122 105 88 71 54 38 23 14 23 139 122 104 87 70 52 35 18 0 18 140 122 105 88 71 54 38 23 14 23 142 125 108 91 75 59 45 33 28 33 145 129 112 97 81 67 54 45 42 45 150 134 118 103 89 76 66 58 55 58
137 87 129 34 147 100 154 93 97 68 110 82 83 145 153 73 107 145 115 148 136 73 124 40 143 87 150 101 111 59 106 85 24 141 159 70 107 118 114 140 171 155 140 125 111 98 87 77 71 69 166 150 134 118 103 89 76 65 58 55 162 145 129 112 96 81 67 54 45 42 159 142 125 108 91 75 59 45 33 28 157 140 122 105 88 71 54 38 23 14 156 139 122 104 87 70 52 35 18 0 157 140 122 105 88 71 54 38 23 14 159 142 125 108 91 75 59 45 33 28 162 145 129 112 96 81 67 54 45 42 166 150 134 118 103 89 76 65 58 55
20 126 28 129 10 63 26 96 68 131 58 88 91 50 29 132 55 46 65 89 22 113 33 120 15 77 24 80 55 107 60 84 143 43 27 126 53 40 54 74 86 88 93 100 110 122 134 148 162 177 72 74 80 88 99 112 126 140 156 171 58 60 67 77 90 104 119 134 150 166 43 47 55 68 82 97 113 129 145 162 29 34 45 60 75 91 108 125 142 159 15 23 38 54 71 88 105 122 140 157 0 18 35 52 70 87 104 122 139 156 15 23 38 54 71 88 105 122 140 157 29 34 45 60 75 91 108 125 142 159 43 47 55 68 82 97 113 129 145 162
4 113 11 112 8 48 27 81 53 117 44 73 77 45 31 118 39 41 52 86 8 99 16 103 5 60 23 66 41 91 46 69 127 37 34 112 38 23 39 70 88 86 87 92 100 110 121 134 148 162 74 72 73 79 88 99 112 126 140 155 60 57 60 67 77 90 104 118 134 150 47 43 46 55 67 82 97 112 129 145 34 29 34 45 60 75 91 108 125 142 23 15 23 38 54 71 88 105 122 140 18 0 18 35 52 70 87 104 122 139 23 15 23 38 54 71 88 105 122 140 34 29 34 45 60 75 91 108 125 142 47 43 46 55 67 82 97 112 129 145
16 102 8 94 26 35 37 67 39 103 34 59 64 46 42 104 27 43 41 86 17 85 3 85 21 44 33 53 31 75 35 55 110 38 46 98 24 6 28 69 93 87 85 87 92 99 109 121 134 148 80 73 71 73 79 88 99 112 126 140 67 60 57 60 67 77 90 104 118 134 55 46 43 46 55 67 81 97 112 129 45 34 29 34 45 60 75 91 108 125 38 23 15 23 38 54 71 88 105 122 35 18 0 18 35 52 70 87 104 122 38 23 15 23 38 54 71 88 105 122 45 34 29 34 45 60 75 91 108 125 55 46 43 46 55 67 81 97 112 129
33 92 25 77 43 27 51 56 31 90 32 48 53 53 56 92 22 51 37 89 33 74 20 68 38 29 47 43 29 60 30 44 93 46 61 86 20 14 24 73 100 92 87 85 87 91 99 109 121 134 88 79 73 71 73 79 88 99 112 125 77 67 60 57 59 66 77 89 103 118 68 55 46 43 46 55 67 81 97 112 60 45 34 29 33 45 59 75 91 108 54 38 23 15 23 38 54 71 88 105 52 35 18 0 18 35 52 70 87 104 54 38 23 15 23 38 54 71 88 105 60 45 34 29 33 45 59 75 91 108 68 55 46 43 46 55 67 81 97 112
50 84 42 60 60 30 67 48 31 80 38 41 46 64 72 82 30 63 41 96 50 64 37 51 56 18 63 39 37 47 35 38 77 58 77 76 28 31 32 81 110 100 92 87 85 86 91 99 109 120 99 88 79 73 71 73 78 87 99 111 90 77 67 59 57 59 66 77 89 103 82 67 55 46 43 46 55 67 81 96 75 60 45 33 29 33 45 59 75 91 71 54 38 23 15 23 38 54 71 88 70 52 35 18 0 18 35 52 70 87 71 54 38 23 15 23 38 54 71 88 75 60 45 33 29 33 45 59 75 91 82 67 55 46 43 46 55 67 81 96
68 80 60 43 77 40 83 46 40 71 50 41 46 78 88 75 43 77 51 104 67 59 54 34 73 21 80 42 50 38 46 40 62 73 94 69 42 48 45 91 122 110 99 91 86 84 86 91 98 108 112 99 88 79 73 70 72 78 87 98 104 90 77 66 59 56 59 66 76 89 97 82 67 55 46 42 46 55 67 81 91 75 60 45 33 28 33 45 59 75 88 71 54 38 23 14 23 38 54 71 87 70 52 35 18 0 18 35 52 70 88 71 54 38 23 14 23 38 54 71 91 75 60 45 33 28 33 45 59 75 97 82 67 55 46 42 46 55 67 81
85 79 77 26 95 54 100 50 53 67 65 48 51 92 104 71 59 92 64 115 85 58 72 17 90 34 97 52 65 35 61 48 48 88 110 65 58 65 61 103 134 121 109 99 91 86 84 85 90 98 126 112 99 88 78 72 70 72 78 87 119 104 90 77 66 59 56 59 66 76 113 97 81 67 55 46 42 46 54 67 108 91 75 59 45 33 28 33 45 59 105 88 71 54 38 23 14 23 38 54 104 87 70 52 35 18 0 18 35 52 105 88 71 54 38 23 14 23 38 54 108 91 75 59 45 33 28 33 45 59 113 97 81 67 55 46 42 46 54 67
102 82 94 10 112 70 117 59 68 67 80 59 62 108 121 72 75 108 78 128 102 63 89 4 107 50 114 64 80 40 76 61 36 104 127 66 75 82 77 116 148 134 121 109 99 91 85 83 85 90 140 126 112 99 87 78 72 70 72 77 134 118 104 89 77 66 59 56 58 65 129 112 97 81 67 55 46 42 45 54 125 108 91 75 59 45 33 28 33 45 122 105 88 71 54 38 23 14 23 38 122 104 87 70 52 35 18 0 18 35 122 105 88 71 54 38 23 14 23 38 125 108 91 75 59 45 33 28 33 45 129 112 97 81 67 55 46 42 45 54
120 89 111 12 129 86 134 71 84 71 96 72 75 124 138 76 92 124 94 141 119 71 106 20 125 66 131 79 97 51 92 75 31 121 144 72 92 100 93 131 162 148 134 121 109 98 90 85 83 85 156 140 126 112 99 87 78 72 69 71 150 134 118 103 89 76 66 58 55 58 145 129 112 97 81 67 54 45 42 45 142 125 108 91 75 59 45 33 28 33 140 122 105 88 71 54 38 23 14 23 139 122 104 87 70 52 35 18 0 18 140 122 105 88 71 54 38 23 14 23 142 125 108 91 75 59 45 33 28 33 145 129 112 97 81 67 54 45 42 45
137 98 129 28 147 103 151 85 100 79 113 87 89 140 155 84 109 141 110 155 136 82 123 37 142 83 148 94 113 65 109 90 35 137 161 81 109 117 110 146 177 162 148 134 120 108 98 90 85 83 171 155 140 125 111 98 87 77 71 69 166 150 134 118 103 89 76 65 58 55 162 145 129 112 96 81 67 54 45 42 159 142 125 108 91 75 59 45 33 28 157 140 122 105 88 71 54 38 23 14 156 139 122 104 87 70 52 35 18 0 157 140 122 105 88 71 54 38 23 14 159 142 125 108 91 75 59 45 33 28 162 145 129 112 96 81 67 54 45 42
27 136 32 129 16 70 13 90 75 139 66 96 99 38 43 140 62 34 58 103 30 121 35 121 19 75 13 74 63 113 68 91 147 32 42 134 60 41 50 88 100 102 106 112 121 132 144 156 170 184 86 88 93 100 110 122 134 148 162 177 72 74 80 88 99 112 126 140 156 171 58 60 67 77 90 104 119 134 150 166 43 47 55 68 82 97 113 129 145 162 29 34 45 60 75 91 108 125 142 159 15 23 38 54 71 88 105 122 140 157 0 18 35 52 70 87 104 122 139 156 15 23 38 54 71 88 105 122 140 157 29 34 45 60 75 91 108 125 142 159
18 124 19 112 15 57 15 74 62 125 55 82 86 31 45 127 49 27 42 100 22 108 20 103 12 58 11 58 52 97 56 77 131 23 46 121 46 25 33 84 102 100 101 105 112 121 131 143 156 170 88 86 87 92 100 110 121 134 148 162 74 72 73 79 88 99 112 126 140 155 60 57 60 67 77 90 104 118 134 150 47 43 46 55 67 82 97 112 129 145 34 29 34 45 60 75 91 108 125 142 23 15 23 38 54 71 88 105 122 140 18 0 18 35 52 70 87 104 122 139 23 15 23 38 54 71 88 105 122 140 34 29 34 45 60 75 91 108 125 142
24 113 17 95 28 47 30 58 51 112 48 70 74 33 53 114 39 30 29 100 26 95 13 86 24 41 26 43 45 83 47 66 115 25 56 108 37 13 17 83 106 101 99 101 105 112 121 131 143 156 93 87 85 87 92 99 109 121 134 148 80 73 71 73 79 88 99 112 126 140 67 60 57 60 67 77 90 104 118 134 55 46 43 46 55 67 81 97 112 129 45 34 29 34 45 60 75 91 108 125 38 23 15 23 38 54 71 88 105 122 35 18 0 18 35 52 70 87 104 122 38 23 15 23 38 54 71 88 105 122 45 34 29 34 45 60 75 91 108 125
37 104 29 77 45 41 46 45 45 101 46 60 65 42 64 103 36 41 23 103 39 85 23 69 40 23 43 31 43 69 44 57 99 36 69 97 34 18 10 87 112 105 101 99 100 105 111 120 131 143 100 92 87 85 87 91 99 109 121 134 88 79 73 71 73 79 88 99 112 125 77 67 60 57 59 66 77 89 103 118 68 55 46 43 46 55 67 81 97 112 60 45 34 29 33 45 59 75 91 108 54 38 23 15 23 38 54 71 88 105 52 35 18 0 18 35 52 70 87 104 54 38 23 15 23 38 54 71 88 105 60 45 34 29 33 45 59 75 91 108
53 98 45 60 61 43 63 35 45 91 51 55 60 56 78 95 41 55 29 108 54 77 39 52 57 6 60 25 49 58 48 52 84 51 83 88 39 33 23 93 121 112 105 100 99 100 104 111 120 130 110 100 92 87 85 86 91 99 109 120 99 88 79 73 71 73 78 87 99 111 90 77 67 59 57 59 66 77 89 103 82 67 55 46 43 46 55 67 81 96 75 60 45 33 29 33 45 59 75 91 71 54 38 23 15 23 38 54 71 88 70 52 35 18 0 18 35 52 70 87 71 54 38 23 15 23 38 54 71 88 75 60 45 33 29 33 45 59 75 91
70 94 61 43 78 51 80 32 51 84 60 55 60 71 93 88 52 71 41 116 70 73 56 35 74 13 77 30 59 51 56 53 70 67 99 82 50 49 40 102 132 121 112 105 100 98 99 104 110 119 122 110 99 91 86 84 86 91 98 108 112 99 88 79 73 70 72 78 87 98 104 90 77 66 59 56 59 66 76 89 97 82 67 55 46 42 46 55 67 81 91 75 60 45 33 28 33 45 59 75 88 71 54 38 23 14 23 38 54 71 87 70 52 35 18 0 18 35 52 70 88 71 54 38 23 14 23 38 54 71 91 75 60 45 33 28 33 45 59 75
87 93 78 26 95 62 97 38 62 81 73 60 64 87 109 85 65 87 57 126 87 72 73 20 91 30 95 42 72 49 69 60 58 84 115 79 64 66 57 113 144 131 121 111 104 99 98 99 103 110 134 121 109 99 91 86 84 85 90 98 126 112 99 88 78 72 70 72 78 87 119 104 90 77 66 59 56 59 66 76 113 97 81 67 55 46 42 46 54 67 108 91 75 59 45 33 28 33 45 59 105 88 71 54 38 23 14 23 38 54 104 87 70 52 35 18 0 18 35 52 105 88 71 54 38 23 14 23 38 54 108 91 75 59 45 33 28 33 45 59
104 96 95 12 113 76 115 49 75 81 87 69 72 103 125 85 81 104 73 137 104 75 90 11 108 47 112 57 86 52 83 70 49 100 131 80 80 83 74 125 156 143 131 120 111 104 99 97 99 103 148 134 121 109 99 91 85 83 85 90 140 126 112 99 87 78 72 70 72 77 134 118 104 89 77 66 59 56 58 65 129 112 97 81 67 55 46 42 45 54 125 108 91 75 59 45 33 28 33 45 122 105 88 71 54 38 23 14 23 38 122 104 87 70 52 35 18 0 18 35 122 105 88 71 54 38 23 14 23 38 125 108 91 75 59 45 33 28 33 45
121 101 112 14 130 92 132 64 90 84 102 81 84 120 141 89 96 121 89 150 121 83 107 22 125 64 129 73 102 61 98 83 45 117 147 85 96 100 91 138 170 156 143 131 120 110 103 99 97 98 162 148 134 121 109 98 90 85 83 85 156 140 126 112 99 87 78 72 69 71 150 134 118 103 89 76 66 58 55 58 145 129 112 97 81 67 54 45 42 45 142 125 108 91 75 59 45 33 28 33 140 122 105 88 71 54 38 23 14 23 139 122 104 87 70 52 35 18 0 18 140 122 105 88 71 54 38 23 14 23 142 125 108 91 75 59 45 33 28 33
138 109 130 29 147 107 149 79 105 91 118 95 97 137 158 96 113 138 106 163 138 92 124 38 142 82 146 90 118 73 113 97 48 134 164 92 112 118 108 153 184 170 156 143 130 119 110 103 98 96 177 162 148 134 120 108 98 90 85 83 171 155 140 125 111 98 87 77 71 69 166 150 134 118 103 89 76 65 58 55 162 145 129 112 96 81 67 54 45 42 159 142 125 108 91 75 59 45 33 28 157 140 122 105 88 71 54 38 23 14 156 139 122 104 87 70 52 35 18 0 157 140 122 105 88 71 54 38 23 14 159 142 125 108 91 75 59 45 33 28
38 146 41 131 29 79 9 86 84 148 77 104 108 28 57 149 71 25 54 117 41 130 43 123 30 76 13 71 74 119 78 100 152 25 56 143 69 47 49 101 115 116 119 125 133 143 154 166 179 192 100 102 106 112 121 132 144 156 170 184 86 88 93 100 110 122 134 148 162 177 72 74 80 88 99 112 126 140 156 171 58 60 67 77 90 104 119 134 150 166 43 47 55 68 82 97 113 129 145 162 29 34 45 60 75 91 108 125 142 159 15 23 38 54 71 88 105 122 140 157 0 18 35 52 70 87 104 122 139 156 15 23 38 54 71 88 105 122 140 157
32 135 32 114 28 68 11 69 72 135 67 92 96 17 58 136 60 13 37 114 36 118 31 106 26 59 11 54 64 105 68 88 136 10 59 130 57 34 32 98 116 114 115 119 125 133 142 153 165 178 102 100 101 105 112 121 131 143 156 170 88 86 87 92 100 110 121 134 148 162 74 72 73 79 88 99 112 126 140 155 60 57 60 67 77 90 104 118 134 150 47 43 46 55 67 82 97 112 129 145 34 29 34 45 60 75 91 108 125 142 23 15 23 38 54 71 88 105 122 140 18 0 18 35 52 70 87 104 122 139 23 15 23 38 54 71 88 105 122 140
36 125 31 97 37 59 28 52 64 123 61 81 86 20 65 125 53 19 20 114 39 106 27 89 33 42 26 37 58 92 61 77 121 14 67 119 50 27 15 98 119 115 114 115 118 124 132 142 153 165 106 101 99 101 105 112 121 131 143 156 93 87 85 87 92 99 109 121 134 148 80 73 71 73 79 88 99 112 126 140 67 60 57 60 67 77 90 104 118 134 55 46 43 46 55 67 81 97 112 129 45 34 29 34 45 60 75 91 108 125 38 23 15 23 38 54 71 88 105 122 35 18 0 18 35 52 70 87 104 122 38 23 15 23 38 54 71 88 105 122
46 117 39 80 50 55 45 36 59 112 60 73 78 34 74 115 50 34 9 116 48 97 33 73 46 26 43 21 57 80 58 70 106 30 78 109 48 29 6 100 125 119 115 113 114 118 124 132 141 152 112 105 101 99 100 105 111 120 131 143 100 92 87 85 87 91 99 109 121 134 88 79 73 71 73 79 88 99 112 125 77 67 60 57 59 66 77 89 103 118 68 55 46 43 46 55 67 81 97 112 60 45 34 29 33 45 59 75 91 108 54 38 23 15 23 38 54 71 88 105 52 35 18 0 18 35 52 70 87 104 54 38 23 15 23 38 54 71 88 105
59 111 51 64 66 56 62 23 59 104 64 69 74 49 87 107 54 50 19 121 61 90 45 57 61 13 60 11 61 70 61 66 92 47 91 101 52 40 22 106 133 125 118 114 113 114 117 123 131 141 121 112 105 100 99 100 104 111 120 130 110 100 92 87 85 86 91 99 109 120 99 88 79 73 71 73 78 87 99 111 90 77 67 59 57 59 66 77 89 103 82 67 55 46 43 46 55 67 81 96 75 60 45 33 29 33 45 59 75 91 71 54 38 23 15 23 38 54 71 88 70 52 35 18 0 18 35 52 70 87 71 54 38 23 15 23 38 54 71 88
75 108 66 48 82 62 80 18 64 98 71 69 73 66 100 102 62 67 36 128 76 86 60 42 77 17 77 20 70 64 68 67 80 64 105 95 60 54 39 113 143 133 124 118 114 112 113 117 123 131 132 121 112 105 100 98 99 104 110 119 122 110 99 91 86 84 86 91 98 108 112 99 88 79 73 70 72 78 87 98 104 90 77 66 59 56 59 66 76 89 97 82 67 55 46 42 46 55 67 81 91 75 60 45 33 28 33 45 59 75 88 71 54 38 23 14 23 38 54 71 87 70 52 35 18 0 18 35 52 70 88 71 54 38 23 14 23 38 54 71
91 107 82 34 98 72 97 27 72 94 82 73 77 83 115 99 74 84 53 137 91 86 76 30 93 32 95 36 81 63 78 72 69 81 120 93 72 70 56 123 154 142 132 124 117 113 112 113 116 122 144 131 121 111 104 99 98 99 103 110 134 121 109 99 91 86 84 85 90 98 126 112 99 88 78 72 70 72 78 87 119 104 90 77 66 59 56 59 66 76 113 97 81 67 55 46 42 46 54 67 108 91 75 59 45 33 28 33 45 59 105 88 71 54 38 23 14 23 38 54 104 87 70 52 35 18 0 18 35 52 105 88 71 54 38 23 14 23 38 54
107 109 99 24 115 85 114 42 84 94 95 80 84 100 130 99 88 101 70 148 107 89 93 25 110 48 112 53 94 65 91 81 62 98 136 94 86 86 73 135 166 153 142 132 123 117 113 111 112 116 156 143 131 120 111 104 99 97 99 103 148 134 121 109 99 91 85 83 85 90 140 126 112 99 87 78 72 70 72 77 134 118 104 89 77 66 59 56 58 65 129 112 97 81 67 55 46 42 45 54 125 108 91 75 59 45 33 28 33 45 122 105 88 71 54 38 23 14 23 38 122 104 87 70 52 35 18 0 18 35 122 105 88 71 54 38 23 14 23 38
124 114 115 25 132 98 132 58 97 97 109 91 94 117 146 102 102 118 87 159 124 95 109 31 127 65 129 70 108 73 105 92 59 116 152 97 101 103 91 147 179 165 153 141 131 123 116 112 110 112 170 156 143 131 120 110 103 99 97 98 162 148 134 121 109 98 90 85 83 85 156 140 126 112 99 87 78 72 69 71 150 134 118 103 89 76 66 58 55 58 145 129 112 97 81 67 54 45 42 45 142 125 108 91 75 59 45 33 28 33 140 122 105 88 71 54 38 23 14 23 139 122 104 87 70 52 35 18 0 18 140 122 105 88 71 54 38 23 14 23
140 121 132 36 149 113 149 75 112 103 124 103 106 134 162 108 118 136 104 172 141 103 126 44 144 82 146 87 123 83 119 105 61 133 168 104 117 120 108 161 192 178 165 152 141 131 122 116 112 110 184 170 156 143 130 119 110 103 98 96 177 162 148 134 120 108 98 90 85 83 171 155 140 125 111 98 87 77 71 69 166 150 134 118 103 89 76 65 58 55 162 145 129 112 96 81 67 54 45 42 159 142 125 108 91 75 59 45 33 28 157 140 122 105 88 71 54 38 23 14 156 139 122 104 87 70 52 35 18 0 157 140 122 105 88 71 54 38 23 14
50 157 52 134 42 90 20 84 94 157 89 114 118 23 71 159 82 22 53 131 54 140 53 126 42 80 24 70 85 127 89 110 158 25 70 153 79 56 52 115 129 130 133 138 145 154 164 176 188 201 115 116 119 125 133 143 154 166 179 192 100 102 106 112 121 132 144 156 170 184 86 88 93 100 110 122 134 148 162 177 72 74 80 88 99 112 126 140 156 171 58 60 67 77 90 104 119 134 150 166 43 47 55 68 82 97 113 129 145 162 29 34 45 60 75 91 108 125 142 159 15 23 38 54 71 88 105 122 140 157 0 18 35 52 70 87 104 122 139 156
46 146 45 117 42 80 21 67 84 145 80 103 107 6 72 147 72 5 36 128 50 128 44 110 40 63 23 53 77 114 80 99 143 10 73 141 70 46 37 112 130 128 129 132 138 145 154 164 175 187 116 114 115 119 125 133 142 153 165 178 102 100 101 105 112 121 131 143 156 170 88 86 87 92 100 110 121 134 148 162 74 72 73 79 88 99 112 126 140 155 60 57 60 67 77 90 104 118 134 150 47 43 46 55 67 82 97 112 129 145 34 29 34 45 60 75 91 108 125 142 23 15 23 38 54 71 88 105 122 140 18 0 18 35 52 70 87 104 122 139
49 137 45 101 48 73 33 49 77 134 75 93 98 12 77 137 66 14 19 128 52 118 41 94 45 48 33 36 72 102 74 90 128 14 79 130 63 41 24 112 133 129 128 129 132 137 144 153 163 175 119 115 114 115 118 124 132 142 153 165 106 101 99 101 105 112 121 131 143 156 93 87 85 87 92 99 109 121 134 148 80 73 71 73 79 88 99 112 126 140 67 60 57 60 67 77 90 104 118 134 55 46 43 46 55 67 81 97 112 129 45 34 29 34 45 60 75 91 108 125 38 23 15 23 38 54 71 88 105 122 35 18 0 18 35 52 70 87 104 122
57 130 50 85 59 69 49 32 73 124 74 86 91 30 86 128 65 31 6 130 59 110 45 78 55 35 48 19 71 91 72 83 114 30 89 121 62 42 20 114 138 132 129 127 128 131 137 144 153 163 125 119 115 113 114 118 124 132 141 152 112 105 101 99 100 105 111 120 131 143 100 92 87 85 87 91 99 109 121 134 88 79 73 71 73 79 88 99 112 125 77 67 60 57 59 66 77 89 103 118 68 55 46 43 46 55 67 81 97 112 60 45 34 29 33 45 59 75 91 108 54 38 23 15 23 38 54 71 88 105 52 35 18 0 18 35 52 70 87 104
68 125 61 70 73 70 65 15 72 117 77 83 88 47 96 120 67 49 18 135 70 104 55 64 68 27 63 4 75 83 74 80 102 47 100 114 65 50 29 119 145 138 132 128 127 127 131 136 143 152 133 125 118 114 113 114 117 123 131 141 121 112 105 100 99 100 104 111 120 130 110 100 92 87 85 86 91 99 109 120 99 88 79 73 71 73 78 87 99 111 90 77 67 59 57 59 66 77 89 103 82 67 55 46 43 46 55 67 81 96 75 60 45 33 29 33 45 59 75 91 71 54 38 23 15 23 38 54 71 88 70 52 35 18 0 18 35 52 70 87
82 121 74 56 87 75 82 5 76 111 83 82 87 64 109 115 74 66 35 141 83 100 68 51 83 29 80 18 81 78 80 81 90 64 113 109 72 62 43 126 154 145 137 131 127 126 127 130 135 143 143 133 124 118 114 112 113 117 123 131 132 121 112 105 100 98 99 104 110 119 122 110 99 91 86 84 86 91 98 108 112 99 88 79 73 70 72 78 87 98 104 90 77 66 59 56 59 66 76 89 97 82 67 55 46 42 46 55 67 81 91 75 60 45 33 28 33 45 59 75 88 71 54 38 23 14 23 38 54 71 87 70 52 35 18 0 18 35 52 70
96 121 88 44 103 83 99 21 84 108 93 86 90 82 122 113 84 83 52 149 98 100 82 42 98 39 97 35 91 76 89 85 81 81 127 107 82 76 59 135 164 154 144 137 131 127 125 126 130 135 154 142 132 124 117 113 112 113 116 122 144 131 121 111 104 99 98 99 103 110 134 121 109 99 91 86 84 85 90 98 126 112 99 88 78 72 70 72 78 87 119 104 90 77 66 59 56 59 66 76 113 97 81 67 55 46 42 46 54 67 108 91 75 59 45 33 28 33 45 59 105 88 71 54 38 23 14 23 38 54 104 87 70 52 35 18 0 18 35 52
112 123 104 37 119 94 116 38 94 108 104 92 96 99 137 113 96 100 69 159 113 102 97 39 114 53 114 52 103 79 100 93 75 98 142 107 95 91 76 145 176 164 153 144 136 130 126 125 126 129 166 153 142 132 123 117 113 111 112 116 156 143 131 120 111 104 99 97 99 103 148 134 121 109 99 91 85 83 85 90 140 126 112 99 87 78 72 70 72 77 134 118 104 89 77 66 59 56 58 65 129 112 97 81 67 55 46 42 45 54 125 108 91 75 59 45 33 28 33 45 122 105 88 71 54 38 23 14 23 38 122 104 87 70 52 35 18 0 18 35
128 127 119 38 135 107 133 56 106 111 117 101 105 116 152 116 110 118 87 169 129 107 113 43 131 69 131 69 116 85 113 102 72 116 157 111 108 107 92 157 188 175 163 153 143 135 130 126 124 125 179 165 153 141 131 123 116 112 110 112 170 156 143 131 120 110 103 99 97 98 162 148 134 121 109 98 90 85 83 85 156 140 126 112 99 87 78 72 69 71 150 134 118 103 89 76 66 58 55 58 145 129 112 97 81 67 54 45 42 45 142 125 108 91 75 59 45 33 28 33 140 122 105 88 71 54 38 23 14 23 139 122 104 87 70 52 35 18 0 18
144 133 136 46 152 120 150 73 119 116 131 112 116 133 167 121 124 135 104 181 145 115 130 53 147 85 148 87 130 94 127 114 74 133 173 116 123 123 109 169 201 187 175 163 152 143 135 129 125 124 192 178 165 152 141 131 122 116 112 110 184 170 156 143 130 119 110 103 98 96 177 162 148 134 120 108 98 90 85 83 171 155 140 125 111 98 87 77 71 69 166 150 134 118 103 89 76 65 58 55 162 145 129 112 96 81 67 54 45 42 159 142 125 108 91 75 59 45 33 28 157 140 122 105 88 71 54 38 23 14 156 139 122 104 87 70 52 35 18 0
