0.0 22.28228481456849 29.39554716949477 25.944597684570045 62.129189132420294 31.745018504034668 18.395858091887124 57.99755468109203 39.91168167596442 57.54128879327145 75.49095156350903 84.26514575248062 33.16229680497162 21.243803355855103 8.068464377679797 19.73958666074406 29.879709761635286 29.33499717515546 23.546856413343615 40.20806071175086 10.134993498175195 23.158727780242867 35.61486456873722 65.02209060618527 57.58063410184563 29.756771291679428 25.872510540608765 62.13931751279173 41.68408024146919 8.542120362607275 17.933452800829688 70.28126645936229 42.36240705366536 17.341784386937867 12.036480094500932 20.119587995934047 68.41491168918283 18.920188287029802 21.28972655129605 44.57141487553947 80.86316882056428 68.4330720590343 58.5322061441579 52.60849252602795 52.038335300031946 56.98266158159053 66.21751751736393 78.23807293365986 91.9583221428566 106.72474169905911 72.5735274580314 58.45484472043057 46.53737778220575 38.89977977379453 38.201634495817316 44.76877891962513 56.105516037368794 69.9293998949602 85.03599052980475 100.85050855997859 66.30037748372578 50.49532038628912 36.090519481393514 25.573124585917544 24.57955847612555 33.95637757213456 47.96485536194827 63.61548562311011 79.9496314018361 96.62126060296053 62.65248590550223 45.62371380309449 28.921025160312915 13.785546617935191 11.931892510612359 26.33271703247172 42.93212174858484 59.93025390776242 77.06371878611628 94.25874673957166 62.094326632614774 44.85769942059038 27.702608099073917 11.016773325616782 8.60334785766696 25.007586749761867 42.13614477581178 59.36533920498188 76.62731759698063 93.90400207724414 64.70591376714837 48.39264591655563 33.09913866665296 21.16529426846071 19.97744432615305 30.804849966800802 45.798375303925 62.00609227157621 78.68120281480324 95.5793898977078 70.13400672498881 55.4114022519936 42.670557289040225 34.20289138129712 33.43063651826586 40.793204052718245 53.00256498909875 67.47715653143517 83.04077174032865 99.18206112138726 77.7911681070038 64.79142503193371 54.250295499376676 47.82220454859971 47.21795014709097 52.63847705235091 62.53628225857536 75.1629351008362 89.3691776226701 104.51285034107579 87.09133102102263 75.65942013863129 66.80188050410086 61.63870609243839 61.11353700637726 65.33830567848514 73.4984315422489 84.46087944091981 97.2828676536355 111.32370811151132 97.56566686746892 87.46232903644936 79.86829635975649 75.54413703543 75.05714244304731 78.4787788978263 85.34019543579517 94.89818381080116 106.42869790396833 119.36145230863599
22.28228481456849 0.0 38.661649216736684 46.83020033248355 71.72640260877411 29.255689216152753 23.549016288962527 69.63242015992796 57.57510410334738 68.50700973675195 93.64787173898455 100.57259672572685 44.21263799972186 29.224600414704774 15.48892082643879 41.219847938081635 31.518988166763762 49.72380161234705 31.455136006256076 54.86027013540611 29.45160937026671 3.811086118104854 53.57029265975612 78.40333768894455 66.74506172974827 30.75427807841546 28.922303428041875 73.94488842623181 55.485457249877626 30.82239866704213 29.271980137638458 84.04795698490257 53.64577573900586 20.00606630287606 15.26641973210097 42.037242356015184 82.54938984620371 34.13959678161179 32.01497635283079 54.76758268925822 81.3318209645257 72.91664887185901 67.95220247553875 67.207570386689 70.81599233746039 78.17700161518538 88.357647939769 100.50470573108976 113.99126876641455 128.395928251136 70.03269186785401 60.11963599437169 54.063510782230466 53.19826715566451 57.757665490423165 66.63737751176994 78.38260077621706 91.90116425304788 106.52002507134698 121.84378258431718 59.97327144513295 48.0891429527481 40.33663680118915 39.24575242475753 45.30033239170648 56.23804195235439 69.79986265611065 84.73506067269743 100.43279545869733 116.58545585075323 51.879955547970084 37.56915429120021 27.019687901654656 25.44398412434891 34.109232410160146 47.730427996803215 63.179572581101894 79.39668532046913 95.99333050650381 112.80210980741442 46.784616211587355 30.182950992685466 15.229373029216966 12.311382163591444 25.8828034488566 42.272709324604165 59.18409793672051 76.2708725476841 93.43686427441574 110.64520896685195 45.70133501523869 28.482983219861847 11.517907204793335 7.263441470930296 23.907457413392304 41.09852795773012 58.35516277895888 75.63249690424857 92.91898457973184 110.21031868671847 48.89750850419817 33.3504450233682 20.790625345029483 18.733928975809082 29.468324709045625 44.547910176467845 60.822384979979915 77.54302548790741 94.47322987255303 111.51759321654204 55.640443546316305 42.59016072607995 33.62578286007042 32.34460395339939 39.5014200570865 51.70357451665902 66.21831845243605 81.82408220718426 98.00103983543606 114.50736150074125 64.83270663833578 54.00258468673731 47.20150131253382 46.24270288434203 51.4538306108938 61.28057660923354 73.9041590508535 88.130832577036 103.30036711671868 119.05289291696882 75.5858005998444 66.47788019470603 61.02540286307608 60.22945268469454 64.26328721353934 72.32322678703625 83.24796765509791 96.06505629332155 110.11567507986189 124.9844978033798
29.39554716949477 38.661649216736684 0.0 45.87935297447091 33.6830598658525 60.079049752190386 15.14616595099198 30.98906258908048 24.49055580820462 29.957195934532674 58.08039738965102 62.99455690047442 5.826002593848022 9.579997447272474 27.601719183330037 26.510447493520783 11.913571045217276 49.68634201215719 7.222340512356316 17.99127104006827 21.299496366396344 36.298391555846806 22.0899118670146 39.838022319564466 28.857376382234246 58.75288916175926 11.311604289879822 35.301033374211926 17.7856874747673 29.54536983436312 11.529120652508897 45.52362227703517 14.989469352267886 18.66312664720913 24.650175243782034 29.090316697459627 44.14039629348571 12.312775630398217 8.126598410512972 16.246668740821228 110.25648832702043 97.60479495562615 86.5770630228273 77.86635183880479 72.31485822259343 70.67105316229639 73.19867385878177 79.5008365900282 88.77730141385099 100.20541171883114 101.68037936761321 87.84886447615048 75.46286657252783 65.34954684953526 58.69565670694893 56.731779100720985 59.92084115308997 67.53678590134827 78.2983109393436 91.09737286254581 94.44393717316055 79.40200084190025 65.48589794239675 53.580150651351765 45.298641053799884 42.799600954833245 47.01435339932734 56.45881359255717 69.01847913402221 83.29590574872165 88.87511829461377 72.72193928612005 57.2440720560205 43.17402747051899 32.40091111375418 28.885133970893904 34.89401694530137 46.89929000713615 61.48336293877132 77.19827694823714 85.30124430239223 68.32895195458185 51.57617273343844 35.35632949575147 20.946383935523166 15.038101194128242 24.74369612781882 39.963346101061056 56.396809201377515 73.23143906519019 83.97745556427128 66.67669958296813 49.37676672044678 32.07898870778061 14.790927676203676 2.682380806651294 19.85780431773526 37.15081719304938 54.44949627096415 71.74974334777825 85.00895331201198 67.96538398978691 51.095767543079546 34.655075573900675 19.74547612846264 13.323143560888218 23.74534151044172 39.355928331661424 55.970078689725995 72.90489067611071 88.31323281509398 72.03732819702054 56.37584789846775 42.021492213420586 30.855881101165277 27.149125185909178 33.477971971773805 45.860486537582084 60.69846664198488 76.57763047365471 93.64998507163062 78.46033271841056 64.34619846776242 52.187623484771734 43.65052317676977 41.059635205048686 45.44364040989646 55.16394298064379 67.96839042890034 82.43208677782128 100.6965049710201 86.71344221849112 74.14414856693779 63.82936024812326 57.00630184894694 54.99043943507411 58.28273471642837 66.09466438925084 77.06381065861575 90.0436334411999
25.944597684570045 46.83020033248355 45.87935297447091 0.0 71.82402361888109 40.84018095473853 41.44650871505977 65.66417096838266 41.24793215376911 66.1429739766933 69.94033891197871 81.7809153693391 46.69077551731601 41.609653634087394 34.01172803625131 20.17498849475002 51.600840748793416 3.8318994399210604 43.11008214194556 46.9716605065906 26.387825051937856 48.4763150312733 37.683949345120645 69.297585975179 68.35069781126136 36.464592751041096 47.75537963961327 69.02653351922294 49.361081470957224 18.95063713391647 37.24569648182453 73.37568447297072 53.244238405424284 41.740040274662285 37.77932614270834 17.656026522719543 71.13004935206372 33.69086840273664 39.51226644230948 56.272132929485096 75.54088530880843 59.70148701120537 44.953529035706794 32.80368908428585 27.019516755585904 31.348629591690838 42.826731047846756 57.30821259276815 73.02769058532543 89.33401355092073 71.66581101059802 54.73975618262624 38.152406500485505 22.660187826991656 13.041275960183588 20.624704136701354 35.76862785351084 52.26972194351154 69.16332627413192 86.21902543090867 70.46564294927435 53.16615307099065 35.86901765148719 18.580813249134636 1.618769136552945 16.084396315604927 33.369279209465326 50.66580093004259 67.96507611713503 85.26542885680183 72.07414856954261 55.27084904169997 38.907108708639264 23.90338793703296 15.089509409116488 21.971052002310092 36.55780970609126 52.81034242886546 69.57085292645392 86.54471317685733 76.31391330788959 60.67222107576704 46.22913489425819 34.523280157626225 29.073876411935704 33.127528785126515 44.139387107325675 58.29105662093021 73.79782196428845 89.96165420995227 82.78157571781736 68.59581513322019 56.18440105044734 46.975445514481414 43.07438372786754 45.856483491255275 54.30410771945747 66.28544066782302 80.23270945205208 95.28651625225955 91.00327441777492 78.27933602989039 67.61960176082745 60.13205662572852 57.079028764266646 59.15119960107177 65.86661447746857 76.00430902239913 88.3945511655884 102.22150439013336 100.54955499803307 89.15101723800316 79.90171159088614 73.6162477475777 71.08522439048387 72.70182320878125 78.20926956622382 86.87067037295213 97.85206013376927 110.46368973429891 111.0793156144959 100.8271199648486 92.6945516711386 87.27616928611897 85.09205349493834 86.38786626502501 91.01509399378028 98.50537679901517 108.26610368986331 119.74333878589371 122.33874367588919 113.05854894889099 105.81289205498527 101.04041819382525 99.09908900755575 100.1536725500261 104.1131699549794 110.66621679714378 119.38649953383664 129.83807742480965
62.129189132420294 71.72640260877411 33.6830598658525 71.82402361888109 0.0 93.50555020995753 48.59833253534527 7.473068181900246 32.16482699472573 5.974528114593549 41.557479537339646 38.923208436191125 29.03444092455041 43.216182587948325 61.24633398441203 52.01857506354712 40.849962662075534 75.21770588795208 40.783607675425515 24.863608784299377 52.711374048650974 68.9614452961467 34.724979994301485 14.534142077631714 5.017634775063817 91.86423366116136 42.86507581910304 7.687392585549457 22.467779592020303 60.04179020895826 44.91342637235221 18.85406223146957 19.81674533716515 51.995526300345865 58.30258782898264 54.35951441928476 19.14353336907897 43.316941202299816 41.54025651498194 17.609609757091764 142.47472355814912 128.75354652052053 115.99389990375357 104.54842932254329 94.89385395919602 87.62415849394333 83.36559825176566 82.58530728754683 85.37870446150822 91.41878121568439 134.6960984314827 120.13054276565164 106.3877161018137 93.829821645065 82.99647693424642 74.64238339210483 69.66524294880364 68.80186925982859 72.19999178721113 79.31374960425708 127.99209173239394 112.59819528649236 97.8439087045308 84.06667718485254 71.83091819755549 62.055251667069506 56.04218557631658 55.03905634482015 59.300655451297175 67.84199735396066 122.53930766003737 106.38853191804684 90.6634595075337 75.63009599785349 61.79535027970023 50.16098659982584 42.57099014799922 41.31778300910706 46.911987258016 57.38479998454796 118.51066462574234 101.74411649637888 85.19191772890458 69.00848095883072 53.52931940037798 39.589337201618584 29.461045434240898 27.700194395304273 35.57187561044183 48.601706685895174 116.0546275775175 98.8858129606401 81.77312618940934 64.76107679687365 47.95688384593022 31.6929185745022 17.542297642416543 14.482267247690997 26.65431788558989 42.54270793577051 115.27179633779626 97.97011912423247 80.66855058733556 63.36717974534534 46.06622934719212 28.766458002846534 11.473200432433321 5.871384220788575 23.15222623303275 40.451101453419 116.19600496802856 99.05093910151437 81.9718127523828 65.01061619167643 48.29176878150012 32.195065292749064 18.429924283881306 15.540739099823892 27.24113832391992 42.911038735351 118.78740310494118 102.06485113249158 85.57295260224589 69.4761561806779 54.12810747218996 40.39155158912519 30.525604686226494 28.82459580977118 36.45012738237776 49.24505994742001 122.94057509811168 106.84835723550897 91.2001248749806 76.26964668579906 62.57283859019678 51.111311354241835 43.68154144526393 42.455775500486254 47.91256181106818 58.2017111505067
31.745018504034668 29.255689216152753 60.079049752190386 40.84018095473853 93.50555020995753 0.0 46.244994152960025 89.67082973793508 70.9448347309798 89.13059350774245 105.49762924778713 115.23993935452772 64.47493831025841 50.899437080572234 32.65279404757549 48.5162741333418 57.02604432658791 41.63161761534053 53.371260610839016 71.93275252908283 41.782198458136826 33.04332237408064 66.6362469684794 96.75239042213882 88.81822046319063 4.763217759983311 53.49029974266116 93.84182095987936 73.42894799215149 36.62608575828483 48.635840340849136 101.97183727601198 73.87525476371047 43.461370516676986 36.42120833466951 47.674192804418134 100.0705055624619 50.60799688556428 52.03558653862694 75.8959710388694 52.34615598811675 43.84839788411317 41.27891955872467 45.64999075078623 55.34075680550375 68.11741572191302 82.55949695762206 97.93295667658255 113.86115545246041 130.14056512199772 42.01929954391388 30.864824247571832 27.172839763781752 33.50819405985457 45.890575511689356 60.727265505014515 76.6052650531584 92.99270130048164 109.66142603261274 126.50029338614458 34.57038027046367 19.61465042656831 13.15563055449778 23.666843977095393 39.31769546912226 55.949581185005684 72.89405241272169 89.97467923864897 107.12635397325435 124.31967387198242 32.07174971815911 14.79802314604315 2.8424363630221507 19.897009733258542 37.18085723290316 54.476186441617465 71.77469770239931 89.07453714569455 106.37505676411573 123.67597111733967 35.58204202836094 21.339650154991467 15.601027568513423 25.102109319315566 40.19393190506635 56.565898475252794 73.36594589611506 90.35560637127507 107.44497022545302 124.59301781911773 43.675640476936586 33.07459273794775 29.648020336099385 35.53576854784221 47.38444780804224 61.858631193792895 77.50099304853624 93.72847435544402 110.28308663399925 127.03700563589582 54.341766442134386 46.2019095480756 43.75967923198428 47.89474733062832 57.19797489412777 69.6276816845786 83.8040810226959 98.97948347842731 114.7582525019697 130.92241633385132 66.35107294346037 59.811613715086146 57.88860456739969 61.02007121807947 68.51645636807645 79.14706339429209 91.82977536349608 105.82936639230435 120.6884380814961 136.12582609272556 79.09394963817864 73.63658201107171 72.02449351395862 74.50769917554011 80.70907583198742 89.86212061465223 101.16884221521738 113.9901603759122 127.87128998624225 142.50285981334432 92.26681526640462 87.57477606619605 86.16376685648707 88.19141198017617 93.4341088007565 101.39436542313207 111.49161001171363 123.20153398781723 136.1085374266193 149.90372594497373
18.395858091887124 23.549016288962527 15.14616595099198 41.44650871505977 48.59833253534527 46.244994152960025 0.0 46.13505723499849 35.7380703549948 45.083265953532425 71.30271412277298 77.38409376862647 20.66584843991536 5.690452784629573 13.713741045511373 26.396495654070105 11.536980395015098 45.19763043624117 7.924244935790483 31.69445182552331 15.326163332833897 21.37631033987715 32.1675979033692 54.859133676690085 43.68251309913127 45.52255576254333 7.587729570029865 50.44685984273822 32.10627991261915 22.611658783404508 7.187477097208086 60.512324115680244 30.109454904566373 3.5565329903929532 9.906310660620573 28.40651186715428 59.041731387286276 13.273759553302364 8.896516840404221 31.349634843592767 97.64824432255504 86.16160746372312 76.88404364021773 70.69073713603223 68.4243746923126 70.46488751241704 76.46826974034525 85.60480574516583 96.99309171563736 109.93556066296867 88.21505663882029 75.35623228229154 64.60593096711919 57.16633567969048 54.41279813294971 57.02818875796868 64.36128550668825 75.04155433961965 87.85666582393796 102.00515490774184 80.17843253672443 65.81366826268773 53.225956024076275 43.96898267668244 40.40106507381482 43.93092599899719 53.163070243273175 65.73738201900854 80.09494572116878 95.43428547234338 73.99495524575059 58.159035461394275 43.45576589679494 31.512599916596454 26.38928754834186 31.598342062580446 43.580111574865114 58.298432299677515 74.14107142617148 90.51961066900384 70.15644581396904 53.213520161079764 36.607969315431355 21.149963537974493 12.377857193972757 21.396602313730646 36.89350462111415 53.50850050857537 70.45496022924972 87.54059667319409 69.05511855633404 51.75966349781699 34.47070818580585 17.207854924457685 1.6445091115039951 17.550274646880318 34.814270938662126 52.1034391633267 69.39896883346839 86.69705282474374 70.818804829179 54.07982709409774 37.850557191091184 23.2252892532507 15.648509264503474 23.43181648084126 38.10428591464971 54.34644042263519 71.09041403882271 88.0503875621254 75.24629244222625 59.73583530088895 45.53509405237402 34.31076857425453 29.66011073016243 34.36458606588421 45.61618858481615 59.82857030771198 75.34446408060712 91.50315835260935 81.9066810525375 67.89904660893299 55.77240254839249 47.00580249325395 43.67189343879832 46.94280894378548 55.666188777537805 67.76817882235056 81.76204360850917 96.83099563284232 90.30718582499695 77.78395944685197 67.40918428905985 60.30214879865064 57.68359746955979 60.14268807139449 67.12365964364975 77.41269717169953 89.88082624528826 103.74534887422655
57.99755468109203 69.63242015992796 30.98906258908048 65.66417096838266 7.473068181900246 89.67082973793508 46.13505723499849 0.0 25.228130030100026 2.3419346862403194 35.93890770230732 35.45894884519757 25.661233372052745 40.529475105472336 57.98902054947097 46.21357783522992 39.91113671379447 68.94702119800095 38.21086151006693 18.887514931433763 48.222871903905045 67.15489869912541 28.141266949868047 10.212432913871513 8.048586560148937 87.72203085311324 41.27462374857524 4.312585082319034 16.775540649904933 55.086566419976435 41.55673603262279 15.736160152381887 16.086659964068563 49.648352663428824 55.48372329036455 48.439582329740475 15.132362076923865 39.08036649978253 38.30809528625182 14.950352325666977 137.58121138319575 123.43890757823827 110.2017423359796 98.23629703852947 88.0624893507914 80.36367300497808 75.89679690720648 75.23970731347207 78.48814729886091 85.19654282897643 130.32464406435116 115.33427567107728 101.08497730702295 87.93773552251558 76.46314942521039 67.51945135356426 62.20799468118124 61.47754137609841 65.48157592247419 73.44985144358066 124.23957403036246 108.44377339456611 93.18441288056151 78.77385481941184 65.77239683913886 55.18513162678529 48.61575776792743 47.75235740873939 52.87519226349176 62.529887731558475 119.50518243790937 103.01143896147629 86.83278510337921 71.184384982754 56.508484732276656 43.79393922687225 35.232335492399386 34.10914687442359 41.03971761315186 52.95083595203382 116.28662865329777 99.27701310624555 82.38921265345714 65.71720546923065 49.47960721781256 34.299033061061685 22.43496178273709 20.710940448204468 30.875075726122155 45.566536523165404 114.71162429414933 97.43597461472045 80.17165950145142 62.92800856928965 45.728404465538524 28.652279571126552 12.228356859063382 8.765029122429901 24.552641339689487 41.56383157490043 114.84783008382833 97.59555935635267 80.36464163611683 63.17255205103444 46.06278680349411 29.18051767358104 13.414103899488188 10.348286973733753 25.158481498131795 41.92284135680336 116.68925201558137 99.74616311243253 82.95133411075354 66.41733103139033 50.40149945633593 35.60999423109729 24.38326242399829 22.797511692270508 32.30512107863756 46.54273747926637 120.15749258339662 103.76403331162741 87.72020025882178 72.25925405907064 57.85043993285961 45.50444311625129 37.327504951924304 36.25931946844563 42.835046521062516 54.34750695610604 125.11729205934495 109.44365735596777 94.34083441589797 80.13222498559722 67.3858699157938 57.089745033670795 50.75750242474583 49.92104423542574 54.832461220442184 64.18557852153867
39.91168167596442 57.57510410334738 24.49055580820462 41.24793215376911 32.16482699472573 70.9448347309798 35.7380703549948 25.228130030100026 0.0 26.205865916709904 36.10020949548811 44.377626869647465 19.7219642621816 30.60863067860194 42.971019070332616 23.301629279559698 36.38299499143333 44.295654232288676 29.38329923413824 9.442144940069808 29.881407920732638 56.28423233078088 4.313003814891556 28.069105197049325 29.833432542126616 68.13534641336369 35.13339822750761 28.120467231472198 11.843749368585327 34.404593141253244 28.817192653524252 32.397669552060385 18.272797351797056 39.02304066559305 42.309784702284006 25.036144105868626 30.232680340015282 23.444613162152873 26.936065340654896 21.267243927669583 115.31254832799328 100.30816898902692 86.16944502097478 73.39834650819566 62.83439194387621 55.7467835653434 53.534535311584 56.7704904895872 64.64155193089819 75.71572761133868 109.39681501867226 93.47992736125865 78.15392752399902 63.84576603277083 51.412383510929374 42.53105220220267 39.664259854802815 44.003664659905766 53.83397981215286 66.7725852914007 105.04663567899381 88.37365085865372 71.99804867095432 56.18047887455118 41.56300937851232 29.957163392825915 25.808717063014797 32.147448767961414 44.71618718185393 59.70198219313261 102.46167450564378 85.29922691516904 68.20728990492795 51.25644929242771 34.654374990986646 19.322027120128485 12.019512141420257 22.678393379556496 38.507964040040015 55.22798182809292 101.77655936272984 84.47882758063118 67.18325808237314 49.892099647246354 32.612369299731824 15.382627830033464 2.8978319579199603 19.46492241544603 36.71624385345373 53.99995837273092 103.02920726218585 85.97701293490918 69.04917315513372 52.36642273157238 36.26856079466651 22.07458109839244 16.058583853220185 25.043591120755227 39.93991929414757 56.23099862493145 106.15102266148205 89.67763257553761 73.58549577505576 58.19176766962205 44.2317498252528 33.545831228158235 29.881551584611216 35.48521790212102 47.16146187454371 61.546043859950785 110.98434521035895 95.32447790630255 80.34109474860936 66.49309087344402 54.650480087499766 46.3758884034417 43.743288493482 47.69624474592155 56.87787310625849 69.23840947639681 117.31776652639294 102.59662126231537 88.81087962549155 76.46813244350753 66.37827591466434 59.694832624792454 57.61569114077338 60.61649927225806 68.0282985031158 78.61320566604275 124.92325366843296 111.17548730723463 98.55377785426151 87.54652341356508 78.83291746391362 73.23627838658443 71.49240903863537 73.87465810835009 80.01533698776633 89.14107738766602
57.54128879327145 68.50700973675195 29.957195934532674 66.1429739766933 5.974528114593549 89.13059350774245 45.083265953532425 2.3419346862403194 26.205865916709904 0.0 38.27932869632781 37.59929998611471 24.827772805269436 39.532742343280795 57.21677570523091 46.485352768522816 38.41561631544966 69.49081528218925 37.17060239191298 19.18710040053097 47.893320702398476 65.9439105556646 28.85315242818013 12.336783712211961 5.721409068247108 87.29504132357584 39.955020823730756 5.82388142425726 16.898363200724607 54.963719268607775 40.78629303597121 17.719737244564502 15.286078872398646 48.568791682941324 54.562426324841034 48.77464176824445 17.26893517556953 38.63001251508391 37.48493140991073 13.741482493343263 137.47155121754776 123.5106660997992 110.49898825967269 98.81220923052975 88.97394843962424 81.65512127661025 77.5721514633862 77.23990585834035 80.704720764977 87.51677195112012 130.001860040493 115.1785371145123 101.14544605178573 88.28024212756011 77.1692626086719 68.66937513743619 63.83232034744184 63.5007181786742 67.74076576612464 75.78901987063614 123.68397693372172 108.03092940022165 92.96418103147172 78.82066920438747 66.19485270235285 56.120592000118066 50.15959390230648 49.811149016686514 55.18168141876922 64.86591596437897 118.7020554107168 102.31650117496335 86.28941022238035 70.86441751988727 56.53650568042642 44.381242986167756 36.62950223303644 36.22780132880639 43.38080445124746 55.227187606820884 115.2295809895355 98.28563868413086 81.49226056631525 64.9663114011768 48.97924076790958 34.29317365931692 23.490185554468983 22.94051436827548 33.15805944143365 47.65876558086743 113.40534781688622 96.15037380507445 78.9159626795542 61.71934268796237 44.604244993521604 27.722074137233452 12.091378371457209 11.072614000249956 26.41434163670743 43.26136175418401 113.30901847460571 96.03725944719743 78.77874176539521 61.54460596767549 44.363276601995935 27.334511438634202 11.17873597009769 10.073042130735082 26.013105066948224 43.018722787380085 114.94493860297283 97.95330286012165 81.09298248671139 64.46709015188007 48.318228997293474 33.346790414949105 22.092470330519546 21.514127833269185 32.19238705568617 46.995249856173146 118.2412081032637 101.7839479891337 85.66019386771926 70.10045313326903 55.58044814943479 43.1625633456125 35.150184974951706 34.73862553635355 42.1511171347881 54.271255913313496 123.06443762780445 107.32432998979344 92.14591812319952 77.85840395236875 65.05147443182128 54.773716381130114 48.655196099546316 48.303194818545315 53.830953667786204 63.72634413441495
75.49095156350903 93.64787173898455 58.08039738965102 69.94033891197871 41.557479537339646 105.49762924778713 71.30271412277298 35.93890770230732 36.10020949548811 38.27932869632781 0.0 13.984015513573691 52.36761425165263 65.86849597411909 79.04256826366296 56.989160151661274 69.60816362320558 71.79417515001875 64.25192978575927 40.097115758723085 65.67894492831594 92.24471359925889 40.221473808794805 27.0707197618027 43.93048189583877 102.20675983892262 69.37243494789736 33.90195925932914 40.47755372939588 69.02196469925137 64.64654168151746 24.124669291183565 45.374656732937694 74.71847538735915 78.38217020957606 57.886276892481234 22.922299663564754 59.508801961139824 62.406267393545015 46.51644627943607 145.37180353677257 129.11255335881498 113.16291100575887 97.67466529934464 82.9068083893259 69.32128342347279 57.75850254358393 49.65230829740147 46.833339034483146 50.200342565385 141.39458095709765 124.63846691375859 108.05450277422361 91.7360993816319 75.85483843961595 60.75450044858512 47.19078681306338 36.899046337471674 33.08802058962602 37.77304353403399 138.72455905743993 121.61518273945786 104.56918201801552 87.62355135034927 70.85034539648656 54.409263022282886 38.72565210249441 25.252645945221435 19.350139329143055 26.643412417252495 137.43798341314363 120.15231105872924 102.87210444194079 85.60067373191737 68.34467254945184 51.119728480489975 33.97311386143839 17.14152100789585 5.674898323829589 19.216936566675983 137.5736916028491 120.30680803395576 103.05168010302263 85.81539931422107 68.61217108895222 51.47514505376557 34.50310666831171 18.164565943640994 8.255411363270586 20.126237908102485 139.12751977823734 122.07253072804379 105.09828730614564 88.25139357960626 71.62177169406613 55.40540704940989 40.10674903219564 27.314002699963535 21.96063311967664 28.58662814163182 142.05291805592606 125.38140131991186 108.90669128297262 92.73373903937338 77.05279130050558 62.23685627744704 49.07572977195846 39.270033961561474 35.7008574606917 40.070864988493845 146.26757371085634 130.11570006500403 114.3008716986813 98.98477015549723 84.43921931642421 71.13845921501748 59.91728118948323 52.13619065390657 49.44679718518187 52.63545110558096 151.66398415311488 136.12672106251512 121.06898137934256 106.69398429595796 93.31778118884124 81.43404850513608 71.78784155504675 65.37719865428473 63.19458823629425 65.66298676275474 158.12112875395232 143.25375785339145 128.99485032764477 115.56984111496745 103.3043534074028 92.6599977583124 84.25345945943823 78.804188799117 76.9430920163482 78.92441410117911
84.26514575248062 100.57259672572685 62.99455690047442 81.7809153693391 38.923208436191125 115.23993935452772 77.38409376862647 35.45894884519757 44.377626869647465 37.59929998611471 13.984015513573691 0.0 57.17134696922183 71.73737860250426 86.77940496559711 66.97687383434993 73.68712987567967 83.94078257166913 69.79843964936268 45.729049635219475 74.18666265212362 98.72993249147265 48.6883724107467 25.26395088120978 42.612334587384495 112.27506027361181 74.19467622797997 32.078254720028106 45.325768047681 78.62229587576061 71.30376304727187 20.116015749257404 48.71064302361272 80.91640257187399 85.46772449133462 68.23846583276253 20.332627768959526 66.86569770130458 68.62564667169934 48.952365512727106 157.3133170136225 141.36374244514124 125.77214649374687 110.68990548893039 96.35649801224646 83.1600350543 71.73078377290902 63.03742095613688 58.31659052789229 58.537425727123704 152.62308072768232 136.14955057564376 119.9095472882863 104.01251366060194 88.64316399829988 74.13043982102555 61.08795095193451 50.664163411011515 44.728975128693016 45.09111927348838 149.103324044372 132.21031548787093 115.43848092849257 98.84951853344627 82.5537450828787 66.76618468921829 51.95223851419853 39.2308020990136 31.26956440524465 31.862588735797843 146.838293294228 129.6623503058152 112.5250107389253 95.44707037159559 78.46732242819353 61.666931019994266 45.24613043869054 29.838339495100747 18.225063343914506 19.305222347254997 145.8864757612219 128.5884225684011 111.29157465815226 93.99659740552606 76.70475617852489 59.41878894477863 42.145923902417 24.913427828797502 7.98701655448133 10.27713692480483 146.2735230351927 129.0253599384251 111.7938124473682 94.58796183438582 77.4249415541104 60.34130967717954 43.43085033355235 27.020675344674515 13.141843847964484 14.629157584242254 147.98892508009075 130.95803424426234 114.00878107461816 97.18388875466697 80.56131172779098 64.29815163498552 48.75541306016488 34.90900950083255 25.66901300585922 26.41719432076301 150.9873894538916 134.32187039631665 117.83990989660637 101.63085293070885 85.84941802927877 70.78221026697526 56.99847726498789 45.675353713336776 39.01737906745959 39.461122740408975 155.19452356826918 139.0129672681345 123.13638905097493 107.69974867934013 92.92255775858366 79.17491985038419 67.09273019228199 57.73128505973145 52.56489725518754 52.838772611883925 160.5152595702319 144.9024116067461 129.7187789091066 115.13429850582611 101.40781115118416 88.93747248729719 78.32557847081563 70.4174044815871 66.18925778463766 66.34845302930648
33.16229680497162 44.21263799972186 5.826002593848022 46.69077551731601 29.03444092455041 64.47493831025841 20.66584843991536 25.661233372052745 19.7219642621816 24.827772805269436 52.36761425165263 57.17134696922183 0.0 14.989731408314045 32.38925011394143 26.65575766577259 17.315048565505734 50.41811847056619 12.803518765415477 12.35690036967477 24.102029120435624 41.96708928664081 18.001905131077642 34.19355770756193 24.42096100827472 62.85544014894735 17.108494277422043 29.954761389396232 11.979534461167765 31.957725835294433 15.963015018924905 39.85251681940262 9.577347639639173 24.216838745410925 29.829332260900284 29.25047850670852 38.415575130497395 14.624736807917738 12.66078683882211 11.42997593778168 113.83261250785078 100.6578637221102 88.90915242511363 79.223476561186 72.43321813880414 69.39360878135835 70.59082651315842 75.82444615186104 84.34641947823876 95.27843576161658 105.72941788436076 91.438491791856 78.37081275792754 67.24335907732718 59.16124512214325 55.47193025026155 57.03433793713846 63.46175934442514 73.48858844107073 85.86296582134486 98.9812840656945 83.58174167276486 69.08853489126938 56.20719644837605 46.30310333745793 41.56213411009652 43.69839553049813 51.86900538015765 63.79610359012331 77.77015567870178 93.88097666856265 77.5032547170304 61.6326300860225 46.788006786862056 34.32730626035869 27.682489399848148 30.87047735204521 41.6936735344458 55.878872052910154 71.45099131025205 90.7069645547788 73.64477339609176 56.72798761420888 40.140867072729506 24.56067060065472 13.923956757221031 19.576498758034834 34.22447568468128 50.577691412065015 67.40625862380126 89.66409473001902 72.36235457241807 55.060734085828955 37.75939777290529 20.4590665860019 3.176207528558402 14.153331277631747 31.452486094746767 48.75361094444332 66.05515787582132 90.82582156789383 73.79044859561218 56.91610792392322 40.405061258502904 24.988141312319698 14.661447201457053 20.10525947848638 34.528212815190244 50.782734256583936 67.55950942520496 94.11052205451816 77.77987847169138 61.9785310388476 47.24062664113244 34.9388749428696 28.43383266906658 31.54283404197642 42.19155839392359 56.249573341909404 71.7398848874369 99.30771720320426 83.96629846257096 69.55113740856068 56.772238006439366 46.98423307824007 42.31612179753689 44.41277998950713 52.46942676618363 64.28290068317888 78.16806733885424 106.13676319549502 91.90704721875747 78.9144871190917 67.87330364989567 59.872970044610945 56.2268428622949 57.76539878950338 64.11647884189851 74.05202592409617 86.3433862564973
21.243803355855103 29.224600414704774 9.579997447272474 41.609653634087394 43.216182587948325 50.899437080572234 5.690452784629573 40.529475105472336 30.60863067860194 39.532742343280795 65.86849597411909 71.73737860250426 14.989731408314045 0.0 18.26596758807497 24.46953246716194 10.028242354891262 45.43092413210576 2.4746806477413696 26.089983364763818 15.314772319881913 27.058914528345277 27.25758975273158 49.178773095753364 38.34967342613338 49.83669839294068 6.428253148562228 44.838529720139675 26.436636329619738 23.47291393301179 4.3873571214509814 54.82710495933601 24.47316284506157 9.246985775022527 15.087117524926846 26.77339305406045 53.351623244346165 9.752999328103817 3.7915463922254737 25.826528182612538 101.71490669698774 89.6531274800737 79.54957538844803 72.23072253090183 68.59380632222306 69.22162891684805 74.00573092477428 82.22379926177344 92.96961210848757 105.47338546273393 92.71100931249511 79.34169083132414 67.77592235626979 59.082539635618744 54.64994437128933 55.50842675924924 61.436581564135885 71.17879430480065 83.40915449935683 97.1928620879802 85.1122450654157 70.35659780570431 57.050092484475854 46.455148835090135 40.744990579079854 41.96347536278838 49.60259947809778 61.30748803056419 75.20308441361139 90.28347204745421 79.32358139750022 63.2656569223769 48.07875119345694 34.91846899980775 26.93961448798134 28.825273125341702 39.176014387064804 53.26663145208417 68.83762154299716 85.08003551671355 75.7611625382151 58.75878590205103 42.00177312110631 25.969517189510498 13.54236145984649 17.061305280638173 31.583121678604037 47.98553808349906 64.85709682418707 81.90840619159914 74.74404119981993 57.44748419425666 40.15555723065652 22.878760972713778 5.755017087329197 11.896063659517008 29.13118656000958 46.416045944087756 63.71017346280006 81.00763343736514 76.37399156525973 59.54327067455643 43.08744575147668 27.68333946473383 16.58068123558078 19.549503838743785 32.98726442483233 48.91675103587462 65.54578440557134 82.45218965266143 80.49034048948823 64.71595122649049 49.96321712952465 37.45932568178078 30.14611727902711 31.828995984078567 41.425727218604415 54.93456159539349 70.13009718774788 86.12412145945852 86.73976857983743 72.30811873095153 59.42932668790545 49.334875716330465 43.9854442811972 45.10224950741838 52.27246663380247 63.47686886266207 76.97349705182272 91.75636147507649 94.70084105286706 81.64750630741553 70.44912043613164 62.11714053632869 57.902478538945964 58.698826120589494 64.32032842998723 73.67058032254475 85.53538130437785 99.01487665250943
8.068464377679797 15.48892082643879 27.601719183330037 34.01172803625131 61.24633398441203 32.65279404757549 13.713741045511373 57.98902054947097 42.971019070332616 57.21677570523091 79.04256826366296 86.77940496559711 32.38925011394143 18.26596758807497 0.0 25.76295224641123 24.979919968331785 37.38030654169209 20.740481441990003 41.48778046487842 13.996755608623884 15.632310778925255 38.821748884362506 65.9206320827384 56.45391372821956 31.809639676703434 21.190555747762563 62.25448955438335 42.52799700993503 16.117766715547916 16.43566826211062 71.40856865957595 41.94657623965849 11.400310536067108 4.629118898431101 26.696661185899163 69.71427801393762 19.926474637545052 19.741444490954244 43.68908892468023 83.94455073554995 72.70130667968763 64.2103479106883 59.658645274794765 59.95027543444665 65.02010062074889 73.89105383005041 85.38652457271021 98.59272646546466 112.91097925164873 74.55321441742795 61.674816926071045 51.45957540244846 45.7285070092282 46.182338626335216 52.66140943527301 63.34306024629673 76.48637861635619 91.03127232420907 106.40452322379973 66.86353397347352 52.16615502322457 39.63069696871427 31.915284934227103 32.638742937701544 41.36059146802865 54.35824105412476 69.26504942779188 85.08339809685332 101.38752905955926 61.517105600477876 45.14498316056862 29.84119480695269 18.483411219042754 19.786062087561657 32.249840238790966 47.826021345784504 64.29087509075289 81.10497581470571 98.08888705475292 59.15283492228226 41.88171580549431 24.653841869753133 7.762685084648437 10.555576780367232 27.59156906134732 44.83171562661828 62.106234223643575 79.39269168830928 96.68468450712768 60.123597985091166 43.235837288856686 26.880126817103918 13.208247786339127 15.002913107689796 29.570762487597044 46.07044157292873 63.00201726603301 80.09204562677766 97.25703247573595 64.27845749085839 48.82464932010909 35.138058621195896 26.157798927748537 27.064519661027695 37.141035296258686 51.23607400955183 66.85450288160712 83.14219343826228 99.77191289322185 71.0610280100056 57.42470758011173 46.30583586739304 39.86941040540676 40.41800827345341 47.71128750651313 59.31125166640627 73.19828036791743 88.2998186812746 104.08858614195343 79.80402725817736 67.90122651453972 58.746659735420515 53.76302791375118 54.11521027781608 59.708864240884445 69.2859338317666 81.45325320239282 95.22302221429644 109.99506867909612 89.93742543982184 79.51582361430043 71.80169401656721 67.7265950034734 67.94844682943416 72.42777458230965 80.4566031091735 91.10125567206309 103.55821519331168 117.2512704849183
