0.0 37.029491807829594 11.734015245916654 39.61351859981182 40.77386707029121 18.606930850800854 58.96970441490879 14.203918522312797 72.13181269164278 59.381236448575685 42.83078789480758 61.03213441302946 44.16811437396464 67.4810155385926 32.12358722496459 32.77647175472577 24.90361766480409 50.51182848209454 59.79936153505896 49.88990560712193 7.570321800761169 35.5577590788074 14.994112884830093 39.32369003178485 47.34114810304677 33.80855588762409 38.794371167465684 12.390660620912334 76.94495557469118 59.80345437453407 35.8726058097717 58.81190143229774 47.87253166620645 47.359661479459426 34.45188528002773 16.45574753004881 24.625571372468347 45.239240930767636 30.444676523257574 50.3617180927265 17.102843472636447 33.12730213493496 7.051613400629993 10.016946442269544 35.103648943719456 40.1131215020654 28.801875097392237 75.98064515286764
37.029491807829594 0.0 33.70400056848063 59.1796136738988 33.24738650069392 33.46283190726291 30.983161792301676 22.95330147823876 76.84746208965058 66.17811715604556 50.691839964879954 36.40112194825309 17.59806234318455 73.5727432388319 47.44629054261153 27.991627114394056 55.944503082496354 60.0764308657733 64.14916473683479 45.46051824713833 29.58165389336454 11.290980452385764 31.222569413934867 57.482420580259785 37.71439208001738 32.93318336914499 27.47741351058279 24.836445113672784 85.46694264660093 65.75699839317784 39.955162484977414 34.55818083665314 22.881139187615506 42.77875027009511 48.62634251239585 53.45604150768822 50.124613152383574 51.67337211089234 33.431410109697154 58.18677196294344 34.290570355443364 22.476892173807904 38.35075790237913 27.727418093067016 61.201480337949505 16.21332232071847 21.33919794236055 80.81254751412312
11.734015245916654 33.70400056848063 0.0 30.9701820674894 29.54410506346067 6.873324109688372 60.458847062673115 12.864265593391988 61.09650119226384 48.40908539702369 31.562878388707222 63.74200964720429 45.208816213805555 56.55853187046519 21.665700919358347 21.899673884392534 22.30137855720147 39.7436227619284 48.53340908156186 38.18662316223882 12.059571248770306 35.926946587451184 3.8190797161001284 30.17357056776838 36.01963055488321 22.314847195598432 28.277184794638437 11.380905569257733 66.55029777692936 48.72668107654315 24.147765398763212 61.55162067412875 49.740190478675395 35.688876662501315 23.87696090001451 23.426895677210258 17.826817168679767 33.879762894275444 18.820482218186275 39.3191856289575 26.427715121996222 23.389225481069207 18.51990956406924 8.62663729628519 29.271524073107614 32.15011621497122 19.466213114983486 65.01019703795436
39.61351859981182 59.1796136738988 30.9701820674894 0.0 34.45015247918038 27.095273459471315 89.0528609804258 43.23187512459383 36.66448859538539 24.81960393153202 16.46437610091204 93.18324389175065 73.99958296127731 31.74916726591881 11.808177019649486 33.56098091560054 20.799064565933477 16.457877330876244 27.356822229487786 32.15423716312857 42.827131830244376 64.73191761401354 30.90038340865493 2.366495433156857 37.20582122178413 29.099881826942678 38.39399988888773 42.053270223855726 38.77919119861806 25.87299841544049 22.72595486664592 91.05576241843244 78.95503238673092 31.73265944377313 11.159833507179778 38.722651652882114 15.341992557321978 18.434915050691927 26.849311421273473 18.296739746887123 56.471317880082545 39.041501076194926 46.417351738711055 39.54607769195051 10.741152043310365 49.74424564382878 38.32576995244346 39.93607230127929
40.77386707029121 33.24738650069392 29.54410506346067 34.45015247918038 0.0 23.158988182982835 63.952889634494355 32.16913510982782 43.63801486576195 33.525876723358614 20.408196444151763 69.62263922768913 50.750764270455086 40.54264714121081 23.99509212436784 8.307231628914828 43.05315478053854 28.89287818209531 31.10484910185832 12.374622882983463 37.50653547571321 42.93605863385152 25.895653673644393 32.168779674820485 6.6146679832032005 7.645995472264473 5.8263138928992735 32.626169553891955 52.567927040589005 32.936821627789705 11.799202774755516 67.8023019106472 56.06017647765388 9.596836676520384 23.611385402344084 52.09750344418968 34.16996254362184 20.395368402950314 11.470059037119652 26.505085005229 51.01454052304283 11.523564623273032 46.7740071614146 32.66903082422842 41.45998051708241 18.536078723824872 15.025295836601314 47.585281173730394
18.606930850800854 33.46283190726291 6.873324109688372 27.095273459471315 23.158988182982835 0.0 62.25910525540192 16.427120774236503 54.807042680645104 42.216120273415946 25.200440049657953 66.16314428930546 47.09429866211129 50.37346866110668 16.433602574596197 16.039693866817593 23.611385402344148 33.78692087798687 42.087799734514554 31.333257309924367 17.987837060679624 37.78144543942546 4.348710281191001 25.882855997805557 29.503932894382814 15.71552156679441 22.617765242411714 15.537342705752351 60.74092546589884 42.44315686156285 17.29285406286599 64.02060038912221 51.958843969331554 28.863267182560946 18.4134630893485 29.024844189853237 16.7263663813429 27.407523719367695 12.085789791402213 33.11639667535913 32.58308131889279 18.699774923893013 25.34137056326544 13.629611779245554 27.748716485244067 28.62760904891464 15.498902800443071 58.76211801752537
58.96970441490879 30.983161792301676 60.458847062673115 89.0528609804258 63.952889634494355 62.25910525540192 0.0 47.70877738950408 107.58188596585579 97.13278135152493 81.62436247461542 6.989412811739859 15.252328686132781 104.44393475836392 77.5548671166065 58.97014587883927 82.24145536525356 91.02936612512664 95.0075932301569 75.925096989487 51.81635389205194 24.567592856626735 59.06468981879399 87.54610885801411 67.80661471324268 63.90000744925064 58.13088320536699 49.40090318349915 116.38995378257388 96.68405620854372 70.88111305657252 6.511531737818789 11.111734579498433 73.34385712699117 78.95503238673092 74.39811267086606 78.14135878090414 82.65038270812596 64.2099548589845 89.16656363628258 47.23252655060805 53.45155744285647 56.75442679397707 52.47532863078858 89.56593273535013 45.86299961569916 52.16157747290403 111.5112289966222
14.203918522312797 22.95330147823876 12.864265593391988 43.23187512459383 32.16913510982782 16.427120774236503 47.70877738950408 0.0 70.25416899070878 57.91378385029082 40.842625054269334 50.88062988065017 32.48104676400772 66.02571859631877 32.8606957523596 23.888083705196077 34.60616323617991 49.83052620195812 57.31197581008763 43.31453652061161 7.182177401903802 23.277132775891026 12.347361458016989 42.17857885350625 38.690861838679275 26.766110480705386 28.624534924005975 1.8916235785293427 76.79231259730376 57.9933048264197 31.38923854642242 48.688747096200075 36.912478819529255 40.523855352594815 34.81504673458252 30.54020923879791 30.688462165222727 42.79316753154168 24.510774273440287 48.88628007064176 18.851495375178818 22.154375788425256 17.073261516813936 4.943371993321724 42.13526850225888 26.94034210739471 17.77644722783935 74.26213350904364
72.13181269164278 76.84746208965058 61.09650119226384 36.66448859538539 43.63801486576195 54.807042680645104 107.58188596585579 70.25416899070878 0.0 12.75998309440618 29.606821165231427 113.24432325604154 94.25247995109345 4.917152278550008 40.11783041470811 49.52586655840903 57.4137932152341 21.765323562010813 13.018312334959164 31.807554327303297 72.79320802220239 86.06491209234082 59.139234104408175 35.56820154558743 40.23424873236673 44.99755326055676 49.45412026866781 69.83544456288602 10.659850565214665 12.371876830335218 39.04278033198067 111.40245187346326 99.56462131282677 34.2760646674438 37.76076279936228 74.84412765636411 50.696899126141915 27.486771966410487 46.14580666293297 21.7885222291251 87.38209802370558 54.57651226837531 79.18056593559575 68.35577722419539 46.90670832904888 61.882159381439905 56.89658012345866 4.032240553607396
59.381236448575685 66.17811715604556 48.40908539702369 24.81960393153202 33.525876723358614 42.216120273415946 97.13278135152493 57.91378385029082 12.75998309440618 0.0 17.081985601409297 102.50483627221011 83.29865800815492 8.158208597434577 27.35980157061466 38.33032638576584 45.28205192681583 9.064090151129804 4.249749442304241 23.073208892968275 60.182187935595735 74.80128852694655 46.56037681061704 23.42764421836191 31.524163696692664 33.553028305085085 39.30305275892063 57.406548354562254 19.351965689621114 1.4495790698549216 27.09817578627138 100.58741390278108 88.5922217683619 24.967250390037325 25.001813627313563 62.35036110131838 38.17051273871678 15.190233578583856 34.21960752755365 9.101950175008364 74.75276373400526 43.705501572092416 66.4312746319476 55.81380714509036 35.42566169958978 52.06155602871741 45.53556209563948 16.609822900150288
42.83078789480758 50.691839964879954 31.562878388707222 16.46437610091204 20.408196444151763 25.200440049657953 81.62436247461542 40.842625054269334 29.606821165231427 17.081985601409297 0.0 86.65183862415346 67.31671580833455 25.22076246509678 11.865358496058116 22.770451966245982 32.77735553230141 9.438136765841897 16.98108370985435 15.717289018191856 43.18743713301794 58.53871146919101 29.532898252537223 14.12806828448073 21.568603574301275 17.79373881974472 25.52738322019748 40.32459824125457 36.06429268695627 17.2473925175515 10.743335345911031 84.6634435453812 72.56004636824647 15.54773707267112 9.67328188024569 47.8369264143991 24.273166302135827 2.615538481325486 17.627803266564722 8.05445419993339 57.77909266816538 28.452263923146457 49.84826404631701 38.761157742055566 26.176218846384565 38.11787548284169 29.491671782414723 33.567974430286824
61.03213441302946 36.40112194825309 63.74200964720429 93.18324389175065 69.62263922768913 66.16314428930546 6.989412811739859 50.88062988065017 113.24432325604154 102.50483627221011 86.65183862415346 0.0 19.36284165222082 109.9627494034325 81.88523324691594 64.19855939652004 85.02394649283623 96.08594390334946 100.54451837087606 81.74846540559344 54.21864530331319 28.47901743884822 62.705409429717285 91.79232090728995 73.77276473377145 69.06418507312543 63.82678070268989 52.454089331928195 121.82387988085377 102.11791974753243 75.92638907685533 2.2207272704888794 14.239456313346707 79.11009598375063 83.41075415528636 75.80550802709783 81.5544653400992 87.81216178475242 69.09523106431375 94.33665540837615 47.79601817614041 58.81471126067663 58.059136528801574 55.45261470880291 93.00467217649168 51.84688451342285 57.171346969221815 117.20392023574986
44.16811437396464 17.59806234318455 45.208816213805555 73.99958296127731 50.750764270455086 47.09429866211129 15.252328686132781 32.48104676400772 94.25247995109345 83.29865800815492 67.31671580833455 19.36284165222082 0.0 90.84902189851056 62.60738999810895 44.96840414794489 67.05331445143206 76.75362550536371 81.45707832416714 63.02092864612828 36.85791060982377 9.329414755617371 43.83271035502877 72.55327300402388 55.31190513423911 49.79182252051085 45.02015678526607 34.194104535977516 102.6398743971556 82.95134074819858 56.60255210395759 17.347394795561783 5.312596020237874 60.3161765156073 64.09342062879487 59.978133427540726 62.89207474541399 68.51733222973395 49.7419812611283 75.04017455313233 34.11731501687934 39.693258798969026 42.58673160883379 37.280293601732545 74.32035257196533 33.66264124720789 37.85889728404726 98.23719589780839
67.4810155385926 73.5727432388319 56.55853187046519 31.74916726591881 40.54264714121081 50.37346866110668 104.44393475836392 66.02571859631877 4.917152278550008 8.158208597434577 25.22076246509678 109.9627494034325 90.84902189851056 0.0 35.40328347260463 45.94067346921098 52.496735993585254 17.004352387885426 9.439296826945116 29.190793922472782 68.34038628322652 82.49229807770678 54.717154922536956 30.65409757129693 37.72026468772487 41.27418014131649 46.36698791986191 65.54063496183588 12.10880533817005 8.060908916177336 35.03724951756334 108.08102656006638 96.15488479298874 31.455618773948117 33.0541340436565 69.95224596622838 45.817975982395275 23.246500717791953 42.16449017001662 17.26012888333993 82.91013442456568 51.16466807479271 74.53247431735424 63.96763879834295 42.01890499949145 58.98544870415178 53.241260796611144 8.512924519708035
32.12358722496459 47.44629054261153 21.665700919358347 11.808177019649486 23.99509212436784 16.433602574596197 77.5548671166065 32.8606957523596 40.11783041470811 27.35980157061466 11.865358496058116 81.88523324691594 62.60738999810895 35.40328347260463 0.0 21.96444111820991 21.42295356481122 18.405827095915267 28.212768604201127 24.998829789846877 33.708723845719526 53.40635838904899 20.626274059022936 10.037542823151778 27.95379923542575 17.78005618512964 27.23480804487151 31.929455143367356 44.941945674311036 27.886666868663024 12.310528455084427 79.78514012754822 67.64584097968216 23.699599906635022 2.3624493244055897 35.98037584103321 12.590421886108198 14.479876321789915 15.17511527282396 18.495336148724398 48.05590193153689 27.330414524327363 39.17228958085736 29.790791259579773 17.482075448896516 38.093326311314044 26.517876592245948 43.914197070262084
32.77647175472577 27.991627114394056 21.899673884392534 33.56098091560054 8.307231628914828 16.039693866817593 58.97014587883927 23.888083705196077 49.52586655840903 38.33032638576584 22.770451966245982 64.19855939652004 44.96840414794489 45.94067346921098 21.96444111820991 0.0 38.05578336474743 32.107222851872976 36.602770834111276 19.80826381451549 29.225467245108895 36.55903011720528 18.13412585215059 31.50856205165691 14.897213803359444 4.9791461865507 6.605516680977095 24.319706138609458 57.6741563874491 37.999107383113966 12.108422642730496 62.266034378049895 50.262383394626944 16.965940662478854 22.418274230750757 45.0056599096078 29.665124082052262 23.681745160427738 6.8176029902557005 30.19641777081535 42.72318558898 5.72465434068535 38.595664068099595 24.400529163532017 38.62733240739223 16.188581673905816 7.418538881886027 53.543430877231174
24.90361766480409 55.944503082496354 22.30137855720147 20.799064565933477 43.05315478053854 23.611385402344148 82.24145536525356 34.60616323617991 57.4137932152341 45.28205192681583 32.77735553230141 85.02394649283623 67.05331445143206 52.496735993585254 21.42295356481122 38.05578336474743 0.0 36.45966568237943 47.32767140408726 46.30836284787374 30.898702118966785 57.882835144415466 24.815787441841753 21.87899315851542 48.18458424334287 35.6230102578503 44.50138447047638 32.86187439714449 59.330588723114175 46.20994765734412 32.54388081232028 82.80912922637363 71.32242531378951 44.78715832451945 23.266213463805887 18.445545213757274 9.055917082996771 35.34187830472751 31.946890525025935 37.669319179352186 41.63785599566306 41.883702463284926 30.401945172328723 29.77308549692373 11.941021067431944 52.173510875212216 39.057183739570625 60.730863739667704
50.51182848209454 60.0764308657733 39.7436227619284 16.457877330876244 28.89287818209531 33.78692087798687 91.02936612512664 49.83052620195812 21.765323562010813 9.064090151129804 9.438136765841897 96.08594390334946 76.75362550536371 17.004352387885426 18.405827095915267 32.107222851872976 36.45966568237943 0.0 10.935984194776202 21.083351726163645 51.64795900047753 67.97238964223924 38.13243489529122 14.778109806485775 28.646881263431048 27.146293077703156 34.34990400280704 49.18957035259822 26.97296658759787 9.812279144084448 20.163411063241963 94.10000965412924 81.99807942036439 22.038726937841115 16.063357110250784 53.3165032905067 29.137448774157605 8.558898783313383 27.058416500035907 2.851690357656111 66.1595446276593 37.746227621515544 57.5630138356288 47.41609071559806 27.19813034172749 47.09660752535681 38.919712288964476 25.51723859325894
59.79936153505896 64.14916473683479 48.53340908156186 27.356822229487786 31.10484910185832 42.087799734514554 95.0075932301569 57.31197581008763 13.018312334959164 4.249749442304241 16.98108370985435 100.54451837087606 81.45707832416714 9.439296826945116 28.212768604201127 36.602770834111276 47.32767140408726 10.935984194776202 0.0 19.92652792910901 60.06448937552333 73.16139314034235 46.39319636184705 25.714092279705554 28.459208979332125 32.01229142973884 36.92856041696643 56.93989047977241 21.488848734204556 2.853129862647566 26.035724676483998 98.67057552876342 86.76551867524117 22.086387348382146 25.861040733345856 63.85333421072822 39.73809481090262 14.680342739085129 33.13111122554406 9.807721508390378 74.66275534944839 41.76475594308472 66.82350923452181 55.55165888080398 38.084543030162635 49.56228187707949 43.94370539165331 17.05019687068541
49.88990560712193 45.46051824713833 38.18662316223882 32.15423716312857 12.374622882983463 31.333257309924367 75.925096989487 43.31453652061161 31.807554327303297 23.073208892968275 15.717289018191856 81.74846540559344 63.02092864612828 29.190793922472782 24.998829789846877 19.80826381451549 46.30836284787374 21.083351726163645 19.92652792910901 0.0 47.85502999620095 55.3045412304549 34.976391694823974 29.802532108020156 8.535679176945068 16.605666733451706 18.00396846059019 43.490470258169815 41.2992195433095 22.193851872444306 14.590537372336085 79.96936708045727 68.32325304992345 2.8456963447377195 23.506365730758414 58.75439627741413 37.3023079202141 14.13049196634154 19.521185964217782 18.273440711687876 61.96236967838301 23.864375601655965 56.424170423081904 43.00821527264411 41.44054436888365 30.113265022505473 27.06876150293304 35.66622783709208
7.570321800761169 29.58165389336454 12.059571248770306 42.827131830244376 37.50653547571321 17.987837060679624 51.81635389205194 7.182177401903802 72.79320802220239 60.182187935595735 43.18743713301794 54.21864530331319 36.85791060982377 68.34038628322652 33.708723845719526 29.225467245108895 30.898702118966785 51.64795900047753 60.06448937552333 47.85502999620095 0.0 28.09374667304698 13.671455358945732 42.14470106399182 44.11531974496748 31.290720419848032 34.60749120760648 5.656952911631512 78.52998353535175 60.42706789039119 34.779710188162845 51.99947328504389 40.76304893666947 45.155840780289104 35.89492150952346 24.00545170660802 28.787764914450246 45.38634000630973 28.440383933500367 51.080260039729986 14.598288989196917 28.401745840075378 10.004239249516312 4.860147158094732 39.9563451114595 34.01895848242102 23.97436137475108 76.74394377144051
35.5577590788074 11.290980452385764 35.926946587451184 64.73191761401354 42.93605863385152 37.78144543942546 24.567592856626735 23.277132775891026 86.06491209234082 74.80128852694655 58.53871146919101 28.47901743884822 9.329414755617371 82.49229807770678 53.40635838904899 36.55903011720528 57.882835144415466 67.97238964223924 73.16139314034235 55.3045412304549 28.09374667304698 0.0 34.50388212897924 63.318621550179536 48.00068576473937 41.25032261797352 37.371448880253766 25.03387001852577 94.15218464107424 74.52454523859271 47.88666784796565 26.38340900980981 14.23956153956291 52.531172521441455 54.94458969202836 51.69502392453976 53.57509406028863 59.859241891524924 40.914280886318856 66.36587634049576 27.722836254430486 31.571129255117356 34.74951116154583 28.13565626498994 64.99834523551573 27.19572437122779 29.267233498758088 90.07501377448587
14.994112884830093 31.222569413934867 3.8190797161001284 30.90038340865493 25.895653673644393 4.348710281191001 59.06468981879399 12.347361458016989 59.139234104408175 46.56037681061704 29.532898252537223 62.705409429717285 43.83271035502877 54.717154922536956 20.626274059022936 18.13412585215059 24.815787441841753 38.13243489529122 46.39319636184705 34.976391694823974 13.671455358945732 34.50388212897924 0.0 29.831617522980455 32.418953288856784 18.817102441180392 24.473389104335897 11.30823604399374 65.08156975752783 46.778817185326226 21.302281368362838 60.54051897017632 48.563908723392345 32.40500786346618 22.67117326326873 27.233872948778956 19.16188722475137 31.71570242290607 15.47740319737572 37.46169247970455 28.2696058971247 19.58962674115965 21.455320363106676 9.284008113693842 30.527485760143968 28.55607961226359 15.731226612308985 63.09890930029808
39.32369003178485 57.482420580259785 30.17357056776838 2.366495433156857 32.168779674820485 25.882855997805557 87.54610885801411 42.17857885350625 35.56820154558743 23.42764421836191 14.12806828448073 91.79232090728995 72.55327300402388 30.65409757129693 10.037542823151778 31.50856205165691 21.87899315851542 14.778109806485775 25.714092279705554 29.802532108020156 42.14470106399182 63.318621550179536 29.831617522980455 0.0 34.849914386818035 26.969507697050158 36.204853988723904 41.07654494801489 38.30319861427952 24.401784580878775 20.482767772175112 89.67867852821941 77.5549896006112 29.366652268726153 9.097574583257105 39.42035619729 15.56196012740958 16.15046248020244 24.85348419362492 16.40387076010849 56.01769650220059 37.04329132681268 46.219180934754455 38.67208239101272 12.626549087632128 47.69700870244212 36.4881132927349 38.96749288124491
47.34114810304677 37.71439208001738 36.01963055488321 37.20582122178413 6.6146679832032005 29.503932894382814 67.80661471324268 38.690861838679275 40.23424873236673 31.524163696692664 21.568603574301275 73.77276473377145 55.31190513423911 37.72026468772487 27.95379923542575 14.897213803359444 48.18458424334287 28.646881263431048 28.459208979332125 8.535679176945068 44.11531974496748 48.00068576473937 32.418953288856784 34.849914386818035 0.0 13.795219937751531 10.843519750190966 39.19613729802702 49.827375374968184 30.68944955072166 15.77440140241791 72.04898030549246 60.58555032634622 6.672234607625244 27.083446603095066 58.27223444554387 39.166416019349164 20.739425306056486 17.53588294453874 25.956046590217994 57.54235419313335 17.377107292005178 53.38300306718852 39.28081842716136 45.32024308156249 21.94708904200081 21.277216119497226 44.04328629859995
33.80855588762409 32.93318336914499 22.314847195598432 29.099881826942678 7.645995472264473 15.71552156679441 63.90000744925064 26.766110480705386 44.99755326055676 33.553028305085085 17.79373881974472 69.06418507312543 49.79182252051085 41.27418014131649 17.78005618512964 4.9791461865507 35.6230102578503 27.146293077703156 32.01229142973884 16.605666733451706 31.290720419848032 41.25032261797352 18.817102441180392 26.969507697050158 13.795219937751531 0.0 9.472477073457634 26.891214148741085 52.904916137705534 33.28128024789962 7.140626165253179 67.11363585121354 55.07289056447049 13.871149840950602 17.94593413650601 44.521217511014065 26.858343228532085 18.758413639501903 3.8240667535357518 25.281196409264492 45.358308057332856 10.68790367428159 40.10488334630242 26.43516603066243 34.9309378025903 20.872617645789727 11.983164178184465 49.02606604751741
38.794371167465684 27.47741351058279 28.277184794638437 38.39399988888773 5.8263138928992735 22.617765242411714 58.13088320536699 28.624534924005975 49.45412026866781 39.30305275892063 25.52738322019748 63.82678070268989 45.02015678526607 46.36698791986191 27.23480804487151 6.605516680977095 44.50138447047638 34.34990400280704 36.92856041696643 18.00396846059019 34.60749120760648 37.371448880253766 24.473389104335897 36.204853988723904 10.843519750190966 9.472477073457634 0.0 29.358356975731947 58.385240626944835 38.73793844745392 15.80582346163127 62.01913486566488 50.3246534296861 15.301666865515582 27.28474665204632 51.520979698436555 35.959735623283464 25.798303568376163 12.705050799645964 32.064134858698424 47.393513817708566 6.6523789132363 44.2791409672954 29.896504604371078 44.38988751174554 12.803518765415477 10.866607659057248 53.394530184094464
12.390660620912334 24.836445113672784 11.380905569257733 42.053270223855726 32.626169553891955 15.537342705752351 49.40090318349915 1.8916235785293427 69.83544456288602 57.406548354562254 40.32459824125457 52.454089331928195 34.194104535977516 65.54063496183588 31.929455143367356 24.319706138609458 32.86187439714449 49.18957035259822 56.93989047977241 43.490470258169815 5.656952911631512 25.03387001852577 11.30823604399374 41.07654494801489 39.19613729802702 26.891214148741085 29.358356975731947 0.0 76.16253657723587 57.53188481235166 31.149430268720185 50.25523760957861 38.55199447513062 40.72754485193511 33.94754246577705 28.679077866598572 29.19043032130726 42.34993228174408 24.414158059607303 48.344488919776396 18.479123316244788 23.00651014895311 15.655314168539391 3.1066920079129745 40.62195614823389 28.364065811656225 18.58860778550465 73.83078937313111
76.94495557469118 85.46694264660093 66.55029777692936 38.77919119861806 52.567927040589005 60.74092546589884 116.38995378257388 76.79231259730376 10.659850565214665 19.351965689621114 36.06429268695627 121.82387988085377 102.6398743971556 12.10880533817005 44.941945674311036 57.6741563874491 59.330588723114175 26.97296658759787 21.488848734204556 41.2992195433095 78.52998353535175 94.15218464107424 65.08156975752783 38.30319861427952 49.827375374968184 52.904916137705534 58.385240626944835 76.16253657723587 0.0 19.70995368644317 46.38807816011098 119.91695536373966 107.93617186208533 43.55458337790286 42.683372540753446 77.4880766628329 53.86510154631003 34.41417487977598 53.49021974173909 28.024257272812157 92.97437643888283 63.0104964764133 83.96562082494684 74.36488690084626 47.90191958059404 71.04806024012045 64.88722238075904 8.57667260095785
59.80345437453407 65.75699839317784 48.72668107654315 25.87299841544049 32.936821627789705 42.44315686156285 96.68405620854372 57.9933048264197 12.371876830335218 1.4495790698549216 17.2473925175515 102.11791974753243 82.95134074819858 8.060908916177336 27.886666868663024 37.999107383113966 46.20994765734412 9.812279144084448 2.853129862647566 22.193851872444306 60.42706789039119 74.52454523859271 46.778817185326226 24.401784580878775 30.68944955072166 33.28128024789962 38.73793844745392 57.53188481235166 19.70995368644317 0.0 26.979661398388032 100.21614605341372 88.25157001730855 24.19261346465915 25.524342993208773 63.12098454849742 38.94470628705329 15.201580538612099 34.10734209117256 9.441871542151889 75.01345327584801 43.30332130378747 66.84850231543965 56.00745044074601 36.528082334881006 51.45921335052371 45.26030234884356 16.320589235015966
35.8726058097717 39.955162484977414 24.147765398763212 22.72595486664592 11.799202774755516 17.29285406286599 70.88111305657252 31.38923854642242 39.04278033198067 27.09817578627138 10.743335345911031 75.92638907685533 56.60255210395759 35.03724951756334 12.310528455084427 12.108422642730496 32.54388081232028 20.163411063241963 26.035724676483998 14.590537372336085 34.779710188162845 47.88666784796565 21.302281368362838 20.482767772175112 15.77440140241791 7.140626165253179 15.80582346163127 31.149430268720185 46.38807816011098 26.979661398388032 0.0 73.94654031106907 61.85684234524355 12.547377656448948 11.81221595720609 44.16754138114291 23.493822891814585 11.98907607608002 7.127782045360727 18.480644049232577 49.280275690380655 17.826664343750085 42.63247450229586 30.066816960256666 29.787605402005894 27.89046510060129 18.756799232474386 43.07060434207114
58.81190143229774 34.55818083665314 61.55162067412875 91.05576241843244 67.8023019106472 64.02060038912221 6.511531737818789 48.688747096200075 111.40245187346326 100.58741390278108 84.6634435453812 2.2207272704888794 17.347394795561783 108.08102656006638 79.78514012754822 62.266034378049895 82.80912922637363 94.10000965412924 98.67057552876342 79.96936708045727 51.99947328504389 26.38340900980981 60.54051897017632 89.67867852821941 72.04898030549246 67.11363585121354 62.01913486566488 50.25523760957861 119.91695536373966 100.21614605341372 73.94654031106907 0.0 12.154819491032429 77.31369496629279 81.32706966243641 73.60329848603453 79.36761700662174 85.85129647987745 67.08815379359821 92.375148451883 45.63219955585799 56.919334874348124 55.85734982854628 53.2491958577146 90.81748676251236 50.15144377278735 55.19778482535376 115.37012463930766
47.87253166620645 22.881139187615506 49.740190478675395 78.95503238673092 56.06017647765388 51.958843969331554 11.111734579498433 36.912478819529255 99.56462131282677 88.5922217683619 72.56004636824647 14.239456313346707 5.312596020237874 96.15488479298874 67.64584097968216 50.262383394626944 71.32242531378951 81.99807942036439 86.76551867524117 68.32325304992345 40.76304893666947 14.23956153956291 48.563908723392345 77.5549896006112 60.58555032634622 55.07289056447049 50.3246534296861 38.55199447513062 107.93617186208533 88.25157001730855 61.85684234524355 12.154819491032429 0.0 65.62256865583127 69.17647344882509 63.29698698273694 67.51218094937262 73.78593333158442 54.96675470529132 80.30712513428765 36.38168838485375 45.00283460535261 45.67618820713079 41.59916685589201 78.9588715571462 38.87394561570948 43.12594945973139 103.54966731900748
47.359661479459426 42.77875027009511 35.688876662501315 31.73265944377313 9.596836676520384 28.863267182560946 73.34385712699117 40.523855352594815 34.2760646674438 24.967250390037325 15.54773707267112 79.11009598375063 60.3161765156073 31.455618773948117 23.699599906635022 16.965940662478854 44.78715832451945 22.038726937841115 22.086387348382146 2.8456963447377195 45.155840780289104 52.531172521441455 32.40500786346618 29.366652268726153 6.672234607625244 13.871149840950602 15.301666865515582 40.72754485193511 43.55458337790286 24.19261346465915 12.547377656448948 77.31369496629279 65.62256865583127 0.0 22.41580218765066 56.64388731742109 35.74095266856878 14.384245171454433 16.92781768144383 19.31768576076952 59.20479042665955 21.050723750229572 53.82880520236655 40.30272978729827 40.578611968926744 27.608868294882413 24.22374814647547 38.177892017491246
34.45188528002773 48.62634251239585 23.87696090001451 11.159833507179778 23.611385402344084 18.4134630893485 78.95503238673092 34.81504673458252 37.76076279936228 25.001813627313563 9.67328188024569 83.41075415528636 64.09342062879487 33.0541340436565 2.3624493244055897 22.418274230750757 23.266213463805887 16.063357110250784 25.861040733345856 23.506365730758414 35.89492150952346 54.94458969202836 22.67117326326873 9.097574583257105 27.083446603095066 17.94593413650601 27.28474665204632 33.94754246577705 42.683372540753446 25.524342993208773 11.81221595720609 81.32706966243641 69.17647344882509 22.41580218765066 0.0 38.244572217382895 14.615254544624545 12.286102736033927 15.758533962433628 16.134370565898973 50.29317271313901 27.946210333606498 41.502362757763066 31.891957999889822 18.255270202436446 38.606502384887285 27.490429027352747 41.563694580636515
16.45574753004881 53.45604150768822 23.426895677210258 38.722651652882114 52.09750344418968 29.024844189853237 74.39811267086606 30.54020923879791 74.84412765636411 62.35036110131838 47.8369264143991 75.80550802709783 59.978133427540726 69.95224596622838 35.98037584103321 45.0056599096078 18.445545213757274 53.3165032905067 63.85333421072822 58.75439627741413 24.00545170660802 51.69502392453976 27.233872948778956 39.42035619729 58.27223444554387 44.521217511014065 51.520979698436555 28.679077866598572 77.4880766628329 63.12098454849742 44.16754138114291 73.60329848603453 63.29698698273694 56.64388731742109 38.244572217382895 0.0 24.180367317612973 50.44734302501187 40.740828882557224 54.04585842086443 28.577956666349323 46.81586816062389 17.7464619660559 25.98181313661099 30.37318249314314 55.19223260445994 42.8369373671456 78.34510857099178
24.625571372468347 50.124613152383574 17.826817168679767 15.341992557321978 34.16996254362184 16.7263663813429 78.14135878090414 30.688462165222727 50.696899126141915 38.17051273871678 24.273166302135827 81.5544653400992 62.89207474541399 45.817975982395275 12.590421886108198 29.665124082052262 9.055917082996771 29.137448774157605 39.73809481090262 37.3023079202141 28.787764914450246 53.57509406028863 19.16188722475137 15.56196012740958 39.166416019349164 26.858343228532085 35.959735623283464 29.19043032130726 53.86510154631003 38.94470628705329 23.493822891814585 79.36761700662174 67.51218094937262 35.74095266856878 14.615254544624545 24.180367317612973 0.0 26.878029671730072 23.2845433537965 29.94170330541764 41.68024266962341 33.93339491647054 31.255822047441644 26.318344128911246 11.450313949544594 44.52225641718904 31.572089679927114 54.24841204628832
45.239240930767636 51.67337211089234 33.879762894275444 18.434915050691927 20.395368402950314 27.407523719367695 82.65038270812596 42.79316753154168 27.486771966410487 15.190233578583856 2.615538481325486 87.81216178475242 68.51733222973395 23.246500717791953 14.479876321789915 23.681745160427738 35.34187830472751 8.558898783313383 14.680342739085129 14.13049196634154 45.38634000630973 59.859241891524924 31.71570242290607 16.15046248020244 20.739425306056486 18.758413639501903 25.798303568376163 42.34993228174408 34.41417487977598 15.201580538612099 11.98907607608002 85.85129647987745 73.78593333158442 14.384245171454433 12.286102736033927 50.44734302501187 26.878029671730072 0.0 19.076469118301564 6.524517620350427 59.98458317247781 29.271151399080335 52.23982959506876 40.892659619627274 28.442811916642633 38.53788662261572 30.660078493080327 31.481230052626774
30.444676523257574 33.431410109697154 18.820482218186275 26.849311421273473 11.470059037119652 12.085789791402213 64.2099548589845 24.510774273440287 46.14580666293297 34.21960752755365 17.627803266564722 69.09523106431375 49.7419812611283 42.16449017001662 15.17511527282396 6.8176029902557005 31.946890525025935 27.058416500035907 33.13111122554406 19.521185964217782 28.440383933500367 40.914280886318856 15.47740319737572 24.85348419362492 17.53588294453874 3.8240667535357518 12.705050799645964 24.414158059607303 53.49021974173909 34.10734209117256 7.127782045360727 67.08815379359821 54.96675470529132 16.92781768144383 15.758533962433628 40.740828882557224 23.2845433537965 19.076469118301564 0.0 25.526605140125852 42.757660193448615 12.193641845627146 36.90831964493582 23.626252768362498 31.85627982614833 22.920698862393795 12.092212167336607 50.17575250178523
50.3617180927265 58.18677196294344 39.3191856289575 18.296739746887123 26.505085005229 33.11639667535913 89.16656363628258 48.88628007064176 21.7885222291251 9.101950175008364 8.05445419993339 94.33665540837615 75.04017455313233 17.26012888333993 18.495336148724398 30.19641777081535 37.669319179352186 2.851690357656111 9.807721508390378 18.273440711687876 51.080260039729986 66.36587634049576 37.46169247970455 16.40387076010849 25.956046590217994 25.281196409264492 32.064134858698424 48.344488919776396 28.024257272812157 9.441871542151889 18.480644049232577 92.375148451883 80.30712513428765 19.31768576076952 16.134370565898973 54.04585842086443 29.94170330541764 6.524517620350427 25.526605140125852 0.0 65.65148304687305 35.76397126229217 57.40715053603043 46.72004056932448 28.997658121988156 44.85172193803578 37.18194196803908 25.69107649464174
17.102843472636447 34.290570355443364 26.427715121996222 56.471317880082545 51.01454052304283 32.58308131889279 47.23252655060805 18.851495375178818 87.38209802370558 74.75276373400526 57.77909266816538 47.79601817614041 34.11731501687934 82.91013442456568 48.05590193153689 42.72318558898 41.63785599566306 66.1595446276593 74.66275534944839 61.96236967838301 14.598288989196917 27.722836254430486 28.2696058971247 56.01769650220059 57.54235419313335 45.358308057332856 47.393513817708566 18.479123316244788 92.97437643888283 75.01345327584801 49.280275690380655 45.63219955585799 36.38168838485375 59.20479042665955 50.29317271313901 28.577956666349323 41.68024266962341 59.98458317247781 42.757660193448615 65.65148304687305 0.0 40.83742842119415 11.380905569257733 19.2140810319977 52.1861422437314 43.93019868662036 36.52693001919689 91.32683433323142
33.12730213493496 22.476892173807904 23.389225481069207 39.041501076194926 11.523564623273032 18.699774923893013 53.45155744285647 22.154375788425256 54.57651226837531 43.705501572092416 28.452263923146457 58.81471126067663 39.693258798969026 51.16466807479271 27.330414524327363 5.72465434068535 41.883702463284926 37.746227621515544 41.76475594308472 23.864375601655965 28.401745840075378 31.571129255117356 19.58962674115965 37.04329132681268 17.377107292005178 10.68790367428159 6.6523789132363 23.00651014895311 63.0104964764133 43.30332130378747 17.826664343750085 56.919334874348124 45.00283460535261 21.050723750229572 27.946210333606498 46.81586816062389 33.93339491647054 29.271151399080335 12.193641845627146 35.76397126229217 40.83742842119415 0.0 38.23238862752243 23.814088170612393 43.52724899224876 10.816739332656805 4.427523715090593 58.57169407022503
7.051613400629993 38.35075790237913 18.51990956406924 46.417351738711055 46.7740071614146 25.34137056326544 56.75442679397707 17.073261516813936 79.18056593559575 66.4312746319476 49.84826404631701 58.059136528801574 42.58673160883379 74.53247431735424 39.17228958085736 38.595664068099595 30.401945172328723 57.5630138356288 66.82350923452181 56.424170423081904 10.004239249516312 34.74951116154583 21.455320363106676 46.219180934754455 53.38300306718852 40.10488334630242 44.2791409672954 15.655314168539391 83.96562082494684 66.84850231543965 42.63247450229586 55.85734982854628 45.67618820713079 53.82880520236655 41.502362757763066 17.7464619660559 31.255822047441644 52.23982959506876 36.90831964493582 57.40715053603043 11.380905569257733 38.23238862752243 0.0 14.419216297497348 41.278586032606405 43.99741377311252 33.81498924035738 83.03166166680661
10.016946442269544 27.727418093067016 8.62663729628519 39.54607769195051 32.66903082422842 13.629611779245554 52.47532863078858 4.943371993321724 68.35577722419539 55.81380714509036 38.761157742055566 55.45261470880291 37.280293601732545 63.96763879834295 29.790791259579773 24.400529163532017 29.77308549692373 47.41609071559806 55.55165888080398 43.00821527264411 4.860147158094732 28.13565626498994 9.284008113693842 38.67208239101272 39.28081842716136 26.43516603066243 29.896504604371078 3.1066920079129745 74.36488690084626 56.00745044074601 30.066816960256666 53.2491958577146 41.59916685589201 40.30272978729827 31.891957999889822 25.98181313661099 26.318344128911246 40.892659619627274 23.626252768362498 46.72004056932448 19.2140810319977 23.814088170612393 14.419216297497348 0.0 37.72011189858157 30.149859169591736 19.399498720846704 72.32731400375947
35.103648943719456 61.201480337949505 29.271524073107614 10.741152043310365 41.45998051708241 27.748716485244067 89.56593273535013 42.13526850225888 46.90670832904888 35.42566169958978 26.176218846384565 93.00467217649168 74.32035257196533 42.01890499949145 17.482075448896516 38.62733240739223 11.941021067431944 27.19813034172749 38.084543030162635 41.44054436888365 39.9563451114595 64.99834523551573 30.527485760143968 12.626549087632128 45.32024308156249 34.9309378025903 44.38988751174554 40.62195614823389 47.90191958059404 36.528082334881006 29.787605402005894 90.81748676251236 78.9588715571462 40.578611968926744 18.255270202436446 30.37318249314314 11.450313949544594 28.442811916642633 31.85627982614833 28.997658121988156 52.1861422437314 43.52724899224876 41.278586032606405 37.72011189858157 0.0 54.32081204534417 41.76746398237598 49.97412053685416
40.1131215020654 16.21332232071847 32.15011621497122 49.74424564382878 18.536078723824872 28.62760904891464 45.86299961569916 26.94034210739471 61.882159381439905 52.06155602871741 38.11787548284169 51.84688451342285 33.66264124720789 58.98544870415178 38.093326311314044 16.188581673905816 52.173510875212216 47.09660752535681 49.56228187707949 30.113265022505473 34.01895848242102 27.19572437122779 28.55607961226359 47.69700870244212 21.94708904200081 20.872617645789727 12.803518765415477 28.364065811656225 71.04806024012045 51.45921335052371 27.89046510060129 50.15144377278735 38.87394561570948 27.608868294882413 38.606502384887285 55.19223260445994 44.52225641718904 38.53788662261572 22.920698862393795 44.85172193803578 43.93019868662036 10.816739332656805 43.99741377311252 30.149859169591736 54.32081204534417 0.0 13.129301975892353 65.76893874129033
