0.0 25.41695457251641 55.05414540105085 59.62336038270454 71.72069431918982 44.652471591591315 51.19855727493642 21.48238017749667 47.985188357547685 13.180313434839363 4.267839588471826 14.040260237220739 31.707714795503797 18.45378726324675 21.48416401125472 46.10716043316966 9.268116921618818 49.303593513041825 68.41592158180255 27.699832782871116 4.020534561917759 23.969992848376044 35.83057816908167 43.83185178085712 74.94758876497207 40.22877031874888 47.33066648764822 19.479268124922164 46.8311705986927 23.495520273007852 9.268010963318558 15.880759704323996 15.28702816633055 18.396566919253413 9.977815026170433 48.10704820299969 8.046157797242278 51.47447165134695 56.98162147021118 33.095196094162105 14.412466507970128 29.405352125594657 13.532169368523826 57.21424131642268 37.86024119952881 59.019233378551206 22.160640043828334
25.41695457251641 0.0 73.6104420633536 72.76859005465369 46.575907544200504 24.83677957990639 63.777038781405764 38.57640510829269 70.52502291811399 15.857392009065727 22.645787191910006 15.567830310964561 56.01806446189757 21.33919794236055 42.1211447078017 20.76600603957539 20.656244021733148 24.722967560492084 43.69139374900714 53.04315553504498 21.627134320252605 27.96364633376935 55.081499136094 62.30531385121241 49.689899951023506 21.88346387831246 60.97908599072869 37.88901569015044 68.91411051826499 9.982832741647199 32.20674565142662 15.14616595099198 11.149827347739857 42.887382260714624 33.4893975546348 22.694029156768437 22.396063607612483 26.556449033091575 31.936799938401954 58.15173487310716 23.601696106855613 24.773284920079607 14.671519634105177 32.03754223421552 55.67045064111229 47.316198317587755 39.68876262230028
55.05414540105085 73.6104420633536 0.0 17.845912571233054 111.03211221514958 77.49866637810253 93.66304214782498 68.66512665465987 17.27468963395691 67.61978313130288 59.30188815797452 58.17735510241992 31.248347692221977 52.6925724285203 33.5740104520513 90.03345414311147 64.31790509184503 89.57038178805615 115.79879648523541 46.497695379212416 58.44577436148342 78.25758101868975 19.244883351918393 11.397582918480605 114.77902537611872 73.24914632763442 89.31426466473395 66.22530314950332 15.500161579294023 65.33123073331129 45.79238081927816 58.4643190181794 63.036565555696754 39.67735265011139 45.23807004488605 93.22713481882481 63.036565555696754 92.44031975085889 103.80912952761813 35.79841625213261 69.09711894231282 84.45194898973855 67.58554378773492 103.48771129775344 17.95305233826987 71.49971513436111 34.2321704798861
59.62336038270454 72.76859005465369 17.845912571233054 0.0 104.0556959284125 70.7825354940589 104.48011453153157 77.02693952419224 34.17407522269381 70.61426402174193 63.57129534917952 58.46431901817939 44.03030736009852 51.51689736049564 39.490264384801186 86.01052048771946 68.44306224956064 84.20528569585655 111.9722869314385 58.82462127021897 62.23701652551409 83.59334157128646 27.105367014749714 20.672545414148576 107.82893352719732 67.11557261283221 100.14302821005933 74.55638687073443 31.965868243440884 63.333671823562426 50.96436304608991 58.1773551024199 63.478112856375496 48.373184017570274 50.904646789569696 89.4701636839691 67.57030471943403 87.1188308194161 100.21394965587103 49.429372078876504 74.02270676829816 88.29000385744173 70.26375225887611 99.65549425897973 23.538714524983632 59.52333843806133 37.47861119820183
71.72069431918982 46.575907544200504 111.03211221514958 104.0556959284125 0.0 33.57629477015044 104.06207206466792 83.73443563362379 112.56261178209965 61.99077262807322 69.20513118192784 59.41075592431193 100.54072395044699 61.15049216302546 84.77264608711255 25.893422480556364 67.03327291943567 22.723298293267955 21.461010936928997 99.41898819471237 68.08815393121448 69.75963971383362 95.08471622055532 100.75893715414671 3.7748007715436187 37.7913980374667 102.29825944563194 83.49541490177981 110.53390151134123 49.622079267338236 77.24255514636828 58.06839087814029 56.57104966932706 88.04573549896345 78.63838174571522 24.81438360537601 68.84060327058205 20.29840541581853 21.50834071479665 103.49704274592699 68.86482782605053 62.38303266359146 60.90729601824959 20.230147528217273 94.30495963579506 50.565182493856575 80.73578436380876
44.652471591591315 24.83677957990639 77.49866637810253 70.7825354940589 33.57629477015044 0.0 88.5507249336256 62.18369774366096 79.89976438858713 39.503846258032354 43.57524319157758 30.713370007882048 69.50263809712362 29.776261693686916 53.0081558007776 18.925604230832622 43.448336945861534 14.350424874507004 42.84579074593839 71.21537286139582 41.90079759626395 52.79580161522062 62.06643654716942 67.38112054625184 37.339838833594605 4.715650766739368 85.64898935242437 61.10251590646517 77.75147676547438 21.268294276481672 47.66540378622215 28.959415044239844 29.991320033965597 58.04058423657819 49.0997800804054 22.42754999276094 44.84539900677633 17.117566781443866 32.19664645449869 73.20937175626396 47.65219386357661 49.05909774734388 38.250180551991704 31.22745118070735 61.020272386246106 25.709857583305798 48.41436990672406
51.19855727493642 63.777038781405764 93.66304214782498 104.48011453153157 104.06207206466792 88.5507249336256 0.0 29.751164154059143 79.21949182866737 49.665755001605284 49.350169707754795 62.6818928770704 62.44824385588732 69.08579124122987 65.78891093013497 80.18316765282792 46.992951775520524 86.26073334017677 90.47381424168097 47.30036464104218 51.35451397021853 35.895630769933824 77.44619733303907 84.71365727851254 106.07818109197437 85.18486502970697 4.35539226996558 31.92452830389392 79.71986444437499 68.93988283692043 56.619420343129825 64.45367022529939 60.60029097851632 56.186816766799154 56.041000508105924 79.95836851298893 46.28036614102159 87.08534840662902 83.30488565583194 58.45597623158155 41.57844822563581 41.82702305699753 50.888831465080735 84.34888545390665 80.94213106642438 108.35486840106005 69.50080535128237
21.48238017749667 38.57640510829269 68.66512665465987 77.02693952419224 83.73443563362379 62.18369774366096 29.751164154059143 0.0 56.96123582642132 22.835647213901137 20.03033432193503 33.77623245634373 39.017119090937456 39.636324781466094 37.576650448660985 58.07766923092299 18.788443392015605 63.0464332865665 75.0959458587911 26.43645353616831 22.02492163288026 16.26927381426981 50.67176590631751 58.485282077320505 86.43457739237525 58.27223444554396 25.848442758938674 2.4741913434089327 56.72480315547413 41.33653684403275 27.23330882327299 35.62117764628772 32.59134445609688 29.127753785477875 26.83297477267077 58.92982747478987 17.59012131498383 64.55313939724395 65.2857356817698 37.00893264549131 15.031421299134907 25.36013932971864 24.074308399548322 65.96157446094908 53.7353308288938 79.66940146196407 40.56725866880193
47.985188357547685 70.52502291811399 17.27468963395691 34.17407522269381 112.56261178209965 79.89976438858713 79.21949182866737 56.96123582642132 0.0 61.15987228569019 52.16920024989065 55.0994569216965 17.953787167439195 51.59534592492582 28.44172700818782 89.27247994918777 56.96123582642132 90.13873610034923 114.09440992320249 32.10831019665906 51.86277143433208 68.99954867182493 18.203177180290723 16.431923944755233 116.19735254634215 75.30173169885884 74.92583439311692 54.65935421347414 2.5675896355614922 63.89566759785906 39.14455232009316 55.92253074253155 59.40015062398514 30.03490008113513 38.1386748285851 92.09109450500304 55.36306576610369 92.86208890029913 102.18222882514297 20.819722251751138 60.66537712990209 76.3644915260017 61.43738260193311 102.10111263407087 20.491711083911525 79.35591583829566 31.856630092432468
13.180313434839363 15.857392009065727 67.61978313130288 70.61426402174193 61.99077262807322 39.503846258032354 49.665755001605284 22.835647213901137 61.15987228569019 0.0 9.091740931860194 14.575118722775457 44.766695576934964 22.203771328831348 34.14841800560899 36.10280407759273 5.17521005072215 40.54117263821513 56.34229949762842 38.93829886780785 9.331385344224042 15.591494182186477 48.38488236603237 56.279241073393976 64.9408421496042 35.7857207283467 46.47423809473623 22.044766168192986 59.97742737829366 19.27413719900907 22.19177662067749 15.998055684557434 11.191988317996005 31.500759669333565 23.068599093211088 37.47487254738946 7.064636210031069 42.25578549280046 45.338364924999546 45.75095804675804 8.181283259542447 17.75987678775886 1.2537722428380789 45.74683543845209 50.039994707091736 58.86786011902363 33.80210514395828
4.267839588471826 22.645787191910006 59.30188815797452 63.57129534917952 69.20513118192784 43.57524319157758 49.350169707754795 20.03033432193503 52.16920024989065 9.091740931860194 0.0 13.830289770650218 35.67498432515788 19.73562626748509 25.728107567939595 43.40958244373859 5.01832604509907 47.05526959502737 64.96977063524437 30.524804418963647 2.0064422507376567 20.116199671878505 40.07045104737741 48.06091038182635 72.33564691491584 39.335005650362866 45.65566052922254 18.366362628505563 51.04981920197305 22.314847195598343 13.529236418570045 15.697467292689426 13.613287021804858 22.414691073175856 14.239820518159803 45.1929600426393 4.021549743800733 49.07902273812978 53.70337635651657 36.75150251406215 10.516868866874319 25.178854944272675 9.59529097303848 54.00733766999002 42.04052135111307 59.666789871202 26.18124691693995
14.040260237220739 15.567830310964561 58.17735510241992 58.46431901817939 59.41075592431193 30.713370007882048 62.6818928770704 33.77623245634373 55.0994569216965 14.575118722775457 13.830289770650218 0.0 41.328514907161626 7.75252988722754 26.65885116603062 34.61823480030311 15.751547145671243 36.706902892955 58.9953386859021 40.73955163550709 11.901113139772331 30.111980444238938 39.52716467059293 46.83209602776484 62.822561963604 26.228557050312894 59.13957495382775 32.18750219117609 53.42907840835 9.926736479730906 17.833322938360045 1.8755832741287124 5.018295906095761 28.635967093046062 19.234840660932846 37.19116716912324 16.41385659432191 39.14051033473015 47.09805847191224 44.087359975253705 21.601871315325837 31.64310193610938 13.687617063171837 47.05610620149528 40.224351556664004 45.8982214320823 24.13390554282636
31.707714795503797 56.01806446189757 31.248347692221977 44.03030736009852 100.54072395044699 69.50263809712362 62.44824385588732 39.017119090937456 17.953787167439195 44.766695576934964 35.67498432515788 41.328514907161626 0.0 39.804453128268726 16.820518717632037 75.93368710785731 40.193142680670064 77.82320632191316 99.64338496309611 15.261983455722932 35.71572318596067 51.309050548458124 17.902163885431417 23.38174945823605 104.02339027396236 64.78804315575366 58.105235684815575 36.707156688764556 17.77349966773748 50.942291935992436 23.811325630573748 42.53437723024761 44.947904261938405 13.320509065914301 22.543945709221077 78.40574870521147 38.47384250510681 80.35718280820818 87.95405195242827 5.757337913628554 43.32899911427183 58.97916292249839 45.215730500152205 88.04216871963241 21.87667267381323 74.43619472014646 22.18350161802111
18.45378726324675 21.33919794236055 52.6925724285203 51.51689736049564 61.15049216302546 29.776261693686916 69.08579124122987 39.636324781466094 51.59534592492582 22.203771328831348 19.73562626748509 7.75252988722754 39.804453128268726 0.0 23.63229541807009 37.8348967380674 22.709236366682887 38.582833340972066 63.25424841928361 42.09731431516903 17.73170027210674 37.61731756036805 34.80573437545313 41.54233792623563 64.73303157669241 25.063916401795503 65.37446327761585 37.788148431559584 49.684832927705564 12.660571931840039 18.365231356028712 6.872083135078271 12.431042779023642 28.347234711979134 19.771892992359824 40.83103788069769 23.01341119642769 41.27851732555641 51.25654583360246 43.434334708774976 28.760139772354485 39.39544842124768 21.37786507665662 51.020239770111885 34.877844646359726 40.65065531918657 19.765659954846445
21.48416401125472 42.1211447078017 33.5740104520513 39.490264384801186 84.77264608711255 53.0081558007776 65.78891093013497 37.576650448660985 28.44172700818782 34.14841800560899 25.728107567939595 26.65885116603062 16.820518717632037 23.63229541807009 0.0 60.94106639508712 30.744738553813193 62.156882586724166 85.6529130836197 24.60913253112674 24.90352967558636 44.98414313479743 14.347157912922885 22.361291511664668 88.34064541099693 48.306951776988505 61.51319319911267 35.11233365051152 26.79313498035619 35.58423671143593 12.235389788877374 27.497726291879914 31.030363088227453 10.252193465872534 11.798245570935915 63.69643267025808 29.48840686831911 64.80816282753698 73.74240012809622 21.45494394043245 35.64940196569199 50.88847659984476 34.19399416571648 73.67073591859177 16.61306729976345 57.968553178670184 5.635333493763308
46.10716043316966 20.76600603957539 90.03345414311147 86.01052048771946 25.893422480556364 18.925604230832622 80.18316765282792 58.07766923092299 89.27247994918777 36.10280407759273 43.40958244373859 34.61823480030311 75.93368710785731 37.8348967380674 60.94106639508712 0.0 41.1399721345879 6.909610814280978 25.98646523328876 73.78211104119822 42.37536739235528 44.86178749483353 72.62152646939589 79.11934540209788 28.93290426413398 20.396278908391313 78.01097579064032 57.73133379801899 87.4396362921951 25.377023366065465 52.26145432177787 33.525987516006154 31.20837138439791 63.066537813280924 53.61480169664025 3.611936417648262 42.94960266646058 6.928934114262983 14.240123844049492 78.47068368212211 43.11599772793792 38.44289839949736 35.01452912332846 13.646775811795477 72.48048751700364 44.33498380657401 57.55981946903249
9.268116921618818 20.656244021733148 64.31790509184503 68.44306224956064 67.03327291943567 43.448336945861534 46.992951775520524 18.788443392015605 56.96123582642132 5.17521005072215 5.01832604509907 15.751547145671243 40.193142680670064 22.709236366682887 30.744738553813193 41.1399721345879 0.0 45.377580561395874 61.48565094095818 33.80579887919051 6.216689984893574 15.526553039659515 45.088144825661 53.079205707977295 70.02135356832055 39.488829765682 43.53913340517252 17.660204525650034 55.90158529313892 22.55516521527559 18.53612761831076 17.48338212412001 13.848802804399533 27.048067704889537 19.205278148123927 42.59445505661866 1.8952942047862023 47.18308095181215 50.51251882694655 40.89653867312647 6.120125113142629 20.162564690618982 6.146202816052265 50.92184681215675 47.048700359096685 61.39743659688726 31.124937491805294
49.303593513041825 24.722967560492084 89.57038178805615 84.20528569585655 22.723298293267955 14.350424874507004 86.26073334017677 63.0464332865665 90.13873610034923 40.54117263821513 47.05526959502737 36.706902892955 77.82320632191316 38.582833340972066 62.156882586724166 6.909610814280978 45.377580561395874 0.0 28.515332085497732 76.95362841898876 45.80199128776169 50.635423594946346 72.92201007723298 78.9617816899094 26.211197282302738 17.17499356248722 83.93287490976974 62.5022642613992 88.17242140508131 26.89887593388913 54.54006225270877 35.34703946937618 34.05194670963726 65.33551651168251 55.94092532485946 9.434076665884543 47.10315701861389 2.9140671580045447 17.990791846359812 80.78564417508287 48.015141615339566 44.719802389483654 39.3759877559875 16.945476224821636 72.40408267821252 38.67603902550007 58.282106412651196
68.41592158180255 43.69139374900714 115.79879648523541 111.9722869314385 21.461010936928997 42.84579074593839 90.47381424168097 75.0959458587911 114.09440992320249 56.34229949762842 64.96977063524437 58.9953386859021 99.64338496309611 63.25424841928361 85.6529130836197 25.98646523328876 61.48565094095818 28.515332085497732 0.0 95.28043660057142 64.42971236453363 59.4049646861508 98.01326062714749 104.7639649431195 20.834254302255708 45.52362227703517 89.43298455250338 75.47345863382974 112.4006857219353 50.60390953203433 75.84880972639121 58.2138540672984 54.83617464291547 86.42532684550976 77.09963730388733 22.623391873532626 63.380758188096145 25.731547490410403 11.998432430899056 101.49503039138084 61.400582787153624 50.76623532007856 55.54632229517941 12.354634040406722 98.10443941092586 65.75070608278968 82.74944424660316
27.699832782871116 53.04315553504498 46.497695379212416 58.82462127021897 99.41898819471237 71.21537286139582 47.30036464104218 26.43645353616831 32.10831019665906 38.93829886780785 30.524804418963647 40.73955163550709 15.261983455722932 42.09731431516903 24.60913253112674 73.78211104119822 33.80579887919051 76.95362841898876 95.28043660057142 0.0 31.41611662876387 41.07106150885859 31.946942206042323 38.34002301101499 102.64535201042862 66.59590563825252 42.972413638371584 24.472385341379063 32.456326889226844 50.63125115398983 23.73567423425853 42.381131006204036 42.901758394149695 14.923344833603808 22.325421324354295 75.68556912215038 31.91263207773507 79.16240636973015 84.1752351139695 11.301275205032482 34.92471217897525 49.66835857106926 39.75070235486821 84.51021284127252 35.81383152970318 81.03396442986327 30.043343440212308
4.020534561917759 21.627134320252605 58.44577436148342 62.23701652551409 68.08815393121448 41.90079759626395 51.35451397021853 22.02492163288026 51.86277143433208 9.331385344224042 2.0064422507376567 11.901113139772331 35.71572318596067 17.73170027210674 24.90352967558636 42.37536739235528 6.216689984893574 45.80199128776169 64.42971236453363 31.41611662876387 0.0 21.664568525559126 39.200891147188656 47.14726039860942 71.26833491782655 37.607884627527284 47.66209915180879 20.33319019686536 50.65546993109071 20.633379759013245 12.8642421154625 13.773977847842199 12.043733575785463 22.399100868372308 13.74350114596387 44.28313020907852 5.683966185193649 47.89502833210297 53.03494137782591 37.10157208300058 12.108216707907527 26.22237921912589 9.580123789294198 53.288803863702874 41.0185941910093 57.69200577783266 24.974609185074875
23.969992848376044 27.96364633376935 78.25758101868975 83.59334157128646 69.75963971383362 52.79580161522062 35.895630769933824 16.26927381426981 68.99954867182493 15.591494182186477 20.116199671878505 30.111980444238938 51.309050548458124 37.61731756036805 44.98414313479743 44.86178749483353 15.526553039659515 50.635423594946346 59.4049646861508 41.07106150885859 21.664568525559126 0.0 59.22638423601839 67.26736621734632 72.1712323552356 49.63860894019922 33.332010767214136 17.327036530737303 68.31097541220815 34.15306417000518 32.8601065276797 31.583102464765897 26.68853970683163 39.201691794969925 33.18591474126376 45.08573904698603 16.09465821386238 51.67297033051418 50.21231924405702 50.55253688067199 9.60031649288459 9.091127126128473 16.61890853250981 51.02392763909156 61.564921634483404 73.9310618225927 46.125031724377784
35.83057816908167 55.081499136094 19.244883351918393 27.105367014749714 95.08471622055532 62.06643654716942 77.44619733303907 50.67176590631751 18.203177180290723 48.38488236603237 40.07045104737741 39.52716467059293 17.902163885431417 34.80573437545313 14.347157912922885 72.62152646939589 45.088144825661 72.92201007723298 98.01326062714749 31.946942206042323 39.200891147188656 59.22638423601839 0.0 8.041018680603061 98.76504305889297 57.53404808036791 73.10144548203043 48.20057669848533 15.861926444656493 47.41945899881522 26.580698807454795 40.00860055249648 44.25582719477887 21.602420818078087 26.084250562297417 75.63649638018389 43.83374136353079 75.71364722935951 86.02219351590784 23.62863203671302 49.961386890258225 65.23545448688871 48.368848669349255 85.81387455701655 3.9745251737144054 61.40557010928958 15.393576828140262
43.83185178085712 62.30531385121241 11.397582918480605 20.672545414148576 100.75893715414671 67.38112054625184 84.71365727851254 58.485282077320505 16.431923944755233 56.279241073393976 48.06091038182635 46.83209602776484 23.38174945823605 41.54233792623563 22.361291511664668 79.11934540209788 53.079205707977295 78.9617816899094 104.7639649431195 38.34002301101499 47.14726039860942 67.26736621734632 8.041018680603061 0.0 104.48105842024715 62.993876060831695 80.35974985635501 56.019970666889876 13.870644193883535 54.201811153415456 34.59601112641364 47.1646798158003 51.66860297223537 29.358729822804243 34.12031816672452 82.24858034356734 51.84780763358809 81.80397106010751 92.76625012561665 28.75789659097452 57.99599643929491 73.23583481136829 56.224203547423805 92.48686095947856 6.664709299041485 63.90976057566315 22.837499249590152
74.94758876497207 49.689899951023506 114.77902537611872 107.82893352719732 3.7748007715436187 37.339838833594605 106.07818109197437 86.43457739237525 116.19735254634215 64.9408421496042 72.33564691491584 62.822561963604 104.02339027396236 64.73303157669241 88.34064541099693 28.93290426413398 70.02135356832055 26.211197282302738 20.834254302255708 102.64535201042862 71.26833491782655 72.1712323552356 98.76504305889297 104.48105842024715 0.0 41.53220597968511 104.43561461239081 86.27096709148913 114.18251238360867 53.08366104703951 80.6440138409145 61.51485054483383 59.863920003202736 91.45590677164608 82.0326772286158 27.545917253179162 71.84656247094274 23.68299959530262 22.94897188116852 106.90607654556202 71.64717126443998 64.56492029904805 63.881575142073494 21.79687379062178 98.0161877223617 54.07389936538372 84.35758711113463
40.22877031874888 21.88346387831246 73.24914632763442 67.11557261283221 37.7913980374667 4.715650766739368 85.18486502970697 58.27223444554396 75.30173169885884 35.7857207283467 39.335005650362866 26.228557050312894 64.78804315575366 25.063916401795503 48.306951776988505 20.396278908391313 39.488829765682 17.17499356248722 45.52362227703517 66.59590563825252 37.607884627527284 49.63860894019922 57.53404808036791 62.993876060831695 41.53220597968511 0.0 82.1619776882355 57.096476877024 73.17368804446879 17.045333901761676 43.004401358556734 24.442899231304565 25.83466645204676 53.344108200758924 44.438019560819846 24.00560428661161 40.807437962310374 20.074479991678217 34.35093748792938 68.49802681544934 43.96547290713381 46.5421205437941 34.534636338497855 33.526057812350174 56.581907183154 26.296806441328894 43.749210566977546
47.33066648764822 60.97908599072869 89.31426466473395 100.14302821005933 102.29825944563194 85.64898935242437 4.35539226996558 25.848442758938674 74.92583439311692 46.47423809473623 45.65566052922254 59.13957495382775 58.105235684815575 65.37446327761585 61.51319319911267 78.01097579064032 43.53913340517252 83.93287490976974 89.43298455250338 42.972413638371584 47.66209915180879 33.332010767214136 73.10144548203043 80.35974985635501 104.43561461239081 82.1619776882355 0.0 27.941432437474358 75.4046628774489 65.72146176052256 52.50004938737018 60.935244270872204 57.263456837605005 51.86887530484347 51.888768004871 77.96082826167368 42.72650450355646 84.87819503011632 81.80744122099058 54.14754940160193 38.32237636767996 39.91725242364266 47.71186572941144 82.8007009021024 76.60612053106938 104.9359443131766 65.28728033127051
19.479268124922164 37.88901569015044 66.22530314950332 74.55638687073443 83.49541490177981 61.10251590646517 31.92452830389392 2.4741913434089327 54.65935421347414 22.044766168192986 18.366362628505563 32.18750219117609 36.707156688764556 37.788148431559584 35.11233365051152 57.73133379801899 17.660204525650034 62.5022642613992 75.47345863382974 24.472385341379063 20.33319019686536 17.327036530737303 48.20057669848533 56.019970666889876 86.27096709148913 57.096476877024 27.941432437474358 0.0 54.383724243131475 40.091639839244365 24.8733169340999 34.04849383460831 31.30698989204931 26.66435200664513 24.436829970025208 58.73058978041578 16.29100413401082 64.10299455331716 65.42699521580859 34.8540233058549 14.63063337309994 26.357413072282665 23.25735679870064 66.05405642121043 51.261139784665744 78.02470129285723 38.15025047140687
46.8311705986927 68.91411051826499 15.500161579294023 31.965868243440884 110.53390151134123 77.75147676547438 79.71986444437499 56.72480315547413 2.5675896355614922 59.97742737829366 51.04981920197305 53.42907840835 17.77349966773748 49.684832927705564 26.79313498035619 87.4396362921951 55.90158529313892 88.17242140508131 112.4006857219353 32.456326889226844 50.65546993109071 68.31097541220815 15.861926444656493 13.870644193883535 114.18251238360867 73.17368804446879 75.4046628774489 54.383724243131475 0.0 62.072740046098495 37.85587587907412 54.192327663861676 57.818197452637506 29.170145673395425 36.91198604664874 90.30348529350765 54.3478396845377 90.91435628235023 100.46468677143429 21.273211212178282 59.801516490118765 75.49116729039586 60.20908130709642 100.35646183267104 17.997717030219263 76.86848263713664 29.920009935986577
23.495520273007852 9.982832741647199 65.33123073331129 63.333671823562426 49.622079267338236 21.268294276481672 68.93988283692043 41.33653684403275 63.89566759785906 19.27413719900907 22.314847195598343 9.926736479730906 50.942291935992436 12.660571931840039 35.58423671143593 25.377023366065465 22.55516521527559 26.89887593388913 50.60390953203433 50.63125115398983 20.633379759013245 34.15306417000518 47.41945899881522 54.201811153415456 53.08366104703951 17.045333901761676 65.72146176052256 40.091639839244365 62.072740046098495 0.0 27.69975410948402 8.457452601540963 8.794223935471514 38.465379409680985 29.11370260294731 28.253192358421405 23.802422871377427 29.415356809922763 38.60829316492414 53.90833080154132 27.399268818988713 32.98903187581804 18.054330596326 38.39662301773751 47.537552637640076 39.779466681389835 32.23005884916243
9.268010963318558 32.20674565142662 45.79238081927816 50.96436304608991 77.24255514636828 47.66540378622215 56.619420343129825 27.23330882327299 39.14455232009316 22.19177662067749 13.529236418570045 17.833322938360045 23.811325630573748 18.365231356028712 12.235389788877374 52.26145432177787 18.53612761831076 54.54006225270877 75.84880972639121 23.73567423425853 12.8642421154625 32.8601065276797 26.580698807454795 34.59601112641364 80.6440138409145 43.004401358556734 52.50004938737018 24.8733169340999 37.85587587907412 27.69975410948402 0.0 19.251518119878842 21.15360961653819 10.817424615810243 1.4348728743749442 54.647067974071966 17.253203724827262 56.96541524626124 64.14296445869245 26.26274248007945 23.44670071727676 38.66001687295271 22.36711196763113 64.23344949848752 28.723721730352388 58.043526682886764 13.611265612954346
15.880759704323996 15.14616595099198 58.4643190181794 58.1773551024199 58.06839087814029 28.959415044239844 64.45367022529939 35.62117764628772 55.92253074253155 15.998055684557434 15.697467292689426 1.8755832741287124 42.53437723024761 6.872083135078271 27.497726291879914 33.525987516006154 17.48338212412001 35.34703946937618 58.2138540672984 42.381131006204036 13.773977847842199 31.583102464765897 40.00860055249648 47.1646798158003 61.51485054483383 24.442899231304565 60.935244270872204 34.04849383460831 54.192327663861676 8.457452601540963 19.251518119878842 0.0 5.572633972060145 30.00815751381098 20.66969944758575 36.208374561008014 18.211167153232797 37.835935988331165 46.27245170505129 45.450989602556895 23.253575117620493 32.72558380430502 15.038333389790825 46.178584090602584 40.525993731775706 44.06505660645391 24.635600882505553
15.28702816633055 11.149827347739857 63.036565555696754 63.478112856375496 56.57104966932706 29.991320033965597 60.60029097851632 32.59134445609688 59.40015062398514 11.191988317996005 13.613287021804858 5.018295906095761 44.947904261938405 12.431042779023642 31.030363088227453 31.20837138439791 13.848802804399533 34.05194670963726 54.83617464291547 42.901758394149695 12.043733575785463 26.68853970683163 44.25582719477887 51.66860297223537 59.863920003202736 25.83466645204676 57.263456837605005 31.30698989204931 57.818197452637506 8.794223935471514 21.15360961653819 5.572633972060145 0.0 31.91263207773501 22.472196827329615 33.50384908859966 15.024960853183224 36.28562066392862 43.04683550937321 47.27829698124606 19.039427106730027 27.25305038576817 10.085299236566273 43.1023901739153 45.08793091449736 47.77936107770669 28.886342799985492
18.396566919253413 42.887382260714624 39.67735265011139 48.373184017570274 88.04573549896345 58.04058423657819 56.186816766799154 29.127753785477875 30.03490008113513 31.500759669333565 22.414691073175856 28.635967093046062 13.320509065914301 28.347234711979134 10.252193465872534 63.066537813280924 27.048067704889537 65.33551651168251 86.42532684550976 14.923344833603808 22.399100868372308 39.201691794969925 21.602420818078087 29.358729822804243 91.45590677164608 53.344108200758924 51.86887530484347 26.66435200664513 29.170145673395425 38.465379409680985 10.817424615810243 30.00815751381098 31.91263207773501 0.0 9.451736131260589 65.4163988339473 25.39116269570442 67.77527572040658 74.79683936767155 15.451426041250652 30.643490994203255 46.34066174674272 31.918716224270106 74.92411305948004 24.862850186915175 66.24891262987761 15.334218124850457
9.977815026170433 33.4893975546348 45.23807004488605 50.904646789569696 78.63838174571522 49.0997800804054 56.041000508105924 26.83297477267077 38.1386748285851 23.068599093211088 14.239820518159803 19.234840660932846 22.543945709221077 19.771892992359824 11.798245570935915 53.61480169664025 19.205278148123927 55.94092532485946 77.09963730388733 22.325421324354295 13.74350114596387 33.18591474126376 26.084250562297417 34.12031816672452 82.0326772286158 44.438019560819846 51.888768004871 24.436829970025208 36.91198604664874 29.11370260294731 1.4348728743749442 20.66969944758575 22.472196827329615 9.451736131260589 0.0 55.974712593138776 17.826477795957793 58.35677168415569 65.41974459143678 24.880791588714803 23.87736300382164 39.24700591332375 23.304419911414676 65.52453077094648 28.392206552823808 59.321429127827976 13.773017886013434
48.10704820299969 22.694029156768437 93.22713481882481 89.4701636839691 24.81438360537601 22.42754999276094 79.95836851298893 58.92982747478987 92.09109450500304 37.47487254738946 45.1929600426393 37.19116716912324 78.40574870521147 40.83103788069769 63.69643267025808 3.611936417648262 42.59445505661866 9.434076665884543 22.623391873532626 75.68556912215038 44.28313020907852 45.08573904698603 75.63649638018389 82.24858034356734 27.545917253179162 24.00560428661161 77.96082826167368 58.73058978041578 90.30348529350765 28.253192358421405 54.647067974071966 36.208374561008014 33.50384908859966 65.4163988339473 55.974712593138776 0.0 44.44211501818562 8.357010631718301 10.744070566469286 80.76226627306197 44.103892273208466 38.13135439979369 36.44828827906105 10.273519943198004 75.59778483123064 47.675700896786545 60.483251204626
8.046157797242278 22.396063607612483 63.036565555696754 67.57030471943403 68.84060327058205 44.84539900677633 46.28036614102159 17.59012131498383 55.36306576610369 7.064636210031069 4.021549743800733 16.41385659432191 38.47384250510681 23.01341119642769 29.48840686831911 42.94960266646058 1.8952942047862023 47.10315701861389 63.380758188096145 31.91263207773507 5.683966185193649 16.09465821386238 43.83374136353079 51.84780763358809 71.84656247094274 40.807437962310374 42.72650450355646 16.29100413401082 54.3478396845377 23.802422871377427 17.253203724827262 18.211167153232797 15.024960853183224 25.39116269570442 17.826477795957793 44.44211501818562 0.0 48.94444412427871 52.40296740783894 39.08036649978257 6.495732904918321 21.42216423395806 8.002343385065211 52.80795718824554 45.90484834002754 62.2550890426292 30.15110592146949
51.47447165134695 26.556449033091575 92.44031975085889 87.1188308194161 20.29840541581853 17.117566781443866 87.08534840662902 64.55313939724395 92.86208890029913 42.25578549280046 49.07902273812978 39.14051033473015 80.35718280820818 41.27851732555641 64.80816282753698 6.928934114262983 47.18308095181215 2.9140671580045447 25.731547490410403 79.16240636973015 47.89502833210297 51.67297033051418 75.71364722935951 81.80397106010751 23.68299959530262 20.074479991678217 84.87819503011632 64.10299455331716 90.91435628235023 29.415356809922763 56.96541524626124 37.835935988331165 36.28562066392862 67.77527572040658 58.35677168415569 8.357010631718301 48.94444412427871 0.0 15.563176787985029 83.2261300526432 49.53959665398122 45.36637590184506 41.11912334625417 14.426940771355332 75.23625108527348 40.939971098380546 61.0085030749878
56.98162147021118 31.936799938401954 103.80912952761813 100.21394965587103 21.50834071479665 32.19664645449869 83.30488565583194 65.2857356817698 102.18222882514297 45.338364924999546 53.70337635651657 47.09805847191224 87.95405195242827 51.25654583360246 73.74240012809622 14.240123844049492 50.51251882694655 17.990791846359812 11.998432430899056 84.1752351139695 53.03494137782591 50.21231924405702 86.02219351590784 92.76625012561665 22.94897188116852 34.35093748792938 81.80744122099058 65.42699521580859 100.46468677143429 38.60829316492414 64.14296445869245 46.27245170505129 43.04683550937321 74.79683936767155 65.41974459143678 10.744070566469286 52.40296740783894 15.563176787985029 0.0 89.97992335591094 51.02394896127622 42.13472395496587 44.45548629684287 1.4508387146022523 86.10641215889531 56.50035753033918 70.7722087280757
33.095196094162105 58.15173487310716 35.79841625213261 49.429372078876504 103.49704274592699 73.20937175626396 58.45597623158155 37.00893264549131 20.819722251751138 45.75095804675804 36.75150251406215 44.087359975253705 5.757337913628554 43.434334708774976 21.45494394043245 78.47068368212211 40.89653867312647 80.78564417508287 101.49503039138084 11.301275205032482 37.10157208300058 50.55253688067199 23.62863203671302 28.75789659097452 106.90607654556202 68.49802681544934 54.14754940160193 34.8540233058549 21.273211212178282 53.90833080154132 26.26274248007945 45.450989602556895 47.27829698124606 15.451426041250652 24.880791588714803 80.76226627306197 39.08036649978257 83.2261300526432 89.97992335591094 0.0 43.283643586571124 58.69106105966684 46.34180571130084 90.15523513088364 27.60140177030171 79.40162728461745 27.018064455974162
14.412466507970128 23.601696106855613 69.09711894231282 74.02270676829816 68.86482782605053 47.65219386357661 41.57844822563581 15.031421299134907 60.66537712990209 8.181283259542447 10.516868866874319 21.601871315325837 43.32899911427183 28.760139772354485 35.64940196569199 43.11599772793792 6.120125113142629 48.015141615339566 61.400582787153624 34.92471217897525 12.108216707907527 9.60031649288459 49.961386890258225 57.99599643929491 71.64717126443998 43.96547290713381 38.32237636767996 14.63063337309994 59.801516490118765 27.399268818988713 23.44670071727676 23.253575117620493 19.039427106730027 30.643490994203255 23.87736300382164 44.103892273208466 6.495732904918321 49.53959665398122 51.02394896127622 43.283643586571124 0.0 15.699122149989647 9.431057355906958 51.596269654946504 52.16827079937257 66.81840771481438 36.57176524598184
29.405352125594657 24.773284920079607 84.45194898973855 88.29000385744173 62.38303266359146 49.05909774734388 41.82702305699753 25.36013932971864 76.3644915260017 17.75987678775886 25.178854944272675 31.64310193610938 58.97916292249839 39.39544842124768 50.88847659984476 38.44289839949736 20.162564690618982 44.719802389483654 50.76623532007856 49.66835857106926 26.22237921912589 9.091127126128473 65.23545448688871 73.23583481136829 64.56492029904805 46.5421205437941 39.91725242364266 26.357413072282665 75.49116729039586 32.98903187581804 38.66001687295271 32.72558380430502 27.25305038576817 46.34066174674272 39.24700591332375 38.13135439979369 21.42216423395806 45.36637590184506 42.13472395496587 58.69106105966684 15.699122149989647 0.0 18.285516049099776 43.0534372721487 67.20561911268231 72.0522783386637 51.18979291799293
13.532169368523826 14.671519634105177 67.58554378773492 70.26375225887611 60.90729601824959 38.250180551991704 50.888831465080735 24.074308399548322 61.43738260193311 1.2537722428380789 9.59529097303848 13.687617063171837 45.215730500152205 21.37786507665662 34.19399416571648 35.01452912332846 6.146202816052265 39.3759877559875 55.54632229517941 39.75070235486821 9.580123789294198 16.61890853250981 48.368848669349255 56.224203547423805 63.881575142073494 34.534636338497855 47.71186572941144 23.25735679870064 60.20908130709642 18.054330596326 22.36711196763113 15.038333389790825 10.085299236566273 31.918716224270106 23.304419911414676 36.44828827906105 8.002343385065211 41.11912334625417 44.45548629684287 46.34180571130084 9.431057355906958 18.285516049099776 0.0 44.836821883869874 49.93141381597393 57.687251270669385 33.64042870756908
57.21424131642268 32.03754223421552 103.48771129775344 99.65549425897973 20.230147528217273 31.22745118070735 84.34888545390665 65.96157446094908 102.10111263407087 45.74683543845209 54.00733766999002 47.05610620149528 88.04216871963241 51.020239770111885 73.67073591859177 13.646775811795477 50.92184681215675 16.945476224821636 12.354634040406722 84.51021284127252 53.288803863702874 51.02392763909156 85.81387455701655 92.48686095947856 21.79687379062178 33.526057812350174 82.8007009021024 66.05405642121043 100.35646183267104 38.39662301773751 64.23344949848752 46.178584090602584 43.1023901739153 74.92411305948004 65.52453077094648 10.273519943198004 52.80795718824554 14.426940771355332 1.4508387146022523 90.15523513088364 51.596269654946504 43.0534372721487 44.836821883869874 0.0 85.83193724554565 55.33064939956651 70.60521101598717
37.86024119952881 55.67045064111229 17.95305233826987 23.538714524983632 94.30495963579506 61.020272386246106 80.94213106642438 53.7353308288938 20.491711083911525 50.039994707091736 42.04052135111307 40.224351556664004 21.87667267381323 34.877844646359726 16.61306729976345 72.48048751700364 47.048700359096685 72.40408267821252 98.10443941092586 35.81383152970318 41.0185941910093 61.564921634483404 3.9745251737144054 6.664709299041485 98.0161877223617 56.581907183154 76.60612053106938 51.261139784665744 17.997717030219263 47.537552637640076 28.723721730352388 40.525993731775706 45.08793091449736 24.862850186915175 28.392206552823808 75.59778483123064 45.90484834002754 75.23625108527348 86.10641215889531 27.60140177030171 52.16827079937257 67.20561911268231 49.93141381597393 85.83193724554565 0.0 58.87080266032542 16.36005175580985
59.019233378551206 47.316198317587755 71.49971513436111 59.52333843806133 50.565182493856575 25.709857583305798 108.35486840106005 79.66940146196407 79.35591583829566 58.86786011902363 59.666789871202 45.8982214320823 74.43619472014646 40.65065531918657 57.968553178670184 44.33498380657401 61.39743659688726 38.67603902550007 65.75070608278968 81.03396442986327 57.69200577783266 73.9310618225927 61.40557010928958 63.90976057566315 54.07389936538372 26.296806441328894 104.9359443131766 78.02470129285723 76.86848263713664 39.779466681389835 58.043526682886764 44.06505660645391 47.77936107770669 66.24891262987761 59.321429127827976 47.675700896786545 62.2550890426292 40.939971098380546 56.50035753033918 79.40162728461745 66.81840771481438 72.0522783386637 57.687251270669385 55.33064939956651 58.87080266032542 0.0 52.38359359204881
22.160640043828334 39.68876262230028 34.2321704798861 37.47861119820183 80.73578436380876 48.41436990672406 69.50080535128237 40.56725866880193 31.856630092432468 33.80210514395828 26.18124691693995 24.13390554282636 22.18350161802111 19.765659954846445 5.635333493763308 57.55981946903249 31.124937491805294 58.282106412651196 82.74944424660316 30.043343440212308 24.974609185074875 46.125031724377784 15.393576828140262 22.837499249590152 84.35758711113463 43.749210566977546 65.28728033127051 38.15025047140687 29.920009935986577 32.23005884916243 13.611265612954346 24.635600882505553 28.886342799985492 15.334218124850457 13.773017886013434 60.483251204626 30.15110592146949 61.0085030749878 70.7722087280757 27.018064455974162 36.57176524598184 51.18979291799293 33.64042870756908 70.60521101598717 16.36005175580985 52.38359359204881 0.0
