0 93 21 101 88 37 21 76 70 18 61 82 60 92 22 86 69 76 96 84 22 77 21 93 92 60 13 84 66 20 57 79 57 44 22 74 50 49 90 51 101 88 78 71 67 68 73 81 92 105 92 78 66 58 53 54 60 70 83 97 84 70 56 45 39 41 49 61 75 90 79 63 47 34 25 27 38 53 69 85 76 59 42 25 12 16 31 48 65 82 75 58 41 23 7 13 30 47 64 82 77 60 44 29 19 22 35 50 67 84 82 66 52 40 33 34 44 57 72 88 88 74 61 52 47 48 55 66 79 93 96 84 73 65 60 61 67 76 88 101
93 0 113 9 120 126 113 87 43 80 122 84 50 130 72 131 83 126 119 162 82 18 94 21 127 134 105 83 42 75 126 92 59 97 73 125 85 121 112 127 8 13 30 47 64 81 99 116 133 150 12 15 31 48 65 82 99 116 133 151 25 27 38 52 68 85 101 118 135 152 39 40 48 60 74 89 105 122 138 155 53 54 60 70 82 96 111 127 143 159 67 68 73 81 92 105 118 133 148 164 82 82 86 93 103 114 127 141 155 170 96 96 99 106 114 124 136 149 163 177 110 110 113 118 126 135 146 158 171 185 124 124 127 132 138 147 157 168 180 193
21 113 0 120 85 30 12 81 90 34 68 87 81 86 41 94 75 69 93 79 34 96 25 111 87 61 15 90 86 39 61 83 77 43 40 83 55 37 89 52 120 109 99 92 87 86 88 94 102 112 110 98 87 78 73 72 75 81 90 102 102 88 76 66 60 58 61 69 80 93 94 79 66 54 46 44 49 58 71 85 89 72 57 43 33 30 37 49 63 79 85 68 51 35 21 16 27 42 58 75 83 66 49 31 14 4 22 39 56 73 84 67 50 34 19 14 25 41 57 74 88 71 56 41 30 27 34 47 62 78 93 78 64 52 43 41 46 56 69 84
101 9 120 0 123 134 121 90 51 87 131 86 59 133 79 139 86 130 121 170 88 24 100 20 130 142 113 85 50 82 134 94 67 103 80 133 90 127 114 136 4 20 37 55 72 89 106 124 141 158 13 23 39 56 73 90 107 124 142 159 27 33 46 60 76 93 110 126 143 160 41 45 55 68 82 98 114 130 147 163 55 58 66 77 90 104 119 135 151 167 69 72 78 88 99 112 126 141 157 172 84 86 91 99 110 121 135 148 163 178 98 100 104 111 121 131 144 157 171 185 112 114 118 124 132 142 153 166 179 193 127 128 131 137 144 153 164 175 188 201
88 120 85 123 0 114 96 34 128 77 148 39 124 11 85 173 38 22 11 163 71 104 68 104 8 145 95 41 123 82 143 30 126 45 82 162 44 53 12 135 125 125 128 132 139 147 157 168 180 193 111 111 114 119 126 135 146 158 171 184 97 97 100 106 114 124 136 149 162 176 83 83 86 93 103 114 126 140 154 169 68 69 73 81 92 104 118 132 148 163 54 55 60 70 82 96 110 126 142 158 40 41 48 60 74 89 104 121 137 154 26 27 37 52 67 83 100 117 134 151 13 15 30 46 63 80 98 115 132 149 9 11 28 45 63 80 97 114 132 149
37 126 30 134 114 0 20 109 95 55 45 115 85 115 58 72 102 97 123 50 57 112 52 129 116 33 25 117 93 57 36 112 79 72 58 61 83 64 118 25 134 120 107 95 85 78 75 75 79 87 126 111 97 84 73 65 61 62 67 76 120 104 89 75 62 53 47 48 55 65 115 99 83 67 53 41 34 35 43 56 112 95 78 62 45 31 20 22 34 50 111 93 76 59 42 25 8 13 29 46 111 94 77 59 42 26 12 15 30 47 113 96 79 63 47 33 24 26 37 52 117 100 85 70 56 44 38 39 47 59 122 107 92 78 66 57 52 52 58 69
21 113 12 121 96 20 0 90 87 37 56 96 77 98 42 83 83 80 104 69 39 97 33 113 98 50 8 98 83 40 50 92 72 53 42 72 64 48 99 41 121 108 97 87 81 78 79 83 91 101 112 98 86 75 68 64 65 70 79 91 104 90 76 64 55 50 51 58 69 82 98 83 67 53 42 36 38 47 59 74 94 77 61 45 31 23 25 37 52 69 92 75 58 40 24 9 15 31 48 66 92 75 57 40 23 8 15 31 48 65 94 77 61 45 30 21 24 37 52 68 98 82 67 53 41 35 37 46 59 73 104 89 75 63 54 49 50 57 68 81
76 87 81 90 34 109 90 0 100 60 135 8 97 44 65 158 8 46 33 158 55 71 58 71 41 136 86 11 95 63 132 5 101 40 63 147 27 61 26 127 92 93 97 104 113 124 136 149 163 178 78 79 84 92 102 114 127 141 156 171 63 65 71 80 92 105 119 134 150 166 49 51 59 70 83 97 113 128 145 161 35 38 47 61 75 91 107 124 141 157 21 25 38 54 70 87 104 121 138 155 7 16 33 50 68 85 102 119 137 154 9 18 34 51 68 85 102 119 137 154 23 28 40 55 71 88 104 121 138 155 38 40 49 62 77 92 108 125 141 158
70 43 90 51 128 95 87 100 0 63 82 100 11 136 53 89 93 127 131 124 68 40 79 58 135 96 79 100 6 57 87 105 19 92 56 83 86 111 124 91 49 32 14 5 22 39 56 73 91 108 50 34 18 13 24 40 57 74 91 109 55 41 30 26 33 46 62 78 94 111 63 51 43 40 45 55 69 83 99 115 73 63 56 54 58 66 77 91 105 120 84 75 70 68 71 78 88 100 113 127 96 88 84 82 85 91 99 110 122 135 109 102 98 97 99 103 111 120 131 144 121 115 112 111 112 117 123 132 142 153 135 129 126 125 126 130 136 143 153 163
18 80 34 87 77 55 37 60 63 0 75 65 56 83 11 98 53 69 83 101 7 63 16 77 82 77 31 67 59 7 73 64 55 33 8 88 36 48 77 68 87 77 69 66 67 72 80 92 104 118 77 65 56 52 53 59 70 82 96 111 68 55 44 38 39 48 60 75 90 106 62 46 32 24 26 38 53 69 85 102 58 41 24 10 16 32 48 65 83 100 57 40 23 8 14 31 48 65 82 100 61 44 30 21 24 36 51 68 84 101 66 52 41 34 36 45 58 73 89 105 75 62 53 48 50 56 67 80 95 110 85 74 66 62 63 69 78 89 102 117
61 122 68 131 148 45 56 135 82 75 0 140 73 152 72 28 128 135 156 43 81 113 81 132 152 19 55 141 82 73 10 139 64 104 74 17 110 104 150 21 129 112 96 80 64 50 39 33 35 45 126 109 92 75 59 43 28 19 23 37 125 108 90 73 56 39 22 6 15 32 125 108 91 74 57 40 23 11 17 33 127 110 93 77 60 45 32 24 28 39 130 114 98 82 67 54 43 38 40 49 135 119 104 89 76 64 56 51 53 60 141 126 112 98 86 76 69 65 67 72 148 134 120 108 97 88 82 79 80 85 156 143 130 119 109 101 95 93 94 98
82 84 87 86 39 115 96 8 100 65 140 0 98 49 69 162 13 52 36 164 60 69 64 67 46 141 92 3 95 67 137 10 102 46 67 151 33 68 29 132 89 91 96 104 114 126 139 153 167 182 74 77 83 93 104 117 131 145 160 176 60 64 71 82 95 108 123 139 154 171 46 50 60 72 86 102 117 133 150 166 32 38 50 64 80 96 113 129 146 163 18 28 43 59 76 93 110 127 144 161 5 22 39 57 74 91 108 126 143 160 13 25 41 58 75 92 109 126 143 161 27 34 47 62 78 95 111 128 145 162 41 46 56 69 84 100 116 132 148 165
60 50 81 59 124 85 77 97 11 56 73 98 0 132 46 82 91 121 127 114 61 45 72 64 130 86 70 99 9 49 77 102 9 86 48 75 82 104 120 81 57 40 24 11 17 33 50 67 84 101 56 39 22 6 15 32 49 66 83 101 59 43 28 19 23 37 52 69 85 102 65 51 39 33 36 45 59 74 89 106 73 61 52 47 49 56 67 81 95 111 83 73 65 61 63 68 78 89 103 117 94 85 78 75 76 81 89 99 112 125 106 98 92 89 90 94 101 110 121 134 118 111 106 104 104 108 114 122 132 143 131 124 120 118 118 121 126 134 143 153
92 130 86 133 11 115 98 44 136 83 152 49 132 0 91 177 47 19 18 164 76 113 72 114 4 147 97 51 131 88 146 40 133 50 88 166 51 52 22 138 135 135 136 140 146 153 162 173 184 196 121 120 122 127 133 141 151 162 174 187 107 106 108 113 120 130 140 152 165 179 93 92 95 100 108 118 130 143 157 171 78 78 81 88 97 108 121 135 149 164 64 64 68 75 86 99 112 127 142 158 50 49 55 64 76 90 105 121 137 153 36 35 42 54 68 84 100 116 133 149 23 22 32 46 62 79 96 113 130 147 13 9 25 42 59 77 94 111 128 146
22 72 41 79 85 58 42 65 53 11 72 69 46 91 0 93 58 78 90 102 16 56 27 72 90 76 35 70 49 4 70 69 45 43 3 83 42 59 84 67 79 68 60 55 57 63 73 85 99 114 70 57 47 41 43 51 63 77 92 108 63 48 35 28 30 41 55 70 87 103 58 42 26 14 18 33 50 66 83 101 57 40 22 5 13 31 48 65 83 100 59 43 27 17 21 34 50 67 84 101 64 50 37 30 33 43 56 72 88 104 72 59 49 44 46 53 65 78 93 109 82 70 62 58 60 65 75 87 100 115 92 83 76 72 73 78 86 97 109 122
86 131 94 139 173 72 83 158 89 98 28 162 82 177 93 0 150 161 180 56 104 125 106 144 177 42 81 163 90 95 36 162 73 129 95 12 134 131 174 47 137 120 103 86 68 51 34 18 8 21 137 120 103 86 68 51 34 17 7 21 139 122 105 88 71 55 39 26 21 28 141 125 108 92 76 61 48 38 34 39 146 129 113 98 83 70 58 51 48 52 151 135 120 106 92 80 70 64 62 64 157 142 128 114 102 91 83 77 76 78 164 150 137 124 113 103 96 91 89 91 173 159 146 134 124 115 109 104 103 104 181 168 156 145 136 128 122 118 117 118
69 83 75 86 38 102 83 8 93 53 128 13 91 47 58 150 0 46 38 151 48 67 51 68 45 129 79 16 88 55 125 12 94 34 55 140 20 57 31 119 88 88 91 97 106 117 129 142 156 170 74 74 78 85 95 107 120 134 149 164 60 60 64 73 84 98 112 127 142 158 46 46 52 62 75 90 105 121 137 154 32 32 40 53 68 84 100 117 133 150 19 19 31 46 63 80 97 114 131 148 10 9 26 44 61 78 95 113 130 147 16 16 29 45 62 79 96 113 131 148 29 28 38 51 66 83 99 116 133 150 42 42 49 60 73 88 104 120 136 153
76 126 69 130 22 97 80 46 127 69 135 52 121 19 78 161 46 0 32 145 63 109 56 113 21 129 80 55 122 74 129 43 122 36 75 150 42 34 32 120 132 129 128 130 134 140 148 157 168 179 118 115 114 116 121 127 136 146 157 170 104 101 100 102 107 115 124 135 148 161 91 87 86 89 95 103 114 126 139 153 77 72 72 75 82 92 104 117 131 146 64 59 58 62 70 81 95 109 124 140 52 45 44 49 59 72 87 102 118 135 41 31 30 37 50 65 81 97 114 131 32 19 16 28 44 60 77 94 111 129 29 12 7 24 41 59 76 93 110 128
96 119 93 121 11 123 104 33 131 83 156 36 127 18 90 180 38 32 0 172 77 104 75 102 15 153 102 38 126 87 151 28 130 53 88 169 48 62 8 144 124 125 129 135 142 152 162 174 186 200 109 111 115 122 130 140 152 164 178 192 95 97 102 109 119 130 142 156 170 184 81 83 89 97 108 120 133 148 162 178 67 69 76 86 98 111 126 141 156 172 52 56 64 76 89 104 119 135 151 167 38 43 53 67 82 97 113 130 147 163 24 31 45 60 76 93 110 127 144 161 10 23 39 56 73 90 108 125 142 159 7 21 38 56 73 90 107 125 142 159
84 162 79 170 163 50 69 158 124 101 43 164 114 164 102 56 151 145 172 0 105 150 101 169 165 28 73 166 123 102 37 161 106 121 102 52 132 112 168 35 169 153 137 122 107 93 80 70 62 59 164 148 132 115 100 85 71 58 49 46 161 144 127 111 94 78 63 49 37 32 159 142 125 108 90 74 57 41 26 18 158 141 123 106 89 72 54 37 20 5 158 141 124 106 89 72 55 38 22 10 160 143 126 109 92 75 59 44 31 24 162 146 129 113 96 81 66 53 42 38 166 150 134 118 103 88 75 63 55 51 171 155 140 125 110 97 85 75 68 65
22 82 34 88 71 57 39 55 68 7 81 60 61 76 16 104 48 63 77 105 0 64 13 78 76 81 33 62 63 12 77 59 60 27 13 93 30 44 71 72 89 80 73 71 72 78 86 97 110 124 78 67 60 56 58 65 76 88 102 117 69 56 46 42 45 54 66 80 95 111 61 46 34 28 32 44 58 74 90 106 56 39 24 14 21 36 53 70 87 104 54 37 19 2 16 34 51 68 86 103 56 39 24 15 22 37 53 70 87 104 61 47 35 29 33 44 58 74 90 107 69 56 47 43 46 54 66 80 95 111 79 68 60 57 59 66 76 88 102 117
77 18 96 24 104 112 97 71 40 63 113 69 45 113 56 125 67 109 104 150 64 0 76 20 111 123 90 68 37 58 115 76 53 79 57 117 68 104 97 115 25 22 31 45 61 77 94 111 128 145 15 9 23 40 57 74 92 109 126 144 15 9 23 40 57 75 92 109 126 144 26 23 31 45 61 77 94 111 128 145 39 37 42 53 67 82 98 114 131 148 52 51 55 64 76 89 104 119 135 152 66 65 68 75 86 98 111 126 141 157 80 79 82 88 97 108 120 134 148 163 94 93 96 101 108 118 130 142 156 170 108 108 109 114 121 130 140 152 164 178
21 94 25 100 68 52 33 58 79 16 81 64 72 72 27 106 51 56 75 101 13 76 0 89 71 79 29 66 75 23 77 60 70 23 24 95 32 33 69 70 101 92 85 81 82 85 92 102 113 126 90 79 72 67 68 72 80 91 104 117 80 68 59 54 54 60 69 81 95 110 71 57 46 40 40 48 59 73 88 104 64 49 35 26 27 37 51 67 83 100 60 44 27 13 15 30 46 63 80 98 60 42 25 9 11 28 45 63 80 97 62 46 31 20 21 33 49 65 82 99 68 53 41 33 34 42 55 70 86 102 76 63 53 47 47 54 64 77 92 107
93 21 111 20 104 129 113 71 58 77 132 67 64 114 72 144 68 113 102 169 78 20 89 0 111 141 106 65 56 73 134 75 72 88 72 136 74 113 95 134 23 33 47 63 79 96 113 130 147 164 10 25 42 59 76 94 111 128 145 163 10 25 42 59 76 94 111 128 145 163 23 32 47 62 79 96 113 130 147 164 36 43 55 69 84 100 116 133 149 166 51 55 65 77 91 106 121 137 153 170 65 69 76 87 99 113 127 143 158 174 79 82 88 98 109 121 135 149 164 180 93 96 101 109 119 131 144 157 171 186 107 110 114 122 131 141 153 166 179 193
92 127 87 130 8 116 98 41 135 82 152 46 130 4 90 177 45 21 15 165 76 111 71 111 0 147 97 48 129 87 146 37 132 49 87 166 49 53 18 138 132 132 134 138 144 152 161 172 184 196 118 118 120 125 132 140 150 162 174 187 104 104 106 112 119 129 140 152 165 179 90 90 93 99 107 118 130 143 157 171 76 75 79 86 96 108 121 135 150 165 61 61 66 74 86 99 113 128 143 159 47 47 53 63 76 91 106 122 138 154 33 33 41 54 69 85 101 117 134 151 20 20 32 47 64 80 97 114 131 149 10 10 27 44 61 79 96 113 130 148
60 134 61 142 145 33 50 136 96 77 19 141 86 147 76 42 129 129 153 28 81 123 79 141 147 0 51 143 95 76 10 139 78 101 77 33 110 97 148 10 141 125 109 94 80 67 57 50 50 55 137 120 104 88 72 58 45 37 36 43 134 117 100 83 66 50 36 24 23 33 132 115 98 81 63 46 29 13 11 26 132 115 98 80 63 46 29 13 10 25 134 117 100 83 66 50 35 23 22 32 137 120 103 87 72 57 44 36 35 42 141 125 109 94 79 66 56 49 49 54 146 131 116 102 88 77 68 63 62 66 153 138 124 111 99 89 81 77 76 79
13 105 15 113 95 25 8 86 79 31 55 92 70 97 35 81 79 80 102 73 33 90 29 106 97 51 0 94 76 33 49 89 65 50 34 70 60 50 97 42 113 100 89 80 74 72 74 80 88 100 104 90 78 67 60 58 60 67 78 90 97 82 68 56 47 44 47 56 68 82 92 75 60 46 34 30 35 46 60 76 88 71 54 38 23 16 24 39 55 72 87 69 52 35 17 2 18 36 53 70 88 70 54 37 22 13 22 38 54 71 91 74 58 44 32 27 32 44 59 75 96 80 66 54 44 41 44 54 66 81 103 88 76 65 57 55 57 65 76 88
84 83 90 85 41 117 98 11 100 67 141 3 99 51 70 163 16 55 38 166 62 68 66 65 48 143 94 0 95 69 139 12 103 49 68 153 35 71 31 134 87 90 96 104 115 127 140 154 168 183 73 76 83 93 104 118 132 146 162 177 59 63 71 82 95 110 125 140 156 172 45 50 60 73 88 103 119 135 151 168 30 38 51 66 81 98 114 131 148 165 17 28 44 61 78 95 112 129 146 163 7 24 41 59 76 93 111 128 145 163 16 28 44 60 77 94 111 129 146 163 29 37 50 65 81 97 114 131 148 165 43 49 59 72 87 102 118 135 151 168
66 42 86 50 123 93 83 95 6 59 82 95 9 131 49 90 88 122 126 123 63 37 75 56 129 95 76 95 0 52 86 100 18 87 51 83 81 106 119 89 48 31 15 10 24 41 58 75 92 109 48 31 14 9 24 41 58 75 92 109 52 37 25 22 31 45 61 77 94 111 59 46 37 36 42 53 67 82 98 114 68 58 51 50 54 63 75 89 104 119 79 70 65 64 67 75 85 97 111 126 91 83 79 78 80 87 96 107 119 133 103 97 93 92 94 99 107 117 129 141 116 110 107 106 108 112 119 128 139 151 129 124 121 120 121 126 132 140 150 161
20 75 39 82 82 57 40 63 57 7 73 67 49 88 4 95 55 74 87 102 12 58 23 73 87 76 33 69 52 0 71 67 48 39 2 85 39 55 81 68 82 71 63 59 60 66 76 88 101 116 72 60 50 45 47 54 65 79 94 109 65 50 38 31 34 43 57 72 88 104 59 43 28 17 21 35 51 67 84 101 57 40 22 5 14 31 48 65 83 100 58 41 25 13 18 33 49 66 83 101 62 47 34 27 29 40 55 70 87 103 70 56 46 41 42 50 62 76 92 107 79 67 59 55 56 62 72 85 98 113 89 79 72 69 70 75 83 94 107 120
57 126 61 134 143 36 50 132 87 73 10 137 77 146 70 36 125 129 151 37 77 115 77 134 146 10 49 139 86 71 0 135 69 99 72 26 106 97 146 12 133 116 100 85 70 57 47 42 44 52 129 112 95 79 63 48 36 28 31 42 127 109 92 75 58 42 26 15 20 34 126 108 91 74 57 39 22 5 14 31 127 109 92 75 58 42 26 15 20 34 129 112 95 79 63 48 35 28 31 42 133 116 100 85 70 57 47 42 44 52 138 122 107 93 79 68 60 56 57 63 144 129 115 102 90 80 73 70 71 76 151 137 124 112 101 92 86 83 84 88
79 92 83 94 30 112 92 5 105 64 139 10 102 40 69 162 12 43 28 161 59 76 60 75 37 139 89 12 100 67 135 0 105 41 67 151 30 61 21 129 96 98 102 109 118 128 140 153 167 182 82 84 89 96 106 118 131 145 160 175 68 70 76 85 96 109 123 138 153 169 54 56 63 74 87 101 116 132 148 164 39 43 52 65 79 94 110 127 143 160 25 30 42 57 73 90 106 123 140 157 11 20 36 53 70 87 104 121 139 156 5 18 35 52 69 86 104 121 138 156 19 25 39 55 71 88 105 122 139 156 33 37 47 61 76 92 108 125 142 159
57 59 77 67 126 79 72 101 19 55 64 102 9 133 45 73 94 122 130 106 60 53 70 72 132 78 65 103 18 48 69 105 0 86 47 66 83 102 123 73 66 49 32 17 13 26 42 59 76 93 65 47 30 13 6 23 40 58 75 92 67 50 34 21 18 28 44 60 77 94 72 57 43 34 32 39 51 65 81 97 79 65 54 47 46 50 60 73 87 102 88 76 67 61 60 63 71 82 95 109 98 87 79 74 73 77 83 93 104 117 109 100 93 88 87 90 96 104 114 126 121 112 106 102 101 104 108 116 125 136 133 125 120 116 115 117 122 128 136 146
44 97 43 103 45 72 53 40 92 33 104 46 86 50 43 129 34 36 53 121 27 79 23 88 49 101 50 49 87 39 99 41 86 0 40 117 16 26 47 92 104 98 95 95 98 105 113 123 135 148 91 84 81 81 85 92 102 113 126 139 79 71 67 67 72 80 91 104 117 132 67 58 53 53 59 69 81 95 110 126 57 45 39 40 47 59 73 89 105 121 48 34 25 26 37 51 67 84 100 117 43 26 12 15 30 47 64 81 98 115 42 25 9 12 29 46 63 80 98 115 46 31 20 22 34 49 66 82 99 116 53 41 34 35 43 56 71 87 103 119
22 73 40 80 82 58 42 63 56 8 74 67 48 88 3 95 55 75 88 102 13 57 24 72 87 77 34 68 51 2 72 67 47 40 0 85 40 56 81 68 81 70 62 58 59 65 75 87 101 116 71 58 49 44 46 54 65 79 94 109 63 49 36 30 33 43 57 72 88 105 58 42 26 16 21 35 51 68 85 102 56 39 21 4 14 32 49 66 83 101 58 41 25 14 19 34 50 67 84 102 62 47 35 28 31 42 56 71 88 104 70 57 47 42 44 52 64 78 93 109 79 68 60 56 57 64 74 86 100 115 90 80 73 70 71 76 85 95 108 122
74 125 83 133 162 61 72 147 83 88 17 151 75 166 83 12 140 150 169 52 93 117 95 136 166 33 70 153 83 85 26 151 66 117 85 0 123 119 163 38 131 114 97 80 63 46 31 19 19 31 130 113 95 78 61 44 26 9 10 27 131 113 96 79 62 45 29 15 15 29 133 116 99 82 66 50 37 27 27 37 136 120 103 88 73 59 47 41 41 47 141 125 109 95 81 69 59 54 54 59 147 132 117 103 91 80 72 68 68 72 154 139 126 113 102 92 85 81 81 85 162 148 135 123 113 105 98 95 95 98 170 157 145 134 125 117 112 109 109 111
50 85 55 90 44 83 64 27 86 36 110 33 82 51 42 134 20 42 48 132 30 68 32 74 49 110 60 35 81 39 106 30 83 16 40 123 0 41 42 100 92 88 87 90 96 104 114 126 139 153 78 74 73 76 83 93 104 117 131 146 65 60 59 63 71 82 95 109 124 140 53 46 45 50 60 73 87 103 119 135 42 32 31 38 51 66 81 98 114 131 33 20 17 29 44 61 77 94 111 129 29 12 7 24 41 59 76 93 110 128 32 18 15 27 43 60 77 94 111 128 40 30 28 36 49 64 80 97 114 130 51 43 42 48 58 71 86 102 118 134
49 121 37 127 53 64 48 61 111 48 104 68 104 52 59 131 57 34 62 112 44 104 33 113 53 97 50 71 106 55 97 61 102 26 56 119 41 0 60 88 128 121 116 113 114 116 121 129 138 148 116 108 102 99 100 103 109 117 127 138 104 95 89 85 86 89 96 105 116 129 92 82 75 71 72 76 84 94 107 120 82 71 62 57 58 63 73 85 98 113 73 60 49 43 44 51 62 76 91 106 65 51 38 30 31 40 54 69 85 102 61 44 28 16 18 32 48 65 82 99 59 42 24 7 11 29 46 63 81 98 60 44 28 16 18 32 48 65 82 99
90 112 89 114 12 118 99 26 124 77 150 29 120 22 84 174 31 32 8 168 71 97 69 95 18 148 97 31 119 81 146 21 123 47 81 163 42 60 0 138 117 118 122 127 135 145 156 168 180 194 103 104 108 115 123 134 146 158 172 186 88 90 95 102 112 124 136 150 164 179 74 76 82 91 101 114 128 142 157 173 60 62 69 79 92 106 120 136 151 167 46 49 58 70 83 98 114 130 146 163 31 36 47 61 77 93 109 126 143 160 17 25 39 56 72 89 106 123 141 158 3 19 36 53 70 88 105 122 140 157 13 22 38 54 71 88 106 123 140 157
51 127 52 136 135 25 41 127 91 68 21 132 81 138 67 47 119 120 144 35 72 115 70 134 138 10 42 134 89 68 12 129 73 92 68 38 100 88 138 0 135 119 104 89 76 65 57 53 55 62 130 113 97 82 67 54 44 39 42 51 126 109 93 76 60 45 32 26 30 42 124 107 90 73 56 39 23 12 19 35 124 106 89 72 54 37 20 4 16 33 125 108 91 74 57 41 26 17 23 37 127 111 94 78 62 48 36 31 34 45 131 115 100 84 70 58 49 45 47 55 137 121 107 93 80 69 62 58 60 67 144 129 115 102 91 81 75 72 74 79
101 8 120 4 125 134 121 92 49 87 129 89 57 135 79 137 88 132 124 169 89 25 101 23 132 141 113 87 48 82 133 96 66 104 81 131 92 128 117 135 0 18 35 52 70 87 104 122 139 156 15 23 38 54 71 88 105 122 140 157 29 34 45 60 75 91 108 125 142 159 43 47 55 68 82 97 113 129 145 162 58 60 67 77 90 104 119 134 150 166 72 74 80 88 99 112 126 140 156 171 86 88 93 100 110 122 134 148 162 177 100 102 106 112 121 132 144 156 170 184 115 116 119 125 133 143 154 166 179 192 129 130 133 138 145 154 164 176 188 201
88 13 109 20 125 120 108 93 32 77 112 91 40 135 68 120 88 129 125 153 80 22 92 33 132 125 100 90 31 71 116 98 49 98 70 114 88 121 118 119 18 0 18 35 52 70 87 104 122 139 23 15 23 38 54 71 88 105 122 140 34 29 34 45 60 75 91 108 125 142 47 43 46 55 67 82 97 112 129 145 60 57 60 67 77 90 104 118 134 150 74 72 73 79 88 99 112 126 140 155 88 86 87 92 100 110 121 134 148 162 102 100 101 105 112 121 131 143 156 170 116 114 115 119 125 133 142 153 165 178 130 128 129 132 138 145 154 164 175 187
78 30 99 37 128 107 97 97 14 69 96 96 24 136 60 103 91 128 129 137 73 31 85 47 134 109 89 96 15 63 100 102 32 95 62 97 87 116 122 104 35 18 0 18 35 52 70 87 104 122 38 23 15 23 38 54 71 88 105 122 45 34 29 34 45 60 75 91 108 125 55 46 43 46 55 67 81 97 112 129 67 60 57 60 67 77 90 104 118 134 80 73 71 73 79 88 99 112 126 140 93 87 85 87 92 99 109 121 134 148 106 101 99 101 105 112 121 131 143 156 119 115 114 115 118 124 132 142 153 165 133 129 128 129 132 137 144 153 163 175
71 47 92 55 132 95 87 104 5 66 80 104 11 140 55 86 97 130 135 122 71 45 81 63 138 94 80 104 10 59 85 109 17 95 58 80 90 113 127 89 52 35 18 0 18 35 52 70 87 104 54 38 23 15 23 38 54 71 88 105 60 45 34 29 33 45 59 75 91 108 68 55 46 43 46 55 67 81 97 112 77 67 60 57 59 66 77 89 103 118 88 79 73 71 73 79 88 99 112 125 100 92 87 85 87 91 99 109 121 134 112 105 101 99 100 105 111 120 131 143 125 119 115 113 114 118 124 132 141 152 138 132 129 127 128 131 137 144 153 163
67 64 87 72 139 85 81 113 22 67 64 114 17 146 57 68 106 134 142 107 72 61 82 79 144 80 74 115 24 60 70 118 13 98 59 63 96 114 135 76 70 52 35 18 0 18 35 52 70 87 71 54 38 23 15 23 38 54 71 88 75 60 45 33 29 33 45 59 75 91 82 67 55 46 43 46 55 67 81 96 90 77 67 59 57 59 66 77 89 103 99 88 79 73 71 73 78 87 99 111 110 100 92 87 85 86 91 99 109 120 121 112 105 100 99 100 104 111 120 130 133 125 118 114 113 114 117 123 131 141 145 138 132 128 127 127 131 136 143 152
68 81 86 89 147 78 78 124 39 72 50 126 33 153 63 51 117 140 152 93 78 77 85 96 152 67 72 127 41 66 57 128 26 105 65 46 104 116 145 65 87 70 52 35 18 0 18 35 52 70 88 71 54 38 23 14 23 38 54 71 91 75 60 45 33 28 33 45 59 75 97 82 67 55 46 42 46 55 67 81 104 90 77 66 59 56 59 66 76 89 112 99 88 79 73 70 72 78 87 98 122 110 99 91 86 84 86 91 98 108 132 121 112 105 100 98 99 104 110 119 143 133 124 118 114 112 113 117 123 131 154 145 137 131 127 126 127 130 135 143
73 99 88 106 157 75 79 136 56 80 39 139 50 162 73 34 129 148 162 80 86 94 92 113 161 57 74 140 58 76 47 140 42 113 75 31 114 121 156 57 104 87 70 52 35 18 0 18 35 52 105 88 71 54 38 23 14 23 38 54 108 91 75 59 45 33 28 33 45 59 113 97 81 67 55 46 42 46 54 67 119 104 90 77 66 59 56 59 66 76 126 112 99 88 78 72 70 72 78 87 134 121 109 99 91 86 84 85 90 98 144 131 121 111 104 99 98 99 103 110 154 142 132 124 117 113 112 113 116 122 164 154 144 137 131 127 125 126 130 135
81 116 94 124 168 75 83 149 73 92 33 153 67 173 85 18 142 157 174 70 97 111 102 130 172 50 80 154 75 88 42 153 59 123 87 19 126 129 168 53 122 104 87 70 52 35 18 0 18 35 122 105 88 71 54 38 23 14 23 38 125 108 91 75 59 45 33 28 33 45 129 112 97 81 67 55 46 42 45 54 134 118 104 89 77 66 59 56 58 65 140 126 112 99 87 78 72 70 72 77 148 134 121 109 99 91 85 83 85 90 156 143 131 120 111 104 99 97 99 103 166 153 142 132 123 117 113 111 112 116 176 164 153 144 136 130 126 125 126 129
92 133 102 141 180 79 91 163 91 104 35 167 84 184 99 8 156 168 186 62 110 128 113 147 184 50 88 168 92 101 44 167 76 135 101 19 139 138 180 55 139 122 104 87 70 52 35 18 0 18 140 122 105 88 71 54 38 23 14 23 142 125 108 91 75 59 45 33 28 33 145 129 112 97 81 67 54 45 42 45 150 134 118 103 89 76 66 58 55 58 156 140 126 112 99 87 78 72 69 71 162 148 134 121 109 98 90 85 83 85 170 156 143 131 120 110 103 99 97 98 179 165 153 141 131 123 116 112 110 112 188 175 163 153 143 135 130 126 124 125
105 150 112 158 193 87 101 178 108 118 45 182 101 196 114 21 170 179 200 59 124 145 126 164 196 55 100 183 109 116 52 182 93 148 116 31 153 148 194 62 156 139 122 104 87 70 52 35 18 0 157 140 122 105 88 71 54 38 23 14 159 142 125 108 91 75 59 45 33 28 162 145 129 112 96 81 67 54 45 42 166 150 134 118 103 89 76 65 58 55 171 155 140 125 111 98 87 77 71 69 177 162 148 134 120 108 98 90 85 83 184 170 156 143 130 119 110 103 98 96 192 178 165 152 141 131 122 116 112 110 201 187 175 163 152 143 135 129 125 124
92 12 110 13 111 126 112 78 50 77 126 74 56 121 70 137 74 118 109 164 78 15 90 10 118 137 104 73 48 72 129 82 65 91 71 130 78 116 103 130 15 23 38 54 71 88 105 122 140 157 0 18 35 52 70 87 104 122 139 156 15 23 38 54 71 88 105 122 140 157 29 34 45 60 75 91 108 125 142 159 43 47 55 68 82 97 113 129 145 162 58 60 67 77 90 104 119 134 150 166 72 74 80 88 99 112 126 140 156 171 86 88 93 100 110 122 134 148 162 177 100 102 106 112 121 132 144 156 170 184 115 116 119 125 133 143 154 166 179 192
78 15 98 23 111 111 98 79 34 65 109 77 39 120 57 120 74 115 111 148 67 9 79 25 118 120 90 76 31 60 112 84 47 84 58 113 74 108 104 113 23 15 23 38 54 71 88 105 122 140 18 0 18 35 52 70 87 104 122 139 23 15 23 38 54 71 88 105 122 140 34 29 34 45 60 75 91 108 125 142 47 43 46 55 67 82 97 112 129 145 60 57 60 67 77 90 104 118 134 150 74 72 73 79 88 99 112 126 140 155 88 86 87 92 100 110 121 134 148 162 102 100 101 105 112 121 131 143 156 170 116 114 115 119 125 133 142 153 165 178
66 31 87 39 114 97 86 84 18 56 92 83 22 122 47 103 78 114 115 132 60 23 72 42 120 104 78 83 14 50 95 89 30 81 49 95 73 102 108 97 38 23 15 23 38 54 71 88 105 122 35 18 0 18 35 52 70 87 104 122 38 23 15 23 38 54 71 88 105 122 45 34 29 34 45 60 75 91 108 125 55 46 43 46 55 67 81 97 112 129 67 60 57 60 67 77 90 104 118 134 80 73 71 73 79 88 99 112 126 140 93 87 85 87 92 99 109 121 134 148 106 101 99 101 105 112 121 131 143 156 119 115 114 115 118 124 132 142 153 165
58 48 78 56 119 84 75 92 13 52 75 93 6 127 41 86 85 116 122 115 56 40 67 59 125 88 67 93 9 45 79 96 13 81 44 78 76 99 115 82 54 38 23 15 23 38 54 71 88 105 52 35 18 0 18 35 52 70 87 104 54 38 23 15 23 38 54 71 88 105 60 45 34 29 33 45 59 75 91 108 68 55 46 43 46 55 67 81 97 112 77 67 60 57 59 66 77 89 103 118 88 79 73 71 73 79 88 99 112 125 100 92 87 85 87 91 99 109 121 134 112 105 101 99 100 105 111 120 131 143 125 119 115 113 114 118 124 132 141 152
53 65 73 73 126 73 68 102 24 53 59 104 15 133 43 68 95 121 130 100 58 57 68 76 132 72 60 104 24 47 63 106 6 85 46 61 83 100 123 67 71 54 38 23 15 23 38 54 71 88 70 52 35 18 0 18 35 52 70 87 71 54 38 23 15 23 38 54 71 88 75 60 45 33 29 33 45 59 75 91 82 67 55 46 43 46 55 67 81 96 90 77 67 59 57 59 66 77 89 103 99 88 79 73 71 73 78 87 99 111 110 100 92 87 85 86 91 99 109 120 121 112 105 100 99 100 104 111 120 130 133 125 118 114 113 114 117 123 131 141
54 82 72 90 135 65 64 114 40 59 43 117 32 141 51 51 107 127 140 85 65 74 72 94 140 58 58 118 41 54 48 118 23 92 54 44 93 103 134 54 88 71 54 38 23 14 23 38 54 71 87 70 52 35 18 0 18 35 52 70 88 71 54 38 23 14 23 38 54 71 91 75 60 45 33 28 33 45 59 75 97 82 67 55 46 42 46 55 67 81 104 90 77 66 59 56 59 66 76 89 112 99 88 79 73 70 72 78 87 98 122 110 99 91 86 84 86 91 98 108 132 121 112 105 100 98 99 104 110 119 143 133 124 118 114 112 113 117 123 131
60 99 75 107 146 61 65 127 57 70 28 131 49 151 63 34 120 136 152 71 76 92 80 111 150 45 60 132 58 65 36 131 40 102 65 26 104 109 146 44 105 88 71 54 38 23 14 23 38 54 104 87 70 52 35 18 0 18 35 52 105 88 71 54 38 23 14 23 38 54 108 91 75 59 45 33 28 33 45 59 113 97 81 67 55 46 42 46 54 67 119 104 90 77 66 59 56 59 66 76 126 112 99 88 78 72 70 72 78 87 134 121 109 99 91 86 84 85 90 98 144 131 121 111 104 99 98 99 103 110 154 142 132 124 117 113 112 113 116 122
70 116 81 124 158 62 70 141 74 82 19 145 66 162 77 17 134 146 164 58 88 109 91 128 162 37 67 146 75 79 28 145 58 113 79 9 117 117 158 39 122 105 88 71 54 38 23 14 23 38 122 104 87 70 52 35 18 0 18 35 122 105 88 71 54 38 23 14 23 38 125 108 91 75 59 45 33 28 33 45 129 112 97 81 67 55 46 42 45 54 134 118 104 89 77 66 59 56 58 65 140 126 112 99 87 78 72 70 72 77 148 134 121 109 99 91 85 83 85 90 156 143 131 120 111 104 99 97 99 103 166 153 142 132 123 117 113 111 112 116
83 133 90 142 171 67 79 156 91 96 23 160 83 174 92 7 149 157 178 49 102 126 104 145 174 36 78 162 92 94 31 160 75 126 94 10 131 127 172 42 140 122 105 88 71 54 38 23 14 23 139 122 104 87 70 52 35 18 0 18 140 122 105 88 71 54 38 23 14 23 142 125 108 91 75 59 45 33 28 33 145 129 112 97 81 67 54 45 42 45 150 134 118 103 89 76 66 58 55 58 156 140 126 112 99 87 78 72 69 71 162 148 134 121 109 98 90 85 83 85 170 156 143 131 120 110 103 99 97 98 179 165 153 141 131 123 116 112 110 112
97 151 102 159 184 76 91 171 109 111 37 176 101 187 108 21 164 170 192 46 117 144 117 163 187 43 90 177 109 109 42 175 92 139 109 27 146 138 186 51 157 140 122 105 88 71 54 38 23 14 156 139 122 104 87 70 52 35 18 0 157 140 122 105 88 71 54 38 23 14 159 142 125 108 91 75 59 45 33 28 162 145 129 112 96 81 67 54 45 42 166 150 134 118 103 89 76 65 58 55 171 155 140 125 111 98 87 77 71 69 177 162 148 134 120 108 98 90 85 83 184 170 156 143 130 119 110 103 98 96 192 178 165 152 141 131 122 116 112 110
84 25 102 27 97 120 104 63 55 68 125 60 59 107 63 139 60 104 95 161 69 15 80 10 104 134 97 59 52 65 127 68 67 79 63 131 65 104 88 126 29 34 45 60 75 91 108 125 142 159 15 23 38 54 71 88 105 122 140 157 0 18 35 52 70 87 104 122 139 156 15 23 38 54 71 88 105 122 140 157 29 34 45 60 75 91 108 125 142 159 43 47 55 68 82 97 113 129 145 162 58 60 67 77 90 104 119 134 150 166 72 74 80 88 99 112 126 140 156 171 86 88 93 100 110 122 134 148 162 177 100 102 106 112 121 132 144 156 170 184
70 27 88 33 97 104 90 65 41 55 108 64 43 106 48 122 60 101 97 144 56 9 68 25 104 117 82 63 37 50 109 70 50 71 49 113 60 95 90 109 34 29 34 45 60 75 91 108 125 142 23 15 23 38 54 71 88 105 122 140 18 0 18 35 52 70 87 104 122 139 23 15 23 38 54 71 88 105 122 140 34 29 34 45 60 75 91 108 125 142 47 43 46 55 67 82 97 112 129 145 60 57 60 67 77 90 104 118 134 150 74 72 73 79 88 99 112 126 140 155 88 86 87 92 100 110 121 134 148 162 102 100 101 105 112 121 131 143 156 170
56 38 76 46 100 89 76 71 30 44 90 71 28 108 35 105 64 100 102 127 46 23 59 42 106 100 68 71 25 38 92 76 34 67 36 96 59 89 95 93 45 34 29 34 45 60 75 91 108 125 38 23 15 23 38 54 71 88 105 122 35 18 0 18 35 52 70 87 104 122 38 23 15 23 38 54 71 88 105 122 45 34 29 34 45 60 75 91 108 125 55 46 43 46 55 67 81 97 112 129 67 60 57 60 67 77 90 104 118 134 80 73 71 73 79 88 99 112 126 140 93 87 85 87 92 99 109 121 134 148 106 101 99 101 105 112 121 131 143 156
45 52 66 60 106 75 64 80 26 38 73 82 19 113 28 88 73 102 109 111 42 40 54 59 112 83 56 82 22 31 75 85 21 67 30 79 63 85 102 76 60 45 34 29 33 45 59 75 91 108 54 38 23 15 23 38 54 71 88 105 52 35 18 0 18 35 52 70 87 104 54 38 23 15 23 38 54 71 88 105 60 45 34 29 33 45 59 75 91 108 68 55 46 43 46 55 67 81 97 112 77 67 60 57 59 66 77 89 103 118 88 79 73 71 73 79 88 99 112 125 100 92 87 85 87 91 99 109 121 134 112 105 101 99 100 105 111 120 131 143
39 68 60 76 114 62 55 92 33 39 56 95 23 120 30 71 84 107 119 94 45 57 54 76 119 66 47 95 31 34 58 96 18 72 33 62 71 86 112 60 75 60 45 33 29 33 45 59 75 91 71 54 38 23 15 23 38 54 71 88 70 52 35 18 0 18 35 52 70 87 71 54 38 23 15 23 38 54 71 88 75 60 45 33 29 33 45 59 75 91 82 67 55 46 43 46 55 67 81 96 90 77 67 59 57 59 66 77 89 103 99 88 79 73 71 73 78 87 99 111 110 100 92 87 85 86 91 99 109 120 121 112 105 100 99 100 104 111 120 130
41 85 58 93 124 53 50 105 46 48 39 108 37 130 41 55 98 115 130 78 54 75 60 94 129 50 44 110 45 43 42 109 28 80 43 45 82 89 124 45 91 75 60 45 33 28 33 45 59 75 88 71 54 38 23 14 23 38 54 71 87 70 52 35 18 0 18 35 52 70 88 71 54 38 23 14 23 38 54 71 91 75 60 45 33 28 33 45 59 75 97 82 67 55 46 42 46 55 67 81 104 90 77 66 59 56 59 66 76 89 112 99 88 79 73 70 72 78 87 98 122 110 99 91 86 84 86 91 98 108 132 121 112 105 100 98 99 104 110 119
49 101 61 110 136 47 51 119 62 60 22 123 52 140 55 39 112 124 142 63 66 92 69 111 140 36 47 125 61 57 26 123 44 91 57 29 95 96 136 32 108 91 75 59 45 33 28 33 45 59 105 88 71 54 38 23 14 23 38 54 104 87 70 52 35 18 0 18 35 52 105 88 71 54 38 23 14 23 38 54 108 91 75 59 45 33 28 33 45 59 113 97 81 67 55 46 42 46 54 67 119 104 90 77 66 59 56 59 66 76 126 112 99 88 78 72 70 72 78 87 134 121 109 99 91 86 84 85 90 98 144 131 121 111 104 99 98 99 103 110
61 118 69 126 149 48 58 134 78 75 6 139 69 152 70 26 127 135 156 49 80 109 81 128 152 24 56 140 77 72 15 138 60 104 72 15 109 105 150 26 125 108 91 75 59 45 33 28 33 45 122 105 88 71 54 38 23 14 23 38 122 104 87 70 52 35 18 0 18 35 122 105 88 71 54 38 23 14 23 38 125 108 91 75 59 45 33 28 33 45 129 112 97 81 67 55 46 42 45 54 134 118 104 89 77 66 59 56 58 65 140 126 112 99 87 78 72 70 72 77 148 134 121 109 99 91 85 83 85 90 156 143 131 120 111 104 99 97 99 103
75 135 80 143 162 55 69 150 94 90 15 154 85 165 87 21 142 148 170 37 95 126 95 145 165 23 68 156 94 88 20 153 77 117 88 15 124 116 164 30 142 125 108 91 75 59 45 33 28 33 140 122 105 88 71 54 38 23 14 23 139 122 104 87 70 52 35 18 0 18 140 122 105 88 71 54 38 23 14 23 142 125 108 91 75 59 45 33 28 33 145 129 112 97 81 67 54 45 42 45 150 134 118 103 89 76 66 58 55 58 156 140 126 112 99 87 78 72 69 71 162 148 134 121 109 98 90 85 83 85 170 156 143 131 120 110 103 99 97 98
90 152 93 160 176 65 82 166 111 106 32 171 102 179 103 28 158 161 184 32 111 144 110 163 179 33 82 172 111 104 34 169 94 132 105 29 140 129 179 42 159 142 125 108 91 75 59 45 33 28 157 140 122 105 88 71 54 38 23 14 156 139 122 104 87 70 52 35 18 0 157 140 122 105 88 71 54 38 23 14 159 142 125 108 91 75 59 45 33 28 162 145 129 112 96 81 67 54 45 42 166 150 134 118 103 89 76 65 58 55 171 155 140 125 111 98 87 77 71 69 177 162 148 134 120 108 98 90 85 83 184 170 156 143 130 119 110 103 98 96
79 39 94 41 83 115 98 49 63 62 125 46 65 93 58 141 46 91 81 159 61 26 71 23 90 132 92 45 59 59 126 54 72 67 58 133 53 92 74 124 43 47 55 68 82 97 113 129 145 162 29 34 45 60 75 91 108 125 142 159 15 23 38 54 71 88 105 122 140 157 0 18 35 52 70 87 104 122 139 156 15 23 38 54 71 88 105 122 140 157 29 34 45 60 75 91 108 125 142 159 43 47 55 68 82 97 113 129 145 162 58 60 67 77 90 104 119 134 150 166 72 74 80 88 99 112 126 140 156 171 86 88 93 100 110 122 134 148 162 177
63 40 79 45 83 99 83 51 51 46 108 50 51 92 42 125 46 87 83 142 46 23 57 32 90 115 75 50 46 43 108 56 57 58 42 116 46 82 76 107 47 43 46 55 67 82 97 112 129 145 34 29 34 45 60 75 91 108 125 142 23 15 23 38 54 71 88 105 122 140 18 0 18 35 52 70 87 104 122 139 23 15 23 38 54 71 88 105 122 140 34 29 34 45 60 75 91 108 125 142 47 43 46 55 67 82 97 112 129 145 60 57 60 67 77 90 104 118 134 150 74 72 73 79 88 99 112 126 140 155 88 86 87 92 100 110 121 134 148 162
47 48 66 55 86 83 67 59 43 32 91 60 39 95 26 108 52 86 89 125 34 31 46 47 93 98 60 60 37 28 91 63 43 53 26 99 45 75 82 90 55 46 43 46 55 67 81 97 112 129 45 34 29 34 45 60 75 91 108 125 38 23 15 23 38 54 71 88 105 122 35 18 0 18 35 52 70 87 104 122 38 23 15 23 38 54 71 88 105 122 45 34 29 34 45 60 75 91 108 125 55 46 43 46 55 67 81 97 112 129 67 60 57 60 67 77 90 104 118 134 80 73 71 73 79 88 99 112 126 140 93 87 85 87 92 99 109 121 134 148
34 60 54 68 93 67 53 70 40 24 74 72 33 100 14 92 62 89 97 108 28 45 40 62 99 81 46 73 36 17 74 74 34 53 16 82 50 71 91 73 68 55 46 43 46 55 67 81 97 112 60 45 34 29 33 45 59 75 91 108 54 38 23 15 23 38 54 71 88 105 52 35 18 0 18 35 52 70 87 104 54 38 23 15 23 38 54 71 88 105 60 45 34 29 33 45 59 75 91 108 68 55 46 43 46 55 67 81 97 112 77 67 60 57 59 66 77 89 103 118 88 79 73 71 73 79 88 99 112 125 100 92 87 85 87 91 99 109 121 134
25 74 46 82 103 53 42 83 45 26 57 86 36 108 18 76 75 95 108 90 32 61 40 79 107 63 34 88 42 21 57 87 32 59 21 66 60 72 101 56 82 67 55 46 43 46 55 67 81 96 75 60 45 33 29 33 45 59 75 91 71 54 38 23 15 23 38 54 71 88 70 52 35 18 0 18 35 52 70 87 71 54 38 23 15 23 38 54 71 88 75 60 45 33 29 33 45 59 75 91 82 67 55 46 43 46 55 67 81 96 90 77 67 59 57 59 66 77 89 103 99 88 79 73 71 73 78 87 99 111 110 100 92 87 85 86 91 99 109 120
27 89 44 98 114 41 36 97 55 38 40 102 45 118 33 61 90 103 120 74 44 77 48 96 118 46 30 103 53 35 39 101 39 69 35 50 73 76 114 39 97 82 67 55 46 42 46 55 67 81 91 75 60 45 33 28 33 45 59 75 88 71 54 38 23 14 23 38 54 71 87 70 52 35 18 0 18 35 52 70 88 71 54 38 23 14 23 38 54 71 91 75 60 45 33 28 33 45 59 75 97 82 67 55 46 42 46 55 67 81 104 90 77 66 59 56 59 66 76 89 112 99 88 79 73 70 72 78 87 98 122 110 99 91 86 84 86 91 98 108
38 105 49 114 126 34 38 113 69 53 23 117 59 130 50 48 105 114 133 57 58 94 59 113 130 29 35 119 67 51 22 116 51 81 51 37 87 84 128 23 113 97 81 67 55 46 42 46 54 67 108 91 75 59 45 33 28 33 45 59 105 88 71 54 38 23 14 23 38 54 104 87 70 52 35 18 0 18 35 52 105 88 71 54 38 23 14 23 38 54 108 91 75 59 45 33 28 33 45 59 113 97 81 67 55 46 42 46 54 67 119 104 90 77 66 59 56 59 66 76 126 112 99 88 78 72 70 72 78 87 134 121 109 99 91 86 84 85 90 98
53 122 58 130 140 35 47 128 83 69 11 133 74 143 66 38 121 126 148 41 74 111 73 130 143 13 46 135 82 67 5 132 65 95 68 27 103 94 142 12 129 112 97 81 67 55 46 42 45 54 125 108 91 75 59 45 33 28 33 45 122 105 88 71 54 38 23 14 23 38 122 104 87 70 52 35 18 0 18 35 122 105 88 71 54 38 23 14 23 38 125 108 91 75 59 45 33 28 33 45 129 112 97 81 67 55 46 42 45 54 134 118 104 89 77 66 59 56 58 65 140 126 112 99 87 78 72 70 72 77 148 134 121 109 99 91 85 83 85 90
69 138 71 147 154 43 59 145 99 85 17 150 89 157 83 34 137 139 162 26 90 128 88 147 157 11 60 151 98 84 14 148 81 110 85 27 119 107 157 19 145 129 112 97 81 67 54 45 42 45 142 125 108 91 75 59 45 33 28 33 140 122 105 88 71 54 38 23 14 23 139 122 104 87 70 52 35 18 0 18 140 122 105 88 71 54 38 23 14 23 142 125 108 91 75 59 45 33 28 33 145 129 112 97 81 67 54 45 42 45 150 134 118 103 89 76 66 58 55 58 156 140 126 112 99 87 78 72 69 71 162 148 134 121 109 98 90 85 83 85
85 155 85 163 169 56 74 161 115 102 33 166 106 171 101 39 154 153 178 18 106 145 104 164 171 26 76 168 114 101 31 164 97 126 102 37 135 120 173 35 162 145 129 112 96 81 67 54 45 42 159 142 125 108 91 75 59 45 33 28 157 140 122 105 88 71 54 38 23 14 156 139 122 104 87 70 52 35 18 0 157 140 122 105 88 71 54 38 23 14 159 142 125 108 91 75 59 45 33 28 162 145 129 112 96 81 67 54 45 42 166 150 134 118 103 89 76 65 58 55 171 155 140 125 111 98 87 77 71 69 177 162 148 134 120 108 98 90 85 83
76 53 89 55 68 112 94 35 73 58 127 32 73 78 57 146 32 77 67 158 56 39 64 36 76 132 88 30 68 57 127 39 79 57 56 136 42 82 60 124 58 60 67 77 90 104 119 134 150 166 43 47 55 68 82 97 113 129 145 162 29 34 45 60 75 91 108 125 142 159 15 23 38 54 71 88 105 122 140 157 0 18 35 52 70 87 104 122 139 156 15 23 38 54 71 88 105 122 140 157 29 34 45 60 75 91 108 125 142 159 43 47 55 68 82 97 113 129 145 162 58 60 67 77 90 104 119 134 150 166 72 74 80 88 99 112 126 140 156 171
59 54 72 58 69 95 77 38 63 41 110 38 61 78 40 129 32 72 69 141 39 37 49 43 75 115 71 38 58 40 109 43 65 45 39 120 32 71 62 106 60 57 60 67 77 90 104 118 134 150 47 43 46 55 67 82 97 112 129 145 34 29 34 45 60 75 91 108 125 142 23 15 23 38 54 71 88 105 122 140 18 0 18 35 52 70 87 104 122 139 23 15 23 38 54 71 88 105 122 140 34 29 34 45 60 75 91 108 125 142 47 43 46 55 67 82 97 112 129 145 60 57 60 67 77 90 104 118 134 150 74 72 73 79 88 99 112 126 140 155
42 60 57 66 73 78 61 47 56 24 93 50 52 81 22 113 40 72 76 123 24 42 35 55 79 98 54 51 51 22 92 52 54 39 21 103 31 62 69 89 67 60 57 60 67 77 90 104 118 134 55 46 43 46 55 67 81 97 112 129 45 34 29 34 45 60 75 91 108 125 38 23 15 23 38 54 71 88 105 122 35 18 0 18 35 52 70 87 104 122 38 23 15 23 38 54 71 88 105 122 45 34 29 34 45 60 75 91 108 125 55 46 43 46 55 67 81 97 112 129 67 60 57 60 67 77 90 104 118 134 80 73 71 73 79 88 99 112 126 140
25 70 43 77 81 62 45 61 54 10 77 64 47 88 5 98 53 75 86 106 14 53 26 69 86 80 38 66 50 5 75 65 47 40 4 88 38 57 79 72 77 67 60 57 59 66 77 89 103 118 68 55 46 43 46 55 67 81 97 112 60 45 34 29 33 45 59 75 91 108 54 38 23 15 23 38 54 71 88 105 52 35 18 0 18 35 52 70 87 104 54 38 23 15 23 38 54 71 88 105 60 45 34 29 33 45 59 75 91 108 68 55 46 43 46 55 67 81 97 112 77 67 60 57 59 66 77 89 103 118 88 79 73 71 73 79 88 99 112 125
12 82 33 90 92 45 31 75 58 16 60 80 49 97 13 83 68 82 98 89 21 67 27 84 96 63 23 81 54 14 58 79 46 47 14 73 51 58 92 54 90 77 67 59 57 59 66 77 89 103 82 67 55 46 43 46 55 67 81 96 75 60 45 33 29 33 45 59 75 91 71 54 38 23 15 23 38 54 71 88 70 52 35 18 0 18 35 52 70 87 71 54 38 23 15 23 38 54 71 88 75 60 45 33 29 33 45 59 75 91 82 67 55 46 43 46 55 67 81 96 90 77 67 59 57 59 66 77 89 103 99 88 79 73 71 73 78 87 99 111
16 96 30 104 104 31 23 91 66 32 45 96 56 108 31 70 84 92 111 72 36 82 37 100 108 46 16 98 63 31 42 94 50 59 32 59 66 63 106 37 104 90 77 66 59 56 59 66 76 89 97 82 67 55 46 42 46 55 67 81 91 75 60 45 33 28 33 45 59 75 88 71 54 38 23 14 23 38 54 71 87 70 52 35 18 0 18 35 52 70 88 71 54 38 23 14 23 38 54 71 91 75 60 45 33 28 33 45 59 75 97 82 67 55 46 42 46 55 67 81 104 90 77 66 59 56 59 66 76 89 112 99 88 79 73 70 72 78 87 98
31 111 37 119 118 20 25 107 77 48 32 113 67 121 48 58 100 104 126 54 53 98 51 116 121 29 24 114 75 48 26 110 60 73 49 47 81 73 120 20 119 104 90 77 66 59 56 59 66 76 113 97 81 67 55 46 42 46 54 67 108 91 75 59 45 33 28 33 45 59 105 88 71 54 38 23 14 23 38 54 104 87 70 52 35 18 0 18 35 52 105 88 71 54 38 23 14 23 38 54 108 91 75 59 45 33 28 33 45 59 113 97 81 67 55 46 42 46 54 67 119 104 90 77 66 59 56 59 66 76 126 112 99 88 78 72 70 72 78 87
48 127 49 135 132 22 37 124 91 65 24 129 81 135 65 51 117 117 141 37 70 114 67 133 135 13 39 131 89 65 15 127 73 89 66 41 98 85 136 4 134 118 104 89 77 66 59 56 58 65 129 112 97 81 67 55 46 42 45 54 125 108 91 75 59 45 33 28 33 45 122 105 88 71 54 38 23 14 23 38 122 104 87 70 52 35 18 0 18 35 122 105 88 71 54 38 23 14 23 38 125 108 91 75 59 45 33 28 33 45 129 112 97 81 67 55 46 42 45 54 134 118 104 89 77 66 59 56 58 65 140 126 112 99 87 78 72 70 72 77
65 143 63 151 148 34 52 141 105 83 28 146 95 149 83 48 133 131 156 20 87 131 83 149 150 10 55 148 104 83 20 143 87 105 83 41 114 98 151 16 150 134 118 103 89 76 66 58 55 58 145 129 112 97 81 67 54 45 42 45 142 125 108 91 75 59 45 33 28 33 140 122 105 88 71 54 38 23 14 23 139 122 104 87 70 52 35 18 0 18 140 122 105 88 71 54 38 23 14 23 142 125 108 91 75 59 45 33 28 33 145 129 112 97 81 67 54 45 42 45 150 134 118 103 89 76 66 58 55 58 156 140 126 112 99 87 78 72 69 71
82 159 79 167 163 50 69 157 120 100 39 163 111 164 100 52 150 146 172 5 104 148 100 166 165 25 72 165 119 100 34 160 102 121 101 47 131 113 167 33 166 150 134 118 103 89 76 65 58 55 162 145 129 112 96 81 67 54 45 42 159 142 125 108 91 75 59 45 33 28 157 140 122 105 88 71 54 38 23 14 156 139 122 104 87 70 52 35 18 0 157 140 122 105 88 71 54 38 23 14 159 142 125 108 91 75 59 45 33 28 162 145 129 112 96 81 67 54 45 42 166 150 134 118 103 89 76 65 58 55 171 155 140 125 111 98 87 77 71 69
75 67 85 69 54 111 92 21 84 57 130 18 83 64 59 151 19 64 52 158 54 52 60 51 61 134 87 17 79 58 129 25 88 48 58 141 33 73 46 125 72 74 80 88 99 112 126 140 156 171 58 60 67 77 90 104 119 134 150 166 43 47 55 68 82 97 113 129 145 162 29 34 45 60 75 91 108 125 142 159 15 23 38 54 71 88 105 122 140 157 0 18 35 52 70 87 104 122 139 156 15 23 38 54 71 88 105 122 140 157 29 34 45 60 75 91 108 125 142 159 43 47 55 68 82 97 113 129 145 162 58 60 67 77 90 104 119 134 150 166
58 68 68 72 55 93 75 25 75 40 114 28 73 64 43 135 19 59 56 141 37 51 44 55 61 117 69 28 70 41 112 30 76 34 41 125 20 60 49 108 74 72 73 79 88 99 112 126 140 155 60 57 60 67 77 90 104 118 134 150 47 43 46 55 67 82 97 112 129 145 34 29 34 45 60 75 91 108 125 142 23 15 23 38 54 71 88 105 122 140 18 0 18 35 52 70 87 104 122 139 23 15 23 38 54 71 88 105 122 140 34 29 34 45 60 75 91 108 125 142 47 43 46 55 67 82 97 112 129 145 60 57 60 67 77 90 104 118 134 150
41 73 51 78 60 76 58 38 70 23 98 43 65 68 27 120 31 58 64 124 19 55 27 65 66 100 52 44 65 25 95 42 67 25 25 109 17 49 58 91 80 73 71 73 79 88 99 112 126 140 67 60 57 60 67 77 90 104 118 134 55 46 43 46 55 67 81 97 112 129 45 34 29 34 45 60 75 91 108 125 38 23 15 23 38 54 71 88 105 122 35 18 0 18 35 52 70 87 104 122 38 23 15 23 38 54 71 88 105 122 45 34 29 34 45 60 75 91 108 125 55 46 43 46 55 67 81 97 112 129 67 60 57 60 67 77 90 104 118 134
23 81 35 88 70 59 40 54 68 8 82 59 61 75 17 106 46 62 76 106 2 64 13 77 74 83 35 61 64 13 79 57 61 26 14 95 29 43 70 74 88 79 73 71 73 79 88 99 112 125 77 67 60 57 59 66 77 89 103 118 68 55 46 43 46 55 67 81 97 112 60 45 34 29 33 45 59 75 91 108 54 38 23 15 23 38 54 71 88 105 52 35 18 0 18 35 52 70 87 104 54 38 23 15 23 38 54 71 88 105 60 45 34 29 33 45 59 75 91 108 68 55 46 43 46 55 67 81 97 112 77 67 60 57 59 66 77 89 103 118
7 92 21 99 82 42 24 70 71 14 67 76 63 86 21 92 63 70 89 89 16 76 15 91 86 66 17 78 67 18 63 73 60 37 19 81 44 44 83 57 99 88 79 73 71 73 78 87 99 111 90 77 67 59 57 59 66 77 89 103 82 67 55 46 43 46 55 67 81 96 75 60 45 33 29 33 45 59 75 91 71 54 38 23 15 23 38 54 71 88 70 52 35 18 0 18 35 52 70 87 71 54 38 23 15 23 38 54 71 88 75 60 45 33 29 33 45 59 75 91 82 67 55 46 43 46 55 67 81 96 90 77 67 59 57 59 66 77 89 103
13 105 16 112 96 25 9 87 78 31 54 93 68 99 34 80 80 81 104 72 34 89 30 106 99 50 2 95 75 33 48 90 63 51 34 69 61 51 98 41 112 99 88 79 73 70 72 78 87 98 104 90 77 66 59 56 59 66 76 89 97 82 67 55 46 42 46 55 67 81 91 75 60 45 33 28 33 45 59 75 88 71 54 38 23 14 23 38 54 71 87 70 52 35 18 0 18 35 52 70 88 71 54 38 23 14 23 38 54 71 91 75 60 45 33 28 33 45 59 75 97 82 67 55 46 42 46 55 67 81 104 90 77 66 59 56 59 66 76 89
30 118 27 126 110 8 15 104 88 48 43 110 78 112 50 70 97 95 119 55 51 104 46 121 113 35 18 112 85 49 35 106 71 67 50 59 77 62 114 26 126 112 99 88 78 72 70 72 78 87 119 104 90 77 66 59 56 59 66 76 113 97 81 67 55 46 42 46 54 67 108 91 75 59 45 33 28 33 45 59 105 88 71 54 38 23 14 23 38 54 104 87 70 52 35 18 0 18 35 52 105 88 71 54 38 23 14 23 38 54 108 91 75 59 45 33 28 33 45 59 113 97 81 67 55 46 42 46 54 67 119 104 90 77 66 59 56 59 66 76
47 133 42 141 126 13 31 121 100 65 38 127 89 127 67 64 114 109 135 38 68 119 63 137 128 23 36 129 97 66 28 123 82 84 67 54 94 76 130 17 140 126 112 99 87 78 72 70 72 77 134 118 104 89 77 66 59 56 58 65 129 112 97 81 67 55 46 42 45 54 125 108 91 75 59 45 33 28 33 45 122 105 88 71 54 38 23 14 23 38 122 104 87 70 52 35 18 0 18 35 122 105 88 71 54 38 23 14 23 38 125 108 91 75 59 45 33 28 33 45 129 112 97 81 67 55 46 42 45 54 134 118 104 89 77 66 59 56 58 65
64 148 58 157 142 29 48 138 113 82 40 144 103 142 84 62 131 124 151 22 86 135 80 153 143 22 53 146 111 83 31 140 95 100 84 54 111 91 146 23 156 140 126 112 99 87 78 72 69 71 150 134 118 103 89 76 66 58 55 58 145 129 112 97 81 67 54 45 42 45 142 125 108 91 75 59 45 33 28 33 140 122 105 88 71 54 38 23 14 23 139 122 104 87 70 52 35 18 0 18 140 122 105 88 71 54 38 23 14 23 142 125 108 91 75 59 45 33 28 33 145 129 112 97 81 67 54 45 42 45 150 134 118 103 89 76 66 58 55 58
82 164 75 172 158 46 66 155 127 100 49 161 117 158 101 64 148 140 167 10 103 152 98 170 159 32 70 163 126 101 42 157 109 117 102 59 129 106 163 37 171 155 140 125 111 98 87 77 71 69 166 150 134 118 103 89 76 65 58 55 162 145 129 112 96 81 67 54 45 42 159 142 125 108 91 75 59 45 33 28 157 140 122 105 88 71 54 38 23 14 156 139 122 104 87 70 52 35 18 0 157 140 122 105 88 71 54 38 23 14 159 142 125 108 91 75 59 45 33 28 162 145 129 112 96 81 67 54 45 42 166 150 134 118 103 89 76 65 58 55
77 82 83 84 40 111 92 7 96 61 135 5 94 50 64 157 10 52 38 160 56 66 60 65 47 137 88 7 91 62 133 11 98 43 62 147 29 65 31 127 86 88 93 100 110 122 134 148 162 177 72 74 80 88 99 112 126 140 156 171 58 60 67 77 90 104 119 134 150 166 43 47 55 68 82 97 113 129 145 162 29 34 45 60 75 91 108 125 142 159 15 23 38 54 71 88 105 122 140 157 0 18 35 52 70 87 104 122 139 156 15 23 38 54 71 88 105 122 140 157 29 34 45 60 75 91 108 125 142 159 43 47 55 68 82 97 113 129 145 162
60 82 66 86 41 94 75 16 88 44 119 22 85 49 50 142 9 45 43 143 39 65 42 69 47 120 70 24 83 47 116 20 87 26 47 132 12 51 36 111 88 86 87 92 100 110 121 134 148 162 74 72 73 79 88 99 112 126 140 155 60 57 60 67 77 90 104 118 134 150 47 43 46 55 67 82 97 112 129 145 34 29 34 45 60 75 91 108 125 142 23 15 23 38 54 71 88 105 122 140 18 0 18 35 52 70 87 104 122 139 23 15 23 38 54 71 88 105 122 140 34 29 34 45 60 75 91 108 125 142 47 43 46 55 67 82 97 112 129 145
44 86 49 91 48 77 57 33 84 30 104 39 78 55 37 128 26 44 53 126 24 68 25 76 53 103 54 41 79 34 100 36 79 12 35 117 7 38 47 94 93 87 85 87 92 99 109 121 134 148 80 73 71 73 79 88 99 112 126 140 67 60 57 60 67 77 90 104 118 134 55 46 43 46 55 67 81 97 112 129 45 34 29 34 45 60 75 91 108 125 38 23 15 23 38 54 71 88 105 122 35 18 0 18 35 52 70 87 104 122 38 23 15 23 38 54 71 88 105 122 45 34 29 34 45 60 75 91 108 125 55 46 43 46 55 67 81 97 112 129
29 93 31 99 60 59 40 50 82 21 89 57 75 64 30 114 44 49 67 109 15 75 9 87 63 87 37 59 78 27 85 53 74 15 28 103 24 30 61 78 100 92 87 85 87 91 99 109 121 134 88 79 73 71 73 79 88 99 112 125 77 67 60 57 59 66 77 89 103 118 68 55 46 43 46 55 67 81 97 112 60 45 34 29 33 45 59 75 91 108 54 38 23 15 23 38 54 71 88 105 52 35 18 0 18 35 52 70 87 104 54 38 23 15 23 38 54 71 88 105 60 45 34 29 33 45 59 75 91 108 68 55 46 43 46 55 67 81 97 112
19 103 14 110 74 42 23 68 85 24 76 74 76 76 33 102 61 59 82 92 22 86 11 99 76 72 22 76 80 29 70 70 73 30 31 91 41 31 77 62 110 100 92 87 85 86 91 99 109 120 99 88 79 73 71 73 78 87 99 111 90 77 67 59 57 59 66 77 89 103 82 67 55 46 43 46 55 67 81 96 75 60 45 33 29 33 45 59 75 91 71 54 38 23 15 23 38 54 71 88 70 52 35 18 0 18 35 52 70 87 71 54 38 23 15 23 38 54 71 88 75 60 45 33 29 33 45 59 75 91 82 67 55 46 43 46 55 67 81 96
22 114 4 121 89 26 8 85 91 36 64 91 81 90 43 91 78 72 97 75 37 98 28 113 91 57 13 93 87 40 57 87 77 47 42 80 59 40 93 48 122 110 99 91 86 84 86 91 98 108 112 99 88 79 73 70 72 78 87 98 104 90 77 66 59 56 59 66 76 89 97 82 67 55 46 42 46 55 67 81 91 75 60 45 33 28 33 45 59 75 88 71 54 38 23 14 23 38 54 71 87 70 52 35 18 0 18 35 52 70 88 71 54 38 23 14 23 38 54 71 91 75 60 45 33 28 33 45 59 75 97 82 67 55 46 42 46 55 67 81
35 127 22 135 104 12 15 102 99 51 56 108 89 105 56 83 95 87 113 59 53 111 45 127 106 44 22 111 96 55 47 104 83 64 56 72 76 54 109 36 134 121 109 99 91 86 84 85 90 98 126 112 99 88 78 72 70 72 78 87 119 104 90 77 66 59 56 59 66 76 113 97 81 67 55 46 42 46 54 67 108 91 75 59 45 33 28 33 45 59 105 88 71 54 38 23 14 23 38 54 104 87 70 52 35 18 0 18 35 52 105 88 71 54 38 23 14 23 38 54 108 91 75 59 45 33 28 33 45 59 113 97 81 67 55 46 42 46 54 67
50 141 39 148 121 15 31 119 110 68 51 126 99 121 72 77 113 102 130 44 70 126 63 143 122 36 38 128 107 70 42 121 93 81 71 68 93 69 126 31 148 134 121 109 99 91 85 83 85 90 140 126 112 99 87 78 72 70 72 77 134 118 104 89 77 66 59 56 58 65 129 112 97 81 67 55 46 42 45 54 125 108 91 75 59 45 33 28 33 45 122 105 88 71 54 38 23 14 23 38 122 104 87 70 52 35 18 0 18 35 122 105 88 71 54 38 23 14 23 38 125 108 91 75 59 45 33 28 33 45 129 112 97 81 67 55 46 42 45 54
67 155 56 163 137 30 48 137 122 84 53 143 112 137 88 76 130 118 147 31 87 141 80 158 138 35 54 145 119 87 44 139 104 98 88 68 110 85 143 34 162 148 134 121 109 98 90 85 83 85 156 140 126 112 99 87 78 72 69 71 150 134 118 103 89 76 66 58 55 58 145 129 112 97 81 67 54 45 42 45 142 125 108 91 75 59 45 33 28 33 140 122 105 88 71 54 38 23 14 23 139 122 104 87 70 52 35 18 0 18 140 122 105 88 71 54 38 23 14 23 142 125 108 91 75 59 45 33 28 33 145 129 112 97 81 67 54 45 42 45
84 170 73 178 154 47 65 154 135 101 60 160 125 153 104 78 147 135 163 24 104 157 97 174 154 42 71 163 133 103 52 156 117 115 104 72 128 102 160 45 177 162 148 134 120 108 98 90 85 83 171 155 140 125 111 98 87 77 71 69 166 150 134 118 103 89 76 65 58 55 162 145 129 112 96 81 67 54 45 42 159 142 125 108 91 75 59 45 33 28 157 140 122 105 88 71 54 38 23 14 156 139 122 104 87 70 52 35 18 0 157 140 122 105 88 71 54 38 23 14 159 142 125 108 91 75 59 45 33 28 162 145 129 112 96 81 67 54 45 42
82 96 84 98 26 113 94 9 109 66 141 13 106 36 72 164 16 41 24 162 61 80 62 79 33 141 91 16 103 70 138 5 109 42 70 154 32 61 17 131 100 102 106 112 121 132 144 156 170 184 86 88 93 100 110 122 134 148 162 177 72 74 80 88 99 112 126 140 156 171 58 60 67 77 90 104 119 134 150 166 43 47 55 68 82 97 113 129 145 162 29 34 45 60 75 91 108 125 142 159 15 23 38 54 71 88 105 122 140 157 0 18 35 52 70 87 104 122 139 156 15 23 38 54 71 88 105 122 140 157 29 34 45 60 75 91 108 125 142 159
66 96 67 100 27 96 77 18 102 52 126 25 98 35 59 150 16 31 31 146 47 79 46 82 33 125 74 28 97 56 122 18 100 25 57 139 18 44 25 115 102 100 101 105 112 121 131 143 156 170 88 86 87 92 100 110 121 134 148 162 74 72 73 79 88 99 112 126 140 155 60 57 60 67 77 90 104 118 134 150 47 43 46 55 67 82 97 112 129 145 34 29 34 45 60 75 91 108 125 142 23 15 23 38 54 71 88 105 122 140 18 0 18 35 52 70 87 104 122 139 23 15 23 38 54 71 88 105 122 140 34 29 34 45 60 75 91 108 125 142
52 99 50 104 37 79 61 34 98 41 112 41 92 42 49 137 29 30 45 129 35 82 31 88 41 109 58 44 93 46 107 35 93 9 47 126 15 28 39 100 106 101 99 101 105 112 121 131 143 156 93 87 85 87 92 99 109 121 134 148 80 73 71 73 79 88 99 112 126 140 67 60 57 60 67 77 90 104 118 134 55 46 43 46 55 67 81 97 112 129 45 34 29 34 45 60 75 91 108 125 38 23 15 23 38 54 71 88 105 122 35 18 0 18 35 52 70 87 104 122 38 23 15 23 38 54 71 88 105 122 45 34 29 34 45 60 75 91 108 125
40 106 34 111 52 63 45 51 97 34 98 58 89 54 44 124 45 37 60 113 29 88 20 98 54 94 44 60 92 41 93 52 88 12 42 113 27 16 56 84 112 105 101 99 100 105 111 120 131 143 100 92 87 85 87 91 99 109 121 134 88 79 73 71 73 79 88 99 112 125 77 67 60 57 59 66 77 89 103 118 68 55 46 43 46 55 67 81 97 112 60 45 34 29 33 45 59 75 91 108 54 38 23 15 23 38 54 71 88 105 52 35 18 0 18 35 52 70 87 104 54 38 23 15 23 38 54 71 88 105 60 45 34 29 33 45 59 75 91 108
33 114 19 121 67 47 30 68 99 36 86 75 90 68 46 113 62 50 76 96 33 97 21 109 69 79 32 77 94 42 79 69 87 29 44 102 43 18 72 70 121 112 105 100 99 100 104 111 120 130 110 100 92 87 85 86 91 99 109 120 99 88 79 73 71 73 78 87 99 111 90 77 67 59 57 59 66 77 89 103 82 67 55 46 43 46 55 67 81 96 75 60 45 33 29 33 45 59 75 91 71 54 38 23 15 23 38 54 71 88 70 52 35 18 0 18 35 52 70 87 71 54 38 23 15 23 38 54 71 88 75 60 45 33 29 33 45 59 75 91
34 124 14 131 83 33 21 85 103 45 76 92 94 84 53 103 79 65 93 81 44 108 33 121 85 66 27 94 99 50 68 86 90 46 52 92 60 32 89 58 132 121 112 105 100 98 99 104 110 119 122 110 99 91 86 84 86 91 98 108 112 99 88 79 73 70 72 78 87 98 104 90 77 66 59 56 59 66 76 89 97 82 67 55 46 42 46 55 67 81 91 75 60 45 33 28 33 45 59 75 88 71 54 38 23 14 23 38 54 71 87 70 52 35 18 0 18 35 52 70 88 71 54 38 23 14 23 38 54 71 91 75 60 45 33 28 33 45 59 75
44 136 25 144 100 24 24 102 111 58 69 109 101 100 65 96 96 81 110 66 58 120 49 135 101 56 32 111 107 62 60 104 96 63 64 85 77 48 106 49 144 131 121 111 104 99 98 99 103 110 134 121 109 99 91 86 84 85 90 98 126 112 99 88 78 72 70 72 78 87 119 104 90 77 66 59 56 59 66 76 113 97 81 67 55 46 42 46 54 67 108 91 75 59 45 33 28 33 45 59 105 88 71 54 38 23 14 23 38 54 104 87 70 52 35 18 0 18 35 52 105 88 71 54 38 23 14 23 38 54 108 91 75 59 45 33 28 33 45 59
57 149 41 157 117 26 37 119 120 73 65 126 110 116 78 91 113 97 127 53 74 134 65 149 117 49 44 129 117 76 56 121 104 80 78 81 94 65 123 45 156 143 131 120 111 104 99 97 99 103 148 134 121 109 99 91 85 83 85 90 140 126 112 99 87 78 72 70 72 77 134 118 104 89 77 66 59 56 58 65 129 112 97 81 67 55 46 42 45 54 125 108 91 75 59 45 33 28 33 45 122 105 88 71 54 38 23 14 23 38 122 104 87 70 52 35 18 0 18 35 122 105 88 71 54 38 23 14 23 38 125 108 91 75 59 45 33 28 33 45
72 163 57 171 134 37 52 137 131 89 67 143 121 133 93 89 131 114 144 42 90 148 82 164 134 49 59 146 129 92 57 138 114 98 93 81 111 82 141 47 170 156 143 131 120 110 103 99 97 98 162 148 134 121 109 98 90 85 83 85 156 140 126 112 99 87 78 72 69 71 150 134 118 103 89 76 66 58 55 58 145 129 112 97 81 67 54 45 42 45 142 125 108 91 75 59 45 33 28 33 140 122 105 88 71 54 38 23 14 23 139 122 104 87 70 52 35 18 0 18 140 122 105 88 71 54 38 23 14 23 142 125 108 91 75 59 45 33 28 33
88 177 74 185 151 52 68 154 144 105 72 161 134 149 109 91 148 131 161 38 107 163 99 180 151 54 75 163 141 107 63 156 126 115 109 85 128 99 158 55 184 170 156 143 130 119 110 103 98 96 177 162 148 134 120 108 98 90 85 83 171 155 140 125 111 98 87 77 71 69 166 150 134 118 103 89 76 65 58 55 162 145 129 112 96 81 67 54 45 42 159 142 125 108 91 75 59 45 33 28 157 140 122 105 88 71 54 38 23 14 156 139 122 104 87 70 52 35 18 0 157 140 122 105 88 71 54 38 23 14 159 142 125 108 91 75 59 45 33 28
88 110 88 112 13 117 98 23 121 75 148 27 118 23 82 173 29 32 10 166 69 94 68 93 20 146 96 29 116 79 144 19 121 46 79 162 40 59 3 137 115 116 119 125 133 143 154 166 179 192 100 102 106 112 121 132 144 156 170 184 86 88 93 100 110 122 134 148 162 177 72 74 80 88 99 112 126 140 156 171 58 60 67 77 90 104 119 134 150 166 43 47 55 68 82 97 113 129 145 162 29 34 45 60 75 91 108 125 142 159 15 23 38 54 71 88 105 122 140 157 0 18 35 52 70 87 104 122 139 156 15 23 38 54 71 88 105 122 140 157
74 110 71 114 15 100 82 28 115 62 134 34 111 22 70 159 28 19 23 150 56 93 53 96 20 131 80 37 110 67 129 25 112 31 68 148 30 42 19 121 116 114 115 119 125 133 142 153 165 178 102 100 101 105 112 121 131 143 156 170 88 86 87 92 100 110 121 134 148 162 74 72 73 79 88 99 112 126 140 155 60 57 60 67 77 90 104 118 134 150 47 43 46 55 67 82 97 112 129 145 34 29 34 45 60 75 91 108 125 142 23 15 23 38 54 71 88 105 122 140 18 0 18 35 52 70 87 104 122 139 23 15 23 38 54 71 88 105 122 140
61 113 56 118 30 85 67 40 112 53 120 47 106 32 62 146 38 16 39 134 47 96 41 101 32 116 66 50 107 59 115 39 106 20 60 135 28 24 36 107 119 115 114 115 118 124 132 142 153 165 106 101 99 101 105 112 121 131 143 156 93 87 85 87 92 99 109 121 134 148 80 73 71 73 79 88 99 112 126 140 67 60 57 60 67 77 90 104 118 134 55 46 43 46 55 67 81 97 112 129 45 34 29 34 45 60 75 91 108 125 38 23 15 23 38 54 71 88 105 122 35 18 0 18 35 52 70 87 104 122 38 23 15 23 38 54 71 88 105 122
52 118 41 124 46 70 53 55 111 48 108 62 104 46 58 134 51 28 56 118 43 101 33 109 47 102 54 65 106 55 102 55 102 22 56 123 36 7 53 93 125 119 115 113 114 118 124 132 141 152 112 105 101 99 100 105 111 120 131 143 100 92 87 85 87 91 99 109 121 134 88 79 73 71 73 79 88 99 112 125 77 67 60 57 59 66 77 89 103 118 68 55 46 43 46 55 67 81 97 112 60 45 34 29 33 45 59 75 91 108 54 38 23 15 23 38 54 71 88 105 52 35 18 0 18 35 52 70 87 104 54 38 23 15 23 38 54 71 88 105
47 126 30 132 63 56 41 71 112 50 97 78 104 62 60 124 66 44 73 103 46 108 34 119 64 88 44 81 108 56 90 71 101 34 57 113 49 11 70 80 133 125 118 114 113 114 117 123 131 141 121 112 105 100 99 100 104 111 120 130 110 100 92 87 85 86 91 99 109 120 99 88 79 73 71 73 78 87 99 111 90 77 67 59 57 59 66 77 89 103 82 67 55 46 43 46 55 67 81 96 75 60 45 33 29 33 45 59 75 91 71 54 38 23 15 23 38 54 71 88 70 52 35 18 0 18 35 52 70 87 71 54 38 23 15 23 38 54 71 88
48 135 27 142 80 44 35 88 117 56 88 95 108 79 65 115 83 60 90 88 54 118 42 131 80 77 41 97 112 62 80 88 104 49 64 105 64 29 88 69 143 133 124 118 114 112 113 117 123 131 132 121 112 105 100 98 99 104 110 119 122 110 99 91 86 84 86 91 98 108 112 99 88 79 73 70 72 78 87 98 104 90 77 66 59 56 59 66 76 89 97 82 67 55 46 42 46 55 67 81 91 75 60 45 33 28 33 45 59 75 88 71 54 38 23 14 23 38 54 71 87 70 52 35 18 0 18 35 52 70 88 71 54 38 23 14 23 38 54 71
55 146 34 153 98 38 37 104 123 67 82 111 114 96 75 109 99 77 108 75 66 130 55 144 97 68 44 114 119 72 73 105 108 66 74 98 80 46 105 62 154 142 132 124 117 113 112 113 116 122 144 131 121 111 104 99 98 99 103 110 134 121 109 99 91 86 84 85 90 98 126 112 99 88 78 72 70 72 78 87 119 104 90 77 66 59 56 59 66 76 113 97 81 67 55 46 42 46 54 67 108 91 75 59 45 33 28 33 45 59 105 88 71 54 38 23 14 23 38 54 104 87 70 52 35 18 0 18 35 52 105 88 71 54 38 23 14 23 38 54
66 158 47 166 115 39 46 121 132 80 79 128 122 113 87 104 116 94 125 63 80 142 70 157 114 63 54 131 128 85 70 122 116 82 86 95 97 63 122 58 166 153 142 132 123 117 113 111 112 116 156 143 131 120 111 104 99 97 99 103 148 134 121 109 99 91 85 83 85 90 140 126 112 99 87 78 72 70 72 77 134 118 104 89 77 66 59 56 58 65 129 112 97 81 67 55 46 42 45 54 125 108 91 75 59 45 33 28 33 45 122 105 88 71 54 38 23 14 23 38 122 104 87 70 52 35 18 0 18 35 122 105 88 71 54 38 23 14 23 38
79 171 62 179 132 47 59 138 142 95 80 145 132 130 100 103 133 111 142 55 95 156 86 171 131 62 66 148 139 98 71 139 125 99 100 95 114 81 140 60 179 165 153 141 131 123 116 112 110 112 170 156 143 131 120 110 103 99 97 98 162 148 134 121 109 98 90 85 83 85 156 140 126 112 99 87 78 72 69 71 150 134 118 103 89 76 66 58 55 58 145 129 112 97 81 67 54 45 42 45 142 125 108 91 75 59 45 33 28 33 140 122 105 88 71 54 38 23 14 23 139 122 104 87 70 52 35 18 0 18 140 122 105 88 71 54 38 23 14 23
93 185 78 193 149 59 73 155 153 110 85 162 143 147 115 104 150 129 159 51 111 170 102 186 149 66 81 165 151 113 76 156 136 116 115 98 130 98 157 67 192 178 165 152 141 131 122 116 112 110 184 170 156 143 130 119 110 103 98 96 177 162 148 134 120 108 98 90 85 83 171 155 140 125 111 98 87 77 71 69 166 150 134 118 103 89 76 65 58 55 162 145 129 112 96 81 67 54 45 42 159 142 125 108 91 75 59 45 33 28 157 140 122 105 88 71 54 38 23 14 156 139 122 104 87 70 52 35 18 0 157 140 122 105 88 71 54 38 23 14
96 124 93 127 9 122 104 38 135 85 156 41 131 13 92 181 42 29 7 171 79 108 76 107 10 153 103 43 129 89 151 33 133 53 90 170 51 60 13 144 129 130 133 138 145 154 164 176 188 201 115 116 119 125 133 143 154 166 179 192 100 102 106 112 121 132 144 156 170 184 86 88 93 100 110 122 134 148 162 177 72 74 80 88 99 112 126 140 156 171 58 60 67 77 90 104 119 134 150 166 43 47 55 68 82 97 113 129 145 162 29 34 45 60 75 91 108 125 142 159 15 23 38 54 71 88 105 122 140 157 0 18 35 52 70 87 104 122 139 156
84 124 78 128 11 107 89 40 129 74 143 46 124 9 83 168 42 12 21 155 68 108 63 110 10 138 88 49 124 79 137 37 125 41 80 157 43 44 22 129 130 128 129 132 138 145 154 164 175 187 116 114 115 119 125 133 142 153 165 178 102 100 101 105 112 121 131 143 156 170 88 86 87 92 100 110 121 134 148 162 74 72 73 79 88 99 112 126 140 155 60 57 60 67 77 90 104 118 134 150 47 43 46 55 67 82 97 112 129 145 34 29 34 45 60 75 91 108 125 142 23 15 23 38 54 71 88 105 122 140 18 0 18 35 52 70 87 104 122 139
73 127 64 131 28 92 75 49 126 66 130 56 120 25 76 156 49 7 38 140 60 109 53 114 27 124 76 59 121 72 124 47 120 34 73 145 42 28 38 115 133 129 128 129 132 137 144 153 163 175 119 115 114 115 118 124 132 142 153 165 106 101 99 101 105 112 121 131 143 156 93 87 85 87 92 99 109 121 134 148 80 73 71 73 79 88 99 112 126 140 67 60 57 60 67 77 90 104 118 134 55 46 43 46 55 67 81 97 112 129 45 34 29 34 45 60 75 91 108 125 38 23 15 23 38 54 71 88 105 122 35 18 0 18 35 52 70 87 104 122
65 132 52 137 45 78 63 62 125 62 119 69 118 42 72 145 60 24 56 125 57 114 47 122 44 111 65 72 120 69 112 61 116 35 70 134 48 16 54 102 138 132 129 127 128 131 137 144 153 163 125 119 115 113 114 118 124 132 141 152 112 105 101 99 100 105 111 120 131 143 100 92 87 85 87 91 99 109 121 134 88 79 73 71 73 79 88 99 112 125 77 67 60 57 59 66 77 89 103 118 68 55 46 43 46 55 67 81 97 112 60 45 34 29 33 45 59 75 91 108 54 38 23 15 23 38 54 71 88 105 52 35 18 0 18 35 52 70 87 104
60 138 43 144 63 66 54 77 126 63 109 84 118 59 73 136 73 41 73 110 59 121 47 131 61 99 57 87 121 70 101 76 115 43 71 125 58 18 71 91 145 138 132 128 127 127 131 136 143 152 133 125 118 114 113 114 117 123 131 141 121 112 105 100 99 100 104 111 120 130 110 100 92 87 85 86 91 99 109 120 99 88 79 73 71 73 78 87 99 111 90 77 67 59 57 59 66 77 89 103 82 67 55 46 43 46 55 67 81 96 75 60 45 33 29 33 45 59 75 91 71 54 38 23 15 23 38 54 71 88 70 52 35 18 0 18 35 52 70 87
61 147 41 153 80 57 49 92 130 69 101 100 121 77 78 128 88 59 90 97 66 130 54 141 79 89 55 102 126 75 92 92 117 56 76 117 71 32 88 81 154 145 137 131 127 126 127 130 135 143 143 133 124 118 114 112 113 117 123 131 132 121 112 105 100 98 99 104 110 119 122 110 99 91 86 84 86 91 98 108 112 99 88 79 73 70 72 78 87 98 104 90 77 66 59 56 59 66 76 89 97 82 67 55 46 42 46 55 67 81 91 75 60 45 33 28 33 45 59 75 88 71 54 38 23 14 23 38 54 71 87 70 52 35 18 0 18 35 52 70
67 157 46 164 97 52 50 108 136 78 95 116 126 94 86 122 104 76 107 85 76 140 64 153 96 81 57 118 132 83 86 108 122 71 85 112 86 48 106 75 164 154 144 137 131 127 125 126 130 135 154 142 132 124 117 113 112 113 116 122 144 131 121 111 104 99 98 99 103 110 134 121 109 99 91 86 84 85 90 98 126 112 99 88 78 72 70 72 78 87 119 104 90 77 66 59 56 59 66 76 113 97 81 67 55 46 42 46 54 67 108 91 75 59 45 33 28 33 45 59 105 88 71 54 38 23 14 23 38 54 104 87 70 52 35 18 0 18 35 52
76 168 56 175 114 52 57 125 143 89 93 132 134 111 97 118 120 93 125 75 88 152 77 166 113 77 65 135 140 94 83 125 128 87 95 109 102 65 123 72 176 164 153 144 136 130 126 125 126 129 166 153 142 132 123 117 113 111 112 116 156 143 131 120 111 104 99 97 99 103 148 134 121 109 99 91 85 83 85 90 140 126 112 99 87 78 72 70 72 77 134 118 104 89 77 66 59 56 58 65 129 112 97 81 67 55 46 42 45 54 125 108 91 75 59 45 33 28 33 45 122 105 88 71 54 38 23 14 23 38 122 104 87 70 52 35 18 0 18 35
88 180 69 188 132 58 68 141 153 102 94 148 143 128 109 117 136 110 142 68 102 164 92 179 130 76 76 151 150 107 84 142 136 103 108 109 118 82 140 74 188 175 163 153 143 135 130 126 124 125 179 165 153 141 131 123 116 112 110 112 170 156 143 131 120 110 103 99 97 98 162 148 134 121 109 98 90 85 83 85 156 140 126 112 99 87 78 72 69 71 150 134 118 103 89 76 66 58 55 58 145 129 112 97 81 67 54 45 42 45 142 125 108 91 75 59 45 33 28 33 140 122 105 88 71 54 38 23 14 23 139 122 104 87 70 52 35 18 0 18
101 193 84 201 149 69 81 158 163 117 98 165 153 146 122 118 153 128 159 65 117 178 107 193 148 79 88 168 161 120 88 159 146 119 122 111 134 99 157 79 201 187 175 163 152 143 135 129 125 124 192 178 165 152 141 131 122 116 112 110 184 170 156 143 130 119 110 103 98 96 177 162 148 134 120 108 98 90 85 83 171 155 140 125 111 98 87 77 71 69 166 150 134 118 103 89 76 65 58 55 162 145 129 112 96 81 67 54 45 42 159 142 125 108 91 75 59 45 33 28 157 140 122 105 88 71 54 38 23 14 156 139 122 104 87 70 52 35 18 0
