0.0 47.18353703338212 13.542483258776555 49.18663012798958 11.127846811934498 9.70551479020374 45.688873155251734 4.364803522030687 4.87236154665299 11.995913480855517 21.7769310890823 39.77014934824372 6.552908113459919 12.682452275492953 39.49858199192136 20.16064914067783 9.921425531290533 8.891355178163405 38.51518271785906 18.205628140024984 33.617692135451044 11.977020290894432 35.591399794311634 43.19103998355564 20.001873605464098 31.678068479517687 11.11710080560885 8.010644960251382 48.661763496674624 11.51225602421603 46.04727436888511 20.448752036120545 22.454679875753122 8.20015272913147 38.23742073511744 9.991518707567646 29.35400342808957 3.3884662805431978 26.648716484986394 34.08381927875067 33.46483102876073 31.543863559032587 30.006109032182934 7.98940923912117
47.18353703338212 0.0 34.43577541050032 95.27446729643982 46.294299570572676 56.18567425909417 92.40255402122492 49.625961396460276 49.306168915405145 57.56488194911299 46.46376032700648 54.14706900122396 45.82991602298983 55.37726092689299 74.86085246233175 48.476851907305004 37.63334928946386 42.29920829278723 84.30096095612551 63.79494371934923 61.40821779182238 56.8179894862544 66.227941246404 77.62846774819187 67.07992171943141 75.46258814471621 36.96127368886371 45.2831858326326 95.42870475452528 38.43469195808271 91.41352806581844 64.65671740426002 50.908591259874456 45.91182624779185 9.237693734119887 38.00368891286957 72.30636383086492 50.44023306872648 56.53540137896579 26.40475689186643 79.05282892232638 70.18163659227325 66.5885796608386 52.38568437502318
13.542483258776555 34.43577541050032 0.0 62.72859046390817 12.856048052983887 21.831938616500366 59.1883759145113 15.274117328508957 17.083057071972167 25.265128246654296 18.573059173862337 34.9676805833652 15.135499119073042 24.747176635754265 50.12035591507183 18.886092630645862 3.663019858589795 8.119746803676632 52.03200178856217 31.588790968196914 34.17034583248485 22.407522187552527 44.307587332186245 53.63773132115001 33.42852176434069 44.76779000720243 2.544812887352396 11.063394212276792 62.14536522143706 11.22789776170608 59.53368260088702 33.47043152082228 21.7886972438995 16.176826492030823 25.909427142066306 3.6424802376625918 42.17402284234534 16.930941261302635 27.537098639658137 21.445419082664483 46.94638682538937 38.01540309140829 35.1509396211282 17.953609911257534
49.18663012798958 95.27446729643982 62.72859046390817 0.0 55.392007166548176 42.3891008147449 5.914521969385362 48.274765069876004 46.171719384183916 37.81853232156989 63.61733377891861 77.48642688729888 49.456063244973514 39.980556303865264 34.080736644318826 60.748570794238844 59.09435028331029 56.71987879863523 11.003593075284611 31.51161003500439 64.12376053174744 44.001507002052165 42.34900588307242 35.317193256592624 29.7206077230886 21.101123337321717 60.291055826509634 54.263081779376094 5.6659495923182535 56.85508284648711 5.449027346983391 30.76635674822248 60.968442305501235 49.38060240674158 86.06334396376629 59.163282172755785 24.609726384311685 45.79844342968633 60.3843035061823 82.49473286652447 16.262251274060308 49.746893235744025 52.887134517869214 47.09254390796223
11.127846811934498 46.294299570572676 12.856048052983887 55.392007166548176 0.0 13.060728635697814 51.058408496665045 8.49082507534856 15.928119838222244 21.358971197324138 10.702071271600898 28.652999793489123 17.21825059544813 23.324870834794844 50.20807805569982 9.062825674098423 11.299344967879346 5.093011161932339 45.43129200683657 26.723320029547075 23.367158587267618 11.714194354471116 46.6980150393475 53.932311619249006 25.774772122601227 40.41013783710088 10.836195700001841 3.331348076074029 53.837364605403906 19.030744705556135 53.081947551326444 29.722649547584986 11.519500355731232 18.87167162691362 38.257987794065414 10.27184240586703 38.62077164491639 13.063820061402577 16.36206180841758 27.441774668120694 40.81669850223317 25.17427432589226 22.45477779303399 8.343829654927688
9.70551479020374 56.18567425909417 21.831938616500366 42.3891008147449 13.060728635697814 0.0 38.21570371552481 6.563655735518422 10.925184592372927 10.644846945004536 22.44913533942121 39.17194837615133 14.789469875096428 14.4915849951879 39.82118337101129 19.9001538823815 18.554846968742158 14.653796902747933 32.37165870909561 14.4915849951879 29.711592375577755 3.840723934871034 38.27062315550864 43.55555611933082 12.717758353649316 27.8663050471797 19.28753776411743 11.971768391595788 41.06084680604037 21.108008529052377 40.02187964572266 17.937423932074186 21.147197765374646 16.102544633013665 47.428569602649716 18.212274655670104 26.48159308822591 7.468026859979981 23.363068897985865 40.169498211714654 27.80232899541327 23.758890191288106 23.203527331323933 4.718787519605
45.688873155251734 92.40255402122492 59.1883759145113 5.914521969385362 51.058408496665045 38.21570371552481 0.0 44.362068738101726 43.09982098949994 34.85814125791253 58.816408459213896 72.15789834404383 46.641609586037276 37.58832010285421 35.95808124124229 55.91416129982327 55.60275369199738 52.76627561933936 9.885214125590567 28.74736960586539 58.59346181223335 39.47988781633653 43.35905735881384 37.72306729828474 25.796903627693663 20.614473377555523 56.70070181418532 50.17994937277081 3.052914313513743 54.162073372099215 8.903949737035482 28.67285176328977 55.97074109580628 46.74825512038876 83.24775492453699 55.574927862860505 24.042630914657867 42.31464904952585 55.09402169069524 78.37884729862151 14.571398079744322 44.023879913411875 47.26165104295585 42.859466368962444
4.364803522030687 49.625961396460276 15.274117328508957 48.274765069876004 8.49082507534856 6.563655735518422 44.362068738101726 0.0 8.194989788782229 12.885281826977105 19.07806864817267 36.83412100910129 10.815601411865611 14.970892428253407 41.78657767189397 17.072882189038545 12.001962680122341 8.445652039426557 37.923279296052606 18.459516230053875 29.695693439236976 7.926248012824343 38.685756788690945 45.518619725409195 18.595517591679783 32.17305949560631 12.729309181556335 6.213579572044328 47.261218397212936 15.636748857489769 45.55416593968899 21.306736782298785 19.07630882045955 12.425110427407997 40.895428202618845 11.649750597257402 30.238729430161328 4.769077205114179 22.803209775776864 34.25910421322586 33.08841535373286 27.186319201337707 25.65607612568021 3.6637204437326782
4.87236154665299 49.306168915405145 17.083057071972167 46.171719384183916 15.928119838222244 10.925184592372927 43.09982098949994 8.194989788782229 0.0 8.360717592682706 26.61137895885017 44.5804929748891 4.132947967161711 7.964732220933258 34.65661158223098 24.905180960044017 13.439318739970478 13.659335719903137 35.30330880365699 14.70633858192891 37.888921366888376 14.214304200153002 30.7708320655348 38.340776524058654 18.047830493792823 27.684887805721413 14.897354663235769 12.872857800163175 46.123259651016795 11.483281214528459 42.68599810671845 16.387761204130527 27.097923510460657 5.217798450292528 40.17218916576344 13.824199091639372 25.12849027296354 3.7541231492955585 30.995957597308298 38.237764301422786 30.126583120816928 34.367307175238224 33.30685124322424 11.234998137602997
11.995913480855517 57.56488194911299 25.265128246654296 37.81853232156989 21.358971197324138 10.644846945004536 34.85814125791253 12.885281826977105 8.360717592682706 0.0 31.80228141224157 49.232509146034765 11.792181702723292 4.728415299241416 29.355219113764242 29.572827145224966 21.602253592244534 20.621745028009343 26.942686954057745 6.352720744511106 40.34881749316433 14.445685038229792 27.686961942622965 33.09817248239409 10.704197296636812 19.684634180189352 22.959798944675605 18.963352187491825 37.894809873653145 19.34089643195008 34.34155464362038 8.51337532921108 31.217842047406048 12.039586243116446 48.39465617780164 21.851285398869223 17.464022902228304 8.810230013638561 33.91708647812109 46.07959273669355 21.772018908790404 33.475904656749115 33.46718742874128 14.001287387304156
21.7769310890823 46.46376032700648 18.573059173862337 63.61733377891861 10.702071271600898 22.44913533942121 58.816408459213896 19.07806864817267 26.61137895885017 31.80228141224157 0.0 18.01651388598925 27.595067798634307 34.005352560333485 60.862683632706826 2.944924055941746 19.008697248902525 13.999314837487054 54.2803448568913 36.77959515162636 15.95346901346248 19.870977442517958 57.36829064091685 64.59282281148518 34.71233772838886 50.30530686300067 17.773213994421173 13.786282001515083 61.402874190947294 27.96719639543535 61.86932261179971 39.990673309518904 4.492277028772088 29.212264395236687 39.81324852682785 17.838602584820574 48.776745771705976 23.741129065593913 10.117846436573057 22.89358004485291 50.00575005956561 24.288916766495124 20.381072231103847 18.038107062118073
39.77014934824372 54.14706900122396 34.9676805833652 77.48642688729888 28.652999793489123 39.17194837615133 72.15789834404383 36.83412100910129 44.5804929748891 49.232509146034765 18.01651388598925 0.0 45.59550103529139 51.80408149051293 78.52689876674754 19.76154211724053 36.27323978147891 31.890191739504527 69.23010995659286 53.65698730692498 14.682365193926746 35.93836132603771 75.35096946601645 82.2680296933489 50.39312571295382 66.75626933154366 34.827941986966714 31.79770738715346 74.40080419708329 45.39884532834951 76.57165912084785 57.090433989472366 18.043935489036418 47.202661399312774 49.9512744745485 35.13517813351819 65.61776188474298 41.57240857461953 17.11352981162275 27.744888766119995 65.50791014980857 30.193438261322584 26.089654903973244 35.23638899082206
6.552908113459919 45.82991602298983 15.135499119073042 49.456063244973514 17.21825059544813 14.789469875096428 46.641609586037276 10.815601411865611 4.132947967161711 11.792181702723292 27.595067798634307 45.59550103529139 0.0 9.89580439361793 35.174566780894914 26.26843260171526 11.712553855152393 13.813359008397317 38.502971767436584 17.96538247256089 40.11260725404928 17.80883402832701 30.182491405921105 38.761557657509854 21.982246925312296 30.231196566474186 13.338724693863197 13.920874240542215 49.68122236666413 7.564775237385202 45.73448255699153 19.06018230655715 28.71212332197886 1.6663270191152681 36.637212966405116 12.406353463053417 27.40095734734204 7.337948579875929 33.12297345009889 36.57909838270894 33.26995166522349 37.797536970133166 36.44800183903311 14.296742841370751
12.682452275492953 55.37726092689299 24.747176635754265 39.980556303865264 23.324870834794844 14.4915849951879 37.58832010285421 14.970892428253407 7.964732220933258 4.728415299241416 34.005352560333485 51.80408149051293 9.89580439361793 0.0 26.8991223861621 32.042539416631875 21.166711339179546 21.56478951284462 28.98010733781972 9.003647100131838 43.859404466091426 18.327941911923155 23.97702430890986 30.615474194110213 14.965211197533637 20.3452815056532 22.698222342842623 20.499802980327132 40.64123321468739 16.95439544127215 36.03853345287188 9.281145568720179 33.971868772702564 9.497186409339534 46.14697990544078 21.658566723110415 17.51495723976286 10.264406526856458 37.21282845369635 46.076853709561604 23.72145624519053 37.89196448971415 37.64882323139583 16.98606929868092
39.49858199192136 74.86085246233175 50.12035591507183 34.080736644318826 50.20807805569982 39.82118337101129 35.95808124124229 41.78657767189397 34.65661158223098 29.355219113764242 60.862683632706826 78.52689876674754 35.174566780894914 26.8991223861621 0.0 58.796099646376106 46.85038225131837 48.30495385763369 26.68501958922988 26.04248882604608 69.42374190251546 43.47755471130494 9.799574693154312 3.7433595600820033 32.04289155261257 17.922714205881373 48.49438021789454 47.39359178734739 38.254974516111304 39.85747530571399 28.632268404364336 22.30663003329119 60.55006629779372 33.97265214699355 65.95641447714206 47.58012282902947 16.212590856208024 37.14552960875508 63.184251410411754 71.47109987526991 24.21941184915516 60.35804541070908 61.338260924119425 43.34036562455441
20.16064914067783 48.476851907305004 18.886092630645862 60.748570794238844 9.062825674098423 19.9001538823815 55.91416129982327 17.072882189038545 24.905180960044017 29.572827145224966 2.944924055941746 19.76154211724053 26.26843260171526 32.042539416631875 58.796099646376106 0.0 18.74855840504836 13.161034279056594 51.49496919066796 34.32978609720241 15.295750249883568 17.141237837485416 55.659421717861235 62.534786190059584 31.98433860466801 47.76143516917926 17.707985455576928 12.348541847390527 58.48784630745415 27.408854960992613 59.066862176213256 37.625285257829 2.902616775520186 27.916469265910926 41.50164109663094 17.586312250865706 46.33629097020959 21.81669819270496 8.729874748776266 25.549160371245943 47.284178457057536 21.873038866409598 18.125950238440403 15.64712018923922
9.921425531290533 37.63334928946386 3.663019858589795 59.09435028331029 11.299344967879346 18.554846968742158 55.60275369199738 12.001962680122341 13.439318739970478 21.602253592244534 19.008697248902525 36.27323978147891 11.712553855152393 21.166711339179546 46.85038225131837 18.74855840504836 0.0 6.208050460828442 48.380518843003436 27.926134855791258 33.95861474559644 19.484968556542224 41.377384277507495 50.408894199857215 29.874179190366014 41.12008428887121 1.6658558595999007 8.78626289992436 58.56944635765043 9.131631446181453 55.87543960156685 29.822713846089425 21.605071462309724 12.884611509371018 28.902516492753925 1.1709631796898712 38.55144459346933 13.30730853700446 27.099342876051228 24.93032371102994 43.28822095471771 36.29064826321851 33.731193856254755 14.977095137177429
8.891355178163405 42.29920829278723 8.119746803676632 56.71987879863523 5.093011161932339 14.653796902747933 52.76627561933936 8.445652039426557 13.659335719903137 20.621745028009343 13.999314837487054 31.890191739504527 13.813359008397317 21.56478951284462 48.30495385763369 13.161034279056594 6.208050460828442 0.0 46.34950622585627 26.588533915593956 28.106296816432945 14.5880684538802 43.93599735312677 51.978468915952455 27.029067989817342 40.24386271365416 5.870679717246416 2.985335136234124 55.647290713747516 14.272987966122253 53.97193839768656 29.134061728237636 15.906928432829687 15.375112990882455 33.94939297116987 5.204490092561726 38.07983081396298 11.816266184747152 21.158915975278855 25.827604184381702 41.47421606394948 30.14962646384333 27.528122905049162 10.30124775577769
38.51518271785906 84.30096095612551 52.03200178856217 11.003593075284611 45.43129200683657 32.37165870909561 9.885214125590567 37.923279296052606 35.30330880365699 26.942686954057745 54.2803448568913 69.23010995659286 38.502971767436584 28.98010733781972 26.68501958922988 51.49496919066796 48.380518843003436 46.34950622585627 0.0 20.603577206647 56.65989329009776 34.42754115468814 33.59840390028765 28.837241941071238 19.679334704459404 10.74391251986923 49.63195109505206 44.03082251351689 12.709840391731975 45.871990370988584 7.651417009475908 19.76387208706345 52.03218303706316 38.39530364885106 75.08386073462736 48.506688356811594 14.202726459414382 35.13689716543684 52.16775495085645 72.17687380918612 5.25911629386663 43.43721118871138 45.9944163971238 37.08747994225306
18.205628140024984 63.79494371934923 31.588790968196914 31.51161003500439 26.723320029547075 14.4915849951879 28.74736960586539 18.459516230053875 14.70633858192891 6.352720744511106 36.77959515162636 53.65698730692498 17.96538247256089 9.003647100131838 26.04248882604608 34.32978609720241 27.926134855791258 26.588533915593956 20.603577206647 0.0 43.55390335449018 17.83210163956986 26.491697468758964 29.71247927879698 7.284480079681898 13.713970763967865 29.25526138541719 24.665650215152144 31.79644300176981 25.43761574212983 27.989017428660087 3.742890323354004 35.638613322853885 18.003279612218673 54.6012737390232 28.14021203131823 12.00650612522318 14.904189285670872 37.57054579375688 52.24647440609863 15.420684740374423 34.56582041539645 35.32578493317752 18.742710071020458
33.617692135451044 61.40821779182238 34.17034583248485 64.12376053174744 23.367158587267618 29.711592375577755 58.59346181223335 29.695693439236976 37.888921366888376 40.34881749316433 15.95346901346248 14.682365193926746 40.11260725404928 43.859404466091426 69.42374190251546 15.295750249883568 33.95861474559644 28.106296816432945 56.65989329009776 43.55390335449018 0.0 25.96971452322462 67.82922144505197 73.14118695228079 38.9721959585354 55.66823091096867 32.98290002730228 26.650963505186624 60.65990394415758 42.34610863665754 63.717299339688815 47.22643290238462 12.397441983863493 41.77710844457626 55.36985368088396 32.807746330972265 55.08826924910953 34.316017362596035 7.017572293717865 36.02334512365179 53.45639134646322 15.572617626247984 11.601060570812068 26.955366325593584
11.977020290894432 56.8179894862544 22.407522187552527 44.001507002052165 11.714194354471116 3.840723934871034 39.47988781633653 7.926248012824343 14.214304200153002 14.445685038229792 19.870977442517958 35.93836132603771 17.80883402832701 18.327941911923155 43.47755471130494 17.141237837485416 19.484968556542224 14.5880684538802 34.42754115468814 17.83210163956986 25.96971452322462 0.0 42.10099711847892 47.20343546207769 14.84598058969373 30.836919339010784 19.91366558549497 11.641655787296363 42.21308291665112 23.468579665314248 42.03622776208096 21.406538639498365 18.037663148665388 19.248495067668397 48.29673108375707 18.926763924948972 29.710747811415526 10.53151799822419 19.762755668385914 39.15475532009117 30.144874060991892 20.172947378903608 19.418275086695207 4.512125283413028
35.591399794311634 66.227941246404 44.307587332186245 42.34900588307242 46.6980150393475 38.27062315550864 43.35905735881384 38.685756788690945 30.7708320655348 27.686961942622965 57.36829064091685 75.35096946601645 30.182491405921105 23.97702430890986 9.799574693154312 55.659421717861235 41.377384277507495 43.93599735312677 33.59840390028765 26.491697468758964 67.82922144505197 42.10099711847892 0.0 11.640640175339355 33.51452275666325 23.364215984036147 43.04292396858598 43.5925952286206 45.93709767651783 33.38397290423938 36.949079679961315 22.966510919312533 57.76098379127052 28.722153472294526 57.52713139225428 42.26264029674713 20.502735606523007 33.917140172240785 61.18520617978429 65.1881135504927 30.010368705737307 60.783473493794986 61.08407351044187 40.95233904837776
43.19103998355564 77.62846774819187 53.63773132115001 35.317193256592624 53.932311619249006 43.55555611933082 37.72306729828474 45.518619725409195 38.340776524058654 33.09817248239409 64.59282281148518 82.2680296933489 38.761557657509854 30.615474194110213 3.7433595600820033 62.534786190059584 50.408894199857215 51.978468915952455 28.837241941071238 29.71247927879698 73.14118695228079 47.20343546207769 11.640640175339355 0.0 35.57651555667077 20.863544123884232 52.05871929604761 51.102331207270154 39.83354448106226 43.2379092090973 29.910706481889477 25.984414431011235 64.29313824736269 37.52441589311221 68.81404288868117 51.159550033984445 19.503728932257786 40.868685101708124 66.91836186016006 74.9394442227816 26.884044845292692 63.9257858267061 64.973212716842 47.083707536844244
20.001873605464098 67.07992171943141 33.42852176434069 29.7206077230886 25.774772122601227 12.717758353649316 25.796903627693663 18.595517591679783 18.047830493792823 10.704197296636812 34.71233772838886 50.39312571295382 21.982246925312296 14.965211197533637 32.04289155261257 31.98433860466801 29.874179190366014 27.029067989817342 19.679334704459404 7.284480079681898 38.9721959585354 14.84598058969373 33.51452275666325 35.57651555667077 0.0 16.699157931534202 30.926548837568014 24.542477684272715 28.729290907215155 29.506229691136028 27.323442471926146 10.555102919258946 32.74578118641837 22.505102986330463 58.03422184772762 29.803073940292204 16.434447324294243 16.670041844686068 33.62384114396289 52.77519416260939 15.299851996096459 28.365274801705144 29.674258165158186 17.43632439078225
31.678068479517687 75.46258814471621 44.76779000720243 21.101123337321717 40.41013783710088 27.8663050471797 20.614473377555523 32.17305949560631 27.684887805721413 19.684634180189352 50.30530686300067 66.75626933154366 30.231196566474186 20.3452815056532 17.922714205881373 47.76143516917926 41.12008428887121 40.24386271365416 10.74391251986923 13.713970763967865 55.66823091096867 30.836919339010784 23.364215984036147 20.863544123884232 16.699157931534202 0.0 42.54547742951387 38.37693781402203 23.451481149788126 37.187315281647436 16.372993200693386 11.29748112647828 48.86488426311489 29.80145099356973 66.22586575771537 41.45195203351082 3.511920248882497 28.472058506971823 50.1997077356253 65.75804201347762 6.647166920864106 44.52256018540952 46.19803677265567 32.31939664230171
11.11710080560885 36.96127368886371 2.544812887352396 60.291055826509634 10.836195700001841 19.28753776411743 56.70070181418532 12.729309181556335 14.897354663235769 22.959798944675605 17.773213994421173 34.827941986966714 13.338724693863197 22.698222342842623 48.49438021789454 17.707985455576928 1.6658558595999007 5.870679717246416 49.63195109505206 29.25526138541719 32.98290002730228 19.91366558549497 43.04292396858598 52.05871929604761 30.926548837568014 42.54547742951387 0.0 8.72233815115948 59.6509290570651 10.64475307941658 57.156943210625 31.252568289232645 20.592566149981227 14.536601174912775 28.38392473776969 1.1279722863642971 40.025762900089426 14.500035772909644 26.19921595898494 23.378740979392337 44.57164902684256 35.99082130803424 33.274753718359264 15.44330158616438
8.010644960251382 45.2831858326326 11.063394212276792 54.263081779376094 3.331348076074029 11.971768391595788 50.17994937277081 6.213579572044328 12.872857800163175 18.963352187491825 13.786282001515083 31.79770738715346 13.920874240542215 20.499802980327132 47.39359178734739 12.348541847390527 8.78626289992436 2.985335136234124 44.03082251351689 24.665650215152144 26.650963505186624 11.641655787296363 43.5925952286206 51.102331207270154 24.542477684272715 38.37693781402203 8.72233815115948 0.0 53.031870007623 15.85604363442324 51.67330984469212 27.443188636458736 14.848543551562312 15.567927519382192 36.927394749158765 7.922200086455449 36.39041891289305 10.337377550277514 19.636971339444393 28.234950719732968 39.24998015383754 27.53289733466899 25.111545272512142 7.454984914886661
48.661763496674624 95.42870475452528 62.14536522143706 5.6659495923182535 53.837364605403906 41.06084680604037 3.052914313513743 47.261218397212936 46.123259651016795 37.894809873653145 61.402874190947294 74.40080419708329 49.68122236666413 40.64123321468739 38.254974516111304 58.48784630745415 58.56944635765043 55.647290713747516 12.709840391731975 31.79644300176981 60.65990394415758 42.21308291665112 45.93709767651783 39.83354448106226 28.729290907215155 23.451481149788126 59.6509290570651 53.031870007623 0.0 57.2057162685855 10.215445570829246 31.717446176053794 58.45780146585256 49.79587884838733 86.27927811042244 58.52621633485636 26.91104187681105 45.29258934478259 57.387044420364674 81.20137262224311 17.548841678191483 45.855963016478064 49.23233770778983 45.68012471226029
11.51225602421603 38.43469195808271 11.22789776170608 56.85508284648711 19.030744705556135 21.108008529052377 54.162073372099215 15.636748857489769 11.483281214528459 19.34089643195008 27.96719639543535 45.39884532834951 7.564775237385202 16.95439544127215 39.85747530571399 27.408854960992613 9.131631446181453 14.272987966122253 45.871990370988584 25.43761574212983 42.34610863665754 23.468579665314248 33.38397290423938 43.2379092090973 29.506229691136028 37.187315281647436 10.64475307941658 15.85604363442324 57.2057162685855 0.0 52.991319749830296 26.235210344214316 30.178303694818403 7.477461358754254 29.212371378635186 10.263683132389312 34.16473940729953 13.84459126513289 35.36604717448838 31.823025392457073 40.620881322077665 42.578633436431396 40.61855651633283 19.289514643907033
46.04727436888511 91.41352806581844 59.53368260088702 5.449027346983391 53.081947551326444 40.02187964572266 8.903949737035482 45.55416593968899 42.68599810671845 34.34155464362038 61.86932261179971 76.57165912084785 45.73448255699153 36.03853345287188 28.632268404364336 59.066862176213256 55.87543960156685 53.97193839768656 7.651417009475908 27.989017428660087 63.717299339688815 42.03622776208096 36.949079679961315 29.910706481889477 27.323442471926146 16.372993200693386 57.156943210625 51.67330984469212 10.215445570829246 52.991319749830296 0.0 26.757628635049567 59.53724709623866 45.52216928156643 82.18073657014256 56.03410945646664 19.831263768523883 42.67933842365099 59.47364007703979 79.79898889780567 12.58729597287723 49.98423966979729 52.79987627216327 44.73819922443648
20.448752036120545 64.65671740426002 33.47043152082228 30.76635674822248 29.722649547584986 17.937423932074186 28.67285176328977 21.306736782298785 16.387761204130527 8.51337532921108 39.990673309518904 57.090433989472366 19.06018230655715 9.281145568720179 22.30663003329119 37.625285257829 29.822713846089425 29.134061728237636 19.76387208706345 3.742890323354004 47.22643290238462 21.406538639498365 22.966510919312533 25.984414431011235 10.555102919258946 11.29748112647828 31.252568289232645 27.443188636458736 31.717446176053794 26.235210344214316 26.757628635049567 0.0 39.05006786454934 18.771527878942877 55.42511069359629 30.161917298887328 8.95296126031034 17.319489715924583 41.168108487709915 54.50096025565145 14.508837435550806 38.28154056430013 39.06860271234557 21.98130445297619
22.454679875753122 50.908591259874456 21.7886972438995 60.968442305501235 11.519500355731232 21.147197765374646 55.97074109580628 19.07630882045955 27.097923510460657 31.217842047406048 4.492277028772088 18.043935489036418 28.71212332197886 33.971868772702564 60.55006629779372 2.902616775520186 21.605071462309724 15.906928432829687 52.03218303706316 35.638613322853885 12.397441983863493 18.037663148665388 57.76098379127052 64.29313824736269 32.74578118641837 48.86488426311489 20.592566149981227 14.848543551562312 58.45780146585256 30.178303694818403 59.53724709623866 39.05006786454934 0.0 30.371217057253094 44.12303402074684 20.446888903345307 47.62012320367656 23.84538602557372 5.886528596393246 27.29952257518674 48.0079316422965 19.833345424153904 15.892952505987806 17.216686397286693
8.20015272913147 45.91182624779185 16.176826492030823 49.38060240674158 18.87167162691362 16.102544633013665 46.74825512038876 12.425110427407997 5.217798450292528 12.039586243116446 29.212264395236687 47.202661399312774 1.6663270191152681 9.497186409339534 33.97265214699355 27.916469265910926 12.884611509371018 15.375112990882455 38.39530364885106 18.003279612218673 41.77710844457626 19.248495067668397 28.722153472294526 37.52441589311221 22.505102986330463 29.80145099356973 14.536601174912775 15.567927519382192 49.79587884838733 7.477461358754254 45.52216928156643 18.771527878942877 30.371217057253094 0.0 36.689736833904824 13.660641534480664 26.859531083177536 8.723356726305633 34.78855692894305 37.60400160287471 33.143610505078314 39.30750743052221 38.02477488806064 15.860104218430301
38.23742073511744 9.237693734119887 25.909427142066306 86.06334396376629 38.257987794065414 47.428569602649716 83.24775492453699 40.895428202618845 40.17218916576344 48.39465617780164 39.81324852682785 49.9512744745485 36.637212966405116 46.14697990544078 65.95641447714206 41.50164109663094 28.902516492753925 33.94939297116987 75.08386073462736 54.6012737390232 55.36985368088396 48.29673108375707 57.52713139225428 68.81404288868117 58.03422184772762 66.22586575771537 28.38392473776969 36.927394749158765 86.27927811042244 29.212371378635186 82.18073657014256 55.42511069359629 44.12303402074684 36.689736833904824 0.0 29.376838253452604 63.074948341045854 41.443376518164435 49.923386489039345 22.886493870367776 69.83324763083299 62.795841179186645 59.41984766069497 43.816159091805815
9.991518707567646 38.00368891286957 3.6424802376625918 59.163282172755785 10.27184240586703 18.212274655670104 55.574927862860505 11.649750597257402 13.824199091639372 21.851285398869223 17.838602584820574 35.13517813351819 12.406353463053417 21.658566723110415 47.58012282902947 17.586312250865706 1.1709631796898712 5.204490092561726 48.506688356811594 28.14021203131823 32.807746330972265 18.926763924948972 42.26264029674713 51.159550033984445 29.803073940292204 41.45195203351082 1.1279722863642971 7.922200086455449 58.52621633485636 10.263683132389312 56.03410945646664 30.161917298887328 20.446888903345307 13.660641534480664 29.376838253452604 0.0 38.95090270839415 13.373384359546817 25.96091821604511 24.42455846608498 43.449341787377655 35.347336766361565 32.72424193724932 14.43949185638455
29.35400342808957 72.30636383086492 42.17402284234534 24.609726384311685 38.62077164491639 26.48159308822591 24.042630914657867 30.238729430161328 25.12849027296354 17.464022902228304 48.776745771705976 65.61776188474298 27.40095734734204 17.51495723976286 16.212590856208024 46.33629097020959 38.55144459346933 38.07983081396298 14.202726459414382 12.00650612522318 55.08826924910953 29.710747811415526 20.502735606523007 19.503728932257786 16.434447324294243 3.511920248882497 40.025762900089426 36.39041891289305 26.91104187681105 34.16473940729953 19.831263768523883 8.95296126031034 47.62012320367656 26.859531083177536 63.074948341045854 38.95090270839415 0.0 26.263609319631797 49.34364675799563 63.345842667655994 9.758594410697036 44.737095345523365 46.10377565632435 30.738757347612513
3.3884662805431978 50.44023306872648 16.930941261302635 45.79844342968633 13.063820061402577 7.468026859979981 42.31464904952585 4.769077205114179 3.7541231492955585 8.810230013638561 23.741129065593913 41.57240857461953 7.337948579875929 10.264406526856458 37.14552960875508 21.81669819270496 13.30730853700446 11.816266184747152 35.13689716543684 14.904189285670872 34.316017362596035 10.53151799822419 33.917140172240785 40.868685101708124 16.670041844686068 28.472058506971823 14.500035772909644 10.337377550277514 45.29258934478259 13.84459126513289 42.67933842365099 17.319489715924583 23.84538602557372 8.723356726305633 41.443376518164435 13.373384359546817 26.263609319631797 0.0 27.4780026459264 37.343159845709714 30.10122234730859 30.647180323128417 29.552776012363314 7.509691427963513
26.648716484986394 56.53540137896579 27.537098639658137 60.3843035061823 16.36206180841758 23.363068897985865 55.09402169069524 22.803209775776864 30.995957597308298 33.91708647812109 10.117846436573057 17.11352981162275 33.12297345009889 37.21282845369635 63.184251410411754 8.729874748776266 27.099342876051228 21.158915975278855 52.16775495085645 37.57054579375688 7.017572293717865 19.762755668385914 61.18520617978429 66.91836186016006 33.62384114396289 50.1997077356253 26.19921595898494 19.636971339444393 57.387044420364674 35.36604717448838 59.47364007703979 41.168108487709915 5.886528596393246 34.78855692894305 49.923386489039345 25.96091821604511 49.34364675799563 27.4780026459264 0.0 32.233537460087554 48.567116235621825 15.319107035297256 11.10157827690172 20.2338251804307
34.08381927875067 26.40475689186643 21.445419082664483 82.49473286652447 27.441774668120694 40.169498211714654 78.37884729862151 34.25910421322586 38.237764301422786 46.07959273669355 22.89358004485291 27.744888766119995 36.57909838270894 46.076853709561604 71.47109987526991 25.549160371245943 24.93032371102994 25.827604184381702 72.17687380918612 52.24647440609863 36.02334512365179 39.15475532009117 65.1881135504927 74.9394442227816 52.77519416260939 65.75804201347762 23.378740979392337 28.234950719732968 81.20137262224311 31.823025392457073 79.79898889780567 54.50096025565145 27.29952257518674 37.60400160287471 22.886493870367776 24.42455846608498 63.345842667655994 37.343159845709714 32.233537460087554 0.0 67.28931189598 47.12458721259971 43.1064751092332 35.52215122349655
33.46483102876073 79.05282892232638 46.94638682538937 16.262251274060308 40.81669850223317 27.80232899541327 14.571398079744322 33.08841535373286 30.126583120816928 21.772018908790404 50.00575005956561 65.50791014980857 33.26995166522349 23.72145624519053 24.21941184915516 47.284178457057536 43.28822095471771 41.47421606394948 5.25911629386663 15.420684740374423 53.45639134646322 30.144874060991892 30.010368705737307 26.884044845292692 15.299851996096459 6.647166920864106 44.57164902684256 39.24998015383754 17.548841678191483 40.620881322077665 12.58729597287723 14.508837435550806 48.0079316422965 33.143610505078314 69.83324763083299 43.449341787377655 9.758594410697036 30.10122234730859 48.567116235621825 67.28931189598 0.0 41.04796923646342 43.23001062850549 32.489739427527745
31.543863559032587 70.18163659227325 38.01540309140829 49.746893235744025 25.17427432589226 23.758890191288106 44.023879913411875 27.186319201337707 34.367307175238224 33.475904656749115 24.288916766495124 30.193438261322584 37.797536970133166 37.89196448971415 60.35804541070908 21.873038866409598 36.29064826321851 30.14962646384333 43.43721118871138 34.56582041539645 15.572617626247984 20.172947378903608 60.783473493794986 63.9257858267061 28.365274801705144 44.52256018540952 35.99082130803424 27.53289733466899 45.855963016478064 42.578633436431396 49.98423966979729 38.28154056430013 19.833345424153904 39.30750743052221 62.795841179186645 35.347336766361565 44.737095345523365 30.647180323128417 15.319107035297256 47.12458721259971 41.04796923646342 0.0 4.271515165573776 23.561737258978564
30.006109032182934 66.5885796608386 35.1509396211282 52.887134517869214 22.45477779303399 23.203527331323933 47.26165104295585 25.65607612568021 33.30685124322424 33.46718742874128 20.381072231103847 26.089654903973244 36.44800183903311 37.64882323139583 61.338260924119425 18.125950238440403 33.731193856254755 27.528122905049162 45.9944163971238 35.32578493317752 11.601060570812068 19.418275086695207 61.08407351044187 64.973212716842 29.674258165158186 46.19803677265567 33.274753718359264 25.111545272512142 49.23233770778983 40.61855651633283 52.79987627216327 39.06860271234557 15.892952505987806 38.02477488806064 59.41984766069497 32.72424193724932 46.10377565632435 29.552776012363314 11.10157827690172 43.1064751092332 43.23001062850549 4.271515165573776 0.0 22.16681391926685
7.98940923912117 52.38568437502318 17.953609911257534 47.09254390796223 8.343829654927688 4.718787519605 42.859466368962444 3.6637204437326782 11.234998137602997 14.001287387304156 18.038107062118073 35.23638899082206 14.296742841370751 16.98606929868092 43.34036562455441 15.64712018923922 14.977095137177429 10.30124775577769 37.08747994225306 18.742710071020458 26.955366325593584 4.512125283413028 40.95233904837776 47.083707536844244 17.43632439078225 32.31939664230171 15.44330158616438 7.454984914886661 45.68012471226029 19.289514643907033 44.73819922443648 21.98130445297619 17.216686397286693 15.860104218430301 43.816159091805815 14.43949185638455 30.738757347612513 7.509691427963513 20.2338251804307 35.52215122349655 32.489739427527745 23.561737258978564 22.16681391926685 0.0
