0.0 35.92196166833737 30.043779239099084 46.73473226634933 38.456869330201144 37.616483276365194 35.77988253724464 0.6256779276156387 17.089471514046608 48.89788018235377 13.812720056686459 14.629022903610295 14.418969140108004 59.75473752872781 39.62304281160559 5.72479961288652 22.76181113851688 54.74040940780535 31.486791595028382 48.786989064875215 4.709293504705912 33.59661629947712 34.07439186895678 20.19370440591552 36.99328770753312 37.883796076742364 32.18987226751927 4.317229256900652 21.017620659337936 54.774128445706964 15.076591909089725 11.362182456365383 17.02306962180628 33.238993187008774 44.005039942006746 3.4372125675323852 17.082767139231702 51.39790361113042 29.418828298352516 43.90526923189555 39.93199899144851 32.74423560455256 62.05463248408697 25.407211962150146 13.822223701926278 59.49413439443553 48.12565151075423 11.804324197419119
35.92196166833737 0.0 15.761434240029399 65.4103634874605 40.55565111021261 65.89618177814484 17.097895152432624 35.3648622482058 40.632808242436134 65.834308238964 41.21275895933997 28.02863467492401 47.371346608015834 51.86865386019031 7.849623988604938 33.141825503897735 50.46714913972614 20.7837699875296 52.88715668493472 59.59211506054108 34.12442838703746 2.3615823339625273 12.237834576817972 43.84552969279175 38.72219831506555 64.7059028129207 19.41985003657348 33.731508148174726 41.1590328396915 78.14713250540917 43.07938785174653 34.87812402275012 49.63860894019922 14.281336998426532 9.988025871555134 32.48813757913522 46.64725318035926 15.972861799655398 51.00581322363654 49.143637332894315 54.87187469309847 34.93024998305167 77.55973248559324 51.53294450974022 22.372323080506394 70.7514280754215 18.213670054175267 29.31538820605981
30.043779239099084 15.761434240029399 0.0 50.09279222665306 49.500050898092006 52.635509294014284 29.97209985354882 29.41822510860878 28.30901733483035 50.32443241247119 40.1076742536237 17.225262193463163 43.97086718193577 38.64311650009997 23.506674128344073 29.850531557740776 38.04641886466237 26.681183290563922 38.50661594168032 43.83339760692436 26.510447493520783 14.226131961573223 5.173104051628716 30.96956522067568 47.597573399780615 51.04327805381213 30.356839224588697 26.426949244993462 27.70871043793224 63.2798522064146 41.93130931759446 24.326435822230433 46.53175658705839 3.43776262885758 25.529065997599822 26.921284551346034 35.38312074572754 25.50687074646485 36.79721452450634 33.43721351898325 60.26978281339659 43.13270016252644 61.8498651598831 51.95528408165389 17.27478053939165 54.99554647721249 18.669461189650296 28.98356398848523
46.73473226634933 65.4103634874605 50.09279222665306 0.0 84.8599454448681 19.31114467623787 75.35208944891517 46.598031486205265 30.1059393207201 3.4008711718988014 59.416353953296614 40.66333873367889 55.38888880213189 41.86239334977287 72.68434521667903 52.17289499114247 25.08272269411609 73.47199934579416 15.254909639493064 13.289700330032822 43.222576084066496 63.47121995196449 54.855209158485756 26.6739749978559 83.2747497077288 16.237207761245568 73.47959870204005 43.92517433038974 27.03676570063965 14.453542220345438 60.049259768289915 37.11807050976149 57.152137723033825 52.65547066838913 75.38219480625823 47.53572105335394 30.564954158884156 74.4492529806002 17.349988247940654 22.556466170464258 85.78917664842422 78.80256873386607 15.505359315577715 68.73378321826773 49.853614501208654 16.56416393702531 64.17990028766471 57.39313329881658
38.456869330201144 40.55565111021261 49.500050898092006 84.8599454448681 0.0 75.56450709601155 24.539590987373725 38.492852053647816 54.768667118012054 86.77470031501136 28.593021979093177 46.14706574624864 36.17574277512602 87.89535735317128 36.34230271711569 32.81682137272773 61.20127863428775 59.64048447316579 69.63339798266247 85.04487155657182 41.64198054698922 39.79920848475272 49.52120303074249 58.190068896202064 1.9031265132331638 76.13295007213448 21.189608870030426 40.93746038476574 58.13950933391548 93.18952757784307 29.10864265844694 47.882585142030685 36.4305947930169 50.56829613528602 39.97231888694608 37.328715448644076 55.49610553026751 53.38815646663077 67.51998457676824 77.71523904607625 18.04686769881885 6.508280727310469 99.92828437966519 28.243796433706294 37.33398170617311 96.28761062523537 58.76133903011578 27.49537114753312
37.616483276365194 65.89618177814484 52.635509294014284 19.31114467623787 75.56450709601155 0.0 71.63960439954188 37.7347736631979 25.340291385558658 22.711221634615395 47.69422666193812 38.02653864456333 41.8208785825898 57.238635308588336 72.06623665461406 43.328247163867644 15.779237541423088 78.79010749508072 15.629545930164966 30.8551561915283 35.7440397585442 63.6452956306203 57.80366182522902 22.05070648837205 74.23997997799222 3.177255761847478 68.7340082844044 36.42438573405221 24.96235607367768 18.82548263248927 47.80411151549159 31.844338807837104 42.99476968797368 55.84598456098805 75.64750465240513 39.6814621274464 20.86250264996091 78.14213453632131 16.6215867012823 36.197622959552454 72.92290339228656 70.18039184519988 32.689358331315965 54.787882378899376 45.81851356177834 35.84088137897451 69.88403812487337 49.38685667282544
35.77988253724464 17.097895152432624 29.97209985354882 75.35208944891517 24.539590987373725 71.63960439954188 0.0 35.419670270674395 46.88607796431953 76.41882348217055 34.87335634726074 34.833943387395315 42.59984084937648 68.14133147605942 11.81399111418962 30.91359186370585 55.88627654631662 35.11141908092105 61.176737110191006 71.90979088855347 36.221297570695576 17.07397984775336 28.1780817237676 50.469642034920874 22.845467246455794 71.16621784452416 4.637152071024665 35.59505217589199 48.833386115022 86.56950393402533 36.487011156026504 39.935394628025904 44.274485399168455 29.80807674980409 15.540238886547298 32.84848244154012 50.908516811319345 28.853502096398763 59.095222633003004 62.499901136114545 40.78962279189673 19.87946702579874 88.99187131455764 42.27582347792344 26.013099304542457 83.33724451119632 34.88825105618965 25.030396518769237
0.6256779276156387 35.3648622482058 29.41822510860878 46.598031486205265 38.492852053647816 37.7347736631979 35.419670270674395 0.0 16.848265876094274 48.727654368419 14.218889567823016 14.042712691906585 15.018099800921641 59.22965360182053 39.127686112247275 5.690452784629573 22.77035567826223 54.13754314235484 31.344681057422537 48.48866627045333 4.22783300027087 33.03622735848327 33.45337980917419 20.009660946388202 37.009316898736216 37.95021727031671 31.875892832333808 3.7861277173195442 20.728379479915045 54.784688269256854 15.525618852150503 10.959753464664775 17.622739331155934 32.614456055658636 43.49598154404734 2.87920365305939 17.116947869905914 50.81658785618515 29.266588750582766 43.49241177879446 40.24251985461832 32.72613820316591 61.88995623026881 25.890125713946215 13.228186312753406 59.23749367319464 47.506351090378985 11.653665901697048
17.089471514046608 40.632808242436134 28.30901733483035 30.1059393207201 54.768667118012054 25.340291385558658 46.88607796431953 16.848265876094274 0.0 32.03275284336445 30.610311722943834 12.686344527533118 28.66466155979367 46.487240560268596 46.7276237215072 22.235162753552434 9.87272157262613 54.96547888196954 14.950372467203868 31.80365726854523 13.178306800449379 38.35786017101263 33.44037435618094 3.610637094215844 53.17251935672211 24.448397519616865 44.39632454382187 13.870474597359872 4.218000826919417 39.82230394267659 31.60933613927319 7.140350964447588 30.98189383871805 31.689762270719413 50.32498617498065 17.47769445951496 7.608925387944945 53.57532577991353 12.8186147988305 28.144733665054726 56.96185967104419 48.69702675770952 45.2002991437507 41.41542213741606 20.87334136604173 42.407267118532566 46.56400100001966 27.288798050611284
48.89788018235377 65.834308238964 50.32443241247119 3.4008711718988014 86.77470031501136 22.711221634615395 76.41882348217055 48.727654368419 32.03275284336445 0.0 61.821575595565896 41.96708928664081 58.06859558716997 39.455206661265954 73.24314233211236 54.233937080178 27.76294990136463 72.94667358611763 17.492198906623123 10.770432766794574 45.20796357207382 63.96801203823849 54.94624758692814 28.721459887821403 85.15541984860896 19.631420232397744 74.7288898506163 45.90232832946708 28.69450132896391 16.20542083057569 62.52292150617003 38.909235249796176 59.89894940947729 52.73024493123952 75.76742176844604 49.51040209467121 33.10594584629432 74.22168371128198 19.50320948058046 21.018513154479166 88.24489963480646 80.63925611497055 13.169460593204018 71.40108108364137 51.217852433278864 13.189755921563817 63.65171338821644 59.27977847509088
13.812720056686459 41.21275895933997 40.1076742536237 59.416353953296614 28.593021979093177 47.69422666193812 34.87335634726074 14.218889567823016 30.610311722943834 61.821575595565896 0.0 27.441066874562278 8.132555680354171 73.03304571845348 42.44175162043381 10.642594379320432 34.55624758092595 61.67662517346514 44.330977660435416 62.412295266240534 18.42747284063783 39.15990440482499 43.11008214194556 33.428576769804 27.562134443106693 48.62524960933248 30.40273768913465 17.913170386045756 34.67108543759968 65.93772076105472 1.8824697682284586 25.171994515225304 9.43361108572824 42.85173921348202 47.074211087553174 15.076219890771128 28.906808460572066 57.179378333364006 42.35410435443422 57.71094886816994 26.446589873005905 24.24095530152143 74.88744986422357 12.09744658415007 22.85785574586132 72.92348746507871 56.55830102955976 11.94464850429659
14.629022903610295 28.02863467492401 17.225262193463163 40.66333873367889 46.14706574624864 38.02653864456333 34.833943387395315 14.042712691906585 12.686344527533118 41.96708928664081 27.441066874562278 0.0 29.038715055526676 45.60287709576119 34.04445231261561 16.926684285459935 22.455934879838054 43.65245943507592 26.35317132333997 38.989143260973904 10.225347470957209 25.72973772426046 22.05211654565789 16.074353719682797 44.38604176671838 37.066998442178985 32.816266678744554 10.398017523694394 14.023328227363697 51.796881638416224 29.003942077578454 7.186974813415126 31.640389494958136 20.652100037521894 37.65298328373637 12.410026500407046 18.76355588227097 41.603034493626986 24.28537054817165 31.80764757702872 51.91549735594212 39.736620349902196 54.85831020024987 39.476465252296975 9.268125079569382 50.335518224354935 35.89438156978282 19.518785687724336
14.418969140108004 47.371346608015834 43.97086718193577 55.38888880213189 36.17574277512602 41.8208785825898 42.59984084937648 15.018099800921641 28.66466155979367 58.06859558716997 8.132555680354171 29.038715055526676 0.0 73.74052135624511 49.41380559687836 14.480089330684695 30.317009107678327 67.34434193161644 40.7934130149284 59.98750559844537 18.911058091220866 45.18897269800413 47.6062929026147 30.825719112714502 35.28708704871049 43.133994599317646 38.22011253496008 18.656749142173084 32.88155179294612 60.463236997405545 7.128047605726845 24.818250610577373 2.6048527644553423 47.01476115207067 54.02158737715812 17.144083762818273 25.047937989064447 63.298652721374346 38.98932883044655 56.72260990928257 31.105639337609833 32.20689911532358 70.87995588401316 13.345733020469519 26.935266544482612 69.90319512189897 61.47632805730515 18.362795535747818
59.75473752872781 51.86865386019031 38.64311650009997 41.86239334977287 87.89535735317128 57.238635308588336 68.14133147605942 59.22965360182053 46.487240560268596 39.455206661265954 73.03304571845348 45.60287709576119 73.74052135624511 0.0 59.439542747167636 62.51930276979597 51.14497417222929 46.98356947508606 42.82771745635735 28.688634455093617 55.06061440256792 51.26663396702416 39.99028212977267 45.93400051865083 86.0004326807918 54.21688910232209 68.94034447591194 55.44445704075147 42.590713345881326 55.574336632716445 74.55975955981063 48.93121625078311 76.26908737117355 38.34247409367202 59.53709099466529 57.9652324621314 53.10678754931984 51.30919771947016 42.96407879595972 21.09777216151727 96.87346962077233 81.4446944917191 43.39059386329117 85.02319866548916 52.10223590737527 33.600012814526124 39.24589887549994 64.27316994702146
39.62304281160559 7.849623988604938 23.506674128344073 72.68434521667903 36.34230271711569 72.06623665461406 11.81399111418962 39.127686112247275 46.7276237215072 73.24314233211236 42.44175162043381 34.04445231261561 49.41380559687836 59.439542747167636 0.0 35.91068238894998 56.41772095355677 23.299434059605982 59.69997619029238 67.28090928091196 38.63773770231441 9.332164810864578 20.07441956277762 50.09833753497454 34.62805962899341 71.08192098087474 15.534605412010905 38.14544883027796 47.69349504474466 85.10896417104966 44.23353728301009 40.47569131119411 51.45748338171617 22.130819733280923 4.633135957342065 36.28139035220753 52.174573653823 17.104130767975164 57.75135220605759 56.93540328864524 52.187501370211066 31.444850240549275 85.14698105692783 51.55542171360702 26.989678823898103 78.49143785409017 23.628738820475057 31.05357889363498
5.72479961288652 33.141825503897735 29.850531557740776 52.17289499114247 32.81682137272773 43.328247163867644 30.91359186370585 5.690452784629573 22.235162753552434 54.233937080178 10.642594379320432 16.926684285459935 14.480089330684695 62.51930276979597 35.91068238894998 0.0 28.459110584822223 52.890783527156636 36.91939052940563 53.57303689582136 9.091324897734607 30.90490091253645 33.23610602553829 25.52234327419878 31.32278633034158 43.608269992264475 27.076135873730436 8.42716257006096 25.935701157460304 60.473835889191584 12.336647393413166 15.802349285654635 16.932703933828833 32.76330861500025 40.43215142073068 4.948749433539554 22.796076066753436 48.985215740494745 34.825273605931194 47.9335505046991 35.437210174182 27.03696684011415 67.40294653811227 22.74004089709659 12.610966393391355 64.47955984301747 47.028603745847796 6.218832232056202
22.76181113851688 50.46714913972614 38.04641886466237 25.08272269411609 61.20127863428775 15.779237541423088 55.88627654631662 22.77035567826223 9.87272157262613 27.76294990136463 34.55624758092595 22.455934879838054 30.317009107678327 51.14497417222929 56.41772095355677 28.459110584822223 0.0 64.63336267292918 10.806391993701467 30.853439710423785 20.264880147755342 48.17924711608273 43.20166112631364 7.165953846022035 59.75304250975372 15.39445586317862 53.06136950242493 20.964437232101705 10.831007716694717 32.014783009396616 35.077355367512936 16.070974795065446 32.138992560425024 41.39165516480026 60.102852131314265 24.384758047410468 5.72437756583514 63.404158801702884 9.379291000223388 30.83712793929294 60.8029556748253 55.49606186518055 40.58463442862721 43.65843650609961 30.039515112013003 39.910566269696005 56.071210687441095 34.28529509270881
54.74040940780535 20.7837699875296 26.681183290563922 73.47199934579416 59.64048447316579 78.79010749508072 35.11141908092105 54.13754314235484 54.96547888196954 72.94667358611763 61.67662517346514 43.65245943507592 67.34434193161644 46.98356947508606 23.299434059605982 52.890783527156636 64.63336267292918 0.0 63.977074186662946 64.35563570805192 52.01652722386247 22.615677388546267 21.633387688083523 57.50536550539928 57.91817356422569 76.9527732188793 38.67973452962235 51.782130056284934 54.09269938825204 87.50275566681118 63.55573297233294 50.831717001697456 69.72434234132274 23.278290246256617 20.05918276528396 51.34831344048554 62.05809508052644 6.5955563033106115 62.48611429485305 52.95804933832149 75.12557260077548 54.61287988371432 82.67085267973327 72.27137193785914 40.935170605776854 74.23157310900558 9.296516078074317 49.732041589190125
31.486791595028382 52.88715668493472 38.50661594168032 15.254909639493064 69.63339798266247 15.629545930164966 61.176737110191006 31.344681057422537 14.950372467203868 17.492198906623123 44.330977660435416 26.35317132333997 40.7934130149284 42.82771745635735 59.69997619029238 36.91939052940563 10.806391993701467 63.977074186662946 0.0 20.13972244273468 27.99153014997046 50.76978802716114 43.59370788187402 11.448570808237983 68.06269436764059 13.232080482777857 58.980669730356745 28.69667353046916 12.345114220808373 25.48562126833388 45.04971777106099 22.05050454043942 42.734488357757165 41.51597195347821 62.84332790447711 32.30469204341269 15.746579578338302 63.85618288510676 2.13391979423662 21.81480812958512 70.7603447237492 63.614878399593415 30.601335727281544 54.082824111930925 35.30276317732993 29.169679978616863 54.90385664845316 42.193815924360294
48.786989064875215 59.59211506054108 43.83339760692436 13.289700330032822 85.04487155657182 30.8551561915283 71.90979088855347 48.48866627045333 31.80365726854523 10.770432766794574 62.412295266240534 38.989143260973904 59.98750559844537 28.688634455093617 67.28090928091196 53.57303689582136 30.853439710423785 64.35563570805192 20.13972244273468 0.0 44.52628515115653 57.952001242385414 47.99081114033029 29.20196323762509 83.3136020127284 27.68026619521026 70.81682802784054 45.16458639095088 27.77081127209688 26.94365897769883 63.40234699240274 37.77144494950927 62.11469967117557 45.77393722112866 69.30767513699249 48.64594066751938 35.2350015364542 66.26635664772834 21.49236360464679 11.411826580123822 88.71791567999148 78.68195750599384 18.370840355136476 73.04711654752579 48.12381364476604 11.44770474145327 55.127079760590185 57.836641928696096
4.709293504705912 34.12442838703746 26.510447493520783 43.222576084066496 41.64198054698922 35.7440397585442 36.221297570695576 4.22783300027087 13.178306800449379 45.20796357207382 18.42747284063783 10.225347470957209 18.911058091220866 55.06061440256792 38.63773770231441 9.091324897734607 20.264880147755342 52.01652722386247 27.99153014997046 44.52628515115653 0.0 31.765433970686313 30.868944544335776 16.549240326805798 40.07544218443128 35.64483234484753 33.06297751990789 0.7113065980788735 16.846473504503418 52.10688075107944 19.752943939532727 6.814009963024827 21.501624522998824 29.822531686573107 42.82556876568135 4.313441346361185 14.8815746558976 49.12156907490336 25.87843877992442 39.29648822803678 44.292297710509686 35.65398966334836 58.3765954551402 30.111980444238867 11.777563201185528 55.39335121711507 44.93975676608339 14.23991606742896
33.59661629947712 2.3615823339625273 14.226131961573223 63.47121995196449 39.79920848475272 63.6452956306203 17.07397984775336 33.03622735848327 38.35786017101263 63.96801203823849 39.15990440482499 25.72973772426046 45.18897269800413 51.26663396702416 9.332164810864578 30.90490091253645 48.17924711608273 22.615677388546267 50.76978802716114 57.952001242385414 31.765433970686313 0.0 11.314013276799106 41.597372852283506 37.93970421241485 62.49027233299623 18.857419990958736 31.374907011621303 38.96318938771286 76.0847550630417 41.03272711463896 32.545522835254275 47.48099825461072 13.181892398413254 12.07887963443733 30.16116893718778 44.31613308386723 18.110177946814375 48.86852836909051 47.661629031814456 53.5994890856906 33.989906659588954 75.82018006362645 49.65846836415293 20.017806766718532 69.17612477132616 19.23471426833676 27.233403671083515
34.07439186895678 12.237834576817972 5.173104051628716 54.855209158485756 49.52120303074249 57.80366182522902 28.1780817237676 33.45337980917419 33.44037435618094 54.94624758692814 43.11008214194556 22.05211654565789 47.6062929026147 39.99028212977267 20.07441956277762 33.23610602553829 43.20166112631364 21.633387688083523 43.59370788187402 47.99081114033029 30.868944544335776 11.314013276799106 0.0 36.13577699823971 47.62423686551265 56.19342103552436 29.335466896929557 30.71567975910382 32.881551792946176 68.21617594075337 44.97090242114031 29.21785061637408 50.12172933971346 2.2239081107048704 21.422259779984756 30.813453855654252 40.440476020407694 20.3422690971655 41.91198993846508 37.24434914646953 61.594678354518926 43.34397080680119 66.17644993480717 54.684677937704755 20.671269952235786 58.972396296956525 14.076712012494216 31.535896953604762
20.19370440591552 43.84552969279175 30.96956522067568 26.6739749978559 58.190068896202064 22.05070648837205 50.469642034920874 20.009660946388202 3.610637094215844 28.721459887821403 33.428576769804 16.074353719682797 30.825719112714502 45.93400051865083 50.09833753497454 25.52234327419878 7.165953846022035 57.50536550539928 11.448570808237983 29.20196323762509 16.549240326805798 41.597372852283506 36.13577699823971 0.0 56.615123295210225 20.992822801582445 48.00410278644662 17.252783614569587 3.8019660108433495 36.21203228194334 34.310713025312644 10.742180800342926 33.01921843612432 34.29040215385626 53.613159241865866 20.86263198914171 7.17327947678621 56.39642929339187 9.330188246404546 26.665217691848273 59.860090463823084 52.16694495094737 41.88757869619347 43.84552969279169 24.457369190836943 39.49851259681006 48.91086146143449 30.745413969118815
36.99328770753312 38.72219831506555 47.597573399780615 83.2747497077288 1.9031265132331638 74.23997997799222 22.845467246455794 37.009316898736216 53.17251935672211 85.15541984860896 27.562134443106693 44.38604176671838 35.28708704871049 86.0004326807918 34.62805962899341 31.32278633034158 59.75304250975372 57.91817356422569 68.06269436764059 83.3136020127284 40.07544218443128 37.93970421241485 47.62423686551265 56.615123295210225 0.0 74.75266269642685 19.388669836563878 39.36856067547978 56.49725637118996 91.75855115214922 28.18103269566156 46.25006060211102 35.665415092748184 48.66672880937846 38.325891930284165 35.764963381451224 54.059301453978826 51.698413584856766 65.9448799716079 75.90860309098728 19.072868153718282 4.669541052225698 98.30128256590633 27.98121077161539 35.52745956007204 94.57538636704766 56.93265893546507 25.884333517432527
37.883796076742364 64.7059028129207 51.04327805381213 16.237207761245568 76.13295007213448 3.177255761847478 71.16621784452416 37.95021727031671 24.448397519616865 19.631420232397744 48.62524960933248 37.066998442178985 43.133994599317646 54.21688910232209 71.08192098087474 43.608269992264475 15.39445586317862 76.9527732188793 13.232080482777857 27.68026619521026 35.64483234484753 62.49027233299623 56.19342103552436 20.992822801582445 74.75266269642685 0.0 68.42637762916955 36.34081197252058 23.567561482622676 17.34858248225488 48.8524736616493 31.237150271605042 44.4594118454813 54.18673770701475 74.53992170729086 39.71675965036888 20.860283636119185 76.53079601715466 14.49385909759215 33.21851626479452 74.21881286987892 70.5967644474661 30.021687491916097 56.26408361925353 45.21086704777669 32.79396843828013 67.95897990879351 49.55693052189267
32.18987226751927 19.41985003657348 30.356839224588697 73.47959870204005 21.189608870030426 68.7340082844044 4.637152071024665 31.875892832333808 44.39632454382187 74.7288898506163 30.40273768913465 32.816266678744554 38.22011253496008 68.94034447591194 15.534605412010905 27.076135873730436 53.06136950242493 38.67973452962235 58.980669730356745 70.81682802784054 33.06297751990789 18.857419990958736 29.335466896929557 48.00410278644662 19.388669836563878 68.42637762916955 0.0 32.406551577192765 46.65739552387948 84.21050739965376 31.98156242637201 37.324542270554524 39.825169884252816 30.715113060599766 19.65251685945879 29.43911004769093 47.89929445470132 32.61956521156045 56.87167111400744 61.87029104359142 36.662798423853765 15.937132417002617 87.49292899076873 37.638672688566245 23.68246525990035 82.26452890620237 37.59595008238908 21.02681766171075
4.317229256900652 33.731508148174726 26.426949244993462 43.92517433038974 40.93746038476574 36.42438573405221 35.59505217589199 3.7861277173195442 13.870474597359872 45.90232832946708 17.913170386045756 10.398017523694394 18.656749142173084 55.44445704075147 38.14544883027796 8.42716257006096 20.964437232101705 51.782130056284934 28.69667353046916 45.16458639095088 0.7113065980788735 31.374907011621303 30.71567975910382 17.252783614569587 39.36856067547978 36.34081197252058 32.406551577192765 0.0 17.509405106159445 52.81577764780768 19.27429619007975 7.418538881886027 21.254935815429885 29.71486338910111 42.35866685206856 3.6111388872837065 15.563071514149705 48.810218871051966 26.582534947086373 39.841516862387174 43.689661815982966 34.94450526131915 59.0704567112576 29.665124082052188 11.36287132569838 56.05241670304544 44.79165231346355 13.529336992721824
21.017620659337936 41.1590328396915 27.70871043793224 27.03676570063965 58.13950933391548 24.96235607367768 48.833386115022 20.728379479915045 4.218000826919417 28.69450132896391 34.67108543759968 14.023328227363697 32.88155179294612 42.590713345881326 47.69349504474466 25.935701157460304 10.831007716694717 54.09269938825204 12.345114220808373 27.77081127209688 16.846473504503418 38.96318938771286 32.881551792946176 3.8019660108433495 56.49725637118996 23.567561482622676 46.65739552387948 17.509405106159445 0.0 37.77411073930293 35.719934756773476 10.265730375892481 35.19945726962556 30.968541869105167 51.03143712025029 21.0670059461713 10.680284597983224 53.20483765854619 10.264085780051575 23.945058008724008 60.9472060351714 51.96058723233524 41.81391218648259 45.59648356468875 22.974964168775617 38.547980687289716 45.39425282786253 30.65589911905708
54.774128445706964 78.14713250540917 63.2798522064146 14.453542220345438 93.18952757784307 18.82548263248927 86.56950393402533 54.784688269256854 39.82230394267659 16.20542083057569 65.93772076105472 51.796881638416224 60.463236997405545 55.574336632716445 85.10896417104966 60.473835889191584 32.014783009396616 87.50275566681118 25.48562126833388 26.94365897769883 52.10688075107944 76.0847550630417 68.21617594075337 36.21203228194334 91.75855115214922 17.34858248225488 84.21050739965376 52.81577764780768 37.77411073930293 0.0 66.19237915801372 46.932829914362266 61.73641172913242 66.0552649587493 88.12990190862632 56.31666313413422 37.6992496981704 88.15213990038073 27.51951389700425 36.97052923704353 91.55838273418226 87.51072069126789 17.950235517280746 73.54039930479966 60.60036951226442 25.282747130203227 78.23325631476946 66.25668855691805
15.076591909089725 43.07938785174653 41.93130931759446 60.049259768289915 29.10864265844694 47.80411151549159 36.487011156026504 15.525618852150503 31.60933613927319 62.52292150617003 1.8824697682284586 29.003942077578454 7.128047605726845 74.55975955981063 44.23353728301009 12.336647393413166 35.077355367512936 63.55573297233294 45.04971777106099 63.40234699240274 19.752943939532727 41.03272711463896 44.97090242114031 34.310713025312644 28.18103269566156 48.8524736616493 31.98156242637201 19.27429619007975 35.719934756773476 66.19237915801372 0.0 26.424591620432075 8.014073599080277 44.69589209461874 48.866627411404444 16.601252711561493 29.489014070878145 59.04351655258236 43.10625524464384 58.961592060215345 25.74033047174733 25.08412602789064 75.54215481960712 10.472523188780189 24.669039468371434 73.80141827169857 58.4362043210087 13.824410028131819
11.362182456365383 34.87812402275012 24.326435822230433 37.11807050976149 47.882585142030685 31.844338807837104 39.935394628025904 10.959753464664775 7.140350964447588 38.909235249796176 25.171994515225304 7.186974813415126 24.818250610577373 48.93121625078311 40.47569131119411 15.802349285654635 16.070974795065446 50.831717001697456 22.05050454043942 37.77144494950927 6.814009963024827 32.545522835254275 29.21785061637408 10.742180800342926 46.25006060211102 31.237150271605042 37.324542270554524 7.418538881886027 10.265730375892481 46.932829914362266 26.424591620432075 0.0 27.338386422063966 27.762534842633407 44.29574211923864 10.877163012104951 11.771027092460576 48.76105754716176 19.9165847462028 32.54336863840056 51.104284903782315 41.73059912111718 52.0512227941073 36.67638058116068 13.98579776093132 48.72472716466814 42.98503030424428 20.392821864269568
17.02306962180628 49.63860894019922 46.53175658705839 57.152137723033825 36.4305947930169 42.99476968797368 44.274485399168455 17.622739331155934 30.98189383871805 59.89894940947729 9.43361108572824 31.640389494958136 2.6048527644553423 76.26908737117355 51.45748338171617 16.932703933828833 32.138992560425024 69.72434234132274 42.734488357757165 62.11469967117557 21.501624522998824 47.48099825461072 50.12172933971346 33.01921843612432 35.665415092748184 44.4594118454813 39.825169884252816 21.254935815429885 35.19945726962556 61.73641172913242 8.014073599080277 27.338386422063966 0.0 49.55765562908983 56.07788547676508 19.7359469247069 27.020168030244132 65.58906547370384 40.97964793364382 59.089836483493976 30.039989704262993 32.85753294404216 72.61584354504767 11.805446850228066 29.45228956042594 71.88864121755466 63.9587102501489 20.466054702990267
33.238993187008774 14.281336998426532 3.43776262885758 52.65547066838913 50.56829613528602 55.84598456098805 29.80807674980409 32.614456055658636 31.689762270719413 52.73024493123952 42.85173921348202 20.652100037521894 47.01476115207067 38.34247409367202 22.130819733280923 32.76330861500025 41.39165516480026 23.278290246256617 41.51597195347821 45.77393722112866 29.822531686573107 13.181892398413254 2.2239081107048704 34.29040215385626 48.66672880937846 54.18673770701475 30.715113060599766 29.71486338910111 30.968541869105167 66.0552649587493 44.69589209461874 27.762534842633407 49.55765562908983 0.0 23.60715985394835 30.055377282808152 38.80378241149189 22.35442119317894 39.860602218807436 35.05394009385195 62.13309645676888 44.30984458792655 63.95368470180264 54.575096643222516 20.15236732753205 56.77060862880044 15.244701440997947 31.476434782690372
44.005039942006746 9.988025871555134 25.529065997599822 75.38219480625823 39.97231888694608 75.64750465240513 15.540238886547298 43.49598154404734 50.32498617498065 75.76742176844604 47.074211087553174 37.65298328373637 54.02158737715812 59.53709099466529 4.633135957342065 40.43215142073068 60.102852131314265 20.05918276528396 62.84332790447711 69.30767513699249 42.82556876568135 12.07887963443733 21.422259779984756 53.613159241865866 38.325891930284165 74.53992170729086 19.65251685945879 42.35866685206856 51.03143712025029 88.12990190862632 48.866627411404444 44.29574211923864 56.07788547676508 23.60715985394835 0.0 40.63482331536367 56.04778459638964 13.565664395309941 60.946508253845096 58.661097293135 56.27540088551501 35.40618017735693 87.3772989241727 56.13934068811086 31.093817819929384 80.36773848833327 22.013749153769016 35.65900244659176
3.4372125675323852 32.48813757913522 26.921284551346034 47.53572105335394 37.328715448644076 39.6814621274464 32.84848244154012 2.87920365305939 17.47769445951496 49.51040209467121 15.076219890771128 12.410026500407046 17.144083762818273 57.9652324621314 36.28139035220753 4.948749433539554 24.384758047410468 51.34831344048554 32.30469204341269 48.64594066751938 4.313441346361185 30.16116893718778 30.813453855654252 20.86263198914171 35.764963381451224 39.71675965036888 29.43911004769093 3.6111388872837065 21.0670059461713 56.31666313413422 16.601252711561493 10.877163012104951 19.7359469247069 30.055377282808152 40.63482331536367 0.0 18.869553769753246 47.965258373350956 30.19187756115811 43.016310019364994 40.37327196673407 31.35424696451617 62.67793408026178 27.07256941072191 10.41475857694875 59.58965474583262 44.836891005138604 9.9582923731014
17.082767139231702 46.64725318035926 35.38312074572754 30.564954158884156 55.49610553026751 20.86250264996091 50.908516811319345 17.116947869905914 7.608925387944945 33.10594584629432 28.906808460572066 18.76355588227097 25.047937989064447 53.10678754931984 52.174573653823 22.796076066753436 5.72437756583514 62.05809508052644 15.746579578338302 35.2350015364542 14.8815746558976 44.31613308386723 40.440476020407694 7.17327947678621 54.059301453978826 20.860283636119185 47.89929445470132 15.563071514149705 10.680284597983224 37.6992496981704 29.489014070878145 11.771027092460576 27.020168030244132 38.80378241149189 56.04778459638964 18.869553769753246 0.0 60.31821003777642 13.959495824818308 33.68470037257256 55.22909936230954 49.82697798072958 46.064821163540415 38.33937765466397 25.380580007482294 44.87184354694721 53.84788001141752 28.698472748161457
51.39790361113042 15.972861799655398 25.50687074646485 74.4492529806002 53.38815646663077 78.14213453632131 28.853502096398763 50.81658785618515 53.57532577991353 74.22168371128198 57.179378333364006 41.603034493626986 63.298652721374346 51.30919771947016 17.104130767975164 48.985215740494745 63.404158801702884 6.5955563033106115 63.85618288510676 66.26635664772834 49.12156907490336 18.110177946814375 20.3422690971655 56.39642929339187 51.698413584856766 76.53079601715466 32.61956521156045 48.810218871051966 53.20483765854619 88.15213990038073 59.04351655258236 48.76105754716176 65.58906547370384 22.35442119317894 13.565664395309941 47.965258373350956 60.31821003777642 0.0 62.214137511877524 54.99315873813853 69.22908779790137 48.54501454786848 84.63668174360276 67.32978871809287 37.61482498922221 76.61720104085411 12.092212167336607 45.28822054566522
29.418828298352516 51.00581322363654 36.79721452450634 17.349988247940654 67.51998457676824 16.6215867012823 59.095222633003004 29.266588750582766 12.8186147988305 19.50320948058046 42.35410435443422 24.28537054817165 38.98932883044655 42.96407879595972 57.75135220605759 34.825273605931194 9.379291000223388 62.48611429485305 2.13391979423662 21.49236360464679 25.87843877992442 48.86852836909051 41.91198993846508 9.330188246404546 65.9448799716079 14.49385909759215 56.87167111400744 26.582534947086373 10.264085780051575 27.51951389700425 43.10625524464384 19.9165847462028 40.97964793364382 39.860602218807436 60.946508253845096 30.19187756115811 13.959495824818308 62.214137511877524 0.0 22.13194254190084 68.79473403325102 61.49185469775912 32.642168961803 52.24527098268602 33.19797807509764 30.91567853098242 53.46985312090474 40.07211096612046
43.90526923189555 49.143637332894315 33.43721351898325 22.556466170464258 77.71523904607625 36.197622959552454 62.499901136114545 43.49241177879446 28.144733665054726 21.018513154479166 57.71094886816994 31.80764757702872 56.72260990928257 21.09777216151727 56.93540328864524 47.9335505046991 30.83712793929294 52.95804933832149 21.81480812958512 11.411826580123822 39.29648822803678 47.661629031814456 37.24434914646953 26.665217691848273 75.90860309098728 33.21851626479452 61.87029104359142 39.841516862387174 23.945058008724008 36.97052923704353 58.961592060215345 32.54336863840056 59.089836483493976 35.05394009385195 58.661097293135 43.016310019364994 33.68470037257256 54.99315873813853 22.13194254190084 0.0 83.36129914593856 71.23959458239847 29.71991037940762 69.13650661162166 40.381847997638516 21.773678996440594 43.74485024325485 51.297454202637944
39.93199899144851 54.87187469309847 60.26978281339659 85.78917664842422 18.04686769881885 72.92290339228656 40.78962279189673 40.24251985461832 56.96185967104419 88.24489963480646 26.446589873005905 51.91549735594212 31.105639337609833 96.87346962077233 52.187501370211066 35.437210174182 60.8029556748253 75.12557260077548 70.7603447237492 88.71791567999148 44.292297710509686 53.5994890856906 61.594678354518926 59.860090463823084 19.072868153718282 74.21881286987892 36.662798423853765 43.689661815982966 60.9472060351714 91.55838273418226 25.74033047174733 51.104284903782315 30.039989704262993 62.13309645676888 56.27540088551501 40.37327196673407 55.22909936230954 69.22908779790137 68.79473403325102 83.36129914593856 0.0 20.945483325962307 101.28002635432047 18.493971550045053 44.78053045423353 99.3396544602877 72.8183693940536 32.629927301447324
32.74423560455256 34.93024998305167 43.13270016252644 78.80256873386607 6.508280727310469 70.18039184519988 19.87946702579874 32.72613820316591 48.69702675770952 80.63925611497055 24.24095530152143 39.736620349902196 32.20689911532358 81.4446944917191 31.444850240549275 27.03696684011415 55.49606186518055 54.61287988371432 63.614878399593415 78.68195750599384 35.65398966334836 33.989906659588954 43.34397080680119 52.16694495094737 4.669541052225698 70.5967644474661 15.937132417002617 34.94450526131915 51.96058723233524 87.51072069126789 25.08412602789064 41.73059912111718 32.85753294404216 44.30984458792655 35.40618017735693 31.35424696451617 49.82697798072958 48.54501454786848 61.49185469775912 71.23959458239847 20.945483325962307 0.0 93.7737068637035 26.451018838714166 30.858911892196524 89.95882412395473 53.12813871123529 21.422578526873245
62.05463248408697 77.55973248559324 61.8498651598831 15.505359315577715 99.92828437966519 32.689358331315965 88.99187131455764 61.88995623026881 45.2002991437507 13.169460593204018 74.88744986422357 54.85831020024987 70.87995588401316 43.39059386329117 85.14698105692783 67.40294653811227 40.58463442862721 82.67085267973327 30.601335727281544 18.370840355136476 58.3765954551402 75.82018006362645 66.17644993480717 41.88757869619347 98.30128256590633 30.021687491916097 87.49292899076873 59.0704567112576 41.81391218648259 17.950235517280746 75.54215481960712 52.0512227941073 72.61584354504767 63.95368470180264 87.3772989241727 62.67793408026178 46.064821163540415 84.63668174360276 32.642168961803 29.71991037940762 101.28002635432047 93.7737068637035 0.0 84.2256693658527 64.12591015235306 9.823746757946662 73.46474008867908 72.4330064858227
25.407211962150146 51.53294450974022 51.95528408165389 68.73378321826773 28.243796433706294 54.787882378899376 42.27582347792344 25.890125713946215 41.41542213741606 71.40108108364137 12.09744658415007 39.476465252296975 13.345733020469519 85.02319866548916 51.55542171360702 22.74004089709659 43.65843650609961 72.27137193785914 54.082824111930925 73.04711654752579 30.111980444238867 49.65846836415293 54.684677937704755 43.84552969279169 27.98121077161539 56.26408361925353 37.638672688566245 29.665124082052188 45.59648356468875 73.54039930479966 10.472523188780189 36.67638058116068 11.805446850228066 54.575096643222516 56.13934068811086 27.07256941072191 38.33937765466397 67.32978871809287 52.24527098268602 69.13650661162166 18.493971550045053 26.451018838714166 84.2256693658527 0.0 34.794962019223725 83.1378774343636 67.79342192246892 23.150933802440054
13.822223701926278 22.372323080506394 17.27478053939165 49.853614501208654 37.33398170617311 45.81851356177834 26.013099304542457 13.228186312753406 20.87334136604173 51.217852433278864 22.85785574586132 9.268125079569382 26.935266544482612 52.10223590737527 26.989678823898103 12.610966393391355 30.039515112013003 40.935170605776854 35.30276317732993 48.12381364476604 11.777563201185528 20.017806766718532 20.671269952235786 24.457369190836943 35.52745956007204 45.21086704777669 23.68246525990035 11.36287132569838 22.974964168775617 60.60036951226442 24.669039468371434 13.98579776093132 29.45228956042594 20.15236732753205 31.093817819929384 10.41475857694875 25.380580007482294 37.61482498922221 33.19797807509764 40.381847997638516 44.78053045423353 30.858911892196524 64.12591015235306 34.794962019223725 0.0 59.51017163832393 34.582564006081185 12.297917765663158
59.49413439443553 70.7514280754215 54.99554647721249 16.56416393702531 96.28761062523537 35.84088137897451 83.33724451119632 59.23749367319464 42.407267118532566 13.189755921563817 72.92348746507871 50.335518224354935 69.90319512189897 33.600012814526124 78.49143785409017 64.47955984301747 39.910566269696005 74.23157310900558 29.169679978616863 11.44770474145327 55.39335121711507 69.17612477132616 58.972396296956525 39.49851259681006 94.57538636704766 32.79396843828013 82.26452890620237 56.05241670304544 38.547980687289716 25.282747130203227 73.80141827169857 48.72472716466814 71.88864121755466 56.77060862880044 80.36773848833327 59.58965474583262 44.87184354694721 76.61720104085411 30.91567853098242 21.773678996440594 99.3396544602877 89.95882412395473 9.823746757946662 83.1378774343636 59.51017163832393 0.0 65.13764261481212 68.96654393674469
