0.0 55.98313327239034 62.758233578627014 5.268448340066351 93.65022833731065 36.05180769685127 31.202197269227863 49.24922120971436 27.803349152772196 13.385678162139218 77.01058213416674 32.81424184108904 45.350610169162884 7.11306598078732 91.15375203135338 66.44383137748892 64.77466220705035 6.80284379820323 34.94246453180116 15.935879681783135 2.8452263923140793 53.25540470019282 14.99306551093187 9.304957003383384 93.126165982503 38.49061554904664 15.639635950055323 50.35039044159472 26.843973974714558 27.24453673132739 76.82051642651012 37.40823917392624 17.782664951967593 16.072400673121514 86.835745268926 68.73769525100474 65.48904776674047 15.855101546345187 36.92801087195643 16.46435433938337 28.307331615051762 41.071844272070706 37.65139051900888 34.41839480726588 72.06131627981394 36.69564877286788 38.563706185459324 99.46871161394877
55.98313327239034 0.0 40.89992826109498 59.908442987028096 40.056679290649306 49.30232482487904 80.62803856498165 30.206831389138713 29.28346973558392 52.74809992673161 24.161451627598836 24.8659601753613 21.442252706968045 48.94408378527737 38.08175346853937 35.38409822327536 29.56621722413963 58.34043250582802 21.226833557808284 70.4440395207152 58.8037408966783 2.9135725923565783 53.86937678601344 64.1263328084132 40.35909678804308 44.18300572111489 60.92069916241403 29.395773936391883 32.499109481746096 42.5572270331483 23.74006309483288 22.690642385010612 38.4366406278486 56.16302953185009 31.60691337313112 37.12381594954674 30.81792634857906 66.29462738399543 26.52959055718636 72.44424603799044 43.05961749247477 22.589814909839927 34.76561415711218 24.428185233615245 21.026817661710805 33.406080646777994 21.285805728235818 48.375735248130525
62.758233578627014 40.89992826109498 0.0 63.580668408048105 49.2585895907191 77.63104936666348 71.75024463147463 15.21317875564946 50.3281884967107 68.30647288100484 38.035233935996374 49.72496921064432 56.94289814065481 58.191001528326815 46.37036099222853 9.325910348554036 14.216494187587877 60.4547227364013 44.42811734808814 70.33026288327345 64.71391093887627 39.4795743691638 51.097834716827435 66.38091301816252 47.09127955374296 74.53818499381187 56.890073640625964 14.811409198519547 38.23474945948728 35.93464218974304 38.41186489085751 52.18182264722991 52.41486802887078 52.07910229605234 61.88316157940754 10.13398457888219 13.421613192066832 63.341229740366714 56.682357952966534 75.94396508963452 68.27594652186642 27.62236691784617 65.71534158689407 51.31601092888295 59.72081826065644 26.365724854102826 32.04099771291999 48.77679651213764
5.268448340066351 59.908442987028096 63.580668408048105 0.0 96.81164638076253 41.127193636266895 25.94337633283285 50.76680995987448 32.391012730175945 18.277807162064093 80.22041401654735 37.4072617008652 50.26455782266671 11.793465696472689 94.24984206247305 67.9301904423304 66.70027980980043 3.3997687991753165 39.126787598909694 10.950894689181403 3.3997687991753955 57.1218640820499 13.373532797473839 4.312219743955468 96.15987382901325 43.71138074404341 11.751778392442747 51.952045851357845 29.46021477378706 27.65955522074309 80.06250651787842 42.16174125480489 22.266873372627465 13.65784786161705 91.04724455406894 70.17718454756334 67.33595534366057 10.750448371847956 41.912458669870944 13.059058217419857 33.55642233122313 43.64003680361231 42.89390746687177 39.12608672375491 76.60935114811483 38.0864708265193 41.54299159490345 102.21003279894401
93.65022833731065 40.056679290649306 49.2585895907191 96.81164638076253 0.0 88.75277669207392 113.48391169191765 51.2758243395117 68.76213662219907 92.28463342513194 16.65026996054145 64.69223256452214 60.258504485145224 86.93538346393348 2.9147980037498247 39.953821371162434 36.36059529752823 94.63167176626831 60.441683076670685 106.5267967857741 96.3521686606574 42.131881305654794 87.9652322840074 100.76133056372076 2.9048260578567344 83.28995005938788 94.98740759699584 49.85499773056611 67.44458945333128 73.58853324104422 16.876591851320555 62.740871314802625 76.99731727058501 89.87894112266717 26.67546082549852 39.3033193798915 36.64353296548829 101.10776843801223 66.44539618944071 109.80337702159777 83.07206251715493 53.58955661050029 74.15956721025545 64.43677491603988 39.285373793241334 62.03962012407804 55.27321986514899 10.978156313881296
36.05180769685127 49.30232482487904 77.63104936666348 41.127193636266895 88.75277669207392 0.0 66.79118952911881 62.44779338063264 27.36190518991625 22.92699310525457 73.41836335456958 28.25126684056787 28.521570858600338 32.22158580147147 87.03831405567331 76.92349663189216 72.66582820512643 42.71418008716646 33.67932425078563 50.262220113174806 37.85058972743374 47.887324974632094 47.766083176895364 44.4143385559689 89.36860644971645 5.988974847169412 51.1061127297946 62.830651901876266 41.70130670227493 51.35351874765715 72.9709496503765 27.473813641186286 28.908646630572978 49.79184547357501 72.2057263551968 79.21144000129442 73.79510831966881 51.866568776598875 23.066244326138804 46.72281029104228 9.975262103174517 50.04575930487666 14.599610886720182 27.1381590288708 54.91735098330923 53.752833342193874 45.6610024969211 97.61573835043244
31.202197269227863 80.62803856498165 71.75024463147463 25.94337633283285 113.48391169191765 66.79118952911881 0.0 62.99240418212692 56.25647278508752 43.86964278365594 97.52050647591675 61.11057514149772 74.73523696441563 36.99982400576594 110.70273417529002 78.63724936053815 79.32251139504879 25.27715080194555 61.53040871963925 16.896051778049745 29.04731788067337 77.72065974126798 26.776160666510837 22.380238362789715 112.30167869117096 69.62547386480568 19.826813361862623 64.3909433567413 48.140089412258085 39.90965964184489 97.4986640425866 66.23173874709232 46.38787634271295 24.465308537356638 112.23324064290466 80.54318155417802 79.59396415547515 15.703844138432554 66.73203823729473 22.893345917115912 59.49866935847784 60.46423122615245 68.63231894802006 63.125550419887304 99.35680222467903 51.452462520217885 59.95468875297597 116.94774388707644
49.24922120971436 30.206831389138713 15.21317875564946 50.76680995987448 51.2758243395117 62.44779338063264 62.99240418212692 0.0 35.12325916186379 53.6168071043761 36.48916595224288 34.68824132657331 42.98820080698618 44.06512899858827 48.405605994379485 17.199055685198257 16.430359703542724 47.87885822009935 29.481890186827254 58.72734790212052 51.452106160864375 28.084461143409438 39.32592237553401 54.0156187552124 49.791461865507 59.470852912331395 45.8533426862856 1.4226131961577468 23.497302060748833 23.94729301502402 36.63460274120612 37.47835311603933 37.49456790236936 40.774361858177926 56.967946946148516 19.488614707789203 16.85409616442453 52.28530126891692 41.88952815623932 63.586178780104994 53.06350701955513 12.570133670905161 50.80167645852374 36.38277431982843 50.824760018907966 12.684904858226021 16.9935266561388 53.97122712775782
27.803349152772196 29.28346973558392 50.3281884967107 32.391012730175945 68.76213662219907 27.36190518991625 56.25647278508752 35.12325916186379 0.0 23.53953701774363 52.27547109533583 5.018009964173791 18.548285169211166 20.711885655938804 66.53786769338265 50.19364872851695 46.44999587339581 31.631284281396123 8.34533520793928 43.32049349169568 30.642738556715525 26.82909376036911 30.603780936150283 36.70300428863614 68.70128056877192 24.91579670810859 36.75494015781939 35.55896752703269 15.538381698675233 27.100122179844558 51.97024972553388 9.975470113093326 10.131637608530916 33.06649048447132 59.2517514525318 52.52517558443361 47.49799547833828 40.75769428025343 11.266447182205397 44.101009080877425 17.981628490423073 22.85672049003236 17.550719849853483 6.870325378280377 44.26098780498263 26.791315148384246 18.565463645305137 76.02276714329344
13.385678162139218 52.74809992673161 68.30647288100484 18.277807162064093 92.28463342513194 22.92699310525457 43.86964278365594 53.6168071043761 23.53953701774363 0.0 75.75921406303185 27.920672824282608 37.719799440819564 11.78859459444976 90.03242148030465 70.33099451519054 67.58068334850641 20.17908684485641 31.84308788460598 27.463529787774725 14.952996718711816 50.3522365487074 26.9525779219791 21.489965530867977 92.17548071447645 26.029697920939807 28.919937965570877 54.4662172787684 30.131161175118773 35.33400896797815 75.4674056318062 31.21194854383259 16.38281186061764 28.568628652620763 81.76997671126809 72.68644023671668 68.48277383111547 29.02718552085204 29.223156840713752 24.812425894482494 16.423137873269845 43.117197390344764 27.191778810564017 28.726362574581874 65.73780280532543 42.047420955722956 39.563394721444396 99.33805553536126
77.01058213416674 24.161451627598836 38.035233935996374 80.22041401654735 16.65026996054145 73.41836335456958 97.52050647591675 36.48916595224288 52.27547109533583 75.75921406303185 0.0 48.35001513146385 45.21151331957821 70.28553343481845 14.277108987491085 29.017626176232902 23.897953803059057 78.09032800297896 43.935729949512776 90.0339051786549 79.71946213735515 25.936211478396167 71.66606465704045 84.19941778876893 16.427087556966985 68.18826606735769 78.72982291394617 35.104378536488134 50.917402303381486 57.62942361473449 0.6306265588252945 46.75375341634208 60.3649641219164 73.64669698718984 24.84563922803079 29.2607401424705 24.61547093763965 84.76594770205685 50.68656267381211 93.19304794606097 67.15239039816099 37.247829901687446 58.84464719693273 48.24274078079055 29.667831665079813 46.25191472665472 38.70904362311611 24.21456219480141
32.81424184108904 24.8659601753613 49.72496921064432 37.4072617008652 64.69223256452214 28.25126684056787 61.11057514149772 34.68824132657331 5.018009964173791 27.920672824282608 48.35001513146385 0.0 13.981393234208497 25.727451488681343 62.556271422099094 48.67269501666259 44.47850087991316 36.61157225588012 5.428411760682581 48.33359073536219 35.651888385336996 22.576926391401145 35.18504362434141 41.719383108400656 64.76304533622942 24.814102500756096 41.51039925895072 34.92736895275348 18.112228154812026 30.183083798392 48.01120748337319 5.286980362441489 15.143533036413894 37.65139051900888 54.35425796857044 50.96034104041993 45.59049437245382 45.67316649831173 8.010165954972605 49.084065459560904 19.791656526250307 22.129228430728453 16.217309805131258 2.3508906044365596 39.247295239752674 28.007505484775812 17.701721215865614 72.31590949039557
45.350610169162884 21.442252706968045 56.94289814065481 50.26455782266671 60.258504485145224 28.521570858600338 74.73523696441563 42.98820080698618 18.548285169211166 37.719799440819564 45.21151331957821 13.981393234208497 0.0 38.47214380588042 58.60049844753582 53.7066125771785 48.50050546054186 49.85668233735087 16.053425062436027 61.20394719416477 48.12109942790657 20.639745827513018 49.10998415717618 54.541222586944514 60.94356265820485 23.045828802812824 55.30046073125719 42.80764345598622 31.426520494656096 43.596644454608494 44.73335853166225 8.6949158235599 28.37219740997164 51.57566113277839 44.86770833608861 55.77985682099898 49.73099556572905 59.15748602029952 8.558526989130781 61.08196473055295 24.16298217950359 31.004070309757545 13.981393234208497 11.756230973605557 28.19226061781399 39.46412601079316 27.00731909513252 69.3185398280064
7.11306598078732 48.94408378527737 58.191001528326815 11.793465696472689 86.93538346393348 32.22158580147147 36.99982400576594 44.06512899858827 20.711885655938804 11.78859459444976 70.28553343481845 25.727451488681343 38.47214380588042 0.0 84.48047290425461 61.158085557460055 59.07674315955278 11.722879226662382 27.852211792576085 22.740062912793903 9.9582923731014 46.239006666797884 15.667242230180204 16.08211961604213 86.48940046107481 33.74718845442962 19.143127676603807 45.06854799014348 20.918785812044305 23.900104906872663 70.07682170519118 30.394703513593807 10.669598971180275 17.590472394739948 79.72782603137321 63.48605455197998 59.86069186169435 21.30814601424556 30.141504194919733 23.546075017811205 23.43085477137697 34.959161553155106 31.67684895121884 27.377725795060943 64.97274451597069 31.840961224564175 32.12839544624697 93.01887048628525
91.15375203135338 38.08175346853937 46.37036099222853 94.24984206247305 2.9147980037498247 87.03831405567331 110.70273417529002 48.405605994379485 66.53786769338265 90.03242148030465 14.277108987491085 62.556271422099094 58.60049844753582 84.48047290425461 0.0 37.060487482620246 33.445966098600735 92.03264860508044 58.20200144493327 103.89737110007111 93.84115501154348 40.047383724029025 85.26665141877183 98.17486100069095 2.372565000774483 81.6463154280887 92.27467184634993 46.98412040836993 64.84710715379353 70.81990310152615 14.567636930968025 60.7679339534458 74.62304240190278 87.16106731453904 27.22200636100499 36.43610774899421 33.72958437086037 98.41850883718335 64.56378533989107 107.25862163792765 81.14027813987138 50.925142255077006 72.4387037073158 62.37535690028915 38.709370553273054 59.25166958444507 52.70726847050977 11.288856490042361
66.44383137748892 35.38409822327536 9.325910348554036 67.9301904423304 39.953821371162434 76.92349663189216 78.63724936053815 17.199055685198257 50.19364872851695 70.33099451519054 29.017626176232902 48.67269501666259 53.7066125771785 61.158085557460055 37.060487482620246 0.0 6.033563495854481 65.00010475522403 43.24546760564863 75.62695048309637 68.650596655904 34.51458445547945 56.209874494976326 71.1067209303242 37.82435773062656 73.22581709055228 62.50516726398391 16.10659506423748 40.38730255315234 40.785153766236775 29.430218532494145 50.233283239447054 54.02162116024276 57.50195498463323 53.28836243975897 2.3584034789377575 4.88068287630124 68.97316823141324 54.82689118434224 80.69044724974638 68.08885601848925 27.548969058966993 64.00986383304628 49.91715172179392 52.61655943537079 29.849074309058384 31.66187917671636 39.91286672581293
64.77466220705035 29.56621722413963 14.216494187587877 66.70027980980043 36.36059529752823 72.66582820512643 79.32251139504879 16.430359703542724 46.44999587339581 67.58068334850641 23.897953803059057 44.47850087991316 48.50050546054186 59.07674315955278 33.445966098600735 6.033563495854481 0.0 63.936936990492605 39.06680814422042 75.02186130758575 67.12948870894972 28.85934414585698 55.66106127818296 70.11569647182768 34.51286347151583 68.70649701210284 62.2607154273562 15.081976981631602 38.15804779986323 40.33902770106531 24.25121121342287 45.59430727422314 51.19814869218497 57.1687658539933 47.70004512440238 7.5597933545881055 1.2544968558562417 68.67915589403019 50.186047511331275 79.64288623085397 64.13986308008086 24.463486508187287 59.367361808394776 45.53831782907182 46.58730772871879 28.873424452537087 28.211089199188997 37.830803441107506
6.80284379820323 58.34043250582802 60.4547227364013 3.3997687991753165 94.63167176626831 42.71418008716646 25.27715080194555 47.87885822009935 31.631284281396123 20.17908684485641 78.09032800297896 36.61157225588012 49.85668233735087 11.722879226662382 92.03264860508044 65.00010475522403 63.936936990492605 0.0 37.88286589188255 12.10792526106566 6.176842696667513 55.51332452420119 9.983754638963218 6.202918528517203 93.9036708191456 44.90304140904888 8.904501560338922 49.09193957290675 27.187427294674396 24.520612336061383 77.9530297532469 41.544299158844616 21.537886665614835 10.288085573374284 89.67914147364462 67.22827174114205 64.54006730655955 9.59469841726395 41.66558388497794 15.712698541322347 34.63255214737138 41.23824305824592 43.37436750098013 38.46422434774642 75.62238933887632 35.19544533524818 39.38202651983882 99.78535353742731
34.94246453180116 21.226833557808284 44.42811734808814 39.126787598909694 60.441683076670685 33.67932425078563 61.53040871963925 29.481890186827254 8.34533520793928 31.84308788460598 43.935729949512776 5.428411760682581 16.053425062436027 27.852211792576085 58.20200144493327 43.24546760564863 39.06680814422042 37.88286589188255 0.0 49.887824928002296 37.780967069615805 18.652778311009026 35.00025684108076 43.407440274408124 60.36026195358414 30.155385784735486 41.72279436462123 29.658631806413386 15.548108464896103 27.669657722330815 43.634603586484985 8.391590078754906 17.252084134323137 37.437047955428966 51.929185158442664 45.53213242276162 40.17341762097045 46.464512933317486 12.503574546168117 51.39747707077756 25.12493234405749 16.914048594185857 21.32046638254021 6.90125561836496 37.876081047118866 23.768586349113704 12.503574546168117 67.6855205677316
15.935879681783135 70.4440395207152 70.33026288327345 10.950894689181403 106.5267967857741 50.262220113174806 16.896051778049745 58.72734790212052 43.32049349169568 27.463529787774725 90.0339051786549 48.33359073536219 61.20394719416477 22.740062912793903 103.89737110007111 75.62695048309637 75.02186130758575 12.10792526106566 49.887824928002296 0.0 13.304982914437527 67.6198187480608 19.41924860272074 6.6632928681890995 105.73079047834776 53.46346365188232 13.589531477578676 60.00792921628191 39.121938160751746 34.84449611732561 89.91092571691708 53.111238517196945 33.190083115144944 18.25125339388423 101.74748491418853 77.78392233073677 75.54504687051647 7.493871503168327 52.82717972209415 7.521736888239681 43.56866733438857 52.99918901294561 53.434927700152166 50.07196624364341 87.50089224937685 46.14844342014007 51.3516793529616 111.41270392502398
2.8452263923140793 58.8037408966783 64.71391093887627 3.3997687991753955 96.3521686606574 37.85058972743374 29.04731788067337 51.452106160864375 30.642738556715525 14.952996718711816 79.71946213735515 35.651888385336996 48.12109942790657 9.9582923731014 93.84115501154348 68.650596655904 67.12948870894972 6.176842696667513 37.780967069615805 13.304982914437527 0.0 56.068785143762 15.647919099612794 6.789320976894216 95.80001411135888 40.58229684733373 14.972885761295826 52.58412590787641 29.362115572251735 28.965810339330684 79.53601407617403 40.22344204057969 20.627891344281675 16.31608216771488 89.67914147364462 70.92926429716738 67.81853590225822 14.094561816871852 39.67465998293324 13.640802224556012 30.50505803333459 43.601964029044254 40.1452674949069 37.2423670771813 74.89804538429738 38.832893551918076 41.20028197888029 102.07332429772264
53.25540470019282 2.9135725923565783 39.4795743691638 57.1218640820499 42.131881305654794 47.887324974632094 77.72065974126798 28.084461143409438 26.82909376036911 50.3522365487074 25.936211478396167 22.576926391401145 20.639745827513018 46.239006666797884 40.047383724029025 34.51458445547945 28.85934414585698 55.51332452420119 18.652778311009026 67.6198187480608 56.068785143762 0.0 50.965340725121365 61.3270736486241 42.285499662119065 42.9514129912497 58.02093390787883 27.358349778992388 29.588603219751143 39.67457570055437 25.55989833536342 20.842939483267955 35.786044057277984 53.25540470019282 34.512722591206476 36.37325789596804 30.113345061515147 63.416096447272345 24.912995157268234 69.7090201928095 41.23777288336097 19.86233143708092 33.46543559411097 22.328331613230908 23.668196948824793 30.666569774886128 18.406498762194893 50.08926312082096
14.99306551093187 53.86937678601344 51.097834716827435 13.373532797473839 87.9652322840074 47.766083176895364 26.776160666510837 39.32592237553401 30.603780936150283 26.9525779219791 71.66606465704045 35.18504362434141 49.10998415717618 15.667242230180204 85.26665141877183 56.209874494976326 55.66106127818296 9.983754638963218 35.00025684108076 19.41924860272074 15.647919099612794 50.965340725121365 0.0 15.408850001787828 87.01283113192387 48.838902164212044 7.11306598078732 40.61837740911994 21.420197761176656 15.425556793391065 71.59254773405709 40.44052124144707 21.59170530404708 2.4663838186155322 85.47623234660216 58.37297581255982 56.16068283933607 13.170456030436466 41.65847375013472 24.88990094563563 38.60510651534466 34.41871624502867 45.392972425715385 37.35595492882847 72.69000078062909 26.80318458037852 33.431410109697154 92.37250231988146
9.304957003383384 64.1263328084132 66.38091301816252 4.312219743955468 100.76133056372076 44.4143385559689 22.380238362789715 54.0156187552124 36.70300428863614 21.489965530867977 84.19941778876893 41.719383108400656 54.541222586944514 16.08211961604213 98.17486100069095 71.1067209303242 70.11569647182768 6.202918528517203 43.407440274408124 6.6632928681890995 6.789320976894216 61.3270736486241 15.408850001787828 0.0 100.05826675238407 47.31103313876283 11.661848349448034 55.24094668108313 33.33010583346577 30.487327810360302 84.05379058627432 46.46560525814336 26.57907021420298 15.011698183045981 95.31713175958069 73.32202249590244 70.70902923528999 8.294109196313316 46.1651955788344 9.589640332024887 37.27591342870123 47.42148796090972 46.910283005867164 43.43363313588191 80.91996513575052 41.338635738665474 45.49318483418172 105.97811374119632
93.126165982503 40.35909678804308 47.09127955374296 96.15987382901325 2.9048260578567344 89.36860644971645 112.30167869117096 49.791461865507 68.70128056877192 92.17548071447645 16.427087556966985 64.76304533622942 60.94356265820485 86.48940046107481 2.372565000774483 37.82435773062656 34.51286347151583 93.9036708191456 60.36026195358414 105.73079047834776 95.80001411135888 42.285499662119065 87.01283113192387 100.05826675238407 0.0 83.98917858630286 93.99769627542405 48.368848669349255 66.72876170761423 72.45479774606045 16.751950697906018 63.03691324000502 76.6945178870767 88.87749518030006 29.125488559205664 37.06212718378543 34.719336860601864 100.17482871799709 66.85888304405175 109.18318301441882 83.41826412443956 52.734968257090856 74.76919725073621 64.61276832802044 41.00580221892132 60.85428073922998 54.628913196125374 8.968688478953876
38.49061554904664 44.18300572111489 74.53818499381187 43.71138074404341 83.28995005938788 5.988974847169412 69.62547386480568 59.470852912331395 24.91579670810859 26.029697920939807 68.18826606735769 24.814102500756096 23.045828802812824 33.74718845442962 81.6463154280887 73.22581709055228 68.70649701210284 44.90304140904888 30.155385784735486 53.46346365188232 40.58229684733373 42.9514129912497 48.838902164212044 47.31103313876283 83.98917858630286 0.0 52.88414533193629 59.73668267736105 40.06983788166529 50.593365147206065 67.7229493752685 23.13364880464854 28.54160786095791 51.01759356444277 66.2863215931155 75.47416152318328 69.86807364485283 54.32457495949762 18.56546364530521 50.57872043548988 10.316963156841524 46.93046336652621 9.510676946804201 23.338972228054253 48.97776756693993 51.69981831970592 42.50475278991532 92.33875797552778
15.639635950055323 60.92069916241403 56.890073640625964 11.751778392442747 94.98740759699584 51.1061127297946 19.826813361862623 45.8533426862856 36.75494015781939 28.919937965570877 78.72982291394617 41.51039925895072 55.30046073125719 19.143127676603807 92.27467184634993 62.50516726398391 62.2607154273562 8.904501560338922 41.72279436462123 13.589531477578676 14.972885761295826 58.02093390787883 7.11306598078732 11.661848349448034 93.99769627542405 52.88414533193629 0.0 47.18147454941941 28.51294504926678 21.924843495088638 78.66303897769295 46.70166026676759 27.184270926192646 5.1301395316902285 92.52396062873682 64.61254207740471 62.7069039695216 6.472508618342217 47.54380168293626 20.16086670392833 42.56721608626041 41.48403842839775 50.43843513470565 43.59698968102792 79.53160693784275 33.51093928429434 40.54447609048447 99.23175202289013
50.35039044159472 29.395773936391883 14.811409198519547 51.952045851357845 49.85499773056611 62.830651901876266 64.3909433567413 1.4226131961577468 35.55896752703269 54.4662172787684 35.104378536488134 34.92736895275348 42.80764345598622 45.06854799014348 46.98412040836993 16.10659506423748 15.081976981631602 49.09193957290675 29.658631806413386 60.00792921628191 52.58412590787641 27.358349778992388 40.61837740911994 55.24094668108313 48.368848669349255 59.73668267736105 47.18147454941941 0.0 24.38768294857779 25.263989279543825 35.255586678685255 37.539556618744335 38.27433395719773 42.094285352674454 55.74988852237889 18.422545355822983 15.542693645807864 53.60550107624881 41.99411404447235 64.80333018181473 53.52844843121416 12.811719115284275 50.97048975636819 36.556216253378125 49.885715183646965 13.903463403456712 17.233262132463537 52.56572951812262
26.843973974714558 32.499109481746096 38.23474945948728 29.46021477378706 67.44458945333128 41.70130670227493 48.140089412258085 23.497302060748833 15.538381698675233 30.131161175118773 50.917402303381486 18.112228154812026 31.426520494656096 20.918785812044305 64.84710715379353 40.38730255315234 38.15804779986323 27.187427294674396 15.548108464896103 39.121938160751746 29.362115572251735 29.588603219751143 21.420197761176656 33.33010583346577 66.72876170761423 40.06983788166529 28.51294504926678 24.38768294857779 0.0 12.170894878717162 50.79009715493201 23.07212892837845 14.241637166415275 23.67704459385069 64.09754661416339 42.731265488818686 38.94760800209432 34.165172410833755 26.036624324177048 42.51135158025296 31.79298729741867 14.239914132512098 33.08899558045362 20.450135966389432 51.889635226641666 12.350147308834844 12.235888766861352 72.76815598327758
27.24453673132739 42.5572270331483 35.93464218974304 27.65955522074309 73.58853324104422 51.35351874765715 39.90965964184489 23.94729301502402 27.100122179844558 35.33400896797815 57.62942361473449 30.183083798392 43.596644454608494 23.900104906872663 70.81990310152615 40.785153766236775 40.33902770106531 24.520612336061383 27.669657722330815 34.84449611732561 28.965810339330684 39.67457570055437 15.425556793391065 30.487327810360302 72.45479774606045 50.593365147206065 21.924843495088638 25.263989279543825 12.170894878717162 0.0 57.61923203744908 35.21986162237128 22.45826104548478 16.83037559589163 73.73730855235384 42.95411455820332 40.799773516723896 28.341524461048255 38.00766752935333 40.07068614264077 41.39996375328303 20.86145685096229 44.47748192130506 32.531753479784165 62.850635639223654 11.64951875394103 21.27149926311995 77.41676072891616
76.82051642651012 23.74006309483288 38.41186489085751 80.06250651787842 16.876591851320555 72.9709496503765 97.4986640425866 36.63460274120612 51.97024972553388 75.4674056318062 0.6306265588252945 48.01120748337319 44.73335853166225 70.07682170519118 14.567636930968025 29.430218532494145 24.25121121342287 77.9530297532469 43.634603586484985 89.91092571691708 79.53601407617403 25.55989833536342 71.59254773405709 84.05379058627432 16.751950697906018 67.7229493752685 78.66303897769295 35.255586678685255 50.79009715493201 57.61923203744908 0.0 46.36043158965446 60.12110935467836 73.5857975222789 24.317940705367445 29.710069047484023 24.990251858519784 84.68107296325738 50.26934426886363 93.02424136668088 66.7570735890994 37.179057397571356 58.39170479978797 47.87839291684231 29.03807157681538 46.27313827246901 38.57150947311031 24.647985267399804
37.40823917392624 22.690642385010612 52.18182264722991 42.16174125480489 62.740871314802625 27.473813641186286 66.23173874709232 37.47835311603933 9.975470113093326 31.21194854383259 46.75375341634208 5.286980362441489 8.6949158235599 30.394703513593807 60.7679339534458 50.233283239447054 45.59430727422314 41.544299158844616 8.391590078754906 53.111238517196945 40.22344204057969 20.842939483267955 40.44052124144707 46.46560525814336 63.03691324000502 23.13364880464854 46.70166026676759 37.539556618744335 23.07212892837845 35.21986162237128 46.36043158965446 0.0 20.00660694662399 42.906797552126555 50.5633926914552 52.452134531692096 46.76480425597036 50.724726343457725 4.596143689684093 53.477499304090365 20.399093129084953 24.98641775412553 13.783592672952905 3.10708072906318 34.85402330585349 32.13907820063409 20.65251234252952 70.92969973522405
17.782664951967593 38.4366406278486 52.41486802887078 22.266873372627465 76.99731727058501 28.908646630572978 46.38787634271295 37.49456790236936 10.131637608530916 16.38281186061764 60.3649641219164 15.143533036413894 28.37219740997164 10.669598971180275 74.62304240190278 54.02162116024276 51.19814869218497 21.537886665614835 17.252084134323137 33.190083115144944 20.627891344281675 35.786044057277984 21.59170530404708 26.57907021420298 76.6945178870767 28.54160786095791 27.184270926192646 38.27433395719773 14.241637166415275 22.45826104548478 60.12110935467836 20.00660694662399 0.0 23.996087259244437 69.06793404090612 56.37927366002865 52.10340326601938 30.78554918849871 20.38363205216251 34.193063251303556 18.98125957422274 26.734737204018014 23.913373763770043 16.93058464908116 54.351887937728385 26.542305998802366 23.228837394443538 83.54621548777857
16.072400673121514 56.16302953185009 52.07910229605234 13.65784786161705 89.87894112266717 49.79184547357501 24.465308537356638 40.774361858177926 33.06649048447132 28.568628652620763 73.64669698718984 37.65139051900888 51.57566113277839 17.590472394739948 87.16106731453904 57.50195498463323 57.1687658539933 10.288085573374284 37.437047955428966 18.25125339388423 16.31608216771488 53.25540470019282 2.4663838186155322 15.011698183045981 88.87749518030006 51.01759356444277 5.1301395316902285 42.094285352674454 23.67704459385069 16.83037559589163 73.5857975222789 42.906797552126555 23.996087259244437 0.0 87.76793917294012 59.62935984528944 57.628131749491665 11.511287953942977 44.108759205272534 24.2399179411502 40.75262310105899 36.409383873184446 47.747017033985074 39.8219112593117 75.09088665753404 28.391168181523103 35.58702308935816 94.10221266594621
86.835745268926 31.60691337313112 61.88316157940754 91.04724455406894 26.67546082549852 72.2057263551968 112.23324064290466 56.967946946148516 59.2517514525318 81.76997671126809 24.84563922803079 54.35425796857044 44.86770833608861 79.72782603137321 27.22200636100499 53.28836243975897 47.70004512440238 89.67914147364462 51.929185158442664 101.74748491418853 89.67914147364462 34.512722591206476 85.47623234660216 95.31713175958069 29.125488559205664 66.2863215931155 92.52396062873682 55.74988852237889 64.09754661416339 73.73730855235384 24.317940705367445 50.5633926914552 69.06793404090612 87.76793917294012 0.0 53.802354376235215 48.606916953587884 97.84053480979736 52.88775597656413 103.26023161907499 69.02555728021458 53.08163307763871 58.361064450665644 53.17416163987772 17.35878197016351 63.662308931035874 52.58809581286699 37.60610945011264
68.73769525100474 37.12381594954674 10.13398457888219 70.17718454756334 39.3033193798915 79.21144000129442 80.54318155417802 19.488614707789203 52.52517558443361 72.68644023671668 29.2607401424705 50.96034104041993 55.77985682099898 63.48605455197998 36.43610774899421 2.3584034789377575 7.5597933545881055 67.22827174114205 45.53213242276162 77.78392233073677 70.92926429716738 36.37325789596804 58.37297581255982 73.32202249590244 37.06212718378543 75.47416152318328 64.61254207740471 18.422545355822983 42.731265488818686 42.95411455820332 29.710069047484023 52.452134531692096 56.37927366002865 59.62935984528944 53.802354376235215 0.0 6.312086216590717 71.08355541369083 57.047504593651595 82.90874999445451 70.40846482403613 29.901890123465034 66.23344726078885 52.18022913985442 53.841745894531655 32.10993891783794 34.00272175132814 38.663188703210764
65.48904776674047 30.81792634857906 13.421613192066832 67.33595534366057 36.64353296548829 73.79510831966881 79.59396415547515 16.85409616442453 47.49799547833828 68.48277383111547 24.61547093763965 45.59049437245382 49.73099556572905 59.86069186169435 33.72958437086037 4.88068287630124 1.2544968558562417 64.54006730655955 40.17341762097045 75.54504687051647 67.81853590225822 30.113345061515147 56.16068283933607 70.70902923528999 34.719336860601864 69.86807364485283 62.7069039695216 15.542693645807864 38.94760800209432 40.799773516723896 24.990251858519784 46.76480425597036 52.10340326601938 57.628131749491665 48.606916953587884 6.312086216590717 0.0 69.13920763902168 51.358212844716185 80.25123016063242 65.2252015253076 25.374989941566778 60.54193175915212 46.675794535719696 47.74418909411961 29.409614812664188 29.19328380700311 37.746661865283095
15.855101546345187 66.29462738399543 63.341229740366714 10.750448371847956 101.10776843801223 51.866568776598875 15.703844138432554 52.28530126891692 40.75769428025343 29.02718552085204 84.76594770205685 45.67316649831173 59.15748602029952 21.30814601424556 98.41850883718335 68.97316823141324 68.67915589403019 9.59469841726395 46.464512933317486 7.493871503168327 14.094561816871852 63.416096447272345 13.170456030436466 8.294109196313316 100.17482871799709 54.32457495949762 6.472508618342217 53.60550107624881 34.165172410833755 28.341524461048255 84.68107296325738 50.724726343457725 30.78554918849871 11.511287953942977 97.84053480979736 71.08355541369083 69.13920763902168 0.0 51.07817397215026 14.695437696262116 44.09925246816798 47.53275747644999 52.96901540945663 47.624887242141035 84.33729678620664 39.88120634658902 46.33883114733769 105.53290021202851
36.92801087195643 26.52959055718636 56.682357952966534 41.912458669870944 66.44539618944071 23.066244326138804 66.73203823729473 41.88952815623932 11.266447182205397 29.223156840713752 50.68656267381211 8.010165954972605 8.558526989130781 30.141504194919733 64.56378533989107 54.82689118434224 50.186047511331275 41.66558388497794 12.503574546168117 52.82717972209415 39.67465998293324 24.912995157268234 41.65847375013472 46.1651955788344 66.85888304405175 18.56546364530521 47.54380168293626 41.99411404447235 26.036624324177048 38.00766752935333 50.26934426886363 4.596143689684093 20.38363205216251 44.108759205272534 52.88775597656413 57.047504593651595 51.358212844716185 51.07817397215026 0.0 52.54678635279158 16.687119259971627 29.35005670937012 9.187454847152205 5.794307893239761 36.54143042709363 35.944103224170135 24.969034418296626 74.89760804606259
16.46435433938337 72.44424603799044 75.94396508963452 13.059058217419857 109.80337702159777 46.72281029104228 22.893345917115912 63.586178780104994 44.101009080877425 24.812425894482494 93.19304794606097 49.084065459560904 61.08196473055295 23.546075017811205 107.25862163792765 80.69044724974638 79.64288623085397 15.712698541322347 51.39747707077756 7.521736888239681 13.640802224556012 69.7090201928095 24.88990094563563 9.589640332024887 109.18318301441882 50.57872043548988 20.16086670392833 64.80333018181473 42.51135158025296 40.07068614264077 93.02424136668088 53.477499304090365 34.193063251303556 24.2399179411502 103.26023161907499 82.90874999445451 80.25123016063242 14.695437696262116 52.54678635279158 0.0 41.23327569092874 56.698948672102034 51.852494736221715 50.563558651825915 88.28115167392737 50.90463591293122 54.5553135016445 115.26824690896105
28.307331615051762 43.05961749247477 68.27594652186642 33.55642233122313 83.07206251715493 9.975262103174517 59.49866935847784 53.06350701955513 17.981628490423073 16.423137873269845 67.15239039816099 19.791656526250307 24.16298217950359 23.43085477137697 81.14027813987138 68.08885601848925 64.13986308008086 34.63255214737138 25.12493234405749 43.56866733438857 30.50505803333459 41.23777288336097 38.60510651534466 37.27591342870123 83.41826412443956 10.316963156841524 42.56721608626041 53.52844843121416 31.79298729741867 41.39996375328303 66.7570735890994 20.399093129084953 18.98125957422274 40.75262310105899 69.02555728021458 70.40846482403613 65.2252015253076 44.09925246816798 16.687119259971627 41.23327569092874 0.0 40.83742842119415 11.380905569257733 19.2140810319977 52.1861422437314 43.93019868662036 36.52693001919689 91.32683433323142
41.071844272070706 22.589814909839927 27.62236691784617 43.64003680361231 53.58955661050029 50.04575930487666 60.46423122615245 12.570133670905161 22.85672049003236 43.117197390344764 37.247829901687446 22.129228430728453 31.004070309757545 34.959161553155106 50.925142255077006 27.548969058966993 24.463486508187287 41.23824305824592 16.914048594185857 52.99918901294561 43.601964029044254 19.86233143708092 34.41871624502867 47.42148796090972 52.734968257090856 46.93046336652621 41.48403842839775 12.811719115284275 14.239914132512098 20.86145685096229 37.179057397571356 24.98641775412553 26.734737204018014 36.409383873184446 53.08163307763871 29.901890123465034 25.374989941566778 47.53275747644999 29.35005670937012 56.698948672102034 40.83742842119415 0.0 38.23238862752243 23.814088170612393 43.52724899224876 10.816739332656805 4.427523715090593 58.57169407022503
37.65139051900888 34.76561415711218 65.71534158689407 42.89390746687177 74.15956721025545 14.599610886720182 68.63231894802006 50.80167645852374 17.550719849853483 27.191778810564017 58.84464719693273 16.217309805131258 13.981393234208497 31.67684895121884 72.4387037073158 64.00986383304628 59.367361808394776 43.37436750098013 21.32046638254021 53.434927700152166 40.1452674949069 33.46543559411097 45.392972425715385 46.910283005867164 74.76919725073621 9.510676946804201 50.43843513470565 50.97048975636819 33.08899558045362 44.47748192130506 58.39170479978797 13.783592672952905 23.913373763770043 47.747017033985074 58.361064450665644 66.23344726078885 60.54193175915212 52.96901540945663 9.187454847152205 51.852494736221715 11.380905569257733 38.23238862752243 0.0 14.419216297497348 41.278586032606405 43.99741377311252 33.81498924035738 83.03166166680661
34.41839480726588 24.428185233615245 51.31601092888295 39.12608672375491 64.43677491603988 27.1381590288708 63.125550419887304 36.38277431982843 6.870325378280377 28.726362574581874 48.24274078079055 2.3508906044365596 11.756230973605557 27.377725795060943 62.37535690028915 49.91715172179392 45.53831782907182 38.46422434774642 6.90125561836496 50.07196624364341 37.2423670771813 22.328331613230908 37.35595492882847 43.43363313588191 64.61276832802044 23.338972228054253 43.59698968102792 36.556216253378125 20.450135966389432 32.531753479784165 47.87839291684231 3.10708072906318 16.93058464908116 39.8219112593117 53.17416163987772 52.18022913985442 46.675794535719696 47.624887242141035 5.794307893239761 50.563558651825915 19.2140810319977 23.814088170612393 14.419216297497348 0.0 37.72011189858157 30.149859169591736 19.399498720846704 72.32731400375947
72.06131627981394 21.026817661710805 59.72081826065644 76.60935114811483 39.285373793241334 54.91735098330923 99.35680222467903 50.824760018907966 44.26098780498263 65.73780280532543 29.667831665079813 39.247295239752674 28.19226061781399 64.97274451597069 38.709370553273054 52.61655943537079 46.58730772871879 75.62238933887632 37.876081047118866 87.50089224937685 74.89804538429738 23.668196948824793 72.69000078062909 80.91996513575052 41.00580221892132 48.97776756693993 79.53160693784275 49.885715183646965 51.889635226641666 62.850635639223654 29.03807157681538 34.85402330585349 54.351887937728385 75.09088665753404 17.35878197016351 53.841745894531655 47.74418909411961 84.33729678620664 36.54143042709363 88.28115167392737 52.1861422437314 43.52724899224876 41.278586032606405 37.72011189858157 0.0 54.32081204534417 41.76746398237598 49.97412053685416
36.69564877286788 33.406080646777994 26.365724854102826 38.0864708265193 62.03962012407804 53.752833342193874 51.452462520217885 12.684904858226021 26.791315148384246 42.047420955722956 46.25191472665472 28.007505484775812 39.46412601079316 31.840961224564175 59.25166958444507 29.849074309058384 28.873424452537087 35.19544533524818 23.768586349113704 46.14844342014007 38.832893551918076 30.666569774886128 26.80318458037852 41.338635738665474 60.85428073922998 51.69981831970592 33.51093928429434 13.903463403456712 12.350147308834844 11.64951875394103 46.27313827246901 32.13907820063409 26.542305998802366 28.391168181523103 63.662308931035874 32.10993891783794 29.409614812664188 39.88120634658902 35.944103224170135 50.90463591293122 43.93019868662036 10.816739332656805 43.99741377311252 30.149859169591736 54.32081204534417 0.0 13.129301975892353 65.76893874129033
