0 114 130 102 99 88 108 106 110 105 104 138 65 84 96 101 92 127 113 142 29 104 116 93 107 89 104 109 88 82 106 90 75 81 105 83 96 121 105 137 49 32 15 6 21 38 56 73 90 108 53 37 24 19 28 43 59 75 92 109 59 46 36 33 39 50 64 80 96 112 68 57 49 47 51 60 72 86 101 117 79 69 63 61 65 72 82 95 108 123 90 82 77 75 78 84 93 104 117 130 103 95 91 90 92 97 105 115 126 139 115 109 105 104 105 110 117 126 136 148 128 122 119 118 119 123 129 137 147 158 141 136 133 132 133 136 142 149 158 168
114 0 113 56 71 101 120 19 126 47 21 47 95 62 60 70 101 19 49 146 91 10 92 33 9 75 120 27 82 57 18 52 62 41 70 55 101 20 32 128 156 140 124 109 94 81 69 60 56 56 151 135 118 102 87 72 59 48 42 43 148 131 114 98 81 65 50 37 29 30 146 129 112 94 77 60 44 28 16 18 145 128 111 93 76 59 42 24 7 11 146 129 112 94 77 60 44 28 16 18 148 131 114 98 81 65 50 37 29 30 151 135 118 102 87 72 59 48 42 43 156 140 124 109 94 81 69 60 56 56 161 146 131 117 103 91 81 73 69 70
130 113 0 157 45 44 33 95 36 67 126 85 66 150 157 45 40 105 65 36 105 109 22 129 106 49 36 86 46 68 125 67 70 126 169 69 35 98 82 15 138 132 128 126 126 129 134 141 149 160 125 118 114 112 112 115 121 129 138 149 113 105 100 98 98 102 108 117 127 139 101 92 86 83 84 89 96 106 117 130 89 79 73 69 71 76 84 95 108 122 79 67 59 55 57 63 73 86 100 114 69 56 46 41 43 52 64 78 93 109 62 47 34 27 30 41 56 71 88 104 57 41 25 14 19 34 51 67 84 102 56 39 21 4 14 32 49 66 84 101
102 56 157 0 112 132 154 68 159 93 36 103 117 19 8 112 133 75 98 186 92 53 135 29 58 110 153 78 116 91 39 90 91 32 14 89 135 75 80 170 150 133 116 98 81 64 47 29 12 6 151 134 117 99 82 65 49 33 19 16 153 136 119 102 86 70 55 41 31 29 156 140 123 107 92 77 63 51 44 43 161 145 129 113 99 85 73 63 57 56 166 151 135 121 107 95 84 76 71 70 173 158 143 130 117 105 96 89 84 84 180 166 152 139 127 117 108 102 98 97 188 174 161 149 138 129 121 115 112 111 197 184 171 160 150 141 134 128 125 125
99 71 45 112 0 36 51 53 56 26 82 57 44 106 112 2 34 67 29 76 71 66 24 84 63 13 51 45 18 24 81 22 28 81 124 24 32 59 40 59 122 111 101 94 90 89 91 97 105 115 112 100 89 81 76 75 78 84 93 105 103 89 78 68 62 61 64 72 83 95 95 80 67 56 49 47 52 61 73 87 89 73 58 45 35 33 39 51 65 81 85 68 52 36 23 20 29 44 60 76 83 65 48 31 14 7 23 40 57 74 83 66 49 32 16 11 24 41 58 75 86 69 54 39 27 24 32 46 61 78 91 75 61 49 40 38 44 54 68 83
88 101 44 132 36 0 24 84 28 60 108 92 24 121 130 37 5 100 64 58 64 95 35 106 92 27 22 78 20 45 107 49 42 100 143 47 9 93 72 50 96 89 84 83 86 91 100 110 123 136 84 76 70 69 72 79 89 101 114 128 73 63 56 55 59 67 78 92 106 121 63 51 43 41 46 56 70 84 100 116 55 41 30 27 34 47 63 79 95 112 50 33 18 13 25 41 58 75 92 109 48 31 14 5 22 40 57 74 91 109 51 35 21 17 28 43 59 76 93 110 57 43 33 31 38 50 64 80 96 113 66 54 47 45 50 59 72 86 101 117
108 120 33 154 51 24 0 102 6 76 129 104 46 145 153 51 22 117 78 35 86 115 37 129 112 46 4 95 39 66 128 69 65 123 166 68 20 110 90 32 108 104 102 104 108 115 123 134 146 158 95 90 88 90 95 102 112 124 136 150 82 76 74 76 82 91 102 114 128 142 69 62 60 63 70 80 92 106 121 136 57 49 46 49 58 70 84 99 114 130 46 36 32 37 48 62 77 93 110 126 38 24 18 25 40 56 73 90 107 124 34 17 4 19 36 53 71 88 105 123 36 20 12 22 38 55 72 89 106 123 43 31 26 32 44 59 75 92 108 125
106 19 95 68 53 84 102 0 108 29 34 38 79 70 71 52 83 21 32 128 81 16 74 41 11 57 102 10 64 40 31 35 46 45 82 38 83 15 13 109 145 130 115 101 88 78 70 65 65 70 139 123 108 93 79 67 57 51 52 57 135 118 102 86 71 57 45 38 38 46 131 114 98 81 64 49 34 25 25 36 130 112 95 78 61 44 27 12 14 29 130 112 95 78 60 43 26 10 11 28 131 114 97 80 63 47 32 21 21 33 134 117 100 84 69 54 42 34 34 42 138 122 106 91 76 63 53 47 48 54 143 128 113 99 85 74 66 61 61 66
110 126 36 159 56 28 6 108 0 81 134 109 49 149 158 57 27 122 84 32 89 120 42 134 117 52 7 101 45 71 134 74 70 127 171 73 26 115 96 33 108 104 104 106 111 118 128 138 150 163 94 90 90 92 98 106 117 128 141 155 81 76 76 79 86 95 106 119 133 148 68 62 61 65 73 84 97 111 126 141 55 48 47 53 62 75 89 104 120 136 44 35 33 41 53 67 83 99 115 132 34 22 20 30 45 62 78 95 112 129 29 12 8 25 42 59 76 94 111 128 30 15 12 26 43 60 77 94 111 128 38 27 26 34 48 64 80 96 113 130
105 47 67 93 26 60 76 29 81 0 60 36 61 91 94 25 58 42 9 100 77 43 46 65 39 33 76 20 40 24 59 16 31 65 107 23 57 34 16 81 136 122 110 99 91 85 82 83 88 95 127 113 100 88 78 71 68 70 75 84 120 105 91 78 66 58 55 56 63 73 115 99 83 69 55 45 41 43 52 64 110 94 77 61 46 34 27 30 42 56 108 91 74 57 40 24 13 20 35 51 107 90 73 55 38 21 4 15 32 50 108 91 74 57 41 26 16 22 36 52 111 95 78 63 48 36 30 33 44 58 116 100 85 70 58 48 44 46 54 66
104 21 126 36 82 108 129 34 134 60 0 67 98 42 40 82 108 39 64 158 85 18 105 14 23 83 128 43 90 64 3 61 66 25 50 62 109 39 46 140 149 132 116 99 84 68 54 42 36 37 147 129 112 95 79 62 46 32 22 24 145 128 111 93 76 59 42 25 10 14 145 128 111 93 76 59 42 25 9 13 146 129 112 95 78 62 46 31 22 24 149 132 116 99 83 68 54 42 35 36 153 137 121 105 90 76 63 54 49 49 158 142 127 112 98 85 74 66 62 63 164 149 134 120 107 96 86 79 76 76 171 156 143 130 118 107 99 93 90 90
138 47 85 103 57 92 104 38 109 36 67 0 97 106 106 55 90 29 29 121 111 51 68 77 46 67 105 31 74 60 64 52 67 82 116 58 88 28 34 99 171 158 145 133 122 114 107 103 101 103 163 149 135 123 111 101 94 89 87 89 156 141 127 113 101 90 81 75 74 76 150 134 119 104 91 79 69 62 60 63 145 129 113 97 82 69 57 49 46 50 141 124 108 91 75 60 46 36 32 38 138 121 104 87 70 54 38 24 19 27 137 120 103 85 68 51 34 17 5 20 138 120 103 86 69 52 35 19 10 22 139 122 105 89 72 56 41 28 24 30
65 95 66 117 44 24 46 79 49 61 98 97 0 104 114 45 28 99 68 80 41 87 53 94 86 32 43 76 28 40 98 47 34 85 127 42 32 91 71 73 79 69 62 60 63 70 80 93 107 121 68 57 49 46 50 59 71 84 99 115 60 46 36 32 37 48 63 78 94 110 54 38 24 18 26 41 57 73 90 107 51 34 16 4 20 37 54 71 89 106 52 35 20 11 22 38 55 72 89 107 57 42 30 25 32 44 60 76 92 109 64 52 43 40 44 54 67 81 97 113 74 63 56 54 57 65 76 89 103 118 85 76 70 68 70 77 86 98 111 125
84 62 150 19 106 121 145 70 149 91 42 106 104 0 13 106 123 81 97 177 76 56 130 30 61 102 143 79 108 83 45 85 82 26 24 82 125 79 79 163 132 115 98 81 63 46 29 12 9 25 134 117 100 83 66 50 34 22 20 31 136 120 103 87 71 56 44 35 34 41 141 124 108 93 79 66 55 48 47 52 146 130 115 101 88 76 67 62 61 65 152 137 123 110 98 88 80 75 75 78 160 146 132 120 109 100 93 89 88 91 168 155 142 130 120 112 106 103 102 104 177 164 152 142 132 125 119 116 116 118 187 174 163 153 145 138 133 130 129 131
96 60 157 8 112 130 153 71 158 94 40 106 114 13 0 112 132 79 100 185 87 56 136 30 61 110 151 80 115 90 43 90 89 31 13 89 133 79 82 170 145 127 110 93 75 58 41 24 8 13 146 129 112 95 78 61 45 30 20 22 148 131 115 98 82 67 52 40 33 35 152 136 119 104 89 74 62 52 47 48 157 141 126 111 97 84 73 65 60 61 163 148 133 119 106 94 85 78 74 75 170 155 141 128 116 105 97 91 88 88 177 164 150 138 127 117 110 104 102 102 186 173 160 149 138 130 123 118 115 115 195 182 171 160 150 142 136 131 129 129
101 70 45 112 2 37 51 52 57 25 82 55 45 106 112 0 35 66 28 77 73 66 24 84 63 14 52 45 19 24 81 22 28 81 125 25 33 59 40 59 123 112 103 95 91 90 92 97 105 115 113 101 91 82 77 76 78 84 93 104 104 91 79 70 64 62 65 72 83 95 97 82 69 57 50 48 52 61 73 87 90 75 60 46 37 34 40 51 65 80 86 69 53 37 25 20 29 43 59 75 84 67 49 32 16 7 22 39 56 73 84 67 50 33 17 10 23 39 56 73 87 70 54 39 27 23 31 44 60 76 92 76 61 49 40 37 42 53 66 81
92 101 40 133 34 5 22 83 27 58 108 90 28 123 132 35 0 99 62 55 67 95 31 107 92 26 20 77 19 45 108 49 43 101 145 47 5 92 71 46 101 93 89 87 89 95 102 113 124 137 89 80 75 73 76 82 91 102 115 129 77 67 61 59 62 70 80 93 107 122 67 55 47 45 49 58 71 85 100 116 58 45 34 31 37 49 63 79 95 111 52 36 22 17 26 41 58 74 91 108 50 32 15 4 21 38 55 73 90 107 51 34 19 13 24 40 56 73 91 108 56 42 30 27 33 46 61 77 93 110 64 52 43 41 45 55 68 83 98 114
127 19 105 75 67 100 117 21 122 42 39 29 99 81 79 66 99 0 40 140 102 26 85 51 22 74 117 23 81 59 37 52 65 59 88 57 98 8 29 119 166 150 135 121 108 96 86 79 75 74 160 144 128 113 99 86 75 66 61 61 155 138 122 106 91 77 64 54 47 47 151 134 118 101 85 69 55 42 34 34 149 132 115 98 81 64 48 32 21 21 148 130 113 96 79 61 44 27 10 10 148 131 113 96 79 62 45 28 13 13 149 132 115 98 82 65 49 35 25 25 152 135 119 102 87 71 57 45 38 38 156 140 124 108 93 79 67 57 51 51
113 49 65 98 29 64 78 32 84 9 64 29 68 97 100 28 62 40 0 100 86 47 46 71 43 38 78 22 45 32 62 25 40 71 112 31 60 33 19 80 143 130 118 108 99 93 90 90 94 100 135 121 108 97 87 80 76 77 81 88 127 113 99 86 75 67 63 63 68 77 121 105 90 76 64 54 49 49 56 66 116 100 84 68 54 42 35 36 44 57 113 96 79 62 46 32 22 23 35 50 111 94 77 59 42 25 10 13 29 46 111 94 77 59 42 26 11 14 30 46 113 96 79 63 47 33 23 24 36 51 117 100 84 69 55 43 36 37 45 58
142 146 36 186 76 58 35 128 32 100 158 121 80 177 185 77 55 140 100 0 120 142 55 159 139 76 38 120 70 96 157 97 96 154 198 97 53 133 115 22 137 135 135 138 143 149 157 167 178 189 123 121 121 124 129 137 146 156 168 180 109 106 107 111 116 125 134 146 158 171 95 92 93 97 104 113 124 136 149 163 81 78 79 84 92 102 114 127 141 156 67 64 65 71 80 92 105 119 134 149 54 50 51 59 70 83 97 112 128 144 41 35 38 47 60 75 91 107 123 140 30 21 26 38 54 70 86 103 120 137 22 8 16 33 50 67 84 101 119 136
29 91 105 92 71 64 86 81 89 77 85 111 41 76 87 73 67 102 86 120 0 82 89 76 83 61 83 83 61 54 86 62 47 65 99 55 71 95 78 113 65 49 34 23 23 33 48 64 80 97 62 45 28 12 11 27 44 61 78 95 62 45 28 12 11 27 44 61 78 95 65 49 35 24 23 34 48 64 81 97 71 57 45 37 37 44 56 70 85 101 79 67 57 51 51 56 66 78 92 107 89 78 70 65 64 69 77 87 100 114 100 90 83 79 78 82 89 98 109 122 111 103 96 93 92 95 101 109 120 131 123 115 110 107 106 109 114 121 130 141
104 10 109 53 66 95 115 16 120 43 18 51 87 56 56 66 95 26 47 142 82 0 89 27 5 69 114 26 76 50 16 46 54 33 67 48 95 23 28 124 146 130 115 99 85 72 61 53 51 54 142 126 109 93 77 63 50 40 37 42 139 122 105 88 72 56 41 28 24 30 137 120 103 86 69 51 35 19 10 22 137 120 103 85 68 51 34 17 5 20 138 121 104 87 70 54 38 24 19 27 141 124 108 91 75 60 46 36 33 38 145 129 113 97 82 69 57 49 46 50 150 134 119 104 91 79 69 62 60 63 156 141 127 113 101 90 81 76 74 76
116 92 22 135 24 35 37 74 42 46 105 68 53 130 136 24 31 85 46 55 89 89 0 108 85 30 39 66 28 47 104 46 50 105 148 48 26 79 61 36 130 121 115 111 109 110 114 120 129 138 118 109 102 97 95 96 101 108 117 128 107 97 88 83 81 83 88 96 106 118 97 85 76 69 67 69 75 85 96 109 88 75 64 56 53 56 63 74 87 102 80 65 52 43 39 43 52 65 80 95 74 58 43 30 25 31 43 58 74 91 70 53 37 21 11 21 37 54 71 88 70 52 35 18 4 18 35 53 70 87 72 55 39 25 18 25 39 55 72 89
93 33 129 29 84 106 129 41 134 65 14 77 94 30 30 84 107 51 71 159 76 27 108 0 32 84 127 51 90 64 17 63 65 13 42 62 109 50 52 143 139 122 105 89 72 56 41 29 25 31 138 120 103 86 69 52 35 19 11 22 137 120 103 85 68 51 33 16 4 20 138 121 104 87 70 54 38 24 18 26 141 124 107 91 75 60 46 35 32 37 145 128 112 97 82 68 56 48 45 49 150 134 118 104 90 78 68 61 59 62 156 141 126 112 100 89 80 75 73 75 163 148 135 122 110 101 93 88 87 88 171 157 144 132 122 113 106 102 100 102
107 9 106 58 63 92 112 11 117 39 23 46 86 61 61 63 92 22 43 139 83 5 85 32 0 67 111 21 74 48 21 44 53 38 72 46 92 19 24 120 148 132 116 102 88 75 65 58 56 59 143 126 110 94 79 65 53 45 42 47 139 122 106 89 73 57 43 32 29 35 137 120 103 86 69 52 36 21 15 25 136 119 102 84 67 50 33 15 3 20 137 120 103 86 69 52 35 20 14 24 139 122 105 89 73 57 43 31 28 34 143 126 110 94 79 65 53 44 41 46 147 131 116 101 87 74 64 57 55 58 153 138 123 109 96 85 76 71 69 71
89 75 49 110 13 27 46 57 52 33 83 67 32 102 110 14 26 74 38 76 61 69 30 84 67 0 45 51 8 20 83 23 21 79 123 22 26 66 46 61 110 99 90 83 80 81 85 93 102 114 100 88 77 70 66 67 72 81 92 105 91 77 66 57 52 54 60 70 83 97 84 69 55 44 38 40 48 61 75 90 78 62 47 33 25 27 38 53 69 85 75 58 41 25 11 16 32 49 66 83 75 57 40 23 7 14 31 48 65 82 77 60 44 29 19 23 35 51 67 84 81 66 52 40 33 35 44 58 72 88 88 74 62 52 47 48 55 66 80 94
104 120 36 153 51 22 4 102 7 76 128 105 43 143 151 52 20 117 78 38 83 114 39 127 111 45 0 95 38 65 127 68 63 121 164 66 20 110 90 36 104 100 99 100 105 112 121 132 144 157 91 86 85 87 92 100 110 122 135 149 78 72 70 73 79 88 100 113 127 141 65 59 56 59 67 78 91 105 120 135 54 45 42 46 56 68 83 98 114 130 43 32 28 34 46 61 77 93 110 126 36 21 14 24 39 56 73 90 107 124 33 16 3 20 37 54 72 89 106 123 37 22 16 25 40 56 73 90 107 124 44 33 30 35 47 62 77 93 110 127
109 27 86 78 45 78 95 10 101 20 43 31 76 79 80 45 77 23 22 120 83 26 66 51 21 51 95 0 59 37 41 30 43 54 92 35 76 15 6 101 145 131 117 104 92 83 77 74 75 80 139 123 109 95 82 71 63 60 61 67 133 117 101 86 72 60 50 46 48 55 129 112 96 80 64 50 38 32 35 45 126 109 92 75 59 42 28 19 23 36 125 108 91 73 56 39 22 6 15 32 125 108 91 74 57 40 23 11 18 33 127 110 94 77 61 45 32 24 28 40 131 114 98 82 67 54 43 38 40 49 135 120 104 90 76 65 56 52 54 60
88 82 46 116 18 20 39 64 45 40 90 74 28 108 115 19 19 81 45 70 61 76 28 90 74 8 38 59 0 27 89 30 26 84 128 29 19 73 53 57 106 96 88 83 82 84 89 97 108 120 96 84 75 69 68 70 77 86 98 111 86 73 63 56 54 57 65 76 89 104 78 64 51 42 40 44 54 67 82 97 72 56 41 30 26 32 45 60 76 93 68 51 35 19 12 23 39 56 73 90 67 50 33 16 4 20 38 55 72 89 70 53 37 23 18 26 41 57 74 91 74 59 45 35 32 37 49 63 78 94 81 68 56 48 46 50 59 71 85 100
82 57 68 91 24 45 66 40 71 24 64 60 40 83 90 24 45 59 32 96 54 50 47 64 48 20 65 37 27 0 63 9 8 59 103 3 46 52 31 80 112 98 87 77 70 67 68 74 83 94 104 89 76 65 56 53 55 62 72 85 98 82 67 54 44 39 42 50 63 77 93 76 60 45 32 25 29 41 56 71 90 73 56 39 23 11 19 34 51 68 90 72 55 38 21 5 16 33 50 67 91 74 58 41 27 18 23 37 53 69 95 79 63 49 38 32 35 45 59 74 101 86 71 59 50 46 48 56 67 81 108 94 81 71 63 60 61 68 77 89
106 18 125 39 81 107 128 31 134 59 3 64 98 45 43 81 108 37 62 157 86 16 104 17 21 83 127 41 89 63 0 60 66 27 53 61 108 37 44 139 151 134 117 101 85 70 56 45 39 39 148 131 114 97 80 64 48 34 25 26 146 129 112 94 77 60 43 27 13 15 146 128 111 94 77 59 42 25 8 12 147 130 112 95 78 62 45 30 19 21 149 132 115 99 83 67 52 40 32 33 153 136 120 104 89 75 62 51 46 46 157 142 126 111 97 84 72 64 59 60 163 148 133 119 106 94 84 77 73 73 170 155 141 128 116 105 96 90 87 87
90 52 67 90 22 49 69 35 74 16 61 52 47 85 90 22 49 52 25 97 62 46 46 63 44 23 68 30 30 9 60 0 16 60 103 7 49 45 24 81 120 107 94 84 76 72 72 76 83 93 112 98 84 73 64 58 58 63 72 83 105 90 75 62 51 45 45 51 61 75 100 84 68 53 40 31 31 39 52 68 97 80 63 47 31 18 18 30 46 63 96 79 61 44 27 9 9 26 44 61 97 80 63 46 29 16 16 29 45 62 100 83 67 51 38 28 28 37 51 66 104 89 74 60 49 42 42 48 59 73 111 96 82 70 61 55 55 60 69 81
75 62 70 91 28 42 65 46 70 31 66 67 34 82 89 28 43 65 40 96 47 54 50 65 53 21 63 43 26 8 66 16 0 59 102 9 45 57 37 82 105 91 80 70 64 62 65 72 82 94 97 83 69 58 50 48 52 60 72 86 91 75 60 47 37 34 39 50 64 79 87 70 54 38 25 20 28 42 58 75 85 67 50 33 16 7 21 38 55 72 85 68 51 34 18 9 22 39 56 73 87 71 55 40 27 23 30 44 59 76 92 77 62 49 40 37 42 52 66 81 99 84 71 60 53 51 55 63 74 88 107 94 82 73 67 65 68 74 84 96
81 41 126 32 81 100 123 45 127 65 25 82 85 26 31 81 101 59 71 154 65 33 105 13 38 79 121 54 84 59 27 60 59 0 44 58 103 56 53 139 127 110 93 76 60 44 30 21 24 37 126 109 91 74 57 40 23 8 15 32 126 109 91 74 57 40 23 9 16 32 128 111 94 77 61 45 31 23 26 38 131 114 98 82 67 53 42 36 38 47 135 119 104 89 75 63 54 50 51 58 141 126 111 98 85 75 67 64 65 70 148 134 120 107 96 87 80 77 78 83 156 142 129 118 108 99 94 91 92 96 165 152 140 129 120 112 107 105 106 109
105 70 169 14 124 143 166 82 171 107 50 116 127 24 13 125 145 88 112 198 99 67 148 42 72 123 164 92 128 103 53 103 102 44 0 101 146 89 93 183 154 137 120 103 85 68 52 35 21 15 156 139 122 105 89 73 57 43 32 28 159 143 126 110 94 79 65 53 45 42 164 147 131 116 101 87 75 64 58 56 169 153 138 123 109 97 86 77 71 69 175 160 146 132 119 107 97 89 85 83 182 168 154 141 129 118 109 102 98 97 190 176 163 151 140 130 122 115 112 110 199 186 173 162 151 142 134 129 125 124 208 195 184 173 163 154 147 142 139 138
83 55 69 89 24 47 68 38 73 23 62 58 42 82 89 25 47 57 31 97 55 48 48 62 46 22 66 35 29 3 61 7 9 58 101 0 48 50 29 82 114 100 88 78 70 67 68 73 81 93 106 91 78 66 57 53 54 61 71 83 99 84 69 55 45 39 41 49 61 75 95 78 62 47 33 25 28 39 54 69 92 75 58 41 25 12 17 32 49 66 92 74 57 40 23 6 14 31 48 65 93 76 60 43 29 19 22 35 51 67 97 81 65 51 39 32 34 44 57 72 102 87 73 61 51 46 47 55 66 79 110 95 83 72 64 60 61 67 76 88
96 101 35 135 32 9 20 83 26 57 109 88 32 125 133 33 5 98 60 53 71 95 26 109 92 26 20 76 19 46 108 49 45 103 146 48 0 91 71 42 105 98 93 91 93 98 105 115 126 139 93 84 79 77 79 85 93 104 117 130 81 72 65 63 66 73 82 94 108 122 71 60 52 49 52 61 72 86 101 116 62 49 39 35 40 50 64 79 95 111 55 40 26 21 28 42 58 74 91 108 51 34 18 7 20 37 54 71 89 106 52 35 18 8 21 37 54 71 89 106 56 40 28 22 29 43 58 74 91 108 63 50 40 36 41 51 65 80 95 111
121 20 98 75 59 93 110 15 115 34 39 28 91 79 79 59 92 8 33 133 95 23 79 50 19 66 110 15 73 52 37 45 57 56 89 50 91 0 21 113 159 144 129 115 103 91 82 76 74 75 153 137 121 107 93 80 70 63 60 62 148 131 115 100 85 71 59 50 46 49 144 127 110 94 78 63 49 37 33 36 141 124 107 90 73 57 41 26 19 25 140 123 105 88 71 54 36 19 5 17 140 123 106 89 71 54 37 21 10 19 142 125 108 91 74 58 43 30 23 29 145 128 112 96 80 65 52 42 37 41 149 133 117 102 87 74 62 54 51 53
105 32 82 80 40 72 90 13 96 16 46 34 71 79 82 40 71 29 19 115 78 28 61 52 24 46 90 6 53 31 44 24 37 53 93 29 71 21 0 96 140 126 112 100 89 80 75 73 75 81 133 118 104 90 78 68 61 59 62 70 128 112 96 81 68 56 48 45 49 58 123 107 90 74 59 45 35 32 37 49 121 104 86 70 53 37 23 18 27 41 119 102 85 68 50 33 16 5 20 38 120 103 85 68 51 34 19 11 23 39 122 105 88 72 56 41 29 25 32 45 125 109 93 78 63 51 42 39 43 53 131 115 100 86 73 62 55 52 56 64
137 128 15 170 59 50 32 109 33 81 140 99 73 163 170 59 46 119 80 22 113 124 36 143 120 61 36 101 57 80 139 81 82 139 183 82 42 113 96 0 140 135 133 133 135 139 145 153 163 173 126 121 119 119 121 126 133 142 152 163 113 108 105 105 108 113 121 130 141 153 100 94 91 91 94 100 109 119 131 145 87 80 77 77 81 88 98 109 122 136 75 67 63 63 68 76 87 100 114 129 64 54 49 49 55 65 78 92 108 123 54 42 35 35 43 56 71 86 102 119 47 32 21 22 34 49 65 82 99 116 43 26 10 12 28 45 63 80 97 114
49 156 138 150 122 96 108 145 108 136 149 171 79 132 145 123 101 166 143 137 65 146 130 139 148 110 104 145 106 112 151 120 105 127 154 114 105 159 140 140 0 18 35 52 70 87 104 122 139 156 15 23 38 54 71 88 105 122 140 157 29 34 45 60 75 91 108 125 142 159 43 47 55 68 82 97 113 129 145 162 58 60 67 77 90 104 119 134 150 166 72 74 80 88 99 112 126 140 156 171 86 88 93 100 110 122 134 148 162 177 100 102 106 112 121 132 144 156 170 184 115 116 119 125 133 143 154 166 179 192 129 130 133 138 145 154 164 176 188 201
32 140 132 133 111 89 104 130 104 122 132 158 69 115 127 112 93 150 130 135 49 130 121 122 132 99 100 131 96 98 134 107 91 110 137 100 98 144 126 135 18 0 18 35 52 70 87 104 122 139 23 15 23 38 54 71 88 105 122 140 34 29 34 45 60 75 91 108 125 142 47 43 46 55 67 82 97 112 129 145 60 57 60 67 77 90 104 118 134 150 74 72 73 79 88 99 112 126 140 155 88 86 87 92 100 110 121 134 148 162 102 100 101 105 112 121 131 143 156 170 116 114 115 119 125 133 142 153 165 178 130 128 129 132 138 145 154 164 175 187
15 124 128 116 101 84 102 115 104 110 116 145 62 98 110 103 89 135 118 135 34 115 115 105 116 90 99 117 88 87 117 94 80 93 120 88 93 129 112 133 35 18 0 18 35 52 70 87 104 122 38 23 15 23 38 54 71 88 105 122 45 34 29 34 45 60 75 91 108 125 55 46 43 46 55 67 81 97 112 129 67 60 57 60 67 77 90 104 118 134 80 73 71 73 79 88 99 112 126 140 93 87 85 87 92 99 109 121 134 148 106 101 99 101 105 112 121 131 143 156 119 115 114 115 118 124 132 142 153 165 133 129 128 129 132 137 144 153 163 175
6 109 126 98 94 83 104 101 106 99 99 133 60 81 93 95 87 121 108 138 23 99 111 89 102 83 100 104 83 77 101 84 70 76 103 78 91 115 100 133 52 35 18 0 18 35 52 70 87 104 54 38 23 15 23 38 54 71 88 105 60 45 34 29 33 45 59 75 91 108 68 55 46 43 46 55 67 81 97 112 77 67 60 57 59 66 77 89 103 118 88 79 73 71 73 79 88 99 112 125 100 92 87 85 87 91 99 109 121 134 112 105 101 99 100 105 111 120 131 143 125 119 115 113 114 118 124 132 141 152 138 132 129 127 128 131 137 144 153 163
21 94 126 81 90 86 108 88 111 91 84 122 63 63 75 91 89 108 99 143 23 85 109 72 88 80 105 92 82 70 85 76 64 60 85 70 93 103 89 135 70 52 35 18 0 18 35 52 70 87 71 54 38 23 15 23 38 54 71 88 75 60 45 33 29 33 45 59 75 91 82 67 55 46 43 46 55 67 81 96 90 77 67 59 57 59 66 77 89 103 99 88 79 73 71 73 78 87 99 111 110 100 92 87 85 86 91 99 109 120 121 112 105 100 99 100 104 111 120 130 133 125 118 114 113 114 117 123 131 141 145 138 132 128 127 127 131 136 143 152
38 81 129 64 89 91 115 78 118 85 68 114 70 46 58 90 95 96 93 149 33 72 110 56 75 81 112 83 84 67 70 72 62 44 68 67 98 91 80 139 87 70 52 35 18 0 18 35 52 70 88 71 54 38 23 14 23 38 54 71 91 75 60 45 33 28 33 45 59 75 97 82 67 55 46 42 46 55 67 81 104 90 77 66 59 56 59 66 76 89 112 99 88 79 73 70 72 78 87 98 122 110 99 91 86 84 86 91 98 108 132 121 112 105 100 98 99 104 110 119 143 133 124 118 114 112 113 117 123 131 154 145 137 131 127 126 127 130 135 143
56 69 134 47 91 100 123 70 128 82 54 107 80 29 41 92 102 86 90 157 48 61 114 41 65 85 121 77 89 68 56 72 65 30 52 68 105 82 75 145 104 87 70 52 35 18 0 18 35 52 105 88 71 54 38 23 14 23 38 54 108 91 75 59 45 33 28 33 45 59 113 97 81 67 55 46 42 46 54 67 119 104 90 77 66 59 56 59 66 76 126 112 99 88 78 72 70 72 78 87 134 121 109 99 91 86 84 85 90 98 144 131 121 111 104 99 98 99 103 110 154 142 132 124 117 113 112 113 116 122 164 154 144 137 131 127 125 126 130 135
73 60 141 29 97 110 134 65 138 83 42 103 93 12 24 97 113 79 90 167 64 53 120 29 58 93 132 74 97 74 45 76 72 21 35 73 115 76 73 153 122 104 87 70 52 35 18 0 18 35 122 105 88 71 54 38 23 14 23 38 125 108 91 75 59 45 33 28 33 45 129 112 97 81 67 55 46 42 45 54 134 118 104 89 77 66 59 56 58 65 140 126 112 99 87 78 72 70 72 77 148 134 121 109 99 91 85 83 85 90 156 143 131 120 111 104 99 97 99 103 166 153 142 132 123 117 113 111 112 116 176 164 153 144 136 130 126 125 126 129
90 56 149 12 105 123 146 65 150 88 36 101 107 9 8 105 124 75 94 178 80 51 129 25 56 102 144 75 108 83 39 83 82 24 21 81 126 74 75 163 139 122 104 87 70 52 35 18 0 18 140 122 105 88 71 54 38 23 14 23 142 125 108 91 75 59 45 33 28 33 145 129 112 97 81 67 54 45 42 45 150 134 118 103 89 76 66 58 55 58 156 140 126 112 99 87 78 72 69 71 162 148 134 121 109 98 90 85 83 85 170 156 143 131 120 110 103 99 97 98 179 165 153 141 131 123 116 112 110 112 188 175 163 153 143 135 130 126 124 125
108 56 160 6 115 136 158 70 163 95 37 103 121 25 13 115 137 74 100 189 97 54 138 31 59 114 157 80 120 94 39 93 94 37 15 93 139 75 81 173 156 139 122 104 87 70 52 35 18 0 157 140 122 105 88 71 54 38 23 14 159 142 125 108 91 75 59 45 33 28 162 145 129 112 96 81 67 54 45 42 166 150 134 118 103 89 76 65 58 55 171 155 140 125 111 98 87 77 71 69 177 162 148 134 120 108 98 90 85 83 184 170 156 143 130 119 110 103 98 96 192 178 165 152 141 131 122 116 112 110 201 187 175 163 152 143 135 129 125 124
53 151 125 151 112 84 95 139 94 127 147 163 68 134 146 113 89 160 135 123 62 142 118 138 143 100 91 139 96 104 148 112 97 126 156 106 93 153 133 126 15 23 38 54 71 88 105 122 140 157 0 18 35 52 70 87 104 122 139 156 15 23 38 54 71 88 105 122 140 157 29 34 45 60 75 91 108 125 142 159 43 47 55 68 82 97 113 129 145 162 58 60 67 77 90 104 119 134 150 166 72 74 80 88 99 112 126 140 156 171 86 88 93 100 110 122 134 148 162 177 100 102 106 112 121 132 144 156 170 184 115 116 119 125 133 143 154 166 179 192
37 135 118 134 100 76 90 123 90 113 129 149 57 117 129 101 80 144 121 121 45 126 109 120 126 88 86 123 84 89 131 98 83 109 139 91 84 137 118 121 23 15 23 38 54 71 88 105 122 140 18 0 18 35 52 70 87 104 122 139 23 15 23 38 54 71 88 105 122 140 34 29 34 45 60 75 91 108 125 142 47 43 46 55 67 82 97 112 129 145 60 57 60 67 77 90 104 118 134 150 74 72 73 79 88 99 112 126 140 155 88 86 87 92 100 110 121 134 148 162 102 100 101 105 112 121 131 143 156 170 116 114 115 119 125 133 142 153 165 178
24 118 114 117 89 70 88 108 90 100 112 135 49 100 112 91 75 128 108 121 28 109 102 103 110 77 85 109 75 76 114 84 69 91 122 78 79 121 104 119 38 23 15 23 38 54 71 88 105 122 35 18 0 18 35 52 70 87 104 122 38 23 15 23 38 54 71 88 105 122 45 34 29 34 45 60 75 91 108 125 55 46 43 46 55 67 81 97 112 129 67 60 57 60 67 77 90 104 118 134 80 73 71 73 79 88 99 112 126 140 93 87 85 87 92 99 109 121 134 148 106 101 99 101 105 112 121 131 143 156 119 115 114 115 118 124 132 142 153 165
19 102 112 99 81 69 90 93 92 88 95 123 46 83 95 82 73 113 97 124 12 93 97 86 94 70 87 95 69 65 97 73 58 74 105 66 77 107 90 119 54 38 23 15 23 38 54 71 88 105 52 35 18 0 18 35 52 70 87 104 54 38 23 15 23 38 54 71 88 105 60 45 34 29 33 45 59 75 91 108 68 55 46 43 46 55 67 81 97 112 77 67 60 57 59 66 77 89 103 118 88 79 73 71 73 79 88 99 112 125 100 92 87 85 87 91 99 109 121 134 112 105 101 99 100 105 111 120 131 143 125 119 115 113 114 118 124 132 141 152
28 87 112 82 76 72 95 79 98 78 79 111 50 66 78 77 76 99 87 129 11 77 95 69 79 66 92 82 68 56 80 64 50 57 89 57 79 93 78 121 71 54 38 23 15 23 38 54 71 88 70 52 35 18 0 18 35 52 70 87 71 54 38 23 15 23 38 54 71 88 75 60 45 33 29 33 45 59 75 91 82 67 55 46 43 46 55 67 81 96 90 77 67 59 57 59 66 77 89 103 99 88 79 73 71 73 78 87 99 111 110 100 92 87 85 86 91 99 109 120 121 112 105 100 99 100 104 111 120 130 133 125 118 114 113 114 117 123 131 141
43 72 115 65 75 79 102 67 106 71 62 101 59 50 61 76 82 86 80 137 27 63 96 52 65 67 100 71 70 53 64 58 48 40 73 53 85 80 68 126 88 71 54 38 23 14 23 38 54 71 87 70 52 35 18 0 18 35 52 70 88 71 54 38 23 14 23 38 54 71 91 75 60 45 33 28 33 45 59 75 97 82 67 55 46 42 46 55 67 81 104 90 77 66 59 56 59 66 76 89 112 99 88 79 73 70 72 78 87 98 122 110 99 91 86 84 86 91 98 108 132 121 112 105 100 98 99 104 110 119 143 133 124 118 114 112 113 117 123 131
59 59 121 49 78 89 112 57 117 68 46 94 71 34 45 78 91 75 76 146 44 50 101 35 53 72 110 63 77 55 48 58 52 23 57 54 93 70 61 133 105 88 71 54 38 23 14 23 38 54 104 87 70 52 35 18 0 18 35 52 105 88 71 54 38 23 14 23 38 54 108 91 75 59 45 33 28 33 45 59 113 97 81 67 55 46 42 46 54 67 119 104 90 77 66 59 56 59 66 76 126 112 99 88 78 72 70 72 78 87 134 121 109 99 91 86 84 85 90 98 144 131 121 111 104 99 98 99 103 110 154 142 132 124 117 113 112 113 116 122
75 48 129 33 84 101 124 51 128 70 32 89 84 22 30 84 102 66 77 156 61 40 108 19 45 81 122 60 86 62 34 63 60 8 43 61 104 63 59 142 122 105 88 71 54 38 23 14 23 38 122 104 87 70 52 35 18 0 18 35 122 105 88 71 54 38 23 14 23 38 125 108 91 75 59 45 33 28 33 45 129 112 97 81 67 55 46 42 45 54 134 118 104 89 77 66 59 56 58 65 140 126 112 99 87 78 72 70 72 77 148 134 121 109 99 91 85 83 85 90 156 143 131 120 111 104 99 97 99 103 166 153 142 132 123 117 113 111 112 116
92 42 138 19 93 114 136 52 141 75 22 87 99 20 20 93 115 61 81 168 78 37 117 11 42 92 135 61 98 72 25 72 72 15 32 71 117 60 62 152 140 122 105 88 71 54 38 23 14 23 139 122 104 87 70 52 35 18 0 18 140 122 105 88 71 54 38 23 14 23 142 125 108 91 75 59 45 33 28 33 145 129 112 97 81 67 54 45 42 45 150 134 118 103 89 76 66 58 55 58 156 140 126 112 99 87 78 72 69 71 162 148 134 121 109 98 90 85 83 85 170 156 143 131 120 110 103 99 97 98 179 165 153 141 131 123 116 112 110 112
109 43 149 16 105 128 150 57 155 84 24 89 115 31 22 104 129 61 88 180 95 42 128 22 47 105 149 67 111 85 26 83 86 32 28 83 130 62 70 163 157 140 122 105 88 71 54 38 23 14 156 139 122 104 87 70 52 35 18 0 157 140 122 105 88 71 54 38 23 14 159 142 125 108 91 75 59 45 33 28 162 145 129 112 96 81 67 54 45 42 166 150 134 118 103 89 76 65 58 55 171 155 140 125 111 98 87 77 71 69 177 162 148 134 120 108 98 90 85 83 184 170 156 143 130 119 110 103 98 96 192 178 165 152 141 131 122 116 112 110
59 148 113 153 103 73 82 135 81 120 145 156 60 136 148 104 77 155 127 109 62 139 107 137 139 91 78 133 86 98 146 105 91 126 159 99 81 148 128 113 29 34 45 60 75 91 108 125 142 159 15 23 38 54 71 88 105 122 140 157 0 18 35 52 70 87 104 122 139 156 15 23 38 54 71 88 105 122 140 157 29 34 45 60 75 91 108 125 142 159 43 47 55 68 82 97 113 129 145 162 58 60 67 77 90 104 119 134 150 166 72 74 80 88 99 112 126 140 156 171 86 88 93 100 110 122 134 148 162 177 100 102 106 112 121 132 144 156 170 184
46 131 105 136 89 63 76 118 76 105 128 141 46 120 131 91 67 138 113 106 45 122 97 120 122 77 72 117 73 82 129 90 75 109 143 84 72 131 112 108 34 29 34 45 60 75 91 108 125 142 23 15 23 38 54 71 88 105 122 140 18 0 18 35 52 70 87 104 122 139 23 15 23 38 54 71 88 105 122 140 34 29 34 45 60 75 91 108 125 142 47 43 46 55 67 82 97 112 129 145 60 57 60 67 77 90 104 118 134 150 74 72 73 79 88 99 112 126 140 155 88 86 87 92 100 110 121 134 148 162 102 100 101 105 112 121 131 143 156 170
36 114 100 119 78 56 74 102 76 91 111 127 36 103 115 79 61 122 99 107 28 105 88 103 106 66 70 101 63 67 112 75 60 91 126 69 65 115 96 105 45 34 29 34 45 60 75 91 108 125 38 23 15 23 38 54 71 88 105 122 35 18 0 18 35 52 70 87 104 122 38 23 15 23 38 54 71 88 105 122 45 34 29 34 45 60 75 91 108 125 55 46 43 46 55 67 81 97 112 129 67 60 57 60 67 77 90 104 118 134 80 73 71 73 79 88 99 112 126 140 93 87 85 87 92 99 109 121 134 148 106 101 99 101 105 112 121 131 143 156
33 98 98 102 68 55 76 86 79 78 93 113 32 87 98 70 59 106 86 111 12 88 83 85 89 57 73 86 56 54 94 62 47 74 110 55 63 100 81 105 60 45 34 29 33 45 59 75 91 108 54 38 23 15 23 38 54 71 88 105 52 35 18 0 18 35 52 70 87 104 54 38 23 15 23 38 54 71 88 105 60 45 34 29 33 45 59 75 91 108 68 55 46 43 46 55 67 81 97 112 77 67 60 57 59 66 77 89 103 118 88 79 73 71 73 79 88 99 112 125 100 92 87 85 87 91 99 109 121 134 112 105 101 99 100 105 111 120 131 143
39 81 98 86 62 59 82 71 86 66 76 101 37 71 82 64 62 91 75 116 11 72 81 68 73 52 79 72 54 44 77 51 37 57 94 45 66 85 68 108 75 60 45 33 29 33 45 59 75 91 71 54 38 23 15 23 38 54 71 88 70 52 35 18 0 18 35 52 70 87 71 54 38 23 15 23 38 54 71 88 75 60 45 33 29 33 45 59 75 91 82 67 55 46 43 46 55 67 81 96 90 77 67 59 57 59 66 77 89 103 99 88 79 73 71 73 78 87 99 111 110 100 92 87 85 86 91 99 109 120 121 112 105 100 99 100 104 111 120 130
50 65 102 70 61 67 91 57 95 58 59 90 48 56 67 62 70 77 67 125 27 56 83 51 57 54 88 60 57 39 60 45 34 40 79 39 73 71 56 113 91 75 60 45 33 28 33 45 59 75 88 71 54 38 23 14 23 38 54 71 87 70 52 35 18 0 18 35 52 70 88 71 54 38 23 14 23 38 54 71 91 75 60 45 33 28 33 45 59 75 97 82 67 55 46 42 46 55 67 81 104 90 77 66 59 56 59 66 76 89 112 99 88 79 73 70 72 78 87 98 122 110 99 91 86 84 86 91 98 108 132 121 112 105 100 98 99 104 110 119
64 50 108 55 64 78 102 45 106 55 42 81 63 44 52 65 80 64 63 134 44 41 88 33 43 60 100 50 65 42 43 45 39 23 65 41 82 59 48 121 108 91 75 59 45 33 28 33 45 59 105 88 71 54 38 23 14 23 38 54 104 87 70 52 35 18 0 18 35 52 105 88 71 54 38 23 14 23 38 54 108 91 75 59 45 33 28 33 45 59 113 97 81 67 55 46 42 46 54 67 119 104 90 77 66 59 56 59 66 76 126 112 99 88 78 72 70 72 78 87 134 121 109 99 91 86 84 85 90 98 144 131 121 111 104 99 98 99 103 110
80 37 117 41 72 92 114 38 119 56 25 75 78 35 40 72 93 54 63 146 61 28 96 16 32 70 113 46 76 50 27 51 50 9 53 49 94 50 45 130 125 108 91 75 59 45 33 28 33 45 122 105 88 71 54 38 23 14 23 38 122 104 87 70 52 35 18 0 18 35 122 105 88 71 54 38 23 14 23 38 125 108 91 75 59 45 33 28 33 45 129 112 97 81 67 55 46 42 45 54 134 118 104 89 77 66 59 56 58 65 140 126 112 99 87 78 72 70 72 77 148 134 121 109 99 91 85 83 85 90 156 143 131 120 111 104 99 97 99 103
96 29 127 31 83 106 128 38 133 63 10 74 94 34 33 83 107 47 68 158 78 24 106 4 29 83 127 48 89 63 13 61 64 16 45 61 108 46 49 141 142 125 108 91 75 59 45 33 28 33 140 122 105 88 71 54 38 23 14 23 139 122 104 87 70 52 35 18 0 18 140 122 105 88 71 54 38 23 14 23 142 125 108 91 75 59 45 33 28 33 145 129 112 97 81 67 54 45 42 45 150 134 118 103 89 76 66 58 55 58 156 140 126 112 99 87 78 72 69 71 162 148 134 121 109 98 90 85 83 85 170 156 143 131 120 110 103 99 97 98
112 30 139 29 95 121 142 46 148 73 14 76 110 41 35 95 122 47 77 171 95 30 118 20 35 97 141 55 104 77 15 75 79 32 42 75 122 49 58 153 159 142 125 108 91 75 59 45 33 28 157 140 122 105 88 71 54 38 23 14 156 139 122 104 87 70 52 35 18 0 157 140 122 105 88 71 54 38 23 14 159 142 125 108 91 75 59 45 33 28 162 145 129 112 96 81 67 54 45 42 166 150 134 118 103 89 76 65 58 55 171 155 140 125 111 98 87 77 71 69 177 162 148 134 120 108 98 90 85 83 184 170 156 143 130 119 110 103 98 96
68 146 101 156 95 63 69 131 68 115 145 150 54 141 152 97 67 151 121 95 65 137 97 138 137 84 65 129 78 93 146 100 87 128 164 95 71 144 123 100 43 47 55 68 82 97 113 129 145 162 29 34 45 60 75 91 108 125 142 159 15 23 38 54 71 88 105 122 140 157 0 18 35 52 70 87 104 122 139 156 15 23 38 54 71 88 105 122 140 157 29 34 45 60 75 91 108 125 142 159 43 47 55 68 82 97 113 129 145 162 58 60 67 77 90 104 119 134 150 166 72 74 80 88 99 112 126 140 156 171 86 88 93 100 110 122 134 148 162 177
57 129 92 140 80 51 62 114 62 99 128 134 38 124 136 82 55 134 105 92 49 120 85 121 120 69 59 112 64 76 128 84 70 111 147 78 60 127 107 94 47 43 46 55 67 82 97 112 129 145 34 29 34 45 60 75 91 108 125 142 23 15 23 38 54 71 88 105 122 140 18 0 18 35 52 70 87 104 122 139 23 15 23 38 54 71 88 105 122 140 34 29 34 45 60 75 91 108 125 142 47 43 46 55 67 82 97 112 129 145 60 57 60 67 77 90 104 118 134 150 74 72 73 79 88 99 112 126 140 155 88 86 87 92 100 110 121 134 148 162
49 112 86 123 67 43 60 98 61 83 111 119 24 108 119 69 47 118 90 93 35 103 76 104 103 55 56 96 51 60 111 68 54 94 131 62 52 110 90 91 55 46 43 46 55 67 81 97 112 129 45 34 29 34 45 60 75 91 108 125 38 23 15 23 38 54 71 88 105 122 35 18 0 18 35 52 70 87 104 122 38 23 15 23 38 54 71 88 105 122 45 34 29 34 45 60 75 91 108 125 55 46 43 46 55 67 81 97 112 129 67 60 57 60 67 77 90 104 118 134 80 73 71 73 79 88 99 112 126 140 93 87 85 87 92 99 109 121 134 148
47 94 83 107 56 41 63 81 65 69 93 104 18 93 104 57 45 101 76 97 24 86 69 87 86 44 59 80 42 45 94 53 38 77 116 47 49 94 74 91 68 55 46 43 46 55 67 81 97 112 60 45 34 29 33 45 59 75 91 108 54 38 23 15 23 38 54 71 88 105 52 35 18 0 18 35 52 70 87 104 54 38 23 15 23 38 54 71 88 105 60 45 34 29 33 45 59 75 91 108 68 55 46 43 46 55 67 81 97 112 77 67 60 57 59 66 77 89 103 118 88 79 73 71 73 79 88 99 112 125 100 92 87 85 87 91 99 109 121 134
51 77 84 92 49 46 70 64 73 55 76 91 26 79 89 50 49 85 64 104 23 69 67 70 69 38 67 64 40 32 77 40 25 61 101 33 52 78 59 94 82 67 55 46 43 46 55 67 81 96 75 60 45 33 29 33 45 59 75 91 71 54 38 23 15 23 38 54 71 88 70 52 35 18 0 18 35 52 70 87 71 54 38 23 15 23 38 54 71 88 75 60 45 33 29 33 45 59 75 91 82 67 55 46 43 46 55 67 81 96 90 77 67 59 57 59 66 77 89 103 99 88 79 73 71 73 78 87 99 111 110 100 92 87 85 86 91 99 109 120
60 60 89 77 47 56 80 49 84 45 59 79 41 66 74 48 58 69 54 113 34 51 69 54 52 40 78 50 44 25 59 31 20 45 87 25 61 63 45 100 97 82 67 55 46 42 46 55 67 81 91 75 60 45 33 28 33 45 59 75 88 71 54 38 23 14 23 38 54 71 87 70 52 35 18 0 18 35 52 70 88 71 54 38 23 14 23 38 54 71 91 75 60 45 33 28 33 45 59 75 97 82 67 55 46 42 46 55 67 81 104 90 77 66 59 56 59 66 76 89 112 99 88 79 73 70 72 78 87 98 122 110 99 91 86 84 86 91 98 108
72 44 96 63 52 70 92 34 97 41 42 69 57 55 62 52 71 55 49 124 48 35 75 38 36 48 91 38 54 29 42 31 28 31 75 28 72 49 35 109 113 97 81 67 55 46 42 46 54 67 108 91 75 59 45 33 28 33 45 59 105 88 71 54 38 23 14 23 38 54 104 87 70 52 35 18 0 18 35 52 105 88 71 54 38 23 14 23 38 54 108 91 75 59 45 33 28 33 45 59 113 97 81 67 55 46 42 46 54 67 119 104 90 77 66 59 56 59 66 76 126 112 99 88 78 72 70 72 78 87 134 121 109 99 91 86 84 85 90 98
86 28 106 51 61 84 106 25 111 43 25 62 73 48 52 61 85 42 49 136 64 19 85 24 21 61 105 32 67 41 25 39 42 23 64 39 86 37 32 119 129 112 97 81 67 55 46 42 45 54 125 108 91 75 59 45 33 28 33 45 122 105 88 71 54 38 23 14 23 38 122 104 87 70 52 35 18 0 18 35 122 105 88 71 54 38 23 14 23 38 125 108 91 75 59 45 33 28 33 45 129 112 97 81 67 55 46 42 45 54 134 118 104 89 77 66 59 56 58 65 140 126 112 99 87 78 72 70 72 77 148 134 121 109 99 91 85 83 85 90
101 16 117 44 73 100 121 25 126 52 9 60 90 47 47 73 100 34 56 149 81 10 96 18 15 75 120 35 82 56 8 52 58 26 58 54 101 33 37 131 145 129 112 97 81 67 54 45 42 45 142 125 108 91 75 59 45 33 28 33 140 122 105 88 71 54 38 23 14 23 139 122 104 87 70 52 35 18 0 18 140 122 105 88 71 54 38 23 14 23 142 125 108 91 75 59 45 33 28 33 145 129 112 97 81 67 54 45 42 45 150 134 118 103 89 76 66 58 55 58 156 140 126 112 99 87 78 72 69 71 162 148 134 121 109 98 90 85 83 85
117 18 130 43 87 116 136 36 141 64 13 63 107 52 48 87 116 34 66 163 97 22 109 26 25 90 135 45 97 71 12 68 75 38 56 69 116 36 49 145 162 145 129 112 96 81 67 54 45 42 159 142 125 108 91 75 59 45 33 28 157 140 122 105 88 71 54 38 23 14 156 139 122 104 87 70 52 35 18 0 157 140 122 105 88 71 54 38 23 14 159 142 125 108 91 75 59 45 33 28 162 145 129 112 96 81 67 54 45 42 166 150 134 118 103 89 76 65 58 55 171 155 140 125 111 98 87 77 71 69 177 162 148 134 120 108 98 90 85 83
79 145 89 161 89 55 57 130 55 110 146 145 51 146 157 90 58 149 116 81 71 137 88 141 136 78 54 126 72 90 147 97 85 131 169 92 62 141 121 87 58 60 67 77 90 104 119 134 150 166 43 47 55 68 82 97 113 129 145 162 29 34 45 60 75 91 108 125 142 159 15 23 38 54 71 88 105 122 140 157 0 18 35 52 70 87 104 122 139 156 15 23 38 54 71 88 105 122 140 157 29 34 45 60 75 91 108 125 142 159 43 47 55 68 82 97 113 129 145 162 58 60 67 77 90 104 119 134 150 166 72 74 80 88 99 112 126 140 156 171
69 128 79 145 73 41 49 112 48 94 129 129 34 130 141 75 45 132 100 78 57 120 75 124 119 62 45 109 56 73 130 80 67 114 153 75 49 124 104 80 60 57 60 67 77 90 104 118 134 150 47 43 46 55 67 82 97 112 129 145 34 29 34 45 60 75 91 108 125 142 23 15 23 38 54 71 88 105 122 140 18 0 18 35 52 70 87 104 122 139 23 15 23 38 54 71 88 105 122 140 34 29 34 45 60 75 91 108 125 142 47 43 46 55 67 82 97 112 129 145 60 57 60 67 77 90 104 118 134 150 74 72 73 79 88 99 112 126 140 155
63 111 73 129 58 30 46 95 47 77 112 113 16 115 126 60 34 115 84 79 45 103 64 107 102 47 42 92 41 56 112 63 50 98 138 58 39 107 86 77 67 60 57 60 67 77 90 104 118 134 55 46 43 46 55 67 81 97 112 129 45 34 29 34 45 60 75 91 108 125 38 23 15 23 38 54 71 88 105 122 35 18 0 18 35 52 70 87 104 122 38 23 15 23 38 54 71 88 105 122 45 34 29 34 45 60 75 91 108 125 55 46 43 46 55 67 81 97 112 129 67 60 57 60 67 77 90 104 118 134 80 73 71 73 79 88 99 112 126 140
61 93 69 113 45 27 49 78 53 61 95 97 4 101 111 46 31 98 68 84 37 85 56 91 84 33 46 75 30 39 95 47 33 82 123 41 35 90 70 77 77 67 60 57 59 66 77 89 103 118 68 55 46 43 46 55 67 81 97 112 60 45 34 29 33 45 59 75 91 108 54 38 23 15 23 38 54 71 88 105 52 35 18 0 18 35 52 70 87 104 54 38 23 15 23 38 54 71 88 105 60 45 34 29 33 45 59 75 91 108 68 55 46 43 46 55 67 81 97 112 77 67 60 57 59 66 77 89 103 118 88 79 73 71 73 79 88 99 112 125
65 76 71 99 35 34 58 61 62 46 78 82 20 88 97 37 37 81 54 92 37 68 53 75 67 25 56 59 26 23 78 31 16 67 109 25 40 73 53 81 90 77 67 59 57 59 66 77 89 103 82 67 55 46 43 46 55 67 81 96 75 60 45 33 29 33 45 59 75 91 71 54 38 23 15 23 38 54 71 88 70 52 35 18 0 18 35 52 70 87 71 54 38 23 15 23 38 54 71 88 75 60 45 33 29 33 45 59 75 91 82 67 55 46 43 46 55 67 81 96 90 77 67 59 57 59 66 77 89 103 99 88 79 73 71 73 78 87 99 111
72 59 76 85 33 47 70 44 75 34 62 69 37 76 84 34 49 64 42 102 44 51 56 60 50 27 68 42 32 11 62 18 7 53 97 12 50 57 37 88 104 90 77 66 59 56 59 66 76 89 97 82 67 55 46 42 46 55 67 81 91 75 60 45 33 28 33 45 59 75 88 71 54 38 23 14 23 38 54 71 87 70 52 35 18 0 18 35 52 70 88 71 54 38 23 14 23 38 54 71 91 75 60 45 33 28 33 45 59 75 97 82 67 55 46 42 46 55 67 81 104 90 77 66 59 56 59 66 76 89 112 99 88 79 73 70 72 78 87 98
82 42 84 73 39 63 84 27 89 27 46 57 54 67 73 40 63 48 35 114 56 34 63 46 33 38 83 28 45 19 45 18 21 42 86 17 64 41 23 98 119 104 90 77 66 59 56 59 66 76 113 97 81 67 55 46 42 46 54 67 108 91 75 59 45 33 28 33 45 59 105 88 71 54 38 23 14 23 38 54 104 87 70 52 35 18 0 18 35 52 105 88 71 54 38 23 14 23 38 54 108 91 75 59 45 33 28 33 45 59 113 97 81 67 55 46 42 46 54 67 119 104 90 77 66 59 56 59 66 76 126 112 99 88 78 72 70 72 78 87
95 24 95 63 51 79 99 12 104 30 31 49 71 62 65 51 79 32 36 127 70 17 74 35 15 53 98 19 60 34 30 30 38 36 77 32 79 26 18 109 134 118 104 89 77 66 59 56 58 65 129 112 97 81 67 55 46 42 45 54 125 108 91 75 59 45 33 28 33 45 122 105 88 71 54 38 23 14 23 38 122 104 87 70 52 35 18 0 18 35 122 105 88 71 54 38 23 14 23 38 125 108 91 75 59 45 33 28 33 45 129 112 97 81 67 55 46 42 45 54 134 118 104 89 77 66 59 56 58 65 140 126 112 99 87 78 72 70 72 77
108 7 108 57 65 95 114 14 120 42 22 46 89 61 60 65 95 21 44 141 85 5 87 32 3 69 114 23 76 51 19 46 55 38 71 49 95 19 27 122 150 134 118 103 89 76 66 58 55 58 145 129 112 97 81 67 54 45 42 45 142 125 108 91 75 59 45 33 28 33 140 122 105 88 71 54 38 23 14 23 139 122 104 87 70 52 35 18 0 18 140 122 105 88 71 54 38 23 14 23 142 125 108 91 75 59 45 33 28 33 145 129 112 97 81 67 54 45 42 45 150 134 118 103 89 76 66 58 55 58 156 140 126 112 99 87 78 72 69 71
123 11 122 56 81 112 130 29 136 56 24 50 106 65 61 80 111 21 57 156 101 20 102 37 20 85 130 36 93 68 21 63 72 47 69 66 111 25 41 136 166 150 134 118 103 89 76 65 58 55 162 145 129 112 96 81 67 54 45 42 159 142 125 108 91 75 59 45 33 28 157 140 122 105 88 71 54 38 23 14 156 139 122 104 87 70 52 35 18 0 157 140 122 105 88 71 54 38 23 14 159 142 125 108 91 75 59 45 33 28 162 145 129 112 96 81 67 54 45 42 166 150 134 118 103 89 76 65 58 55 171 155 140 125 111 98 87 77 71 69
90 146 79 166 85 50 46 130 44 108 149 141 52 152 163 86 52 148 113 67 79 138 80 145 137 75 43 125 68 90 149 96 85 135 175 92 55 140 119 75 72 74 80 88 99 112 126 140 156 171 58 60 67 77 90 104 119 134 150 166 43 47 55 68 82 97 113 129 145 162 29 34 45 60 75 91 108 125 142 159 15 23 38 54 71 88 105 122 140 157 0 18 35 52 70 87 104 122 139 156 15 23 38 54 71 88 105 122 140 157 29 34 45 60 75 91 108 125 142 159 43 47 55 68 82 97 113 129 145 162 58 60 67 77 90 104 119 134 150 166
82 129 67 151 68 33 36 112 35 91 132 124 35 137 148 69 36 130 96 64 67 121 65 128 120 58 32 108 51 72 132 79 68 119 160 74 40 123 102 67 74 72 73 79 88 99 112 126 140 155 60 57 60 67 77 90 104 118 134 150 47 43 46 55 67 82 97 112 129 145 34 29 34 45 60 75 91 108 125 142 23 15 23 38 54 71 88 105 122 140 18 0 18 35 52 70 87 104 122 139 23 15 23 38 54 71 88 105 122 140 34 29 34 45 60 75 91 108 125 142 47 43 46 55 67 82 97 112 129 145 60 57 60 67 77 90 104 118 134 150
77 112 59 135 52 18 32 95 33 74 116 108 20 123 133 53 22 113 79 65 57 104 52 112 103 41 28 91 35 55 115 61 51 104 146 57 26 105 85 63 80 73 71 73 79 88 99 112 126 140 67 60 57 60 67 77 90 104 118 134 55 46 43 46 55 67 81 97 112 129 45 34 29 34 45 60 75 91 108 125 38 23 15 23 38 54 71 88 105 122 35 18 0 18 35 52 70 87 104 122 38 23 15 23 38 54 71 88 105 122 45 34 29 34 45 60 75 91 108 125 55 46 43 46 55 67 81 97 112 129 67 60 57 60 67 77 90 104 118 134
75 94 55 121 36 13 37 78 41 57 99 91 11 110 119 37 17 96 62 71 51 87 43 97 86 25 34 73 19 38 99 44 34 89 132 40 21 88 68 63 88 79 73 71 73 79 88 99 112 125 77 67 60 57 59 66 77 89 103 118 68 55 46 43 46 55 67 81 97 112 60 45 34 29 33 45 59 75 91 108 54 38 23 15 23 38 54 71 88 105 52 35 18 0 18 35 52 70 87 104 54 38 23 15 23 38 54 71 88 105 60 45 34 29 33 45 59 75 91 108 68 55 46 43 46 55 67 81 97 112 77 67 60 57 59 66 77 89 103 118
78 77 57 107 23 25 48 60 53 40 83 75 22 98 106 25 26 79 46 80 51 70 39 82 69 11 46 56 12 21 83 27 18 75 119 23 28 71 50 68 99 88 79 73 71 73 78 87 99 111 90 77 67 59 57 59 66 77 89 103 82 67 55 46 43 46 55 67 81 96 75 60 45 33 29 33 45 59 75 91 71 54 38 23 15 23 38 54 71 88 70 52 35 18 0 18 35 52 70 87 71 54 38 23 15 23 38 54 71 88 75 60 45 33 29 33 45 59 75 91 82 67 55 46 43 46 55 67 81 96 90 77 67 59 57 59 66 77 89 103
84 60 63 95 20 41 62 43 67 24 68 60 38 88 94 20 41 61 32 92 56 54 43 68 52 16 61 39 23 5 67 9 9 63 107 6 42 54 33 76 112 99 88 79 73 70 72 78 87 98 104 90 77 66 59 56 59 66 76 89 97 82 67 55 46 42 46 55 67 81 91 75 60 45 33 28 33 45 59 75 88 71 54 38 23 14 23 38 54 71 87 70 52 35 18 0 18 35 52 70 88 71 54 38 23 14 23 38 54 71 91 75 60 45 33 28 33 45 59 75 97 82 67 55 46 42 46 55 67 81 104 90 77 66 59 56 59 66 76 89
93 44 73 84 29 58 77 26 83 13 54 46 55 80 85 29 58 44 22 105 66 38 52 56 35 32 77 22 39 16 52 9 22 54 97 14 58 36 16 87 126 112 99 88 78 72 70 72 78 87 119 104 90 77 66 59 56 59 66 76 113 97 81 67 55 46 42 46 54 67 108 91 75 59 45 33 28 33 45 59 105 88 71 54 38 23 14 23 38 54 104 87 70 52 35 18 0 18 35 52 105 88 71 54 38 23 14 23 38 54 108 91 75 59 45 33 28 33 45 59 113 97 81 67 55 46 42 46 54 67 119 104 90 77 66 59 56 59 66 76
104 28 86 76 44 75 93 10 99 20 42 36 72 75 78 43 74 27 23 119 78 24 65 48 20 49 93 6 56 33 40 26 39 50 89 31 74 19 5 100 140 126 112 99 87 78 72 70 72 77 134 118 104 89 77 66 59 56 58 65 129 112 97 81 67 55 46 42 45 54 125 108 91 75 59 45 33 28 33 45 122 105 88 71 54 38 23 14 23 38 122 104 87 70 52 35 18 0 18 35 122 105 88 71 54 38 23 14 23 38 125 108 91 75 59 45 33 28 33 45 129 112 97 81 67 55 46 42 45 54 134 118 104 89 77 66 59 56 58 65
117 16 100 71 60 92 110 11 115 35 35 32 89 75 74 59 91 10 35 134 92 19 80 45 14 66 110 15 73 50 32 44 56 51 85 48 91 5 20 114 156 140 126 112 99 87 78 72 69 71 150 134 118 103 89 76 66 58 55 58 145 129 112 97 81 67 54 45 42 45 142 125 108 91 75 59 45 33 28 33 140 122 105 88 71 54 38 23 14 23 139 122 104 87 70 52 35 18 0 18 140 122 105 88 71 54 38 23 14 23 142 125 108 91 75 59 45 33 28 33 145 129 112 97 81 67 54 45 42 45 150 134 118 103 89 76 66 58 55 58
130 18 114 70 76 109 126 28 132 51 36 38 107 78 75 75 108 10 50 149 107 27 95 49 24 83 126 32 90 67 33 61 73 58 83 65 108 17 38 129 171 155 140 125 111 98 87 77 71 69 166 150 134 118 103 89 76 65 58 55 162 145 129 112 96 81 67 54 45 42 159 142 125 108 91 75 59 45 33 28 157 140 122 105 88 71 54 38 23 14 156 139 122 104 87 70 52 35 18 0 157 140 122 105 88 71 54 38 23 14 159 142 125 108 91 75 59 45 33 28 162 145 129 112 96 81 67 54 45 42 166 150 134 118 103 89 76 65 58 55
103 148 69 173 83 48 38 131 34 107 153 138 57 160 170 84 50 148 111 54 89 141 74 150 139 75 36 125 67 91 153 97 87 141 182 93 51 140 120 64 86 88 93 100 110 122 134 148 162 177 72 74 80 88 99 112 126 140 156 171 58 60 67 77 90 104 119 134 150 166 43 47 55 68 82 97 113 129 145 162 29 34 45 60 75 91 108 125 142 159 15 23 38 54 71 88 105 122 140 157 0 18 35 52 70 87 104 122 139 156 15 23 38 54 71 88 105 122 140 157 29 34 45 60 75 91 108 125 142 159 43 47 55 68 82 97 113 129 145 162
95 131 56 158 65 31 24 114 22 90 137 121 42 146 155 67 32 131 94 50 78 124 58 134 122 57 21 108 50 74 136 80 71 126 168 76 34 123 103 54 88 86 87 92 100 110 121 134 148 162 74 72 73 79 88 99 112 126 140 155 60 57 60 67 77 90 104 118 134 150 47 43 46 55 67 82 97 112 129 145 34 29 34 45 60 75 91 108 125 142 23 15 23 38 54 71 88 105 122 140 18 0 18 35 52 70 87 104 122 139 23 15 23 38 54 71 88 105 122 140 34 29 34 45 60 75 91 108 125 142 47 43 46 55 67 82 97 112 129 145
91 114 46 143 48 14 18 97 20 73 121 104 30 132 141 49 15 113 77 51 70 108 43 118 105 40 14 91 33 58 120 63 55 111 154 60 18 106 85 49 93 87 85 87 92 99 109 121 134 148 80 73 71 73 79 88 99 112 126 140 67 60 57 60 67 77 90 104 118 134 55 46 43 46 55 67 81 97 112 129 45 34 29 34 45 60 75 91 108 125 38 23 15 23 38 54 71 88 105 122 35 18 0 18 35 52 70 87 104 122 38 23 15 23 38 54 71 88 105 122 45 34 29 34 45 60 75 91 108 125 55 46 43 46 55 67 81 97 112 129
90 98 41 130 31 5 25 80 30 55 105 87 25 120 128 32 4 96 59 59 65 91 30 104 89 23 24 74 16 41 104 46 40 98 141 43 7 89 68 49 100 92 87 85 87 91 99 109 121 134 88 79 73 71 73 79 88 99 112 125 77 67 60 57 59 66 77 89 103 118 68 55 46 43 46 55 67 81 97 112 60 45 34 29 33 45 59 75 91 108 54 38 23 15 23 38 54 71 88 105 52 35 18 0 18 35 52 70 87 104 54 38 23 15 23 38 54 71 88 105 60 45 34 29 33 45 59 75 91 108 68 55 46 43 46 55 67 81 97 112
92 81 43 117 14 22 40 63 45 38 90 70 32 109 116 16 21 79 42 70 64 75 25 90 73 7 39 57 4 27 89 29 27 85 129 29 20 71 51 55 110 100 92 87 85 86 91 99 109 120 99 88 79 73 71 73 78 87 99 111 90 77 67 59 57 59 66 77 89 103 82 67 55 46 43 46 55 67 81 96 75 60 45 33 29 33 45 59 75 91 71 54 38 23 15 23 38 54 71 88 70 52 35 18 0 18 35 52 70 87 71 54 38 23 15 23 38 54 71 88 75 60 45 33 29 33 45 59 75 91 82 67 55 46 43 46 55 67 81 96
97 65 52 105 7 40 56 47 62 21 76 54 44 100 105 7 38 62 25 83 69 60 31 78 57 14 56 40 20 18 75 16 23 75 118 19 37 54 34 65 122 110 99 91 86 84 86 91 98 108 112 99 88 79 73 70 72 78 87 98 104 90 77 66 59 56 59 66 76 89 97 82 67 55 46 42 46 55 67 81 91 75 60 45 33 28 33 45 59 75 88 71 54 38 23 14 23 38 54 71 87 70 52 35 18 0 18 35 52 70 88 71 54 38 23 14 23 38 54 71 91 75 60 45 33 28 33 45 59 75 97 82 67 55 46 42 46 55 67 81
105 50 64 96 23 57 73 32 78 4 63 38 60 93 97 22 55 45 10 97 77 46 43 68 43 31 73 23 38 23 62 16 30 67 109 22 54 37 19 78 134 121 109 99 91 86 84 85 90 98 126 112 99 88 78 72 70 72 78 87 119 104 90 77 66 59 56 59 66 76 113 97 81 67 55 46 42 46 54 67 108 91 75 59 45 33 28 33 45 59 105 88 71 54 38 23 14 23 38 54 104 87 70 52 35 18 0 18 35 52 105 88 71 54 38 23 14 23 38 54 108 91 75 59 45 33 28 33 45 59 113 97 81 67 55 46 42 46 54 67
115 37 78 89 40 74 90 21 95 15 54 24 76 89 91 39 73 28 13 112 87 36 58 61 31 48 90 11 55 37 51 29 44 64 102 35 71 21 11 92 148 134 121 109 99 91 85 83 85 90 140 126 112 99 87 78 72 70 72 77 134 118 104 89 77 66 59 56 58 65 129 112 97 81 67 55 46 42 45 54 125 108 91 75 59 45 33 28 33 45 122 105 88 71 54 38 23 14 23 38 122 104 87 70 52 35 18 0 18 35 122 105 88 71 54 38 23 14 23 38 125 108 91 75 59 45 33 28 33 45 129 112 97 81 67 55 46 42 45 54
126 29 93 84 57 91 107 21 112 32 49 19 92 88 88 56 90 13 29 128 100 33 74 59 28 65 107 18 72 53 46 45 59 65 98 51 89 10 23 108 162 148 134 121 109 98 90 85 83 85 156 140 126 112 99 87 78 72 69 71 150 134 118 103 89 76 66 58 55 58 145 129 112 97 81 67 54 45 42 45 142 125 108 91 75 59 45 33 28 33 140 122 105 88 71 54 38 23 14 23 139 122 104 87 70 52 35 18 0 18 140 122 105 88 71 54 38 23 14 23 142 125 108 91 75 59 45 33 28 33 145 129 112 97 81 67 54 45 42 45
139 30 109 84 74 109 124 33 129 50 49 27 109 91 88 73 107 13 46 144 114 38 91 62 34 82 124 33 89 69 46 62 76 70 97 67 106 19 39 123 177 162 148 134 120 108 98 90 85 83 171 155 140 125 111 98 87 77 71 69 166 150 134 118 103 89 76 65 58 55 162 145 129 112 96 81 67 54 45 42 159 142 125 108 91 75 59 45 33 28 157 140 122 105 88 71 54 38 23 14 156 139 122 104 87 70 52 35 18 0 157 140 122 105 88 71 54 38 23 14 159 142 125 108 91 75 59 45 33 28 162 145 129 112 96 81 67 54 45 42
115 151 62 180 83 51 34 134 29 108 158 137 64 168 177 84 51 149 111 41 100 145 70 156 143 77 33 127 70 95 157 100 92 148 190 97 52 142 122 54 100 102 106 112 121 132 144 156 170 184 86 88 93 100 110 122 134 148 162 177 72 74 80 88 99 112 126 140 156 171 58 60 67 77 90 104 119 134 150 166 43 47 55 68 82 97 113 129 145 162 29 34 45 60 75 91 108 125 142 159 15 23 38 54 71 88 105 122 140 157 0 18 35 52 70 87 104 122 139 156 15 23 38 54 71 88 105 122 140 157 29 34 45 60 75 91 108 125 142 159
109 135 47 166 66 35 17 117 12 91 142 120 52 155 164 67 34 132 94 35 90 129 53 141 126 60 16 110 53 79 142 83 77 134 176 81 35 125 105 42 102 100 101 105 112 121 131 143 156 170 88 86 87 92 100 110 121 134 148 162 74 72 73 79 88 99 112 126 140 155 60 57 60 67 77 90 104 118 134 150 47 43 46 55 67 82 97 112 129 145 34 29 34 45 60 75 91 108 125 142 23 15 23 38 54 71 88 105 122 140 18 0 18 35 52 70 87 104 122 139 23 15 23 38 54 71 88 105 122 140 34 29 34 45 60 75 91 108 125 142
105 118 34 152 49 21 4 100 8 74 127 103 43 142 150 50 19 115 77 38 83 113 37 126 110 44 3 94 37 63 126 67 62 120 163 65 18 108 88 35 106 101 99 101 105 112 121 131 143 156 93 87 85 87 92 99 109 121 134 148 80 73 71 73 79 88 99 112 126 140 67 60 57 60 67 77 90 104 118 134 55 46 43 46 55 67 81 97 112 129 45 34 29 34 45 60 75 91 108 125 38 23 15 23 38 54 71 88 105 122 35 18 0 18 35 52 70 87 104 122 38 23 15 23 38 54 71 88 105 122 45 34 29 34 45 60 75 91 108 125
104 102 27 139 32 17 19 84 25 57 112 85 40 130 138 33 13 98 59 47 79 97 21 112 94 29 20 77 23 49 111 51 49 107 151 51 8 91 72 35 112 105 101 99 100 105 111 120 131 143 100 92 87 85 87 91 99 109 121 134 88 79 73 71 73 79 88 99 112 125 77 67 60 57 59 66 77 89 103 118 68 55 46 43 46 55 67 81 97 112 60 45 34 29 33 45 59 75 91 108 54 38 23 15 23 38 54 71 88 105 52 35 18 0 18 35 52 70 87 104 54 38 23 15 23 38 54 71 88 105 60 45 34 29 33 45 59 75 91 108
105 87 30 127 16 28 36 69 42 41 98 68 44 120 127 17 24 82 42 60 78 82 11 100 79 19 37 61 18 38 97 38 40 96 140 39 21 74 56 43 121 112 105 100 99 100 104 111 120 130 110 100 92 87 85 86 91 99 109 120 99 88 79 73 71 73 78 87 99 111 90 77 67 59 57 59 66 77 89 103 82 67 55 46 43 46 55 67 81 96 75 60 45 33 29 33 45 59 75 91 71 54 38 23 15 23 38 54 71 88 70 52 35 18 0 18 35 52 70 87 71 54 38 23 15 23 38 54 71 88 75 60 45 33 29 33 45 59 75 91
110 72 41 117 11 43 53 54 59 26 85 51 54 112 117 10 40 65 26 75 82 69 21 89 65 23 54 45 26 32 84 28 37 87 130 32 37 58 41 56 132 121 112 105 100 98 99 104 110 119 122 110 99 91 86 84 86 91 98 108 112 99 88 79 73 70 72 78 87 98 104 90 77 66 59 56 59 66 76 89 97 82 67 55 46 42 46 55 67 81 91 75 60 45 33 28 33 45 59 75 88 71 54 38 23 14 23 38 54 71 87 70 52 35 18 0 18 35 52 70 88 71 54 38 23 14 23 38 54 71 91 75 60 45 33 28 33 45 59 75
117 59 56 108 24 59 71 42 76 16 74 34 67 106 110 23 56 49 11 91 89 57 37 80 53 35 72 32 41 35 72 28 42 80 122 34 54 43 29 71 144 131 121 111 104 99 98 99 103 110 134 121 109 99 91 86 84 85 90 98 126 112 99 88 78 72 70 72 78 87 119 104 90 77 66 59 56 59 66 76 113 97 81 67 55 46 42 46 54 67 108 91 75 59 45 33 28 33 45 59 105 88 71 54 38 23 14 23 38 54 104 87 70 52 35 18 0 18 35 52 105 88 71 54 38 23 14 23 38 54 108 91 75 59 45 33 28 33 45 59
126 48 71 102 41 76 88 34 94 22 66 17 81 103 104 39 73 35 14 107 98 49 54 75 44 51 89 24 57 45 64 37 52 77 115 44 71 30 25 86 156 143 131 120 111 104 99 97 99 103 148 134 121 109 99 91 85 83 85 90 140 126 112 99 87 78 72 70 72 77 134 118 104 89 77 66 59 56 58 65 129 112 97 81 67 55 46 42 45 54 125 108 91 75 59 45 33 28 33 45 122 105 88 71 54 38 23 14 23 38 122 104 87 70 52 35 18 0 18 35 122 105 88 71 54 38 23 14 23 38 125 108 91 75 59 45 33 28 33 45
136 42 88 98 58 93 105 34 111 36 62 5 97 102 102 56 91 25 30 123 109 46 71 73 41 67 106 28 74 59 59 51 66 78 112 57 89 23 32 102 170 156 143 131 120 110 103 99 97 98 162 148 134 121 109 98 90 85 83 85 156 140 126 112 99 87 78 72 69 71 150 134 118 103 89 76 66 58 55 58 145 129 112 97 81 67 54 45 42 45 142 125 108 91 75 59 45 33 28 33 140 122 105 88 71 54 38 23 14 23 139 122 104 87 70 52 35 18 0 18 140 122 105 88 71 54 38 23 14 23 142 125 108 91 75 59 45 33 28 33
148 43 104 97 75 110 123 42 128 52 63 20 113 104 102 73 108 25 46 140 122 50 88 75 46 84 123 40 91 74 60 66 81 83 110 72 106 29 45 119 184 170 156 143 130 119 110 103 98 96 177 162 148 134 120 108 98 90 85 83 171 155 140 125 111 98 87 77 71 69 166 150 134 118 103 89 76 65 58 55 162 145 129 112 96 81 67 54 45 42 159 142 125 108 91 75 59 45 33 28 157 140 122 105 88 71 54 38 23 14 156 139 122 104 87 70 52 35 18 0 157 140 122 105 88 71 54 38 23 14 159 142 125 108 91 75 59 45 33 28
128 156 57 188 86 57 36 138 30 111 164 138 74 177 186 87 56 152 113 30 111 150 70 163 147 81 37 131 74 101 163 104 99 156 199 102 56 145 125 47 115 116 119 125 133 143 154 166 179 192 100 102 106 112 121 132 144 156 170 184 86 88 93 100 110 122 134 148 162 177 72 74 80 88 99 112 126 140 156 171 58 60 67 77 90 104 119 134 150 166 43 47 55 68 82 97 113 129 145 162 29 34 45 60 75 91 108 125 142 159 15 23 38 54 71 88 105 122 140 157 0 18 35 52 70 87 104 122 139 156 15 23 38 54 71 88 105 122 140 157
122 140 41 174 69 43 20 122 15 95 149 120 63 164 173 70 42 135 96 21 103 134 52 148 131 66 22 114 59 86 148 89 84 142 186 87 40 128 109 32 116 114 115 119 125 133 142 153 165 178 102 100 101 105 112 121 131 143 156 170 88 86 87 92 100 110 121 134 148 162 74 72 73 79 88 99 112 126 140 155 60 57 60 67 77 90 104 118 134 150 47 43 46 55 67 82 97 112 129 145 34 29 34 45 60 75 91 108 125 142 23 15 23 38 54 71 88 105 122 140 18 0 18 35 52 70 87 104 122 139 23 15 23 38 54 71 88 105 122 140
119 124 25 161 54 33 12 106 12 78 134 103 56 152 160 54 30 119 79 26 96 119 35 135 116 52 16 98 45 71 133 74 71 129 173 73 28 112 93 21 119 115 114 115 118 124 132 142 153 165 106 101 99 101 105 112 121 131 143 156 93 87 85 87 92 99 109 121 134 148 80 73 71 73 79 88 99 112 126 140 67 60 57 60 67 77 90 104 118 134 55 46 43 46 55 67 81 97 112 129 45 34 29 34 45 60 75 91 108 125 38 23 15 23 38 54 71 88 105 122 35 18 0 18 35 52 70 87 104 122 38 23 15 23 38 54 71 88 105 122
118 109 14 149 39 31 22 91 26 63 120 86 54 142 149 39 27 102 63 38 93 104 18 122 101 40 25 82 35 59 119 60 60 118 162 61 22 96 78 22 125 119 115 113 114 118 124 132 141 152 112 105 101 99 100 105 111 120 131 143 100 92 87 85 87 91 99 109 121 134 88 79 73 71 73 79 88 99 112 125 77 67 60 57 59 66 77 89 103 118 68 55 46 43 46 55 67 81 97 112 60 45 34 29 33 45 59 75 91 108 54 38 23 15 23 38 54 71 88 105 52 35 18 0 18 35 52 70 87 104 54 38 23 15 23 38 54 71 88 105
119 94 19 138 27 38 38 76 43 48 107 69 57 132 138 27 33 87 47 54 92 91 4 110 87 33 40 67 32 50 106 49 53 108 151 51 29 80 63 34 133 125 118 114 113 114 117 123 131 141 121 112 105 100 99 100 104 111 120 130 110 100 92 87 85 86 91 99 109 120 99 88 79 73 71 73 78 87 99 111 90 77 67 59 57 59 66 77 89 103 82 67 55 46 43 46 55 67 81 96 75 60 45 33 29 33 45 59 75 91 71 54 38 23 15 23 38 54 71 88 70 52 35 18 0 18 35 52 70 87 71 54 38 23 15 23 38 54 71 88
123 81 34 129 24 50 55 63 60 36 96 52 65 125 130 23 46 71 33 70 95 79 18 101 74 35 56 54 37 46 94 42 51 99 142 46 43 65 51 49 143 133 124 118 114 112 113 117 123 131 132 121 112 105 100 98 99 104 110 119 122 110 99 91 86 84 86 91 98 108 112 99 88 79 73 70 72 78 87 98 104 90 77 66 59 56 59 66 76 89 97 82 67 55 46 42 46 55 67 81 91 75 60 45 33 28 33 45 59 75 88 71 54 38 23 14 23 38 54 71 87 70 52 35 18 0 18 35 52 70 88 71 54 38 23 14 23 38 54 71
129 69 51 121 32 64 72 53 77 30 86 35 76 119 123 31 61 57 23 86 101 69 35 93 64 44 73 43 49 48 84 42 55 94 134 47 58 52 42 65 154 142 132 124 117 113 112 113 116 122 144 131 121 111 104 99 98 99 103 110 134 121 109 99 91 86 84 85 90 98 126 112 99 88 78 72 70 72 78 87 119 104 90 77 66 59 56 59 66 76 113 97 81 67 55 46 42 46 54 67 108 91 75 59 45 33 28 33 45 59 105 88 71 54 38 23 14 23 38 54 104 87 70 52 35 18 0 18 35 52 105 88 71 54 38 23 14 23 38 54
137 60 67 115 46 80 89 47 94 33 79 19 89 116 118 44 77 45 24 103 109 62 53 88 57 58 90 38 63 56 77 48 63 91 129 55 74 42 39 82 166 153 142 132 123 117 113 111 112 116 156 143 131 120 111 104 99 97 99 103 148 134 121 109 99 91 85 83 85 90 140 126 112 99 87 78 72 70 72 77 134 118 104 89 77 66 59 56 58 65 129 112 97 81 67 55 46 42 45 54 125 108 91 75 59 45 33 28 33 45 122 105 88 71 54 38 23 14 23 38 122 104 87 70 52 35 18 0 18 35 122 105 88 71 54 38 23 14 23 38
147 56 84 112 61 96 106 48 111 44 76 10 103 116 115 60 93 38 36 120 120 60 70 87 55 72 107 40 78 67 73 59 74 92 125 66 91 37 43 99 179 165 153 141 131 123 116 112 110 112 170 156 143 131 120 110 103 99 97 98 162 148 134 121 109 98 90 85 83 85 156 140 126 112 99 87 78 72 69 71 150 134 118 103 89 76 66 58 55 58 145 129 112 97 81 67 54 45 42 45 142 125 108 91 75 59 45 33 28 33 140 122 105 88 71 54 38 23 14 23 139 122 104 87 70 52 35 18 0 18 140 122 105 88 71 54 38 23 14 23
158 56 102 111 78 113 123 54 128 58 76 22 118 118 115 76 110 38 51 137 131 63 87 88 58 88 124 49 94 81 73 73 88 96 124 79 108 41 53 116 192 178 165 152 141 131 122 116 112 110 184 170 156 143 130 119 110 103 98 96 177 162 148 134 120 108 98 90 85 83 171 155 140 125 111 98 87 77 71 69 166 150 134 118 103 89 76 65 58 55 162 145 129 112 96 81 67 54 45 42 159 142 125 108 91 75 59 45 33 28 157 140 122 105 88 71 54 38 23 14 156 139 122 104 87 70 52 35 18 0 157 140 122 105 88 71 54 38 23 14
141 161 56 197 91 66 43 143 38 116 171 139 85 187 195 92 64 156 117 22 123 156 72 171 153 88 44 135 81 108 170 111 107 165 208 110 63 149 131 43 129 130 133 138 145 154 164 176 188 201 115 116 119 125 133 143 154 166 179 192 100 102 106 112 121 132 144 156 170 184 86 88 93 100 110 122 134 148 162 177 72 74 80 88 99 112 126 140 156 171 58 60 67 77 90 104 119 134 150 166 43 47 55 68 82 97 113 129 145 162 29 34 45 60 75 91 108 125 142 159 15 23 38 54 71 88 105 122 140 157 0 18 35 52 70 87 104 122 139 156
136 146 39 184 75 54 31 128 27 100 156 122 76 174 182 76 52 140 100 8 115 141 55 157 138 74 33 120 68 94 155 96 94 152 195 95 50 133 115 26 130 128 129 132 138 145 154 164 175 187 116 114 115 119 125 133 142 153 165 178 102 100 101 105 112 121 131 143 156 170 88 86 87 92 100 110 121 134 148 162 74 72 73 79 88 99 112 126 140 155 60 57 60 67 77 90 104 118 134 150 47 43 46 55 67 82 97 112 129 145 34 29 34 45 60 75 91 108 125 142 23 15 23 38 54 71 88 105 122 140 18 0 18 35 52 70 87 104 122 139
133 131 21 171 61 47 26 113 26 85 143 105 70 163 171 61 43 124 84 16 110 127 39 144 123 62 30 104 56 81 141 82 82 140 184 83 40 117 100 10 133 129 128 129 132 137 144 153 163 175 119 115 114 115 118 124 132 142 153 165 106 101 99 101 105 112 121 131 143 156 93 87 85 87 92 99 109 121 134 148 80 73 71 73 79 88 99 112 126 140 67 60 57 60 67 77 90 104 118 134 55 46 43 46 55 67 81 97 112 129 45 34 29 34 45 60 75 91 108 125 38 23 15 23 38 54 71 88 105 122 35 18 0 18 35 52 70 87 104 122
132 117 4 160 49 45 32 99 34 70 130 89 68 153 160 49 41 108 69 33 107 113 25 132 109 52 35 90 48 71 128 70 73 129 173 72 36 102 86 12 138 132 129 127 128 131 137 144 153 163 125 119 115 113 114 118 124 132 141 152 112 105 101 99 100 105 111 120 131 143 100 92 87 85 87 91 99 109 121 134 88 79 73 71 73 79 88 99 112 125 77 67 60 57 59 66 77 89 103 118 68 55 46 43 46 55 67 81 97 112 60 45 34 29 33 45 59 75 91 108 54 38 23 15 23 38 54 71 88 105 52 35 18 0 18 35 52 70 87 104
133 103 14 150 40 50 44 85 48 58 118 72 70 145 150 40 45 93 55 50 106 101 18 122 96 47 47 76 46 63 116 61 67 120 163 64 41 87 73 28 145 138 132 128 127 127 131 136 143 152 133 125 118 114 113 114 117 123 131 141 121 112 105 100 99 100 104 111 120 130 110 100 92 87 85 86 91 99 109 120 99 88 79 73 71 73 78 87 99 111 90 77 67 59 57 59 66 77 89 103 82 67 55 46 43 46 55 67 81 96 75 60 45 33 29 33 45 59 75 91 71 54 38 23 15 23 38 54 71 88 70 52 35 18 0 18 35 52 70 87
136 91 32 141 38 59 59 74 64 48 107 56 77 138 142 37 55 79 43 67 109 90 25 113 85 48 62 65 50 60 105 55 65 112 154 60 51 74 62 45 154 145 137 131 127 126 127 130 135 143 143 133 124 118 114 112 113 117 123 131 132 121 112 105 100 98 99 104 110 119 122 110 99 91 86 84 86 91 98 108 112 99 88 79 73 70 72 78 87 98 104 90 77 66 59 56 59 66 76 89 97 82 67 55 46 42 46 55 67 81 91 75 60 45 33 28 33 45 59 75 88 71 54 38 23 14 23 38 54 71 87 70 52 35 18 0 18 35 52 70
142 81 49 134 44 72 75 66 80 44 99 41 86 133 136 42 68 67 36 84 114 81 39 106 76 55 77 56 59 61 96 55 68 107 147 61 65 62 55 63 164 154 144 137 131 127 125 126 130 135 154 142 132 124 117 113 112 113 116 122 144 131 121 111 104 99 98 99 103 110 134 121 109 99 91 86 84 85 90 98 126 112 99 88 78 72 70 72 78 87 119 104 90 77 66 59 56 59 66 76 113 97 81 67 55 46 42 46 54 67 108 91 75 59 45 33 28 33 45 59 105 88 71 54 38 23 14 23 38 54 104 87 70 52 35 18 0 18 35 52
149 73 66 128 54 86 92 61 96 46 93 28 98 130 131 53 83 57 37 101 121 76 55 102 71 66 93 52 71 68 90 60 74 105 142 67 80 54 52 80 176 164 153 144 136 130 126 125 126 129 166 153 142 132 123 117 113 111 112 116 156 143 131 120 111 104 99 97 99 103 148 134 121 109 99 91 85 83 85 90 140 126 112 99 87 78 72 70 72 77 134 118 104 89 77 66 59 56 58 65 129 112 97 81 67 55 46 42 45 54 125 108 91 75 59 45 33 28 33 45 122 105 88 71 54 38 23 14 23 38 122 104 87 70 52 35 18 0 18 35
158 69 84 125 68 101 108 61 113 54 90 24 111 129 129 66 98 51 45 119 130 74 72 100 69 80 110 54 85 77 87 69 84 106 139 76 95 51 56 97 188 175 163 153 143 135 130 126 124 125 179 165 153 141 131 123 116 112 110 112 170 156 143 131 120 110 103 99 97 98 162 148 134 121 109 98 90 85 83 85 156 140 126 112 99 87 78 72 69 71 150 134 118 103 89 76 66 58 55 58 145 129 112 97 81 67 54 45 42 45 142 125 108 91 75 59 45 33 28 33 140 122 105 88 71 54 38 23 14 23 139 122 104 87 70 52 35 18 0 18
168 70 101 125 83 117 125 66 130 66 90 30 125 131 129 81 114 51 58 136 141 76 89 102 71 94 127 60 100 89 87 81 96 109 138 88 111 53 64 114 201 187 175 163 152 143 135 129 125 124 192 178 165 152 141 131 122 116 112 110 184 170 156 143 130 119 110 103 98 96 177 162 148 134 120 108 98 90 85 83 171 155 140 125 111 98 87 77 71 69 166 150 134 118 103 89 76 65 58 55 162 145 129 112 96 81 67 54 45 42 159 142 125 108 91 75 59 45 33 28 157 140 122 105 88 71 54 38 23 14 156 139 122 104 87 70 52 35 18 0
