0 145 146 44 50 30 23 135 130 41 82 54 142 96 43 17 62 150 56 128 3 130 153 90 52 25 24 102 126 46 54 53 130 98 58 40 73 114 27 136 137 132 129 129 130 134 140 148 157 168 124 119 115 115 117 121 128 136 146 158 111 105 101 101 103 108 115 125 136 148 98 91 87 87 89 95 104 114 126 139 86 78 73 73 76 83 92 104 117 131 74 65 59 58 63 71 82 95 109 124 64 53 46 45 50 60 73 87 103 119 55 42 32 31 38 51 66 81 98 114 49 33 20 17 29 44 61 77 94 112 46 29 12 7 24 41 59 76 93 111
145 0 57 106 182 163 145 25 57 112 64 178 17 86 154 131 136 23 185 52 144 15 60 59 119 128 137 44 60 110 96 136 18 85 89 107 124 37 172 71 160 143 127 110 94 78 62 49 38 33 158 141 124 107 90 73 56 41 27 19 157 140 122 105 88 71 53 36 19 6 157 140 123 105 88 71 54 37 20 9 158 141 124 107 90 74 58 42 29 23 161 144 128 111 95 79 64 51 41 36 165 148 132 116 101 86 73 61 53 50 170 154 138 123 109 95 83 73 66 64 175 160 145 131 117 105 94 85 80 77 182 167 153 140 127 115 106 98 93 91
146 57 0 103 170 154 137 35 17 107 80 163 73 57 139 130 114 36 170 20 146 57 7 61 104 123 130 67 21 102 93 117 65 54 90 108 98 77 169 20 113 95 78 61 44 26 9 10 27 44 114 97 80 63 47 31 19 19 32 47 117 100 84 68 53 40 32 32 41 54 121 105 90 76 62 52 46 46 52 63 127 112 98 85 73 64 59 59 64 73 134 120 107 95 85 77 73 73 77 84 143 129 117 106 97 91 87 87 90 96 152 139 128 118 110 104 101 101 103 109 161 150 139 130 123 117 115 114 117 122 172 161 151 142 136 131 128 128 130 135
44 106 103 0 78 58 40 92 87 9 45 75 106 55 51 28 47 108 81 85 43 91 110 48 27 23 32 63 83 12 11 41 92 58 17 8 47 79 68 93 114 104 97 92 91 92 97 105 115 126 103 92 84 78 77 79 85 93 104 117 93 81 71 65 63 65 72 82 94 108 84 70 59 51 49 52 61 72 86 101 76 61 48 38 35 40 50 64 79 95 71 55 39 26 21 28 42 58 74 91 68 51 34 17 7 20 37 54 72 89 68 51 34 18 9 21 38 55 72 89 71 55 40 27 22 29 43 58 75 91 77 62 49 40 36 41 51 65 80 96
50 182 170 78 0 22 39 167 154 70 122 11 183 114 32 55 59 182 7 153 52 168 176 124 67 56 46 141 149 73 87 54 169 116 94 78 76 156 33 155 123 125 128 134 142 151 162 174 186 200 109 111 115 122 130 140 152 164 178 192 95 97 102 109 119 130 142 156 170 184 80 83 89 97 108 120 133 148 162 178 66 69 76 86 98 111 126 141 156 172 52 56 64 76 89 104 119 135 151 167 38 43 53 67 82 97 114 130 147 164 23 31 45 60 76 93 110 127 144 161 10 23 39 56 74 91 108 125 142 160 7 22 39 56 73 91 108 125 142 160
30 163 154 58 22 0 19 149 138 51 101 24 162 99 22 34 50 164 27 137 32 148 161 105 52 35 26 120 133 54 68 43 149 102 74 57 65 135 23 141 122 120 121 125 130 138 147 158 169 182 108 106 107 111 117 126 136 147 160 173 94 92 93 98 105 114 125 138 151 165 80 78 79 85 93 103 116 129 143 158 66 64 66 72 82 93 107 121 136 152 53 49 52 60 71 85 99 114 130 146 40 35 39 49 62 77 93 109 126 143 28 21 27 40 56 72 89 106 123 140 19 7 18 35 52 69 87 104 121 138 20 8 19 35 52 70 87 104 121 139
23 145 137 40 39 19 0 131 121 33 83 38 144 83 21 18 41 146 43 120 24 130 144 87 36 17 8 102 117 36 50 33 131 86 56 40 54 117 34 125 116 112 111 112 116 122 130 140 152 164 103 98 97 98 103 110 119 130 142 155 89 84 82 84 90 98 108 120 133 147 76 70 68 71 77 86 98 111 125 140 64 57 54 57 65 76 89 103 118 134 52 43 40 44 54 67 81 97 113 129 42 31 26 32 44 59 75 92 108 125 36 20 12 22 38 55 72 89 106 123 34 17 4 19 36 54 71 88 106 123 38 24 18 26 40 56 73 90 107 124
135 25 35 92 167 149 131 0 33 98 57 162 39 64 137 119 117 16 169 27 134 22 39 45 102 115 123 39 36 95 82 118 30 62 77 95 104 44 160 47 136 119 102 86 69 53 39 28 26 34 134 117 100 83 65 48 32 17 13 26 134 116 99 82 65 47 30 13 6 23 135 118 100 83 67 50 34 21 18 28 137 120 104 87 71 56 43 33 31 38 141 125 109 93 78 65 54 46 45 50 146 130 115 101 87 75 66 60 58 62 152 137 123 109 97 86 78 73 72 75 159 145 132 119 108 98 91 87 86 88 168 154 141 129 119 111 104 100 100 102
130 57 17 87 154 138 121 33 0 90 66 147 71 41 122 113 98 41 154 7 130 52 24 46 87 107 114 56 5 85 76 101 61 39 74 92 83 69 153 16 105 88 71 54 37 21 12 21 37 54 104 87 70 52 35 18 3 18 35 52 106 89 72 55 39 24 17 24 39 55 109 92 76 61 47 35 31 35 46 60 114 98 83 69 57 48 45 48 56 68 120 105 91 79 68 61 59 61 68 78 127 114 101 90 81 75 72 74 80 89 136 123 111 101 93 88 86 88 93 100 145 133 123 113 106 102 100 101 106 112 156 144 134 126 120 116 114 115 119 125
41 112 107 9 70 51 33 98 90 0 53 67 113 56 43 24 39 113 73 88 41 98 113 54 20 17 26 71 86 6 17 33 99 58 24 14 41 87 63 95 108 100 94 90 91 94 100 109 119 132 97 87 80 76 77 81 88 98 110 123 86 75 67 62 63 68 76 88 100 115 77 64 54 49 49 55 66 78 93 108 68 54 42 35 35 44 56 71 86 103 63 47 32 21 22 34 49 65 82 99 60 43 26 9 12 28 46 63 80 97 60 43 26 12 14 29 46 63 80 98 64 48 34 24 25 36 51 67 83 100 70 56 45 38 39 46 58 72 88 104
82 64 80 45 122 101 83 57 66 53 0 119 62 57 95 69 85 71 125 61 81 49 86 21 65 66 76 21 64 52 36 82 49 58 29 44 78 35 108 78 135 121 108 97 87 80 77 77 82 89 127 112 98 86 75 67 63 64 69 78 121 105 90 76 64 54 49 50 57 67 116 99 83 68 54 42 36 37 45 58 112 95 78 62 46 32 22 24 36 51 110 93 76 59 42 25 10 14 30 47 110 93 76 59 42 25 10 14 30 47 112 95 78 62 46 32 22 24 36 51 116 99 83 68 54 42 36 37 45 58 121 105 90 76 64 54 49 50 57 67
54 178 163 75 11 24 38 162 147 67 119 0 180 107 26 55 51 177 8 147 56 164 169 120 61 54 44 138 143 69 84 47 166 109 91 77 68 154 41 148 113 114 119 125 134 144 155 168 181 195 98 100 105 113 122 133 145 159 173 187 84 87 92 101 111 123 137 151 165 180 70 73 80 89 101 114 128 143 159 174 56 59 68 79 92 106 122 137 153 169 41 47 57 70 84 100 116 132 149 165 27 35 48 63 79 95 112 129 146 163 13 25 41 58 75 92 109 127 144 161 5 22 40 57 74 91 109 126 143 161 18 28 43 59 76 93 110 127 144 161
142 17 73 106 183 162 144 39 71 113 62 180 0 95 155 130 141 40 186 65 141 20 76 63 122 128 137 43 74 112 96 139 15 94 89 106 130 29 169 86 172 155 139 123 107 92 78 65 55 49 168 151 135 118 102 85 70 55 43 35 166 149 132 115 98 81 64 48 33 22 165 148 130 113 96 79 61 44 27 11 165 148 130 113 96 79 61 44 27 12 166 149 132 115 98 81 64 48 34 23 168 152 135 118 102 86 70 56 44 36 172 155 139 123 107 92 78 65 55 49 176 160 145 129 114 100 87 76 68 63 182 166 151 136 122 109 98 88 80 76
96 86 57 55 114 99 83 64 41 56 57 107 95 0 83 79 58 76 114 42 96 75 63 39 48 72 77 61 36 50 47 61 81 3 48 62 42 80 116 42 80 65 51 41 36 39 49 62 77 92 75 58 43 29 22 27 40 55 71 88 72 55 38 21 8 18 34 51 68 86 72 55 37 21 7 17 34 51 68 85 74 58 42 29 21 26 39 55 71 88 80 64 51 40 35 38 48 61 76 92 87 73 61 53 49 51 59 70 83 98 96 83 73 66 63 65 71 80 92 105 105 94 86 80 77 78 83 92 102 114 116 106 98 93 91 92 96 103 113 124
43 154 139 51 32 22 21 137 122 43 95 26 155 83 0 37 29 152 33 122 44 139 145 95 36 33 24 113 118 44 60 23 142 85 67 54 45 130 44 124 100 99 100 104 111 120 131 143 156 169 86 85 86 91 99 109 121 134 147 162 73 70 72 78 87 99 111 125 140 155 59 56 59 66 77 89 103 118 134 150 45 42 45 55 67 81 97 112 129 145 33 28 33 45 59 75 91 108 125 142 22 14 22 38 54 71 88 105 123 140 18 2 18 35 53 70 87 105 122 139 23 16 24 39 55 72 89 106 123 140 35 30 35 46 60 76 92 109 125 142
17 131 130 28 55 34 18 119 113 24 69 55 130 79 37 0 49 134 60 111 18 117 137 75 36 9 14 88 109 29 38 41 117 81 43 25 58 102 41 119 124 118 114 112 114 117 124 132 142 153 111 104 100 98 100 104 111 120 131 143 99 91 86 84 86 91 99 109 121 134 87 78 72 70 72 78 88 99 112 126 76 65 58 56 59 66 77 90 104 119 66 54 45 42 46 55 68 82 97 113 58 44 32 28 33 46 60 76 92 109 53 36 21 14 23 39 55 72 89 106 51 34 16 2 19 36 54 71 88 106 53 37 22 16 24 39 56 73 90 107
62 136 114 47 59 50 41 117 98 39 85 51 141 58 29 49 0 131 58 99 63 123 120 78 21 41 38 99 93 36 50 9 126 60 58 53 17 118 71 98 76 72 72 76 83 93 106 119 133 148 63 58 58 63 72 83 97 111 126 142 50 44 44 50 61 75 89 105 121 137 39 30 30 39 52 67 83 100 117 133 30 17 17 30 46 63 80 97 114 131 26 9 9 27 44 61 79 96 113 130 30 17 17 30 46 63 80 97 114 131 39 30 30 39 52 67 83 100 117 133 50 44 44 50 61 74 89 105 121 137 63 58 58 63 72 83 97 111 126 142
150 23 36 108 182 164 146 16 41 113 71 177 40 76 152 134 131 0 184 36 149 29 38 60 116 130 139 52 45 110 97 132 36 75 92 110 117 54 175 53 145 128 111 93 76 60 43 27 15 19 144 127 110 92 75 58 40 23 6 12 145 128 111 93 76 59 43 27 15 18 147 130 113 96 80 64 49 36 28 30 150 134 117 101 86 71 58 47 42 43 155 139 123 108 93 80 68 60 55 56 160 145 130 116 102 90 80 73 69 70 167 152 138 124 112 101 92 86 83 83 174 160 147 134 123 113 105 99 97 97 183 169 156 145 134 125 118 113 110 111
56 185 170 81 7 27 43 169 154 73 125 8 186 114 33 60 58 184 0 154 58 170 177 126 68 60 49 144 150 75 90 54 172 116 97 82 75 159 39 155 119 121 126 133 141 151 162 175 188 201 105 108 113 120 130 141 153 166 179 194 91 94 100 108 119 131 144 157 172 187 77 80 87 97 108 121 135 150 165 181 62 67 75 86 99 113 128 143 159 175 48 54 64 77 91 106 122 138 154 171 34 42 54 69 85 101 117 134 151 168 21 32 47 64 80 97 114 131 148 166 10 27 44 61 78 96 113 130 147 165 14 28 45 62 79 96 113 130 148 165
128 52 20 85 153 137 120 27 7 88 61 147 65 42 122 111 99 36 154 0 127 46 27 42 87 105 113 50 9 84 74 101 54 40 71 89 84 63 151 22 110 93 76 59 42 27 17 21 35 51 108 91 74 57 39 22 5 14 31 48 109 92 75 58 41 25 13 18 33 50 112 95 78 62 47 34 26 29 40 55 116 100 84 69 56 46 40 42 50 62 121 106 91 78 67 58 54 55 62 72 128 114 100 88 78 71 68 69 74 83 136 123 110 100 91 85 82 82 87 94 145 133 121 111 104 98 96 96 100 106 155 143 133 124 117 112 109 110 113 119
3 144 146 43 52 32 24 134 130 41 81 56 141 96 44 18 63 149 58 127 0 129 153 90 53 26 25 101 126 47 54 55 129 99 58 39 74 113 29 136 139 133 130 129 131 134 140 148 157 167 125 120 116 115 117 121 127 136 146 157 112 106 102 101 103 108 115 124 135 147 100 93 88 87 89 95 103 113 125 138 88 79 74 73 76 82 92 103 116 130 76 66 60 59 63 70 81 94 108 123 66 54 47 45 50 59 72 86 101 117 57 43 33 31 37 50 64 80 96 113 51 35 21 17 27 42 59 76 93 110 48 31 14 5 22 39 57 74 91 109
130 15 57 91 168 148 130 22 52 98 49 164 20 75 139 117 123 29 170 46 129 0 61 45 105 113 123 29 55 96 81 122 9 74 75 92 112 25 157 67 152 135 119 103 88 73 60 49 43 44 149 132 115 98 82 66 51 38 30 31 146 129 112 95 78 61 44 29 17 19 146 128 111 94 76 59 42 25 7 11 146 129 112 95 77 60 44 28 15 17 148 131 114 97 81 65 50 36 28 29 151 135 118 102 86 72 58 47 41 42 156 140 124 108 94 80 68 59 55 55 161 146 130 116 102 90 80 72 68 69 168 153 138 125 112 101 92 85 82 82
153 60 7 110 176 161 144 39 24 113 86 169 76 63 145 137 120 38 177 27 153 61 0 68 110 130 137 73 28 109 100 123 69 61 97 115 104 82 176 24 115 98 81 64 47 30 15 12 26 43 117 101 84 67 51 37 26 25 34 48 121 105 89 73 59 47 39 38 44 56 126 111 96 81 69 59 53 52 56 66 133 118 104 91 80 71 66 65 69 77 140 126 113 101 92 84 80 79 82 89 149 135 123 113 104 97 94 93 96 101 158 146 134 125 117 111 107 107 109 114 168 156 146 137 129 124 121 121 122 127 178 167 158 149 143 138 135 134 136 140
90 59 61 48 124 105 87 45 46 54 21 120 63 39 95 75 78 60 126 42 90 45 68 0 60 70 79 23 44 52 38 77 49 40 32 51 68 42 116 58 118 103 90 77 67 60 58 61 68 78 112 96 81 67 55 47 44 48 57 69 107 91 75 59 45 34 30 35 47 61 104 87 70 53 37 23 16 25 40 56 103 86 68 51 34 17 3 19 36 54 104 87 69 53 36 21 13 23 38 55 106 90 73 57 43 31 27 33 45 60 111 95 79 65 53 44 40 45 54 67 117 102 87 75 64 57 54 57 65 76 124 110 97 85 76 70 68 71 77 86
52 119 104 27 67 52 36 102 87 20 65 61 122 48 36 36 21 116 68 87 53 105 110 60 0 28 30 80 83 15 30 18 108 51 37 33 23 98 69 90 90 82 78 77 80 87 96 107 120 134 78 69 64 63 67 75 85 98 112 127 67 57 50 49 54 64 76 90 105 120 58 45 36 35 42 54 68 83 99 116 50 35 23 21 31 46 62 79 95 112 46 29 13 9 25 42 59 76 94 111 47 30 14 11 26 42 59 76 94 111 51 37 25 24 33 47 63 79 96 113 59 47 39 37 44 55 69 84 100 116 69 59 52 51 56 65 77 91 106 121
25 128 123 23 56 35 17 115 107 17 66 54 128 72 33 9 41 130 60 105 26 113 130 70 28 0 11 86 103 22 33 33 114 74 39 23 49 100 47 112 116 109 105 104 106 110 117 126 136 148 103 96 91 90 92 97 105 115 126 139 91 83 77 76 78 84 93 104 117 130 79 70 64 62 65 72 82 95 108 123 69 58 50 48 52 60 72 86 101 117 60 46 37 34 39 50 64 80 96 112 53 38 24 20 28 42 58 75 92 109 50 33 16 6 21 38 55 73 90 107 50 34 18 10 23 39 56 73 90 107 55 40 28 24 31 44 60 76 93 110
24 137 130 32 46 26 8 123 114 26 76 44 137 77 24 14 38 139 49 113 25 123 137 79 30 11 0 95 110 29 42 30 124 79 49 33 49 110 40 118 114 109 106 107 110 116 124 133 144 157 101 95 92 93 97 103 112 123 135 148 88 81 78 79 83 91 101 113 126 140 75 68 64 65 70 79 91 104 118 133 64 54 50 51 58 69 81 96 111 127 53 42 36 38 47 59 74 89 106 122 45 31 22 25 37 52 68 85 102 119 40 23 9 15 31 48 66 83 100 117 40 24 9 15 31 48 66 83 100 117 45 31 22 25 37 52 69 85 102 119
102 44 67 63 141 120 102 39 56 71 21 138 43 61 113 88 99 52 144 50 101 29 73 23 80 86 95 0 55 70 54 98 29 61 47 64 90 20 128 70 140 125 110 97 84 74 66 63 64 70 134 119 103 88 74 62 53 49 51 58 130 113 97 81 66 52 41 36 38 47 127 110 93 76 60 44 30 22 26 38 125 108 91 73 56 39 22 9 16 33 125 108 91 73 56 39 22 8 16 32 127 110 93 76 59 44 30 21 25 38 130 113 97 81 66 52 41 35 37 47 134 118 103 88 74 62 53 49 50 58 140 125 110 96 84 73 66 62 64 69
126 60 21 83 149 133 117 36 5 86 64 143 74 36 118 109 93 45 150 9 126 55 28 44 83 103 110 55 0 81 73 96 62 34 71 88 78 70 149 15 101 84 67 50 34 19 15 26 42 58 100 83 66 48 31 14 5 22 39 57 101 84 67 50 34 20 15 26 42 58 104 88 71 56 42 31 29 36 48 63 109 93 78 64 52 44 43 47 57 70 115 100 86 74 64 58 56 60 68 79 123 109 96 85 77 72 70 73 80 90 131 118 107 97 90 85 84 87 92 101 141 129 118 110 103 99 98 100 105 112 151 140 130 122 116 113 112 114 118 124
46 110 102 12 73 54 36 95 85 6 52 69 112 50 44 29 36 110 75 84 47 96 109 52 15 22 29 70 81 0 16 31 98 53 24 18 36 86 68 90 103 94 88 85 85 89 95 105 116 128 92 82 74 71 71 75 83 94 106 120 81 70 61 57 57 63 72 84 98 112 72 59 49 43 43 51 62 76 90 106 65 50 37 29 30 40 54 69 85 102 60 44 28 15 18 32 48 65 82 99 59 42 24 7 11 29 46 63 81 98 61 44 28 17 19 32 48 65 82 99 66 51 38 30 31 41 54 69 85 102 73 60 50 44 45 52 63 76 91 107
54 96 93 11 87 68 50 82 76 17 36 84 96 47 60 38 50 97 90 74 54 81 100 38 30 33 42 54 73 16 0 46 83 49 8 16 47 71 79 83 111 100 91 85 82 83 87 94 104 115 101 89 79 72 68 69 74 82 93 106 92 79 67 59 54 55 62 72 84 98 85 70 56 46 40 42 50 62 76 91 79 63 48 34 26 29 40 54 70 86 75 58 42 25 13 17 32 49 66 83 75 57 40 23 6 13 30 48 65 82 76 60 43 28 18 21 35 50 67 84 81 65 50 38 31 33 43 56 72 88 87 73 60 50 45 47 54 65 79 93
53 136 117 41 54 43 33 118 101 33 82 47 139 61 23 41 9 132 54 101 55 122 123 77 18 33 30 98 96 31 46 0 125 63 54 47 23 115 64 101 84 80 79 82 89 98 109 121 135 149 71 66 65 69 77 87 99 113 127 143 59 52 51 56 65 77 91 106 121 137 47 38 37 44 55 69 84 100 116 133 37 25 23 33 47 63 79 96 113 130 30 14 10 25 42 59 76 93 111 128 30 13 9 25 42 59 76 93 111 128 36 24 22 32 46 62 78 95 112 129 45 37 36 42 54 68 83 99 116 132 57 51 50 54 64 76 90 105 120 136
130 18 65 92 169 149 131 30 61 99 49 166 15 81 142 117 126 36 172 54 129 9 69 49 108 114 124 29 62 98 83 125 0 81 76 92 116 20 157 76 159 142 126 111 95 81 68 58 51 50 155 138 121 105 89 73 59 46 38 36 152 135 118 101 84 68 52 37 25 23 151 134 116 99 82 65 48 31 15 10 151 133 116 99 82 64 47 30 14 8 152 135 118 101 84 67 51 35 23 21 154 138 121 104 88 72 58 45 36 34 158 142 125 110 94 80 67 56 49 48 163 147 131 116 102 89 77 68 62 61 169 153 138 124 111 99 88 80 76 75
98 85 54 58 116 102 86 62 39 58 58 109 94 3 85 81 60 75 116 40 99 74 61 40 51 74 79 61 34 53 49 63 81 0 50 64 44 80 119 39 80 65 51 39 34 37 46 60 75 91 75 58 42 28 20 25 38 53 70 86 73 55 38 21 6 16 33 50 67 84 73 56 39 22 10 18 34 50 68 85 76 60 44 31 23 28 40 55 71 87 81 66 53 42 37 40 49 62 76 92 89 75 64 55 51 53 60 71 84 98 98 86 76 68 65 67 72 82 93 106 108 97 88 82 79 80 85 93 103 115 119 109 101 96 93 94 98 105 114 125
58 89 90 17 94 74 56 77 74 24 29 91 89 48 67 43 58 92 97 71 58 75 97 32 37 39 49 47 71 24 8 54 76 50 0 19 54 63 84 82 117 105 96 88 84 83 85 91 100 110 107 95 84 75 70 69 72 79 89 100 99 85 73 62 56 55 59 67 78 92 92 77 63 51 43 41 46 56 70 84 86 70 55 40 30 27 35 48 63 79 83 66 49 33 18 13 26 42 58 75 82 65 48 30 13 6 23 40 57 74 84 67 50 34 21 17 28 43 59 76 88 72 56 43 33 31 37 50 64 80 94 79 65 54 46 44 49 59 72 86
40 107 108 8 78 57 40 95 92 14 44 77 106 62 54 25 53 110 82 89 39 92 115 51 33 23 33 64 88 18 16 47 92 64 19 0 54 78 66 99 121 111 104 99 97 98 102 109 118 129 110 99 91 85 83 84 89 97 107 119 99 88 78 72 69 71 77 85 97 109 90 77 66 58 55 57 64 75 87 101 82 68 55 45 41 44 53 65 79 95 76 60 45 33 27 32 43 58 73 90 72 55 39 23 13 21 36 53 70 87 71 54 36 19 2 17 34 51 68 86 73 56 40 25 16 23 37 53 70 87 77 61 47 35 30 34 45 59 74 91
73 124 98 47 76 65 54 104 83 41 78 68 130 42 45 58 17 117 75 84 74 112 104 68 23 49 49 90 78 36 47 23 116 44 54 54 0 109 86 81 68 60 58 60 67 77 90 104 118 134 56 47 43 47 55 67 81 97 112 128 46 34 29 34 45 59 75 91 108 125 38 23 15 23 38 54 71 88 105 122 35 18 1 18 35 52 69 87 104 121 38 23 14 22 37 54 71 88 105 122 45 33 28 33 45 59 75 91 108 124 55 46 42 46 55 67 81 96 112 128 67 59 57 59 66 76 89 103 118 133 79 73 71 73 78 87 98 111 125 140
114 37 77 79 156 135 117 44 69 87 35 154 29 80 130 102 118 54 159 63 113 25 82 42 98 100 110 20 70 86 71 115 20 80 63 78 109 0 141 84 159 144 128 114 101 89 78 71 68 69 153 137 122 106 92 78 67 58 54 55 149 133 116 100 84 70 56 46 40 42 146 129 112 95 79 63 48 34 27 29 144 127 110 92 75 58 42 26 13 18 144 126 109 92 74 57 40 22 5 13 144 127 110 93 76 59 43 27 17 20 147 130 113 96 80 64 49 37 30 32 150 134 117 101 86 72 59 49 44 45 155 139 123 108 94 81 70 61 57 58
27 172 169 68 33 23 34 160 153 63 108 41 169 116 44 41 71 175 39 151 29 157 176 116 69 47 40 128 149 68 79 64 157 119 84 66 86 141 0 157 144 142 143 145 149 155 163 172 182 193 130 128 128 131 136 142 151 161 172 184 116 114 114 117 123 130 139 150 162 174 102 100 100 104 110 118 128 140 152 166 89 86 86 90 97 107 118 130 144 158 75 72 72 77 85 96 108 122 136 151 61 57 58 64 74 86 100 114 129 145 48 43 45 52 64 77 92 108 124 140 36 29 31 41 55 71 87 103 120 137 27 15 19 33 50 66 83 100 118 135
136 71 20 93 155 141 125 47 16 95 78 148 86 42 124 119 98 53 155 22 136 67 24 58 90 112 118 70 15 90 83 101 76 39 82 99 81 84 157 0 94 76 59 42 25 7 11 28 46 63 95 78 61 44 28 15 17 31 48 64 98 81 65 50 37 29 30 39 53 69 103 87 72 59 48 42 43 50 61 75 109 95 81 70 61 56 56 62 71 83 117 104 91 81 74 70 70 75 83 93 126 114 103 94 87 84 84 88 94 104 136 124 114 106 101 98 98 101 107 115 146 136 127 119 114 112 112 114 119 127 157 148 139 132 128 125 125 128 132 139
137 160 113 114 123 122 116 136 105 108 135 113 172 80 100 124 76 145 119 110 139 152 115 118 90 116 114 140 101 103 111 84 159 80 117 121 68 159 144 94 0 18 35 52 70 87 104 122 139 156 15 23 38 54 71 88 105 122 140 157 29 34 45 60 75 91 108 125 142 159 43 47 55 68 82 97 113 129 145 162 58 60 67 77 90 104 119 134 150 166 72 74 80 88 99 112 126 140 156 171 86 88 93 100 110 122 134 148 162 177 100 102 106 112 121 132 144 156 170 184 115 116 119 125 133 143 154 166 179 192 129 130 133 138 145 154 164 176 188 201
132 143 95 104 125 120 112 119 88 100 121 114 155 65 99 118 72 128 121 93 133 135 98 103 82 109 109 125 84 94 100 80 142 65 105 111 60 144 142 76 18 0 18 35 52 70 87 104 122 139 23 15 23 38 54 71 88 105 122 140 34 29 34 45 60 75 91 108 125 142 47 43 46 55 67 82 97 112 129 145 60 57 60 67 77 90 104 118 134 150 74 72 73 79 88 99 112 126 140 155 88 86 87 92 100 110 121 134 148 162 102 100 101 105 112 121 131 143 156 170 116 114 115 119 125 133 142 153 165 178 130 128 129 132 138 145 154 164 175 187
129 127 78 97 128 121 111 102 71 94 108 119 139 51 100 114 72 111 126 76 130 119 81 90 78 105 106 110 67 88 91 79 126 51 96 104 58 128 143 59 35 18 0 18 35 52 70 87 104 122 38 23 15 23 38 54 71 88 105 122 45 34 29 34 45 60 75 91 108 125 55 46 43 46 55 67 81 97 112 129 67 60 57 60 67 77 90 104 118 134 80 73 71 73 79 88 99 112 126 140 93 87 85 87 92 99 109 121 134 148 106 101 99 101 105 112 121 131 143 156 119 115 114 115 118 124 132 142 153 165 133 129 128 129 132 137 144 153 163 175
129 110 61 92 134 125 112 86 54 90 97 125 123 41 104 112 76 93 133 59 129 103 64 77 77 104 107 97 50 85 85 82 111 39 88 99 60 114 145 42 52 35 18 0 18 35 52 70 87 104 54 38 23 15 23 38 54 71 88 105 60 45 34 29 33 45 59 75 91 108 68 55 46 43 46 55 67 81 97 112 77 67 60 57 59 66 77 89 103 118 88 79 73 71 73 79 88 99 112 125 100 92 87 85 87 91 99 109 121 134 112 105 101 99 100 105 111 120 131 143 125 119 115 113 114 118 124 132 141 152 138 132 129 127 128 131 137 144 153 163
130 94 44 91 142 130 116 69 37 91 87 134 107 36 111 114 83 76 141 42 131 88 47 67 80 106 110 84 34 85 82 89 95 34 84 97 67 101 149 25 70 52 35 18 0 18 35 52 70 87 71 54 38 23 15 23 38 54 71 88 75 60 45 33 29 33 45 59 75 91 82 67 55 46 43 46 55 67 81 96 90 77 67 59 57 59 66 77 89 103 99 88 79 73 71 73 78 87 99 111 110 100 92 87 85 86 91 99 109 120 121 112 105 100 99 100 104 111 120 130 133 125 118 114 113 114 117 123 131 141 145 138 132 128 127 127 131 136 143 152
134 78 26 92 151 138 122 53 21 94 80 144 92 39 120 117 93 60 151 27 134 73 30 60 87 110 116 74 19 89 83 98 81 37 83 98 77 89 155 7 87 70 52 35 18 0 18 35 52 70 88 71 54 38 23 14 23 38 54 71 91 75 60 45 33 28 33 45 59 75 97 82 67 55 46 42 46 55 67 81 104 90 77 66 59 56 59 66 76 89 112 99 88 79 73 70 72 78 87 98 122 110 99 91 86 84 86 91 98 108 132 121 112 105 100 98 99 104 110 119 143 133 124 118 114 112 113 117 123 131 154 145 137 131 127 126 127 130 135 143
140 62 9 97 162 147 130 39 12 100 77 155 78 49 131 124 106 43 162 17 140 60 15 58 96 117 124 66 15 95 87 109 68 46 85 102 90 78 163 11 104 87 70 52 35 18 0 18 35 52 105 88 71 54 38 23 14 23 38 54 108 91 75 59 45 33 28 33 45 59 113 97 81 67 55 46 42 46 54 67 119 104 90 77 66 59 56 59 66 76 126 112 99 88 78 72 70 72 78 87 134 121 109 99 91 86 84 85 90 98 144 131 121 111 104 99 98 99 103 110 154 142 132 124 117 113 112 113 116 122 164 154 144 137 131 127 125 126 130 135
148 49 10 105 174 158 140 28 21 109 77 168 65 62 143 132 119 27 175 21 148 49 12 61 107 126 133 63 26 105 94 121 58 60 91 109 104 71 172 28 122 104 87 70 52 35 18 0 18 35 122 105 88 71 54 38 23 14 23 38 125 108 91 75 59 45 33 28 33 45 129 112 97 81 67 55 46 42 45 54 134 118 104 89 77 66 59 56 58 65 140 126 112 99 87 78 72 70 72 77 148 134 121 109 99 91 85 83 85 90 156 143 131 120 111 104 99 97 99 103 166 153 142 132 123 117 113 111 112 116 176 164 153 144 136 130 126 125 126 129
157 38 27 115 186 169 152 26 37 119 82 181 55 77 156 142 133 15 188 35 157 43 26 68 120 136 144 64 42 116 104 135 51 75 100 118 118 68 182 46 139 122 104 87 70 52 35 18 0 18 140 122 105 88 71 54 38 23 14 23 142 125 108 91 75 59 45 33 28 33 145 129 112 97 81 67 54 45 42 45 150 134 118 103 89 76 66 58 55 58 156 140 126 112 99 87 78 72 69 71 162 148 134 121 109 98 90 85 83 85 170 156 143 131 120 110 103 99 97 98 179 165 153 141 131 123 116 112 110 112 188 175 163 153 143 135 130 126 124 125
168 33 44 126 200 182 164 34 54 132 89 195 49 92 169 153 148 19 201 51 167 44 43 78 134 148 157 70 58 128 115 149 50 91 110 129 134 69 193 63 156 139 122 104 87 70 52 35 18 0 157 140 122 105 88 71 54 38 23 14 159 142 125 108 91 75 59 45 33 28 162 145 129 112 96 81 67 54 45 42 166 150 134 118 103 89 76 65 58 55 171 155 140 125 111 98 87 77 71 69 177 162 148 134 120 108 98 90 85 83 184 170 156 143 130 119 110 103 98 96 192 178 165 152 141 131 122 116 112 110 201 187 175 163 152 143 135 129 125 124
124 158 114 103 109 108 103 134 104 97 127 98 168 75 86 111 63 144 105 108 125 149 117 112 78 103 101 134 100 92 101 71 155 75 107 110 56 153 130 95 15 23 38 54 71 88 105 122 140 157 0 18 35 52 70 87 104 122 139 156 15 23 38 54 71 88 105 122 140 157 29 34 45 60 75 91 108 125 142 159 43 47 55 68 82 97 113 129 145 162 58 60 67 77 90 104 119 134 150 166 72 74 80 88 99 112 126 140 156 171 86 88 93 100 110 122 134 148 162 177 100 102 106 112 121 132 144 156 170 184 115 116 119 125 133 143 154 166 179 192
119 141 97 92 111 106 98 117 87 87 112 100 151 58 85 104 58 127 108 91 120 132 101 96 69 96 95 119 83 82 89 66 138 58 95 99 47 137 128 78 23 15 23 38 54 71 88 105 122 140 18 0 18 35 52 70 87 104 122 139 23 15 23 38 54 71 88 105 122 140 34 29 34 45 60 75 91 108 125 142 47 43 46 55 67 82 97 112 129 145 60 57 60 67 77 90 104 118 134 150 74 72 73 79 88 99 112 126 140 155 88 86 87 92 100 110 121 134 148 162 102 100 101 105 112 121 131 143 156 170 116 114 115 119 125 133 142 153 165 178
115 124 80 84 115 107 97 100 70 80 98 105 135 43 86 100 58 110 113 74 116 115 84 81 64 91 92 103 66 74 79 65 121 42 84 91 43 122 128 61 38 23 15 23 38 54 71 88 105 122 35 18 0 18 35 52 70 87 104 122 38 23 15 23 38 54 71 88 105 122 45 34 29 34 45 60 75 91 108 125 55 46 43 46 55 67 81 97 112 129 67 60 57 60 67 77 90 104 118 134 80 73 71 73 79 88 99 112 126 140 93 87 85 87 92 99 109 121 134 148 106 101 99 101 105 112 121 131 143 156 119 115 114 115 118 124 132 142 153 165
115 107 63 78 122 111 98 83 52 76 86 113 118 29 91 98 63 92 120 57 115 98 67 67 63 90 93 88 48 71 72 69 105 28 75 85 47 106 131 44 54 38 23 15 23 38 54 71 88 105 52 35 18 0 18 35 52 70 87 104 54 38 23 15 23 38 54 71 88 105 60 45 34 29 33 45 59 75 91 108 68 55 46 43 46 55 67 81 97 112 77 67 60 57 59 66 77 89 103 118 88 79 73 71 73 79 88 99 112 125 100 92 87 85 87 91 99 109 121 134 112 105 101 99 100 105 111 120 131 143 125 119 115 113 114 118 124 132 141 152
117 90 47 77 130 117 103 65 35 77 75 122 102 22 99 100 72 75 130 39 117 82 51 55 67 92 97 74 31 71 68 77 89 20 70 83 55 92 136 28 71 54 38 23 15 23 38 54 71 88 70 52 35 18 0 18 35 52 70 87 71 54 38 23 15 23 38 54 71 88 75 60 45 33 29 33 45 59 75 91 82 67 55 46 43 46 55 67 81 96 90 77 67 59 57 59 66 77 89 103 99 88 79 73 71 73 78 87 99 111 110 100 92 87 85 86 91 99 109 120 121 112 105 100 99 100 104 111 120 130 133 125 118 114 113 114 117 123 131 141
121 73 31 79 140 126 110 48 18 81 67 133 85 27 109 104 83 58 141 22 121 66 37 47 75 97 103 62 14 75 69 87 73 25 69 84 67 78 142 15 88 71 54 38 23 14 23 38 54 71 87 70 52 35 18 0 18 35 52 70 88 71 54 38 23 14 23 38 54 71 91 75 60 45 33 28 33 45 59 75 97 82 67 55 46 42 46 55 67 81 104 90 77 66 59 56 59 66 76 89 112 99 88 79 73 70 72 78 87 98 122 110 99 91 86 84 86 91 98 108 132 121 112 105 100 98 99 104 110 119 143 133 124 118 114 112 113 117 123 131
128 56 19 85 152 136 119 32 3 88 63 145 70 40 121 111 97 40 153 5 127 51 26 44 85 105 112 53 5 83 74 99 59 38 72 89 81 67 151 17 105 88 71 54 38 23 14 23 38 54 104 87 70 52 35 18 0 18 35 52 105 88 71 54 38 23 14 23 38 54 108 91 75 59 45 33 28 33 45 59 113 97 81 67 55 46 42 46 54 67 119 104 90 77 66 59 56 59 66 76 126 112 99 88 78 72 70 72 78 87 134 121 109 99 91 86 84 85 90 98 144 131 121 111 104 99 98 99 103 110 154 142 132 124 117 113 112 113 116 122
136 41 19 93 164 147 130 17 18 98 64 159 55 55 134 120 111 23 166 14 136 38 25 48 98 115 123 49 22 94 82 113 46 53 79 97 97 58 161 31 122 105 88 71 54 38 23 14 23 38 122 104 87 70 52 35 18 0 18 35 122 105 88 71 54 38 23 14 23 38 125 108 91 75 59 45 33 28 33 45 129 112 97 81 67 55 46 42 45 54 134 118 104 89 77 66 59 56 58 65 140 126 112 99 87 78 72 70 72 77 148 134 121 109 99 91 85 83 85 90 156 143 131 120 111 104 99 97 99 103 166 153 142 132 123 117 113 111 112 116
146 27 32 104 178 160 142 13 35 110 69 173 43 71 147 131 126 6 179 31 146 30 34 57 112 126 135 51 39 106 93 127 38 70 89 107 112 54 172 48 140 122 105 88 71 54 38 23 14 23 139 122 104 87 70 52 35 18 0 18 140 122 105 88 71 54 38 23 14 23 142 125 108 91 75 59 45 33 28 33 145 129 112 97 81 67 54 45 42 45 150 134 118 103 89 76 66 58 55 58 156 140 126 112 99 87 78 72 69 71 162 148 134 121 109 98 90 85 83 85 170 156 143 131 120 110 103 99 97 98 179 165 153 141 131 123 116 112 110 112
158 19 47 117 192 173 155 26 52 123 78 187 35 88 162 143 142 12 194 48 157 31 48 69 127 139 148 58 57 120 106 143 36 86 100 119 128 55 184 64 157 140 122 105 88 71 54 38 23 14 156 139 122 104 87 70 52 35 18 0 157 140 122 105 88 71 54 38 23 14 159 142 125 108 91 75 59 45 33 28 162 145 129 112 96 81 67 54 45 42 166 150 134 118 103 89 76 65 58 55 171 155 140 125 111 98 87 77 71 69 177 162 148 134 120 108 98 90 85 83 184 170 156 143 130 119 110 103 98 96 192 178 165 152 141 131 122 116 112 110
111 157 117 93 95 94 89 134 106 86 121 84 166 72 73 99 50 145 91 109 112 146 121 107 67 91 88 130 101 81 92 59 152 73 99 99 46 149 116 98 29 34 45 60 75 91 108 125 142 159 15 23 38 54 71 88 105 122 140 157 0 18 35 52 70 87 104 122 139 156 15 23 38 54 71 88 105 122 140 157 29 34 45 60 75 91 108 125 142 159 43 47 55 68 82 97 113 129 145 162 58 60 67 77 90 104 119 134 150 166 72 74 80 88 99 112 126 140 156 171 86 88 93 100 110 122 134 148 162 177 100 102 106 112 121 132 144 156 170 184
105 140 100 81 97 92 84 116 89 75 105 87 149 55 70 91 44 128 94 92 106 129 105 91 57 83 81 113 84 70 79 52 135 55 85 88 34 133 114 81 34 29 34 45 60 75 91 108 125 142 23 15 23 38 54 71 88 105 122 140 18 0 18 35 52 70 87 104 122 139 23 15 23 38 54 71 88 105 122 140 34 29 34 45 60 75 91 108 125 142 47 43 46 55 67 82 97 112 129 145 60 57 60 67 77 90 104 118 134 150 74 72 73 79 88 99 112 126 140 155 88 86 87 92 100 110 121 134 148 162 102 100 101 105 112 121 131 143 156 170
101 122 84 71 102 93 82 99 72 67 90 92 132 38 72 86 44 111 100 75 102 112 89 75 50 77 78 97 67 61 67 51 118 38 73 78 29 116 114 65 45 34 29 34 45 60 75 91 108 125 38 23 15 23 38 54 71 88 105 122 35 18 0 18 35 52 70 87 104 122 38 23 15 23 38 54 71 88 105 122 45 34 29 34 45 60 75 91 108 125 55 46 43 46 55 67 81 97 112 129 67 60 57 60 67 77 90 104 118 134 80 73 71 73 79 88 99 112 126 140 93 87 85 87 92 99 109 121 134 148 106 101 99 101 105 112 121 131 143 156
101 105 68 65 109 98 84 82 55 62 76 101 115 21 78 84 50 93 108 58 101 95 73 59 49 76 79 81 50 57 59 56 101 21 62 72 34 100 117 50 60 45 34 29 33 45 59 75 91 108 54 38 23 15 23 38 54 71 88 105 52 35 18 0 18 35 52 70 87 104 54 38 23 15 23 38 54 71 88 105 60 45 34 29 33 45 59 75 91 108 68 55 46 43 46 55 67 81 97 112 77 67 60 57 59 66 77 89 103 118 88 79 73 71 73 79 88 99 112 125 100 92 87 85 87 91 99 109 121 134 112 105 101 99 100 105 111 120 131 143
103 88 53 63 119 105 90 65 39 63 64 111 98 8 87 86 61 76 119 41 103 78 59 45 54 78 83 66 34 57 54 65 84 6 56 69 45 84 123 37 75 60 45 33 29 33 45 59 75 91 71 54 38 23 15 23 38 54 71 88 70 52 35 18 0 18 35 52 70 87 71 54 38 23 15 23 38 54 71 88 75 60 45 33 29 33 45 59 75 91 82 67 55 46 43 46 55 67 81 96 90 77 67 59 57 59 66 77 89 103 99 88 79 73 71 73 78 87 99 111 110 100 92 87 85 86 91 99 109 120 121 112 105 100 99 100 104 111 120 130
108 71 40 65 130 114 98 47 24 68 54 123 81 18 99 91 75 59 131 25 108 61 47 34 64 84 91 52 20 63 55 77 68 16 55 71 59 70 130 29 91 75 60 45 33 28 33 45 59 75 88 71 54 38 23 14 23 38 54 71 87 70 52 35 18 0 18 35 52 70 88 71 54 38 23 14 23 38 54 71 91 75 60 45 33 28 33 45 59 75 97 82 67 55 46 42 46 55 67 81 104 90 77 66 59 56 59 66 76 89 112 99 88 79 73 70 72 78 87 98 122 110 99 91 86 84 86 91 98 108 132 121 112 105 100 98 99 104 110 119
115 53 32 72 142 125 108 30 17 76 49 137 64 34 111 99 89 43 144 13 115 44 39 30 76 93 101 41 15 72 62 91 52 33 59 77 75 56 139 30 108 91 75 59 45 33 28 33 45 59 105 88 71 54 38 23 14 23 38 54 104 87 70 52 35 18 0 18 35 52 105 88 71 54 38 23 14 23 38 54 108 91 75 59 45 33 28 33 45 59 113 97 81 67 55 46 42 46 54 67 119 104 90 77 66 59 56 59 66 76 126 112 99 88 78 72 70 72 78 87 134 121 109 99 91 86 84 85 90 98 144 131 121 111 104 99 98 99 103 110
125 36 32 82 156 138 120 13 24 88 50 151 48 51 125 109 105 27 157 18 124 29 38 35 90 104 113 36 26 84 72 106 37 50 67 85 91 46 150 39 125 108 91 75 59 45 33 28 33 45 122 105 88 71 54 38 23 14 23 38 122 104 87 70 52 35 18 0 18 35 122 105 88 71 54 38 23 14 23 38 125 108 91 75 59 45 33 28 33 45 129 112 97 81 67 55 46 42 45 54 134 118 104 89 77 66 59 56 58 65 140 126 112 99 87 78 72 70 72 77 148 134 121 109 99 91 85 83 85 90 156 143 131 120 111 104 99 97 99 103
136 19 41 94 170 151 133 6 39 100 57 165 33 68 140 121 121 15 172 33 135 17 44 47 105 117 126 38 42 98 84 121 25 67 78 97 108 40 162 53 142 125 108 91 75 59 45 33 28 33 140 122 105 88 71 54 38 23 14 23 139 122 104 87 70 52 35 18 0 18 140 122 105 88 71 54 38 23 14 23 142 125 108 91 75 59 45 33 28 33 145 129 112 97 81 67 54 45 42 45 150 134 118 103 89 76 66 58 55 58 156 140 126 112 99 87 78 72 69 71 162 148 134 121 109 98 90 85 83 85 170 156 143 131 120 110 103 99 97 98
148 6 54 108 184 165 147 23 55 115 67 180 22 86 155 134 137 18 187 50 147 19 56 61 120 130 140 47 58 112 98 137 23 84 92 109 125 42 174 69 159 142 125 108 91 75 59 45 33 28 157 140 122 105 88 71 54 38 23 14 156 139 122 104 87 70 52 35 18 0 157 140 122 105 88 71 54 38 23 14 159 142 125 108 91 75 59 45 33 28 162 145 129 112 96 81 67 54 45 42 166 150 134 118 103 89 76 65 58 55 171 155 140 125 111 98 87 77 71 69 177 162 148 134 120 108 98 90 85 83 184 170 156 143 130 119 110 103 98 96
98 157 121 84 80 80 76 135 109 77 116 70 165 72 59 87 39 147 77 112 100 146 126 104 58 79 75 127 104 72 85 47 151 73 92 90 38 146 102 103 43 47 55 68 82 97 113 129 145 162 29 34 45 60 75 91 108 125 142 159 15 23 38 54 71 88 105 122 140 157 0 18 35 52 70 87 104 122 139 156 15 23 38 54 71 88 105 122 140 157 29 34 45 60 75 91 108 125 142 159 43 47 55 68 82 97 113 129 145 162 58 60 67 77 90 104 119 134 150 166 72 74 80 88 99 112 126 140 156 171 86 88 93 100 110 122 134 148 162 177
91 140 105 70 83 78 70 118 92 64 99 73 148 55 56 78 30 130 80 95 93 128 111 87 45 70 68 110 88 59 70 38 134 56 77 77 23 129 100 87 47 43 46 55 67 82 97 112 129 145 34 29 34 45 60 75 91 108 125 142 23 15 23 38 54 71 88 105 122 140 18 0 18 35 52 70 87 104 122 139 23 15 23 38 54 71 88 105 122 140 34 29 34 45 60 75 91 108 125 142 47 43 46 55 67 82 97 112 129 145 60 57 60 67 77 90 104 118 134 150 74 72 73 79 88 99 112 126 140 155 88 86 87 92 100 110 121 134 148 162
87 123 90 59 89 79 68 100 76 54 83 80 130 37 59 72 30 113 87 78 88 111 96 70 36 64 64 93 71 49 56 37 116 39 63 66 15 112 100 72 55 46 43 46 55 67 81 97 112 129 45 34 29 34 45 60 75 91 108 125 38 23 15 23 38 54 71 88 105 122 35 18 0 18 35 52 70 87 104 122 38 23 15 23 38 54 71 88 105 122 45 34 29 34 45 60 75 91 108 125 55 46 43 46 55 67 81 97 112 129 67 60 57 60 67 77 90 104 118 134 80 73 71 73 79 88 99 112 126 140 93 87 85 87 92 99 109 121 134 148
87 105 76 51 97 85 71 83 61 49 68 89 113 21 66 70 39 96 97 62 87 94 81 53 35 62 65 76 56 43 46 44 99 22 51 58 23 95 104 59 68 55 46 43 46 55 67 81 97 112 60 45 34 29 33 45 59 75 91 108 54 38 23 15 23 38 54 71 88 105 52 35 18 0 18 35 52 70 87 104 54 38 23 15 23 38 54 71 88 105 60 45 34 29 33 45 59 75 91 108 68 55 46 43 46 55 67 81 97 112 77 67 60 57 59 66 77 89 103 118 88 79 73 71 73 79 88 99 112 125 100 92 87 85 87 91 99 109 121 134
89 88 62 49 108 93 77 67 47 49 54 101 96 7 77 72 52 80 108 47 89 76 69 37 42 65 70 60 42 43 40 55 82 10 43 55 38 79 110 48 82 67 55 46 43 46 55 67 81 96 75 60 45 33 29 33 45 59 75 91 71 54 38 23 15 23 38 54 71 88 70 52 35 18 0 18 35 52 70 87 71 54 38 23 15 23 38 54 71 88 75 60 45 33 29 33 45 59 75 91 82 67 55 46 43 46 55 67 81 96 90 77 67 59 57 59 66 77 89 103 99 88 79 73 71 73 78 87 99 111 110 100 92 87 85 86 91 99 109 120
95 71 52 52 120 103 86 50 35 55 42 114 79 17 89 78 67 64 121 34 95 59 59 23 54 72 79 44 31 51 42 69 65 18 41 57 54 63 118 42 97 82 67 55 46 42 46 55 67 81 91 75 60 45 33 28 33 45 59 75 88 71 54 38 23 14 23 38 54 71 87 70 52 35 18 0 18 35 52 70 88 71 54 38 23 14 23 38 54 71 91 75 60 45 33 28 33 45 59 75 97 82 67 55 46 42 46 55 67 81 104 90 77 66 59 56 59 66 76 89 112 99 88 79 73 70 72 78 87 98 122 110 99 91 86 84 86 91 98 108
104 54 46 61 133 116 98 34 31 66 36 128 61 34 103 88 83 49 135 26 103 42 53 16 68 82 91 30 29 62 50 84 48 34 46 64 71 48 128 43 113 97 81 67 55 46 42 46 54 67 108 91 75 59 45 33 28 33 45 59 105 88 71 54 38 23 14 23 38 54 104 87 70 52 35 18 0 18 35 52 105 88 71 54 38 23 14 23 38 54 108 91 75 59 45 33 28 33 45 59 113 97 81 67 55 46 42 46 54 67 119 104 90 77 66 59 56 59 66 76 126 112 99 88 78 72 70 72 78 87 134 121 109 99 91 86 84 85 90 98
114 37 46 72 148 129 111 21 35 78 37 143 44 51 118 99 100 36 150 29 113 25 52 25 83 95 104 22 36 76 62 100 31 50 56 75 88 34 140 50 129 112 97 81 67 55 46 42 45 54 125 108 91 75 59 45 33 28 33 45 122 105 88 71 54 38 23 14 23 38 122 104 87 70 52 35 18 0 18 35 122 105 88 71 54 38 23 14 23 38 125 108 91 75 59 45 33 28 33 45 129 112 97 81 67 55 46 42 45 54 134 118 104 89 77 66 59 56 58 65 140 126 112 99 87 78 72 70 72 77 148 134 121 109 99 91 85 83 85 90
126 20 52 86 162 143 125 18 46 93 45 159 27 68 134 112 117 28 165 40 125 7 56 40 99 108 118 26 48 90 76 116 15 68 70 87 105 27 152 61 145 129 112 97 81 67 54 45 42 45 142 125 108 91 75 59 45 33 28 33 140 122 105 88 71 54 38 23 14 23 139 122 104 87 70 52 35 18 0 18 140 122 105 88 71 54 38 23 14 23 142 125 108 91 75 59 45 33 28 33 145 129 112 97 81 67 54 45 42 45 150 134 118 103 89 76 66 58 55 58 156 140 126 112 99 87 78 72 69 71 162 148 134 121 109 98 90 85 83 85
139 9 63 101 178 158 140 28 60 108 58 174 11 85 150 126 133 30 181 55 138 11 66 56 116 123 133 38 63 106 91 133 10 85 84 101 122 29 166 75 162 145 129 112 96 81 67 54 45 42 159 142 125 108 91 75 59 45 33 28 157 140 122 105 88 71 54 38 23 14 156 139 122 104 87 70 52 35 18 0 157 140 122 105 88 71 54 38 23 14 159 142 125 108 91 75 59 45 33 28 162 145 129 112 96 81 67 54 45 42 166 150 134 118 103 89 76 65 58 55 171 155 140 125 111 98 87 77 71 69 177 162 148 134 120 108 98 90 85 83
86 158 127 76 66 66 64 137 114 68 112 56 165 74 45 76 30 150 62 116 88 146 133 103 50 69 64 125 109 65 79 37 151 76 86 82 35 144 89 109 58 60 67 77 90 104 119 134 150 166 43 47 55 68 82 97 113 129 145 162 29 34 45 60 75 91 108 125 142 159 15 23 38 54 71 88 105 122 140 157 0 18 35 52 70 87 104 122 139 156 15 23 38 54 71 88 105 122 140 157 29 34 45 60 75 91 108 125 142 159 43 47 55 68 82 97 113 129 145 162 58 60 67 77 90 104 119 134 150 166 72 74 80 88 99 112 126 140 156 171
78 141 112 61 69 64 57 120 98 54 95 59 148 58 42 65 17 134 67 100 79 129 118 86 35 58 54 108 93 50 63 25 133 60 70 68 18 127 86 95 60 57 60 67 77 90 104 118 134 150 47 43 46 55 67 82 97 112 129 145 34 29 34 45 60 75 91 108 125 142 23 15 23 38 54 71 88 105 122 140 18 0 18 35 52 70 87 104 122 139 23 15 23 38 54 71 88 105 122 140 34 29 34 45 60 75 91 108 125 142 47 43 46 55 67 82 97 112 129 145 60 57 60 67 77 90 104 118 134 150 74 72 73 79 88 99 112 126 140 155
73 124 98 48 76 66 54 104 83 42 78 68 130 42 45 58 17 117 75 84 74 112 104 68 23 50 50 91 78 37 48 23 116 44 55 55 1 110 86 81 67 60 57 60 67 77 90 104 118 134 55 46 43 46 55 67 81 97 112 129 45 34 29 34 45 60 75 91 108 125 38 23 15 23 38 54 71 88 105 122 35 18 0 18 35 52 70 87 104 122 38 23 15 23 38 54 71 88 105 122 45 34 29 34 45 60 75 91 108 125 55 46 43 46 55 67 81 97 112 129 67 60 57 60 67 77 90 104 118 134 80 73 71 73 79 88 99 112 126 140
73 107 85 38 86 72 57 87 69 35 62 79 113 29 55 56 30 101 86 69 73 95 91 51 21 48 51 73 64 29 34 33 99 31 40 45 18 92 90 70 77 67 60 57 59 66 77 89 103 118 68 55 46 43 46 55 67 81 97 112 60 45 34 29 33 45 59 75 91 108 54 38 23 15 23 38 54 71 88 105 52 35 18 0 18 35 52 70 87 104 54 38 23 15 23 38 54 71 88 105 60 45 34 29 33 45 59 75 91 108 68 55 46 43 46 55 67 81 97 112 77 67 60 57 59 66 77 89 103 118 88 79 73 71 73 79 88 99 112 125
76 90 73 35 98 82 65 71 57 35 46 92 96 21 67 59 46 86 99 56 76 77 80 34 31 52 58 56 52 30 26 47 82 23 30 41 35 75 97 61 90 77 67 59 57 59 66 77 89 103 82 67 55 46 43 46 55 67 81 96 75 60 45 33 29 33 45 59 75 91 71 54 38 23 15 23 38 54 71 88 70 52 35 18 0 18 35 52 70 87 71 54 38 23 15 23 38 54 71 88 75 60 45 33 29 33 45 59 75 91 82 67 55 46 43 46 55 67 81 96 90 77 67 59 57 59 66 77 89 103 99 88 79 73 71 73 78 87 99 111
83 74 64 40 111 93 76 56 48 44 32 106 79 26 81 66 63 71 113 46 82 60 71 17 46 60 69 39 44 40 29 63 64 28 27 44 52 58 107 56 104 90 77 66 59 56 59 66 76 89 97 82 67 55 46 42 46 55 67 81 91 75 60 45 33 28 33 45 59 75 88 71 54 38 23 14 23 38 54 71 87 70 52 35 18 0 18 35 52 70 88 71 54 38 23 14 23 38 54 71 91 75 60 45 33 28 33 45 59 75 97 82 67 55 46 42 46 55 67 81 104 90 77 66 59 56 59 66 76 89 112 99 88 79 73 70 72 78 87 98
92 58 59 50 126 107 89 43 45 56 22 122 61 39 97 77 80 58 128 40 92 44 66 3 62 72 81 22 43 54 40 79 47 40 35 53 69 42 118 56 119 104 90 77 66 59 56 59 66 76 113 97 81 67 55 46 42 46 54 67 108 91 75 59 45 33 28 33 45 59 105 88 71 54 38 23 14 23 38 54 104 87 70 52 35 18 0 18 35 52 105 88 71 54 38 23 14 23 38 54 108 91 75 59 45 33 28 33 45 59 113 97 81 67 55 46 42 46 54 67 119 104 90 77 66 59 56 59 66 76 126 112 99 88 78 72 70 72 78 87
104 42 59 64 141 121 103 33 48 71 24 137 44 55 112 90 97 47 143 42 103 28 65 19 79 86 96 9 47 69 54 96 30 55 48 65 87 26 130 62 134 118 104 89 77 66 59 56 58 65 129 112 97 81 67 55 46 42 45 54 125 108 91 75 59 45 33 28 33 45 122 105 88 71 54 38 23 14 23 38 122 104 87 70 52 35 18 0 18 35 122 105 88 71 54 38 23 14 23 38 125 108 91 75 59 45 33 28 33 45 129 112 97 81 67 55 46 42 45 54 134 118 104 89 77 66 59 56 58 65 140 126 112 99 87 78 72 70 72 77
117 29 64 79 156 136 118 31 56 86 36 153 27 71 129 104 114 42 159 50 116 15 69 36 95 101 111 16 57 85 70 113 14 71 63 79 104 13 144 71 150 134 118 103 89 76 66 58 55 58 145 129 112 97 81 67 54 45 42 45 142 125 108 91 75 59 45 33 28 33 140 122 105 88 71 54 38 23 14 23 139 122 104 87 70 52 35 18 0 18 140 122 105 88 71 54 38 23 14 23 142 125 108 91 75 59 45 33 28 33 145 129 112 97 81 67 54 45 42 45 150 134 118 103 89 76 66 58 55 58 156 140 126 112 99 87 78 72 69 71
131 23 73 95 172 152 134 38 68 103 51 169 12 88 145 119 131 43 175 62 130 17 77 54 112 117 127 33 70 102 86 130 8 87 79 95 121 18 158 83 166 150 134 118 103 89 76 65 58 55 162 145 129 112 96 81 67 54 45 42 159 142 125 108 91 75 59 45 33 28 157 140 122 105 88 71 54 38 23 14 156 139 122 104 87 70 52 35 18 0 157 140 122 105 88 71 54 38 23 14 159 142 125 108 91 75 59 45 33 28 162 145 129 112 96 81 67 54 45 42 166 150 134 118 103 89 76 65 58 55 171 155 140 125 111 98 87 77 71 69
74 161 134 71 52 53 52 141 120 63 110 41 166 80 33 66 26 155 48 121 76 148 140 104 46 60 53 125 115 60 75 30 152 81 83 76 38 144 75 117 72 74 80 88 99 112 126 140 156 171 58 60 67 77 90 104 119 134 150 166 43 47 55 68 82 97 113 129 145 162 29 34 45 60 75 91 108 125 142 159 15 23 38 54 71 88 105 122 140 157 0 18 35 52 70 87 104 122 139 156 15 23 38 54 71 88 105 122 140 157 29 34 45 60 75 91 108 125 142 159 43 47 55 68 82 97 113 129 145 162 58 60 67 77 90 104 119 134 150 166
65 144 120 55 56 49 43 125 105 47 93 47 149 64 28 54 9 139 54 106 66 131 126 87 29 46 42 108 100 44 58 14 135 66 66 60 23 126 72 104 74 72 73 79 88 99 112 126 140 155 60 57 60 67 77 90 104 118 134 150 47 43 46 55 67 82 97 112 129 145 34 29 34 45 60 75 91 108 125 142 23 15 23 38 54 71 88 105 122 140 18 0 18 35 52 70 87 104 122 139 23 15 23 38 54 71 88 105 122 140 34 29 34 45 60 75 91 108 125 142 47 43 46 55 67 82 97 112 129 145 60 57 60 67 77 90 104 118 134 150
59 128 107 39 64 52 40 109 91 32 76 57 132 51 33 45 9 123 64 91 60 114 113 69 13 37 36 91 86 28 42 10 118 53 49 45 14 109 72 91 80 73 71 73 79 88 99 112 126 140 67 60 57 60 67 77 90 104 118 134 55 46 43 46 55 67 81 97 112 129 45 34 29 34 45 60 75 91 108 125 38 23 15 23 38 54 71 88 105 122 35 18 0 18 35 52 70 87 104 122 38 23 15 23 38 54 71 88 105 122 45 34 29 34 45 60 75 91 108 125 55 46 43 46 55 67 81 97 112 129 67 60 57 60 67 77 90 104 118 134
58 111 95 26 76 60 44 93 79 21 59 70 115 40 45 42 27 108 77 78 59 97 101 53 9 34 38 73 74 15 25 25 101 42 33 33 22 92 77 81 88 79 73 71 73 79 88 99 112 125 77 67 60 57 59 66 77 89 103 118 68 55 46 43 46 55 67 81 97 112 60 45 34 29 33 45 59 75 91 108 54 38 23 15 23 38 54 71 88 105 52 35 18 0 18 35 52 70 87 104 54 38 23 15 23 38 54 71 88 105 60 45 34 29 33 45 59 75 91 108 68 55 46 43 46 55 67 81 97 112 77 67 60 57 59 66 77 89 103 118
63 95 85 21 89 71 54 78 68 22 42 84 98 35 59 46 44 93 91 67 63 81 92 36 25 39 47 56 64 18 13 42 84 37 18 27 37 74 85 74 99 88 79 73 71 73 78 87 99 111 90 77 67 59 57 59 66 77 89 103 82 67 55 46 43 46 55 67 81 96 75 60 45 33 29 33 45 59 75 91 71 54 38 23 15 23 38 54 71 88 70 52 35 18 0 18 35 52 70 87 71 54 38 23 15 23 38 54 71 88 75 60 45 33 29 33 45 59 75 91 82 67 55 46 43 46 55 67 81 96 90 77 67 59 57 59 66 77 89 103
71 79 77 28 104 85 67 65 61 34 25 100 81 38 75 55 61 80 106 58 70 65 84 21 42 50 59 39 58 32 17 59 67 40 13 32 54 57 96 70 112 99 88 79 73 70 72 78 87 98 104 90 77 66 59 56 59 66 76 89 97 82 67 55 46 42 46 55 67 81 91 75 60 45 33 28 33 45 59 75 88 71 54 38 23 14 23 38 54 71 87 70 52 35 18 0 18 35 52 70 88 71 54 38 23 14 23 38 54 71 91 75 60 45 33 28 33 45 59 75 97 82 67 55 46 42 46 55 67 81 104 90 77 66 59 56 59 66 76 89
82 64 73 42 119 99 81 54 59 49 10 116 64 48 91 68 79 68 122 54 81 50 80 13 59 64 74 22 56 48 32 76 51 49 26 43 71 40 108 70 126 112 99 88 78 72 70 72 78 87 119 104 90 77 66 59 56 59 66 76 113 97 81 67 55 46 42 46 54 67 108 91 75 59 45 33 28 33 45 59 105 88 71 54 38 23 14 23 38 54 104 87 70 52 35 18 0 18 35 52 105 88 71 54 38 23 14 23 38 54 108 91 75 59 45 33 28 33 45 59 113 97 81 67 55 46 42 46 54 67 119 104 90 77 66 59 56 59 66 76
95 51 73 58 135 114 97 46 61 65 14 132 48 61 108 82 96 60 138 55 94 36 79 23 76 80 89 8 60 65 49 93 35 62 42 58 88 22 122 75 140 126 112 99 87 78 72 70 72 77 134 118 104 89 77 66 59 56 58 65 129 112 97 81 67 55 46 42 45 54 125 108 91 75 59 45 33 28 33 45 122 105 88 71 54 38 23 14 23 38 122 104 87 70 52 35 18 0 18 35 122 105 88 71 54 38 23 14 23 38 125 108 91 75 59 45 33 28 33 45 129 112 97 81 67 55 46 42 45 54 134 118 104 89 77 66 59 56 58 65
109 41 77 74 151 130 113 45 68 82 30 149 34 76 125 97 113 55 154 62 108 28 82 38 94 96 106 16 68 82 66 111 23 76 58 73 105 5 136 83 156 140 126 112 99 87 78 72 69 71 150 134 118 103 89 76 66 58 55 58 145 129 112 97 81 67 54 45 42 45 142 125 108 91 75 59 45 33 28 33 140 122 105 88 71 54 38 23 14 23 139 122 104 87 70 52 35 18 0 18 140 122 105 88 71 54 38 23 14 23 142 125 108 91 75 59 45 33 28 33 145 129 112 97 81 67 54 45 42 45 150 134 118 103 89 76 66 58 55 58
124 36 84 91 167 146 129 50 78 99 47 165 23 92 142 113 130 56 171 72 123 29 89 55 111 112 122 32 79 99 83 128 21 92 75 90 122 13 151 93 171 155 140 125 111 98 87 77 71 69 166 150 134 118 103 89 76 65 58 55 162 145 129 112 96 81 67 54 45 42 159 142 125 108 91 75 59 45 33 28 157 140 122 105 88 71 54 38 23 14 156 139 122 104 87 70 52 35 18 0 157 140 122 105 88 71 54 38 23 14 159 142 125 108 91 75 59 45 33 28 162 145 129 112 96 81 67 54 45 42 166 150 134 118 103 89 76 65 58 55
64 165 143 68 38 40 42 146 127 60 110 27 168 87 22 58 30 160 34 128 66 151 149 106 47 53 45 127 123 59 75 30 154 89 82 72 45 144 61 126 86 88 93 100 110 122 134 148 162 177 72 74 80 88 99 112 126 140 156 171 58 60 67 77 90 104 119 134 150 166 43 47 55 68 82 97 113 129 145 162 29 34 45 60 75 91 108 125 142 159 15 23 38 54 71 88 105 122 140 157 0 18 35 52 70 87 104 122 139 156 15 23 38 54 71 88 105 122 140 157 29 34 45 60 75 91 108 125 142 159 43 47 55 68 82 97 113 129 145 162
53 148 129 51 43 35 31 130 114 43 93 35 152 73 14 44 17 145 42 114 54 135 135 90 30 38 31 110 109 42 57 13 138 75 65 55 33 127 57 114 88 86 87 92 100 110 121 134 148 162 74 72 73 79 88 99 112 126 140 155 60 57 60 67 77 90 104 118 134 150 47 43 46 55 67 82 97 112 129 145 34 29 34 45 60 75 91 108 125 142 23 15 23 38 54 71 88 105 122 140 18 0 18 35 52 70 87 104 122 139 23 15 23 38 54 71 88 105 122 140 34 29 34 45 60 75 91 108 125 142 47 43 46 55 67 82 97 112 129 145
46 132 117 34 53 39 26 115 101 26 76 48 135 61 22 32 17 130 54 100 47 118 123 73 14 24 22 93 96 24 40 9 121 64 48 39 28 110 58 103 93 87 85 87 92 99 109 121 134 148 80 73 71 73 79 88 99 112 126 140 67 60 57 60 67 77 90 104 118 134 55 46 43 46 55 67 81 97 112 129 45 34 29 34 45 60 75 91 108 125 38 23 15 23 38 54 71 88 105 122 35 18 0 18 35 52 70 87 104 122 38 23 15 23 38 54 71 88 105 122 45 34 29 34 45 60 75 91 108 125 55 46 43 46 55 67 81 97 112 129
45 116 106 17 67 49 32 101 90 9 59 63 118 53 38 28 30 116 69 88 45 102 113 57 11 20 25 76 85 7 23 25 104 55 30 23 33 93 64 94 100 92 87 85 87 91 99 109 121 134 88 79 73 71 73 79 88 99 112 125 77 67 60 57 59 66 77 89 103 118 68 55 46 43 46 55 67 81 97 112 60 45 34 29 33 45 59 75 91 108 54 38 23 15 23 38 54 71 88 105 52 35 18 0 18 35 52 70 87 104 54 38 23 15 23 38 54 71 88 105 60 45 34 29 33 45 59 75 91 108 68 55 46 43 46 55 67 81 97 112
50 101 97 7 82 62 44 87 81 12 42 79 102 49 54 33 46 102 85 78 50 86 104 43 26 28 37 59 77 11 6 42 88 51 13 13 45 76 74 87 110 100 92 87 85 86 91 99 109 120 99 88 79 73 71 73 78 87 99 111 90 77 67 59 57 59 66 77 89 103 82 67 55 46 43 46 55 67 81 96 75 60 45 33 29 33 45 59 75 91 71 54 38 23 15 23 38 54 71 88 70 52 35 18 0 18 35 52 70 87 71 54 38 23 15 23 38 54 71 88 75 60 45 33 29 33 45 59 75 91 82 67 55 46 43 46 55 67 81 96
60 86 91 20 97 77 59 75 75 28 25 95 86 51 71 46 63 90 101 71 59 72 97 31 42 42 52 44 72 29 13 59 72 53 6 21 59 59 86 84 122 110 99 91 86 84 86 91 98 108 112 99 88 79 73 70 72 78 87 98 104 90 77 66 59 56 59 66 76 89 97 82 67 55 46 42 46 55 67 81 91 75 60 45 33 28 33 45 59 75 88 71 54 38 23 14 23 38 54 71 87 70 52 35 18 0 18 35 52 70 88 71 54 38 23 14 23 38 54 71 91 75 60 45 33 28 33 45 59 75 97 82 67 55 46 42 46 55 67 81
73 73 87 37 114 93 75 66 72 46 10 112 70 59 88 60 80 80 117 68 72 58 94 27 59 58 68 30 70 46 30 76 58 60 23 36 75 43 100 84 134 121 109 99 91 86 84 85 90 98 126 112 99 88 78 72 70 72 78 87 119 104 90 77 66 59 56 59 66 76 113 97 81 67 55 46 42 46 54 67 108 91 75 59 45 33 28 33 45 59 105 88 71 54 38 23 14 23 38 54 104 87 70 52 35 18 0 18 35 52 105 88 71 54 38 23 14 23 38 54 108 91 75 59 45 33 28 33 45 59 113 97 81 67 55 46 42 46 54 67
87 61 87 54 130 109 92 60 74 63 14 129 56 70 105 76 97 73 134 69 86 47 93 33 76 75 85 21 73 63 48 93 45 71 40 53 91 27 114 88 148 134 121 109 99 91 85 83 85 90 140 126 112 99 87 78 72 70 72 77 134 118 104 89 77 66 59 56 58 65 129 112 97 81 67 55 46 42 45 54 125 108 91 75 59 45 33 28 33 45 122 105 88 71 54 38 23 14 23 38 122 104 87 70 52 35 18 0 18 35 122 105 88 71 54 38 23 14 23 38 125 108 91 75 59 45 33 28 33 45 129 112 97 81 67 55 46 42 45 54
103 53 90 72 147 126 108 58 80 80 30 146 44 83 123 92 114 69 151 74 101 41 96 45 94 92 102 25 80 81 65 111 36 84 57 70 108 17 129 94 162 148 134 121 109 98 90 85 83 85 156 140 126 112 99 87 78 72 69 71 150 134 118 103 89 76 66 58 55 58 145 129 112 97 81 67 54 45 42 45 142 125 108 91 75 59 45 33 28 33 140 122 105 88 71 54 38 23 14 23 139 122 104 87 70 52 35 18 0 18 140 122 105 88 71 54 38 23 14 23 142 125 108 91 75 59 45 33 28 33 145 129 112 97 81 67 54 45 42 45
119 50 96 89 164 143 125 62 89 97 47 163 36 98 140 109 131 70 168 83 117 42 101 60 111 109 119 38 90 98 82 128 34 98 74 87 124 20 145 104 177 162 148 134 120 108 98 90 85 83 171 155 140 125 111 98 87 77 71 69 166 150 134 118 103 89 76 65 58 55 162 145 129 112 96 81 67 54 45 42 159 142 125 108 91 75 59 45 33 28 157 140 122 105 88 71 54 38 23 14 156 139 122 104 87 70 52 35 18 0 157 140 122 105 88 71 54 38 23 14 159 142 125 108 91 75 59 45 33 28 162 145 129 112 96 81 67 54 45 42
55 170 152 68 23 28 36 152 136 60 112 13 172 96 18 53 39 167 21 136 57 156 158 111 51 50 40 130 131 61 76 36 158 98 84 71 55 147 48 136 100 102 106 112 121 132 144 156 170 184 86 88 93 100 110 122 134 148 162 177 72 74 80 88 99 112 126 140 156 171 58 60 67 77 90 104 119 134 150 166 43 47 55 68 82 97 113 129 145 162 29 34 45 60 75 91 108 125 142 159 15 23 38 54 71 88 105 122 140 157 0 18 35 52 70 87 104 122 139 156 15 23 38 54 71 88 105 122 140 157 29 34 45 60 75 91 108 125 142 159
42 154 139 51 31 21 20 137 123 43 95 25 155 83 2 36 30 152 32 123 43 140 146 95 37 33 23 113 118 44 60 24 142 86 67 54 46 130 43 124 102 100 101 105 112 121 131 143 156 170 88 86 87 92 100 110 121 134 148 162 74 72 73 79 88 99 112 126 140 155 60 57 60 67 77 90 104 118 134 150 47 43 46 55 67 82 97 112 129 145 34 29 34 45 60 75 91 108 125 142 23 15 23 38 54 71 88 105 122 140 18 0 18 35 52 70 87 104 122 139 23 15 23 38 54 71 88 105 122 140 34 29 34 45 60 75 91 108 125 142
32 138 128 34 45 27 12 123 111 26 78 41 139 73 18 21 30 138 47 110 33 124 134 79 25 16 9 97 107 28 43 22 125 76 50 36 42 113 45 114 106 101 99 101 105 112 121 131 143 156 93 87 85 87 92 99 109 121 134 148 80 73 71 73 79 88 99 112 126 140 67 60 57 60 67 77 90 104 118 134 55 46 43 46 55 67 81 97 112 129 45 34 29 34 45 60 75 91 108 125 38 23 15 23 38 54 71 88 105 122 35 18 0 18 35 52 70 87 104 122 38 23 15 23 38 54 71 88 105 122 45 34 29 34 45 60 75 91 108 125
31 123 118 18 60 40 22 109 101 12 62 58 123 66 35 14 39 124 64 100 31 108 125 65 24 6 15 81 97 17 28 32 110 68 34 19 46 96 52 106 112 105 101 99 100 105 111 120 131 143 100 92 87 85 87 91 99 109 121 134 88 79 73 71 73 79 88 99 112 125 77 67 60 57 59 66 77 89 103 118 68 55 46 43 46 55 67 81 97 112 60 45 34 29 33 45 59 75 91 108 54 38 23 15 23 38 54 71 88 105 52 35 18 0 18 35 52 70 87 104 54 38 23 15 23 38 54 71 88 105 60 45 34 29 33 45 59 75 91 108
38 109 110 9 76 56 38 97 93 14 46 75 107 63 53 23 52 112 80 91 37 94 117 53 33 21 31 66 90 19 18 46 94 65 21 2 55 80 64 101 121 112 105 100 99 100 104 111 120 130 110 100 92 87 85 86 91 99 109 120 99 88 79 73 71 73 78 87 99 111 90 77 67 59 57 59 66 77 89 103 82 67 55 46 43 46 55 67 81 96 75 60 45 33 29 33 45 59 75 91 71 54 38 23 15 23 38 54 71 88 70 52 35 18 0 18 35 52 70 87 71 54 38 23 15 23 38 54 71 88 75 60 45 33 29 33 45 59 75 91
51 95 104 21 93 72 55 86 88 29 32 92 92 65 70 39 67 101 97 85 50 80 111 44 47 38 48 52 85 32 21 62 80 67 17 17 67 64 77 98 132 121 112 105 100 98 99 104 110 119 122 110 99 91 86 84 86 91 98 108 112 99 88 79 73 70 72 78 87 98 104 90 77 66 59 56 59 66 76 89 97 82 67 55 46 42 46 55 67 81 91 75 60 45 33 28 33 45 59 75 88 71 54 38 23 14 23 38 54 71 87 70 52 35 18 0 18 35 52 70 88 71 54 38 23 14 23 38 54 71 91 75 60 45 33 28 33 45 59 75
66 83 101 38 110 89 72 78 86 46 22 109 78 71 87 55 83 92 114 82 64 68 107 40 63 55 66 41 84 48 35 78 67 72 28 34 81 49 92 98 144 131 121 111 104 99 98 99 103 110 134 121 109 99 91 86 84 85 90 98 126 112 99 88 78 72 70 72 78 87 119 104 90 77 66 59 56 59 66 76 113 97 81 67 55 46 42 46 54 67 108 91 75 59 45 33 28 33 45 59 105 88 71 54 38 23 14 23 38 54 104 87 70 52 35 18 0 18 35 52 105 88 71 54 38 23 14 23 38 54 108 91 75 59 45 33 28 33 45 59
81 73 101 55 127 106 89 73 88 63 24 127 65 80 105 72 100 86 131 82 80 59 107 45 79 73 83 35 87 65 50 95 56 82 43 51 96 37 108 101 156 143 131 120 111 104 99 97 99 103 148 134 121 109 99 91 85 83 85 90 140 126 112 99 87 78 72 70 72 77 134 118 104 89 77 66 59 56 58 65 129 112 97 81 67 55 46 42 45 54 125 108 91 75 59 45 33 28 33 45 122 105 88 71 54 38 23 14 23 38 122 104 87 70 52 35 18 0 18 35 122 105 88 71 54 38 23 14 23 38 125 108 91 75 59 45 33 28 33 45
98 66 103 72 144 123 106 72 93 80 36 144 55 92 122 89 117 83 148 87 96 55 109 54 96 90 100 37 92 82 67 112 49 93 59 68 112 30 124 107 170 156 143 131 120 110 103 99 97 98 162 148 134 121 109 98 90 85 83 85 156 140 126 112 99 87 78 72 69 71 150 134 118 103 89 76 66 58 55 58 145 129 112 97 81 67 54 45 42 45 142 125 108 91 75 59 45 33 28 33 140 122 105 88 71 54 38 23 14 23 139 122 104 87 70 52 35 18 0 18 140 122 105 88 71 54 38 23 14 23 142 125 108 91 75 59 45 33 28 33
114 64 109 89 161 140 123 75 100 98 51 161 49 105 139 106 133 83 166 94 113 55 114 67 113 107 117 47 101 99 84 129 48 106 76 86 128 32 140 115 184 170 156 143 130 119 110 103 98 96 177 162 148 134 120 108 98 90 85 83 171 155 140 125 111 98 87 77 71 69 166 150 134 118 103 89 76 65 58 55 162 145 129 112 96 81 67 54 45 42 159 142 125 108 91 75 59 45 33 28 157 140 122 105 88 71 54 38 23 14 156 139 122 104 87 70 52 35 18 0 157 140 122 105 88 71 54 38 23 14 159 142 125 108 91 75 59 45 33 28
49 175 161 71 10 19 34 159 145 64 116 5 176 105 23 51 50 174 10 145 51 161 168 117 59 50 40 134 141 66 81 45 163 108 88 73 67 150 36 146 115 116 119 125 133 143 154 166 179 192 100 102 106 112 121 132 144 156 170 184 86 88 93 100 110 122 134 148 162 177 72 74 80 88 99 112 126 140 156 171 58 60 67 77 90 104 119 134 150 166 43 47 55 68 82 97 113 129 145 162 29 34 45 60 75 91 108 125 142 159 15 23 38 54 71 88 105 122 140 157 0 18 35 52 70 87 104 122 139 156 15 23 38 54 71 88 105 122 140 157
33 160 150 55 23 7 17 145 133 48 99 22 160 94 16 34 44 160 27 133 35 146 156 102 47 34 24 118 129 51 65 37 147 97 72 56 59 134 29 136 116 114 115 119 125 133 142 153 165 178 102 100 101 105 112 121 131 143 156 170 88 86 87 92 100 110 121 134 148 162 74 72 73 79 88 99 112 126 140 155 60 57 60 67 77 90 104 118 134 150 47 43 46 55 67 82 97 112 129 145 34 29 34 45 60 75 91 108 125 142 23 15 23 38 54 71 88 105 122 140 18 0 18 35 52 70 87 104 122 139 23 15 23 38 54 71 88 105 122 140
20 145 139 40 39 18 4 132 123 34 83 40 145 86 24 16 44 147 44 121 21 130 146 87 39 18 9 103 118 38 50 36 131 88 56 40 57 117 31 127 119 115 114 115 118 124 132 142 153 165 106 101 99 101 105 112 121 131 143 156 93 87 85 87 92 99 109 121 134 148 80 73 71 73 79 88 99 112 126 140 67 60 57 60 67 77 90 104 118 134 55 46 43 46 55 67 81 97 112 129 45 34 29 34 45 60 75 91 108 125 38 23 15 23 38 54 71 88 105 122 35 18 0 18 35 52 70 87 104 122 38 23 15 23 38 54 71 88 105 122
17 131 130 27 56 35 19 119 113 24 68 57 129 80 39 2 50 134 61 111 17 116 137 75 37 10 15 88 110 30 38 42 116 82 43 25 59 101 41 119 125 119 115 113 114 118 124 132 141 152 112 105 101 99 100 105 111 120 131 143 100 92 87 85 87 91 99 109 121 134 88 79 73 71 73 79 88 99 112 125 77 67 60 57 59 66 77 89 103 118 68 55 46 43 46 55 67 81 97 112 60 45 34 29 33 45 59 75 91 108 54 38 23 15 23 38 54 71 88 105 52 35 18 0 18 35 52 70 87 104 54 38 23 15 23 38 54 71 88 105
29 117 123 22 74 52 36 108 106 25 54 74 114 77 55 19 61 123 78 104 27 102 129 64 44 23 31 74 103 31 31 54 102 79 33 16 66 86 55 114 133 125 118 114 113 114 117 123 131 141 121 112 105 100 99 100 104 111 120 130 110 100 92 87 85 86 91 99 109 120 99 88 79 73 71 73 78 87 99 111 90 77 67 59 57 59 66 77 89 103 82 67 55 46 43 46 55 67 81 96 75 60 45 33 29 33 45 59 75 91 71 54 38 23 15 23 38 54 71 88 70 52 35 18 0 18 35 52 70 87 71 54 38 23 15 23 38 54 71 88
44 105 117 29 91 69 54 98 102 36 42 91 100 78 72 36 74 113 96 98 42 90 124 57 55 39 48 62 99 41 33 68 89 80 31 23 76 72 71 112 143 133 124 118 114 112 113 117 123 131 132 121 112 105 100 98 99 104 110 119 122 110 99 91 86 84 86 91 98 108 112 99 88 79 73 70 72 78 87 98 104 90 77 66 59 56 59 66 76 89 97 82 67 55 46 42 46 55 67 81 91 75 60 45 33 28 33 45 59 75 88 71 54 38 23 14 23 38 54 71 87 70 52 35 18 0 18 35 52 70 88 71 54 38 23 14 23 38 54 71
61 94 115 43 108 87 71 91 100 51 36 109 87 83 89 54 89 105 113 96 59 80 121 54 69 56 66 53 98 54 43 83 77 85 37 37 89 59 87 112 154 142 132 124 117 113 112 113 116 122 144 131 121 111 104 99 98 99 103 110 134 121 109 99 91 86 84 85 90 98 126 112 99 88 78 72 70 72 78 87 119 104 90 77 66 59 56 59 66 76 113 97 81 67 55 46 42 46 54 67 108 91 75 59 45 33 28 33 45 59 105 88 71 54 38 23 14 23 38 54 104 87 70 52 35 18 0 18 35 52 105 88 71 54 38 23 14 23 38 54
77 85 114 58 125 104 88 87 101 67 37 126 76 92 106 71 105 99 130 96 76 72 121 57 84 73 83 49 100 69 56 99 68 93 50 53 103 49 103 114 166 153 142 132 123 117 113 111 112 116 156 143 131 120 111 104 99 97 99 103 148 134 121 109 99 91 85 83 85 90 140 126 112 99 87 78 72 70 72 77 134 118 104 89 77 66 59 56 58 65 129 112 97 81 67 55 46 42 45 54 125 108 91 75 59 45 33 28 33 45 122 105 88 71 54 38 23 14 23 38 122 104 87 70 52 35 18 0 18 35 122 105 88 71 54 38 23 14 23 38
94 80 117 75 142 121 106 86 106 83 45 143 68 102 123 88 121 97 147 100 93 68 122 65 100 90 100 50 105 85 72 116 62 103 64 70 118 44 120 119 179 165 153 141 131 123 116 112 110 112 170 156 143 131 120 110 103 99 97 98 162 148 134 121 109 98 90 85 83 85 156 140 126 112 99 87 78 72 69 71 150 134 118 103 89 76 66 58 55 58 145 129 112 97 81 67 54 45 42 45 142 125 108 91 75 59 45 33 28 33 140 122 105 88 71 54 38 23 14 23 139 122 104 87 70 52 35 18 0 18 140 122 105 88 71 54 38 23 14 23
112 77 122 91 160 138 123 88 112 100 58 161 63 114 140 106 137 97 165 106 110 69 127 76 116 107 117 58 112 102 88 132 61 115 80 87 133 45 137 127 192 178 165 152 141 131 122 116 112 110 184 170 156 143 130 119 110 103 98 96 177 162 148 134 120 108 98 90 85 83 171 155 140 125 111 98 87 77 71 69 166 150 134 118 103 89 76 65 58 55 162 145 129 112 96 81 67 54 45 42 159 142 125 108 91 75 59 45 33 28 157 140 122 105 88 71 54 38 23 14 156 139 122 104 87 70 52 35 18 0 157 140 122 105 88 71 54 38 23 14
46 182 172 77 7 20 38 168 156 70 121 18 182 116 35 53 63 183 14 155 48 168 178 124 69 55 45 140 151 73 87 57 169 119 94 77 79 155 27 157 129 130 133 138 145 154 164 176 188 201 115 116 119 125 133 143 154 166 179 192 100 102 106 112 121 132 144 156 170 184 86 88 93 100 110 122 134 148 162 177 72 74 80 88 99 112 126 140 156 171 58 60 67 77 90 104 119 134 150 166 43 47 55 68 82 97 113 129 145 162 29 34 45 60 75 91 108 125 142 159 15 23 38 54 71 88 105 122 140 157 0 18 35 52 70 87 104 122 139 156
29 167 161 62 22 8 24 154 144 56 105 28 166 106 30 37 58 169 28 143 31 153 167 110 59 40 31 125 140 60 73 51 153 109 79 61 73 139 15 148 130 128 129 132 138 145 154 164 175 187 116 114 115 119 125 133 142 153 165 178 102 100 101 105 112 121 131 143 156 170 88 86 87 92 100 110 121 134 148 162 74 72 73 79 88 99 112 126 140 155 60 57 60 67 77 90 104 118 134 150 47 43 46 55 67 82 97 112 129 145 34 29 34 45 60 75 91 108 125 142 23 15 23 38 54 71 88 105 122 140 18 0 18 35 52 70 87 104 122 139
12 153 151 49 39 19 18 141 134 45 90 43 151 98 35 22 58 156 45 133 14 138 158 97 52 28 22 110 130 50 60 50 138 101 65 47 71 123 19 139 133 129 128 129 132 137 144 153 163 175 119 115 114 115 118 124 132 142 153 165 106 101 99 101 105 112 121 131 143 156 93 87 85 87 92 99 109 121 134 148 80 73 71 73 79 88 99 112 126 140 67 60 57 60 67 77 90 104 118 134 55 46 43 46 55 67 81 97 112 129 45 34 29 34 45 60 75 91 108 125 38 23 15 23 38 54 71 88 105 122 35 18 0 18 35 52 70 87 104 122
7 140 142 40 56 35 26 129 126 38 76 59 136 93 46 16 63 145 62 124 5 125 149 85 51 24 25 96 122 44 50 54 124 96 54 35 73 108 33 132 138 132 129 127 128 131 137 144 153 163 125 119 115 113 114 118 124 132 141 152 112 105 101 99 100 105 111 120 131 143 100 92 87 85 87 91 99 109 121 134 88 79 73 71 73 79 88 99 112 125 77 67 60 57 59 66 77 89 103 118 68 55 46 43 46 55 67 81 97 112 60 45 34 29 33 45 59 75 91 108 54 38 23 15 23 38 54 71 88 105 52 35 18 0 18 35 52 70 87 104
24 127 136 36 73 52 40 119 120 39 64 76 122 91 60 24 72 134 79 117 22 112 143 76 56 31 37 84 116 45 45 64 111 93 46 30 78 94 50 128 145 138 132 128 127 127 131 136 143 152 133 125 118 114 113 114 117 123 131 141 121 112 105 100 99 100 104 111 120 130 110 100 92 87 85 86 91 99 109 120 99 88 79 73 71 73 78 87 99 111 90 77 67 59 57 59 66 77 89 103 82 67 55 46 43 46 55 67 81 96 75 60 45 33 29 33 45 59 75 91 71 54 38 23 15 23 38 54 71 88 70 52 35 18 0 18 35 52 70 87
41 115 131 41 91 70 56 111 116 46 54 93 109 92 76 39 83 125 96 112 39 101 138 70 65 44 52 73 113 52 47 76 99 94 44 34 87 81 66 125 154 145 137 131 127 126 127 130 135 143 143 133 124 118 114 112 113 117 123 131 132 121 112 105 100 98 99 104 110 119 122 110 99 91 86 84 86 91 98 108 112 99 88 79 73 70 72 78 87 98 104 90 77 66 59 56 59 66 76 89 97 82 67 55 46 42 46 55 67 81 91 75 60 45 33 28 33 45 59 75 88 71 54 38 23 14 23 38 54 71 87 70 52 35 18 0 18 35 52 70
59 106 128 51 108 87 73 104 114 58 49 110 98 96 92 56 97 118 113 109 57 92 135 68 77 60 69 66 112 63 54 90 88 98 49 45 98 70 83 125 164 154 144 137 131 127 125 126 130 135 154 142 132 124 117 113 112 113 116 122 144 131 121 111 104 99 98 99 103 110 134 121 109 99 91 86 84 85 90 98 126 112 99 88 78 72 70 72 78 87 119 104 90 77 66 59 56 59 66 76 113 97 81 67 55 46 42 46 54 67 108 91 75 59 45 33 28 33 45 59 105 88 71 54 38 23 14 23 38 54 104 87 70 52 35 18 0 18 35 52
76 98 128 65 125 104 90 100 115 72 50 127 88 103 109 73 111 113 130 110 74 85 134 71 91 76 85 62 114 76 65 105 80 105 59 59 111 61 100 128 176 164 153 144 136 130 126 125 126 129 166 153 142 132 123 117 113 111 112 116 156 143 131 120 111 104 99 97 99 103 148 134 121 109 99 91 85 83 85 90 140 126 112 99 87 78 72 70 72 77 134 118 104 89 77 66 59 56 58 65 129 112 97 81 67 55 46 42 45 54 125 108 91 75 59 45 33 28 33 45 122 105 88 71 54 38 23 14 23 38 122 104 87 70 52 35 18 0 18 35
93 93 130 80 142 121 107 100 119 88 57 144 80 113 125 90 126 110 148 113 91 82 136 77 106 93 102 64 118 91 79 120 76 114 72 74 125 57 118 132 188 175 163 153 143 135 130 126 124 125 179 165 153 141 131 123 116 112 110 112 170 156 143 131 120 110 103 99 97 98 162 148 134 121 109 98 90 85 83 85 156 140 126 112 99 87 78 72 69 71 150 134 118 103 89 76 66 58 55 58 145 129 112 97 81 67 54 45 42 45 142 125 108 91 75 59 45 33 28 33 140 122 105 88 71 54 38 23 14 23 139 122 104 87 70 52 35 18 0 18
111 91 135 96 160 139 124 102 125 104 67 161 76 124 142 107 142 111 165 119 109 82 140 86 121 110 119 69 124 107 93 136 75 125 86 91 140 58 135 139 201 187 175 163 152 143 135 129 125 124 192 178 165 152 141 131 122 116 112 110 184 170 156 143 130 119 110 103 98 96 177 162 148 134 120 108 98 90 85 83 171 155 140 125 111 98 87 77 71 69 166 150 134 118 103 89 76 65 58 55 162 145 129 112 96 81 67 54 45 42 159 142 125 108 91 75 59 45 33 28 157 140 122 105 88 71 54 38 23 14 156 139 122 104 87 70 52 35 18 0
