0 55 143 79 45 87 56 122 23 91 47 169 138 13 7 55 28 24 19 180 20 69 136 102 48 87 93 125 74 66 109 162 93 21 33 93 6 30 15 184 108 109 113 119 127 137 148 161 174 188 94 95 99 106 115 126 139 152 166 180 79 81 86 94 104 116 130 144 159 174 65 67 73 83 94 107 122 137 152 168 51 53 61 72 85 100 115 131 147 163 36 40 50 63 78 93 110 126 143 160 22 28 41 56 72 89 106 123 140 157 8 19 35 52 69 87 104 121 138 156 7 19 35 52 69 87 104 121 138 156 22 27 40 56 72 89 106 123 140 157
55 0 124 81 45 78 20 103 55 103 42 138 99 43 59 43 55 34 40 152 40 19 122 71 55 73 55 110 70 60 80 127 69 37 62 67 53 35 44 154 136 130 126 124 125 128 134 141 150 160 123 116 112 110 111 115 121 129 139 150 110 103 98 96 97 102 108 117 128 140 98 89 84 82 83 88 96 107 118 131 86 77 70 68 70 76 85 96 109 123 75 64 57 54 56 64 74 87 101 116 66 53 44 40 43 52 65 80 95 111 59 44 31 26 31 43 58 74 90 107 54 37 21 12 21 36 53 70 87 104 53 36 18 4 18 35 52 69 87 104
143 124 0 68 98 57 105 22 122 75 98 40 56 138 149 91 164 139 127 43 125 109 14 55 96 56 73 19 71 78 47 47 56 127 170 57 147 148 130 48 111 93 76 59 43 27 15 18 33 49 110 92 75 58 41 23 6 12 30 47 111 94 77 60 43 27 16 19 33 49 113 97 80 64 50 37 29 31 41 55 118 102 86 72 59 48 43 44 52 63 124 108 94 81 69 61 57 58 63 73 131 116 103 91 81 74 70 71 76 84 139 125 113 102 94 87 84 85 89 96 148 135 124 114 106 101 98 99 102 108 158 146 135 126 119 114 112 112 115 120
79 81 68 0 40 17 62 50 57 25 41 102 87 78 86 39 104 82 67 110 65 75 59 53 33 24 60 50 12 22 54 101 40 68 110 41 84 92 68 114 65 54 46 44 49 58 71 85 100 116 57 43 33 30 37 49 63 79 95 112 51 35 21 16 27 42 58 75 92 109 49 31 14 4 22 39 56 74 91 108 50 34 19 14 25 41 58 75 92 109 56 42 31 28 35 47 62 78 95 111 64 52 44 42 47 57 70 84 100 116 74 64 57 56 60 68 79 92 106 121 85 77 71 70 73 79 89 101 114 128 97 90 85 84 86 92 100 111 123 136
45 45 98 40 0 43 29 77 27 60 4 124 96 40 52 12 66 43 29 135 27 46 92 59 10 43 54 81 31 22 65 118 49 30 73 48 49 53 32 139 91 85 82 83 88 95 105 116 129 143 78 71 68 69 75 83 94 107 121 136 66 58 54 56 62 72 85 99 114 129 55 45 40 42 51 63 77 92 108 124 46 33 26 29 40 55 71 87 104 121 40 24 12 18 34 50 67 84 101 119 39 21 5 15 32 49 66 84 101 118 42 27 18 23 36 52 68 85 102 119 50 38 32 35 45 58 73 89 105 122 60 51 46 48 55 67 80 95 110 126
87 78 57 17 43 0 58 37 66 38 43 87 71 83 93 38 109 85 72 96 70 68 49 37 39 9 47 39 14 22 37 85 24 72 116 25 91 95 74 101 80 67 56 49 48 53 62 74 88 103 73 58 45 36 34 41 52 66 82 98 67 51 36 23 20 30 45 61 77 94 65 47 30 14 8 24 41 58 75 92 65 48 31 16 11 25 41 58 75 93 69 53 38 26 24 33 46 62 78 95 75 60 48 39 38 44 55 68 83 99 83 70 60 53 52 56 65 77 90 105 92 81 72 67 66 69 76 87 99 113 103 93 85 81 80 82 89 98 109 121
56 20 105 62 29 58 0 84 48 85 26 122 86 45 61 24 65 40 37 136 36 17 102 54 39 53 41 91 51 41 63 113 50 35 72 49 56 46 41 138 119 112 107 105 105 109 115 123 133 144 107 99 93 91 92 95 102 111 122 134 95 86 80 77 78 82 90 100 112 126 84 74 66 63 64 70 79 90 104 118 74 62 53 49 50 57 68 81 96 111 66 52 40 35 37 46 59 74 90 106 60 44 29 21 25 37 53 69 86 102 56 39 22 7 15 32 49 66 83 101 57 40 23 10 16 32 49 66 84 101 61 45 31 23 27 39 54 70 86 103
122 103 22 50 77 37 84 0 101 62 77 52 50 117 128 70 142 117 106 60 104 89 21 36 75 35 55 10 50 57 29 53 35 106 149 36 126 126 109 65 101 85 69 54 41 32 32 40 52 67 98 81 64 47 32 19 19 30 46 62 96 79 62 45 27 10 9 26 43 60 97 80 63 46 30 15 15 28 45 61 100 83 67 51 38 28 27 36 50 65 104 89 74 60 48 41 41 47 58 72 111 96 82 70 60 55 54 59 68 80 118 104 92 81 73 68 68 72 80 90 127 114 103 93 86 82 82 85 92 101 136 125 114 106 100 96 96 99 104 112
23 55 122 57 27 66 48 101 0 69 29 150 122 25 29 38 50 34 18 160 17 63 114 85 27 67 79 104 52 45 91 144 75 21 55 74 28 44 17 164 89 88 90 96 104 115 126 139 153 168 75 74 77 83 93 104 117 131 146 161 61 60 63 71 82 95 109 124 139 155 47 45 50 60 73 87 102 118 134 151 33 31 38 51 65 81 97 114 130 147 21 18 28 43 60 77 94 111 128 145 13 6 23 40 58 75 92 109 127 144 18 14 26 42 59 76 93 110 127 145 30 27 35 48 63 79 96 113 129 146 43 41 47 57 70 85 101 117 133 149
91 103 75 25 60 38 85 62 69 0 62 113 106 93 97 61 118 99 83 117 81 98 63 74 51 47 84 58 36 45 74 114 62 84 124 63 97 109 83 123 43 30 23 29 41 57 73 89 106 123 37 20 9 19 36 52 70 87 104 121 36 19 6 18 35 52 69 87 104 121 41 27 20 26 40 55 72 89 105 123 49 39 34 38 48 62 77 93 109 125 60 52 48 51 59 70 84 99 114 130 72 65 63 65 71 81 93 106 120 136 85 79 77 78 84 92 102 115 128 142 98 93 91 92 97 104 113 124 137 150 111 107 105 106 110 116 125 135 146 159
47 42 98 41 4 43 26 77 29 62 0 123 93 41 53 9 66 42 30 134 28 42 92 57 13 42 51 81 32 22 63 116 47 30 73 47 50 52 32 138 94 88 85 85 89 95 105 116 128 142 82 74 71 71 75 83 94 106 120 134 70 61 56 57 63 72 84 98 112 128 59 48 42 43 51 62 76 91 106 122 50 37 29 30 40 54 69 85 102 118 43 28 15 18 32 48 65 82 99 116 41 24 7 12 29 46 63 81 98 115 44 28 17 19 33 49 65 82 99 116 51 38 30 32 41 55 70 86 102 119 60 50 44 45 52 63 77 91 107 123
169 138 40 102 124 87 122 52 150 113 123 0 45 162 175 115 186 160 151 16 149 121 53 69 124 84 83 55 101 106 61 16 76 151 193 77 172 167 154 17 150 133 116 99 82 65 50 35 25 24 148 131 114 96 79 62 45 28 13 13 148 131 113 96 79 62 44 27 11 10 149 132 115 98 81 64 48 33 21 21 152 135 118 101 85 70 55 42 34 34 155 139 123 107 92 77 64 54 47 47 160 144 129 114 99 86 75 66 61 61 166 151 136 122 108 96 86 79 75 74 173 158 144 131 118 107 98 92 88 88 180 166 153 140 129 119 111 105 102 102
138 99 56 87 96 71 86 50 122 106 93 45 0 129 144 85 150 125 119 61 118 80 66 38 98 64 46 59 81 82 34 31 50 118 157 50 139 131 123 61 148 132 118 104 91 80 71 66 65 69 142 126 110 95 81 69 58 52 51 56 138 121 105 89 73 59 47 39 38 44 134 117 101 84 67 51 37 26 24 34 133 115 98 81 64 47 30 15 12 26 132 115 98 81 63 46 29 12 8 25 134 117 100 83 66 49 34 22 20 31 136 120 103 87 71 56 43 34 33 40 140 124 108 93 78 65 54 48 47 52 146 130 115 101 87 76 67 61 60 65
13 43 138 78 40 83 45 117 25 93 41 162 129 0 17 48 27 11 11 174 14 57 132 94 45 82 84 121 70 61 102 154 86 11 33 86 12 20 10 177 114 113 115 119 126 134 145 156 168 182 100 99 101 106 113 123 134 146 159 173 85 85 87 93 102 112 124 137 151 166 71 70 74 80 90 102 115 129 144 160 57 56 60 69 80 93 107 122 138 154 44 42 47 58 71 85 101 117 133 150 30 28 36 49 64 80 96 113 130 147 18 14 26 42 59 76 93 110 127 145 13 6 23 40 58 75 92 110 127 144 20 17 28 43 60 76 93 111 128 145
7 59 149 86 52 93 61 128 29 97 53 175 144 17 0 61 24 26 25 186 26 73 142 108 54 94 99 132 80 72 115 168 100 26 28 99 6 30 21 190 112 114 118 125 133 143 155 167 180 194 98 100 105 112 122 133 145 158 172 187 84 86 92 100 111 123 136 150 165 180 69 72 79 89 101 114 128 143 158 174 55 59 67 78 92 106 121 137 153 169 41 46 56 69 84 100 116 132 148 165 27 34 47 62 78 95 112 128 145 162 13 25 41 58 75 92 109 126 144 161 6 22 39 57 74 91 109 126 143 160 18 28 43 59 76 93 110 127 144 161
55 43 91 39 12 38 24 70 38 61 9 115 85 48 61 0 73 48 37 126 35 39 86 48 18 35 43 74 28 18 55 108 39 37 80 38 58 58 40 130 96 89 84 82 84 90 98 109 121 134 85 76 70 68 71 78 87 99 112 126 73 63 56 54 58 66 77 90 104 119 64 51 43 40 45 55 68 82 98 114 56 41 30 26 33 46 61 77 93 110 51 34 19 12 24 40 56 73 90 108 50 32 15 4 21 38 55 73 90 107 52 37 23 18 27 41 58 74 91 108 59 45 35 32 37 49 63 79 95 111 67 56 48 46 50 59 71 85 100 116
28 55 164 104 66 109 65 142 50 118 66 186 150 27 24 73 0 26 38 198 40 73 158 118 71 108 105 147 96 87 125 177 111 37 8 110 22 21 36 201 135 137 140 145 152 161 170 181 193 206 121 122 126 132 140 149 160 171 184 197 107 108 113 119 128 138 149 162 175 189 93 94 99 107 116 127 140 153 167 182 78 81 86 95 105 118 131 145 160 176 64 67 74 83 95 109 123 138 154 170 50 53 62 73 87 101 117 133 149 165 36 40 51 65 80 95 112 128 145 162 21 29 42 58 74 91 108 125 142 159 7 21 38 55 72 89 106 124 141 158
24 34 139 82 43 85 40 117 34 99 42 160 125 11 26 48 26 0 17 173 19 49 134 92 50 83 80 122 73 64 100 152 85 15 33 84 21 11 18 176 123 121 121 125 130 137 146 157 168 181 109 107 107 111 117 125 135 146 159 172 95 92 93 98 104 114 124 137 150 164 81 78 79 84 92 103 114 128 142 157 67 64 66 71 81 92 106 120 135 150 54 50 52 59 70 83 98 113 129 145 41 36 39 48 61 76 92 108 124 141 29 21 26 39 54 71 87 104 121 138 21 8 17 34 51 68 85 102 120 137 21 8 17 34 51 68 85 102 120 137
19 40 127 67 29 72 37 106 18 83 30 151 119 11 25 37 38 17 0 163 3 52 121 84 34 71 75 110 59 50 92 144 76 3 44 75 21 27 4 167 106 104 105 109 115 123 134 145 158 171 92 90 91 95 103 112 123 136 149 163 78 76 77 82 91 101 113 127 141 156 64 61 63 70 79 91 105 119 134 150 51 47 50 58 69 83 97 113 129 145 38 33 37 47 60 76 91 108 124 141 27 19 25 38 54 71 87 104 122 139 20 5 17 34 51 68 86 103 120 138 22 11 19 35 52 69 86 103 121 138 31 25 30 42 56 72 89 106 123 140
180 152 43 110 135 96 136 60 160 117 134 16 61 174 186 126 198 173 163 0 161 135 56 82 134 94 98 61 110 116 74 32 88 163 205 89 183 181 166 6 152 134 117 100 83 65 48 31 15 9 152 134 117 100 83 65 48 31 15 9 153 136 119 102 85 68 52 37 25 21 156 139 122 106 89 74 59 46 37 35 159 143 127 111 96 81 68 57 50 49 164 148 133 118 103 90 78 69 63 62 170 155 140 126 112 100 90 82 77 76 177 162 148 135 122 111 102 95 91 90 184 170 157 144 133 123 114 108 104 103 193 179 166 155 144 134 127 121 118 117
20 40 125 65 27 70 36 104 17 81 28 149 118 14 26 35 40 19 3 161 0 51 119 83 32 69 73 108 57 48 90 142 74 4 46 73 23 29 6 165 104 102 103 107 113 121 131 143 156 169 91 88 89 93 100 110 121 134 147 161 77 74 75 80 88 99 111 125 139 154 63 60 61 68 77 89 103 117 133 148 50 46 48 56 67 81 95 111 127 143 37 31 35 45 58 74 90 106 123 140 26 17 23 36 52 69 86 103 120 137 21 4 15 33 50 67 84 102 119 136 24 13 19 35 51 68 85 102 120 137 33 27 30 42 56 72 88 105 122 139
69 19 109 75 46 68 17 89 63 98 42 121 80 57 73 39 73 49 52 135 51 0 108 55 55 61 38 96 63 54 63 110 54 49 80 53 68 53 55 137 135 126 120 116 115 116 120 126 134 143 123 114 107 102 101 102 106 113 122 133 111 101 93 88 87 88 93 101 111 123 100 89 81 75 73 75 81 90 101 113 91 78 68 61 59 61 68 79 91 105 82 68 56 48 45 48 57 69 83 98 75 60 46 35 31 36 47 61 77 93 71 54 38 24 17 25 39 56 72 89 69 52 34 17 3 19 36 53 71 88 70 53 36 21 12 22 38 55 72 89
136 122 14 59 92 49 102 21 114 63 92 53 66 132 142 86 158 134 121 56 119 108 0 57 88 51 75 12 63 71 49 60 54 121 165 55 140 143 123 61 97 80 63 46 29 14 13 27 44 61 97 79 62 45 28 11 9 26 43 60 98 81 65 48 33 21 20 31 46 63 102 86 70 55 42 34 33 41 53 68 107 92 77 64 54 47 47 52 63 75 114 100 86 75 66 61 61 65 73 84 122 109 97 87 79 75 74 78 85 95 131 119 108 99 92 89 88 91 97 106 141 130 120 112 106 102 102 105 110 117 152 141 132 125 119 116 116 118 123 129
102 71 55 53 59 37 54 36 85 74 57 69 38 94 108 48 118 92 84 82 83 55 57 0 61 29 19 45 45 45 9 60 13 84 125 13 105 99 88 85 116 103 90 80 72 67 67 71 79 90 109 94 80 68 59 53 53 59 68 81 103 87 72 58 47 40 40 47 58 72 98 82 65 50 36 26 26 36 51 66 96 79 61 45 28 14 14 29 45 62 95 78 61 43 26 9 10 27 44 62 97 80 63 47 31 20 20 32 48 64 100 84 68 54 41 33 33 41 54 69 106 90 76 63 53 47 47 53 63 76 113 98 85 74 65 60 60 65 74 85
48 55 96 33 10 39 39 75 27 51 13 124 98 45 54 18 71 50 34 134 32 55 88 61 0 41 59 78 26 19 67 119 50 36 78 50 52 60 36 138 81 75 73 75 81 90 101 113 127 142 69 62 59 62 69 79 91 105 120 135 57 48 45 48 57 69 83 98 114 130 46 35 31 36 47 61 76 92 109 126 38 24 17 25 39 55 72 89 106 123 35 18 3 18 36 53 70 87 105 122 37 21 13 22 38 54 71 88 105 123 44 32 27 32 44 59 75 91 108 125 53 44 41 44 54 66 81 96 112 128 65 58 55 58 65 76 89 103 118 133
87 73 56 24 43 9 53 35 67 47 42 84 64 82 94 35 108 83 71 94 69 61 51 29 41 0 38 40 18 22 30 80 16 71 115 17 91 92 74 98 89 76 65 57 54 56 64 74 87 101 81 66 53 44 40 43 52 65 79 95 75 59 44 32 26 31 43 58 74 90 71 54 37 22 12 21 36 53 70 87 70 53 36 19 3 17 35 52 69 87 72 56 39 25 17 24 38 54 71 88 77 61 47 36 31 35 46 60 76 92 84 70 58 49 45 48 57 68 82 97 92 80 69 62 59 61 68 78 91 104 102 91 82 76 73 75 81 89 100 113
93 55 73 60 54 47 41 55 79 84 51 83 46 84 99 43 105 80 75 98 73 38 75 19 59 38 0 64 50 46 27 73 25 74 112 23 95 86 78 100 125 113 102 94 88 85 86 90 97 106 116 103 91 81 74 71 72 77 85 96 108 94 81 69 61 57 58 64 74 86 101 86 71 58 48 43 45 52 64 78 96 80 64 49 37 29 32 42 56 71 93 76 59 42 27 16 20 34 50 67 92 74 57 40 22 5 13 31 48 65 93 75 59 42 26 15 19 33 50 66 96 79 63 48 35 28 30 41 55 71 101 85 71 57 47 42 43 51 63 77
125 110 19 50 81 39 91 10 104 58 81 55 59 121 132 74 147 122 110 61 108 96 12 45 78 40 64 0 53 60 38 59 42 110 154 44 129 132 112 66 95 79 62 46 32 23 25 36 51 67 93 76 59 42 25 10 14 30 47 64 93 76 59 42 25 9 14 30 47 64 95 79 62 46 32 22 24 36 51 67 99 83 68 54 42 36 37 45 58 72 105 90 76 64 54 49 50 57 67 80 112 99 86 75 67 63 64 69 78 89 121 108 97 87 80 77 77 82 89 99 130 119 108 100 94 91 91 95 101 110 141 130 120 113 107 105 105 108 114 122
74 70 71 12 31 14 51 50 52 36 32 101 81 70 80 28 96 73 59 110 57 63 63 45 26 18 50 53 0 11 48 98 32 60 103 33 78 83 61 114 76 65 58 55 57 65 75 88 102 117 66 54 44 41 44 53 66 80 96 112 59 44 32 27 32 44 58 74 91 107 54 37 22 13 21 37 54 71 88 105 53 35 18 3 18 35 52 70 87 104 55 39 24 17 24 39 55 71 88 105 61 47 35 31 35 46 60 76 92 108 69 57 48 45 48 57 68 82 97 113 79 69 62 59 61 68 78 91 104 119 90 81 75 73 75 80 89 100 113 126
66 60 78 22 22 22 41 57 45 45 22 106 82 61 72 18 87 64 50 116 48 54 71 45 19 22 46 60 11 0 49 101 33 51 94 33 69 74 53 120 83 73 67 65 67 74 84 96 109 123 72 61 53 51 54 62 73 87 101 117 63 50 40 37 41 51 65 80 95 112 56 40 28 23 29 43 58 74 91 108 52 35 18 9 21 37 54 72 89 106 51 34 18 7 20 37 54 71 89 106 55 39 26 21 28 42 57 74 91 108 62 48 38 35 39 50 64 79 95 111 71 59 51 49 52 61 72 86 101 116 81 71 65 63 65 72 82 94 108 122
109 80 47 54 65 37 63 29 91 74 63 61 34 102 115 55 125 100 92 74 90 63 49 9 67 30 27 38 48 49 0 53 17 91 132 17 112 108 95 76 116 101 88 76 66 60 59 63 71 82 109 94 79 66 54 47 45 50 60 73 104 88 72 57 43 34 32 38 50 65 101 84 67 50 35 21 18 28 43 60 99 82 65 48 30 13 6 23 40 57 100 83 66 49 32 17 13 25 41 58 103 86 70 54 39 28 26 34 47 62 107 91 76 62 49 41 40 45 56 69 113 98 84 71 61 55 53 58 66 78 120 106 93 82 74 68 67 70 78 88
162 127 47 101 118 85 113 53 144 114 116 16 31 154 168 108 177 152 144 32 142 110 60 60 119 80 73 59 98 101 53 0 70 143 184 70 164 158 147 31 154 137 120 104 88 73 59 47 40 39 151 134 117 100 83 67 51 37 27 26 149 132 114 97 80 63 46 29 15 14 149 131 114 97 79 62 45 28 11 9 149 132 115 98 81 64 48 32 20 19 152 135 118 101 85 69 54 41 32 32 155 139 122 107 91 76 63 52 46 45 160 144 128 113 99 85 74 65 59 59 166 150 135 121 107 95 85 77 73 72 172 157 143 130 117 106 97 90 86 86
93 69 56 40 49 24 50 35 75 62 47 76 50 86 100 39 111 85 76 88 74 54 54 13 50 16 25 42 32 33 17 70 0 75 118 2 96 94 79 91 104 91 79 70 64 63 66 73 84 96 96 82 69 58 50 49 53 62 74 88 90 74 59 46 37 35 41 52 66 81 86 69 53 37 25 21 30 44 60 76 83 66 49 32 15 8 23 40 57 74 83 66 49 32 16 9 23 40 57 74 86 69 53 38 26 23 31 45 60 77 91 75 60 48 39 37 42 53 67 82 97 83 70 59 52 50 54 63 75 89 105 92 81 71 66 64 68 75 85 97
21 37 127 68 30 72 35 106 21 84 30 151 118 11 26 37 37 15 3 163 4 49 121 84 36 71 74 110 60 51 91 143 75 0 44 75 22 25 7 166 108 106 107 110 116 124 134 145 158 171 94 92 93 97 103 112 123 135 149 163 81 78 79 83 91 101 113 127 141 155 67 64 65 71 80 91 104 119 134 149 54 49 51 58 69 82 97 112 128 144 41 35 38 47 60 75 90 107 123 140 30 21 25 38 53 69 86 103 120 137 22 8 16 32 49 67 84 101 118 136 23 9 17 33 50 67 84 101 119 136 31 23 27 39 54 70 86 103 120 137
33 62 170 110 73 116 72 149 55 124 73 193 157 33 28 80 8 33 44 205 46 80 165 125 78 115 112 154 103 94 132 184 118 44 0 117 27 27 42 208 140 141 145 151 158 167 177 188 200 213 125 127 132 138 146 156 166 178 191 205 111 113 118 125 134 145 156 169 182 196 97 100 105 113 123 134 147 160 174 189 83 86 92 101 112 125 138 152 167 183 68 72 80 90 102 116 130 145 161 177 54 59 68 80 94 108 124 140 156 172 40 47 58 72 87 102 119 135 152 168 26 36 49 65 81 98 115 132 149 166 13 28 44 61 78 95 113 130 147 164
93 67 57 41 48 25 49 36 74 63 47 77 50 86 99 38 110 84 75 89 73 53 55 13 50 17 23 44 33 33 17 70 2 75 117 0 95 93 78 92 105 92 80 71 65 64 67 74 84 97 97 82 69 59 52 50 54 63 75 88 90 75 60 47 38 36 42 53 66 82 86 69 53 38 26 22 31 44 60 77 83 66 49 32 16 9 23 40 57 74 83 66 49 32 15 8 23 40 57 74 86 69 53 37 25 21 30 44 60 76 90 74 60 47 38 35 41 52 66 81 97 82 69 58 51 49 53 62 74 88 104 91 80 70 64 63 66 74 84 96
6 53 147 84 49 91 56 126 28 97 50 172 139 12 6 58 22 21 21 183 23 68 140 105 52 91 95 129 78 69 112 164 96 22 27 95 0 25 18 187 114 115 118 124 132 141 152 164 177 191 99 101 105 111 120 131 142 155 169 183 85 87 91 99 109 120 133 147 161 176 71 73 78 87 98 111 125 139 155 170 57 59 66 76 89 103 117 133 149 165 42 45 54 66 81 96 112 128 144 161 28 33 44 59 74 90 107 124 141 158 14 22 37 53 70 87 104 122 139 156 2 17 34 52 69 86 104 121 138 155 16 23 38 54 71 88 105 122 139 156
30 35 148 92 53 95 46 126 44 109 52 167 131 20 30 58 21 11 27 181 29 53 143 99 60 92 86 132 83 74 108 158 94 25 27 93 25 0 28 183 132 131 132 135 140 147 155 165 177 189 118 117 118 121 127 135 144 155 167 179 104 103 104 108 114 123 133 145 157 171 90 88 90 94 102 111 123 135 149 163 76 74 76 81 90 101 113 127 141 156 63 60 62 69 79 91 105 119 135 150 49 46 49 57 69 83 97 113 129 145 36 32 36 46 60 76 92 108 125 142 25 17 24 38 55 71 88 105 122 139 19 3 17 35 52 69 87 104 121 138
15 44 130 68 32 74 41 109 17 83 32 154 123 10 21 40 36 18 4 166 6 55 123 88 36 74 78 112 61 53 95 147 79 7 42 78 18 28 0 170 105 104 105 110 116 125 136 148 160 174 91 89 91 96 104 114 125 138 152 166 77 75 78 84 92 103 116 130 144 159 63 61 64 71 81 94 108 122 138 153 49 47 51 60 72 85 100 116 132 148 36 33 38 49 63 79 95 111 128 145 24 19 27 41 58 74 91 108 125 142 16 5 20 38 55 72 89 107 124 141 19 11 23 39 56 73 90 107 124 142 29 25 32 45 60 76 93 109 126 143
184 154 48 114 139 101 138 65 164 123 138 17 61 177 190 130 201 176 167 6 165 137 61 85 138 98 100 66 114 120 76 31 91 166 208 92 187 183 170 0 157 140 123 105 88 71 54 37 21 9 157 140 123 105 88 71 53 36 19 6 158 141 124 107 90 73 57 41 27 19 160 144 127 110 94 78 63 49 38 33 164 147 131 115 100 85 71 59 50 47 169 152 137 121 107 93 81 70 63 60 174 159 144 129 115 103 91 82 76 74 181 166 151 137 125 113 103 95 90 88 188 174 160 147 135 124 115 108 103 101 196 182 169 157 146 136 127 121 117 115
108 136 111 65 91 80 119 101 89 43 94 150 148 114 112 96 135 123 106 152 104 135 97 116 81 89 125 95 76 83 116 154 104 108 140 105 114 132 105 157 0 18 35 52 70 87 104 122 139 156 15 23 38 54 71 88 105 122 140 157 29 34 45 60 75 91 108 125 142 159 43 47 55 68 82 97 113 129 145 162 58 60 67 77 90 104 119 134 150 166 72 74 80 88 99 112 126 140 156 171 86 88 93 100 110 122 134 148 162 177 100 102 106 112 121 132 144 156 170 184 115 116 119 125 133 143 154 166 179 192 129 130 133 138 145 154 164 176 188 201
109 130 93 54 85 67 112 85 88 30 88 133 132 113 114 89 137 121 104 134 102 126 80 103 75 76 113 79 65 73 101 137 91 106 141 92 115 131 104 140 18 0 18 35 52 70 87 104 122 139 23 15 23 38 54 71 88 105 122 140 34 29 34 45 60 75 91 108 125 142 47 43 46 55 67 82 97 112 129 145 60 57 60 67 77 90 104 118 134 150 74 72 73 79 88 99 112 126 140 155 88 86 87 92 100 110 121 134 148 162 102 100 101 105 112 121 131 143 156 170 116 114 115 119 125 133 142 153 165 178 130 128 129 132 138 145 154 164 175 187
113 126 76 46 82 56 107 69 90 23 85 116 118 115 118 84 140 121 105 117 103 120 63 90 73 65 102 62 58 67 88 120 79 107 145 80 118 132 105 123 35 18 0 18 35 52 70 87 104 122 38 23 15 23 38 54 71 88 105 122 45 34 29 34 45 60 75 91 108 125 55 46 43 46 55 67 81 97 112 129 67 60 57 60 67 77 90 104 118 134 80 73 71 73 79 88 99 112 126 140 93 87 85 87 92 99 109 121 134 148 106 101 99 101 105 112 121 131 143 156 119 115 114 115 118 124 132 142 153 165 133 129 128 129 132 137 144 153 163 175
119 124 59 44 83 49 105 54 96 29 85 99 104 119 125 82 145 125 109 100 107 116 46 80 75 57 94 46 55 65 76 104 70 110 151 71 124 135 110 105 52 35 18 0 18 35 52 70 87 104 54 38 23 15 23 38 54 71 88 105 60 45 34 29 33 45 59 75 91 108 68 55 46 43 46 55 67 81 97 112 77 67 60 57 59 66 77 89 103 118 88 79 73 71 73 79 88 99 112 125 100 92 87 85 87 91 99 109 121 134 112 105 101 99 100 105 111 120 131 143 125 119 115 113 114 118 124 132 141 152 138 132 129 127 128 131 137 144 153 163
127 125 43 49 88 48 105 41 104 41 89 82 91 126 133 84 152 130 115 83 113 115 29 72 81 54 88 32 57 67 66 88 64 116 158 65 132 140 116 88 70 52 35 18 0 18 35 52 70 87 71 54 38 23 15 23 38 54 71 88 75 60 45 33 29 33 45 59 75 91 82 67 55 46 43 46 55 67 81 96 90 77 67 59 57 59 66 77 89 103 99 88 79 73 71 73 78 87 99 111 110 100 92 87 85 86 91 99 109 120 121 112 105 100 99 100 104 111 120 130 133 125 118 114 113 114 117 123 131 141 145 138 132 128 127 127 131 136 143 152
137 128 27 58 95 53 109 32 115 57 95 65 80 134 143 90 161 137 123 65 121 116 14 67 90 56 85 23 65 74 60 73 63 124 167 64 141 147 125 71 87 70 52 35 18 0 18 35 52 70 88 71 54 38 23 14 23 38 54 71 91 75 60 45 33 28 33 45 59 75 97 82 67 55 46 42 46 55 67 81 104 90 77 66 59 56 59 66 76 89 112 99 88 79 73 70 72 78 87 98 122 110 99 91 86 84 86 91 98 108 132 121 112 105 100 98 99 104 110 119 143 133 124 118 114 112 113 117 123 131 154 145 137 131 127 126 127 130 135 143
148 134 15 71 105 62 115 32 126 73 105 50 71 145 155 98 170 146 134 48 131 120 13 67 101 64 86 25 75 84 59 59 66 134 177 67 152 155 136 54 104 87 70 52 35 18 0 18 35 52 105 88 71 54 38 23 14 23 38 54 108 91 75 59 45 33 28 33 45 59 113 97 81 67 55 46 42 46 54 67 119 104 90 77 66 59 56 59 66 76 126 112 99 88 78 72 70 72 78 87 134 121 109 99 91 86 84 85 90 98 144 131 121 111 104 99 98 99 103 110 154 142 132 124 117 113 112 113 116 122 164 154 144 137 131 127 125 126 130 135
161 141 18 85 116 74 123 40 139 89 116 35 66 156 167 109 181 157 145 31 143 126 27 71 113 74 90 36 88 96 63 47 73 145 188 74 164 165 148 37 122 104 87 70 52 35 18 0 18 35 122 105 88 71 54 38 23 14 23 38 125 108 91 75 59 45 33 28 33 45 129 112 97 81 67 55 46 42 45 54 134 118 104 89 77 66 59 56 58 65 140 126 112 99 87 78 72 70 72 77 148 134 121 109 99 91 85 83 85 90 156 143 131 120 111 104 99 97 99 103 166 153 142 132 123 117 113 111 112 116 176 164 153 144 136 130 126 125 126 129
174 150 33 100 129 88 133 52 153 106 128 25 65 168 180 121 193 168 158 15 156 134 44 79 127 87 97 51 102 109 71 40 84 158 200 84 177 177 160 21 139 122 104 87 70 52 35 18 0 18 140 122 105 88 71 54 38 23 14 23 142 125 108 91 75 59 45 33 28 33 145 129 112 97 81 67 54 45 42 45 150 134 118 103 89 76 66 58 55 58 156 140 126 112 99 87 78 72 69 71 162 148 134 121 109 98 90 85 83 85 170 156 143 131 120 110 103 99 97 98 179 165 153 141 131 123 116 112 110 112 188 175 163 153 143 135 130 126 124 125
188 160 49 116 143 103 144 67 168 123 142 24 69 182 194 134 206 181 171 9 169 143 61 90 142 101 106 67 117 123 82 39 96 171 213 97 191 189 174 9 156 139 122 104 87 70 52 35 18 0 157 140 122 105 88 71 54 38 23 14 159 142 125 108 91 75 59 45 33 28 162 145 129 112 96 81 67 54 45 42 166 150 134 118 103 89 76 65 58 55 171 155 140 125 111 98 87 77 71 69 177 162 148 134 120 108 98 90 85 83 184 170 156 143 130 119 110 103 98 96 192 178 165 152 141 131 122 116 112 110 201 187 175 163 152 143 135 129 125 124
94 123 110 57 78 73 107 98 75 37 82 148 142 100 98 85 121 109 92 152 91 123 97 109 69 81 116 93 66 72 109 151 96 94 125 97 99 118 91 157 15 23 38 54 71 88 105 122 140 157 0 18 35 52 70 87 104 122 139 156 15 23 38 54 71 88 105 122 140 157 29 34 45 60 75 91 108 125 142 159 43 47 55 68 82 97 113 129 145 162 58 60 67 77 90 104 119 134 150 166 72 74 80 88 99 112 126 140 156 171 86 88 93 100 110 122 134 148 162 177 100 102 106 112 121 132 144 156 170 184 115 116 119 125 133 143 154 166 179 192
95 116 92 43 71 58 99 81 74 20 74 131 126 99 100 76 122 107 90 134 88 114 79 94 62 66 103 76 54 61 94 134 82 92 127 82 101 117 89 140 23 15 23 38 54 71 88 105 122 140 18 0 18 35 52 70 87 104 122 139 23 15 23 38 54 71 88 105 122 140 34 29 34 45 60 75 91 108 125 142 47 43 46 55 67 82 97 112 129 145 60 57 60 67 77 90 104 118 134 150 74 72 73 79 88 99 112 126 140 155 88 86 87 92 100 110 121 134 148 162 102 100 101 105 112 121 131 143 156 170 116 114 115 119 125 133 142 153 165 178
99 112 75 33 68 45 93 64 77 9 71 114 110 101 105 70 126 107 91 117 89 107 62 80 59 53 91 59 44 53 79 117 69 93 132 69 105 118 91 123 38 23 15 23 38 54 71 88 105 122 35 18 0 18 35 52 70 87 104 122 38 23 15 23 38 54 71 88 105 122 45 34 29 34 45 60 75 91 108 125 55 46 43 46 55 67 81 97 112 129 67 60 57 60 67 77 90 104 118 134 80 73 71 73 79 88 99 112 126 140 93 87 85 87 92 99 109 121 134 148 106 101 99 101 105 112 121 131 143 156 119 115 114 115 118 124 132 142 153 165
106 110 58 30 69 36 91 47 83 19 71 96 95 106 112 68 132 111 95 100 93 102 45 68 62 44 81 42 41 51 66 100 58 97 138 59 111 121 96 105 54 38 23 15 23 38 54 71 88 105 52 35 18 0 18 35 52 70 87 104 54 38 23 15 23 38 54 71 88 105 60 45 34 29 33 45 59 75 91 108 68 55 46 43 46 55 67 81 97 112 77 67 60 57 59 66 77 89 103 118 88 79 73 71 73 79 88 99 112 125 100 92 87 85 87 91 99 109 121 134 112 105 101 99 100 105 111 120 131 143 125 119 115 113 114 118 124 132 141 152
115 111 41 37 75 34 92 32 93 36 75 79 81 113 122 71 140 117 103 83 100 101 28 59 69 40 74 25 44 54 54 83 50 103 146 52 120 127 104 88 71 54 38 23 15 23 38 54 71 88 70 52 35 18 0 18 35 52 70 87 71 54 38 23 15 23 38 54 71 88 75 60 45 33 29 33 45 59 75 91 82 67 55 46 43 46 55 67 81 96 90 77 67 59 57 59 66 77 89 103 99 88 79 73 71 73 78 87 99 111 110 100 92 87 85 86 91 99 109 120 121 112 105 100 99 100 104 111 120 130 133 125 118 114 113 114 117 123 131 141
126 115 23 49 83 41 95 19 104 52 83 62 69 123 133 78 149 125 112 65 110 102 11 53 79 43 71 10 53 62 47 67 49 112 156 50 131 135 114 71 88 71 54 38 23 14 23 38 54 71 87 70 52 35 18 0 18 35 52 70 88 71 54 38 23 14 23 38 54 71 91 75 60 45 33 28 33 45 59 75 97 82 67 55 46 42 46 55 67 81 104 90 77 66 59 56 59 66 76 89 112 99 88 79 73 70 72 78 87 98 122 110 99 91 86 84 86 91 98 108 132 121 112 105 100 98 99 104 110 119 143 133 124 118 114 112 113 117 123 131
139 121 6 63 94 52 102 19 117 70 94 45 58 134 145 87 160 135 123 48 121 106 9 53 91 52 72 14 66 73 45 51 53 123 166 54 142 144 125 53 105 88 71 54 38 23 14 23 38 54 104 87 70 52 35 18 0 18 35 52 105 88 71 54 38 23 14 23 38 54 108 91 75 59 45 33 28 33 45 59 113 97 81 67 55 46 42 46 54 67 119 104 90 77 66 59 56 59 66 76 126 112 99 88 78 72 70 72 78 87 134 121 109 99 91 86 84 85 90 98 144 131 121 111 104 99 98 99 103 110 154 142 132 124 117 113 112 113 116 122
152 129 12 79 107 66 111 30 131 87 106 28 52 146 158 99 171 146 136 31 134 113 26 59 105 65 77 30 80 87 50 37 62 135 178 63 155 155 138 36 122 105 88 71 54 38 23 14 23 38 122 104 87 70 52 35 18 0 18 35 122 105 88 71 54 38 23 14 23 38 125 108 91 75 59 45 33 28 33 45 129 112 97 81 67 55 46 42 45 54 134 118 104 89 77 66 59 56 58 65 140 126 112 99 87 78 72 70 72 77 148 134 121 109 99 91 85 83 85 90 156 143 131 120 111 104 99 97 99 103 166 153 142 132 123 117 113 111 112 116
166 139 30 95 121 82 122 46 146 104 120 13 51 159 172 112 184 159 149 15 147 122 43 68 120 79 85 47 96 101 60 27 74 149 191 75 169 167 152 19 140 122 105 88 71 54 38 23 14 23 139 122 104 87 70 52 35 18 0 18 140 122 105 88 71 54 38 23 14 23 142 125 108 91 75 59 45 33 28 33 145 129 112 97 81 67 54 45 42 45 150 134 118 103 89 76 66 58 55 58 156 140 126 112 99 87 78 72 69 71 162 148 134 121 109 98 90 85 83 85 170 156 143 131 120 110 103 99 97 98 179 165 153 141 131 123 116 112 110 112
180 150 47 112 136 98 134 62 161 121 134 13 56 173 187 126 197 172 163 9 161 133 60 81 135 95 96 64 112 117 73 26 88 163 205 88 183 179 166 6 157 140 122 105 88 71 54 38 23 14 156 139 122 104 87 70 52 35 18 0 157 140 122 105 88 71 54 38 23 14 159 142 125 108 91 75 59 45 33 28 162 145 129 112 96 81 67 54 45 42 166 150 134 118 103 89 76 65 58 55 171 155 140 125 111 98 87 77 71 69 177 162 148 134 120 108 98 90 85 83 184 170 156 143 130 119 110 103 98 96 192 178 165 152 141 131 122 116 112 110
79 110 111 51 66 67 95 96 61 36 70 148 138 85 84 73 107 95 78 153 77 111 98 103 57 75 108 93 59 63 104 149 90 81 111 90 85 104 77 158 29 34 45 60 75 91 108 125 142 159 15 23 38 54 71 88 105 122 140 157 0 18 35 52 70 87 104 122 139 156 15 23 38 54 71 88 105 122 140 157 29 34 45 60 75 91 108 125 142 159 43 47 55 68 82 97 113 129 145 162 58 60 67 77 90 104 119 134 150 166 72 74 80 88 99 112 126 140 156 171 86 88 93 100 110 122 134 148 162 177 100 102 106 112 121 132 144 156 170 184
81 103 94 35 58 51 86 79 60 19 61 131 121 85 86 63 108 92 76 136 74 101 81 87 48 59 94 76 44 50 88 132 74 78 113 75 87 103 75 141 34 29 34 45 60 75 91 108 125 142 23 15 23 38 54 71 88 105 122 140 18 0 18 35 52 70 87 104 122 139 23 15 23 38 54 71 88 105 122 140 34 29 34 45 60 75 91 108 125 142 47 43 46 55 67 82 97 112 129 145 60 57 60 67 77 90 104 118 134 150 74 72 73 79 88 99 112 126 140 155 88 86 87 92 100 110 121 134 148 162 102 100 101 105 112 121 131 143 156 170
86 98 77 21 54 36 80 62 63 6 56 113 105 87 92 56 113 93 77 119 75 93 65 72 45 44 81 59 32 40 72 114 59 79 118 60 91 104 78 124 45 34 29 34 45 60 75 91 108 125 38 23 15 23 38 54 71 88 105 122 35 18 0 18 35 52 70 87 104 122 38 23 15 23 38 54 71 88 105 122 45 34 29 34 45 60 75 91 108 125 55 46 43 46 55 67 81 97 112 129 67 60 57 60 67 77 90 104 118 134 80 73 71 73 79 88 99 112 126 140 93 87 85 87 92 99 109 121 134 148 106 101 99 101 105 112 121 131 143 156
94 96 60 16 56 23 77 45 71 18 57 96 89 93 100 54 119 98 82 102 80 88 48 58 48 32 69 42 27 37 57 97 46 83 125 47 99 108 84 107 60 45 34 29 33 45 59 75 91 108 54 38 23 15 23 38 54 71 88 105 52 35 18 0 18 35 52 70 87 104 54 38 23 15 23 38 54 71 88 105 60 45 34 29 33 45 59 75 91 108 68 55 46 43 46 55 67 81 97 112 77 67 60 57 59 66 77 89 103 118 88 79 73 71 73 79 88 99 112 125 100 92 87 85 87 91 99 109 121 134 112 105 101 99 100 105 111 120 131 143
104 97 43 27 62 20 78 27 82 35 63 79 73 102 111 58 128 104 91 85 88 87 33 47 57 26 61 25 32 41 43 80 37 91 134 38 109 114 92 90 75 60 45 33 29 33 45 59 75 91 71 54 38 23 15 23 38 54 71 88 70 52 35 18 0 18 35 52 70 87 71 54 38 23 15 23 38 54 71 88 75 60 45 33 29 33 45 59 75 91 82 67 55 46 43 46 55 67 81 96 90 77 67 59 57 59 66 77 89 103 99 88 79 73 71 73 78 87 99 111 110 100 92 87 85 86 91 99 109 120 121 112 105 100 99 100 104 111 120 130
116 102 27 42 72 30 82 10 95 52 72 62 59 112 123 66 138 114 101 68 99 88 21 40 69 31 57 9 44 51 34 63 35 101 145 36 120 123 103 73 91 75 60 45 33 28 33 45 59 75 88 71 54 38 23 14 23 38 54 71 87 70 52 35 18 0 18 35 52 70 88 71 54 38 23 14 23 38 54 71 91 75 60 45 33 28 33 45 59 75 97 82 67 55 46 42 46 55 67 81 104 90 77 66 59 56 59 66 76 89 112 99 88 79 73 70 72 78 87 98 122 110 99 91 86 84 86 91 98 108 132 121 112 105 100 98 99 104 110 119
130 108 16 58 85 45 90 9 109 69 84 44 47 124 136 77 149 124 113 52 111 93 20 40 83 43 58 14 58 65 32 46 41 113 156 42 133 133 116 57 108 91 75 59 45 33 28 33 45 59 105 88 71 54 38 23 14 23 38 54 104 87 70 52 35 18 0 18 35 52 105 88 71 54 38 23 14 23 38 54 108 91 75 59 45 33 28 33 45 59 113 97 81 67 55 46 42 46 54 67 119 104 90 77 66 59 56 59 66 76 126 112 99 88 78 72 70 72 78 87 134 121 109 99 91 86 84 85 90 98 144 131 121 111 104 99 98 99 103 110
144 117 19 75 99 61 100 26 124 87 98 27 39 137 150 90 162 137 127 37 125 101 31 47 98 58 64 30 74 80 38 29 52 127 169 53 147 145 130 41 125 108 91 75 59 45 33 28 33 45 122 105 88 71 54 38 23 14 23 38 122 104 87 70 52 35 18 0 18 35 122 105 88 71 54 38 23 14 23 38 125 108 91 75 59 45 33 28 33 45 129 112 97 81 67 55 46 42 45 54 134 118 104 89 77 66 59 56 58 65 140 126 112 99 87 78 72 70 72 77 148 134 121 109 99 91 85 83 85 90 156 143 131 120 111 104 99 97 99 103
159 128 33 92 114 77 112 43 139 104 112 11 38 151 165 104 175 150 141 25 139 111 46 58 114 74 74 47 91 95 50 15 66 141 182 66 161 157 144 27 142 125 108 91 75 59 45 33 28 33 140 122 105 88 71 54 38 23 14 23 139 122 104 87 70 52 35 18 0 18 140 122 105 88 71 54 38 23 14 23 142 125 108 91 75 59 45 33 28 33 145 129 112 97 81 67 54 45 42 45 150 134 118 103 89 76 66 58 55 58 156 140 126 112 99 87 78 72 69 71 162 148 134 121 109 98 90 85 83 85 170 156 143 131 120 110 103 99 97 98
174 140 49 109 129 94 126 60 155 121 128 10 44 166 180 119 189 164 156 21 154 123 63 72 130 90 86 64 107 112 65 14 81 155 196 82 176 171 159 19 159 142 125 108 91 75 59 45 33 28 157 140 122 105 88 71 54 38 23 14 156 139 122 104 87 70 52 35 18 0 157 140 122 105 88 71 54 38 23 14 159 142 125 108 91 75 59 45 33 28 162 145 129 112 96 81 67 54 45 42 166 150 134 118 103 89 76 65 58 55 171 155 140 125 111 98 87 77 71 69 177 162 148 134 120 108 98 90 85 83 184 170 156 143 130 119 110 103 98 96
65 98 113 49 55 65 84 97 47 41 59 149 134 71 69 64 93 81 64 156 63 100 102 98 46 71 101 95 54 56 101 149 86 67 97 86 71 90 63 160 43 47 55 68 82 97 113 129 145 162 29 34 45 60 75 91 108 125 142 159 15 23 38 54 71 88 105 122 140 157 0 18 35 52 70 87 104 122 139 156 15 23 38 54 71 88 105 122 140 157 29 34 45 60 75 91 108 125 142 159 43 47 55 68 82 97 113 129 145 162 58 60 67 77 90 104 119 134 150 166 72 74 80 88 99 112 126 140 156 171 86 88 93 100 110 122 134 148 162 177
67 89 97 31 45 47 74 80 45 27 48 132 117 70 72 51 94 78 61 139 60 89 86 82 35 54 86 79 37 40 84 131 69 64 100 69 73 88 61 144 47 43 46 55 67 82 97 112 129 145 34 29 34 45 60 75 91 108 125 142 23 15 23 38 54 71 88 105 122 140 18 0 18 35 52 70 87 104 122 139 23 15 23 38 54 71 88 105 122 140 34 29 34 45 60 75 91 108 125 142 47 43 46 55 67 82 97 112 129 145 60 57 60 67 77 90 104 118 134 150 74 72 73 79 88 99 112 126 140 155 88 86 87 92 100 110 121 134 148 162
73 84 80 14 40 30 66 63 50 20 42 115 101 74 79 43 99 79 63 122 61 81 70 65 31 37 71 62 22 28 67 114 53 65 105 53 78 90 64 127 55 46 43 46 55 67 81 97 112 129 45 34 29 34 45 60 75 91 108 125 38 23 15 23 38 54 71 88 105 122 35 18 0 18 35 52 70 87 104 122 38 23 15 23 38 54 71 88 105 122 45 34 29 34 45 60 75 91 108 125 55 46 43 46 55 67 81 97 112 129 67 60 57 60 67 77 90 104 118 134 80 73 71 73 79 88 99 112 126 140 93 87 85 87 92 99 109 121 134 148
83 82 64 4 42 14 63 46 60 26 43 98 84 80 89 40 107 84 70 106 68 75 55 50 36 22 58 46 13 23 50 97 37 71 113 38 87 94 71 110 68 55 46 43 46 55 67 81 97 112 60 45 34 29 33 45 59 75 91 108 54 38 23 15 23 38 54 71 88 105 52 35 18 0 18 35 52 70 87 104 54 38 23 15 23 38 54 71 88 105 60 45 34 29 33 45 59 75 91 108 68 55 46 43 46 55 67 81 97 112 77 67 60 57 59 66 77 89 103 118 88 79 73 71 73 79 88 99 112 125 100 92 87 85 87 91 99 109 121 134
94 83 50 22 51 8 64 30 73 40 51 81 67 90 101 45 116 92 79 89 77 73 42 36 47 12 48 32 21 29 35 79 25 80 123 26 98 102 81 94 82 67 55 46 43 46 55 67 81 96 75 60 45 33 29 33 45 59 75 91 71 54 38 23 15 23 38 54 71 88 70 52 35 18 0 18 35 52 70 87 71 54 38 23 15 23 38 54 71 88 75 60 45 33 29 33 45 59 75 91 82 67 55 46 43 46 55 67 81 96 90 77 67 59 57 59 66 77 89 103 99 88 79 73 71 73 78 87 99 111 110 100 92 87 85 86 91 99 109 120
107 88 37 39 63 24 70 15 87 55 62 64 51 102 114 55 127 103 91 74 89 75 34 26 61 21 43 22 37 43 21 62 21 91 134 22 111 111 94 78 97 82 67 55 46 42 46 55 67 81 91 75 60 45 33 28 33 45 59 75 88 71 54 38 23 14 23 38 54 71 87 70 52 35 18 0 18 35 52 70 88 71 54 38 23 14 23 38 54 71 91 75 60 45 33 28 33 45 59 75 97 82 67 55 46 42 46 55 67 81 104 90 77 66 59 56 59 66 76 89 112 99 88 79 73 70 72 78 87 98 122 110 99 91 86 84 86 91 98 108
122 96 29 56 77 41 79 15 102 72 76 48 37 115 128 68 140 114 105 59 103 81 33 26 76 36 45 24 54 58 18 45 30 104 147 31 125 123 108 63 113 97 81 67 55 46 42 46 54 67 108 91 75 59 45 33 28 33 45 59 105 88 71 54 38 23 14 23 38 54 104 87 70 52 35 18 0 18 35 52 105 88 71 54 38 23 14 23 38 54 108 91 75 59 45 33 28 33 45 59 113 97 81 67 55 46 42 46 54 67 119 104 90 77 66 59 56 59 66 76 126 112 99 88 78 72 70 72 78 87 134 121 109 99 91 86 84 85 90 98
137 107 31 74 92 58 90 28 118 89 91 33 26 129 143 82 153 128 119 46 117 90 41 36 92 53 52 36 71 74 28 28 44 119 160 44 139 135 122 49 129 112 97 81 67 55 46 42 45 54 125 108 91 75 59 45 33 28 33 45 122 105 88 71 54 38 23 14 23 38 122 104 87 70 52 35 18 0 18 35 122 105 88 71 54 38 23 14 23 38 125 108 91 75 59 45 33 28 33 45 129 112 97 81 67 55 46 42 45 54 134 118 104 89 77 66 59 56 58 65 140 126 112 99 87 78 72 70 72 77 148 134 121 109 99 91 85 83 85 90
152 118 41 91 108 75 104 45 134 105 106 21 24 144 158 98 167 142 134 37 133 101 53 51 109 70 64 51 88 91 43 11 60 134 174 60 155 149 138 38 145 129 112 97 81 67 54 45 42 45 142 125 108 91 75 59 45 33 28 33 140 122 105 88 71 54 38 23 14 23 139 122 104 87 70 52 35 18 0 18 140 122 105 88 71 54 38 23 14 23 142 125 108 91 75 59 45 33 28 33 145 129 112 97 81 67 54 45 42 45 150 134 118 103 89 76 66 58 55 58 156 140 126 112 99 87 78 72 69 71 162 148 134 121 109 98 90 85 83 85
168 131 55 108 124 92 118 61 151 123 122 21 34 160 174 114 182 157 150 35 148 113 68 66 126 87 78 67 105 108 60 9 76 149 189 77 170 163 153 33 162 145 129 112 96 81 67 54 45 42 159 142 125 108 91 75 59 45 33 28 157 140 122 105 88 71 54 38 23 14 156 139 122 104 87 70 52 35 18 0 157 140 122 105 88 71 54 38 23 14 159 142 125 108 91 75 59 45 33 28 162 145 129 112 96 81 67 54 45 42 166 150 134 118 103 89 76 65 58 55 171 155 140 125 111 98 87 77 71 69 177 162 148 134 120 108 98 90 85 83
51 86 118 50 46 65 74 100 33 49 50 152 133 57 55 56 78 67 51 159 50 91 107 96 38 70 96 99 53 52 99 149 83 54 83 83 57 76 49 164 58 60 67 77 90 104 119 134 150 166 43 47 55 68 82 97 113 129 145 162 29 34 45 60 75 91 108 125 142 159 15 23 38 54 71 88 105 122 140 157 0 18 35 52 70 87 104 122 139 156 15 23 38 54 71 88 105 122 140 157 29 34 45 60 75 91 108 125 142 159 43 47 55 68 82 97 113 129 145 162 58 60 67 77 90 104 119 134 150 166 72 74 80 88 99 112 126 140 156 171
53 77 102 34 33 48 62 83 31 39 37 135 115 56 59 41 81 64 47 143 46 78 92 79 24 53 80 83 35 35 82 132 66 49 86 66 59 74 47 147 60 57 60 67 77 90 104 118 134 150 47 43 46 55 67 82 97 112 129 145 34 29 34 45 60 75 91 108 125 142 23 15 23 38 54 71 88 105 122 140 18 0 18 35 52 70 87 104 122 139 23 15 23 38 54 71 88 105 122 140 34 29 34 45 60 75 91 108 125 142 47 43 46 55 67 82 97 112 129 145 60 57 60 67 77 90 104 118 134 150 74 72 73 79 88 99 112 126 140 155
61 70 86 19 26 31 53 67 38 34 29 118 98 60 67 30 86 66 50 127 48 68 77 61 17 36 64 68 18 18 65 115 49 51 92 49 66 76 51 131 67 60 57 60 67 77 90 104 118 134 55 46 43 46 55 67 81 97 112 129 45 34 29 34 45 60 75 91 108 125 38 23 15 23 38 54 71 88 105 122 35 18 0 18 35 52 70 87 104 122 38 23 15 23 38 54 71 88 105 122 45 34 29 34 45 60 75 91 108 125 55 46 43 46 55 67 81 97 112 129 67 60 57 60 67 77 90 104 118 134 80 73 71 73 79 88 99 112 126 140
72 68 72 14 29 16 49 51 51 38 30 101 81 69 78 26 95 71 58 111 56 61 64 45 25 19 49 54 3 9 48 98 32 58 101 32 76 81 60 115 77 67 60 57 59 66 77 89 103 118 68 55 46 43 46 55 67 81 97 112 60 45 34 29 33 45 59 75 91 108 54 38 23 15 23 38 54 71 88 105 52 35 18 0 18 35 52 70 87 104 54 38 23 15 23 38 54 71 88 105 60 45 34 29 33 45 59 75 91 108 68 55 46 43 46 55 67 81 97 112 77 67 60 57 59 66 77 89 103 118 88 79 73 71 73 79 88 99 112 125
85 70 59 25 40 11 50 38 65 48 40 85 64 80 92 33 105 81 69 96 67 59 54 28 39 3 37 42 18 21 30 81 15 69 112 16 89 90 72 100 90 77 67 59 57 59 66 77 89 103 82 67 55 46 43 46 55 67 81 96 75 60 45 33 29 33 45 59 75 91 71 54 38 23 15 23 38 54 71 88 70 52 35 18 0 18 35 52 70 87 71 54 38 23 15 23 38 54 71 88 75 60 45 33 29 33 45 59 75 91 82 67 55 46 43 46 55 67 81 96 90 77 67 59 57 59 66 77 89 103 99 88 79 73 71 73 78 87 99 111
100 76 48 41 55 25 57 28 81 62 54 70 47 93 106 46 118 92 83 81 81 61 47 14 55 17 29 36 35 37 13 64 8 82 125 9 103 101 85 85 104 90 77 66 59 56 59 66 76 89 97 82 67 55 46 42 46 55 67 81 91 75 60 45 33 28 33 45 59 75 88 71 54 38 23 14 23 38 54 71 87 70 52 35 18 0 18 35 52 70 88 71 54 38 23 14 23 38 54 71 91 75 60 45 33 28 33 45 59 75 97 82 67 55 46 42 46 55 67 81 104 90 77 66 59 56 59 66 76 89 112 99 88 79 73 70 72 78 87 98
115 85 43 58 71 41 68 27 97 77 69 55 30 107 121 61 131 106 97 68 95 68 47 14 72 35 32 37 52 54 6 48 23 97 138 23 117 113 100 71 119 104 90 77 66 59 56 59 66 76 113 97 81 67 55 46 42 46 54 67 108 91 75 59 45 33 28 33 45 59 105 88 71 54 38 23 14 23 38 54 104 87 70 52 35 18 0 18 35 52 105 88 71 54 38 23 14 23 38 54 108 91 75 59 45 33 28 33 45 59 113 97 81 67 55 46 42 46 54 67 119 104 90 77 66 59 56 59 66 76 126 112 99 88 78 72 70 72 78 87
131 96 44 75 87 58 81 36 114 93 85 42 15 122 137 77 145 120 113 57 111 79 52 29 89 52 42 45 70 72 23 32 40 112 152 40 133 127 116 59 134 118 104 89 77 66 59 56 58 65 129 112 97 81 67 55 46 42 45 54 125 108 91 75 59 45 33 28 33 45 122 105 88 71 54 38 23 14 23 38 122 104 87 70 52 35 18 0 18 35 122 105 88 71 54 38 23 14 23 38 125 108 91 75 59 45 33 28 33 45 129 112 97 81 67 55 46 42 45 54 134 118 104 89 77 66 59 56 58 65 140 126 112 99 87 78 72 70 72 77
147 109 52 92 104 75 96 50 130 109 102 34 12 138 153 93 160 135 129 50 127 91 63 45 106 69 56 58 87 89 40 20 57 128 167 57 149 141 132 50 150 134 118 103 89 76 66 58 55 58 145 129 112 97 81 67 54 45 42 45 142 125 108 91 75 59 45 33 28 33 140 122 105 88 71 54 38 23 14 23 139 122 104 87 70 52 35 18 0 18 140 122 105 88 71 54 38 23 14 23 142 125 108 91 75 59 45 33 28 33 145 129 112 97 81 67 54 45 42 45 150 134 118 103 89 76 66 58 55 58 156 140 126 112 99 87 78 72 69 71
163 123 63 109 121 93 111 65 147 125 118 34 26 154 169 110 176 150 145 49 143 105 75 62 123 87 71 72 104 106 57 19 74 144 183 74 165 156 148 47 166 150 134 118 103 89 76 65 58 55 162 145 129 112 96 81 67 54 45 42 159 142 125 108 91 75 59 45 33 28 157 140 122 105 88 71 54 38 23 14 156 139 122 104 87 70 52 35 18 0 157 140 122 105 88 71 54 38 23 14 159 142 125 108 91 75 59 45 33 28 162 145 129 112 96 81 67 54 45 42 166 150 134 118 103 89 76 65 58 55 171 155 140 125 111 98 87 77 71 69
36 75 124 56 40 69 66 104 21 60 43 155 132 44 41 51 64 54 38 164 37 82 114 95 35 72 93 105 55 51 100 152 83 41 68 83 42 63 36 169 72 74 80 88 99 112 126 140 156 171 58 60 67 77 90 104 119 134 150 166 43 47 55 68 82 97 113 129 145 162 29 34 45 60 75 91 108 125 142 159 15 23 38 54 71 88 105 122 140 157 0 18 35 52 70 87 104 122 139 156 15 23 38 54 71 88 105 122 140 157 29 34 45 60 75 91 108 125 142 159 43 47 55 68 82 97 113 129 145 162 58 60 67 77 90 104 119 134 150 166
40 64 108 42 24 53 52 89 18 52 28 139 115 42 46 34 67 50 33 148 31 68 100 78 18 56 76 90 39 34 83 135 66 35 72 66 45 60 33 152 74 72 73 79 88 99 112 126 140 155 60 57 60 67 77 90 104 118 134 150 47 43 46 55 67 82 97 112 129 145 34 29 34 45 60 75 91 108 125 142 23 15 23 38 54 71 88 105 122 140 18 0 18 35 52 70 87 104 122 139 23 15 23 38 54 71 88 105 122 140 34 29 34 45 60 75 91 108 125 142 47 43 46 55 67 82 97 112 129 145 60 57 60 67 77 90 104 118 134 150
50 57 94 31 12 38 40 74 28 48 15 123 98 47 56 19 74 52 37 133 35 56 86 61 3 39 59 76 24 18 66 118 49 38 80 49 54 62 38 137 80 73 71 73 79 88 99 112 126 140 67 60 57 60 67 77 90 104 118 134 55 46 43 46 55 67 81 97 112 129 45 34 29 34 45 60 75 91 108 125 38 23 15 23 38 54 71 88 105 122 35 18 0 18 35 52 70 87 104 122 38 23 15 23 38 54 71 88 105 122 45 34 29 34 45 60 75 91 108 125 55 46 43 46 55 67 81 97 112 129 67 60 57 60 67 77 90 104 118 134
63 54 81 28 18 26 35 60 43 51 18 107 81 58 69 12 83 59 47 118 45 48 75 43 18 25 42 64 17 7 49 101 32 47 90 32 66 69 49 121 88 79 73 71 73 79 88 99 112 125 77 67 60 57 59 66 77 89 103 118 68 55 46 43 46 55 67 81 97 112 60 45 34 29 33 45 59 75 91 108 54 38 23 15 23 38 54 71 88 105 52 35 18 0 18 35 52 70 87 104 54 38 23 15 23 38 54 71 88 105 60 45 34 29 33 45 59 75 91 108 68 55 46 43 46 55 67 81 97 112 77 67 60 57 59 66 77 89 103 118
78 56 69 35 34 24 37 48 60 59 32 92 63 71 84 24 95 70 60 103 58 45 66 26 36 17 27 54 24 20 32 85 16 60 102 15 81 79 63 107 99 88 79 73 71 73 78 87 99 111 90 77 67 59 57 59 66 77 89 103 82 67 55 46 43 46 55 67 81 96 75 60 45 33 29 33 45 59 75 91 71 54 38 23 15 23 38 54 71 88 70 52 35 18 0 18 35 52 70 87 71 54 38 23 15 23 38 54 71 88 75 60 45 33 29 33 45 59 75 91 82 67 55 46 43 46 55 67 81 96 90 77 67 59 57 59 66 77 89 103
93 64 61 47 50 33 46 41 77 70 48 77 46 85 100 40 109 83 76 90 74 48 61 9 53 24 16 49 39 37 17 69 9 75 116 8 96 91 79 93 112 99 88 79 73 70 72 78 87 98 104 90 77 66 59 56 59 66 76 89 97 82 67 55 46 42 46 55 67 81 91 75 60 45 33 28 33 45 59 75 88 71 54 38 23 14 23 38 54 71 87 70 52 35 18 0 18 35 52 70 88 71 54 38 23 14 23 38 54 71 91 75 60 45 33 28 33 45 59 75 97 82 67 55 46 42 46 55 67 81 104 90 77 66 59 56 59 66 76 89
110 74 57 62 67 46 59 41 94 84 65 64 29 101 116 56 123 98 91 78 90 57 61 10 70 38 20 50 55 54 13 54 23 90 130 23 112 105 95 81 126 112 99 88 78 72 70 72 78 87 119 104 90 77 66 59 56 59 66 76 113 97 81 67 55 46 42 46 54 67 108 91 75 59 45 33 28 33 45 59 105 88 71 54 38 23 14 23 38 54 104 87 70 52 35 18 0 18 35 52 105 88 71 54 38 23 14 23 38 54 108 91 75 59 45 33 28 33 45 59 113 97 81 67 55 46 42 46 54 67 119 104 90 77 66 59 56 59 66 76
126 87 58 78 84 62 74 47 111 99 82 54 12 117 132 73 138 113 108 69 106 69 65 27 87 54 34 57 71 71 25 41 40 107 145 40 128 119 111 70 140 126 112 99 87 78 72 70 72 77 134 118 104 89 77 66 59 56 58 65 129 112 97 81 67 55 46 42 45 54 125 108 91 75 59 45 33 28 33 45 122 105 88 71 54 38 23 14 23 38 122 104 87 70 52 35 18 0 18 35 122 105 88 71 54 38 23 14 23 38 125 108 91 75 59 45 33 28 33 45 129 112 97 81 67 55 46 42 45 54 134 118 104 89 77 66 59 56 58 65
143 101 63 95 101 78 90 58 128 114 99 47 8 133 148 90 154 129 124 63 123 83 73 44 105 71 50 67 88 89 41 32 57 123 161 57 144 135 128 63 156 140 126 112 99 87 78 72 69 71 150 134 118 103 89 76 66 58 55 58 145 129 112 97 81 67 54 45 42 45 142 125 108 91 75 59 45 33 28 33 140 122 105 88 71 54 38 23 14 23 139 122 104 87 70 52 35 18 0 18 140 122 105 88 71 54 38 23 14 23 142 125 108 91 75 59 45 33 28 33 145 129 112 97 81 67 54 45 42 45 150 134 118 103 89 76 66 58 55 58
160 116 73 111 119 95 106 72 145 130 116 47 25 150 165 108 170 145 141 62 140 98 84 62 122 88 67 80 105 106 58 32 74 140 177 74 161 150 145 60 171 155 140 125 111 98 87 77 71 69 166 150 134 118 103 89 76 65 58 55 162 145 129 112 96 81 67 54 45 42 159 142 125 108 91 75 59 45 33 28 157 140 122 105 88 71 54 38 23 14 156 139 122 104 87 70 52 35 18 0 157 140 122 105 88 71 54 38 23 14 159 142 125 108 91 75 59 45 33 28 162 145 129 112 96 81 67 54 45 42 166 150 134 118 103 89 76 65 58 55
22 66 131 64 39 75 60 111 13 72 41 160 134 30 27 50 50 41 27 170 26 75 122 97 37 77 92 112 61 55 103 155 86 30 54 86 28 49 24 174 86 88 93 100 110 122 134 148 162 177 72 74 80 88 99 112 126 140 156 171 58 60 67 77 90 104 119 134 150 166 43 47 55 68 82 97 113 129 145 162 29 34 45 60 75 91 108 125 142 159 15 23 38 54 71 88 105 122 140 157 0 18 35 52 70 87 104 122 139 156 15 23 38 54 71 88 105 122 140 157 29 34 45 60 75 91 108 125 142 159 43 47 55 68 82 97 113 129 145 162
28 53 116 52 21 60 44 96 6 65 24 144 117 28 34 32 53 36 19 155 17 60 109 80 21 61 74 99 47 39 86 139 69 21 59 69 33 46 19 159 88 86 87 92 100 110 121 134 148 162 74 72 73 79 88 99 112 126 140 155 60 57 60 67 77 90 104 118 134 150 47 43 46 55 67 82 97 112 129 145 34 29 34 45 60 75 91 108 125 142 23 15 23 38 54 71 88 105 122 140 18 0 18 35 52 70 87 104 122 139 23 15 23 38 54 71 88 105 122 140 34 29 34 45 60 75 91 108 125 142 47 43 46 55 67 82 97 112 129 145
41 44 103 44 5 48 29 82 23 63 7 129 100 36 47 15 62 39 25 140 23 46 97 63 13 47 57 86 35 26 70 122 53 25 68 53 44 49 27 144 93 87 85 87 92 99 109 121 134 148 80 73 71 73 79 88 99 112 126 140 67 60 57 60 67 77 90 104 118 134 55 46 43 46 55 67 81 97 112 129 45 34 29 34 45 60 75 91 108 125 38 23 15 23 38 54 71 88 105 122 35 18 0 18 35 52 70 87 104 122 38 23 15 23 38 54 71 88 105 122 45 34 29 34 45 60 75 91 108 125 55 46 43 46 55 67 81 97 112 129
56 40 91 42 15 39 21 70 40 65 12 114 83 49 62 4 73 48 38 126 36 35 87 47 22 36 40 75 31 21 54 107 38 38 80 37 59 57 41 129 100 92 87 85 87 91 99 109 121 134 88 79 73 71 73 79 88 99 112 125 77 67 60 57 59 66 77 89 103 118 68 55 46 43 46 55 67 81 97 112 60 45 34 29 33 45 59 75 91 108 54 38 23 15 23 38 54 71 88 105 52 35 18 0 18 35 52 70 87 104 54 38 23 15 23 38 54 71 88 105 60 45 34 29 33 45 59 75 91 108 68 55 46 43 46 55 67 81 97 112
72 43 81 47 32 38 25 60 58 71 29 99 66 64 78 21 87 61 54 112 52 31 79 31 38 31 22 67 35 28 39 91 26 53 94 25 74 69 58 115 110 100 92 87 85 86 91 99 109 120 99 88 79 73 71 73 78 87 99 111 90 77 67 59 57 59 66 77 89 103 82 67 55 46 43 46 55 67 81 96 75 60 45 33 29 33 45 59 75 91 71 54 38 23 15 23 38 54 71 88 70 52 35 18 0 18 35 52 70 87 71 54 38 23 15 23 38 54 71 88 75 60 45 33 29 33 45 59 75 91 82 67 55 46 43 46 55 67 81 96
89 52 74 57 49 44 37 55 75 81 46 86 49 80 95 38 101 76 71 100 69 36 75 20 54 35 5 63 46 42 28 76 23 69 108 21 90 83 74 103 122 110 99 91 86 84 86 91 98 108 112 99 88 79 73 70 72 78 87 98 104 90 77 66 59 56 59 66 76 89 97 82 67 55 46 42 46 55 67 81 91 75 60 45 33 28 33 45 59 75 88 71 54 38 23 14 23 38 54 71 87 70 52 35 18 0 18 35 52 70 88 71 54 38 23 14 23 38 54 71 91 75 60 45 33 28 33 45 59 75 97 82 67 55 46 42 46 55 67 81
106 65 70 70 66 55 53 54 92 93 63 75 34 96 112 55 117 92 87 90 86 47 74 20 71 46 13 64 60 57 26 63 31 86 124 30 107 97 91 91 134 121 109 99 91 86 84 85 90 98 126 112 99 88 78 72 70 72 78 87 119 104 90 77 66 59 56 59 66 76 113 97 81 67 55 46 42 46 54 67 108 91 75 59 45 33 28 33 45 59 105 88 71 54 38 23 14 23 38 54 104 87 70 52 35 18 0 18 35 52 105 88 71 54 38 23 14 23 38 54 108 91 75 59 45 33 28 33 45 59 113 97 81 67 55 46 42 46 54 67
123 80 71 84 84 68 69 59 109 106 81 66 22 113 128 73 133 108 104 82 103 61 78 32 88 60 31 69 76 74 34 52 45 103 140 44 124 113 108 82 148 134 121 109 99 91 85 83 85 90 140 126 112 99 87 78 72 70 72 77 134 118 104 89 77 66 59 56 58 65 129 112 97 81 67 55 46 42 45 54 125 108 91 75 59 45 33 28 33 45 122 105 88 71 54 38 23 14 23 38 122 104 87 70 52 35 18 0 18 35 122 105 88 71 54 38 23 14 23 38 125 108 91 75 59 45 33 28 33 45 129 112 97 81 67 55 46 42 45 54
140 95 76 100 101 83 86 68 127 120 98 61 20 130 145 90 149 124 122 77 120 77 85 48 105 76 48 78 92 91 47 46 60 120 156 60 141 129 125 76 162 148 134 121 109 98 90 85 83 85 156 140 126 112 99 87 78 72 69 71 150 134 118 103 89 76 66 58 55 58 145 129 112 97 81 67 54 45 42 45 142 125 108 91 75 59 45 33 28 33 140 122 105 88 71 54 38 23 14 23 139 122 104 87 70 52 35 18 0 18 140 122 105 88 71 54 38 23 14 23 142 125 108 91 75 59 45 33 28 33 145 129 112 97 81 67 54 45 42 45
157 111 84 116 118 99 102 80 144 136 115 61 31 147 162 107 165 141 139 76 137 93 95 64 123 92 65 89 108 108 62 45 77 137 172 76 158 145 142 74 177 162 148 134 120 108 98 90 85 83 171 155 140 125 111 98 87 77 71 69 166 150 134 118 103 89 76 65 58 55 162 145 129 112 96 81 67 54 45 42 159 142 125 108 91 75 59 45 33 28 157 140 122 105 88 71 54 38 23 14 156 139 122 104 87 70 52 35 18 0 157 140 122 105 88 71 54 38 23 14 159 142 125 108 91 75 59 45 33 28 162 145 129 112 96 81 67 54 45 42
8 59 139 74 42 83 56 118 18 85 44 166 136 18 13 52 36 29 20 177 21 71 131 100 44 84 93 121 69 62 107 160 91 22 40 90 14 36 16 181 100 102 106 112 121 132 144 156 170 184 86 88 93 100 110 122 134 148 162 177 72 74 80 88 99 112 126 140 156 171 58 60 67 77 90 104 119 134 150 166 43 47 55 68 82 97 113 129 145 162 29 34 45 60 75 91 108 125 142 159 15 23 38 54 71 88 105 122 140 157 0 18 35 52 70 87 104 122 139 156 15 23 38 54 71 88 105 122 140 157 29 34 45 60 75 91 108 125 142 159
19 44 125 64 27 70 39 104 14 79 28 151 120 14 25 37 40 21 5 162 4 54 119 84 32 70 75 108 57 48 91 144 75 8 47 74 22 32 5 166 102 100 101 105 112 121 131 143 156 170 88 86 87 92 100 110 121 134 148 162 74 72 73 79 88 99 112 126 140 155 60 57 60 67 77 90 104 118 134 150 47 43 46 55 67 82 97 112 129 145 34 29 34 45 60 75 91 108 125 142 23 15 23 38 54 71 88 105 122 140 18 0 18 35 52 70 87 104 122 139 23 15 23 38 54 71 88 105 122 140 34 29 34 45 60 75 91 108 125 142
35 31 113 57 18 60 22 92 26 77 17 136 103 26 41 23 51 26 17 148 15 38 108 68 27 58 59 97 48 38 76 128 60 16 58 60 37 36 20 151 106 101 99 101 105 112 121 131 143 156 93 87 85 87 92 99 109 121 134 148 80 73 71 73 79 88 99 112 126 140 67 60 57 60 67 77 90 104 118 134 55 46 43 46 55 67 81 97 112 129 45 34 29 34 45 60 75 91 108 125 38 23 15 23 38 54 71 88 105 122 35 18 0 18 35 52 70 87 104 122 38 23 15 23 38 54 71 88 105 122 45 34 29 34 45 60 75 91 108 125
52 26 102 56 23 53 7 81 42 78 19 122 87 42 58 18 65 39 34 135 33 24 99 54 32 49 42 87 45 35 62 113 48 32 72 47 53 46 38 137 112 105 101 99 100 105 111 120 131 143 100 92 87 85 87 91 99 109 121 134 88 79 73 71 73 79 88 99 112 125 77 67 60 57 59 66 77 89 103 118 68 55 46 43 46 55 67 81 97 112 60 45 34 29 33 45 59 75 91 108 54 38 23 15 23 38 54 71 88 105 52 35 18 0 18 35 52 70 87 104 54 38 23 15 23 38 54 71 88 105 60 45 34 29 33 45 59 75 91 108
69 31 94 60 36 52 15 73 59 84 33 108 71 59 75 27 80 54 51 122 50 17 92 41 44 45 26 80 48 39 49 99 39 49 87 38 70 60 55 125 121 112 105 100 99 100 104 111 120 130 110 100 92 87 85 86 91 99 109 120 99 88 79 73 71 73 78 87 99 111 90 77 67 59 57 59 66 77 89 103 82 67 55 46 43 46 55 67 81 96 75 60 45 33 29 33 45 59 75 91 71 54 38 23 15 23 38 54 71 88 70 52 35 18 0 18 35 52 70 87 71 54 38 23 15 23 38 54 71 88 75 60 45 33 29 33 45 59 75 91
87 43 87 68 52 56 32 68 76 92 49 96 56 76 92 41 95 71 68 111 67 25 89 33 59 48 15 77 57 50 41 85 37 67 102 35 87 76 72 113 132 121 112 105 100 98 99 104 110 119 122 110 99 91 86 84 86 91 98 108 112 99 88 79 73 70 72 78 87 98 104 90 77 66 59 56 59 66 76 89 97 82 67 55 46 42 46 55 67 81 91 75 60 45 33 28 33 45 59 75 88 71 54 38 23 14 23 38 54 71 87 70 52 35 18 0 18 35 52 70 88 71 54 38 23 14 23 38 54 71 91 75 60 45 33 28 33 45 59 75
104 58 84 79 68 65 49 68 93 102 65 86 43 93 109 58 112 87 86 102 84 39 88 33 75 57 19 77 68 64 40 74 42 84 119 41 104 92 89 103 144 131 121 111 104 99 98 99 103 110 134 121 109 99 91 86 84 85 90 98 126 112 99 88 78 72 70 72 78 87 119 104 90 77 66 59 56 59 66 76 113 97 81 67 55 46 42 46 54 67 108 91 75 59 45 33 28 33 45 59 105 88 71 54 38 23 14 23 38 54 104 87 70 52 35 18 0 18 35 52 105 88 71 54 38 23 14 23 38 54 108 91 75 59 45 33 28 33 45 59
121 74 85 92 85 77 66 72 110 115 82 79 34 110 126 74 128 104 103 95 102 56 91 41 91 68 33 82 82 79 45 65 53 101 135 52 122 108 107 95 156 143 131 120 111 104 99 97 99 103 148 134 121 109 99 91 85 83 85 90 140 126 112 99 87 78 72 70 72 77 134 118 104 89 77 66 59 56 58 65 129 112 97 81 67 55 46 42 45 54 125 108 91 75 59 45 33 28 33 45 122 105 88 71 54 38 23 14 23 38 122 104 87 70 52 35 18 0 18 35 122 105 88 71 54 38 23 14 23 38 125 108 91 75 59 45 33 28 33 45
138 90 89 106 102 90 83 80 127 128 99 75 33 127 144 91 145 121 120 91 119 72 97 54 108 82 50 89 97 95 56 59 67 118 152 66 139 125 124 90 170 156 143 131 120 110 103 99 97 98 162 148 134 121 109 98 90 85 83 85 156 140 126 112 99 87 78 72 69 71 150 134 118 103 89 76 66 58 55 58 145 129 112 97 81 67 54 45 42 45 142 125 108 91 75 59 45 33 28 33 140 122 105 88 71 54 38 23 14 23 139 122 104 87 70 52 35 18 0 18 140 122 105 88 71 54 38 23 14 23 142 125 108 91 75 59 45 33 28 33
156 107 96 121 119 105 101 90 145 142 116 74 40 145 161 108 162 138 138 90 136 89 106 69 125 97 66 99 113 111 69 59 82 136 168 81 156 142 141 88 184 170 156 143 130 119 110 103 98 96 177 162 148 134 120 108 98 90 85 83 171 155 140 125 111 98 87 77 71 69 166 150 134 118 103 89 76 65 58 55 162 145 129 112 96 81 67 54 45 42 159 142 125 108 91 75 59 45 33 28 157 140 122 105 88 71 54 38 23 14 156 139 122 104 87 70 52 35 18 0 157 140 122 105 88 71 54 38 23 14 159 142 125 108 91 75 59 45 33 28
7 54 148 85 50 92 57 127 30 98 51 173 140 13 6 59 21 21 22 184 24 69 141 106 53 92 96 130 79 71 113 166 97 23 26 97 2 25 19 188 115 116 119 125 133 143 154 166 179 192 100 102 106 112 121 132 144 156 170 184 86 88 93 100 110 122 134 148 162 177 72 74 80 88 99 112 126 140 156 171 58 60 67 77 90 104 119 134 150 166 43 47 55 68 82 97 113 129 145 162 29 34 45 60 75 91 108 125 142 159 15 23 38 54 71 88 105 122 140 157 0 18 35 52 70 87 104 122 139 156 15 23 38 54 71 88 105 122 140 157
19 37 135 77 38 81 40 114 27 93 38 158 124 6 22 45 29 8 11 170 13 52 130 90 44 80 79 119 69 59 98 150 83 9 36 82 17 17 11 174 116 114 115 119 125 133 142 153 165 178 102 100 101 105 112 121 131 143 156 170 88 86 87 92 100 110 121 134 148 162 74 72 73 79 88 99 112 126 140 155 60 57 60 67 77 90 104 118 134 150 47 43 46 55 67 82 97 112 129 145 34 29 34 45 60 75 91 108 125 142 23 15 23 38 54 71 88 105 122 140 18 0 18 35 52 70 87 104 122 139 23 15 23 38 54 71 88 105 122 140
35 21 124 71 32 72 23 103 35 91 30 144 108 23 39 35 42 17 19 157 19 34 120 76 41 69 63 108 62 51 84 135 70 17 49 69 34 24 23 160 119 115 114 115 118 124 132 142 153 165 106 101 99 101 105 112 121 131 143 156 93 87 85 87 92 99 109 121 134 148 80 73 71 73 79 88 99 112 126 140 67 60 57 60 67 77 90 104 118 134 55 46 43 46 55 67 81 97 112 129 45 34 29 34 45 60 75 91 108 125 38 23 15 23 38 54 71 88 105 122 35 18 0 18 35 52 70 87 104 122 38 23 15 23 38 54 71 88 105 122
52 12 114 70 35 67 10 93 48 92 32 131 93 40 57 32 58 34 35 144 35 17 112 63 44 62 48 100 59 49 71 121 59 33 65 58 52 38 39 147 125 119 115 113 114 118 124 132 141 152 112 105 101 99 100 105 111 120 131 143 100 92 87 85 87 91 99 109 121 134 88 79 73 71 73 79 88 99 112 125 77 67 60 57 59 66 77 89 103 118 68 55 46 43 46 55 67 81 97 112 60 45 34 29 33 45 59 75 91 108 54 38 23 15 23 38 54 71 88 105 52 35 18 0 18 35 52 70 87 104 54 38 23 15 23 38 54 71 88 105
69 21 106 73 45 66 16 86 63 97 41 118 78 58 74 37 74 51 52 133 51 3 106 53 54 59 35 94 61 52 61 107 52 50 81 51 69 55 56 135 133 125 118 114 113 114 117 123 131 141 121 112 105 100 99 100 104 111 120 130 110 100 92 87 85 86 91 99 109 120 99 88 79 73 71 73 78 87 99 111 90 77 67 59 57 59 66 77 89 103 82 67 55 46 43 46 55 67 81 96 75 60 45 33 29 33 45 59 75 91 71 54 38 23 15 23 38 54 71 88 70 52 35 18 0 18 35 52 70 87 71 54 38 23 15 23 38 54 71 88
87 36 101 79 58 69 32 82 79 104 55 107 65 75 91 49 91 68 69 123 68 19 102 47 66 61 28 91 68 61 55 95 50 67 98 49 86 71 73 124 143 133 124 118 114 112 113 117 123 131 132 121 112 105 100 98 99 104 110 119 122 110 99 91 86 84 86 91 98 108 112 99 88 79 73 70 72 78 87 98 104 90 77 66 59 56 59 66 76 89 97 82 67 55 46 42 46 55 67 81 91 75 60 45 33 28 33 45 59 75 88 71 54 38 23 14 23 38 54 71 87 70 52 35 18 0 18 35 52 70 88 71 54 38 23 14 23 38 54 71
104 53 98 89 73 76 49 82 96 113 70 98 54 92 109 63 108 85 86 114 85 36 102 47 81 68 30 91 78 72 53 85 54 84 115 53 104 88 90 115 154 142 132 124 117 113 112 113 116 122 144 131 121 111 104 99 98 99 103 110 134 121 109 99 91 86 84 85 90 98 126 112 99 88 78 72 70 72 78 87 119 104 90 77 66 59 56 59 66 76 113 97 81 67 55 46 42 46 54 67 108 91 75 59 45 33 28 33 45 59 105 88 71 54 38 23 14 23 38 54 104 87 70 52 35 18 0 18 35 52 105 88 71 54 38 23 14 23 38 54
121 70 99 101 89 87 66 85 113 124 86 92 48 110 126 79 125 102 103 108 102 53 105 53 96 78 41 95 91 86 58 77 63 101 132 62 121 105 107 108 166 153 142 132 123 117 113 111 112 116 156 143 131 120 111 104 99 97 99 103 148 134 121 109 99 91 85 83 85 90 140 126 112 99 87 78 72 70 72 77 134 118 104 89 77 66 59 56 58 65 129 112 97 81 67 55 46 42 45 54 125 108 91 75 59 45 33 28 33 45 122 105 88 71 54 38 23 14 23 38 122 104 87 70 52 35 18 0 18 35 122 105 88 71 54 38 23 14 23 38
138 87 102 114 105 99 84 92 129 137 102 88 47 127 143 95 142 120 121 104 120 71 110 63 112 91 55 101 104 101 66 73 75 119 149 74 138 122 124 103 179 165 153 141 131 123 116 112 110 112 170 156 143 131 120 110 103 99 97 98 162 148 134 121 109 98 90 85 83 85 156 140 126 112 99 87 78 72 69 71 150 134 118 103 89 76 66 58 55 58 145 129 112 97 81 67 54 45 42 45 142 125 108 91 75 59 45 33 28 33 140 122 105 88 71 54 38 23 14 23 139 122 104 87 70 52 35 18 0 18 140 122 105 88 71 54 38 23 14 23
156 104 108 128 122 113 101 101 146 150 119 88 52 144 160 111 159 137 138 103 137 88 117 76 128 104 71 110 119 116 78 72 89 136 166 88 155 139 142 101 192 178 165 152 141 131 122 116 112 110 184 170 156 143 130 119 110 103 98 96 177 162 148 134 120 108 98 90 85 83 171 155 140 125 111 98 87 77 71 69 166 150 134 118 103 89 76 65 58 55 162 145 129 112 96 81 67 54 45 42 159 142 125 108 91 75 59 45 33 28 157 140 122 105 88 71 54 38 23 14 156 139 122 104 87 70 52 35 18 0 157 140 122 105 88 71 54 38 23 14
22 53 158 97 60 103 61 136 43 111 60 180 146 20 18 67 7 21 31 193 33 70 152 113 65 102 101 141 90 81 120 172 105 31 13 104 16 19 29 196 129 130 133 138 145 154 164 176 188 201 115 116 119 125 133 143 154 166 179 192 100 102 106 112 121 132 144 156 170 184 86 88 93 100 110 122 134 148 162 177 72 74 80 88 99 112 126 140 156 171 58 60 67 77 90 104 119 134 150 166 43 47 55 68 82 97 113 129 145 162 29 34 45 60 75 91 108 125 142 159 15 23 38 54 71 88 105 122 140 157 0 18 35 52 70 87 104 122 139 156
27 36 146 90 51 93 45 125 41 107 50 166 130 17 28 56 21 8 25 179 27 53 141 98 58 91 85 130 81 71 106 157 92 23 28 91 23 3 25 182 130 128 129 132 138 145 154 164 175 187 116 114 115 119 125 133 142 153 165 178 102 100 101 105 112 121 131 143 156 170 88 86 87 92 100 110 121 134 148 162 74 72 73 79 88 99 112 126 140 155 60 57 60 67 77 90 104 118 134 150 47 43 46 55 67 82 97 112 129 145 34 29 34 45 60 75 91 108 125 142 23 15 23 38 54 71 88 105 122 140 18 0 18 35 52 70 87 104 122 139
40 18 135 85 46 85 31 114 47 105 44 153 115 28 43 48 38 17 30 166 30 36 132 85 55 82 71 120 75 65 93 143 81 27 44 80 38 17 32 169 133 129 128 129 132 137 144 153 163 175 119 115 114 115 118 124 132 142 153 165 106 101 99 101 105 112 121 131 143 156 93 87 85 87 92 99 109 121 134 148 80 73 71 73 79 88 99 112 126 140 67 60 57 60 67 77 90 104 118 134 55 46 43 46 55 67 81 97 112 129 45 34 29 34 45 60 75 91 108 125 38 23 15 23 38 54 71 88 105 122 35 18 0 18 35 52 70 87 104 122
56 4 126 84 48 81 23 106 57 106 45 140 101 43 59 46 55 34 42 155 42 21 125 74 58 76 57 113 73 63 82 130 71 39 61 70 54 35 45 157 138 132 129 127 128 131 137 144 153 163 125 119 115 113 114 118 124 132 141 152 112 105 101 99 100 105 111 120 131 143 100 92 87 85 87 91 99 109 121 134 88 79 73 71 73 79 88 99 112 125 77 67 60 57 59 66 77 89 103 118 68 55 46 43 46 55 67 81 97 112 60 45 34 29 33 45 59 75 91 108 54 38 23 15 23 38 54 71 88 105 52 35 18 0 18 35 52 70 87 104
72 18 119 86 55 80 27 100 70 110 52 129 87 60 76 50 72 51 56 144 56 12 119 65 65 73 47 107 75 65 74 117 66 54 78 64 71 52 60 146 145 138 132 128 127 127 131 136 143 152 133 125 118 114 113 114 117 123 131 141 121 112 105 100 99 100 104 111 120 130 110 100 92 87 85 86 91 99 109 120 99 88 79 73 71 73 78 87 99 111 90 77 67 59 57 59 66 77 89 103 82 67 55 46 43 46 55 67 81 96 75 60 45 33 29 33 45 59 75 91 71 54 38 23 15 23 38 54 71 88 70 52 35 18 0 18 35 52 70 87
89 35 114 92 67 82 39 96 85 116 63 119 76 76 93 59 89 68 72 134 72 22 116 60 76 75 42 105 80 72 68 106 64 70 95 63 88 69 76 136 154 145 137 131 127 126 127 130 135 143 143 133 124 118 114 112 113 117 123 131 132 121 112 105 100 98 99 104 110 119 122 110 99 91 86 84 86 91 98 108 112 99 88 79 73 70 72 78 87 98 104 90 77 66 59 56 59 66 76 89 97 82 67 55 46 42 46 55 67 81 91 75 60 45 33 28 33 45 59 75 88 71 54 38 23 14 23 38 54 71 87 70 52 35 18 0 18 35 52 70
106 52 112 100 80 89 54 96 101 125 77 111 67 93 110 71 106 85 89 127 88 38 116 60 89 81 43 105 89 82 67 97 68 86 113 66 105 87 93 127 164 154 144 137 131 127 125 126 130 135 154 142 132 124 117 113 112 113 116 122 144 131 121 111 104 99 98 99 103 110 134 121 109 99 91 86 84 85 90 98 126 112 99 88 78 72 70 72 78 87 119 104 90 77 66 59 56 59 66 76 113 97 81 67 55 46 42 46 54 67 108 91 75 59 45 33 28 33 45 59 105 88 71 54 38 23 14 23 38 54 104 87 70 52 35 18 0 18 35 52
123 69 112 111 95 98 70 99 117 135 91 105 61 111 127 85 124 102 106 121 105 55 118 65 103 89 51 108 100 94 70 90 75 103 130 74 122 104 109 121 176 164 153 144 136 130 126 125 126 129 166 153 142 132 123 117 113 111 112 116 156 143 131 120 111 104 99 97 99 103 148 134 121 109 99 91 85 83 85 90 140 126 112 99 87 78 72 70 72 77 134 118 104 89 77 66 59 56 58 65 129 112 97 81 67 55 46 42 45 54 125 108 91 75 59 45 33 28 33 45 122 105 88 71 54 38 23 14 23 38 122 104 87 70 52 35 18 0 18 35
140 87 115 123 110 109 86 104 133 146 107 102 60 128 144 100 141 120 123 118 122 72 123 74 118 100 63 114 113 108 78 86 85 120 147 84 139 121 126 117 188 175 163 153 143 135 130 126 124 125 179 165 153 141 131 123 116 112 110 112 170 156 143 131 120 110 103 99 97 98 162 148 134 121 109 98 90 85 83 85 156 140 126 112 99 87 78 72 69 71 150 134 118 103 89 76 66 58 55 58 145 129 112 97 81 67 54 45 42 45 142 125 108 91 75 59 45 33 28 33 140 122 105 88 71 54 38 23 14 23 139 122 104 87 70 52 35 18 0 18
157 104 120 136 126 121 103 112 149 159 123 102 65 145 161 116 158 137 140 117 139 89 129 85 133 113 77 122 126 122 88 86 97 137 164 96 156 138 143 115 201 187 175 163 152 143 135 129 125 124 192 178 165 152 141 131 122 116 112 110 184 170 156 143 130 119 110 103 98 96 177 162 148 134 120 108 98 90 85 83 171 155 140 125 111 98 87 77 71 69 166 150 134 118 103 89 76 65 58 55 162 145 129 112 96 81 67 54 45 42 159 142 125 108 91 75 59 45 33 28 157 140 122 105 88 71 54 38 23 14 156 139 122 104 87 70 52 35 18 0
