0 125 17 42 22 33 37 119 93 132 156 40 155 55 75 88 78 109 135 92 43 126 59 32 20 53 45 105 57 142 117 40 164 40 68 84 68 63 129 90 119 102 85 68 52 37 25 22 30 45 117 100 83 66 48 31 15 9 23 40 117 100 83 66 48 31 15 9 23 40 119 102 85 69 52 37 25 22 31 45 122 106 90 74 59 47 38 36 41 53 127 111 96 82 69 58 51 49 54 63 133 118 104 91 79 70 64 63 66 74 140 126 113 101 91 83 78 77 80 86 149 135 123 112 103 96 92 91 93 98 158 145 134 124 115 109 105 104 106 111
125 0 112 158 105 108 92 47 139 23 32 163 33 113 56 47 66 34 12 88 89 3 68 118 110 79 80 68 111 23 9 162 43 122 67 63 79 67 8 85 93 92 94 99 107 117 128 141 154 169 79 78 80 86 95 106 119 132 147 162 65 64 67 74 84 97 110 125 140 156 51 49 54 62 74 88 103 118 134 151 38 35 41 52 66 81 97 113 130 147 25 21 30 44 60 76 93 110 127 144 15 8 22 39 57 74 91 108 126 143 16 9 23 40 57 74 91 108 126 143 27 23 31 45 60 77 93 110 127 144 39 37 43 53 67 82 98 114 130 147
17 112 0 58 21 18 22 111 101 121 143 56 143 61 60 73 72 94 122 76 27 113 49 40 23 37 33 101 62 130 104 56 153 48 52 68 64 48 117 74 103 86 69 53 38 25 21 30 44 59 101 84 66 49 32 16 8 22 39 56 101 84 67 49 32 16 9 23 39 56 103 86 70 53 38 26 22 30 44 60 107 91 75 61 48 38 36 41 52 66 112 97 83 70 59 52 50 54 63 74 119 105 92 80 71 65 64 67 74 84 128 114 102 92 84 79 78 80 86 95 137 124 113 104 97 93 91 93 99 106 147 135 125 117 110 106 105 107 111 118
42 158 58 0 54 73 77 142 81 161 187 18 186 59 114 126 100 147 166 133 84 159 90 42 49 93 81 123 62 172 149 14 194 41 107 124 88 102 161 131 160 143 126 109 92 76 60 45 32 26 158 141 124 107 89 72 55 39 23 12 158 141 123 106 89 71 54 37 20 3 159 141 124 107 90 73 56 40 25 16 161 144 127 110 94 77 62 47 35 30 164 147 131 115 99 84 69 57 48 43 168 152 136 121 106 92 79 68 60 57 173 158 143 128 114 101 89 80 73 71 180 165 150 136 123 111 101 92 87 85 187 172 158 145 133 122 113 105 100 98
22 105 21 54 0 35 29 97 81 111 136 58 135 41 61 73 56 94 115 87 35 107 38 23 6 42 28 84 42 121 97 57 144 31 55 72 46 49 109 85 114 98 82 68 55 45 40 43 52 64 109 93 76 60 45 33 26 31 42 57 107 90 73 56 39 23 13 20 35 52 106 89 72 54 37 20 3 16 33 51 107 90 73 57 40 25 16 23 37 53 110 94 78 62 48 36 30 34 45 59 115 99 84 70 57 48 44 47 55 67 121 106 92 79 69 61 58 60 66 76 129 115 102 90 81 74 72 73 79 87 137 124 112 102 94 88 86 87 91 99
33 108 18 73 35 0 18 114 116 120 140 69 140 75 53 65 78 86 119 60 20 108 52 56 39 29 35 107 76 128 100 70 150 65 43 56 73 42 113 59 87 70 53 36 21 12 22 37 54 71 86 69 52 35 17 3 19 36 53 70 88 71 54 38 24 17 25 39 56 72 92 76 60 46 35 31 36 47 61 77 98 83 69 57 48 45 48 57 69 83 105 91 79 68 62 59 62 69 79 91 113 101 90 81 75 73 75 81 90 101 123 112 102 94 89 87 89 93 101 111 134 123 114 107 103 101 102 106 113 122 145 135 127 120 116 115 116 120 126 134
37 92 22 77 29 18 0 97 107 104 124 77 124 66 40 52 61 73 103 59 7 93 35 51 33 16 18 91 66 112 85 77 134 59 31 47 58 27 97 57 86 70 54 40 30 29 37 49 65 80 82 65 48 32 18 15 27 43 60 77 81 64 46 29 12 7 24 41 58 76 82 65 49 33 19 16 28 44 60 77 86 70 55 41 31 29 37 50 65 81 92 77 63 52 44 43 49 59 72 87 99 85 73 64 58 57 61 70 81 94 108 95 85 77 72 71 74 81 91 103 118 106 97 90 86 85 88 94 102 113 128 118 109 103 99 99 101 106 114 123
119 47 111 142 97 114 97 0 103 30 57 152 55 87 75 73 43 72 45 118 96 49 63 101 100 90 80 27 85 42 43 150 58 102 84 89 55 79 42 115 130 125 121 120 121 125 131 139 148 159 118 111 107 106 107 112 118 127 138 149 105 98 93 92 94 99 106 116 127 140 93 84 79 78 80 86 95 105 118 131 81 72 65 64 67 74 84 96 109 124 70 59 52 50 53 62 74 87 102 117 61 48 39 36 41 51 65 80 96 112 54 39 26 22 29 43 59 75 92 109 50 33 17 8 22 38 55 73 90 107 50 33 17 8 22 38 55 73 90 107
93 139 101 81 81 116 107 103 0 131 159 98 157 42 123 132 75 147 143 162 112 142 90 61 78 115 96 77 41 143 132 94 160 54 123 140 64 116 138 159 186 172 159 146 135 125 117 111 107 106 178 164 150 137 124 113 104 97 93 92 171 156 141 127 114 102 92 85 80 79 165 150 134 119 105 92 81 72 66 65 160 144 128 112 97 83 70 60 53 51 156 140 123 107 91 75 61 48 40 38 153 136 119 102 86 69 53 39 27 24 152 135 117 100 83 66 49 32 16 11 152 134 117 100 82 65 48 31 14 7 153 135 118 101 84 68 51 35 22 19
132 23 121 161 111 120 104 30 131 0 29 169 27 111 72 65 63 56 16 108 101 25 74 120 115 92 89 56 108 12 25 167 33 123 82 82 77 80 16 106 115 113 114 117 122 130 139 150 162 175 101 99 100 103 110 118 129 140 153 167 87 85 86 90 97 107 118 131 145 159 74 71 72 77 85 96 109 122 137 152 60 56 58 64 74 87 100 115 131 146 47 42 44 52 64 78 93 109 125 142 35 28 31 42 56 72 88 105 121 138 25 14 20 34 51 68 85 102 119 136 21 4 15 32 49 66 84 101 118 136 26 16 21 35 51 68 85 102 119 136
156 32 143 187 136 140 124 57 159 29 0 194 3 138 88 78 91 62 22 117 121 32 98 146 140 111 111 83 136 17 40 192 14 150 99 93 104 99 27 114 117 119 123 130 139 149 160 172 186 199 103 105 110 118 127 138 150 163 177 192 88 91 97 106 116 128 141 155 170 185 74 78 85 94 106 119 133 148 163 179 60 64 73 84 97 111 126 141 157 173 46 51 62 75 89 104 120 136 153 169 32 40 52 67 83 99 116 132 149 166 18 30 45 62 79 96 113 130 147 164 8 25 42 60 77 94 112 129 146 164 15 28 44 61 78 95 112 130 147 164
40 163 56 18 58 69 77 152 98 169 194 0 193 73 115 128 110 149 173 129 83 164 96 53 54 93 84 134 75 179 155 4 201 54 107 123 98 103 167 127 155 138 121 104 86 69 52 35 19 9 155 138 121 103 86 69 52 35 18 6 156 139 122 105 88 71 55 39 25 19 159 142 125 109 92 76 61 47 37 33 162 146 130 114 98 83 70 58 50 47 167 151 135 120 105 92 79 69 63 60 173 157 142 128 114 101 90 82 76 74 179 164 150 136 123 112 102 94 89 88 186 172 159 146 134 123 114 107 103 101 195 181 168 156 145 135 127 121 117 115
155 33 143 186 135 140 124 55 157 27 3 193 0 137 88 79 89 64 22 118 121 33 98 145 140 111 111 81 135 15 40 192 12 149 99 94 103 99 27 115 119 120 125 131 139 149 160 172 185 199 104 106 111 118 128 138 150 163 177 191 90 93 98 106 116 128 141 155 169 184 76 79 85 95 106 119 133 147 162 178 62 65 73 84 97 110 125 141 156 172 47 52 62 74 88 103 119 135 152 168 33 40 52 66 82 98 114 131 148 165 19 30 44 61 77 94 111 128 146 163 7 24 41 58 75 93 110 127 144 162 12 26 42 59 76 93 110 128 145 162
55 113 61 59 41 75 66 87 42 111 138 73 137 0 85 96 48 113 119 122 71 115 53 24 38 74 55 65 3 122 105 70 143 19 84 101 34 77 114 119 147 132 118 105 94 85 78 75 76 81 140 124 110 96 83 73 65 62 63 69 134 118 103 88 74 61 52 48 49 57 130 113 97 81 65 51 40 34 36 46 127 110 93 76 59 44 29 20 24 37 125 108 91 74 56 39 22 7 15 32 126 108 91 74 57 40 23 9 16 32 127 110 93 77 60 45 31 23 26 38 130 114 98 82 67 53 42 36 39 48 135 119 104 89 75 63 54 50 52 59
75 56 60 114 61 53 40 75 123 72 88 115 88 85 0 13 56 34 68 45 35 56 34 80 66 25 34 79 85 77 49 115 99 87 11 18 61 13 62 42 65 54 47 46 52 61 74 88 104 119 56 43 34 32 40 52 66 82 98 115 49 34 21 19 30 45 61 78 95 112 46 29 12 7 24 42 59 76 93 111 47 31 16 13 27 43 60 77 94 111 53 38 28 26 35 48 64 80 97 113 61 49 41 40 46 57 71 85 101 117 71 61 55 54 59 67 79 93 107 122 82 74 69 68 72 79 89 101 115 129 94 87 83 82 85 91 100 111 123 137
88 47 73 126 73 65 52 73 132 65 78 128 79 96 13 0 61 22 59 45 47 47 44 92 78 37 46 82 95 69 42 127 90 98 22 17 69 25 54 42 60 52 49 53 61 72 86 101 116 132 49 39 35 40 50 64 79 95 111 127 40 27 21 28 42 57 74 90 107 124 35 18 7 20 37 54 71 88 106 123 35 18 8 20 37 54 71 88 106 123 40 28 22 29 42 58 74 91 108 125 50 40 36 41 51 64 79 95 111 128 61 53 51 54 62 73 87 101 116 132 73 67 65 67 74 83 95 109 123 138 86 81 79 81 86 95 105 117 131 145
78 66 72 100 56 78 61 43 75 63 91 110 89 48 56 61 0 73 72 100 63 68 28 59 58 59 44 30 46 75 58 108 95 61 60 73 14 53 67 97 120 109 100 93 90 89 92 98 107 117 110 98 88 80 76 75 79 86 95 107 100 87 76 67 62 62 66 74 85 98 93 78 65 55 48 48 53 63 76 90 86 70 56 43 35 34 41 54 68 84 82 65 49 33 22 21 31 46 63 79 80 62 45 28 11 9 26 43 60 77 80 63 46 29 14 12 27 44 61 78 83 67 51 36 26 25 34 48 64 81 88 73 59 47 39 38 45 57 70 86
109 34 94 147 94 86 73 72 147 56 62 149 64 113 34 22 73 0 45 55 68 33 61 111 99 58 66 87 111 57 32 148 75 117 43 33 83 46 42 52 60 58 62 69 80 93 107 122 137 153 46 44 48 58 70 85 100 116 132 148 33 30 36 48 63 78 95 111 128 145 21 16 26 41 58 74 91 109 126 143 15 4 21 38 56 73 90 107 125 142 20 14 25 41 57 74 91 108 125 143 32 28 35 47 62 78 94 111 128 145 45 42 47 57 69 84 99 115 131 148 58 57 60 68 79 92 106 121 136 152 72 71 74 80 89 101 114 128 143 158
135 12 122 166 115 119 103 45 143 16 22 173 22 119 68 59 72 45 0 100 100 13 77 126 119 90 90 69 117 12 19 171 32 130 79 75 85 78 6 97 103 103 106 111 119 128 139 151 164 178 89 89 92 98 107 117 129 142 156 171 75 75 78 86 95 107 120 134 149 164 61 61 65 74 85 98 112 127 143 158 47 47 53 63 76 90 105 121 137 154 33 33 41 53 68 84 100 117 133 150 20 19 31 47 63 80 97 114 131 148 10 9 26 43 61 78 95 113 130 147 15 15 29 45 62 79 96 113 130 148 28 28 37 50 66 82 99 115 132 149
92 88 76 133 87 60 59 118 162 108 117 129 118 122 45 45 100 55 100 0 53 87 75 109 92 48 67 124 121 111 84 129 129 117 40 29 103 48 95 4 28 11 10 26 43 60 78 95 112 129 29 14 13 27 44 61 78 95 112 130 36 26 25 35 49 65 81 98 115 131 47 40 39 46 57 71 86 102 118 135 59 53 53 58 67 79 93 108 123 139 72 67 67 71 79 89 102 115 130 145 85 81 81 84 91 100 111 124 137 152 99 96 95 98 104 112 122 133 146 159 113 110 109 112 117 124 133 143 155 168 127 124 123 125 130 136 144 154 165 177
43 89 27 84 35 20 7 96 112 101 121 83 121 71 35 47 63 68 100 53 0 89 36 57 40 10 20 92 71 109 81 83 131 65 25 41 61 23 94 50 79 63 48 35 27 30 40 54 70 86 76 59 42 26 14 18 33 49 66 83 75 57 40 23 6 13 30 48 65 82 76 59 43 28 17 21 34 50 67 84 80 65 50 38 31 33 42 56 71 87 87 72 59 50 44 46 53 65 78 93 95 82 71 62 58 59 65 75 87 100 104 92 83 76 72 73 78 86 96 109 114 104 95 89 86 87 91 98 107 118 125 116 108 103 100 101 104 110 118 128
126 3 113 159 107 108 93 49 142 25 32 164 33 115 56 47 68 33 13 87 89 0 69 119 111 79 81 71 113 24 11 163 44 124 67 62 81 67 10 84 91 91 93 99 107 117 129 141 155 170 77 76 79 86 95 107 119 133 148 163 63 62 66 74 84 97 111 126 141 157 49 48 53 62 75 89 104 120 136 152 35 34 41 53 67 82 98 115 132 148 22 20 30 45 61 78 95 112 129 146 13 8 24 41 58 76 93 110 128 145 16 12 26 42 59 76 93 111 128 145 27 25 34 47 63 79 96 113 130 147 40 39 45 56 70 85 100 116 133 150
59 68 49 90 38 52 35 63 90 74 98 96 98 53 34 44 28 61 77 75 36 69 0 51 43 32 17 57 52 84 60 95 106 57 35 51 29 28 71 72 98 85 74 66 62 63 68 77 89 102 89 75 63 53 48 49 56 67 80 94 83 67 53 41 34 36 45 58 72 88 78 61 45 31 21 23 35 51 67 84 75 58 41 24 8 13 30 47 64 82 76 59 42 25 11 15 31 48 65 82 79 62 47 33 24 26 37 52 68 84 84 69 55 44 37 39 47 59 74 89 91 77 65 56 51 52 59 69 82 96 100 87 77 69 65 66 71 80 91 104
32 118 40 42 23 56 51 101 61 120 146 53 145 24 80 92 59 111 126 109 57 119 51 0 18 63 47 82 26 131 109 50 153 9 76 93 46 69 120 107 136 120 104 90 76 65 56 52 54 60 131 114 98 82 67 54 43 38 40 49 127 110 94 77 61 45 32 24 28 40 125 108 91 74 57 40 23 11 18 33 125 108 90 73 56 39 22 6 15 32 126 109 92 75 59 42 28 19 23 36 129 112 96 80 64 50 38 32 35 45 133 117 101 86 72 60 50 46 48 55 139 123 108 94 82 71 63 60 61 67 145 131 117 104 92 83 76 74 75 79
20 110 23 49 6 39 33 100 78 115 140 54 140 38 66 78 58 99 119 92 40 111 43 18 0 47 33 86 40 126 102 53 148 27 60 78 48 55 114 90 119 102 87 72 58 47 41 41 49 60 115 98 81 65 50 36 27 28 38 52 112 95 78 61 44 28 15 16 30 47 112 94 77 60 42 25 8 11 28 45 113 96 79 62 45 30 18 19 32 48 115 99 83 67 52 39 31 32 41 54 120 104 89 74 61 50 45 45 52 63 126 111 96 83 72 63 58 59 64 73 133 119 105 93 83 76 72 72 76 84 141 128 115 105 96 89 86 86 89 96
53 79 37 93 42 29 16 90 115 92 111 93 111 74 25 37 59 58 90 48 10 79 32 63 47 0 20 88 74 100 72 92 122 71 15 32 59 13 85 45 73 58 45 35 32 38 50 64 80 96 68 52 36 23 18 28 43 59 75 92 66 49 32 14 6 22 39 56 74 91 67 50 33 18 12 24 40 57 74 91 71 55 40 29 25 33 46 61 77 94 77 62 50 42 39 44 55 68 83 99 85 72 62 55 53 57 65 77 90 105 94 83 74 69 67 70 77 87 99 112 105 95 87 83 81 84 90 98 109 121 116 107 101 96 95 97 102 110 119 131
45 80 33 81 28 35 18 80 96 89 111 84 111 55 34 46 44 66 90 67 20 81 17 47 33 20 0 73 55 98 72 83 120 54 30 47 41 23 84 64 92 77 64 53 47 46 52 62 75 89 86 70 55 42 33 32 40 53 67 83 81 65 48 33 20 19 31 46 62 79 80 62 45 28 11 9 26 43 60 77 80 63 46 30 15 14 28 44 61 78 83 67 51 37 27 26 36 49 65 81 89 74 60 48 41 40 46 58 71 86 96 82 70 60 54 54 59 68 80 93 104 92 81 73 68 68 71 79 89 102 114 103 93 86 82 81 85 91 100 111
105 68 101 123 84 107 91 27 77 56 83 134 81 65 79 82 30 87 69 124 92 71 57 82 86 88 73 0 63 68 63 132 84 82 86 96 38 80 66 121 141 133 126 121 119 119 121 126 133 142 130 120 113 107 105 105 108 113 121 131 119 108 100 94 91 91 94 101 110 120 108 97 87 80 77 77 81 89 99 110 98 86 75 67 63 63 68 77 88 101 90 76 64 54 49 50 56 66 79 94 83 68 54 42 35 36 45 57 72 87 79 62 46 31 21 23 35 50 66 83 76 59 42 25 9 13 29 47 64 81 76 59 42 25 11 14 30 47 64 81
57 111 62 62 42 76 66 85 41 108 136 75 135 3 85 95 46 111 117 121 71 113 52 26 40 74 55 63 0 120 103 73 140 22 84 100 32 76 112 119 146 132 118 106 95 86 80 77 79 84 139 124 110 96 84 74 66 63 65 71 133 117 102 87 74 62 53 50 52 59 129 112 96 80 65 51 41 36 39 48 126 109 92 75 59 43 29 22 27 40 124 107 89 72 55 38 21 8 18 34 124 106 89 72 55 38 21 7 17 34 125 108 91 74 58 42 28 21 26 39 128 112 95 79 64 50 39 34 38 47 133 117 101 86 73 61 52 48 50 58
142 23 130 172 121 128 112 42 143 12 17 179 15 122 77 69 75 57 12 111 109 24 84 131 126 100 98 68 120 0 28 178 23 134 88 85 88 87 16 108 115 114 117 121 128 137 148 159 172 185 100 100 103 108 116 126 137 150 163 177 86 86 89 96 104 115 127 141 155 170 72 72 76 83 93 105 119 133 148 163 58 58 63 72 83 96 111 126 142 158 44 44 50 61 74 89 105 121 137 153 30 30 39 52 67 83 100 116 133 150 17 17 30 46 63 80 97 114 131 148 9 9 27 44 61 78 96 113 130 148 17 18 30 46 63 80 97 114 131 148
117 9 104 149 97 100 85 43 132 25 40 155 40 105 49 42 58 32 19 84 81 11 60 109 102 72 72 63 103 28 0 154 50 114 60 58 71 59 13 81 92 89 90 94 100 110 121 133 146 160 78 75 76 80 88 99 111 124 138 153 64 61 62 68 77 89 102 116 132 147 51 47 48 55 67 80 95 110 126 142 39 32 35 44 58 73 89 105 122 138 28 18 22 36 51 68 85 102 119 136 22 6 14 31 48 66 83 100 118 135 25 12 18 33 50 67 84 101 118 135 34 26 29 40 54 70 87 103 120 137 45 40 42 50 62 76 92 108 124 140
40 162 56 14 57 70 77 150 94 167 192 4 192 70 115 127 108 148 171 129 83 163 95 50 53 92 83 132 73 178 154 0 200 52 107 123 96 103 166 128 156 139 122 104 87 70 53 36 21 12 156 138 121 104 86 69 52 35 17 3 156 139 122 105 88 71 54 38 23 16 158 142 125 108 91 75 60 46 34 30 162 145 129 113 97 82 68 56 47 44 166 150 134 119 104 90 77 67 60 57 171 156 141 126 112 99 88 79 73 71 178 163 148 134 121 110 100 92 86 85 185 171 157 144 132 121 112 104 100 98 193 179 166 154 142 132 124 118 114 112
164 43 153 194 144 150 134 58 160 33 14 201 12 143 99 90 95 75 32 129 131 44 106 153 148 122 120 84 140 23 50 200 0 155 110 105 109 109 37 127 130 132 136 142 150 159 170 182 194 207 116 118 123 129 138 148 160 172 185 199 102 104 109 117 127 138 150 163 177 191 87 90 96 105 116 128 141 155 170 185 73 77 84 94 106 119 133 148 163 179 59 63 72 83 96 111 126 141 157 174 45 51 61 74 89 104 120 136 153 169 31 39 52 67 83 99 116 133 149 166 17 30 45 62 79 96 113 130 147 165 8 26 43 60 77 95 112 129 147 164
40 122 48 41 31 65 59 102 54 123 150 54 149 19 87 98 61 117 130 117 65 124 57 9 27 71 54 82 22 134 114 52 155 0 83 101 48 76 124 115 144 128 113 98 85 73 64 58 58 62 139 122 106 91 76 63 51 45 44 50 135 118 101 85 69 54 40 31 31 39 132 115 98 81 64 48 32 19 18 30 131 114 97 80 62 45 28 10 8 25 132 115 98 80 63 47 30 16 15 28 134 117 100 84 68 52 38 28 27 36 138 121 105 89 74 60 49 41 41 47 142 126 111 96 82 70 61 55 54 59 148 133 118 105 92 81 73 69 68 72
68 67 52 107 55 43 31 84 123 82 99 107 99 84 11 22 60 43 79 40 25 67 35 76 60 15 30 86 84 88 60 107 110 83 0 18 64 8 73 37 63 50 40 36 41 51 64 79 95 111 56 41 28 22 29 42 57 74 90 107 52 35 19 8 20 37 54 71 88 105 52 35 18 7 20 36 53 71 88 105 56 40 27 21 28 41 57 73 90 107 62 49 39 35 39 50 63 78 94 110 71 60 52 49 52 60 72 85 100 115 82 72 65 63 65 72 82 94 107 122 93 85 79 77 79 85 93 104 116 129 105 98 93 91 93 97 105 114 126 138
84 63 68 124 72 56 47 89 140 82 93 123 94 101 18 17 73 33 75 29 41 62 51 93 78 32 47 96 100 85 58 123 105 101 18 0 78 25 70 26 48 37 33 37 48 62 77 93 109 126 39 25 19 26 40 56 72 89 106 123 35 18 5 19 36 53 70 88 105 122 36 20 11 21 37 54 71 88 105 122 42 30 25 30 43 58 74 91 107 124 52 43 39 43 52 65 80 95 111 128 63 56 53 56 63 74 87 102 117 133 76 69 67 69 76 85 96 110 124 139 89 83 81 83 88 96 107 119 132 146 102 97 95 97 101 108 118 128 141 154
68 79 64 88 46 73 58 55 64 77 104 98 103 34 61 69 14 83 85 103 61 81 29 46 48 59 41 38 32 88 71 96 109 48 64 78 0 56 80 100 125 113 102 94 87 84 85 89 96 105 116 103 91 81 74 70 71 76 84 95 108 94 81 69 61 57 57 63 73 85 102 86 72 58 48 43 44 51 63 77 97 80 64 49 36 29 31 41 55 70 93 76 59 43 27 15 19 33 49 66 92 75 58 40 23 6 13 30 47 64 93 76 59 43 27 15 19 33 49 66 97 80 64 49 36 29 31 41 55 70 102 86 71 58 48 43 44 51 63 77
63 67 48 102 49 42 27 79 116 80 99 103 99 77 13 25 53 46 78 48 23 67 28 69 55 13 23 80 76 87 59 103 109 76 8 25 56 0 72 45 71 58 47 42 43 51 63 76 91 107 64 48 36 28 30 40 54 70 86 103 59 42 26 14 18 33 49 66 83 100 57 40 23 6 13 30 47 65 82 99 59 43 28 17 20 34 50 66 83 100 65 50 37 30 32 42 56 71 87 103 72 59 49 44 46 53 64 78 93 108 82 71 62 58 59 65 74 86 100 114 92 83 76 72 73 78 86 96 108 122 104 95 89 86 87 91 98 107 118 130
129 8 117 161 109 113 97 42 138 16 27 167 27 114 62 54 67 42 6 95 94 10 71 120 114 85 84 66 112 16 13 166 37 124 73 70 80 72 0 93 100 99 101 106 113 123 133 146 159 173 86 85 87 93 101 112 123 137 150 165 72 71 74 80 90 101 114 128 143 159 58 57 60 68 79 92 106 121 137 153 45 43 47 57 70 84 100 116 132 148 31 28 35 48 63 78 95 111 128 145 20 14 25 41 58 75 92 109 126 143 14 4 22 39 56 73 91 108 125 143 21 16 26 42 58 75 92 109 126 143 33 30 36 49 63 79 95 112 129 146
90 85 74 131 85 59 57 115 159 106 114 127 115 119 42 42 97 52 97 4 50 84 72 107 90 45 64 121 119 108 81 128 127 115 37 26 100 45 93 0 29 13 11 26 43 60 77 94 111 129 29 13 10 25 42 60 77 94 111 129 35 24 22 32 47 63 79 96 113 130 45 37 36 43 55 69 84 100 116 133 57 51 50 55 64 77 91 106 121 137 70 65 64 68 76 86 99 113 127 143 83 79 78 81 88 97 108 121 135 149 97 93 92 95 101 109 119 130 143 157 110 107 106 109 114 121 130 141 152 165 124 121 120 122 127 133 141 151 162 174
119 93 103 160 114 87 86 130 186 115 117 155 119 147 65 60 120 60 103 28 79 91 98 136 119 73 92 141 146 115 92 156 130 144 63 48 125 71 100 29 0 18 35 52 70 87 104 122 139 156 15 23 38 54 71 88 105 122 140 157 29 34 45 60 75 91 108 125 142 159 43 47 55 68 82 97 113 129 145 162 58 60 67 77 90 104 119 134 150 166 72 74 80 88 99 112 126 140 156 171 86 88 93 100 110 122 134 148 162 177 100 102 106 112 121 132 144 156 170 184 115 116 119 125 133 143 154 166 179 192 129 130 133 138 145 154 164 176 188 201
102 92 86 143 98 70 70 125 172 113 119 138 120 132 54 52 109 58 103 11 63 91 85 120 102 58 77 133 132 114 89 139 132 128 50 37 113 58 99 13 18 0 18 35 52 70 87 104 122 139 23 15 23 38 54 71 88 105 122 140 34 29 34 45 60 75 91 108 125 142 47 43 46 55 67 82 97 112 129 145 60 57 60 67 77 90 104 118 134 150 74 72 73 79 88 99 112 126 140 155 88 86 87 92 100 110 121 134 148 162 102 100 101 105 112 121 131 143 156 170 116 114 115 119 125 133 142 153 165 178 130 128 129 132 138 145 154 164 175 187
85 94 69 126 82 53 54 121 159 114 123 121 125 118 47 49 100 62 106 10 48 93 74 104 87 45 64 126 118 117 90 122 136 113 40 33 102 47 101 11 35 18 0 18 35 52 70 87 104 122 38 23 15 23 38 54 71 88 105 122 45 34 29 34 45 60 75 91 108 125 55 46 43 46 55 67 81 97 112 129 67 60 57 60 67 77 90 104 118 134 80 73 71 73 79 88 99 112 126 140 93 87 85 87 92 99 109 121 134 148 106 101 99 101 105 112 121 131 143 156 119 115 114 115 118 124 132 142 153 165 133 129 128 129 132 137 144 153 163 175
68 99 53 109 68 36 40 120 146 117 130 104 131 105 46 53 93 69 111 26 35 99 66 90 72 35 53 121 106 121 94 104 142 98 36 37 94 42 106 26 52 35 18 0 18 35 52 70 87 104 54 38 23 15 23 38 54 71 88 105 60 45 34 29 33 45 59 75 91 108 68 55 46 43 46 55 67 81 97 112 77 67 60 57 59 66 77 89 103 118 88 79 73 71 73 79 88 99 112 125 100 92 87 85 87 91 99 109 121 134 112 105 101 99 100 105 111 120 131 143 125 119 115 113 114 118 124 132 141 152 138 132 129 127 128 131 137 144 153 163
52 107 38 92 55 21 30 121 135 122 139 86 139 94 52 61 90 80 119 43 27 107 62 76 58 32 47 119 95 128 100 87 150 85 41 48 87 43 113 43 70 52 35 18 0 18 35 52 70 87 71 54 38 23 15 23 38 54 71 88 75 60 45 33 29 33 45 59 75 91 82 67 55 46 43 46 55 67 81 96 90 77 67 59 57 59 66 77 89 103 99 88 79 73 71 73 78 87 99 111 110 100 92 87 85 86 91 99 109 120 121 112 105 100 99 100 104 111 120 130 133 125 118 114 113 114 117 123 131 141 145 138 132 128 127 127 131 136 143 152
37 117 25 76 45 12 29 125 125 130 149 69 149 85 61 72 89 93 128 60 30 117 63 65 47 38 46 119 86 137 110 70 159 73 51 62 84 51 123 60 87 70 52 35 18 0 18 35 52 70 88 71 54 38 23 14 23 38 54 71 91 75 60 45 33 28 33 45 59 75 97 82 67 55 46 42 46 55 67 81 104 90 77 66 59 56 59 66 76 89 112 99 88 79 73 70 72 78 87 98 122 110 99 91 86 84 86 91 98 108 132 121 112 105 100 98 99 104 110 119 143 133 124 118 114 112 113 117 123 131 154 145 137 131 127 126 127 130 135 143
25 128 21 60 40 22 37 131 117 139 160 52 160 78 74 86 92 107 139 78 40 129 68 56 41 50 52 121 80 148 121 53 170 64 64 77 85 63 133 77 104 87 70 52 35 18 0 18 35 52 105 88 71 54 38 23 14 23 38 54 108 91 75 59 45 33 28 33 45 59 113 97 81 67 55 46 42 46 54 67 119 104 90 77 66 59 56 59 66 76 126 112 99 88 78 72 70 72 78 87 134 121 109 99 91 86 84 85 90 98 144 131 121 111 104 99 98 99 103 110 154 142 132 124 117 113 112 113 116 122 164 154 144 137 131 127 125 126 130 135
22 141 30 45 43 37 49 139 111 150 172 35 172 75 88 101 98 122 151 95 54 141 77 52 41 64 62 126 77 159 133 36 182 58 79 93 89 76 146 94 122 104 87 70 52 35 18 0 18 35 122 105 88 71 54 38 23 14 23 38 125 108 91 75 59 45 33 28 33 45 129 112 97 81 67 55 46 42 45 54 134 118 104 89 77 66 59 56 58 65 140 126 112 99 87 78 72 70 72 77 148 134 121 109 99 91 85 83 85 90 156 143 131 120 111 104 99 97 99 103 166 153 142 132 123 117 113 111 112 116 176 164 153 144 136 130 126 125 126 129
30 154 44 32 52 54 65 148 107 162 186 19 185 76 104 116 107 137 164 112 70 155 89 54 49 80 75 133 79 172 146 21 194 58 95 109 96 91 159 111 139 122 104 87 70 52 35 18 0 18 140 122 105 88 71 54 38 23 14 23 142 125 108 91 75 59 45 33 28 33 145 129 112 97 81 67 54 45 42 45 150 134 118 103 89 76 66 58 55 58 156 140 126 112 99 87 78 72 69 71 162 148 134 121 109 98 90 85 83 85 170 156 143 131 120 110 103 99 97 98 179 165 153 141 131 123 116 112 110 112 188 175 163 153 143 135 130 126 124 125
45 169 59 26 64 71 80 159 106 175 199 9 199 81 119 132 117 153 178 129 86 170 102 60 60 96 89 142 84 185 160 12 207 62 111 126 105 107 173 129 156 139 122 104 87 70 52 35 18 0 157 140 122 105 88 71 54 38 23 14 159 142 125 108 91 75 59 45 33 28 162 145 129 112 96 81 67 54 45 42 166 150 134 118 103 89 76 65 58 55 171 155 140 125 111 98 87 77 71 69 177 162 148 134 120 108 98 90 85 83 184 170 156 143 130 119 110 103 98 96 192 178 165 152 141 131 122 116 112 110 201 187 175 163 152 143 135 129 125 124
117 79 101 158 109 86 82 118 178 101 103 155 104 140 56 49 110 46 89 29 76 77 89 131 115 68 86 130 139 100 78 156 116 139 56 39 116 64 86 29 15 23 38 54 71 88 105 122 140 157 0 18 35 52 70 87 104 122 139 156 15 23 38 54 71 88 105 122 140 157 29 34 45 60 75 91 108 125 142 159 43 47 55 68 82 97 113 129 145 162 58 60 67 77 90 104 119 134 150 166 72 74 80 88 99 112 126 140 156 171 86 88 93 100 110 122 134 148 162 177 100 102 106 112 121 132 144 156 170 184 115 116 119 125 133 143 154 166 179 192
100 78 84 141 93 69 65 111 164 99 105 138 106 124 43 39 98 44 89 14 59 76 75 114 98 52 70 120 124 100 75 138 118 122 41 25 103 48 85 13 23 15 23 38 54 71 88 105 122 140 18 0 18 35 52 70 87 104 122 139 23 15 23 38 54 71 88 105 122 140 34 29 34 45 60 75 91 108 125 142 47 43 46 55 67 82 97 112 129 145 60 57 60 67 77 90 104 118 134 150 74 72 73 79 88 99 112 126 140 155 88 86 87 92 100 110 121 134 148 162 102 100 101 105 112 121 131 143 156 170 116 114 115 119 125 133 142 153 165 178
83 80 66 124 76 52 48 107 150 100 110 121 111 110 34 35 88 48 92 13 42 79 63 98 81 36 55 113 110 103 76 121 123 106 28 19 91 36 87 10 38 23 15 23 38 54 71 88 105 122 35 18 0 18 35 52 70 87 104 122 38 23 15 23 38 54 71 88 105 122 45 34 29 34 45 60 75 91 108 125 55 46 43 46 55 67 81 97 112 129 67 60 57 60 67 77 90 104 118 134 80 73 71 73 79 88 99 112 126 140 93 87 85 87 92 99 109 121 134 148 106 101 99 101 105 112 121 131 143 156 119 115 114 115 118 124 132 142 153 165
66 86 49 107 60 35 32 106 137 103 118 103 118 96 32 40 80 58 98 27 26 86 53 82 65 23 42 107 96 108 80 104 129 91 22 26 81 28 93 25 54 38 23 15 23 38 54 71 88 105 52 35 18 0 18 35 52 70 87 104 54 38 23 15 23 38 54 71 88 105 60 45 34 29 33 45 59 75 91 108 68 55 46 43 46 55 67 81 97 112 77 67 60 57 59 66 77 89 103 118 88 79 73 71 73 79 88 99 112 125 100 92 87 85 87 91 99 109 121 134 112 105 101 99 100 105 111 120 131 143 125 119 115 113 114 118 124 132 141 152
48 95 32 89 45 17 18 107 124 110 127 86 128 83 40 50 76 70 107 44 14 95 48 67 50 18 33 105 84 116 88 86 138 76 29 40 74 30 101 42 71 54 38 23 15 23 38 54 71 88 70 52 35 18 0 18 35 52 70 87 71 54 38 23 15 23 38 54 71 88 75 60 45 33 29 33 45 59 75 91 82 67 55 46 43 46 55 67 81 96 90 77 67 59 57 59 66 77 89 103 99 88 79 73 71 73 78 87 99 111 110 100 92 87 85 86 91 99 109 120 121 112 105 100 99 100 104 111 120 130 133 125 118 114 113 114 117 123 131 141
31 106 16 72 33 3 15 112 113 118 138 69 138 73 52 64 75 85 117 61 18 107 49 54 36 28 32 105 74 126 99 69 148 63 42 56 70 40 112 60 88 71 54 38 23 14 23 38 54 71 87 70 52 35 18 0 18 35 52 70 88 71 54 38 23 14 23 38 54 71 91 75 60 45 33 28 33 45 59 75 97 82 67 55 46 42 46 55 67 81 104 90 77 66 59 56 59 66 76 89 112 99 88 79 73 70 72 78 87 98 122 110 99 91 86 84 86 91 98 108 132 121 112 105 100 98 99 104 110 119 143 133 124 118 114 112 113 117 123 131
15 119 8 55 26 19 27 118 104 129 150 52 150 65 66 79 79 100 129 78 33 119 56 43 27 43 40 108 66 137 111 52 160 51 57 72 71 54 123 77 105 88 71 54 38 23 14 23 38 54 104 87 70 52 35 18 0 18 35 52 105 88 71 54 38 23 14 23 38 54 108 91 75 59 45 33 28 33 45 59 113 97 81 67 55 46 42 46 54 67 119 104 90 77 66 59 56 59 66 76 126 112 99 88 78 72 70 72 78 87 134 121 109 99 91 86 84 85 90 98 144 131 121 111 104 99 98 99 103 110 154 142 132 124 117 113 112 113 116 122
9 132 22 39 31 36 43 127 97 140 163 35 163 62 82 95 86 116 142 95 49 133 67 38 28 59 53 113 63 150 124 35 172 45 74 89 76 70 137 94 122 105 88 71 54 38 23 14 23 38 122 104 87 70 52 35 18 0 18 35 122 105 88 71 54 38 23 14 23 38 125 108 91 75 59 45 33 28 33 45 129 112 97 81 67 55 46 42 45 54 134 118 104 89 77 66 59 56 58 65 140 126 112 99 87 78 72 70 72 77 148 134 121 109 99 91 85 83 85 90 156 143 131 120 111 104 99 97 99 103 166 153 142 132 123 117 113 111 112 116
23 147 39 23 42 53 60 138 93 153 177 18 177 63 98 111 95 132 156 112 66 148 80 40 38 75 67 121 65 163 138 17 185 44 90 106 84 86 150 111 140 122 105 88 71 54 38 23 14 23 139 122 104 87 70 52 35 18 0 18 140 122 105 88 71 54 38 23 14 23 142 125 108 91 75 59 45 33 28 33 145 129 112 97 81 67 54 45 42 45 150 134 118 103 89 76 66 58 55 58 156 140 126 112 99 87 78 72 69 71 162 148 134 121 109 98 90 85 83 85 170 156 143 131 120 110 103 99 97 98 179 165 153 141 131 123 116 112 110 112
40 162 56 12 57 70 77 149 92 167 192 6 191 69 115 127 107 148 171 130 83 163 94 49 52 92 83 131 71 177 153 3 199 50 107 123 95 103 165 129 157 140 122 105 88 71 54 38 23 14 156 139 122 104 87 70 52 35 18 0 157 140 122 105 88 71 54 38 23 14 159 142 125 108 91 75 59 45 33 28 162 145 129 112 96 81 67 54 45 42 166 150 134 118 103 89 76 65 58 55 171 155 140 125 111 98 87 77 71 69 177 162 148 134 120 108 98 90 85 83 184 170 156 143 130 119 110 103 98 96 192 178 165 152 141 131 122 116 112 110
117 65 101 158 107 88 81 105 171 87 88 156 90 134 49 40 100 33 75 36 75 63 83 127 112 66 81 119 133 86 64 156 102 135 52 35 108 59 72 35 29 34 45 60 75 91 108 125 142 159 15 23 38 54 71 88 105 122 140 157 0 18 35 52 70 87 104 122 139 156 15 23 38 54 71 88 105 122 140 157 29 34 45 60 75 91 108 125 142 159 43 47 55 68 82 97 113 129 145 162 58 60 67 77 90 104 119 134 150 166 72 74 80 88 99 112 126 140 156 171 86 88 93 100 110 122 134 148 162 177 100 102 106 112 121 132 144 156 170 184
100 64 84 141 90 71 64 98 156 85 91 139 93 118 34 27 87 30 75 26 57 62 67 110 95 49 65 108 117 86 61 139 104 118 35 18 94 42 71 24 34 29 34 45 60 75 91 108 125 142 23 15 23 38 54 71 88 105 122 140 18 0 18 35 52 70 87 104 122 139 23 15 23 38 54 71 88 105 122 140 34 29 34 45 60 75 91 108 125 142 47 43 46 55 67 82 97 112 129 145 60 57 60 67 77 90 104 118 134 150 74 72 73 79 88 99 112 126 140 155 88 86 87 92 100 110 121 134 148 162 102 100 101 105 112 121 131 143 156 170
83 67 67 123 73 54 46 93 141 86 97 122 98 103 21 21 76 36 78 25 40 66 53 94 78 32 48 100 102 89 62 122 109 101 19 5 81 26 74 22 45 34 29 34 45 60 75 91 108 125 38 23 15 23 38 54 71 88 105 122 35 18 0 18 35 52 70 87 104 122 38 23 15 23 38 54 71 88 105 122 45 34 29 34 45 60 75 91 108 125 55 46 43 46 55 67 81 97 112 129 67 60 57 60 67 77 90 104 118 134 80 73 71 73 79 88 99 112 126 140 93 87 85 87 92 99 109 121 134 148 106 101 99 101 105 112 121 131 143 156
66 74 49 106 56 38 29 92 127 90 106 105 106 88 19 28 67 48 86 35 23 74 41 77 61 14 33 94 87 96 68 105 117 85 8 19 69 14 80 32 60 45 34 29 33 45 59 75 91 108 54 38 23 15 23 38 54 71 88 105 52 35 18 0 18 35 52 70 87 104 54 38 23 15 23 38 54 71 88 105 60 45 34 29 33 45 59 75 91 108 68 55 46 43 46 55 67 81 97 112 77 67 60 57 59 66 77 89 103 118 88 79 73 71 73 79 88 99 112 125 100 92 87 85 87 91 99 109 121 134 112 105 101 99 100 105 111 120 131 143
48 84 32 89 39 24 12 94 114 97 116 88 116 74 30 42 62 63 95 49 6 84 34 61 44 6 20 91 74 104 77 88 127 69 20 36 61 18 90 47 75 60 45 33 29 33 45 59 75 91 71 54 38 23 15 23 38 54 71 88 70 52 35 18 0 18 35 52 70 87 71 54 38 23 15 23 38 54 71 88 75 60 45 33 29 33 45 59 75 91 82 67 55 46 43 46 55 67 81 96 90 77 67 59 57 59 66 77 89 103 99 88 79 73 71 73 78 87 99 111 110 100 92 87 85 86 91 99 109 120 121 112 105 100 99 100 104 111 120 130
31 97 16 71 23 17 7 99 102 107 128 71 128 61 45 57 62 78 107 65 13 97 36 45 28 22 19 91 62 115 89 71 138 54 37 53 57 33 101 63 91 75 60 45 33 28 33 45 59 75 88 71 54 38 23 14 23 38 54 71 87 70 52 35 18 0 18 35 52 70 88 71 54 38 23 14 23 38 54 71 91 75 60 45 33 28 33 45 59 75 97 82 67 55 46 42 46 55 67 81 104 90 77 66 59 56 59 66 76 89 112 99 88 79 73 70 72 78 87 98 122 110 99 91 86 84 86 91 98 108 132 121 112 105 100 98 99 104 110 119
15 110 9 54 13 25 24 106 92 118 141 55 141 52 61 74 66 95 120 81 30 111 45 32 15 39 31 94 53 127 102 54 150 40 54 70 57 49 114 79 108 91 75 59 45 33 28 33 45 59 105 88 71 54 38 23 14 23 38 54 104 87 70 52 35 18 0 18 35 52 105 88 71 54 38 23 14 23 38 54 108 91 75 59 45 33 28 33 45 59 113 97 81 67 55 46 42 46 54 67 119 104 90 77 66 59 56 59 66 76 126 112 99 88 78 72 70 72 78 87 134 121 109 99 91 86 84 85 90 98 144 131 121 111 104 99 98 99 103 110
9 125 23 37 20 39 41 116 85 131 155 39 155 48 78 90 74 111 134 98 48 126 58 24 16 56 46 101 50 141 116 38 163 31 71 88 63 66 128 96 125 108 91 75 59 45 33 28 33 45 122 105 88 71 54 38 23 14 23 38 122 104 87 70 52 35 18 0 18 35 122 105 88 71 54 38 23 14 23 38 125 108 91 75 59 45 33 28 33 45 129 112 97 81 67 55 46 42 45 54 134 118 104 89 77 66 59 56 58 65 140 126 112 99 87 78 72 70 72 77 148 134 121 109 99 91 85 83 85 90 156 143 131 120 111 104 99 97 99 103
23 140 39 20 35 56 58 127 80 145 170 25 169 49 95 107 85 128 149 115 65 141 72 28 30 74 62 110 52 155 132 23 177 31 88 105 73 83 143 113 142 125 108 91 75 59 45 33 28 33 140 122 105 88 71 54 38 23 14 23 139 122 104 87 70 52 35 18 0 18 140 122 105 88 71 54 38 23 14 23 142 125 108 91 75 59 45 33 28 33 145 129 112 97 81 67 54 45 42 45 150 134 118 103 89 76 66 58 55 58 156 140 126 112 99 87 78 72 69 71 162 148 134 121 109 98 90 85 83 85 170 156 143 131 120 110 103 99 97 98
40 156 56 3 52 72 76 140 79 159 185 19 184 57 112 124 98 145 164 131 82 157 88 40 47 91 79 120 59 170 147 16 191 39 105 122 85 100 159 130 159 142 125 108 91 75 59 45 33 28 157 140 122 105 88 71 54 38 23 14 156 139 122 104 87 70 52 35 18 0 157 140 122 105 88 71 54 38 23 14 159 142 125 108 91 75 59 45 33 28 162 145 129 112 96 81 67 54 45 42 166 150 134 118 103 89 76 65 58 55 171 155 140 125 111 98 87 77 71 69 177 162 148 134 120 108 98 90 85 83 184 170 156 143 130 119 110 103 98 96
119 51 103 159 106 92 82 93 165 74 74 159 76 130 46 35 93 21 61 47 76 49 78 125 112 67 80 108 129 72 51 158 87 132 52 36 102 57 58 45 43 47 55 68 82 97 113 129 145 162 29 34 45 60 75 91 108 125 142 159 15 23 38 54 71 88 105 122 140 157 0 18 35 52 70 87 104 122 139 156 15 23 38 54 71 88 105 122 140 157 29 34 45 60 75 91 108 125 142 159 43 47 55 68 82 97 113 129 145 162 58 60 67 77 90 104 119 134 150 166 72 74 80 88 99 112 126 140 156 171 86 88 93 100 110 122 134 148 162 177
102 49 86 141 89 76 65 84 150 71 78 142 79 113 29 18 78 16 61 40 59 48 61 108 94 50 62 97 112 72 47 142 90 115 35 20 86 40 57 37 47 43 46 55 67 82 97 112 129 145 34 29 34 45 60 75 91 108 125 142 23 15 23 38 54 71 88 105 122 140 18 0 18 35 52 70 87 104 122 139 23 15 23 38 54 71 88 105 122 140 34 29 34 45 60 75 91 108 125 142 47 43 46 55 67 82 97 112 129 145 60 57 60 67 77 90 104 118 134 150 74 72 73 79 88 99 112 126 140 155 88 86 87 92 100 110 121 134 148 162
85 54 70 124 72 60 49 79 134 72 85 125 85 97 12 7 65 26 65 39 43 53 45 91 77 33 45 87 96 76 48 125 96 98 18 11 72 23 60 36 55 46 43 46 55 67 81 97 112 129 45 34 29 34 45 60 75 91 108 125 38 23 15 23 38 54 71 88 105 122 35 18 0 18 35 52 70 87 104 122 38 23 15 23 38 54 71 88 105 122 45 34 29 34 45 60 75 91 108 125 55 46 43 46 55 67 81 97 112 129 67 60 57 60 67 77 90 104 118 134 80 73 71 73 79 88 99 112 126 140 93 87 85 87 92 99 109 121 134 148
69 62 53 107 54 46 33 78 119 77 94 109 95 81 7 20 55 41 74 46 28 62 31 74 60 18 28 80 80 83 55 108 105 81 7 21 58 6 68 43 68 55 46 43 46 55 67 81 97 112 60 45 34 29 33 45 59 75 91 108 54 38 23 15 23 38 54 71 88 105 52 35 18 0 18 35 52 70 87 104 54 38 23 15 23 38 54 71 88 105 60 45 34 29 33 45 59 75 91 108 68 55 46 43 46 55 67 81 97 112 77 67 60 57 59 66 77 89 103 118 88 79 73 71 73 79 88 99 112 125 100 92 87 85 87 91 99 109 121 134
52 74 38 90 37 35 19 80 105 85 106 92 106 65 24 37 48 58 85 57 17 75 21 57 42 12 11 77 65 93 67 91 116 64 20 37 48 13 79 55 82 67 55 46 43 46 55 67 81 96 75 60 45 33 29 33 45 59 75 91 71 54 38 23 15 23 38 54 71 88 70 52 35 18 0 18 35 52 70 87 71 54 38 23 15 23 38 54 71 88 75 60 45 33 29 33 45 59 75 91 82 67 55 46 43 46 55 67 81 96 90 77 67 59 57 59 66 77 89 103 99 88 79 73 71 73 78 87 99 111 110 100 92 87 85 86 91 99 109 120
37 88 26 73 20 31 16 86 92 96 119 76 119 51 42 54 48 74 98 71 21 89 23 40 25 24 9 77 51 105 80 75 128 48 36 54 43 30 92 69 97 82 67 55 46 42 46 55 67 81 91 75 60 45 33 28 33 45 59 75 88 71 54 38 23 14 23 38 54 71 87 70 52 35 18 0 18 35 52 70 88 71 54 38 23 14 23 38 54 71 91 75 60 45 33 28 33 45 59 75 97 82 67 55 46 42 46 55 67 81 104 90 77 66 59 56 59 66 76 89 112 99 88 79 73 70 72 78 87 98 122 110 99 91 86 84 86 91 98 108
25 103 22 56 3 36 28 95 81 109 133 61 133 40 59 71 53 91 112 86 34 104 35 23 8 40 26 81 41 119 95 60 141 32 53 71 44 47 106 84 113 97 81 67 55 46 42 46 54 67 108 91 75 59 45 33 28 33 45 59 105 88 71 54 38 23 14 23 38 54 104 87 70 52 35 18 0 18 35 52 105 88 71 54 38 23 14 23 38 54 108 91 75 59 45 33 28 33 45 59 113 97 81 67 55 46 42 46 54 67 119 104 90 77 66 59 56 59 66 76 126 112 99 88 78 72 70 72 78 87 134 121 109 99 91 86 84 85 90 98
22 118 30 40 16 47 44 105 72 122 148 47 147 34 76 88 63 109 127 102 50 120 51 11 11 57 43 89 36 133 110 46 155 19 71 88 51 65 121 100 129 112 97 81 67 55 46 42 45 54 125 108 91 75 59 45 33 28 33 45 122 105 88 71 54 38 23 14 23 38 122 104 87 70 52 35 18 0 18 35 122 105 88 71 54 38 23 14 23 38 125 108 91 75 59 45 33 28 33 45 129 112 97 81 67 55 46 42 45 54 134 118 104 89 77 66 59 56 58 65 140 126 112 99 87 78 72 70 72 77 148 134 121 109 99 91 85 83 85 90
31 134 44 25 33 61 60 118 66 137 163 37 162 36 93 106 76 126 143 118 67 136 67 18 28 74 60 99 39 148 126 34 170 18 88 105 63 82 137 116 145 129 112 97 81 67 54 45 42 45 142 125 108 91 75 59 45 33 28 33 140 122 105 88 71 54 38 23 14 23 139 122 104 87 70 52 35 18 0 18 140 122 105 88 71 54 38 23 14 23 142 125 108 91 75 59 45 33 28 33 145 129 112 97 81 67 54 45 42 45 150 134 118 103 89 76 66 58 55 58 156 140 126 112 99 87 78 72 69 71 162 148 134 121 109 98 90 85 83 85
45 151 60 16 51 77 77 131 65 152 179 33 178 46 111 123 90 143 158 135 84 152 84 33 45 91 77 110 48 163 142 30 185 30 105 122 77 99 153 133 162 145 129 112 96 81 67 54 45 42 159 142 125 108 91 75 59 45 33 28 157 140 122 105 88 71 54 38 23 14 156 139 122 104 87 70 52 35 18 0 157 140 122 105 88 71 54 38 23 14 159 142 125 108 91 75 59 45 33 28 162 145 129 112 96 81 67 54 45 42 166 150 134 118 103 89 76 65 58 55 171 155 140 125 111 98 87 77 71 69 177 162 148 134 120 108 98 90 85 83
122 38 107 161 107 98 86 81 160 60 60 162 62 127 47 35 86 15 47 59 80 35 75 125 113 71 80 98 126 58 39 162 73 131 56 42 97 59 45 57 58 60 67 77 90 104 119 134 150 166 43 47 55 68 82 97 113 129 145 162 29 34 45 60 75 91 108 125 142 159 15 23 38 54 71 88 105 122 140 157 0 18 35 52 70 87 104 122 139 156 15 23 38 54 71 88 105 122 140 157 29 34 45 60 75 91 108 125 142 159 43 47 55 68 82 97 113 129 145 162 58 60 67 77 90 104 119 134 150 166 72 74 80 88 99 112 126 140 156 171
106 35 91 144 90 83 70 72 144 56 64 146 65 110 31 18 70 4 47 53 65 34 58 108 96 55 63 86 109 58 32 145 77 114 40 30 80 43 43 51 60 57 60 67 77 90 104 118 134 150 47 43 46 55 67 82 97 112 129 145 34 29 34 45 60 75 91 108 125 142 23 15 23 38 54 71 88 105 122 140 18 0 18 35 52 70 87 104 122 139 23 15 23 38 54 71 88 105 122 140 34 29 34 45 60 75 91 108 125 142 47 43 46 55 67 82 97 112 129 145 60 57 60 67 77 90 104 118 134 150 74 72 73 79 88 99 112 126 140 155
90 41 75 127 73 69 55 65 128 58 73 130 73 93 16 8 56 21 53 53 50 41 41 90 79 40 46 75 92 63 35 129 84 97 27 25 64 28 47 50 67 60 57 60 67 77 90 104 118 134 55 46 43 46 55 67 81 97 112 129 45 34 29 34 45 60 75 91 108 125 38 23 15 23 38 54 71 88 105 122 35 18 0 18 35 52 70 87 104 122 38 23 15 23 38 54 71 88 105 122 45 34 29 34 45 60 75 91 108 125 55 46 43 46 55 67 81 97 112 129 67 60 57 60 67 77 90 104 118 134 80 73 71 73 79 88 99 112 126 140
74 52 61 110 57 57 41 64 112 64 84 114 84 76 13 20 43 38 63 58 38 53 24 73 62 29 30 67 75 72 44 113 94 80 21 30 49 17 57 55 77 67 60 57 59 66 77 89 103 118 68 55 46 43 46 55 67 81 97 112 60 45 34 29 33 45 59 75 91 108 54 38 23 15 23 38 54 71 88 105 52 35 18 0 18 35 52 70 87 104 54 38 23 15 23 38 54 71 88 105 60 45 34 29 33 45 59 75 91 108 68 55 46 43 46 55 67 81 97 112 77 67 60 57 59 66 77 89 103 118 88 79 73 71 73 79 88 99 112 125
59 66 48 94 40 48 31 67 97 74 97 98 97 59 27 37 35 56 76 67 31 67 8 56 45 25 15 63 59 83 58 97 106 62 28 43 36 20 70 64 90 77 67 59 57 59 66 77 89 103 82 67 55 46 43 46 55 67 81 96 75 60 45 33 29 33 45 59 75 91 71 54 38 23 15 23 38 54 71 88 70 52 35 18 0 18 35 52 70 87 71 54 38 23 15 23 38 54 71 88 75 60 45 33 29 33 45 59 75 91 82 67 55 46 43 46 55 67 81 96 90 77 67 59 57 59 66 77 89 103 99 88 79 73 71 73 78 87 99 111
47 81 38 77 25 45 29 74 83 87 111 83 110 44 43 54 34 73 90 79 33 82 13 39 30 33 14 63 43 96 73 82 119 45 41 58 29 34 84 77 104 90 77 66 59 56 59 66 76 89 97 82 67 55 46 42 46 55 67 81 91 75 60 45 33 28 33 45 59 75 88 71 54 38 23 14 23 38 54 71 87 70 52 35 18 0 18 35 52 70 88 71 54 38 23 14 23 38 54 71 91 75 60 45 33 28 33 45 59 75 97 82 67 55 46 42 46 55 67 81 104 90 77 66 59 56 59 66 76 89 112 99 88 79 73 70 72 78 87 98
38 97 36 62 16 48 37 84 70 100 126 70 125 29 60 71 41 90 105 93 42 98 30 22 18 46 28 68 29 111 89 68 133 28 57 74 31 50 100 91 119 104 90 77 66 59 56 59 66 76 113 97 81 67 55 46 42 46 54 67 108 91 75 59 45 33 28 33 45 59 105 88 71 54 38 23 14 23 38 54 104 87 70 52 35 18 0 18 35 52 105 88 71 54 38 23 14 23 38 54 108 91 75 59 45 33 28 33 45 59 113 97 81 67 55 46 42 46 54 67 119 104 90 77 66 59 56 59 66 76 126 112 99 88 78 72 70 72 78 87
36 113 41 47 23 57 50 96 60 115 141 58 141 20 77 88 54 107 121 108 56 115 47 6 19 61 44 77 22 126 105 56 148 10 73 91 41 66 116 106 134 118 104 89 77 66 59 56 58 65 129 112 97 81 67 55 46 42 45 54 125 108 91 75 59 45 33 28 33 45 122 105 88 71 54 38 23 14 23 38 122 104 87 70 52 35 18 0 18 35 122 105 88 71 54 38 23 14 23 38 125 108 91 75 59 45 33 28 33 45 129 112 97 81 67 55 46 42 45 54 134 118 104 89 77 66 59 56 58 65 140 126 112 99 87 78 72 70 72 77
41 130 52 35 37 69 65 109 53 131 157 50 156 24 94 106 68 125 137 123 71 132 64 15 32 77 61 88 27 142 122 47 163 8 90 107 55 83 132 121 150 134 118 103 89 76 66 58 55 58 145 129 112 97 81 67 54 45 42 45 142 125 108 91 75 59 45 33 28 33 140 122 105 88 71 54 38 23 14 23 139 122 104 87 70 52 35 18 0 18 140 122 105 88 71 54 38 23 14 23 142 125 108 91 75 59 45 33 28 33 145 129 112 97 81 67 54 45 42 45 150 134 118 103 89 76 66 58 55 58 156 140 126 112 99 87 78 72 69 71
53 147 66 30 53 83 81 124 51 146 173 47 172 37 111 123 84 142 154 139 87 148 82 32 48 94 78 101 40 158 138 44 179 25 107 124 70 100 148 137 166 150 134 118 103 89 76 65 58 55 162 145 129 112 96 81 67 54 45 42 159 142 125 108 91 75 59 45 33 28 157 140 122 105 88 71 54 38 23 14 156 139 122 104 87 70 52 35 18 0 157 140 122 105 88 71 54 38 23 14 159 142 125 108 91 75 59 45 33 28 162 145 129 112 96 81 67 54 45 42 166 150 134 118 103 89 76 65 58 55 171 155 140 125 111 98 87 77 71 69
127 25 112 164 110 105 92 70 156 47 46 167 47 125 53 40 82 20 33 72 87 22 76 126 115 77 83 90 124 44 28 166 59 132 62 52 93 65 31 70 72 74 80 88 99 112 126 140 156 171 58 60 67 77 90 104 119 134 150 166 43 47 55 68 82 97 113 129 145 162 29 34 45 60 75 91 108 125 142 159 15 23 38 54 71 88 105 122 140 157 0 18 35 52 70 87 104 122 139 156 15 23 38 54 71 88 105 122 140 157 29 34 45 60 75 91 108 125 142 159 43 47 55 68 82 97 113 129 145 162 58 60 67 77 90 104 119 134 150 166
111 21 97 147 94 91 77 59 140 42 51 151 52 108 38 28 65 14 33 67 72 20 59 109 99 62 67 76 107 44 18 150 63 115 49 43 76 50 28 65 74 72 73 79 88 99 112 126 140 155 60 57 60 67 77 90 104 118 134 150 47 43 46 55 67 82 97 112 129 145 34 29 34 45 60 75 91 108 125 142 23 15 23 38 54 71 88 105 122 140 18 0 18 35 52 70 87 104 122 139 23 15 23 38 54 71 88 105 122 140 34 29 34 45 60 75 91 108 125 142 47 43 46 55 67 82 97 112 129 145 60 57 60 67 77 90 104 118 134 150
96 30 83 131 78 79 63 52 123 44 62 135 62 91 28 22 49 25 41 67 59 30 42 92 83 50 51 64 89 50 22 134 72 98 39 39 59 37 35 64 80 73 71 73 79 88 99 112 126 140 67 60 57 60 67 77 90 104 118 134 55 46 43 46 55 67 81 97 112 129 45 34 29 34 45 60 75 91 108 125 38 23 15 23 38 54 71 88 105 122 35 18 0 18 35 52 70 87 104 122 38 23 15 23 38 54 71 88 105 122 45 34 29 34 45 60 75 91 108 125 55 46 43 46 55 67 81 97 112 129 67 60 57 60 67 77 90 104 118 134
82 44 70 115 62 68 52 50 107 52 75 120 74 74 26 29 33 41 53 71 50 45 25 75 67 42 37 54 72 61 36 119 83 80 35 43 43 30 48 68 88 79 73 71 73 79 88 99 112 125 77 67 60 57 59 66 77 89 103 118 68 55 46 43 46 55 67 81 97 112 60 45 34 29 33 45 59 75 91 108 54 38 23 15 23 38 54 71 88 105 52 35 18 0 18 35 52 70 87 104 54 38 23 15 23 38 54 71 88 105 60 45 34 29 33 45 59 75 91 108 68 55 46 43 46 55 67 81 97 112 77 67 60 57 59 66 77 89 103 118
69 60 59 99 48 62 44 53 91 64 89 105 88 56 35 42 22 57 68 79 44 61 11 59 52 39 27 49 55 74 51 104 96 63 39 52 27 32 63 76 99 88 79 73 71 73 78 87 99 111 90 77 67 59 57 59 66 77 89 103 82 67 55 46 43 46 55 67 81 96 75 60 45 33 29 33 45 59 75 91 71 54 38 23 15 23 38 54 71 88 70 52 35 18 0 18 35 52 70 87 71 54 38 23 15 23 38 54 71 88 75 60 45 33 29 33 45 59 75 91 82 67 55 46 43 46 55 67 81 96 90 77 67 59 57 59 66 77 89 103
58 76 52 84 36 59 43 62 75 78 104 92 103 39 48 58 21 74 84 89 46 78 15 42 39 44 26 50 38 89 68 90 111 47 50 65 15 42 78 86 112 99 88 79 73 70 72 78 87 98 104 90 77 66 59 56 59 66 76 89 97 82 67 55 46 42 46 55 67 81 91 75 60 45 33 28 33 45 59 75 88 71 54 38 23 14 23 38 54 71 87 70 52 35 18 0 18 35 52 70 88 71 54 38 23 14 23 38 54 71 91 75 60 45 33 28 33 45 59 75 97 82 67 55 46 42 46 55 67 81 104 90 77 66 59 56 59 66 76 89
51 93 50 69 30 62 49 74 61 93 120 79 119 22 64 74 31 91 100 102 53 95 31 28 31 55 36 56 21 105 85 77 126 30 63 80 19 56 95 99 126 112 99 88 78 72 70 72 78 87 119 104 90 77 66 59 56 59 66 76 113 97 81 67 55 46 42 46 54 67 108 91 75 59 45 33 28 33 45 59 105 88 71 54 38 23 14 23 38 54 104 87 70 52 35 18 0 18 35 52 105 88 71 54 38 23 14 23 38 54 108 91 75 59 45 33 28 33 45 59 113 97 81 67 55 46 42 46 54 67 119 104 90 77 66 59 56 59 66 76
49 110 54 57 34 69 59 87 48 109 136 69 135 7 80 91 46 108 117 115 65 112 48 19 32 68 49 66 8 121 102 67 141 16 78 95 33 71 111 113 140 126 112 99 87 78 72 70 72 77 134 118 104 89 77 66 59 56 58 65 129 112 97 81 67 55 46 42 45 54 125 108 91 75 59 45 33 28 33 45 122 105 88 71 54 38 23 14 23 38 122 104 87 70 52 35 18 0 18 35 122 105 88 71 54 38 23 14 23 38 125 108 91 75 59 45 33 28 33 45 129 112 97 81 67 55 46 42 45 54 134 118 104 89 77 66 59 56 58 65
54 127 63 48 45 79 72 102 40 125 153 63 152 15 97 108 63 125 133 130 78 129 65 23 41 83 65 79 18 137 119 60 157 15 94 111 49 87 128 127 156 140 126 112 99 87 78 72 69 71 150 134 118 103 89 76 66 58 55 58 145 129 112 97 81 67 54 45 42 45 142 125 108 91 75 59 45 33 28 33 140 122 105 88 71 54 38 23 14 23 139 122 104 87 70 52 35 18 0 18 140 122 105 88 71 54 38 23 14 23 142 125 108 91 75 59 45 33 28 33 145 129 112 97 81 67 54 45 42 45 150 134 118 103 89 76 66 58 55 58
63 144 74 43 59 91 87 117 38 142 169 60 168 32 113 125 79 143 150 145 93 146 82 36 54 99 81 94 34 153 136 57 174 28 110 128 66 103 145 143 171 155 140 125 111 98 87 77 71 69 166 150 134 118 103 89 76 65 58 55 162 145 129 112 96 81 67 54 45 42 159 142 125 108 91 75 59 45 33 28 157 140 122 105 88 71 54 38 23 14 156 139 122 104 87 70 52 35 18 0 157 140 122 105 88 71 54 38 23 14 159 142 125 108 91 75 59 45 33 28 162 145 129 112 96 81 67 54 45 42 166 150 134 118 103 89 76 65 58 55
133 15 119 168 115 113 99 61 153 35 32 173 33 126 61 50 80 32 20 85 95 13 79 129 120 85 89 83 124 30 22 171 45 134 71 63 92 72 20 83 86 88 93 100 110 122 134 148 162 177 72 74 80 88 99 112 126 140 156 171 58 60 67 77 90 104 119 134 150 166 43 47 55 68 82 97 113 129 145 162 29 34 45 60 75 91 108 125 142 159 15 23 38 54 71 88 105 122 140 157 0 18 35 52 70 87 104 122 139 156 15 23 38 54 71 88 105 122 140 157 29 34 45 60 75 91 108 125 142 159 43 47 55 68 82 97 113 129 145 162
118 8 105 152 99 101 85 48 136 28 40 157 40 108 49 40 62 28 19 81 82 8 62 112 104 72 74 68 106 30 6 156 51 117 60 56 75 59 14 79 88 86 87 92 100 110 121 134 148 162 74 72 73 79 88 99 112 126 140 155 60 57 60 67 77 90 104 118 134 150 47 43 46 55 67 82 97 112 129 145 34 29 34 45 60 75 91 108 125 142 23 15 23 38 54 71 88 105 122 140 18 0 18 35 52 70 87 104 122 139 23 15 23 38 54 71 88 105 122 140 34 29 34 45 60 75 91 108 125 142 47 43 46 55 67 82 97 112 129 145
104 22 92 136 84 90 73 39 119 31 52 142 52 91 41 36 45 35 31 81 71 24 47 96 89 62 60 54 89 39 14 141 61 100 52 53 58 49 25 78 93 87 85 87 92 99 109 121 134 148 80 73 71 73 79 88 99 112 126 140 67 60 57 60 67 77 90 104 118 134 55 46 43 46 55 67 81 97 112 129 45 34 29 34 45 60 75 91 108 125 38 23 15 23 38 54 71 88 105 122 35 18 0 18 35 52 70 87 104 122 38 23 15 23 38 54 71 88 105 122 45 34 29 34 45 60 75 91 108 125 55 46 43 46 55 67 81 97 112 129
91 39 80 121 70 81 64 36 102 42 67 128 66 74 40 41 28 47 47 84 62 41 33 80 74 55 48 42 72 52 31 126 74 84 49 56 40 44 41 81 100 92 87 85 87 91 99 109 121 134 88 79 73 71 73 79 88 99 112 125 77 67 60 57 59 66 77 89 103 118 68 55 46 43 46 55 67 81 97 112 60 45 34 29 33 45 59 75 91 108 54 38 23 15 23 38 54 71 88 105 52 35 18 0 18 35 52 70 87 104 54 38 23 15 23 38 54 71 88 105 60 45 34 29 33 45 59 75 91 108 68 55 46 43 46 55 67 81 97 112
79 57 71 106 57 75 58 41 86 56 83 114 82 57 46 51 11 62 63 91 58 58 24 64 61 53 41 35 55 67 48 112 89 68 52 63 23 46 58 88 110 100 92 87 85 86 91 99 109 120 99 88 79 73 71 73 78 87 99 111 90 77 67 59 57 59 66 77 89 103 82 67 55 46 43 46 55 67 81 96 75 60 45 33 29 33 45 59 75 91 71 54 38 23 15 23 38 54 71 88 70 52 35 18 0 18 35 52 70 87 71 54 38 23 15 23 38 54 71 88 75 60 45 33 29 33 45 59 75 91 82 67 55 46 43 46 55 67 81 96
70 74 65 92 48 73 57 51 69 72 99 101 98 40 57 64 9 78 80 100 59 76 26 50 50 57 40 36 38 83 66 99 104 52 60 74 6 53 75 97 122 110 99 91 86 84 86 91 98 108 112 99 88 79 73 70 72 78 87 98 104 90 77 66 59 56 59 66 76 89 97 82 67 55 46 42 46 55 67 81 91 75 60 45 33 28 33 45 59 75 88 71 54 38 23 14 23 38 54 71 87 70 52 35 18 0 18 35 52 70 88 71 54 38 23 14 23 38 54 71 91 75 60 45 33 28 33 45 59 75 97 82 67 55 46 42 46 55 67 81
64 91 64 79 44 75 61 65 53 88 116 90 114 23 71 79 26 94 97 111 65 93 37 38 45 65 46 45 21 100 83 88 120 38 72 87 13 64 92 108 134 121 109 99 91 86 84 85 90 98 126 112 99 88 78 72 70 72 78 87 119 104 90 77 66 59 56 59 66 76 113 97 81 67 55 46 42 46 54 67 108 91 75 59 45 33 28 33 45 59 105 88 71 54 38 23 14 23 38 54 104 87 70 52 35 18 0 18 35 52 105 88 71 54 38 23 14 23 38 54 108 91 75 59 45 33 28 33 45 59 113 97 81 67 55 46 42 46 54 67
63 108 67 68 47 81 70 80 39 105 132 82 131 9 85 95 43 111 114 124 75 110 52 32 45 77 58 57 7 116 100 79 136 28 85 102 30 78 109 121 148 134 121 109 99 91 85 83 85 90 140 126 112 99 87 78 72 70 72 77 134 118 104 89 77 66 59 56 58 65 129 112 97 81 67 55 46 42 45 54 125 108 91 75 59 45 33 28 33 45 122 105 88 71 54 38 23 14 23 38 122 104 87 70 52 35 18 0 18 35 122 105 88 71 54 38 23 14 23 38 125 108 91 75 59 45 33 28 33 45 129 112 97 81 67 55 46 42 45 54
66 126 74 60 55 90 81 96 27 121 149 76 148 16 101 111 60 128 131 137 87 128 68 35 52 90 71 72 17 133 118 73 153 27 100 117 47 93 126 135 162 148 134 121 109 98 90 85 83 85 156 140 126 112 99 87 78 72 69 71 150 134 118 103 89 76 66 58 55 58 145 129 112 97 81 67 54 45 42 45 142 125 108 91 75 59 45 33 28 33 140 122 105 88 71 54 38 23 14 23 139 122 104 87 70 52 35 18 0 18 140 122 105 88 71 54 38 23 14 23 142 125 108 91 75 59 45 33 28 33 145 129 112 97 81 67 54 45 42 45
74 143 84 57 67 101 94 112 24 138 166 74 165 32 117 128 77 145 148 152 100 145 84 45 63 105 86 87 34 150 135 71 169 36 115 133 64 108 143 149 177 162 148 134 120 108 98 90 85 83 171 155 140 125 111 98 87 77 71 69 166 150 134 118 103 89 76 65 58 55 162 145 129 112 96 81 67 54 45 42 159 142 125 108 91 75 59 45 33 28 157 140 122 105 88 71 54 38 23 14 156 139 122 104 87 70 52 35 18 0 157 140 122 105 88 71 54 38 23 14 159 142 125 108 91 75 59 45 33 28 162 145 129 112 96 81 67 54 45 42
140 16 128 173 121 123 108 54 152 25 18 179 19 127 71 61 80 45 10 99 104 16 84 133 126 94 96 79 125 17 25 178 31 138 82 76 93 82 14 97 100 102 106 112 121 132 144 156 170 184 86 88 93 100 110 122 134 148 162 177 72 74 80 88 99 112 126 140 156 171 58 60 67 77 90 104 119 134 150 166 43 47 55 68 82 97 113 129 145 162 29 34 45 60 75 91 108 125 142 159 15 23 38 54 71 88 105 122 140 157 0 18 35 52 70 87 104 122 139 156 15 23 38 54 71 88 105 122 140 157 29 34 45 60 75 91 108 125 142 159
126 9 114 158 106 112 95 39 135 14 30 164 30 110 61 53 63 42 9 96 92 12 69 117 111 83 82 62 108 17 12 163 39 121 72 69 76 71 4 93 102 100 101 105 112 121 131 143 156 170 88 86 87 92 100 110 121 134 148 162 74 72 73 79 88 99 112 126 140 155 60 57 60 67 77 90 104 118 134 150 47 43 46 55 67 82 97 112 129 145 34 29 34 45 60 75 91 108 125 142 23 15 23 38 54 71 88 105 122 140 18 0 18 35 52 70 87 104 122 139 23 15 23 38 54 71 88 105 122 140 34 29 34 45 60 75 91 108 125 142
113 23 102 143 92 102 85 26 117 20 45 150 44 93 55 51 46 47 26 95 83 26 55 101 96 74 70 46 91 30 18 148 52 105 65 67 59 62 22 92 106 101 99 101 105 112 121 131 143 156 93 87 85 87 92 99 109 121 134 148 80 73 71 73 79 88 99 112 126 140 67 60 57 60 67 77 90 104 118 134 55 46 43 46 55 67 81 97 112 129 45 34 29 34 45 60 75 91 108 125 38 23 15 23 38 54 71 88 105 122 35 18 0 18 35 52 70 87 104 122 38 23 15 23 38 54 71 88 105 122 45 34 29 34 45 60 75 91 108 125
101 40 92 128 79 94 77 22 100 34 62 136 61 77 54 54 29 57 43 98 76 42 44 86 83 69 60 31 74 46 33 134 67 89 63 69 43 58 39 95 112 105 101 99 100 105 111 120 131 143 100 92 87 85 87 91 99 109 121 134 88 79 73 71 73 79 88 99 112 125 77 67 60 57 59 66 77 89 103 118 68 55 46 43 46 55 67 81 97 112 60 45 34 29 33 45 59 75 91 108 54 38 23 15 23 38 54 71 88 105 52 35 18 0 18 35 52 70 87 104 54 38 23 15 23 38 54 71 88 105 60 45 34 29 33 45 59 75 91 108
91 57 84 114 69 89 72 29 83 51 79 123 77 60 59 62 14 69 61 104 72 59 37 72 72 67 54 21 58 63 50 121 83 74 65 76 27 59 56 101 121 112 105 100 99 100 104 111 120 130 110 100 92 87 85 86 91 99 109 120 99 88 79 73 71 73 78 87 99 111 90 77 67 59 57 59 66 77 89 103 82 67 55 46 43 46 55 67 81 96 75 60 45 33 29 33 45 59 75 91 71 54 38 23 15 23 38 54 71 88 70 52 35 18 0 18 35 52 70 87 71 54 38 23 15 23 38 54 71 88 75 60 45 33 29 33 45 59 75 91
83 74 79 101 61 87 71 43 66 68 96 112 94 45 67 73 12 84 78 112 73 76 39 60 63 70 54 23 42 80 67 110 99 60 72 85 15 65 73 109 132 121 112 105 100 98 99 104 110 119 122 110 99 91 86 84 86 91 98 108 112 99 88 79 73 70 72 78 87 98 104 90 77 66 59 56 59 66 76 89 97 82 67 55 46 42 46 55 67 81 91 75 60 45 33 28 33 45 59 75 88 71 54 38 23 14 23 38 54 71 87 70 52 35 18 0 18 35 52 70 88 71 54 38 23 14 23 38 54 71 91 75 60 45 33 28 33 45 59 75
78 91 78 89 58 89 74 59 49 85 113 102 111 31 79 87 27 99 95 122 78 93 47 50 58 77 59 35 28 97 84 100 116 49 82 96 19 74 91 119 144 131 121 111 104 99 98 99 103 110 134 121 109 99 91 86 84 85 90 98 126 112 99 88 78 72 70 72 78 87 119 104 90 77 66 59 56 59 66 76 113 97 81 67 55 46 42 46 54 67 108 91 75 59 45 33 28 33 45 59 105 88 71 54 38 23 14 23 38 54 104 87 70 52 35 18 0 18 35 52 105 88 71 54 38 23 14 23 38 54 108 91 75 59 45 33 28 33 45 59
77 108 80 80 60 93 81 75 32 102 130 94 128 23 93 101 44 115 113 133 86 111 59 46 59 87 68 50 21 114 101 92 133 41 94 110 33 86 108 130 156 143 131 120 111 104 99 97 99 103 148 134 121 109 99 91 85 83 85 90 140 126 112 99 87 78 72 70 72 77 134 118 104 89 77 66 59 56 58 65 129 112 97 81 67 55 46 42 45 54 125 108 91 75 59 45 33 28 33 45 122 105 88 71 54 38 23 14 23 38 122 104 87 70 52 35 18 0 18 35 122 105 88 71 54 38 23 14 23 38 125 108 91 75 59 45 33 28 33 45
80 126 86 73 66 101 91 92 16 119 147 89 146 26 107 116 61 131 130 146 96 128 74 48 64 99 80 66 26 131 118 86 149 41 107 124 49 100 125 143 170 156 143 131 120 110 103 99 97 98 162 148 134 121 109 98 90 85 83 85 156 140 126 112 99 87 78 72 69 71 150 134 118 103 89 76 66 58 55 58 145 129 112 97 81 67 54 45 42 45 142 125 108 91 75 59 45 33 28 33 140 122 105 88 71 54 38 23 14 23 139 122 104 87 70 52 35 18 0 18 140 122 105 88 71 54 38 23 14 23 142 125 108 91 75 59 45 33 28 33
86 143 95 71 76 111 103 109 11 136 164 88 163 38 122 132 78 148 147 159 109 145 89 55 73 112 93 83 39 148 135 85 166 47 122 139 66 114 143 157 184 170 156 143 130 119 110 103 98 96 177 162 148 134 120 108 98 90 85 83 171 155 140 125 111 98 87 77 71 69 166 150 134 118 103 89 76 65 58 55 162 145 129 112 96 81 67 54 45 42 159 142 125 108 91 75 59 45 33 28 157 140 122 105 88 71 54 38 23 14 156 139 122 104 87 70 52 35 18 0 157 140 122 105 88 71 54 38 23 14 159 142 125 108 91 75 59 45 33 28
149 27 137 180 129 134 118 50 152 21 8 186 7 130 82 73 83 58 15 113 114 27 91 139 133 105 104 76 128 9 34 185 17 142 93 89 97 92 21 110 115 116 119 125 133 143 154 166 179 192 100 102 106 112 121 132 144 156 170 184 86 88 93 100 110 122 134 148 162 177 72 74 80 88 99 112 126 140 156 171 58 60 67 77 90 104 119 134 150 166 43 47 55 68 82 97 113 129 145 162 29 34 45 60 75 91 108 125 142 159 15 23 38 54 71 88 105 122 140 157 0 18 35 52 70 87 104 122 139 156 15 23 38 54 71 88 105 122 140 157
135 23 124 165 115 123 106 33 134 4 25 172 24 114 74 67 67 57 15 110 104 25 77 123 119 95 92 59 112 9 26 171 30 126 85 83 80 83 16 107 116 114 115 119 125 133 142 153 165 178 102 100 101 105 112 121 131 143 156 170 88 86 87 92 100 110 121 134 148 162 74 72 73 79 88 99 112 126 140 155 60 57 60 67 77 90 104 118 134 150 47 43 46 55 67 82 97 112 129 145 34 29 34 45 60 75 91 108 125 142 23 15 23 38 54 71 88 105 122 140 18 0 18 35 52 70 87 104 122 139 23 15 23 38 54 71 88 105 122 140
123 31 113 150 102 114 97 17 117 15 42 159 41 98 69 65 51 60 29 109 95 34 65 108 105 87 81 42 95 27 29 157 45 111 79 81 64 76 26 106 119 115 114 115 118 124 132 142 153 165 106 101 99 101 105 112 121 131 143 156 93 87 85 87 92 99 109 121 134 148 80 73 71 73 79 88 99 112 126 140 67 60 57 60 67 77 90 104 118 134 55 46 43 46 55 67 81 97 112 129 45 34 29 34 45 60 75 91 108 125 38 23 15 23 38 54 71 88 105 122 35 18 0 18 35 52 70 87 104 122 38 23 15 23 38 54 71 88 105 122
112 45 104 136 90 107 90 8 100 32 60 146 58 82 68 67 36 68 45 112 89 47 56 94 93 83 73 25 79 44 40 144 62 96 77 83 49 72 42 109 125 119 115 113 114 118 124 132 141 152 112 105 101 99 100 105 111 120 131 143 100 92 87 85 87 91 99 109 121 134 88 79 73 71 73 79 88 99 112 125 77 67 60 57 59 66 77 89 103 118 68 55 46 43 46 55 67 81 97 112 60 45 34 29 33 45 59 75 91 108 54 38 23 15 23 38 54 71 88 105 52 35 18 0 18 35 52 70 87 104 54 38 23 15 23 38 54 71 88 105
103 60 97 123 81 103 86 22 82 49 77 134 75 67 72 74 26 79 62 117 86 63 51 82 83 81 68 9 64 61 54 132 79 82 79 88 36 73 58 114 133 125 118 114 113 114 117 123 131 141 121 112 105 100 99 100 104 111 120 130 110 100 92 87 85 86 91 99 109 120 99 88 79 73 71 73 78 87 99 111 90 77 67 59 57 59 66 77 89 103 82 67 55 46 43 46 55 67 81 96 75 60 45 33 29 33 45 59 75 91 71 54 38 23 15 23 38 54 71 88 70 52 35 18 0 18 35 52 70 87 71 54 38 23 15 23 38 54 71 88
96 77 93 111 74 101 85 38 65 66 94 123 93 53 79 83 25 92 79 124 87 79 52 71 76 84 68 13 50 78 70 121 96 70 85 96 29 78 75 121 143 133 124 118 114 112 113 117 123 131 132 121 112 105 100 98 99 104 110 119 122 110 99 91 86 84 86 91 98 108 112 99 88 79 73 70 72 78 87 98 104 90 77 66 59 56 59 66 76 89 97 82 67 55 46 42 46 55 67 81 91 75 60 45 33 28 33 45 59 75 88 71 54 38 23 14 23 38 54 71 87 70 52 35 18 0 18 35 52 70 88 71 54 38 23 14 23 38 54 71
92 93 91 101 72 102 88 55 48 84 112 114 110 42 89 95 34 106 96 133 91 96 59 63 72 90 71 29 39 96 87 112 113 61 93 107 31 86 92 130 154 142 132 124 117 113 112 113 116 122 144 131 121 111 104 99 98 99 103 110 134 121 109 99 91 86 84 85 90 98 126 112 99 88 78 72 70 72 78 87 119 104 90 77 66 59 56 59 66 76 113 97 81 67 55 46 42 46 54 67 108 91 75 59 45 33 28 33 45 59 105 88 71 54 38 23 14 23 38 54 104 87 70 52 35 18 0 18 35 52 105 88 71 54 38 23 14 23 38 54
91 110 93 92 73 106 94 73 31 101 129 107 127 36 101 109 48 121 113 143 98 113 69 60 72 98 79 47 34 113 103 104 130 55 104 119 41 96 109 141 166 153 142 132 123 117 113 111 112 116 156 143 131 120 111 104 99 97 99 103 148 134 121 109 99 91 85 83 85 90 140 126 112 99 87 78 72 70 72 77 134 118 104 89 77 66 59 56 58 65 129 112 97 81 67 55 46 42 45 54 125 108 91 75 59 45 33 28 33 45 122 105 88 71 54 38 23 14 23 38 122 104 87 70 52 35 18 0 18 35 122 105 88 71 54 38 23 14 23 38
93 127 99 87 79 113 102 90 14 118 146 103 144 39 115 123 64 136 130 155 107 130 82 61 76 109 89 64 38 130 120 100 147 54 116 132 55 108 126 152 179 165 153 141 131 123 116 112 110 112 170 156 143 131 120 110 103 99 97 98 162 148 134 121 109 98 90 85 83 85 156 140 126 112 99 87 78 72 69 71 150 134 118 103 89 76 66 58 55 58 145 129 112 97 81 67 54 45 42 45 142 125 108 91 75 59 45 33 28 33 140 122 105 88 71 54 38 23 14 23 139 122 104 87 70 52 35 18 0 18 140 122 105 88 71 54 38 23 14 23
98 144 106 85 87 122 113 107 7 136 164 101 162 48 129 138 81 152 148 168 118 147 96 67 84 121 102 81 47 148 137 98 165 59 129 146 70 122 143 165 192 178 165 152 141 131 122 116 112 110 184 170 156 143 130 119 110 103 98 96 177 162 148 134 120 108 98 90 85 83 171 155 140 125 111 98 87 77 71 69 166 150 134 118 103 89 76 65 58 55 162 145 129 112 96 81 67 54 45 42 159 142 125 108 91 75 59 45 33 28 157 140 122 105 88 71 54 38 23 14 156 139 122 104 87 70 52 35 18 0 157 140 122 105 88 71 54 38 23 14
158 39 147 187 137 145 128 50 153 26 15 195 12 135 94 86 88 72 28 127 125 40 100 145 141 116 114 76 133 17 45 193 8 148 105 102 102 104 33 124 129 130 133 138 145 154 164 176 188 201 115 116 119 125 133 143 154 166 179 192 100 102 106 112 121 132 144 156 170 184 86 88 93 100 110 122 134 148 162 177 72 74 80 88 99 112 126 140 156 171 58 60 67 77 90 104 119 134 150 166 43 47 55 68 82 97 113 129 145 162 29 34 45 60 75 91 108 125 142 159 15 23 38 54 71 88 105 122 140 157 0 18 35 52 70 87 104 122 139 156
145 37 135 172 124 135 118 33 135 16 28 181 26 119 87 81 73 71 28 124 116 39 87 131 128 107 103 59 117 18 40 179 26 133 98 97 86 95 30 121 130 128 129 132 138 145 154 164 175 187 116 114 115 119 125 133 142 153 165 178 102 100 101 105 112 121 131 143 156 170 88 86 87 92 100 110 121 134 148 162 74 72 73 79 88 99 112 126 140 155 60 57 60 67 77 90 104 118 134 150 47 43 46 55 67 82 97 112 129 145 34 29 34 45 60 75 91 108 125 142 23 15 23 38 54 71 88 105 122 140 18 0 18 35 52 70 87 104 122 139
134 43 125 158 112 127 109 17 118 21 44 168 42 104 83 79 59 74 37 123 108 45 77 117 115 101 93 42 101 30 42 166 43 118 93 95 71 89 36 120 133 129 128 129 132 137 144 153 163 175 119 115 114 115 118 124 132 142 153 165 106 101 99 101 105 112 121 131 143 156 93 87 85 87 92 99 109 121 134 148 80 73 71 73 79 88 99 112 126 140 67 60 57 60 67 77 90 104 118 134 55 46 43 46 55 67 81 97 112 129 45 34 29 34 45 60 75 91 108 125 38 23 15 23 38 54 71 88 105 122 35 18 0 18 35 52 70 87 104 122
124 53 117 145 102 120 103 8 101 35 61 156 59 89 82 81 47 80 50 125 103 56 69 104 105 96 86 25 86 46 50 154 60 105 91 97 58 86 49 122 138 132 129 127 128 131 137 144 153 163 125 119 115 113 114 118 124 132 141 152 112 105 101 99 100 105 111 120 131 143 100 92 87 85 87 91 99 109 121 134 88 79 73 71 73 79 88 99 112 125 77 67 60 57 59 66 77 89 103 118 68 55 46 43 46 55 67 81 97 112 60 45 34 29 33 45 59 75 91 108 54 38 23 15 23 38 54 71 88 105 52 35 18 0 18 35 52 70 87 104
115 67 110 133 94 116 99 22 84 51 78 145 76 75 85 86 39 89 66 130 100 70 65 92 96 95 82 11 73 63 62 142 77 92 93 101 48 87 63 127 145 138 132 128 127 127 131 136 143 152 133 125 118 114 113 114 117 123 131 141 121 112 105 100 99 100 104 111 120 130 110 100 92 87 85 86 91 99 109 120 99 88 79 73 71 73 78 87 99 111 90 77 67 59 57 59 66 77 89 103 82 67 55 46 43 46 55 67 81 96 75 60 45 33 29 33 45 59 75 91 71 54 38 23 15 23 38 54 71 88 70 52 35 18 0 18 35 52 70 87
109 82 106 122 88 115 99 38 68 68 95 135 93 63 91 95 38 101 82 136 101 85 66 83 89 97 81 14 61 80 76 132 95 81 97 108 43 91 79 133 154 145 137 131 127 126 127 130 135 143 143 133 124 118 114 112 113 117 123 131 132 121 112 105 100 98 99 104 110 119 122 110 99 91 86 84 86 91 98 108 112 99 88 79 73 70 72 78 87 98 104 90 77 66 59 56 59 66 76 89 97 82 67 55 46 42 46 55 67 81 91 75 60 45 33 28 33 45 59 75 88 71 54 38 23 14 23 38 54 71 87 70 52 35 18 0 18 35 52 70
105 98 105 113 86 116 101 55 51 85 112 127 110 54 100 105 45 114 99 144 104 100 71 76 86 102 85 30 52 97 92 124 112 73 105 118 44 98 95 141 164 154 144 137 131 127 125 126 130 135 154 142 132 124 117 113 112 113 116 122 144 131 121 111 104 99 98 99 103 110 134 121 109 99 91 86 84 85 90 98 126 112 99 88 78 72 70 72 78 87 119 104 90 77 66 59 56 59 66 76 113 97 81 67 55 46 42 46 54 67 108 91 75 59 45 33 28 33 45 59 105 88 71 54 38 23 14 23 38 54 104 87 70 52 35 18 0 18 35 52
104 114 107 105 87 120 106 73 35 102 130 121 128 50 111 117 57 128 115 154 110 116 80 74 86 110 91 47 48 114 108 118 129 69 114 128 51 107 112 151 176 164 153 144 136 130 126 125 126 129 166 153 142 132 123 117 113 111 112 116 156 143 131 120 111 104 99 97 99 103 148 134 121 109 99 91 85 83 85 90 140 126 112 99 87 78 72 70 72 77 134 118 104 89 77 66 59 56 58 65 129 112 97 81 67 55 46 42 45 54 125 108 91 75 59 45 33 28 33 45 122 105 88 71 54 38 23 14 23 38 122 104 87 70 52 35 18 0 18 35
106 130 111 100 91 126 114 90 22 119 147 117 145 52 123 131 70 143 132 165 118 133 91 75 89 119 100 64 50 131 124 114 147 68 126 141 63 118 129 162 188 175 163 153 143 135 130 126 124 125 179 165 153 141 131 123 116 112 110 112 170 156 143 131 120 110 103 99 97 98 162 148 134 121 109 98 90 85 83 85 156 140 126 112 99 87 78 72 69 71 150 134 118 103 89 76 66 58 55 58 145 129 112 97 81 67 54 45 42 45 142 125 108 91 75 59 45 33 28 33 140 122 105 88 71 54 38 23 14 23 139 122 104 87 70 52 35 18 0 18
111 147 118 98 99 134 123 107 19 136 164 115 162 59 137 145 86 158 149 177 128 150 104 79 96 131 111 81 58 148 140 112 164 72 138 154 77 130 146 174 201 187 175 163 152 143 135 129 125 124 192 178 165 152 141 131 122 116 112 110 184 170 156 143 130 119 110 103 98 96 177 162 148 134 120 108 98 90 85 83 171 155 140 125 111 98 87 77 71 69 166 150 134 118 103 89 76 65 58 55 162 145 129 112 96 81 67 54 45 42 159 142 125 108 91 75 59 45 33 28 157 140 122 105 88 71 54 38 23 14 156 139 122 104 87 70 52 35 18 0
