0.0 17.827708341422714 50.312569607330666 9.39852195139783 61.18491282980258 39.65521114158419 19.56575398322471 8.602253441000766 13.182060033163838 14.118982333940107 36.33931965893018 14.885554829210088 45.926539444422836 22.60645138977089 37.120918863851536 37.813921122921435 19.477634972397812 41.08126652288763 13.643678176217936 30.210617247122762 7.140499036225297 22.454309197865893 49.72673170315999 3.814803506550015 59.30127216520233 17.51717161289108 21.50039989810466 34.148378264505695 29.50338866844938 18.898515813585053 33.85875153953704 14.444764120933346 21.662685931981006 17.8262915112803 40.01103581387195 45.37661113182984 12.515648632397017 33.95737575496003 30.648750719803587 30.693894696606915 11.439823041637844 18.00275808876029 7.124331959300717 25.252823997995243 40.14883149322315 30.644024114396156 50.955362461903306 20.098519225978247 16.784688981318798
17.827708341422714 0.0 34.375721926076 12.856475258120485 51.305118009255196 57.45682010320356 12.660873036552411 10.21502912553984 24.558868400950427 21.66576301229484 24.968275048538036 31.371661039631086 54.150228901071856 13.770873998504385 49.52891114444829 47.76048181356622 10.816739332656805 51.35210934937336 15.710423074029217 22.054072211162428 22.67006824455152 6.401759382708446 34.01602731503294 14.608865632619116 48.331490155408616 34.20124155282658 10.207853519566727 26.869961404539353 15.759407700251817 18.869553769753246 21.90978908904072 30.327196761296673 30.81547950540846 16.24783846935594 52.187719388004716 55.57054819222336 12.156402203407001 42.68299241303787 19.7159677583296 21.59711787174143 25.330967377256336 34.94722375186705 24.501787441285103 22.282271163202346 54.56026030958686 44.793057434490684 55.43158412667475 11.153008043688311 7.537462905524148
50.312569607330666 34.375721926076 0.0 47.225807622667936 28.468677386243264 87.80268373532692 32.21005471090572 44.299943615730356 50.22515514818538 55.918956337808794 18.74069862217639 64.96989130530747 87.10242594670596 29.232388669154354 83.81901710678473 81.54156073303596 42.25989772630712 85.1535429324334 40.16414156021524 47.98440428703487 56.39793499621812 28.346882979405933 1.23439759934092 47.984098471203424 23.760270900394183 67.71574566061294 29.053717555624047 26.65216869276146 21.083733566445808 51.66842665093312 19.192645918362746 64.16962403449143 64.90547814766683 36.574033934352656 86.4256165579293 89.26619263087818 46.339644475384 76.22941641780885 22.410024155039494 46.650278041029274 52.86232554927168 68.28528131465525 57.43081899146112 52.64035924223794 88.91517349394607 79.14536963488081 86.17903720438231 42.19145307919889 40.6419433172109
9.39852195139783 12.856475258120485 47.225807622667936 0.0 62.405578876102275 47.21495945110582 20.691120804536 3.769492601769977 21.718951905042733 9.268125079569392 36.32455605237144 19.295218847083685 42.6391526825139 23.175673006616517 36.816038627430494 35.58748998967893 10.390574636644974 39.126905338566104 18.121460039602525 20.822700622035057 10.846059691829558 19.001605094670097 46.84866409793148 5.799583786841001 59.86534208241646 22.13437063363855 20.66549759240999 36.246383792484586 27.85247143685435 10.347824330073369 33.43719548881027 18.003001765243038 18.50457677423661 21.31405046947891 39.5282167481328 43.40790654281887 3.124158540878382 30.816982427420456 30.687281445000533 21.295929538587387 20.592084031876503 23.037060048736155 13.740039915219121 16.376490349058958 41.70425402355646 31.93790389007684 45.62272491242769 10.992621868530131 8.48339904318861
61.18491282980258 51.305118009255196 28.468677386243264 62.405578876102275 0.0 90.82792753008499 42.039796595994005 58.72353629772541 54.628275150572286 71.65885062394632 26.33862925160803 75.60514780851645 105.0124505208255 39.296974874833595 98.17807876325728 97.89538420541156 61.709706854834046 101.38121277118908 47.75772011631691 70.72933941417097 68.28824873929344 45.11566917223751 27.493098631860793 60.511806850177564 4.801502331082691 77.8895570318106 41.81174096993071 27.092870524283832 35.71851537673517 70.16282066666903 29.398956042311998 75.49041298239516 80.84661693976658 43.46005729597358 101.03625671636414 105.6875840831348 62.880440361866164 93.22226678004789 31.786218142008458 69.68421367977848 58.10765485417164 78.01812164169017 67.7133622359431 73.19640615821562 101.1973825761544 91.81124938420211 106.72011835902556 61.89277989589047 58.81250464371341
39.65521114158419 57.45682010320356 87.80268373532692 47.21495945110582 90.82792753008499 0.0 55.59520984634699 47.95954295661086 37.84956788839224 44.164239722748675 70.91737784173715 29.134455360505235 52.782787574466546 58.5778492543762 37.77160698318712 44.69790747846406 57.40233076725942 45.27451953629805 47.64118717718115 65.18965111381793 36.492557750036696 61.52134666201852 87.0124986638902 43.135710456027844 90.55011252662545 26.716088086239658 59.01402912819033 65.51594812270159 66.78957941606662 52.1875136796256 69.29841701351937 30.926559052158467 42.31398563398768 51.38555872502922 39.46525750059006 47.57454528738214 49.98335029807376 45.984206509987345 65.90498817348706 66.22003156047501 34.97222989442224 25.507443490789043 33.525250197954314 57.803950031119825 31.6497715339696 31.03251251557991 63.8708887824641 57.9637159951168 55.63692240303389
19.56575398322471 12.660873036552411 32.21005471090572 20.691120804536 42.039796595994005 55.59520984634699 0.0 16.931020964039824 18.288165335905013 29.82350333576036 16.777718221402186 34.402366808761606 63.26754419386786 3.104653740674445 56.19671024681557 55.907792727113836 23.10690766879287 59.36986717331499 7.981950379080762 34.69272656278945 26.502445185288042 10.04626003731399 31.43871559924355 18.493971550045053 39.87629786331002 36.942119148909555 4.407454102122234 15.555480076540954 11.240426112442892 29.680274580745788 14.397054796914292 34.009289442086455 38.91524124349041 5.172012943236137 59.038447640529526 63.680642839995585 21.743429370578568 51.36753237565728 11.111565715208632 34.25783415816597 20.694395324452287 37.299287122388435 26.509944991875155 34.17635998592923 59.68629847515977 50.10885510797826 66.10825628372643 23.53119161589844 19.448279371777943
8.602253441000766 10.21502912553984 44.299943615730356 3.769492601769977 58.72353629772541 47.95954295661086 16.931020964039824 0.0 19.36514626756547 12.94021847105978 32.726004289228 21.166467308759856 46.36506431114147 19.45592970705003 40.14834820987798 39.20230949755002 11.259661401158779 42.71993830116804 14.604899000201076 22.784779022085853 12.467184544823235 15.95496763246645 43.86294144405352 4.863951210592592 56.247818350367154 24.001042617237854 17.07135835388872 32.48467903347355 24.470832377568275 13.677670453827982 29.88134482243578 20.113830596397023 22.13035779631546 17.619406596188764 42.9040845840016 47.01343629773943 5.635666108585261 34.50934664355957 27.058255127126696 23.032016485079183 18.777130870071613 24.772017158998565 14.562768472273193 19.33433584965618 44.66856053218517 34.90443313935646 49.37260950226254 11.882766654718004 8.2371550943157
13.182060033163838 24.558868400950427 50.22515514818538 21.718951905042733 54.628275150572286 37.84956788839224 18.288165335905013 19.36514626756547 0.0 27.229821251325316 33.07414223223516 22.919832392225263 57.56052669222659 21.078803355807267 46.888423037212696 48.98491541808246 30.48126412246716 51.96079932781407 10.412928642502521 42.1479888401355 18.696184705683315 26.24163974166716 49.37531871037436 16.01765670742239 53.68332583334237 24.577499863105764 22.24430010915569 28.132231459575827 29.49287029481648 31.831594488289866 31.475464036751166 23.500926422827035 34.01335730529358 13.651575116800318 49.79439444258367 56.14111354905889 24.618941990376026 45.8000501687367 28.090110285631507 42.38517155817133 3.5565329903929532 24.385764769087096 16.079763079943216 38.058009534168875 47.990904679148926 39.39967544209966 63.58038845771371 31.094373126962864 27.05309146727177
14.118982333940107 21.66576301229484 55.918956337808794 9.268125079569392 71.65885062394632 44.164239722748675 29.82350333576036 12.94021847105978 27.229821251325316 0.0 45.59167331109439 15.034085206431161 33.444043082891596 32.395328003786766 27.900317914225933 26.325850720193618 15.304170087020385 29.8748771193042 26.300843455061212 21.025739946067844 9.81390824727103 27.992500346343366 55.61391207843377 12.367895742160147 69.13332291983835 17.512616452849613 29.933444119625044 45.35349093760545 37.035171175972245 8.034582292313063 42.696566746322965 13.24190929843904 9.246985775022527 29.92883035962715 30.529721468639078 34.148515539665 9.579618508617635 21.56913547808572 39.95478484309575 22.08201669266882 25.06063212469196 18.685348249455657 13.620635873918623 13.851446862117136 33.47160493357312 23.83172163672514 37.15867101878395 15.695270358610893 15.539287837959714
36.33931965893018 24.968275048538036 18.74069862217639 36.32455605237144 26.33862925160803 70.91737784173715 16.777718221402186 32.726004289228 33.07414223223516 45.59167331109439 0.0 51.17861084656446 78.80386320789434 13.740344068010232 72.68497555157153 71.90984341083754 35.455579764439726 75.43993936859077 23.934556361927275 45.07643674503116 43.22384112781816 18.83305850028334 17.64945479572566 35.053011478288546 23.545903212032787 53.704150992170916 15.661021977524383 8.168918337127382 9.573708990687349 43.82438375926512 3.102813272378887 50.77905478690227 54.82732493780751 19.78905146430054 75.49170734031539 79.72768374040483 36.6160350873868 67.0984981951856 5.724035923873405 44.165979930700466 36.1135167610863 54.035641212352914 43.2796106699713 46.976250346630856 76.42775729198652 66.81096587848057 80.39371793490301 35.667382354870526 32.48377064695299
14.885554829210088 31.371661039631086 64.96989130530747 19.295218847083685 75.60514780851645 29.134455360505235 34.402366808761606 21.166467308759856 22.919832392225263 15.034085206431161 51.17861084656446 0.0 35.60437100839662 37.464841429413745 23.98087582124029 26.72284389453617 28.86247131719664 29.414473045956537 27.853294966207056 36.05681206066578 8.701593315375678 36.77566567179318 64.43147712286938 17.00952670529509 73.93496572687987 2.8452171014726355 36.353610290441935 48.51307305383484 44.32752511636508 23.053101800909815 48.73583752701247 1.88138298942753 15.268332525226285 32.160690640740036 26.882087313423433 33.47944173792277 21.64043281040306 24.51925063322103 45.5060564774258 37.088110229874864 19.523290300941103 3.7936157839891305 7.924053859177828 28.767355115390078 25.614768875827526 16.552092789112162 43.388848920384724 29.380114090972633 27.715918675934567
45.926539444422836 54.150228901071856 87.10242594670596 42.6391526825139 105.0124505208255 52.782787574466546 63.26754419386786 46.36506431114147 57.56052669222659 33.444043082891596 78.80386320789434 35.60437100839662 0.0 65.81409448913944 15.012597859921653 8.991680908159376 44.88269840253288 7.5087560127459945 59.259454454234636 41.289111306964 39.14442784064513 60.54223242412466 87.00385235434376 45.351239420369076 102.3336314404273 35.1500081420719 63.2067350217934 78.79164463401443 69.88771402359583 35.57089040759898 75.83573916642389 34.502029305617256 24.474599935322477 63.134398695316406 13.567611017660221 6.4788405312550985 42.19697903968833 11.994091466747053 73.24085149298753 42.8374086725521 54.47359606819144 35.99718656661725 41.48447584060039 34.836840980471244 22.292172173591506 22.46069369778666 12.026991063310694 44.92224022221347 46.950435113320005
22.60645138977089 13.770873998504385 29.232388669154354 23.175673006616517 39.296974874833595 58.5778492543762 3.104653740674445 19.45592970705003 21.078803355807267 32.395328003786766 13.740344068010232 37.464841429413745 65.81409448913944 0.0 59.068305438414214 58.598523633440955 24.530810484170498 62.086109358406006 10.937245949437546 35.73501713853587 29.488281506459362 9.689087969715233 28.434874243584172 21.375517522746062 36.993102162999534 40.02020181074238 3.7681550833610244 13.317308277198379 8.448933468518375 31.71722388146252 11.299598313386122 37.04147889599427 41.55714452669368 7.5378067441510055 61.89634563926871 66.39142361776271 23.95769952245335 53.96411075834896 8.04261533625877 35.176080127053375 23.63030218173816 40.388484962157214 29.583848364125036 35.85322018051405 62.6894928939715 53.08436558994484 68.29934519880707 24.899443216174923 21.018162611699296
37.120918863851536 49.52891114444829 83.81901710678473 36.816038627430494 98.17807876325728 37.77160698318712 56.19671024681557 40.14834820987798 46.888423037212696 27.900317914225933 72.68497555157153 23.98087582124029 15.012597859921653 59.068305438414214 0.0 7.604473360548389 42.3890997956265 7.5038503681926 50.75100877595342 42.97921403417032 29.98045149075174 55.79595516264148 83.51179410510065 37.704476377639 96.05869726269385 22.68471328418665 57.12457101897422 71.22941576693282 64.61381339627718 33.187892401578075 69.93465999808912 23.455332613249666 19.0832039631514 54.945803015694885 2.914406182526494 10.39414229348678 37.47937571517799 11.582349113537378 66.96799331082111 44.47908138544081 43.504076725852066 23.236529576233455 31.225021015734736 35.21073575779644 8.685238364302084 8.149850051589384 26.362233185387893 42.63467509301666 43.30905610192255
37.813921122921435 47.76048181356622 81.54156073303596 35.58748998967893 97.89538420541156 44.69790747846406 55.907792727113836 39.20230949755002 48.98491541808246 26.325850720193618 71.90984341083754 26.72284389453617 8.991680908159376 58.598523633440955 7.604473360548389 0.0 39.402689392028094 3.6121047865405833 51.34447321663067 38.07508365538451 30.848038474702566 54.149914309916184 81.34075354155662 37.62693511752158 95.44518275874267 26.177366129704517 56.24899773305517 71.31192853596413 63.31864542336584 29.97154587557896 69.02221063439931 25.704080347254457 17.082957713636052 55.35335824225023 7.800780500585247 7.8243725788647795 35.6151707065997 5.581333417427333 66.25779547288872 39.61727939806773 45.813950794378215 27.010943478178277 32.91793001437294 30.720791908249645 16.1750534336234 13.83240155450575 19.173026792401973 39.54737078930807 40.93581029203826
19.477634972397812 10.816739332656805 42.25989772630712 10.390574636644974 61.709706854834046 57.40233076725942 23.10690766879287 11.259661401158779 30.48126412246716 15.304170087020385 35.455579764439726 28.86247131719664 44.88269840253288 24.530810484170498 42.3890997956265 39.402689392028094 0.0 43.01098730426657 24.057171292322113 12.050350361178884 20.90977322718803 16.62297325346304 42.13204444060546 15.676395361039454 58.51379758685908 31.63216921482539 21.02164806031831 37.686138961694006 25.99133008786546 9.43524626980948 32.36094140340033 27.336681431850806 23.31476021170496 25.837486894200698 44.80679296469982 47.06412786071012 7.43632349132126 34.01462570769214 30.402397559067953 12.027456665112288 30.0358105612363 32.65595464810818 24.067085816463695 11.532412344922014 48.58913264111781 39.05427261772607 45.096100557599954 0.6243480111988599 3.780636240962378
41.08126652288763 51.35210934937336 85.1535429324334 39.126905338566104 101.38121277118908 45.27451953629805 59.36986717331499 42.71993830116804 51.96079932781407 29.8748771193042 75.43993936859077 29.414473045956537 7.5087560127459945 62.086109358406006 7.5038503681926 3.6121047865405833 43.01098730426657 0.0 54.661646104698 41.47698546298472 34.05197006879183 57.73835204189514 84.95191353008778 41.02798781082564 98.967751751984 28.61549307784262 59.77929658067216 74.73539887549593 66.88916969101263 33.578584538208794 72.56404985688745 28.532886329298535 20.627891344281675 58.70928845427373 6.3147005458414975 4.314355769315174 39.202464168788005 9.099662150060642 69.77817587471904 43.02417623058572 48.72368805037163 29.353712459005198 35.943444406073894 34.21853433572038 15.155272686303377 15.136044915659907 19.069276846103342 43.15283390342122 44.54550600417199
13.643678176217936 15.710423074029217 40.16414156021524 18.121460039602525 47.75772011631691 47.64118717718115 7.981950379080762 14.604899000201076 10.412928642502521 26.300843455061212 23.934556361927275 27.853294966207056 59.259454454234636 10.937245949437546 50.75100877595342 51.34447321663067 24.057171292322113 54.661646104698 0.0 36.10740870071182 20.77843086608104 16.126200359108783 39.37204121359738 13.979235835593371 46.12472066838264 30.193470382955045 11.831413137380851 20.665206049830786 19.221264011087143 28.282431047766533 21.91373798439357 27.747991752071485 34.809557969223555 4.312933937506173 53.645547045172016 58.965923416458324 20.201788812096193 47.26536302777232 18.526767730175493 36.012182842988175 12.713315471377026 30.399729047884016 19.955660072588554 33.78401921643515 53.44000872555812 44.101009080877425 63.4229086586276 24.608146290183033 20.300990915020424
30.210617247122762 22.054072211162428 47.98440428703487 20.822700622035057 70.72933941417097 65.18965111381793 34.69272656278945 22.784779022085853 42.1479888401355 21.025739946067844 45.07643674503116 36.05681206066578 41.289111306964 35.73501713853587 42.97921403417032 38.07508365538451 12.050350361178884 41.47698546298472 36.10740870071182 0.0 29.61824845473501 26.79843297288703 48.14499917774654 26.59265571094818 67.10240753855021 38.52120818046295 32.04569485383176 48.48128832055531 35.519362232762106 13.007983595406142 41.99464278612082 34.266812026250214 25.435959108563736 37.77870784454474 44.861366753409236 44.98620508653292 17.731800681569535 32.50785322410034 40.596726669691066 1.5539293310374198 41.34908099803268 39.70495499273344 33.27627075774649 7.996669090818947 50.54005942563529 41.893933699647256 38.431123068571054 11.503359710903645 15.813645002445964
7.140499036225297 22.67006824455152 56.39793499621812 10.846059691829558 68.28824873929344 36.492557750036696 26.502445185288042 12.467184544823235 18.696184705683315 9.81390824727103 43.22384112781816 8.701593315375678 39.14442784064513 29.488281506459362 29.98045149075174 30.848038474702566 20.90977322718803 34.05197006879183 20.77843086608104 29.61824845473501 0.0 28.131864992937174 55.88874610667566 8.425816569667386 66.33735958355891 11.533884809473207 28.046451191216256 41.27455798477377 35.937204848872426 16.899815194701606 40.64695196301824 7.77232250195642 15.318623244491668 24.965967898827426 32.87075380048079 38.332859758095005 13.496944778522865 27.25113404352366 37.50855510219337 30.43381849814106 16.002121562698743 12.324077611577179 3.8219296991094165 23.20710342765949 33.20573025696421 23.60710847769782 44.895895932601526 21.472233471778647 19.32944950340348
22.454309197865893 6.401759382708446 28.346882979405933 19.001605094670097 45.11566917223751 61.52134666201852 10.04626003731399 15.95496763246645 26.24163974166716 27.992500346343366 18.83305850028334 36.77566567179318 60.54223242412466 9.689087969715233 55.79595516264148 54.149914309916184 16.62297325346304 57.73835204189514 16.126200359108783 26.79843297288703 28.131864992937174 0.0 27.910369293512115 19.76956550323767 42.031153710319806 39.562479225626426 5.986753445192693 21.706890415463924 9.432728553560523 25.175503084569677 15.740436970725927 35.89038862177097 37.17744567637321 14.920438162985523 58.481493434470565 61.96301229094654 18.53593215351366 49.08414531701574 13.886405470850349 26.076024037546958 27.79710042521117 40.20799808755917 29.47039139253601 28.148000626138064 60.6045096491065 50.83599609454293 61.614033916371916 16.843338632418956 13.742534986064355
49.72673170315999 34.01602731503294 1.23439759934092 46.84866409793148 27.493098631860793 87.0124986638902 31.43871559924355 43.86294144405352 49.37531871037436 55.61391207843377 17.64945479572566 64.43147712286938 87.00385235434376 28.434874243584172 83.51179410510065 81.34075354155662 42.13204444060546 84.95191353008778 39.37204121359738 48.14499917774654 55.88874610667566 27.910369293512115 0.0 47.46714721472288 22.815452529502636 67.164447466653 28.386098887590435 25.509785967053894 20.382253564877942 51.51867117707598 18.211891994433696 63.66092839072014 64.64219375198226 35.72488917418608 86.13651343556691 89.08241307661818 46.03907032548545 76.05577921940835 21.468736353107786 46.83186462668562 52.05477035157356 67.71574566061294 56.84949603663884 52.64035924223794 88.51098290385404 78.74153548191926 86.25141002111259 42.08171008188772 40.41387819436449
3.814803506550015 14.608865632619116 47.984098471203424 5.799583786841001 60.511806850177564 43.135710456027844 18.493971550045053 4.863951210592592 16.01765670742239 12.367895742160147 35.053011478288546 17.00952670529509 45.351239420369076 21.375517522746062 37.704476377639 37.62693511752158 15.676395361039454 41.02798781082564 13.979235835593371 26.59265571094818 8.425816569667386 19.76956550323767 47.46714721472288 0.0 58.35675243661441 19.79302511629875 19.69411675966446 33.71350723837765 27.53382570594978 15.825203921486077 32.393093995260024 16.1955814071225 20.878049486315504 17.78433014178541 40.54447609048447 45.34227863202208 8.860894640746043 33.36318872101229 29.328981755302095 27.01793358852115 14.792511246538016 20.45518664429914 9.893972007581365 22.045094026565437 41.48685766185718 31.802530499881684 49.526404253981845 16.29838468853367 12.982399951361504
59.30127216520233 48.331490155408616 23.760270900394183 59.86534208241646 4.801502331082691 90.55011252662545 39.87629786331002 56.247818350367154 53.68332583334237 69.13332291983835 23.545903212032787 73.93496572687987 102.3336314404273 36.993102162999534 96.05869726269385 95.44518275874267 58.51379758685908 98.967751751984 46.12472066838264 67.10240753855021 66.33735958355891 42.031153710319806 22.815452529502636 58.35675243661441 0.0 76.31624473205841 39.19987883095133 25.64835097986093 32.598744783135956 67.19307306900537 26.49847338979127 73.70782325122529 78.36449590859338 41.81239204424612 98.88928151998023 103.25995096152094 60.13737619723453 90.64406477093324 29.189677213684675 66.0059513385899 57.088433592495605 76.51813307511804 66.01373006729244 69.92812392421291 99.43727242709012 89.93513571274835 103.60403156337007 58.66117649809782 55.77330240404024
17.51717161289108 34.20124155282658 67.71574566061294 22.13437063363855 77.8895570318106 26.716088086239658 36.942119148909555 24.001042617237854 24.577499863105764 17.512616452849613 53.704150992170916 2.8452171014726355 35.1500081420719 40.02020181074238 22.68471328418665 26.177366129704517 31.63216921482539 28.61549307784262 30.193470382955045 38.52120818046295 11.533884809473207 39.562479225626426 67.164447466653 19.79302511629875 76.31624473205841 0.0 39.01587079739797 50.813250848251705 47.00970223153981 25.5469745947816 51.30927788693808 4.326684577680042 16.567148540199405 34.506400899835405 25.54261453513304 32.53846239639796 24.448944166951833 24.556915668173218 48.053455375376416 39.59439283874202 21.087807090292458 1.2549798530189853 10.439571411380191 31.088268775336342 23.506854839310833 14.891288795554196 43.5779509215999 32.14204394467177 30.54424234573854
21.50039989810466 10.207853519566727 29.053717555624047 20.66549759240999 41.81174096993071 59.01402912819033 4.407454102122234 17.07135835388872 22.24430010915569 29.933444119625044 15.661021977524383 36.353610290441935 63.2067350217934 3.7681550833610244 57.12457101897422 56.24899773305517 21.02164806031831 59.77929658067216 11.831413137380851 32.04569485383176 28.046451191216256 5.986753445192693 28.386098887590435 19.69411675966446 39.19987883095133 39.01587079739797 0.0 16.665883174878278 8.029077208789555 28.602520836566747 12.818532617494856 35.75379553852603 39.16671722528086 9.563659975505395 59.91041961380135 64.06666176905046 21.08394637559325 51.45808389143049 10.035314385279351 31.457180376128875 24.368195093046047 39.49260826298208 28.611780778507725 32.44513252262145 61.18055401079626 51.48516310803666 65.2464891059063 21.36030815024435 17.618281258273846
34.148378264505695 26.869961404539353 26.65216869276146 36.246383792484586 27.092870524283832 65.51594812270159 15.555480076540954 32.48467903347355 28.132231459575827 45.35349093760545 8.168918337127382 48.51307305383484 78.79164463401443 13.317308277198379 71.22941576693282 71.31192853596413 37.686138961694006 74.73539887549593 20.665206049830786 48.48128832055531 41.27455798477377 21.706890415463924 25.509785967053894 33.71350723837765 25.64835097986093 50.813250848251705 16.665883174878278 0.0 14.286689353642227 45.03141086230721 9.393629813662306 48.40494505428178 54.390531385986776 16.371806665330595 74.10520981061487 79.04968581149085 37.220173962592504 66.8666223877937 8.569493984947506 47.78216317022578 31.48605116744997 50.96587778949184 40.620825563783136 49.10071781904638 74.10520981061488 64.74094500014154 81.58752241092255 38.017910730600065 34.26421144582233
29.50338866844938 15.759407700251817 21.083733566445808 27.85247143685435 35.71851537673517 66.78957941606662 11.240426112442892 24.470832377568275 29.49287029481648 37.035171175972245 9.573708990687349 44.32752511636508 69.88771402359583 8.448933468518375 64.61381339627718 63.31864542336584 25.99133008786546 66.88916969101263 19.221264011087143 35.519362232762106 35.937204848872426 9.432728553560523 20.382253564877942 27.53382570594978 32.598744783135956 47.00970223153981 8.029077208789555 14.286689353642227 0.0 34.6000653129457 6.479169157180344 43.67794265036516 46.27281480555619 15.984931916443164 67.35588405399879 71.1416819754695 27.7479400868713 58.340535999295135 5.717203126335012 34.63188324921372 31.930756443295962 47.50374523175512 36.62219112518218 37.48420508006723 68.9645131098935 59.23378836260769 71.03647792679266 26.17686710413056 23.174557657071965
18.898515813585053 18.869553769753246 51.66842665093312 10.347824330073369 70.16282066666903 52.1875136796256 29.680274580745788 13.677670453827982 31.831594488289866 8.034582292313063 43.82438375926512 23.053101800909815 35.57089040759898 31.71722388146252 33.187892401578075 29.97154587557896 9.43524626980948 33.578584538208794 28.282431047766533 13.007983595406142 16.899815194701606 25.175503084569677 51.51867117707598 15.825203921486077 67.19307306900537 25.5469745947816 28.602520836566747 45.03141086230721 34.6000653129457 0.0 40.775459868522695 21.27315391319417 14.24157030804833 31.14498533291154 35.52332438041718 37.62961764472523 8.124811870270088 24.580669084531852 38.47327620661022 14.047459838559881 30.338338630083957 26.71923976310836 20.665571865166935 6.420006554404092 39.78503802580532 30.493926127618675 36.64611341101598 9.57911346129193 11.449334941122373
33.85875153953704 21.90978908904072 19.192645918362746 33.43719548881027 29.398956042311998 69.29841701351937 14.397054796914292 29.88134482243578 31.475464036751166 42.696566746322965 3.102813272378887 48.73583752701247 75.83573916642389 11.299598313386122 69.93465999808912 69.02221063439931 32.36094140340033 72.56404985688745 21.91373798439357 41.99464278612082 40.64695196301824 15.740436970725927 18.211891994433696 32.393093995260024 26.49847338979127 51.30927788693808 12.818532617494856 9.393629813662306 6.479169157180344 40.775459868522695 0.0 48.267512631667486 51.94035512673869 17.934998360100636 72.725510988688 76.84403795785938 33.63905690079527 64.16670646807309 3.398238913016764 41.09609369079739 34.362755455217126 51.68648459917439 40.870441198441675 43.878758950810415 73.84585348811896 64.19032106920605 77.32247990793982 32.569312619066004 29.4136639675143
14.444764120933346 30.327196761296673 64.16962403449143 18.003001765243038 75.49041298239516 30.926559052158467 34.009289442086455 20.113830596397023 23.500926422827035 13.24190929843904 50.77905478690227 1.88138298942753 34.502029305617256 37.04147889599427 23.455332613249666 25.704080347254457 27.336681431850806 28.532886329298535 27.747991752071485 34.266812026250214 7.77232250195642 35.89038862177097 63.66092839072014 16.1955814071225 73.70782325122529 4.326684577680042 35.75379553852603 48.40494505428178 43.67794265036516 21.27315391319417 48.267512631667486 0.0 13.502570764888098 32.033148311601444 26.368953475070494 32.670324310945205 20.20780883404888 23.202845504657425 45.08138294491795 35.31777708188916 20.202966384349043 5.453315809832939 7.849411575607825 26.927149065811196 25.730460279275263 16.372120314956206 41.9542073809535 27.840505985946724 26.347926485757394
21.662685931981006 30.81547950540846 64.90547814766683 18.50457677423661 80.84661693976658 42.31398563398768 38.91524124349041 22.13035779631546 34.01335730529358 9.246985775022527 54.82732493780751 15.268332525226285 24.474599935322477 41.55714452669368 19.0832039631514 17.082957713636052 23.31476021170496 20.627891344281675 34.809557969223555 25.435959108563736 15.318623244491668 37.17744567637321 64.64219375198226 20.878049486315504 78.36449590859338 16.567148540199405 39.16671722528086 54.390531385986776 46.27281480555619 14.24157030804833 51.94035512673869 13.502570764888098 0.0 38.660039281554035 21.56767418474194 24.903702930315784 18.662931973924948 12.49450062180687 49.179156486841016 26.81221676240066 31.268308101180157 17.805260427881745 18.363993292673506 17.440038880345284 25.57186991637208 16.50220831381785 29.583707938505267 23.573975771578898 24.293454002112185
17.8262915112803 16.24783846935594 36.574033934352656 21.31405046947891 43.46005729597358 51.38555872502922 5.172012943236137 17.619406596188764 13.651575116800318 29.92883035962715 19.78905146430054 32.160690640740036 63.134398695316406 7.5378067441510055 54.945803015694885 55.35335824225023 25.837486894200698 58.70928845427373 4.312933937506173 37.77870784454474 24.965967898827426 14.920438162985523 35.72488917418608 17.78433014178541 41.81239204424612 34.506400899835405 9.563659975505395 16.371806665330595 15.984931916443164 31.14498533291154 17.934998360100636 32.033148311601444 38.660039281554035 0.0 57.833464051681545 63.01962603610714 23.02251541042113 51.14743711899302 14.536933281504595 37.515487758175944 16.429639941660767 34.70929863226095 24.25670707631804 36.26975468310185 57.738352041895155 48.37289661525294 66.89584104380259 26.335936121181245 22.063121710393872
40.01103581387195 52.187719388004716 86.4256165579293 39.5282167481328 101.03625671636414 39.46525750059006 59.038447640529526 42.9040845840016 49.79439444258367 30.529721468639078 75.49170734031539 26.882087313423433 13.567611017660221 61.89634563926871 2.914406182526494 7.800780500585247 44.80679296469982 6.3147005458414975 53.645547045172016 44.861366753409236 32.87075380048079 58.481493434470565 86.13651343556691 40.54447609048447 98.88928151998023 25.54261453513304 59.91041961380135 74.10520981061487 67.35588405399879 35.52332438041718 72.725510988688 26.368953475070494 21.56767418474194 57.833464051681545 0.0 8.155916012714883 40.098065664797915 12.742529822481774 69.77817587471904 46.37955347240495 46.40410761240005 26.064719043759315 34.139058999952816 37.20786669616961 8.84057974962338 10.850148391477868 25.355937725789982 45.030610605959964 45.853149306334714
45.37661113182984 55.57054819222336 89.26619263087818 43.40790654281887 105.6875840831348 47.57454528738214 63.680642839995585 47.01343629773943 56.14111354905889 34.148515539665 79.72768374040483 33.47944173792277 6.4788405312550985 66.39142361776271 10.39414229348678 7.8243725788647795 47.06412786071012 4.314355769315174 58.965923416458324 44.98620508653292 38.332859758095005 61.96301229094654 89.08241307661818 45.34227863202208 103.25995096152094 32.53846239639796 64.06666176905046 79.04968581149085 71.1416819754695 37.62961764472523 76.84403795785938 32.670324310945205 24.903702930315784 63.01962603610714 8.155916012714883 0.0 43.4306508872808 13.050013086498076 74.07114196286061 46.53911867596522 52.87311532080735 33.214173348981355 40.158648920101164 37.94028655708637 16.362179782078083 18.491581812456605 18.45214036842038 47.18557791244113 48.69803506001539
12.515648632397017 12.156402203407001 46.339644475384 3.124158540878382 62.880440361866164 49.98335029807376 21.743429370578568 5.635666108585261 24.618941990376026 9.579618508617635 36.6160350873868 21.64043281040306 42.19697903968833 23.95769952245335 37.47937571517799 35.6151707065997 7.43632349132126 39.202464168788005 20.201788812096193 17.731800681569535 13.496944778522865 18.53593215351366 46.03907032548545 8.860894640746043 60.13737619723453 24.448944166951833 21.08394637559325 37.220173962592504 27.7479400868713 8.124811870270088 33.63905690079527 20.20780883404888 18.662931973924948 23.02251541042113 40.098065664797915 43.4306508872808 0.0 30.59261830486411 31.094610995041776 18.179356020568406 23.63352988325839 25.42376980832032 16.636338292122705 13.710735357163012 42.8935726516961 33.177016935372514 44.372491385399606 8.016950037849254 6.231194323924636
33.95737575496003 42.68299241303787 76.22941641780885 30.816982427420456 93.22226678004789 45.984206509987345 51.36753237565728 34.50934664355957 45.8000501687367 21.56913547808572 67.0984981951856 24.51925063322103 11.994091466747053 53.96411075834896 11.582349113537378 5.581333417427333 34.01462570769214 9.099662150060642 47.26536302777232 32.50785322410034 27.25113404352366 49.08414531701574 76.05577921940835 33.36318872101229 90.64406477093324 24.556915668173218 51.45808389143049 66.8666223877937 58.340535999295135 24.580669084531852 64.16670646807309 23.202845504657425 12.49450062180687 51.14743711899302 12.742529822481774 13.050013086498076 30.59261830486411 0.0 61.49062525031699 34.0479414166804 42.808490466939396 25.566474182286697 29.77117578104216 25.141791897259274 20.18518491573473 15.135836227819949 19.04292898303565 34.1358350045382 35.70323344606508
30.648750719803587 19.7159677583296 22.410024155039494 30.687281445000533 31.786218142008458 65.90498817348706 11.111565715208632 27.058255127126696 28.090110285631507 39.95478484309575 5.724035923873405 45.5060564774258 73.24085149298753 8.04261533625877 66.96799331082111 66.25779547288872 30.402397559067953 69.77817587471904 18.526767730175493 40.596726669691066 37.50855510219337 13.886405470850349 21.468736353107786 29.328981755302095 29.189677213684675 48.053455375376416 10.035314385279351 8.569493984947506 5.717203126335012 38.47327620661022 3.398238913016764 45.08138294491795 49.179156486841016 14.536933281504595 69.77817587471904 74.07114196286061 31.094610995041776 61.49062525031699 0.0 39.79750111131199 30.965206232191225 48.40815997980382 37.61996254529095 41.931055152790165 70.71396383327284 61.09042938337795 75.10567829830754 30.662144894120463 27.252777401855482
30.693894696606915 21.59711787174143 46.650278041029274 21.295929538587387 69.68421367977848 66.22003156047501 34.25783415816597 23.032016485079183 42.38517155817133 22.08201669266882 44.165979930700466 37.088110229874864 42.8374086725521 35.176080127053375 44.47908138544081 39.61727939806773 12.027456665112288 43.02417623058572 36.012182842988175 1.5539293310374198 30.43381849814106 26.076024037546958 46.83186462668562 27.01793358852115 66.0059513385899 39.59439283874202 31.457180376128875 47.78216317022578 34.63188324921372 14.047459838559881 41.09609369079739 35.31777708188916 26.81221676240066 37.515487758175944 46.37955347240495 46.53911867596522 18.179356020568406 34.0479414166804 39.79750111131199 0.0 41.712880722983094 40.76578168699558 34.04201833056186 9.399017892938524 51.99673856932648 43.291911461858845 39.87776179135939 11.44554556376821 15.726145655266729
11.439823041637844 25.330967377256336 52.86232554927168 20.592084031876503 58.10765485417164 34.97222989442224 20.694395324452287 18.777130870071613 3.5565329903929532 25.06063212469196 36.1135167610863 19.523290300941103 54.47359606819144 23.63030218173816 43.504076725852066 45.813950794378215 30.0358105612363 48.72368805037163 12.713315471377026 41.34908099803268 16.002121562698743 27.79710042521117 52.05477035157356 14.792511246538016 57.088433592495605 21.087807090292458 24.368195093046047 31.48605116744997 31.930756443295962 30.338338630083957 34.362755455217126 20.202966384349043 31.268308101180157 16.429639941660767 46.40410761240005 52.87311532080735 23.63352988325839 42.808490466939396 30.965206232191225 41.712880722983094 0.0 20.86380904043105 13.0411190353718 36.68564041552796 44.46139355679704 35.94219156542867 60.847839747794985 30.658426657184503 26.831301404817133
18.00275808876029 34.94722375186705 68.28528131465525 23.037060048736155 78.01812164169017 25.507443490789043 37.299287122388435 24.772017158998565 24.385764769087096 18.685348249455657 54.035641212352914 3.7936157839891305 35.99718656661725 40.388484962157214 23.236529576233455 27.010943478178277 32.65595464810818 29.353712459005198 30.399729047884016 39.70495499273344 12.324077611577179 40.20799808755917 67.71574566061294 20.45518664429914 76.51813307511804 1.2549798530189853 39.49260826298208 50.96587778949184 47.50374523175512 26.71923976310836 51.68648459917439 5.453315809832939 17.805260427881745 34.70929863226095 26.064719043759315 33.214173348981355 25.42376980832032 25.566474182286697 48.40815997980382 40.76578168699558 20.86380904043105 0.0 10.881591420283891 32.3030947166183 23.607776869819393 15.310086272699628 44.603041716760345 33.173713741281546 31.47854872873198
7.124331959300717 24.501787441285103 57.43081899146112 13.740039915219121 67.7133622359431 33.525250197954314 26.509944991875155 14.562768472273193 16.079763079943216 13.620635873918623 43.2796106699713 7.924053859177828 41.48447584060039 29.583848364125036 31.225021015734736 32.91793001437294 24.067085816463695 35.943444406073894 19.955660072588554 33.27627075774649 3.8219296991094165 29.47039139253601 56.84949603663884 9.893972007581365 66.01373006729244 10.439571411380191 28.611780778507725 40.620825563783136 36.62219112518218 20.665571865166935 40.870441198441675 7.849411575607825 18.363993292673506 24.25670707631804 34.139058999952816 40.158648920101164 16.636338292122705 29.77117578104216 37.61996254529095 34.04201833056186 13.0411190353718 10.881591420283891 0.0 27.001534531667033 33.48455998394897 24.21700135807035 47.88867804502153 24.652519744395825 22.11559893937279
25.252823997995243 22.282271163202346 52.64035924223794 16.376490349058958 73.19640615821562 57.803950031119825 34.17635998592923 19.33433584965618 38.058009534168875 13.851446862117136 46.976250346630856 28.767355115390078 34.836840980471244 35.85322018051405 35.21073575779644 30.720791908249645 11.532412344922014 34.21853433572038 33.78401921643515 7.996669090818947 23.20710342765949 28.148000626138064 52.64035924223794 22.045094026565437 69.92812392421291 31.088268775336342 32.44513252262145 49.10071781904638 37.48420508006723 6.420006554404092 43.878758950810415 26.927149065811196 17.440038880345284 36.26975468310185 37.20786669616961 37.94028655708637 13.710735357163012 25.141791897259274 41.931055152790165 9.399017892938524 36.68564041552796 32.3030947166183 27.001534531667033 0.0 42.61693309343136 33.9005177591136 33.8079800593025 11.309919532737363 14.838905668222774
40.14883149322315 54.56026030958686 88.91517349394607 41.70425402355646 101.1973825761544 31.6497715339696 59.68629847515977 44.66856053218517 47.990904679148926 33.47160493357312 76.42775729198652 25.614768875827526 22.292172173591506 62.6894928939715 8.685238364302084 16.1750534336234 48.58913264111781 15.155272686303377 53.44000872555812 50.54005942563529 33.20573025696421 60.6045096491065 88.51098290385404 41.48685766185718 99.43727242709012 23.506854839310833 61.18055401079626 74.10520981061488 68.9645131098935 39.78503802580532 73.84585348811896 25.730460279275263 25.57186991637208 57.738352041895155 8.84057974962338 16.362179782078083 42.8935726516961 20.18518491573473 70.71396383327284 51.99673856932648 44.46139355679704 23.607776869819393 33.48455998394897 42.61693309343136 0.0 9.769896370665112 34.17571087325559 48.90858938122081 48.99385390481054
