0.0 18.16886851632639 43.0788567185015 22.0708276636483 35.91138493570133 40.10212982546485 12.21544050130029 42.16867777890968 24.80372856401316 28.76422591978843 29.069006092118297 37.747462032350505 17.47300207672394 12.487836799331358 38.71499964641756 26.868452780686827 21.58818042968538 23.78416650243243 51.89323924887851 13.532169368523826 4.704670304758595 30.934808938905086 43.63322731345346 21.758096390508065 43.324241505642206 50.135115491340756 6.6287794682450984 42.244739636359384 25.796282353660903 31.995274350351693 17.17439829241117 42.76447483296179 17.246040260672224 13.979672996654887 24.25740817259507 23.63718809842685 14.548125604435407 17.252433764356205 9.396097721791753 41.2605652499224 63.5951865278242 47.6854435838106 55.463620340726976 53.617080546853835 19.070921565916795 48.56352918341232 22.210002320288126 31.353624458011403
18.16886851632639 0.0 61.11024636124004 9.579239701222658 36.552669596894475 36.53646852163147 29.023590666937093 27.55563804647617 10.22340842073785 44.11308165927374 15.15460772285032 46.23570923830469 15.541233729685235 23.734460050948652 26.101398986259404 20.637394494768206 13.742886165116863 17.353241088377032 38.16987676616141 19.795319986569844 21.898406063954134 48.43605202797941 61.56032904749096 10.133447240050504 42.58486741442785 40.369817050348296 23.393411895799964 25.840665021583433 13.746802896934822 47.54460908920299 27.264557502552083 60.84992766671433 35.346278706091496 26.284633996420865 30.350788418034146 21.08851014024765 11.352608401310142 25.84066502158337 13.70537552664577 46.65279117329894 52.040496978394486 41.080321769405856 52.931601446038044 38.64270748031066 11.534536664304893 48.890431547976945 38.97796103672824 20.205496784346927
43.0788567185015 61.11024636124004 0.0 62.6577632837137 65.20912870070637 73.06852607259856 32.63326596319894 83.96457146911135 65.807595824091 24.410967302046224 71.28599154839942 43.88891345617658 53.96600370443984 44.558928152317634 75.92433572033237 61.53524636049007 62.59716039629945 63.5112766927023 88.64461986160254 46.45859336199114 40.235491594630226 14.076712012494216 2.13391979423662 62.01751721151217 72.00296024380742 87.67841984144287 37.88723601220073 84.92381476065358 65.17314981319288 22.372323080506394 40.7537732244718 1.4226131961563322 25.839875804390083 42.77739845499777 46.17833271889432 56.57989951446891 56.127542473097606 47.71292196707274 48.96483970427534 51.99245872349048 96.1938281784222 75.9561967781098 83.76440890651408 91.77497280869663 58.25486777348283 74.2742379973884 23.981827820375393 68.71190608548584
22.0708276636483 9.579239701222658 62.6577632837137 0.0 46.09481778993447 46.03516780992595 30.049859268174377 34.04979746167072 3.2097090177321372 42.72650450355637 23.17726803285753 40.62556553775007 10.085299236566273 30.97660515253982 17.421433005001447 11.535304115776622 23.302967965101733 26.91048856610957 30.252543795698255 17.032081641953106 26.612631756261408 49.116799897605624 62.784752105964316 0.9476071921683427 52.16317547147878 48.685471147433695 25.193082081592685 30.776268694683626 4.3503798158617375 46.154210069938344 24.386805442064222 62.61337590954268 37.78232463918817 33.36155529748757 24.938918636407326 13.307686811724793 20.397841366153052 33.95166973235365 13.843514192736903 39.68414140048016 43.25843732666055 31.502698809634442 62.407614602981006 31.60843043938585 4.875360264165807 58.46856722938789 39.15838729262823 10.832009725654778
35.91138493570133 36.552669596894475 65.20912870070637 46.09481778993447 0.0 8.917697405365281 45.689724723836555 32.956205083799915 46.582752553319324 61.47780447611987 28.629632951074278 73.62150670463684 48.85153976727682 24.82111077207042 62.170007060572836 56.46109200877227 23.167834698641585 19.745176649229546 73.04867937420128 48.372857591787074 33.85700801816268 58.55725916136343 66.72581589090998 46.56211033384057 7.530434415124633 25.70662941286072 41.60445879524269 38.25909515063263 50.29898129230199 64.08514401085345 53.08109538938074 64.217499590204 44.77073235787972 25.087919247492867 59.83108559500151 55.46139313091593 26.209549764888283 19.93543321275035 42.00858234411657 77.02687720875103 87.79143168843073 77.50518971541702 19.921333727311737 72.28204706066076 46.88240625289918 12.818403780365633 53.576888996405174 56.74037489957974
40.10212982546485 36.53646852163147 73.06852607259856 46.03516780992595 8.917697405365281 0.0 51.01283132023257 26.3315859420951 45.90442821064132 67.340135376836 25.352262002350308 77.64780196095239 50.53729357554021 30.600197784677697 60.76831249798277 57.122455276322746 22.8377361353295 19.245257639227127 70.56946896752434 51.35893362757856 38.9537140930584 65.50157945064588 74.48983370307329 46.6517306689752 7.935222443181719 16.824803016987815 46.33277641994298 32.25895907078343 49.96036853176366 70.16158912013384 56.94164498551775 72.14049994454251 51.28676128107479 31.45938235776521 63.00750136820987 56.90452784629291 27.91399097539352 26.180205026689542 44.62866103798616 80.25284850045152 85.71307747134313 77.45429049473466 16.406508584428902 69.19965770201048 47.72251212600769 14.1280183346794 59.654643886135254 56.169740110743156
12.21544050130029 29.023590666937093 32.63326596319894 30.049859268174377 45.689724723836555 51.01283132023257 0.0 54.317206291742394 33.184454721447906 16.6610380311371 41.1866712091163 29.224460215194647 21.873955168543585 20.87225584641938 44.321717671441526 30.42404946715158 33.78319821176772 35.84010201456955 57.419236323293504 14.654024685270015 12.062108212946539 19.44226436560602 32.85124687754938 29.435258981771426 53.2195662518818 62.09482404567992 5.758406784225524 54.10903609819425 32.763308615000334 19.819361036012133 11.91997229954969 32.56490940926107 8.636348040227121 20.965214872135093 19.87960972500636 25.840419283270407 26.751027501042337 25.824405556175254 16.33595867417986 34.57127325580224 67.01026015414301 48.56066093829948 65.58674123383426 60.043033033557265 25.763562385797005 57.83141894735544 10.085299236566273 36.906107448191534
42.16867777890968 27.55563804647617 83.96457146911135 34.04979746167072 32.956205083799915 26.3315859420951 54.317206291742394 0.0 32.13706915382396 70.51220233429159 13.14730756658455 73.72325317558322 42.742136837301345 39.99737914528161 42.75142833484819 45.22668059132444 21.37186338188781 20.939147943853264 49.26883958613602 47.30621203996682 43.98656838059526 72.89711891971555 84.8393185499791 34.96424912032446 34.247812874151414 17.775932129969082 48.58302434927644 6.48322996157179 36.35028799978773 73.86223342189443 54.67538113017297 83.40664309982868 58.58233902124565 42.22213302848823 57.812962917314856 47.316256692026805 27.978488838305157 38.325264725713275 40.89766844736269 73.60428294617608 64.6576476555549 61.631904376720165 38.764179405744656 46.692711198868835 38.0043868338777 40.156401355933646 64.36876232272647 40.91884467012794
24.80372856401316 10.22340842073785 65.807595824091 3.2097090177321372 46.582752553319324 45.90442821064132 33.184454721447906 32.13706915382396 0.0 45.927837128859686 22.0857978491544 43.357532604583184 13.192060048300865 33.006876721150945 15.886652306659409 13.091122175696938 23.495493854697386 27.05502161904101 28.23455626735549 20.235066841248106 29.25047850670852 52.30148131299778 65.95329667956702 4.016613820677267 52.34925810136303 47.44205865633279 28.23889820120031 28.444090967236253 4.3135465576207705 49.35346401026256 27.559369869948952 65.74876888293453 40.82015539278093 35.460067765258614 27.813257834867297 15.711304451252692 21.52679890373862 35.65719354749698 16.913147827979138 42.037242356015184 41.835147832231755 31.605265585047256 62.184259947656344 29.197697753265366 8.034582292313145 58.72868926365009 42.35277777821157 10.269027738324873
28.76422591978843 44.11308165927374 24.410967302046224 42.72650450355637 61.47780447611987 67.340135376836 16.6610380311371 70.51220233429159 45.927837128859686 0.0 57.367890906335916 20.64484459389418 32.947493625161464 36.82066891276983 53.397355373460954 38.96759577355951 50.3466003650247 52.4885681217177 65.56667620049387 25.6946910254491 28.56710862979637 11.303812244583627 23.56250431265534 41.92163376103652 68.98290634667717 78.75567411937358 22.14718972243825 69.80520243955613 44.268890776724 3.4487601910499857 18.553508358391976 25.061737477489114 17.35661507442728 36.39427625981372 22.28366995652483 33.94675371354598 43.30399513771024 41.5630453018744 30.484227477617207 28.4056761609048 72.09373769879225 51.6461113696462 81.3863362369024 69.13047681402531 37.9159010272792 73.14099642223998 8.047681415488979 46.60112498738047
29.069006092118297 15.15460772285032 71.28599154839942 23.17726803285753 28.629632951074278 25.352262002350308 41.1866712091163 13.14730756658455 22.0857978491544 57.367890906335916 0.0 61.3008248219661 30.684916843120224 28.15260958274261 35.788897704454556 34.710169289939934 9.332543785838924 10.56639952240744 45.21759435711327 34.5586915373349 31.113016814774912 59.89561199899347 72.07690780334858 23.998340373779968 32.722124370094235 25.51349427290234 35.44595751652158 13.849118387415889 26.384922989322376 60.715425431476 41.791878588058196 70.7895468698522 45.69973972314551 30.569697571605545 45.454564203987786 35.948772708928466 15.160604248057966 27.450480009231015 27.978692853128557 61.79296084311405 60.37944476122442 53.439937887486366 41.03289869330415 43.962733242452906 26.38530753704639 39.183478932749466 51.24915751327759 32.03318604053502
37.747462032350505 46.23570923830469 43.88891345617658 40.62556553775007 73.62150670463684 77.64780196095239 29.224460215194647 73.72325317558322 43.357532604583184 20.64484459389418 61.3008248219661 0.0 31.064728788380098 49.275889715162606 44.33809335303787 31.862116966384843 56.8655769046093 59.88771537923911 54.13139700625418 26.975598830385675 40.01076303146522 31.869242759242685 42.615998247614876 39.679271611415594 81.06256679396603 85.74579112676186 32.162572937561364 71.21044787010365 40.063518676396804 21.7018305372323 20.70622128019552 44.773934272463585 34.73380218933153 49.82695062815808 15.912410465436313 27.825885041071434 50.34443633019731 54.291057564155274 33.82901495029615 8.15139928199287 56.92669530238154 36.001171172125794 93.2057210739672 58.60978395842307 36.074185119125154 86.1754589005536 26.442442271506163 39.38836840253501
17.47300207672394 15.541233729685235 53.96600370443984 10.085299236566273 48.85153976727682 50.53729357554021 21.873955168543585 42.742136837301345 13.192060048300865 32.947493625161464 30.684916843120224 31.064728788380098 0.0 29.062511689309826 22.489143840974787 9.413622016749045 27.99288876784471 31.452729428941154 35.66017030985231 7.522632191805291 22.123689929750796 40.120514540125406 53.911226474593015 9.195233123333438 55.652576790347375 55.850309530362374 18.06421601322656 40.16530004455751 11.371112362538266 36.34540024541127 14.444355655550902 54.04931528756191 30.248602971462056 31.011003314748738 15.180232027803195 6.6727453729644575 22.796102580268656 33.146854338816105 8.129576635954368 31.11167081947831 46.344413458993884 30.38453230348878 66.8657055762016 38.16943401309511 5.2284599879721725 61.62555582805835 30.090450684767113 15.044739525689211
12.487836799331358 23.734460050948652 44.558928152317634 30.97660515253982 24.82111077207042 30.600197784677697 20.87225584641938 39.99737914528161 33.006876721150945 36.82066891276983 28.15260958274261 49.275889715162606 29.062511689309826 0.0 48.37528100785726 38.190580479757735 18.887864398391986 19.143283333710915 61.18431604410281 26.00010613255532 9.267978396363917 35.27505741848262 45.66210366007682 30.971879753753388 32.35153402926324 43.491393170805935 17.11693022731624 41.98548227934434 35.20324224934879 39.578124050250544 29.19035779556927 43.865755419688085 20.816605487960434 2.58996514805461 36.620387490081804 35.56092942140972 13.867540598585641 5.017874758091863 21.018540209184053 53.406947372348625 74.02561631475072 59.44011645542812 44.72990684618703 62.14041193595769 29.343579967687436 37.030645454489665 29.062511689309872 41.39752181401553
38.71499964641756 26.101398986259404 75.92433572033237 17.421433005001447 62.170007060572836 60.76831249798277 44.321717671441526 42.75142833484819 15.886652306659409 53.397355373460954 35.788897704454556 44.33809335303787 22.489143840974787 48.37528100785726 0.0 14.462256975541822 39.00225686175355 42.46997720679157 13.229326396279498 29.727968296137966 43.39236786504246 61.90329762639122 75.69567202267328 17.405886060320725 67.60214388029853 59.80169795552598 40.4671001681377 37.413137651354475 13.176387345737606 56.584412179689394 35.27451800305897 76.10964076296048 52.73762474892098 50.731018446548596 31.71118582113404 19.481995823149024 37.41190013325041 51.351831656768034 29.597402424026548 40.15404597743261 25.950842014589778 19.167711294264297 76.76872570294677 15.851145585141904 19.64649329080172 74.04207726530281 51.94306769537462 7.469490194574009
26.868452780686827 20.637394494768206 61.53524636049007 11.535304115776622 56.46109200877227 57.122455276322746 30.42404946715158 45.22668059132444 13.091122175696938 38.96759577355951 34.710169289939934 31.862116966384843 9.413622016749045 38.190580479757735 14.462256975541822 0.0 34.285460372266336 37.88515837314138 27.162768097197365 15.78709528738875 31.531779520422937 47.490340304155175 61.268394960882496 10.743053200487228 62.890520980686425 60.21314750533967 27.206059435512753 41.42275414643657 8.972350899737478 42.186180603989655 20.826709922979635 61.7534844654821 38.99609232145002 40.23895755963939 17.682172311166408 5.0237822766955 30.27595160700057 42.04030932472054 17.487067172783124 29.452518258225627 37.00235846458612 21.401673207452777 73.52789332333079 30.28813207808634 9.581261521726343 69.07283222411598 37.56764181282978 7.829893212424403
21.58818042968538 13.742886165116863 62.59716039629945 23.302967965101733 23.167834698641585 22.8377361353295 33.78319821176772 21.37186338188781 23.495493854697386 50.3466003650247 9.332543785838924 56.8655769046093 27.99288876784471 18.887864398391986 39.00225686175355 34.285460372266336 0.0 3.610491019208578 50.08410278861404 29.93209982550565 22.791435242020636 51.775372215014 63.49109375373624 23.8762779705074 28.887416470829884 29.0042076373441 28.19953127384175 23.112242991511145 27.36417356441771 53.58292469154535 36.478766477433936 62.03483639651143 37.33656334256722 21.267243927669583 41.47140068501061 34.19417307485559 7.042707643207655 18.16342305272878 23.05807186735999 58.50957562763669 64.66888256182081 54.800574029324714 39.244029210833574 49.66329368111178 24.90355694735857 35.24102125734678 43.66786681585312 33.725543796972026
23.78416650243243 17.353241088377032 63.5112766927023 26.91048856610957 19.745176649229546 19.245257639227127 35.84010201456955 20.939147943853264 27.05502161904101 52.4885681217177 10.56639952240744 59.88771537923911 31.452729428941154 19.143283333710915 42.46997720679157 37.88515837314138 3.610491019208578 0.0 53.34572520884097 33.04757363688883 24.37376283055482 53.2413627632419 64.50994160910867 27.48655772276147 25.30120071688716 26.37067138047468 30.40800887949862 23.666797215309053 30.956969656349944 55.654010966963064 39.36085391188766 62.876928774620986 38.69315909232221 21.30170108850977 44.652118306911326 37.7199514676252 9.582945077281702 17.46520839303991 26.18270783126307 61.76926415947426 68.04625513116773 58.40508128952898 35.65128148880298 52.75337226519469 28.47961948789452 31.67406567686415 45.541813004991894 37.29994317574958
51.89323924887851 38.16987676616141 88.64461986160254 30.252543795698255 73.04867937420128 70.56946896752434 57.419236323293504 49.26883958613602 28.23455626735549 65.56667620049387 45.21759435711327 54.13139700625418 35.66017030985231 61.18431604410281 13.229326396279498 27.162768097197365 50.08410278861404 53.34572520884097 0.0 42.778918750016636 56.55565973788411 74.57875210505738 88.31782641374721 30.3588102316684 77.8535851413391 66.99293228059794 53.678555288595525 43.134221311029776 26.177706576595725 68.625779547611 47.89155946317769 88.89027690840751 65.88979219986943 63.597943966545955 43.41980324821851 32.071116716242535 49.501833865973 63.88059252295082 42.821217797883314 48.605708649260315 15.40876892308319 21.293222742725604 85.98658991695636 5.184689770233829 32.84322867691007 84.32609562712196 64.70379687328 20.692530789032848
13.532169368523826 19.795319986569844 46.45859336199114 17.032081641953106 48.372857591787074 51.35893362757856 14.654024685270015 47.30621203996682 20.235066841248106 25.6946910254491 34.5586915373349 26.975598830385675 7.522632191805291 26.00010613255532 29.727968296137966 15.78709528738875 29.93209982550565 33.04757363688883 42.778918750016636 0.0 17.63565206451183 32.59797257711688 46.39025243619221 16.23411527835587 55.56905266505648 58.77028439803244 11.750863206464452 45.515432505406714 18.85667948819403 29.124381311507065 7.586731188059772 46.5584646358551 23.20903648475974 27.488660258211162 11.654705799041098 11.382340168452801 23.604156432547057 30.654110090131653 6.874547053433108 28.89422262274632 52.58757649942192 35.030321604624675 67.34869051247135 45.513588020454335 12.241481539748191 61.172367434766144 22.567865342453445 22.364650360259187
4.704670304758595 21.898406063954134 40.235491594630226 26.612631756261408 33.85700801816268 38.9537140930584 12.062108212946539 43.98656838059526 29.25047850670852 28.56710862979637 31.113016814774912 40.01076303146522 22.123689929750796 9.267978396363917 43.39236786504246 31.531779520422937 22.791435242020636 24.37376283055482 56.55565973788411 17.63565206451183 0.0 28.98410387353403 40.974795619408404 26.342647029621716 41.37099711888654 50.34808364428921 7.849286337019447 44.689625395375096 30.424508937254195 31.57208967992717 20.004906840429822 39.798595866218406 14.59869020392134 10.132374139412539 27.6115307492864 28.1700360753556 16.01017779957899 14.280596120772078 14.085518171667529 44.21263799972186 68.29722297991054 52.21985471909273 53.689946408955834 58.20497621474275 23.755661794345563 46.23240049972077 21.257729683756434 36.04592208963896
30.934808938905086 48.43605202797941 14.076712012494216 49.116799897605624 58.55725916136343 65.50157945064588 19.44226436560602 72.89711891971555 52.30148131299778 11.303812244583627 59.89561199899347 31.869242759242685 40.120514540125406 35.27505741848262 61.90329762639122 47.490340304155175 51.775372215014 53.2413627632419 74.57875210505738 32.59797257711688 28.98410387353403 0.0 13.808490715489318 48.43039012216972 65.84698096332563 78.6980772411636 25.049710157229203 73.17952499154937 51.41402704356563 10.522396944014432 26.68783364968499 14.429125202389956 14.577900267956075 34.0806923673345 32.21413420570297 42.5221939554571 44.93779139234133 39.34164376853104 35.65446112896022 39.70147901688691 82.2159895985395 62.13620527396732 78.10797267276433 77.75388116269858 44.58237284683511 69.18848569556609 10.030174906168876 54.73674333440756
43.63322731345346 61.56032904749096 2.13391979423662 62.784752105964316 66.72581589090998 74.48983370307329 32.85124687754938 84.8393185499791 65.95329667956702 23.56250431265534 72.07690780334858 42.615998247614876 53.911226474593015 45.66210366007682 75.69567202267328 61.268394960882496 63.49109375373624 64.50994160910867 88.31782641374721 46.39025243619221 40.974795619408404 13.808490715489318 0.0 62.12102482767705 73.5868439783567 88.92456801623509 38.23692895434103 85.64881303737897 65.18034817685943 21.299571368405402 40.44746796120127 3.5565329903929532 26.456325174081137 43.95864733528032 45.57843079884832 56.28655401900428 56.933729362969146 48.962535617020905 49.179953451214814 50.74635969217306 95.56190246806227 75.2019604175846 85.41626478251939 91.54440651605427 58.31077659139919 75.96954996257979 23.82995476911957 68.54359175291904
21.758096390508065 10.133447240050504 62.01751721151217 0.9476071921683427 46.56211033384057 46.6517306689752 29.435258981771426 34.96424912032446 4.016613820677267 41.92163376103652 23.998340373779968 39.679271611415594 9.195233123333438 30.971879753753388 17.405886060320725 10.743053200487228 23.8762779705074 27.48655772276147 30.3588102316684 16.23411527835587 26.342647029621716 48.43039012216972 62.12102482767705 0.0 52.70227900074709 49.51128134854677 24.666209865708023 31.719656147216426 4.2314095857992395 45.344827879028095 23.54280776956386 61.98923827958405 37.252652096492476 33.32602465997395 24.000401740766467 12.375846625814528 20.73165783122671 34.06345900069729 13.317646779887722 38.74742821886312 43.14386340988144 30.972664793401638 63.03673739341173 31.86414527862062 4.017969792959373 58.98630578103493 38.455330492292234 10.590390572351078
43.324241505642206 42.58486741442785 72.00296024380742 52.16317547147878 7.530434415124633 7.935222443181719 53.2195662518818 34.247812874151414 52.34925810136303 68.98290634667717 32.722124370094235 81.06256679396603 55.652576790347375 32.35153402926324 67.60214388029853 62.890520980686425 28.887416470829884 25.30120071688716 77.8535851413391 55.56905266505648 41.37099711888654 65.84698096332563 73.5868439783567 52.70227900074709 0.0 23.03070702239606 49.09864480325491 40.19378159029889 56.25151876895458 71.56474223023592 60.47499293975083 70.96304818163672 52.200796719661284 32.58863774230167 67.09758720445883 62.196168423275445 32.866732923158835 27.459177758462904 49.08409150723747 84.32594954027103 92.86973442404236 83.66518472685287 12.403516358195656 76.68194518337286 53.35192736601741 6.472797925877715 61.06476603237478 62.60031246927247
50.135115491340756 40.369817050348296 87.67841984144287 48.685471147433695 25.70662941286072 16.824803016987815 62.09482404567992 17.775932129969082 47.44205865633279 78.75567411937358 25.51349427290234 85.74579112676186 55.850309530362374 43.491393170805935 59.80169795552598 60.21314750533967 29.0042076373441 26.37067138047468 66.99293228059794 58.77028439803244 50.34808364428921 78.6980772411636 88.92456801623509 49.51128134854677 23.03070702239606 0.0 56.748224614498135 24.146121945544632 51.75559714781352 81.86417840348058 65.47359188717192 86.86684639457232 64.144325715052 44.99620876643545 70.146006053467 61.38749091151084 35.87098291144233 39.96748700564898 51.92363166528061 86.89831459482498 82.39415545594869 78.28359751051487 22.852628260755562 64.46849851742313 51.8068743761315 27.29142942000905 71.60566773909066 57.07125899455583
6.6287794682450984 23.393411895799964 37.88723601220073 25.193082081592685 41.60445879524269 46.33277641994298 5.758406784225524 48.58302434927644 28.23889820120031 22.14718972243825 35.44595751652158 32.162572937561364 18.06421601322656 17.11693022731624 40.4671001681377 27.206059435512753 28.19953127384175 30.40800887949862 53.678555288595525 11.750863206464452 7.849286337019447 25.049710157229203 38.23692895434103 24.666209865708023 49.09864480325491 56.748224614498135 0.0 48.3541023008238 28.28241226845311 25.40181681651881 12.349222616350147 37.71943057275192 12.589354434010277 17.82641002557123 20.203437551914586 23.081483015623665 21.156867625011294 22.129743248947438 11.351693004764199 36.472189396837024 64.18275797508338 46.74810416253082 61.369603648964784 55.962350287885364 21.248913558421282 54.05177442600966 15.84369611803725 32.99794565287667
42.244739636359384 25.840665021583433 84.92381476065358 30.776268694683626 38.25909515063263 32.25895907078343 54.10903609819425 6.48322996157179 28.444090967236253 69.80520243955613 13.849118387415889 71.21044787010365 40.16530004455751 41.98548227934434 37.413137651354475 41.42275414643657 23.112242991511145 23.666797215309053 43.134221311029776 45.515432505406714 44.689625395375096 73.17952499154937 85.64881303737897 31.719656147216426 40.19378159029889 24.146121945544632 48.3541023008238 0.0 32.45094814349712 73.21520826425035 53.05216763011421 84.46697802192278 59.2059130721316 44.37946467538767 55.34544844180697 44.05405128915528 28.897562682313268 41.039010918599196 39.536049693423294 70.43503082054707 58.48182479479581 56.49493244879702 45.2020853955074 40.38019106902735 35.14819724267891 46.25027327720848 64.1903793614019 36.356933997747156
25.796282353660903 13.746802896934822 65.17314981319288 4.3503798158617375 50.29898129230199 49.96036853176366 32.763308615000334 36.35028799978773 4.3135465576207705 44.268890776724 26.384922989322376 40.063518676396804 11.371112362538266 35.20324224934879 13.176387345737606 8.972350899737478 27.36417356441771 30.956969656349944 26.177706576595725 18.85667948819403 30.424508937254195 51.41402704356563 65.18034817685943 4.2314095857992395 56.25151876895458 51.75559714781352 28.28241226845311 32.45094814349712 0.0 47.64831485600508 25.72238329271946 65.20715678734372 40.81941667002568 37.554631420050974 24.888658128956838 12.237721389862038 24.72904428856269 38.26924667079127 17.026073773058567 38.26392282291277 38.933589535059205 27.493957408619686 66.28642027770776 27.854021465520567 7.037057999693054 62.59164821336149 41.39075013843782 6.497189675225368
31.995274350351693 47.54460908920299 22.372323080506394 46.154210069938344 64.08514401085345 70.16158912013384 19.819361036012133 73.86223342189443 49.35346401026256 3.4487601910499857 60.715425431476 21.7018305372323 36.34540024541127 39.578124050250544 56.584412179689394 42.186180603989655 53.58292469154535 55.654010966963064 68.625779547611 29.124381311507065 31.57208967992717 10.522396944014432 21.299571368405402 45.344827879028095 71.56474223023592 81.86417840348058 25.40181681651881 73.21520826425035 47.64831485600508 0.0 21.925931973401532 23.16922806312057 19.527552878433273 39.00681496946392 25.235798577200793 37.17352758480082 46.5433830672235 44.22757849314822 33.92656493428688 29.721321737486218 74.77448239657872 54.1758129585987 83.96117844725191 72.27124892037932 41.33605871967146 75.55759598891414 10.522396944014474 49.86345839962819
17.17439829241117 27.264557502552083 40.7537732244718 24.386805442064222 53.08109538938074 56.94164498551775 11.91997229954969 54.67538113017297 27.559369869948952 18.553508358391976 41.791878588058196 20.70622128019552 14.444355655550902 29.19035779556927 35.27451800305897 20.826709922979635 36.478766477433936 39.36085391188766 47.89155946317769 7.586731188059772 20.004906840429822 26.68783364968499 40.44746796120127 23.54280776956386 60.47499293975083 65.47359188717192 12.349222616350147 53.05216763011421 25.72238329271946 21.925931973401532 0.0 41.0184240815531 20.216433654881346 30.109364544064416 8.050043754451822 15.839184924341437 29.782666463390232 34.14843127328504 13.813794131490083 24.21718932165434 56.13988560288785 36.98817162338525 72.552904486883 51.11337164892364 19.52494470277539 65.73516332447522 16.85763227419668 28.24241136559108
42.76447483296179 60.84992766671433 1.4226131961563322 62.61337590954268 64.217499590204 72.14049994454251 32.56490940926107 83.40664309982868 65.74876888293453 25.061737477489114 70.7895468698522 44.773934272463585 54.04931528756191 43.865755419688085 76.10964076296048 61.7534844654821 62.03483639651143 62.876928774620986 88.89027690840751 46.5584646358551 39.798595866218406 14.429125202389956 3.5565329903929532 61.98923827958405 70.96304818163672 86.86684639457232 37.71943057275192 84.46697802192278 65.20715678734372 23.16922806312057 41.0184240815531 0.0 25.51992854487997 42.0316638245575 46.628259764878386 56.81916091607899 55.62908236080267 46.915290137631835 48.872693155140155 52.85474205206967 96.63899516325853 76.48796753522332 82.67543523394801 91.9558755034465 58.26100197227954 73.15678496744431 24.18736227173655 68.86063311192032
17.246040260672224 35.346278706091496 25.839875804390083 37.78232463918817 44.77073235787972 51.28676128107479 8.636348040227121 58.58233902124565 40.82015539278093 17.35661507442728 45.69973972314551 34.73380218933153 30.248602971462056 20.816605487960434 52.73762474892098 38.99609232145002 37.33656334256722 38.69315909232221 65.88979219986943 23.20903648475974 14.59869020392134 14.577900267956075 26.456325174081137 37.252652096492476 52.200796719661284 64.144325715052 12.589354434010277 59.2059130721316 40.81941667002568 19.527552878433273 20.216433654881346 25.51992854487997 0.0 19.843836831744078 27.91770246212231 34.46310909718403 30.60847319652148 25.123663759778758 23.940795895518708 41.08852803796491 75.64566694970063 57.10518323656423 64.57393181905003 68.37071732951483 33.78252147039582 56.05241670304546 9.33138534422403 45.28914548799383
13.979672996654887 26.284633996420865 42.77739845499777 33.36155529748757 25.087919247492867 31.45938235776521 20.965214872135093 42.22213302848823 35.460067765258614 36.39427625981372 30.569697571605545 49.82695062815808 31.011003314748738 2.58996514805461 50.731018446548596 40.23895755963939 21.267243927669583 21.30170108850977 63.597943966545955 27.488660258211162 10.132374139412539 34.0806923673345 43.95864733528032 33.32602465997395 32.58863774230167 44.99620876643545 17.82641002557123 44.37946467538767 37.554631420050974 39.00681496946392 30.109364544064416 42.0316638245575 19.843836831744078 0.0 37.74226315823058 37.41993008521047 16.440213786563277 5.281271684069636 22.90578409850989 54.29159303523696 76.30212247946942 61.390226844490854 44.99206095446664 64.62210529458902 31.556240994847062 36.92071294806672 28.492517508616956 43.68910643166026
24.25740817259507 30.350788418034146 46.17833271889432 24.938918636407326 59.83108559500151 63.00750136820987 19.87960972500636 57.812962917314856 27.813257834867297 22.28366995652483 45.454564203987786 15.912410465436313 15.180232027803195 36.620387490081804 31.71118582113404 17.682172311166408 41.47140068501061 44.652118306911326 43.41980324821851 11.654705799041098 27.6115307492864 32.21413420570297 45.57843079884832 24.000401740766467 67.09758720445883 70.146006053467 20.203437551914586 55.34544844180697 24.888658128956838 25.235798577200793 8.050043754451822 46.628259764878386 27.91770246212231 37.74226315823058 0.0 12.936135589488332 35.249272484680844 41.487333933732565 18.477230652841822 17.256505447197657 50.01621953703969 30.04266063509694 78.95528378447523 47.19569285742951 20.267023518974657 72.59600481514124 23.090734047551877 25.511964032738323
23.63718809842685 21.08851014024765 56.57989951446891 13.307686811724793 55.46139313091593 56.90452784629291 25.840419283270407 47.316256692026805 15.711304451252692 33.94675371354598 35.948772708928466 27.825885041071434 6.6727453729644575 35.56092942140972 19.481995823149024 5.0237822766955 34.19417307485559 37.7199514676252 32.071116716242535 11.382340168452801 28.1700360753556 42.5221939554571 56.28655401900428 12.375846625814528 62.196168423275445 61.38749091151084 23.081483015623665 44.05405128915528 12.237721389862038 37.17352758480082 15.839184924341437 56.81916091607899 34.46310909718403 37.41993008521047 12.936135589488332 0.0 29.330782895979887 39.748687891474006 14.542394979684987 26.383286870403538 41.22087019849968 24.052766723280747 73.27513032075214 35.29473059592841 9.58126152172632 68.21559704608835 32.63288757967952 12.735872356236706
14.548125604435407 11.352608401310142 56.127542473097606 20.397841366153052 26.209549764888283 27.91399097539352 26.751027501042337 27.978488838305157 21.52679890373862 43.30399513771024 15.160604248057966 50.34443633019731 22.796102580268656 13.867540598585641 37.41190013325041 30.27595160700057 7.042707643207655 9.582945077281702 49.501833865973 23.604156432547057 16.01017779957899 44.93779139234133 56.933729362969146 20.73165783122671 32.866732923158835 35.87098291144233 21.156867625011294 28.897562682313268 24.72904428856269 46.5433830672235 29.782666463390232 55.62908236080267 30.60847319652148 16.440213786563277 35.249272484680844 29.330782895979887 0.0 14.880767432424488 16.783536850823474 52.44424100217895 63.361777105142004 51.45744754492238 44.14012034644319 49.814369360839756 20.69496158928386 38.90730282327187 36.667755125983916 31.224750057569153
17.252433764356205 25.84066502158337 47.71292196707274 33.95166973235365 19.93543321275035 26.180205026689542 25.824405556175254 38.325264725713275 35.65719354749698 41.5630453018744 27.450480009231015 54.291057564155274 33.146854338816105 5.017874758091863 51.351831656768034 42.04030932472054 18.16342305272878 17.46520839303991 63.88059252295082 30.654110090131653 14.280596120772078 39.34164376853104 48.962535617020905 34.06345900069729 27.459177758462904 39.96748700564898 22.129743248947438 41.039010918599196 38.26924667079127 44.22757849314822 34.14843127328504 46.915290137631835 25.123663759778758 5.281271684069636 41.487333933732565 39.748687891474006 14.880767432424488 0.0 25.26936279870771 58.35743868442505 77.20281660077538 63.40857599887713 39.85669465616566 64.48320571177533 32.880899758347795 32.02991447811488 33.70660117718539 44.626212783335745
9.396097721791753 13.70537552664577 48.96483970427534 13.843514192736903 42.00858234411657 44.62866103798616 16.33595867417986 40.89766844736269 16.913147827979138 30.484227477617207 27.978692853128557 33.82901495029615 8.129576635954368 21.018540209184053 29.597402424026548 17.487067172783124 23.05807186735999 26.18270783126307 42.821217797883314 6.874547053433108 14.085518171667529 35.65446112896022 49.179953451214814 13.317646779887722 49.08409150723747 51.92363166528061 11.351693004764199 39.536049693423294 17.026073773058567 33.92656493428688 13.813794131490083 48.872693155140155 23.940795895518708 22.90578409850989 18.477230652841822 14.542394979684987 16.783536850823474 25.26936279870771 0.0 35.66132168712065 54.22163421203262 38.486486822170534 60.718529064108886 44.836706093050395 10.042379109703182 54.82692918258482 25.85860654561681 22.164838754244755
41.2605652499224 46.65279117329894 51.99245872349048 39.68414140048016 77.02687720875103 80.25284850045152 34.57127325580224 73.60428294617608 42.037242356015184 28.4056761609048 61.79296084311405 8.15139928199287 31.11167081947831 53.406947372348625 40.15404597743261 29.452518258225627 58.50957562763669 61.76926415947426 48.605708649260315 28.89422262274632 44.21263799972186 39.70147901688691 50.74635969217306 38.74742821886312 84.32594954027103 86.89831459482498 36.472189396837024 70.43503082054707 38.26392282291277 29.721321737486218 24.21718932165434 52.85474205206967 41.08852803796491 54.29159303523696 17.256505447197657 26.383286870403538 52.44424100217895 58.35743868442505 35.66132168712065 0.0 49.90511373284266 29.186563397489742 96.21039370418882 53.352612312700415 35.60902968148466 89.76357253475369 33.466465674468736 36.303654876565325
63.5951865278242 52.040496978394486 96.1938281784222 43.25843732666055 87.79143168843073 85.71307747134313 67.01026015414301 64.6576476555549 41.835147832231755 72.09373769879225 60.37944476122442 56.92669530238154 46.344413458993884 74.02561631475072 25.950842014589778 37.00235846458612 64.66888256182081 68.04625513116773 15.40876892308319 52.58757649942192 68.29722297991054 82.2159895985395 95.56190246806227 43.14386340988144 92.86973442404236 82.39415545594869 64.18275797508338 58.48182479479581 38.933589535059205 74.77448239657872 56.13988560288785 96.63899516325853 75.64566694970063 76.30212247946942 50.01621953703969 41.22087019849968 63.361777105142004 77.20281660077538 54.22163421203262 49.90511373284266 0.0 20.945483325962307 101.28002635432047 18.493971550045053 44.78053045423353 99.3396544602877 72.8183693940536 32.629927301447324
47.6854435838106 41.080321769405856 75.9561967781098 31.502698809634442 77.50518971541702 77.45429049473466 48.56066093829948 61.631904376720165 31.605265585047256 51.6461113696462 53.439937887486366 36.001171172125794 30.38453230348878 59.44011645542812 19.167711294264297 21.401673207452777 54.800574029324714 58.40508128952898 21.293222742725604 35.030321604624675 52.21985471909273 62.13620527396732 75.2019604175846 30.972664793401638 83.66518472685287 78.28359751051487 46.74810416253082 56.49493244879702 27.493957408619686 54.1758129585987 36.98817162338525 76.48796753522332 57.10518323656423 61.390226844490854 30.04266063509694 24.052766723280747 51.45744754492238 63.40857599887713 38.486486822170534 29.186563397489742 20.945483325962307 0.0 93.7737068637035 26.451018838714166 30.858911892196524 89.95882412395473 53.12813871123529 21.422578526873245
55.463620340726976 52.931601446038044 83.76440890651408 62.407614602981006 19.921333727311737 16.406508584428902 65.58674123383426 38.764179405744656 62.184259947656344 81.3863362369024 41.03289869330415 93.2057210739672 66.8657055762016 44.72990684618703 76.76872570294677 73.52789332333079 39.244029210833574 35.65128148880298 85.98658991695636 67.34869051247135 53.689946408955834 78.10797267276433 85.41626478251939 63.03673739341173 12.403516358195656 22.852628260755562 61.369603648964784 45.2020853955074 66.28642027770776 83.96117844725191 72.552904486883 82.67543523394801 64.57393181905003 44.99206095446664 78.95528378447523 73.27513032075214 44.14012034644319 39.85669465616566 60.718529064108886 96.21039370418882 101.28002635432047 93.7737068637035 0.0 84.2256693658527 64.12591015235306 9.823746757946662 73.46474008867908 72.4330064858227
53.617080546853835 38.64270748031066 91.77497280869663 31.60843043938585 72.28204706066076 69.19965770201048 60.043033033557265 46.692711198868835 29.197697753265366 69.13047681402531 43.962733242452906 58.60978395842307 38.16943401309511 62.14041193595769 15.851145585141904 30.28813207808634 49.66329368111178 52.75337226519469 5.184689770233829 45.513588020454335 58.20497621474275 77.75388116269858 91.54440651605427 31.86414527862062 76.68194518337286 64.46849851742313 55.962350287885364 40.38019106902735 27.854021465520567 72.27124892037932 51.11337164892364 91.9558755034465 68.37071732951483 64.62210529458902 47.19569285742951 35.29473059592841 49.814369360839756 64.48320571177533 44.836706093050395 53.352612312700415 18.493971550045053 26.451018838714166 84.2256693658527 0.0 34.794962019223725 83.1378774343636 67.79342192246892 23.150933802440054
19.070921565916795 11.534536664304893 58.25486777348283 4.875360264165807 46.88240625289918 47.72251212600769 25.763562385797005 38.0043868338777 8.034582292313145 37.9159010272792 26.38530753704639 36.074185119125154 5.2284599879721725 29.343579967687436 19.64649329080172 9.581261521726343 24.90355694735857 28.47961948789452 32.84322867691007 12.241481539748191 23.755661794345563 44.58237284683511 58.31077659139919 4.017969792959373 53.35192736601741 51.8068743761315 21.248913558421282 35.14819724267891 7.037057999693054 41.33605871967146 19.52494470277539 58.26100197227954 33.78252147039582 31.556240994847062 20.267023518974657 9.58126152172632 20.69496158928386 32.880899758347795 10.042379109703182 35.60902968148466 44.78053045423353 30.858911892196524 64.12591015235306 34.794962019223725 0.0 59.51017163832393 34.582564006081185 12.297917765663158
48.56352918341232 48.890431547976945 74.2742379973884 58.46856722938789 12.818403780365633 14.1280183346794 57.83141894735544 40.156401355933646 58.72868926365009 73.14099642223998 39.183478932749466 86.1754589005536 61.62555582805835 37.030645454489665 74.04207726530281 69.07283222411598 35.24102125734678 31.67406567686415 84.32609562712196 61.172367434766144 46.23240049972077 69.18848569556609 75.96954996257979 58.98630578103493 6.472797925877715 27.29142942000905 54.05177442600966 46.25027327720848 62.59164821336149 75.55759598891414 65.73516332447522 73.15678496744431 56.05241670304546 36.92071294806672 72.59600481514124 68.21559704608835 38.90730282327187 32.02991447811488 54.82692918258482 89.76357253475369 99.3396544602877 89.95882412395473 9.823746757946662 83.1378774343636 59.51017163832393 0.0 65.13764261481212 68.96654393674469
