0.0 42.825568765681425 55.40461529196503 9.506456045583075 50.467088856567365 27.110406612513408 70.4774501738709 29.405630355989953 48.980007967651815 50.43448720507916 56.66450604368847 40.983872492874795 64.40885907646314 63.683985255669995 63.33431512839852 40.62801850855888 47.942550931964014 22.93391158514665 22.97950510710508 17.76142686690466 4.7301004508800855 78.38637921884086 15.853069355860532 25.054165826000688 28.62478887894642 60.70294366862742 77.53181135018076 33.44793673437867 57.70343658479229 20.48834316835418 65.84800700333726 38.10754043279008 26.421892173424702 23.890003034691105 54.253213768982796 40.511690095870506 86.26193575163371 18.92628150255614 43.65878238425679 17.70788211412025 29.359190984982465 32.04928360858225 41.74657723462497 53.978611683770566 53.18630322379769 59.87462073819172 95.77784591376972 37.05725942599833
42.825568765681425 0.0 18.661441905521063 47.77411545909125 15.076524804148672 16.383816690995687 28.988292519221446 35.639596603124765 6.4913662436791455 40.31690725653955 14.527919336536097 31.14064867236594 21.596916957084836 22.181935937869373 23.795316494565142 18.410477170355442 16.09282567453362 52.6382786318039 36.27412547572939 40.664993853107 38.1146932929773 50.9930641777776 39.04027844894578 24.650175243782034 35.010756022905866 27.531660273286704 37.911964895543186 9.47407353457758 15.795406701218592 42.594084718494585 29.163570521225328 7.8243725788647795 58.213854067298435 54.19537441652201 14.950463233993634 2.913156980373502 46.850996500584344 26.375787016745427 12.218433488052838 25.598277406047966 13.99235458256195 38.85120454318668 15.169680773761257 40.87691032685065 30.763391394865018 28.598960729793475 60.10858083214052 7.923862900405674
55.40461529196503 18.661441905521063 0.0 57.78883097987033 4.9409308327469414 28.867757411844384 31.293410104837744 37.529053795834386 13.977924611019878 58.32648797334778 10.935231586516911 49.66460115624226 18.395253053980802 26.58601083711837 31.25997221314331 36.780452261539466 7.9711392810775 69.29645893179277 53.875233255457715 47.41383096371495 51.021468602937496 32.836818415372555 55.426862919440204 42.26446615553269 37.33109814778384 39.98982736772549 41.885446896854944 25.879488397989185 10.26540820276225 59.65986411797097 10.955061426665486 26.436544921224797 74.77243269332803 70.8353336280173 4.725669746151639 21.421115619565597 30.860068141749025 36.65336033802133 11.74595486053549 40.34893217946406 30.399125167254347 39.397031671227964 33.35247349745529 58.420023576454405 47.304740543679806 10.934747145113203 65.93402794689838 26.34794404035822
9.506456045583075 47.77411545909125 57.78883097987033 0.0 52.95361994423987 31.417469659347336 76.3488942791338 26.094065014508395 53.485667926175275 59.71963680580986 60.714211999602924 50.0057128565031 69.00088773038428 69.49488513678152 69.75455343465572 48.42153939093011 49.95126121313472 30.971413867691695 32.448708681183824 12.941534836427559 12.60969407259751 77.19036005420558 25.357008328454906 33.3831220312386 25.52786387160838 68.2382451896927 84.10941409511905 38.84438105184895 61.600513094080036 29.862448273943162 67.61504457631904 44.24401381154182 33.50383807780742 31.67124868805139 57.39199118386602 45.81786882959364 88.32519372197146 21.68885293272641 46.24718488183439 24.567709768939963 35.35515115868165 27.804668280082222 49.099449063733935 63.18510514528392 61.70170480593111 60.60353696388804 103.41025367747304 43.0880699493824
50.467088856567365 15.076524804148672 4.9409308327469414 52.95361994423987 0.0 23.958633888986675 32.78650414319057 33.42615156873897 11.771027092460518 55.318225645045295 11.920215917688887 46.20472622478294 20.561860175377383 27.328475593035154 31.424259298706207 33.47749195322488 3.8041065151401 64.5342936116642 49.33575138985009 42.798846237328945 46.08054853972893 35.9195551427098 50.656475794786665 37.78230884394391 33.15801098472299 39.01609096514647 43.24849658116669 21.375729327577826 11.832721339524632 54.98328467075991 15.74318990454703 22.60965573752707 69.9889517066423 66.06826178654163 5.649389115719559 17.621704544992333 35.80024797435718 31.736793968352863 6.809222813118703 35.48168867744348 25.79698400793242 35.55277834171656 30.17672039931543 55.69727006766003 45.01845451880617 13.52287570575724 67.12564707652184 22.3667471675262
27.110406612513408 16.383816690995687 28.867757411844384 31.417469659347336 23.958633888986675 0.0 45.22532600865312 22.925386883662984 22.1193835862933 42.87619734338278 29.60974066351766 32.043863820253975 37.64179503330948 38.37693515543207 39.273949220443356 23.246711196299934 22.067451549658415 41.03094705377391 27.385706079092497 24.818220691117535 22.519408435069835 56.22416737904664 27.21189374800702 17.104998277089724 22.085746068631988 40.16564268806677 53.63625714908135 8.17502586483269 30.6149698359407 32.014981094022836 39.6695447996298 14.410037033315776 46.37116048674958 42.53554491833411 27.254396953314583 14.646525259774863 59.61656407997804 10.05254787370814 17.300442359087782 11.654393700108237 7.20693813691199 26.629907959629538 22.064605566436065 44.891705945408184 38.19790960229377 35.20919455840336 74.67091059517057 13.156991726248025
70.4774501738709 28.988292519221446 31.293410104837744 76.3488942791338 32.78650414319057 45.22532600865312 0.0 63.63340651074337 24.59155330134579 46.617531437093426 20.87472399702588 43.40811087216852 13.136124500821042 6.856817621976709 8.674747538822634 33.45458258438699 36.399944798499895 75.2432055900569 57.98070530607165 69.64475922569387 65.7610230509397 58.444607711330505 63.1282363792685 47.96951819247581 63.12103844259192 19.29666227536707 10.597406587110884 37.506629279339414 21.15969503380586 65.04747954819338 33.845142468189024 32.370529732074004 80.70425070432714 76.74394377144051 27.392452826379483 30.599774215210253 38.095858258034745 55.273556828228465 36.18044255926066 52.77477602283053 41.18441456944171 66.46973237991489 30.728548168483222 44.544995717565904 32.74188408210789 40.78503610238635 34.65948728515308 33.43918562323351
29.405630355989953 35.639596603124765 37.529053795834386 26.094065014508395 33.42615156873897 22.925386883662984 63.63340651074337 0.0 39.04689667652045 64.95651008508861 44.124075443546815 54.050534293911156 53.097589680185266 57.121243694408165 59.37985848561374 46.169354101547235 29.72955421741537 51.35088387104416 43.909338397907455 13.180743859120701 27.373724116736657 51.398897852239564 39.95821891023111 37.16562217669166 0.9469686221960775 62.26621781349752 73.25228596096748 30.43264270442544 44.52711014199227 45.54151137103167 45.48770427321307 36.67741446797385 55.506650652878186 52.53620286960865 38.88003898475545 35.20103356934532 65.9852020764883 16.962720483073888 27.966333599830044 27.390108323878895 30.085416431009214 3.7836316131355843 44.9001496874308 67.31723968552954 61.12215562423696 37.107152530170836 95.74586076213869 35.461392875817296
48.980007967651815 6.4913662436791455 13.977924611019878 53.485667926175275 11.771027092460518 22.1193835862933 24.59155330134579 39.04689667652045 0.0 44.381523788424204 8.037179816943903 36.01056167445106 15.523454806453898 18.114783274918068 21.0486512724836 23.06977898884601 14.198163605037037 59.10454002112611 42.633199836198266 45.53958698246018 44.294163317369964 46.813975498965384 45.528819631219 31.048658148333338 38.5297042986138 27.423200880558046 34.33236338336739 15.871643884620521 9.319492051423186 49.032247691488735 23.678395395103944 13.871836155800066 64.68329953447063 60.66180859516898 9.577347639639173 9.322991229096141 40.52073715840537 31.863098887003897 12.192342288412487 31.96109554996495 20.45159235094991 41.9358217036157 19.568949689401187 44.442911088349646 33.427375483602475 24.704622810390703 57.50707663029191 14.206128170793761
50.43448720507916 40.31690725653955 58.32648797334778 59.71963680580986 55.318225645045295 42.87619734338278 46.617531437093426 64.95651008508861 44.381523788424204 0.0 50.22487855360385 10.90753570137713 51.24860519121762 42.844260178369424 38.21897448931754 21.987377734478937 56.328622268067136 40.42546322098963 27.810427683873417 61.58358313326841 47.24280476515012 91.10822775409419 35.377314137236276 28.275426334124237 64.03967785966765 27.559806835496595 46.52743896673458 37.703924631598646 51.615523864092694 33.037723053306415 67.74530607707044 33.461131442191544 44.53334550349976 41.477916682470806 53.939438338006966 38.07719985901611 81.17545735863509 48.41987854076699 51.9885535244013 38.622131938192084 35.85200473974137 68.74013970117986 25.15138271792405 4.045742835178663 13.877298525967102 68.79066721983392 54.260730679714975 34.139884707736904
56.66450604368847 14.527919336536097 10.935231586516911 60.714211999602924 11.920215917688887 29.60974066351766 20.87472399702588 44.124075443546815 8.037179816943903 50.22487855360385 0.0 42.71977872495722 8.977010127207102 15.70581855314273 20.33138812062936 29.8748771193042 15.590139407733822 67.12708416888252 50.5754891277641 51.98343422866461 52.0130324491319 42.321411940147215 53.565744649565985 39.03021568546482 43.73109452440533 29.489061709997188 31.37434309918118 23.84900431859623 1.4226131961563322 57.03444804697144 17.73154035580165 21.742596674665474 72.70791526194418 68.68437862085925 6.583769374194574 17.34980189541035 32.72794361580906 39.02538959161609 16.158304362459706 39.874117800011376 28.45938009376409 46.61778812119295 26.318344128911246 49.79198029969344 38.13895736267037 21.534905685045594 55.328116062676735 22.16927179287114
40.983872492874795 31.14064867236594 49.66460115624226 50.0057128565031 46.20472622478294 32.043863820253975 43.40811087216852 54.050534293911156 36.01056167445106 10.90753570137713 42.71977872495722 0.0 45.33904376621053 38.38405824339378 34.73343738191967 12.941904147637459 46.80233223063624 34.983904968032796 19.564770231486087 50.98662621428529 37.408378238769004 82.12336452187112 26.952691656489954 17.579812043985154 53.13454056644066 26.166798970941347 45.79724129602557 27.303935555094853 44.14104268823774 25.96742088886847 59.68381472042968 23.740694002905414 39.88362381377102 36.28761614961175 45.54630618599107 28.623930139191685 74.85377708684187 37.5605552024224 42.232462693122095 27.922592614263817 25.103165552821324 57.8341351605525 16.468474770039464 13.560900223446057 13.918428060134728 59.725012448997354 58.15606991885803 24.23454413455987
64.40885907646314 21.596916957084836 18.395253053980802 69.00088773038428 20.561860175377383 37.64179503330948 13.136124500821042 53.097589680185266 15.523454806453898 51.24860519121762 8.977010127207102 45.33904376621053 0.0 10.214430922997883 15.761134951894928 33.184575044230606 24.32981012749325 73.03708178341586 56.033591962448696 60.718171014850356 59.70409266354691 46.00904220898412 59.85837184859028 44.85190486698755 52.69870964024029 26.827651839874854 23.698848911190073 31.048572909451842 8.746971478867378 62.80596373867694 21.065401982555823 27.60285144545095 78.61905312459595 74.58703565791309 14.9436863173019 24.074462876405153 29.932742075353314 47.354768778513595 25.133656209203565 47.157466598582424 35.447329332976246 55.590911481417926 29.767608752470686 50.110078250227275 38.03027055234573 27.649324506263426 47.75017381346339 28.328228777214605
63.683985255669995 22.181935937869373 26.58601083711837 69.49488513678152 27.328475593035154 38.37693515543207 6.856817621976709 57.121243694408165 18.114783274918068 42.844260178369424 15.70581855314273 38.38405824339378 10.214430922997883 0.0 5.570680861374786 27.53822583288371 30.76163939920618 69.09670511319936 51.83374846552509 62.84692258776153 58.96295010042974 56.10169455628177 56.710723605724645 41.513937055748094 56.58128197880575 16.935827164857727 16.243899181968704 30.651444744777795 16.334966023065675 58.85956458977499 31.073719408021752 25.58120295350467 74.60180977530476 70.61356093430653 22.27205897919802 23.7456319822644 39.1263635704318 48.42714198498098 30.02422740412497 45.99100968413214 34.36290890305213 60.04795721601998 24.573106420802937 41.25578268856335 29.17030075989448 36.81649865140371 39.83132808580398 26.62968435109192
63.33431512839852 23.795316494565142 31.25997221314331 69.75455343465572 31.424259298706207 39.273949220443356 8.674747538822634 59.37985848561374 21.0486512724836 38.21897448931754 20.33138812062936 34.73343738191967 15.761134951894928 5.570680861374786 0.0 25.06352560962591 34.62412503513166 66.89267952144918 49.6598516685005 64.05126684505312 58.659433130819394 61.508010117474086 55.08220006202788 40.03514146144329 58.773506109806995 11.53477267224216 14.388489348523475 31.221866786553644 21.157981404241102 56.74668125416016 36.459250743327026 25.512738242183136 72.31455550004644 68.37914986999147 26.746347909520594 24.757874076249355 44.513700941261355 49.27128468932419 33.23605230099872 45.660549582846656 34.39944132074355 62.49861218746783 22.561145020105727 36.363511903574405 24.386773135718503 41.77517754965057 36.51837972238404 26.68296878049844
40.62801850855888 18.410477170355442 36.780452261539466 48.42153939093011 33.47749195322488 23.246711196299934 33.45458258438699 46.169354101547235 23.06977898884601 21.987377734478937 29.8748771193042 12.941904147637459 33.184575044230606 27.53822583288371 25.06352560962591 0.0 34.35168625838635 41.829846767718195 24.600715244618122 46.08942440329813 36.23337425993224 69.3752411038019 30.31730454296265 15.812476739251515 45.3228144035756 20.123713064589314 38.202929895715066 16.51285422890489 31.29749031546054 31.69120916441843 46.74191066784697 11.537856233936886 47.263296252715506 43.31883761277867 32.61398062583102 16.092625394924635 62.26173946232157 31.274869019822056 30.00960397601568 23.96956808091306 16.101689221777075 49.876077023924424 3.5565329903929532 22.93286449188178 14.953703508168378 46.993615262535194 55.15113064016768 12.329268624394963
47.942550931964014 16.09282567453362 7.9711392810775 49.95126121313472 3.8041065151401 22.067451549658415 36.399944798499895 29.72955421741537 14.198163605037037 56.328622268067136 15.590139407733822 46.80233223063624 24.32981012749325 30.76163939920618 34.62412503513166 34.35168625838635 0.0 63.02396627712606 48.385100983667705 39.44508912976416 43.67341450200537 35.6390561585064 49.15889330041585 37.009128570549066 29.489060869217766 41.61968587592932 46.801909458551016 20.77866346401341 15.58711662000825 53.71566857467757 17.905469971012327 23.061922755895594 68.40781927342216 64.54118526270656 9.449325739769375 18.262423356421074 38.44574727253337 29.065506452054855 4.979146186549285 33.71591034905123 24.90357514618363 31.786650701168867 31.22323710530685 56.9674158022877 46.70723022643742 13.52911937695939 70.59235425212805 22.617665239179477
22.93391158514665 52.6382786318039 69.29645893179277 30.971413867691695 64.5342936116642 41.03094705377391 75.2432055900569 51.35088387104416 59.10454002112611 40.42546322098963 67.12708416888252 34.983904968032796 73.03708178341586 69.09670511319936 66.89267952144918 41.829846767718195 63.02396627712606 0.0 17.267773864535844 40.62169879742056 23.989999624086735 96.8366198326481 13.879627772553768 28.2054099168909 50.487911888713185 60.41273191690497 79.63698674138558 43.725595659663966 68.42384229096018 10.260614542422537 80.24401516440517 45.563286658760745 5.587441121250235 1.5572964793110355 66.81020673051479 49.78168664326099 99.32788797720026 37.12194104716958 58.14421594612545 29.408232166048407 39.07680833276692 54.36597800915898 44.54510841601246 44.464316608404104 48.9012137065894 76.2384119072167 93.0970568999718 45.00241896573543
22.97950510710508 36.27412547572939 53.875233255457715 32.448708681183824 49.33575138985009 27.385706079092497 57.98070530607165 43.909338397907455 42.633199836198266 27.810427683873417 50.5754891277641 19.564770231486087 56.033591962448696 51.83374846552509 49.6598516685005 24.600715244618122 48.385100983667705 17.267773864535844 0.0 36.82039351682448 20.48519170066495 83.45648053627663 7.57330246051994 11.656684996732517 42.96636643787581 43.6486325108293 62.604496577512414 27.99629575994832 51.917137948707676 7.093450438117281 64.79553145829081 28.84139084645993 22.771644536466503 18.780116806821688 50.91912085649392 33.36778872834728 83.12362065065872 27.249729245600875 43.40784367593031 17.113583364281787 23.548871215324436 47.49198935934748 27.277387042695914 31.555338010274166 33.1575712290102 61.88683851058983 77.31554545325154 28.427126256738937
17.76142686690466 40.664993853107 47.41383096371495 12.941534836427559 42.798846237328945 24.818220691117535 69.64475922569387 13.180743859120701 45.53958698246018 61.58358313326841 51.98343422866461 50.98662621428529 60.718171014850356 62.84692258776153 64.05126684505312 46.08942440329813 39.44508912976416 40.62169879742056 36.82039351682448 0.0 17.22702820657735 64.47540595657702 31.236454957079545 33.40882100504921 12.662506959389654 64.62234659451802 78.38229707367226 32.97293508114053 52.67187787187824 36.632622068209955 56.54646599501544 39.10037012808598 44.16652480433891 41.627322911661714 47.75687998247556 39.3169315684497 77.27461008517544 15.069299782095943 36.4270216536696 23.097330755518826 30.74035637108529 14.9374385596521 45.819746450491905 64.54680914963535 60.62025412533071 48.891843113586305 99.40916126454655 37.85435323492454
4.7301004508800855 38.1146932929773 51.021468602937496 12.60969407259751 46.08054853972893 22.519408435069835 65.7610230509397 27.373724116736657 44.294163317369964 47.24280476515012 52.0130324491319 37.408378238769004 59.70409266354691 58.96295010042974 58.659433130819394 36.23337425993224 43.67341450200537 23.989999624086735 20.48519170066495 17.22702820657735 0.0 74.91760092440097 14.153763262436721 20.87820598683251 26.520640354653693 56.246524001312636 72.88350000171087 28.724568042148377 53.06777504107912 19.4378550224416 61.56711489521283 33.390510219847016 28.197778234462774 25.162541828356566 49.73227659201203 35.7864426227102 81.8788246212481 14.890540057947632 39.28210775121225 13.006514719607791 24.630474510723907 30.384040591517977 37.215989760866144 50.64658117763477 49.16744442110743 55.877056246218736 91.37107427624272 32.33432144767056
78.38637921884086 50.9930641777776 32.836818415372555 77.19036005420558 35.9195551427098 56.22416737904664 58.444607711330505 51.398897852239564 46.813975498965384 91.10822775409419 42.321411940147215 82.12336452187112 46.00904220898412 56.10169455628177 61.508010117474086 69.3752411038019 35.6390561585064 96.8366198326481 83.45648053627663 64.47540595657702 74.91760092440097 0.0 83.23222890869623 72.36955317105972 51.83332714666796 71.68145923148629 68.33570041977114 56.36646681824619 41.13064121809024 88.21085876398621 25.050305074857423 58.47204868127563 101.94932696393187 98.28767391987222 37.38589865067601 53.5176938746376 29.841065557597382 60.21419262404046 40.5227851389669 67.57699572978723 60.29445979597972 50.71396247049175 66.02712840301106 91.25674029195686 80.06603123106822 22.398435170169734 91.47783878089786 58.14057391447744
15.853069355860532 39.04027844894578 55.426862919440204 25.357008328454906 50.656475794786665 27.21189374800702 63.1282363792685 39.95821891023111 45.528819631219 35.377314137236276 53.565744649565985 26.952691656489954 59.85837184859028 56.710723605724645 55.08220006202788 30.31730454296265 49.15889330041585 13.879627772553768 7.57330246051994 31.236454957079545 14.153763262436721 83.23222890869623 0.0 15.204527278090518 39.04027844894578 50.033894867727405 68.51719997612281 29.9607642018778 54.83317689995652 5.5832950013467615 66.37123396717706 32.258325073407455 19.350689945735734 15.411790011372934 53.00635528739295 36.22740074682657 85.56353439713786 24.30156179884285 44.26987900740126 15.661412745336214 25.2989958528968 43.324356181614576 32.522270537838274 39.12855624148807 40.2922216242841 62.41619302337694 84.23714942268444 31.589489803064836
25.054165826000688 24.650175243782034 42.26446615553269 33.3831220312386 37.78230884394391 17.104998277089724 47.96951819247581 37.16562217669166 31.048658148333338 28.275426334124237 39.03021568546482 17.579812043985154 44.85190486698755 41.513937055748094 40.03514146144329 15.812476739251515 37.009128570549066 28.2054099168909 11.656684996732517 33.40882100504921 20.87820598683251 72.36955317105972 15.204527278090518 0.0 36.22884928023654 35.92465271897421 53.72630872723694 16.40816183584374 40.3548798315967 18.025186804682217 53.16780686564767 17.368001487986394 33.79223665625426 29.759245678138612 39.26294497585214 21.751857042672203 71.49881676144527 20.321285182504045 32.033308793655124 10.352873106128026 12.108516475463333 40.93031009970657 17.550459580369207 31.140710607621596 28.319230828339727 50.5375489151631 70.83137250066669 16.861282504574135
28.62478887894642 35.010756022905866 37.33109814778384 25.52786387160838 33.15801098472299 22.085746068631988 63.12103844259192 0.9469686221960775 38.5297042986138 64.03967785966765 43.73109452440533 53.13454056644066 52.69870964024029 56.58128197880575 58.773506109806995 45.3228144035756 29.489060869217766 50.487911888713185 42.96636643787581 12.662506959389654 26.520640354653693 51.83332714666796 39.04027844894578 36.22884928023654 0.0 61.53628759879632 72.688338320115 29.65244108662178 44.16086800508343 44.62351546621824 45.4592195599248 35.91072833218814 54.673163690974896 51.68100606709391 38.57315774989356 34.51633045292517 66.00865238695474 16.017423005532777 27.581622536448673 26.443851553960144 29.231353754500542 4.706981875808006 44.087208220456056 66.41338887856001 60.27645445259364 37.186244665340084 95.10621989195073 34.69016902996307
60.70294366862742 27.531660273286704 39.98982736772549 68.2382451896927 39.01609096514647 40.16564268806677 19.29666227536707 62.26621781349752 27.423200880558046 27.559806835496595 29.489061709997188 26.166798970941347 26.827651839874854 16.935827164857727 11.53477267224216 20.123713064589314 41.61968587592932 60.41273191690497 43.6486325108293 64.62234659451802 56.246524001312636 71.68145923148629 50.033894867727405 35.92465271897421 61.53628759879632 0.0 19.650687167306465 32.085171886426245 30.598277936146292 50.65848064568897 46.73455613112258 25.783306844742448 65.58675256042274 61.814402685133985 35.27505741848256 27.248569517856527 56.03194842540929 49.55359763532656 39.049241875847386 43.67155728861898 33.8881269654174 65.71567828305123 19.148797273481 25.28207853746487 13.753850264924338 50.873790155996026 35.17214068277596 27.032607582794242
77.53181135018076 37.911964895543186 41.885446896854944 84.10941409511905 43.24849658116669 53.63625714908135 10.597406587110884 73.25228596096748 34.33236338336739 46.52743896673458 31.37434309918118 45.79724129602557 23.698848911190073 16.243899181968704 14.388489348523475 38.202929895715066 46.801909458551016 79.63698674138558 62.604496577512414 78.38229707367226 72.88350000171087 68.33570041977114 68.51719997612281 53.72630872723694 72.688338320115 19.650687167306465 0.0 45.60586978884361 31.721424748016805 69.68384666443653 44.09958211666635 39.88200657127674 84.91535569139907 81.0749577152327 37.92732825306249 39.06581569986922 45.68569817407068 63.647681816491605 46.26216886257997 59.9087813238789 48.76013738535457 76.23695165911877 36.18426825074322 43.70548653045982 33.102753371368856 51.32657174093286 24.06301634281886 41.06092450908322
33.44793673437867 9.47407353457758 25.879488397989185 38.84438105184895 21.375729327577826 8.17502586483269 37.506629279339414 30.43264270442544 15.871643884620521 37.703924631598646 23.84900431859623 27.303935555094853 31.048572909451842 30.651444744777795 31.221866786553644 16.51285422890489 20.77866346401341 43.725595659663966 27.99629575994832 32.97293508114053 28.724568042148377 56.36646681824619 29.9607642018778 16.40816183584374 29.65244108662178 32.085171886426245 45.60586978884361 0.0 25.047937989064447 33.88500213735675 36.808233246366775 6.3048853639219855 49.26758120908102 45.277681280348425 23.09585982375983 7.068273970877342 55.60913742279991 18.060903535156562 15.847228911477359 16.124242190683773 4.663685933347367 34.01899871049784 14.639757726621417 39.17799370012466 31.200460324057712 34.284744617977154 66.49648016124343 5.061932197341722
57.70343658479229 15.795406701218592 10.26540820276225 61.600513094080036 11.832721339524632 30.6149698359407 21.15969503380586 44.52711014199227 9.319492051423186 51.615523864092694 1.4226131961563322 44.14104268823774 8.746971478867378 16.334966023065675 21.157981404241102 31.29749031546054 15.58711662000825 68.42384229096018 51.917137948707676 52.67187787187824 53.06777504107912 41.13064121809024 54.83317689995652 40.3548798315967 44.16086800508343 30.598277936146292 31.721424748016805 25.047937989064447 0.0 58.348335754199496 16.427572091988992 23.09625552994566 74.00221460852052 69.98110146453205 6.267638232014689 18.64247508115204 31.337704792670323 39.91805100428443 16.588045145241544 41.02221236366174 29.676302457988648 46.93367629125521 27.74095732506758 51.15448099036167 39.46798308799127 20.620325601029453 55.737372751001374 23.49820941841031
20.48834316835418 42.594084718494585 59.65986411797097 29.862448273943162 54.98328467075991 32.014981094022836 65.04747954819338 45.54151137103167 49.032247691488735 33.037723053306415 57.03444804697144 25.96742088886847 62.80596373867694 58.85956458977499 56.74668125416016 31.69120916441843 53.71566857467757 10.260614542422537 7.093450438117281 36.632622068209955 19.4378550224416 88.21085876398621 5.5832950013467615 18.025186804682217 44.62351546621824 50.65848064568897 69.68384666443653 33.88500213735675 58.348335754199496 0.0 70.6138879174636 35.39238751787648 15.823627815938702 11.79874758455223 56.9715001333127 39.71491667862246 89.39065885487295 29.78605718200569 48.77461908067796 20.7143498929038 29.28285389879107 48.90317519812694 34.32813712905013 36.965478595699466 39.78710971593325 67.09995820552443 84.03380585074396 34.87399035985264
65.84800700333726 29.163570521225328 10.955061426665486 67.61504457631904 15.74318990454703 39.6695447996298 33.845142468189024 45.48770427321307 23.678395395103944 67.74530607707044 17.73154035580165 59.68381472042968 21.065401982555823 31.073719408021752 36.459250743327026 46.74191066784697 17.905469971012327 80.24401516440517 64.79553145829081 56.54646599501544 61.56711489521283 25.050305074857423 66.37123396717706 53.16780686564767 45.4592195599248 46.73455613112258 44.09958211666635 36.808233246366775 16.427572091988992 70.6138879174636 0.0 36.987943100090106 85.71290531720071 81.78152427424509 14.239698750276409 32.01485821601531 20.742966535607085 46.96297266817821 22.390523938000122 51.222096221446215 41.34718759713847 46.71254812418624 43.22658532501498 67.4592891870641 55.867122475467724 9.547716220682172 67.82998328051029 37.008948949379516
38.10754043279008 7.8243725788647795 26.436544921224797 44.24401381154182 22.60965573752707 14.410037033315776 32.370529732074004 36.67741446797385 13.871836155800066 33.461131442191544 21.742596674665474 23.740694002905414 27.60285144545095 25.58120295350467 25.512738242183136 11.537856233936886 23.061922755895594 45.563286658760745 28.84139084645993 39.10037012808598 33.390510219847016 58.47204868127563 32.258325073407455 17.368001487986394 35.91072833218814 25.783306844742448 39.88200657127674 6.3048853639219855 23.09625552994566 35.39238751787648 36.987943100090106 0.0 51.150727543213925 47.11855129308542 22.77037888728281 5.018356191670057 54.38649749558973 24.083387917633786 18.55387200485537 20.409871276518384 8.891049278591636 40.22877031874888 8.941524691009906 34.46287550315377 25.540622478722813 36.08721752911073 60.3108893489147 1.2530474891635686
26.421892173424702 58.213854067298435 74.77243269332803 33.50383807780742 69.9889517066423 46.37116048674958 80.70425070432714 55.506650652878186 64.68329953447063 44.53334550349976 72.70791526194418 39.88362381377102 78.61905312459595 74.60180977530476 72.31455550004644 47.263296252715506 68.40781927342216 5.587441121250235 22.771644536466503 44.16652480433891 28.197778234462774 101.94932696393187 19.350689945735734 33.79223665625426 54.673163690974896 65.58675256042274 84.91535569139907 49.26758120908102 74.00221460852052 15.823627815938702 85.71290531720071 51.150727543213925 0.0 4.033091443455493 72.34059475813395 55.36085582723008 104.87581349771342 41.97182787280826 63.552071402410434 34.72152646804141 44.61324130736327 58.35508533784116 50.03623866168309 48.577626481790944 53.76309867432719 81.55412849088334 97.82546509769114 50.58830012112436
23.890003034691105 54.19537441652201 70.8353336280173 31.67124868805139 66.06826178654163 42.53554491833411 76.74394377144051 52.53620286960865 60.66180859516898 41.477916682470806 68.68437862085925 36.28761614961175 74.58703565791309 70.61356093430653 68.37914986999147 43.31883761277867 64.54118526270656 1.5572964793110355 18.780116806821688 41.627322911661714 25.162541828356566 98.28767391987222 15.411790011372934 29.759245678138612 51.68100606709391 61.814402685133985 81.0749577152327 45.277681280348425 69.98110146453205 11.79874758455223 81.78152427424509 47.11855129308542 4.033091443455493 0.0 68.36040688083345 51.33896325112871 100.88142601050707 38.49323082563599 59.666978134615036 30.903513511040035 40.62773193237565 55.50641972628579 46.0558051006204 45.52163001714494 50.19843275851078 77.73958781934586 94.35991992668872 46.55915835872896
54.253213768982796 14.950463233993634 4.725669746151639 57.39199118386602 5.649389115719559 27.254396953314583 27.392452826379483 38.88003898475545 9.577347639639173 53.939438338006966 6.583769374194574 45.54630618599107 14.9436863173019 22.27205897919802 26.746347909520594 32.61398062583102 9.449325739769375 66.81020673051479 50.91912085649392 47.75687998247556 49.73227659201203 37.38589865067601 53.00635528739295 39.26294497585214 38.57315774989356 35.27505741848256 37.92732825306249 23.09585982375983 6.267638232014689 56.9715001333127 14.239698750276409 22.77037888728281 72.34059475813395 68.36040688083345 0.0 17.826426964902755 32.58965484866414 35.86893171862 11.329922253632635 38.37334181366375 27.734278412860178 41.11039066991872 29.130780218192857 53.91779763528756 42.688655510657796 15.657077774122753 61.90410927788031 22.838805168440672
40.511690095870506 2.913156980373502 21.421115619565597 45.81786882959364 17.621704544992333 14.646525259774863 30.599774215210253 35.20103356934532 9.322991229096141 38.07719985901611 17.34980189541035 28.623930139191685 24.074462876405153 23.7456319822644 24.757874076249355 16.092625394924635 18.262423356421074 49.78168664326099 33.36778872834728 39.3169315684497 35.7864426227102 53.5176938746376 36.22740074682657 21.751857042672203 34.51633045292517 27.248569517856527 39.06581569986922 7.068273970877342 18.64247508115204 39.71491667862246 32.01485821601531 5.018356191670057 55.36085582723008 51.33896325112871 17.826426964902755 0.0 49.7558658997625 24.698671049003433 13.981393234208443 23.096788908600253 11.373676973990248 38.558881915014794 13.052804271394583 38.83658537036233 29.183177868500383 31.122562152544116 60.69007214320703 5.018356191670036
86.26193575163371 46.850996500584344 30.860068141749025 88.32519372197146 35.80024797435718 59.61656407997804 38.095858258034745 65.9852020764883 40.52073715840537 81.17545735863509 32.72794361580906 74.85377708684187 29.932742075353314 39.1263635704318 44.513700941261355 62.26173946232157 38.44574727253337 99.32788797720026 83.12362065065872 77.27461008517544 81.8788246212481 29.841065557597382 85.56353439713786 71.49881676144527 66.00865238695474 56.03194842540929 45.68569817407068 55.60913742279991 31.337704792670323 89.39065885487295 20.742966535607085 54.38649749558973 104.87581349771342 100.88142601050707 32.58965484866414 49.7558658997625 0.0 67.46800019247704 42.60534702204265 70.92331709018366 60.26702353169969 66.95821371163365 58.72772159248448 80.01781622903674 67.9210570057046 28.998280224913948 66.23545063890619 54.71277608947779
18.92628150255614 26.375787016745427 36.65336033802133 21.68885293272641 31.736793968352863 10.05254787370814 55.273556828228465 16.962720483073888 31.863098887003897 48.41987854076699 39.02538959161609 37.5605552024224 47.354768778513595 48.42714198498098 49.27128468932419 31.274869019822056 29.065506452054855 37.12194104716958 27.249729245600875 15.069299782095943 14.890540057947632 60.21419262404046 24.30156179884285 20.321285182504045 16.017423005532777 49.55359763532656 63.647681816491605 18.060903535156562 39.91805100428443 29.78605718200569 46.96297266817821 24.083387917633786 41.97182787280826 38.49323082563599 35.86893171862 24.698671049003433 67.46800019247704 0.0 24.939574435844037 10.435974062795825 15.678179979214097 20.689229173906256 30.81202384230572 51.01685454795265 46.02366518518267 41.00310410655394 84.36901107534334 22.844238168169223
43.65878238425679 12.218433488052838 11.74595486053549 46.24718488183439 6.809222813118703 17.300442359087782 36.18044255926066 27.966333599830044 12.192342288412487 51.9885535244013 16.158304362459706 42.232462693122095 25.133656209203565 30.02422740412497 33.23605230099872 30.00960397601568 4.979146186549285 58.14421594612545 43.40784367593031 36.4270216536696 39.28210775121225 40.5227851389669 44.26987900740126 32.033308793655124 27.581622536448673 39.049241875847386 46.26216886257997 15.847228911477359 16.588045145241544 48.77461908067796 22.390523938000122 18.55387200485537 63.552071402410434 59.666978134615036 11.329922253632635 13.981393234208443 42.60534702204265 24.939574435844037 0.0 28.910344782032173 19.926402465175656 30.498376840346726 27.034149305848164 52.817016538036505 42.96835800174904 18.504433959110035 69.65317177784749 17.9979188986614
17.70788211412025 25.598277406047966 40.34893217946406 24.567709768939963 35.48168867744348 11.654393700108237 52.77477602283053 27.390108323878895 31.96109554996495 38.622131938192084 39.874117800011376 27.922592614263817 47.157466598582424 45.99100968413214 45.660549582846656 23.96956808091306 33.71591034905123 29.408232166048407 17.113583364281787 23.097330755518826 13.006514719607791 67.57699572978723 15.661412745336214 10.352873106128026 26.443851553960144 43.67155728861898 59.9087813238789 16.124242190683773 41.02221236366174 20.7143498929038 51.222096221446215 20.409871276518384 34.72152646804141 30.903513511040035 38.37334181366375 23.096788908600253 70.92331709018366 10.435974062795825 28.910344782032173 0.0 11.76727165890389 31.09924414501538 24.532022540674 41.48142481502424 37.892543782656624 46.838354850617655 78.84369278596768 19.380757234127767
29.359190984982465 13.99235458256195 30.399125167254347 35.35515115868165 25.79698400793242 7.20693813691199 41.18441456944171 30.085416431009214 20.45159235094991 35.85200473974137 28.45938009376409 25.103165552821324 35.447329332976246 34.36290890305213 34.39944132074355 16.101689221777075 24.90357514618363 39.07680833276692 23.548871215324436 30.74035637108529 24.630474510723907 60.29445979597972 25.2989958528968 12.108516475463333 29.231353754500542 33.8881269654174 48.76013738535457 4.663685933347367 29.676302457988648 29.28285389879107 41.34718759713847 8.891049278591636 44.61324130736327 40.62773193237565 27.734278412860178 11.373676973990248 60.26702353169969 15.678179979214097 19.926402465175656 11.76727165890389 0.0 33.80867043554433 15.205876879577252 37.75281719233195 31.05291836501801 38.43081593725236 68.80837265921762 7.758290487844648
32.04928360858225 38.85120454318668 39.397031671227964 27.804668280082222 35.55277834171656 26.629907959629538 66.46973237991489 3.7836316131355843 41.9358217036157 68.74013970117986 46.61778812119295 57.8341351605525 55.590911481417926 60.04795721601998 62.49861218746783 49.876077023924424 31.786650701168867 54.36597800915898 47.49198935934748 14.9374385596521 30.384040591517977 50.71396247049175 43.324356181614576 40.93031009970657 4.706981875808006 65.71567828305123 76.23695165911877 34.01899871049784 46.93367629125521 48.90317519812694 46.71254812418624 40.22877031874888 58.35508533784116 55.50641972628579 41.11039066991872 38.558881915014794 66.95821371163365 20.689229173906256 30.498376840346726 31.09924414501538 33.80867043554433 0.0 48.54475713352342 71.09625906772443 64.82512325416243 37.964409674056014 98.94149338883786 39.023774351464404
41.74657723462497 15.169680773761257 33.35247349745529 49.099449063733935 30.17672039931543 22.064605566436065 30.728548168483222 44.9001496874308 19.568949689401187 25.15138271792405 26.318344128911246 16.468474770039464 29.767608752470686 24.573106420802937 22.561145020105727 3.5565329903929532 31.22323710530685 44.54510841601246 27.277387042695914 45.819746450491905 37.215989760866144 66.02712840301106 32.522270537838274 17.550459580369207 44.087208220456056 19.148797273481 36.18426825074322 14.639757726621417 27.74095732506758 34.32813712905013 43.22658532501498 8.941524691009906 50.03623866168309 46.0558051006204 29.130780218192857 13.052804271394583 58.72772159248448 30.81202384230572 27.034149305848164 24.532022540674 15.205876879577252 48.54475713352342 0.0 25.78474491770601 16.62994304699084 43.67037737606322 54.317355325668125 9.940897624896124
53.978611683770566 40.87691032685065 58.420023576454405 63.18510514528392 55.69727006766003 44.891705945408184 44.544995717565904 67.31723968552954 44.442911088349646 4.045742835178663 49.79198029969344 13.560900223446057 50.110078250227275 41.25578268856335 36.363511903574405 22.93286449188178 56.9674158022877 44.464316608404104 31.555338010274166 64.54680914963535 50.64658117763477 91.25674029195686 39.12855624148807 31.140710607621596 66.41338887856001 25.28207853746487 43.70548653045982 39.17799370012466 51.15448099036167 36.965478595699466 67.4592891870641 34.46287550315377 48.577626481790944 45.52163001714494 53.91779763528756 38.83658537036233 80.01781622903674 51.01685454795265 52.817016538036505 41.48142481502424 37.75281719233195 71.09625906772443 25.78474491770601 0.0 12.108616760519721 69.0650492632969 50.42260044221294 35.256861264372326
53.18630322379769 30.763391394865018 47.304740543679806 61.70170480593111 45.01845451880617 38.19790960229377 32.74188408210789 61.12215562423696 33.427375483602475 13.877298525967102 38.13895736267037 13.918428060134728 38.03027055234573 29.17030075989448 24.386773135718503 14.953703508168378 46.70723022643742 48.9012137065894 33.1575712290102 60.62025412533071 49.16744442110743 80.06603123106822 40.2922216242841 28.319230828339727 60.27645445259364 13.753850264924338 33.102753371368856 31.200460324057712 39.46798308799127 39.78710971593325 55.867122475467724 25.540622478722813 53.76309867432719 50.19843275851078 42.688655510657796 29.183177868500383 67.9210570057046 46.02366518518267 42.96835800174904 37.892543782656624 31.05291836501801 64.82512325416243 16.62994304699084 12.108616760519721 0.0 58.12619272886818 44.25844395972504 26.56922119232209
59.87462073819172 28.598960729793475 10.934747145113203 60.60353696388804 13.52287570575724 35.20919455840336 40.78503610238635 37.107152530170836 24.704622810390703 68.79066721983392 21.534905685045594 59.725012448997354 27.649324506263426 36.81649865140371 41.77517754965057 46.993615262535194 13.52911937695939 76.2384119072167 61.88683851058983 48.891843113586305 55.877056246218736 22.398435170169734 62.41619302337694 50.5375489151631 37.186244665340084 50.873790155996026 51.32657174093286 34.284744617977154 20.620325601029453 67.09995820552443 9.547716220682172 36.08721752911073 81.55412849088334 77.73958781934586 15.657077774122753 31.122562152544116 28.998280224913948 41.00310410655394 18.504433959110035 46.838354850617655 38.43081593725236 37.964409674056014 43.67037737606322 69.0650492632969 58.12619272886818 0.0 75.34279470237584 35.784261911886574
