0 33 62 121 96 24 62 81 78 36 29 100 87 23 48 3 68 104 50 82 15 38 38 110 100 26 58 79 71 31 26 70 81 33 52 8 72 65 36 65 72 61 53 50 53 61 73 86 101 116 63 49 40 36 40 51 64 79 95 111 56 40 27 22 29 42 57 74 90 107 52 35 18 8 20 37 54 71 88 106 52 35 18 7 20 37 54 71 88 105 56 40 27 21 28 42 57 74 90 107 62 49 39 35 40 50 64 79 95 111 71 60 52 50 53 61 72 86 101 116 82 72 66 64 66 73 83 94 108 122 93 85 80 78 80 85 94 104 117 130
33 0 37 135 113 21 86 49 52 57 30 107 106 44 29 34 54 121 63 50 47 41 8 126 117 17 83 47 46 45 28 70 102 54 26 29 55 68 69 33 99 91 85 83 84 89 96 106 118 131 87 78 71 69 70 76 85 96 109 123 77 66 58 54 56 63 74 87 101 116 67 55 45 40 43 52 64 79 94 110 60 45 33 26 31 42 57 73 89 106 55 39 23 12 20 35 52 69 86 103 54 37 20 3 16 33 51 68 85 103 57 40 26 17 23 37 53 70 87 104 62 48 37 31 35 45 59 74 90 107 70 58 49 45 48 56 67 81 96 112
62 37 0 172 150 57 121 42 17 92 39 142 142 78 59 61 26 157 99 37 75 77 29 162 153 54 117 46 10 81 41 104 138 89 52 55 25 103 97 38 110 107 107 109 115 122 131 142 154 167 97 93 93 96 102 110 120 132 145 159 83 79 79 82 89 99 110 123 136 151 70 65 65 69 77 88 101 114 129 144 57 51 51 56 66 78 92 107 123 139 45 37 37 44 56 70 86 102 118 135 34 24 23 34 48 64 81 98 115 132 28 12 11 27 44 61 78 96 113 130 28 12 12 27 44 61 78 96 113 130 34 24 23 34 48 64 81 98 115 132
121 135 172 0 27 115 65 165 186 85 149 40 37 99 118 123 186 20 73 171 116 95 143 11 22 119 69 158 180 93 145 74 45 88 127 127 188 72 106 150 160 142 125 108 90 73 56 39 21 5 160 143 126 109 92 75 58 42 27 18 163 146 129 112 96 79 64 49 38 32 166 149 133 117 101 86 72 59 50 45 170 154 138 123 108 94 81 70 62 59 176 160 145 130 116 103 92 82 75 72 182 167 152 138 125 113 103 94 89 86 189 175 161 147 135 124 115 107 102 100 197 183 170 157 146 136 127 120 116 113 205 192 179 168 157 147 139 133 129 127
96 113 150 27 0 93 39 148 165 60 124 39 10 74 99 98 162 9 51 153 90 74 121 17 6 97 42 141 159 69 121 60 19 63 109 102 165 56 80 131 133 116 99 81 64 47 29 12 6 24 134 117 100 82 65 49 32 18 15 27 136 119 102 86 70 54 40 30 28 36 140 123 107 91 76 62 51 43 42 47 144 129 113 98 85 72 62 56 55 60 150 135 121 107 94 83 75 70 69 72 157 143 129 116 105 95 88 84 83 85 165 151 139 127 116 107 101 97 96 99 174 161 149 138 128 120 114 111 110 112 183 171 159 149 140 133 128 125 124 126
24 21 57 115 93 0 66 64 72 37 40 88 86 25 25 27 72 101 43 67 36 22 28 105 97 4 63 60 66 25 37 53 82 35 29 25 74 50 55 46 96 84 75 69 67 70 76 86 97 111 86 73 63 56 53 56 64 75 89 103 78 64 51 42 39 44 53 67 81 97 72 56 42 30 25 32 44 60 76 92 69 52 35 19 11 22 38 55 72 89 68 51 33 16 4 20 37 54 72 89 70 54 38 24 18 26 41 57 74 90 75 60 46 36 32 37 49 63 78 94 82 68 57 49 46 50 59 71 85 100 91 79 69 62 60 63 70 80 93 107
62 86 121 65 39 66 0 128 137 30 90 62 29 43 80 64 129 46 32 131 53 53 93 55 44 70 4 123 130 42 87 58 21 32 89 69 133 51 41 110 96 79 61 44 27 12 11 27 44 61 96 79 62 44 27 12 12 27 44 61 98 81 65 49 34 23 23 34 49 65 102 86 71 56 44 37 36 44 56 70 108 93 79 66 56 50 50 56 66 78 115 101 88 77 69 64 64 68 76 87 123 110 99 89 82 78 78 81 88 98 133 121 110 101 95 92 91 94 100 109 143 132 122 114 109 106 105 108 113 121 154 143 134 127 122 119 119 121 126 133
81 49 42 165 148 64 128 0 42 99 71 130 142 88 49 82 67 155 99 8 95 76 46 156 150 60 125 8 42 86 71 92 140 97 40 77 65 94 116 18 144 137 133 130 130 132 137 143 151 160 131 124 119 116 116 119 124 130 139 150 119 111 105 102 102 105 111 118 128 139 107 98 92 88 88 92 98 107 117 130 95 86 78 74 74 78 86 96 108 121 85 74 65 60 60 65 74 86 99 113 76 63 52 46 47 53 64 77 91 106 68 53 41 33 33 42 54 69 85 101 63 46 31 19 20 32 48 64 81 98 60 43 26 9 11 28 45 62 79 97
78 52 17 186 165 72 137 42 0 108 55 155 158 94 72 77 30 172 114 35 91 92 45 176 168 69 133 49 7 96 57 117 153 105 63 71 26 117 113 45 123 122 122 125 131 138 147 157 169 181 109 107 108 112 118 126 136 147 159 173 95 93 94 98 105 114 125 137 151 164 82 79 80 85 93 103 115 128 142 157 68 65 67 72 82 93 106 120 135 151 54 51 53 60 71 84 98 114 129 145 41 37 39 49 62 77 92 108 125 141 30 22 27 40 55 71 88 105 121 139 21 8 18 34 51 68 85 103 120 137 21 7 17 34 51 68 85 102 120 137
36 57 92 85 60 37 30 99 108 0 64 68 52 14 53 38 102 68 18 102 33 26 64 75 65 40 27 94 101 13 61 45 47 3 61 43 105 39 35 81 90 74 59 46 37 34 40 51 65 81 86 69 52 37 24 20 29 44 59 76 83 66 49 32 15 7 22 39 56 74 84 66 49 32 16 10 23 40 57 74 86 70 54 39 27 23 31 45 60 77 91 75 61 48 39 37 42 53 67 82 98 83 70 60 53 51 55 64 75 89 106 93 81 72 66 65 68 75 85 97 115 103 93 85 80 79 81 87 96 107 125 114 105 98 94 93 95 100 108 117
29 30 39 149 124 40 90 71 55 64 0 126 115 51 57 27 40 132 77 69 39 60 28 138 128 38 87 72 48 57 4 92 109 61 56 22 44 88 60 58 74 69 68 72 79 89 101 115 129 144 61 55 54 59 67 79 93 107 122 138 49 41 40 46 57 70 85 101 117 134 38 28 26 35 48 64 80 97 113 130 31 16 13 26 43 60 77 94 111 128 29 12 8 24 42 59 76 93 111 128 34 21 19 30 45 61 78 95 112 129 43 34 33 40 52 67 82 99 115 132 55 48 47 52 62 75 89 104 120 136 67 62 61 65 73 84 97 111 126 141
100 107 142 40 39 88 62 130 155 68 126 0 44 78 85 103 160 41 51 136 100 67 114 35 37 91 64 122 150 70 123 39 50 70 94 106 162 39 98 115 155 138 121 105 89 73 58 46 37 36 152 135 118 101 84 67 51 36 25 23 150 133 116 99 81 64 47 30 14 10 150 133 116 99 81 64 47 30 13 9 152 134 117 100 84 67 51 35 23 21 154 137 121 104 88 72 57 45 36 34 158 141 125 109 94 80 67 56 49 48 163 147 131 116 102 89 77 68 62 62 168 153 138 124 111 99 88 81 76 75 175 161 146 133 121 110 101 94 90 89
87 106 142 37 10 86 29 142 158 52 115 44 0 66 94 89 154 18 44 147 80 68 113 27 16 89 32 137 151 62 112 58 9 55 103 94 157 53 70 126 123 106 89 71 54 37 20 3 16 33 124 107 90 73 56 39 23 13 20 36 126 109 93 76 60 45 33 27 31 43 130 114 98 82 68 55 45 41 43 52 135 119 104 90 77 66 58 54 57 63 141 126 112 99 87 78 71 68 70 76 149 135 121 109 99 90 84 82 83 88 157 144 131 120 111 103 98 96 97 101 166 153 142 132 123 116 112 110 111 114 176 164 153 144 135 129 125 124 124 127
23 44 78 99 74 25 43 88 94 14 51 78 66 0 45 25 88 82 28 91 23 23 50 88 78 28 40 84 88 10 47 51 60 12 51 29 92 45 34 71 85 70 58 48 43 45 53 65 79 94 78 63 48 36 29 33 43 57 73 89 74 57 41 26 16 21 35 52 68 85 73 55 38 21 4 15 32 49 67 84 74 57 40 25 14 20 35 51 68 85 78 62 47 35 28 31 42 56 72 88 84 69 56 47 42 44 52 64 78 93 92 79 68 60 56 58 64 74 86 100 101 89 80 73 70 71 76 85 96 109 111 101 92 86 84 85 89 97 106 118
48 29 59 118 99 25 80 49 72 53 57 85 94 45 0 50 81 106 51 54 60 28 35 108 102 24 78 43 67 40 55 46 92 51 10 48 81 47 78 33 120 108 99 92 87 86 89 94 103 113 110 97 87 78 73 72 75 82 91 103 101 87 75 66 60 58 62 70 81 94 94 79 65 54 46 44 49 59 72 86 88 72 56 43 33 31 37 50 64 80 84 67 50 34 21 17 28 43 59 76 82 65 48 30 13 6 23 40 57 74 83 66 49 33 18 13 26 42 58 75 86 70 55 40 30 27 35 48 63 79 92 77 63 51 43 41 46 56 70 84
3 34 61 123 98 27 64 82 77 38 27 103 89 25 50 0 66 106 52 83 15 41 38 112 102 28 60 80 71 33 24 73 83 36 53 7 70 68 36 66 70 59 52 50 54 63 74 88 103 118 60 47 38 36 41 52 66 81 97 113 53 38 26 22 30 44 60 76 93 110 49 32 16 8 23 39 57 74 91 108 49 32 16 9 23 39 57 74 91 108 53 38 26 22 30 44 60 76 93 110 60 48 38 36 42 52 66 81 97 113 70 59 52 50 54 63 75 88 103 119 81 71 66 64 67 74 85 97 110 125 92 84 79 78 81 87 95 106 119 132
68 54 26 186 162 72 129 67 30 102 40 160 154 88 81 66 0 170 113 62 78 93 47 175 166 69 125 72 27 93 43 123 148 99 74 61 6 121 98 64 98 99 102 109 118 128 140 153 167 181 83 85 89 97 106 118 131 145 159 174 69 71 76 85 96 109 123 137 152 168 55 57 64 74 86 100 115 131 147 163 41 43 52 64 78 94 109 126 142 159 26 30 42 56 72 89 105 122 139 156 12 19 35 51 68 86 103 120 137 154 4 16 33 50 67 85 102 119 137 154 18 23 37 53 70 86 103 121 138 155 32 35 45 59 74 90 107 123 140 157
104 121 157 20 9 101 46 155 172 68 132 41 18 82 106 106 170 0 59 160 98 81 129 11 5 104 50 148 166 77 129 66 26 71 116 110 173 62 87 139 140 123 106 88 71 54 36 19 4 17 141 124 107 90 73 56 40 26 18 24 144 127 110 94 78 62 48 37 32 36 147 131 115 99 84 70 58 49 45 48 152 137 121 106 92 80 69 62 59 61 158 143 129 115 102 91 82 75 73 75 165 151 137 124 112 102 94 89 87 88 173 159 146 134 124 114 107 102 100 102 182 169 156 145 135 127 120 116 114 115 191 179 167 156 147 139 133 130 128 129
50 63 99 73 51 43 32 99 114 18 77 51 44 28 51 52 113 59 0 104 49 24 71 63 54 46 31 94 108 20 73 30 41 19 60 56 116 23 51 82 107 91 76 61 49 41 39 44 55 69 103 86 69 54 39 28 25 33 47 62 100 83 66 49 32 17 12 25 41 58 100 82 65 48 31 14 6 23 40 57 101 84 67 51 35 22 19 29 44 60 105 88 72 57 44 34 32 39 51 65 110 94 80 66 55 48 46 51 60 73 116 102 88 77 67 61 60 64 71 82 124 111 99 88 80 75 74 77 83 93 133 121 109 100 93 89 88 90 96 104
82 50 37 171 153 67 131 8 35 102 69 136 147 91 54 83 62 160 104 0 97 80 46 162 156 63 129 16 36 90 70 98 145 100 45 77 59 100 118 22 143 137 133 132 133 136 141 148 156 166 130 123 119 118 119 122 128 136 145 156 117 110 105 104 105 109 115 124 134 146 104 97 92 90 91 96 103 112 124 136 92 84 78 76 77 83 91 102 114 128 81 71 64 61 64 70 80 92 106 120 71 59 51 47 50 58 70 84 98 114 62 49 38 33 37 48 61 77 93 109 56 40 26 19 26 39 55 72 89 106 53 36 19 5 18 35 52 69 87 104
15 47 75 116 90 36 53 95 91 33 39 100 80 23 60 15 78 98 49 97 0 45 52 105 94 38 49 93 84 33 36 74 73 30 64 21 82 68 22 79 62 49 39 36 40 51 64 79 95 111 55 40 27 22 29 42 58 74 91 108 52 35 18 8 20 37 54 71 89 106 52 34 18 8 20 37 54 71 89 106 55 40 27 22 29 42 58 74 91 108 62 49 39 36 40 51 64 79 95 111 71 60 52 50 53 61 73 86 101 116 82 72 66 64 66 73 83 95 108 123 93 85 80 78 80 85 94 105 117 130 105 98 93 92 94 98 106 115 127 139
38 41 77 95 74 22 53 76 92 26 60 67 68 23 28 41 93 81 24 80 45 0 49 85 77 25 51 71 86 15 57 33 65 25 37 42 95 29 56 59 106 92 80 69 62 59 61 68 78 90 99 84 70 58 49 45 48 56 68 82 93 77 62 48 36 31 35 46 60 75 90 73 56 40 25 17 24 38 54 71 88 71 54 36 19 4 17 34 51 69 89 72 55 38 22 12 20 36 53 70 92 75 59 44 31 25 30 42 57 73 96 81 66 53 44 39 43 52 64 79 103 89 76 64 57 53 56 63 74 86 111 98 86 76 70 67 69 75 84 95
38 8 29 143 121 28 93 46 45 64 28 114 113 50 35 38 47 129 71 46 52 49 0 133 124 25 89 45 38 52 27 77 109 61 30 32 48 75 73 31 100 93 88 87 89 95 103 113 125 138 88 79 74 73 76 82 92 103 116 130 76 66 60 59 62 70 81 94 108 123 66 54 47 45 50 59 72 86 101 117 57 43 33 31 37 50 64 80 96 113 51 35 21 17 27 42 59 76 93 110 48 31 14 5 22 39 57 74 91 109 50 33 18 13 25 41 58 75 92 109 55 41 30 27 34 47 62 78 95 112 63 51 43 41 46 56 69 84 100 116
110 126 162 11 17 105 55 156 176 75 138 35 27 88 108 112 175 11 63 162 105 85 133 0 12 109 59 150 171 82 135 66 35 77 118 117 178 63 96 141 150 133 115 98 81 63 46 29 12 7 151 133 116 99 82 65 48 32 18 15 152 135 118 102 85 69 53 40 30 28 156 139 122 106 91 76 62 50 43 41 160 144 128 112 98 84 72 62 56 55 165 150 134 120 106 94 83 74 69 69 172 157 142 128 116 104 94 87 83 82 179 164 151 138 126 115 107 100 97 96 187 173 160 148 137 127 119 114 110 110 195 182 170 159 148 139 132 127 124 123
100 117 153 22 6 97 44 150 168 65 128 37 16 78 102 102 166 5 54 156 94 77 124 12 0 100 47 144 162 73 125 61 24 67 111 107 169 58 85 134 139 121 104 87 69 52 35 17 1 18 139 122 105 88 71 54 37 22 14 23 141 124 107 91 74 59 44 32 27 33 145 128 112 96 81 66 54 45 41 45 149 133 118 103 89 76 65 58 55 58 155 140 125 111 98 86 77 71 69 71 162 147 133 120 108 98 90 84 82 84 169 156 142 130 119 110 102 98 96 98 178 165 152 141 131 122 116 111 110 111 187 174 163 152 143 135 129 125 124 125
26 17 54 119 97 4 70 60 69 40 38 91 89 28 24 28 69 104 46 63 38 25 25 109 100 0 67 57 63 28 35 55 85 38 27 25 71 53 58 43 97 86 77 72 70 73 80 89 101 114 87 74 64 58 56 60 68 79 92 106 78 64 53 44 42 47 57 70 84 100 72 56 42 31 28 35 48 63 78 95 67 51 34 20 15 26 41 58 75 92 66 49 31 14 4 22 39 56 73 91 68 51 35 20 15 26 41 58 75 92 72 57 43 32 29 36 48 63 79 95 79 65 53 45 43 48 58 70 85 100 87 75 65 59 57 61 69 79 92 107
58 83 117 69 42 63 4 125 133 27 87 64 32 40 78 60 125 50 31 129 49 51 89 59 47 67 0 120 127 39 83 58 25 29 86 65 129 51 38 108 93 76 58 41 25 11 15 31 48 65 92 75 58 41 24 8 14 30 47 65 94 77 61 45 30 20 23 35 51 67 98 82 67 52 41 34 36 45 58 72 104 89 75 62 53 48 49 56 66 80 111 97 84 74 66 62 62 68 77 88 120 107 95 86 79 76 76 81 88 98 129 117 107 98 92 89 90 94 100 109 139 128 119 111 106 103 104 107 113 121 150 140 131 124 120 117 118 120 125 133
79 47 46 158 141 60 123 8 49 94 72 122 137 84 43 80 72 148 94 16 93 71 45 150 144 57 120 0 48 81 71 85 135 92 34 75 70 87 114 15 144 137 131 128 127 128 131 137 145 154 132 124 118 114 113 114 118 124 133 143 120 111 104 100 99 100 105 112 121 132 109 99 91 86 85 87 92 100 110 122 98 87 78 72 71 73 79 89 100 113 88 76 65 59 57 60 67 78 91 105 80 66 54 45 43 47 56 69 83 99 73 58 43 32 29 35 47 61 77 94 69 52 36 21 15 25 40 56 73 90 67 50 33 15 3 20 37 55 72 89
71 46 10 180 159 66 130 42 7 101 48 150 151 88 67 71 27 166 108 36 84 86 38 171 162 63 127 48 0 90 50 112 147 98 59 64 24 111 106 42 117 115 116 118 124 131 141 151 163 176 103 101 101 105 111 119 129 141 154 167 89 87 87 91 98 108 119 131 145 159 76 73 73 78 86 97 109 123 137 152 62 58 60 66 75 87 101 115 131 146 49 44 46 53 65 79 93 109 125 141 37 30 33 43 56 72 88 104 121 138 27 16 21 35 51 67 84 101 118 136 22 5 14 31 48 66 83 100 118 135 26 14 19 34 50 67 84 101 118 135
31 45 81 93 69 25 42 86 96 13 57 70 62 10 40 33 93 77 20 90 33 15 52 82 73 28 39 81 90 0 54 41 57 12 48 36 96 35 42 69 94 80 66 55 48 47 52 61 74 88 88 72 57 44 35 33 40 52 66 82 84 67 51 35 22 20 30 44 61 77 82 64 47 30 13 7 24 41 58 75 82 65 48 31 16 11 25 42 59 76 85 69 53 38 27 25 33 47 62 79 90 75 60 48 40 38 44 55 69 84 97 83 70 60 53 52 57 65 77 91 105 92 81 72 67 66 70 77 87 99 115 103 93 85 81 80 83 89 98 109
26 28 41 145 121 37 87 71 57 61 4 123 112 47 55 24 43 129 73 70 36 57 27 135 125 35 83 71 50 54 0 89 106 58 54 19 47 85 57 58 74 68 67 69 76 86 98 111 126 141 61 54 52 56 64 76 89 104 119 135 50 41 38 43 54 67 82 98 114 130 40 28 24 32 45 60 77 93 110 127 33 17 10 23 39 56 74 91 108 125 32 15 6 22 39 56 73 90 108 125 37 24 20 28 43 59 75 92 109 126 46 37 34 39 51 65 80 96 112 129 57 50 48 52 61 73 87 102 117 133 70 64 62 65 72 83 95 109 124 139
70 70 104 74 60 53 58 92 117 45 92 39 58 51 46 73 123 66 30 98 74 33 77 66 61 55 58 85 112 41 89 0 60 47 55 74 125 8 80 77 134 119 104 90 78 68 62 59 62 69 128 112 97 82 68 56 48 46 49 58 124 108 91 75 60 46 35 32 37 48 121 104 87 70 54 38 24 18 26 41 120 103 86 68 51 34 17 4 20 37 120 103 86 69 52 35 19 11 22 38 123 106 89 72 56 41 29 25 31 44 126 110 94 78 64 51 42 38 43 53 131 115 100 86 73 62 55 52 55 63 137 122 108 95 84 74 68 66 69 75
81 102 138 45 19 82 21 140 153 47 109 50 9 60 92 83 148 26 41 145 73 65 109 35 24 85 25 135 147 57 106 60 0 49 101 88 151 54 62 123 115 98 80 63 46 29 11 7 24 42 116 99 82 65 48 32 18 16 28 44 118 102 85 69 54 40 30 29 37 50 123 106 91 76 62 51 43 42 48 59 128 113 98 84 72 63 57 56 61 69 135 120 107 94 84 75 71 70 73 81 143 129 116 105 96 88 84 84 87 93 152 139 127 117 108 102 98 98 100 105 161 149 138 129 121 115 112 111 113 118 171 160 150 141 134 129 126 125 127 131
33 54 89 88 63 35 32 97 105 3 61 70 55 12 51 36 99 71 19 100 30 25 61 77 67 38 29 92 98 12 58 47 49 0 59 40 103 40 34 80 88 73 58 46 37 36 43 54 68 83 84 67 51 36 24 22 32 46 62 79 81 64 47 30 14 10 25 42 59 76 81 64 47 30 14 10 25 42 59 76 84 67 51 36 24 22 32 46 62 79 88 73 58 46 37 36 42 54 68 83 95 81 68 57 51 50 54 64 76 90 103 90 78 70 64 63 67 75 86 98 112 100 90 83 78 77 80 87 96 107 122 112 103 96 92 91 94 99 108 118
52 26 52 127 109 29 89 40 63 61 56 94 103 51 10 53 74 116 60 45 64 37 30 118 111 27 86 34 59 48 54 55 101 59 0 50 75 56 83 23 122 111 103 97 94 94 98 104 112 122 111 100 90 84 80 80 84 91 101 112 101 89 78 70 66 67 71 80 90 103 93 79 67 57 52 53 59 69 81 95 86 70 57 45 39 39 47 59 73 88 80 64 48 34 25 26 37 51 67 83 77 60 43 27 12 15 30 46 63 81 77 60 42 25 9 12 29 46 63 80 79 62 46 31 20 22 34 49 65 82 83 68 53 41 34 35 43 56 71 86
8 29 55 127 102 25 69 77 71 43 22 106 94 29 48 7 61 110 56 77 21 42 32 117 107 25 65 75 64 36 19 74 88 40 50 0 64 69 42 61 73 63 57 56 60 68 80 93 107 123 62 51 43 42 47 58 71 86 101 117 54 40 30 28 36 49 64 80 96 113 48 32 18 14 27 43 59 76 93 111 47 30 12 6 23 41 58 75 93 110 49 33 20 17 28 44 60 77 94 111 56 42 32 31 38 50 65 81 97 114 64 53 46 45 50 60 73 87 102 118 75 65 60 59 63 71 82 95 109 124 86 78 73 73 76 83 92 104 117 131
72 55 25 188 165 74 133 65 26 105 44 162 157 92 81 70 6 173 116 59 82 95 48 178 169 71 129 70 24 96 47 125 151 103 75 64 0 123 103 63 103 104 107 114 122 132 144 156 170 184 89 90 94 101 110 122 134 148 162 177 74 76 81 89 100 112 125 140 155 170 60 62 68 78 90 103 118 133 149 165 46 48 56 67 81 96 111 127 144 160 32 35 45 59 74 90 107 123 140 157 17 23 37 53 70 86 103 121 138 155 4 16 33 50 68 85 102 119 137 154 13 20 35 52 69 86 103 120 137 154 27 31 42 57 72 89 105 122 139 156
65 68 103 72 56 50 51 94 117 39 88 39 53 45 47 68 121 62 23 100 68 29 75 63 58 53 51 87 111 35 85 8 54 40 56 69 123 0 73 78 128 112 98 84 71 61 55 54 58 67 123 106 90 75 61 49 42 40 46 57 119 102 85 69 53 39 29 27 35 48 116 99 82 65 48 32 17 14 26 43 116 98 81 64 47 29 12 7 24 41 117 100 83 66 49 33 20 17 29 44 120 103 87 71 55 42 32 31 38 51 124 108 92 78 64 53 46 44 50 60 130 114 100 86 74 65 59 58 62 70 137 122 109 96 86 78 73 72 75 82
36 69 97 106 80 55 41 116 113 35 60 98 70 34 78 36 98 87 51 118 22 56 73 96 85 58 38 114 106 42 57 80 62 34 83 42 103 73 0 100 57 41 25 15 20 35 51 68 85 102 55 38 21 3 15 32 50 67 84 101 57 41 25 15 21 35 52 68 85 102 62 48 35 29 32 43 57 73 89 105 70 57 48 43 45 53 65 79 94 110 79 69 61 57 59 65 75 87 101 116 90 81 74 71 72 78 86 97 109 123 102 93 88 85 86 91 98 107 119 131 114 107 101 99 100 104 110 119 129 141 127 120 115 113 114 117 123 130 140 151
65 33 38 150 131 46 110 18 45 81 58 115 126 71 33 66 64 139 82 22 79 59 31 141 134 43 108 15 42 69 58 77 123 80 23 61 63 78 100 0 130 123 117 114 113 115 120 126 135 145 118 110 103 100 99 101 106 114 124 135 107 97 90 86 85 88 94 102 113 125 96 85 77 72 71 74 81 91 103 116 86 74 64 58 57 61 70 81 94 108 77 63 52 44 43 49 59 72 86 102 70 55 41 31 29 37 50 65 81 97 65 49 33 19 16 28 43 60 77 94 64 47 29 12 6 24 41 58 76 93 65 49 32 18 15 27 43 60 77 94
72 99 110 160 133 96 96 144 123 90 74 155 123 85 120 70 98 140 107 143 62 106 100 150 139 97 93 144 117 94 74 134 115 88 122 73 103 128 57 130 0 18 35 52 70 87 104 122 139 156 15 23 38 54 71 88 105 122 140 157 29 34 45 60 75 91 108 125 142 159 43 47 55 68 82 97 113 129 145 162 58 60 67 77 90 104 119 134 150 166 72 74 80 88 99 112 126 140 156 171 86 88 93 100 110 122 134 148 162 177 100 102 106 112 121 132 144 156 170 184 115 116 119 125 133 143 154 166 179 192 129 130 133 138 145 154 164 176 188 201
61 91 107 142 116 84 79 137 122 74 69 138 106 70 108 59 99 123 91 137 49 92 93 133 121 86 76 137 115 80 68 119 98 73 111 63 104 112 41 123 18 0 18 35 52 70 87 104 122 139 23 15 23 38 54 71 88 105 122 140 34 29 34 45 60 75 91 108 125 142 47 43 46 55 67 82 97 112 129 145 60 57 60 67 77 90 104 118 134 150 74 72 73 79 88 99 112 126 140 155 88 86 87 92 100 110 121 134 148 162 102 100 101 105 112 121 131 143 156 170 116 114 115 119 125 133 142 153 165 178 130 128 129 132 138 145 154 164 175 187
53 85 107 125 99 75 61 133 122 59 68 121 89 58 99 52 102 106 76 133 39 80 88 115 104 77 58 131 116 66 67 104 80 58 103 57 107 98 25 117 35 18 0 18 35 52 70 87 104 122 38 23 15 23 38 54 71 88 105 122 45 34 29 34 45 60 75 91 108 125 55 46 43 46 55 67 81 97 112 129 67 60 57 60 67 77 90 104 118 134 80 73 71 73 79 88 99 112 126 140 93 87 85 87 92 99 109 121 134 148 106 101 99 101 105 112 121 131 143 156 119 115 114 115 118 124 132 142 153 165 133 129 128 129 132 137 144 153 163 175
50 83 109 108 81 69 44 130 125 46 72 105 71 48 92 50 109 88 61 132 36 69 87 98 87 72 41 128 118 55 69 90 63 46 97 56 114 84 15 114 52 35 18 0 18 35 52 70 87 104 54 38 23 15 23 38 54 71 88 105 60 45 34 29 33 45 59 75 91 108 68 55 46 43 46 55 67 81 97 112 77 67 60 57 59 66 77 89 103 118 88 79 73 71 73 79 88 99 112 125 100 92 87 85 87 91 99 109 121 134 112 105 101 99 100 105 111 120 131 143 125 119 115 113 114 118 124 132 141 152 138 132 129 127 128 131 137 144 153 163
53 84 115 90 64 67 27 130 131 37 79 89 54 43 87 54 118 71 49 133 40 62 89 81 69 70 25 127 124 48 76 78 46 37 94 60 122 71 20 113 70 52 35 18 0 18 35 52 70 87 71 54 38 23 15 23 38 54 71 88 75 60 45 33 29 33 45 59 75 91 82 67 55 46 43 46 55 67 81 96 90 77 67 59 57 59 66 77 89 103 99 88 79 73 71 73 78 87 99 111 110 100 92 87 85 86 91 99 109 120 121 112 105 100 99 100 104 111 120 130 133 125 118 114 113 114 117 123 131 141 145 138 132 128 127 127 131 136 143 152
61 89 122 73 47 70 12 132 138 34 89 73 37 45 86 63 128 54 41 136 51 59 95 63 52 73 11 128 131 47 86 68 29 36 94 68 132 61 35 115 87 70 52 35 18 0 18 35 52 70 88 71 54 38 23 14 23 38 54 71 91 75 60 45 33 28 33 45 59 75 97 82 67 55 46 42 46 55 67 81 104 90 77 66 59 56 59 66 76 89 112 99 88 79 73 70 72 78 87 98 122 110 99 91 86 84 86 91 98 108 132 121 112 105 100 98 99 104 110 119 143 133 124 118 114 112 113 117 123 131 154 145 137 131 127 126 127 130 135 143
73 96 131 56 29 76 11 137 147 40 101 58 20 53 89 74 140 36 39 141 64 61 103 46 35 80 15 131 141 52 98 62 11 43 98 80 144 55 51 120 104 87 70 52 35 18 0 18 35 52 105 88 71 54 38 23 14 23 38 54 108 91 75 59 45 33 28 33 45 59 113 97 81 67 55 46 42 46 54 67 119 104 90 77 66 59 56 59 66 76 126 112 99 88 78 72 70 72 78 87 134 121 109 99 91 86 84 85 90 98 144 131 121 111 104 99 98 99 103 110 154 142 132 124 117 113 112 113 116 122 164 154 144 137 131 127 125 126 130 135
86 106 142 39 12 86 27 143 157 51 115 46 3 65 94 88 153 19 44 148 79 68 113 29 17 89 31 137 151 61 111 59 7 54 104 93 156 54 68 126 122 104 87 70 52 35 18 0 18 35 122 105 88 71 54 38 23 14 23 38 125 108 91 75 59 45 33 28 33 45 129 112 97 81 67 55 46 42 45 54 134 118 104 89 77 66 59 56 58 65 140 126 112 99 87 78 72 70 72 77 148 134 121 109 99 91 85 83 85 90 156 143 131 120 111 104 99 97 99 103 166 153 142 132 123 117 113 111 112 116 176 164 153 144 136 130 126 125 126 129
101 118 154 21 6 97 44 151 169 65 129 37 16 79 103 103 167 4 55 156 95 78 125 12 1 101 48 145 163 74 126 62 24 68 112 107 170 58 85 135 139 122 104 87 70 52 35 18 0 18 140 122 105 88 71 54 38 23 14 23 142 125 108 91 75 59 45 33 28 33 145 129 112 97 81 67 54 45 42 45 150 134 118 103 89 76 66 58 55 58 156 140 126 112 99 87 78 72 69 71 162 148 134 121 109 98 90 85 83 85 170 156 143 131 120 110 103 99 97 98 179 165 153 141 131 123 116 112 110 112 188 175 163 153 143 135 130 126 124 125
116 131 167 5 24 111 61 160 181 81 144 36 33 94 113 118 181 17 69 166 111 90 138 7 18 114 65 154 176 88 141 69 42 83 122 123 184 67 102 145 156 139 122 104 87 70 52 35 18 0 157 140 122 105 88 71 54 38 23 14 159 142 125 108 91 75 59 45 33 28 162 145 129 112 96 81 67 54 45 42 166 150 134 118 103 89 76 65 58 55 171 155 140 125 111 98 87 77 71 69 177 162 148 134 120 108 98 90 85 83 184 170 156 143 130 119 110 103 98 96 192 178 165 152 141 131 122 116 112 110 201 187 175 163 152 143 135 129 125 124
63 87 97 160 134 86 96 131 109 86 61 152 124 78 110 60 83 141 103 130 55 99 88 151 139 87 92 132 103 88 61 128 116 84 111 62 89 123 55 118 15 23 38 54 71 88 105 122 140 157 0 18 35 52 70 87 104 122 139 156 15 23 38 54 71 88 105 122 140 157 29 34 45 60 75 91 108 125 142 159 43 47 55 68 82 97 113 129 145 162 58 60 67 77 90 104 119 134 150 166 72 74 80 88 99 112 126 140 156 171 86 88 93 100 110 122 134 148 162 177 100 102 106 112 121 132 144 156 170 184 115 116 119 125 133 143 154 166 179 192
49 78 93 143 117 73 79 124 107 69 55 135 107 63 97 47 85 124 86 123 40 84 79 133 122 74 75 124 101 72 54 112 99 67 100 51 90 106 38 110 23 15 23 38 54 71 88 105 122 140 18 0 18 35 52 70 87 104 122 139 23 15 23 38 54 71 88 105 122 140 34 29 34 45 60 75 91 108 125 142 47 43 46 55 67 82 97 112 129 145 60 57 60 67 77 90 104 118 134 150 74 72 73 79 88 99 112 126 140 155 88 86 87 92 100 110 121 134 148 162 102 100 101 105 112 121 131 143 156 170 116 114 115 119 125 133 142 153 165 178
40 71 93 126 100 63 62 119 108 52 54 118 90 48 87 38 89 107 69 119 27 70 74 116 105 64 58 118 101 57 52 97 82 51 90 43 94 90 21 103 38 23 15 23 38 54 71 88 105 122 35 18 0 18 35 52 70 87 104 122 38 23 15 23 38 54 71 88 105 122 45 34 29 34 45 60 75 91 108 125 55 46 43 46 55 67 81 97 112 129 67 60 57 60 67 77 90 104 118 134 80 73 71 73 79 88 99 112 126 140 93 87 85 87 92 99 109 121 134 148 106 101 99 101 105 112 121 131 143 156 119 115 114 115 118 124 132 142 153 165
36 69 96 109 82 56 44 116 112 37 59 101 73 36 78 36 97 90 54 118 22 58 73 99 88 58 41 114 105 44 56 82 65 36 84 42 101 75 3 100 54 38 23 15 23 38 54 71 88 105 52 35 18 0 18 35 52 70 87 104 54 38 23 15 23 38 54 71 88 105 60 45 34 29 33 45 59 75 91 108 68 55 46 43 46 55 67 81 97 112 77 67 60 57 59 66 77 89 103 118 88 79 73 71 73 79 88 99 112 125 100 92 87 85 87 91 99 109 121 134 112 105 101 99 100 105 111 120 131 143 125 119 115 113 114 118 124 132 141 152
40 70 102 92 65 53 27 116 118 24 67 84 56 29 73 41 106 73 39 119 29 49 76 82 71 56 24 113 111 35 64 68 48 24 80 47 110 61 15 99 71 54 38 23 15 23 38 54 71 88 70 52 35 18 0 18 35 52 70 87 71 54 38 23 15 23 38 54 71 88 75 60 45 33 29 33 45 59 75 91 82 67 55 46 43 46 55 67 81 96 90 77 67 59 57 59 66 77 89 103 99 88 79 73 71 73 78 87 99 111 110 100 92 87 85 86 91 99 109 120 121 112 105 100 99 100 104 111 120 130 133 125 118 114 113 114 117 123 131 141
51 76 110 75 49 56 12 119 126 20 79 67 39 33 72 52 118 56 28 122 42 45 82 65 54 60 8 114 119 33 76 56 32 22 80 58 122 49 32 101 88 71 54 38 23 14 23 38 54 71 87 70 52 35 18 0 18 35 52 70 88 71 54 38 23 14 23 38 54 71 91 75 60 45 33 28 33 45 59 75 97 82 67 55 46 42 46 55 67 81 104 90 77 66 59 56 59 66 76 89 112 99 88 79 73 70 72 78 87 98 122 110 99 91 86 84 86 91 98 108 132 121 112 105 100 98 99 104 110 119 143 133 124 118 114 112 113 117 123 131
64 85 120 58 32 64 12 124 136 29 93 51 23 43 75 66 131 40 25 128 58 48 92 48 37 68 14 118 129 40 89 48 18 32 84 71 134 42 50 106 105 88 71 54 38 23 14 23 38 54 104 87 70 52 35 18 0 18 35 52 105 88 71 54 38 23 14 23 38 54 108 91 75 59 45 33 28 33 45 59 113 97 81 67 55 46 42 46 54 67 119 104 90 77 66 59 56 59 66 76 126 112 99 88 78 72 70 72 78 87 134 121 109 99 91 86 84 85 90 98 144 131 121 111 104 99 98 99 103 110 154 142 132 124 117 113 112 113 116 122
79 96 132 42 18 75 27 130 147 44 107 36 13 57 82 81 145 26 33 136 74 56 103 32 22 79 30 124 141 52 104 46 16 46 91 86 148 40 67 114 122 105 88 71 54 38 23 14 23 38 122 104 87 70 52 35 18 0 18 35 122 105 88 71 54 38 23 14 23 38 125 108 91 75 59 45 33 28 33 45 129 112 97 81 67 55 46 42 45 54 134 118 104 89 77 66 59 56 58 65 140 126 112 99 87 78 72 70 72 77 148 134 121 109 99 91 85 83 85 90 156 143 131 120 111 104 99 97 99 103 166 153 142 132 123 117 113 111 112 116
95 109 145 27 15 89 44 139 159 59 122 25 20 73 91 97 159 18 47 145 91 68 116 18 14 92 47 133 154 66 119 49 28 62 101 101 162 46 84 124 140 122 105 88 71 54 38 23 14 23 139 122 104 87 70 52 35 18 0 18 140 122 105 88 71 54 38 23 14 23 142 125 108 91 75 59 45 33 28 33 145 129 112 97 81 67 54 45 42 45 150 134 118 103 89 76 66 58 55 58 156 140 126 112 99 87 78 72 69 71 162 148 134 121 109 98 90 85 83 85 170 156 143 131 120 110 103 99 97 98 179 165 153 141 131 123 116 112 110 112
111 123 159 18 27 103 61 150 173 76 138 23 36 89 103 113 174 24 62 156 108 82 130 15 23 106 65 143 167 82 135 58 44 79 112 117 177 57 101 135 157 140 122 105 88 71 54 38 23 14 156 139 122 104 87 70 52 35 18 0 157 140 122 105 88 71 54 38 23 14 159 142 125 108 91 75 59 45 33 28 162 145 129 112 96 81 67 54 45 42 166 150 134 118 103 89 76 65 58 55 171 155 140 125 111 98 87 77 71 69 177 162 148 134 120 108 98 90 85 83 184 170 156 143 130 119 110 103 98 96 192 178 165 152 141 131 122 116 112 110
56 77 83 163 136 78 98 119 95 83 49 150 126 74 101 53 69 144 100 117 52 93 76 152 141 78 94 120 89 84 50 124 118 81 101 54 74 119 57 107 29 34 45 60 75 91 108 125 142 159 15 23 38 54 71 88 105 122 140 157 0 18 35 52 70 87 104 122 139 156 15 23 38 54 71 88 105 122 140 157 29 34 45 60 75 91 108 125 142 159 43 47 55 68 82 97 113 129 145 162 58 60 67 77 90 104 119 134 150 166 72 74 80 88 99 112 126 140 156 171 86 88 93 100 110 122 134 148 162 177 100 102 106 112 121 132 144 156 170 184
40 66 79 146 119 64 81 111 93 66 41 133 109 57 87 38 71 127 83 110 35 77 66 135 124 64 77 111 87 67 41 108 102 64 89 40 76 102 41 97 34 29 34 45 60 75 91 108 125 142 23 15 23 38 54 71 88 105 122 140 18 0 18 35 52 70 87 104 122 139 23 15 23 38 54 71 88 105 122 140 34 29 34 45 60 75 91 108 125 142 47 43 46 55 67 82 97 112 129 145 60 57 60 67 77 90 104 118 134 150 74 72 73 79 88 99 112 126 140 155 88 86 87 92 100 110 121 134 148 162 102 100 101 105 112 121 131 143 156 170
27 58 79 129 102 51 65 105 94 49 40 116 93 41 75 26 76 110 66 105 18 62 60 118 107 53 61 104 87 51 38 91 85 47 78 30 81 85 25 90 45 34 29 34 45 60 75 91 108 125 38 23 15 23 38 54 71 88 105 122 35 18 0 18 35 52 70 87 104 122 38 23 15 23 38 54 71 88 105 122 45 34 29 34 45 60 75 91 108 125 55 46 43 46 55 67 81 97 112 129 67 60 57 60 67 77 90 104 118 134 80 73 71 73 79 88 99 112 126 140 93 87 85 87 92 99 109 121 134 148 106 101 99 101 105 112 121 131 143 156
22 54 82 112 86 42 49 102 98 32 46 99 76 26 66 22 85 94 49 104 8 48 59 102 91 44 45 100 91 35 43 75 69 30 70 28 89 69 15 86 60 45 34 29 33 45 59 75 91 108 54 38 23 15 23 38 54 71 88 105 52 35 18 0 18 35 52 70 87 104 54 38 23 15 23 38 54 71 88 105 60 45 34 29 33 45 59 75 91 108 68 55 46 43 46 55 67 81 97 112 77 67 60 57 59 66 77 89 103 118 88 79 73 71 73 79 88 99 112 125 100 92 87 85 87 91 99 109 121 134 112 105 101 99 100 105 111 120 131 143
29 56 89 96 70 39 34 102 105 15 57 81 60 16 60 30 96 78 32 105 20 36 62 85 74 42 30 99 98 22 54 60 54 14 66 36 100 53 21 85 75 60 45 33 29 33 45 59 75 91 71 54 38 23 15 23 38 54 71 88 70 52 35 18 0 18 35 52 70 87 71 54 38 23 15 23 38 54 71 88 75 60 45 33 29 33 45 59 75 91 82 67 55 46 43 46 55 67 81 96 90 77 67 59 57 59 66 77 89 103 99 88 79 73 71 73 78 87 99 111 110 100 92 87 85 86 91 99 109 120 121 112 105 100 99 100 104 111 120 130
42 63 99 79 54 44 23 105 114 7 70 64 45 21 58 44 109 62 17 109 37 31 70 69 59 47 20 100 108 20 67 46 40 10 67 49 112 39 35 88 91 75 60 45 33 28 33 45 59 75 88 71 54 38 23 14 23 38 54 71 87 70 52 35 18 0 18 35 52 70 88 71 54 38 23 14 23 38 54 71 91 75 60 45 33 28 33 45 59 75 97 82 67 55 46 42 46 55 67 81 104 90 77 66 59 56 59 66 76 89 112 99 88 79 73 70 72 78 87 98 122 110 99 91 86 84 86 91 98 108 132 121 112 105 100 98 99 104 110 119
57 74 110 64 40 53 23 111 125 22 85 47 33 35 62 60 123 48 12 115 54 35 81 53 44 57 23 105 119 30 82 35 30 25 71 64 125 29 52 94 108 91 75 59 45 33 28 33 45 59 105 88 71 54 38 23 14 23 38 54 104 87 70 52 35 18 0 18 35 52 105 88 71 54 38 23 14 23 38 54 108 91 75 59 45 33 28 33 45 59 113 97 81 67 55 46 42 46 54 67 119 104 90 77 66 59 56 59 66 76 126 112 99 88 78 72 70 72 78 87 134 121 109 99 91 86 84 85 90 98 144 131 121 111 104 99 98 99 103 110
74 87 123 49 30 67 34 118 137 39 101 30 27 52 70 76 137 37 25 124 71 46 94 40 32 70 35 112 131 44 98 32 29 42 80 80 140 27 68 102 125 108 91 75 59 45 33 28 33 45 122 105 88 71 54 38 23 14 23 38 122 104 87 70 52 35 18 0 18 35 122 105 88 71 54 38 23 14 23 38 125 108 91 75 59 45 33 28 33 45 129 112 97 81 67 55 46 42 45 54 134 118 104 89 77 66 59 56 58 65 140 126 112 99 87 78 72 70 72 77 148 134 121 109 99 91 85 83 85 90 156 143 131 120 111 104 99 97 99 103
90 101 136 38 28 81 49 128 151 56 117 14 31 68 81 93 152 32 41 134 89 60 108 30 27 84 51 121 145 61 114 37 37 59 90 96 155 35 85 113 142 125 108 91 75 59 45 33 28 33 140 122 105 88 71 54 38 23 14 23 139 122 104 87 70 52 35 18 0 18 140 122 105 88 71 54 38 23 14 23 142 125 108 91 75 59 45 33 28 33 145 129 112 97 81 67 54 45 42 45 150 134 118 103 89 76 66 58 55 58 156 140 126 112 99 87 78 72 69 71 162 148 134 121 109 98 90 85 83 85 170 156 143 131 120 110 103 99 97 98
107 116 151 32 36 97 65 139 164 74 134 10 43 85 94 110 168 36 58 146 106 75 123 28 33 100 67 132 159 77 130 48 50 76 103 113 170 48 102 125 159 142 125 108 91 75 59 45 33 28 157 140 122 105 88 71 54 38 23 14 156 139 122 104 87 70 52 35 18 0 157 140 122 105 88 71 54 38 23 14 159 142 125 108 91 75 59 45 33 28 162 145 129 112 96 81 67 54 45 42 166 150 134 118 103 89 76 65 58 55 171 155 140 125 111 98 87 77 71 69 177 162 148 134 120 108 98 90 85 83 184 170 156 143 130 119 110 103 98 96
52 67 70 166 140 72 102 107 82 84 38 150 130 73 94 49 55 147 100 104 52 90 66 156 145 72 98 109 76 82 40 121 123 81 93 48 60 116 62 96 43 47 55 68 82 97 113 129 145 162 29 34 45 60 75 91 108 125 142 159 15 23 38 54 71 88 105 122 140 157 0 18 35 52 70 87 104 122 139 156 15 23 38 54 71 88 105 122 140 157 29 34 45 60 75 91 108 125 142 159 43 47 55 68 82 97 113 129 145 162 58 60 67 77 90 104 119 134 150 166 72 74 80 88 99 112 126 140 156 171 86 88 93 100 110 122 134 148 162 177
35 55 65 149 123 56 86 98 79 66 28 133 114 55 79 32 57 131 82 97 34 73 54 139 128 56 82 99 73 64 28 104 106 64 79 32 62 99 48 85 47 43 46 55 67 82 97 112 129 145 34 29 34 45 60 75 91 108 125 142 23 15 23 38 54 71 88 105 122 140 18 0 18 35 52 70 87 104 122 139 23 15 23 38 54 71 88 105 122 140 34 29 34 45 60 75 91 108 125 142 47 43 46 55 67 82 97 112 129 145 60 57 60 67 77 90 104 118 134 150 74 72 73 79 88 99 112 126 140 155 88 86 87 92 100 110 121 134 148 162
18 45 65 133 107 42 71 92 80 49 26 116 98 38 65 16 64 115 65 92 18 56 47 122 112 42 67 91 73 47 24 87 91 47 67 18 68 82 35 77 55 46 43 46 55 67 81 97 112 129 45 34 29 34 45 60 75 91 108 125 38 23 15 23 38 54 71 88 105 122 35 18 0 18 35 52 70 87 104 122 38 23 15 23 38 54 71 88 105 122 45 34 29 34 45 60 75 91 108 125 55 46 43 46 55 67 81 97 112 129 67 60 57 60 67 77 90 104 118 134 80 73 71 73 79 88 99 112 126 140 93 87 85 87 92 99 109 121 134 148
8 40 69 117 91 30 56 88 85 32 35 99 82 21 54 8 74 99 48 90 8 40 45 106 96 31 52 86 78 30 32 70 76 30 57 14 78 65 29 72 68 55 46 43 46 55 67 81 97 112 60 45 34 29 33 45 59 75 91 108 54 38 23 15 23 38 54 71 88 105 52 35 18 0 18 35 52 70 87 104 54 38 23 15 23 38 54 71 88 105 60 45 34 29 33 45 59 75 91 108 68 55 46 43 46 55 67 81 97 112 77 67 60 57 59 66 77 89 103 118 88 79 73 71 73 79 88 99 112 125 100 92 87 85 87 91 99 109 121 134
20 43 77 101 76 25 44 88 93 16 48 81 68 4 46 23 86 84 31 91 20 25 50 91 81 28 41 85 86 13 45 54 62 14 52 27 90 48 32 71 82 67 55 46 43 46 55 67 81 96 75 60 45 33 29 33 45 59 75 91 71 54 38 23 15 23 38 54 71 88 70 52 35 18 0 18 35 52 70 87 71 54 38 23 15 23 38 54 71 88 75 60 45 33 29 33 45 59 75 91 82 67 55 46 43 46 55 67 81 96 90 77 67 59 57 59 66 77 89 103 99 88 79 73 71 73 78 87 99 111 110 100 92 87 85 86 91 99 109 120
37 52 88 86 62 32 37 92 103 10 64 64 55 15 44 39 100 70 14 96 37 17 59 76 66 35 34 87 97 7 60 38 51 10 53 43 103 32 43 74 97 82 67 55 46 42 46 55 67 81 91 75 60 45 33 28 33 45 59 75 88 71 54 38 23 14 23 38 54 71 87 70 52 35 18 0 18 35 52 70 88 71 54 38 23 14 23 38 54 71 91 75 60 45 33 28 33 45 59 75 97 82 67 55 46 42 46 55 67 81 104 90 77 66 59 56 59 66 76 89 112 99 88 79 73 70 72 78 87 98 122 110 99 91 86 84 86 91 98 108
54 64 101 72 51 44 36 98 115 23 80 47 45 32 49 57 115 58 6 103 54 24 72 62 54 48 36 92 109 24 77 24 43 25 59 59 118 17 57 81 113 97 81 67 55 46 42 46 54 67 108 91 75 59 45 33 28 33 45 59 105 88 71 54 38 23 14 23 38 54 104 87 70 52 35 18 0 18 35 52 105 88 71 54 38 23 14 23 38 54 108 91 75 59 45 33 28 33 45 59 113 97 81 67 55 46 42 46 54 67 119 104 90 77 66 59 56 59 66 76 126 112 99 88 78 72 70 72 78 87 134 121 109 99 91 86 84 85 90 98
71 79 114 59 43 60 44 107 128 40 97 30 41 49 59 74 131 49 23 112 71 38 86 50 45 63 45 100 123 41 93 18 42 42 69 76 133 14 73 91 129 112 97 81 67 55 46 42 45 54 125 108 91 75 59 45 33 28 33 45 122 105 88 71 54 38 23 14 23 38 122 104 87 70 52 35 18 0 18 35 122 105 88 71 54 38 23 14 23 38 125 108 91 75 59 45 33 28 33 45 129 112 97 81 67 55 46 42 45 54 134 118 104 89 77 66 59 56 58 65 140 126 112 99 87 78 72 70 72 77 148 134 121 109 99 91 85 83 85 90
88 94 129 50 42 76 56 117 142 57 113 13 43 67 72 91 147 45 40 124 89 54 101 43 41 78 58 110 137 58 110 26 48 59 81 93 149 26 89 103 145 129 112 97 81 67 54 45 42 45 142 125 108 91 75 59 45 33 28 33 140 122 105 88 71 54 38 23 14 23 139 122 104 87 70 52 35 18 0 18 140 122 105 88 71 54 38 23 14 23 142 125 108 91 75 59 45 33 28 33 145 129 112 97 81 67 54 45 42 45 150 134 118 103 89 76 66 58 55 58 156 140 126 112 99 87 78 72 69 71 162 148 134 121 109 98 90 85 83 85
106 110 144 45 47 92 70 130 157 74 130 9 52 84 86 108 163 48 57 136 106 71 117 41 45 95 72 122 152 75 127 41 59 76 95 111 165 43 105 116 162 145 129 112 96 81 67 54 45 42 159 142 125 108 91 75 59 45 33 28 157 140 122 105 88 71 54 38 23 14 156 139 122 104 87 70 52 35 18 0 157 140 122 105 88 71 54 38 23 14 159 142 125 108 91 75 59 45 33 28 162 145 129 112 96 81 67 54 45 42 166 150 134 118 103 89 76 65 58 55 171 155 140 125 111 98 87 77 71 69 177 162 148 134 120 108 98 90 85 83
52 60 57 170 144 69 108 95 68 86 31 152 135 74 88 49 41 152 101 92 55 88 57 160 149 67 104 98 62 82 33 120 128 84 86 47 46 116 70 86 58 60 67 77 90 104 119 134 150 166 43 47 55 68 82 97 113 129 145 162 29 34 45 60 75 91 108 125 142 159 15 23 38 54 71 88 105 122 140 157 0 18 35 52 70 87 104 122 139 156 15 23 38 54 71 88 105 122 140 157 29 34 45 60 75 91 108 125 142 159 43 47 55 68 82 97 113 129 145 162 58 60 67 77 90 104 119 134 150 166 72 74 80 88 99 112 126 140 156 171
35 45 51 154 129 52 93 86 65 70 16 134 119 57 72 32 43 137 84 84 40 71 43 144 133 51 89 87 58 65 17 103 113 67 70 30 48 98 57 74 60 57 60 67 77 90 104 118 134 150 47 43 46 55 67 82 97 112 129 145 34 29 34 45 60 75 91 108 125 142 23 15 23 38 54 71 88 105 122 140 18 0 18 35 52 70 87 104 122 139 23 15 23 38 54 71 88 105 122 140 34 29 34 45 60 75 91 108 125 142 47 43 46 55 67 82 97 112 129 145 60 57 60 67 77 90 104 118 134 150 74 72 73 79 88 99 112 126 140 155
18 33 51 138 113 35 79 78 67 54 13 117 104 40 56 16 52 121 67 78 27 54 33 128 118 34 75 78 60 48 10 86 98 51 57 12 56 81 48 64 67 60 57 60 67 77 90 104 118 134 55 46 43 46 55 67 81 97 112 129 45 34 29 34 45 60 75 91 108 125 38 23 15 23 38 54 71 88 105 122 35 18 0 18 35 52 70 87 104 122 38 23 15 23 38 54 71 88 105 122 45 34 29 34 45 60 75 91 108 125 55 46 43 46 55 67 81 97 112 129 67 60 57 60 67 77 90 104 118 134 80 73 71 73 79 88 99 112 126 140
7 26 56 123 98 19 66 74 72 39 26 100 90 25 43 9 64 106 51 76 22 36 31 112 103 20 62 72 66 31 23 68 84 36 45 6 67 64 43 58 77 67 60 57 59 66 77 89 103 118 68 55 46 43 46 55 67 81 97 112 60 45 34 29 33 45 59 75 91 108 54 38 23 15 23 38 54 71 88 105 52 35 18 0 18 35 52 70 87 104 54 38 23 15 23 38 54 71 88 105 60 45 34 29 33 45 59 75 91 108 68 55 46 43 46 55 67 81 97 112 77 67 60 57 59 66 77 89 103 118 88 79 73 71 73 79 88 99 112 125
20 31 66 108 85 11 56 74 82 27 43 84 77 14 33 23 78 92 35 77 29 19 37 98 89 15 53 71 75 16 39 51 72 24 39 23 81 47 45 57 90 77 67 59 57 59 66 77 89 103 82 67 55 46 43 46 55 67 81 96 75 60 45 33 29 33 45 59 75 91 71 54 38 23 15 23 38 54 71 88 70 52 35 18 0 18 35 52 70 87 71 54 38 23 15 23 38 54 71 88 75 60 45 33 29 33 45 59 75 91 82 67 55 46 43 46 55 67 81 96 90 77 67 59 57 59 66 77 89 103 99 88 79 73 71 73 78 87 99 111
37 42 78 94 72 22 50 78 93 23 60 67 66 20 31 39 94 80 22 83 42 4 50 84 76 26 48 73 87 11 56 34 63 22 39 41 96 29 53 61 104 90 77 66 59 56 59 66 76 89 97 82 67 55 46 42 46 55 67 81 91 75 60 45 33 28 33 45 59 75 88 71 54 38 23 14 23 38 54 71 87 70 52 35 18 0 18 35 52 70 88 71 54 38 23 14 23 38 54 71 91 75 60 45 33 28 33 45 59 75 97 82 67 55 46 42 46 55 67 81 104 90 77 66 59 56 59 66 76 89 112 99 88 79 73 70 72 78 87 98
54 57 92 81 62 38 50 86 106 31 77 51 58 35 37 57 109 69 19 91 58 17 64 72 65 41 49 79 101 25 74 17 57 32 47 58 111 12 65 70 119 104 90 77 66 59 56 59 66 76 113 97 81 67 55 46 42 46 54 67 108 91 75 59 45 33 28 33 45 59 105 88 71 54 38 23 14 23 38 54 104 87 70 52 35 18 0 18 35 52 105 88 71 54 38 23 14 23 38 54 108 91 75 59 45 33 28 33 45 59 113 97 81 67 55 46 42 46 54 67 119 104 90 77 66 59 56 59 66 76 126 112 99 88 78 72 70 72 78 87
71 73 107 70 56 55 56 96 120 45 94 35 54 51 50 74 126 62 29 102 74 34 80 62 58 58 56 89 115 42 91 4 56 46 59 75 127 7 79 81 134 118 104 89 77 66 59 56 58 65 129 112 97 81 67 55 46 42 45 54 125 108 91 75 59 45 33 28 33 45 122 105 88 71 54 38 23 14 23 38 122 104 87 70 52 35 18 0 18 35 122 105 88 71 54 38 23 14 23 38 125 108 91 75 59 45 33 28 33 45 129 112 97 81 67 55 46 42 45 54 134 118 104 89 77 66 59 56 58 65 140 126 112 99 87 78 72 70 72 77
88 89 123 62 55 72 66 108 135 60 111 23 57 68 64 91 142 59 44 114 91 51 96 56 55 75 66 100 131 59 108 20 61 62 73 93 144 24 94 94 150 134 118 103 89 76 66 58 55 58 145 129 112 97 81 67 54 45 42 45 142 125 108 91 75 59 45 33 28 33 140 122 105 88 71 54 38 23 14 23 139 122 104 87 70 52 35 18 0 18 140 122 105 88 71 54 38 23 14 23 142 125 108 91 75 59 45 33 28 33 145 129 112 97 81 67 54 45 42 45 150 134 118 103 89 76 66 58 55 58 156 140 126 112 99 87 78 72 69 71
105 106 139 59 60 89 78 121 151 77 128 21 63 85 80 108 159 61 60 128 108 69 113 55 58 92 80 113 146 76 125 37 69 79 88 110 160 41 110 108 166 150 134 118 103 89 76 65 58 55 162 145 129 112 96 81 67 54 45 42 159 142 125 108 91 75 59 45 33 28 157 140 122 105 88 71 54 38 23 14 156 139 122 104 87 70 52 35 18 0 157 140 122 105 88 71 54 38 23 14 159 142 125 108 91 75 59 45 33 28 162 145 129 112 96 81 67 54 45 42 166 150 134 118 103 89 76 65 58 55 171 155 140 125 111 98 87 77 71 69
56 55 45 176 150 68 115 85 54 91 29 154 141 78 84 53 26 158 105 81 62 89 51 165 155 66 111 88 49 85 32 120 135 88 80 49 32 117 79 77 72 74 80 88 99 112 126 140 156 171 58 60 67 77 90 104 119 134 150 166 43 47 55 68 82 97 113 129 145 162 29 34 45 60 75 91 108 125 142 159 15 23 38 54 71 88 105 122 140 157 0 18 35 52 70 87 104 122 139 156 15 23 38 54 71 88 105 122 140 157 29 34 45 60 75 91 108 125 142 159 43 47 55 68 82 97 113 129 145 162 58 60 67 77 90 104 119 134 150 166
40 39 37 160 135 51 101 74 51 75 12 137 126 62 67 38 30 143 88 71 49 72 35 150 140 49 97 76 44 69 15 103 120 73 64 33 35 100 69 63 74 72 73 79 88 99 112 126 140 155 60 57 60 67 77 90 104 118 134 150 47 43 46 55 67 82 97 112 129 145 34 29 34 45 60 75 91 108 125 142 23 15 23 38 54 71 88 105 122 140 18 0 18 35 52 70 87 104 122 139 23 15 23 38 54 71 88 105 122 140 34 29 34 45 60 75 91 108 125 142 47 43 46 55 67 82 97 112 129 145 60 57 60 67 77 90 104 118 134 150
27 23 37 145 121 33 88 65 53 61 8 121 112 47 50 26 42 129 72 64 39 55 21 134 125 31 84 65 46 53 6 86 107 58 48 20 45 83 61 52 80 73 71 73 79 88 99 112 126 140 67 60 57 60 67 77 90 104 118 134 55 46 43 46 55 67 81 97 112 129 45 34 29 34 45 60 75 91 108 125 38 23 15 23 38 54 71 88 105 122 35 18 0 18 35 52 70 87 104 122 38 23 15 23 38 54 71 88 105 122 45 34 29 34 45 60 75 91 108 125 55 46 43 46 55 67 81 97 112 129 67 60 57 60 67 77 90 104 118 134
21 12 44 130 107 16 77 60 60 48 24 104 99 35 34 22 56 115 57 61 36 38 17 120 111 14 74 59 53 38 22 69 94 46 34 17 59 66 57 44 88 79 73 71 73 79 88 99 112 125 77 67 60 57 59 66 77 89 103 118 68 55 46 43 46 55 67 81 97 112 60 45 34 29 33 45 59 75 91 108 54 38 23 15 23 38 54 71 88 105 52 35 18 0 18 35 52 70 87 104 54 38 23 15 23 38 54 71 88 105 60 45 34 29 33 45 59 75 91 108 68 55 46 43 46 55 67 81 97 112 77 67 60 57 59 66 77 89 103 118
28 20 56 116 94 4 69 60 71 39 42 88 87 28 21 30 72 102 44 64 40 22 27 106 98 4 66 57 65 27 39 52 84 37 25 28 74 49 59 43 99 88 79 73 71 73 78 87 99 111 90 77 67 59 57 59 66 77 89 103 82 67 55 46 43 46 55 67 81 96 75 60 45 33 29 33 45 59 75 91 71 54 38 23 15 23 38 54 71 88 70 52 35 18 0 18 35 52 70 87 71 54 38 23 15 23 38 54 71 88 75 60 45 33 29 33 45 59 75 91 82 67 55 46 43 46 55 67 81 96 90 77 67 59 57 59 66 77 89 103
42 35 70 103 83 20 64 65 84 37 59 72 78 31 17 44 89 91 34 70 51 12 42 94 86 22 62 60 79 25 56 35 75 36 26 44 90 33 65 49 112 99 88 79 73 70 72 78 87 98 104 90 77 66 59 56 59 66 76 89 97 82 67 55 46 42 46 55 67 81 91 75 60 45 33 28 33 45 59 75 88 71 54 38 23 14 23 38 54 71 87 70 52 35 18 0 18 35 52 70 88 71 54 38 23 14 23 38 54 71 91 75 60 45 33 28 33 45 59 75 97 82 67 55 46 42 46 55 67 81 104 90 77 66 59 56 59 66 76 89
57 52 86 92 75 37 64 74 98 42 76 57 71 42 28 60 105 82 32 80 64 20 59 83 77 39 62 67 93 33 73 19 71 42 37 60 107 20 75 59 126 112 99 88 78 72 70 72 78 87 119 104 90 77 66 59 56 59 66 76 113 97 81 67 55 46 42 46 54 67 108 91 75 59 45 33 28 33 45 59 105 88 71 54 38 23 14 23 38 54 104 87 70 52 35 18 0 18 35 52 105 88 71 54 38 23 14 23 38 54 108 91 75 59 45 33 28 33 45 59 113 97 81 67 55 46 42 46 54 67 119 104 90 77 66 59 56 59 66 76
74 69 102 82 70 54 68 86 114 53 93 45 68 56 43 76 122 75 39 92 79 36 76 74 71 56 68 78 109 47 90 11 70 54 51 77 123 17 87 72 140 126 112 99 87 78 72 70 72 77 134 118 104 89 77 66 59 56 58 65 129 112 97 81 67 55 46 42 45 54 125 108 91 75 59 45 33 28 33 45 122 105 88 71 54 38 23 14 23 38 122 104 87 70 52 35 18 0 18 35 122 105 88 71 54 38 23 14 23 38 125 108 91 75 59 45 33 28 33 45 129 112 97 81 67 55 46 42 45 54 134 118 104 89 77 66 59 56 58 65
90 86 118 75 69 72 76 99 129 67 111 36 70 72 59 93 139 73 51 106 95 53 93 69 69 73 77 91 125 62 108 22 73 68 67 94 140 29 101 86 156 140 126 112 99 87 78 72 69 71 150 134 118 103 89 76 66 58 55 58 145 129 112 97 81 67 54 45 42 45 142 125 108 91 75 59 45 33 28 33 140 122 105 88 71 54 38 23 14 23 139 122 104 87 70 52 35 18 0 18 140 122 105 88 71 54 38 23 14 23 142 125 108 91 75 59 45 33 28 33 145 129 112 97 81 67 54 45 42 45 150 134 118 103 89 76 66 58 55 58
107 103 135 72 72 89 87 113 145 82 128 34 76 88 76 110 156 75 65 120 111 70 110 69 71 91 88 105 141 79 125 38 81 83 83 111 157 44 116 102 171 155 140 125 111 98 87 77 71 69 166 150 134 118 103 89 76 65 58 55 162 145 129 112 96 81 67 54 45 42 159 142 125 108 91 75 59 45 33 28 157 140 122 105 88 71 54 38 23 14 156 139 122 104 87 70 52 35 18 0 157 140 122 105 88 71 54 38 23 14 159 142 125 108 91 75 59 45 33 28 162 145 129 112 96 81 67 54 45 42 166 150 134 118 103 89 76 65 58 55
62 54 34 182 157 70 123 76 41 98 34 158 149 84 82 60 12 165 110 71 71 92 48 172 162 68 120 80 37 90 37 123 143 95 77 56 17 120 90 70 86 88 93 100 110 122 134 148 162 177 72 74 80 88 99 112 126 140 156 171 58 60 67 77 90 104 119 134 150 166 43 47 55 68 82 97 113 129 145 162 29 34 45 60 75 91 108 125 142 159 15 23 38 54 71 88 105 122 140 157 0 18 35 52 70 87 104 122 139 156 15 23 38 54 71 88 105 122 140 157 29 34 45 60 75 91 108 125 142 159 43 47 55 68 82 97 113 129 145 162
49 37 24 167 143 54 110 63 37 83 21 141 135 69 65 48 19 151 94 59 60 75 31 157 147 51 107 66 30 75 24 106 129 81 60 42 23 103 81 55 88 86 87 92 100 110 121 134 148 162 74 72 73 79 88 99 112 126 140 155 60 57 60 67 77 90 104 118 134 150 47 43 46 55 67 82 97 112 129 145 34 29 34 45 60 75 91 108 125 142 23 15 23 38 54 71 88 105 122 140 18 0 18 35 52 70 87 104 122 139 23 15 23 38 54 71 88 105 122 140 34 29 34 45 60 75 91 108 125 142 47 43 46 55 67 82 97 112 129 145
39 20 23 152 129 38 99 52 39 70 19 125 121 56 48 38 35 137 80 51 52 59 14 142 133 35 95 54 33 60 20 89 116 68 43 32 37 87 74 41 93 87 85 87 92 99 109 121 134 148 80 73 71 73 79 88 99 112 126 140 67 60 57 60 67 77 90 104 118 134 55 46 43 46 55 67 81 97 112 129 45 34 29 34 45 60 75 91 108 125 38 23 15 23 38 54 71 88 105 122 35 18 0 18 35 52 70 87 104 122 38 23 15 23 38 54 71 88 105 122 45 34 29 34 45 60 75 91 108 125 55 46 43 46 55 67 81 97 112 129
35 3 34 138 116 24 89 46 49 60 30 109 109 47 30 36 51 124 66 47 50 44 5 128 120 20 86 45 43 48 28 72 105 57 27 31 53 71 71 31 100 92 87 85 87 91 99 109 121 134 88 79 73 71 73 79 88 99 112 125 77 67 60 57 59 66 77 89 103 118 68 55 46 43 46 55 67 81 97 112 60 45 34 29 33 45 59 75 91 108 54 38 23 15 23 38 54 71 88 105 52 35 18 0 18 35 52 70 87 104 54 38 23 15 23 38 54 71 88 105 60 45 34 29 33 45 59 75 91 108 68 55 46 43 46 55 67 81 97 112
40 16 48 125 105 18 82 47 62 53 45 94 99 42 13 42 68 112 55 50 53 31 22 116 108 15 79 43 56 40 43 56 96 51 12 38 70 55 72 29 110 100 92 87 85 86 91 99 109 120 99 88 79 73 71 73 78 87 99 111 90 77 67 59 57 59 66 77 89 103 82 67 55 46 43 46 55 67 81 96 75 60 45 33 29 33 45 59 75 91 71 54 38 23 15 23 38 54 71 88 70 52 35 18 0 18 35 52 70 87 71 54 38 23 15 23 38 54 71 88 75 60 45 33 29 33 45 59 75 91 82 67 55 46 43 46 55 67 81 96
50 33 64 113 95 26 78 53 77 51 61 80 90 44 6 52 86 102 48 58 61 25 39 104 98 26 76 47 72 38 59 41 88 50 15 50 86 42 78 37 122 110 99 91 86 84 86 91 98 108 112 99 88 79 73 70 72 78 87 98 104 90 77 66 59 56 59 66 76 89 97 82 67 55 46 42 46 55 67 81 91 75 60 45 33 28 33 45 59 75 88 71 54 38 23 14 23 38 54 71 87 70 52 35 18 0 18 35 52 70 88 71 54 38 23 14 23 38 54 71 91 75 60 45 33 28 33 45 59 75 97 82 67 55 46 42 46 55 67 81
64 51 81 103 88 41 78 64 92 55 78 67 84 52 23 66 103 94 46 70 73 30 57 94 90 41 76 56 88 44 75 29 84 54 30 65 103 32 86 50 134 121 109 99 91 86 84 85 90 98 126 112 99 88 78 72 70 72 78 87 119 104 90 77 66 59 56 59 66 76 113 97 81 67 55 46 42 46 54 67 108 91 75 59 45 33 28 33 45 59 105 88 71 54 38 23 14 23 38 54 104 87 70 52 35 18 0 18 35 52 105 88 71 54 38 23 14 23 38 54 108 91 75 59 45 33 28 33 45 59 113 97 81 67 55 46 42 46 54 67
79 68 98 94 84 57 81 77 108 64 95 56 82 64 40 81 120 89 51 84 86 42 74 87 84 58 81 69 104 55 92 25 84 64 46 81 121 31 97 65 148 134 121 109 99 91 85 83 85 90 140 126 112 99 87 78 72 70 72 77 134 118 104 89 77 66 59 56 58 65 129 112 97 81 67 55 46 42 45 54 125 108 91 75 59 45 33 28 33 45 122 105 88 71 54 38 23 14 23 38 122 104 87 70 52 35 18 0 18 35 122 105 88 71 54 38 23 14 23 38 125 108 91 75 59 45 33 28 33 45 129 112 97 81 67 55 46 42 45 54
95 85 115 89 83 74 88 91 125 75 112 49 83 78 57 97 137 87 60 98 101 57 91 83 82 75 88 83 121 69 109 31 87 76 63 97 138 38 109 81 162 148 134 121 109 98 90 85 83 85 156 140 126 112 99 87 78 72 69 71 150 134 118 103 89 76 66 58 55 58 145 129 112 97 81 67 54 45 42 45 142 125 108 91 75 59 45 33 28 33 140 122 105 88 71 54 38 23 14 23 139 122 104 87 70 52 35 18 0 18 140 122 105 88 71 54 38 23 14 23 142 125 108 91 75 59 45 33 28 33 145 129 112 97 81 67 54 45 42 45
111 103 132 86 85 90 98 106 141 89 129 48 88 93 74 113 154 88 73 114 116 73 109 82 84 92 98 99 138 84 126 44 93 90 81 114 155 51 123 97 177 162 148 134 120 108 98 90 85 83 171 155 140 125 111 98 87 77 71 69 166 150 134 118 103 89 76 65 58 55 162 145 129 112 96 81 67 54 45 42 159 142 125 108 91 75 59 45 33 28 157 140 122 105 88 71 54 38 23 14 156 139 122 104 87 70 52 35 18 0 157 140 122 105 88 71 54 38 23 14 159 142 125 108 91 75 59 45 33 28 162 145 129 112 96 81 67 54 45 42
71 57 28 189 165 75 133 68 30 106 43 163 157 92 83 70 4 173 116 62 82 96 50 179 169 72 129 73 27 97 46 126 152 103 77 64 4 124 102 65 100 102 106 112 121 132 144 156 170 184 86 88 93 100 110 122 134 148 162 177 72 74 80 88 99 112 126 140 156 171 58 60 67 77 90 104 119 134 150 166 43 47 55 68 82 97 113 129 145 162 29 34 45 60 75 91 108 125 142 159 15 23 38 54 71 88 105 122 140 157 0 18 35 52 70 87 104 122 139 156 15 23 38 54 71 88 105 122 140 157 29 34 45 60 75 91 108 125 142 159
60 40 12 175 151 60 121 53 22 93 34 147 144 79 66 59 16 159 102 49 72 81 33 164 156 57 117 58 16 83 37 110 139 90 60 53 16 108 93 49 102 100 101 105 112 121 131 143 156 170 88 86 87 92 100 110 121 134 148 162 74 72 73 79 88 99 112 126 140 155 60 57 60 67 77 90 104 118 134 150 47 43 46 55 67 82 97 112 129 145 34 29 34 45 60 75 91 108 125 142 23 15 23 38 54 71 88 105 122 140 18 0 18 35 52 70 87 104 122 139 23 15 23 38 54 71 88 105 122 140 34 29 34 45 60 75 91 108 125 142
52 26 11 161 139 46 110 41 27 81 33 131 131 68 49 52 33 146 88 38 66 66 18 151 142 43 107 43 21 70 34 94 127 78 42 46 33 92 88 33 106 101 99 101 105 112 121 131 143 156 93 87 85 87 92 99 109 121 134 148 80 73 71 73 79 88 99 112 126 140 67 60 57 60 67 77 90 104 118 134 55 46 43 46 55 67 81 97 112 129 45 34 29 34 45 60 75 91 108 125 38 23 15 23 38 54 71 88 105 122 35 18 0 18 35 52 70 87 104 122 38 23 15 23 38 54 71 88 105 122 45 34 29 34 45 60 75 91 108 125
50 17 27 147 127 36 101 33 40 72 40 116 120 60 33 50 50 134 77 33 64 53 13 138 130 32 98 32 35 60 39 78 117 70 25 45 50 78 85 19 112 105 101 99 100 105 111 120 131 143 100 92 87 85 87 91 99 109 121 134 88 79 73 71 73 79 88 99 112 125 77 67 60 57 59 66 77 89 103 118 68 55 46 43 46 55 67 81 97 112 60 45 34 29 33 45 59 75 91 108 54 38 23 15 23 38 54 71 88 105 52 35 18 0 18 35 52 70 87 104 54 38 23 15 23 38 54 71 88 105 60 45 34 29 33 45 59 75 91 108
53 23 44 135 116 32 95 33 55 66 52 102 111 56 18 54 67 124 67 37 66 44 25 126 119 29 92 29 51 53 51 64 108 64 9 50 68 64 86 16 121 112 105 100 99 100 104 111 120 130 110 100 92 87 85 86 91 99 109 120 99 88 79 73 71 73 78 87 99 111 90 77 67 59 57 59 66 77 89 103 82 67 55 46 43 46 55 67 81 96 75 60 45 33 29 33 45 59 75 91 71 54 38 23 15 23 38 54 71 88 70 52 35 18 0 18 35 52 70 87 71 54 38 23 15 23 38 54 71 88 75 60 45 33 29 33 45 59 75 91
61 37 61 124 107 37 92 42 71 65 67 89 103 58 13 63 85 114 61 48 73 39 41 115 110 36 89 35 67 52 65 51 102 63 12 60 85 53 91 28 132 121 112 105 100 98 99 104 110 119 122 110 99 91 86 84 86 91 98 108 112 99 88 79 73 70 72 78 87 98 104 90 77 66 59 56 59 66 76 89 97 82 67 55 46 42 46 55 67 81 91 75 60 45 33 28 33 45 59 75 88 71 54 38 23 14 23 38 54 71 87 70 52 35 18 0 18 35 52 70 88 71 54 38 23 14 23 38 54 71 91 75 60 45 33 28 33 45 59 75
72 53 78 115 101 49 91 54 88 68 82 77 98 64 26 75 102 107 60 61 83 43 58 107 102 48 90 47 84 57 80 42 98 67 29 73 102 46 98 43 144 131 121 111 104 99 98 99 103 110 134 121 109 99 91 86 84 85 90 98 126 112 99 88 78 72 70 72 78 87 119 104 90 77 66 59 56 59 66 76 113 97 81 67 55 46 42 46 54 67 108 91 75 59 45 33 28 33 45 59 105 88 71 54 38 23 14 23 38 54 104 87 70 52 35 18 0 18 35 52 105 88 71 54 38 23 14 23 38 54 108 91 75 59 45 33 28 33 45 59
86 70 96 107 97 63 94 69 105 75 99 68 96 74 42 88 119 102 64 77 95 52 75 100 98 63 94 61 101 65 96 38 98 75 46 87 119 44 107 60 156 143 131 120 111 104 99 97 99 103 148 134 121 109 99 91 85 83 85 90 140 126 112 99 87 78 72 70 72 77 134 118 104 89 77 66 59 56 58 65 129 112 97 81 67 55 46 42 45 54 125 108 91 75 59 45 33 28 33 45 122 105 88 71 54 38 23 14 23 38 122 104 87 70 52 35 18 0 18 35 122 105 88 71 54 38 23 14 23 38 125 108 91 75 59 45 33 28 33 45
101 87 113 102 96 78 100 85 121 85 115 62 97 86 58 103 137 100 71 93 108 64 92 97 96 79 100 77 118 77 112 43 100 86 63 102 137 50 119 77 170 156 143 131 120 110 103 99 97 98 162 148 134 121 109 98 90 85 83 85 156 140 126 112 99 87 78 72 69 71 150 134 118 103 89 76 66 58 55 58 145 129 112 97 81 67 54 45 42 45 142 125 108 91 75 59 45 33 28 33 140 122 105 88 71 54 38 23 14 23 139 122 104 87 70 52 35 18 0 18 140 122 105 88 71 54 38 23 14 23 142 125 108 91 75 59 45 33 28 33
116 104 130 100 99 94 109 101 139 97 132 62 101 100 75 119 154 102 82 109 123 79 109 96 98 95 109 94 136 91 129 53 105 98 80 118 154 60 131 94 184 170 156 143 130 119 110 103 98 96 177 162 148 134 120 108 98 90 85 83 171 155 140 125 111 98 87 77 71 69 166 150 134 118 103 89 76 65 58 55 162 145 129 112 96 81 67 54 45 42 159 142 125 108 91 75 59 45 33 28 157 140 122 105 88 71 54 38 23 14 156 139 122 104 87 70 52 35 18 0 157 140 122 105 88 71 54 38 23 14 159 142 125 108 91 75 59 45 33 28
82 62 28 197 174 82 143 63 21 115 55 168 166 101 86 81 18 182 124 56 93 103 55 187 178 79 139 69 22 105 57 131 161 112 79 75 13 130 114 64 115 116 119 125 133 143 154 166 179 192 100 102 106 112 121 132 144 156 170 184 86 88 93 100 110 122 134 148 162 177 72 74 80 88 99 112 126 140 156 171 58 60 67 77 90 104 119 134 150 166 43 47 55 68 82 97 113 129 145 162 29 34 45 60 75 91 108 125 142 159 15 23 38 54 71 88 105 122 140 157 0 18 35 52 70 87 104 122 139 156 15 23 38 54 71 88 105 122 140 157
72 48 12 183 161 68 132 46 8 103 48 153 153 89 70 71 23 169 111 40 85 89 41 173 165 65 128 52 5 92 50 115 149 100 62 65 20 114 107 47 116 114 115 119 125 133 142 153 165 178 102 100 101 105 112 121 131 143 156 170 88 86 87 92 100 110 121 134 148 162 74 72 73 79 88 99 112 126 140 155 60 57 60 67 77 90 104 118 134 150 47 43 46 55 67 82 97 112 129 145 34 29 34 45 60 75 91 108 125 142 23 15 23 38 54 71 88 105 122 140 18 0 18 35 52 70 87 104 122 139 23 15 23 38 54 71 88 105 122 140
66 37 12 170 149 57 122 31 18 93 47 138 142 80 55 66 37 156 99 26 80 76 30 160 152 53 119 36 14 81 48 100 138 90 46 60 35 100 101 29 119 115 114 115 118 124 132 142 153 165 106 101 99 101 105 112 121 131 143 156 93 87 85 87 92 99 109 121 134 148 80 73 71 73 79 88 99 112 126 140 67 60 57 60 67 77 90 104 118 134 55 46 43 46 55 67 81 97 112 129 45 34 29 34 45 60 75 91 108 125 38 23 15 23 38 54 71 88 105 122 35 18 0 18 35 52 70 87 104 122 38 23 15 23 38 54 71 88 105 122
64 31 27 157 138 49 114 19 34 85 52 124 132 73 40 64 53 145 88 19 78 64 27 148 141 45 111 21 31 72 52 86 129 83 31 59 52 86 99 12 125 119 115 113 114 118 124 132 141 152 112 105 101 99 100 105 111 120 131 143 100 92 87 85 87 91 99 109 121 134 88 79 73 71 73 79 88 99 112 125 77 67 60 57 59 66 77 89 103 118 68 55 46 43 46 55 67 81 97 112 60 45 34 29 33 45 59 75 91 108 54 38 23 15 23 38 54 71 88 105 52 35 18 0 18 35 52 70 87 104 54 38 23 15 23 38 54 71 88 105
66 35 44 146 128 46 109 20 51 80 62 111 123 70 30 67 70 135 80 26 80 57 34 137 131 43 106 15 48 67 61 73 121 78 20 63 69 74 100 6 133 125 118 114 113 114 117 123 131 141 121 112 105 100 99 100 104 111 120 130 110 100 92 87 85 86 91 99 109 120 99 88 79 73 71 73 78 87 99 111 90 77 67 59 57 59 66 77 89 103 82 67 55 46 43 46 55 67 81 96 75 60 45 33 29 33 45 59 75 91 71 54 38 23 15 23 38 54 71 88 70 52 35 18 0 18 35 52 70 87 71 54 38 23 15 23 38 54 71 88
73 45 61 136 120 50 106 32 68 79 75 99 116 71 27 74 86 127 75 39 85 53 47 127 122 48 103 25 66 66 73 62 115 77 22 71 86 65 104 24 143 133 124 118 114 112 113 117 123 131 132 121 112 105 100 98 99 104 110 119 122 110 99 91 86 84 86 91 98 108 112 99 88 79 73 70 72 78 87 98 104 90 77 66 59 56 59 66 76 89 97 82 67 55 46 42 46 55 67 81 91 75 60 45 33 28 33 45 59 75 88 71 54 38 23 14 23 38 54 71 87 70 52 35 18 0 18 35 52 70 88 71 54 38 23 14 23 38 54 71
83 59 78 127 114 59 105 48 85 81 89 88 112 76 35 85 103 120 74 55 94 56 62 119 116 58 104 40 83 70 87 55 112 80 34 82 103 59 110 41 154 142 132 124 117 113 112 113 116 122 144 131 121 111 104 99 98 99 103 110 134 121 109 99 91 86 84 85 90 98 126 112 99 88 78 72 70 72 78 87 119 104 90 77 66 59 56 59 66 76 113 97 81 67 55 46 42 46 54 67 108 91 75 59 45 33 28 33 45 59 105 88 71 54 38 23 14 23 38 54 104 87 70 52 35 18 0 18 35 52 105 88 71 54 38 23 14 23 38 54
94 74 96 120 111 71 108 64 103 87 104 81 110 85 48 97 121 116 77 72 105 63 78 114 111 70 107 56 100 77 102 52 111 87 49 95 120 58 119 58 166 153 142 132 123 117 113 111 112 116 156 143 131 120 111 104 99 97 99 103 148 134 121 109 99 91 85 83 85 90 140 126 112 99 87 78 72 70 72 77 134 118 104 89 77 66 59 56 58 65 129 112 97 81 67 55 46 42 45 54 125 108 91 75 59 45 33 28 33 45 122 105 88 71 54 38 23 14 23 38 122 104 87 70 52 35 18 0 18 35 122 105 88 71 54 38 23 14 23 38
108 90 113 116 110 85 113 81 120 96 120 76 111 96 63 110 138 114 83 89 117 74 95 110 110 85 113 73 118 87 117 55 113 96 65 109 137 62 129 76 179 165 153 141 131 123 116 112 110 112 170 156 143 131 120 110 103 99 97 98 162 148 134 121 109 98 90 85 83 85 156 140 126 112 99 87 78 72 69 71 150 134 118 103 89 76 66 58 55 58 145 129 112 97 81 67 54 45 42 45 142 125 108 91 75 59 45 33 28 33 140 122 105 88 71 54 38 23 14 23 139 122 104 87 70 52 35 18 0 18 140 122 105 88 71 54 38 23 14 23
122 107 130 113 112 100 121 98 137 107 136 75 114 109 79 125 155 115 93 106 130 86 112 110 111 100 121 90 135 99 133 63 118 107 82 124 154 70 141 93 192 178 165 152 141 131 122 116 112 110 184 170 156 143 130 119 110 103 98 96 177 162 148 134 120 108 98 90 85 83 171 155 140 125 111 98 87 77 71 69 166 150 134 118 103 89 76 65 58 55 162 145 129 112 96 81 67 54 45 42 159 142 125 108 91 75 59 45 33 28 157 140 122 105 88 71 54 38 23 14 156 139 122 104 87 70 52 35 18 0 157 140 122 105 88 71 54 38 23 14
93 70 34 205 183 91 154 60 21 125 67 175 176 111 92 92 32 191 133 53 105 111 63 195 187 87 150 67 26 115 70 137 171 122 83 86 27 137 127 65 129 130 133 138 145 154 164 176 188 201 115 116 119 125 133 143 154 166 179 192 100 102 106 112 121 132 144 156 170 184 86 88 93 100 110 122 134 148 162 177 72 74 80 88 99 112 126 140 156 171 58 60 67 77 90 104 119 134 150 166 43 47 55 68 82 97 113 129 145 162 29 34 45 60 75 91 108 125 142 159 15 23 38 54 71 88 105 122 140 157 0 18 35 52 70 87 104 122 139 156
85 58 24 192 171 79 143 43 7 114 62 161 164 101 77 84 35 179 121 36 98 98 51 182 174 75 140 50 14 103 64 122 160 112 68 78 31 122 120 49 130 128 129 132 138 145 154 164 175 187 116 114 115 119 125 133 142 153 165 178 102 100 101 105 112 121 131 143 156 170 88 86 87 92 100 110 121 134 148 162 74 72 73 79 88 99 112 126 140 155 60 57 60 67 77 90 104 118 134 150 47 43 46 55 67 82 97 112 129 145 34 29 34 45 60 75 91 108 125 142 23 15 23 38 54 71 88 105 122 140 18 0 18 35 52 70 87 104 122 139
80 49 23 179 159 69 134 26 17 105 61 146 153 92 63 79 45 167 109 19 93 86 43 170 163 65 131 33 19 93 62 108 150 103 53 73 42 109 115 32 133 129 128 129 132 137 144 153 163 175 119 115 114 115 118 124 132 142 153 165 106 101 99 101 105 112 121 131 143 156 93 87 85 87 92 99 109 121 134 148 80 73 71 73 79 88 99 112 126 140 67 60 57 60 67 77 90 104 118 134 55 46 43 46 55 67 81 97 112 129 45 34 29 34 45 60 75 91 108 125 38 23 15 23 38 54 71 88 105 122 35 18 0 18 35 52 70 87 104 122
78 45 34 168 149 62 127 9 34 98 65 133 144 86 51 78 59 156 100 5 92 76 41 159 152 59 124 15 34 85 65 95 141 96 41 73 57 96 113 18 138 132 129 127 128 131 137 144 153 163 125 119 115 113 114 118 124 132 141 152 112 105 101 99 100 105 111 120 131 143 100 92 87 85 87 91 99 109 121 134 88 79 73 71 73 79 88 99 112 125 77 67 60 57 59 66 77 89 103 118 68 55 46 43 46 55 67 81 97 112 60 45 34 29 33 45 59 75 91 108 54 38 23 15 23 38 54 71 88 105 52 35 18 0 18 35 52 70 87 104
80 48 48 157 140 60 122 11 51 94 73 121 135 84 43 81 74 147 93 18 94 70 46 148 143 57 120 3 50 81 72 84 134 92 34 76 72 86 114 15 145 138 132 128 127 127 131 136 143 152 133 125 118 114 113 114 117 123 131 141 121 112 105 100 99 100 104 111 120 130 110 100 92 87 85 86 91 99 109 120 99 88 79 73 71 73 78 87 99 111 90 77 67 59 57 59 66 77 89 103 82 67 55 46 43 46 55 67 81 96 75 60 45 33 29 33 45 59 75 91 71 54 38 23 15 23 38 54 71 88 70 52 35 18 0 18 35 52 70 87
85 56 64 147 133 63 119 28 68 93 84 110 129 85 41 87 90 139 89 35 98 67 56 139 135 61 117 20 67 80 83 74 129 91 35 83 89 78 117 27 154 145 137 131 127 126 127 130 135 143 143 133 124 118 114 112 113 117 123 131 132 121 112 105 100 98 99 104 110 119 122 110 99 91 86 84 86 91 98 108 112 99 88 79 73 70 72 78 87 98 104 90 77 66 59 56 59 66 76 89 97 82 67 55 46 42 46 55 67 81 91 75 60 45 33 28 33 45 59 75 88 71 54 38 23 14 23 38 54 71 87 70 52 35 18 0 18 35 52 70
94 67 81 139 128 70 119 45 85 95 97 101 125 89 46 95 107 133 88 52 106 69 69 132 129 69 118 37 84 83 95 68 126 94 43 92 105 73 123 43 164 154 144 137 131 127 125 126 130 135 154 142 132 124 117 113 112 113 116 122 144 131 121 111 104 99 98 99 103 110 134 121 109 99 91 86 84 85 90 98 126 112 99 88 78 72 70 72 78 87 119 104 90 77 66 59 56 59 66 76 113 97 81 67 55 46 42 46 54 67 108 91 75 59 45 33 28 33 45 59 105 88 71 54 38 23 14 23 38 54 104 87 70 52 35 18 0 18 35 52
104 81 98 133 125 80 121 62 102 100 111 94 124 97 56 106 123 130 90 69 115 75 84 127 125 79 120 55 101 89 109 66 125 99 56 104 122 72 130 60 176 164 153 144 136 130 126 125 126 129 166 153 142 132 123 117 113 111 112 116 156 143 131 120 111 104 99 97 99 103 148 134 121 109 99 91 85 83 85 90 140 126 112 99 87 78 72 70 72 77 134 118 104 89 77 66 59 56 58 65 129 112 97 81 67 55 46 42 45 54 125 108 91 75 59 45 33 28 33 45 122 105 88 71 54 38 23 14 23 38 122 104 87 70 52 35 18 0 18 35
117 96 115 129 124 93 126 79 120 108 126 90 124 106 70 119 140 128 96 87 127 84 100 124 124 92 125 72 118 98 124 69 127 108 71 117 139 75 140 77 188 175 163 153 143 135 130 126 124 125 179 165 153 141 131 123 116 112 110 112 170 156 143 131 120 110 103 99 97 98 162 148 134 121 109 98 90 85 83 85 156 140 126 112 99 87 78 72 69 71 150 134 118 103 89 76 66 58 55 58 145 129 112 97 81 67 54 45 42 45 142 125 108 91 75 59 45 33 28 33 140 122 105 88 71 54 38 23 14 23 139 122 104 87 70 52 35 18 0 18
130 112 132 127 126 107 133 97 137 117 141 89 127 118 84 132 157 129 104 104 139 95 116 123 125 107 133 89 135 109 139 75 131 118 86 131 156 82 151 94 201 187 175 163 152 143 135 129 125 124 192 178 165 152 141 131 122 116 112 110 184 170 156 143 130 119 110 103 98 96 177 162 148 134 120 108 98 90 85 83 171 155 140 125 111 98 87 77 71 69 166 150 134 118 103 89 76 65 58 55 162 145 129 112 96 81 67 54 45 42 159 142 125 108 91 75 59 45 33 28 157 140 122 105 88 71 54 38 23 14 156 139 122 104 87 70 52 35 18 0
