0.0 54.30164609199392 86.5728880817557 52.53298011939443 39.876942702931764 67.6947062216715 15.556190580959125 84.04132256890185 22.334366389568522 18.82078114674054 13.004484650410667 20.07310162694853 84.76602611182662 4.561493387567478 60.00557672264146 40.69528003671794 45.73952436821844 62.60744304368743 57.6331107128489 28.428890656958707 4.012937723982478 37.73448608055651 38.96583649791482 60.86611984305952 25.711817917382206 64.09029449953343 57.430428622689945 83.94927412768328 8.041438494683218 34.90397380684444 8.535423210412267 24.90348429348475 83.9979028277277 1.886363775041636 53.466555339942516 37.69715031689531 51.25169358678411 46.96278060739746 48.41666751598874 46.30207769397954 122.67911836692957 92.71352424450846 67.35152491417738 53.58597835996825 60.0123744267673 113.17844739026626 79.84734811535226 48.33920418620606 26.317293460491086 37.991615159811204 110.1971512425615 75.6027397038683 41.0242694755643 6.712782418522054 28.319366802883835 114.24691615064359 81.34101852782447 50.74644533660726 30.47751807643275 40.95599439423698 124.64407702080416 95.2749091406629 70.80438013346252 57.827344240704136 63.792889888885
54.30164609199392 0.0 51.4397408450147 48.01808150053106 21.080891608574817 16.641763089063282 43.11259462208334 56.799890219891985 51.98522642884665 40.07229563677065 60.35466774289017 34.40232266275361 55.926142225783295 57.335764359976686 68.27413008216195 14.371849901033904 42.56352693155665 22.40889308740649 36.15599012934248 26.602952843391915 51.77551453821844 18.432400903922517 15.848145174119587 50.91502275079683 79.99955044615204 16.284775392855764 9.955058521073413 62.49831271837449 61.06012916290071 23.979164371553363 54.646670441368954 32.123509692236546 52.1504368810147 53.46493272665801 48.56762472179195 17.25425537966396 11.301333742769499 21.631059782206325 32.20196374402101 22.989223526724956 95.51578185534775 78.35673748446484 74.50529375012839 85.77322453314773 107.50720932735632 75.54534623170669 52.48790307413852 46.879350217429916 63.52306557905946 90.9257890789363 62.34980055850716 30.855882651786974 20.285991542844428 47.600477998501894 80.71516370877282 60.53563705945667 27.040675839044745 13.881115034977201 45.26615698897879 79.37390623879831 70.9810484529252 45.74200025879587 39.257836871904544 58.179470126394556 87.31179503444635
86.5728880817557 51.4397408450147 0.0 40.939664223254354 49.13602667830106 37.713429054277654 71.06272797273253 12.175275938640798 95.20996941167249 81.36344625122094 84.79370073508997 72.34656331499347 9.839616534085554 87.16400744451715 55.16200649592729 54.30014772799856 44.213324498481214 29.49218306610621 29.272644626043412 61.96373695450138 82.709965687633 54.199203334704464 61.369970330239 34.40621523387486 108.37791848228643 35.54929763657408 41.56369458063665 21.117775529784453 94.6130354259145 53.71077163596369 91.35793570065685 62.65464046696287 5.2047165017028725 84.92476936572997 40.40084505649346 62.52573904943901 43.60406267987113 41.3639252975145 38.22274801017508 41.51781833016508 44.24946123526051 37.10202753137547 56.479509337028695 86.01243167817317 118.32654279832474 26.68280082918089 11.914126461789788 44.34832803177995 78.6540223362351 113.1414579217663 32.82232764819905 22.448359558835897 48.22238697625825 80.88086589862925 114.6859905786661 55.26295344122497 49.62345303705205 65.31299757684852 91.99943318125217 122.70619890198816 81.49801130803658 77.57260671558662 88.248683803732 109.32926637659037 136.06132509977215
52.53298011939443 48.01808150053106 40.939664223254354 0.0 29.86172918511173 47.2191424058226 37.76436423779462 34.16594168732665 67.97941006904065 54.94897755402897 47.04791469324809 45.70067742104792 35.57090748193322 51.661571951232816 20.676721284138345 39.25146504471841 7.580740817733108 33.937898536525886 16.003690495178315 37.842693375468265 48.5309738430871 35.9305411927891 46.161520632062356 8.430081722814053 70.31413097927722 41.99819144295416 41.159190640848415 32.01044132654425 60.21898574315895 31.063278044362573 59.426743260324685 34.469811446474694 36.71700791567385 50.672803560184924 0.9481661260324372 46.480726009224036 36.82951921199122 26.42307732812106 15.821238431562413 25.120542010997518 70.51722603939832 40.497058084608646 26.498776221534563 46.46718682693357 77.53099150936038 65.38754041338497 30.810147126109335 4.22542849555434 38.48763023918597 73.07253569093882 71.9208986085258 42.87320965853839 29.974081718139466 48.5140810701508 78.76308505817944 87.54360951559863 65.62394073741214 57.8265380661855 69.10936469161962 92.75283794612592 108.39368917096586 91.40181716826976 85.75606362672085 93.53407215972838 111.97255376997357
39.876942702931764 21.080891608574817 49.13602667830106 29.86172918511173 0.0 29.16409519537191 25.66564064301713 49.81474130741922 46.087553743917844 32.228925750579776 42.543951481213 23.287856373945743 49.82248440002771 41.7228110040581 48.86327641217102 9.416601764238218 23.176612345000066 22.77047193260785 23.525673355443722 12.859353093965364 36.46868071421567 6.310059845547334 16.41385659432191 35.033889286224245 64.51169120417691 24.85245307897598 19.19452140908121 52.782275780941745 47.65754207127038 4.9791461865507 43.12984651200888 14.989610405264372 47.689699877415876 38.53656390964994 30.606688628544077 16.897062543429502 12.704357978349787 7.772565962805127 15.513028415246932 7.760172800892718 90.00346998617084 66.33880721807284 55.6403060056914 64.69654966228974 87.57988924323752 75.68605412319587 45.28112430664981 27.698754575881196 43.34629336715827 73.38542531838277 70.34327488711918 35.73994599491315 1.1685769401989572 33.47001372695426 68.07328756694073 75.89507098392195 45.62644219549089 28.254581939316683 43.70022104399619 73.59304303691098 90.35479412072654 66.81032525886523 56.19646478847934 65.17099126129503 87.92761740375013
67.6947062216715 16.641763089063282 37.713429054277654 47.2191424058226 29.16409519537191 0.0 54.55027010673672 45.42132786645382 68.06044158879429 55.49602914570167 71.63756239077642 48.62773569084426 44.05290232536265 70.12513169768543 67.8098377024882 27.211545339578674 44.02742384308671 13.703843273688841 32.04894546159392 39.266528627353786 64.67098838316612 29.970627541165424 31.454533224629778 47.286064643359644 93.02294447322174 5.24973969240809 10.271862632820863 52.58469289423792 75.02184871889958 33.72252842614891 69.27889366787844 43.50070581547975 39.57019567751503 66.58798705020475 47.47110972166595 32.870292461116016 16.641763089063314 24.81975335873061 32.656920139183605 26.171025541916702 81.87434136862905 69.35615068894165 72.88281896499802 90.59965099149875 116.1871336002134 59.96686233883049 41.610219591184915 47.556475498205884 72.01839029546765 102.50122394544626 45.73807364552135 15.529341829885924 28.021437517185117 61.02534628633626 95.17266542498598 46.811685851165066 18.42854098726278 29.710903861222533 61.81192432044592 95.67413267239036 62.4027769259229 45.01951509446888 50.53932437904272 74.00342070415257 103.89227901977873
15.556190580959125 43.11259462208334 71.06272797273253 37.76436423779462 25.66564064301713 54.55027010673672 0.0 68.5319146660629 31.29452757913855 20.338964139037056 17.280018013803748 13.977704460238309 69.22766781479925 16.36005175580985 48.13578411327753 28.777372089352514 30.652204198542798 47.98924373404975 42.077498915303934 16.615098901086544 11.648691733610347 25.032879150751846 29.544684706544228 45.93802066571602 38.90537284829186 50.46567655379866 44.34364615698534 68.68983340489154 23.590744446789426 20.869724386811814 21.68240949505092 11.134639946005729 68.44435900469324 13.866535311258152 38.710426874581195 28.601761219723834 37.9085862116546 32.160749347006096 32.874415637627436 31.35350829580599 107.40772636024536 78.23006725618235 55.66214430643889 49.71330144877984 65.11034879063433 97.6440808508195 64.31401712829303 33.66102485781563 22.90593615998257 48.07436686938054 95.46535479824556 60.9871094900338 26.83420704299416 10.750599881420019 43.65695493855011 101.36195592118884 69.7808824251007 43.11992966698406 35.272035045253624 54.98850713930528 114.08828363844664 87.09798391788767 67.4593205125162 62.53191049519082 75.26286283116309
84.04132256890185 56.799890219891985 12.175275938640798 34.16594168732665 49.81474130741922 45.42132786645382 68.5319146660629 0.0 95.36227771146989 81.50908860882959 80.49082192867546 72.15991870861161 2.3722759644139453 84.00154900069535 45.11043713967196 56.645441799369834 39.146106726940054 34.436113439008956 26.951806599394843 62.136254326479175 80.06296384128618 55.61132397854296 64.11622387050564 26.386215042898733 104.013960824045 42.155535083530964 46.89293723118898 8.957195632872146 92.02908151650945 53.80152167926517 89.74443935322917 61.593875938995254 7.281124852097374 82.28059101781461 33.437342523869745 65.09650355476529 47.32375282677833 42.34209463477331 36.24725037527518 42.07735208205029 40.19376125536013 25.423671892650372 45.51955248978213 76.76286955795648 110.03585117469808 31.369396464729082 4.5449871952594 38.10681064192446 72.65297902111054 107.2363554892923 44.28850900570355 31.45032845367316 49.10814046952829 78.92357652356723 111.53962332646445 67.43724319366962 59.59619551846154 70.35919272355716 93.50887770639402 122.19733689923773 93.50305327293162 87.79670035383117 95.22816357217647 113.23978365511064 137.7417764594166
22.334366389568522 51.98522642884665 95.20996941167249 67.97941006904065 46.087553743917844 68.06044158879429 31.29452757913855 95.36227771146989 0.0 13.883129354266185 35.31951543832541 23.2103493075992 95.58479464485623 26.61775520319705 79.38772891736987 42.06413045387071 60.50203166826948 67.44633789831643 68.45621190047451 33.341043228920476 24.666020067435326 41.21185900157526 36.616430010601775 75.710142524797 39.44668042062142 65.92292276206392 58.58394907164079 97.12186792574104 21.390028546344542 41.682686644059544 14.305548293606584 34.1387614980391 93.72065720020295 23.70327718672217 68.92348753643171 35.20741316593279 53.70619019488582 53.853721751987315 59.279770534294435 53.78076765521925 135.34091647475424 108.33833388594161 86.90206008168599 75.90444024310159 79.78560395013896 121.68774428379464 90.88570311119287 64.08841121385385 48.46903523299308 54.64411957655811 113.45834246039882 79.64229731377023 46.98767920564204 21.624867660613152 33.50036170210603 111.85678249304561 77.36509812061577 43.05380748902775 10.805349879156182 27.834046550176083 117.15528481184998 84.77983406338356 55.17889022803784 36.0087454555886 44.08378082350859
18.82078114674054 40.07229563677065 81.36344625122094 54.94897755402897 32.228925750579776 55.49602914570167 20.338964139037056 81.50908860882959 13.883129354266185 0.0 30.457722820482513 9.44695325559165 81.71217783770919 23.23592027638863 67.94467200515348 28.785064455961095 47.39461018409201 53.88137626470284 54.62895816814751 19.45838751135224 18.77299171505788 27.53752730773709 24.256567126289053 62.432369789205794 42.892770605175734 52.936907705039765 45.67778403127856 83.42533472667463 22.973408322511382 27.799670198117234 15.426959662370528 20.62608087185158 79.8392019804996 19.13105813867033 55.88339680200113 22.838418555802843 40.4210981427753 39.99991047330525 45.49950402037881 39.90563968619473 121.53090732465242 95.05698834358056 75.47623361772426 68.93659305998267 78.7566320929232 107.87948940296008 77.0249607288998 51.21060520081127 41.31620461952746 56.44778660830153 100.42714654653477 66.29285848021166 33.14702548170114 14.055547019432131 41.12471758810473 100.5620852387682 66.49522527649486 33.546197297062946 14.964293944785384 41.44108112881538 108.25592986928073 77.54649397488998 51.984523795781804 42.26277691335778 57.1376716586699
13.004484650410667 60.35466774289017 84.79370073508997 47.04791469324809 42.543951481213 71.63756239077642 17.280018013803748 80.49082192867546 35.31951543832541 30.457722820482513 0.0 28.559583319216873 81.54918599361335 8.783927141424876 50.508022535268495 46.04425437857517 41.344721423659145 64.22214747009394 55.53802460365798 33.77722626817792 11.705535168494462 42.30803385652644 46.30734902049155 55.45829511406347 23.60261285611306 67.39293475815262 61.48762359252113 79.05790741834672 16.781889620260444 37.918428727081995 21.23806094362373 28.40202563100401 81.56135775056862 11.853942057023856 47.91713441045305 45.24231350328618 55.01653294360552 48.416667515988784 46.96278060739747 47.43315766487746 117.47329487780259 85.77355854249083 57.524380764230045 40.691868014514974 48.96350238868127 110.90509906731012 76.62156139706708 42.856011024431986 14.045035751386191 30.866482079572137 111.2420447911388 77.10400033244036 43.70481797730527 16.433054219667245 32.01295576808052 118.42518864749816 87.06083313695059 59.40934641788888 43.291692430939605 51.12425297537465 131.3356185239111 103.80007230371119 81.82067091985043 70.77814800867006 75.6255720584228
20.07310162694853 34.40232266275361 72.34656331499347 45.70067742104792 23.287856373945743 48.62773569084426 13.977704460238309 72.15991870861161 23.2103493075992 9.44695325559165 28.559583319216873 0.0 72.40910570306231 23.56447167290526 59.58505185197735 21.421179046562337 38.126853148792804 45.54546388032144 45.2460653944435 10.43432299014245 18.09314667055151 19.29627476578635 18.899239275558212 53.06649093046067 45.76131553204623 45.527928204317796 38.49197048303202 73.98294606305825 26.666324673352563 18.640142750909387 20.665191492630573 11.253599823174683 70.65781727770877 19.469571474369204 46.62835302597293 17.6240674266948 32.72607343001737 31.037393664818172 36.07958901215977 30.82878545242448 112.1332091867546 85.67293660421363 67.08669389159593 63.68809855407034 77.50161460972046 98.9466379683496 67.69058458465308 42.05262986045778 36.73775273764895 57.66915670969373 92.67967116124524 58.24205643418166 24.281808576597356 13.488095372928516 46.57364710651885 94.71630389230936 61.402655586019684 31.05221538242537 23.51680515449886 50.36552637075778 104.57239424065956 75.60714544986963 53.78014174124752 49.62837138570748 66.54663962469868
84.76602611182662 55.926142225783295 9.839616534085554 35.57090748193322 49.82248440002771 44.05290232536265 69.22766781479925 2.3722759644139453 95.58479464485623 81.71217783770919 81.54918599361335 72.40910570306231 0.0 84.84721642092704 47.19059978525173 56.35713205093586 40.2340958625924 33.51921837609174 27.362768864899483 62.28951631367139 80.80355344768009 55.50080168709073 63.77375893794124 27.997760428419507 105.11055976962247 40.98141187255639 45.986335923003395 11.278484972969549 92.77486928033127 53.94157960305685 90.30079380507688 61.98580511975052 5.113518123716915 83.02421759519588 34.87678766292988 64.79097770235877 46.72880957531052 42.249360068492365 36.69235791595976 42.06470235935506 40.362589888044255 27.522687328773557 47.75665322224452 78.73206138435661 111.85533963901973 29.820169835659772 4.938574734932774 39.425764447605424 74.0219337400999 108.62300326104437 41.939134846760425 29.766767027845354 49.07206159414575 79.52931196023624 112.41260211355836 65.10018935806373 57.81402767409309 69.58216718400286 93.46487701727892 122.57437550683409 91.24983417522331 85.98519255111175 94.10145445877548 112.74494851003708 137.7042932604439
4.561493387567478 57.335764359976686 87.16400744451715 51.661571951232816 41.7228110040581 70.12513169768543 16.36005175580985 84.00154900069535 26.61775520319705 23.23592027638863 8.783927141424876 23.56447167290526 84.84721642092704 0.0 57.63173297208941 43.428284337681056 45.20843607482418 64.26380418053274 58.00189370644675 31.018428409558982 5.56158748391723 40.189080552460894 42.30932917657541 60.06988899800314 22.897822881643933 66.30340916461319 59.85583136673716 83.42351088468848 8.901313211397575 36.80618529125426 12.459430116400535 26.78351515871807 84.352744745049 4.205048309971554 52.57766295425914 41.09384831902424 53.55037503204688 48.46908892151785 48.94341801530693 47.69418396393081 122.10348747002698 91.43649965547813 64.85994798676859 49.475244365858025 55.530120895810285 113.64926717538142 79.91155871977014 47.43842435455307 22.578675659102878 34.117952532402434 111.79133986957909 77.27131994944565 42.88663775009895 10.125418618773159 27.579668250997585 116.84489250148462 84.35434998746202 54.52903230823867 35.01436723138914 43.28311456706702 127.99361445727972 99.09687057759692 75.18506255974701 62.291066505862474 67.09947661909406
60.00557672264146 68.27413008216195 55.16200649592729 20.676721284138345 48.86327641217102 67.8098377024882 48.13578411327753 45.11043713967196 79.38772891736987 67.94467200515348 50.508022535268495 59.58505185197735 47.19059978525173 57.63173297208941 0.0 58.21606483594673 25.81989466739339 54.37358719160079 36.05028518840523 54.0357185248316 56.35831403030692 54.432874186266254 64.48190303409685 22.109619981307315 70.97214599458194 62.609647628464465 61.792961411309754 39.01890879481334 66.51768156909822 48.866563205233966 68.13181939814012 49.16483587102384 50.16364353472425 58.15111885925569 20.354215094565824 64.54789049740258 57.232026345112665 46.65700422474633 36.27999923853562 45.285999218817885 72.79980226232885 38.482000751488485 7.534657567181095 32.055128418060725 66.2808038692956 75.55703475387293 43.429959196419055 21.408008575171586 37.753012157678654 69.1890355705911 87.80126242877661 62.19312578831368 49.21092508308277 58.053875334878086 81.93654115516829 106.30280061343407 86.17552641317981 77.1161141881029 82.83904009953056 100.85859330247402 128.38353244965714 112.07438009346342 105.04113383006946 109.09285392008326 123.14016246476498
40.69528003671794 14.371849901033904 54.30014772799856 39.25146504471841 9.416601764238218 27.211545339578674 28.777372089352514 56.645441799369834 42.06413045387071 28.785064455961095 46.04425437857517 21.421179046562337 56.35713205093586 43.428284337681056 58.21606483594673 0.0 32.58506722378073 25.53272857656331 31.547675223476194 12.430653733703455 37.89453575410241 4.318490110050191 7.572753461491069 44.13343143331435 66.25621348583131 24.21701387787668 17.08288224521931 60.51151550594138 47.864116193132155 10.30833370635206 42.08229151844025 17.752984591358217 53.61199298011726 39.70312426303049 39.98281506749382 8.455664431002507 11.653873782248837 14.773744856391843 24.468312176008784 15.510666696087647 96.71972011004536 74.8003569661537 65.04040189270367 72.5271375940365 93.19275094705861 80.30031108659685 52.107831547534815 37.10983250915338 49.334375862818796 76.71668024005288 71.64689088337163 37.58244443036455 9.298175571045329 33.99006902083069 67.96356596454368 73.55399682924104 41.07079452031008 18.92821480371834 37.74376649230902 69.89816837776978 85.31626200266209 59.48378330784348 46.82507634343944 56.93563432983814 81.76525253483909
45.73952436821844 42.56352693155665 44.213324498481214 7.580740817733108 23.176612345000066 44.02742384308671 30.652204198542798 39.146106726940054 60.50203166826948 47.39461018409201 41.344721423659145 38.126853148792804 40.2340958625924 45.20843607482418 25.81989466739339 32.58506722378073 0.0 31.581542079941183 15.96915826106003 30.33730364718598 41.72659841847114 29.0082946717334 39.20698981663144 15.320847734079809 64.8813618242011 38.78578980914758 36.75453793876456 38.23827753362524 53.565334877608976 23.83915877950863 52.33119342613437 26.891214148741014 40.549364071547096 43.90604680727817 8.502787190934304 39.431213890438606 31.700944734666113 21.051520207170636 11.373354661654997 19.64167266488572 76.95627238461094 47.86232444293649 32.46798472690699 47.03585497282227 75.93027698644035 69.77997033027627 35.319259428700335 4.528789030172621 34.47352302511439 68.9288884694739 73.54328019139464 42.21215471389392 23.451259121318362 41.38720463860578 72.59947290258899 86.8351682265848 62.40207705196566 51.40519872961046 61.528628699769364 85.57950864280625 106.13349881076081 87.08495071390357 79.3598657575416 86.06345640293017 104.45371867186883
62.60744304368743 22.40889308740649 29.49218306610621 33.937898536525886 22.77047193260785 13.703843273688841 47.98924373404975 34.436113439008956 67.44633789831643 53.88137626470284 64.22214747009394 45.54546388032144 33.51921837609174 64.26380418053274 54.37358719160079 25.53272857656331 31.581542079941183 0.0 18.419895331468773 35.21304129452642 59.12106101811178 26.365213957629837 32.18350529479924 33.59187554945749 86.87708400626644 8.848124209770138 12.468107040571647 40.563695638500214 70.42211689975854 27.74805446374676 65.79957131192018 37.70445829738651 29.797926104471156 61.22338012818166 34.11569004662439 33.41598829331819 14.253827605722787 15.849445534545975 20.47253938705207 16.789055298778614 73.24537758839463 56.9287699278322 59.25941743584858 78.59558808181347 106.00777602225372 54.89906664561766 30.190814956087102 34.697304642945966 62.37916674528524 94.72728113051345 47.58971061109709 13.00900111672284 21.645832480592254 56.23792685738687 90.83898485986883 55.834999550765815 31.84609425293107 36.1336145935642 63.18180377351839 95.25271855524862 74.6468937049197 58.70481916529382 60.951973093248 79.86751800208818 106.94525709495166
57.6331107128489 36.15599012934248 29.272644626043412 16.003690495178315 23.525673355443722 32.04894546159392 42.077498915303934 26.951806599394843 68.45621190047451 54.62895816814751 55.53802460365798 45.2460653944435 27.362768864899483 58.00189370644675 36.05028518840523 31.547675223476194 15.96915826106003 18.419895331468773 0.0 35.35711139112049 53.710951121729174 29.67211247054036 39.11015002377765 15.34893740792219 79.11165247767082 26.963908288041225 27.674398874840016 29.25822003927987 65.66784380201604 27.086291757298124 62.958797777336024 34.64827124301807 26.372698622876502 55.9325071815878 16.026429142793397 39.87344915708847 25.003442580672285 16.77701795124739 9.330294336875122 16.10531367154987 66.90502942064896 43.29934862372656 40.84372483401186 62.10001419540029 91.86642098653849 55.64797286180419 22.53691749182207 17.719503158430737 50.1487917110406 84.3248136889505 57.584161321740396 26.928399678587315 23.004128105827913 52.23111368829103 85.56773159750792 71.65184369145338 50.26429480819375 48.10223333331695 67.05194450375829 95.25184807613364 92.47024567087716 76.8888248688239 75.28468052236852 88.42183853342368 111.19265538808138
28.428890656958707 26.602952843391915 61.96373695450138 37.842693375468265 12.859353093965364 39.266528627353786 16.615098901086544 62.136254326479175 33.341043228920476 19.45838751135224 33.77722626817792 10.43432299014245 62.28951631367139 31.018428409558982 54.0357185248316 12.430653733703455 30.33730364718598 35.21304129452642 35.35711139112049 0.0 25.500073110523942 9.331028867158617 13.303831604556509 44.545805282855824 53.87721748614009 35.763742541221674 29.00540678074478 64.41268460594412 35.82996058219064 8.349323277448258 30.642937407990328 6.293552498074678 60.381279643472524 27.355441969969185 38.72629783307978 12.59875339670202 22.899091373119404 20.62046235505073 26.419777535372543 20.46278211094788 102.23674743264732 76.88332932858722 61.35571861656796 63.34655603912051 81.58328378817463 88.53859397531265 57.63495315403838 34.63130619439756 38.36275869291834 64.33435693637753 82.5386338463558 48.007942646703555 13.847495224454693 21.762301755470798 56.12750233426483 85.86641729328713 53.47923801827036 27.237097601507035 31.914469747038122 60.74578651582609 97.57201024136708 70.62262371327941 53.381783228749356 55.7357747344297 75.88241162293488
4.012937723982478 51.77551453821844 82.709965687633 48.5309738430871 36.46868071421567 64.67098838316612 11.648691733610347 80.06296384128618 24.666020067435326 18.77299171505788 11.705535168494462 18.09314667055151 80.80355344768009 5.56158748391723 56.35831403030692 37.89453575410241 41.72659841847114 59.12106101811178 53.710951121729174 25.500073110523942 0.0 34.711757841348074 36.76897370447288 56.85821507407881 28.378726130378556 60.91811651386081 54.39924832511541 79.93731216270723 11.971391235319787 31.519586264322907 11.797190983710427 21.48360288465336 80.08183914052029 2.2220765665345006 49.46551593537334 35.563867071092346 48.129247988391775 43.39418273949588 44.52193420762786 42.68294992642473 118.66693534010933 88.74361697920294 63.74809893160451 51.44913248528715 60.20804683396121 109.29215871201059 75.88158126084357 44.34068314057803 23.854168954820242 39.58269773845171 106.69633961197054 72.12837606701203 37.62645988783073 4.883895523416117 32.04385259995795 111.35471470347646 78.79674033972141 49.120411043370076 31.804684657189934 44.7782965694176 122.44185765769372 93.68685843324094 70.40760995462531 59.43080681407542 67.0939283483281
37.73448608055651 18.432400903922517 54.199203334704464 35.9305411927891 6.310059845547334 29.970627541165424 25.032879150751846 55.61132397854296 41.21185900157526 27.53752730773709 42.30803385652644 19.29627476578635 55.50080168709073 40.189080552460894 54.432874186266254 4.318490110050191 29.0082946717334 26.365213957629837 29.67211247054036 9.331028867158617 34.711757841348074 0.0 10.23102248932287 41.3178477990396 63.081106063250914 26.437872617698766 19.700696418906283 58.89445669224009 45.16031807637896 6.019326077769157 39.83802799157906 13.907405072342875 53.10052080020951 36.617617805794424 36.70420900123159 10.617458077478128 13.5728234014003 13.269287882871852 21.823009636480947 13.635856427882192 95.79713570337867 72.62405188364026 61.36933562524025 68.21230489672479 89.07537518346481 80.53565265608655 51.06733376756488 33.534854125109675 45.1235297627954 73.09248982704561 73.38724810712444 38.95736574858502 6.67220803128101 31.08398665834124 65.44282959770092 76.65666715403766 44.76300634018633 22.935850679196474 37.98979005748138 68.95824420053327 89.2055637724863 63.765161928318626 50.68691545508186 58.88238426324917 82.21867920262295
38.96583649791482 15.848145174119587 61.369970330239 46.161520632062356 16.41385659432191 31.454533224629778 29.544684706544228 64.11622387050564 36.616430010601775 24.256567126289053 46.30734902049155 18.899239275558212 63.77375893794124 42.30932917657541 64.48190303409685 7.572753461491069 39.20698981663144 32.18350529479924 39.11015002377765 13.303831604556509 36.76897370447288 10.23102248932287 0.0 51.42804289677169 64.66055450620618 29.4321468869645 22.07272563593605 68.07972043469846 45.41915640204101 15.629849030219495 38.83653414281361 19.579027511730697 60.89729288342306 38.29150619170638 46.93387973162401 1.4226131961577468 17.93931652036672 22.341845197350597 31.819518880941718 23.043671691983022 104.12804998044997 82.33916021799114 71.49530481784839 76.40794926673598 94.65477064123 87.0824442790525 59.58506112815722 43.72898949693243 51.661273121541086 76.29133216636549 76.9017900669436 43.54593887251628 16.536687990195134 32.33458037091163 64.90329657642484 76.38289006101586 42.631444192183885 13.978035891178566 31.115627175332982 64.31042166947329 85.70144914368717 57.566984938577214 40.963390093841426 49.36459363787994 74.76997449401671
60.86611984305952 50.91502275079683 34.40621523387486 8.430081722814053 35.033889286224245 47.286064643359644 45.93802066571602 26.386215042898733 75.710142524797 62.432369789205794 55.45829511406347 53.06649093046067 27.997760428419507 60.06988899800314 22.109619981307315 44.13343143331435 15.320847734079809 33.59187554945749 15.34893740792219 44.545805282855824 56.85821507407881 41.3178477990396 51.42804289677169 0.0 78.66701660526333 42.26152547302793 42.886566061098044 23.617955291193585 68.5945779301212 37.12452007856153 67.62028845955294 41.8185217797195 29.79055604116114 59.01345227444565 7.5430778406809385 51.92844145677611 39.62340340932149 30.047050419212336 19.67288207518292 28.961510739462447 62.087342552642454 32.636074154859514 25.888847911849584 51.67393380781427 84.05356805602277 57.75066408252647 23.456041386384157 12.652529268572373 46.52785251966398 81.02129082598701 66.43074777440522 40.22678813290449 34.902403723195775 56.68327933749885 87.19313961234568 84.1931809392428 65.33818174515716 62.00359286719329 76.25348727111881 100.89362898637839 106.58953452753387 92.21000271037587 89.65901433151097 99.84734160036933 119.56146083989464
25.711817917382206 79.99955044615204 108.37791848228643 70.31413097927722 64.51169120417691 93.02294447322174 38.90537284829186 104.013960824045 39.44668042062142 42.892770605175734 23.60261285611306 45.76131553204623 105.11055976962247 22.897822881643933 70.97214599458194 66.25621348583131 64.8813618242011 86.87708400626644 79.11165247767082 53.87721748614009 28.378726130378556 63.081106063250914 64.66055450620618 78.66701660526333 0.0 89.17847988126987 82.75347724429575 102.28204229280037 19.923765153467365 59.631527599644215 27.715423559544295 49.63705334590431 105.16379185687384 26.562324081007965 71.15475155647796 63.377878145150845 76.44385744690676 71.03322162550401 70.43031314605861 70.17421620665024 140.43683169301866 107.95029820157808 77.32301853774497 51.954313005596156 42.59661037259658 134.50630897551125 100.1884012693393 66.16898366325208 33.37368881055958 15.62439971439546 134.26138946341794 99.8623806533441 65.67892160257644 32.40058209652354 13.443437127526566 139.7319867445349 107.0402195691758 76.05926613434143 50.07232968187367 40.30244795372751 150.29498740591728 120.38675472595044 93.76632102173913 74.06780662270666 67.63668957161426
64.09029449953343 16.284775392855764 35.54929763657408 41.99819144295416 24.85245307897598 5.24973969240809 50.46567655379866 42.155535083530964 65.92292276206392 52.936907705039765 67.39293475815262 45.527928204317796 40.98141187255639 66.30340916461319 62.609647628464465 24.21701387787668 38.78578980914758 8.848124209770138 26.963908288041225 35.763742541221674 60.91811651386081 26.437872617698766 29.4321468869645 42.26152547302793 89.17847988126987 0.0 7.359431955917549 48.848582887122156 71.59165651468537 29.598960785455606 66.17802816444517 39.544354267392535 36.790876083303374 62.89712979007531 42.26246343929552 30.809192032215623 12.865159962864668 19.891961085612525 27.41801682936156 21.20078889921869 79.7849372201019 65.4298283194302 67.75885264140224 85.41800301502909 111.33724361210295 59.260583347100884 38.123956492300955 42.30702368636347 67.23958151467754 98.22050328292421 47.540741563090684 14.602387115609547 23.6894595948031 57.48047031491127 91.87856999665286 51.094262875286034 23.675184020153875 30.087395295889987 60.37246682595035 93.69772955119748 67.55221329714873 49.95267838064255 53.12294312817931 74.4555743298983 103.24740414534914
57.430428622689945 9.955058521073413 41.56369458063665 41.159190640848415 19.19452140908121 10.271862632820863 44.34364615698534 46.89293723118898 58.58394907164079 45.67778403127856 61.48762359252113 38.49197048303202 45.986335923003395 59.85583136673716 61.792961411309754 17.08288224521931 36.75453793876456 12.468107040571647 27.674398874840016 29.00540678074478 54.39924832511541 19.700696418906283 22.07272563593605 42.886566061098044 82.75347724429575 7.359431955917549 0.0 52.79154633569037 64.78986161843505 23.579728838664266 59.15696077534955 33.26504952420528 42.19652781883943 56.31709522348985 41.57844822563589 23.450620183878172 6.500105027339576 16.107389187076212 25.594031939670067 17.543602476125564 85.57903440722596 68.88177989601857 67.53071162257173 82.28525604293041 106.6587954609497 66.09053771773422 42.61481896149405 40.729751384587516 62.42298241874612 92.3535113198298 54.8744151113905 21.719123930891662 18.085679113901403 50.767270636470414 84.98465909139571 57.04012034758889 26.680877176057155 23.76995835449062 53.03772684748162 86.34719366406654 71.37973823763582 50.3632369395198 48.709920735914466 67.85034458394622 96.0702570012196
83.94927412768328 62.49831271837449 21.117775529784453 32.01044132654425 52.782275780941745 52.58469289423792 68.68983340489154 8.957195632872146 97.12186792574104 83.42533472667463 79.05790741834672 73.98294606305825 11.278484972969549 83.42351088468848 39.01890879481334 60.51151550594138 38.23827753362524 40.563695638500214 29.25822003927987 64.41268460594412 79.93731216270723 58.89445669224009 68.07972043469846 23.617955291193585 102.28204229280037 48.848582887122156 52.79154633569037 0.0 91.80111255710821 56.2394634237424 90.27529150195535 63.00226015773361 16.212731025780943 82.1259151901641 31.147809439229537 68.92804245950192 52.29320155302994 45.800055361081114 37.998385727173684 45.27239174165943 38.73063878933543 16.9693798709798 38.34978590395374 71.05139729790189 104.97973514122567 36.568017958266566 11.252175335868271 36.20573005463996 69.92817925820725 104.23002228934392 52.74252054570884 39.47038789288295 52.23861929909265 79.33888675008973 110.70351544888892 76.3782737493838 67.68883417185748 75.66161615181886 96.24108458138225 123.26709567638493 102.4336261506709 95.9064069578842 101.47957221433006 117.44293000479402 140.29345524031004
8.041438494683218 61.06012916290071 94.6130354259145 60.21898574315895 47.65754207127038 75.02184871889958 23.590744446789426 92.02908151650945 21.390028546344542 22.973408322511382 16.781889620260444 26.666324673352563 92.77486928033127 8.901313211397575 66.51768156909822 47.864116193132155 53.565334877608976 70.42211689975854 65.66784380201604 35.82996058219064 11.971391235319787 45.16031807637896 45.41915640204101 68.5945779301212 19.923765153467365 71.59165651468537 64.78986161843505 91.80111255710821 0.0 42.67839588471968 7.939002320865141 32.743645088404186 92.03502080616691 9.750741327164729 61.144797284184484 44.084015208527056 58.72818752053814 54.85899625204704 56.45721379755663 54.234645184625705 130.5214380808117 100.19042391799753 73.72375078785464 56.80719107170576 58.427028230438715 121.21987421299089 87.85255647119598 56.00647459590541 30.8256136887408 34.03750088825102 118.00058638749414 83.39685770298888 48.793316921305966 14.191338631157617 20.417022863678707 121.34880081362971 88.02873151628243 56.27986170826808 31.314968373029508 34.47710549916776 130.76081642743637 100.49920919211645 74.13895690875138 57.33997528203199 58.94026256334244
34.90397380684444 23.979164371553363 53.71077163596369 31.063278044362573 4.9791461865507 33.72252842614891 20.869724386811814 53.80152167926517 41.682686644059544 27.799670198117234 37.918428727081995 18.640142750909387 53.94157960305685 36.80618529125426 48.866563205233966 10.30833370635206 23.83915877950863 27.74805446374676 27.086291757298124 8.349323277448258 31.519586264322907 6.019326077769157 15.629849030219495 37.12452007856153 59.631527599644215 29.598960785455606 23.579728838664266 56.2394634237424 42.67839588471968 0.0 38.20888899057203 10.036275481910451 52.049631793034166 33.57591379997544 31.89054057738132 15.6914476865986 17.099103672867837 12.491013011414951 18.33093466384749 12.195768903868602 93.92368612704075 69.11809324362237 55.92634934810833 62.23339963391925 83.74383110984263 80.32815100081328 49.295298737066176 28.32455664980298 39.61532454675092 68.78449509935106 75.32238333579473 40.718957296790066 6.120453395514989 28.491065804408514 63.094184566022086 80.52485412256814 49.61225767789558 28.867609530161268 40.001755411176696 69.00565759232435 94.25994686512584 69.57016806127903 56.4789474535974 62.72581006410225 84.1069290356942
8.535423210412267 54.646670441368954 91.35793570065685 59.426743260324685 43.12984651200888 69.27889366787844 21.68240949505092 89.74443935322917 14.305548293606584 15.426959662370528 21.23806094362373 20.665191492630573 90.30079380507688 12.459430116400535 68.13181939814012 42.08229151844025 52.33119342613437 65.79957131192018 62.958797777336024 30.642937407990328 11.797190983710427 39.83802799157906 38.83653414281361 67.62028845955294 27.715423559544295 66.17802816444517 59.15696077534955 90.27529150195535 7.939002320865141 38.20888899057203 0.0 28.724853253685463 89.14853693200531 10.220795735111256 60.37136955303583 37.4566897986981 53.351635961185785 50.66082292541167 53.63426402806134 50.20965680285747 128.96019997567063 99.85366708138882 75.53513967556627 61.92851257278119 66.02654664577098 118.04014921351578 85.43011653992174 55.29887061499385 34.82036279365128 41.97359329137523 113.1804710144743 78.6446505906 44.21534623088398 10.948349030124444 26.068938970262828 115.15131015761295 81.43001703273444 48.95626886203963 23.60995536261501 33.361487798304395 123.62631856191447 92.92943005941645 66.20496842076587 50.25060457804042 55.33493672749849
24.90348429348475 32.123509692236546 62.65464046696287 34.469811446474694 14.989610405264372 43.50070581547975 11.134639946005729 61.593875938995254 34.1387614980391 20.62608087185158 28.40202563100401 11.253599823174683 61.98580511975052 26.78351515871807 49.16483587102384 17.752984591358217 26.891214148741014 37.70445829738651 34.64827124301807 6.293552498074678 21.48360288465336 13.907405072342875 19.579027511730697 41.8185217797195 49.63705334590431 39.544354267392535 33.26504952420528 63.00226015773361 32.743645088404186 10.036275481910451 28.724853253685463 0.0 60.574024759237716 23.547051146074683 35.394000157340955 18.892289855203607 26.867794296657006 22.13017326741908 25.350758859582672 21.567029421205042 101.35437409592298 74.43469664381018 56.59625194567037 57.101174762258196 75.58273175282763 89.33696088421762 57.18361001613826 30.88168921353089 32.12838313624259 59.20834465910624 85.29408501182506 50.69951817043179 16.14483563674335 18.593672662392898 53.156824385305306 90.30345856518971 58.66849145884654 33.5276992025251 34.656295250605375 60.60402998225689 103.05310916794858 76.71093441754898 59.53135047424952 59.98488143597997 77.76361870425706
83.9979028277277 52.1504368810147 5.2047165017028725 36.71700791567385 47.689699877415876 39.57019567751503 68.44435900469324 7.281124852097374 93.72065720020295 79.8392019804996 81.56135775056862 70.65781727770877 5.113518123716915 84.352744745049 50.16364353472425 53.61199298011726 40.549364071547096 29.797926104471156 26.372698622876502 60.381279643472524 80.08183914052029 53.10052080020951 60.89729288342306 29.79055604116114 105.16379185687384 36.790876083303374 42.19652781883943 16.212731025780943 92.03502080616691 52.049631793034166 89.14853693200531 60.574024759237716 0.0 82.30313929290037 36.11903466894717 61.97940217042312 43.471796123402086 39.97669332702134 35.600219391489034 39.953916176318074 43.47509771162634 32.63271229187979 51.32774827868717 81.23432535712458 113.83464995039768 29.352614306843233 6.769079421592956 40.31028428045956 74.82560867983868 109.39688534329916 37.98575399845734 24.936504107010094 46.85705640754038 78.51229840574027 111.92685573150631 60.28329489525828 52.847775873459604 65.92798491137607 91.07640189261522 120.98811005361728 86.22601476744006 80.98685674198379 89.87514757052921 109.50314688804053 135.27402575020201
1.886363775041636 53.46493272665801 84.92476936572997 50.672803560184924 38.53656390964994 66.58798705020475 13.866535311258152 82.28059101781461 23.70327718672217 19.13105813867033 11.853942057023856 19.469571474369204 83.02421759519588 4.205048309971554 58.15111885925569 39.70312426303049 43.90604680727817 61.22338012818166 55.9325071815878 27.355441969969185 2.2220765665345006 36.617617805794424 38.29150619170638 59.01345227444565 26.562324081007965 62.89712979007531 56.31709522348985 82.1259151901641 9.750741327164729 33.57591379997544 10.220795735111256 23.547051146074683 82.30313929290037 0.0 51.60537480429615 37.054127933909754 50.08428431439878 45.52362227703376 46.74079085094823 44.82965181419563 120.85413217194993 90.83519531482514 65.50683557182775 52.21168127308556 59.63032091884182 111.51061612820976 78.10181593318102 46.47593583249872 24.798677143787046 38.272431095538074 108.80711593601796 74.22763490062994 39.690669934245875 5.984226682467701 29.85174786202995 113.22044132338974 80.50224254750037 50.37051970248928 31.44205677060993 42.835173538432635 123.99274523879045 94.93390126418169 71.0315213490787 58.93466825461631 65.5431148301474
