0 40 75 80 99 127 131 17 35 54 103 98 26 122 27 121 63 20 35 32 44 35 75 79 98 137 116 2 33 56 97 90 18 98 54 98 66 16 40 18 108 99 94 91 92 96 103 112 123 135 96 87 80 77 78 83 91 101 113 126 85 74 67 63 65 70 79 91 104 118 75 63 54 49 51 58 69 82 96 112 66 52 41 35 38 47 60 75 90 106 60 44 30 21 25 38 53 69 86 103 56 39 22 8 16 32 49 66 84 101 57 39 23 9 16 32 49 67 84 101 60 44 31 22 26 38 53 70 86 103 67 53 42 36 39 48 60 75 91 107
40 0 108 117 132 160 165 32 58 24 131 133 50 160 60 154 26 38 20 26 60 19 109 117 136 171 150 39 63 23 125 128 49 137 56 129 28 37 14 57 101 99 101 105 112 121 132 143 156 170 87 85 87 92 100 110 121 134 148 163 73 71 73 79 88 99 112 126 141 156 59 57 59 67 77 90 104 119 134 150 46 43 46 55 68 82 97 113 129 146 33 28 34 45 60 76 92 109 125 142 22 14 23 38 55 72 89 106 123 140 17 1 19 36 53 70 88 105 122 140 23 15 24 39 55 72 89 106 123 140 34 29 35 46 60 76 92 109 126 142
75 108 0 86 113 135 135 77 52 110 129 107 59 110 82 131 124 71 92 86 109 109 7 80 91 139 125 75 45 114 126 86 61 80 124 119 129 72 101 59 177 165 155 146 138 132 129 127 128 132 167 154 143 133 125 119 115 114 115 119 157 144 132 122 113 106 101 100 101 106 148 135 122 110 100 93 88 86 88 93 141 126 112 100 89 80 74 72 74 80 134 119 104 90 78 67 61 58 61 68 128 112 97 82 68 56 47 45 48 57 124 107 91 75 60 46 35 31 36 47 121 104 87 70 54 38 23 17 25 40 120 103 86 68 51 34 17 3 19 37
80 117 86 0 28 52 54 95 94 134 46 22 92 43 58 47 142 95 114 111 72 104 80 7 20 60 41 81 85 135 44 13 84 29 90 35 144 93 120 70 127 111 95 80 66 53 45 42 46 56 123 106 89 73 58 43 32 28 34 46 120 103 86 69 52 36 21 15 24 40 120 102 85 68 50 33 16 3 20 37 120 103 86 69 52 36 21 14 24 40 123 106 89 73 58 43 32 28 34 46 127 111 95 80 65 53 45 42 46 56 132 117 102 88 75 65 58 56 59 67 139 124 110 97 86 77 71 70 72 78 146 132 119 108 98 90 85 83 85 91
99 132 113 28 0 28 33 115 118 152 23 8 115 40 73 23 158 116 133 131 79 117 107 33 31 40 18 101 109 153 25 31 106 46 95 12 159 113 137 92 121 103 86 69 53 36 22 15 25 40 120 102 85 68 50 33 16 3 20 37 120 103 86 69 52 36 21 14 24 39 123 106 89 73 57 43 32 28 34 46 127 110 95 79 65 53 44 41 45 55 132 116 101 87 75 64 57 55 58 66 138 124 110 97 86 77 71 69 71 78 146 132 119 107 97 89 84 83 85 90 155 141 129 118 109 102 98 97 98 103 164 151 140 130 122 116 112 110 112 116
127 160 135 52 28 0 8 143 145 179 35 30 142 37 101 6 185 144 161 158 105 144 129 56 45 14 11 128 136 180 41 49 133 59 120 32 186 141 165 119 138 120 103 86 69 52 34 18 7 20 139 122 105 88 71 55 40 26 21 28 142 125 109 92 77 62 48 38 34 39 146 130 114 98 84 70 59 51 48 52 151 136 120 106 92 80 71 64 62 65 158 143 128 115 102 92 83 78 76 78 165 151 137 124 113 103 96 91 89 91 173 159 147 135 124 116 109 105 103 105 182 169 157 146 136 128 122 118 117 118 191 179 168 157 148 141 136 132 131 132
131 165 135 54 33 8 0 147 148 184 43 33 145 32 106 13 190 148 165 162 111 149 129 58 44 7 16 132 138 185 49 50 137 58 126 38 192 144 170 123 145 128 111 93 76 59 42 25 9 13 147 129 112 95 78 62 46 31 21 23 149 132 116 99 83 67 53 41 34 35 153 136 120 105 89 75 63 53 48 48 158 142 126 112 98 85 74 65 61 62 164 149 134 120 107 95 85 78 75 75 171 156 142 129 117 106 98 92 89 89 178 165 151 139 128 118 110 105 102 102 187 174 161 150 139 130 123 118 116 116 196 183 172 161 151 143 136 132 130 130
17 32 77 95 115 143 147 0 28 40 119 114 20 137 44 137 52 7 20 16 58 35 78 94 113 153 132 15 32 43 113 105 17 112 64 115 55 5 27 28 116 110 107 106 108 112 119 128 139 151 104 97 93 92 94 99 107 117 129 141 91 83 79 78 80 87 96 107 119 133 79 70 65 63 67 74 85 97 111 125 69 58 51 49 54 63 75 89 104 119 59 46 37 35 41 53 67 82 98 114 52 37 25 22 31 45 61 77 94 111 48 31 15 8 23 40 57 75 92 109 48 31 15 9 24 41 58 75 92 109 53 38 26 23 31 45 61 78 94 111
35 58 52 94 118 145 148 28 0 59 127 115 9 132 56 140 73 22 41 35 78 63 54 91 109 154 134 34 11 62 122 101 18 104 88 120 77 24 49 29 141 134 128 124 122 123 127 132 140 149 129 121 114 110 108 110 114 120 128 138 117 108 101 96 94 96 100 108 117 128 106 96 88 82 80 82 87 96 106 118 96 84 75 69 66 69 75 84 96 109 87 74 63 55 52 55 63 74 87 102 79 64 52 42 38 42 52 65 80 95 73 57 42 30 24 30 43 58 74 91 70 53 36 20 10 21 37 54 71 88 69 52 35 18 5 19 36 53 70 88
54 24 110 134 152 179 184 40 59 0 153 152 54 176 79 174 15 43 21 26 82 42 113 133 152 191 169 53 67 4 146 144 56 152 79 150 20 45 15 68 123 122 124 128 135 143 153 164 176 189 109 108 110 115 122 131 142 154 166 180 94 94 96 102 110 120 132 144 158 172 80 80 83 89 98 110 122 136 150 165 66 65 69 77 88 100 114 128 144 159 52 51 56 66 78 92 106 122 138 154 38 37 44 56 70 85 101 117 133 150 25 24 33 48 63 80 97 113 130 148 13 11 26 43 60 77 94 112 129 146 13 10 26 43 60 77 94 112 129 146
103 131 129 46 23 35 43 119 127 153 0 30 122 60 76 31 156 121 135 134 74 114 124 52 53 49 30 104 119 153 7 52 113 68 87 12 157 118 138 99 103 86 69 51 34 17 2 19 36 53 104 87 70 53 37 22 15 24 39 55 107 91 74 59 45 33 29 34 46 60 112 96 81 67 55 46 43 46 55 68 118 103 89 76 66 59 56 59 67 77 125 111 99 87 78 72 70 73 79 88 134 121 109 99 91 86 84 86 91 99 143 131 120 111 104 100 98 100 104 111 153 142 132 124 117 113 112 113 117 123 164 154 144 137 131 127 126 127 130 136
98 133 107 22 8 30 33 114 115 152 30 0 112 35 73 25 158 115 133 130 82 118 102 28 24 40 19 100 106 152 32 24 104 39 98 19 160 112 137 90 126 109 92 75 59 43 29 21 25 38 125 107 90 73 56 39 22 7 16 33 125 107 90 73 56 39 22 9 17 33 126 109 92 76 59 44 30 22 26 39 130 113 97 81 66 52 41 36 38 48 134 118 103 88 74 62 54 50 51 59 140 125 110 96 84 74 67 63 65 71 147 132 119 106 95 86 80 77 78 83 155 141 128 117 107 99 93 91 92 96 164 151 139 128 119 112 107 105 105 109
26 50 59 92 115 142 145 20 9 54 122 112 0 131 49 136 67 13 34 29 70 54 60 89 107 151 131 25 14 57 116 99 10 103 79 116 71 15 43 23 133 125 119 116 116 117 122 128 137 147 120 112 106 102 102 104 109 116 126 136 109 99 92 88 88 90 96 104 115 127 98 87 79 74 74 77 84 93 105 118 87 75 66 61 60 64 72 83 96 110 78 65 54 47 46 51 61 73 88 103 71 56 43 33 32 39 51 66 82 98 66 49 34 21 18 29 44 61 77 94 64 47 29 12 7 24 41 58 76 93 65 48 31 17 13 26 43 59 76 94
122 160 110 43 40 37 32 137 132 176 60 35 131 0 101 37 185 136 157 153 113 147 104 44 25 33 33 124 122 178 64 33 124 31 131 51 187 134 162 111 160 143 126 109 92 76 59 44 31 24 159 142 124 107 90 73 55 39 22 10 159 141 124 107 89 72 55 38 21 5 160 142 125 108 91 74 58 42 27 19 162 145 128 111 95 79 63 49 38 32 165 149 132 116 100 85 71 59 50 46 170 153 138 122 107 94 81 70 63 59 175 159 144 130 116 103 92 82 76 73 181 166 152 138 125 113 103 95 89 87 189 174 160 147 135 124 115 108 103 101
27 60 82 58 73 101 106 44 56 79 76 73 49 101 0 95 85 46 61 58 28 47 79 58 77 112 91 29 51 80 70 69 40 80 44 72 87 43 64 29 95 84 75 69 67 69 76 86 97 111 86 73 62 55 53 56 64 75 89 103 78 64 51 42 39 43 53 66 81 97 72 56 41 29 25 31 44 60 76 92 69 52 35 19 11 22 38 55 72 90 68 51 33 16 5 20 37 54 72 89 70 54 38 24 18 27 41 57 74 91 75 60 46 36 32 38 49 63 78 94 82 68 57 49 46 50 59 71 85 100 91 79 69 62 60 63 70 81 93 107
121 154 131 47 23 6 13 137 140 174 31 25 136 37 95 0 179 138 155 153 99 138 125 52 42 19 6 123 130 174 36 45 128 57 114 26 181 135 159 114 133 116 99 82 64 47 30 13 7 24 134 117 100 83 66 50 34 21 18 29 137 120 103 87 71 56 43 33 31 38 141 124 108 93 78 65 53 46 45 50 146 130 115 100 87 75 65 60 59 63 152 137 123 109 97 86 78 73 72 76 159 145 131 119 108 98 91 87 86 89 167 154 141 129 119 111 104 101 100 102 176 163 151 141 131 123 118 114 114 115 186 174 162 152 143 136 131 128 127 129
63 26 124 142 158 185 190 52 73 15 156 158 67 185 85 179 0 55 33 39 84 43 126 141 161 197 175 62 80 12 150 153 68 161 77 154 5 56 25 79 116 117 121 128 136 145 157 169 182 195 102 103 108 115 124 135 147 160 173 188 87 89 95 103 113 125 137 151 166 181 73 76 82 91 102 115 129 144 159 174 59 62 70 80 93 107 122 137 153 169 45 49 58 71 85 100 116 132 148 165 30 36 48 63 79 95 111 128 145 162 16 26 41 58 74 91 108 126 143 160 4 21 38 56 73 90 107 125 142 159 14 25 40 57 74 91 108 125 143 160
20 38 71 95 116 144 148 7 22 43 121 115 13 136 46 138 55 0 23 18 63 42 72 94 112 154 133 19 26 46 115 104 13 110 70 116 59 4 31 26 123 116 112 110 112 115 121 130 139 151 110 103 98 96 98 102 109 118 129 141 98 90 84 82 84 89 97 107 119 132 86 77 70 68 70 76 86 97 110 124 75 64 57 54 57 64 75 88 102 117 66 53 44 40 44 53 66 80 96 112 58 43 31 26 31 44 58 74 91 107 54 37 21 12 21 37 54 71 88 105 52 35 18 3 18 35 53 70 87 105 55 39 25 17 25 39 55 72 89 106
35 20 92 114 133 161 165 20 41 21 135 133 34 157 61 155 33 23 0 7 69 34 94 113 132 172 151 34 48 23 129 124 36 131 69 132 37 24 9 48 119 115 114 116 121 127 136 146 157 169 105 101 100 102 107 115 124 135 147 160 91 87 86 89 94 103 113 125 138 152 78 73 72 75 82 91 103 116 130 145 65 59 58 62 70 81 94 108 123 139 53 45 44 49 59 72 86 102 117 134 42 32 30 37 50 64 80 97 113 130 33 20 16 27 43 59 76 93 110 128 30 13 6 23 40 58 75 92 109 127 33 19 15 27 43 59 76 93 110 127
32 26 86 111 131 158 162 16 35 26 134 130 29 153 58 153 39 18 7 0 69 37 88 110 128 169 148 31 42 29 127 120 31 127 71 130 43 19 15 43 122 118 116 117 120 126 134 143 154 166 108 104 102 103 107 113 122 132 144 157 95 90 88 89 94 101 111 122 135 148 82 76 74 75 81 89 100 113 126 141 69 62 59 62 68 78 91 104 119 134 58 49 45 48 57 68 82 97 113 129 47 36 31 35 46 60 75 92 108 125 39 25 17 24 38 54 71 88 105 122 36 19 3 17 34 52 69 86 104 121 38 22 12 21 36 53 70 87 104 121
44 60 109 72 79 105 111 58 78 82 74 82 70 113 28 99 84 63 69 69 0 42 106 74 92 118 96 45 74 82 67 85 61 99 19 74 84 59 69 53 68 57 50 49 53 62 74 88 103 118 59 46 37 35 41 52 66 81 97 114 52 37 24 21 30 44 60 76 93 110 49 31 15 8 23 40 57 74 91 109 49 32 16 10 24 40 57 74 92 109 53 38 27 23 32 45 61 77 94 111 61 48 39 37 43 54 67 82 98 114 70 60 53 51 55 64 76 89 104 119 81 72 67 65 69 76 86 98 112 126 93 85 81 79 82 88 97 108 120 134
35 19 109 104 117 144 149 35 63 42 114 118 54 147 47 138 43 42 34 37 42 0 109 105 124 156 134 34 65 41 108 116 49 127 37 113 43 39 31 52 85 82 83 87 94 103 115 127 141 156 72 68 69 73 82 93 105 119 134 149 58 54 55 61 71 83 97 112 127 143 46 40 41 49 61 75 90 106 122 139 34 26 28 39 53 69 85 102 119 136 26 12 16 31 48 65 82 99 117 134 24 7 13 30 47 64 82 99 116 133 30 19 22 35 50 67 83 100 117 135 40 33 35 44 57 72 88 104 120 137 52 47 48 55 66 79 94 109 125 141
75 109 7 80 107 129 129 78 54 113 124 102 60 104 79 125 126 72 94 88 106 109 0 75 85 133 119 75 47 116 121 80 61 73 122 114 131 73 102 58 174 162 151 142 134 128 123 122 123 126 165 152 140 130 121 114 110 108 109 113 156 142 130 118 109 101 96 94 95 99 147 133 120 108 97 88 83 80 82 87 140 125 111 98 86 76 69 67 68 74 134 118 103 89 75 64 56 53 55 62 129 113 96 81 66 53 43 39 42 51 125 109 92 75 59 44 31 25 30 42 123 106 89 72 55 38 22 11 20 36 123 106 88 71 54 37 19 4 17 34
79 117 80 7 33 56 58 94 91 133 52 28 89 44 58 52 141 94 113 110 74 105 75 0 20 63 46 80 81 135 50 12 82 25 93 41 144 91 119 68 131 115 100 85 71 59 51 48 50 58 127 110 94 78 63 49 38 34 38 48 124 107 90 73 56 41 27 20 26 40 122 105 88 70 53 36 19 6 18 35 122 105 88 71 54 37 20 9 19 36 124 107 90 74 57 42 29 23 28 41 128 111 95 79 64 51 41 36 40 50 132 116 101 86 73 62 53 50 53 61 138 123 109 95 83 73 67 64 66 72 145 131 118 105 94 86 80 78 79 85
98 136 91 20 31 45 44 113 109 152 53 24 107 25 77 42 161 112 132 128 92 124 85 20 0 49 36 99 98 154 54 9 100 16 110 42 163 110 138 86 145 128 112 96 80 65 52 43 39 42 141 124 108 91 74 58 43 31 25 30 140 122 105 88 71 54 37 21 11 21 139 122 105 87 70 53 36 18 4 18 140 123 106 89 72 55 39 25 17 24 143 126 109 93 77 61 47 36 31 35 146 130 114 98 83 69 57 48 45 48 151 136 120 105 91 79 68 61 59 61 157 142 128 114 101 90 81 75 72 74 164 150 136 123 111 101 93 88 86 88
137 171 139 60 40 14 7 153 154 191 49 40 151 33 112 19 197 154 172 169 118 156 133 63 49 0 22 139 144 191 55 54 143 61 133 45 198 151 176 129 152 134 117 100 83 65 48 31 16 10 153 136 119 102 85 69 53 38 26 23 156 139 122 106 90 74 60 47 39 37 160 143 127 112 96 82 69 59 52 50 165 149 133 118 104 91 80 71 65 64 171 155 141 127 113 101 91 83 79 78 178 163 149 136 123 112 103 96 92 91 185 171 158 145 134 124 116 110 106 105 194 180 168 156 145 136 128 123 120 119 203 190 178 167 157 148 141 136 133 132
116 150 125 41 18 11 16 132 134 169 30 19 131 33 91 6 175 133 151 148 96 134 119 46 36 22 0 118 125 170 35 39 123 51 112 24 177 130 155 109 133 116 98 81 64 46 29 12 7 24 133 116 99 82 65 48 31 16 13 26 135 118 101 85 68 53 38 27 26 34 138 122 106 90 74 60 48 40 39 45 143 127 112 97 83 70 60 54 53 57 149 134 119 105 92 81 72 67 66 70 156 141 127 114 103 93 85 81 80 83 163 150 136 124 114 105 98 95 94 96 172 159 147 135 126 118 112 108 108 110 181 169 157 147 138 130 125 122 121 123
2 39 75 81 101 128 132 15 34 53 104 100 25 124 29 123 62 19 34 31 45 34 75 80 99 139 118 0 33 55 98 91 17 99 54 100 65 15 39 18 108 100 95 93 93 97 104 113 124 136 96 87 81 79 80 84 92 102 114 127 85 75 68 64 66 72 81 92 105 119 75 63 54 50 52 59 70 83 98 113 66 52 42 36 39 48 61 76 91 107 59 44 30 22 26 39 54 70 87 104 56 39 22 9 17 33 50 67 84 102 56 39 22 8 16 33 50 67 84 102 59 43 29 21 26 38 54 70 87 103 65 52 41 35 38 47 60 75 91 107
33 63 45 85 109 136 138 32 11 67 119 106 14 122 51 130 80 26 48 42 74 65 47 81 98 144 125 33 0 70 114 91 17 93 86 111 85 27 56 22 140 131 124 119 116 116 118 123 130 139 128 119 111 105 102 102 105 110 118 128 117 107 98 92 88 88 92 98 107 117 107 95 85 78 74 74 78 86 96 108 98 85 74 65 60 61 65 74 86 99 90 76 63 52 47 47 53 64 77 91 84 68 53 41 33 33 42 55 69 85 79 63 46 31 20 20 33 48 64 81 77 60 43 26 9 11 28 45 62 79 78 61 44 28 14 15 29 46 63 80
56 23 114 135 153 180 185 43 62 4 153 152 57 178 80 174 12 46 23 29 82 41 116 135 154 191 170 55 70 0 146 146 59 153 78 150 16 47 16 70 120 120 123 127 134 143 153 164 177 190 106 106 109 114 122 131 142 154 168 181 92 92 95 101 110 120 132 145 159 174 78 78 82 89 99 110 123 137 152 167 63 64 68 77 88 101 115 130 145 161 49 50 56 66 79 93 108 124 140 156 35 36 44 57 71 87 103 119 136 153 21 23 34 49 66 82 99 116 133 150 9 12 28 46 63 80 97 115 132 149 12 14 29 46 63 80 98 115 132 149
97 125 126 44 25 41 49 113 122 146 7 32 116 64 70 36 150 115 129 127 67 108 121 50 54 55 35 98 114 146 0 52 107 69 80 14 150 112 132 94 98 81 63 46 29 12 8 24 42 59 99 81 64 47 31 15 12 26 43 60 101 84 68 52 38 27 25 34 48 63 105 89 74 60 48 40 39 45 56 70 111 96 82 70 60 54 53 57 66 78 119 105 92 81 72 67 67 70 78 88 127 114 103 93 85 81 80 83 90 99 136 125 114 105 99 95 94 97 102 110 147 136 126 118 112 109 108 110 115 122 157 147 138 131 126 123 122 124 128 134
90 128 86 13 31 49 50 105 101 144 52 24 99 33 69 45 153 104 124 120 85 116 80 12 9 54 39 91 91 146 52 0 92 18 103 41 155 102 130 79 139 123 106 91 76 62 51 44 43 49 135 118 102 85 69 54 40 31 29 38 133 116 99 82 65 48 32 18 16 29 132 115 98 80 63 46 28 11 7 25 133 116 98 81 64 48 31 17 15 28 135 118 101 85 69 53 39 29 28 37 138 122 106 90 75 61 50 43 42 48 143 128 112 97 84 71 62 56 55 60 149 134 120 106 93 83 74 70 69 73 156 142 128 116 104 95 87 83 83 86
18 49 61 84 106 133 137 17 18 56 113 104 10 124 40 128 68 13 36 31 61 49 61 82 100 143 123 17 17 59 107 92 0 98 71 107 72 13 43 15 125 117 111 107 106 108 113 120 129 139 113 104 97 93 92 95 100 108 118 129 102 91 84 79 78 81 87 96 107 120 91 80 71 65 64 68 75 86 98 112 82 69 58 52 50 55 64 76 90 104 74 59 47 38 36 42 54 68 83 99 68 52 37 25 23 31 46 61 78 95 65 48 31 15 10 24 41 58 75 92 65 48 31 14 9 24 41 58 75 92 68 52 37 25 22 31 45 61 78 94
98 137 80 29 46 59 58 112 104 152 68 39 103 31 80 57 161 110 131 127 99 127 73 25 16 61 51 99 93 153 69 18 98 0 117 57 164 108 138 84 156 139 123 108 93 79 67 58 53 53 151 135 118 102 86 71 57 46 39 40 148 131 114 98 81 65 49 35 26 27 147 129 112 95 78 61 44 27 13 15 146 129 112 95 77 60 43 25 9 11 147 130 113 96 79 62 46 31 19 20 150 133 116 99 83 67 53 40 32 33 153 137 121 105 89 75 62 51 46 46 158 142 126 111 97 84 73 64 59 59 164 148 134 119 106 94 84 77 73 73
54 56 124 90 95 120 126 64 88 79 87 98 79 131 44 114 77 70 69 71 19 37 122 93 110 133 112 54 86 78 80 103 71 117 0 88 77 66 68 67 54 47 46 51 61 73 87 103 118 135 43 34 32 39 51 65 81 97 114 131 34 21 18 29 44 60 77 94 111 128 30 13 6 23 41 58 75 92 110 127 32 17 13 26 42 59 76 93 110 128 40 29 27 35 48 63 79 96 113 130 50 42 41 46 57 70 85 101 117 133 62 56 55 59 68 79 92 107 122 138 75 70 69 72 79 89 101 114 129 144 88 84 83 86 92 100 111 123 137 151
98 129 119 35 12 32 38 115 120 150 12 19 116 51 72 26 154 116 132 130 74 113 114 41 42 45 24 100 111 150 14 41 107 57 88 0 156 113 135 93 110 93 76 59 42 25 11 15 31 47 110 93 76 58 41 24 8 13 30 47 112 95 78 61 45 30 20 23 35 50 115 99 83 67 53 41 34 35 44 57 120 104 89 75 62 53 48 49 55 66 126 111 97 85 74 66 61 62 67 76 134 120 107 95 86 79 75 76 80 88 142 129 117 107 98 92 89 89 93 100 151 139 128 119 111 106 103 103 106 112 161 150 140 131 124 119 117 117 120 125
66 28 129 144 159 186 192 55 77 20 157 160 71 187 87 181 5 59 37 43 84 43 131 144 163 198 177 65 85 16 150 155 72 164 77 156 0 60 29 82 113 115 120 127 136 146 157 170 183 197 99 102 107 115 124 135 148 161 175 190 85 88 94 103 113 126 139 153 168 183 71 74 82 92 103 117 131 146 161 177 56 61 70 81 95 109 124 140 156 172 42 48 59 72 87 103 119 135 152 168 28 37 50 65 81 98 115 131 148 165 15 28 44 61 78 95 112 129 147 164 8 25 42 60 77 94 111 129 146 163 18 30 45 62 78 95 112 130 147 164
16 37 72 93 113 141 144 5 24 45 118 112 15 134 43 135 56 4 24 19 59 39 73 91 110 151 130 15 27 47 112 102 13 108 66 113 60 0 32 24 119 112 108 106 108 111 118 126 136 148 107 99 94 92 94 98 105 115 126 138 95 86 80 78 80 85 94 104 116 130 83 73 67 64 66 73 82 94 107 122 73 61 53 50 53 61 72 85 100 115 64 50 40 36 40 50 63 78 94 110 57 41 28 22 28 41 57 73 90 106 53 36 19 8 19 36 53 70 87 105 53 36 19 7 19 36 53 70 87 104 57 41 28 21 27 41 56 73 89 106
40 14 101 120 137 165 170 27 49 15 138 137 43 162 64 159 25 31 9 15 69 31 102 119 138 176 155 39 56 16 132 130 43 138 68 135 29 32 0 54 115 113 113 116 122 129 138 149 161 174 101 98 99 102 109 117 128 139 152 166 87 84 85 89 96 106 117 130 144 158 73 70 71 76 84 95 108 121 136 151 60 56 57 63 73 86 99 114 130 145 47 42 43 51 63 77 92 108 124 141 35 28 30 41 55 71 87 104 120 137 25 14 19 33 50 67 84 101 118 135 22 5 14 31 48 66 83 100 118 135 27 17 21 35 51 67 84 101 119 136
18 57 59 70 92 119 123 28 29 68 99 90 23 111 29 114 79 26 48 43 53 52 58 68 86 129 109 18 22 70 94 79 15 84 67 93 82 24 54 0 120 110 102 97 95 95 99 106 115 125 109 98 89 83 81 82 86 94 104 115 99 87 77 70 67 68 73 82 93 106 90 77 65 57 53 54 61 71 84 98 83 68 54 44 39 41 50 62 76 92 77 61 46 32 25 28 40 55 71 87 74 57 40 24 11 18 33 50 67 84 73 56 39 22 6 15 32 49 66 84 75 59 43 28 19 23 36 52 69 85 80 64 50 39 33 35 45 58 74 89
108 101 177 127 121 138 145 116 141 123 103 126 133 160 95 133 116 123 119 122 68 85 174 131 145 152 133 108 140 120 98 139 125 156 54 110 113 119 115 120 0 18 35 52 70 87 104 122 139 156 15 23 38 54 71 88 105 122 140 157 29 34 45 60 75 91 108 125 142 159 43 47 55 68 82 97 113 129 145 162 58 60 67 77 90 104 119 134 150 166 72 74 80 88 99 112 126 140 156 171 86 88 93 100 110 122 134 148 162 177 100 102 106 112 121 132 144 156 170 184 115 116 119 125 133 143 154 166 179 192 129 130 133 138 145 154 164 176 188 201
99 99 165 111 103 120 128 110 134 122 86 109 125 143 84 116 117 116 115 118 57 82 162 115 128 134 116 100 131 120 81 123 117 139 47 93 115 112 113 110 18 0 18 35 52 70 87 104 122 139 23 15 23 38 54 71 88 105 122 140 34 29 34 45 60 75 91 108 125 142 47 43 46 55 67 82 97 112 129 145 60 57 60 67 77 90 104 118 134 150 74 72 73 79 88 99 112 126 140 155 88 86 87 92 100 110 121 134 148 162 102 100 101 105 112 121 131 143 156 170 116 114 115 119 125 133 142 153 165 178 130 128 129 132 138 145 154 164 175 187
94 101 155 95 86 103 111 107 128 124 69 92 119 126 75 99 121 112 114 116 50 83 151 100 112 117 98 95 124 123 63 106 111 123 46 76 120 108 113 102 35 18 0 18 35 52 70 87 104 122 38 23 15 23 38 54 71 88 105 122 45 34 29 34 45 60 75 91 108 125 55 46 43 46 55 67 81 97 112 129 67 60 57 60 67 77 90 104 118 134 80 73 71 73 79 88 99 112 126 140 93 87 85 87 92 99 109 121 134 148 106 101 99 101 105 112 121 131 143 156 119 115 114 115 118 124 132 142 153 165 133 129 128 129 132 137 144 153 163 175
91 105 146 80 69 86 93 106 124 128 51 75 116 109 69 82 128 110 116 117 49 87 142 85 96 100 81 93 119 127 46 91 107 108 51 59 127 106 116 97 52 35 18 0 18 35 52 70 87 104 54 38 23 15 23 38 54 71 88 105 60 45 34 29 33 45 59 75 91 108 68 55 46 43 46 55 67 81 97 112 77 67 60 57 59 66 77 89 103 118 88 79 73 71 73 79 88 99 112 125 100 92 87 85 87 91 99 109 121 134 112 105 101 99 100 105 111 120 131 143 125 119 115 113 114 118 124 132 141 152 138 132 129 127 128 131 137 144 153 163
92 112 138 66 53 69 76 108 122 135 34 59 116 92 67 64 136 112 121 120 53 94 134 71 80 83 64 93 116 134 29 76 106 93 61 42 136 108 122 95 70 52 35 18 0 18 35 52 70 87 71 54 38 23 15 23 38 54 71 88 75 60 45 33 29 33 45 59 75 91 82 67 55 46 43 46 55 67 81 96 90 77 67 59 57 59 66 77 89 103 99 88 79 73 71 73 78 87 99 111 110 100 92 87 85 86 91 99 109 120 121 112 105 100 99 100 104 111 120 130 133 125 118 114 113 114 117 123 131 141 145 138 132 128 127 127 131 136 143 152
96 121 132 53 36 52 59 112 123 143 17 43 117 76 69 47 145 115 127 126 62 103 128 59 65 65 46 97 116 143 12 62 108 79 73 25 146 111 129 95 87 70 52 35 18 0 18 35 52 70 88 71 54 38 23 14 23 38 54 71 91 75 60 45 33 28 33 45 59 75 97 82 67 55 46 42 46 55 67 81 104 90 77 66 59 56 59 66 76 89 112 99 88 79 73 70 72 78 87 98 122 110 99 91 86 84 86 91 98 108 132 121 112 105 100 98 99 104 110 119 143 133 124 118 114 112 113 117 123 131 154 145 137 131 127 126 127 130 135 143
103 132 129 45 22 34 42 119 127 153 2 29 122 59 76 30 157 121 136 134 74 115 123 51 52 48 29 104 118 153 8 51 113 67 87 11 157 118 138 99 104 87 70 52 35 18 0 18 35 52 105 88 71 54 38 23 14 23 38 54 108 91 75 59 45 33 28 33 45 59 113 97 81 67 55 46 42 46 54 67 119 104 90 77 66 59 56 59 66 76 126 112 99 88 78 72 70 72 78 87 134 121 109 99 91 86 84 85 90 98 144 131 121 111 104 99 98 99 103 110 154 142 132 124 117 113 112 113 116 122 164 154 144 137 131 127 125 126 130 135
112 143 127 42 15 18 25 128 132 164 19 21 128 44 86 13 169 130 146 143 88 127 122 48 43 31 12 113 123 164 24 44 120 58 103 15 170 126 149 106 122 104 87 70 52 35 18 0 18 35 122 105 88 71 54 38 23 14 23 38 125 108 91 75 59 45 33 28 33 45 129 112 97 81 67 55 46 42 45 54 134 118 104 89 77 66 59 56 58 65 140 126 112 99 87 78 72 70 72 77 148 134 121 109 99 91 85 83 85 90 156 143 131 120 111 104 99 97 99 103 166 153 142 132 123 117 113 111 112 116 176 164 153 144 136 130 126 125 126 129
123 156 128 46 25 7 9 139 140 176 36 25 137 31 97 7 182 139 157 154 103 141 123 50 39 16 7 124 130 177 42 43 129 53 118 31 183 136 161 115 139 122 104 87 70 52 35 18 0 18 140 122 105 88 71 54 38 23 14 23 142 125 108 91 75 59 45 33 28 33 145 129 112 97 81 67 54 45 42 45 150 134 118 103 89 76 66 58 55 58 156 140 126 112 99 87 78 72 69 71 162 148 134 121 109 98 90 85 83 85 170 156 143 131 120 110 103 99 97 98 179 165 153 141 131 123 116 112 110 112 188 175 163 153 143 135 130 126 124 125
135 170 132 56 40 20 13 151 149 189 53 38 147 24 111 24 195 151 169 166 118 156 126 58 42 10 24 136 139 190 59 49 139 53 135 47 197 148 174 125 156 139 122 104 87 70 52 35 18 0 157 140 122 105 88 71 54 38 23 14 159 142 125 108 91 75 59 45 33 28 162 145 129 112 96 81 67 54 45 42 166 150 134 118 103 89 76 65 58 55 171 155 140 125 111 98 87 77 71 69 177 162 148 134 120 108 98 90 85 83 184 170 156 143 130 119 110 103 98 96 192 178 165 152 141 131 122 116 112 110 201 187 175 163 152 143 135 129 125 124
96 87 167 123 120 139 147 104 129 109 104 125 120 159 86 134 102 110 105 108 59 72 165 127 141 153 133 96 128 106 99 135 113 151 43 110 99 107 101 109 15 23 38 54 71 88 105 122 140 157 0 18 35 52 70 87 104 122 139 156 15 23 38 54 71 88 105 122 140 157 29 34 45 60 75 91 108 125 142 159 43 47 55 68 82 97 113 129 145 162 58 60 67 77 90 104 119 134 150 166 72 74 80 88 99 112 126 140 156 171 86 88 93 100 110 122 134 148 162 177 100 102 106 112 121 132 144 156 170 184 115 116 119 125 133 143 154 166 179 192
87 85 154 106 102 122 129 97 121 108 87 107 112 142 73 117 103 103 101 104 46 68 152 110 124 136 116 87 119 106 81 118 104 135 34 93 102 99 98 98 23 15 23 38 54 71 88 105 122 140 18 0 18 35 52 70 87 104 122 139 23 15 23 38 54 71 88 105 122 140 34 29 34 45 60 75 91 108 125 142 47 43 46 55 67 82 97 112 129 145 60 57 60 67 77 90 104 118 134 150 74 72 73 79 88 99 112 126 140 155 88 86 87 92 100 110 121 134 148 162 102 100 101 105 112 121 131 143 156 170 116 114 115 119 125 133 142 153 165 178
80 87 143 89 85 105 112 93 114 110 70 90 106 124 62 100 108 98 100 102 37 69 140 94 108 119 99 81 111 109 64 102 97 118 32 76 107 94 99 89 38 23 15 23 38 54 71 88 105 122 35 18 0 18 35 52 70 87 104 122 38 23 15 23 38 54 71 88 105 122 45 34 29 34 45 60 75 91 108 125 55 46 43 46 55 67 81 97 112 129 67 60 57 60 67 77 90 104 118 134 80 73 71 73 79 88 99 112 126 140 93 87 85 87 92 99 109 121 134 148 106 101 99 101 105 112 121 131 143 156 119 115 114 115 118 124 132 142 153 165
77 92 133 73 68 88 95 92 110 115 53 73 102 107 55 83 115 96 102 103 35 73 130 78 91 102 82 79 105 114 47 85 93 102 39 58 115 92 102 83 54 38 23 15 23 38 54 71 88 105 52 35 18 0 18 35 52 70 87 104 54 38 23 15 23 38 54 71 88 105 60 45 34 29 33 45 59 75 91 108 68 55 46 43 46 55 67 81 97 112 77 67 60 57 59 66 77 89 103 118 88 79 73 71 73 79 88 99 112 125 100 92 87 85 87 91 99 109 121 134 112 105 101 99 100 105 111 120 131 143 125 119 115 113 114 118 124 132 141 152
78 100 125 58 50 71 78 94 108 122 37 56 102 90 53 66 124 98 107 107 41 82 121 63 74 85 65 80 102 122 31 69 92 86 51 41 124 94 109 81 71 54 38 23 15 23 38 54 71 88 70 52 35 18 0 18 35 52 70 87 71 54 38 23 15 23 38 54 71 88 75 60 45 33 29 33 45 59 75 91 82 67 55 46 43 46 55 67 81 96 90 77 67 59 57 59 66 77 89 103 99 88 79 73 71 73 78 87 99 111 110 100 92 87 85 86 91 99 109 120 121 112 105 100 99 100 104 111 120 130 133 125 118 114 113 114 117 123 131 141
83 110 119 43 33 55 62 99 110 131 22 39 104 73 56 50 135 102 115 113 52 93 114 49 58 69 48 84 102 131 15 54 95 71 65 24 135 98 117 82 88 71 54 38 23 14 23 38 54 71 87 70 52 35 18 0 18 35 52 70 88 71 54 38 23 14 23 38 54 71 91 75 60 45 33 28 33 45 59 75 97 82 67 55 46 42 46 55 67 81 104 90 77 66 59 56 59 66 76 89 112 99 88 79 73 70 72 78 87 98 122 110 99 91 86 84 86 91 98 108 132 121 112 105 100 98 99 104 110 119 143 133 124 118 114 112 113 117 123 131
91 121 115 32 16 40 46 107 114 142 15 22 109 55 64 34 147 109 124 122 66 105 110 38 43 53 31 92 105 142 12 40 100 57 81 8 148 105 128 86 105 88 71 54 38 23 14 23 38 54 104 87 70 52 35 18 0 18 35 52 105 88 71 54 38 23 14 23 38 54 108 91 75 59 45 33 28 33 45 59 113 97 81 67 55 46 42 46 54 67 119 104 90 77 66 59 56 59 66 76 126 112 99 88 78 72 70 72 78 87 134 121 109 99 91 86 84 85 90 98 144 131 121 111 104 99 98 99 103 110 154 142 132 124 117 113 112 113 116 122
101 134 114 28 3 26 31 117 120 154 24 7 116 39 75 21 160 118 135 132 81 119 108 34 31 38 16 102 110 154 26 31 108 46 97 13 161 115 139 94 122 105 88 71 54 38 23 14 23 38 122 104 87 70 52 35 18 0 18 35 122 105 88 71 54 38 23 14 23 38 125 108 91 75 59 45 33 28 33 45 129 112 97 81 67 55 46 42 45 54 134 118 104 89 77 66 59 56 58 65 140 126 112 99 87 78 72 70 72 77 148 134 121 109 99 91 85 83 85 90 156 143 131 120 111 104 99 97 99 103 166 153 142 132 123 117 113 111 112 116
113 148 115 34 20 21 21 129 128 166 39 16 126 22 89 18 173 129 147 144 97 134 109 38 25 26 13 114 118 168 43 29 118 39 114 30 175 126 152 104 140 122 105 88 71 54 38 23 14 23 139 122 104 87 70 52 35 18 0 18 140 122 105 88 71 54 38 23 14 23 142 125 108 91 75 59 45 33 28 33 145 129 112 97 81 67 54 45 42 45 150 134 118 103 89 76 66 58 55 58 156 140 126 112 99 87 78 72 69 71 162 148 134 121 109 98 90 85 83 85 170 156 143 131 120 110 103 99 97 98 179 165 153 141 131 123 116 112 110 112
126 163 119 46 37 28 23 141 138 180 55 33 136 10 103 29 188 141 160 157 114 149 113 48 30 23 26 127 128 181 60 38 129 40 131 47 190 138 166 115 157 140 122 105 88 71 54 38 23 14 156 139 122 104 87 70 52 35 18 0 157 140 122 105 88 71 54 38 23 14 159 142 125 108 91 75 59 45 33 28 162 145 129 112 96 81 67 54 45 42 166 150 134 118 103 89 76 65 58 55 171 155 140 125 111 98 87 77 71 69 177 162 148 134 120 108 98 90 85 83 184 170 156 143 130 119 110 103 98 96 192 178 165 152 141 131 122 116 112 110
85 73 157 120 120 142 149 91 117 94 107 125 109 159 78 137 87 98 91 95 52 58 156 124 140 156 135 85 117 92 101 133 102 148 34 112 85 95 87 99 29 34 45 60 75 91 108 125 142 159 15 23 38 54 71 88 105 122 140 157 0 18 35 52 70 87 104 122 139 156 15 23 38 54 71 88 105 122 140 157 29 34 45 60 75 91 108 125 142 159 43 47 55 68 82 97 113 129 145 162 58 60 67 77 90 104 119 134 150 166 72 74 80 88 99 112 126 140 156 171 86 88 93 100 110 122 134 148 162 177 100 102 106 112 121 132 144 156 170 184
74 71 144 103 103 125 132 83 108 94 91 107 99 141 64 120 89 90 87 90 37 54 142 107 122 139 118 75 107 92 84 116 91 131 21 95 88 86 84 87 34 29 34 45 60 75 91 108 125 142 23 15 23 38 54 71 88 105 122 140 18 0 18 35 52 70 87 104 122 139 23 15 23 38 54 71 88 105 122 140 34 29 34 45 60 75 91 108 125 142 47 43 46 55 67 82 97 112 129 145 60 57 60 67 77 90 104 118 134 150 74 72 73 79 88 99 112 126 140 155 88 86 87 92 100 110 121 134 148 162 102 100 101 105 112 121 131 143 156 170
67 73 132 86 86 109 116 79 101 96 74 90 92 124 51 103 95 84 86 88 24 55 130 90 105 122 101 68 98 95 68 99 84 114 18 78 94 80 85 77 45 34 29 34 45 60 75 91 108 125 38 23 15 23 38 54 71 88 105 122 35 18 0 18 35 52 70 87 104 122 38 23 15 23 38 54 71 88 105 122 45 34 29 34 45 60 75 91 108 125 55 46 43 46 55 67 81 97 112 129 67 60 57 60 67 77 90 104 118 134 80 73 71 73 79 88 99 112 126 140 93 87 85 87 92 99 109 121 134 148 106 101 99 101 105 112 121 131 143 156
63 79 122 69 69 92 99 78 96 102 59 73 88 107 42 87 103 82 89 89 21 61 118 73 88 106 85 64 92 101 52 82 79 98 29 61 103 78 89 70 60 45 34 29 33 45 59 75 91 108 54 38 23 15 23 38 54 71 88 105 52 35 18 0 18 35 52 70 87 104 54 38 23 15 23 38 54 71 88 105 60 45 34 29 33 45 59 75 91 108 68 55 46 43 46 55 67 81 97 112 77 67 60 57 59 66 77 89 103 118 88 79 73 71 73 79 88 99 112 125 100 92 87 85 87 91 99 109 121 134 112 105 101 99 100 105 111 120 131 143
65 88 113 52 52 77 83 80 94 110 45 56 88 89 39 71 113 84 94 94 30 71 109 56 71 90 68 66 88 110 38 65 78 81 44 45 113 80 96 67 75 60 45 33 29 33 45 59 75 91 71 54 38 23 15 23 38 54 71 88 70 52 35 18 0 18 35 52 70 87 71 54 38 23 15 23 38 54 71 88 75 60 45 33 29 33 45 59 75 91 82 67 55 46 43 46 55 67 81 96 90 77 67 59 57 59 66 77 89 103 99 88 79 73 71 73 78 87 99 111 110 100 92 87 85 86 91 99 109 120 121 112 105 100 99 100 104 111 120 130
70 99 106 36 36 62 67 87 96 120 33 39 90 72 43 56 125 89 103 101 44 83 101 41 54 74 53 72 88 120 27 48 81 65 60 30 126 85 106 68 91 75 60 45 33 28 33 45 59 75 88 71 54 38 23 14 23 38 54 71 87 70 52 35 18 0 18 35 52 70 88 71 54 38 23 14 23 38 54 71 91 75 60 45 33 28 33 45 59 75 97 82 67 55 46 42 46 55 67 81 104 90 77 66 59 56 59 66 76 89 112 99 88 79 73 70 72 78 87 98 122 110 99 91 86 84 86 91 98 108 132 121 112 105 100 98 99 104 110 119
79 112 101 21 21 48 53 96 100 132 29 22 96 55 53 43 137 97 113 111 60 97 96 27 37 60 38 81 92 132 25 32 87 49 77 20 139 94 117 73 108 91 75 59 45 33 28 33 45 59 105 88 71 54 38 23 14 23 38 54 104 87 70 52 35 18 0 18 35 52 105 88 71 54 38 23 14 23 38 54 108 91 75 59 45 33 28 33 45 59 113 97 81 67 55 46 42 46 54 67 119 104 90 77 66 59 56 59 66 76 126 112 99 88 78 72 70 72 78 87 134 121 109 99 91 86 84 85 90 98 144 131 121 111 104 99 98 99 103 110
91 126 100 15 14 38 41 107 108 144 34 9 104 38 66 33 151 107 125 122 76 112 94 20 21 47 27 92 98 145 34 18 96 35 94 23 153 104 130 82 125 108 91 75 59 45 33 28 33 45 122 105 88 71 54 38 23 14 23 38 122 104 87 70 52 35 18 0 18 35 122 105 88 71 54 38 23 14 23 38 125 108 91 75 59 45 33 28 33 45 129 112 97 81 67 55 46 42 45 54 134 118 104 89 77 66 59 56 58 65 140 126 112 99 87 78 72 70 72 77 148 134 121 109 99 91 85 83 85 90 156 143 131 120 111 104 99 97 99 103
104 141 101 24 24 34 34 119 117 158 46 17 115 21 81 31 166 119 138 135 93 127 95 26 11 39 26 105 107 159 48 16 107 26 111 35 168 116 144 93 142 125 108 91 75 59 45 33 28 33 140 122 105 88 71 54 38 23 14 23 139 122 104 87 70 52 35 18 0 18 140 122 105 88 71 54 38 23 14 23 142 125 108 91 75 59 45 33 28 33 145 129 112 97 81 67 54 45 42 45 150 134 118 103 89 76 66 58 55 58 156 140 126 112 99 87 78 72 69 71 162 148 134 121 109 98 90 85 83 85 170 156 143 131 120 110 103 99 97 98
118 156 106 40 39 39 35 133 128 172 60 33 127 5 97 38 181 132 152 148 110 143 99 40 21 37 34 119 117 174 63 29 120 27 128 50 183 130 158 106 159 142 125 108 91 75 59 45 33 28 157 140 122 105 88 71 54 38 23 14 156 139 122 104 87 70 52 35 18 0 157 140 122 105 88 71 54 38 23 14 159 142 125 108 91 75 59 45 33 28 162 145 129 112 96 81 67 54 45 42 166 150 134 118 103 89 76 65 58 55 171 155 140 125 111 98 87 77 71 69 177 162 148 134 120 108 98 90 85 83 184 170 156 143 130 119 110 103 98 96
75 59 148 120 123 146 153 79 106 80 112 126 98 160 72 141 73 86 78 82 49 46 147 122 139 160 138 75 107 78 105 132 91 147 30 115 71 83 73 90 43 47 55 68 82 97 113 129 145 162 29 34 45 60 75 91 108 125 142 159 15 23 38 54 71 88 105 122 140 157 0 18 35 52 70 87 104 122 139 156 15 23 38 54 71 88 105 122 140 157 29 34 45 60 75 91 108 125 142 159 43 47 55 68 82 97 113 129 145 162 58 60 67 77 90 104 119 134 150 166 72 74 80 88 99 112 126 140 156 171 86 88 93 100 110 122 134 148 162 177
63 57 135 102 106 130 136 70 96 80 96 109 87 142 56 124 76 77 73 76 31 40 133 105 122 143 122 63 95 78 89 115 80 129 13 99 74 73 70 77 47 43 46 55 67 82 97 112 129 145 34 29 34 45 60 75 91 108 125 142 23 15 23 38 54 71 88 105 122 140 18 0 18 35 52 70 87 104 122 139 23 15 23 38 54 71 88 105 122 140 34 29 34 45 60 75 91 108 125 142 47 43 46 55 67 82 97 112 129 145 60 57 60 67 77 90 104 118 134 150 74 72 73 79 88 99 112 126 140 155 88 86 87 92 100 110 121 134 148 162
54 59 122 85 89 114 120 65 88 83 81 92 79 125 41 108 82 70 72 74 15 41 120 88 105 127 106 54 85 82 74 98 71 112 6 83 82 67 71 65 55 46 43 46 55 67 81 97 112 129 45 34 29 34 45 60 75 91 108 125 38 23 15 23 38 54 71 88 105 122 35 18 0 18 35 52 70 87 104 122 38 23 15 23 38 54 71 88 105 122 45 34 29 34 45 60 75 91 108 125 55 46 43 46 55 67 81 97 112 129 67 60 57 60 67 77 90 104 118 134 80 73 71 73 79 88 99 112 126 140 93 87 85 87 92 99 109 121 134 148
49 67 110 68 73 98 105 63 82 89 67 76 74 108 29 93 91 68 75 75 8 49 108 70 87 112 90 50 78 89 60 80 65 95 23 67 92 64 76 57 68 55 46 43 46 55 67 81 97 112 60 45 34 29 33 45 59 75 91 108 54 38 23 15 23 38 54 71 88 105 52 35 18 0 18 35 52 70 87 104 54 38 23 15 23 38 54 71 88 105 60 45 34 29 33 45 59 75 91 108 68 55 46 43 46 55 67 81 97 112 77 67 60 57 59 66 77 89 103 118 88 79 73 71 73 79 88 99 112 125 100 92 87 85 87 91 99 109 121 134
51 77 100 50 57 84 89 67 80 98 55 59 74 91 25 78 102 70 82 81 23 61 97 53 70 96 74 52 74 99 48 63 64 78 41 53 103 66 84 53 82 67 55 46 43 46 55 67 81 96 75 60 45 33 29 33 45 59 75 91 71 54 38 23 15 23 38 54 71 88 70 52 35 18 0 18 35 52 70 87 71 54 38 23 15 23 38 54 71 88 75 60 45 33 29 33 45 59 75 91 82 67 55 46 43 46 55 67 81 96 90 77 67 59 57 59 66 77 89 103 99 88 79 73 71 73 78 87 99 111 110 100 92 87 85 86 91 99 109 120
58 90 93 33 43 70 75 74 82 110 46 44 77 74 31 65 115 76 91 89 40 75 88 36 53 82 60 59 74 110 40 46 68 61 58 41 117 73 95 54 97 82 67 55 46 42 46 55 67 81 91 75 60 45 33 28 33 45 59 75 88 71 54 38 23 14 23 38 54 71 87 70 52 35 18 0 18 35 52 70 88 71 54 38 23 14 23 38 54 71 91 75 60 45 33 28 33 45 59 75 97 82 67 55 46 42 46 55 67 81 104 90 77 66 59 56 59 66 76 89 112 99 88 79 73 70 72 78 87 98 122 110 99 91 86 84 86 91 98 108
69 104 88 16 32 59 63 85 87 122 43 30 84 58 44 53 129 86 103 100 57 90 83 19 36 69 48 70 78 123 39 28 75 44 75 34 131 82 108 61 113 97 81 67 55 46 42 46 54 67 108 91 75 59 45 33 28 33 45 59 105 88 71 54 38 23 14 23 38 54 104 87 70 52 35 18 0 18 35 52 105 88 71 54 38 23 14 23 38 54 108 91 75 59 45 33 28 33 45 59 113 97 81 67 55 46 42 46 54 67 119 104 90 77 66 59 56 59 66 76 126 112 99 88 78 72 70 72 78 87 134 121 109 99 91 86 84 85 90 98
82 119 86 3 28 51 53 97 96 136 46 22 93 42 60 46 144 97 116 113 74 106 80 6 18 59 40 83 86 137 45 11 86 27 92 35 146 94 121 71 129 112 97 81 67 55 46 42 45 54 125 108 91 75 59 45 33 28 33 45 122 105 88 71 54 38 23 14 23 38 122 104 87 70 52 35 18 0 18 35 122 105 88 71 54 38 23 14 23 38 125 108 91 75 59 45 33 28 33 45 129 112 97 81 67 55 46 42 45 54 134 118 104 89 77 66 59 56 58 65 140 126 112 99 87 78 72 70 72 77 148 134 121 109 99 91 85 83 85 90
96 134 88 20 34 48 48 111 106 150 55 26 105 27 76 45 159 110 130 126 91 122 82 18 4 52 39 98 96 152 56 7 98 13 110 44 161 107 136 84 145 129 112 97 81 67 54 45 42 45 142 125 108 91 75 59 45 33 28 33 140 122 105 88 71 54 38 23 14 23 139 122 104 87 70 52 35 18 0 18 140 122 105 88 71 54 38 23 14 23 142 125 108 91 75 59 45 33 28 33 145 129 112 97 81 67 54 45 42 45 150 134 118 103 89 76 66 58 55 58 156 140 126 112 99 87 78 72 69 71 162 148 134 121 109 98 90 85 83 85
112 150 93 37 46 52 48 125 118 165 68 39 118 19 92 50 174 124 145 141 109 139 87 35 18 50 45 113 108 167 70 25 112 15 127 57 177 122 151 98 162 145 129 112 96 81 67 54 45 42 159 142 125 108 91 75 59 45 33 28 157 140 122 105 88 71 54 38 23 14 156 139 122 104 87 70 52 35 18 0 157 140 122 105 88 71 54 38 23 14 159 142 125 108 91 75 59 45 33 28 162 145 129 112 96 81 67 54 45 42 166 150 134 118 103 89 76 65 58 55 171 155 140 125 111 98 87 77 71 69 177 162 148 134 120 108 98 90 85 83
66 46 141 120 127 151 158 69 96 66 118 130 87 162 69 146 59 75 65 69 49 34 140 122 140 165 143 66 98 63 111 133 82 146 32 120 56 73 60 83 58 60 67 77 90 104 119 134 150 166 43 47 55 68 82 97 113 129 145 162 29 34 45 60 75 91 108 125 142 159 15 23 38 54 71 88 105 122 140 157 0 18 35 52 70 87 104 122 139 156 15 23 38 54 71 88 105 122 140 157 29 34 45 60 75 91 108 125 142 159 43 47 55 68 82 97 113 129 145 162 58 60 67 77 90 104 119 134 150 166 72 74 80 88 99 112 126 140 156 171
52 43 126 103 110 136 142 58 84 65 103 113 75 145 52 130 62 64 59 62 32 26 125 105 123 149 127 52 85 64 96 116 69 129 17 104 61 61 56 68 60 57 60 67 77 90 104 118 134 150 47 43 46 55 67 82 97 112 129 145 34 29 34 45 60 75 91 108 125 142 23 15 23 38 54 71 88 105 122 140 18 0 18 35 52 70 87 104 122 139 23 15 23 38 54 71 88 105 122 140 34 29 34 45 60 75 91 108 125 142 47 43 46 55 67 82 97 112 129 145 60 57 60 67 77 90 104 118 134 150 74 72 73 79 88 99 112 126 140 155
41 46 112 86 95 120 126 51 75 69 89 97 66 128 35 115 70 57 58 59 16 28 111 88 106 133 112 42 74 68 82 98 58 112 13 89 70 53 57 54 67 60 57 60 67 77 90 104 118 134 55 46 43 46 55 67 81 97 112 129 45 34 29 34 45 60 75 91 108 125 38 23 15 23 38 54 71 88 105 122 35 18 0 18 35 52 70 87 104 122 38 23 15 23 38 54 71 88 105 122 45 34 29 34 45 60 75 91 108 125 55 46 43 46 55 67 81 97 112 129 67 60 57 60 67 77 90 104 118 134 80 73 71 73 79 88 99 112 126 140
35 55 100 69 79 106 112 49 69 77 76 81 61 111 19 100 80 54 62 62 10 39 98 71 89 118 97 36 65 77 70 81 52 95 26 75 81 50 63 44 77 67 60 57 59 66 77 89 103 118 68 55 46 43 46 55 67 81 97 112 60 45 34 29 33 45 59 75 91 108 54 38 23 15 23 38 54 71 88 105 52 35 18 0 18 35 52 70 87 104 54 38 23 15 23 38 54 71 88 105 60 45 34 29 33 45 59 75 91 108 68 55 46 43 46 55 67 81 97 112 77 67 60 57 59 66 77 89 103 118 88 79 73 71 73 79 88 99 112 125
38 68 89 52 65 92 98 54 66 88 66 66 60 95 11 87 93 57 70 68 24 53 86 54 72 104 83 39 60 88 60 64 50 77 42 62 95 53 73 39 90 77 67 59 57 59 66 77 89 103 82 67 55 46 43 46 55 67 81 96 75 60 45 33 29 33 45 59 75 91 71 54 38 23 15 23 38 54 71 88 70 52 35 18 0 18 35 52 70 87 71 54 38 23 15 23 38 54 71 88 75 60 45 33 29 33 45 59 75 91 82 67 55 46 43 46 55 67 81 96 90 77 67 59 57 59 66 77 89 103 99 88 79 73 71 73 78 87 99 111
47 82 80 36 53 80 85 63 69 100 59 52 64 79 22 75 107 64 81 78 40 69 76 37 55 91 70 48 61 101 54 48 55 60 59 53 109 61 86 41 104 90 77 66 59 56 59 66 76 89 97 82 67 55 46 42 46 55 67 81 91 75 60 45 33 28 33 45 59 75 88 71 54 38 23 14 23 38 54 71 87 70 52 35 18 0 18 35 52 70 88 71 54 38 23 14 23 38 54 71 91 75 60 45 33 28 33 45 59 75 97 82 67 55 46 42 46 55 67 81 104 90 77 66 59 56 59 66 76 89 112 99 88 79 73 70 72 78 87 98
60 97 74 21 44 71 74 75 75 114 56 41 72 63 38 65 122 75 94 91 57 85 69 20 39 80 60 61 65 115 53 31 64 43 76 48 124 72 99 50 119 104 90 77 66 59 56 59 66 76 113 97 81 67 55 46 42 46 54 67 108 91 75 59 45 33 28 33 45 59 105 88 71 54 38 23 14 23 38 54 104 87 70 52 35 18 0 18 35 52 105 88 71 54 38 23 14 23 38 54 108 91 75 59 45 33 28 33 45 59 113 97 81 67 55 46 42 46 54 67 119 104 90 77 66 59 56 59 66 76 126 112 99 88 78 72 70 72 78 87
75 113 72 14 41 64 65 89 84 128 59 36 83 49 55 60 137 88 108 104 74 102 67 9 25 71 54 76 74 130 57 17 76 25 93 49 140 85 114 62 134 118 104 89 77 66 59 56 58 65 129 112 97 81 67 55 46 42 45 54 125 108 91 75 59 45 33 28 33 45 122 105 88 71 54 38 23 14 23 38 122 104 87 70 52 35 18 0 18 35 122 105 88 71 54 38 23 14 23 38 125 108 91 75 59 45 33 28 33 45 129 112 97 81 67 55 46 42 45 54 134 118 104 89 77 66 59 56 58 65 140 126 112 99 87 78 72 70 72 77
90 129 74 24 45 62 61 104 96 144 67 38 96 38 72 59 153 102 123 119 92 119 68 19 17 65 53 91 86 145 66 15 90 9 110 55 156 100 130 76 150 134 118 103 89 76 66 58 55 58 145 129 112 97 81 67 54 45 42 45 142 125 108 91 75 59 45 33 28 33 140 122 105 88 71 54 38 23 14 23 139 122 104 87 70 52 35 18 0 18 140 122 105 88 71 54 38 23 14 23 142 125 108 91 75 59 45 33 28 33 145 129 112 97 81 67 54 45 42 45 150 134 118 103 89 76 66 58 55 58 156 140 126 112 99 87 78 72 69 71
106 146 80 40 55 65 62 119 109 159 77 48 110 32 90 63 169 117 139 134 109 136 74 36 24 64 57 107 99 161 78 28 104 11 128 66 172 115 145 92 166 150 134 118 103 89 76 65 58 55 162 145 129 112 96 81 67 54 45 42 159 142 125 108 91 75 59 45 33 28 157 140 122 105 88 71 54 38 23 14 156 139 122 104 87 70 52 35 18 0 157 140 122 105 88 71 54 38 23 14 159 142 125 108 91 75 59 45 33 28 162 145 129 112 96 81 67 54 45 42 166 150 134 118 103 89 76 65 58 55 171 155 140 125 111 98 87 77 71 69
60 33 134 123 132 158 164 59 87 52 125 134 78 165 68 152 45 66 53 58 53 26 134 124 143 171 149 59 90 49 119 135 74 147 40 126 42 64 47 77 72 74 80 88 99 112 126 140 156 171 58 60 67 77 90 104 119 134 150 166 43 47 55 68 82 97 113 129 145 162 29 34 45 60 75 91 108 125 142 159 15 23 38 54 71 88 105 122 140 157 0 18 35 52 70 87 104 122 139 156 15 23 38 54 71 88 105 122 140 157 29 34 45 60 75 91 108 125 142 159 43 47 55 68 82 97 113 129 145 162 58 60 67 77 90 104 119 134 150 166
44 28 119 106 116 143 149 46 74 51 111 118 65 149 51 137 49 53 45 49 38 12 118 107 126 155 134 44 76 50 105 118 59 130 29 111 48 50 42 61 74 72 73 79 88 99 112 126 140 155 60 57 60 67 77 90 104 118 134 150 47 43 46 55 67 82 97 112 129 145 34 29 34 45 60 75 91 108 125 142 23 15 23 38 54 71 88 105 122 140 18 0 18 35 52 70 87 104 122 139 23 15 23 38 54 71 88 105 122 140 34 29 34 45 60 75 91 108 125 142 47 43 46 55 67 82 97 112 129 145 60 57 60 67 77 90 104 118 134 150
30 34 104 89 101 128 134 37 63 56 99 103 54 132 33 123 58 44 44 45 27 16 103 90 109 141 119 30 63 56 92 101 47 113 27 97 59 40 43 46 80 73 71 73 79 88 99 112 126 140 67 60 57 60 67 77 90 104 118 134 55 46 43 46 55 67 81 97 112 129 45 34 29 34 45 60 75 91 108 125 38 23 15 23 38 54 71 88 105 122 35 18 0 18 35 52 70 87 104 122 38 23 15 23 38 54 71 88 105 122 45 34 29 34 45 60 75 91 108 125 55 46 43 46 55 67 81 97 112 129 67 60 57 60 67 77 90 104 118 134
21 45 90 73 87 115 120 35 55 66 87 88 47 116 16 109 71 40 49 48 23 31 89 74 93 127 105 22 52 66 81 85 38 96 35 85 72 36 51 32 88 79 73 71 73 79 88 99 112 125 77 67 60 57 59 66 77 89 103 118 68 55 46 43 46 55 67 81 97 112 60 45 34 29 33 45 59 75 91 108 54 38 23 15 23 38 54 71 88 105 52 35 18 0 18 35 52 70 87 104 54 38 23 15 23 38 54 71 88 105 60 45 34 29 33 45 59 75 91 108 68 55 46 43 46 55 67 81 97 112 77 67 60 57 59 66 77 89 103 118
25 60 78 58 75 102 107 41 52 78 78 74 46 100 5 97 85 44 59 57 32 48 75 57 77 113 92 26 47 79 72 69 36 79 48 74 87 40 63 25 99 88 79 73 71 73 78 87 99 111 90 77 67 59 57 59 66 77 89 103 82 67 55 46 43 46 55 67 81 96 75 60 45 33 29 33 45 59 75 91 71 54 38 23 15 23 38 54 71 88 70 52 35 18 0 18 35 52 70 87 71 54 38 23 15 23 38 54 71 88 75 60 45 33 29 33 45 59 75 91 82 67 55 46 43 46 55 67 81 96 90 77 67 59 57 59 66 77 89 103
38 76 67 43 64 92 95 53 55 92 72 62 51 85 20 86 100 53 72 68 45 65 64 42 61 101 81 39 47 93 67 53 42 62 63 66 103 50 77 28 112 99 88 79 73 70 72 78 87 98 104 90 77 66 59 56 59 66 76 89 97 82 67 55 46 42 46 55 67 81 91 75 60 45 33 28 33 45 59 75 88 71 54 38 23 14 23 38 54 71 87 70 52 35 18 0 18 35 52 70 88 71 54 38 23 14 23 38 54 71 91 75 60 45 33 28 33 45 59 75 97 82 67 55 46 42 46 55 67 81 104 90 77 66 59 56 59 66 76 89
53 92 61 32 57 83 85 67 63 106 70 54 61 71 37 78 116 66 86 82 61 82 56 29 47 91 72 54 53 108 67 39 54 46 79 61 119 63 92 40 126 112 99 88 78 72 70 72 78 87 119 104 90 77 66 59 56 59 66 76 113 97 81 67 55 46 42 46 54 67 108 91 75 59 45 33 28 33 45 59 105 88 71 54 38 23 14 23 38 54 104 87 70 52 35 18 0 18 35 52 105 88 71 54 38 23 14 23 38 54 108 91 75 59 45 33 28 33 45 59 113 97 81 67 55 46 42 46 54 67 119 104 90 77 66 59 56 59 66 76
69 109 58 28 55 78 78 82 74 122 73 50 73 59 54 73 132 80 102 97 77 99 53 23 36 83 67 70 64 124 70 29 68 31 96 62 135 78 108 55 140 126 112 99 87 78 72 70 72 77 134 118 104 89 77 66 59 56 58 65 129 112 97 81 67 55 46 42 45 54 125 108 91 75 59 45 33 28 33 45 122 105 88 71 54 38 23 14 23 38 122 104 87 70 52 35 18 0 18 35 122 105 88 71 54 38 23 14 23 38 125 108 91 75 59 45 33 28 33 45 129 112 97 81 67 55 46 42 45 54 134 118 104 89 77 66 59 56 58 65
86 125 61 34 58 76 75 98 87 138 79 51 88 50 72 72 148 96 117 113 94 117 55 28 31 79 66 87 77 140 78 28 83 19 113 67 152 94 124 71 156 140 126 112 99 87 78 72 69 71 150 134 118 103 89 76 66 58 55 58 145 129 112 97 81 67 54 45 42 45 142 125 108 91 75 59 45 33 28 33 140 122 105 88 71 54 38 23 14 23 139 122 104 87 70 52 35 18 0 18 140 122 105 88 71 54 38 23 14 23 142 125 108 91 75 59 45 33 28 33 145 129 112 97 81 67 54 45 42 45 150 134 118 103 89 76 66 58 55 58
103 142 68 46 66 78 75 114 102 154 88 59 103 46 89 76 165 112 134 129 111 134 62 41 35 78 70 104 91 156 88 37 99 20 130 76 168 110 141 87 171 155 140 125 111 98 87 77 71 69 166 150 134 118 103 89 76 65 58 55 162 145 129 112 96 81 67 54 45 42 159 142 125 108 91 75 59 45 33 28 157 140 122 105 88 71 54 38 23 14 156 139 122 104 87 70 52 35 18 0 157 140 122 105 88 71 54 38 23 14 159 142 125 108 91 75 59 45 33 28 162 145 129 112 96 81 67 54 45 42 166 150 134 118 103 89 76 65 58 55
56 22 128 127 138 165 171 52 79 38 134 140 71 170 70 159 30 58 42 47 61 24 129 128 146 178 156 56 84 35 127 138 68 150 50 134 28 57 35 74 86 88 93 100 110 122 134 148 162 177 72 74 80 88 99 112 126 140 156 171 58 60 67 77 90 104 119 134 150 166 43 47 55 68 82 97 113 129 145 162 29 34 45 60 75 91 108 125 142 159 15 23 38 54 71 88 105 122 140 157 0 18 35 52 70 87 104 122 139 156 15 23 38 54 71 88 105 122 140 157 29 34 45 60 75 91 108 125 142 159 43 47 55 68 82 97 113 129 145 162
39 14 112 111 124 151 156 37 64 37 121 125 56 153 54 145 36 43 32 36 48 7 113 111 130 163 141 39 68 36 114 122 52 133 42 120 37 41 28 57 88 86 87 92 100 110 121 134 148 162 74 72 73 79 88 99 112 126 140 155 60 57 60 67 77 90 104 118 134 150 47 43 46 55 67 82 97 112 129 145 34 29 34 45 60 75 91 108 125 142 23 15 23 38 54 71 88 105 122 140 18 0 18 35 52 70 87 104 122 139 23 15 23 38 54 71 88 105 122 140 34 29 34 45 60 75 91 108 125 142 47 43 46 55 67 82 97 112 129 145
22 23 97 95 110 137 142 25 52 44 109 110 43 138 38 131 48 31 30 31 39 13 96 95 114 149 127 22 53 44 103 106 37 116 41 107 50 28 30 40 93 87 85 87 92 99 109 121 134 148 80 73 71 73 79 88 99 112 126 140 67 60 57 60 67 77 90 104 118 134 55 46 43 46 55 67 81 97 112 129 45 34 29 34 45 60 75 91 108 125 38 23 15 23 38 54 71 88 105 122 35 18 0 18 35 52 70 87 104 122 38 23 15 23 38 54 71 88 105 122 45 34 29 34 45 60 75 91 108 125 55 46 43 46 55 67 81 97 112 129
8 38 82 80 97 124 129 22 42 56 99 96 33 122 24 119 63 26 37 35 37 30 81 79 98 136 114 9 41 57 93 90 25 99 46 95 65 22 41 24 100 92 87 85 87 91 99 109 121 134 88 79 73 71 73 79 88 99 112 125 77 67 60 57 59 66 77 89 103 118 68 55 46 43 46 55 67 81 97 112 60 45 34 29 33 45 59 75 91 108 54 38 23 15 23 38 54 71 88 105 52 35 18 0 18 35 52 70 87 104 54 38 23 15 23 38 54 71 88 105 60 45 34 29 33 45 59 75 91 108 68 55 46 43 46 55 67 81 97 112
16 55 68 65 86 113 117 31 38 70 91 84 32 107 18 108 79 31 50 46 43 47 66 64 83 123 103 17 33 71 85 75 23 83 57 86 81 28 55 11 110 100 92 87 85 86 91 99 109 120 99 88 79 73 71 73 78 87 99 111 90 77 67 59 57 59 66 77 89 103 82 67 55 46 43 46 55 67 81 96 75 60 45 33 29 33 45 59 75 91 71 54 38 23 15 23 38 54 71 88 70 52 35 18 0 18 35 52 70 87 71 54 38 23 15 23 38 54 71 88 75 60 45 33 29 33 45 59 75 91 82 67 55 46 43 46 55 67 81 96
32 72 56 53 77 103 106 45 42 85 86 74 39 94 27 98 95 44 64 60 54 64 53 51 69 112 93 33 33 87 81 61 31 67 70 79 98 41 71 18 122 110 99 91 86 84 86 91 98 108 112 99 88 79 73 70 72 78 87 98 104 90 77 66 59 56 59 66 76 89 97 82 67 55 46 42 46 55 67 81 91 75 60 45 33 28 33 45 59 75 88 71 54 38 23 14 23 38 54 71 87 70 52 35 18 0 18 35 52 70 88 71 54 38 23 14 23 38 54 71 91 75 60 45 33 28 33 45 59 75 97 82 67 55 46 42 46 55 67 81
49 89 47 45 71 96 98 61 52 101 84 67 51 81 41 91 111 58 80 75 67 82 43 41 57 103 85 50 42 103 80 50 46 53 85 75 115 57 87 33 134 121 109 99 91 86 84 85 90 98 126 112 99 88 78 72 70 72 78 87 119 104 90 77 66 59 56 59 66 76 113 97 81 67 55 46 42 46 54 67 108 91 75 59 45 33 28 33 45 59 105 88 71 54 38 23 14 23 38 54 104 87 70 52 35 18 0 18 35 52 105 88 71 54 38 23 14 23 38 54 108 91 75 59 45 33 28 33 45 59 113 97 81 67 55 46 42 46 54 67
66 106 45 42 69 91 92 77 65 117 86 63 66 70 57 87 128 74 97 92 82 99 39 36 48 96 81 67 55 119 83 43 61 40 101 76 131 73 104 50 148 134 121 109 99 91 85 83 85 90 140 126 112 99 87 78 72 70 72 77 134 118 104 89 77 66 59 56 58 65 129 112 97 81 67 55 46 42 45 54 125 108 91 75 59 45 33 28 33 45 122 105 88 71 54 38 23 14 23 38 122 104 87 70 52 35 18 0 18 35 122 105 88 71 54 38 23 14 23 38 125 108 91 75 59 45 33 28 33 45 129 112 97 81 67 55 46 42 45 54
84 123 48 46 71 89 89 94 80 133 91 65 82 63 74 86 145 91 113 108 98 116 42 40 45 92 80 84 69 136 90 42 78 32 117 80 148 90 120 67 162 148 134 121 109 98 90 85 83 85 156 140 126 112 99 87 78 72 69 71 150 134 118 103 89 76 66 58 55 58 145 129 112 97 81 67 54 45 42 45 142 125 108 91 75 59 45 33 28 33 140 122 105 88 71 54 38 23 14 23 139 122 104 87 70 52 35 18 0 18 140 122 105 88 71 54 38 23 14 23 142 125 108 91 75 59 45 33 28 33 145 129 112 97 81 67 54 45 42 45
101 140 57 56 78 91 89 111 95 150 99 71 98 59 91 89 162 107 130 125 114 133 51 50 48 91 83 102 85 153 99 48 95 33 133 88 165 106 137 84 177 162 148 134 120 108 98 90 85 83 171 155 140 125 111 98 87 77 71 69 166 150 134 118 103 89 76 65 58 55 162 145 129 112 96 81 67 54 45 42 159 142 125 108 91 75 59 45 33 28 157 140 122 105 88 71 54 38 23 14 156 139 122 104 87 70 52 35 18 0 157 140 122 105 88 71 54 38 23 14 159 142 125 108 91 75 59 45 33 28 162 145 129 112 96 81 67 54 45 42
57 17 124 132 146 173 178 48 73 25 143 147 66 175 75 167 16 54 33 39 70 30 125 132 151 185 163 56 79 21 136 143 65 153 62 142 15 53 25 73 100 102 106 112 121 132 144 156 170 184 86 88 93 100 110 122 134 148 162 177 72 74 80 88 99 112 126 140 156 171 58 60 67 77 90 104 119 134 150 166 43 47 55 68 82 97 113 129 145 162 29 34 45 60 75 91 108 125 142 159 15 23 38 54 71 88 105 122 140 157 0 18 35 52 70 87 104 122 139 156 15 23 38 54 71 88 105 122 140 157 29 34 45 60 75 91 108 125 142 159
39 1 107 117 132 159 165 31 57 24 131 132 49 159 60 154 26 37 20 25 60 19 109 116 136 171 150 39 63 23 125 128 48 137 56 129 28 36 14 56 102 100 101 105 112 121 131 143 156 170 88 86 87 92 100 110 121 134 148 162 74 72 73 79 88 99 112 126 140 155 60 57 60 67 77 90 104 118 134 150 47 43 46 55 67 82 97 112 129 145 34 29 34 45 60 75 91 108 125 142 23 15 23 38 54 71 88 105 122 140 18 0 18 35 52 70 87 104 122 139 23 15 23 38 54 71 88 105 122 140 34 29 34 45 60 75 91 108 125 142
23 19 91 102 119 147 151 15 42 33 120 119 34 144 46 141 41 21 16 17 53 22 92 101 120 158 136 22 46 34 114 112 31 121 55 117 44 19 19 39 106 101 99 101 105 112 121 131 143 156 93 87 85 87 92 99 109 121 134 148 80 73 71 73 79 88 99 112 126 140 67 60 57 60 67 77 90 104 118 134 55 46 43 46 55 67 81 97 112 129 45 34 29 34 45 60 75 91 108 125 38 23 15 23 38 54 71 88 105 122 35 18 0 18 35 52 70 87 104 122 38 23 15 23 38 54 71 88 105 122 45 34 29 34 45 60 75 91 108 125
9 36 75 88 107 135 139 8 30 48 111 106 21 130 36 129 58 12 27 24 51 35 75 86 105 145 124 8 31 49 105 97 15 105 59 107 61 8 33 22 112 105 101 99 100 105 111 120 131 143 100 92 87 85 87 91 99 109 121 134 88 79 73 71 73 79 88 99 112 125 77 67 60 57 59 66 77 89 103 118 68 55 46 43 46 55 67 81 97 112 60 45 34 29 33 45 59 75 91 108 54 38 23 15 23 38 54 71 88 105 52 35 18 0 18 35 52 70 87 104 54 38 23 15 23 38 54 71 88 105 60 45 34 29 33 45 59 75 91 108
16 53 60 75 97 124 128 23 24 63 104 95 18 116 32 119 74 21 43 38 55 50 59 73 91 134 114 16 20 66 99 84 10 89 68 98 78 19 50 6 121 112 105 100 99 100 104 111 120 130 110 100 92 87 85 86 91 99 109 120 99 88 79 73 71 73 78 87 99 111 90 77 67 59 57 59 66 77 89 103 82 67 55 46 43 46 55 67 81 96 75 60 45 33 29 33 45 59 75 91 71 54 38 23 15 23 38 54 71 88 70 52 35 18 0 18 35 52 70 87 71 54 38 23 15 23 38 54 71 88 75 60 45 33 29 33 45 59 75 91
32 70 46 65 89 116 118 40 30 80 100 86 29 103 38 111 91 37 59 54 64 67 44 62 79 124 105 33 20 82 95 71 24 75 79 92 95 36 67 15 132 121 112 105 100 98 99 104 110 119 122 110 99 91 86 84 86 91 98 108 112 99 88 79 73 70 72 78 87 98 104 90 77 66 59 56 59 66 76 89 97 82 67 55 46 42 46 55 67 81 91 75 60 45 33 28 33 45 59 75 88 71 54 38 23 14 23 38 54 71 87 70 52 35 18 0 18 35 52 70 88 71 54 38 23 14 23 38 54 71 91 75 60 45 33 28 33 45 59 75
49 88 35 58 84 109 110 57 43 97 98 80 44 92 49 104 108 54 76 71 76 83 31 53 68 116 98 50 33 99 94 62 41 62 92 89 112 53 84 32 144 131 121 111 104 99 98 99 103 110 134 121 109 99 91 86 84 85 90 98 126 112 99 88 78 72 70 72 78 87 119 104 90 77 66 59 56 59 66 76 113 97 81 67 55 46 42 46 54 67 108 91 75 59 45 33 28 33 45 59 105 88 71 54 38 23 14 23 38 54 104 87 70 52 35 18 0 18 35 52 105 88 71 54 38 23 14 23 38 54 108 91 75 59 45 33 28 33 45 59
67 105 31 56 83 105 105 75 58 113 100 77 61 82 63 101 126 71 93 88 89 100 25 50 61 110 95 67 48 116 97 56 58 51 107 89 129 70 101 49 156 143 131 120 111 104 99 97 99 103 148 134 121 109 99 91 85 83 85 90 140 126 112 99 87 78 72 70 72 77 134 118 104 89 77 66 59 56 58 65 129 112 97 81 67 55 46 42 45 54 125 108 91 75 59 45 33 28 33 45 122 105 88 71 54 38 23 14 23 38 122 104 87 70 52 35 18 0 18 35 122 105 88 71 54 38 23 14 23 38 125 108 91 75 59 45 33 28 33 45
84 122 36 59 85 103 102 92 74 130 104 78 77 76 78 100 143 88 110 105 104 117 30 53 59 106 94 84 64 133 102 55 75 46 122 93 147 87 118 66 170 156 143 131 120 110 103 99 97 98 162 148 134 121 109 98 90 85 83 85 156 140 126 112 99 87 78 72 69 71 150 134 118 103 89 76 66 58 55 58 145 129 112 97 81 67 54 45 42 45 142 125 108 91 75 59 45 33 28 33 140 122 105 88 71 54 38 23 14 23 139 122 104 87 70 52 35 18 0 18 140 122 105 88 71 54 38 23 14 23 142 125 108 91 75 59 45 33 28 33
101 140 47 67 90 105 102 109 91 148 111 83 94 73 94 102 160 105 128 122 119 135 42 61 61 105 96 102 81 150 110 60 92 46 138 100 164 105 135 84 184 170 156 143 130 119 110 103 98 96 177 162 148 134 120 108 98 90 85 83 171 155 140 125 111 98 87 77 71 69 166 150 134 118 103 89 76 65 58 55 162 145 129 112 96 81 67 54 45 42 159 142 125 108 91 75 59 45 33 28 157 140 122 105 88 71 54 38 23 14 156 139 122 104 87 70 52 35 18 0 157 140 122 105 88 71 54 38 23 14 159 142 125 108 91 75 59 45 33 28
60 23 121 139 155 182 187 48 70 13 153 155 64 181 82 176 4 52 30 36 81 40 123 138 157 194 172 59 77 9 147 149 65 158 75 151 8 53 22 75 115 116 119 125 133 143 154 166 179 192 100 102 106 112 121 132 144 156 170 184 86 88 93 100 110 122 134 148 162 177 72 74 80 88 99 112 126 140 156 171 58 60 67 77 90 104 119 134 150 166 43 47 55 68 82 97 113 129 145 162 29 34 45 60 75 91 108 125 142 159 15 23 38 54 71 88 105 122 140 157 0 18 35 52 70 87 104 122 139 156 15 23 38 54 71 88 105 122 140 157
44 15 104 124 141 169 174 31 53 11 142 141 47 166 68 163 21 35 13 19 72 33 106 123 142 180 159 43 60 12 136 134 48 142 70 139 25 36 5 59 116 114 115 119 125 133 142 153 165 178 102 100 101 105 112 121 131 143 156 170 88 86 87 92 100 110 121 134 148 162 74 72 73 79 88 99 112 126 140 155 60 57 60 67 77 90 104 118 134 150 47 43 46 55 67 82 97 112 129 145 34 29 34 45 60 75 91 108 125 142 23 15 23 38 54 71 88 105 122 140 18 0 18 35 52 70 87 104 122 139 23 15 23 38 54 71 88 105 122 140
31 24 87 110 129 157 161 15 36 26 132 128 29 152 57 151 38 18 6 3 67 35 89 109 128 168 147 29 43 28 126 120 31 126 69 128 42 19 14 43 119 115 114 115 118 124 132 142 153 165 106 101 99 101 105 112 121 131 143 156 93 87 85 87 92 99 109 121 134 148 80 73 71 73 79 88 99 112 126 140 67 60 57 60 67 77 90 104 118 134 55 46 43 46 55 67 81 97 112 129 45 34 29 34 45 60 75 91 108 125 38 23 15 23 38 54 71 88 105 122 35 18 0 18 35 52 70 87 104 122 38 23 15 23 38 54 71 88 105 122
22 39 70 97 118 146 150 9 20 43 124 117 12 138 49 141 56 3 23 17 65 44 72 95 114 156 135 21 26 46 118 106 14 111 72 119 60 7 31 28 125 119 115 113 114 118 124 132 141 152 112 105 101 99 100 105 111 120 131 143 100 92 87 85 87 91 99 109 121 134 88 79 73 71 73 79 88 99 112 125 77 67 60 57 59 66 77 89 103 118 68 55 46 43 46 55 67 81 97 112 60 45 34 29 33 45 59 75 91 108 54 38 23 15 23 38 54 71 88 105 52 35 18 0 18 35 52 70 87 104 54 38 23 15 23 38 54 71 88 105
26 55 54 86 109 136 139 24 10 60 117 107 7 125 46 131 73 18 40 34 69 57 55 83 101 145 126 26 9 63 112 93 9 97 79 111 77 19 48 19 133 125 118 114 113 114 117 123 131 141 121 112 105 100 99 100 104 111 120 130 110 100 92 87 85 86 91 99 109 120 99 88 79 73 71 73 78 87 99 111 90 77 67 59 57 59 66 77 89 103 82 67 55 46 43 46 55 67 81 96 75 60 45 33 29 33 45 59 75 91 71 54 38 23 15 23 38 54 71 88 70 52 35 18 0 18 35 52 70 87 71 54 38 23 15 23 38 54 71 88
38 72 38 77 102 128 130 41 21 77 113 99 24 113 50 123 90 35 58 52 76 72 38 73 90 136 118 38 11 80 109 83 24 84 89 106 94 36 66 23 143 133 124 118 114 112 113 117 123 131 132 121 112 105 100 98 99 104 110 119 122 110 99 91 86 84 86 91 98 108 112 99 88 79 73 70 72 78 87 98 104 90 77 66 59 56 59 66 76 89 97 82 67 55 46 42 46 55 67 81 91 75 60 45 33 28 33 45 59 75 88 71 54 38 23 14 23 38 54 71 87 70 52 35 18 0 18 35 52 70 88 71 54 38 23 14 23 38 54 71
53 89 23 71 98 122 123 58 37 94 112 93 41 103 59 118 107 53 75 69 86 88 22 67 81 128 112 54 28 97 108 74 41 73 101 103 111 53 83 36 154 142 132 124 117 113 112 113 116 122 144 131 121 111 104 99 98 99 103 110 134 121 109 99 91 86 84 85 90 98 126 112 99 88 78 72 70 72 78 87 119 104 90 77 66 59 56 59 66 76 113 97 81 67 55 46 42 46 54 67 108 91 75 59 45 33 28 33 45 59 105 88 71 54 38 23 14 23 38 54 104 87 70 52 35 18 0 18 35 52 105 88 71 54 38 23 14 23 38 54
70 106 17 70 97 118 118 75 54 112 113 91 58 95 71 114 125 70 92 86 98 104 11 64 75 123 108 70 45 115 110 70 58 64 114 103 129 70 100 52 166 153 142 132 123 117 113 111 112 116 156 143 131 120 111 104 99 97 99 103 148 134 121 109 99 91 85 83 85 90 140 126 112 99 87 78 72 70 72 77 134 118 104 89 77 66 59 56 58 65 129 112 97 81 67 55 46 42 45 54 125 108 91 75 59 45 33 28 33 45 122 105 88 71 54 38 23 14 23 38 122 104 87 70 52 35 18 0 18 35 122 105 88 71 54 38 23 14 23 38
86 123 25 72 98 117 116 92 71 129 117 92 76 89 85 114 142 87 109 104 112 120 20 66 72 120 108 87 62 132 115 69 75 59 129 106 146 87 118 69 179 165 153 141 131 123 116 112 110 112 170 156 143 131 120 110 103 99 97 98 162 148 134 121 109 98 90 85 83 85 156 140 126 112 99 87 78 72 69 71 150 134 118 103 89 76 66 58 55 58 145 129 112 97 81 67 54 45 42 45 142 125 108 91 75 59 45 33 28 33 140 122 105 88 71 54 38 23 14 23 139 122 104 87 70 52 35 18 0 18 140 122 105 88 71 54 38 23 14 23
103 140 40 78 103 118 116 109 88 146 123 96 93 87 100 115 159 105 127 121 126 137 36 72 74 119 110 103 79 149 122 73 92 59 144 112 163 104 135 85 192 178 165 152 141 131 122 116 112 110 184 170 156 143 130 119 110 103 98 96 177 162 148 134 120 108 98 90 85 83 171 155 140 125 111 98 87 77 71 69 166 150 134 118 103 89 76 65 58 55 162 145 129 112 96 81 67 54 45 42 159 142 125 108 91 75 59 45 33 28 157 140 122 105 88 71 54 38 23 14 156 139 122 104 87 70 52 35 18 0 157 140 122 105 88 71 54 38 23 14
67 34 120 146 164 191 196 53 69 13 164 164 65 189 91 186 14 55 33 38 93 52 123 145 164 203 181 65 78 12 157 156 68 164 88 161 18 57 27 80 129 130 133 138 145 154 164 176 188 201 115 116 119 125 133 143 154 166 179 192 100 102 106 112 121 132 144 156 170 184 86 88 93 100 110 122 134 148 162 177 72 74 80 88 99 112 126 140 156 171 58 60 67 77 90 104 119 134 150 166 43 47 55 68 82 97 113 129 145 162 29 34 45 60 75 91 108 125 142 159 15 23 38 54 71 88 105 122 140 157 0 18 35 52 70 87 104 122 139 156
53 29 103 132 151 179 183 38 52 10 154 151 48 174 79 174 25 39 19 22 85 47 106 131 150 190 169 52 61 14 147 142 52 148 84 150 30 41 17 64 130 128 129 132 138 145 154 164 175 187 116 114 115 119 125 133 142 153 165 178 102 100 101 105 112 121 131 143 156 170 88 86 87 92 100 110 121 134 148 162 74 72 73 79 88 99 112 126 140 155 60 57 60 67 77 90 104 118 134 150 47 43 46 55 67 82 97 112 129 145 34 29 34 45 60 75 91 108 125 142 23 15 23 38 54 71 88 105 122 140 18 0 18 35 52 70 87 104 122 139
42 35 86 119 140 168 172 26 35 26 144 139 31 160 69 162 40 25 15 12 81 48 88 118 136 178 157 41 44 29 138 128 37 134 83 140 45 28 21 50 133 129 128 129 132 137 144 153 163 175 119 115 114 115 118 124 132 142 153 165 106 101 99 101 105 112 121 131 143 156 93 87 85 87 92 99 109 121 134 148 80 73 71 73 79 88 99 112 126 140 67 60 57 60 67 77 90 104 118 134 55 46 43 46 55 67 81 97 112 129 45 34 29 34 45 60 75 91 108 125 38 23 15 23 38 54 71 88 105 122 35 18 0 18 35 52 70 87 104 122
36 46 68 108 130 157 161 23 18 43 137 128 17 147 62 152 57 17 27 21 79 55 71 105 123 167 147 35 28 46 131 116 25 119 86 131 62 21 35 39 138 132 129 127 128 131 137 144 153 163 125 119 115 113 114 118 124 132 141 152 112 105 101 99 100 105 111 120 131 143 100 92 87 85 87 91 99 109 121 134 88 79 73 71 73 79 88 99 112 125 77 67 60 57 59 66 77 89 103 118 68 55 46 43 46 55 67 81 97 112 60 45 34 29 33 45 59 75 91 108 54 38 23 15 23 38 54 71 88 105 52 35 18 0 18 35 52 70 87 104
39 60 51 98 122 148 151 31 5 60 131 119 13 135 60 143 74 25 43 36 82 66 54 94 111 157 138 38 14 63 126 104 22 106 92 124 78 27 51 33 145 138 132 128 127 127 131 136 143 152 133 125 118 114 113 114 117 123 131 141 121 112 105 100 99 100 104 111 120 130 110 100 92 87 85 86 91 99 109 120 99 88 79 73 71 73 78 87 99 111 90 77 67 59 57 59 66 77 89 103 82 67 55 46 43 46 55 67 81 96 75 60 45 33 29 33 45 59 75 91 71 54 38 23 15 23 38 54 71 88 70 52 35 18 0 18 35 52 70 87
48 76 34 90 116 141 143 45 19 77 127 112 26 124 63 136 91 39 59 53 88 79 37 86 101 148 130 47 15 80 123 95 31 94 100 119 95 41 67 35 154 145 137 131 127 126 127 130 135 143 143 133 124 118 114 112 113 117 123 131 132 121 112 105 100 98 99 104 110 119 122 110 99 91 86 84 86 91 98 108 112 99 88 79 73 70 72 78 87 98 104 90 77 66 59 56 59 66 76 89 97 82 67 55 46 42 46 55 67 81 91 75 60 45 33 28 33 45 59 75 88 71 54 38 23 14 23 38 54 71 87 70 52 35 18 0 18 35 52 70
60 92 17 85 112 136 136 61 36 94 126 107 43 115 70 131 108 55 76 70 97 94 19 80 93 141 125 60 29 98 122 87 45 84 111 117 112 56 84 45 164 154 144 137 131 127 125 126 130 135 154 142 132 124 117 113 112 113 116 122 144 131 121 111 104 99 98 99 103 110 134 121 109 99 91 86 84 85 90 98 126 112 99 88 78 72 70 72 78 87 119 104 90 77 66 59 56 59 66 76 113 97 81 67 55 46 42 46 54 67 108 91 75 59 45 33 28 33 45 59 105 88 71 54 38 23 14 23 38 54 104 87 70 52 35 18 0 18 35 52
75 109 3 83 110 132 132 78 53 112 127 105 59 108 81 128 125 72 93 87 108 109 4 78 88 136 122 75 46 115 124 83 61 77 123 117 130 73 101 58 176 164 153 144 136 130 126 125 126 129 166 153 142 132 123 117 113 111 112 116 156 143 131 120 111 104 99 97 99 103 148 134 121 109 99 91 85 83 85 90 140 126 112 99 87 78 72 70 72 77 134 118 104 89 77 66 59 56 58 65 129 112 97 81 67 55 46 42 45 54 125 108 91 75 59 45 33 28 33 45 122 105 88 71 54 38 23 14 23 38 122 104 87 70 52 35 18 0 18 35
91 126 19 85 112 131 130 94 70 129 130 105 76 103 93 127 143 89 110 104 120 125 17 79 86 133 121 91 63 132 128 83 78 73 137 120 147 89 119 74 188 175 163 153 143 135 130 126 124 125 179 165 153 141 131 123 116 112 110 112 170 156 143 131 120 110 103 99 97 98 162 148 134 121 109 98 90 85 83 85 156 140 126 112 99 87 78 72 69 71 150 134 118 103 89 76 66 58 55 58 145 129 112 97 81 67 54 45 42 45 142 125 108 91 75 59 45 33 28 33 140 122 105 88 71 54 38 23 14 23 139 122 104 87 70 52 35 18 0 18
107 142 37 91 116 132 130 111 88 146 136 109 94 101 107 129 160 106 127 121 134 141 34 85 88 132 123 107 80 149 134 86 94 73 151 125 164 106 136 89 201 187 175 163 152 143 135 129 125 124 192 178 165 152 141 131 122 116 112 110 184 170 156 143 130 119 110 103 98 96 177 162 148 134 120 108 98 90 85 83 171 155 140 125 111 98 87 77 71 69 166 150 134 118 103 89 76 65 58 55 162 145 129 112 96 81 67 54 45 42 159 142 125 108 91 75 59 45 33 28 157 140 122 105 88 71 54 38 23 14 156 139 122 104 87 70 52 35 18 0
