0.0 23.201645568083986 13.64628389571402 43.463031145619496 26.87041107439555 19.139281043424177 29.690943268454763 4.584134842843027 2.5414713066762906 17.416200691605916 24.13416664205982 34.87613841750347 7.946392850608583 28.292326226697718 25.775842612550807 31.521170654022782 53.09803375004153 34.97677798732802 24.078874339942885 49.721491386892254 24.28540386792509 41.871199149200976 45.2909786491477 52.461473391751795 19.025785316428205 20.95680926286819 60.00239181236908 21.731482119299194 54.844370604976824 21.731482119299194 33.917092781561074 47.75631927290397 30.83463164829347 54.04130719135134 18.652600632616608 27.012761129149556 58.11522691198892 27.189087582747337 37.03884474304987 28.769768548419147 6725.536195451456 6805.603842509895 6747.407776746367
23.201645568083986 0.0 13.324193367889542 32.56604473745823 17.081645514760602 11.269198176305364 23.347803743769045 20.893572188250264 20.663199167531562 13.534449492517146 26.46901594568659 29.845586654339233 30.83100686139912 38.96701739135994 46.037702565105704 45.290171929509775 68.19076123216395 26.592013125757585 8.07227453185496 26.996109712505042 44.4593539416055 60.173873666912215 27.717210344333672 34.45784995592258 12.804586808073196 21.57908476991834 36.92965058755631 18.090712553374573 38.54743213772658 18.090712553374573 25.1347563889882 26.76446968924473 21.447813190609214 48.02968744281675 15.759361152751497 5.298974672348616 36.64156763303901 18.570975615848386 46.618123702353564 19.61026630543457 6732.1568038833175 6811.952109684615 6753.841102998138
13.64628389571402 13.324193367889542 0.0 42.66459721914222 25.472005041487524 16.86898562253898 30.638931588657584 9.663374001993438 11.455012939260834 17.141987456014224 29.37352993493519 37.00193632314875 19.787288879312513 38.25319369597811 39.29406409410126 42.99788158667353 65.45069444455476 35.204880797237934 10.966986900098869 40.006216073364754 37.77371172913221 55.08811695045805 40.28455629330776 47.255874629407124 5.455777513352725 24.70550800493941 49.44517417174227 23.044811106834096 50.89221443805762 23.044811106834096 33.83998019824736 40.07448389400335 30.144915984539363 56.40429639124204 19.580803648040284 18.450361211552046 49.95475873959217 26.520920780744245 46.85106471756056 27.989850451815737 6735.483585071537 6815.4364591866715 6757.276289454158
43.463031145619496 32.56604473745823 42.66459721914222 0.0 17.314652451014577 26.022402912128815 13.922064745261093 44.64794560825491 41.87377815379392 26.663973325944703 22.541380161111306 11.115202694224978 50.5860659480017 33.55778014008573 51.56584768900937 40.722076916939315 58.81481556156589 8.610507496550868 40.58374298233914 31.518688915759245 50.34399714266218 58.12053024528313 13.54958877392979 16.80860685655954 44.577630942887374 23.22561309644325 40.620382592273856 21.731549422352018 14.947120227054947 21.731549422352018 9.551294973228197 23.159071555106514 12.80591595657444 16.697140464774456 24.925233490755712 28.131444900719593 29.79749030032541 16.548309491903698 35.429131916348254 14.971579842477071 6703.335115388219 6782.946341384717 6724.8925851751355
26.87041107439555 17.081645514760602 25.472005041487524 17.314652451014577 0.0 8.709803409755724 6.347274427171279 27.554668296219027 25.029105362066108 9.551175274012857 13.013604994627231 12.77000875566549 34.43587551485988 27.12139604607759 40.63045810983318 34.430460803683275 56.337209925162426 9.841744163548086 25.044353925357 29.868245228859493 39.16989641251272 51.358163723001375 19.23444497778689 26.230834987829773 27.87165611508776 9.882863164903968 40.723513615977986 6.218720290521852 28.050278529523737 6.218720290521852 8.427101285923497 24.50910557950334 4.68641151202574 31.330397103396063 8.330349110923494 14.218680324839085 34.58132577982415 1.588689507114755 33.04180133451219 2.5955284930424414 6715.276518867567 6795.041026506114 6736.939387136776
19.139281043424177 11.269198176305364 16.86898562253898 26.022402912128815 8.709803409755724 0.0 13.852546935445767 19.17951992443299 17.024800257622616 2.7060860487764145 15.219485052672807 20.331246318241917 26.998579661024465 27.898161930724655 37.23902259474853 34.49780857115458 57.29872935285202 18.340493197669485 18.29048307304108 32.468254060728995 35.68575406433969 50.15038100299109 26.157220392196763 33.330583217860806 19.76200630341231 10.310932165466573 43.25286262077764 7.036721389928838 35.92737544834491 7.036721389928838 16.98784466785884 29.144570963081794 13.329157038260556 39.58741831837235 4.514044579449332 11.276851065982552 39.54154222053309 9.660919083673736 35.374928930970476 11.158245024900603 6721.454268457052 6801.2936066710645 6743.168656195274
29.690943268454763 23.347803743769045 30.638931588657584 13.922064745261093 6.347274427171279 13.852546935445767 0.0 31.217565851359616 28.242898741439063 13.660641534480664 9.812764534975862 6.556694541589088 36.68440240445763 23.285103920131007 39.131454970527365 30.743178373945895 51.737750483990574 5.3225107553110105 31.2319869375337 34.08455822258152 37.783215920475406 48.103076506560214 20.40214506498338 26.70059903083616 33.5682791912405 9.34742106466326 44.722330996920356 8.088257116723153 27.174229327196237 8.088257116723153 4.4966538044460584 27.6033005876977 3.6549395699523206 25.765377519073756 11.523396764138047 20.544127236686926 37.016937018158124 4.794239431131385 28.06986064133477 4.134606832883829 6708.932814802059 6788.700414150738 6730.597703912319
4.584134842843027 20.893572188250264 9.663374001993438 44.64794560825491 27.554668296219027 19.17951992443299 31.217565851359616 0.0 3.627903600523311 18.023359239660582 26.88935235904626 36.87306144906444 10.237764116229554 32.431166970640454 30.230903464231034 35.97828791305194 57.67373258771134 36.37540716581432 20.503793684038378 47.83498479723152 28.761340721061824 46.415938274245704 45.097102625717504 52.26032222743826 14.846946614711968 23.135047743350746 57.809352960697304 23.129910529277574 55.090600563704854 23.129910529277574 35.1992729788517 46.63457991513175 31.856095495862995 56.298096992684115 19.76293571688137 25.277479963165728 56.878545102975096 28.124175573978263 41.19368886137711 29.711764888375946 6729.877579402586 6809.926946486379 6751.73663544732
2.5414713066762906 20.663199167531562 11.455012939260834 41.87377815379392 25.029105362066108 17.024800257622616 28.242898741439063 3.627903600523311 0.0 15.495020168294861 23.413156710554848 33.69234747195836 10.35391741004796 28.864003704389003 27.83955090506582 32.61534885510596 54.56959614600077 33.476305664304704 21.659883539490448 47.23066252734755 26.321624912316008 43.72945459617515 43.17086372609745 50.34592287405792 16.894135801702028 19.844611336835627 57.482863346775524 20.191273039489566 52.881494543505475 20.191273039489566 32.358255539843206 45.393583640555214 29.148611758462344 53.029305069724934 16.95671895152038 24.52345109671081 55.73468578433181 25.454536900962502 37.62557237344318 27.043093359384905 6726.370643072038 6806.408935343026 6748.222014041788
17.416200691605916 13.534449492517146 17.141987456014224 26.663973325944703 9.551175274012857 2.7060860487764145 13.660641534480664 18.023359239660582 15.495020168294861 0.0 13.304220732288455 19.892323956591397 25.13281853212151 25.44873019942421 34.554967446676685 31.927655901451022 54.77239644362144 18.568097606968244 20.04607794285111 35.08848732267515 33.00462010508177 47.46414752945703 28.005024742185547 35.152387463439986 20.66292451425278 8.342450333664083 45.89686819370833 5.908282618206919 37.42917877354014 5.908282618206919 17.312832418384776 31.51894538528313 13.858374244529884 39.3677886998713 2.548631694883731 13.952519227366656 41.901065560643644 10.117314334058037 33.11885523334584 11.700333748812783 6719.902906653137 6799.769523334325 6741.636023562311
24.13416664205982 26.46901594568659 29.37352993493519 22.541380161111306 13.013604994627231 15.219485052672807 9.812764534975862 26.88935235904626 23.413156710554848 13.304220732288455 0.0 11.922255939051151 29.93911453089656 14.109097126989418 29.39207481404963 21.453319668615862 43.398239694538 14.30668659930536 33.34335379443776 42.83043959976276 28.077536385177215 38.57700166958951 30.19649048407548 36.49433874877795 33.566659020461266 4.9624609576166065 53.64897322612581 8.542692713818878 36.68532979565172 8.542692713818878 13.997160426124793 36.98326088901538 13.156437355586053 30.09371187432712 10.832242874528891 25.514597132940622 46.66191555458774 11.767787046131176 20.477092982141784 12.431319676792413 6706.674052075668 6786.558989682478 6728.419554540753
34.87613841750347 29.845586654339233 37.00193632314875 11.115202694224978 12.77000875566549 20.331246318241917 6.556694541589088 36.87306144906444 33.69234747195836 19.892323956591397 11.922255939051151 0.0 41.35893813184181 22.53649834359802 40.49525883415803 29.808165050144193 49.05197312511291 5.031082540296193 37.76788912918104 37.721973616575674 39.29859034159268 47.27707124347285 21.75397759976899 26.88273709884377 40.08240746063803 13.921366478385648 47.936540203094516 14.058864741868462 25.924251994296327 14.058864741868462 6.026203775026672 30.335978254656098 8.818440235400233 19.523827467319997 17.572206155531106 26.784804273414597 38.76845329826061 11.279168488323467 25.30576235449672 10.304916493750028 6702.588133579355 6782.33589152104 6724.239291765191
7.946392850608583 30.83100686139912 19.787288879312513 50.5860659480017 34.43587551485988 26.998579661024465 36.68440240445763 10.237764116229554 10.35391741004796 25.13281853212151 29.93911453089656 41.35893813184181 0.0 30.80270185983006 22.69426209132563 32.236423985249296 51.91291042397149 42.00651154789362 30.71008413595711 57.55812694381091 21.438232410971835 39.263299591265415 53.10978642053329 60.2703979021864 24.70116982256288 27.55914196889521 67.73843714099134 28.961434630187437 62.48111240214816 28.961434630187437 41.04698450480921 55.702562605605856 38.17396528677018 60.02349749396614 26.123315322578005 34.8590020282658 66.05961749778777 34.61980004001774 39.205656671011525 36.17875577389636 6725.853126174355 6806.01753280555 6747.791417964205
28.292326226697718 38.96701739135994 38.25319369597811 33.55778014008573 27.12139604607759 27.898161930724655 23.285103920131007 32.431166970640454 28.864003704389003 25.44873019942421 14.109097126989418 22.53649834359802 30.80270185983006 0.0 19.59337209308125 7.459953207935915 29.4981755188376 26.6363082402049 44.80532788865587 56.92373603915998 18.78449308433201 24.903552966409134 43.46212731295592 49.221653118293766 43.28590537125039 18.06255794346118 67.7207517383539 22.156372871804503 48.45137764271159 22.156372871804503 26.805382371250513 50.858877276468256 26.87231845969605 34.96412677584211 23.412003287740514 38.922766905245005 60.26707236220127 25.865320008077163 8.762583608683823 26.433965456488203 6697.567073156845 6777.584699353679 6719.403748724248
25.775842612550807 46.037702565105704 39.29406409410126 51.56584768900937 40.63045810983318 37.23902259474853 39.131454970527365 30.230903464231034 27.83955090506582 34.554967446676685 29.39207481404963 40.49525883415803 22.69426209132563 19.59337209308125 0.0 15.494873184173695 29.77438575445745 43.65066994432284 49.066508358382706 69.53784179105222 1.5783651658486935 16.569075687837483 59.315226206742324 65.82333352145383 44.73168279660587 30.812641473689194 80.39542033810238 34.48632415351747 66.03520268163462 34.48632415351747 43.389232935926486 65.08539672043244 42.214810373850206 54.55562327745951 33.734502455945425 48.15298730835466 75.21157949649908 39.89437601745534 24.50172466618392 41.01284193572422 6704.054740054442 6784.297674951443 6726.046873278557
31.521170654022782 45.290171929509775 42.99788158667353 40.722076916939315 34.430460803683275 34.49780857115458 30.743178373945895 35.97828791305194 32.61534885510596 31.927655901451022 21.453319668615862 29.808165050144193 32.236423985249296 7.459953207935915 15.494873184173695 0.0 22.91863628442253 34.03883625147331 50.55732555699735 64.28070211973913 15.238947326537053 17.490048851099303 50.90681462994938 56.59692165347654 48.26335950713274 25.089469317564905 75.10196942627316 29.214965812867632 55.65787968055293 29.214965812867632 34.24363279081751 58.30597087952021 34.323826288910254 40.504476848232606 30.10200634946808 45.69293668382217 67.72604872464879 33.22022747743572 9.022024815594088 33.84184371182143 6694.1028585334725 6774.201569383632 6715.995345779951
53.09803375004153 68.19076123216395 65.45069444455476 58.81481556156589 56.337209925162426 57.29872935285202 51.737750483990574 57.67373258771134 54.56959614600077 54.77239644362144 43.398239694538 49.05197312511291 51.91291042397149 29.4981755188376 29.77438575445745 22.91863628442253 0.0 53.89345516102379 73.42648527370322 85.81345436375226 30.75234142340645 14.694494368764012 70.805843254497 75.5462036326639 70.81160893756156 47.55820109200725 96.4484566765539 51.64051529932619 73.41104763811546 51.64051529932619 54.46146180702985 79.12117301272858 55.392171608086194 52.74631290108439 52.84866100717181 68.40417160057903 87.81956749491601 54.97779828217256 23.790845230810497 55.3327315519607 6674.282453582369 6754.523290788587 6696.272664888249
34.97677798732802 26.592013125757585 35.204880797237934 8.610507496550868 9.841744163548086 18.340493197669485 5.3225107553110105 36.37540716581432 33.476305664304704 18.568097606968244 14.30668659930536 5.031082540296193 42.00651154789362 26.6363082402049 43.65066994432284 34.03883625147331 53.89345516102379 0.0 34.64389623452345 32.69126918050877 42.36128497006446 51.52567784085996 16.999163875114856 22.598595515161605 37.71311042209962 14.61761105685091 42.92248223884297 13.28504364228861 22.387878624448003 13.28504364228861 1.457484963472726 25.348413696625084 5.193533818249544 21.517082535481062 16.615395951690264 22.975913756202498 33.99111203072965 8.68439423100285 30.10903534642383 7.258089587436769 6706.548070411572 6786.257376620989 6728.172890644436
24.078874339942885 8.07227453185496 10.966986900098869 40.58374298233914 25.044353925357 18.29048307304108 31.2319869375337 20.503793684038378 21.659883539490448 20.04607794285111 33.34335379443776 37.76788912918104 30.71008413595711 44.80532788865587 49.066508358382706 50.55732555699735 73.42648527370322 34.64389623452345 0.0 30.646573815510898 47.50721476976248 64.22720863531492 34.84102886737183 41.24017780768211 7.246285430293238 28.38130157642434 39.32086742454427 25.323673540863588 45.73227414334814 25.323673540863588 33.18740242218183 32.358394441201185 29.48392762983144 56.098959260588074 22.5167990957086 12.675418681096737 41.48456082895744 26.493241064765872 52.90261942665433 27.601858498269376 6739.72991777143 6819.558868761138 6761.43746006872
49.721491386892254 26.996109712505042 40.006216073364754 31.518688915759245 29.868245228859493 32.468254060728995 34.08455822258152 47.83498479723152 47.23066252734755 35.08848732267515 42.83043959976276 37.721973616575674 57.55812694381091 56.92373603915998 69.53784179105222 64.28070211973913 85.81345436375226 32.69126918050877 30.646573815510898 0.0 68.00570121446701 81.19549531052874 18.175184009571055 19.433311307126942 37.7938326218649 39.54711132338186 10.896696780178557 35.50712922141301 25.279317122758243 35.50712922141301 31.814376026421858 8.623329751049246 30.43409802850125 47.36845722094171 35.81089195036018 22.708804342812176 11.82911624711484 31.062895350574134 62.14549975309222 30.53542501422743 6732.562760790296 6812.026431785985 6754.019592670705
24.28540386792509 44.4593539416055 37.77371172913221 50.34399714266218 39.16989641251272 35.68575406433969 37.783215920475406 28.761340721061824 26.321624912316008 33.00462010508177 28.077536385177215 39.29859034159268 21.438232410971835 18.78449308433201 1.5783651658486935 15.238947326537053 30.75234142340645 42.36128497006446 47.50721476976248 68.00570121446701 0.0 17.866951453901358 57.915656323984926 64.46058748749827 43.2156961157555 29.37405990702383 78.85853988995052 33.01134688240253 64.74916352924132 33.01134688240253 42.070176960729555 63.604860776317146 40.82732853304876 53.70137328706813 32.20966042140141 46.58408223498448 73.75024404216376 38.45614234014739 24.17489794585032 39.59351046994713 6705.021852017898 6785.249514132257 6727.003458179523
41.871199149200976 60.173873666912215 55.08811695045805 58.12053024528313 51.358163723001375 50.15038100299109 48.103076506560214 46.415938274245704 43.72945459617515 47.46414752945703 38.57700166958951 47.27707124347285 39.263299591265415 24.903552966409134 16.569075687837483 17.490048851099303 14.694494368764012 51.52567784085996 64.22720863531492 81.19549531052874 17.866951453901358 0.0 68.36103104514983 74.08661902343817 60.542840213146576 41.66695298764057 92.07145659337081 45.75039232342223 73.06719499422758 45.75039232342223 51.7085973942744 75.55817392685323 51.63575368821678 56.25252773569207 46.02989538927861 61.41610546875751 85.11929178131864 50.25764658729282 23.766537754384977 51.00652121320895 6688.129015050465 6768.428858542478 6710.160193388785
45.2909786491477 27.717210344333672 40.28455629330776 13.54958877392979 19.23444497778689 26.157220392196763 20.40214506498338 45.097102625717504 43.17086372609745 28.005024742185547 30.19649048407548 21.75397759976899 53.10978642053329 43.46212731295592 59.315226206742324 50.90681462994938 70.805843254497 16.999163875114856 34.84102886737183 18.175184009571055 57.915656323984926 68.36103104514983 0.0 7.175227465193446 40.52153687236395 28.62174381071589 27.083585854441576 25.401868748180412 10.89127681730017 25.401868748180412 16.666847299805497 9.656637823124564 17.113778996041496 29.214131022694755 27.390894436380524 22.45691015373381 17.01512797334598 19.625094591187 47.0514840267652 18.362622395284625 6715.120394420211 6794.648341919349 6736.620968804998
52.461473391751795 34.45784995592258 47.255874629407124 16.80860685655954 26.230834987829773 33.330583217860806 26.70059903083616 52.26032222743826 50.34592287405792 35.152387463439986 36.49433874877795 26.88273709884377 60.2703979021864 49.221653118293766 65.82333352145383 56.59692165347654 75.5462036326639 22.598595515161605 41.24017780768211 19.433311307126942 64.46058748749827 74.08661902343817 7.175227465193446 0.0 47.22686711361617 35.355288173777595 25.888858382609428 32.32958864291109 5.8497452109906005 32.32958864291109 22.58355999945245 11.337213344582846 23.6798634711424 29.766970036211603 34.46564639898296 29.16153750262318 13.56331761857041 26.49569988030718 51.99957879907036 25.14326123980255 6713.214326824717 6792.657095235521 6734.656529371295
19.025785316428205 12.804586808073196 5.455777513352725 44.577630942887374 27.87165611508776 19.76200630341231 33.5682791912405 14.846946614711968 16.894135801702028 20.66292451425278 33.566659020461266 40.08240746063803 24.70116982256288 43.28590537125039 44.73168279660587 48.26335950713274 70.81160893756156 37.71311042209962 7.246285430293238 37.7938326218649 43.2156961157555 60.542840213146576 40.52153687236395 47.22686711361617 0.0 28.725970578272207 46.5670314254114 26.50329025067449 51.348378177508486 26.50329025067449 36.291474304877994 39.0025099524781 32.53739569067627 59.18050726716129 23.20162345577859 18.078152804505134 48.42250755062889 29.115756149687204 51.789714870232075 30.460824482101533 6740.1189854466875 6820.0363690596605 6761.887343646341
20.95680926286819 21.57908476991834 24.70550800493941 23.22561309644325 9.882863164903968 10.310932165466573 9.34742106466326 23.135047743350746 19.844611336835627 8.342450333664083 4.9624609576166065 13.921366478385648 27.55914196889521 18.06255794346118 30.812641473689194 25.089469317564905 47.55820109200725 14.61761105685091 28.38130157642434 39.54711132338186 29.37405990702383 41.66695298764057 28.62174381071589 35.355288173777595 28.725970578272207 0.0 50.435629991148396 4.1263105707689025 36.33474269827985 4.1263105707689025 13.83655774623544 34.39109916518415 11.714747609678215 33.18582788272936 5.87655432526031 20.933394861783817 44.42217491881111 9.082333874729706 25.133333052870945 10.259189099114352 6711.600981543959 6791.478283474581 6733.341312302225
60.00239181236908 36.92965058755631 49.44517417174227 40.620382592273856 40.723513615977986 43.25286262077764 44.722330996920356 57.809352960697304 57.482863346775524 45.89686819370833 53.64897322612581 47.936540203094516 67.73843714099134 67.7207517383539 80.39542033810238 75.10196942627316 96.4484566765539 42.92248223884297 39.32086742454427 10.896696780178557 78.85853988995052 92.07145659337081 27.083585854441576 25.888858382609428 46.5670314254114 50.435629991148396 0.0 46.40192557958966 31.291671885905895 46.40192557958966 42.162168723374215 17.674641932362697 41.06776518383874 55.46430868976212 46.68292540636239 33.0917784623949 13.179522925059274 41.88473800138863 72.71515161792028 41.294900412135924 6737.946880897756 6817.2933460938975 6759.3235925982435
21.731482119299194 18.090712553374573 23.044811106834096 21.731549422352018 6.218720290521852 7.036721389928838 8.088257116723153 23.129910529277574 20.191273039489566 5.908282618206919 8.542692713818878 14.058864741868462 28.961434630187437 22.156372871804503 34.48632415351747 29.214965812867632 51.64051529932619 13.28504364228861 25.323673540863588 35.50712922141301 33.01134688240253 45.75039232342223 25.401868748180412 32.32958864291109 26.50329025067449 4.1263105707689025 46.40192557958966 0.0 33.815205034781215 0.0 12.187641746404786 30.60040037460005 9.226882130877886 33.57512471384703 3.5133461787141744 16.981624435187275 40.74986513670964 5.856795178359501 29.00214284469155 7.32661761895285 6714.41757940374 6794.257707592406 6736.132396613061
54.844370604976824 38.54743213772658 50.89221443805762 14.947120227054947 28.050278529523737 35.92737544834491 27.174229327196237 55.090600563704854 52.881494543505475 37.42917877354014 36.68532979565172 25.924251994296327 62.48111240214816 48.45137764271159 66.03520268163462 55.65787968055293 73.41104763811546 22.387878624448003 45.73227414334814 25.279317122758243 64.74916352924132 73.06719499422758 10.89127681730017 5.8497452109906005 51.348378177508486 36.33474269827985 31.291671885905895 33.815205034781215 0.0 33.815205034781215 22.747743336711856 17.137862726520098 24.696269965810327 25.16095804469074 36.37746576684674 33.31197459715745 18.469707063628046 27.987872061886133 50.262514628549496 26.48859438597674 6707.417333244768 6786.850864414453 6728.853116631236
21.731482119299194 18.090712553374573 23.044811106834096 21.731549422352018 6.218720290521852 7.036721389928838 8.088257116723153 23.129910529277574 20.191273039489566 5.908282618206919 8.542692713818878 14.058864741868462 28.961434630187437 22.156372871804503 34.48632415351747 29.214965812867632 51.64051529932619 13.28504364228861 25.323673540863588 35.50712922141301 33.01134688240253 45.75039232342223 25.401868748180412 32.32958864291109 26.50329025067449 4.1263105707689025 46.40192557958966 0.0 33.815205034781215 0.0 12.187641746404786 30.60040037460005 9.226882130877886 33.57512471384703 3.5133461787141744 16.981624435187275 40.74986513670964 5.856795178359501 29.00214284469155 7.32661761895285 6714.41757940374 6794.257707592406 6736.132396613061
33.917092781561074 25.1347563889882 33.83998019824736 9.551294973228197 8.427101285923497 16.98784466785884 4.4966538044460584 35.1992729788517 32.358255539843206 17.312832418384776 13.997160426124793 6.026203775026672 41.04698450480921 26.805382371250513 43.389232935926486 34.24363279081751 54.46146180702985 1.457484963472726 33.18740242218183 31.814376026421858 42.070176960729555 51.7085973942744 16.666847299805497 22.58355999945245 36.291474304877994 13.83655774623544 42.162168723374215 12.187641746404786 22.747743336711856 12.187641746404786 0.0 24.674613999431262 3.7561016610281874 22.96254933000042 15.439818476476633 21.533575297719306 33.576705285632954 7.32783609307862 30.671774857589238 5.858776549079146 6707.958098895092 6787.671833957271 6729.585982532472
47.75631927290397 26.76446968924473 40.07448389400335 23.159071555106514 24.50910557950334 29.144570963081794 27.6033005876977 46.63457991513175 45.393583640555214 31.51894538528313 36.98326088901538 30.335978254656098 55.702562605605856 50.858877276468256 65.08539672043244 58.30597087952021 79.12117301272858 25.348413696625084 32.358394441201185 8.623329751049246 63.604860776317146 75.55817392685323 9.656637823124564 11.337213344582846 39.0025099524781 34.39109916518415 17.674641932362697 30.60040037460005 17.137862726520098 30.60040037460005 24.674613999431262 0.0 23.988915196871186 38.7753592751393 31.66277613196867 21.663357454940748 10.398965003117105 25.418785173258367 55.33745308185573 24.563044744603886 6724.0657724494795 6803.548210585269 6745.53531719226
30.83463164829347 21.447813190609214 30.144915984539363 12.80591595657444 4.68641151202574 13.329157038260556 3.6549395699523206 31.856095495862995 29.148611758462344 13.858374244529884 13.156437355586053 8.818440235400233 38.17396528677018 26.87231845969605 42.214810373850206 34.323826288910254 55.392171608086194 5.193533818249544 29.48392762983144 30.43409802850125 40.82732853304876 51.63575368821678 17.113778996041496 23.6798634711424 32.53739569067627 11.714747609678215 41.06776518383874 9.226882130877886 24.696269965810327 9.226882130877886 3.7561016610281874 23.988915196871186 0.0 26.710474965676287 12.197850758050683 18.04302302043078 33.51651709492457 3.7427661841256437 31.714240683513257 2.1776804562505587 6711.338055257465 6791.07166964506 6732.979642924684
54.04130719135134 48.02968744281675 56.40429639124204 16.697140464774456 31.330397103396063 39.58741831837235 25.765377519073756 56.298096992684115 53.029305069724934 39.3677886998713 30.09371187432712 19.523827467319997 60.02349749396614 34.96412677584211 54.55562327745951 40.504476848232606 52.74631290108439 21.517082535481062 56.098959260588074 47.36845722094171 53.70137328706813 56.25252773569207 29.214131022694755 29.766970036211603 59.18050726716129 33.18582788272936 55.46430868976212 33.57512471384703 25.16095804469074 33.57512471384703 22.96254933000042 38.7753592751393 26.710474965676287 0.0 37.08761666437982 44.08128445258869 43.29794073327984 30.065809982088403 32.554231090699176 28.73538767575619 6686.638933563125 6766.24922266205 6708.195487356825
18.652600632616608 15.759361152751497 19.580803648040284 24.925233490755712 8.330349110923494 4.514044579449332 11.523396764138047 19.76293571688137 16.95671895152038 2.548631694883731 10.832242874528891 17.572206155531106 26.123315322578005 23.412003287740514 33.734502455945425 30.10200634946808 52.84866100717181 16.615395951690264 22.5167990957086 35.81089195036018 32.20966042140141 46.02989538927861 27.390894436380524 34.46564639898296 23.20162345577859 5.87655432526031 46.68292540636239 3.5133461787141744 36.37746576684674 3.5133461787141744 15.439818476476633 31.66277613196867 12.197850758050683 37.08761666437982 0.0 15.591160008294638 41.978129981543894 8.536825455235189 30.865834734587978 10.11735665340398 6717.3710947758655 6797.234320477131 6739.101839253374
27.012761129149556 5.298974672348616 18.450361211552046 28.131444900719593 14.218680324839085 11.276851065982552 20.544127236686926 25.277479963165728 24.52345109671081 13.952519227366656 25.514597132940622 26.784804273414597 34.8590020282658 38.922766905245005 48.15298730835466 45.69293668382217 68.40417160057903 22.975913756202498 12.675418681096737 22.708804342812176 46.58408223498448 61.41610546875751 22.45691015373381 29.16153750262318 18.078152804505134 20.933394861783817 33.0917784623949 16.981624435187275 33.31197459715745 16.981624435187275 21.533575297719306 21.663357454940748 18.04302302043078 44.08128445258869 15.591160008294638 0.0 31.715601815672837 15.802295562043268 45.98365938803782 16.508985111221765 6729.369242951107 6809.109519598244 6751.015697782003
58.11522691198892 36.64156763303901 49.95475873959217 29.79749030032541 34.58132577982415 39.54154222053309 37.016937018158124 56.878545102975096 55.73468578433181 41.901065560643644 46.66191555458774 38.76845329826061 66.05961749778777 60.26707236220127 75.21157949649908 67.72604872464879 87.81956749491601 33.99111203072965 41.48456082895744 11.82911624711484 73.75024404216376 85.11929178131864 17.01512797334598 13.56331761857041 48.42250755062889 44.42217491881111 13.179522925059274 40.74986513670964 18.469707063628046 40.74986513670964 33.576705285632954 10.398965003117105 33.51651709492457 43.29794073327984 41.978129981543894 31.715601815672837 0.0 35.362926088468846 64.06615906409475 34.36471381684342 6724.779286271328 6804.133674944509 6746.1612004540175
27.189087582747337 18.570975615848386 26.520920780744245 16.548309491903698 1.588689507114755 9.660919083673736 4.794239431131385 28.124175573978263 25.454536900962502 10.117314334058037 11.767787046131176 11.279168488323467 34.61980004001774 25.865320008077163 39.89437601745534 33.22022747743572 54.97779828217256 8.68439423100285 26.493241064765872 31.062895350574134 38.45614234014739 50.25764658729282 19.625094591187 26.49569988030718 29.115756149687204 9.082333874729706 41.88473800138863 5.856795178359501 27.987872061886133 5.856795178359501 7.32783609307862 25.418785173258367 3.7427661841256437 30.065809982088403 8.536825455235189 15.802295562043268 35.362926088468846 0.0 31.60094826240027 1.5896924017047263 6713.725290851541 6793.494125356775 6735.391106104496
37.03884474304987 46.618123702353564 46.85106471756056 35.429131916348254 33.04180133451219 35.374928930970476 28.06986064133477 41.19368886137711 37.62557237344318 33.11885523334584 20.477092982141784 25.30576235449672 39.205656671011525 8.762583608683823 24.50172466618392 9.022024815594088 23.790845230810497 30.10903534642383 52.90261942665433 62.14549975309222 24.17489794585032 23.766537754384977 47.0514840267652 51.99957879907036 51.789714870232075 25.133333052870945 72.71515161792028 29.00214284469155 50.262514628549496 29.00214284469155 30.671774857589238 55.33745308185573 31.714240683513257 32.554231090699176 30.865834734587978 45.98365938803782 64.06615906409475 31.60094826240027 0.0 31.80692311556466 6688.8340877571845 6768.843556469546 6710.665005028182
28.769768548419147 19.61026630543457 27.989850451815737 14.971579842477071 2.5955284930424414 11.158245024900603 4.134606832883829 29.711764888375946 27.043093359384905 11.700333748812783 12.431319676792413 10.304916493750028 36.17875577389636 26.433965456488203 41.01284193572422 33.84184371182143 55.3327315519607 7.258089587436769 27.601858498269376 30.53542501422743 39.59351046994713 51.00652121320895 18.362622395284625 25.14326123980255 30.460824482101533 10.259189099114352 41.294900412135924 7.32661761895285 26.48859438597674 7.32661761895285 5.858776549079146 24.563044744603886 2.1776804562505587 28.73538767575619 10.11735665340398 16.508985111221765 34.36471381684342 1.5896924017047263 31.80692311556466 0.0 6712.883818838058 6792.636157445227 6734.5382901279545
6725.536195451456 6732.1568038833175 6735.483585071537 6703.335115388219 6715.276518867567 6721.454268457052 6708.932814802059 6729.877579402586 6726.370643072038 6719.902906653137 6706.674052075668 6702.588133579355 6725.853126174355 6697.567073156845 6704.054740054442 6694.1028585334725 6674.282453582369 6706.548070411572 6739.72991777143 6732.562760790296 6705.021852017898 6688.129015050465 6715.120394420211 6713.214326824717 6740.1189854466875 6711.600981543959 6737.946880897756 6714.41757940374 6707.417333244768 6714.41757940374 6707.958098895092 6724.0657724494795 6711.338055257465 6686.638933563125 6717.3710947758655 6729.369242951107 6724.779286271328 6713.725290851541 6688.8340877571845 6712.883818838058 0.0 104.96722984240014 51.52325604237855
6805.603842509895 6811.952109684615 6815.4364591866715 6782.946341384717 6795.041026506114 6801.2936066710645 6788.700414150738 6809.926946486379 6806.408935343026 6799.769523334325 6786.558989682478 6782.33589152104 6806.01753280555 6777.584699353679 6784.297674951443 6774.201569383632 6754.523290788587 6786.257376620989 6819.558868761138 6812.026431785985 6785.249514132257 6768.428858542478 6794.648341919349 6792.657095235521 6820.0363690596605 6791.478283474581 6817.2933460938975 6794.257707592406 6786.850864414453 6794.257707592406 6787.671833957271 6803.548210585269 6791.07166964506 6766.24922266205 6797.234320477131 6809.109519598244 6804.133674944509 6793.494125356775 6768.843556469546 6792.636157445227 104.96722984240014 0.0 61.91252748945743
6747.407776746367 6753.841102998138 6757.276289454158 6724.8925851751355 6736.939387136776 6743.168656195274 6730.597703912319 6751.73663544732 6748.222014041788 6741.636023562311 6728.419554540753 6724.239291765191 6747.791417964205 6719.403748724248 6726.046873278557 6715.995345779951 6696.272664888249 6728.172890644436 6761.43746006872 6754.019592670705 6727.003458179523 6710.160193388785 6736.620968804998 6734.656529371295 6761.887343646341 6733.341312302225 6759.3235925982435 6736.132396613061 6728.853116631236 6736.132396613061 6729.585982532472 6745.53531719226 6732.979642924684 6708.195487356825 6739.101839253374 6751.015697782003 6746.1612004540175 6735.391106104496 6710.665005028182 6734.5382901279545 51.52325604237855 61.91252748945743 0.0
