0.0 32.31683994819643 69.67303197300357 31.797103930752186 8.44830875733569 2.968150638099052 39.299930455379524 67.10499299853616 24.949015639126433 52.14633818736653 44.302421185011845 13.48321382322157 26.31669730482177 74.0642080084143 46.579549481228334 43.12466063554709 5.6660507243141245 61.71845667245812 35.90951887059499 17.246758179943225 6.667840301083564 75.06723024919745 58.96558969841076 36.123311708197996 79.94656826565569 78.36281042805895 8.919983795567942 29.24367669662391 82.45720422472357 7.685848770184145 71.67353823851002 27.6033005876977 41.7916595717405 25.41878517325829 41.57036323403153 31.54574956696802 83.39997682346774 22.665312671234773 25.522112035375145 66.80687974995693 5.012029859344974 41.886754612213196 44.475857360430034 35.988272257787834
32.31683994819643 0.0 42.32655381427135 25.558372509837078 40.763766735535654 35.21540766005556 7.075650232731126 35.01008090502097 22.662168016995764 41.95267557926692 33.95433830600169 36.83650742150536 6.0910498018577055 41.78967143188327 23.363343345316046 31.203991358321055 36.228811450537805 34.64580338784997 10.703179979694564 15.641686589462173 33.207749301950145 42.99643726172536 27.199941396254484 9.55120516491319 49.33038788879441 46.97805422724322 23.40462021007177 30.229761733608544 50.171460872273386 39.949529797522594 39.381073517062646 5.597959742984504 30.382745512264467 10.190034247063354 15.495976906753107 30.18320933657847 51.08328909792917 10.018333209380213 21.41471948716549 39.07102150323083 27.637546282651407 36.73275143603044 36.015360651881224 14.34367396118281
69.67303197300357 42.32655381427135 0.0 66.60746120125305 77.39106552531395 72.5867041570253 38.45239946356834 23.144010072620173 64.85021414979015 35.18160256240926 35.24165163980628 77.8137359727823 46.372399023723894 33.113073764260335 23.337102750252804 33.773453832037916 74.82059534719943 7.977616000126259 34.3412266974912 53.1054110316404 72.84899505018319 37.28421536704969 21.8162805761344 34.5589057104302 16.268864442297584 45.070236798135035 61.79854117014027 72.09065755581723 36.62321322286417 76.31852180103803 31.686203822761794 44.34864901004664 68.21477720874071 44.76309967939387 28.444955024155146 71.63669228291982 34.627647980785554 51.2841817478379 45.91701838596999 3.3299388183131136 66.13068870229247 41.67685504350025 37.50996420314817 33.69114616011736
31.797103930752186 25.558372509837078 66.60746120125305 0.0 38.169323577938215 33.38188430580695 28.155627277018933 53.63146475584785 6.9695422618719345 65.83929770696751 57.43366613882864 25.706970943074488 24.62683214655937 56.151952087747645 48.914330074457375 54.96517796659789 31.62605645395787 59.33170351000918 36.04694389524406 26.715438876035314 27.47746831102308 55.48029676442101 47.863566864867124 35.0305646709445 70.53987528641859 56.023400800276086 26.2509719344472 6.665417807402478 64.05793768811425 38.04471643449838 54.25545594373179 26.66513230114893 10.005211078130603 29.9772579939871 41.04994257045644 5.205439923989184 66.00950710912586 21.01734149355563 40.2094078677082 63.28243279686256 27.455552555070867 58.62765986732794 59.032492347535914 39.24115535126743
8.44830875733569 40.763766735535654 77.39106552531395 38.169323577938215 0.0 5.6172554915073505 47.74776361850968 75.5120775687744 31.64230559631881 57.444674270226564 50.071062849033545 14.95230154818676 34.75488351743108 82.51127289240146 54.13869828201543 49.24409149382226 6.578036591869699 69.47562752029016 44.01494686379906 25.584010326648308 10.699719613443348 83.4953251815377 67.33609278745176 44.309076078792074 88.11015343978083 86.70749659471326 17.36779191363492 34.536461902484305 90.90477255634573 1.1724573373566085 80.12157578721079 36.00391595297826 48.12962301768566 33.61435679474839 49.56382609672404 37.01990715320143 91.84630622494652 31.094433176340385 32.25386488498946 74.60664779169623 13.302436619433468 46.82522842241632 49.88204635635305 43.80999225969529
2.968150638099052 35.21540766005556 72.5867041570253 33.38188430580695 5.6172554915073505 0.0 42.17618805032626 70.04449245199505 26.66863275574577 54.43616211692495 46.71710856875832 12.69345016953769 29.23646512817197 76.932631880056 49.45741757067308 45.63776758816118 3.7430528828283185 64.63739072681797 38.87087344163677 20.2118785541527 6.567736133072468 77.89037004547981 61.919124012229105 39.09018982978584 82.91370023596028 81.09137830550168 11.811808699090045 30.314012289684317 85.32838133560821 5.014172442077435 74.54916732798944 30.550374116275574 43.38485417606117 28.38523180482301 44.52048444258445 32.70923832676964 86.29634598255761 25.494927726365134 28.167857492611354 69.73353942666137 7.685848770184145 44.04803839385545 46.78436587348203 38.9107054315242
39.299930455379524 7.075650232731126 38.45239946356834 28.155627277018933 47.74776361850968 42.17618805032626 0.0 28.44125925733328 26.8576418562819 43.9763684695521 36.58450011245477 43.03105522034652 13.165850603526149 34.76600109955114 22.920287291574375 33.70637541902562 43.041762279685855 31.235792935829366 12.764553305802007 22.716594664459326 39.863447072062925 35.92178481246729 21.063346497401945 11.31021181223262 43.659961940942885 39.97664541999896 30.380017145134868 33.74595604039147 43.15745636319411 46.95435874048302 32.37405996179161 12.490765174488512 30.73814765021024 16.693499894500203 15.151352215975317 33.19480408805721 44.14402667007739 16.75532339729388 27.10359464021431 35.12827043733698 34.55295191934033 40.324504621255734 38.922377468676544 16.797082457256245
67.10499299853616 35.01008090502097 23.144010072620173 53.63146475584785 75.5120775687744 70.04449245199505 28.44125925733328 0.0 54.19402805251308 51.00534149067784 47.40002020730863 71.45965293331794 40.839361764788904 11.112469136462787 30.12639142517722 44.90109650536125 71.22266078752843 21.739857940900105 32.88728032267132 49.95880086070252 68.20453738351706 14.90891097318247 8.525790134384325 32.12255486107332 17.8142438194688 22.52352128602086 58.25900092022742 60.01249223460617 17.70968666956494 74.6312438093348 9.087059594980005 39.5081620639696 52.221974791478225 42.32706425506113 28.88176974033978 58.83068548471632 17.414439209466625 45.012651890644655 49.02419956413797 20.88347725664164 62.56656203775503 53.45444109445651 50.081111595398504 34.94190207238554
24.949015639126433 22.662168016995764 64.85021414979015 6.9695422618719345 31.64230559631881 26.66863275574577 26.8576418562819 54.19402805251308 0.0 60.810181668547294 52.33374354818538 20.28610594221584 20.235687748569497 58.03116884607371 45.51237971192762 50.01262154589602 25.175362759534718 57.26334136668026 32.45274274858023 20.505081134283067 21.027868041922478 57.84853969131479 47.62025398886825 31.637904635147443 70.3613877271638 59.25425389902204 19.30955954514443 7.948462008525045 66.19980159932686 31.439530322069704 55.954587361561686 22.39629785832275 16.877000016962345 24.950482875156144 37.90661613290785 8.84380377143612 67.88803748497912 15.904834311090152 34.3442358691147 61.562670555850524 20.516291299570018 53.013140448450685 53.74573400096991 35.2014796796781
52.14633818736653 41.95267557926692 35.18160256240926 65.83929770696751 57.444674270226564 54.43616211692495 43.9763684695521 51.00534149067784 60.810181668547294 0.0 8.49279996796764 64.37716469567218 41.254607384399456 62.0874660294082 22.806480244837633 10.883330061133865 57.8019782317377 30.745802463444846 31.59788645266137 41.33499358031241 57.757698416065516 65.62714721701748 44.19164702600157 32.98270608144792 51.30321920820718 72.77034638685015 47.67272738585021 68.71292803118082 68.15945047236984 56.27260294565636 59.89573365818326 39.30406279560723 72.15241435514024 35.92136689201989 29.207760034867828 69.536328433636 66.98720501029217 44.9787482714048 27.715126954127616 34.55206097080584 50.89564829784157 10.79092880770737 7.6782234501036575 27.678635153447633
44.302421185011845 33.95433830600169 35.24165163980628 57.43366613882864 50.071062849033545 46.71710856875832 36.58450011245477 47.40002020730863 52.33374354818538 8.49279996796764 0.0 56.21966402318135 32.90067500440456 58.2579315299316 17.523696311022576 2.902616775520126 49.968433378107385 29.244270769067768 23.925462192559696 32.868727112696085 49.69401687212052 61.49511447407304 39.83594023249406 25.356689346802483 50.60410194965889 68.25770980428507 39.397830291674474 60.22968564327003 64.9929442930012 48.900303768735306 55.9328319295341 30.99666489418465 63.95002253934049 27.478780205264744 22.467071045978948 61.07423049539059 64.18423874993849 36.52531840909781 19.390837761512763 33.837206502071865 42.76171349221902 6.465295150993371 2.69488451364674 19.908764866633373
13.48321382322157 36.83650742150536 77.8137359727823 25.706970943074488 14.95230154818676 12.69345016953769 43.03105522034652 71.45965293331794 20.28610594221584 64.37716469567218 56.21966402318135 0.0 31.717404146636348 76.75205996698385 55.62096357027525 54.696853450243026 9.144788319548583 69.8608166576676 43.479294210779344 25.084114103758534 6.906972127652164 77.02493315606048 63.96305116186393 43.27732002077741 86.14266247693209 79.05198903977076 16.99966448248885 20.819378974567126 85.08348729698163 15.38784124013071 74.52353475251635 33.60307530681583 35.21877573135513 33.212267082528186 49.38446354507081 23.389980409152464 86.48769504204607 26.960431617880175 36.887777204017304 74.72605686321172 13.483213823221602 54.49974042133992 56.712855131322975 44.637366055524055
26.31669730482177 6.0910498018577055 46.372399023723894 24.62683214655937 34.75488351743108 29.23646512817197 13.165850603526149 40.839361764788904 20.235687748569497 41.254607384399456 32.90067500440456 31.717404146636348 0.0 47.8602429853448 25.4954026116368 30.372010224757343 30.41320971238461 38.49451062223218 12.493300414623597 9.558707645520427 27.585543542642622 49.0873397299388 32.836184239640616 11.936077581564744 54.5451366048582 53.00320786335799 17.43111598654302 28.15620327337393 56.23554209640898 33.91983021658077 45.44387229427572 2.177713268331205 31.24404687333486 5.9139038230175585 18.262951349733708 28.61886355103471 57.10491267886511 4.921962195564735 17.469789445540567 43.20898845694337 21.72733628691414 34.647654681955366 34.63016066801888 14.97073982451458
74.0642080084143 41.78967143188327 33.113073764260335 56.151952087747645 82.51127289240146 76.932631880056 34.76600109955114 11.112469136462787 58.03116884607371 62.0874660294082 58.2579315299316 76.75205996698385 47.8602429853448 0.0 40.834417573239875 55.68960025992224 77.67579192391716 32.70182216691557 41.86061023669713 57.33812936312428 74.32301619965232 4.211449263933277 18.552193056925702 40.88354535243424 23.129615057828047 11.977086998887547 65.14426748629594 62.77930644137681 8.399445582016652 81.72029779841922 2.4917163039583192 46.88690347159814 52.75141748271835 50.35386083357845 38.64286583542515 61.21059382352586 9.871770919439085 51.45933007094439 58.306814668131324 31.28774904373406 69.29048784767328 64.19944787612955 60.94832740277496 44.447030557396765
46.579549481228334 23.363343345316046 23.337102750252804 48.914330074457375 54.13869828201543 49.45741757067308 22.920287291574375 30.12639142517722 45.51237971192762 22.806480244837633 17.523696311022576 55.62096357027525 25.4954026116368 40.834417573239875 0.0 14.87153834130134 51.86724745602752 15.575186649162523 13.063132667251006 30.561853873977714 50.19421371002806 43.99565806171161 22.34243296288712 13.920341598578263 36.14637270352035 50.736696729235625 39.07537544410795 53.31360992696468 47.81825019468305 53.05257713529248 38.478541071926344 23.322720195528532 53.22529577882315 22.459117191320207 7.963995105932563 53.45044623211137 47.23121573554185 30.301976745829116 22.632408656698995 20.761353806139432 43.31215261982648 23.36564909632936 20.217497768218948 10.995309566575449
43.12466063554709 31.203991358321055 33.773453832037916 54.96517796659789 49.24409149382226 45.63776758816118 33.70637541902562 44.90109650536125 50.01262154589602 10.883330061133865 2.902616775520126 54.696853450243026 30.372010224757343 55.68960025992224 14.87153834130134 0.0 48.78025734159698 27.39345623536374 21.076218034539473 30.878948621408732 48.2875285538249 58.86653844530017 37.21384437615554 22.50099638763653 48.800606390779656 65.55811085309533 37.76917780924545 57.93371168990399 62.54393884579579 48.07879226417608 53.3437668497245 28.42222719063172 61.3051882166076 25.08348926692234 19.572026224437487 58.70725121362166 61.813959740066856 34.14682872225263 17.81641909619643 32.154703447118926 41.299327288251106 8.57721178193757 5.47824092499439 17.073376189162
5.6660507243141245 36.228811450537805 74.82059534719943 31.62605645395787 6.578036591869699 3.7430528828283185 43.041762279685855 71.22266078752843 25.175362759534718 57.8019782317377 49.968433378107385 9.144788319548583 30.41320971238461 77.67579192391716 51.86724745602752 48.78025734159698 0.0 66.8496801496417 40.78558199022099 21.907930649040807 4.153393729619143 78.4379815373043 63.24567699020415 40.8870887520821 84.63125446307521 81.30381764494163 13.192344354318628 27.973274460121726 86.07424076323103 6.64912248307295 75.33005894902583 31.91837690665357 41.57105251095119 30.243329018763813 46.548319619483564 30.448778958707443 87.16967936737036 26.288558424643234 31.137702668484046 71.89796355576095 8.796894195873783 47.50709539964878 50.13383722781019 41.140282934687235
61.71845667245812 34.64580338784997 7.977616000126259 59.33170351000918 69.47562752029016 64.63739072681797 31.235792935829366 21.739857940900105 57.26334136668026 30.745802463444846 29.244270769067768 69.8608166576676 38.49451062223218 32.70182216691557 15.575186649162523 27.39345623536374 66.8496801496417 0.0 26.382122418652653 45.128042626171954 64.87189936210741 36.63248624119652 17.555768899916252 26.63458551016761 21.40762954116762 44.25902441343528 53.82119459959665 64.63236359227362 37.84664423796526 68.40982738122824 30.816184096426234 36.44850505042619 61.527339409244775 36.78725592186425 20.480165986587668 64.28936406726507 36.427436189659424 43.413340949478005 38.20758988194131 5.186185495981492 58.154761826172276 35.700332837245334 31.717214043070616 25.73082766740151
35.90951887059499 10.703179979694564 34.3412266974912 36.04694389524406 44.01494686379906 38.87087344163677 12.764553305802007 32.88728032267132 32.45274274858023 31.59788645266137 23.925462192559696 43.479294210779344 12.493300414623597 41.86061023669713 13.063132667251006 21.076218034539473 40.78558199022099 26.382122418652653 0.0 18.897344295032553 38.5854457113924 44.032495515627375 24.376047694921546 1.454934586563545 44.099360130643454 49.440806976451256 27.63213713484223 40.27248634077764 49.88646026062938 43.0206312867077 39.36893162995467 10.339806804366651 41.062394757822055 10.542720260378076 5.907395501112444 40.47120079477887 50.134564748078034 17.366565418604594 16.477070486325953 31.287749043733943 32.01152777214358 27.570428908907818 26.202185634074905 4.03878545075944
17.246758179943225 15.641686589462173 53.1054110316404 26.715438876035314 25.584010326648308 20.2118785541527 22.716594664459326 49.95880086070252 20.505081134283067 41.33499358031241 32.868727112696085 25.084114103758534 9.558707645520427 57.33812936312428 30.561853873977714 30.878948621408732 21.907930649040807 45.128042626171954 18.897344295032553 0.0 19.744794404232632 58.631952549615356 41.75281684385556 18.980213853825212 62.76260022993245 62.540536635376846 8.735117682589916 28.053725245001182 65.6965162788018 24.68015449161864 54.90715137358718 10.490307357804008 35.31245532393892 8.362279791317608 24.711509402021964 29.3262076913407 66.4856280975158 7.691698330143535 14.001542315222782 50.1172620194528 13.120028164903362 32.78441190639457 33.94629874540692 19.606789125300452
6.667840301083564 33.207749301950145 72.84899505018319 27.47746831102308 10.699719613443348 6.567736133072468 39.863447072062925 68.20453738351706 21.027868041922478 57.757698416065516 49.69401687212052 6.906972127652164 27.585543542642622 74.32301619965232 50.19421371002806 48.2875285538249 4.153393729619143 64.87189936210741 38.5854457113924 19.744794404232632 0.0 74.95682738932408 60.36962246260507 38.55935167853045 82.07490425452471 77.62678340168453 11.119555963876095 23.95083325535658 82.71359332736554 10.659396608004064 72.00631956312336 29.246896324383954 37.43065259897481 28.089924064261837 44.43655168069389 26.399262700650578 83.89635744451162 23.19359053069223 30.48103508174932 69.84988640431868 7.03511003586994 47.750851251236575 50.082060651395324 39.303820068731596
75.06723024919745 42.99643726172536 37.28421536704969 55.48029676442101 83.4953251815377 77.89037004547981 35.92178481246729 14.90891097318247 57.84853969131479 65.62714721701748 61.49511447407304 77.02493315606048 49.0873397299388 4.211449263933277 43.99565806171161 58.86653844530017 78.4379815373043 36.63248624119652 44.032495515627375 58.631952549615356 74.95682738932408 0.0 21.659190621722367 42.96673546874506 27.15796204456824 7.786212921006966 66.16414022664613 62.14128837689339 8.729605439864738 82.74814769302647 5.82194282801677 48.27960780574458 51.37706669009478 51.99896601570981 41.24068623838799 60.43875501125267 11.256891293773291 52.40250168550245 60.50873060351064 35.39829414699619 70.21444422843616 67.31863519545406 64.18974479590935 46.858046849926126
58.96558969841076 27.199941396254484 21.8162805761344 47.863566864867124 67.33609278745176 61.919124012229105 21.063346497401945 8.525790134384325 47.62025398886825 44.19164702600157 39.83594023249406 63.96305116186393 32.836184239640616 18.552193056925702 22.34243296288712 37.21384437615554 63.24567699020415 17.555768899916252 24.376047694921546 41.75281684385556 60.36962246260507 21.659190621722367 0.0 23.642032782697875 22.756195388490912 28.587948423630113 50.18031904513677 53.982299047016184 25.974369376980018 66.42983842263114 16.15845835852624 31.37689877245052 47.80652044726315 33.96621084412013 20.405635550571887 53.05657025951495 25.898268116272817 37.210107158998824 40.503915107852194 18.78408391988587 54.52586079820058 45.688490473510285 42.530594924157775 26.431533248514594
36.123311708197996 9.55120516491319 34.5589057104302 35.0305646709445 44.309076078792074 39.09018982978584 11.31021181223262 32.12255486107332 31.637904635147443 32.98270608144792 25.356689346802483 43.27732002077741 11.936077581564744 40.88354535243424 13.920341598578263 22.50099638763653 40.8870887520821 26.63458551016761 1.454934586563545 18.980213853825212 38.55935167853045 42.96673546874506 23.642032782697875 0.0 43.82372748690751 48.261779457654036 27.702190041907084 39.40599062011503 48.96744818495537 43.335527669378905 38.39239891023389 9.838114682172423 39.83508259181565 10.705753009258084 6.338624163598616 39.53132689706022 49.28944987894715 16.852567821496354 17.570314034773407 31.4500896834506 32.09468117733287 29.02502505984621 27.645742235550966 5.489317348626258
79.94656826565569 49.33038788879441 16.268864442297584 70.53987528641859 88.11015343978083 82.91370023596028 43.659961940942885 17.8142438194688 70.3613877271638 51.30321920820718 50.60410194965889 86.14266247693209 54.5451366048582 23.129615057828047 36.14637270352035 48.800606390779656 84.63125446307521 21.40762954116762 44.099360130643454 62.76260022993245 82.07490425452471 27.15796204456824 22.756195388490912 43.82372748690751 0.0 34.47466781792043 71.44122758867678 76.71866157715806 23.399226326446982 87.11970358517588 22.83428265576831 52.82812392790151 69.81757869223735 54.52933574064378 38.70575713909854 75.74143554458996 20.723629765736714 59.19543358523597 58.33936259230748 16.8460401663488 75.83570941441778 57.06802333786384 53.02800688523551 44.747298890626446
78.36281042805895 46.97805422724322 45.070236798135035 56.023400800276086 86.70749659471326 81.09137830550168 39.97664541999896 22.52352128602086 59.25425389902204 72.77034638685015 68.25770980428507 79.05198903977076 53.00320786335799 11.977086998887547 50.736696729235625 65.55811085309533 81.30381764494163 44.25902441343528 49.440806976451256 62.540536635376846 77.62678340168453 7.786212921006966 28.587948423630113 48.261779457654036 34.47466781792043 0.0 69.55545670522626 62.65853723880979 12.805288181211987 86.03830477035135 13.49256134348062 52.467229355960725 50.63517770900922 56.53105007332342 47.27154195860398 60.72598609525191 15.967149526435273 55.81525912251546 65.810395436496 43.1623855046949 73.41269644918705 73.90459999952816 70.94990624278171 52.574341002977135
8.919983795567942 23.40462021007177 61.79854117014027 26.2509719344472 17.36779191363492 11.811808699090045 30.380017145134868 58.25900092022742 19.30955954514443 47.67272738585021 39.397830291674474 16.99966448248885 17.43111598654302 65.14426748629594 39.07537544410795 37.76917780924545 13.192344354318628 53.82119459959665 27.63213713484223 8.735117682589916 11.119555963876095 66.16414022664613 50.18031904513677 27.702190041907084 71.44122758867678 69.55545670522626 0.0 25.43719676663689 73.53722874999848 16.587049772154536 62.75378442621395 18.805785223290556 35.94120134357646 17.093559964718875 33.435468379657884 27.327243354926647 74.48716847071917 13.775205957177683 20.009315906681348 58.83013331501622 4.395455612283537 38.16562985330405 40.053304172118104 28.19936524587929
29.24367669662391 30.229761733608544 72.09065755581723 6.665417807402478 34.536461902484305 30.314012289684317 33.74595604039147 60.01249223460617 7.948462008525045 68.71292803118082 60.22968564327003 20.819378974567126 28.15620327337393 62.77930644137681 53.31360992696468 57.93371168990399 27.973274460121726 64.63236359227362 40.27248634077764 28.053725245001182 23.95083325535658 62.14128837689339 53.982299047016184 39.40599062011503 76.71866157715806 62.65853723880979 25.43719676663689 0.0 70.71029860349257 34.594187372701676 60.86079353497157 30.30812847527507 14.617954059797473 32.88807117104458 45.62390720075152 2.5738201787007036 72.64196765077098 23.85067151646926 42.01416321693634 68.78092054076545 25.558330518462032 60.753872334636604 61.5981169650406 43.10827276839248
82.45720422472357 50.171460872273386 36.62321322286417 64.05793768811425 90.90477255634573 85.32838133560821 43.15745636319411 17.70968666956494 66.19980159932686 68.15945047236984 64.9929442930012 85.08348729698163 56.23554209640898 8.399445582016652 47.81825019468305 62.54393884579579 86.07424076323103 37.84664423796526 49.88646026062938 65.6965162788018 82.71359332736554 8.729605439864738 25.974369376980018 48.96744818495537 23.399226326446982 12.805288181211987 73.53722874999848 70.71029860349257 0.0 90.11020980351445 10.791740331536513 55.23219755894471 60.10335351114229 58.62154500887462 46.34751466127957 69.0536260351957 3.1793848034094525 59.85801045398744 66.26451823824064 35.44906788948239 77.68843007435011 71.11078956286298 67.66227771968965 52.28695703983451
7.685848770184145 39.949529797522594 76.31852180103803 38.04471643449838 1.1724573373566085 5.014172442077435 46.95435874048302 74.6312438093348 31.439530322069704 56.27260294565636 48.900303768735306 15.38784124013071 33.91983021658077 81.72029779841922 53.05257713529248 48.07879226417608 6.64912248307295 68.40982738122824 43.0206312867077 24.68015449161864 10.659396608004064 82.74814769302647 66.42983842263114 43.335527669378905 87.11970358517588 86.03830477035135 16.587049772154536 34.594187372701676 90.11020980351445 0.0 79.32321735978762 35.127631860466224 48.027128287316906 32.65084272548096 48.5427713648103 37.05416780971233 91.0233680571161 30.348293274958113 31.117394687116143 73.54594114123897 12.633166120536126 45.65510746081694 48.70958923614046 42.76230736589324
71.67353823851002 39.381073517062646 31.686203822761794 54.25545594373179 80.12157578721079 74.54916732798944 32.37405996179161 9.087059594980005 55.954587361561686 59.89573365818326 55.9328319295341 74.52353475251635 45.44387229427572 2.4917163039583192 38.478541071926344 53.3437668497245 75.33005894902583 30.816184096426234 39.36893162995467 54.90715137358718 72.00631956312336 5.82194282801677 16.15845835852624 38.39239891023389 22.83428265576831 13.49256134348062 62.75378442621395 60.86079353497157 10.791740331536513 79.32321735978762 0.0 44.44708197499375 51.169076733897 47.88453835627757 36.17313333746953 59.3468595472062 11.971768391595788 49.090503721369075 55.815960581836194 29.68917797076171 66.91587202167705 61.837822585953845 58.62530102636611 41.963188842995685
27.6033005876977 5.597959742984504 44.34864901004664 26.66513230114893 36.00391595297826 30.550374116275574 12.490765174488512 39.5081620639696 22.39629785832275 39.30406279560723 30.99666489418465 33.60307530681583 2.177713268331205 46.88690347159814 23.322720195528532 28.42222719063172 31.91837690665357 36.44850505042619 10.339806804366651 10.490307357804008 29.246896324383954 48.27960780574458 31.37689877245052 9.838114682172423 52.82812392790151 52.467229355960725 18.805785223290556 30.30812847527507 55.23219755894471 35.127631860466224 44.44708197499375 0.0 33.00850935909379 4.794239431131459 16.144556673822336 30.734053099629893 55.99732464260265 7.031080677245826 16.367316559147966 41.20551178962966 23.163951244910578 32.97573227595142 32.79542033468239 12.805263100515496
41.7916595717405 30.382745512264467 68.21477720874071 10.005211078130603 48.12962301768566 43.38485417606117 30.73814765021024 52.221974791478225 16.877000016962345 72.15241435514024 63.95002253934049 35.21877573135513 31.24404687333486 52.75141748271835 53.22529577882315 61.3051882166076 41.57105251095119 61.527339409244775 41.062394757822055 35.31245532393892 37.43065259897481 51.37706669009478 47.80652044726315 39.83508259181565 69.81757869223735 50.63517770900922 35.94120134357646 14.617954059797473 60.10335351114229 48.027128287316906 51.169076733897 33.00850935909379 0.0 37.04076088772594 45.26617250192063 12.090524183436115 62.401329749057325 28.65438269753343 48.0722142616813 64.90019282164717 37.39128588158223 65.8849298665097 65.80059877049338 44.70637456576919
25.41878517325829 10.190034247063354 44.76309967939387 29.9772579939871 33.61435679474839 28.38523180482301 16.693499894500203 42.32706425506113 24.950482875156144 35.92136689201989 27.478780205264744 33.212267082528186 5.9139038230175585 50.35386083357845 22.459117191320207 25.08348926692234 30.243329018763813 36.78725592186425 10.542720260378076 8.362279791317608 28.089924064261837 51.99896601570981 33.96621084412013 10.705753009258084 54.52933574064378 56.53105007332342 17.093559964718875 32.88807117104458 58.62154500887462 32.65084272548096 47.88453835627757 4.794239431131459 37.04076088772594 0.0 16.350934023122775 33.62377313910969 59.19763676253247 9.063565295172603 11.621674777950382 41.76111667386834 21.469505700346836 28.85998701519883 29.058617580334946 11.46497624273839
41.57036323403153 15.495976906753107 28.444955024155146 41.04994257045644 49.56382609672404 44.52048444258445 15.151352215975317 28.88176974033978 37.90661613290785 29.207760034867828 22.467071045978948 49.38446354507081 18.262951349733708 38.64286583542515 7.963995105932563 19.572026224437487 46.548319619483564 20.480165986587668 5.907395501112444 24.711509402021964 44.43655168069389 41.24068623838799 20.405635550571887 6.338624163598616 38.70575713909854 47.27154195860398 33.435468379657884 45.62390720075152 46.34751466127957 48.5427713648103 36.17313333746953 16.144556673822336 45.26617250192063 16.350934023122775 0.0 45.66323825715883 46.29118270086261 23.171827954674328 20.26040028804657 25.414131126355443 37.798936929971696 27.242779847847643 25.01857191916256 6.181580231165794
31.54574956696802 30.18320933657847 71.63669228291982 5.205439923989184 37.01990715320143 32.70923832676964 33.19480408805721 58.83068548471632 8.84380377143612 69.536328433636 61.07423049539059 23.389980409152464 28.61886355103471 61.21059382352586 53.45044623211137 58.70725121362166 30.448778958707443 64.28936406726507 40.47120079477887 29.3262076913407 26.399262700650578 60.43875501125267 53.05657025951495 39.53132689706022 75.74143554458996 60.72598609525191 27.327243354926647 2.5738201787007036 69.0536260351957 37.05416780971233 59.3468595472062 30.734053099629893 12.090524183436115 33.62377313910969 45.66323825715883 0.0 71.05575515204421 24.560765975640916 43.18793172126892 68.31589691325755 27.710873543622597 61.84985863049904 62.53297242303056 43.47756211788484
83.39997682346774 51.08328909792917 34.627647980785554 66.00950710912586 91.84630622494652 86.29634598255761 44.14402667007739 17.414439209466625 67.88803748497912 66.98720501029217 64.18423874993849 86.48769504204607 57.10491267886511 9.871770919439085 47.23121573554185 61.813959740066856 87.16967936737036 36.427436189659424 50.134564748078034 66.4856280975158 83.89635744451162 11.256891293773291 25.898268116272817 49.28944987894715 20.723629765736714 15.967149526435273 74.48716847071917 72.64196765077098 3.1793848034094525 91.0233680571161 11.971768391595788 55.99732464260265 62.401329749057325 59.19763676253247 46.29118270086261 71.05575515204421 0.0 60.89523870381737 66.38839030997276 33.68410021605948 78.69254106109234 70.39114517880488 66.8334181614886 52.328835209859555
22.665312671234773 10.018333209380213 51.2841817478379 21.01734149355563 31.094433176340385 25.494927726365134 16.75532339729388 45.012651890644655 15.904834311090152 44.9787482714048 36.52531840909781 26.960431617880175 4.921962195564735 51.45933007094439 30.301976745829116 34.14682872225263 26.288558424643234 43.413340949478005 17.366565418604594 7.691698330143535 23.19359053069223 52.40250168550245 37.210107158998824 16.852567821496354 59.19543358523597 55.81525912251546 13.775205957177683 23.85067151646926 59.85801045398744 30.348293274958113 49.090503721369075 7.031080677245826 28.65438269753343 9.063565295172603 23.171827954674328 24.560765975640916 60.89523870381737 0.0 19.430475418368168 48.112711629383874 17.83415540026454 37.62350833963788 38.04660833263055 19.59823466404649
25.522112035375145 21.41471948716549 45.91701838596999 40.2094078677082 32.25386488498946 28.167857492611354 27.10359464021431 49.02419956413797 34.3442358691147 27.715126954127616 19.390837761512763 36.887777204017304 17.469789445540567 58.306814668131324 22.632408656698995 17.81641909619643 31.137702668484046 38.20758988194131 16.477070486325953 14.001542315222782 30.48103508174932 60.50873060351064 40.503915107852194 17.570314034773407 58.33936259230748 65.810395436496 20.009315906681348 42.01416321693634 66.26451823824064 31.117394687116143 55.815960581836194 16.367316559147966 48.0722142616813 11.621674777950382 20.26040028804657 43.18793172126892 66.38839030997276 19.430475418368168 0.0 43.39376191754424 23.484002261911513 18.784561300515815 20.16060675921257 14.105745364554538
66.80687974995693 39.07102150323083 3.3299388183131136 63.28243279686256 74.60664779169623 69.73353942666137 35.12827043733698 20.88347725664164 61.562670555850524 34.55206097080584 33.837206502071865 74.72605686321172 43.20898845694337 31.28774904373406 20.761353806139432 32.154703447118926 71.89796355576095 5.186185495981492 31.287749043733943 50.1172620194528 69.84988640431868 35.39829414699619 18.78408391988587 31.4500896834506 16.8460401663488 43.1623855046949 58.83013331501622 68.78092054076545 35.44906788948239 73.54594114123897 29.68917797076171 41.20551178962966 64.90019282164717 41.76111667386834 25.414131126355443 68.31589691325755 33.68410021605948 48.112711629383874 43.39376191754424 0.0 63.179148673047855 40.30166794340602 36.22134652554001 30.82399039701456
5.012029859344974 27.637546282651407 66.13068870229247 27.455552555070867 13.302436619433468 7.685848770184145 34.55295191934033 62.56656203775503 20.516291299570018 50.89564829784157 42.76171349221902 13.483213823221602 21.72733628691414 69.29048784767328 43.31215261982648 41.299327288251106 8.796894195873783 58.154761826172276 32.01152777214358 13.120028164903362 7.03511003586994 70.21444422843616 54.52586079820058 32.09468117733287 75.83570941441778 73.41269644918705 4.395455612283537 25.558330518462032 77.68843007435011 12.633166120536126 66.91587202167705 23.163951244910578 37.39128588158223 21.469505700346836 37.798936929971696 27.710873543622597 78.69254106109234 17.83415540026454 23.484002261911513 63.179148673047855 0.0 41.04796923646342 43.23001062850549 32.489739427527745
41.886754612213196 36.73275143603044 41.67685504350025 58.62765986732794 46.82522842241632 44.04803839385545 40.324504621255734 53.45444109445651 53.013140448450685 10.79092880770737 6.465295150993371 54.49974042133992 34.647654681955366 64.19944787612955 23.36564909632936 8.57721178193757 47.50709539964878 35.700332837245334 27.570428908907818 32.78441190639457 47.750851251236575 67.31863519545406 45.688490473510285 29.02502505984621 57.06802333786384 73.90459999952816 38.16562985330405 60.753872334636604 71.11078956286298 45.65510746081694 61.837822585953845 32.97573227595142 65.8849298665097 28.85998701519883 27.242779847847643 61.84985863049904 70.39114517880488 37.62350833963788 18.784561300515815 40.30166794340602 41.04796923646342 0.0 4.271515165573776 23.561737258978564
44.475857360430034 36.015360651881224 37.50996420314817 59.032492347535914 49.88204635635305 46.78436587348203 38.922377468676544 50.081111595398504 53.74573400096991 7.6782234501036575 2.69488451364674 56.712855131322975 34.63016066801888 60.94832740277496 20.217497768218948 5.47824092499439 50.13383722781019 31.717214043070616 26.202185634074905 33.94629874540692 50.082060651395324 64.18974479590935 42.530594924157775 27.645742235550966 53.02800688523551 70.94990624278171 40.053304172118104 61.5981169650406 67.66227771968965 48.70958923614046 58.62530102636611 32.79542033468239 65.80059877049338 29.058617580334946 25.01857191916256 62.53297242303056 66.8334181614886 38.04660833263055 20.16060675921257 36.22134652554001 43.23001062850549 4.271515165573776 0.0 22.16681391926685
35.988272257787834 14.34367396118281 33.69114616011736 39.24115535126743 43.80999225969529 38.9107054315242 16.797082457256245 34.94190207238554 35.2014796796781 27.678635153447633 19.908764866633373 44.637366055524055 14.97073982451458 44.447030557396765 10.995309566575449 17.073376189162 41.140282934687235 25.73082766740151 4.03878545075944 19.606789125300452 39.303820068731596 46.858046849926126 26.431533248514594 5.489317348626258 44.747298890626446 52.574341002977135 28.19936524587929 43.10827276839248 52.28695703983451 42.76230736589324 41.963188842995685 12.805263100515496 44.70637456576919 11.46497624273839 6.181580231165794 43.47756211788484 52.328835209859555 19.59823466404649 14.105745364554538 30.82399039701456 32.489739427527745 23.561737258978564 22.16681391926685 0.0
