0.0 38.69841516948837 67.94617994691848 82.50133797922632 43.256481297604594 58.078382093256444 75.8378555495869 26.7075497749313 53.31105473585458 83.34678459780119 78.56673483963016 63.69759926273786 13.880176495239825 55.294389741411734 41.487215829604196 90.28702815156258 42.216120273416 20.417796420919714 34.05247135125665 30.901465775399398 27.098175786271412 43.294038344420905 28.56335219830082 81.79479393903827 32.210970314058756 56.9565801634155 79.17298512307772 60.23850687612416 47.70719393915157 79.02571151831361 87.05586945901808 61.00607713090953 11.81220149087166 36.314796689575466 40.37327196673407 90.23834685379794 42.416699994439256 36.30980979584699 38.71211388763417 50.3032169681251 95.61548774047807 55.06869062574402 64.12697326825699 85.36046860825884 61.280129767725704
38.69841516948837 0.0 31.3223031826597 48.67747753880579 35.120066741288 20.197477136719655 38.00163297121394 12.324077611577238 14.744559490134566 45.18108889490077 41.55516943936765 27.03684369910677 52.135869703972816 16.946622836042643 12.790624452190222 51.64559353573627 6.2591955475004575 53.72364171671335 10.040904159628104 15.294831682121629 31.266499519277687 6.873138664411943 17.628998059742763 50.0568296350744 34.806683188619054 19.329449503403414 40.52442522603654 22.066065567830396 13.787255429150129 40.667982453971284 50.64029925733145 24.19246953511286 50.22001849485369 10.971436761508318 3.1295980560224055 51.84116885787057 12.90014711836641 48.05027522339449 11.4588956101623 14.408811141026183 59.247020293203924 17.253133684511017 25.88154922571656 47.86411619313214 23.302760644128345
67.94617994691848 31.3223031826597 0.0 46.38339876325926 42.94755131306471 23.38372575839507 9.367735901187608 41.61098336443733 21.496844807056352 29.816616850636873 10.6298938896938 4.312776842809654 81.79325176629241 21.925648454219544 26.92291875165622 26.324596229944248 31.692164999711135 78.88966718972797 33.918184057399785 37.795712561098306 50.596811407044605 25.174532392110006 40.535380559707946 51.31620562100629 50.79120492135125 24.525934677773265 17.46920961446541 10.866965127667074 33.02820190391109 25.456767136547477 19.36420437608523 7.140139894599222 79.75232715920546 40.22708425797902 31.353291651743945 24.330294106208154 37.79426510862512 63.33499101562824 29.507077527197072 29.76238147284362 27.987854652533013 14.280385050657607 21.111177149378996 17.59806234318455 9.314251049443106
82.50133797922632 48.67747753880579 46.38339876325926 0.0 80.4714986227511 30.22499276993801 41.718780512844646 59.86636758766342 36.60788738495553 21.19756001762019 47.05279432866807 45.88943091665606 93.75610045411317 34.0318869075434 57.02343622466864 36.73615389222359 42.88547862911073 100.64465501772656 58.35775155144217 63.78516568872617 79.8632655459016 49.21234397734499 66.26457655791208 6.488458199836525 82.96806927968456 30.464148451203663 33.41189246930297 40.0775414567657 35.80129490031178 23.036821781410993 53.33031568303957 45.37435785214127 92.29770190629048 46.456249670164325 45.766605972114235 41.12273634137504 40.30973724595253 96.41010155486799 57.60968807026953 34.307896397047266 58.15784862465947 42.98793672195373 27.44426110850694 46.77149129107498 40.8625843995411
43.256481297604594 35.120066741288 42.94755131306471 80.4714986227511 0.0 50.26093378892262 52.301177804818025 30.969931630371654 43.911984078141465 70.20154955610084 51.964029642056985 40.17325872058004 55.36571375801268 46.46451475852633 23.73896949931701 69.27075275188226 41.26297988283147 43.6799458824799 25.61392454048082 21.799680078442506 16.25077023727091 31.871173308724835 21.28835629249987 83.14610565060441 12.09221216733802 50.129451104042104 59.85227143936754 42.36385070347697 48.568018815502384 65.38374651008097 57.59909261933007 38.85357485512185 53.28337356021069 44.1824553040772 38.187057180762075 67.00709423686989 47.85714643196754 21.172184113364107 23.917990516882174 48.205046267889976 64.9866570347503 38.13110662934541 53.615735410313526 58.97624387312821 42.2755899019066
58.078382093256444 20.197477136719655 23.38372575839507 30.22499276993801 50.26093378892262 0.0 25.13267618312499 32.42521842121896 6.398786436433287 25.268722356808986 30.349550422898055 20.630289116963606 71.00169145689617 3.80981272549079 26.82791647034279 34.25159734447646 15.867358121450325 73.90476266434466 28.96652338414311 34.394540670603064 50.405041394433766 19.202829463702106 37.05834706207986 33.09527842920145 53.08679508636878 1.4226131961577468 23.604496877188463 13.123418133865494 12.236610507558096 21.015839415543823 39.499834239967115 18.78629845042739 69.2094793502865 23.066418418508047 17.891207084199134 35.700485301392234 18.17407637182703 66.57847256576036 27.581622536448673 8.738848146317984 47.420313097064465 13.769098732850187 6.212606613827944 34.70256560674626 14.536132776571002
75.8378555495869 38.00163297121394 9.367735901187608 41.718780512844646 52.301177804818025 25.13267618312499 0.0 49.20479777312888 25.61458586654719 22.723938926367747 5.658613033746736 12.815239231059579 89.59289166750922 25.08907118629257 35.55979492701936 16.973260270699292 37.071732349677426 87.69149368224875 42.07557673451081 46.337351781757576 59.721786644359305 32.57230963483625 49.133198827902184 47.32202437267143 60.085014843123275 26.50478365624318 9.322462008289094 15.953774237950109 36.617088550309084 19.090315370387383 14.392045721389087 15.13418692956239 87.59373022383893 45.56203264969935 37.410196347917854 15.083255900338571 42.082605005452216 72.69294160818728 37.985315008225186 33.096797436101234 22.359841889261553 20.8632240869677 20.70873425353364 9.977498202262364 14.705732751284934
26.7075497749313 12.324077611577238 41.61098336443733 59.86636758766342 30.969931630371654 32.42521842121896 49.20479777312888 0.0 27.0643799779763 57.4997899904194 52.170820269796515 37.315008993021074 40.39362942091732 29.261320203003805 16.55062826534788 63.62230078873634 17.125293477087876 41.49875647976621 8.740327614095353 9.409727056910436 21.97151906026924 16.632539664231974 9.762123553331971 60.56261306146201 26.682826975199788 31.47854872873198 52.52043144010162 33.53368540029757 24.087389827014977 52.9917980151528 60.90872529377358 34.55624758092593 38.4081318360494 15.075089476251334 14.586307594016079 63.53145806554691 20.51685569990613 38.91444023971563 13.745084955279438 25.753075188729607 69.52213296146753 28.383732498190938 38.19561314468052 58.83597541421485 34.593335067099765
53.31105473585458 14.744559490134566 21.496844807056352 36.60788738495553 43.911984078141465 6.398786436433287 25.61458586654719 27.0643799779763 0.0 30.488474975128273 30.189920740812752 17.91288975080949 66.56454299222696 2.5950854428991788 20.429860764299516 37.436075127607765 11.802081593633519 68.34311575962995 22.839131902806635 28.229214114278637 44.163318541954204 12.866255547908805 30.94407651109529 39.31087604626766 46.733102611733514 6.239850687594246 26.37410187626362 10.63702965928163 11.5314490388871 25.932598294709486 39.51862137805577 15.491214142695286 64.69833200652171 20.073212566112833 12.983893021329221 38.14222321866433 16.550189614110643 60.22811075673984 21.214842247721666 8.349323277448258 47.854693251789236 8.91181309738776 11.25885239692901 35.56532990393236 12.187876216068961
83.34678459780119 45.18108889490077 29.816616850636873 21.19756001762019 70.20154955610084 25.268722356808986 22.723938926367747 57.4997899904194 30.488474975128273 0.0 27.38824730383385 30.94857604783922 96.20324327067807 28.23883579419047 48.94259596110149 15.730431380823365 41.13235854401478 98.82974623401937 53.00349793567426 58.24773250574608 73.75473601460497 42.695886812701964 61.045074726860335 27.547060895815623 75.5502191001002 26.4063101941771 13.498008111280189 27.90081612328831 36.454424450562804 4.839596527092439 32.521129552346046 31.60716233630145 94.43491984863171 47.895717351709955 43.09169092672147 19.953848534281665 42.36610034359733 88.90836944784596 50.50283670755034 33.370632371472716 36.96747650433425 32.59897838993595 19.30696241430743 25.9222752930477 27.9262255907298
78.56673483963016 41.55516943936765 10.6298938896938 47.05279432866807 51.964029642056985 30.349550422898055 5.658613033746736 52.170820269796515 30.189920740812752 27.38824730383385 0.0 14.87363590867441 92.40736249343585 29.953849040023144 37.51494279114633 18.61400301287825 41.27455798477378 89.34920412778884 44.54673900784458 48.39302437759656 60.80156687614128 35.6439194214579 51.116076994812175 52.77110235063871 60.64038929803165 31.687781324097312 13.926289846910137 19.926251100516733 41.47007206223095 24.175088754900617 9.329253911973112 17.614999012121793 90.37039594432309 49.82654118122 41.298015101055164 15.349941121814906 46.73976232572026 72.79243010903703 40.12407051942555 37.99930096194926 17.78266495196618 24.3116378863758 26.2312149518683 7.149860167447401 18.493971550046467
63.69759926273786 27.03684369910677 4.312776842809654 45.88943091665606 40.17325872058004 20.630289116963606 12.815239231059579 37.315008993021074 17.91288975080949 30.94857604783922 14.87363590867441 0.0 77.5345884618434 18.673942703396264 22.856726322366313 29.436627825727975 27.606209701478228 74.94184283082802 29.698048771362505 33.70100151179479 46.91266100741687 20.861818227562672 36.467403000197855 50.4331274431434 47.38976434187268 21.637833814240423 19.6823523020585 7.558201009844601 29.396024927380395 26.32410356218421 23.676489235978806 2.845226392315494 75.49927840572687 36.10917764687709 27.144509551429895 27.894820594210618 33.92250860166635 60.170014350707405 25.376308960064286 26.25653009943997 32.30035550717523 10.131704524458979 19.396425125973693 21.723743729972718 6.095292179000015
13.880176495239825 52.135869703972816 81.79325176629241 93.75610045411317 55.36571375801268 71.00169145689617 89.59289166750922 40.39362942091732 66.56454299222696 96.20324327067807 92.40736249343585 77.5345884618434 0.0 68.42364208612707 55.36571375801269 103.78104673171633 55.16783284374343 20.14742872394313 47.920801879040944 44.74456989887014 39.14890108363124 57.02267203325465 42.3487607095419 92.42446905830812 43.64241319116968 69.81283628587364 92.65981804923968 73.90322346405927 60.04727497986224 92.01561873499853 100.9286669918264 74.82760826835028 2.1339197942352057 48.516358356541154 53.58078550544112 103.87754634873049 54.43388245266691 44.420790392685646 52.592263338950744 62.89696830062835 109.49230160909602 68.77592397910627 77.13824674596333 99.16962034793214 74.9839598372199
55.294389741411734 16.946622836042643 21.925648454219544 34.0318869075434 46.46451475852633 3.80981272549079 25.08907118629257 29.261320203003805 2.5950854428991788 28.23883579419047 29.953849040023144 18.673942703396264 68.42364208612707 0.0 23.019264374421294 35.925658832400075 13.336086506593714 70.64690596838976 25.345022631611688 30.752168649656806 46.7167836679643 15.446377418109664 33.44874945021913 36.818271914429786 49.321513000856925 3.8105258173547076 24.97098774651381 11.150302501157283 11.534241818521886 23.771384449828467 39.248657953559395 16.489649847368238 66.58602909596807 21.226377535013505 14.925059999846479 36.91371129052756 17.07135835388872 62.815915317917884 23.805598884562862 8.045566152763614 47.43879662184145 10.594547014313115 8.935056030193719 34.94239562607766 12.680587112589386
41.487215829604196 12.790624452190222 26.92291875165622 57.02343622466864 23.73896949931701 26.82791647034279 35.55979492701936 16.55062826534788 20.429860764299516 48.94259596110149 37.51494279114633 22.856726322366313 55.36571375801269 23.019264374421294 0.0 51.540191659803114 18.320697095224357 52.13633594132048 7.8493248498708095 10.878525002804839 24.930342883423016 8.153112537505638 13.615297187512525 59.46575369855976 26.67609339068033 26.56759098427518 40.86255079303659 21.56800512794476 25.21121083764408 44.12418257917836 45.68013408604029 20.42764979548766 53.28337356021071 23.497906599846647 15.487046389498145 50.5414371524294 25.566879697361472 40.12932906372369 2.845226392315494 24.53861481604725 54.19139878127148 16.456218347735625 30.8668138779136 44.51935900363795 22.085253725542813
90.28702815156258 51.64559353573627 26.324596229944248 36.73615389222359 69.27075275188226 34.25159734447646 16.973260270699292 63.62230078873634 37.436075127607765 15.730431380823365 18.61400301287825 29.436627825727975 103.78104673171633 35.925658832400075 51.540191659803114 0.0 49.190276319656306 103.51177390465202 57.365661345930846 62.043841158001506 76.16599908162496 47.28472565249238 64.88109002658784 43.163483259758955 76.82161623184513 35.641790568892446 11.121228715642387 30.353395429864193 46.46961391115127 16.08396758902254 19.618042315144496 31.3733232650971 101.86355872706385 57.11337506953514 50.33690645321649 4.822840931386781 52.42509941154066 89.57306239085248 53.73993346578366 42.990432209723345 22.000956793207497 35.63479826473072 28.18146052215176 13.6143168539547 29.568817871244693
42.216120273416 6.2591955475004575 31.692164999711135 42.88547862911073 41.26297988283147 15.867358121450325 37.071732349677426 17.125293477087876 11.802081593633519 41.13235854401478 41.27455798477378 27.606209701478228 55.16783284374343 13.336086506593714 18.320697095224357 49.190276319656306 0.0 58.517285499917406 16.29100413401082 21.478736380382383 37.33406079595238 10.846059691829558 23.703488325295528 43.994048999116444 41.015396046504286 14.744559490134622 38.1579748826516 21.348322500838904 7.543918121088725 36.859350727219805 50.56393944591342 24.827640257363086 53.35921266811066 8.558650700657681 3.129598056022494 49.94191786841059 7.521208473361669 54.19726870541573 17.420887615859012 8.635087186961902 59.05150501588419 17.47769445951496 21.971514261146762 47.04910657059996 22.79599656713826
20.417796420919714 53.72364171671335 78.88966718972797 100.64465501772656 43.6799458824799 73.90476266434466 87.69149368224875 41.49875647976621 68.34311575962995 98.82974623401937 89.34920412778884 74.94184283082802 20.14742872394313 70.64690596838976 52.13633594132048 103.51177390465202 58.517285499917406 0.0 46.24932836221778 41.47134407027287 29.30500078899859 56.53518062381055 38.6388167113141 100.55885136754439 31.699957548301796 72.97586028673611 92.62580333255936 73.2026261813525 65.00711068594109 94.2279354518265 96.89376160069243 72.56297747599876 19.09895194813383 54.23105494277886 56.08351925483497 102.67249193545511 60.35965485863939 27.38210217035144 49.79991762281193 67.07394716694277 105.10625398304695 67.92453413151954 79.57105653066894 96.44861587071848 73.94296547602777
34.05247135125665 10.040904159628104 33.918184057399785 58.35775155144217 25.61392454048082 28.96652338414311 42.07557673451081 8.740327614095353 22.839131902806635 53.00349793567426 44.54673900784458 29.698048771362505 47.920801879040944 25.345022631611688 7.8493248498708095 57.365661345930846 16.29100413401082 46.24932836221778 0.0 5.445313587920352 21.526834880478884 10.34041451151604 8.10508982419442 59.98203779856924 24.79965742193174 28.33522704285483 46.40884588750167 27.013180095109963 23.827410549021955 48.29307190106371 53.00880601459942 27.061012439377865 45.86439880284662 18.642460189889054 13.164804345571067 56.8076844437652 22.33560269798257 38.12104890783182 5.01829590609575 24.289242077039514 61.58015771976838 21.731010228733968 34.03456945210202 51.410156838036656 27.8441694529258
30.901465775399398 15.294831682121629 37.795712561098306 63.78516568872617 21.799680078442506 34.394540670603064 46.337351781757576 9.409727056910436 28.229214114278637 58.24773250574608 48.39302437759656 33.70100151179479 44.74456989887014 30.752168649656806 10.878525002804839 62.043841158001506 21.478736380382383 41.47134407027287 5.445313587920352 0.0 16.085423489045304 15.558445374142183 2.843779622427039 65.3364796407687 19.540949371311033 33.77643795998085 51.19574631304763 31.770799840559956 29.019328024088935 53.50751624844795 56.51578482700978 31.209626022834026 42.642484795082204 22.666883971258518 18.380211318952448 61.24657000457368 27.027429562144878 32.75880494654997 8.353757671255668 29.65244108662178 64.99716435891027 26.507243038429536 39.384892649520644 55.38888880213185 32.47653382211294
27.098175786271412 31.266499519277687 50.596811407044605 79.8632655459016 16.25077023727091 50.405041394433766 59.721786644359305 21.97151906026924 44.163318541954204 73.75473601460497 60.80156687614128 46.91266100741687 39.14890108363124 46.7167836679643 24.930342883423016 76.16599908162496 37.33406079595238 29.30500078899859 21.526834880478884 16.085423489045304 0.0 31.337462620936787 13.64022726590775 81.31055122578171 5.649457972552171 49.827558352516064 65.67635348863867 46.4858301574421 44.8247525118719 68.95830799803122 67.93288863213876 44.80222422536429 37.057081985273655 37.014627152244216 34.291345438181736 74.80488023048743 42.16354240470761 17.00183539908471 23.25640373991414 45.67082848655745 76.01278317376192 41.38365071276554 55.200496908202744 67.94779942518218 46.94002172351992
43.294038344420905 6.873138664411943 25.174532392110006 49.21234397734499 31.871173308724835 19.202829463702106 32.57230963483625 16.632539664231974 12.866255547908805 42.695886812701964 35.6439194214579 20.861818227562672 57.02267203325465 15.446377418109664 8.153112537505638 47.28472565249238 10.846059691829558 56.53518062381055 10.34041451151604 15.558445374142183 31.337462620936787 0.0 18.349205875189618 51.442601470473605 33.88407095502055 18.779913530479295 36.252036192542555 16.995260421872253 17.225262193463163 37.96879543149074 44.53618108138121 18.053705853403887 55.02932579286971 17.644464917814364 8.524152290022759 46.98292613153606 18.349205875189476 47.37576367487223 8.400712500752187 16.389835834627444 53.160458069899285 11.779402641710314 23.87431468886859 42.22839824984205 17.989459204588133
28.56335219830082 17.628998059742763 40.535380559707946 66.26457655791208 21.28835629249987 37.05834706207986 49.133198827902184 9.762123553331971 30.94407651109529 61.045074726860335 51.116076994812175 36.467403000197855 42.3487607095419 33.44874945021913 13.615297187512525 64.88109002658784 23.703488325295528 38.6388167113141 8.10508982419442 2.843779622427039 13.64022726590775 18.349205875189618 0.0 67.67077511915316 17.54941298779466 36.40273406526154 54.03862572795662 34.61407807322869 31.210859322925867 56.31334382729219 59.15739516054792 34.000883828152936 40.234860398887726 24.09246633740589 20.65214254995192 64.06123197645688 28.831132338295717 30.513915548152518 11.1665469280548 32.036447596069195 67.60999008944881 29.351000882966794 42.13155212514435 58.1329404926905 35.31518128943023
81.79479393903827 50.0568296350744 51.31620562100629 6.488458199836525 83.14610565060441 33.09527842920145 47.32202437267143 60.56261306146201 39.31087604626766 27.547060895815623 52.77110235063871 50.4331274431434 92.42446905830812 36.818271914429786 59.46575369855976 43.163483259758955 43.994048999116444 100.55885136754439 59.98203779856924 65.3364796407687 81.31055122578171 51.442601470473605 67.67077511915316 0.0 84.76671161340855 33.07110068158762 39.34833419838125 44.13439171804602 36.58422642017055 29.039734520547785 59.39172825352526 49.64210773899927 91.07673981354719 46.410761686889124 47.01933542202287 47.49872782372584 40.361287701740395 98.09326482732367 59.76019614307436 35.69282939395221 64.45350417448803 46.488356703950835 31.362794106389266 52.87005108676504 45.071435080355386
32.210970314058756 34.806683188619054 50.79120492135125 82.96806927968456 12.09221216733802 53.08679508636878 60.085014843123275 26.682826975199788 46.733102611733514 75.5502191001002 60.64038929803165 47.38976434187268 43.64241319116968 49.321513000856925 26.67609339068033 76.82161623184513 41.015396046504286 31.699957548301796 24.79965742193174 19.540949371311033 5.649457972552171 33.88407095502055 17.54941298779466 84.76671161340855 0.0 52.63654588272717 66.65443711633094 47.85612017065961 48.55794555273621 70.71915103289 67.21576060164539 45.526826616396086 41.59354819610672 41.538753628636634 37.908796398272315 75.12058051774369 46.38032999784468 13.495836648363928 25.521298338778518 49.079061432699994 75.03534837304369 42.95923997764804 57.49036632601093 67.77898377169842 48.135005437567195
56.9565801634155 19.329449503403414 24.525934677773265 30.464148451203663 50.129451104042104 1.4226131961577468 26.50478365624318 31.47854872873198 6.239850687594246 26.4063101941771 31.687781324097312 21.637833814240423 69.81283628587364 3.8105258173547076 26.56759098427518 35.641790568892446 14.744559490134622 72.97586028673611 28.33522704285483 33.77643795998085 49.827558352516064 18.779913530479295 36.40273406526154 33.07110068158762 52.63654588272717 0.0 25.01968896989583 14.09157289182329 10.8330395580487 22.233617085008813 40.860465190331645 19.682905767808702 68.03392645611358 21.757719795026475 16.904164113792316 37.11796916171251 16.784833305640916 66.11710679814566 27.179966163274816 7.355726791846834 48.80883001223888 14.27660198123221 7.537462905524119 36.10333243966534 15.546706747016312
79.17298512307772 40.52442522603654 17.46920961446541 33.41189246930297 59.85227143936754 23.604496877188463 9.322462008289094 52.52043144010162 26.37410187626362 13.498008111280189 13.926289846910137 19.6823523020585 92.65981804923968 24.97098774651381 40.86255079303659 11.121228715642387 38.1579748826516 92.62580333255936 46.40884588750167 51.19574631304763 65.67635348863867 36.252036192542555 54.03862572795662 39.34833419838125 66.65443711633094 25.01968896989583 0.0 19.426582180403543 35.831505438452844 10.381706024459556 20.118862841897265 21.17416637958184 90.7428561326498 46.1965255700416 39.23559971165512 12.10803051917281 41.72389520790722 79.65288523971071 42.94685193380708 32.30400593018237 26.199630200569764 24.701480850713637 17.782664951967593 13.744094713154121 18.77928279724566
60.23850687612416 22.066065567830396 10.866965127667074 40.0775414567657 42.36385070347697 13.123418133865494 15.953774237950109 33.53368540029757 10.63702965928163 27.90081612328831 19.926251100516733 7.558201009844601 73.90322346405927 11.150302501157283 21.56800512794476 30.353395429864193 21.348322500838904 73.2026261813525 27.013180095109963 31.770799840559956 46.4858301574421 16.995260421872253 34.61407807322869 44.13439171804602 47.85612017065961 14.09157289182329 19.426582180403543 0.0 22.165817482986746 23.06575697026984 29.222786175661522 5.732342979068007 71.9329750924529 29.90100187243536 21.484725854039844 30.001893610600543 27.04918431119285 61.11679708890481 23.546354944742497 18.899239275558212 37.70433232264171 5.282698317677191 12.771611416880127 25.875925101207976 1.5527148780093372
47.70719393915157 13.787255429150129 33.02820190391109 35.80129490031178 48.568018815502384 12.236610507558096 36.617088550309084 24.087389827014977 11.5314490388871 36.454424450562804 41.47007206223095 29.396024927380395 60.04727497986224 11.534241818521886 25.21121083764408 46.46961391115127 7.543918121088725 65.00711068594109 23.827410549021955 29.019328024088935 44.8247525118719 17.225262193463163 31.210859322925867 36.58422642017055 48.55794555273621 10.8330395580487 35.831505438452844 22.165817482986746 0.0 32.61613531671279 50.774876534710536 26.881069719723534 58.36157139742842 11.533090665460444 10.663353332098417 47.916390664191916 5.992604956978662 61.7188662742524 24.65221725681068 3.5565329903929532 58.971145747015335 19.848766907303272 18.31174644228474 46.43939076429281 23.71757191003383
79.02571151831361 40.667982453971284 25.456767136547477 23.036821781410993 65.38374651008097 21.015839415543823 19.090315370387383 52.9917980151528 25.932598294709486 4.839596527092439 24.175088754900617 26.32410356218421 92.01561873499853 23.771384449828467 44.12418257917836 16.08396758902254 36.859350727219805 94.2279354518265 48.29307190106371 53.50751624844795 68.95830799803122 37.96879543149074 56.31334382729219 29.039734520547785 70.71915103289 22.233617085008813 10.381706024459556 23.06575697026984 32.61613531671279 0.0 30.351997612699744 26.866756285946213 90.21712672643393 43.92363740546139 38.68508073594842 19.519706908661224 38.58733649224259 84.07172757336062 45.713159689401934 29.390366860036128 35.74660397946655 27.764097070668218 14.899283634677682 23.840302072880245 23.11300993741191
87.05586945901808 50.64029925733145 19.36420437608523 53.33031568303957 57.59909261933007 39.499834239967115 14.392045721389087 60.90872529377358 39.51862137805577 32.521129552346046 9.329253911973112 23.676489235978806 100.9286669918264 39.248657953559395 45.68013408604029 19.618042315144496 50.56393944591342 96.89376160069243 53.00880601459942 56.51578482700978 67.93288863213876 44.53618108138121 59.15739516054792 59.39172825352526 67.21576060164539 40.860465190331645 20.118862841897265 29.222786175661522 50.774876534710536 30.351997612699744 0.0 26.50003031536 98.86788363904776 59.12039097928845 50.50659382064171 14.972885761295911 56.0681038735107 78.72426714479694 48.39251144690899 47.291346068013326 8.62430043276029 33.4544106697953 35.04195471804316 6.5990219165230375 27.768628539751354
61.00607713090953 24.19246953511286 7.140139894599222 45.37435785214127 38.85357485512185 18.78629845042739 15.13418692956239 34.55624758092593 15.491214142695286 31.60716233630145 17.614999012121793 2.845226392315494 74.82760826835028 16.489649847368238 20.42764979548766 31.3733232650971 24.827640257363086 72.56297747599876 27.061012439377865 31.209626022834026 44.80222422536429 18.053705853403887 34.000883828152936 49.64210773899927 45.526826616396086 19.682905767808702 21.17416637958184 5.732342979068007 26.881069719723534 26.866756285946213 26.50003031536 0.0 72.80001612814604 33.31089247554714 24.31282807693567 30.13134380696327 31.25357023333329 58.47907521135173 22.861002504944043 23.83504077588248 35.12217906116733 7.354065076900917 18.329791233974234 24.359997048671264 4.580035647667786
11.81220149087166 50.22001849485369 79.75232715920546 92.29770190629048 53.28337356021069 69.2094793502865 87.59373022383893 38.4081318360494 64.69833200652171 94.43491984863171 90.37039594432309 75.49927840572687 2.1339197942352057 66.58602909596807 53.28337356021071 101.86355872706385 53.35921266811066 19.09895194813383 45.86439880284662 42.642484795082204 37.057081985273655 55.02932579286971 40.234860398887726 91.07673981354719 41.59354819610672 68.03392645611358 90.7428561326498 71.9329750924529 58.36157139742842 90.21712672643393 98.86788363904776 72.80001612814604 0.0 46.83972314718459 51.717644999085415 101.91827397191516 52.79968790235734 42.65626125831941 50.51578679056722 61.16574485323132 107.4260687895169 66.79149605391021 75.33009112807514 97.14868660284542 73.00143424059202
36.314796689575466 10.971436761508318 40.22708425797902 46.456249670164325 44.1824553040772 23.066418418508047 45.56203264969935 15.075089476251334 20.073212566112833 47.895717351709955 49.82654118122 36.10917764687709 48.516358356541154 21.226377535013505 23.497906599846647 57.11337506953514 8.558650700657681 54.23105494277886 18.642460189889054 22.666883971258518 37.014627152244216 17.644464917814364 24.09246633740589 46.410761686889124 41.538753628636634 21.757719795026475 46.1965255700416 29.90100187243536 11.533090665460444 43.92363740546139 59.12039097928845 33.31089247554714 46.83972314718459 0.0 9.327078790934996 58.12073939729677 6.14935549375924 53.982402170679585 21.712582825063446 14.539245684872453 67.59985237463496 25.978311084933207 29.277846655338063 55.53778556827884 31.353551658109133
40.37327196673407 3.1295980560224055 31.353291651743945 45.766605972114235 38.187057180762075 17.891207084199134 37.410196347917854 14.586307594016079 12.983893021329221 43.09169092672147 41.298015101055164 27.144509551429895 53.58078550544112 14.925059999846479 15.487046389498145 50.33690645321649 3.129598056022494 56.08351925483497 13.164804345571067 18.380211318952448 34.291345438181736 8.524152290022759 20.65214254995192 47.01933542202287 37.908796398272315 16.904164113792316 39.23559971165512 21.484725854039844 10.663353332098417 38.68508073594842 50.50659382064171 24.31282807693567 51.717644999085415 9.327078790934996 0.0 50.80536832702381 10.083828408120977 51.12011833894618 14.408811141026183 11.4588956101623 59.06782267568242 17.08277597988752 23.802434833383096 47.35637902169973 22.838656394938965
90.23834685379794 51.84116885787057 24.330294106208154 41.12273634137504 67.00709423686989 35.700485301392234 15.083255900338571 63.53145806554691 38.14222321866433 19.953848534281665 15.349941121814906 27.894820594210618 103.87754634873049 36.91371129052756 50.5414371524294 4.822840931386781 49.94191786841059 102.67249193545511 56.8076844437652 61.24657000457368 74.80488023048743 46.98292613153606 64.06123197645688 47.49872782372584 75.12058051774369 37.11796916171251 12.10803051917281 30.001893610600543 47.916390664191916 19.519706908661224 14.972885761295911 30.13134380696327 101.91827397191516 58.12073939729677 50.80536832702381 0.0 53.78525270570368 87.6128478360848 52.895718197669034 44.380336360996 17.261463267501586 35.209050113822464 29.88131460827355 9.375641548014785 29.01185688418887
42.416699994439256 12.90014711836641 37.79426510862512 40.30973724595253 47.85714643196754 18.17407637182703 42.082605005452216 20.51685569990613 16.550189614110643 42.36610034359733 46.73976232572026 33.92250860166635 54.43388245266691 17.07135835388872 25.566879697361472 52.42509941154066 7.521208473361669 60.35965485863939 22.33560269798257 27.027429562144878 42.16354240470761 18.349205875189476 28.831132338295717 40.361287701740395 46.38032999784468 16.784833305640916 41.72389520790722 27.04918431119285 5.992604956978662 38.58733649224259 56.0681038735107 31.25357023333329 52.79968790235734 6.14935549375924 10.083828408120977 53.78525270570368 0.0 59.164923768450265 24.358637093319317 9.435751103588549 64.3813581540087 23.96005277336293 24.290342084332107 51.98501758383156 28.57859605475977
36.30980979584699 48.05027522339449 63.33499101562824 96.41010155486799 21.172184113364107 66.57847256576036 72.69294160818728 38.91444023971563 60.22811075673984 88.90836944784596 72.79243010903703 60.170014350707405 44.420790392685646 62.815915317917884 40.12932906372369 89.57306239085248 54.19726870541573 27.38210217035144 38.12104890783182 32.75880494654997 17.00183539908471 47.37576367487223 30.513915548152518 98.09326482732367 13.495836648363928 66.11710679814566 79.65288523971071 61.11679708890481 61.7188662742524 84.07172757336062 78.72426714479694 58.47907521135173 42.65626125831941 53.982402170679585 51.12011833894618 87.6128478360848 59.164923768450265 0.0 39.017113942570475 62.40347367264609 86.15862643038814 56.31056647376695 70.97168539213331 79.87132385767697 61.31939453608886
38.71211388763417 11.4588956101623 29.507077527197072 57.60968807026953 23.917990516882174 27.581622536448673 37.985315008225186 13.745084955279438 21.214842247721666 50.50283670755034 40.12407051942555 25.376308960064286 52.592263338950744 23.805598884562862 2.845226392315494 53.73993346578366 17.420887615859012 49.79991762281193 5.01829590609575 8.353757671255668 23.25640373991414 8.400712500752187 11.1665469280548 59.76019614307436 25.521298338778518 27.179966163274816 42.94685193380708 23.546354944742497 24.65221725681068 45.713159689401934 48.39251144690899 22.861002504944043 50.51578679056722 21.712582825063446 14.408811141026183 52.895718197669034 24.358637093319317 39.017113942570475 0.0 24.382538193983407 56.92511223067008 18.322187343116145 32.03522397772598 47.08549466133279 24.188640109694926
50.3032169681251 14.408811141026183 29.76238147284362 34.307896397047266 48.205046267889976 8.738848146317984 33.096797436101234 25.753075188729607 8.349323277448258 33.370632371472716 37.99930096194926 26.25653009943997 62.89696830062835 8.045566152763614 24.53861481604725 42.990432209723345 8.635087186961902 67.07394716694277 24.289242077039514 29.65244108662178 45.67082848655745 16.389835834627444 32.036447596069195 35.69282939395221 49.079061432699994 7.355726791846834 32.30400593018237 18.899239275558212 3.5565329903929532 29.390366860036128 47.291346068013326 23.83504077588248 61.16574485323132 14.539245684872453 11.4588956101623 44.380336360996 9.435751103588549 62.40347367264609 24.382538193983407 0.0 55.455270971481575 17.033211684962644 14.8815746558976 42.89959811245152 20.451203431061526
95.61548774047807 59.247020293203924 27.987854652533013 58.15784862465947 64.9866570347503 47.420313097064465 22.359841889261553 69.52213296146753 47.854693251789236 36.96747650433425 17.78266495196618 32.30035550717523 109.49230160909602 47.43879662184145 54.19139878127148 22.000956793207497 59.05150501588419 105.10625398304695 61.58015771976838 64.99716435891027 76.01278317376192 53.160458069899285 67.60999008944881 64.45350417448803 75.03534837304369 48.80883001223888 26.199630200569764 37.70433232264171 58.971145747015335 35.74660397946655 8.62430043276029 35.12217906116733 107.4260687895169 67.59985237463496 59.06782267568242 17.261463267501586 64.3813581540087 86.15862643038814 56.92511223067008 55.455270971481575 0.0 42.04016791175607 42.579319431480485 12.84013101228649 36.27663650201265
55.06869062574402 17.253133684511017 14.280385050657607 42.98793672195373 38.13110662934541 13.769098732850187 20.8632240869677 28.383732498190938 8.91181309738776 32.59897838993595 24.3116378863758 10.131704524458979 68.77592397910627 10.594547014313115 16.456218347735625 35.63479826473072 17.47769445951496 67.92453413151954 21.731010228733968 26.507243038429536 41.38365071276554 11.779402641710314 29.351000882966794 46.488356703950835 42.95923997764804 14.27660198123221 24.701480850713637 5.282698317677191 19.848766907303272 27.764097070668218 33.4544106697953 7.354065076900917 66.79149605391021 25.978311084933207 17.08277597988752 35.209050113822464 23.96005277336293 56.31056647376695 18.322187343116145 17.033211684962644 42.04016791175607 0.0 15.637237214810535 30.644590367975134 6.21144148463502
64.12697326825699 25.88154922571656 21.111177149378996 27.44426110850694 53.615735410313526 6.212606613827944 20.70873425353364 38.19561314468052 11.25885239692901 19.30696241430743 26.2312149518683 19.396425125973693 77.13824674596333 8.935056030193719 30.8668138779136 28.18146052215176 21.971514261146762 79.57105653066894 34.03456945210202 39.384892649520644 55.200496908202744 23.87431468886859 42.13155212514435 31.362794106389266 57.49036632601093 7.537462905524119 17.782664951967593 12.771611416880127 18.31174644228474 14.899283634677682 35.04195471804316 18.329791233974234 75.33009112807514 29.277846655338063 23.802434833383096 29.88131460827355 24.290342084332107 70.97168539213331 32.03522397772598 14.8815746558976 42.579319431480485 15.637237214810535 0.0 29.748245911840925 13.749767316781849
85.36046860825884 47.86411619313214 17.59806234318455 46.77149129107498 58.97624387312821 34.70256560674626 9.977498202262364 58.83597541421485 35.56532990393236 25.9222752930477 7.149860167447401 21.723743729972718 99.16962034793214 34.94239562607766 44.51935900363795 13.6143168539547 47.04910657059996 96.44861587071848 51.410156838036656 55.38888880213185 67.94779942518218 42.22839824984205 58.1329404926905 52.87005108676504 67.77898377169842 36.10333243966534 13.744094713154121 25.875925101207976 46.43939076429281 23.840302072880245 6.5990219165230375 24.359997048671264 97.14868660284542 55.53778556827884 47.35637902169973 9.375641548014785 51.98501758383156 79.87132385767697 47.08549466133279 42.89959811245152 12.84013101228649 30.644590367975134 29.748245911840925 0.0 24.570736215486505
61.280129767725704 23.302760644128345 9.314251049443106 40.8625843995411 42.2755899019066 14.536132776571002 14.705732751284934 34.593335067099765 12.187876216068961 27.9262255907298 18.493971550046467 6.095292179000015 74.9839598372199 12.680587112589386 22.085253725542813 29.568817871244693 22.79599656713826 73.94296547602777 27.8441694529258 32.47653382211294 46.94002172351992 17.989459204588133 35.31518128943023 45.071435080355386 48.135005437567195 15.546706747016312 18.77928279724566 1.5527148780093372 23.71757191003383 23.11300993741191 27.768628539751354 4.580035647667786 73.00143424059202 31.353551658109133 22.838656394938965 29.01185688418887 28.57859605475977 61.31939453608886 24.188640109694926 20.451203431061526 36.27663650201265 6.21144148463502 13.749767316781849 24.570736215486505 0.0
