0.0 29.917397774992516 62.66392925683457 69.57716467753922 64.51331151950062 69.7958970040742 25.09984643957167 0.0 81.73144040927424 23.05045519602503 32.37115839369371 85.2508717309607 40.226324551000694 24.80077960664576 25.089296329375255 32.03259408728194 38.732815575106365 40.22357541989907 40.716661017177834 27.036813022848847 3.7199337465544087 40.380585453822 63.21441496884154 33.906032639190656 89.55337672550681 65.7153112423697 27.254642880656128 7.474516260871426 20.23848974016354 55.542229639393746 26.619521544803863 45.416989168825836 70.65845964740011 21.490142642646983 17.470094852277892 13.590563059851188 24.971590962434288 36.87961250703103 37.74557874017083 35.0105855722176 123.44623753445241 95.23528911312417 72.76898076206828 62.57528561934082 70.21955369468607 111.65043470744922 79.51166653640664 50.72692774306493 34.916583736171226 47.53887861929449 106.15711411430816 71.6702161496558 37.4000039469731 7.466867750362041 33.28064511476628 107.93322977831794 74.25208943189642 42.09524460323284 20.62747173784635 38.390385533112415 116.64709771855792 86.32694915617793 60.76962753612571 48.25310195887739 57.953298478607664
29.917397774992516 0.0 32.81901523521749 46.661444581114445 34.61466778157517 40.09769508881168 7.767458255248298 29.917397774992516 51.84707624989383 24.736831289689487 56.36051911148939 55.440427234553304 20.776407040579393 37.67606064640637 8.60225344100085 61.02127234862158 12.368507058771943 11.534654653698654 19.735868722933738 10.642848590576852 28.728627888507805 10.514106927579478 33.30243011143792 12.201281035771943 59.76790631555894 35.94466995646986 2.839708831488795 32.851984720205635 19.72336385127062 28.620404887132963 51.92538165974221 16.10523801126742 40.93215509666165 41.63286704791436 45.42747344442777 39.29910810076473 17.841492588240357 7.178702785659661 16.484535099738128 24.271259091914676 94.04996492918875 67.88171891469933 52.58575246052535 57.59684627837301 79.14754437537735 81.80268771342534 49.73929868358468 25.51782054383175 34.97375748555767 64.73029797186133 78.2728837201739 43.7510389708984 9.824285899562632 25.956384052628486 60.380503889789686 84.55957690397825 54.114938935088176 33.18682823612709 40.85509642404856 68.05693662051347 98.80614520043241 74.27488980119367 60.54459725220902 64.87928278742339 84.54453554392153
62.66392925683457 32.81901523521749 0.0 33.096975427704805 5.1899581614508925 11.786487265391141 38.180123133655435 62.66392925683457 19.08994836831843 51.35131369788966 86.01001401439967 22.624443370478758 36.30305202645026 64.77702798537176 39.53039149998761 93.03076502507375 28.250066885239583 24.573719325050877 34.308844852040984 39.41589262827387 61.188785450019054 22.307466049779077 2.3650503666626204 32.1619250395846 26.96176069291761 8.490548110026939 35.582636566698405 65.54590578164454 48.346502937924626 17.06597844725384 82.45476533804462 17.62864608239846 12.08499001836588 71.03799562825635 77.30460872967988 70.80361439218053 46.18668409270826 25.784559316739145 34.16935550021058 45.81470669679819 61.581781741779956 39.81901364499448 42.1143594104408 66.00387947020045 96.61383108369157 49.82317302119134 16.959082595576042 22.084502227855285 55.5220031915472 89.84716624186692 52.66552815135343 24.00512254512527 27.815124486853133 58.01692495199041 91.39525808388159 68.30978760779853 49.512055193790005 51.29786144451259 72.154750507136 100.87594313956846 90.33243215929114 76.89665977323367 77.85234043942715 92.75570161719469 116.36578575029971
69.57716467753922 46.661444581114445 33.096975427704805 0.0 38.10901148138822 43.65992944714229 46.4608161190414 69.57716467753922 39.809757699596105 49.0904716728474 80.86411696521367 39.649700592788705 61.477092853107415 59.06198797953604 55.25939253394874 93.07966369304145 50.89688998403283 46.476436461932515 59.58199461050693 57.064696241391125 66.63136673225115 39.794937604765806 35.42909483223687 36.74181146390932 41.761169186966015 41.357316035915154 49.1093761879381 75.29288794571931 49.738110595421006 20.08259371871619 79.51724748604434 33.922176646933735 43.56155691286123 67.58170157241528 78.43137635105212 71.72206670632764 64.43750724384954 40.98817773808406 57.81954052764413 68.89369201000336 64.37842066986067 30.27019800526531 9.101761220690024 40.54938418861614 74.83659792864721 67.2224521525165 35.876523483186766 21.218809952573235 44.81291051870404 77.20752616924003 80.54785972526435 56.904677284772724 48.817362839028505 62.63334223663543 88.64279007174098 100.25850324303815 82.27530110984127 76.6904297086778 85.95555818039212 106.25456738703778 123.32916849519059 108.99619822033601 104.61786696059929 111.37443327080632 127.50792179475735
64.51331151950062 34.61466778157517 5.1899581614508925 38.10901148138822 0.0 6.881075821193434 40.6582572872992 64.51331151950062 17.82196233136729 54.7706080520577 89.17674698112525 21.879483338273086 35.006278318262225 68.29685287698584 40.53367105343004 95.446184110497 28.210060595930447 25.090543502835907 33.07011594416654 39.99862385095234 63.30265370993453 24.29937655269846 2.850730888186805 35.570860569195396 26.226006098722756 3.3034833505042314 37.260423650793996 66.86196369886632 51.40114245040929 22.14870030642786 85.38515422928128 20.63746423866595 7.360546821020028 74.1887196803144 79.75784547227053 73.38694910466282 46.350057579037355 27.898344607666086 33.44532281652963 44.78811881806813 61.28724278002364 42.340928645677884 47.1614664318346 71.06669515114574 101.34874428811693 47.217599114605775 16.737407695314005 26.937542475252442 59.715766769540906 93.81452784656908 48.01749736226718 18.857891079049356 28.291514750055153 60.332821130995804 94.20476926427516 63.12413915607946 44.93537181094839 49.48267840042255 72.61336247353293 102.42891429108118 85.24280968189888 72.59992016198554 75.29882856199013 91.9990876471655 116.84393026620272
69.7958970040742 40.09769508881168 11.786487265391141 43.65992944714229 6.881075821193434 0.0 46.57847518352155 69.7958970040742 15.40692057874688 61.22361721440701 95.41486171408684 19.76168917212777 37.36022759521104 74.78126934179299 45.26081188662005 101.11438715136931 32.208256066638356 29.730432035531372 35.55513267222502 44.33552231149652 68.81313621834656 30.112170989134192 9.609609316036352 42.084311711259694 23.813754817555253 4.267839588471826 42.614069155485865 71.65186075758207 57.646476440644975 28.851252571283585 91.46481819600189 27.0954498338047 0.9511232926980238 80.43827159547695 85.4886977370931 79.23488031496665 50.16487998628095 33.719657824411776 36.53732644375019 47.261561472529515 58.59621509076092 43.71722477862915 52.76070813709247 77.78821353514931 108.22724826371906 41.95734515220908 15.920127634129118 33.78360460800469 66.51363199713619 100.50693691064357 41.1445617149424 13.65746646068483 32.78763426857485 66.01804807097237 100.18277057724627 56.840907026088985 41.35731310172725 50.84080238816132 76.51122945486864 107.32180804289055 79.83966698003739 69.46269657075133 75.3028554194434 94.39668363359357 120.60558756526967
25.09984643957167 7.767458255248298 38.180123133655435 46.4608161190414 40.6582572872992 46.57847518352155 0.0 25.09984643957167 57.24890904680099 16.987011577519574 49.09578192782449 60.57402475923775 27.731033368640375 29.93862561597992 12.013210091028974 54.86435023520998 20.10265803995928 19.158097180060537 26.933010576767725 15.148190952474362 23.178157404102645 16.46710922426665 39.009957395176095 9.72105267659698 64.82405424627667 42.34484286945104 7.050243038455934 29.500899317294174 11.978174975630278 30.632084749176258 44.91929982894234 20.618350638582072 47.36371618703322 34.23283751655858 39.14621714645307 32.72905572927832 20.890461982239515 12.86431255823622 23.56802377244588 29.451563941776616 98.4029469902847 70.40150912061313 51.22902577444321 51.838805575110115 71.72808746507597 87.81321337240885 54.795196155784836 26.243334180595816 27.744506563841398 56.97059494523506 85.58505292603903 51.18305002796455 17.59151359560532 19.851234360452896 53.605364240083944 92.32596933248776 61.70873300754275 38.557505216093304 39.49968418876902 63.47124748221867 106.3435084597271 81.03847641059926 64.96386968412074 65.33108685358762 81.91931575838167
0.0 29.917397774992516 62.66392925683457 69.57716467753922 64.51331151950062 69.7958970040742 25.09984643957167 0.0 81.73144040927424 23.05045519602503 32.37115839369371 85.2508717309607 40.226324551000694 24.80077960664576 25.089296329375255 32.03259408728194 38.732815575106365 40.22357541989907 40.716661017177834 27.036813022848847 3.7199337465544087 40.380585453822 63.21441496884154 33.906032639190656 89.55337672550681 65.7153112423697 27.254642880656128 7.474516260871426 20.23848974016354 55.542229639393746 26.619521544803863 45.416989168825836 70.65845964740011 21.490142642646983 17.470094852277892 13.590563059851188 24.971590962434288 36.87961250703103 37.74557874017083 35.0105855722176 123.44623753445241 95.23528911312417 72.76898076206828 62.57528561934082 70.21955369468607 111.65043470744922 79.51166653640664 50.72692774306493 34.916583736171226 47.53887861929449 106.15711411430816 71.6702161496558 37.4000039469731 7.466867750362041 33.28064511476628 107.93322977831794 74.25208943189642 42.09524460323284 20.62747173784635 38.390385533112415 116.64709771855792 86.32694915617793 60.76962753612571 48.25310195887739 57.953298478607664
81.73144040927424 51.84707624989383 19.08994836831843 39.809757699596105 17.82196233136729 15.40692057874688 57.24890904680099 81.73144040927424 0.0 69.81468441987823 104.60820740317537 4.355664655503014 52.33632057353598 83.0435276337107 58.216136784621774 112.07223400443775 46.02907466844234 42.86472798631853 50.46123940105155 57.7906805312732 80.27873345126984 41.35321386523436 18.594676469914962 50.796588303881606 8.512924519708035 17.94915888749004 54.58258380298103 84.43955084019667 67.1486049328046 32.10782789816516 101.25672528286512 36.65081106122821 14.505227443758692 89.68712394309931 96.34350419051411 89.80559791584548 64.16942269223303 44.859647681482265 51.09727239523843 62.21177354255134 43.573878102874815 30.44519662071587 48.47652562727354 78.53581012203496 111.26818862772134 31.28699239986181 3.942224351831092 38.04025115067445 72.6184178960573 107.21316553109284 40.8411757008583 26.426217962363943 46.081767038904175 77.09445119681936 110.2652277511746 62.9763513388626 54.54615091284377 66.17658503068026 90.43336943792859 119.88262710645327 88.72881502249582 82.74191081940876 90.63313348154651 109.44051283410921 134.66553640477372
23.05045519602503 24.736831289689487 51.35131369788966 49.0904716728474 54.7706080520577 61.22361721440701 16.987011577519574 23.05045519602503 69.81468441987823 0.0 34.8129860761563 72.57767472721116 44.20232430968919 13.571556368957005 27.227640007542558 44.41011409497495 37.089316844338555 35.906292317853016 43.605919624741546 30.503610603860043 19.464563848883035 31.912733657815462 52.670117567203334 19.215366987128178 76.58339960164913 56.9595545935336 23.82527220985884 30.198866622152995 5.617939181561583 39.24125542308078 31.881255439583814 34.14841579533087 61.91218149983984 19.997770247045754 29.37620724362189 22.638240108467215 34.089104837574865 28.575719998786983 40.20183009751195 44.14476138035286 108.20976585442477 77.17276354502474 50.95821786657188 40.406274663811175 55.348140218892624 101.02089712378269 66.82313569714954 33.4707722418171 13.042432518053314 40.18418618065693 101.39170411359807 67.37727708959221 34.5538298528163 15.591238939807445 41.07378958158644 109.24521567009633 78.60489277820062 53.08257160736318 43.030313353964026 57.27368109075462 123.15780648926236 96.86244027942355 77.40526921848803 70.67938454902982 79.96456359023429
32.37115839369371 56.36051911148939 86.01001401439967 80.86411696521367 89.17674698112525 95.41486171408684 49.09578192782449 32.37115839369371 104.60820740317537 34.8129860761563 0.0 107.39018312276589 71.474451763201 22.131965526397508 54.76863597842311 16.977102165944654 67.69060594573858 67.85875299186351 71.63195007128427 57.44169415146022 30.776752228642163 65.44315051530387 87.21589590284046 53.8637425812822 111.38583960705023 91.15157406174734 54.41336496302935 37.05023714114951 37.780298923831104 73.85580516620344 6.06444748655094 68.56716127269794 96.15575245914363 14.988225590927458 16.326519099951824 18.85953797486052 56.92901894693358 61.883674032843594 68.39678207622406 67.24053400557507 142.5140538969767 110.39989068851786 80.37927453358667 55.931487483296706 46.8043418721782 135.77457351461587 101.63599381002683 67.96957284932583 36.12059800429627 19.605599674396817 134.62402295933768 100.10809677650357 65.68475921730167 31.65749859821021 9.20651467384876 139.20111953092683 106.12926574717629 74.46287477913165 47.12587078338965 35.94168859440713 148.97863980479494 118.55451761148274 91.16187825355757 70.43137315436259 63.28858097446727
85.2508717309607 55.440427234553304 22.624443370478758 39.649700592788705 21.879483338273086 19.76168917212777 60.57402475923775 85.2508717309607 4.355664655503014 72.57767472721116 107.39018312276589 0.0 56.59274363764611 85.65963006921737 62.036527971351276 115.28893644947915 50.06953432988669 46.78913418646205 54.70503659253133 61.719338711306854 83.68969711794088 44.92690610841332 22.394810736808044 53.735497086125356 4.366551305950741 22.212744879899425 58.20704739437247 88.15656465427143 70.14551751220645 34.165968367172354 104.19934453483596 39.95804627604932 18.860879623416057 92.52564385925916 99.5646213128268 92.97248552880498 68.20266673966442 48.37905511324531 55.27022668327151 66.45538081870656 39.41056174015954 27.03872290634229 47.998263634758565 79.19226416196466 112.40034123305183 29.141288077724667 5.7941809096266566 40.15949138401161 74.7452427800921 109.34245398064105 41.893762821378296 30.514513008437728 50.020199127556204 80.42227187112978 113.26208535917797 65.35104344263499 58.512649796896696 70.50878723818659 94.41417029587464 123.49643560942775 91.63015872055959 86.66726145653773 94.97920572332106 113.69077323747045 138.65367431557647
40.226324551000694 20.776407040579393 36.30305202645026 61.477092853107415 35.006278318262225 37.36022759521104 27.731033368640375 40.226324551000694 52.33632057353598 44.20232430968919 71.474451763201 56.59274363764611 0.0 55.92662968593113 17.315048565505734 71.97320025468667 10.747522703265885 15.057718159917759 2.010510249023643 14.25051714403624 40.915939748886416 22.112112644354735 35.3786074244169 32.4190635362876 60.84921741723843 34.387820778745734 20.682912010530313 39.16654376476974 38.70479327950209 41.47993165888464 66.17893682821969 27.577610809586524 38.31086297053098 57.85974728194433 57.66409638874521 52.855594766559314 15.661238567903366 22.233094348177936 4.322902749521271 9.901367563711194 95.86639798301263 75.96443596933865 68.88821383784992 78.2006245759442 99.39743742057394 77.88253561260225 51.716676946688686 40.96781136885122 55.47008234722235 82.88739394936465 67.34124219219439 34.02685557924796 13.2537561722298 39.85408832485349 73.45669344016633 67.80792254598533 34.9330665612269 15.413430880427224 40.616234395246934 73.86902648702386 79.08792657678805 53.498484176917934 43.17514800748186 57.10443870045957 83.97951149063304
24.80077960664576 37.67606064640637 64.77702798537176 59.06198797953604 68.29685287698584 74.78126934179299 29.93862561597992 24.80077960664576 83.0435276337107 13.571556368957005 22.131965526397508 85.65963006921737 55.92662968593113 0.0 38.615505644033824 34.542336199623705 49.86494589966002 49.08188725693471 55.591194351374156 41.75875024365918 21.30691616358223 45.430576181483076 66.1544590650477 32.726004289228 89.58016177823865 70.51900908592592 36.35917094885709 32.12379315013724 17.960471871278553 51.8711593022615 20.495218938304962 47.69414128254253 75.46323935121255 8.866758390836813 21.827188534920626 16.46581468245906 43.75101160167818 42.04112695400024 52.19038758620948 54.27461979918576 120.39059667239445 88.3505790608786 59.267010718843515 40.17657259969047 45.94083259890536 114.30576434729684 79.94292315437725 45.94329204872366 15.018426300655989 27.114057153709027 114.93941832572614 80.8380919501439 47.4697112598023 19.151997705878298 29.58164460182239 122.18704431175215 90.7611975394062 62.77206811105625 45.14295590354392 50.301657803802065 134.98711375789273 107.23416690334419 84.68509798690005 72.37899345649934 75.50248453891912
25.089296329375255 8.60225344100085 39.53039149998761 55.25939253394874 40.53367105343004 45.26081188662005 12.013210091028974 25.089296329375255 58.216136784621774 27.227640007542558 54.76863597842311 62.036527971351276 17.315048565505734 38.615505644033824 0.0 57.0694500163966 13.64442541418375 15.540260688997579 17.094820627664465 3.2850857102988478 24.903502435673104 17.850127407060807 39.65100546992584 19.97524139637625 66.39897821910989 41.33047890940781 6.283266697508067 26.396125801589896 21.641846894782454 37.08040651430825 49.737634956265275 23.984289228553553 46.15717614050224 40.767513843271516 41.97167833658637 36.536266650981126 9.389477750542726 15.135512998236965 13.746098955816993 17.472164486153837 101.10017112544382 76.01567400407356 61.07622129600538 63.851475656637064 82.57421571681789 87.21791110542159 56.463454981762695 34.11911202740569 39.178312740308975 65.57896689732574 81.11788022888771 46.59080100101452 12.495962132825841 23.16137923271244 57.54653762759711 84.50291576710863 52.212872470764815 26.57947757315095 32.88763449390009 62.06099963129402 96.37857015488815 69.67448464854715 53.05695806704299 56.30585894040774 76.94452979857893
32.03259408728194 61.02127234862158 93.03076502507375 93.07966369304145 95.446184110497 101.11438715136931 54.86435023520998 32.03259408728194 112.07223400443775 44.41011409497495 16.977102165944654 115.28893644947915 71.97320025468667 34.542336199623705 57.0694500163966 0.0 70.6922032630487 71.90871886426505 72.59573928954127 59.06769667407797 32.387453466346024 71.1497784388619 93.86853811074859 61.819028913158014 119.48196663215415 96.94267444360456 58.57020404551753 33.297338093925624 45.48749328833551 83.18644343955759 14.581023293699369 75.42258705030605 101.94186526306083 25.71490273091826 15.728844230115895 22.35960975474269 56.411207372203215 67.54792594735758 69.71080770634232 65.68397864768133 152.21009425257736 121.58232761054286 93.76240098725326 72.07835425499313 63.1978348491653 142.65026195887728 109.49607716843762 77.61774184843887 49.542567974814474 35.76656947242644 138.1777887554285 103.6578744856918 69.22182915440368 35.11725176021662 8.34470862678649 139.28387283778747 105.11434850267003 71.36457472970251 39.135994030385994 19.110122149734128 145.8415831264709 113.58515452449132 83.23592434958591 57.87627055431142 46.53942525098636
38.732815575106365 12.368507058771943 28.250066885239583 50.89688998403283 28.210060595930447 32.208256066638356 20.10265803995928 38.732815575106365 46.02907466844234 37.089316844338555 67.69060594573858 50.06953432988669 10.747522703265885 49.86494589966002 13.64442541418375 70.6922032630487 0.0 4.443391911771787 9.029637395309923 12.194249418984219 38.430776672789705 11.364640439289794 27.85548558192431 22.617678158891355 54.425436978912785 28.503783283339324 13.531347951123156 39.706922475466506 31.972653624513956 31.012393625472807 62.90244420212382 16.979090247129246 33.13281958803014 53.253652335544835 55.49584964078382 49.8536386809846 18.140353951133577 11.750762988141421 6.9277094161034745 18.42962230974022 89.45021690331805 67.05056414359602 58.180777512185095 68.33019438449486 91.3663829273873 74.05756035377365 44.74453794607403 30.24006591933934 47.13476400853348 76.9658810758324 67.53491350738736 32.96965134981509 2.808130372579891 36.38169320736105 70.9522651045237 72.32372338864185 41.84021157685981 25.793933921103037 44.43975845935455 75.36112140239773 86.56646720436702 63.18901663604212 53.728466175437575 64.61766018101194 88.65062668599867
40.22357541989907 11.534654653698654 24.573719325050877 46.476436461932515 25.090543502835907 29.730432035531372 19.158097180060537 40.22357541989907 42.86472798631853 35.906292317853016 67.85875299186351 46.78913418646205 15.057718159917759 49.08188725693471 15.540260688997579 71.90871886426505 4.443391911771787 0.0 13.238722769346612 14.931014392837895 39.52201763596923 7.213931690779127 24.417300628558355 19.79162233463072 51.1554482436309 25.791356661009782 13.514825363494356 41.93629930928701 31.126363348104633 26.570793288746618 63.333714592757424 12.554259817731026 30.622554085159226 53.16351599854974 56.47123389284063 50.53726673426708 21.623132474443967 8.46102918806831 11.366797880003677 22.829444737802653 86.06075288922325 62.88644371321751 53.83078973248343 65.08149160425201 89.26502495815429 71.68684482974476 41.32891495614383 25.922885789918283 45.063889206911284 76.05493750969508 66.82167672641677 32.255241694363455 3.243312715412821 37.08762411310853 71.66113989964502 73.38180949803407 44.17813131375156 30.22186565935524 47.64295958543843 77.59625370157539 88.87188321654384 66.64793312086664 58.14181247914933 68.65698605663475 91.8797100369399
40.716661017177834 19.735868722933738 34.308844852040984 59.58199461050693 33.07011594416654 35.55513267222502 26.933010576767725 40.716661017177834 50.46123940105155 43.605919624741546 71.63195007128427 54.70503659253133 2.010510249023643 55.591194351374156 17.094820627664465 72.59573928954127 9.029637395309923 13.238722769346612 0.0 14.20691052342098 41.228901254080384 20.363646863996703 33.40430224373645 31.119609429530847 58.97312797001107 32.5127964838654 19.89302106902044 40.008449946888895 38.16876544497182 39.56264021807854 66.42449697818537 25.70964473799497 36.50622523125527 57.82812593567875 58.09724334135568 53.12042026633843 16.55026269994694 20.676721284138345 3.4101998570950123 11.750863206464452 94.00974761052407 73.95721534000367 67.0542537584534 76.92621390271968 98.65991087834892 76.28677304965483 49.7918267509379 39.16126650460208 54.615090330012556 82.6246688544128 66.29974788414086 32.684677326313555 11.65211260766051 39.97633497973152 73.85996901205242 67.57121041278278 35.17011401625324 17.40270403046462 41.99547641910897 74.9615549206571 79.56316823881185 54.63664256206636 45.10922662989513 58.98590162612347 85.54908240529187
27.036813022848847 10.642848590576852 39.41589262827387 57.064696241391125 39.99862385095234 44.33552231149652 15.148190952474362 27.036813022848847 57.7906805312732 30.503610603860043 57.44169415146022 61.719338711306854 14.25051714403624 41.75875024365918 3.2850857102988478 59.06769667407797 12.194249418984219 14.931014392837895 14.20691052342098 0.0 27.208142496304415 18.537751851937465 39.34015523070029 22.579729512713893 66.08575932369297 40.5390591692413 8.857552576382748 27.53382570594978 24.91163617304957 38.38587501976912 52.28814254923201 24.828812938836514 45.25187253138375 43.64236778442356 44.210118591165106 39.01384813236065 7.43386540456705 16.31191287520321 10.959026596026241 14.306890663640814 100.96565409482456 76.7854308713937 63.18796891593487 66.96427684278501 85.85154201179606 86.2320288740145 56.242699916833615 35.8517896579576 42.453402541986975 68.65903429962142 79.1593337049089 44.76857645539771 11.709155569905914 25.78442885877866 59.89509813063056 81.76088393523239 49.183547331142584 23.410382619514813 32.740131352624374 63.17144835931661 93.23017186523042 66.38979714156098 50.18119408042407 54.98641806323471 76.96536208271692
3.7199337465544087 28.728627888507805 61.188785450019054 66.63136673225115 63.30265370993453 68.81313621834656 23.178157404102645 3.7199337465544087 80.27873345126984 19.464563848883035 30.776752228642163 83.68969711794088 40.915939748886416 21.30691616358223 24.903502435673104 32.387453466346024 38.430776672789705 39.52201763596923 41.228901254080384 27.208142496304415 0.0 39.03106281803274 61.86558566462106 31.491552253466192 87.95995630575668 64.67177846822621 26.212108833306857 11.183531838858523 17.01068997007493 53.22538953021373 25.295647028141985 43.74339990749196 69.6539608678507 18.749258752016356 17.071358353887305 11.971616990315352 26.152302356692395 35.4640162491436 38.11418373743959 36.50732416937638 121.55070183444488 92.78809176415714 69.56632262011817 58.85663028012353 66.95908474053078 110.51383234685707 77.92249028253876 48.2219577342504 31.203129464324785 44.90822568323937 105.96566869002783 71.38895815358349 36.86323282374785 4.033200320450167 32.68776006517099 108.72385652228505 75.38628953340012 44.04714731661975 24.332130791608137 40.48205597731846 118.27821140580683 88.49863645352902 63.78936766605837 51.97075730281002 61.05437917974766
40.380585453822 10.514106927579478 22.307466049779077 39.794937604765806 24.29937655269846 30.112170989134192 16.46710922426665 40.380585453822 41.35321386523436 31.912733657815462 65.44315051530387 44.92690610841332 22.112112644354735 45.430576181483076 17.850127407060807 71.1497784388619 11.364640439289794 7.213931690779127 20.363646863996703 18.537751851937465 39.03106281803274 0.0 22.848008182852286 13.911348681382554 49.25380186055641 25.88317239525023 13.298052520727833 43.32196851921476 27.804031999706645 20.245848122275245 61.37380520531569 6.315884283822999 30.901345453182447 50.5065982936899 55.4706733030113 49.14684587296442 25.893857107081068 3.611201715921079 18.177837193550797 29.10681428007928 83.59501479667306 58.26829682796604 46.872951011803444 58.25601997506516 83.5779001594516 71.51498404393055 39.225884352658376 18.915455159547452 39.64550749857767 71.97628405207399 69.52222501482457 35.49926941114202 9.050375295265457 36.03433451323347 70.07060754114393 78.38994223950777 50.59441426873041 37.00586370978219 50.73362421277032 78.56968108273816 95.12753443744991 73.73862883314692 64.9637927671535 73.47091107810645 94.71233601326435
63.21441496884154 33.30243011143792 2.3650503666626204 35.42909483223687 2.850730888186805 9.609609316036352 39.009957395176095 63.21441496884154 18.594676469914962 52.670117567203334 87.21589590284046 22.394810736808044 35.3786074244169 66.1544590650477 39.65100546992584 93.86853811074859 27.85548558192431 24.417300628558355 33.40430224373645 39.34015523070029 61.86558566462106 22.848008182852286 0.0 33.45492489316085 26.760492350364064 6.138314459360808 36.01575278227286 65.84502189239716 49.47741453074143 19.310554884633905 83.54185733133437 18.663971071048973 9.991310802464819 72.23085918140707 78.1552027494528 71.7148827453024 45.93060782913466 26.401598772533127 33.48933138422435 45.02629465156709 61.65177972284094 41.125369493514086 44.4575601979347 68.23839001056945 98.64738036377241 48.814268760026806 16.9175312152051 24.174883609350964 57.24944750732534 91.46270053667445 50.66172692191148 21.640097584881712 27.655480664293922 58.78950532674116 92.42529307877203 65.97169606871017 47.30283798220402 50.17635044979764 72.05961193304542 101.3031246435293 87.97552680326818 74.79234993626436 76.4385111948104 92.12244281456763 116.29699495494746
33.906032639190656 12.201281035771943 32.1619250395846 36.74181146390932 35.570860569195396 42.084311711259694 9.72105267659698 33.906032639190656 50.796588303881606 19.215366987128178 53.8637425812822 53.735497086125356 32.4190635362876 32.726004289228 19.97524139637625 61.819028913158014 22.617678158891355 19.79162233463072 31.119609429530847 22.579729512713893 31.491552253466192 13.911348681382554 33.45492489316085 0.0 57.84139158988459 37.829549809457966 13.752724886428522 38.91381870832634 16.42300423596606 21.744916738376237 50.47420253383604 14.989731408314036 42.75222116034304 38.909235249796176 46.16721945252011 39.460383787637866 29.34437363531856 11.362182456365383 28.099045769426176 36.46795955743532 90.47805622542796 61.33607218221578 41.6265783061303 45.80669679380755 69.70335787951521 81.91342125452036 47.95006976141939 16.836311631249743 25.740341476668522 58.62184371108864 82.58823699570613 49.083577487152354 19.809788547556845 27.75801362206181 59.526770219371045 92.30003918165743 63.96930986840104 45.38352947082705 49.21456756143873 71.96734915220277 108.65151835219505 85.71894591401391 72.69853149480619 74.94777395602235 91.34557847353442
89.55337672550681 59.76790631555894 26.96176069291761 41.761169186966015 26.226006098722756 23.813754817555253 64.82405424627667 89.55337672550681 8.512924519708035 76.58339960164913 111.38583960705023 4.366551305950741 60.84921741723843 89.58016177823865 66.39897821910989 119.48196663215415 54.425436978912785 51.1554482436309 58.97312797001107 66.08575932369297 87.95995630575668 49.25380186055641 26.760492350364064 57.84139158988459 0.0 26.461811979131937 62.54048223045763 92.50382156081142 74.26213999742176 37.88854237825352 108.2750279391566 44.21781794668369 22.89192919967881 96.55595120522226 103.76279694773336 97.1507114695515 72.56079640958505 52.69184368034199 59.58515637855523 70.72382207160648 35.08223615067452 25.61209489112321 49.759809310592864 81.79817202647433 115.3286017299301 25.893826144025773 10.042173933725692 43.88683553381436 78.39717762739251 112.96474953544998 41.49211761322925 33.79807585950207 54.386189040457786 84.66545165104398 117.36035687458715 66.21193430302982 61.48425784807012 74.64173897054692 98.77877273543987 127.8197332176772 93.04628931987422 89.52489443935727 98.82560165038859 117.95333994867532 143.01810832355403
65.7153112423697 35.94466995646986 8.490548110026939 41.357316035915154 3.3034833505042314 4.267839588471826 42.34484286945104 65.7153112423697 17.94915888749004 56.9595545935336 91.15157406174734 22.212744879899425 34.387820778745734 70.51900908592592 41.33047890940781 96.94267444360456 28.503783283339324 25.791356661009782 32.5127964838654 40.5390591692413 64.67177846822621 25.88317239525023 6.138314459360808 37.829549809457966 26.461811979131937 0.0 38.49541000999033 67.72507445033166 53.38104879582252 25.375087786934007 87.21691252218348 22.83981934312422 5.018975853920104 76.17375534515034 81.30064133964947 75.0222513104776 46.5794320861518 29.493182223066196 33.222048154745075 44.26301021207583 61.50467274339486 44.33006177443181 50.42123888814463 74.25810145251786 104.31225851639257 45.952594613799704 17.587135608441926 30.030377309401707 62.36336760486341 96.2881379599689 45.21254647575587 15.571123847370426 28.90668752749493 61.835139011968565 95.95010889116212 59.83668470719088 42.007331227547844 48.41099253287114 72.92087355503237 103.37361695289569 81.97753841020469 69.82612850411125 73.66016483844626 91.49159409338783 117.09126327914613
27.254642880656128 2.839708831488795 35.582636566698405 49.1093761879381 37.260423650793996 42.614069155485865 7.050243038455934 27.254642880656128 54.58258380298103 23.82527220985884 54.41336496302935 58.20704739437247 20.682912010530313 36.35917094885709 6.283266697508067 58.57020404551753 13.531347951123156 13.514825363494356 19.89302106902044 8.857552576382748 26.212108833306857 13.298052520727833 36.01575278227286 13.752724886428522 62.54048223045763 38.49541000999033 0.0 30.03399097864544 18.539512685754243 31.340854546658317 49.826201189836056 18.944938310834736 43.462359745433076 39.82529453652582 43.04245180467246 37.03485992860804 15.670373107548704 10.01423405648007 16.52077007048003 23.000802185882662 96.86866362397788 70.68625816038377 54.8119887818235 58.36916187432921 78.7677721125272 84.40604201031971 52.51804787576144 28.049103010754862 34.78793482203759 63.47038711911009 80.3304226803203 45.748342092714125 11.30040377643578 23.608087000777786 58.15357893723375 85.84501756540232 54.78030323193319 32.05047410616012 38.05812457137754 65.30272190721878 99.36547792609159 74.04056794826467 59.03644376283342 62.316820963201806 81.7083787027724
7.474516260871426 32.851984720205635 65.54590578164454 75.29288794571931 66.86196369886632 71.65186075758207 29.500899317294174 7.474516260871426 84.43955084019667 30.198866622152995 37.05023714114951 88.15656465427143 39.16654376476974 32.12379315013724 26.396125801589896 33.297338093925624 39.706922475466506 41.93629930928701 40.008449946888895 27.53382570594978 11.183531838858523 43.32196851921476 65.84502189239716 38.91381870832634 92.50382156081142 67.72507445033166 30.03399097864544 0.0 26.847294186992 60.1089202125837 31.040459736453148 48.878204072345504 72.55066568316742 28.017376661739394 20.98103375955791 19.156672564275915 23.506069812448825 40.02203220978707 37.41084939738587 32.39428494259742 126.90161462937064 99.87342325698334 78.99455467416384 70.00240556144082 77.17053856878803 113.60667020578688 82.50185985556115 55.69073067348676 42.322302944094275 53.625706622060555 106.23498468672958 72.11694784431268 38.86755177244274 14.675463016722262 36.26157840397705 106.02972265719693 71.81702367017233 38.31342771495324 13.153085195697429 35.678279240651314 113.02994452606349 81.71322738679166 54.52665804837247 40.79317448586153 52.43883551831002
20.23848974016354 19.72336385127062 48.346502937924626 49.738110595421006 51.40114245040929 57.646476440644975 11.978174975630278 20.23848974016354 67.1486049328046 5.617939181561583 37.780298923831104 70.14551751220645 38.70479327950209 17.960471871278553 21.641846894782454 45.48749328833551 31.972653624513956 31.126363348104633 38.16876544497182 24.91163617304957 17.01068997007493 27.804031999706645 49.47741453074143 16.42300423596606 74.26213999742176 53.38104879582252 18.539512685754243 26.847294186992 0.0 37.72694207329799 34.117121563603796 30.81459693362385 58.38095115416984 22.795520865975146 29.925828640470762 23.163145971372902 28.515870378626968 24.312728754496135 34.75954143643985 38.52986047577981 106.72481036313631 76.6753270804903 52.562739794988396 45.1817733584967 60.948821730757516 98.16694377582235 64.35672038031532 32.274988149245736 18.341511830518257 45.011065825354265 97.28323938955059 63.01313315199817 29.531903712497275 12.979361615801668 43.12361792401042 104.26904857207899 73.25106205868289 47.47869858743499 39.211741500722184 56.7073156552194 117.7314131979256 91.25183127072854 72.02690905688503 66.66050112578117 78.06495408985216
55.542229639393746 28.620404887132963 17.06597844725384 20.08259371871619 22.14870030642786 28.851252571283585 30.632084749176258 55.542229639393746 32.10782789816516 39.24125542308078 73.85580516620344 34.165968367172354 41.47993165888464 51.8711593022615 37.08040651430825 83.18644343955759 31.012393625472807 26.570793288746618 39.56264021807854 38.38587501976912 53.22538953021373 20.245848122275245 19.310554884633905 21.744916738376237 37.88854237825352 25.375087786934007 31.340854546658317 60.1089202125837 37.72694207329799 0.0 71.1210673230653 14.084519342687198 29.11949082320346 59.21468787566769 67.65195329070373 60.88879378235387 45.81830860718562 22.076691976675143 37.93753741268834 49.249919249849654 69.0453095698982 39.769812795617106 28.122247185879026 48.93795157824664 79.96139670639087 63.231671365970904 28.630213971427786 5.999037540437677 40.58499922163078 75.18743434427302 69.45781055053003 40.47525225597573 29.10228650697675 49.50230854057087 80.30474741674756 85.12130835785072 63.53945065427505 56.77744324569886 69.31728466457957 93.70637899163567 106.12188766335976 89.5354618512903 84.6525651535556 93.32860556587882 112.46828182278752
26.619521544803863 51.92538165974221 82.45476533804462 79.51724748604434 85.38515422928128 91.46481819600189 44.91929982894234 26.619521544803863 101.25672528286512 31.881255439583814 6.06444748655094 104.19934453483596 66.17893682821969 20.495218938304962 49.737634956265275 14.581023293699369 62.90244420212382 63.333714592757424 66.42449697818537 52.28814254923201 25.295647028141985 61.37380520531569 83.54185733133437 50.47420253383604 108.2750279391566 87.21691252218348 49.826201189836056 31.040459736453148 34.117121563603796 71.1210673230653 0.0 64.88303756030525 92.23414211673405 12.027197119746216 10.262589988562846 13.327899037374634 51.38958139027349 57.779459101440125 63.24333844273276 61.599045754910506 140.0740226900178 108.58149787835202 79.71169768475981 57.556676712147805 51.637104315803086 132.27783262856076 98.4183559196216 65.34343187010025 35.329858836604515 24.929446299529413 130.15516730892105 95.5732241487598 61.01613620469508 26.58102117512883 9.218817835616685 133.97608579040795 100.66865786378358 68.65566788837687 41.0835458069295 32.51076260700052 143.26562380377106 112.63182340273936 85.09760496951965 64.74614392471399 59.47528890046836
45.416989168825836 16.10523801126742 17.62864608239846 33.922176646933735 20.63746423866595 27.0954498338047 20.618350638582072 45.416989168825836 36.65081106122821 34.14841579533087 68.56716127269794 39.95804627604932 27.577610809586524 47.69414128254253 23.984289228553553 75.42258705030605 16.979090247129246 12.554259817731026 25.70964473799497 24.828812938836514 43.74339990749196 6.315884283822999 18.663971071048973 14.989731408314036 44.21781794668369 22.83981934312422 18.944938310834736 48.878204072345504 30.81459693362385 14.084519342687198 64.88303756030525 0.0 27.769476996545006 53.57971632729852 59.69419071673323 53.17708963749705 32.2024147697045 8.955324913842245 23.90558732603047 35.1656327308318 78.09911015452236 52.03927449290116 41.37054619959144 55.76539264250109 83.08343312866543 67.42111872447106 34.18321803920504 13.64655577137146 39.985191218860955 73.52722959986167 67.71750727616511 34.758856462733945 15.018175089759854 40.46928752804897 73.78909846678985 78.86462669398486 53.17086548650207 42.772317312504754 56.803344259185195 83.77700942578694 97.19783719827346 77.62272935798191 70.69591860662311 79.78279226106027 100.63513905029039
70.65845964740011 40.93215509666165 12.08499001836588 43.56155691286123 7.360546821020028 0.9511232926980238 47.36371618703322 70.65845964740011 14.505227443758692 61.91218149983984 96.15575245914363 18.860879623416057 38.31086297053098 75.46323935121255 46.15717614050224 101.94186526306083 33.13281958803014 30.622554085159226 36.50622523125527 45.25187253138375 69.6539608678507 30.901345453182447 9.991310802464819 42.75222116034304 22.89192919967881 5.018975853920104 43.462359745433076 72.55066568316742 58.38095115416984 29.11949082320346 92.23414211673405 27.769476996545006 0.0 81.17549085408717 86.30719837888398 80.03758150008935 51.1015425548321 34.51103337198133 37.485297375872236 48.21217553516446 57.65219439635073 43.0254000922448 52.66320258579355 78.04139336832895 108.63849947763352 41.06492485249191 15.124895507373267 34.147431379481475 67.06848641667747 101.11956717269696 40.678513671239656 14.05224951194022 33.690366098209765 66.83911002492901 100.96902148435008 56.82444529156556 41.92012164668989 51.772538847713875 77.44879031964766 108.21762623283546 80.05664663149317 70.058303888967 76.17101470453234 95.34484401891068 121.5483991679849
21.490142642646983 41.63286704791436 71.03799562825635 67.58170157241528 74.1887196803144 80.43827159547695 34.23283751655858 21.490142642646983 89.68712394309931 19.997770247045754 14.988225590927458 92.52564385925916 57.85974728194433 8.866758390836813 40.767513843271516 25.71490273091826 53.253652335544835 53.16351599854974 57.82812593567875 43.64236778442356 18.749258752016356 50.5065982936899 72.23085918140707 38.909235249796176 96.55595120522226 76.17375534515034 39.82529453652582 28.017376661739394 22.795520865975146 59.21468787566769 12.027197119746216 53.57971632729852 81.17549085408717 0.0 13.443953880987314 9.510484000313749 44.14731072039616 46.962697164066086 54.50790619934432 54.69206642076546 128.104388689754 96.55780519142931 68.05070595994137 48.30321850818402 49.29824291109412 120.8215100944656 86.75937307404222 53.398392750108876 23.883799908816624 26.15972984785962 119.81576850122993 85.36624701745761 51.1255953921537 18.305996413552343 21.24253118999598 125.238538544719 92.75799423436865 62.59574085639963 40.33900562735416 41.606144977889805 136.3245409734843 107.13104629968765 82.24666436898627 66.68387084693398 67.25872119705522
