0.0 50.4987601256159 39.45206670519477 10.167669984036332 16.03681048558904 40.398889438305346 43.50967049654429 45.039007670724395 30.817612381856666 30.69145784900945 4.087857148176186 31.66191684851954 39.58159724708244 38.94395320859203 26.668648089450503 36.736491232767456 10.645008000806573 11.921133244153248 16.021307240597054 27.753992526722868 32.3275663418511 23.505886464316948 9.615117014326344 1.4976053206360422 34.71350099039996 39.0599302929352 35.23314188949948 12.823220696900252 28.224156762430965 46.43090488068109 21.4737229310027 33.63713770269623 26.328272196710127 41.537574031106686 33.88297228184018 30.545671484113964 48.018290713336825 40.62510424951276 41.857756752045425 39.59111458072037 6704.698888250835 6784.545470095143 6726.4179849556185
50.4987601256159 0.0 11.176007312159149 45.3584942215728 66.31052927499468 90.84761675752415 93.00845458760853 95.1430776685942 19.734086045683167 78.01591115065693 46.42606198924514 82.00467868674517 86.89955573967075 23.052703352552886 57.092972794052415 68.18644209045665 45.77967088181037 58.669243769054184 57.8169106877365 78.05664884807013 71.38074780094828 66.49435011346665 43.09947936658018 51.8437622076937 84.61024789347708 85.72578792620777 48.98657677166206 53.88421826219845 22.52217888594507 94.67148626133809 32.392445317510116 83.78490901551329 58.691147692284446 90.39739379048353 16.912878471182907 55.7326771938705 98.22800683526677 87.76512341423906 50.19987984002746 88.63283273351492 6731.0626966071795 6810.377056356917 6752.417340516022
39.45206670519477 11.176007312159149 0.0 34.918144687653516 55.186722710442254 79.74146070141558 82.29096425843099 83.98201442947106 8.634585113256454 66.88430243648753 35.36874600179043 71.044957323692 75.78859118352383 19.08564182522975 48.43795786951187 59.99263368714882 34.63423384853119 48.08237704164736 47.716658510724635 66.92443949180611 62.11772389374648 56.5434215624994 32.45041946144758 40.77278469753683 73.44255272864126 75.51648867353174 42.525650687611105 43.66257838697836 11.352445659029797 83.52903381135717 22.656625062026833 72.63204371264672 49.8547257410776 79.22999786495018 5.74275052868666 47.812121798844174 87.0744904384503 76.66524069967099 45.066127877822574 77.4607539563005 6723.989723940587 6803.411442364906 6745.417694102548
10.167669984036332 45.3584942215728 34.918144687653516 0.0 24.43679354905798 47.4964341274444 47.75234466848071 52.81908865431589 26.61289270455507 40.33227253958551 8.808268466744638 37.555289443728284 49.059956506663404 30.400235881417196 19.308222586990546 30.738062869758057 17.321707762090327 13.367741226440666 13.13011213436077 35.5736042833777 29.12592743981834 22.054937049020314 3.2182699962581487 11.510888763028419 42.942167701115736 40.627343881156854 25.399904955565674 8.935387221790961 24.683886382671787 55.49131282714579 13.551823507994799 41.57302568433066 19.63141060452538 50.38988247855401 29.923345064072247 22.144041281822727 55.59429483915627 50.135573262097964 31.916401282602347 48.37832423092897 6714.840253591899 6794.677108507025 6736.552827546639
16.03681048558904 66.31052927499468 55.186722710442254 24.43679354905798 0.0 24.570855614528668 30.262782633077293 29.003511786426827 46.57812287104407 16.95368673749077 20.001873605464098 17.18721081358701 25.080476410395505 54.59390414204666 33.652850038749136 39.92171608499261 22.180777118026796 14.925549134346296 20.964590283657955 11.754572880408666 31.79319968715882 22.770525538583414 25.08070519751701 14.59866921733054 18.713392377060288 29.939038466501188 46.16583821680702 20.98883840944075 43.85898093413744 31.091231285778566 37.228969681768326 17.600858722211353 32.38243321121117 25.954047214577496 49.527509850976514 38.64833435454817 31.999917532862234 26.19335148626944 52.89213113112223 23.941755696367498 6693.89432683286 6773.887002989217 6715.713762328117
40.398889438305346 90.84761675752415 79.74146070141558 47.4964341274444 24.570855614528668 0.0 15.312862872917341 6.762144783140873 71.12308059888205 20.312434162616945 44.44539435606933 11.137177245691365 18.65324242449929 77.86313821335025 49.884130782264464 50.765650316534376 46.36553426350448 35.013279031723656 39.27352924473414 12.934090792962175 40.43000207973306 35.174328272598196 48.8020687585598 39.02089989925795 8.678352339771028 25.741776616123182 64.49185028082655 41.401346349323916 68.42351705199428 16.884304531954555 60.8983170695499 8.074039322339774 48.021270766582546 12.822152957162167 74.09328386901969 55.04068800503496 8.518542847181566 19.309285737850033 70.79044135064672 11.826651321464428 6681.468252413565 6761.721070631446 6703.466849718115
43.50967049654429 93.00845458760853 82.29096425843099 47.75234466848071 30.262782633077293 15.312862872917341 0.0 20.88347725664159 73.7362488559108 33.416879206289366 47.515210562680565 13.35321421934653 33.690205700366185 76.79464769552932 43.9990606142829 41.4794858294672 51.97825815226305 34.38578084639964 36.440986157092546 21.888554434159317 31.29799733130437 29.440854038834505 49.909532518491474 42.43102729499237 22.34419780543517 13.078679230572515 58.89118565175521 39.787366435256565 71.37605606109852 32.040971079877714 61.17887012626485 20.671966643899104 41.961862427759534 28.12723078130666 76.94679690940539 48.741176898823596 20.717150270992644 34.43796733773682 64.51336327857962 27.013781435501 6693.82159584312 6774.183792168961 6715.895949128901
45.039007670724395 95.1430776685942 83.98201442947106 52.81908865431589 29.003511786426827 6.762144783140873 20.88347725664159 0.0 75.41921391805143 20.51306809441626 48.99611605095585 17.715762051182256 15.876257475897845 83.21415657231499 56.35951842778441 57.51125524467577 49.92216494126411 40.80574881726433 45.40624691144626 17.3270889283454 47.184647868204294 41.75111845632888 53.86907215165428 43.60155535339435 10.5938474591576 32.23388256337095 70.85037074127088 47.267483088008284 72.62997301008562 11.52250512204695 66.02929076494074 11.403147718714578 54.52926099323669 9.226015934297601 78.27700603787537 61.53797176008964 3.2677429969824097 16.175996909600606 77.2210617218099 9.368191228655657 6674.731013348367 6754.99141390911 6696.734738529897
30.817612381856666 19.734086045683167 8.634585113256454 26.61289270455507 46.57812287104407 71.12308059888205 73.7362488559108 75.41921391805143 0.0 58.61737176801917 26.734734190115095 62.41625728317282 67.5677734033204 18.677086190225605 41.47367804586362 53.27001222553959 26.3903442254725 39.62550652150607 39.59034247707632 58.32285943890839 54.53793638450097 48.48364383374644 24.004275704574344 32.140964656689164 64.8981173456647 67.23637184799972 37.62272017368465 35.46856091944962 3.0072180613024644 75.2169816471616 15.328914116954882 64.05469651549124 42.71930678817712 70.82697839881459 3.322938189744215 41.48786353806008 78.49770610205856 68.47042316157601 41.23818353344513 69.03065169021815 6719.795327794203 6799.310423123583 6741.287172877891
30.69145784900945 78.01591115065693 66.88430243648753 40.33227253958551 16.95368673749077 20.312434162616945 33.416879206289366 20.51306809441626 58.61737176801917 0.0 34.00951975018451 21.567465179293613 9.009592860948036 69.50054459657989 50.49659502117017 55.8457947040491 32.25460818950417 31.87409457888357 37.86556411958925 12.824467053478383 46.78191229228873 38.47295506717892 40.297298562223816 29.20465831310076 11.663087798142074 39.18029889268198 63.09186366295907 37.90028361270375 55.67226404999218 16.6766207328019 52.04350974766086 12.87312385695182 49.13847840951505 12.96475138564455 61.146739290423724 55.54437515643501 23.735847665342185 9.994043826271488 69.82560517302184 11.652319596465082 6676.9959075501365 6757.006618347942 6698.827489494087
4.087857148176186 46.42606198924514 35.36874600179043 8.808268466744638 20.001873605464098 44.44539435606933 47.515210562680565 48.99611605095585 26.734734190115095 34.00951975018451 0.0 35.74626158690315 42.97493145954985 35.49150358035435 27.30889619032674 38.09238455396469 8.839347533279295 15.020234125035401 18.078418902002067 31.747382819794147 34.67220571177501 26.24531825307007 7.046207927944165 5.424682422705155 38.60981174003156 42.67492603129814 34.17125005662965 14.315914214884467 24.13637591499862 50.028075965198184 18.047830493792823 37.59355640928 27.273425501422114 45.23289008838336 29.79520657565837 30.65585205613278 52.001727171630904 43.99284011718655 40.62771386795119 43.31584821957734 6706.531701114303 6786.333301015526 6728.219910757022
31.66191684851954 82.00467868674517 71.044957323692 37.555289443728284 17.18721081358701 11.137177245691365 13.35321421934653 17.715762051182256 62.41625728317282 21.567465179293613 35.74626158690315 0.0 24.390398875277103 67.68623391215769 38.74867425296423 39.97470265586478 39.25762313774167 24.568623764874108 28.370488964765297 9.008256942995335 29.747660347696794 24.049945353024835 39.21610991733529 30.427591342559168 12.532315551853173 17.83274030957824 53.386668417634816 30.78840216781461 59.87507117772575 25.81788975003648 51.09477068373146 10.368746610221601 36.884127145357446 20.681532187336146 65.52416487684951 43.90352980871501 19.64410218364714 25.375410589444535 59.66053473644311 18.90265687088303 6691.805387442373 6772.006836301659 6713.768692818932
39.58159724708244 86.89955573967075 75.78859118352383 49.059956506663404 25.080476410395505 18.65324242449929 33.690205700366185 15.876257475897845 67.5677734033204 9.009592860948036 42.97493145954985 24.390398875277103 0.0 78.457253605404 57.95934963296246 62.19873749862951 41.184078075200304 39.76969146090946 45.54921111467866 17.439091028390585 52.57980022225072 44.97471261360497 49.16377567209313 38.08840019848251 11.934630008469357 42.08658338029154 71.12521216399013 46.01886175565914 64.61249170017888 8.175712811125186 60.990037145583806 14.046535710286454 56.45914200557923 6.664922067374915 70.05699609472215 63.09999996292279 18.648593511531125 1.131131351354785 77.82269346400291 6.888667074054757 6669.72189073719 6749.79833075564 6691.598637060851
38.94395320859203 23.052703352552886 19.08564182522975 30.400235881417196 54.59390414204666 77.86313821335025 76.79464769552932 83.21415657231499 18.677086190225605 69.50054459657989 35.49150358035435 67.68623391215769 78.457253605404 0.0 36.28002985708892 46.45035328841795 39.30745566763277 43.12897287145462 40.35824702960103 65.94244174770871 51.197996007998896 48.126020675439406 29.524786959493404 40.44151074450371 73.24689400101622 67.57793591942158 26.197099154600988 37.13445446535142 20.734278766582754 85.37029404258156 17.474549138855622 71.93797287319825 38.12048110141149 80.42668616382383 19.69001274056521 33.96148848512817 85.99378795063993 79.48065054857909 27.159094971440467 78.45412273085063 6737.510844724553 6817.097391774313 6759.051949518493
26.668648089450503 57.092972794052415 48.43795786951187 19.308222586990546 33.652850038749136 49.884130782264464 43.9990606142829 56.35951842778441 41.47367804586362 50.49659502117017 27.30889619032674 38.74867425296423 57.95934963296246 36.28002985708892 0.0 11.917774187672562 36.14585125413535 18.870833535476503 12.71965526677229 41.24017630315431 15.009141556188252 14.889891383618608 22.39426490256517 27.369667284634385 48.59266049167714 32.78774380222453 14.919223601889474 14.109503745834205 40.49103113948607 62.50970278852403 26.14476728760352 46.65331741719084 2.0533285476205445 57.09033073389419 44.67557233756619 5.2073074433138 58.392108388643614 59.090469279759176 20.93269091119833 55.04102746342114 6727.488823344738 6807.503212680274 6749.323749127388
36.736491232767456 68.18644209045665 59.99263368714882 30.738062869758057 39.92171608499261 50.765650316534376 41.4794858294672 57.51125524467577 53.27001222553959 55.8457947040491 38.09238455396469 39.97470265586478 62.19873749862951 46.45035328841795 11.917774187672562 0.0 46.87047551271388 26.651731829118816 20.968928933324197 44.79779405909265 10.390713938856898 17.37294230292275 33.913437903039345 37.14736995730968 51.507832695967615 28.725511199371784 21.49904084575124 23.945295590061242 52.36926495449625 65.4320391808101 37.95471754276994 49.38813002538806 11.138857788178402 60.086280566845474 56.436537044289175 12.51058677487327 58.97750160276837 63.30979549534933 25.146335079516653 58.127232155547574 6731.586050159265 6811.736582422753 6753.5148638928185
10.645008000806573 45.77967088181037 34.63423384853119 17.321707762090327 22.180777118026796 46.36553426350448 51.97825815226305 49.92216494126411 26.3903442254725 32.25460818950417 8.839347533279295 39.25762313774167 41.184078075200304 39.30745566763277 36.14585125413535 46.87047551271388 0.0 22.528275440165803 26.513650862699244 33.43898738076886 42.94765958996034 34.146962392875146 14.857097390806375 10.88872979352412 39.32835229608293 48.964444992696436 42.26188347349148 22.981525131559522 23.428861114528562 48.89499207001589 22.83711881850496 38.77547486084981 36.104929950870584 44.652976210690454 28.894457901859102 39.40218536981214 53.10325136301043 42.081287424983834 48.510910087219365 42.927112892083876 6699.908522561438 6779.638692703062 6721.547559404258
11.921133244153248 58.669243769054184 48.08237704164736 13.367741226440666 14.925549134346296 35.013279031723656 34.38578084639964 40.80574881726433 39.62550652150607 31.87409457888357 15.020234125035401 24.568623764874108 39.76969146090946 43.12897287145462 18.870833535476503 26.651731829118816 22.528275440165803 0.0 6.1648870919307726 24.10696225451971 20.76110521388 11.668326815160768 15.633042272495164 11.700284966343931 31.6536192464846 27.92576307537561 31.356496183833304 6.490358441944009 37.45099139536813 45.11630553653647 26.85089589662303 29.98558515725381 17.775592958307797 39.773555808241184 42.895387821129944 23.77087385876538 43.35878971847165 40.895315982103924 38.05462314974479 37.71115783730533 6708.804978356844 6788.788374933862 6730.618264627644
16.021307240597054 57.8169106877365 47.716658510724635 13.13011213436077 20.964590283657955 39.27352924473414 36.440986157092546 45.40624691144626 39.59034247707632 37.86556411958925 18.078418902002067 28.370488964765297 45.54921111467866 40.35824702960103 12.71965526677229 20.968928933324197 26.513650862699244 6.1648870919307726 0.0 29.31481956389906 16.612929915748335 8.927013407232005 16.14008288000533 16.27484564768453 36.81848099970942 27.913690353002615 25.76727061738134 4.209011032188247 37.7741839501255 50.53810696874097 25.44210319790941 35.01308868121313 11.618299664906049 45.14643642026435 42.91185954717673 17.68491178693497 47.75368452812206 46.6789799532376 32.38009099721559 43.083388409351436 6714.852188737436 6794.849795004824 6736.675355387939
27.753992526722868 78.05664884807013 66.92443949180611 35.5736042833777 11.754572880408666 12.934090792962175 21.888554434159317 17.3270889283454 58.32285943890839 12.824467053478383 31.747382819794147 9.008256942995335 17.439091028390585 65.94244174770871 41.24017630315431 44.79779405909265 33.43898738076886 24.10696225451971 29.31481956389906 0.0 35.1427811151823 27.67487717655976 36.54849617961917 26.333585765847268 7.5467118853264505 26.367166393817037 55.07876625317239 30.591812736432868 55.58803953318446 21.277446358475878 48.711685958026436 5.999700015158117 39.609536009158944 15.863615869905468 61.25344670056867 46.4375036130515 20.26521035989301 18.53808540109542 61.65895455038131 13.807601594242103 6686.938062725531 6767.047247016283 6708.837654910142
32.3275663418511 71.38074780094828 62.11772389374648 29.12592743981834 31.79319968715882 40.43000207973306 31.29799733130437 47.184647868204294 54.53793638450097 46.78191229228873 34.67220571177501 29.747660347696794 52.57980022225072 51.197996007998896 15.009141556188252 10.390713938856898 42.94765958996034 20.76110521388 16.612929915748335 35.1427811151823 0.0 9.342657850454827 32.30090381541381 32.339026154747955 41.55618996554151 18.8666198180516 28.872207614991478 20.62535962157081 53.10016145083941 55.38596520791959 39.467256098171674 39.40738261170358 13.0918162429964 50.089177419737055 57.8361456990231 18.65397831146365 48.602848958444 53.67395680290731 33.78625912732606 48.167921790409586 6721.522384723904 6801.705159361169 6743.473278254034
23.505886464316948 66.49435011346665 56.5434215624994 22.054937049020314 22.770525538583414 35.174328272598196 29.440854038834505 41.75111845632888 48.48364383374644 38.47295506717892 26.24531825307007 24.049945353024835 44.97471261360497 48.126020675439406 14.889891383618608 17.37294230292275 34.146962392875146 11.668326815160768 8.927013407232005 27.67487717655976 9.342657850454827 0.0 25.034225807607303 23.363233503636092 34.67977183648814 19.48097892123784 29.769874467770606 13.12266733685337 46.69696553706225 48.67310237496425 34.10639166245894 32.62808557394656 12.938944067047014 43.271082735013685 51.806328935224286 19.949222553379137 43.65213968268351 46.09386911763227 35.80083596067528 41.26366657387428 6714.612910313598 6794.719534548264 6736.511180075366
9.615117014326344 43.09947936658018 32.45041946144758 3.2182699962581487 25.08070519751701 48.8020687585598 49.909532518491474 53.86907215165428 24.004275704574344 40.297298562223816 7.046207927944165 39.21610991733529 49.16377567209313 29.524786959493404 22.39426490256517 33.913437903039345 14.857097390806375 15.633042272495164 16.14008288000533 36.54849617961917 32.30090381541381 25.034225807607303 0.0 11.094555310429604 43.767266748217715 43.3022518653576 27.432207757288698 11.931374342196854 21.91276778582057 55.89255126341205 12.165195619748168 42.52470410716687 22.791020462270872 50.91017143588053 27.28679292380488 24.98525780466042 56.735382652347425 50.21446292924542 33.77185144880315 48.93229404124072 6713.577823364151 6793.378466148852 6735.265489412166
1.4976053206360422 51.8437622076937 40.77278469753683 11.510888763028419 14.59866921733054 39.02089989925795 42.43102729499237 43.60155535339435 32.140964656689164 29.20465831310076 5.424682422705155 30.427591342559168 38.08840019848251 40.44151074450371 27.369667284634385 37.14736995730968 10.88872979352412 11.700284966343931 16.27484564768453 26.333585765847268 32.339026154747955 23.363233503636092 11.094555310429604 0.0 33.253514211087236 38.34217667333482 36.38469902550955 13.363857894684081 29.511224428106328 44.93394579444325 22.97100244357145 32.198499812433 26.9279215819201 40.04519069271947 35.1772726927782 31.396697943781156 46.59363012693302 39.133267510620364 43.038218940534286 38.1011229798989 6703.431340682894 6783.287803191258 6725.157209955211
34.71350099039996 84.61024789347708 73.44255272864126 42.942167701115736 18.713392377060288 8.678352339771028 22.34419780543517 10.5938474591576 64.8981173456647 11.663087798142074 38.60981174003156 12.532315551853173 11.934630008469357 73.24689400101622 48.59266049167714 51.507832695967615 39.32835229608293 31.6536192464846 36.81848099970942 7.5467118853264505 41.55618996554151 34.67977183648814 43.767266748217715 33.253514211087236 0.0 30.153217853868778 62.56935029313441 38.137913050895705 62.09033318725326 13.993865912440599 55.92694064381515 2.1817400243617264 46.91219785900887 8.595380054925654 67.72912838328986 53.79816234545663 13.789550597037756 12.880288638190148 69.1242862568844 6.619786656080258 6680.080664569136 6760.228905067085 6702.007076861629
39.0599302929352 85.72578792620777 75.51648867353174 40.627343881156854 29.939038466501188 25.741776616123182 13.078679230572515 32.23388256337095 67.23637184799972 39.18029889268198 42.67492603129814 17.83274030957824 42.08658338029154 67.57793591942158 32.78774380222453 28.725511199371784 48.964444992696436 27.92576307537561 27.913690353002615 26.367166393817037 18.8666198180516 19.48097892123784 43.3022518653576 38.34217667333482 30.153217853868778 0.0 47.39398572217287 31.86916727733306 65.21501117208285 42.416463109895695 53.3556097425705 28.04951612819119 30.73773670852541 37.71202343255194 70.54179844632593 37.12973188233484 32.79173273319057 43.028632688806 52.59491539340322 36.151866252232146 6706.519457938135 6786.842590636321 6728.567016566915
35.23314188949948 48.98657677166206 42.525650687611105 25.399904955565674 46.16583821680702 64.49185028082655 58.89118565175521 70.85037074127088 37.62272017368465 63.09186366295907 34.17125005662965 53.386668417634816 71.12521216399013 26.197099154600988 14.919223601889474 21.49904084575124 42.26188347349148 31.356496183833304 25.76727061738134 55.07876625317239 28.872207614991478 29.769874467770606 27.432207757288698 36.38469902550955 62.56935029313441 47.39398572217287 0.0 25.192212238267594 37.74150008037232 76.30279355069403 23.94961158283962 60.7321053434278 16.939275584979907 70.91344368923296 40.32160827046661 10.26663926581712 73.01039247339965 72.25023936376682 6.746973838619448 68.85024376679752 6739.560894669982 6819.467312727297 6761.321700556289
12.823220696900252 53.88421826219845 43.66257838697836 8.935387221790961 20.98883840944075 41.401346349323916 39.787366435256565 47.267483088008284 35.46856091944962 37.90028361270375 14.315914214884467 30.78840216781461 46.01886175565914 37.13445446535142 14.109503745834205 23.945295590061242 22.981525131559522 6.490358441944009 4.209011032188247 30.591812736432868 20.62535962157081 13.12266733685337 11.931374342196854 13.363857894684081 38.137913050895705 31.86916727733306 25.192212238267594 0.0 33.605667323285004 51.544128732038146 21.588086516313826 36.475934886369124 13.567220576587422 46.219003865543925 38.787200474409 18.49983520288503 49.78602550979107 47.13902258088907 31.92947677450139 44.15846275877846 6714.56090023025 6794.507168810814 6736.34872317869
28.224156762430965 22.52217888594507 11.352445659029797 24.683886382671787 43.85898093413744 68.42351705199428 71.37605606109852 72.62997301008562 3.0072180613024644 55.67226404999218 24.13637591499862 59.87507117772575 64.61249170017888 20.734278766582754 40.49103113948607 52.36926495449625 23.428861114528562 37.45099139536813 37.7741839501255 55.58803953318446 53.10016145083941 46.69696553706225 21.91276778582057 29.511224428106328 62.09033318725326 65.21501117208285 37.74150008037232 33.605667323285004 0.0 72.28690665689275 14.524214734985412 61.282834081512114 41.623046689127044 67.93014221111655 5.670813356588778 40.87239720398447 75.72470667080724 65.50956514931502 41.77688083544961 66.146259055671 6717.235054830976 6796.769781407527 6738.740309122828
46.43090488068109 94.67148626133809 83.52903381135717 55.49131282714579 31.091231285778566 16.884304531954555 32.040971079877714 11.52250512204695 75.2169816471616 16.6766207328019 50.028075965198184 25.81788975003648 8.175712811125186 85.37029404258156 62.50970278852403 65.4320391808101 48.89499207001589 45.11630553653647 50.53810696874097 21.277446358475878 55.38596520791959 48.67310237496425 55.89255126341205 44.93394579444325 13.993865912440599 42.416463109895695 76.30279355069403 51.544128732038146 72.28690665689275 0.0 67.90423377872042 16.063021388544172 60.858218933158064 5.420732336239818 77.78850602822345 67.70993030995166 13.25679997003049 7.658650682421127 82.90992784859804 7.4699710182831645 6666.160737453431 6746.327600458499 6688.0997712718045
21.4737229310027 32.392445317510116 22.656625062026833 13.551823507994799 37.228969681768326 60.8983170695499 61.17887012626485 66.02929076494074 15.328914116954882 52.04350974766086 18.047830493792823 51.09477068373146 60.990037145583806 17.474549138855622 26.14476728760352 37.95471754276994 22.83711881850496 26.85089589662303 25.44210319790941 48.711685958026436 39.467256098171674 34.10639166245894 12.165195619748168 22.97100244357145 55.92694064381515 53.3556097425705 23.94961158283962 21.588086516313826 14.524214734985412 67.90423377872042 0.0 54.68963292950351 27.408854960992652 62.98544327515588 18.543836371265122 26.348231770604272 68.88251580317309 62.01731354703211 28.85998701519883 61.02316144154837 6722.629597102631 6802.329793950058 6744.248425468094
33.63713770269623 83.78490901551329 72.63204371264672 41.57302568433066 17.600858722211353 8.074039322339774 20.671966643899104 11.403147718714578 64.05469651549124 12.87312385695182 37.59355640928 10.368746610221601 14.046535710286454 71.93797287319825 46.65331741719084 49.38813002538806 38.77547486084981 29.98558515725381 35.01308868121313 5.999700015158117 39.40738261170358 32.62808557394656 42.52470410716687 32.198499812433 2.1817400243617264 28.04951612819119 60.7321053434278 36.475934886369124 61.282834081512114 16.063021388544172 54.68963292950351 0.0 44.94861096839721 10.698192319585873 66.9377844775129 51.86051916018149 14.44310758559279 15.014659749842151 67.25757850687394 8.760987907770872 6682.197926757576 6762.352447707653 6704.128704463736
26.328272196710127 58.691147692284446 49.8547257410776 19.63141060452538 32.38243321121117 48.021270766582546 41.961862427759534 54.52926099323669 42.71930678817712 49.13847840951505 27.273425501422114 36.884127145357446 56.45914200557923 38.12048110141149 2.0533285476205445 11.138857788178402 36.104929950870584 17.775592958307797 11.618299664906049 39.609536009158944 13.0918162429964 12.938944067047014 22.791020462270872 26.9279215819201 46.91219785900887 30.73773670852541 16.939275584979907 13.567220576587422 41.623046689127044 60.858218933158064 27.408854960992652 44.94861096839721 0.0 55.43749447173583 45.95196748492279 7.022143092665527 56.521303774799975 57.58980378594957 22.862126738402857 53.39415788404612 6726.089129218191 6806.121962894518 6747.936735742953
41.537574031106686 90.39739379048353 79.22999786495018 50.38988247855401 25.954047214577496 12.822152957162167 28.12723078130666 9.226015934297601 70.82697839881459 12.96475138564455 45.23289008838336 20.681532187336146 6.664922067374915 80.42668616382383 57.09033073389419 60.086280566845474 44.652976210690454 39.773555808241184 45.14643642026435 15.863615869905468 50.089177419737055 43.271082735013685 50.91017143588053 40.04519069271947 8.595380054925654 37.71202343255194 70.91344368923296 46.219003865543925 67.93014221111655 5.420732336239818 62.98544327515588 10.698192319585873 55.43749447173583 0.0 73.48783193157944 62.2911260216184 11.996622686430252 6.9606526679659195 77.51092136188814 2.0641234854575243 6671.4997696235005 6751.654755491307 6693.4306966484755
33.88297228184018 16.912878471182907 5.74275052868666 29.923345064072247 49.527509850976514 74.09328386901969 76.94679690940539 78.27700603787537 3.322938189744215 61.146739290423724 29.79520657565837 65.52416487684951 70.05699609472215 19.69001274056521 44.67557233756619 56.436537044289175 28.894457901859102 42.895387821129944 42.91185954717673 61.25344670056867 57.8361456990231 51.806328935224286 27.28679292380488 35.1772726927782 67.72912838328986 70.54179844632593 40.32160827046661 38.787200474409 5.670813356588778 77.78850602822345 18.543836371265122 66.9377844775129 45.95196748492279 73.48783193157944 0.0 44.55893407358958 81.37823381248226 70.9373938109832 43.634306095376914 71.72031695599091 6720.115928343559 6799.5902304123165 6741.5798362285905
30.545671484113964 55.7326771938705 47.812121798844174 22.144041281822727 38.64833435454817 55.04068800503496 48.741176898823596 61.53797176008964 41.48786353806008 55.54437515643501 30.65585205613278 43.90352980871501 63.09999996292279 33.96148848512817 5.2073074433138 12.51058677487327 39.40218536981214 23.77087385876538 17.68491178693497 46.4375036130515 18.65397831146365 19.949222553379137 24.98525780466042 31.396697943781156 53.79816234545663 37.12973188233484 10.26663926581712 18.49983520288503 40.87239720398447 67.70993030995166 26.348231770604272 51.86051916018149 7.022143092665527 62.2911260216184 44.55893407358958 0.0 63.54231251918199 64.23108489742407 15.872161234258062 60.2407024431967 6732.536268281232 6812.534650852223 6754.360252462959
48.018290713336825 98.22800683526677 87.0744904384503 55.59429483915627 31.999917532862234 8.518542847181566 20.717150270992644 3.2677429969824097 78.49770610205856 23.735847665342185 52.001727171630904 19.64410218364714 18.648593511531125 85.99378795063993 58.392108388643614 58.97750160276837 53.10325136301043 43.35878971847165 47.75368452812206 20.26521035989301 48.602848958444 43.65213968268351 56.735382652347425 46.59363012693302 13.789550597037756 32.79173273319057 73.01039247339965 49.78602550979107 75.72470667080724 13.25679997003049 68.88251580317309 14.44310758559279 56.521303774799975 11.996622686430252 81.37823381248226 63.54231251918199 0.0 18.83246394646477 79.30399864294024 12.418802031958768 6673.801787000533 6754.100507829555 6695.831962140047
40.62510424951276 87.76512341423906 76.66524069967099 50.135573262097964 26.19335148626944 19.309285737850033 34.43796733773682 16.175996909600606 68.47042316157601 9.994043826271488 43.99284011718655 25.375410589444535 1.131131351354785 79.48065054857909 59.090469279759176 63.30979549534933 42.081287424983834 40.895315982103924 46.6789799532376 18.53808540109542 53.67395680290731 46.09386911763227 50.21446292924542 39.133267510620364 12.880288638190148 43.028632688806 72.25023936376682 47.13902258088907 65.50956514931502 7.658650682421127 62.01731354703211 15.014659749842151 57.58980378594957 6.9606526679659195 70.9373938109832 64.23108489742407 18.83246394646477 0.0 78.94892414185172 7.485446438821767 6668.594970630774 6748.672690731196 6690.472580989666
41.857756752045425 50.19987984002746 45.066127877822574 31.916401282602347 52.89213113112223 70.79044135064672 64.51336327857962 77.2210617218099 41.23818353344513 69.82560517302184 40.62771386795119 59.66053473644311 77.82269346400291 27.159094971440467 20.93269091119833 25.146335079516653 48.510910087219365 38.05462314974479 32.38009099721559 61.65895455038131 33.78625912732606 35.80083596067528 33.77185144880315 43.038218940534286 69.1242862568844 52.59491539340322 6.746973838619448 31.92947677450139 41.77688083544961 82.90992784859804 28.85998701519883 67.25757850687394 22.862126738402857 77.51092136188814 43.634306095376914 15.872161234258062 79.30399864294024 78.94892414185172 0.0 75.44929439065452 6746.294465303391 6826.195188341229 6768.051461736484
39.59111458072037 88.63283273351492 77.4607539563005 48.37832423092897 23.941755696367498 11.826651321464428 27.013781435501 9.368191228655657 69.03065169021815 11.652319596465082 43.31584821957734 18.90265687088303 6.888667074054757 78.45412273085063 55.04102746342114 58.127232155547574 42.927112892083876 37.71115783730533 43.083388409351436 13.807601594242103 48.167921790409586 41.26366657387428 48.93229404124072 38.1011229798989 6.619786656080258 36.151866252232146 68.85024376679752 44.15846275877846 66.146259055671 7.4699710182831645 61.02316144154837 8.760987907770872 53.39415788404612 2.0641234854575243 71.72031695599091 60.2407024431967 12.418802031958768 7.485446438821767 75.44929439065452 0.0 6673.462374810712 6753.609388360839 6695.387834891662
6704.698888250835 6731.0626966071795 6723.989723940587 6714.840253591899 6693.89432683286 6681.468252413565 6693.82159584312 6674.731013348367 6719.795327794203 6676.9959075501365 6706.531701114303 6691.805387442373 6669.72189073719 6737.510844724553 6727.488823344738 6731.586050159265 6699.908522561438 6708.804978356844 6714.852188737436 6686.938062725531 6721.522384723904 6714.612910313598 6713.577823364151 6703.431340682894 6680.080664569136 6706.519457938135 6739.560894669982 6714.56090023025 6717.235054830976 6666.160737453431 6722.629597102631 6682.197926757576 6726.089129218191 6671.4997696235005 6720.115928343559 6732.536268281232 6673.801787000533 6668.594970630774 6746.294465303391 6673.462374810712 0.0 104.96722984240014 51.52325604237855
6784.545470095143 6810.377056356917 6803.411442364906 6794.677108507025 6773.887002989217 6761.721070631446 6774.183792168961 6754.99141390911 6799.310423123583 6757.006618347942 6786.333301015526 6772.006836301659 6749.79833075564 6817.097391774313 6807.503212680274 6811.736582422753 6779.638692703062 6788.788374933862 6794.849795004824 6767.047247016283 6801.705159361169 6794.719534548264 6793.378466148852 6783.287803191258 6760.228905067085 6786.842590636321 6819.467312727297 6794.507168810814 6796.769781407527 6746.327600458499 6802.329793950058 6762.352447707653 6806.121962894518 6751.654755491307 6799.5902304123165 6812.534650852223 6754.100507829555 6748.672690731196 6826.195188341229 6753.609388360839 104.96722984240014 0.0 61.91252748945743
6726.4179849556185 6752.417340516022 6745.417694102548 6736.552827546639 6715.713762328117 6703.466849718115 6715.895949128901 6696.734738529897 6741.287172877891 6698.827489494087 6728.219910757022 6713.768692818932 6691.598637060851 6759.051949518493 6749.323749127388 6753.5148638928185 6721.547559404258 6730.618264627644 6736.675355387939 6708.837654910142 6743.473278254034 6736.511180075366 6735.265489412166 6725.157209955211 6702.007076861629 6728.567016566915 6761.321700556289 6736.34872317869 6738.740309122828 6688.0997712718045 6744.248425468094 6704.128704463736 6747.936735742953 6693.4306966484755 6741.5798362285905 6754.360252462959 6695.831962140047 6690.472580989666 6768.051461736484 6695.387834891662 51.52325604237855 61.91252748945743 0.0
