0.0 89.01863153003946 77.14614645323834 39.18970530407451 35.298787878456764 39.200645335798065 34.32964692288933 57.723868708659786 58.489753326473746 91.96914269021983 42.51983900641042 10.733200289719962 111.68121593572208 28.83382461181149 99.99572389009266 58.60766150480059 77.54253204320675 50.78775262010787 5.559211717601422 52.65139354715292 3.101652690270798 96.68060244637554 75.52494545225015 90.97758475794441 34.16526919686242 101.09746225222102 22.71122163461532 42.93647820122084 25.171949267614615 85.36594127914242 52.107659416025776 9.431294730117802 103.97491513090156 53.406019487556335 75.8280737023999 82.01157373100334 68.79903758264379 67.72694838151429 17.0659981355899 54.28803093608818 143.78954935618935 128.54320923130257 113.8857852670726 100.0763750543234 87.51732922353332 76.82433401982443 68.87210606531596 64.67958722425558 64.97864515812323 69.71149806968651 137.9793044483023 122.03981064087104 106.52625682431962 91.65518256868701 77.79590399062198 65.59294132257874 56.137031563863104 50.98038605410038 51.43281345293248 57.361746183092094 133.39689782609207 116.8582893411462 100.57680755945846 84.70085975476468 69.50887756943074 55.564732270594604 44.06928496505925 37.356007229404106 38.04665121549414 45.80754364838426 130.1721322733366 113.18042074706656 96.29923307322869 79.59891940663964 63.22297589638679 47.508024817108826 33.40046696128731 23.93493252239198 25.07751636217073 35.827275773647486 128.4073816382648 111.15561655946726 93.9223068492249 76.71989020263268 59.57513389996503 42.557781936727615 25.91999662878627 11.456039664315758 13.760401957733222 29.088995805630834 128.16299703980457 110.87450865425453 93.59098794166317 76.3158101179055 59.05629703504963 41.83184266224669 24.715853152063087 8.399835060269654 11.35581597841464 28.036857518663577 129.4475931524406 112.35019032851734 95.3266126763286 78.42495027403822 61.74540056012281 45.53271438115594 30.53970516018989 19.76944681612171 21.15893162135593 33.21568411301434 132.21659351680876 115.51533298018876 99.02052912371376 82.85557738992385 67.25872957248045 52.73646921550684 40.462849004329584 33.04629474614918 33.84644037490648 42.40063606070769 136.37957362892746 120.23654589686231 104.46515690090652 89.26261375817735 74.97574671413555 62.23836556156265 52.19740292790592 46.628604626248965 47.144329868499014 53.56913365446104 141.81376816732478 126.339438519591 111.40403314098357 97.256153873822 84.29327567908928 73.14813173030151 64.76602519377197 60.310221821945035 60.65231806094395 65.7174292654096
89.01863153003946 0.0 12.737160513455416 49.83468740729017 64.92843757777207 59.77270662794856 55.168721165212 44.319034569214644 43.24616742573417 24.87453290524952 50.96024530426186 87.3027267154034 35.3584741325566 75.28396408420647 16.22039707367685 30.860938597335224 11.808820176326167 41.51048695303878 85.97073998179877 48.765688757771386 90.94981646276634 16.315810802780934 38.58045600842165 29.460866024905343 62.2306906655845 24.87902879769721 71.7054151914306 46.255128938430964 65.9887036573157 44.7796119423995 46.51522008687128 82.03851937820093 38.7965476529274 47.32523463603237 29.854796519324736 13.951798112116942 60.30517996383838 28.262526660122823 79.7563850608158 53.5686620099229 54.82804274825817 39.73367457276471 27.388438884826986 22.807878904151266 29.815820661783885 43.08686632172508 58.503709311070104 74.75025767768382 91.38505954777413 108.22923939534358 50.58250312249208 33.66432458893245 17.512770064988544 8.878103294096752 21.205130470814517 37.672372315776705 54.65776203742853 71.79448100935952 88.99515320106138 106.22871702397958 50.13129441220498 32.98562740171855 16.176217377534826 5.831111397101075 20.125783699665547 37.07837559610083 54.251987632562624 71.48750831605311 88.74887597206435 106.02346714421435 53.57038445398407 37.987631346436125 24.800119104172545 19.640351508271664 27.480040660066607 41.51233057183713 57.35944797355176 73.86237663130636 90.66370177115465 107.62376449209752 60.237054854551644 46.88610932875613 36.97052562110194 33.67551525565023 38.729432439679684 49.64479421630121 63.46613502269187 78.67657238868992 94.60847655999675 110.95148794441043 69.20466702198334 57.91184837811469 50.16952104558941 47.73763626153291 51.375922417799075 59.98992671463916 71.81086007406647 85.5190642848466 100.34402574008091 115.8578398770813 79.70018220183817 70.06759922170609 63.76137318661843 61.80818548551144 64.60406881801993 71.59479349138371 81.71069718541654 93.9476260791891 107.58424461249636 122.15268217602356 91.19747716352921 82.8573708016615 77.5396237514448 75.88232934804655 78.11880608114969 83.93838883488279 92.66846106943711 103.57567056726845 116.04775176212537 129.63381944140437 103.36266421643032 96.02801984286616 91.41988106890592 89.95822660207624 91.79348686730764 96.73820211336479 104.35127734545566 114.09983451856532 125.4871675028922 138.1085080462551 115.98563220996569 109.44197072024154 105.36167908452202 104.03500503553677 105.56581603425856 109.83469918948957 116.54115653048258 125.29437965221258 135.6988664869638 147.40537149059276
77.14614645323834 12.737160513455416 0.0 38.14279818332863 52.19133590581044 47.03762876391135 42.99348800338824 38.14279818332863 31.07358063690887 23.580691739029838 38.254966915963344 74.93552710462929 39.977537680079195 62.555049187980686 23.684550044801014 18.5738523050382 6.906313615021878 28.793868292552162 73.85782947817506 36.2976195719368 79.2124813463526 21.348535489714095 29.534390697476177 26.62803530044378 49.52032615043707 28.45151683042956 61.04101987230713 34.90276712591978 53.60069100899845 38.063109400344416 33.92371328182865 69.84354633179194 39.07867486187191 34.85714857934911 20.764613746460856 8.36974901049468 49.795689381478326 16.298184063156956 67.24621732993272 41.39283884501475 66.73703061680278 52.23711377036804 40.028856952456444 32.78126381319426 33.84703325100601 42.60681397417533 55.53168526672703 70.36266108121292 86.12054699395159 102.37822858773401 61.137263735507005 44.89905584704555 29.87971578750214 19.193270066364512 21.039910096286366 33.40188645269704 48.861091075078846 65.25211432730997 82.01818473961228 98.96887810012781 58.50518322609864 41.26084222755752 24.099196324130492 7.602562117166018 11.555957907368136 28.425251110646713 45.61976724386522 62.87324511426929 80.14761546138361 97.43176639177968 59.23774206201292 42.288487618154825 25.811536045797087 11.952728083971216 14.772038852200653 29.870916669023327 46.53002580094607 63.53367647957559 80.66427896264176 97.85518311095478 63.21807216969682 47.68124622612008 33.89968410733409 24.97171743369754 26.394990220206193 36.99344663563982 51.37164030228348 67.14377490712435 83.52387885045678 100.21427500919543 69.8934418355947 56.19613284401571 45.051347686284046 38.72917449275376 39.610357638863654 47.293956849803145 59.18752168777098 73.26877601869079 88.49955255022448 104.37784492077081 78.57991544356705 66.6469494874036 57.51111931279843 52.64923567509325 53.24523822586294 59.13432991312803 68.97378312606641 81.3424658275315 95.26022747492209 110.14138792210987 88.68842071628251 78.26183301320033 70.58955350168462 66.62993051425934 67.04403207598004 71.75617641405766 80.01054611660328 90.84667382834405 103.4564682393573 117.26915840926837 99.78761291436311 90.59402417394905 83.9980275684029 80.63958053935625 80.92278516429224 84.8111682676074 91.84798997187045 101.37975219552816 112.77560437613624 125.52888760216823 111.58211535072714 103.38701215630581 97.60046069647282 94.6651752404858 94.84624772913233 98.12642785254651 104.21348668696511 112.65334260830478 122.96247485481588 134.71241468846543
39.18970530407451 49.83468740729017 38.14279818332863 0.0 24.95256057571687 22.397782718672964 7.180906449037373 27.43398924992032 28.465498971143408 55.49613830834285 14.732753667218395 38.44048782990117 74.9019760460273 32.10956537213611 61.42878801965763 19.84573595204348 38.36975627773112 16.19138030419984 36.372288321509345 25.89627282897459 41.13084301737471 58.41423267665079 43.914447777091446 55.6097965937536 20.575512949683596 63.754463043834285 24.216340097646192 4.307771482786288 18.107024506580387 55.24617103031567 23.26436808934027 32.65181177468808 69.28315650372255 25.568100902377505 41.0263257875653 43.702771010374995 48.42437734648902 31.35381206563084 32.00505696279825 31.482910853471097 104.63273171048621 89.37144614846937 75.00137094921757 62.14385985933378 51.93473220022073 46.165754795688684 46.51925235549447 52.87256547852576 63.448238253656875 76.51505153383708 99.23319454369721 83.01514587423483 67.33877548125187 52.68980561592388 40.207328215058894 32.49233082466771 33.06936008678337 41.59473866465293 54.4552172567813 69.27718081877053 95.62297246196744 78.68457121227813 61.947418813513565 45.633493345226896 30.43124707570176 19.19421654444913 20.235789221464252 32.39241344146527 47.83055297806507 64.22590765625966 94.00849159526048 76.72357734631461 59.44856334591592 42.19561092401426 25.01041808705092 8.323819964971461 10.57187206749652 27.440053088430506 44.64148387164159 61.8989594848632 94.49212752953568 77.31271260427407 60.20350481975997 43.24790806646936 26.73974960369532 12.58411549599166 14.156935189961986 29.003288819324556 45.614425436548906 62.60091014253856 97.04250912983639 80.39592698429725 64.09736600079529 48.49897252527629 34.56210495638629 25.21187452965153 25.989399586579527 36.24872300828312 50.509421931576995 66.23552100820451 101.50393464141679 85.70442809091311 70.61271662621827 56.795853833593696 45.43224388658694 38.744226215865666 39.20265111205733 46.59707235449922 58.34751887108953 72.36218123669455 107.63897997129246 92.85728113829903 79.10435935074048 67.01660266867918 57.65111235274655 52.4859679839848 52.76934026919711 58.42199985618833 68.1201674938077 80.4132124022512 115.18044112728614 101.46508652921885 89.0083470888259 78.41237287625022 70.52096773691912 66.30690660205997 66.4732813839749 70.9893000036162 79.11356769957372 89.87282556563788 123.87161397853586 111.19034316768118 99.90540735735657 90.54043719167663 83.74206503996446 80.16594345791538 80.24403944879937 83.96615738999967 90.88568451441994 100.34332092932137
35.298787878456764 64.92843757777207 52.19133590581044 24.95256057571687 0.0 5.286623403160234 18.30053609400469 52.38356731227796 25.51830245360131 60.79536213697179 14.36868698864503 27.852038808180406 80.15600544767321 10.566821127958795 71.94132671651153 35.25018746431074 55.301031688515685 23.53197453770859 30.035838628830955 19.06590528916794 38.31196223504677 68.02147961553096 41.76737641714152 58.78858001977238 4.42250898218878 70.62324782117705 36.07160084017816 28.727359475179995 13.654059468619733 50.693668727391895 19.785200257163343 25.877076253863567 70.84786196977089 20.201069231008834 44.051028034024476 54.32415596321253 33.73331829084824 38.37135550219718 19.24552347311771 19.21545340203433 117.39755985284889 104.07910636603106 92.09464094433064 82.0309367623603 74.6687047477623 70.85510241850919 71.16294538824604 75.54186416469501 83.35268966280081 93.74144064216914 109.40362021109533 95.01435471012162 81.7618552017867 70.29204941405987 61.6087764496495 57.00007316309665 57.45496693793856 62.86363011581979 72.12001550883511 83.96103359662534 102.73008044677965 87.2841766765469 72.67936595278302 59.53786728121776 49.05027740540744 43.19498182490204 43.86784544927946 50.810175576030794 61.94888770519992 75.44773092535029 97.64813996326409 81.27041436597884 65.37056535573898 50.40288612284137 37.50067459441701 29.510333978915963 30.56351712525491 39.95130658175837 53.448992199035224 68.67453813112724 94.41523236292547 77.37441679399981 60.48204009982746 43.90975408092308 28.22708558565114 16.253699464642835 18.17442324626509 31.54598394092948 47.5257937722348 64.194747238068 93.22397168557606 75.92296567546263 58.622505382833666 41.32327622590525 24.02793746877936 6.766387532792002 10.627314889630743 27.907153985348597 45.203896575845995 62.503511005353964 94.15190289024139 77.05434747839072 60.0739284487614 43.348518541148316 27.35002754424025 14.685595668943924 16.793516610868373 30.774834633083444 47.01990493130208 63.82292095567123 97.13830027113626 80.65993516708421 64.61355066668881 49.42172341636676 36.17751495446149 27.817772346221762 28.94053136243949 38.729707976958274 52.54651493299385 67.97788030208167 102.00248239715434 86.43058834879741 71.65676640388631 58.2910209448868 47.53629620056682 41.476031302017354 42.18445532580056 49.3710517628387 60.77975498153994 74.49538147679795 108.49211066600938 93.96820229546623 80.54940620663004 68.88460981891576 60.00559083856988 55.271613205625464 55.748814815947114 61.31564492827004 70.78124825840725 82.81944656508001
39.200645335798065 59.77270662794856 47.03762876391135 22.397782718672964 5.286623403160234 0.0 16.573809798932988 49.54051823430107 20.402360424781484 55.60132002738679 9.791351747614573 32.49403352659986 75.02118175611747 15.85343670331013 66.65470440181736 30.42910328940273 50.325038972865464 18.532654164858105 34.142716707776025 14.026236413976513 42.132044440605455 62.73707892889022 36.92731883165388 53.692285515210244 5.133130025322967 65.39721653484426 37.14728096752124 25.745994418943518 15.531026293706494 46.25199990713884 14.534838921036078 29.881347342427148 65.92513016361579 15.080693218733968 38.8700533304882 49.04841993288344 30.978265042975053 33.08593118374502 23.87395604651041 15.145606554639157 112.11365100952275 98.84039469940544 86.99464209399812 77.23602222639651 70.43741728348536 67.49924166921042 68.91702798653945 74.44230729405308 83.26132795024584 94.45597702908543 104.1318198546279 89.72898923794403 76.53657064395853 65.29242923467608 57.158162305715706 53.56966729857494 55.41716813732508 62.218287727807876 72.5938541794579 85.24857497172906 97.54598693670049 82.03143559783348 67.39287198398786 54.34287323695212 44.308040563237725 39.64798803273158 42.18328295838658 50.84881195120348 63.1702453856819 77.4213409645919 92.65441547625377 76.17766928547557 60.16597264359095 45.117198566206 32.40199569095716 25.74737693560053 29.57491993896024 41.05039263814822 55.62646814322226 71.42957060195046 89.73467903228011 72.61506303505331 55.60840827311805 38.863294949044594 22.959295513471663 11.942183184489974 18.889551622784452 34.20127942588251 50.8070152713091 67.76201752999467 88.98113799410358 71.68608134560795 54.395396659413834 37.11519467636413 19.872839582645437 3.3219586654310103 15.028461157290728 32.239532552777796 49.513976337707255 66.80264834124225 90.44796031305985 73.49067868599961 56.74185843060571 40.461209301148536 25.559591812194842 16.376456413264915 21.94985720374411 35.973830119003196 52.01104681838096 68.66508460917503 94.03127500036894 77.83893893808128 62.24652033364272 47.84419833388812 36.08620895540681 30.233603512858686 33.53559643166849 43.97625287276115 57.80912166294502 73.1340373567728 99.50263781637446 84.33828623156137 70.16995207917137 57.73562057839544 48.39096662564017 44.14378186178442 46.415141515460654 54.39449701452154 66.04438891891519 79.77258531850556 106.5715776154943 92.53649602046171 79.79474983407012 69.06589731426463 61.41409698296564 58.06876536030716 59.757583440107965 66.09578740429583 75.92782436180921 88.09150343560437
34.32964692288933 55.168721165212 42.99348800338824 7.180906449037373 18.30053609400469 16.573809798932988 0.0 34.34880602637289 27.545404322656594 58.19138938968729 11.432649324677488 32.245616337747805 77.84634865586433 24.941279269283616 65.66666885844597 24.42036404382755 44.04082190508167 17.082780401070536 30.864400255549278 23.4952662027438 36.59800417160713 62.36630410282934 44.14822282745553 57.70133755432109 13.87806413080678 67.01861501994627 23.483020927931868 11.42646799653725 11.24966057848387 55.106072503727546 21.509297180661637 26.874404961798227 71.13344214296266 23.56576363921859 42.68299773309472 47.6848213845394 45.213438426991644 33.8043942400394 25.28122210949477 28.15109127250051 109.72867275184402 94.88224343034862 81.01604003854008 68.72595943060362 59.00522338752661 53.27922114442216 52.862411560343155 57.869627937930055 67.09734160740481 79.08168432159627 103.65603277353813 87.82235365606904 72.66130202852759 58.696423765774625 47.006189518553256 39.656019505969766 39.170451273222646 45.76849312274912 57.042896247959725 70.7936113060329 99.22617865380032 82.57204715685997 66.25075138418019 50.585489937220295 36.43257020014161 26.35304909499989 25.697176262238244 34.99881691052603 48.86921473114802 64.4219974676808 96.66529198890196 79.49078211521864 62.38672340274085 45.43275384825783 28.894290737405747 14.294684392496043 13.134268774074954 27.191783322608657 43.646193350397 60.57475016351727 96.12290434148693 78.83335184035174 61.55075577467986 44.28326163680103 27.059795576881474 10.107985103020402 8.415684151291707 25.26241610252218 42.47668943845183 59.74162849031211 97.63266982273602 80.65905544759717 63.861885218636026 47.42899630700531 31.927905455252176 19.697328547417417 18.849151337259677 30.353062604127974 45.67317004371892 62.044183154385344 101.102675163999 84.807652136208 69.00459144860017 54.12613292881945 41.186790788573596 32.58487455778805 32.02975506170698 39.85906689276581 52.44324611108262 67.16064142468353 106.34115385679266 90.96181306663468 76.4091977893939 63.25648753433844 52.5652410023877 46.08177021678011 45.636149807620484 51.38570258834232 61.62001566016842 74.5135280840676 113.10257694692834 98.74719469248083 85.48988557572477 73.92380631971628 64.95871207988887 59.77655007449981 59.376208468521526 63.84770046720905 72.29260063987127 83.51411790158551 121.13209910205332 107.81088895342567 95.77096448552523 85.55498242755945 77.88401579580118 73.55863194562598 73.17453293354568 76.7908830883371 83.89192273338975 93.68861826819749
57.723868708659786 44.319034569214644 38.14279818332863 27.43398924992032 52.38356731227796 49.54051823430107 34.34880602637289 0.0 48.9317466388167 61.43585712616711 40.70551328568082 60.98226306807987 77.8722076428679 59.06641577812203 59.99745402733584 29.585543311735286 33.572085683913514 36.89637903192761 57.07335980643697 49.235314098764 58.470686511928456 58.710842587932035 59.32811179555127 63.75584779928651 48.00925005201845 66.42763972360932 35.58253860167886 23.79577453132827 43.95078496968476 70.42673697807584 46.070782281664286 54.48728209081098 76.91191635567675 48.3610264238067 52.82022988252478 46.39168758139261 71.21481976887785 42.96057720732931 56.59225432453403 55.581417355974814 95.70004522988431 78.7777888604587 62.06523482743058 45.7925619108948 30.668160595438977 19.565924921560665 20.58705315379856 32.61196241980211 47.978801818781264 64.3358589810009 94.02588415321081 76.7447896854578 59.47581118013306 42.23381353613146 25.07451723714696 8.513597485775314 10.721230723497492 27.4976681357894 44.676752748918396 61.924278260396285 94.44870100385688 77.25987353621274 60.135947093776124 43.15425058356381 26.588713592991034 12.261450736933229 13.872267095316538 28.866062272132996 45.52771073067443 62.538056207317766 96.94105533394479 80.27399844761628 63.94507247442328 48.298453497990586 34.281478620827045 24.827601418358242 25.618560802443078 35.98502984058827 50.321416288597234 66.0929523590929 101.3503494561685 85.52330821779071 70.39379105968862 56.52470299585149 45.0944002696322 38.34937392657889 38.814310292157145 46.27238425196259 58.08978449980249 72.15552120238415 107.44077437379954 92.62850458486434 78.8369221009163 66.7021834162829 57.28702139503717 52.08766581393527 52.37506660099455 58.06781238220444 67.81809957564671 80.15871123522881 114.94533491243395 101.19934555307871 88.70669435266018 78.0713793040624 70.1433922128557 65.90708032740734 66.07634648668588 70.61951893320757 78.783512901761 89.58381504003995 123.60663224168024 110.89641786691685 99.57968725115785 90.18256697849554 83.35681926294133 79.76531768764781 79.84569588612429 83.5873618127467 90.53751496176447 100.02958978762283 133.19909535940266 121.45013081640495 111.1617757768721 102.77362191345337 96.78101662052991 93.64498836058002 93.65294102328288 96.80409975757614 102.80984849465122 111.2086642967183 143.53603452617793 132.65605437955273 123.25307889353543 115.68781823682002 110.33892449872243 107.53763234713149 107.48331788054873 110.1800436326567 115.43516599091215 122.92099177649398
58.489753326473746 43.24616742573417 31.07358063690887 28.465498971143408 25.51830245360131 20.402360424781484 27.545404322656594 48.9317466388167 0.0 35.327853858164936 16.550701405645594 52.70914263406841 54.63817413303329 35.89607909049839 47.423252222778366 20.678402038336788 36.20710525450882 12.748216866673898 53.78643968514844 6.49718967522541 61.25147099945088 43.30462169898314 17.071358353887305 33.290149177239364 24.831090335245136 45.23716840502334 51.01303688005528 28.95883491347216 33.437247376104274 27.617758044206887 6.401759382708446 49.47451393117963 45.675829822117805 5.322798000016371 18.579454366695458 30.726766440884724 22.423168106239363 14.987907604086399 44.131535833036736 10.331432996046717 92.95661944744282 80.68150519282977 70.5462461186891 63.5825116140164 60.888374140486235 63.01386996903773 69.5183205501126 79.331843267487 91.3946453603242 104.9338669100911 84.27903751602591 70.55895291236031 58.76119731101386 50.2582688201278 46.878690919267285 49.67929691514101 57.7681246346389 69.31798257070699 82.89458361941216 97.65625469406062 77.23264709605445 62.01370036280687 48.22058255502046 37.46276051382691 32.86944725498883 36.82459768359846 47.227213769533286 60.85619722284266 75.99507914634361 91.90068368855982 72.29610067018336 55.77563137928488 39.922772896696905 25.98935151461012 18.86204773983269 25.195617756586692 38.89181558804051 54.6721075295149 71.16331372318821 87.96651041581697 69.91780801888076 52.67107748358788 35.47813998873719 18.489670616378856 4.873490597945266 17.445555032128713 34.40432180430633 51.59148007096549 68.83616608784423 86.1038221921226 70.35771258570703 53.25098952558078 36.32961934108137 20.068078840353603 9.183002019025357 19.095561125180414 35.265657149042774 52.16709580264836 69.26657480824579 86.44665451997346 73.56526910342089 57.40380322483736 42.15750697141853 29.292065929304936 23.184171794227588 28.560418067424738 41.14122144036402 56.28688733637929 72.40537434049682 88.9695101911782 79.20490254341321 64.4423933103322 51.29263425961549 41.32497317839893 37.19246284315391 40.712553122402014 50.30359307636159 63.26213540676647 77.9259320197179 93.49604692716044 86.8037944803376 73.54272176727541 62.29659566249966 54.331394745334826 51.2019120401375 53.75938853778628 61.296073553788595 72.27064499449345 85.36734938017389 99.75381330895786 95.8972224367782 84.03754096727717 74.34401127829389 67.75284816719184 65.21163667228376 67.18154047914416 73.29975379038963 82.65011271040899 94.27577131365965 107.44065190854836
91.96914269021983 24.87453290524952 23.580691739029838 55.49613830834285 60.79536213697179 55.60132002738679 58.19138938968729 61.43585712616711 35.327853858164936 0.0 49.62507658781647 87.39013317703215 19.71222879002072 71.22134419175923 16.224989692411892 36.4729386048519 29.60450934527386 41.24211581447714 87.75424550497311 41.82408694297086 94.47796967235172 12.11151353747769 21.72890033481919 5.0633224395602925 59.67965580513002 10.067908219367052 79.66633898480978 53.40717442573833 66.90881435393355 22.546965888371435 41.10101253540503 83.47773469148925 15.509437591364097 40.615406899152795 16.750531811777737 15.21172310132868 43.63508239906754 24.38926222190094 78.94668019843525 43.95289374893293 59.31908968938999 49.7824552999248 45.12798448578435 46.83461098164317 54.30589527695544 65.60094063170428 79.09829476965969 93.85254782237328 109.35613793182235 125.33129197051095 49.3712359407721 37.44329183851161 31.067510440805776 33.572149800043164 43.44763762642818 56.982577375167594 72.14596294411132 88.10093501022165 104.48549404499363 121.12543546852726 41.94733634293928 26.96589113298127 17.130434267339574 21.411597489426995 34.95959769760491 50.83898770200405 67.42213364459562 84.2947078708213 101.31220893871864 118.41216922340658 38.53497512485644 21.30211285454769 4.618364226059904 13.696427857058676 30.863709365937353 48.127523803623596 65.41148302074757 82.70295790562507 99.99804974881312 117.29515860704235 40.16987290604732 24.121902508437987 12.199451528263594 17.73414785611591 32.84640510622011 49.416450724867495 66.36111679061909 83.45251935534108 100.61590876890807 117.81982920372867 46.32062543152126 33.33790583680417 25.998883579616404 28.96857410695058 40.01405978888852 54.42225677384552 70.15090477289424 86.48252543154331 103.13105897818808 119.96463563562679 55.5056906512238 45.19316124210594 40.03333306538027 41.971651081526204 50.19240019763876 62.254641477859465 76.35908287961725 91.56683076031163 107.41026606965856 123.64526607587916 66.47893989414816 58.09363553743652 54.1201517109805 55.51405626777731 61.91388661828771 71.99685798528986 84.4539226669038 98.38740690823688 113.25368829443866 128.73000145996798 78.49385049577116 71.47547120513428 68.22677052954475 69.28010006084077 74.45309346568708 82.97882141386799 93.94890789153368 106.61144684557033 120.43377730581476 135.06028152728055 91.13924658398759 85.11177711493303 82.34286439118976 83.15864600569437 87.4588695998377 94.77039471506092 104.46282560492813 115.94057325975325 128.72696491770557 142.47009103567055
42.51983900641042 50.96024530426186 38.254966915963344 14.732753667218395 14.36868698864503 9.791351747614573 11.432649324677488 40.70551328568082 16.550701405645594 49.62507658781647 0.0 37.91499588075202 69.31764070346536 24.38768294857779 59.1379781602178 20.89394471480575 41.01970921055703 9.471678896074016 38.14533084838004 12.064646279135363 45.15950802281641 55.44272794316151 33.52555105042515 48.46393771661718 11.27210628925676 59.025848167410324 34.812016487736926 17.201526253766776 17.353567040846336 44.15228380829792 10.267966689702243 33.85918754836237 61.49592287606708 12.194857118466295 33.316569775625354 41.20181614637261 34.02779205383959 25.778615857879828 29.66920450111887 16.959500519315387 104.26105065510085 90.41170118797324 77.95435676966558 67.66228467215777 60.64804032283137 58.110944092749946 60.61580529992245 67.60448861853266 77.87910445587984 90.32518995464486 97.00786167042006 81.98242239383285 68.0471450577047 56.02155239634095 47.38268385050177 44.16477259684193 47.48304499383117 56.19124485997941 68.25669527254806 82.21435953402428 91.37189426453726 75.26138445977894 59.82004709423918 45.73083415208684 34.68269690399302 30.21884927097931 34.95965320826503 46.15067678875944 60.301755348226024 75.7722082456712 87.66570229391786 70.73730318476774 54.04599029895842 37.90625773321859 23.484292318458458 16.274271058681773 24.018828316941217 38.5703076391225 54.74619120499139 71.45162401184223 86.13879263836179 68.84473288422174 51.555954768395765 34.280450343291896 17.05859480948194 2.3570353172560305 17.855787621301026 35.08299110886417 52.35949728740347 69.64862686881251 86.90613078710699 69.79808967937899 52.81651272922437 36.14011137720841 20.526671024358308 11.631583548161556 21.164975498348774 36.86911416570384 53.56696659683133 70.55651054936313 89.9089838406608 73.48668179705165 57.58185318522033 42.77566620680835 30.701071824351935 25.574682626686034 31.0529122679409 43.280627511027795 58.145098363583244 74.07565455775278 94.93541716583073 79.53079227149045 65.08660638447688 52.40316466168394 43.065333241235926 39.52037591639095 43.218089068861914 52.65408111181154 65.38965680747974 79.86155584298446 101.6857240039921 87.44325956013924 74.50745175181142 63.679640691878156 56.191925211755255 53.466511273350854 56.20055822594272 63.69487585712554 74.52698319575406 87.46544909915269 109.84245770392954 96.76674876244024 85.21110887908334 75.87327425353739 69.65102781031108 67.41267583951266 69.54396675809781 75.676608148047 84.94837248983745 96.45825115437452
10.733200289719962 87.3027267154034 74.93552710462929 38.44048782990117 27.852038808180406 32.49403352659986 32.245616337747805 60.98226306807987 52.70914263406841 87.39013317703215 37.91499588075202 0.0 107.01548761231155 19.562844045068985 96.87229036446897 56.44964438907541 76.28082939970425 47.00145243633625 5.963316556092564 46.47216769620527 13.60565053323967 93.27690491332234 69.41895083253684 85.87084059998033 27.879993564630624 96.91019029174382 28.622143260117294 42.61198864047534 21.334843988879236 78.54568471853872 46.5107127262049 6.548248219634999 98.36430093708931 47.43177937853887 70.83273526883873 78.85491833480533 60.29784134430271 63.68879761757231 8.625170061967438 47.04942689543189 141.5958906668438 127.03626625182035 113.2506841203643 100.55799215458083 89.4247725251963 80.50067030364065 74.58293183431826 72.41241154952579 74.31815925911015 80.00942487398012 134.8309714921032 119.48547171323011 104.75142837775726 90.92657622497876 78.49279904190035 68.21505302964438 61.18957541495421 58.59805065408945 61.00816062527519 67.88929596537811 129.24292133081775 113.1719170415072 97.52300570435354 82.5366234996927 68.64805560587673 56.67027969781367 48.054025914152774 44.783500925501876 47.96496895461283 56.51918507504227 124.989771287592 108.31227353765867 91.8660065486942 75.80162668177273 60.42448960657976 46.422625616621445 35.464211290368084 30.968843765602212 35.48432293768688 46.45335244023942 122.21103472609785 105.10847148427618 88.08380500263549 71.19294056867928 54.560288003440604 38.52177857240283 24.2846037423887 17.15426158895351 24.443967754798276 38.72284320303048 121.00836667904493 103.71412227308593 86.42295447742721 69.13717170614763 51.86215876370058 34.614044272908316 17.472668926422745 3.3421261329613006 17.769608998391043 34.91506480035943 121.42862311476894 104.20190939721665 87.00504811093222 69.86008828971381 52.817596870953416 36.02330088879982 20.10897657667914 10.477439350187874 20.344424200572224 36.28674029321946 123.45522534173362 106.5459788604853 89.7864647976782 73.27948971472419 57.24394000566786 42.22042662611763 29.782056414043225 24.291727947431248 29.864961271833252 42.337388671583646 127.01127568493162 110.62836496710719 94.5733185577985 79.04616685560731 64.42970487340253 51.5051813870269 41.86988193892877 38.10638767641484 41.83076635955684 51.44157570493514 131.97314956627784 116.26604735141632 101.08103519002984 86.69289435688464 73.57064997491868 62.51658574040438 54.79695974126622 51.921002018416885 54.65870885603563 62.27406206828767
111.68121593572208 35.3584741325566 39.977537680079195 74.9019760460273 80.15600544767321 75.02118175611747 77.84634865586433 77.8722076428679 54.63817413303329 19.71222879002072 69.31764070346536 107.01548761231155 0.0 90.47635008549825 19.376836410884202 55.48550786619868 44.41773481621946 60.941023365963574 107.45605842184187 61.10099315209871 114.1855234924032 19.34489737329915 39.426677834655614 21.43446265191704 79.23305850530143 11.539338300658482 98.96921156257932 72.57788515908067 86.61597166865636 35.50249738228254 60.598465003170475 103.17558306391331 13.351336621270919 59.95827912980498 36.200783643570524 32.233653607200814 59.19824680811873 44.04850842105873 98.53543596399345 62.59924070831167 45.13065705573867 40.77505975381897 43.44122744384952 52.06131421667098 64.28317109693296 78.44091525884586 93.66073744589522 109.50066549047546 125.72654134363056 142.20631527722392 32.81939746935447 26.59561037933462 30.598207124349386 41.99862156749112 56.482105966894885 72.21691299020057 88.53839221285283 105.17376771692575 121.99469694267694 138.933800403613 22.865175632770175 12.472460371403724 19.672852786859483 34.888291214781034 51.44003741301166 68.36428082161422 85.43995080456564 102.5914633520858 119.78624449385097 137.00800431037715 19.3363464853287 2.705674238301161 15.474515737905357 32.71565662060418 49.99881324059207 67.29161945868874 84.58815732615126 101.88652637541824 119.1859292887302 136.48597294425622 25.10675368575038 16.205055248612595 22.216455221638306 36.376507276640545 52.456096048958784 69.12847514408988 86.04976740683918 103.09748395444146 120.21785331889237 137.38371682015824 35.946863164664954 30.35470416688901 33.90203907273943 44.45219382729765 58.321144650401145 73.65747338217561 89.711760383514 106.15877547996327 122.84087416569417 139.67384942822412 48.57333189307325 44.53901719722411 46.9764133249778 55.032232728891294 66.70092760643644 80.42502547117525 95.32082445286674 110.9172588027338 126.95637400125459 143.2895926845658 61.90241294374429 58.73275638241606 60.54635651965599 66.93939478968211 76.77630189812004 88.92139878902043 102.55791760175305 117.16626832561857 132.42522068582522 148.13385967829018 75.56306330038691 72.93027545573106 74.34084413946853 79.5800516665117 87.96644602045221 98.70103400512106 111.10526579493137 124.6818092018461 139.0877941744213 154.09076193518248 89.40327359657695 87.12957412226599 88.25449769692929 92.65433805678765 99.89731066173746 109.42026920704873 120.68468945021867 133.2496511798541 146.78154219023 161.03679402816817
28.83382461181149 75.28396408420647 62.555049187980686 32.10956537213611 10.566821127958795 15.85343670331013 24.941279269283616 59.06641577812203 35.89607909049839 71.22134419175923 24.38768294857779 19.562844045068985 90.47635008549825 0.0 82.50813761481128 45.192942505614184 65.38714276114634 33.78319821176772 23.27979609427516 29.403950559719178 31.935236444257804 78.58527059592767 51.71118169901301 69.06558197974897 13.165510828407909 81.09529979314742 36.18925781247967 36.282164370799535 15.616138861131759 59.99343789941383 30.318777034529706 19.750050437550986 80.83205487184014 30.60863067860194 54.47090940917907 64.87337166888386 40.780293752151714 48.936192479897194 11.770390254767921 28.578915805636274 127.95896574844573 114.5606840321247 102.34006324355448 91.76879411065671 83.47586124130953 78.18959046746694 76.5355441297821 78.7429475151013 84.50975601518155 93.17741545091776 119.94618533867629 105.57859294937771 92.22410482867835 80.3892159723246 70.83968442293099 64.59713650938492 62.65790862309795 65.40589646669979 72.30866741907043 82.32769756750585 113.12425212932679 97.79637536155707 83.24582610906987 69.95931683694756 58.800054228082345 51.17898650370372 48.78353061588779 52.33621095062248 60.80318257669871 72.48225274922494 107.71976045333568 91.52075305837094 75.81066755623976 60.96863141922875 47.81002348800664 38.11994624572852 34.91661330574595 39.798455935311715 50.47149623333616 64.10565026794511 103.95410319415544 87.07817139666231 70.40931569641822 54.1391446193229 38.772846989247576 25.967899173547774 21.072288713786584 28.503725302239857 42.185243876086126 57.83976734007653 102.0089905860147 84.75742730796951 67.53163824622956 50.35807980301065 33.31761689482987 16.819760596874048 7.379597170892492 20.6088796191545 37.33238193300539 54.418755216441056 101.98866747008638 84.73307857653509 67.50121698526439 50.317465761243135 33.25648513429926 16.698910834458392 7.10118436202221 20.511299138455858 37.278859184097854 54.38222750589275 103.89426368214654 87.00705348704474 70.32174760776576 54.025739388268285 38.61507925740242 25.73285206616941 20.783322753536414 28.2917803207096 42.04300967538668 57.73660876086677 107.62349998226793 91.40795447886791 75.6750834916193 60.80074100654125 47.59674020950289 37.853361494402904 34.62675267127375 39.545603434256066 50.27330531873268 63.95047639052152 112.99591219978606 97.64857249396117 83.07293964866658 69.75446186051529 58.557310842259085 50.90122211612799 48.49342459612953 52.0671883391031 60.572881971324065 72.2900962460843
99.99572389009266 16.22039707367685 23.684550044801014 61.42878801965763 71.94132671651153 66.65470440181736 65.66666885844597 59.99745402733584 47.423252222778366 16.224989692411892 59.1379781602178 96.87229036446897 19.376836410884202 82.50813761481128 0.0 41.59354819610669 26.506947321010056 49.87842309520874 96.36341826562021 53.74769331502879 102.2120339162991 4.358183447911509 36.81239126677835 21.196609619945896 70.0538494997962 10.42207890081005 84.68350812276402 58.415950480635786 75.68549922904278 38.7688921754345 52.29161096791083 92.22131788701907 25.496403615101908 52.38823450644425 29.811907837507103 18.033085467058665 59.199411533873345 33.58706844972344 88.7828423591417 57.10051225035896 45.55086609026383 34.101291923946356 29.148314660206378 33.690648725288355 44.9355627857449 59.17819887016047 74.72364463410592 90.90597527362631 107.43779149136212 124.17959239563088 38.00948512858941 23.143422995362116 15.007584523777709 22.66163400181511 37.42437995639781 53.724587217531855 70.50383553634917 87.48692974396123 104.5746021925499 121.72281819123175 34.90343187505526 17.611978488456728 0.9097341580252465 17.03487735611941 34.32579317622763 51.62409038574268 68.92421156221512 86.2250588351763 103.52626817926722 120.82768406064815 37.355995668342885 22.058843948587977 13.282602054507542 21.56328303730222 36.77275581692147 53.27484117670286 70.16334207711706 87.21406525002472 104.34751803658534 121.52871512643182 44.456506915202404 32.632007996300786 27.423070429993597 32.21663459963251 43.84641610455544 58.359358912162584 74.07989772635395 90.3800731835446 106.99529857469827 123.7987888159838 54.41482409426686 45.22100839012397 41.56454293479124 44.82173546296532 53.75006810598451 66.08976307842195 80.28293004668345 95.50678531172444 111.33933866624069 127.55412866220252 65.94871215740093 58.539333788670845 55.706129952038445 58.12220381837271 65.20664527326421 75.6592423129409 88.29175304188136 102.29977864591045 117.19110083256523 132.66861672888137 78.3654256020697 72.18427991706685 69.84762146994609 71.73213926450507 77.5306326714988 86.45916852333015 97.66302402150436 110.45195480294973 124.33781402864007 138.99222745584333 91.30536394825148 86.0003732357754 83.98891495178233 85.50374494777893 90.36770381367606 98.08380249495566 108.04268442397166 119.68579668807699 132.5701215392407 146.36824534247276 104.57432803469986 99.91648644232811 98.12993789378822 99.36967056527159 103.5270226293665 110.27249733907934 119.1673998720539 129.77049349584476 141.69883216820665 154.64605833253543
