0.0 44.06505660645399 46.50668756587409 18.778450251568398 32.56092818178113 23.481453300622796 44.22081350446518 18.935361240301965 39.69851655204811 30.053952223998138 29.636129662908136 31.9489748698999 14.01897124934112 21.94795775278227 51.92538165974221 16.37198621622237 61.51102882214067 53.2787482348717 46.41499577436543 16.442479592435852 5.6904527846281585 42.69303613012612 51.402369564404154 23.617030728458815 30.026123830495283 26.503727887019526 46.79310223512498 19.19987700212887 27.738551930597254 23.35752684635733 33.22990874621537 29.61620943176225 10.286875269475859 19.283030639478884 52.65167488270848 11.518804170888718 52.83905865671515 57.337238314791016 57.52623392809886 11.801601506145762 36.48635968951146 15.018222487565989 45.65693949251752 28.816222556963947 42.696828679336775 30.53461652433809 40.88868829161888 22.10598703080153
44.06505660645399 0.0 60.89997734082864 57.60984192693746 74.39686936112233 44.90794197216856 24.139939667866773 55.9016000326665 44.23970585371883 63.62388701838888 14.619019240857144 27.968823460710666 30.293969142602762 41.70551360976032 60.85974978450947 44.379378922458535 17.5665114958376 69.88092054174362 73.80794841394439 31.341422029106873 43.26373959043122 1.4384460521672449 63.5970333293301 62.70036095111679 72.54913884726683 49.41380801599933 39.77021390585877 62.05170065304193 38.461445962206 20.784848413092064 10.837383340413714 22.06264951938975 34.102965462694094 34.32172778452755 62.25928455893164 50.01516926978163 10.421919329638751 75.62458064167552 76.12781096466017 40.08069522466013 43.899554838809046 36.2529432597376 56.917025368757535 18.769938978028883 55.730511196418654 23.59016058393376 20.813193248122083 26.000446722189047
46.50668756587409 60.89997734082864 0.0 35.420647782972026 45.43700362153187 23.456381155761758 40.337414034724574 32.886018655670476 17.04174085680387 26.644283598945727 54.34946493117978 33.01078457194922 45.096293852360986 66.89891591514505 7.611864774387298 30.197525299142473 74.96039484889616 8.983549975478073 19.981102237778703 38.76562771565094 40.85458283643059 60.34475789477115 5.019081963658252 35.7727946878244 46.762128332370224 20.005997962340313 26.22500076587761 44.18210257284906 24.261814349808756 51.182649153909516 54.322574241103304 39.636108877866604 44.382427190753205 61.21359375113274 7.440586691589973 37.035943070748864 62.56384245564186 14.735588737940624 15.255312853481604 35.79890680230248 17.0055126865348 58.005180175691955 91.17312702130513 59.63464574149094 5.195227857401841 37.71470360270296 41.604076930952075 39.78503802580532
18.778450251568398 57.60984192693746 35.420647782972026 0.0 17.12477773553887 18.86026862360049 49.96463082390899 2.842342521958149 35.94906790854669 12.196985057876345 44.4447801558082 36.77285308279802 28.408086315143755 40.253307159476726 42.379331057406965 14.418969140108004 75.07902506959275 39.912562309581524 29.296843814549455 26.285505046738624 15.738847431180886 56.395518797024046 40.39555172053078 5.204590943728374 16.047454736969428 18.15791119390671 46.15310138043869 8.964497006013117 27.209868906909247 38.45621404319219 47.15738636207341 38.114593044663934 25.00608445814102 38.04184877094305 42.642612328240325 8.02644547379821 64.67948898354807 42.752561807582886 42.79422365133499 17.531709047949853 32.58168606519589 33.79219251421387 62.971251945646806 45.5998276177475 33.31045803679634 37.93048079873505 47.92255107249058 31.94732760421878
32.56092818178113 74.39686936112233 45.43700362153187 17.12477773553887 0.0 34.970763231362824 66.82531757194332 19.41773631282913 50.6616578121508 18.95611478586108 60.806313552297624 53.70486549032326 44.56759209885221 51.150924703699864 53.00879239928116 31.47822751240885 91.92996753846788 46.919304396890674 31.50027261119445 43.20340992410561 31.446277941685857 73.14292962231741 49.92176901947734 12.628594232465492 3.407404399384992 32.96371548247048 61.54004795742288 13.450922733950083 43.58712006692056 54.6464143309202 63.786237895055024 55.23918865698478 40.91402130512882 51.10554340804188 52.85668963281096 24.382538193983407 81.73536046609779 47.76739931957207 47.58064782575588 34.46167110713075 47.48774596144439 46.835539034596316 70.91007294785611 61.1272158809527 45.01544522918586 55.03884497934987 64.94726654653701 48.97937920658217
23.481453300622796 44.90794197216856 23.456381155761758 18.86026862360049 34.970763231362824 0.0 32.20592487713795 16.086633907354855 17.66667200683867 19.455908235171318 34.61197764138083 19.511581795099683 22.333750320301228 43.44431121171306 28.45923832134681 7.2227596267627945 61.493193244455405 31.11752821464702 29.48581179028163 16.535598251387764 17.7936835021979 43.95431519899654 28.195016773913522 22.392601670273883 34.5654240506154 4.720852449575187 27.338450734204145 27.302157965673093 8.643771460853303 30.073336014718514 35.883574721402596 23.121221859871937 21.110303015989743 37.94134069612916 29.224764114667163 16.089915784351476 49.9498588313043 35.929897285572885 36.243610668380754 12.349222616350147 14.252294655053225 34.599084523628484 67.71822243842338 38.53060046606348 19.297828045973038 22.141457259389306 30.895950876847696 19.635250667198566
44.22081350446518 24.139939667866773 40.337414034724574 49.96463082390899 66.82531757194332 32.20592487713795 0.0 47.456254521842204 23.379920571791803 51.379679477988226 26.437414240585614 13.225186657006363 31.766805413458446 52.99427731634293 38.597108444523194 35.60146087157084 35.055087473666156 49.03061269274368 56.791836958367455 27.778486274240134 40.51351007315095 24.224936436433484 41.98881594951071 54.202270023332375 66.01166277236955 35.4512076363272 16.06335711025085 57.17059800322303 23.641232333259907 28.41719738860671 23.4814855228245 14.948890851474747 34.662170007579725 45.00560536528976 40.04410894320919 44.34585129201884 22.671086289136014 54.828987745630656 55.39585157068146 34.6582205341599 24.423984786924755 44.57831193965249 73.8349685463936 33.57760016509182 35.50418212869366 13.707519217062721 4.313862661346542 22.35262833758337
18.935361240301965 55.9016000326665 32.886018655670476 2.842342521958149 19.41773631282913 16.086633907354855 47.456254521842204 0.0 33.108196201389035 11.171289895251793 43.055218668719775 34.30263010421296 27.25214165747414 40.76058707763585 39.74425550821908 12.088049451122512 73.29650963993168 37.70450051689789 27.992609451358593 24.571392246533133 15.141503660209972 54.719638685085144 37.88149367302087 6.922421300042196 18.609892124822732 15.319735458549829 43.34461420182805 11.758159113017863 24.510684354401466 37.195594854493464 45.58942684236724 35.958986802752854 24.041185389854604 37.99801356403545 40.045935753969545 7.516319047686622 62.692051733544744 40.78320697094167 40.85600896702884 15.901571549149548 29.74286813500749 33.812806216869376 63.90864948322009 44.617635683257475 30.618540366329956 35.667771801817246 45.52953705374874 30.055377282808234
39.69851655204811 44.23970585371883 17.04174085680387 35.94906790854669 50.6616578121508 17.66667200683867 23.379920571791803 33.108196201389035 0.0 32.557188382630166 39.29136884515938 16.850332605736703 33.57822011326434 56.93543912829967 16.872249467404245 24.50102474298869 57.92510006660689 25.900617904115762 34.06390503996669 27.0951979181655 34.22517336286808 43.78361076530435 19.35740967662499 38.61435186904117 50.8623957751826 17.9099057991995 11.292266778215295 44.70146982805467 12.157497867806276 37.25952715102387 38.59809402020832 23.8923535809273 34.148477790958424 50.10909961322251 18.20794813188409 33.73000416118285 45.524179620935946 31.703026267749856 32.245614235712466 27.8980158561446 3.4155987545044524 47.69454028663543 80.78501254115761 45.3369784124852 12.125038864105745 21.77832887664338 24.571393348763127 26.011420236412455
30.053952223998138 63.62388701838888 26.644283598945727 12.196985057876345 18.95611478586108 19.455908235171318 51.379679477988226 11.171289895251793 32.557188382630166 0.0 51.885226818154685 38.94515796317294 36.8973540967626 51.925193476054815 34.157893440175016 19.52494470277539 80.59039756290731 29.284109163337376 17.116426690299782 32.9979456528765 25.865463736475633 62.56376100371464 31.296852114304063 9.977996842238637 20.118177265603844 15.952079173998225 43.74010617167662 19.205278148123927 27.771559503700715 46.425389331302924 53.89281277002597 42.31532565626865 34.0929784177663 48.93959257106982 34.084609020380945 18.54808707061618 69.2728097547313 31.3545520489802 31.32286391967045 25.04322602807998 29.61268997009787 44.810320108410046 75.02828452544496 54.328220333785545 26.06259705874807 41.50378601906081 50.308301051909524 37.69151719706313
29.636129662908136 14.619019240857144 54.34946493117978 44.4447801558082 60.806313552297624 34.61197764138083 26.437414240585614 43.055218668719775 39.29136884515938 51.885226818154685 0.0 22.665162864431416 16.250182457235937 28.667318105686178 56.06681550957836 32.36195919183197 31.893595347899648 63.17629370999825 64.09737125046912 18.889107883595955 29.384419362630048 13.203017999769838 57.92357252438657 49.629117670804504 58.743908929071175 39.32671790100269 38.70942724828761 48.07445356271797 30.22043504167661 6.283266697507891 4.224704027986427 15.540747185649472 19.979111737758256 20.80256797452826 57.33921460812033 36.5770618546793 24.28810712341771 68.661612085557 69.08903516646707 27.19467102709901 37.86805634092757 22.07115851690788 47.564426272922745 7.140361532209118 49.2044638078875 17.749039053384955 22.1303885648174 15.052656514040551
31.9489748698999 27.968823460710666 33.01078457194922 36.77285308279802 53.70486549032326 19.511581795099683 13.225186657006363 34.30263010421296 16.850332605736703 38.94515796317294 22.665162864431416 0.0 21.073950369017997 44.14185523959083 33.72249843324997 22.386333071748968 43.14448341312973 41.99274225943823 46.50238106840482 15.780574009198519 27.75615270291737 27.357014527232 36.00681354866822 41.10070919455928 52.819278601373206 23.278466797035954 17.082953269815743 43.95838681100255 11.392676789070938 21.567555347503163 21.751873369924592 7.12884443125151 23.212012121133125 36.53930012908558 35.05234416982292 31.155546040937285 31.105100530436182 47.70505233191629 48.19812529542801 21.655722354693353 16.017368234411528 35.09599857762698 66.88886499998765 29.09026796440709 27.822730910252265 4.951196821218744 11.392676789070851 11.653873782248837
14.01897124934112 30.293969142602762 45.096293852360986 28.408086315143755 44.56759209885221 22.333750320301228 31.766805413458446 27.25214165747414 33.57822011326434 36.8973540967626 16.250182457235937 21.073950369017997 0.0 23.506108276481058 48.76593949917615 17.856393211380475 47.83572333133309 53.252687189346545 50.84403004105053 6.522659526928787 13.134385704296681 28.958627758525633 49.46959722175849 33.611852669705485 42.49569361694281 26.84223306184834 37.7468838239162 31.85267583916559 21.784866841392088 10.090353573892093 19.481361201077714 16.818078511522902 3.8133777744232797 16.548802714625317 49.80164171282175 20.444998381563437 38.834695262688975 58.222140367026704 58.5504524101057 11.87377638210892 30.994835168718772 14.280638367427182 47.2079135592006 17.447837399642783 40.368772088250395 18.248237221937273 28.021821346575887 9.592201201433882
21.94795775278227 41.70551360976032 66.89891591514505 40.253307159476726 51.150924703699864 43.44431121171306 52.99427731634293 40.76058707763585 56.93543912829967 51.925193476054815 28.667318105686178 44.14185523959083 23.506108276481058 0.0 71.41811789627529 37.017161092184125 56.66997215219351 74.33392805930168 68.35839022497471 29.8748771193042 26.921908130114765 40.30120537513069 71.58515425653947 44.67077528314776 48.044170421521805 47.25062284285966 61.09212679058515 38.05553640534666 44.92089275773524 24.732882256566928 32.83164157452218 38.65371113647347 22.897561546118894 8.030089091280532 72.33712261493947 33.446766002801034 52.07105384105163 78.73170633837059 78.96330664923195 31.122087248112354 54.18923359542319 9.24698577502394 24.274218813591997 22.95090948838892 62.567440839116784 40.53363288862019 48.812524467730626 32.496475380413706
51.92538165974221 60.85974978450947 7.611864774387298 42.379331057406965 53.00879239928116 28.45923832134681 38.597108444523194 39.74425550821908 16.872249467404245 34.157893440175016 56.06681550957836 33.72249843324997 48.76593949917615 71.41811789627529 0.0 35.57089894260652 73.6456578959493 12.016235847916171 26.868375402115486 42.269083583589655 46.23492887511405 60.475131900484335 4.48339962816918 43.07884283364774 54.26926207511176 25.800214841596794 23.099242111910804 51.25052912665757 27.084629275792118 53.66568592944073 55.46774533048705 40.74695625928981 48.580709288818895 65.21827906154202 1.4512585632666846 43.23526916145706 61.24278847633858 17.31752767306931 17.941904084212258 40.66626602556339 18.301651161571787 62.322384775711456 95.62266215748511 61.91710279253764 9.332881352258937 38.64645663909018 40.60524552011294 42.25778794578362
16.37198621622237 44.379378922458535 30.197525299142473 14.418969140108004 31.47822751240885 7.2227596267627945 35.60146087157084 12.088049451122512 24.50102474298869 19.52494470277539 32.36195919183197 22.386333071748968 17.856393211380475 37.017161092184125 35.57089894260652 0.0 61.60278098872263 37.32624498263956 33.038931647483935 13.473383981485968 10.687917820036098 43.26336346845617 35.057980483675315 18.999070186103687 30.449930766700955 10.269499673206253 33.35353135698764 21.79749301139716 13.700054526666202 26.991813996221865 34.422845250383574 23.905587326030382 15.695270358610836 32.137404650444495 36.28209740107149 9.47407353457758 50.74811573491159 41.75379036919025 42.00465984594964 6.236868222217991 21.122251949719548 28.488276288986683 61.23399697440953 35.08690269842388 26.325850720193625 23.579722540789238 33.503702969403406 18.380211318952448
61.51102882214067 17.5665114958376 74.96039484889616 75.07902506959275 91.92996753846788 61.493193244455405 35.055087473666156 73.29650963993168 57.92510006660689 80.59039756290731 31.893595347899648 43.14448341312973 47.83572333133309 56.66997215219351 73.6456578959493 61.60278098872263 0.0 83.81160346329779 89.64218018053533 48.79356483279472 60.8296911324145 18.878615201739308 76.94929293486074 80.13571574365008 90.10945120628791 65.81651611209476 50.94470536440244 79.61752132249944 54.323694469272056 38.158549964538096 28.35488804894773 38.372062378238375 51.63907604506997 50.01869561483694 75.09106021353682 67.54808726632626 12.418828259884052 89.61743563174716 90.16564992819391 57.549499813955606 58.29669663020003 52.57024198624343 67.47935795160836 34.588161179825775 69.9402882383914 39.4795743691638 33.35635377035919 43.265182194361486
53.2787482348717 69.88092054174362 8.983549975478073 39.912562309581524 46.919304396890674 31.11752821464702 49.03061269274368 37.70450051689789 25.900617904115762 29.284109163337376 63.17629370999825 41.99274225943823 53.252687189346545 74.33392805930168 12.016235847916171 37.32624498263956 83.81160346329779 0.0 17.033612893184262 47.0652377071898 47.752162314800756 69.32824790483001 7.621745257846207 39.14554825543225 48.80728820421177 27.084629275792143 34.31912266527228 48.15620060179636 32.98941049013055 59.812918787558374 63.246826446251305 48.5873120779045 52.22739720887204 69.05708790250685 10.775895300225987 42.973839483640326 71.40187641681564 5.806293105533733 6.365355205117612 43.26355093742959 25.988988205798467 65.65166780911733 98.56013035823305 68.29984352458978 14.170832548866523 46.68291486264422 50.466862880587456 48.474839846819364
46.41499577436543 73.80794841394439 19.981102237778703 29.296843814549455 31.50027261119445 29.48581179028163 56.791836958367455 27.992609451358593 34.06390503996669 17.116426690299782 64.09737125046912 46.50238106840482 50.84403004105053 68.35839022497471 26.868375402115486 33.038931647483935 89.64218018053533 17.033612893184262 0.0 45.724643491728266 41.64463256793286 72.96366462443622 22.640230045726504 26.68312672326576 33.90512970129347 24.775582640769343 44.820761328097156 35.917710570643024 35.40153868875151 59.409044421170194 65.27652232598585 51.747407724784885 48.687338746277966 64.64008124841975 26.090470642600135 34.96889997753787 77.57082112666386 16.474336363742662 16.218050496335618 39.22587187163313 32.413306812972245 60.68686917597504 91.84660662100588 67.77269176504356 22.880115523707914 50.33544004893728 56.99792374560286 49.105924964018556
16.442479592435852 31.341422029106873 38.76562771565094 26.285505046738624 43.20340992410561 16.535598251387764 27.778486274240134 24.571392246533133 27.0951979181655 32.9979456528765 18.889107883595955 15.780574009198519 6.522659526928787 29.8748771193042 42.269083583589655 13.473383981485968 48.79356483279472 47.0652377071898 45.724643491728266 0.0 13.169276646299995 30.14960217175638 43.05895017788865 31.359509928607938 41.55797528965147 21.20005130258864 31.82530882930101 31.43784012690227 15.262692682392696 13.70180229341068 21.068187294201703 13.327743277483917 7.539545985751559 23.0673028959562 43.31909251225695 18.882218424241206 38.60992582049825 52.157886401477434 52.50967540631557 8.757796856699532 24.475833711451276 20.627891344280258 53.708218450477645 22.057945458500715 33.96426484034242 14.102574406586355 24.509415954592242 6.022377630573478
5.6904527846281585 43.26373959043122 40.85458283643059 15.738847431180886 31.446277941685857 17.7936835021979 40.51351007315095 15.141503660209972 34.22517336286808 25.865463736475633 29.384419362630048 27.75615270291737 13.134385704296681 26.921908130114765 46.23492887511405 10.687917820036098 60.8296911324145 47.752162314800756 41.64463256793286 13.169276646299995 0.0 41.96007158547998 45.735677934803206 20.902543427527686 29.367103741317862 20.86426225970625 41.773389755584624 18.787984938014294 22.4143028044836 23.20141534689962 32.515991082101905 26.45473278395575 9.474445018347698 23.11098637490752 46.96306407269599 7.739394025906432 51.321908657251214 51.93309946946288 52.14200941376559 6.492239136150005 30.96728770018611 19.062652288991554 50.941763148129915 29.940162762427697 37.009243139373744 27.032684697977153 37.50010531592161 19.176018137938925
42.69303613012612 1.4384460521672449 60.34475789477115 56.395518797024046 73.14292962231741 43.95431519899654 24.224936436433484 54.719638685085144 43.78361076530435 62.56376100371464 13.203017999769838 27.357014527232 28.958627758525633 40.30120537513069 60.475131900484335 43.26336346845617 18.878615201739308 69.32824790483001 72.96366462443622 30.14960217175638 41.96007158547998 0.0 63.13303563927933 61.49983807049979 71.26854491943648 48.491885559497284 39.66646446952977 60.74635831377523 37.67019541321939 19.389693357374494 9.48161808463528 21.25473953906647 32.76400389332241 32.89615933012352 61.86564446832189 48.76528151694877 11.791614355535653 75.05539006861999 75.55184283548508 38.87363039551068 43.33925997616492 34.814865122380155 55.74014152824685 17.357925845573426 55.16483457010324 22.867746422730093 20.728868403953193 24.8972817261128
51.402369564404154 63.5970333293301 5.019081963658252 40.39555172053078 49.92176901947734 28.195016773913522 41.98881594951071 37.88149367302087 19.35740967662499 31.296852114304063 57.92357252438657 36.00681354866822 49.46959722175849 71.58515425653947 4.48339962816918 35.057980483675315 76.94929293486074 7.621745257846207 22.640230045726504 43.05895017788865 45.735677934803206 63.13303563927933 0.0 40.61037031975657 51.38255699536068 24.927615817297063 26.900412369521007 49.12017053953301 28.194709979080713 55.09444443787959 57.62121810520105 42.87032954053643 48.93900056178543 65.73181431127982 3.467439709486714 42.04238015273754 64.530728132597 13.14264449615728 13.752719922299717 40.54183844083346 20.10325101123955 62.62135644701582 95.8536888850873 63.47607462262042 9.101124726384185 40.849955171779584 43.70511656243207 43.658470492996194
23.617030728458815 62.70036095111679 35.7727946878244 5.204590943728374 12.628594232465492 22.392601670273883 54.202270023332375 6.922421300042196 38.61435186904117 9.977996842238637 49.629117670804504 41.10070919455928 33.611852669705485 44.67077528314776 43.07884283364774 18.999070186103687 80.13571574365008 39.14554825543225 26.68312672326576 31.359509928607938 20.902543427527686 61.49983807049979 40.61037031975657 0.0 12.275849016434922 20.72896107304689 49.2606259347655 9.268092454026451 30.984307460756202 43.65568542138574 52.29902417074168 42.881102900335684 30.206257828913394 42.89624124057796 43.16824154283903 13.219035619422058 69.60049902444445 41.33253096051188 41.29897114191591 22.62739111523949 35.344515975789975 38.61965083146155 66.83821761377229 50.7950280899654 34.38898146514616 42.575239876123234 52.37611063053357 36.929103576925165
30.026123830495283 72.54913884726683 46.762128332370224 16.047454736969428 3.407404399384992 34.5654240506154 66.01166277236955 18.609892124822732 50.8623957751826 20.118177265603844 58.743908929071175 52.819278601373206 42.49569361694281 48.044170421521805 54.26926207511176 30.449930766700955 90.10945120628791 48.80728820421177 33.90512970129347 41.55797528965147 29.367103741317862 71.26854491943648 51.38255699536068 12.275849016434922 0.0 32.99729165903848 61.53607089189863 10.829322070920696 43.089370221422094 52.53204960331554 61.85571537524854 53.934521197016075 38.77939921662425 48.2651961335177 54.202192823329824 22.67745407380287 80.16499827086072 49.97701986336938 49.822507172670704 32.88597574294109 47.608723271093595 44.01830343240048 67.55711449462076 58.756535518306016 45.978986256262814 53.863415644203734 63.94111656639607 47.434659350132506
26.503727887019526 49.41380801599933 20.005997962340313 18.15791119390671 32.96371548247048 4.720852449575187 35.4512076363272 15.319735458549829 17.9099057991995 15.952079173998225 39.32671790100269 23.278466797035954 26.84223306184834 47.25062284285966 25.800214841596794 10.269499673206253 65.81651611209476 27.084629275792143 24.775582640769343 21.20005130258864 20.86426225970625 48.491885559497284 24.927615817297063 20.72896107304689 32.99729165903848 0.0 28.58231383540293 27.04289124289893 11.933772073507237 34.78096218781332 40.54520605058429 27.489035757786258 25.35911066602981 42.103011970861715 26.386189121871883 17.48049749666892 54.11661508203046 31.65337707763839 31.934701321595846 16.199318887463605 14.616578337439485 38.59973423646962 71.48784566741578 43.226311285693086 16.468682162667477 26.35366939856863 34.54501927133123 24.33216897885178
46.79310223512498 39.77021390585877 26.22500076587761 46.15310138043869 61.54004795742288 27.338450734204145 16.06335711025085 43.34461420182805 11.292266778215295 43.74010617167662 38.70942724828761 17.082953269815743 37.7468838239162 61.09212679058515 23.099242111910804 33.35353135698764 50.94470536440244 34.31912266527228 44.820761328097156 31.82530882930101 41.773389755584624 39.66646446952977 26.900412369521007 49.2606259347655 61.53607089189863 28.58231383540293 0.0 54.628220294953316 19.695175956064297 38.4924738540514 36.838533144014086 23.60746824640912 39.355140933768055 53.582692386253555 24.547743572560655 42.82576783949835 38.63603615623807 40.01340981437472 40.61251659485327 35.282528093908184 14.136668283169417 51.95944507535459 83.97123258406828 45.54742973993107 22.089680343315027 21.422450980150895 18.957211375971188 28.62518609982562
19.19987700212887 62.05170065304193 44.18210257284906 8.964497006013117 13.450922733950083 27.302157965673093 57.17059800322303 11.758159113017863 44.70146982805467 19.205278148123927 48.07445356271797 43.95838681100255 31.85267583916559 38.05553640534666 51.25052912665757 21.79749301139716 79.61752132249944 48.15620060179636 35.917710570643024 31.43784012690227 18.787984938014294 60.74635831377523 49.12017053953301 9.268092454026451 10.829322070920696 27.04289124289893 54.628220294953316 0.0 35.29055261841282 41.83308645552092 51.29492185922148 44.260585435041 28.095592003031744 37.66992945534931 51.470147791407996 12.872611686372634 69.97812958811598 50.53796686293291 50.5184152245037 23.000802185882492 41.3089176597925 33.3936193655971 58.97014591766937 47.93482081958779 42.239493183475346 44.42082052723949 54.73522116549524 37.418174222256376
27.738551930597254 38.461445962206 24.261814349808756 27.209868906909247 43.58712006692056 8.643771460853303 23.641232333259907 24.510684354401466 12.157497867806276 27.771559503700715 30.22043504167661 11.392676789070938 21.784866841392088 44.92089275773524 27.084629275792118 13.700054526666202 54.323694469272056 32.98941049013055 35.40153868875151 15.262692682392696 22.4143028044836 37.67019541321939 28.194709979080713 30.984307460756202 43.089370221422094 11.933772073507237 19.695175956064297 35.29055261841282 0.0 26.935234046147514 30.586653966828464 16.415558927242458 22.059394829013343 38.32076921172347 28.184482929274346 23.170165418297547 42.42219951182879 38.44188938355688 38.86867235541279 15.967237398773285 9.268345736970543 35.70238591512674 68.9204052476319 35.373671848251675 19.211709316223672 14.934060336522377 22.61133224734845 15.52368445882744
23.35752684635733 20.784848413092064 51.182649153909516 38.45621404319219 54.6464143309202 30.073336014718514 28.41719738860671 37.195594854493464 37.25952715102387 46.425389331302924 6.283266697507891 21.567555347503163 10.090353573892093 24.732882256566928 53.66568592944073 26.991813996221865 38.158549964538096 59.812918787558374 59.409044421170194 13.70180229341068 23.20141534689962 19.389693357374494 55.09444443787959 43.65568542138574 52.53204960331554 34.78096218781332 38.4924738540514 41.83308645552092 26.935234046147514 0.0 10.020338348393796 14.9374385596521 13.752724886428702 16.70358013166688 54.858395248653025 30.521189198693577 30.096161430237892 65.12405502947827 65.51417990325 21.472804262250005 35.36893706391366 17.021725930347674 45.7933259967392 8.51409885787028 46.14649057966349 17.082820217350893 24.173549489360724 11.437464207558465
33.22990874621537 10.837383340413714 54.322574241103304 47.15738636207341 63.786237895055024 35.883574721402596 23.4814855228245 45.58942684236724 38.59809402020832 53.89281277002597 4.224704027986427 21.751873369924592 19.481361201077714 32.83164157452218 55.46774533048705 34.422845250383574 28.35488804894773 63.246826446251305 65.27652232598585 21.068187294201703 32.515991082101905 9.48161808463528 57.62121810520105 52.29902417074168 61.85571537524854 40.54520605058429 36.838533144014086 51.29492185922148 30.586653966828464 10.020338348393796 0.0 14.752632187180659 23.28427600958061 25.004119881029116 56.788392251957106 39.43341491574817 20.151454403989746 68.84277863241283 69.2979500404856 29.69237483541457 37.522558727691546 26.285329193898523 51.11388264690216 10.63881692956414 49.13590637322279 16.821531735457246 19.246104078283466 16.31725002018866
29.61620943176225 22.06264951938975 39.636108877866604 38.114593044663934 55.23918865698478 23.121221859871937 14.948890851474747 35.958986802752854 23.8923535809273 42.31532565626865 15.540747185649472 7.12884443125151 16.818078511522902 38.65371113647347 40.74695625928981 23.905587326030382 38.372062378238375 48.5873120779045 51.747407724784885 13.327743277483917 26.45473278395575 21.25473953906647 42.87032954053643 42.881102900335684 53.934521197016075 27.489035757786258 23.60746824640912 44.260585435041 16.415558927242458 14.9374385596521 14.752632187180659 0.0 19.79347112797448 30.799645924621963 42.05646259261037 31.43763543740345 26.98318288049716 54.22939244642083 54.6991699682875 21.262223524691986 22.776079984576096 29.931282333892742 60.66521824825682 22.068006168809852 34.44267836777168 2.2241123132326868 11.30267946153397 7.521208473361735
10.286875269475859 34.102965462694094 44.382427190753205 25.00608445814102 40.91402130512882 21.110303015989743 34.662170007579725 24.041185389854604 34.148477790958424 34.0929784177663 19.979111737758256 23.212012121133125 3.8133777744232797 22.897561546118894 48.580709288818895 15.695270358610836 51.63907604506997 52.22739720887204 48.687338746277966 7.539545985751559 9.474445018347698 32.76400389332241 48.93900056178543 30.206257828913394 38.77939921662425 25.35911066602981 39.355140933768055 28.095592003031744 22.059394829013343 13.752724886428702 23.28427600958061 19.79347112797448 0.0 16.843338632418956 49.534659020197736 16.990014441205364 42.62162385142817 56.98767612820457 57.28161872572972 9.468486542188943 31.322602370271305 13.742798354067816 47.04368292014712 20.602836081340683 39.86480952361434 20.983875907204773 31.09030011734538 12.310586322225705
19.283030639478884 34.32172778452755 61.21359375113274 38.04184877094305 51.10554340804188 37.94134069612916 45.00560536528976 37.99801356403545 50.10909961322251 48.93959257106982 20.80256797452826 36.53930012908558 16.548802714625317 8.030089091280532 65.21827906154202 32.137404650444495 50.01869561483694 69.05708790250685 64.64008124841975 23.0673028959562 23.11098637490752 32.89615933012352 65.73181431127982 42.89624124057796 48.2651961335177 42.103011970861715 53.582692386253555 37.66992945534931 38.32076921172347 16.70358013166688 25.004119881029116 30.799645924621963 16.843338632418956 0.0 66.21884655977986 30.48329050075522 44.58437038887442 73.75628256512131 74.035830547618 25.954962802797823 47.54280758637293 4.298311345596076 30.686261848427797 15.610870309822232 56.64208373115363 32.73741393735688 40.807870955408895 24.965967898827433
52.65167488270848 62.25928455893164 7.440586691589973 42.642612328240325 52.85668963281096 29.224764114667163 40.04410894320919 40.045935753969545 18.20794813188409 34.084609020380945 57.33921460812033 35.05234416982292 49.80164171282175 72.33712261493947 1.4512585632666846 36.28209740107149 75.09106021353682 10.775895300225987 26.090470642600135 43.31909251225695 46.96306407269599 61.86564446832189 3.467439709486714 43.16824154283903 54.202192823329824 26.386189121871883 24.547743572560655 51.470147791407996 28.184482929274346 54.858395248653025 56.788392251957106 42.05646259261037 49.534659020197736 66.21884655977986 0.0 43.757279840747344 62.68694745008656 15.961642062956233 16.58891103507818 41.490106962758055 19.520445222458417 63.27018335750241 96.56412569403894 63.13805402324274 9.9582923731014 39.96732494981389 42.035212980507666 43.43796591568474
11.518804170888718 50.01516926978163 37.035943070748864 8.02644547379821 24.382538193983407 16.089915784351476 44.34585129201884 7.516319047686622 33.73000416118285 18.54808707061618 36.5770618546793 31.155546040937285 20.444998381563437 33.446766002801034 43.23526916145706 9.47407353457758 67.54808726632626 42.973839483640326 34.96889997753787 18.882218424241206 7.739394025906432 48.76528151694877 42.04238015273754 13.219035619422058 22.67745407380287 17.48049749666892 42.82576783949835 12.872611686372634 23.170165418297547 30.521189198693577 39.43341491574817 31.43763543740345 16.990014441205364 30.48329050075522 43.757279840747344 0.0 57.48754422764594 46.622944400917284 46.76277342894975 10.23102248932287 30.32168216095991 26.30661403551098 56.91702536875751 37.576136749888065 33.90585393477126 31.55342076308529 41.86387950627365 24.76716117551336
52.83905865671515 10.421919329638751 62.56384245564186 64.67948898354807 81.73536046609779 49.9498588313043 22.671086289136014 62.692051733544744 45.524179620935946 69.2728097547313 24.28810712341771 31.105100530436182 38.834695262688975 52.07105384105163 61.24278847633858 50.74811573491159 12.418828259884052 71.40187641681564 77.57082112666386 38.60992582049825 51.321908657251214 11.791614355535653 64.530728132597 69.60049902444445 80.16499827086072 54.11661508203046 38.63603615623807 69.97812958811598 42.42219951182879 30.096161430237892 20.151454403989746 26.98318288049716 42.62162385142817 44.58437038887442 62.68694745008656 57.48754422764594 0.0 77.20804226964344 77.75816944704673 47.29627345848492 45.96643141948336 46.290660215414974 67.00849994367746 29.120178395513072 57.56187548353121 27.808630307627833 20.968311112419997 32.75706313346654
57.337238314791016 75.62458064167552 14.735588737940624 42.752561807582886 47.76739931957207 35.929897285572885 54.828987745630656 40.78320697094167 31.703026267749856 31.3545520489802 68.661612085557 47.70505233191629 58.222140367026704 78.73170633837059 17.31752767306931 41.75379036919025 89.61743563174716 5.806293105533733 16.474336363742662 52.157886401477434 51.93309946946288 75.05539006861999 13.14264449615728 41.33253096051188 49.97701986336938 31.65337707763839 40.01340981437472 50.53796686293291 38.44188938355688 65.12405502947827 68.84277863241283 54.22939244642083 56.98767612820457 73.75628256512131 15.961642062956233 46.622944400917284 77.20804226964344 0.0 0.6329153525362787 47.834038969720424 31.725031722016713 70.22350098498322 102.86789554267247 73.62954766271453 19.89409456202766 52.355401961657016 56.2713190090273 53.85541364584102
57.52623392809886 76.12781096466017 15.255312853481604 42.79422365133499 47.58064782575588 36.243610668380754 55.39585157068146 40.85600896702884 32.245614235712466 31.32286391967045 69.08903516646707 48.19812529542801 58.5504524101057 78.96330664923195 17.941904084212258 42.00465984594964 90.16564992819391 6.365355205117612 16.218050496335618 52.50967540631557 52.14200941376559 75.55184283548508 13.752719922299717 41.29897114191591 49.822507172670704 31.934701321595846 40.61251659485327 50.5184152245037 38.86867235541279 65.51417990325 69.2979500404856 54.6991699682875 57.28161872572972 74.035830547618 16.58891103507818 46.76277342894975 77.75816944704673 0.6329153525362787 0.0 48.10229159210818 32.22976537740989 70.48372019545344 103.08197977411818 74.02219567785977 20.39947360249062 52.83461044746265 56.81616788459805 54.26212626748789
11.801601506145762 40.08069522466013 35.79890680230248 17.531709047949853 34.46167110713075 12.349222616350147 34.6582205341599 15.901571549149548 27.8980158561446 25.04322602807998 27.19467102709901 21.655722354693353 11.87377638210892 31.122087248112354 40.66626602556339 6.236868222217991 57.549499813955606 43.26355093742959 39.22587187163313 8.757796856699532 6.492239136150005 38.87363039551068 40.54183844083346 22.62739111523949 32.88597574294109 16.199318887463605 35.282528093908184 23.000802185882492 15.967237398773285 21.472804262250005 29.69237483541457 21.262223524691986 9.468486542188943 25.954962802797823 41.490106962758055 10.23102248932287 47.29627345848492 47.834038969720424 48.10229159210818 0.0 24.700108627473472 22.40042139174946 55.39077487835506 29.285641453498823 31.604912856853037 21.50605242084313 31.9180723071003 14.549312098680085
36.48635968951146 43.899554838809046 17.0055126865348 32.58168606519589 47.48774596144439 14.252294655053225 24.423984786924755 29.74286813500749 3.4155987545044524 29.61268997009787 37.86805634092757 16.017368234411528 30.994835168718772 54.18923359542319 18.301651161571787 21.122251949719548 58.29669663020003 25.988988205798467 32.413306812972245 24.475833711451276 30.96728770018611 43.33925997616492 20.10325101123955 35.344515975789975 47.608723271093595 14.616578337439485 14.136668283169417 41.3089176597925 9.268345736970543 35.36893706391366 37.522558727691546 22.776079984576096 31.322602370271305 47.54280758637293 19.520445222458417 30.32168216095991 45.96643141948336 31.725031722016713 32.22976537740989 24.700108627473472 0.0 44.96937009117128 78.17064282450802 43.61948366284581 11.831026440677144 20.785035635213404 25.03849770316774 23.977101306200883
15.018222487565989 36.2529432597376 58.005180175691955 33.79219251421387 46.835539034596316 34.599084523628484 44.57831193965249 33.812806216869376 47.69454028663543 44.810320108410046 22.07115851690788 35.09599857762698 14.280638367427182 9.24698577502394 62.322384775711456 28.488276288986683 52.57024198624343 65.65166780911733 60.68686917597504 20.627891344280258 19.062652288991554 34.814865122380155 62.62135644701582 38.61965083146155 44.01830343240048 38.59973423646962 51.95944507535459 33.3936193655971 35.70238591512674 17.021725930347674 26.285329193898523 29.931282333892742 13.742798354067816 4.298311345596076 63.27018335750241 26.30661403551098 46.290660215414974 70.22350098498322 70.48372019545344 22.40042139174946 44.96937009117128 0.0 33.300942679855154 17.987737801274168 53.56592930571668 31.705656492483055 40.50137079156723 23.44435235654694
45.65693949251752 56.917025368757535 91.17312702130513 62.971251945646806 70.91007294785611 67.71822243842338 73.8349685463936 63.90864948322009 80.78501254115761 75.02828452544496 47.564426272922745 66.88886499998765 47.2079135592006 24.274218813591997 95.62266215748511 61.23399697440953 67.47935795160836 98.56013035823305 91.84660662100588 53.708218450477645 50.941763148129915 55.74014152824685 95.8536888850873 66.83821761377229 67.55711449462076 71.48784566741578 83.97123258406828 58.97014591766937 68.9204052476319 45.7933259967392 51.11388264690216 60.66521824825682 47.04368292014712 30.686261848427797 96.56412569403894 56.91702536875751 67.00849994367746 102.86789554267247 103.08197977411818 55.39077487835506 78.17064282450802 33.300942679855154 0.0 40.51591064227167 86.82517998990657 62.746119999706586 69.52452185723881 55.48539194200344
28.816222556963947 18.769938978028883 59.63464574149094 45.5998276177475 61.1272158809527 38.53060046606348 33.57760016509182 44.617635683257475 45.3369784124852 54.328220333785545 7.140361532209118 29.09026796440709 17.447837399642783 22.95090948838892 61.91710279253764 35.08690269842388 34.588161179825775 68.29984352458978 67.77269176504356 22.057945458500715 29.940162762427697 17.357925845573426 63.47607462262042 50.7950280899654 58.756535518306016 43.226311285693086 45.54742973993107 47.93482081958779 35.373671848251675 8.51409885787028 10.63881692956414 22.068006168809852 20.602836081340683 15.610870309822232 63.13805402324274 37.576136749888065 29.120178395513072 73.62954766271453 74.02219567785977 29.285641453498823 43.61948366284581 17.987737801274168 40.51591064227167 0.0 54.572392834298036 24.291275280554014 29.270737814583423 19.849999633560763
42.696828679336775 55.730511196418654 5.195227857401841 33.31045803679634 45.01544522918586 19.297828045973038 35.50418212869366 30.618540366329956 12.125038864105745 26.06259705874807 49.2044638078875 27.822730910252265 40.368772088250395 62.567440839116784 9.332881352258937 26.325850720193625 69.9402882383914 14.170832548866523 22.880115523707914 33.96426484034242 37.009243139373744 55.16483457010324 9.101124726384185 34.38898146514616 45.978986256262814 16.468682162667477 22.089680343315027 42.239493183475346 19.211709316223672 46.14649057966349 49.13590637322279 34.44267836777168 39.86480952361434 56.64208373115363 9.9582923731014 33.90585393477126 57.56187548353121 19.89409456202766 20.39947360249062 31.604912856853037 11.831026440677144 53.56592930571668 86.82517998990657 54.572392834298036 0.0 32.51953550043998 36.59356458094981 34.7260637482829
30.53461652433809 23.59016058393376 37.71470360270296 37.93048079873505 55.03884497934987 22.141457259389306 13.707519217062721 35.667771801817246 21.77832887664338 41.50378601906081 17.749039053384955 4.951196821218744 18.248237221937273 40.53363288862019 38.64645663909018 23.579722540789238 39.4795743691638 46.68291486264422 50.33544004893728 14.102574406586355 27.032684697977153 22.867746422730093 40.849955171779584 42.575239876123234 53.863415644203734 26.35366939856863 21.422450980150895 44.42082052723949 14.934060336522377 17.082820217350893 16.821531735457246 2.2241123132326868 20.983875907204773 32.73741393735688 39.96732494981389 31.55342076308529 27.808630307627833 52.355401961657016 52.83461044746265 21.50605242084313 20.785035635213404 31.705656492483055 62.746119999706586 24.291275280554014 32.51953550043998 0.0 10.46826704901368 8.701593315375678
