0.0 42.87648166149578 71.05022378689209 16.98380713179081 26.69899866083319 59.899956900479594 51.26057891679539 27.152722118982535 34.928635484500575 68.37805970972771 36.19543090975892 29.496936688477252 43.394134145364546 16.364896286409483 9.633989670119938 14.247334192041121 32.4771530502753 33.75485204945567 52.773614325074455 23.551737915867935 15.148474852847727 32.820550516474206 63.84720561071127 33.775084234721604 24.465853753823158 60.235364013591116 44.142645244534926 22.83680449815284 33.191414451485414 45.7730582660655 37.45676752187336 25.10460798405785 39.20052252617868 17.81825940224017 13.673941254294101 17.35530749249753 30.398434421441692 28.20986473969035 58.192710862478954 23.579306008288352 5.660193547484767 21.48545731564974 11.534241818521886 31.768542780623996 44.8123156789563 35.70318042499353 57.908304201318806 25.125809443912424 21.225330803803892
42.87648166149578 0.0 28.459313193572605 40.66014629654388 66.32469403972821 18.61886713919647 91.5827516199984 42.39589440069539 37.695207597967475 80.96391979449734 73.91848568041463 72.01444612769033 85.74101922130782 40.5388757034688 34.28684015103003 32.83364452482046 74.79437140726291 30.267915295142412 20.854322791663876 42.518051996740574 57.3218265006289 11.808820176326167 20.974329448810415 75.16868181384153 65.02735392696951 17.361754752845556 85.79097184323608 26.723570397666002 36.52969542168753 63.52822183377329 76.0514666920081 66.73839351689504 81.32873858723887 46.36250166091106 32.01496213646823 27.61460624113026 72.87547049129309 30.734280598390608 23.15923498476356 46.913078252848074 41.37490609094838 21.566266045877665 32.3980383424549 47.24283054934012 9.283938321474619 13.581826236125465 43.22337024422365 51.76191245200561 51.080215831964225
71.05022378689209 28.459313193572605 0.0 68.7026414318221 93.0138567023763 18.24452167868469 117.96990595005708 65.07223207988169 62.16513555891585 95.31122062390702 99.67713297259408 99.75707672286083 114.14608204841436 68.63617424056955 62.70918460042938 59.73576118113029 102.3962351468194 50.34987706298812 26.5340745714445 66.34961895111853 85.06436135955299 39.91341563627017 8.444282171022495 102.31539699067943 92.06475333487477 11.660761346793933 112.92115786331655 52.16942085284854 61.4794383192152 82.6972915274661 102.05941728610682 94.123127111358 109.75774571565333 74.42716435519539 60.461060836687274 54.821618232422644 100.58671135648402 53.31656558721229 21.90384514373383 71.00277774503836 69.81041735291802 49.56950893182073 60.120334147237216 68.6987420517146 27.31402322484631 37.081008192468275 49.63425034055652 75.94133494768609 76.23501171117685
16.98380713179081 40.66014629654388 68.7026414318221 0.0 41.7815757426659 54.19079301412313 64.5385813962392 41.803184463743754 18.923126493944583 84.65034845265988 51.68250043281717 40.846946492739754 48.296361654853584 0.6242270629807071 12.60263762599707 25.4721860287365 44.1062651246224 43.856260349862815 56.35472382008567 38.623839579329356 29.05239682990476 28.89052855303666 60.62134177033861 46.825580122502735 39.07353360674781 57.12660845681288 56.26163631420341 31.55241924065759 17.406414039284662 62.182014335620174 52.480711744975075 38.551245105232915 43.65603922411466 5.724535632171202 10.837495584785593 24.97519152541464 41.788158685641854 38.92446937736772 60.91881766353568 39.66651868567393 11.323623846942121 24.001042617237854 20.906520292805507 47.03646179761664 45.921725630341356 38.99101848512255 67.79250904337928 41.83308645552101 38.096871961443355
26.69899866083319 66.32469403972821 93.0138567023763 41.7815757426659 0.0 84.46227618673488 25.287680577295067 32.160279906621234 60.64593283899721 56.67143378040687 9.9643375173512 12.267053300774455 32.749212703153866 41.235399348773484 36.16890442209447 33.52060686374037 12.674700784486994 46.27290293307127 70.51758420326041 29.17023082128039 12.81114097640754 57.92540001501633 86.75088720487861 9.97757347906557 3.1041867061936896 83.21710755735582 20.155734497496557 40.87976756120915 59.03849116608901 36.24645064025602 10.788689072041743 6.268292661411742 30.85388331398249 39.942023224354074 40.3418691892716 38.71010017059026 12.430570617472544 41.48662007224366 76.33445616168693 25.020122667932593 31.5156052626722 45.1154455195352 34.31120844910303 32.49195375663966 65.72355958749652 55.95622884701649 66.17922389205755 21.220686355461925 18.53581827200973
59.899956900479594 18.61886713919647 18.24452167868469 54.19079301412313 84.46227618673488 0.0 109.74995218457684 60.86858725198951 45.0090583842442 97.65222046669302 92.33393845117409 89.36823821223275 101.57074183834592 54.23819772994619 50.671897505254584 51.14544431214547 92.27754842405012 47.96132448303957 30.683884079909944 61.11273730780451 74.79162386298286 27.08903014350496 10.435506576376623 93.01220537633702 82.99459278318804 9.31603906303669 103.59614896476508 45.341012030627205 44.54412655346393 81.47311649456836 94.39528883149569 84.46141417528892 97.02448394706546 59.83228673427118 47.60301311004656 45.86694944008386 90.25825347360843 49.075393925635055 29.176420048866362 65.52733792636904 57.496939247161784 39.358093229041756 50.21805876747976 65.548922173637 23.77167920345357 31.648604264936914 55.80831161438947 70.3804867228298 69.65941885596361
51.26057891679539 91.5827516199984 117.96990595005708 64.5385813962392 25.287680577295067 109.74995218457684 0.0 54.85766666696631 83.36034371234693 63.96459021908916 18.75087374671269 24.084669907702022 32.88180346380017 64.06835425838833 60.88332166874392 58.75445690458723 20.8572352310582 69.7720009017505 94.62620452389903 52.557481798331736 36.250514200880176 83.16072883312953 111.89836378671947 17.740035182036436 26.938175608130003 108.38564802448845 9.50161299615312 65.81042174653165 81.92296552985344 49.938903018421115 16.082623362564075 26.282732614337228 34.56692122520668 61.46059050898618 64.90007237528924 63.97257967511814 23.18291784235019 65.49907684053443 100.45419632283352 47.98639242710708 55.46721268455833 70.40140694573957 59.58247510613264 53.478208234627814 90.65615813925976 80.89243056458149 86.78839052690016 43.32349133693265 42.054851748102614
27.152722118982535 42.39589440069539 65.07223207988169 41.803184463743754 32.160279906621234 60.86858725198951 54.85766666696631 0.0 55.74597906173473 43.83949044370294 36.107296609350406 42.75158577363656 62.266329312659614 41.20506642831304 29.487187340713906 16.96608848969884 44.25649469817278 15.085831567677738 40.162308006295945 3.7902689413414232 30.90094213457815 38.77019590733603 60.25430512745351 42.13307389034867 32.610507019988155 57.03590530757034 51.92538165974221 16.64197162256249 53.868180170457 22.63004781951826 38.81765125476033 35.929825671554205 59.125191075393644 44.332589968710025 32.82632794550383 20.249618067612758 43.28162349139464 11.921801652258784 45.94828822500809 7.1405308003175865 31.7735758350513 26.66837418871691 21.474664328261895 5.680703734787007 38.43078116570455 29.314265665341456 34.42331019229464 11.534477680548019 13.644325701146245
34.928635484500575 37.695207597967475 62.16513555891585 18.923126493944583 60.64593283899721 45.0090583842442 83.36034371234693 55.74597906173473 0.0 99.56678225390151 70.50732804265958 59.506127029333506 64.50970944248601 19.442608487554033 27.358396006956486 38.81432967960025 62.77465269736334 53.171302295723734 57.5196903875584 53.221721757024675 47.959137428316694 27.29631102047849 53.72090696867257 65.68144097630497 57.975620922160225 50.69342063984447 74.91537587110246 41.624097521784606 1.8781213871169076 77.69991245054979 71.37411249950458 57.46474960965843 59.887361026024585 22.19004428925334 23.328670661937732 35.95898680275277 60.4416811748437 49.43951785177165 60.69699401276304 55.34182484023507 29.47052909630111 31.27207734970566 34.45483552381349 61.361300866311666 45.755018979907106 42.418384340817205 74.90026850119011 58.372946272387345 55.09396493385714
68.37805970972771 80.96391979449734 95.31122062390702 84.65034845265988 56.67143378040687 97.65222046669302 63.96459021908916 43.83949044370294 99.56678225390151 0.0 51.606891663771144 68.5957626448463 88.44662867650408 84.031594086224 72.86620647783248 60.75361611966816 67.95276658595294 50.969344745047394 69.10064497530968 46.41397563090827 64.58203644265484 80.75927985757748 93.53305574904743 63.25269057715957 59.27038827264974 91.16202657208093 67.75719663902917 59.35439817056076 97.68866189613189 22.630047819518346 54.03352015962775 62.897830979120506 87.2266524328167 86.19626159170629 76.47998650414462 63.96792558684424 68.52833597694402 52.243910749908935 73.4102232836664 44.98871488329444 73.76289266182586 69.94591125592532 65.16949593136563 38.20597543853476 73.91373730093495 67.52491763694043 46.713353119077404 43.414131097801935 47.59358372920564
36.19543090975892 73.91848568041463 99.67713297259408 51.68250043281717 9.9643375173512 92.33393845117409 18.75087374671269 36.107296609350406 70.50732804265958 51.606891663771144 0.0 18.262083846299127 36.97520406240352 51.12894402819518 45.459219559924726 41.198238527465584 16.80249333733022 51.04439876354163 75.95741466384992 33.862677465400445 22.772732520612475 66.30077179168389 93.86963726194725 11.8020801435868 12.910225401927105 90.4055304974501 17.491340525759576 47.65868266341773 68.87773958564229 33.68840948659482 2.911992358964028 14.903981579804084 36.22011627289564 49.90615400189809 49.70874351967745 46.48772576161462 17.914394443071487 46.86812517564035 81.78152427424504 29.265030058256254 41.22981465744146 53.23276439054283 42.685408915510145 34.85959419516564 72.39616958609155 62.66818321817577 68.42589414097574 24.5735873665389 23.486813777581403
29.496936688477252 72.01444612769033 99.75707672286083 40.846946492739754 12.267053300774455 89.36823821223275 24.084669907702022 42.75158577363656 59.506127029333506 68.5957626448463 18.262083846299127 0.0 20.502532359484857 40.41406099239419 38.965836497914786 40.22541353489568 3.2689089166551617 55.83167665456881 78.99472106050153 39.38689815172933 14.7051803804218 62.30652555507758 92.89890455598061 7.464377824160652 10.493437669375842 89.30036589983742 15.41830835072884 48.51324095184761 58.13190311567765 48.50392188890179 16.966856310283106 6.8650631421072905 18.665722676547492 37.46426590559059 42.61366473789663 44.95523747469959 0.9430624513979042 50.64115653475207 84.72888833422101 35.74343060833786 32.74914533729568 50.44904601046868 39.68097588601601 43.89226850547062 72.81784329939634 63.20274879065672 77.14755707250757 32.603905043332 29.266075686179075
43.394134145364546 85.74101922130782 114.14608204841436 48.296361654853584 32.749212703153866 101.57074183834592 32.88180346380017 62.266329312659614 64.50970944248601 88.44662867650408 36.97520406240352 20.502532359484857 0.0 48.092751589650646 51.45433147695502 56.6072158035454 20.5461708991268 74.22998348269783 95.83744227243713 58.70087529184816 31.790438682668302 74.82032078944228 106.64877036682354 25.213578534192536 30.91567853098242 103.04435851162887 24.124996129880195 65.31194591429336 63.61509012887672 68.9239338688279 34.82527274020939 27.1731352100002 4.651754215968835 43.20624556549235 54.05177442600966 60.575984052839615 20.327438910298472 68.79163003349053 101.38383956988073 55.48029224957029 44.379251513264265 64.75578792652163 54.82692918258482 63.95957914734006 88.20422497134582 79.04351265505471 96.63780976801807 52.77002099093225 49.154043733734
16.364896286409483 40.5388757034688 68.63617424056955 0.6242270629807071 41.235399348773484 54.23819772994619 64.06835425838833 41.20506642831304 19.442608487554033 84.031594086224 51.12894402819518 40.41406099239419 48.092751589650646 0.0 12.048538439702009 24.905916130086943 43.67053913225303 43.35677780525004 56.06313788540908 38.017305745159824 28.519891500694488 28.788408920544832 60.578859591097086 46.34856881167352 38.53925766570718 57.07463585090845 55.824936544745306 31.058192894473667 17.904435992717836 61.560618536549974 51.94353954103509 38.05078215591787 43.45701822733995 5.825587877840393 10.414895681851853 24.47676289765539 41.355863308381146 38.40243170080429 60.66180859516894 39.046896676520355 10.704750466718458 23.6309909681629 20.34784724709345 46.43010286591971 45.69368905635876 38.67205401663618 67.32255425764191 41.20890051605034 37.47321665176989
9.633989670119938 34.28684015103003 62.70918460042938 12.60263762599707 36.16890442209447 50.671897505254584 60.88332166874392 29.487187340713906 27.358396006956486 72.86620647783248 45.459219559924726 38.965836497914786 51.45433147695502 12.048538439702009 0.0 12.887440044239217 42.00389153936392 31.513242236293763 46.61259705078797 26.510447493520783 24.771522646434118 23.60992446213022 55.20704248701467 43.40767621490457 34.040488463380235 51.599531142291056 53.751497523048336 19.300911366888688 25.515187126298912 50.650239618808484 46.868243273591844 34.73731205908598 47.0488665451769 16.437504889606497 4.316598813957129 12.740069700048377 39.88020241369214 26.43192565873108 51.68100606709393 28.13995209194444 7.11306598078732 13.8729265699626 8.305920899728221 34.879467899735516 37.417726127200936 29.098935834363676 55.66273247877705 31.01596803450925 27.78326478539773
14.247334192041121 32.83364452482046 59.73576118113029 25.4721860287365 33.52060686374037 51.14544431214547 58.75445690458723 16.96608848969884 38.81432967960025 60.75361611966816 41.198238527465584 40.22541353489568 56.6072158035454 24.905916130086943 12.887440044239217 0.0 42.740109053558584 19.67153118494998 39.24821288852059 14.466261914050035 25.675341909861686 25.444497841751733 53.26050631130897 42.60035363695524 32.37036327870007 49.71325579648249 53.2195662518818 8.740327614095353 36.936233075399294 39.02591048452109 43.2543589254991 34.399030281191976 52.64958483201123 28.828419785452922 15.901571549149548 5.29376676705428 41.01969621762945 14.222483032343076 44.85213273136273 17.23119489303346 16.948232355416813 12.24145773162617 4.606606020408285 22.550817594388043 32.620481638610585 22.977351652049645 43.94899441707815 21.235521614406206 19.26733065770834
32.4771530502753 74.79437140726291 102.3962351468194 44.1062651246224 12.674700784486994 92.27754842405012 20.8572352310582 44.25649469817278 62.77465269736334 67.95276658595294 16.80249333733022 3.2689089166551617 20.5461708991268 43.67053913225303 42.00389153936392 42.740109053558584 0.0 57.737268164273104 81.2433303732889 41.01932878282489 17.49649358171215 65.24420435908145 95.63323294997284 5.152439119697657 11.647865522917709 92.04152595878503 12.155488643327423 50.885805729663076 61.39863677031078 48.481288320555365 15.089556793475627 8.535679176945068 19.432774850935466 40.73094660822677 45.71186609594809 47.574682554762795 2.339334995565358 52.65145081807209 87.00506886636465 37.1668325183873 35.88816085894882 53.23195218550829 42.411998285939404 45.01610813708893 75.36031754648897 65.69735613424464 78.53979359266845 33.70808873325826 30.64696684661714
33.75485204945567 30.267915295142412 50.34987706298812 43.856260349862815 46.27290293307127 47.96132448303957 69.7720009017505 15.085831567677738 53.171302295723734 50.969344745047394 51.04439876354163 55.83167665456881 74.22998348269783 43.35677780525004 31.513242236293763 19.67153118494998 57.737268164273104 0.0 25.078845021728174 17.254746823605387 42.45112807995637 30.26138808070568 46.08114822049993 56.20707376060424 46.251810083518244 43.05458107716782 66.33903036889897 12.312104787307206 51.375583659543345 33.519736920795495 53.69567969746412 49.222985236732804 70.63168689776404 47.93381282772324 33.21785456517702 18.881075262751793 56.47307229648637 5.577414864437406 30.862531210313083 21.78571807764424 36.55185647102939 21.91360925336812 23.60921657359425 18.354740090023615 24.526124898738388 16.694368320059997 24.296009224467614 26.518221923497737 27.917166451465217
52.773614325074455 20.854322791663876 26.5340745714445 56.35472382008567 70.51758420326041 30.683884079909944 94.62620452389903 40.162308006295945 57.5196903875584 69.10064497530968 75.95741466384992 78.99472106050153 95.83744227243713 56.06313788540908 46.61259705078797 39.24821288852059 81.2433303732889 25.078845021728174 0.0 42.096741515696664 64.74105247323918 30.256187757102506 24.608487083509175 80.29325608688428 70.11258335039919 22.675871851128232 90.67331537921262 30.612132041766717 56.15031267750149 56.28533682890073 78.54627109716684 72.7261766305415 91.81814012571915 61.70370294361382 46.01559549648888 35.418314154880676 79.72777858888573 29.14196375123542 5.829648231310711 46.71773040240312 53.38798204647686 32.845562070626386 41.241585692084016 43.08222944791197 11.852703182338525 17.535783425338796 25.155515977404338 51.53391507908253 52.5870545407506
23.551737915867935 42.518051996740574 66.34961895111853 38.623839579329356 29.17023082128039 61.11273730780451 52.557481798331736 3.7902689413414232 53.221721757024675 46.41397563090827 33.862677465400445 39.38689815172933 58.70087529184816 38.017305745159824 26.510447493520783 14.466261914050035 41.01932878282489 17.254746823605387 42.096741515696664 0.0 27.21225054612534 37.85902366075757 61.14096911667917 39.14166571391209 29.40239083299826 57.82618488161801 49.1430972681507 16.007513038226676 51.34470559916455 24.562028715655963 36.47516132329409 32.6095818021753 55.49143235080082 40.91986144135515 30.06613184279062 18.43605814663181 39.94997882896433 13.090752010869492 47.91953389468617 4.662079715485256 28.33126520418618 25.233871873366873 18.773943170565435 8.412871305662657 39.34467804173839 29.898722041864065 37.93764031109046 9.591815133754634 10.687882462450611
15.148474852847727 57.3218265006289 85.06436135955299 29.05239682990476 12.81114097640754 74.79162386298286 36.250514200880176 30.90094213457815 47.959137428316694 64.58203644265484 22.772732520612475 14.7051803804218 31.790438682668302 28.519891500694488 24.771522646434118 25.675341909861686 17.49649358171215 42.45112807995637 64.74105247323918 27.21225054612534 0.0 47.782119481559704 78.19523728404617 18.650417197486625 10.02203101508293 74.59762892747635 28.998237946387196 34.142716707776025 46.38745600529728 42.52751011782496 23.432926407874877 9.989355364652855 28.346882979405933 27.144857306274492 28.687932265680754 30.2893714656546 15.55595371860032 37.043240294552355 70.41935320978726 24.54056490462677 19.245905551628926 35.755626705792764 24.975817471774945 33.41520827937983 58.18874938446028 48.627237843607936 65.04104584902387 22.974832221363094 18.807558078885787
32.820550516474206 11.808820176326167 39.91341563627017 28.89052855303666 57.92540001501633 27.08903014350496 83.16072883312953 38.77019590733603 27.29631102047849 80.75927985757748 66.30077179168389 62.30652555507758 74.82032078944228 28.788408920544832 23.60992446213022 25.444497841751733 65.24420435908145 30.26138808070568 30.256187757102506 37.85902366075757 47.782119481559704 0.0 32.015030948848555 66.14946946317993 56.266675856769815 28.452263923146457 76.68741283983805 22.129335716420748 25.897057113315473 61.184818639150876 68.16868159710073 57.543604408002885 70.33186119389592 34.60466235581438 20.77994485020126 20.2423125452123 63.2016929430432 28.552181511685433 33.74557555319498 41.71852988063561 30.52475648686605 13.20305109658099 23.651137316948137 44.22229683554693 18.595255989230406 15.906898635787766 48.84349495011798 46.22469240377643 44.666577498535155
63.84720561071127 20.974329448810415 8.444282171022495 60.62134177033861 86.75088720487861 10.435506576376623 111.89836378671947 60.25430512745351 53.72090696867257 93.53305574904743 93.86963726194725 92.89890455598061 106.64877036682354 60.578859591097086 55.20704248701467 53.26050631130897 95.63323294997284 46.08114822049993 24.608487083509175 61.14096911667917 78.19523728404617 32.015030948848555 0.0 95.82465955398611 85.61967496738944 3.612631977310282 106.45085518617593 46.21260309471213 53.04004150049906 79.24942521562505 96.14339136762737 87.4861842595032 102.20846387271115 66.34253316106971 52.73086046134084 48.17619347932347 93.75036753763924 48.34458801429866 21.508176692252054 65.74173576653372 62.26953081717097 42.473067268570425 53.225242550341065 64.33849059049882 21.828541564687455 31.31118648978689 49.39736029802643 70.68332125038953 70.5978815261396
33.775084234721604 75.16868181384153 102.31539699067943 46.825580122502735 9.97757347906557 93.01220537633702 17.740035182036436 42.13307389034867 65.68144097630497 63.25269057715957 11.8020801435868 7.464377824160652 25.213578534192536 46.34856881167352 43.40767621490457 42.60035363695524 5.152439119697657 56.20707376060424 80.29325608688428 39.14166571391209 18.650417197486625 66.14946946317993 95.82465955398611 0.0 10.262443930985189 92.25962450709883 10.62684227781449 50.346183251037026 64.22240064055916 44.34870472069855 9.949051987368081 8.670476681586468 24.44660132185252 43.9106301987538 47.33684390919567 47.64945941466398 6.810541541172922 51.3505195702126 86.09816609166118 34.99254481520784 37.78446608023373 53.71017278507642 42.82858785461978 42.29974632581582 75.09797243549963 65.35540402892006 76.05998938730521 31.09382616045261 28.513301152079933
24.465853753823158 65.02735392696951 92.06475333487477 39.07353360674781 3.1041867061936896 82.99459278318804 26.938175608130003 32.610507019988155 57.975620922160225 59.27038827264974 12.910225401927105 10.493437669375842 30.91567853098242 38.53925766570718 34.040488463380235 32.37036327870007 11.647865522917709 46.251810083518244 70.11258335039919 29.40239083299826 10.02203101508293 56.266675856769815 85.61967496738944 10.262443930985189 0.0 82.06229292912286 20.856737082092927 40.08585987115536 56.39544249734322 38.45513401967176 13.411988411542271 3.775913468468901 28.698384140489267 37.05234948123814 38.1397853567092 37.458475948514554 10.862894474179395 41.27467495129573 75.90809642422437 25.519229650120614 29.05318951660682 43.64513300432966 32.77653753040331 33.464459430834026 64.83774393355297 55.09344049158435 66.90138923538596 22.15891530788955 19.000244190288136
60.235364013591116 17.361754752845556 11.660761346793933 57.12660845681288 83.21710755735582 9.31603906303669 108.38564802448845 57.03590530757034 50.69342063984447 91.16202657208093 90.4055304974501 89.30036589983742 103.04435851162887 57.07463585090845 51.599531142291056 49.71325579648249 92.04152595878503 43.05458107716782 22.675871851128232 57.82618488161801 74.59762892747635 28.452263923146457 3.612631977310282 92.25962450709883 82.06229292912286 0.0 102.88632729082735 42.761349944599786 49.948183959793894 76.37322768734496 92.65981804923968 83.90706112376252 98.60768983675813 62.85008204403448 49.14474677338811 44.610297312092726 90.15327114723851 45.11525061529366 20.330062208990164 62.408467617671675 58.665228061454755 38.86808645410963 49.630999439845844 61.23187276706208 18.624772644592408 27.94590913033148 47.75440124610856 67.34483735965034 67.17967569990729
44.142645244534926 85.79097184323608 112.92115786331655 56.26163631420341 20.155734497496557 103.59614896476508 9.50161299615312 51.92538165974221 74.91537587110246 67.75719663902917 17.491340525759576 15.41830835072884 24.124996129880195 55.824936544745306 53.751497523048336 53.2195662518818 12.155488643327423 66.33903036889897 90.67331537921262 49.1430972681507 28.998237946387196 76.68741283983805 106.45085518617593 10.62684227781449 20.856737082092927 102.88632729082735 0.0 60.899143589065474 73.54851208290798 51.09440880625672 14.616626192252232 19.14433351561177 25.350025169056252 52.83565792673208 57.58168609402529 58.27608582281885 14.479203042311395 61.62696410946326 96.49002145721255 44.816621761243255 47.860340442428495 64.31818478128768 53.43722018430727 51.518907945179556 85.68511596364827 75.93397875435808 85.3088847076181 40.587239997966954 38.455667011863625
22.83680449815284 26.723570397666002 52.16942085284854 31.55241924065759 40.87976756120915 45.341012030627205 65.81042174653165 16.64197162256249 41.624097521784606 59.35439817056076 47.65868266341773 48.51324095184761 65.31194591429336 31.058192894473667 19.300911366888688 8.740327614095353 50.885805729663076 12.312104787307206 30.612132041766717 16.007513038226676 34.142716707776025 22.129335716420748 46.21260309471213 50.346183251037026 40.08585987115536 42.761349944599786 60.899143589065474 0.0 39.78565776219183 39.112544096517624 49.958964331182074 42.42833201457124 61.379696504865244 35.73817039322733 20.910971055905136 6.586724896489281 49.27371039258015 7.828499352131836 36.276636502011236 20.24527123443277 24.79954633589724 10.667325100697829 11.765875954243569 22.115575653746244 24.85864305581867 15.0890474835756 36.36182162559817 25.052519586831792 24.45774105620763
33.191414451485414 36.52969542168753 61.4794383192152 17.406414039284662 59.03849116608901 44.54412655346393 81.92296552985344 53.868180170457 1.8781213871169076 97.68866189613189 68.87773958564229 58.13190311567765 63.61509012887672 17.904435992717836 25.515187126298912 36.936233075399294 61.39863677031078 51.375583659543345 56.15031267750149 51.34470559916455 46.38745600529728 25.897057113315473 53.04004150049906 64.22240064055916 56.39544249734322 49.948183959793894 73.54851208290798 39.78565776219183 0.0 75.82588424368907 69.7827245347018 55.95472982108771 58.98044367717681 20.96957550343259 21.466519476520794 34.09381121111008 59.06980581256124 47.60477037943336 59.438965603897614 53.475499940339624 27.771270881608423 29.46766393933074 32.5787895883764 59.48319150153102 44.426782347049944 40.841206460894696 73.22602574949613 56.52581970526375 53.266285854988396
45.7730582660655 63.52822183377329 82.6972915274661 62.182014335620174 36.24645064025602 81.47311649456836 49.938903018421115 22.63004781951826 77.69991245054979 22.630047819518346 33.68840948659482 48.50392188890179 68.9239338688279 61.560618536549974 50.650239618808484 39.02591048452109 48.481288320555365 33.519736920795495 56.28533682890073 24.562028715655963 42.52751011782496 61.184818639150876 79.24942521562505 44.34870472069855 38.45513401967176 76.37322768734496 51.09440880625672 39.112544096517624 75.82588424368907 0.0 36.504532669765155 42.21253377711849 67.08533929363625 63.58824785870677 54.4310462625403 42.80414723281817 48.609341262059836 33.02103744349896 61.54768024546916 22.551879190178994 51.19766573448662 49.29788662216545 43.25686075086649 17.01405630170847 57.991166460930586 49.98751858102 40.042252034824344 20.788569949360106 24.99299287160004
37.45676752187336 76.0514666920081 102.05941728610682 52.480711744975075 10.788689072041743 94.39528883149569 16.082623362564075 38.81765125476033 71.37411249950458 54.03352015962775 2.911992358964028 16.966856310283106 34.82527274020939 51.94353954103509 46.868243273591844 43.2543589254991 15.089556793475627 53.69567969746412 78.54627109716684 36.47516132329409 23.432926407874877 68.16868159710073 96.14339136762737 9.949051987368081 13.411988411542271 92.65981804923968 14.616626192252232 49.958964331182074 69.7827245347018 36.504532669765155 0.0 14.697916405773807 34.342236096529476 50.404962696040705 51.07153508588813 48.528361104883345 16.49352839841132 49.425093594876245 84.37379600929015 31.91037075348919 42.30363497610131 55.17802417626206 44.51969367895627 37.6992496981704 74.7573521624819 65.00976389021733 71.3066063360159 27.286110190497013 25.99007808234673
25.10460798405785 66.73839351689504 94.123127111358 38.551245105232915 6.268292661411742 84.46141417528892 26.282732614337228 35.929825671554205 57.46474960965843 62.897830979120506 14.903981579804084 6.8650631421072905 27.1731352100002 38.05078215591787 34.73731205908598 34.399030281191976 8.535679176945068 49.222985236732804 72.7261766305415 32.6095818021753 9.989355364652855 57.543604408002885 87.4861842595032 8.670476681586468 3.775913468468901 83.90706112376252 19.14433351561177 42.42833201457124 55.95472982108771 42.21253377711849 14.697916405773807 0.0 24.922821966331238 36.01496967517027 38.67663491315071 39.33459410495541 7.3520388785805055 44.11866921391846 78.49451875622373 28.897981744007865 29.184621442040356 45.22181263440711 34.348943932907794 37.02986646888117 67.00486132280926 57.30869546810013 70.30605083798311 25.747266531524083 22.40980659984107
39.20052252617868 81.32873858723887 109.75774571565333 43.65603922411466 30.85388331398249 97.02448394706546 34.56692122520668 59.125191075393644 59.887361026024585 87.2266524328167 36.22011627289564 18.665722676547492 4.651754215968835 43.45701822733995 47.0488665451769 52.64958483201123 19.432774850935466 70.63168689776404 91.81814012571915 55.49143235080082 28.346882979405933 70.33186119389592 102.20846387271115 24.44660132185252 28.698384140489267 98.60768983675813 25.350025169056252 61.379696504865244 58.98044367717681 67.08533929363625 34.342236096529476 24.922821966331238 0.0 38.554717424433 49.553802590906294 56.47134192317063 18.698481330668603 65.14623346842627 97.320134434667 52.48755186923947 39.95384244412804 60.461060836687274 50.689798669718186 61.129298367497654 83.97131888123963 74.89771891340192 93.37875212096269 50.07264700659637 46.290393352131275
17.81825940224017 46.36250166091106 74.42716435519539 5.724535632171202 39.942023224354074 59.83228673427118 61.46059050898618 44.332589968710025 22.19004428925334 86.19626159170629 49.90615400189809 37.46426590559059 43.20624556549235 5.825587877840393 16.437504889606497 28.828419785452922 40.73094660822677 47.93381282772324 61.70370294361382 40.91986144135515 27.144857306274492 34.60466235581438 66.34253316106971 43.9106301987538 37.05234948123814 62.85008204403448 52.83565792673208 35.73817039322733 20.96957550343259 63.58824785870677 50.404962696040705 36.01496967517027 38.554717424433 0.0 15.765181767996557 29.17042181374843 38.39221592887842 42.77616883815479 66.37715943540626 41.34678484901828 12.594000971547388 29.069999466108104 24.453016891264994 49.27954683077558 51.45975558848274 44.24992040751524 72.09986807164236 42.89875119649129 38.89922279024074
13.673941254294101 32.01496213646823 60.461060836687274 10.837495584785593 40.3418691892716 47.60301311004656 64.90007237528924 32.82632794550383 23.328670661937732 76.47998650414462 49.70874351967745 42.61366473789663 54.05177442600966 10.414895681851853 4.316598813957129 15.901571549149548 45.71186609594809 33.21785456517702 46.01559549648888 30.06613184279062 28.687932265680754 20.77994485020126 52.73086046134084 47.33684390919567 38.1397853567092 49.14474677338811 57.58168609402529 20.910971055905136 21.466519476520794 54.4310462625403 51.07153508588813 38.67663491315071 49.553802590906294 15.765181767996557 0.0 14.40231176585331 43.53948251202701 28.47912018126866 50.81341121691909 32.017648836022865 9.977922078624886 13.304933103230134 11.351693004764199 38.34253858719586 36.106550255820906 28.519060315883493 57.00760029936968 35.10053293489043 31.9797428433703
17.35530749249753 27.61460624113026 54.821618232422644 24.97519152541464 38.71010017059026 45.86694944008386 63.97257967511814 20.249618067612758 35.95898680275277 63.96792558684424 46.48772576161462 44.95523747469959 60.575984052839615 24.47676289765539 12.740069700048377 5.29376676705428 47.574682554762795 18.881075262751793 35.418314154880676 18.43605814663181 30.2893714656546 20.2423125452123 48.17619347932347 47.64945941466398 37.458475948514554 44.610297312092726 58.27608582281885 6.586724896489281 34.09381121111008 42.80414723281817 48.528361104883345 39.33459410495541 56.47134192317063 29.17042181374843 14.40231176585331 0.0 45.7761600339575 14.085055098500765 40.856722827032996 21.80967894692131 18.555468861571377 7.076076242974995 5.826677358131436 25.93000517188245 27.91872729465473 18.493971550045053 42.93397924531203 26.110312926595537 24.424569200692016
30.398434421441692 72.87547049129309 100.58671135648402 41.788158685641854 12.430570617472544 90.25825347360843 23.18291784235019 43.28162349139464 60.4416811748437 68.52833597694402 17.914394443071487 0.9430624513979042 20.327438910298472 41.355863308381146 39.88020241369214 41.01969621762945 2.339334995565358 56.47307229648637 79.72777858888573 39.94997882896433 15.55595371860032 63.2016929430432 93.75036753763924 6.810541541172922 10.862894474179395 90.15327114723851 14.479203042311395 49.27371039258015 59.06980581256124 48.609341262059836 16.49352839841132 7.3520388785805055 18.698481330668603 38.39221592887842 43.53948251202701 45.7761600339575 0.0 51.30886669128568 85.4693260072073 36.24744772004729 33.68143247410128 51.30927788693808 40.52771784336536 44.31832359272465 73.62314906456528 63.99560173174882 77.65567717907098 33.017248035482886 29.753202553393322
28.20986473969035 30.734280598390608 53.31656558721229 38.92446937736772 41.48662007224366 49.075393925635055 65.49907684053443 11.921801652258784 49.43951785177165 52.243910749908935 46.86812517564035 50.64115653475207 68.79163003349053 38.40243170080429 26.43192565873108 14.222483032343076 52.65145081807209 5.577414864437406 29.14196375123542 13.090752010869492 37.043240294552355 28.552181511685433 48.34458801429866 51.3505195702126 41.27467495129573 45.11525061529366 61.62696410946326 7.828499352131836 47.60477037943336 33.02103744349896 49.425093594876245 44.11866921391846 65.14623346842627 42.77616883815479 28.47912018126866 14.085055098500765 51.30886669128568 0.0 34.97160241316022 17.752133251550532 31.16065350441498 18.32709640057203 18.340923874719113 16.508808504423424 26.5170722943965 17.44752016724609 29.742382633593785 22.665162864431455 23.44852894324597
58.192710862478954 23.15923498476356 21.90384514373383 60.91881766353568 76.33445616168693 29.176420048866362 100.45419632283352 45.94828822500809 60.69699401276304 73.4102232836664 81.78152427424504 84.72888833422101 101.38383956988073 60.66180859516894 51.68100606709393 44.85213273136273 87.00506886636465 30.862531210313083 5.829648231310711 47.91953389468617 70.41935320978726 33.74557555319498 21.508176692252054 86.09816609166118 75.90809642422437 20.330062208990164 96.49002145721255 36.276636502011236 59.438965603897614 61.54768024546916 84.37379600929015 78.49451875622373 97.320134434667 66.37715943540626 50.81341121691909 40.856722827032996 85.4693260072073 34.97160241316022 0.0 52.53620286960865 58.56186242505436 37.82726049868316 46.66178250701373 48.75420196520865 15.216797570007131 22.62231503054239 28.050489767766127 57.34302478129884 58.41652321621497
23.579306008288352 46.913078252848074 71.00277774503836 39.66651868567393 25.020122667932593 65.52733792636904 47.98639242710708 7.1405308003175865 55.34182484023507 44.98871488329444 29.265030058256254 35.74343060833786 55.48029224957029 39.046896676520355 28.13995209194444 17.23119489303346 37.1668325183873 21.78571807764424 46.71773040240312 4.662079715485256 24.54056490462677 41.71852988063561 65.74173576653372 34.99254481520784 25.519229650120614 62.408467617671675 44.816621761243255 20.24527123443277 53.475499940339624 22.551879190178994 31.91037075348919 28.897981744007865 52.48755186923947 41.34678484901828 32.017648836022865 21.80967894692131 36.24744772004729 17.752133251550532 52.53620286960865 0.0 28.82365211930235 28.80876078980689 21.07600015749817 8.951100842560479 43.9634599427525 34.46609677867064 41.408248785982316 4.945570716251175 6.522474212091778
5.660193547484767 41.37490609094838 69.81041735291802 11.323623846942121 31.5156052626722 57.496939247161784 55.46721268455833 31.7735758350513 29.47052909630111 73.76289266182586 41.22981465744146 32.74914533729568 44.379251513264265 10.704750466718458 7.11306598078732 16.948232355416813 35.88816085894882 36.55185647102939 53.38798204647686 28.33126520418618 19.245905551628926 30.52475648686605 62.26953081717097 37.78446608023373 29.05318951660682 58.665228061454755 47.860340442428495 24.79954633589724 27.771270881608423 51.19766573448662 42.30363497610131 29.184621442040356 39.95384244412804 12.594000971547388 9.977922078624886 18.555468861571377 33.68143247410128 31.16065350441498 58.56186242505436 28.82365211930235 0.0 20.86380904043105 13.0411190353718 36.68564041552796 44.46139355679704 35.94219156542867 60.847839747794985 30.658426657184503 26.831301404817133
21.48545731564974 21.566266045877665 49.56950893182073 24.001042617237854 45.1154455195352 39.358093229041756 70.40140694573957 26.66837418871691 31.27207734970566 69.94591125592532 53.23276439054283 50.44904601046868 64.75578792652163 23.6309909681629 13.8729265699626 12.24145773162617 53.23195218550829 21.91360925336812 32.845562070626386 25.233871873366873 35.755626705792764 13.20305109658099 42.473067268570425 53.71017278507642 43.64513300432966 38.86808645410963 64.31818478128768 10.667325100697829 29.46766393933074 49.29788662216545 55.17802417626206 45.22181263440711 60.461060836687274 29.069999466108104 13.304933103230134 7.076076242974995 51.30927788693808 18.32709640057203 37.82726049868316 28.80876078980689 20.86380904043105 0.0 10.881591420283891 32.3030947166183 23.607776869819393 15.310086272699628 44.603041716760345 33.173713741281546 31.47854872873198
11.534241818521886 32.3980383424549 60.120334147237216 20.906520292805507 34.31120844910303 50.21805876747976 59.58247510613264 21.474664328261895 34.45483552381349 65.16949593136563 42.685408915510145 39.68097588601601 54.82692918258482 20.34784724709345 8.305920899728221 4.606606020408285 42.411998285939404 23.60921657359425 41.241585692084016 18.773943170565435 24.975817471774945 23.651137316948137 53.225242550341065 42.82858785461978 32.77653753040331 49.630999439845844 53.43722018430727 11.765875954243569 32.5787895883764 43.25686075086649 44.51969367895627 34.348943932907794 50.689798669718186 24.453016891264994 11.351693004764199 5.826677358131436 40.52771784336536 18.340923874719113 46.66178250701373 21.07600015749817 13.0411190353718 10.881591420283891 0.0 27.001534531667033 33.48455998394897 24.21700135807035 47.88867804502153 24.652519744395825 22.11559893937279
31.768542780623996 47.24283054934012 68.6987420517146 47.03646179761664 32.49195375663966 65.548922173637 53.478208234627814 5.680703734787007 61.361300866311666 38.20597543853476 34.85959419516564 43.89226850547062 63.95957914734006 46.43010286591971 34.879467899735516 22.550817594388043 45.01610813708893 18.354740090023615 43.08222944791197 8.412871305662657 33.41520827937983 44.22229683554693 64.33849059049882 42.29974632581582 33.464459430834026 61.23187276706208 51.518907945179556 22.115575653746244 59.48319150153102 17.01405630170847 37.6992496981704 37.02986646888117 61.129298367497654 49.27954683077558 38.34253858719586 25.93000517188245 44.31832359272465 16.508808504423424 48.75420196520865 8.951100842560479 36.68564041552796 32.3030947166183 27.001534531667033 0.0 42.61693309343136 33.9005177591136 33.8079800593025 11.309919532737363 14.838905668222774
44.8123156789563 9.283938321474619 27.31402322484631 45.921725630341356 65.72355958749652 23.77167920345357 90.65615813925976 38.43078116570455 45.755018979907106 73.91373730093495 72.39616958609155 72.81784329939634 88.20422497134582 45.69368905635876 37.417726127200936 32.620481638610585 75.36031754648897 24.526124898738388 11.852703182338525 39.34467804173839 58.18874938446028 18.595255989230406 21.828541564687455 75.09797243549963 64.83774393355297 18.624772644592408 85.68511596364827 24.85864305581867 44.426782347049944 57.991166460930586 74.7573521624819 67.00486132280926 83.97131888123963 51.45975558848274 36.106550255820906 27.91872729465473 73.62314906456528 26.5170722943965 15.216797570007131 43.9634599427525 44.46139355679704 23.607776869819393 33.48455998394897 42.61693309343136 0.0 9.769896370665112 34.17571087325559 48.90858938122081 48.99385390481054
