0.0 86.2343441224361 8.486843530547503 27.735911955337393 42.06703360881012 60.61901562591523 29.58517662394383 25.441139983030094 90.93468628054039 40.371575888540455 34.883371933808554 98.43596462701457 30.59251211347689 11.174820599287992 45.37188043922043 82.61380120982533 53.58892928045744 17.658751688686166 31.09461099504176 3.1784375784816996 1.88684160259403 78.01422273137035 41.723125487097946 20.003616876414338 29.263472298135127 64.89345058629317 33.561719609497096 24.78766042831931 90.97172970012012 64.60478124022693 22.47050051286574 78.34505076691808 33.59382849334575 27.747929226235726 21.33919794236055 82.49415531659251 41.723125487097946 15.049244609757471 70.49502203134747 11.223465701120166 119.13534299929104 88.8264876178055 63.10202952680684 49.68293104347464 57.87682976148534 110.2854618776535 76.6711678473614 44.5970617417264 22.230000285145966 37.34023258179658 108.20501412456225 73.67557124102562 39.27732496171837 7.223604162311744 30.927437665238987 113.2677445798153 80.8643077591176 51.41325608008441 33.8000274738331 45.12641287665701 124.60573596507574 95.97522325699529 72.73704924161352 61.35873204102924 68.07268524345466
86.2343441224361 0.0 94.05646836892514 63.773691098186745 44.19706335730377 36.98514171711367 61.30133362553739 109.99778938385009 13.306381321364542 45.94828822500813 51.352586892935754 15.847660604978028 57.98091196089175 90.81068906932903 73.54226073931176 16.19040614641027 40.54480509806246 97.66951930776769 60.38912685383427 87.86899737230816 84.5138658957806 8.73170484733332 63.80975459077122 66.77255888398946 62.86171980048753 23.52379668255392 59.58501665682825 102.68481029305995 5.686909037412968 23.507087650549753 108.60611031936489 8.063629745745365 116.53138221204884 60.53797152064953 66.1357581084067 5.900505336031551 63.80975459077122 97.01638323042346 16.12385215884702 91.90317117565029 35.96627060569149 26.79948945024248 50.375535013870554 82.17066569328139 115.59058764407798 25.71211505469115 9.568380017984058 43.78183602647993 78.33899839559676 112.92476436764679 40.49731208624837 32.58058486184491 53.64505425162758 84.19574985131901 117.02517614272804 65.0405656690863 60.23270784991072 73.6238244366917 98.01908217574855 127.23913678472742 91.82425671701706 88.26585471248825 97.69713688550848 117.01838514312672 142.25532264049642
8.486843530547503 94.05646836892514 0.0 33.437184229509555 49.86439208025844 66.87447361895052 35.57076078892268 16.95433339679562 99.1264718193464 48.10937822281139 42.760019212791 105.85773506804703 37.32080865253206 7.963615191157343 47.246802670601255 90.89800751578102 62.06191694952707 11.157391545759372 36.987943100090106 6.205819836140111 10.37368346343578 85.72557395219765 45.49779422532967 27.35227236495007 34.876180536000504 72.26702552339154 39.16631860163877 17.990277743989452 98.89871598454565 72.76974884486437 15.697355017502506 86.10803555564888 25.172490605339576 34.50276450990095 28.29817768789212 90.47822076889462 45.49779422532967 8.040937057292838 78.18372502906874 13.67924065744597 127.32712080150928 97.26554168808096 71.44067840671659 56.051320128617824 59.78733538025148 117.76381778108772 84.48824735461172 52.94384590126055 29.371370623325674 36.292474726367054 114.44406397372038 79.84034577106897 45.2368462801522 10.635700466458715 23.973285172417427 117.89665360430311 84.67160198566839 53.2332466858347 29.88504712115179 36.705485274920825 127.57273298228964 97.58389363994297 71.86949439540109 56.59174836784274 60.28948146351249
27.735911955337393 63.773691098186745 33.437184229509555 0.0 22.1193835862933 33.484295149664845 2.4724799983535326 47.422145361310506 71.2188833250287 20.260757282807084 17.459986521138156 73.9128677251052 6.651459178537023 28.183511194844673 24.786124528467557 64.23879282805365 41.82226865313386 34.38330935491733 3.6109505404163644 27.91466501320808 26.672825251252195 55.099411640864716 16.476444343955304 10.785198144361086 1.5535889832008067 40.68203629607278 5.826002593848041 38.953714093058444 69.07862048454129 45.687782097900794 49.1153908666819 55.71218682382235 53.15184536706953 5.663433588134157 8.443149566281628 61.19993367936396 16.476444343955304 34.25286280539408 47.655234646265924 37.66926311469732 98.88159410821542 73.06698424334193 57.40027245040109 60.37872909823893 79.94487561199723 85.8872731828916 54.40494230808689 30.626958043768894 36.20721101535357 63.86511143790036 81.01307285354426 46.40976558469502 11.809704640854653 22.80189289088796 57.40416299133952 85.65686796026948 54.04383615384934 29.986879514108356 35.67252695518765 63.566382115817746 98.48107728147039 72.52905204974651 56.72035154072682 59.738825287583445 79.46729072100177
42.06703360881012 44.19706335730377 49.86439208025844 22.1193835862933 0.0 25.363875844302154 19.850876790264657 65.96975842815796 49.95269000901277 1.895613567505294 7.222382400692946 56.62063872243876 15.507703994642647 46.958100403905824 41.80749058181951 42.45968291662423 21.414523476221408 54.0607614177815 19.6099522912446 43.67337468821429 40.372532228688584 35.95087347573564 30.890194612859847 22.656906047213372 21.80040961074502 23.48153070313289 20.340830221067094 59.61839510524454 49.056977745039305 23.859127232334814 64.49258162165958 36.28001490986685 72.8385159151052 17.4683148088588 22.256695368287343 40.707851505193474 30.890194612859847 53.14126429577925 28.444838442448482 48.46885562353123 78.004351225941 50.95800620625586 38.77606054994166 52.96482074231847 80.63365606009508 68.36786262950248 34.62886631508909 10.908907184621707 37.86426100736763 71.71647230067116 69.69187993123754 37.15202685947258 17.275319752324776 40.14285548819842 72.9335973492039 81.44353153729354 56.03616839045016 45.187053504283035 57.77976929037142 83.84478500132964 100.01167562069786 80.48847568706616 73.13824857961446 81.33118296341459 101.3660123903495
60.61901562591523 36.98514171711367 66.87447361895052 33.484295149664845 25.363875844302154 0.0 31.303775056541372 80.63513810584297 48.288576144397545 25.76917664499849 30.642604190920895 42.839607331704315 30.11108333457734 61.55710182241235 36.80907990574106 44.77645483813222 41.11912334625409 67.31940673928764 29.90121440086583 61.185124595815495 59.30569734279344 28.793215878622323 27.89419777495163 41.02558770249607 32.10695852733738 15.537422226925868 27.91784452710853 70.97310177235335 42.66947851637367 30.892032088954938 82.51156537712528 29.87956451904116 85.72300821519859 32.93574459219542 39.36695733639045 37.0032272179227 27.89419777495163 67.51519810601776 23.415715658348066 69.416775092052 72.76460869458059 56.314581482817275 58.675134951899174 78.16013306305284 105.68839530653474 54.585614399585246 29.622323918347735 34.20841078295489 62.111103526307595 94.5526494226185 47.60612496863338 13.068371996295701 21.681234469244778 56.25143446134849 90.8472685289965 56.169301774718214 32.42334555738748 36.63868618572233 63.469287270741766 95.44183904554792 75.13641327532044 59.32035628669923 61.53956039569882 80.3126333203622 107.2749243752853
29.58517662394383 61.30133362553739 35.57076078892268 2.4724799983535326 19.850876790264657 31.303775056541372 0.0 49.78472841895837 68.77673705516594 18.013355789629376 15.59422835482405 71.48515943966278 4.598558628295791 30.515602736446777 25.491475969291297 61.842290981472864 39.902476001006534 36.80076044828638 1.5537348180142654 29.93310406776356 28.4302152548237 52.6278492404735 16.371605871892964 11.514838445794506 2.00406834421654 38.22216110874411 4.347041394435361 41.420642932843705 66.60671198247076 43.309436428638435 51.2178303944917 53.239764114907516 55.58834931923436 4.59694870611123 9.280884531406116 58.734745886891176 16.371605871892964 36.61439215978546 45.182760927871726 39.22261298693045 96.41906948769528 70.75889324984698 55.78351189585542 60.09637791459815 80.66067375561134 83.4592845981672 51.93316236878558 28.696595941447057 36.67118733985155 65.27555009659109 78.88366202752482 44.28383143451271 9.712760583737511 24.94939097018637 59.5437729859213 84.072702445519 52.90440740249817 30.403477876658773 38.00927163147065 66.02935795084859 97.47905059276076 72.1835235319408 57.563426668793056 61.73675053603532 81.8785435865943
25.441139983030094 109.99778938385009 16.95433339679562 47.422145361310506 65.96975842815796 80.63513810584297 49.78472841895837 0.0 115.63193159289546 64.15443398449062 59.019092740281124 121.12893979574785 52.34051164655913 19.31205056978202 54.91821248895753 107.55282081380165 78.99994598238976 13.51482536349577 51.029088539491156 22.952843442065348 27.32796836665311 101.52244209644715 56.248117756354645 43.31417628641563 48.68032653923947 87.62657373661892 52.7536462041084 13.25277568501252 114.99213048020691 89.27378751108785 12.646332405878145 101.98215535775657 8.762781962020917 49.63956761752847 43.86225813885473 106.67760195881594 56.248117756354645 13.170456030436466 93.97633454125108 27.189257785160972 143.80812199929534 114.15081863346892 88.17489417218181 70.09981212624658 66.6927619061779 133.09095626041838 100.44969103206577 69.72735279190348 45.0387892442691 39.873636113523865 127.72257146447959 93.28920384730459 59.05546511997121 25.827746317370284 15.538632900696902 128.3760657938302 94.1737475391628 60.430324469416036 28.80629165149386 20.06563468765136 134.96395831590408 102.89600762470745 73.17597074996428 50.166452700659036 45.53503299968441
90.93468628054039 13.306381321364542 99.1264718193464 71.2188833250287 49.95269000901277 48.288576144397545 68.77673705516594 115.63193159289546 0.0 51.829154159591766 56.667607884900384 24.800710389610856 64.94730489577596 96.8293745472587 83.95174365558488 9.246985775022527 40.235013362334705 103.99667406309004 68.08991453176894 92.9300047249258 89.12172107159537 19.68786913999765 73.68334514435145 72.43023281106863 70.5240983727044 33.39880640696381 67.75138201155956 109.54625334215976 9.561220071450867 26.363200296180402 112.86154701819447 18.512972999728646 122.72961162392343 67.23503820823957 72.19118298030214 11.288856490042441 73.68334514435145 102.98350272438306 25.25767046897178 95.20110638272293 28.202136628768127 14.985666696706824 45.2618107674137 79.16782448178226 113.49585439093306 30.345726612153946 18.679445657084244 46.602890646374924 79.9348878972822 114.02715619315036 51.553177781830456 45.49569024834 62.26396032996144 89.88080391886506 121.14096045905391 77.49750126619095 73.39809512374762 84.63715419813023 106.46297576886855 133.79100261194742 104.71423133987177 101.49384156718584 109.68857048466033 127.10947289000339 150.58787028872797
40.371575888540455 45.94828822500813 48.10937822281139 20.260757282807084 1.895613567505294 25.76917664499849 18.013355789629376 64.15443398449062 51.829154159591766 0.0 5.6904527846281585 58.19712281323094 13.636331111570518 45.11311242324971 40.363070271176184 44.35462533098747 22.835647213901137 52.19718585577211 17.81665267589997 41.925927543167006 38.695263361598506 37.648264495326536 29.503932894382814 20.851473889273578 19.97366548992092 24.90366025965322 18.653570797775146 57.73299238392837 50.84951274386972 25.753607238883024 62.81798148143691 38.00428265169635 70.98540635619207 15.573348862629793 20.399737279792966 42.52842996857176 29.503932894382814 51.30082695992628 30.123764528241487 46.98333830764302 79.86611358785447 52.83239734987576 39.98438810897817 52.9250729630144 79.98873906016837 69.98054190836544 36.3805908047713 12.027888465113184 36.88691348834439 70.5086536857174 70.77181065499161 37.86683818786288 15.937223946311114 38.32678178182193 71.26527007032016 81.93112075393701 55.87759859722063 43.89441905475913 55.91020073234262 81.97559142740296 100.04677385995632 79.92919597595723 71.85226968687155 79.57118718724665 99.47437801711712
34.883371933808554 51.352586892935754 42.760019212791 17.459986521138156 7.222382400692946 30.642604190920895 15.59422835482405 59.019092740281124 56.667607884900384 5.6904527846281585 0.0 63.83496685234482 11.000563984378912 40.16893665891798 40.03017119735019 48.857476362122746 24.3626615879124 47.39003480634138 15.88373334482587 36.55903011720528 33.174319480622394 43.15643291782565 29.61824845473492 15.763562851821142 17.59143646490283 30.592628212982802 17.521563981639503 53.19251420544155 56.140506606502925 30.362593255021586 57.2884593600371 43.46688226149009 66.06925682154852 12.050350361178884 15.684175955622612 47.725063080524365 29.61824845473492 46.31621118472179 35.660096597325555 41.297933017779165 84.81062334225047 56.67190751043542 40.316143658883476 49.334580652402394 75.08151121611535 75.58970680260285 41.78819794988343 13.174019210735578 31.55483572047391 64.90540896889516 76.32172138945161 43.08634790919321 16.814013014474167 33.22405948139124 65.72529695960426 86.75505528647577 59.51670728641702 44.1911067251087 52.51938709153038 77.19154595263294 104.00966243109058 82.48376814231591 71.99921755078992 77.1942733857711 95.54463644326572
98.43596462701457 15.847660604978028 105.85773506804703 73.9128677251052 56.62063872243876 42.839607331704315 71.48515943966278 121.12893979574785 24.800710389610856 58.19712281323094 63.83496685234482 0.0 68.80193414981277 101.81724952692458 79.22573450853926 31.02677703496541 55.97621456099799 108.28461489133917 70.35556219990114 99.75883303927768 96.81111908067547 21.423857488147252 70.73361122075599 78.54530484528927 72.79019500796643 33.59097429594636 69.04137308571723 112.68819348389832 15.637868976491115 38.586486467498126 120.9062760517942 21.573543049009828 127.06222295528117 71.53989924167475 77.5778939314751 21.722773184497132 70.73361122075599 107.98636690059053 28.459318551615542 105.04239799471749 34.30418674046934 39.777437631996406 66.20079839718956 97.86562582914927 131.0253775992719 11.974410813136378 23.62896790809504 58.03553949590639 92.58927408102102 127.1702701703314 26.971981959499857 33.72053218005498 62.78139395599294 95.60740149252436 129.36340158325106 54.120679200445096 57.60598962990437 78.11947039836075 106.215124901538 137.31516065615054 82.14585622170942 84.27532845777631 99.25444522771174 122.45523028137757 150.1127794609757
30.59251211347689 57.98091196089175 37.32080865253206 6.651459178537023 15.507703994642647 30.11108333457734 4.598558628295791 52.34051164655913 64.94730489577596 13.636331111570518 11.000563984378912 68.80193414981277 0.0 33.03635966771165 29.595687941224597 57.78916878016368 35.305742562773915 39.71532109803369 4.998653430690605 31.396278395267384 29.223272832051165 49.38097185298081 19.82339070630978 10.957592756798592 6.600939813165277 35.288847552836444 7.198694331446628 44.768908605617185 63.17679815426772 39.20443541442308 52.76811814186267 49.9221686275374 58.5764018213248 2.8452263923140793 9.268019107678903 55.141621045475674 19.82339070630978 39.22430590989221 41.868068807213966 39.38389931520075 92.76169152400023 66.46567338648879 51.239089527180276 56.81555320372447 78.90103997561765 80.75754493157213 48.516709410356306 24.0999061044156 34.6782959536499 64.95542548524486 77.63904739220398 43.1792728533805 9.794457453125457 26.875026659368967 61.18379350420729 84.39716531947805 54.30883310723138 34.217685019627055 42.273908717347894 69.26867635344635 99.02978308619728 74.8919761577417 61.688729323829826 66.30966473851085 85.92569481138474
11.174820599287992 90.81068906932903 7.963615191157343 28.183511194844673 46.958100403905824 61.55710182241235 30.515602736446777 19.31205056978202 96.8293745472587 45.11311242324971 40.16893665891798 101.81724952692458 33.03635966771165 0.0 39.54134723358039 88.97329504817364 61.52735205135537 7.472342151456388 31.794448691132295 8.053550727303147 12.576076376485236 82.29342682892482 38.558594091396806 24.407357479254028 29.48677839418499 68.32513167622592 33.63929876778873 14.276173214585976 95.8684515782597 70.52887977108692 22.394787763318853 82.77762518186071 25.900748723646053 30.35313495073674 24.72498848468472 87.62435968917413 38.558594091396806 6.205819836140111 74.75307204335438 20.46192645905231 124.94407350774993 96.16178298207049 72.64941612989767 60.856955072607974 67.26055647625094 113.78001057655153 81.28016657254926 51.59334454812121 33.34837295027083 44.240115378410906 108.88620439000728 74.34245415979284 39.902999110076635 7.249279199880236 30.128203121432204 111.09468081210217 77.5122936237741 45.487666524783556 22.91166808157001 37.08916079123388 120.01387726606181 89.72459696226329 63.972502550628114 50.29178944918555 57.972858399699305
45.37188043922043 73.54226073931176 47.246802670601255 24.786124528467557 41.80749058181951 36.80907990574106 25.491475969291297 54.91821248895753 83.95174365558488 40.363070271176184 40.03017119735019 79.22573450853926 29.595687941224597 39.54134723358039 0.0 78.91276502954194 63.1944415382393 41.92037843615735 24.638222108699004 43.945617592533054 45.164398768176966 65.0654973295291 11.010489327940714 34.86941958851247 23.813099581426286 50.582501174052396 22.556222415262265 42.42531103909846 79.22253129178108 61.72221742207236 61.68611224462385 66.0429634272064 57.12068329604868 30.059443583251973 32.589036947297316 72.83997088671741 11.010489327940714 43.65053004794014 58.70291313503972 56.56987564321679 109.46402721379775 89.47344938674827 80.14581540846271 85.06429334801165 102.19219622888966 90.6813552985194 65.42755899072142 52.280244027357064 59.837141641421994 82.598694225796 77.80899560830038 46.17163555808431 24.58135558179628 38.36025461509932 68.80129508737832 73.99927060544452 39.481448262358896 6.044137193087513 30.151825196641642 64.62652444415413 80.54873072598973 50.613168448632386 32.09551734637934 43.51305852078541 71.77384554659116
82.61380120982533 16.19040614641027 90.89800751578102 64.23879282805365 42.45968291662423 44.77645483813222 61.842290981472864 107.55282081380165 9.246985775022527 44.35462533098747 48.857476362122746 31.02677703496541 57.78916878016368 88.97329504817364 78.91276502954194 0.0 31.106429954219948 96.23976217715494 61.291417803920176 84.72388874676354 80.7783761140423 18.459078989700483 68.29734716007978 64.58118565743791 63.673461623404 29.275395370749845 61.23473714993766 102.0083757739746 15.57252663144503 18.602632592689595 104.331187897512 17.203675278059983 114.85329866239826 59.91134303222515 64.51447595968295 10.982135395757746 68.29734716007978 95.07923908817183 21.43088444979764 86.46300749018737 36.77868218557169 11.91306894601092 36.41459303135683 70.03553087580205 104.30139121729165 38.443001566927926 16.308448826322387 38.06462692328407 70.89933235565645 104.87785285723463 56.660791061383435 44.52696155210568 56.121927914259814 81.92378596296238 112.55291220030716 80.9340187425751 72.74529204678602 80.17599387517942 99.79605616135305 126.03597107894461 107.2253913342401 100.96265654274978 106.227517468594 121.53092980282723 143.70073869984935
53.58892928045744 40.54480509806246 62.06191694952707 41.82226865313386 21.414523476221408 41.11912334625409 39.902476001006534 78.99994598238976 40.235013362334705 22.835647213901137 24.3626615879124 55.97621456099799 35.305742562773915 61.52735205135537 63.1944415382393 31.106429954219948 0.0 68.9924349698684 40.04645985963477 56.075331898214436 51.705964622815976 35.059824487199215 52.30148131299769 38.15538130856061 41.90605412771404 30.65206041289041 41.28535034159347 75.43239235286258 43.50409464354252 17.524952636612603 74.38933160344077 34.627445094897645 86.88793535723278 36.36687364965698 38.88242769764055 35.13176431588537 52.30148131299769 67.3214290048519 29.726233128604786 56.03633070237632 67.69404290446374 35.403379874504395 17.86515019854982 42.187395037397955 75.06821851973376 66.22133873653358 32.52679956012526 11.205887286364918 39.849759909305476 73.79218830240076 76.04127587655198 49.41835013402944 38.689743600433985 54.28116088385697 82.40641862530094 93.66660790687773 73.52456667059937 66.58121211731729 76.51810992405704 98.34506556455834 115.57927246675794 99.74411544980404 94.51924541071226 101.55572748073442 118.69255519142298
17.658751688686166 97.66951930776769 11.157391545759372 34.38330935491733 54.0607614177815 67.31940673928764 36.80076044828638 13.51482536349577 103.99667406309004 52.19718585577211 47.39003480634138 108.28461489133917 39.71532109803369 7.472342151456388 41.92037843615735 96.23976217715494 68.9924349698684 0.0 37.9636517564976 14.501351661043154 19.31593730724362 89.09216454357542 42.75092016459778 31.664017317336043 35.561583496546426 74.9292371290243 39.52716467059291 7.130019622660182 102.80235699080322 77.74611368670872 20.49521893830507 89.61761373006638 18.86289372364516 37.13177948289069 31.807105754477085 94.63361188390418 42.75092016459778 3.173709548620492 81.57053283447155 24.830737342525357 132.06329707467026 103.56418933093188 80.03209779614943 66.92907092982404 70.34652007764475 120.25837503920023 88.17198229010121 59.0029274493867 39.78966861129118 45.6060884455886 114.26595776119554 79.88651940592572 45.84599173753058 14.720938488922913 26.95197947511616 114.99866124159509 80.92153007164681 47.610344075336734 19.494732342330302 29.802570486795773 122.3356696981637 90.9593481702014 63.055575808269 45.532668986479585 50.64837543133974
31.09461099504176 60.38912685383427 36.987943100090106 3.6109505404163644 19.6099522912446 29.90121440086583 1.5537348180142654 51.029088539491156 68.08991453176894 17.81665267589997 15.88373334482587 70.35556219990114 4.998653430690605 31.794448691132295 24.638222108699004 61.291417803920176 40.04645985963477 37.9636517564976 0.0 31.396278395267384 29.95628270540815 51.69543730055504 15.174717300876077 13.03444652732247 2.472724359536089 37.20184192860135 2.8406663874340783 42.42963472301552 65.73449059773016 42.811762901028516 52.651307780860876 52.33360189014091 56.707514017023534 5.750000589883668 10.818999613883447 57.938844589943855 15.174717300876077 37.860577280962865 44.285266536506285 40.771981191190235 95.63394683542613 70.38348461034612 56.183732828766516 61.27138462963622 82.13736741041677 82.32967904201031 51.06770635326314 28.852809708319576 38.10377985275479 66.82926653121146 77.4562884418403 42.85282887846749 8.252737792155594 26.357253910874356 60.96028543942311 82.52150038428941 51.37355450035419 29.385795617597363 38.50515124217299 67.05674586658607 95.9640241333203 70.82722674239088 56.733506503632626 61.771175037350424 82.50732066638788
3.1784375784816996 87.86899737230816 6.205819836140111 27.91466501320808 43.67337468821429 61.185124595815495 29.93310406776356 22.952843442065348 92.9300047249258 41.925927543167006 36.55903011720528 99.75883303927768 31.396278395267384 8.053550727303147 43.945617592533054 84.72388874676354 56.075331898214436 14.501351661043154 31.396278395267384 0.0 4.834266220204636 79.55552310302372 41.02877172260634 21.21818760892607 29.401375650160706 66.1731401350748 33.71405463246884 21.626801216872696 92.69913555985514 66.57119356421352 21.374926664722704 79.92893804250794 30.87888946302295 28.560810920306025 22.26830839514182 84.27423651672264 41.02877172260634 11.963336024401547 72.01673210478401 13.217359639742812 121.12964534009427 91.19807756342055 66.00445290307253 52.82884001801261 60.16631080552007 111.65123890261374 78.3006176100869 46.8061588372529 25.406465907201802 38.66526519621541 108.7891549722054 74.2015463634066 39.64231316129147 5.657806089288828 29.788635645514038 113.0472044808525 80.26066042258101 49.987128431355 30.829995680741593 42.392222002762956 123.69201903852782 94.54440891237394 70.51498450893438 58.316969464600355 64.99356059900573
1.88684160259403 84.5138658957806 10.37368346343578 26.672825251252195 40.372532228688584 59.30569734279344 28.4302152548237 27.32796836665311 89.12172107159537 38.695263361598506 33.174319480622394 96.81111908067547 29.223272832051165 12.576076376485236 45.164398768176966 80.7783761140423 51.705964622815976 19.31593730724362 29.95628270540815 4.834266220204636 0.0 76.32340177508873 41.07812131947951 18.504409541546302 28.213827966970722 63.29352096705709 32.48831470193068 26.433284531420885 89.2244087104921 62.80192645992219 24.122797505488823 76.64120080643362 35.470629754249124 26.384434167450515 19.955342732714513 80.73404086621034 41.07812131947951 16.794767351151474 68.81239339465628 11.483947637635659 117.32056468691549 86.95185121987286 61.25310265739226 48.35358687789559 57.61080426104389 108.64434719694829 74.95419109615374 42.749426122839594 20.778406845152652 37.82614221097486 106.86196737445945 72.37090977201701 38.08504322614577 7.631898852918328 32.57107104370758 112.30224666273533 80.1180365353518 51.19409724619301 34.89415495618283 47.00211857319727 124.01802049234358 95.71894482011622 73.06532095082594 62.52794250765958 69.82638329698813
78.01422273137035 8.73170484733332 85.72557395219765 55.099411640864716 35.95087347573564 28.793215878622323 52.6278492404735 101.52244209644715 19.68786913999765 37.648264495326536 43.15643291782565 21.423857488147252 49.38097185298081 82.29342682892482 65.0654973295291 18.459078989700483 35.059824487199215 89.09216454357542 51.69543730055504 79.55552310302372 76.32340177508873 0.0 55.1951514126821 58.39190634462928 54.168142321214326 14.806907124266717 50.861876987471504 94.03252764524163 14.28604347705425 17.534915951152787 100.44275673599473 1.2648674705996694 107.95476828636683 51.97350650955195 57.67184887914812 8.496324904841172 55.1951514126821 88.49853810513872 7.548713698339512 84.06670847759253 44.600288392082476 30.31435143883774 47.36634343754361 77.22057683596813 109.89677379799005 32.706704833449564 2.8174410656988815 36.61969064139425 71.19634714365212 105.79079490173066 41.935572320650756 26.277022487428187 44.91338887803281 75.75476219220512 108.88157049369747 63.684672773109575 54.46606940208045 65.3617931660547 89.28925699532653 118.60765127373803 89.2246247987547 82.68022946843963 90.03181109876483 108.49033903120542 133.52640300796756
41.723125487097946 63.80975459077122 45.49779422532967 16.476444343955304 30.890194612859847 27.89419777495163 16.371605871892964 56.248117756354645 73.68334514435145 29.503932894382814 29.61824845473492 70.73361122075599 19.82339070630978 38.558594091396806 11.010489327940714 68.29734716007978 52.30148131299769 42.75092016459778 15.174717300876077 41.02877172260634 41.07812131947951 55.1951514126821 0.0 27.243765865938126 15.139506778843463 40.495238230225354 12.628594232465492 45.02340299093825 69.45569288292006 50.85721080927158 60.8898846220123 56.105629416069114 60.01042709412701 20.90977322718795 24.895353067135943 62.702387499359645 0.0 43.74958129343593 48.52695723403234 52.51075460125904 99.77361653309579 78.67434125329397 69.42110012009324 76.44400609664892 96.24366342438171 82.45395451904909 55.34005130131284 41.48745098563366 52.67557830756223 78.8862799220102 72.34788145656536 38.89025566623079 13.621264848426323 35.40447093459655 68.67506901350995 72.53652859778781 39.236882796490626 14.572860752377245 35.777840597769845 68.8664634893949 82.94967837743674 56.06926682862814 42.44638134686827 53.42702465624889 79.3852486603162
20.003616876414338 66.77255888398946 27.35227236495007 10.785198144361086 22.656906047213372 41.02558770249607 11.514838445794506 43.31417628641563 72.43023281106863 20.851473889273578 15.763562851821142 78.54530484528927 10.957592756798592 24.407357479254028 34.86941958851247 64.58118565743791 38.15538130856061 31.664017317336043 13.03444652732247 21.21818760892607 18.504409541546302 58.39190634462928 27.243765865938126 0.0 12.211165390369114 44.965448171470726 15.860931457219701 37.64427375437455 71.70095955331969 46.12152606709274 42.42176526543806 58.79538389853516 50.306623042062256 8.212458823026813 2.349157041107416 63.36429598793352 27.243765865938126 30.553293890983447 50.846230256453225 28.426772975068438 100.56425229816205 72.0421401049257 51.59244517683325 50.28220546766167 69.20714784659047 90.43342467368842 57.209154800224525 27.611899395425475 25.432127009136483 54.092658290403115 88.47391603728978 54.08824807505888 20.45229998014197 17.490220208694563 50.876048050562545 95.19179309019368 64.40530613694125 40.36630998302427 38.80288702534155 61.455013124975444 108.99387424108669 83.3086539593499 66.30063679734383 65.16128044864453 80.5666551034366
29.263472298135127 62.86171980048753 34.876180536000504 1.5535889832008067 21.80040961074502 32.10695852733738 2.00406834421654 48.68032653923947 70.5240983727044 19.97366548992092 17.59143646490283 72.79019500796643 6.600939813165277 29.48677839418499 23.813099581426286 63.673461623404 41.90605412771404 35.561583496546426 2.472724359536089 29.401375650160706 28.213827966970722 54.168142321214326 15.139506778843463 12.211165390369114 0.0 39.66836468100903 4.313336213750558 39.96829870661967 68.20517989850185 45.16660836220186 50.56365377552303 54.80598714411994 54.27944736061729 6.28446836730335 9.883806550415796 60.39941115537355 15.139506778843463 35.51816478470386 46.75719688574157 39.22232678732458 98.09342713358782 72.67268626842507 57.750405509907196 61.51171001765357 81.40677322803512 84.76365182494375 53.53755166249055 30.700166952981768 37.597461480692104 65.41770413650579 79.5957580574569 44.9964571855074 10.427464465619492 24.24123075558238 58.83363765175547 84.10822268841243 52.503359749869745 28.876506413063524 36.137828336411104 64.59777726596084 96.95854621621268 71.14767962757948 55.837445624989925 59.736452339402106 80.08659393836423
64.89345058629317 23.52379668255392 72.26702552339154 40.68203629607278 23.48153070313289 15.537422226925868 38.22216110874411 87.62657373661892 33.39880640696381 24.90366025965322 30.592628212982802 33.59097429594636 35.288847552836444 68.32513167622592 50.582501174052396 29.275395370749845 30.65206041289041 74.9292371290243 37.20184192860135 66.1731401350748 63.29352096705709 14.806907124266717 40.495238230225354 44.965448171470726 39.66836468100903 0.0 36.208374561008014 79.6275028967259 29.088264513813016 16.52029369598464 87.35781528751964 15.644957353465081 93.76592789357179 37.99393667199349 43.98879622062243 22.258734949825435 40.495238230225354 74.51220611406639 8.146882316404758 71.88536463816092 59.38659470223954 40.77731018347948 46.83624621069935 71.54930069605948 102.17531227193439 45.51251244322504 14.858221953739603 27.658571120464813 60.861138498046856 95.06845758772837 47.110793565012465 19.168887340339023 30.171419621803867 62.03250624213898 95.81543741885585 63.01486677364824 45.85650535379109 51.27942704471211 74.50607423969225 104.24752018084017 85.58988622932134 73.66672266978266 76.95903545820372 93.87944372165595 118.73818455078161
33.561719609497096 59.58501665682825 39.16631860163877 5.826002593848041 20.340830221067094 27.91784452710853 4.347041394435361 52.7536462041084 67.75138201155956 18.653570797775146 17.521563981639503 69.04137308571723 7.198694331446628 33.63929876778873 22.556222415262265 61.23473714993766 41.28535034159347 39.52716467059291 2.8406663874340783 33.71405463246884 32.48831470193068 50.861876987471504 12.628594232465492 15.860931457219701 4.313336213750558 36.208374561008014 0.0 43.648197365399575 65.01006826019331 42.9018235927247 54.85841299387553 51.55677744753325 58.138225468830086 8.486630352413902 13.624822929616968 57.38913864009009 12.628594232465492 39.61301270297624 43.54674574869989 43.42177912514048 95.06764536605853 70.65071218691298 57.792548333641626 63.90010741490988 84.97798765718859 81.00603347427112 50.38241200377006 30.160151011383032 40.93555018129292 69.54596406719489 75.3391533679518 40.74968554962095 6.319816481865339 28.53414891170065 63.11346602464975 79.8745239021677 48.55946647848644 27.035990805863502 38.71315811652295 68.27381066025823 93.13319399128098 68.04999756747246 54.61326857414299 61.067279538328506 82.88915940031153
24.78766042831931 102.68481029305995 17.990277743989452 38.953714093058444 59.61839510524454 70.97310177235335 41.420642932843705 13.25277568501252 109.54625334215976 57.73299238392837 53.19251420544155 112.68819348389832 44.768908605617185 14.276173214585976 42.42531103909846 102.0083757739746 75.43239235286258 7.130019622660182 42.42963472301552 21.626801216872696 26.433284531420885 94.03252764524163 45.02340299093825 37.64427375437455 39.96829870661967 79.6275028967259 43.648197365399575 0.0 107.93096337258655 83.44013593185464 23.839344102672882 94.62118533040118 14.988325520434403 42.34816571728595 37.509563484156466 99.90570246588459 45.02340299093825 9.996341793369632 86.56095832841068 31.53274660467173 137.4878469100833 109.68639830290255 86.91406046715137 73.97129075020443 76.05392705111365 124.65403799384076 93.2618401491386 65.20526510060158 46.90944996953334 50.4388791274243 117.24616918191333 83.20028640367661 49.927541620911825 21.402790754105816 28.60503062478775 116.30613009310123 81.88259083953554 47.72058190803168 15.639746240197736 24.633348474851427 121.98359281985606 89.6950189620454 60.0435060486872 39.497791007921094 43.700744327991394
90.97172970012012 5.686909037412968 98.89871598454565 69.07862048454129 49.056977745039305 42.66947851637367 66.60671198247076 114.99213048020691 9.561220071450867 50.84951274386972 56.140506606502925 15.637868976491115 63.17679815426772 95.8684515782597 79.22253129178108 15.57252663144503 43.50409464354252 102.80235699080322 65.73449059773016 92.69913555985514 89.2244087104921 14.28604347705425 69.45569288292006 71.70095955331969 68.20517989850185 29.088264513813016 65.01006826019331 107.93096337258655 0.0 27.213708954888553 113.26376883669626 13.476967456792584 121.65500563508321 65.68420444998385 71.15510130387624 8.629205804327421 69.45569288292006 102.07081396043573 21.465080262325966 96.27632209553565 30.32080217869113 24.331334201058993 51.57055831098099 84.39121415226384 118.23314868677713 23.220349983498288 14.674263106312885 47.81565284067825 82.17172646314788 116.6743412997373 42.094222569777024 37.90471287455918 59.13070398708552 89.16805628115284 121.65637499879806 67.95217190911902 65.23989490387619 79.30803039096158 103.52804961854973 132.44290846822568 95.26670470699105 93.13217998037833 103.27704146759754 122.6922086427533 147.7677070358928
64.60478124022693 23.507087650549753 72.76974884486437 45.687782097900794 23.859127232334814 30.892032088954938 43.309436428638435 89.27378751108785 26.363200296180402 25.753607238883024 30.362593255021586 38.586486467498126 39.20443541442308 70.52887977108692 61.72221742207236 18.602632592689595 17.524952636612603 77.74611368670872 42.811762901028516 66.57119356421352 62.80192645992219 17.534915951152787 50.85721080927158 46.12152606709274 45.16660836220186 16.52029369598464 42.9018235927247 83.44013593185464 27.213708954888553 0.0 86.6401227209966 17.121254784114623 96.42752152636784 41.3089176597925 45.97285443890967 18.590670003090533 50.85721080927158 76.66609845945644 12.783156704296928 69.26799763922773 54.55894346315926 27.881945515219748 31.19247838183547 59.694068193225384 92.45883459679393 49.19264668585803 15.025027440070762 20.650435023867505 54.97257078997865 89.51190237794407 58.859449397254984 35.50608883197518 38.10201681122567 63.54273212670021 94.96540268301085 78.16759954664697 62.30679216379326 63.63082198814199 81.30442232867846 107.54868245527473 101.76925900670004 89.94422416713691 90.6512264018186 103.63409786337358 125.12836462047501
22.47050051286574 108.60611031936489 15.697355017502506 49.1153908666819 64.49258162165958 82.51156537712528 51.2178303944917 12.646332405878145 112.86154701819447 62.81798148143691 57.2884593600371 120.9062760517942 52.76811814186267 22.394787763318853 61.68611224462385 104.331187897512 74.38933160344077 20.49521893830507 52.651307780860876 21.374926664722704 24.122797505488823 100.44275673599473 60.8898846220123 42.42176526543806 50.56365377552303 87.35781528751964 54.85841299387553 23.839344102672882 113.26376883669626 86.6401227209966 0.0 100.75250929342057 20.33389010775163 49.93027413326364 43.60590205699633 104.74055561176975 60.8898846220123 18.182215632680524 92.93447025551575 18.833370272209336 141.02276535008264 109.79151246515147 81.33713927893318 59.766900539390555 54.06692827493706 132.7546158524139 99.05237535478753 66.285739244563 37.02791544428548 27.261235274177718 130.10149057973476 95.50078529381676 60.90366576673279 26.32427372867605 8.457697221221606 133.39898758633308 99.90644037097324 67.5436276820106 39.21510332109535 30.1387606282327 142.23366060303397 111.32840581764363 83.38108489296914 62.49470649581023 57.040012359651726
78.34505076691808 8.063629745745365 86.10803555564888 55.71218682382235 36.28001490986685 29.87956451904116 53.239764114907516 101.98215535775657 18.512972999728646 38.00428265169635 43.46688226149009 21.573543049009828 49.9221686275374 82.77762518186071 66.0429634272064 17.203675278059983 34.627445094897645 89.61761373006638 52.33360189014091 79.92893804250794 76.64120080643362 1.2648674705996694 56.105629416069114 58.79538389853516 54.80598714411994 15.644957353465081 51.55677744753325 94.62118533040118 13.476967456792584 17.121254784114623 100.75250929342057 0.0 108.48015000945381 52.4875830196622 58.1211920414812 7.278592408365641 56.105629416069114 88.98343841449383 8.060228990428321 84.25256408926049 43.74454377380575 29.052587877905783 46.57637274155776 76.74309099738964 109.56497349069593 32.652370022735035 2.102208626939767 36.57206172444372 71.17209088608662 105.7746271469374 42.744479139090664 27.538187422242405 45.65580582369188 76.19312969948369 109.18412425775774 64.77871147224113 55.72976980761225 66.40878259364803 90.05131285829249 119.17694771380769 90.40804843805532 83.94433623606363 91.18335262737709 109.43889551440239 134.29093694752098
33.59382849334575 116.53138221204884 25.172490605339576 53.15184536706953 72.8385159151052 85.72300821519859 55.58834931923436 8.762781962020917 122.72961162392343 70.98540635619207 66.06925682154852 127.06222295528117 58.5764018213248 25.900748723646053 57.12068329604868 114.85329866239826 86.88793535723278 18.86289372364516 56.707514017023534 30.87888946302295 35.470629754249124 107.95476828636683 60.01042709412701 50.306623042062256 54.27944736061729 93.76592789357179 58.138225468830086 14.988325520434403 121.65500563508321 96.42752152636784 20.33389010775163 108.48015000945381 0.0 55.99341197195255 50.58584733780425 113.46424561234396 60.01042709412701 19.77495775739325 100.43341174613869 35.95174524424955 150.8368556068111 121.83855939373375 96.60362013377035 78.83293485971676 74.1063502364668 139.0365330815421 107.03042193162959 77.29603581568301 53.74621228963895 46.87692148739659 132.1983545325233 98.07051423422574 64.45226168842996 32.942522144595856 20.27739992838766 131.10150967911244 96.60064250429383 62.214269746442156 28.36193794056717 11.53415030556668 135.88516043661386 102.94223052597512 71.58391939760911 45.235394330692905 36.91954737307409
27.747929226235726 60.53797152064953 34.50276450990095 5.663433588134157 17.4683148088588 32.93574459219542 4.59694870611123 49.63956761752847 67.23503820823957 15.573348862629793 12.050350361178884 71.53989924167475 2.8452263923140793 30.35313495073674 30.059443583251973 59.91134303222515 36.36687364965698 37.13177948289069 5.750000589883668 28.560810920306025 26.384434167450515 51.97350650955195 20.90977322718795 8.212458823026813 6.28446836730335 37.99393667199349 8.486630352413902 42.34816571728595 65.68420444998385 41.3089176597925 49.93027413326364 52.4875830196622 55.99341197195255 0.0 6.432080060123456 57.577706368686684 20.90977322718795 36.55176133602635 44.44434513363993 36.613586231037864 95.13975537255719 68.3200712684804 51.75418373412556 55.53524323255046 76.71137633147191 83.48791168045082 51.0432471086844 25.20791786683343 32.56239457267174 62.289841280358196 80.47765841505297 46.00402122529891 12.285776456870893 24.09075562808375 58.349315160051475 87.01073272531315 56.57323468378137 35.00038520279796 40.550657887274774 66.77213157251036 101.25616582521756 76.53648542477403 62.10988066418801 65.20906489052406 83.91417165308042
