0.0 42.22088493384341 26.856243463092753 51.39779271611078 64.64568019736423 47.263878367335735 66.63963318301317 35.135330759372266 79.67690577753334 51.66598332043227 61.56687481149444 29.423628439841575 30.83844462759559 47.035802456932025 62.11631636411055 46.57899742718665 69.96785646957437 68.4875934949081 43.73957239689597 31.086953286941018 65.33490735937251 51.30619167311355 18.88119294044676 23.081379151091383 22.592295614650787 13.520281158076914 48.85268125723211 34.87213975298937 51.643406832741675 14.631069405347526 33.29757972137215 73.21328412539178 15.137910192454832 52.4694632095538 32.593275398509135 29.688531707975063 47.333294835958874 6.318377616428302 62.25148458049901 35.00472405136852 53.64101968565678 32.468910996001355 49.26982456727735 12.957353372580696 66.74865924800451 60.36876974249205 45.16745296818367 70.40252017051151
42.22088493384341 0.0 62.79313562849335 30.704066699956982 25.623165452613005 6.2452963235155385 35.43194622097836 71.84861604206594 37.60352690737188 12.395771273221959 25.617339990049395 18.13631912894575 20.697148900744455 53.42988503093434 22.978385377941887 52.24788390432475 29.4802592178214 34.17420943634164 14.034634905507266 23.964843623657988 25.265898274636594 26.87101495549008 26.150977154102286 44.88117874926708 22.851099867286113 46.39061890153913 25.370954691299467 8.338189494681965 17.179965822887755 46.63119759642142 8.925547638890977 39.13734114027839 36.149908300079524 54.60670352495473 47.55063336314542 33.889211532075436 7.590640111250825 47.82429594682345 21.9350183000483 8.04573685360877 19.484683555876316 9.950279373042777 12.589339509279302 43.21664699049239 30.277498780759405 20.65828607406381 8.896802070510372 32.478975119776024
26.856243463092753 62.79313562849335 0.0 59.11366334100153 87.60156959112696 68.71922169160236 92.01426491000048 9.070345848174938 97.93535287648967 68.98108998078223 85.5962818891167 45.66584654206938 44.80370095177602 39.03226815322266 77.89971235405488 39.32473861657108 92.1498154084552 93.19350716843385 58.86442518368359 42.92686405572787 87.74539092904239 61.0780208917561 36.67356431758554 48.18883738022198 39.970356312411006 16.583239224265665 58.97379004382842 54.509218300247575 66.4348887635676 16.20246567044401 54.5188872306692 98.09339799460153 41.94247018815393 45.405864516454095 26.40166901031458 35.10974084452175 65.69807300525633 21.08807607591153 78.97593713987152 57.1749972246586 67.80800654723119 52.997152255419934 65.72322536069184 38.19575485533202 90.76397983160102 82.89514149914037 62.55952663947037 93.95843003579952
51.39779271611078 30.704066699956982 59.11366334100153 0.0 50.74347867457875 35.07762625389251 64.43505161484829 66.94231499556926 46.37050005111856 23.88627602217643 53.46264250092512 24.393088040850785 21.47610064695174 31.229021791659243 25.6233573423845 30.00585999297614 51.458955999214176 61.84392242833335 16.67676816243601 20.391622769210944 48.98736377470483 4.599695652766793 33.22165921185387 65.42299331997408 30.117211967838173 46.77799350933913 5.346839561353409 27.890574555555823 16.975889279232025 46.26845316818611 31.869110700642832 66.39974006984059 54.383212841416345 29.352892720516948 34.335938200719426 24.32371412622952 25.413326362148304 54.2658597529232 28.248081925833553 34.51852681135904 16.190286664217513 30.26542371992358 20.629660534931013 59.344319646880415 57.019842506740844 46.08748050327774 22.262795467370655 57.55712360981857
64.64568019736423 25.623165452613005 87.60156959112696 50.74347867457875 0.0 19.383453031063006 16.55340104596933 96.66930545597627 25.91517926420965 26.868836676730357 6.625326185483837 43.7581555565252 46.22491810964187 77.89250666223302 29.176591160441212 76.67057141477376 6.456057115129009 12.031289406593109 36.2323472440484 49.394798568625454 2.8949502208689584 46.19015830212767 51.04046712500056 59.742674908567814 48.06673824405842 71.03502085720041 45.74186943597269 33.84393982432268 33.79822727796917 71.40557032950075 33.14434560160826 15.923145130470674 54.53962679034865 78.21052171082293 73.09474902767882 59.377816674880094 26.44725316785039 70.74590682587231 26.08916981220683 30.43432113260844 34.953607831546705 34.815551693475115 30.309159558543765 61.88813057817467 6.777346124480666 5.01842767670274 30.198174017681676 7.013419404828771
47.263878367335735 6.2452963235155385 68.71922169160236 35.07762625389251 19.383453031063006 0.0 29.806787316335953 77.78565627925465 33.528446812556595 13.296526133911177 19.574652202856512 24.375189540378596 26.922000488745592 59.37265709939388 22.270052589502896 58.17731369785883 23.434596537858415 28.165888593269052 18.782955278262055 30.16167818281631 19.113217438004966 30.907237479878322 32.046087546059894 47.46740773215491 28.881253992072313 52.238312367923896 29.746591746267292 14.489052962046117 19.705044540784197 52.52690170618719 14.297617932526988 33.08704068126383 39.726697314792425 60.30108359957331 53.785770417907315 40.108647911153575 9.824618953282792 53.06932374164921 20.445775129683938 12.26603076209795 21.740426529414147 15.72207675418195 15.11417101369801 46.997195019978605 24.109416807743255 14.434004114342839 12.839396104114003 26.234489083925443
66.63963318301317 35.43194622097836 92.01426491000048 64.43505161484829 16.55340104596933 29.806787316335953 0.0 100.91468707290926 41.415776706673256 40.91938467473767 11.311288916553037 52.29519075088604 55.47378166467685 88.79462512520433 45.1852905092747 87.62542206974837 21.035773535967177 5.676329805082651 48.534526154045814 58.87839260046136 19.39259578244165 60.05390478967977 57.02941413414044 55.91709289016604 54.86017812098069 75.62182640850398 59.18163237801184 42.41505722383668 47.971961763779426 76.2163129429653 40.25503883743634 7.635617084722083 53.82629763690419 90.02423730473076 81.75095022596882 68.48836177750107 39.07267398467511 72.95621394558141 42.18212525368355 36.909719283338355 49.51826983573781 42.2899919344634 43.854043500094754 60.70108288353395 10.188535306057434 19.553885194602255 42.48939927784993 13.635687548396016
35.135330759372266 71.84861604206594 9.070345848174938 66.94231499556926 96.66930545597627 77.78565627925465 100.91468707290926 0.0 106.78286801139463 77.84976633159997 94.62715416171356 54.6234981289444 53.6304892431516 44.10959418931189 86.58327081940742 44.61335011767226 101.2174124282061 102.17924211750419 67.62069528620064 51.615350232134126 96.8154879789549 69.18351621388489 45.73956928417816 55.27558826962667 49.01465591655006 25.64096920698011 67.16308163039082 63.556224732092865 75.09408258787704 25.27281124576951 63.58916955569101 107.06479171892326 50.008142959113854 50.36879351835683 33.194679817345325 43.3557001981668 74.65277250739855 29.053179358769043 87.7468377168573 66.2405744423722 76.38952807652781 62.063778176147274 74.54113855982993 45.60061101946046 99.79911122994241 91.96539474304349 71.46658103074702 103.01493193377196
79.67690577753334 37.60352690737188 97.93535287648967 46.37050005111856 25.91517926420965 33.528446812556595 41.415776706673256 106.78286801139463 0.0 28.96075714320042 32.52907905240631 52.420139859378686 53.152400652075265 77.46469521426735 21.143831838597503 76.22602731656808 20.399894465528742 35.95440242819463 39.26402323115777 55.30368235341659 23.117131801966995 42.166701167360614 62.3915629864451 80.76127254502462 58.699990041145085 82.2255497703807 43.139200397447865 44.86845604190419 32.32275673979787 82.25045389990062 46.491640568552256 37.65627264230677 73.24491719734398 75.66392407871297 77.58620433871381 64.48540194934341 32.613669179857695 85.06084523403207 19.280068264317325 45.36751931078426 31.640716741063063 47.208429908121566 32.25220702676486 80.48810990638647 31.2955355148167 26.06733628222123 35.447685124978 28.000247248939075
51.66598332043227 12.395771273221959 68.98108998078223 23.88627602217643 26.868836676730357 13.296526133911177 40.91938467473767 77.84976633159997 28.96075714320042 0.0 29.763768482243925 23.496660211312733 24.234384071161035 52.05551565841881 10.871111997276016 50.81177843278539 28.058089338154996 38.02795832267773 10.785632663726481 26.567059772258524 25.21136916740047 19.357641044525415 33.68834124973624 56.944870620120234 29.934910356130434 53.303123082688764 18.884841342127704 17.049958165722302 7.059689487400454 53.306589902585614 19.78422124617818 42.527373472268295 47.666355608534765 51.765421394465136 49.64020653822126 36.126547512850316 4.905040982933434 56.69676425206371 10.586454662154315 20.08884960668126 8.703120342921276 19.802439699440118 3.747177794108758 54.461412854528255 33.146242408280926 22.207561524390606 6.573086860410174 33.72913973009485
61.56687481149444 25.617339990049395 85.5962818891167 53.46264250092512 6.625326185483837 19.574652202856512 11.311288916553037 94.62715416171356 32.52907905240631 29.763768482243925 0.0 43.352407521275914 46.21747551196143 78.94724703958553 33.93725486432749 77.7513629162562 12.804665788541278 8.595956380850772 37.933185556911184 49.539934063145225 9.423418018168569 49.02115766155685 49.483571227447825 54.73428419340353 46.84932300655116 69.02392916573865 48.266836133189706 33.31594871063697 36.82338704670545 69.4905200990681 31.851011249922312 13.522024865440924 50.421190890724496 79.78900451193404 72.95001539335964 59.395352241811075 28.272033951350735 67.7895434372894 30.967946646789606 28.763391475788914 38.298059541604516 33.73788550750317 32.834603490087005 57.68293939123301 5.192075616639307 8.313996427238575 31.83553218445014 9.108900106035698
29.423628439841575 18.13631912894575 45.66584654206938 24.393088040850785 43.7581555565252 24.375189540378596 52.29519075088604 54.6234981289444 52.420139859378686 23.496660211312733 43.352407521275914 0.0 3.798557153872755 37.226030658036706 33.24822646467609 36.13998632721481 47.449000131488845 51.76861269615054 14.389662528945259 7.073374048287819 43.35240752127593 23.012787396738812 10.619538543246179 41.03372200081578 6.84150572571688 29.80943613759003 20.58100079880778 10.03774278724838 22.333667121420767 29.833331226719984 12.20790254982687 56.78016876537425 30.044991786449568 39.63981113817538 29.601613999799806 16.194530925910726 20.032593349610917 33.79990237941208 33.83828925094652 15.639497170635147 24.253691352947854 10.112799427669184 20.52369598950233 35.38847198545188 48.20293608743591 38.79337518027006 16.972494175988615 50.58911590719112
30.83844462759559 20.697148900744455 44.80370095177602 21.47610064695174 46.22491810964187 26.922000488745592 55.47378166467685 53.6304892431516 53.152400652075265 24.234384071161035 46.21747551196143 3.798557153872755 0.0 33.66917880271844 33.254762156219584 32.560831236278766 49.56489114562503 54.710793282063136 14.138350241964437 3.4352825739400767 45.630091205574516 20.637895444742707 12.053152357827253 44.08290712436621 8.67934780134348 29.527709106325204 18.17528443023117 13.058813517491599 21.941620578890895 29.405616593263975 15.710794862493685 59.70639572537881 32.96373915977062 35.91406609486583 26.871843455959393 13.193264174615795 21.385582151011498 34.67381687159225 34.18790763355386 19.134484405737766 23.608218694275894 13.61144679921684 20.91992413609911 37.894506483330076 50.96049289324691 41.22168572059332 17.96182891390864 53.1378149984225
47.035802456932025 53.42988503093434 39.03226815322266 31.229021791659243 77.89250666223302 59.37265709939388 88.79462512520433 44.10959418931189 77.46469521426735 52.05551565841881 78.94724703958553 37.226030658036706 33.66917880271844 0.0 56.45236025104028 1.2490592647033907 80.0030133525184 87.53773339328288 41.75930472755512 30.23770428008343 76.73464624005237 35.29974309533812 37.52790112270813 68.58423455793547 37.40539625262681 35.39673742851639 34.43243298612086 46.57708956548494 46.21766432079962 34.33053005925832 49.374981112888364 92.45409530474792 57.91369771892473 6.375017513558198 14.756966357916143 21.863202050042624 51.48111905426639 46.05466815480002 58.80072428905534 52.80204032794492 46.25472137454401 47.27422825150837 48.32560688555613 59.313055009682145 83.35996797454044 72.91097811782805 47.71180217460537 84.90566497161042
62.11631636411055 22.978385377941887 77.89971235405488 25.6233573423845 29.176591160441212 22.270052589502896 45.1852905092747 86.58327081940742 21.143831838597503 10.871111997276016 33.93725486432749 33.24822646467609 33.254762156219584 56.45236025104028 0.0 55.20875340579367 27.870423657575706 41.182053412600645 19.11735810017952 34.97829768291221 26.726262065155037 21.239321017544796 43.750869736162215 67.76029864026249 39.953721870037924 62.76394983791138 22.04362959110027 27.831272732738363 11.499931792286826 62.65959566279646 30.65523906834639 44.98156893098519 58.53688059612687 54.966895123652705 56.574510172067036 43.714159300123306 15.733792596692489 66.92271250171503 3.1349945401789188 30.862223332357722 10.529680123942407 30.63003534327204 12.848622381668944 65.31176054943052 35.94711036971293 25.637314322052394 17.035748064427903 35.13314664364216
46.57899742718665 52.24788390432475 39.32473861657108 30.00585999297614 76.67057141477376 58.17731369785883 87.62542206974837 44.61335011767226 76.22602731656808 50.81177843278539 77.7513629162562 36.13998632721481 32.560831236278766 1.2490592647033907 55.20875340579367 0.0 78.76462742494351 86.34311365933208 40.526716975768096 29.132931200523156 75.5044921254428 34.06253033166033 36.66245367815615 67.95856260871302 36.45222026149773 35.14777334301403 33.186480220450804 45.43976705471099 44.96867285280192 34.096984145113474 48.27071178442388 91.25540560038361 57.22939492148443 6.250407475551891 14.541585117135973 20.913410847935758 50.253985330015915 45.758505354466784 57.553692912587486 51.69530855317805 45.00674551190302 46.17055682813111 47.08274933788416 58.76327606318893 82.1524870497897 71.69121878276539 46.4858833100222 83.68350007956171
69.96785646957437 29.4802592178214 92.1498154084552 51.458955999214176 6.456057115129009 23.434596537858415 21.035773535967177 101.2174124282061 20.399894465528742 28.058089338154996 12.804665788541278 47.449000131488845 49.56489114562503 80.0030133525184 27.870423657575706 78.76462742494351 0.0 15.674747728991457 38.2838933800537 52.56534638071797 4.693096426496455 46.85950804754402 55.478583233579585 65.99585806831608 52.29864434888573 75.65094961315944 46.74892385243136 37.81837731301937 34.557312021670455 75.95373904369195 37.66252270246056 18.121643473493194 60.44502611796578 79.822067023347 76.28755588007662 62.541308008483 28.743904514498865 75.97227843065606 24.741231365402832 35.25122123102301 35.30929144089145 39.154343993339886 31.737522978464888 67.81254739902157 10.895686643837323 9.632400720878467 32.50649963396346 7.989802242037518
68.4875934949081 34.17420943634164 93.19350716843385 61.84392242833335 12.031289406593109 28.165888593269052 5.676329805082651 102.17924211750419 35.95440242819463 38.02795832267773 8.595956380850772 51.76861269615054 54.710793282063136 87.53773339328288 41.182053412600645 86.34311365933208 15.674747728991457 0.0 46.489733669155 58.05340137100125 14.685139879550647 57.36215817024688 57.46454079321326 59.42995871640555 54.99125731100473 76.67090514126002 56.692480350803784 41.747017072167175 45.07077187846011 77.19230428509869 40.070398337938656 5.018275339210409 56.41068154399895 88.37809296644173 81.36794302193495 67.86910952112088 36.78909850747234 74.77445497413318 38.106535942181246 36.874503967036425 46.425246810815025 42.014109316063 41.222719113097796 63.48799810897235 5.260044368991294 15.93161199173394 40.388266176914954 8.017009180122477
43.73957239689597 14.034634905507266 58.86442518368359 16.67676816243601 36.2323472440484 18.782955278262055 48.534526154045814 67.62069528620064 39.26402323115777 10.785632663726481 37.933185556911184 14.389662528945259 14.138350241964437 41.75930472755512 19.11735810017952 40.526716975768096 38.2838933800537 46.489733669155 0.0 16.04459905531974 34.982668514234476 13.020374430103542 25.006961422544187 52.81644899716027 21.217863241035342 43.65028932389544 11.358435154708268 12.42719345623414 7.94620124079768 43.5422814349143 16.35777117395069 51.266078880605995 42.47819056017332 42.0036130765569 38.85669034395886 25.386700357376583 9.791917059514626 48.1873189085591 20.126553367393228 18.46126152489717 9.907522892287798 15.231654393973137 7.127924648247738 48.598984273124735 41.98958145240573 31.299278626167442 6.102454058233763 43.23405217836851
31.086953286941018 23.964843623657988 42.92686405572787 20.391622769210944 49.394798568625454 30.16167818281631 58.87839260046136 51.615350232134126 55.30368235341659 26.567059772258524 49.539934063145225 7.073374048287819 3.4352825739400767 30.23770428008343 34.97829768291221 29.132931200523156 52.56534638071797 58.05340137100125 16.04459905531974 0.0 48.715620511608115 20.296192294245547 12.908436553823796 45.93071039976747 10.198324871244996 28.259548783495184 17.86599494361549 16.469489683955246 23.508222318846205 28.013123007559642 19.13811859676959 63.04199339593827 34.717267670849445 32.56727796120562 23.736959966554195 9.992474117622882 24.115610277696113 34.37431903831629 36.15821710151715 22.56436115455042 24.93612279156703 17.03774319722013 23.080637829823264 39.16230615130056 54.24234136375006 44.382224810755595 20.544445732311186 56.33534336136466
65.33490735937251 25.265898274636594 87.74539092904239 48.98736377470483 2.8949502208689584 19.113217438004966 19.39259578244165 96.8154879789549 23.117131801966995 25.21136916740047 9.423418018168569 43.35240752127593 45.630091205574516 76.73464624005237 26.726262065155037 75.5044921254428 4.693096426496455 14.685139879550647 34.982668514234476 48.715620511608115 0.0 44.407929289961395 51.094402284615704 61.3855670721761 47.987449361012395 71.2171617245916 44.08524094271924 33.58384504321015 32.011580820510304 71.5434802448503 33.22750961628668 18.2554087316127 55.75369855688442 76.83838896303175 72.45168813797535 58.70770678640076 25.265898274636584 71.36157681461155 23.61258099555028 30.71950525094395 33.02668200513082 34.78427750301357 28.76778968237733 63.12186271189327 9.435704439753772 4.966746724799057 29.042097635474907 8.60873653019191
51.30619167311355 26.87101495549008 61.0780208917561 4.599695652766793 46.19015830212767 30.907237479878322 60.05390478967977 69.18351621388489 42.166701167360614 19.357641044525415 49.02115766155685 23.012787396738812 20.637895444742707 35.29974309533812 21.239321017544796 34.06253033166033 46.85950804754402 57.36215817024688 13.020374430103542 20.296192294245547 44.407929289961395 0.0 32.67379981833691 63.85048896695899 29.284218451482168 47.88318264892195 2.462895023429004 24.94978935089689 12.399773189491022 47.47278203095266 28.952306437835805 61.88483530943863 52.998779243489714 33.75515240540302 37.159367541797714 25.98033253183909 21.14710551949527 54.65239833371478 23.774851449686878 31.34833434865055 11.598227211895896 27.52662188848594 16.20123823348784 58.375483940961935 52.5037132614868 41.56511053778584 18.195855010931332 52.98484669765979
18.88119294044676 26.150977154102286 36.67356431758554 33.22165921185387 51.04046712500056 32.046087546059894 57.02941413414044 45.73956928417816 62.3915629864451 33.68834124973624 49.483571227447825 10.619538543246179 12.053152357827253 37.52790112270813 43.750869736162215 36.66245367815615 55.478583233579585 57.46454079321326 25.006961422544187 12.908436553823796 51.094402284615704 32.67379981833691 0.0 33.439542346409944 3.8007503983687316 20.24146199675913 30.21105363548655 17.938647259808697 32.94814594737826 20.48811195898701 17.897394781714777 62.45475821202774 22.197704302797447 41.43982498773001 26.250786863840133 15.951370710106001 29.780489647936477 23.198320069293803 44.180388902994935 20.746579537137045 34.871349061715506 16.32434196499354 30.944113388165594 26.266351008847362 54.58371506049486 46.27236702607411 27.115278837291353 57.54096744355297
23.081379151091383 44.88117874926708 48.18883738022198 65.42299331997408 59.742674908567814 47.46740773215491 55.91709289016604 55.27558826962667 80.76127254502462 56.944870620120234 54.73428419340353 41.03372200081578 44.08290712436621 68.58423455793547 67.76029864026249 67.95856260871302 65.99585806831608 59.42995871640555 52.81644899716027 45.93071039976747 61.3855670721761 63.85048896695899 33.439542346409944 0.0 35.734079781736575 36.60130012321873 61.47034194877457 40.799238012890775 59.707671449720095 37.71194022811179 37.36268331851836 63.38200193619322 11.24467424599923 73.45547263652188 54.75840213232854 48.62937252480759 52.04598357731459 27.450787309610362 66.81395134564308 36.90471760706246 62.04069884040484 37.879276789649445 55.93492301241181 10.216456175407462 59.45717645036396 56.73817254051994 51.48721219116642 63.78776908497691
22.592295614650787 22.851099867286113 39.970356312411006 30.117211967838173 48.06673824405842 28.881253992072313 54.86017812098069 49.01465591655006 58.699990041145085 29.934910356130434 46.84932300655116 6.84150572571688 8.67934780134348 37.40539625262681 39.953721870037924 36.45222026149773 52.29864434888573 54.99125731100473 21.217863241035342 10.198324871244996 47.987449361012395 29.284218451482168 3.8007503983687316 35.734079781736575 0.0 23.70139189207136 26.824048179415023 14.54199576035618 29.155728962956637 23.86297485373325 15.018948636304922 60.001539671923396 24.528851397816627 40.814709904832775 27.338453371687233 15.542557498020455 26.106856047465023 26.998570687208076 40.405805186785976 18.117615262738596 31.09337723711776 13.252837721361729 27.15390494222292 29.228842783988323 51.890082268699054 43.22727369620153 23.362953420826326 54.68195412460107
13.520281158076914 46.39061890153913 16.583239224265665 46.77799350933913 71.03502085720041 52.238312367923896 75.62182640850398 25.64096920698011 82.2255497703807 53.303123082688764 69.02392916573865 29.80943613759003 29.527709106325204 35.39673742851639 62.76394983791138 35.14777334301403 75.65094961315944 76.67090514126002 43.65028932389544 28.259548783495184 71.2171617245916 47.88318264892195 20.24146199675913 36.60130012321873 23.70139189207136 0.0 45.5773169076377 38.1687920563203 51.464475534465485 1.145324776012785 37.9933792971878 81.58893809106766 28.030993646985188 41.30838555399795 20.639872605864127 22.64247209371061 49.7263995379423 10.749074719943232 63.565991540684585 40.602761664731226 53.06752575185314 36.52625680894647 50.237915629319204 26.45172846485478 74.18804663047511 66.3502503359819 46.78001663457256 77.37579427347727
48.85268125723211 25.370954691299467 58.97379004382842 5.346839561353409 45.74186943597269 29.746591746267292 59.18163237801184 67.16308163039082 43.139200397447865 18.884841342127704 48.266836133189706 20.58100079880778 18.17528443023117 34.43243298612086 22.04362959110027 33.186480220450804 46.74892385243136 56.692480350803784 11.358435154708268 17.86599494361549 44.08524094271924 2.462895023429004 30.21105363548655 61.47034194877457 26.824048179415023 45.5773169076377 0.0 22.906747291699286 12.20457442353552 45.187493269239 26.906766818530027 61.29887016918 50.58956550928995 33.32083190333034 35.434637968633325 23.864828513634258 20.123564301342398 52.234190915364614 24.375170602501985 29.42258210460315 11.875596404496378 25.408106418438972 15.481541940969047 55.92914453507904 51.92666819107669 41.01612017051696 16.922279790143804 52.613949834327315
34.87213975298937 8.338189494681965 54.509218300247575 27.890574555555823 33.84393982432268 14.489052962046117 42.41505722383668 63.556224732092865 44.86845604190419 17.049958165722302 33.31594871063697 10.03774278724838 13.058813517491599 46.57708956548494 27.831272732738363 45.43976705471099 37.81837731301937 41.747017072167175 12.42719345623414 16.469489683955246 33.58384504321015 24.94978935089689 17.938647259808697 40.799238012890775 14.54199576035618 38.1687920563203 22.906747291699286 0.0 18.90876201446109 38.37532945618265 4.00295887439833 46.755405671488376 30.924999296053688 48.385497750040415 39.6346698354192 26.138053911230937 12.495756051199024 40.1935459321007 27.583325617075964 6.814223813644601 21.242972719592576 2.9206044861122358 15.321346079466425 37.52754384680925 38.16964275652567 28.919014989777207 10.894478206644084 40.61920129232754
51.643406832741675 17.179965822887755 66.4348887635676 16.975889279232025 33.79822727796917 19.705044540784197 47.971961763779426 75.09408258787704 32.32275673979787 7.059689487400454 36.82338704670545 22.333667121420767 21.941620578890895 46.21766432079962 11.499931792286826 44.96867285280192 34.557312021670455 45.07077187846011 7.94620124079768 23.508222318846205 32.011580820510304 12.399773189491022 32.94814594737826 59.707671449720095 29.155728962956637 51.464475534465485 12.20457442353552 18.90876201446109 0.0 51.3195215679304 22.47102255298259 49.53550090946188 49.71136978001917 45.461130337449596 45.26513627316683 32.24724478470632 10.022925991556136 56.13280327529439 13.05390978478389 23.755247427681905 2.374910227505555 21.82914970406352 4.666393706624022 56.07220329614889 40.156428155951524 29.21481110125765 8.571727829892279 40.58525302243419
14.631069405347526 46.63119759642142 16.20246567044401 46.26845316818611 71.40557032950075 52.52690170618719 76.2163129429653 25.27281124576951 82.25045389990062 53.306589902585614 69.4905200990681 29.833331226719984 29.405616593263975 34.33053005925832 62.65959566279646 34.096984145113474 75.95373904369195 77.19230428509869 43.5422814349143 28.013123007559642 71.5434802448503 47.47278203095266 20.48811195898701 37.71194022811179 23.86297485373325 1.145324776012785 45.187493269239 38.37532945618265 51.3195215679304 0.0 38.3165824109431 82.12271870121715 29.05257958024733 40.27031406280529 19.574651139552145 22.050606898381098 49.80533773658564 11.869615349353914 63.51636768382315 40.98654378989939 52.88412976146866 36.80567313779687 50.194427883721346 27.572230741679785 74.64623368721563 66.69293423659012 46.80375001602353 77.789069642036
33.29757972137215 8.925547638890977 54.5188872306692 31.869110700642832 33.14434560160826 14.297617932526988 40.25503883743634 63.58916955569101 46.491640568552256 19.78422124617818 31.851011249922312 12.20790254982687 15.710794862493685 49.374981112888364 30.65523906834639 48.27071178442388 37.66252270246056 40.070398337938656 16.35777117395069 19.13811859676959 33.22750961628668 28.952306437835805 17.897394781714777 37.36268331851836 15.018948636304922 37.9933792971878 26.906766818530027 4.00295887439833 22.47102255298259 38.3165824109431 0.0 45.087549168861 27.88281302436481 51.51586752638042 41.495945713046 28.343099505855868 14.965971990509374 38.93824442049951 30.087517005718468 3.4325560840003178 24.833408409392216 2.1010616386119634 18.572680540644306 34.73784606146417 36.87455075554063 28.382422119755727 14.127420436268757 39.68752956131207
73.21328412539178 39.13734114027839 98.09339799460153 66.39974006984059 15.923145130470674 33.08704068126383 7.635617084722083 107.06479171892326 37.65627264230677 42.527373472268295 13.522024865440924 56.78016876537425 59.70639572537881 92.45409530474792 44.98156893098519 91.25540560038361 18.121643473493194 5.018275339210409 51.266078880605995 63.04199339593827 18.2554087316127 61.88483530943863 62.45475821202774 63.38200193619322 60.001539671923396 81.58893809106766 61.29887016918 46.755405671488376 49.53550090946188 82.12271870121715 45.087549168861 0.0 60.857159590044226 93.21202338814554 86.38065119705244 72.87106171462632 41.52304632127088 79.51278807483581 41.86745484225541 41.8860893875766 50.7912744377142 47.0323643082446 45.81733093957759 67.84895739607023 9.381131631435517 20.32186928293549 45.16438068200083 10.15445709450063
15.137910192454832 36.149908300079524 41.94247018815393 54.383212841416345 54.53962679034865 39.726697314792425 53.82629763690419 50.008142959113854 73.24491719734398 47.666355608534765 50.421190890724496 30.044991786449568 32.96373915977062 57.91369771892473 58.53688059612687 57.22939492148443 60.44502611796578 56.41068154399895 42.47819056017332 34.717267670849445 55.75369855688442 52.998779243489714 22.197704302797447 11.24467424599923 24.528851397816627 28.030993646985188 50.58956550928995 30.924999296053688 49.71136978001917 29.05257958024733 27.88281302436481 60.857159590044226 0.0 62.57783550963854 44.50242545607736 37.525783814977856 42.839963865765476 20.961494846566282 57.91315741463095 28.121051779691424 51.99392260543291 28.032174635172176 46.241395540562216 7.373308272862093 55.467098630674094 50.87442217718934 41.80097287376205 59.50612935731575
52.4694632095538 54.60670352495473 45.405864516454095 29.352892720516948 78.21052171082293 60.30108359957331 90.02423730473076 50.36879351835683 75.66392407871297 51.765421394465136 79.78900451193404 39.63981113817538 35.91406609486583 6.375017513558198 54.966895123652705 6.250407475551891 79.822067023347 88.37809296644173 42.0036130765569 32.56727796120562 76.83838896303175 33.75515240540302 41.43982498773001 73.45547263652188 40.814709904832775 41.30838555399795 33.32083190333034 48.385497750040415 45.461130337449596 40.27031406280529 51.51586752638042 93.21202338814554 62.57783550963854 0.0 20.753941196977028 25.492038458327652 51.79405901286635 51.867655334580434 57.527982974138936 54.89774211814863 45.17135620556398 49.435000463377065 48.11140629260489 64.45599746194335 83.97591661541352 73.29782372436439 48.08661924462685 85.19753411786158
32.593275398509135 47.55063336314542 26.40166901031458 34.335938200719426 73.09474902767882 53.785770417907315 81.75095022596882 33.194679817345325 77.58620433871381 49.64020653822126 72.95001539335964 29.601613999799806 26.871843455959393 14.756966357916143 56.574510172067036 14.541585117135973 76.28755588007662 81.36794302193495 38.85669034395886 23.736959966554195 72.45168813797535 37.159367541797714 26.250786863840133 54.75840213232854 27.338453371687233 20.639872605864127 35.434637968633325 39.6346698354192 45.26513627316683 19.574651139552145 41.495945713046 86.38065119705244 44.50242545607736 20.753941196977028 0.0 13.748022335950358 47.70381388979512 31.312907963794107 58.31728640962171 44.853398663185324 46.05251115414347 39.46906410250972 45.969662457179616 45.163103620937314 77.76946459226319 68.0887144130505 44.03177433755912 80.00901621723082
29.688531707975063 33.889211532075436 35.10974084452175 24.32371412622952 59.377816674880094 40.108647911153575 68.48836177750107 43.3557001981668 64.48540194934341 36.126547512850316 59.395352241811075 16.194530925910726 13.193264174615795 21.863202050042624 43.714159300123306 20.913410847935758 62.541308008483 67.86910952112088 25.386700357376583 9.992474117622882 58.70770678640076 25.98033253183909 15.951370710106001 48.62937252480759 15.542557498020455 22.64247209371061 23.864828513634258 26.138053911230937 32.24724478470632 22.050606898381098 28.343099505855868 72.87106171462632 37.525783814977856 25.492038458327652 13.748022335950358 0.0 33.9962826049561 31.176142531345675 45.21726447538627 31.759966434000216 33.30534379512109 26.265198101592006 32.513807225460745 40.31385018281698 64.15309565072016 54.36732335906827 30.354297674137257 66.30887377121897
47.333294835958874 7.590640111250825 65.69807300525633 25.413326362148304 26.44725316785039 9.824618953282792 39.07267398467511 74.65277250739855 32.613669179857695 4.905040982933434 28.272033951350735 20.032593349610917 21.385582151011498 51.48111905426639 15.733792596692489 50.253985330015915 28.743904514498865 36.78909850747234 9.791917059514626 24.115610277696113 25.265898274636584 21.14710551949527 29.780489647936477 52.04598357731459 26.106856047465023 49.7263995379423 20.123564301342398 12.495756051199024 10.022925991556136 49.80533773658564 14.965971990509374 41.52304632127088 42.839963865765476 51.79405901286635 47.70381388979512 33.9962826049561 0.0 52.538869437735556 15.153468633371626 15.18402414762713 12.202737249956371 15.131354627998387 5.363108508847705 49.69336000586275 32.220494439676756 21.50750737665266 3.777120817447903 33.45336662148981
6.318377616428302 47.82429594682345 21.08807607591153 54.2658597529232 70.74590682587231 53.06932374164921 72.95621394558141 29.053179358769043 85.06084523403207 56.69676425206371 67.7895434372894 33.79990237941208 34.67381687159225 46.05466815480002 66.92271250171503 45.758505354466784 75.97227843065606 74.77445497413318 48.1873189085591 34.37431903831629 71.36157681461155 54.65239833371478 23.198320069293803 27.450787309610362 26.998570687208076 10.749074719943232 52.234190915364614 40.1935459321007 56.13280327529439 11.869615349353914 38.93824442049951 79.51278807483581 20.961494846566282 51.867655334580434 31.312907963794107 31.176142531345675 52.538869437735556 0.0 67.25071752349065 40.85253531336433 58.01826509550766 37.94994943985224 54.091949750311656 17.28749473161225 72.97592137237089 66.39972946512881 50.14200698983135 76.58530465951777
62.25148458049901 21.9350183000483 78.97593713987152 28.248081925833553 26.08916981220683 20.445775129683938 42.18212525368355 87.7468377168573 19.280068264317325 10.586454662154315 30.967946646789606 33.83828925094652 34.18790763355386 58.80072428905534 3.1349945401789188 57.553692912587486 24.741231365402832 38.106535942181246 20.126553367393228 36.15821710151715 23.61258099555028 23.774851449686878 44.180388902994935 66.81395134564308 40.405805186785976 63.565991540684585 24.375170602501985 27.583325617075964 13.05390978478389 63.51636768382315 30.087517005718468 41.86745484225541 57.91315741463095 57.527982974138936 58.31728640962171 45.21726447538627 15.153468633371626 67.25071752349065 0.0 29.950413084567078 12.571334463947647 30.276387417254654 13.329133135427636 64.82534206607559 32.864077690623894 22.6561143074734 17.110468716542478 32.002307709182546
35.00472405136852 8.04573685360877 57.1749972246586 34.51852681135904 30.43432113260844 12.26603076209795 36.909719283338355 66.2405744423722 45.36751931078426 20.08884960668126 28.763391475788914 15.639497170635147 19.134484405737766 52.80204032794492 30.862223332357722 51.69530855317805 35.25122123102301 36.874503967036425 18.46126152489717 22.56436115455042 30.71950525094395 31.34833434865055 20.746579537137045 36.90471760706246 18.117615262738596 40.602761664731226 29.42258210460315 6.814223813644601 23.755247427681905 40.98654378989939 3.4325560840003178 41.8860893875766 28.121051779691424 54.89774211814863 44.853398663185324 31.759966434000216 15.18402414762713 40.85253531336433 29.950413084567078 0.0 26.129195251098206 5.532481442978352 19.507629591457924 35.23101284166184 33.84365422992759 25.803727867027273 15.196823432712238 36.82189212997378
53.64101968565678 19.484683555876316 67.80800654723119 16.190286664217513 34.953607831546705 21.740426529414147 49.51826983573781 76.38952807652781 31.640716741063063 8.703120342921276 38.298059541604516 24.253691352947854 23.608218694275894 46.25472137454401 10.529680123942407 45.00674551190302 35.30929144089145 46.425246810815025 9.907522892287798 24.93612279156703 33.02668200513082 11.598227211895896 34.871349061715506 62.04069884040484 31.09337723711776 53.06752575185314 11.875596404496378 21.242972719592576 2.374910227505555 52.88412976146866 24.833408409392216 50.7912744377142 51.99392260543291 45.17135620556398 46.05251115414347 33.30534379512109 12.202737249956371 58.01826509550766 12.571334463947647 26.129195251098206 0.0 24.162010422875163 6.907015561582754 58.30330812386258 41.430195138434634 30.509154000834396 10.941490192519979 41.63107974315143
32.468910996001355 9.950279373042777 52.997152255419934 30.26542371992358 34.815551693475115 15.72207675418195 42.2899919344634 62.063778176147274 47.208429908121566 19.802439699440118 33.73788550750317 10.112799427669184 13.61144679921684 47.27422825150837 30.63003534327204 46.17055682813111 39.154343993339886 42.014109316063 15.231654393973137 17.03774319722013 34.78427750301357 27.52662188848594 16.32434196499354 37.879276789649445 13.252837721361729 36.52625680894647 25.408106418438972 2.9206044861122358 21.82914970406352 36.80567313779687 2.1010616386119634 47.0323643082446 28.032174635172176 49.435000463377065 39.46906410250972 26.265198101592006 15.131354627998387 37.94994943985224 30.276387417254654 5.532481442978352 24.162010422875163 0.0 18.209620564028242 34.688632919944325 38.723726462654824 29.99174982895549 13.7694805967876 41.43807601671111
49.26982456727735 12.589339509279302 65.72322536069184 20.629660534931013 30.309159558543765 15.11417101369801 43.854043500094754 74.54113855982993 32.25220702676486 3.747177794108758 32.834603490087005 20.52369598950233 20.91992413609911 48.32560688555613 12.848622381668944 47.08274933788416 31.737522978464888 41.222719113097796 7.127924648247738 23.080637829823264 28.76778968237733 16.20123823348784 30.944113388165594 55.93492301241181 27.15390494222292 50.237915629319204 15.481541940969047 15.321346079466425 4.666393706624022 50.194427883721346 18.572680540644306 45.81733093957759 46.241395540562216 48.11140629260489 45.969662457179616 32.513807225460745 5.363108508847705 54.091949750311656 13.329133135427636 19.507629591457924 6.907015561582754 18.209620564028242 0.0 52.825700319003246 36.445791243629095 25.542755516688903 4.452182582073256 37.22748086608965
12.957353372580696 43.21664699049239 38.19575485533202 59.344319646880415 61.88813057817467 46.997195019978605 60.70108288353395 45.60061101946046 80.48810990638647 54.461412854528255 57.68293939123301 35.38847198545188 37.894506483330076 59.313055009682145 65.31176054943052 58.76327606318893 67.81254739902157 63.48799810897235 48.598984273124735 39.16230615130056 63.12186271189327 58.375483940961935 26.266351008847362 10.216456175407462 29.228842783988323 26.45172846485478 55.92914453507904 37.52754384680925 56.07220329614889 27.572230741679785 34.73784606146417 67.84895739607023 7.373308272862093 64.45599746194335 45.163103620937314 40.31385018281698 49.69336000586275 17.28749473161225 64.82534206607559 35.23101284166184 58.30330812386258 34.688632919944325 52.825700319003246 0.0 62.697872357837475 58.246125810647506 48.41856956393628 66.77988582430403
66.74865924800451 30.277498780759405 90.76397983160102 57.019842506740844 6.777346124480666 24.109416807743255 10.188535306057434 99.79911122994241 31.2955355148167 33.146242408280926 5.192075616639307 48.20293608743591 50.96049289324691 83.35996797454044 35.94711036971293 82.1524870497897 10.895686643837323 5.260044368991294 41.98958145240573 54.24234136375006 9.435704439753772 52.5037132614868 54.58371506049486 59.45717645036396 51.890082268699054 74.18804663047511 51.92666819107669 38.16964275652567 40.156428155951524 74.64623368721563 36.87455075554063 9.381131631435517 55.467098630674094 83.97591661541352 77.76946459226319 64.15309565072016 32.220494439676756 72.97592137237089 32.864077690623894 33.84365422992759 41.430195138434634 38.723726462654824 36.445791243629095 62.697872357837475 0.0 10.941714591410118 35.894319283879966 4.516612869489436
60.36876974249205 20.65828607406381 82.89514149914037 46.08748050327774 5.01842767670274 14.434004114342839 19.553885194602255 91.96539474304349 26.06733628222123 22.207561524390606 8.313996427238575 38.79337518027006 41.22168572059332 72.91097811782805 25.637314322052394 71.69121878276539 9.632400720878467 15.93161199173394 31.299278626167442 44.382224810755595 4.966746724799057 41.56511053778584 46.27236702607411 56.73817254051994 43.22727369620153 66.3502503359819 41.01612017051696 28.919014989777207 29.21481110125765 66.69293423659012 28.382422119755727 20.32186928293549 50.87442217718934 73.29782372436439 68.0887144130505 54.36732335906827 21.50750737665266 66.39972946512881 22.6561143074734 25.803727867027273 30.509154000834396 29.99174982895549 25.542755516688903 58.246125810647506 10.941714591410118 0.0 25.24196008412858 12.014674991015312
