0.0 38.90727846884353 32.274286765323765 28.255359186873726 35.67403885642174 62.3682741533545 51.710265715132955 52.1137721264235 8.955324913842245 59.11090808567701 26.38849484931775 55.758350849413844 25.179071635867075 34.880682904532954 14.54176501391318 81.49542008870966 45.934400428834415 51.97715081011552 36.32539164686793 36.772853082797944 29.297941631804616 14.567341719442023 31.25534301687821 34.66670325885842 40.28655944146181 47.319749797183334 58.57878682107284 59.590655009393735 39.8708558717487 59.49667531092856 33.40571012508205 51.70389197227208 23.543614486760205 34.98808782426519 29.189396733937137 80.16663385808343 41.49491430413838 47.18961603113967 34.14239944154515 37.71315552889142 18.525007469467038 21.614478534085386 23.163205098793348 50.15395053462802 40.279747601894556 34.9177317360958 66.16143705452683 46.90780321839247 43.639675972428265
38.90727846884353 0.0 40.22708425797901 38.45612547865989 32.36901641265542 42.83677899410894 24.205597860179424 13.20788409007239 47.83735307047436 51.772032057329476 12.67195733388065 17.916875007548327 58.75135143772724 17.078789049772926 46.35877577034962 65.68480199861662 50.097732457481946 22.24244261379472 52.0606143773943 43.69342637665931 58.54433350989316 49.217844884053534 38.73343890279644 40.65071490800732 42.80576454358 32.028396722344496 30.229347864006353 20.979071457966437 69.78860749697509 51.09064963082574 13.335808211642023 18.74513934454654 46.94232603612922 22.392502231669987 44.8123156789563 63.873493000600675 20.255808585230607 16.346768683542614 49.179463555806784 43.28766768110337 21.995451960216048 41.02190276623707 30.64326934481583 41.138225888662404 64.12768898941218 54.77417663444884 72.65988492912838 30.56364744467703 26.46257821766852
32.274286765323765 40.22708425797901 0.0 4.02339258408407 10.518250362475879 35.9925035660612 34.92944164637764 49.88884350172388 37.16736350711785 27.60417993314926 31.72864732147094 48.821310911968496 30.883907532353984 24.21673881015029 24.018281443454498 51.09521942173898 13.890851098833787 61.74174849558771 12.238280517671319 4.719696499021349 25.911748221915765 27.947898861436002 1.5547568565014307 2.5094766883574944 8.187539071333513 23.076843454276002 39.84947679724132 58.48962705099359 34.866443033308414 28.261937719527523 27.094619722975064 39.9128391026229 15.225334039706434 19.458451800537624 7.530989067525159 50.02237840526114 26.18904407958759 55.76840778049245 9.582273825261314 5.455093737100055 24.943066690870452 11.94235848874894 11.9181431344199 20.690787337328604 25.961965429970004 16.20633464584644 35.99397781158018 23.686147047060928 23.194628315448362
28.255359186873726 38.45612547865989 4.02339258408407 0.0 11.753387297044945 38.6721006117385 35.71302412149345 48.85191325428344 33.296501681538764 31.394575440824244 29.08721261825198 48.405686919359894 28.433181332743228 23.304834977728895 20.5281945697207 54.69484258100189 17.867037010846687 59.51291251218607 13.645623911680751 8.655258182882504 24.270605961076598 24.518635814919435 3.135638255456186 6.431786427305388 12.108380426106953 24.98449102772227 41.11700620446549 57.47665106770709 34.06640002213094 31.983411252546 25.67558014629551 39.998534602585906 12.732477243475321 19.06782420215429 6.6729497595082625 53.56741173553133 26.307064263288474 53.57112923483706 10.743278888643111 9.476696119203876 21.652117866791876 8.429581377520268 8.680392557854399 23.87389135746017 26.225892834003922 16.552092789112162 39.64774164403788 25.375706106590346 24.2198457416696
35.67403885642174 32.36901641265542 10.518250362475879 11.753387297044945 0.0 27.605769708757567 24.411431124736197 40.58744034216075 42.344756546079644 24.378758084557894 26.496073030482073 38.81702203658832 40.127017433451144 15.400270675735925 31.266811565533313 45.843232603607554 17.755229290872744 54.50826305625935 22.428157005260942 12.15702399421239 35.952274968751404 35.29134601077703 9.644154830869745 9.580629302881627 10.439571411380191 13.31302874438549 29.468311741921145 49.08409150723747 45.3236754181494 24.464077160380214 19.06254910879551 29.583848364125085 24.4712258901599 10.133245873263283 17.776362534776773 44.49551091712257 15.957199381245283 48.54184429584006 19.967569478760797 11.380905569259147 22.66496032255395 19.632439904807192 12.515969640493202 14.554810963439664 36.4239827517224 26.694662516207355 40.557029260301405 13.629921627729967 12.692105298996067
62.3682741533545 42.83677899410894 35.9925035660612 38.6721006117385 27.605769708757567 0.0 19.220308443666106 42.50926697634328 69.65287552571016 18.174825203729245 45.09602581343521 36.24298407786931 66.87314746438356 30.619188295233794 58.83105393495012 22.848670373656955 31.574393071723687 62.68013064693864 44.68085732192883 34.41534907825795 61.61622440261957 62.858461611008046 35.861636362354744 33.838591190772476 29.63717196638956 15.054611102285902 16.071650461164342 48.54526506578635 69.22187666616311 16.656528794162323 34.31790578272127 26.88347181798111 51.17556032838694 28.126149491448263 43.398437162156085 21.038596102066162 24.14975093261361 57.59132551196204 43.30867902159479 32.9851549628416 46.23728854919491 46.981221406762565 39.683214876723234 15.96779730682331 58.540311510470396 49.86384317432356 44.63890437867231 15.60868854728075 19.466454899275792
51.710265715132955 24.205597860179424 34.92944164637764 35.71302412149345 24.411431124736197 19.220308443666106 0.0 23.562926920579898 60.122061745680426 32.377776285532306 29.28216840052878 18.164798118243212 63.18810647335363 16.832716280634052 52.6123963336305 41.9075408921892 38.029761553863445 43.46093922642057 46.625028358195884 35.915566035426856 59.919731369186565 56.43327822197409 34.00610758695154 33.79348759834347 32.49696296256034 14.239783419900737 6.988855589244994 30.384575739671966 69.6759117101092 31.255918892500034 19.009808613210836 8.031438688913271 48.03033797057896 17.817465167342167 42.08851370379573 40.05500432613025 10.410090385591165 38.39823249542344 44.30269054154695 34.8079905003334 33.52024583858087 42.49269977554579 32.366129408036414 23.605519017849115 60.76897461732926 51.07762011875518 57.39976790015999 12.86405439996145 11.776533010969304
52.1137721264235 13.20788409007239 49.88884350172388 48.85191325428344 40.58744034216075 42.50926697634328 23.562926920579898 0.0 61.04522950544099 55.40544489252889 25.812124163548276 7.729357213139235 71.33053559077761 25.674734337699476 59.068632351635664 64.68478479303674 57.57060923900232 21.046414943324983 62.084784863143504 52.64037928603912 70.54200503636751 62.094638154044176 48.51307305383484 49.795360787689134 50.748245389353336 35.89054911790397 27.11805815951198 8.624752290548049 81.59491992400734 54.410969906814614 23.297379111458696 15.639849632179764 58.66196066289644 30.58618371738307 55.46192632886521 62.79766143844044 25.38660352248151 17.237099165809976 59.30487220204383 51.959039758060065 34.88966423336303 52.67088792414892 41.902105916566235 45.644464368077905 75.02507084820591 65.40296074712596 79.02375098749133 34.338412750566135 31.115918462678803
8.955324913842245 47.83735307047436 37.16736350711785 33.296501681538764 42.344756546079644 69.65287552571016 60.122061745680426 61.04522950544099 0.0 64.68494650497011 35.34220340679713 64.70497708525363 21.04985141648699 43.348133471519446 14.646600324585927 87.74566213708074 50.1070743147194 60.04055576643094 38.497070662848735 41.274335941525386 27.114792457432557 12.239114113574036 36.42530906355236 39.6648150979996 45.354151728574514 54.70158056085402 66.9112357095503 68.45111597768252 36.24114047410861 65.23649737842138 42.13155212514435 60.46940053475689 25.266720931206205 42.97782551376068 32.514757878150725 86.52307816483209 49.79970129753214 55.50629595192113 36.82889176807961 42.40891266333141 27.3265150938463 25.44551798963781 29.98017009349904 56.49320684582078 39.18924100476586 35.91575182591706 68.52529310126533 54.437946398413466 51.449240861029395
59.11090808567701 51.772032057329476 27.60417993314926 31.394575440824244 24.378758084557894 18.174825203729245 32.377776285532306 55.40544489252889 64.68494650497011 0.0 49.49664772936322 50.54170585786585 56.69397634905222 35.702004490790806 51.54224583665052 23.882572172270834 17.235537673837534 73.57685070098819 31.91403558188146 24.018281443454498 50.15554152474837 55.40446095903346 28.261937719527523 25.09471915449738 19.463295816145642 19.86479878454268 32.227465812046894 62.70854898043365 55.68100877281018 1.5547568565014307 39.920898930912195 40.34001768214469 41.933531018638824 31.0544889636257 33.64333448465304 23.061145108600428 31.55136490415995 67.90992108612595 31.53737879753006 22.69233113390853 46.976654304247994 39.53427305765672 36.28654087560993 10.815946185651086 44.31622961830423 37.08733407001541 26.505943791127887 21.392188839714887 25.324662589020285
26.38849484931775 12.67195733388065 31.72864732147094 29.08721261825198 26.496073030482073 45.09602581343521 29.28216840052878 25.812124163548276 35.34220340679713 49.49664772936322 0.0 29.49046453069721 46.39288454551798 14.578987845522853 33.929000684811676 67.29094301447041 43.715687593960894 30.74277911651614 42.60585250164347 35.89892508865991 46.74543252128459 36.644743855918584 30.17400852329599 32.7937795971774 36.30186664051933 31.409012493974522 36.197690277969585 33.62545486056982 58.10548065361098 49.18028773524182 10.797058681400689 26.8802602998649 35.587319824754374 18.491869578365407 34.828684837755276 65.61926813645593 20.990010171080254 24.926621260498855 39.69363675008518 35.85872600794701 9.577095614292817 29.881412977433044 20.532868285476017 38.728656065081005 53.44000872555812 44.543296133001085 66.68721724242717 30.272758416930195 26.004314124968563
55.758350849413844 17.916875007548327 48.821310911968496 48.405686919359894 38.81702203658832 36.24298407786931 18.164798118243212 7.729357213139235 64.70497708525363 50.54170585786585 29.49046453069721 0.0 72.95485790249164 25.25526681653806 61.04643659031726 57.88005157621158 54.78482032408212 28.64320292812473 61.04052500771704 50.96641505768928 71.33785433151236 64.3703867626693 47.576223117506636 48.34148679640236 48.433076165065316 31.794064888836346 20.36487426605061 12.331915161452185 82.05299207741854 49.41803180992038 24.078502331603595 10.26256111445611 59.28198126784209 29.41403256535515 55.07819029626213 55.98563160841709 22.897035331895815 24.964626272193218 58.394236532877365 50.10665734333133 37.67114681597267 53.32118649450952 42.44157727391306 41.47114063959822 74.57684535356606 64.82669360823678 75.24499947825151 30.28618480204728 27.768801884429653
25.179071635867075 58.75135143772724 30.883907532353984 28.433181332743228 40.127017433451144 66.87314746438356 63.18810647335363 71.33053559077761 21.04985141648699 56.69397634905222 46.39288454551798 72.95485790249164 0.0 48.22366664176907 12.494348794344535 80.5745267994865 39.78955917471558 75.52577583620287 25.346628333567374 33.102548463507354 7.856363137383352 10.68812333926265 31.05610309764705 33.10709828759585 37.97240240719517 53.41015615213856 69.09580873157522 79.62433839364934 15.193261170388185 57.677621294972056 48.87636979607451 66.1267587051553 15.730056547973662 45.513599290442436 23.592627396398274 79.72821949451506 53.08118870746752 70.23014325147797 25.198294421105054 34.530939887351025 36.83333625798687 20.73767733907439 31.04360730269392 51.439771462627306 19.933742004912038 20.786778247997322 52.96778585107828 53.75048063215989 52.20806091013413
34.880682904532954 17.078789049772926 24.21673881015029 23.304834977728895 15.400270675735925 30.619188295233794 16.832716280634052 25.674734337699476 43.348133471519446 35.702004490790806 14.578987845522853 25.25526681653806 48.22366664176907 0.0 36.833474708334705 52.711965408648965 33.05682436032279 39.31057878758549 36.41156019367399 27.14522187591109 46.14998067787315 40.47060610552529 22.838954037134265 24.216738810150282 25.82865228047932 16.895165948652643 23.739788868444265 34.28331669188049 56.7988734292236 35.22505100185998 4.218894447783724 17.954498774341868 34.07534379447508 5.319089760191806 29.964818933736403 51.04172047920005 6.891988996065801 33.383080472045584 33.641803482305754 26.584579999241296 16.766438937829836 28.147253264453138 17.308204263075307 24.89257576863113 49.53067877725617 39.8378447971667 55.58451767706883 15.710900818374332 11.428376073313007
14.54176501391318 46.35877577034962 24.018281443454498 20.5281945697207 31.266811565533313 58.83105393495012 52.6123963336305 59.068632351635664 14.646600324585927 51.54224583665052 33.929000684811676 61.04643659031726 12.494348794344535 36.833474708334705 0.0 75.11342924828541 36.06150300623073 63.11593891741832 23.866396578783693 27.62542903883563 14.892037780769611 4.027458520066647 23.60609004960125 26.512700725693012 32.08216790880356 44.44182783034181 58.908292185109104 67.28359631354853 25.884544798711097 52.25579701217987 37.033723489843396 54.78129451904047 10.661173947233683 34.79578798590329 18.337527469609576 74.03135194413136 42.27492433223058 57.77097076583949 22.303875672883823 28.887106232421107 24.390308952972855 12.115155029776561 20.293542550256777 44.394490260744895 25.789417415817514 21.36076461213464 53.879257065205586 44.512231058321454 42.319674145262105
81.49542008870966 65.68480199861662 51.09521942173898 54.69484258100189 45.843232603607554 22.848670373656955 41.9075408921892 64.68478479303674 87.74566213708074 23.882572172270834 67.29094301447041 57.88005157621158 80.5745267994865 52.711965408648965 75.11342924828541 0.0 40.956825039523224 85.2428885619095 55.66108233230042 47.802467635059706 73.96168033934133 79.03438335979186 51.571231618751945 48.604133348775356 43.11008214194547 36.018720471741055 37.58965852816934 69.91819765633943 78.881012241073 22.963592263305046 56.638527263977885 49.24276294149702 65.74591235397452 49.40345355787074 57.4565341068505 1.8954538826276217 46.62335360664014 80.2965276257213 55.403111128391124 46.43948189346318 67.16822998471906 63.01987079246043 58.33528600019065 31.34630984549796 67.36374124956605 60.769329857314666 41.50567416584578 37.04972431719719 41.289945204939805
45.934400428834415 50.097732457481946 13.890851098833787 17.867037010846687 17.755229290872744 31.574393071723687 38.029761553863445 57.57060923900232 50.1070743147194 17.235537673837534 43.715687593960894 54.78482032408212 39.78955917471558 33.05682436032279 36.06150300623073 40.956825039523224 0.0 72.26154475729058 14.70649386442537 9.214704646550379 33.00887759317252 39.687029558455464 15.183436613245798 11.80357112387015 7.428447668966728 23.87938053317126 40.885770894609756 65.86584376476435 38.58686343595104 18.421048597680613 36.8129491761745 44.829732640109995 25.778917097714512 27.740690091902817 17.72397827136718 40.24048059841544 32.228310128316174 66.29665758705232 14.61800006235833 8.51679007618946 38.155208511438204 24.70892071947932 25.41007639403459 16.09533593633803 27.391209158170057 19.854662342380646 22.971820276981575 25.17788049394862 27.02965072699012
51.97715081011552 22.24244261379472 61.74174849558771 59.51291251218607 54.50826305625935 62.68013064693864 43.46093922642057 21.046414943324983 60.04055576643094 73.57685070098819 30.74277911651614 28.64320292812473 75.52577583620287 39.31057878758549 63.11593891741832 85.2428885619095 72.26154475729058 0.0 73.13887569199733 65.50216355276578 76.91220730833669 65.10145390056458 60.20802401674162 62.415399728763354 64.92139365455535 53.715390332272214 47.88594002736269 19.805380384306563 88.31033836510016 72.79193241453926 35.4491716914653 36.016516943708055 66.17789476478013 44.61539997613366 65.49115866939309 83.37011203181665 42.0733451267363 5.984568156155651 70.2263529713814 65.20361511961777 39.83800342892009 60.57625263053725 51.14494326250871 63.10770909595249 84.16603656851713 75.27053348352608 94.89494070909119 52.197747453757486 48.293691729339
36.32539164686793 52.0606143773943 12.238280517671319 13.645623911680751 22.428157005260942 44.68085732192883 46.625028358195884 62.084784863143504 38.497070662848735 31.91403558188146 42.60585250164347 61.04052500771704 25.346628333567374 36.41156019367399 23.866396578783693 55.66108233230042 14.70649386442537 73.13887569199733 0.0 10.840506828045765 18.32499894046817 26.940242233709004 13.573113664543415 12.867427312254675 15.186623602044957 33.76616598171935 51.01897696989525 70.69476038416026 24.54175610610036 33.0469002250615 39.12186289432673 52.00305680555671 13.235535548424533 31.69659004265472 8.051739504852746 54.944150816099764 38.32121821219575 67.20480823154244 2.9139629467401273 12.123347839580102 34.608756582676286 15.1866236020449 22.07411548025913 28.713126445232906 14.263797231573733 5.246193448952567 30.0649617272837 34.64972272990653 34.85189065582324
36.772853082797944 43.69342637665931 4.719696499021349 8.655258182882504 12.15702399421239 34.41534907825795 35.915566035426856 52.64037928603912 41.274335941525386 24.018281443454498 35.89892508865991 50.96641505768928 33.102548463507354 27.14522187591109 27.62542903883563 47.802467635059706 9.214704646550379 65.50216355276578 10.840506828045765 0.0 27.27843138910842 31.430758337392824 6.12436791051231 3.1098060304008786 4.884484106144908 22.92821032080102 40.182757214417364 61.175536005330095 35.05535152553677 24.841418617083225 30.400333150312616 41.61220811657833 17.944271383960974 22.05938797000749 9.659158163959027 46.84193728602534 28.08436334198825 59.51818385245715 8.97053746993381 1.4430686104771415 29.507514100271052 15.836194300488035 16.538564574621404 18.570884606981164 25.10387856257767 15.731052844037418 31.35266961697161 23.812210815077357 24.172491740571484
29.297941631804616 58.54433350989316 25.911748221915765 24.270605961076598 35.952274968751404 61.61622440261957 59.919731369186565 70.54200503636751 27.114792457432557 50.15554152474837 46.74543252128459 71.33785433151236 7.856363137383352 46.14998067787315 14.892037780769611 73.96168033934133 33.00887759317252 76.91220730833669 18.32499894046817 27.27843138910842 0.0 15.193134949117866 26.41510220191964 27.853297694803075 32.1450978850751 48.95556100955579 65.38402977438693 79.03720659478483 11.398397289929159 51.23475860512085 47.461893039884124 63.70310612184282 12.079897602569838 42.72914637440937 18.380890103367467 73.21197938527027 50.215409063944385 71.35215400946892 18.7134794025097 28.720888152095988 37.247530950325604 18.016691144550173 28.897072231831764 45.84649396898617 12.348359956126073 13.402724540502314 45.13057379227825 49.48565819507158 48.490178463185394
14.567341719442023 49.217844884053534 27.947898861436002 24.518635814919435 35.29134601077703 62.858461611008046 56.43327822197409 62.094638154044176 12.239114113574036 55.40446095903346 36.644743855918584 64.3703867626693 10.68812333926265 40.47060610552529 4.027458520066647 79.03438335979186 39.687029558455464 65.10145390056458 26.940242233709004 31.430758337392824 15.193134949117866 0.0 27.580603174503224 30.431771377168523 35.96029183709797 48.453739638493715 62.78975501002741 70.19143891800975 25.33901103542022 56.14591118644197 40.46077768864899 58.387210843526994 13.985785185877527 38.628600569905565 21.99685737575307 77.97027695450633 46.06659763110291 59.916439398404584 25.628906165507583 32.72099791244539 27.23334391976522 16.09270181674274 24.18973817162516 48.39153386910794 27.022760426021513 23.899727228979966 56.74574873070424 48.510084188271016 46.26456382645595
31.25534301687821 38.73343890279644 1.5547568565014307 3.135638255456186 9.644154830869745 35.861636362354744 34.00610758695154 48.51307305383484 36.42530906355236 28.261937719527523 30.17400852329599 47.576223117506636 31.05610309764705 22.838954037134265 23.60609004960125 51.571231618751945 15.183436613245798 60.20802401674162 13.573113664543415 6.12436791051231 26.41510220191964 27.580603174503224 0.0 3.4438121555644465 9.037852240163797 22.55381079759702 39.09919833077238 57.1218640820499 35.68630397929553 28.847799502407653 25.637523539382574 38.78755685489033 15.330636814293854 18.174525616849756 8.136131608168181 50.45309332849364 25.051580461034018 54.23638801557878 10.834674202681995 6.6735304263753115 23.431483473297444 11.491422767443469 10.426310374855287 20.844370654606866 27.080232132086483 17.3103648094925 37.46388600749239 23.072411918602327 22.328331613230908
34.66670325885842 40.65071490800732 2.5094766883574944 6.431786427305388 9.580629302881627 33.838591190772476 33.79348759834347 49.795360787689134 39.6648150979996 25.09471915449738 32.7937795971774 48.34148679640236 33.10709828759585 24.216738810150282 26.512700725693012 48.604133348775356 11.80357112387015 62.415399728763354 12.867427312254675 3.1098060304008786 27.853297694803075 30.431771377168523 3.4438121555644465 0.0 5.691488943767971 21.384712513269402 38.413665698893944 58.35701933139804 36.38061016030559 25.756451027840768 27.381505772219626 39.16401162817862 17.535995720356553 19.21546914021342 9.5602582273607 47.542184001833164 25.523781970950175 56.43206143841142 10.52424087382552 3.2946506510553824 26.525120257867037 14.448390327359663 13.638697833722865 18.356782758530066 26.979661398388032 17.337322407840897 34.32542718858687 22.112472946801052 22.01706111498714
40.28655944146181 42.80576454358 8.187539071333513 12.108380426106953 10.439571411380191 29.63717196638956 32.49696296256034 50.748245389353336 45.354151728574514 19.463295816145642 36.30186664051933 48.433076165065316 37.97240240719517 25.82865228047932 32.08216790880356 43.11008214194547 7.428447668966728 64.92139365455535 15.186623602044957 4.884484106144908 32.1450978850751 35.96029183709797 9.037852240163797 5.691488943767971 0.0 18.912071838524522 36.25622958453471 59.15645594409793 39.65937541341721 20.186959126643504 29.48901407087818 38.73381308863086 22.70370270392795 20.536165269130677 14.457044354353917 42.10366838665099 25.60703753083237 58.949094130362695 13.671588252949684 3.44546165925248 31.008601192749172 20.07965305906077 18.56323893379588 13.730387834414639 29.353712459005198 20.284826187133678 30.39297582216978 19.961017618026307 20.966771876060623
47.319749797183334 32.028396722344496 23.076843454276002 24.98449102772227 13.31302874438549 15.054611102285902 14.239783419900737 35.89054911790397 54.70158056085402 19.86479878454268 31.409012493974522 31.794064888836346 53.41015615213856 16.895165948652643 44.44182783034181 36.018720471741055 23.87938053317126 53.715390332272214 33.76616598171935 22.92821032080102 48.95556100955579 48.453739638493715 22.55381079759702 21.384712513269402 18.912071838524522 0.0 17.344163695893272 43.59422340023155 57.7620742158184 19.092666414730328 20.99931387560233 21.565191784900723 37.71576872724196 13.416463989100473 30.594472843891005 34.41050409885834 11.774276741469592 48.0709269025633 31.768950067034304 21.657775965373812 31.416239940243923 32.94046422361889 24.79932787555379 9.761357443253807 48.02977524349573 38.5930064972851 43.45272559720169 1.5536375900407586 5.634352785023927
58.57878682107284 30.229347864006353 39.84947679724132 41.11700620446549 29.468311741921145 16.071650461164342 6.988855589244994 27.11805815951198 66.9112357095503 32.227465812046894 36.197690277969585 20.36487426605061 69.09580873157522 23.739788868444265 58.908292185109104 37.58965852816934 40.885770894609756 47.88594002736269 51.01897696989525 40.182757214417364 65.38402977438693 62.78975501002741 39.09919833077238 38.413665698893944 36.25622958453471 17.344163695893272 0.0 32.58348081938034 74.71358123553712 30.89702375606401 25.997613504242096 11.999602264448352 53.68837028166698 24.220307700391114 47.23529176010105 35.69906413749297 17.111754778609818 43.246502799891246 48.90845771957094 38.949828511549796 40.47176099967504 48.35838870507262 38.614764603376955 25.27606351548026 65.27526211655234 55.73646725271512 58.33050952229554 16.370871398457375 16.92087805349925
59.590655009393735 20.979071457966437 58.48962705099359 57.47665106770709 49.08409150723747 48.54526506578635 30.384575739671966 8.624752290548049 68.45111597768252 62.70854898043365 33.62545486056982 12.331915161452185 79.62433839364934 34.28331669188049 67.28359631354853 69.91819765633943 65.86584376476435 19.805380384306563 70.69476038416026 61.175536005330095 79.03720659478483 70.19143891800975 57.1218640820499 58.35701933139804 59.15645594409793 43.59422340023155 32.58348081938034 0.0 90.13540793842374 61.62198315902364 31.905889249735967 22.375377051560715 67.20247485833517 39.141557994823025 64.08577290093695 68.02283314506256 33.63792942033765 18.41765004551414 67.92092263801636 60.46426606505369 42.96069011889305 61.21641908188825 50.4811965341582 53.34393646204885 83.64731377643518 74.02770656373642 86.97327668147985 42.05659017966472 39.12608672375491
39.8708558717487 69.78860749697509 34.866443033308414 34.06640002213094 45.3236754181494 69.22187666616311 69.6759117101092 81.59491992400734 36.24114047410861 55.68100877281018 58.10548065361098 82.05299207741854 15.193261170388185 56.7988734292236 25.884544798711097 78.881012241073 38.58686343595104 88.31033836510016 24.54175610610036 35.05535152553677 11.398397289929159 25.33901103542022 35.68630397929553 36.38061016030559 39.65937541341721 57.7620742158184 74.71358123553712 90.13540793842374 0.0 56.94847100148045 58.389723589601424 74.01859079975098 22.9337161572051 53.022551585086354 27.587699708229337 78.37155078084906 60.36347929797682 82.74804986593179 26.087718696570843 36.4363873841678 48.62913133267451 28.924078151277694 39.74272781845061 53.25442029854184 11.557955713157572 19.374959581851105 44.92330615579609 58.48142784204199 58.01369466434953
59.49667531092856 51.09064963082574 28.261937719527523 31.983411252546 24.464077160380214 16.656528794162323 31.255918892500034 54.410969906814614 65.23649737842138 1.5547568565014307 49.18028773524182 49.41803180992038 57.677621294972056 35.22505100185998 52.25579701217987 22.963592263305046 18.421048597680613 72.79193241453926 33.0469002250615 24.841418617083225 51.23475860512085 56.14591118644197 28.847799502407653 25.756451027840768 20.186959126643504 19.092666414730328 30.89702375606401 61.62198315902364 56.94847100148045 0.0 39.440675110785314 39.24667290332183 42.78335434899298 30.699386147350697 34.4933724457036 22.05270254454641 30.840772730763412 67.16307500114137 32.570673367082435 23.48570422979661 46.9582252561181 40.20423537755326 36.55543521762666 10.456916851292485 45.62188640062708 38.2440693967309 27.99688130308997 20.597807661312874 24.628400864124956
33.40571012508205 13.335808211642023 27.094619722975064 25.67558014629551 19.06254910879551 34.31790578272127 19.009808613210836 23.297379111458696 42.13155212514435 39.920898930912195 10.797058681400689 24.078502331603595 48.87636979607451 4.218894447783724 37.033723489843396 56.638527263977885 36.8129491761745 35.4491716914653 39.12186289432673 30.400333150312616 47.461893039884124 40.46077768864899 25.637523539382574 27.381505772219626 29.48901407087818 20.99931387560233 25.997613504242096 31.905889249735967 58.389723589601424 39.440675110785314 0.0 18.34637330004353 35.48168867744348 9.278802908063513 32.22805672154375 54.942764829833564 10.19317104653992 29.488647899997062 36.282034742985374 29.963597728564444 14.898631416944722 29.489014070878145 18.64916862535111 29.111181252008375 51.76400361799061 42.195483555049954 59.498976574143676 19.75721965121089 15.449242291040301
51.70389197227208 18.74513934454654 39.9128391026229 39.998534602585906 29.583848364125085 26.88347181798111 8.031438688913271 15.639849632179764 60.46940053475689 40.34001768214469 26.8802602998649 10.26256111445611 66.1267587051553 17.954498774341868 54.78129451904047 49.24276294149702 44.829732640109995 36.016516943708055 52.00305680555671 41.61220811657833 63.70310612184282 58.387210843526994 38.78755685489033 39.16401162817862 38.73381308863086 21.565191784900723 11.999602264448352 22.375377051560715 74.01859079975098 39.24667290332183 18.34637330004353 0.0 51.63781865003153 21.005673706816786 46.61043689993973 47.36560138752609 13.736610040284123 31.26342815135738 49.47768413382212 40.651656505677835 33.1789823274312 45.81271180088608 35.109993879313635 31.215329473927984 65.8618162630431 56.09379207130625 65.00286841988758 20.071708082554867 17.826190012762744
23.543614486760205 46.94232603612922 15.225334039706434 12.732477243475321 24.4712258901599 51.17556032838694 48.03033797057896 58.66196066289644 25.266720931206205 41.933531018638824 35.587319824754374 59.28198126784209 15.730056547973662 34.07534379447508 10.661173947233683 65.74591235397452 25.778917097714512 66.17789476478013 13.235535548424533 17.944271383960974 12.079897602569838 13.985785185877527 15.330636814293854 17.535995720356553 22.70370270392795 37.71576872724196 53.68837028166698 67.20247485833517 22.9337161572051 42.78335434899298 35.48168867744348 51.63781865003153 0.0 30.686335656255658 8.29130910358871 64.78269389098237 38.20028017671045 60.461060836687274 11.668735445643668 19.320064728849033 26.34812763733397 5.994197143240796 16.858586262229203 35.88908384236414 18.321268846119793 11.395725012776785 43.29188282575211 38.10039709876592 36.76756037617452
34.98808782426519 22.392502231669987 19.458451800537624 19.06782420215429 10.133245873263283 28.126149491448263 17.817465167342167 30.58618371738307 42.97782551376068 31.0544889636257 18.491869578365407 29.41403256535515 45.513599290442436 5.319089760191806 34.79578798590329 49.40345355787074 27.740690091902817 44.61539997613366 31.69659004265472 22.05938797000749 42.72914637440937 38.628600569905565 18.174525616849756 19.21546914021342 20.536165269130677 13.416463989100473 24.220307700391114 39.141557994823025 53.022551585086354 30.699386147350697 9.278802908063513 21.005673706816786 30.686335656255658 0.0 25.724165834585747 47.81387550915952 7.567769181016596 38.67886525661063 29.005618128123345 21.421655265841945 18.1112781451741 24.944812971995894 14.561620581621463 20.258235413108054 45.16978077043807 35.41438869253213 50.281688440458 12.56532699223353 8.7655448956625
29.189396733937137 44.8123156789563 7.530989067525159 6.6729497595082625 17.776362534776773 43.398437162156085 42.08851370379573 55.46192632886521 32.514757878150725 33.64333448465304 34.828684837755276 55.07819029626213 23.592627396398274 29.964818933736403 18.337527469609576 57.4565341068505 17.72397827136718 65.49115866939309 8.051739504852746 9.659158163959027 18.380890103367467 21.99685737575307 8.136131608168181 9.5602582273607 14.457044354353917 30.594472843891005 47.23529176010105 64.08577290093695 27.587699708229337 34.4933724457036 32.22805672154375 46.61043689993973 8.29130910358871 25.724165834585747 0.0 56.50109089956267 32.89342588492957 59.591687232550385 5.300203221705512 11.048182221536791 26.608208780164983 7.591723058756921 14.34994964451249 27.84961515892886 19.573550421170363 9.978141174696244 37.01181632565626 31.169072064654653 30.448690627364233
80.16663385808343 63.873493000600675 50.02237840526114 53.56741173553133 44.49551091712257 21.038596102066162 40.05500432613025 62.79766143844044 86.52307816483209 23.061145108600428 65.61926813645593 55.98563160841709 79.72821949451506 51.04172047920005 74.03135194413136 1.8954538826276217 40.24048059841544 83.37011203181665 54.944150816099764 46.84193728602534 73.21197938527027 77.97027695450633 50.45309332849364 47.542184001833164 42.10366838665099 34.41050409885834 35.69906413749297 68.02283314506256 78.37155078084906 22.05270254454641 54.942764829833564 47.36560138752609 64.78269389098237 47.81387550915952 56.50109089956267 0.0 44.898256816347335 78.43742213051073 54.59499375450955 45.46322127240456 65.64241127617608 61.924481847499955 57.00357017428258 30.055659166265638 66.88233248386288 60.086440735268916 41.84095117516656 35.409340407528425 39.629460085230825
41.49491430413838 20.255808585230607 26.18904407958759 26.307064263288474 15.957199381245283 24.14975093261361 10.410090385591165 25.38660352248151 49.79970129753214 31.55136490415995 20.990010171080254 22.897035331895815 53.08118870746752 6.891988996065801 42.27492433223058 46.62335360664014 32.228310128316174 42.0733451267363 38.32121821219575 28.08436334198825 50.215409063944385 46.06659763110291 25.051580461034018 25.523781970950175 25.60703753083237 11.774276741469592 17.111754778609818 33.63792942033765 60.36347929797682 30.840772730763412 10.19317104653992 13.736610040284123 38.20028017671045 7.567769181016596 32.89342588492957 44.898256816347335 0.0 36.36468674788812 35.76295752809442 27.2099454643336 23.602903410093734 32.4979646330275 22.104469000068924 21.03908701720996 52.128329526456774 42.35945974835653 53.749767704784475 10.325678277688292 6.2281409555864045
47.18961603113967 16.346768683542614 55.76840778049245 53.57112923483706 48.54184429584006 57.59132551196204 38.39823249542344 17.237099165809976 55.50629595192113 67.90992108612595 24.926621260498855 24.964626272193218 70.23014325147797 33.383080472045584 57.77097076583949 80.2965276257213 66.29665758705232 5.984568156155651 67.20480823154244 59.51818385245715 71.35215400946892 59.916439398404584 54.23638801557878 56.43206143841142 58.949094130362695 48.0709269025633 43.246502799891246 18.41765004551414 82.74804986593179 67.16307500114137 29.488647899997062 31.26342815135738 60.461060836687274 38.67886525661063 59.591687232550385 78.43742213051073 36.36468674788812 0.0 64.2935155156303 59.21927048013423 34.16530442646412 54.80246898662004 45.24189358015804 57.36934989557507 78.36586332818048 69.40189444532972 88.96030845007756 46.5678507807117 42.59267072436737
34.14239944154515 49.179463555806784 9.582273825261314 10.743278888643111 19.967569478760797 43.30867902159479 44.30269054154695 59.30487220204383 36.82889176807961 31.53737879753006 39.69363675008518 58.394236532877365 25.198294421105054 33.641803482305754 22.303875672883823 55.403111128391124 14.61800006235833 70.2263529713814 2.9139629467401273 8.97053746993381 18.7134794025097 25.628906165507583 10.834674202681995 10.52424087382552 13.671588252949684 31.768950067034304 48.90845771957094 67.92092263801636 26.087718696570843 32.570673367082435 36.282034742985374 49.47768413382212 11.668735445643668 29.005618128123345 5.300203221705512 54.59499375450955 35.76295752809442 64.2935155156303 0.0 10.365689473220897 31.741038042300815 12.714345977799532 19.16289900818257 27.387515148050408 16.467633218208 6.8295959972278935 32.034202525111226 32.570587280208464 32.52874680799217
37.71315552889142 43.28766768110337 5.455093737100055 9.476696119203876 11.380905569259147 32.9851549628416 34.8079905003334 51.959039758060065 42.40891266333141 22.69233113390853 35.85872600794701 50.10665734333133 34.530939887351025 26.584579999241296 28.887106232421107 46.43948189346318 8.51679007618946 65.20361511961777 12.123347839580102 1.4430686104771415 28.720888152095988 32.72099791244539 6.6735304263753115 3.2946506510553824 3.44546165925248 21.657775965373812 38.949828511549796 60.46426606505369 36.4363873841678 23.48570422979661 29.963597728564444 40.651656505677835 19.320064728849033 21.421655265841945 11.048182221536791 45.46322127240456 27.2099454643336 59.21927048013423 10.365689473220897 0.0 29.787922232682714 17.005083882579026 16.930988211142903 17.129970247334185 26.380241317469075 17.089263384548925 31.08116335722789 22.58176603509658 23.100215027254624
18.525007469467038 21.995451960216048 24.943066690870452 21.652117866791876 22.66496032255395 46.23728854919491 33.52024583858087 34.88966423336303 27.3265150938463 46.976654304247994 9.577095614292817 37.67114681597267 36.83333625798687 16.766438937829836 24.390308952972855 67.16822998471906 38.155208511438204 39.83800342892009 34.608756582676286 29.507514100271052 37.247530950325604 27.23334391976522 23.431483473297444 26.525120257867037 31.008601192749172 31.416239940243923 40.47176099967504 42.96069011889305 48.62913133267451 46.9582252561181 14.898631416944722 33.1789823274312 26.34812763733397 18.1112781451741 26.608208780164983 65.64241127617608 23.602903410093734 34.16530442646412 31.741038042300815 29.787922232682714 0.0 20.86380904043105 13.0411190353718 36.68564041552796 44.46139355679704 35.94219156542867 60.847839747794985 30.658426657184503 26.831301404817133
21.614478534085386 41.02190276623707 11.94235848874894 8.429581377520268 19.632439904807192 46.981221406762565 42.49269977554579 52.67088792414892 25.44551798963781 39.53427305765672 29.881412977433044 53.32118649450952 20.73767733907439 28.147253264453138 12.115155029776561 63.01987079246043 24.70892071947932 60.57625263053725 15.1866236020449 15.836194300488035 18.016691144550173 16.09270181674274 11.491422767443469 14.448390327359663 20.07965305906077 32.94046422361889 48.35838870507262 61.21641908188825 28.924078151277694 40.20423537755326 29.489014070878145 45.81271180088608 5.994197143240796 24.944812971995894 7.591723058756921 61.924481847499955 32.4979646330275 54.80246898662004 12.714345977799532 17.005083882579026 20.86380904043105 0.0 10.881591420283891 32.3030947166183 23.607776869819393 15.310086272699628 44.603041716760345 33.173713741281546 31.47854872873198
23.163205098793348 30.64326934481583 11.9181431344199 8.680392557854399 12.515969640493202 39.683214876723234 32.366129408036414 41.902105916566235 29.98017009349904 36.28654087560993 20.532868285476017 42.44157727391306 31.04360730269392 17.308204263075307 20.293542550256777 58.33528600019065 25.41007639403459 51.14494326250871 22.07411548025913 16.538564574621404 28.897072231831764 24.18973817162516 10.426310374855287 13.638697833722865 18.56323893379588 24.79932787555379 38.614764603376955 50.4811965341582 39.74272781845061 36.55543521762666 18.64916862535111 35.109993879313635 16.858586262229203 14.561620581621463 14.34994964451249 57.00357017428258 22.104469000068924 45.24189358015804 19.16289900818257 16.930988211142903 13.0411190353718 10.881591420283891 0.0 27.001534531667033 33.48455998394897 24.21700135807035 47.88867804502153 24.652519744395825 22.11559893937279
50.15395053462802 41.138225888662404 20.690787337328604 23.87389135746017 14.554810963439664 15.96779730682331 23.605519017849115 45.644464368077905 56.49320684582078 10.815946185651086 38.728656065081005 41.47114063959822 51.439771462627306 24.89257576863113 44.394490260744895 31.34630984549796 16.09533593633803 63.10770909595249 28.713126445232906 18.570884606981164 45.84649396898617 48.39153386910794 20.844370654606866 18.356782758530066 13.730387834414639 9.761357443253807 25.27606351548026 53.34393646204885 53.25442029854184 10.456916851292485 29.111181252008375 31.215329473927984 35.88908384236414 20.258235413108054 27.84961515892886 30.055659166265638 21.03908701720996 57.36934989557507 27.387515148050408 17.129970247334185 36.68564041552796 32.3030947166183 27.001534531667033 0.0 42.61693309343136 33.9005177591136 33.8079800593025 11.309919532737363 14.838905668222774
40.279747601894556 64.12768898941218 25.961965429970004 26.225892834003922 36.4239827517224 58.540311510470396 60.76897461732926 75.02507084820591 39.18924100476586 44.31622961830423 53.44000872555812 74.57684535356606 19.933742004912038 49.53067877725617 25.789417415817514 67.36374124956605 27.391209158170057 84.16603656851713 14.263797231573733 25.10387856257767 12.348359956126073 27.022760426021513 27.080232132086483 26.979661398388032 29.353712459005198 48.02977524349573 65.27526211655234 83.64731377643518 11.557955713157572 45.62188640062708 51.76400361799061 65.8618162630431 18.321268846119793 45.16978077043807 19.573550421170363 66.88233248386288 52.128329526456774 78.36586332818048 16.467633218208 26.380241317469075 44.46139355679704 23.607776869819393 33.48455998394897 42.61693309343136 0.0 9.769896370665112 34.17571087325559 48.90858938122081 48.99385390481054
