0.0 60.911525800042085 51.99078122471011 35.72627622572587 44.094693169526245 70.10799975494855 22.92940336497722 45.08333264352158 35.81801018955097 53.056441928842055 62.07274004609854 31.547101074534133 65.57477458189403 28.81490615005865 51.71167111231211 45.186902645250534 61.673519288281554 40.290536230085976 67.43867218781264 62.79766143844044 27.699754109484157 58.09886679525865 78.47963846620985 58.61527637620346 16.899858980948622 39.86049119965246 63.24151570923925 64.51582299234958 35.790548691331814 57.41064926610496 56.59960165933251 41.47096008132521 75.863813223507 31.45443015131522 55.89132991030319 40.34729943912611 50.23705013270134 38.49332199327397 66.4598435513353 62.49732889864976 50.648010393845546 61.01210735967179 76.85428305347818 51.885365197833316 57.252302884775574 40.409112478105385
60.911525800042085 0.0 43.19910737896109 50.50659978509619 21.857983133848453 11.927286904991266 46.852551880560696 49.84660646930607 51.92910946064213 17.283150746389392 8.859593639664027 71.62732962000757 85.44737126682601 50.34785794253559 25.02562458490017 57.47731581652379 60.16422223634467 79.50876779752856 83.63408760155392 11.784152799258202 34.65950084457612 60.04780871591395 68.27376539367334 73.93532402867802 47.34966738286818 39.91059301692916 55.89404106154795 87.58911276753493 46.23910897580148 39.81365722702581 7.351027769333265 77.78341587919273 96.48364179426278 34.01851370155033 16.967545572230687 61.911896004143244 39.0171651844913 82.46319958959806 81.58350839343245 8.558135878000185 11.109029975866493 23.989737945546548 19.61069719626063 10.741116098969462 4.553425586621059 54.188130654361174
51.99078122471011 43.19910737896109 0.0 18.540300662168793 48.241690855026455 42.79122115236488 29.068315273941202 10.581814334769156 19.344108615465736 25.92522583265979 51.08538772219707 41.099965071564704 42.904430921012526 24.342537637040376 18.17350366173579 17.750585921917196 17.39761050934245 45.55388938271595 40.66140639104539 34.50318348433672 31.343354410580154 16.85454496890098 30.114737394584477 31.397933812920556 35.68257781099944 12.513234123018268 14.63113161205124 45.54097661915814 16.63349846597055 7.174576630626143 35.89147441370362 42.70582182244794 53.59064412559317 25.564533942366257 26.50684710062456 25.069227954241946 4.34592916506386 50.52648120916091 38.572837544205 37.03561686490176 34.90055377687326 22.795864204519017 45.02258367930094 33.97321537862124 43.60693976762109 17.59433571679373
35.72627622572587 50.50659978509619 18.540300662168793 0.0 47.10187549432512 54.08631483010424 14.323194445493442 9.501335124569895 1.4226131961577468 34.70734121892165 56.53598238654942 23.54717654610112 38.4182652892855 6.926387511177753 28.60489553561059 10.863818897173404 26.049315272449384 29.7830604086894 38.2581945695258 45.35349093760545 23.986043531672898 22.666883971258606 42.763843362337845 28.05817016772262 21.498022480765727 11.118519222081643 27.593045951599965 39.41691421074035 4.267839588471826 25.39634541531966 43.461136822467026 27.615531626005684 49.8864465851956 19.818141343014204 36.62044277405127 11.654289691818684 18.842925172555887 33.834945782668214 36.61167331289199 46.93770845998279 39.911046009543156 36.79823230861061 58.272115433901895 39.83804123491868 49.22193700193262 5.647487492806389
44.094693169526245 21.857983133848453 48.241690855026455 47.10187549432512 0.0 33.65790052727992 37.61599848827951 50.580923222038294 48.39621455650515 27.397924350948742 19.170118944349074 63.041902759985604 85.36735073390784 43.9572318986737 33.09550246741486 56.841363377426795 65.36883900090677 72.01526761521627 84.73335938708236 30.365182775543243 24.12960679528547 63.899948548193365 77.58647461121856 74.49648051223639 34.8540233058549 39.42039829464705 62.77956084922457 86.51671419606005 43.26721404846432 48.08744988645717 22.29817831645645 71.17499650336052 96.83202091855304 27.29191461268439 29.382241799933897 58.53710020960108 43.99924670982012 73.48043148897844 82.9068814977553 28.07378480137437 17.57454249615622 37.91045223270203 41.36561706121192 19.41050342868438 17.310672562420145 52.23152084349164
70.10799975494855 11.927286904991266 42.79122115236488 54.08631483010424 33.65790052727992 0.0 53.41446028784126 51.308352523186976 55.472302489373455 19.502439459558712 18.85262789726195 76.72128013871918 85.68530456729354 55.388267072476204 25.79377106394237 59.15645594409793 58.38569227988333 83.82109971138784 83.27357403272632 8.73481644676177 42.76756544686618 59.0695641867804 63.63690433593634 74.18855487371617 55.24259662742557 42.98846254528856 53.34393646204885 88.31042220772959 49.94071171342308 37.73017658736528 13.540752517542542 81.69691320721903 96.2159331240376 40.74002107633706 17.470558824073876 64.7886696823176 39.126787598909694 87.44780624037969 81.15924545851514 7.72632115723491 19.603504933755985 20.38267857312102 7.708367363663731 18.238664203747444 16.450412309084378 56.77240191397451
22.92940336497722 46.852551880560696 29.068315273941202 14.323194445493442 37.61599848827951 53.41446028784126 0.0 22.929403364977308 14.947742519992834 34.388031583233435 50.96283712708354 25.614727423902846 50.848944149591595 7.997614782376836 30.973787108943345 25.039523518692285 40.085908008329255 34.424846823678415 51.37790747166766 45.10340600501128 13.572377774352166 36.878424241114466 56.495053688772444 41.420987935061554 7.201234495384336 16.9960257695871 40.89998674034831 51.12123938307507 13.213496222697858 34.56854087566279 40.78244119902666 33.57728354188403 62.152415528663454 12.857913791314317 36.983747428465264 23.17424929663533 27.382024321020683 36.298408269948524 49.9166108239223 45.72809676719753 35.74525826627031 40.31413482177213 59.10141790567638 36.341988490944736 44.380633427788 19.823069337565737
45.08333264352158 49.84660646930607 10.581814334769156 9.501335124569895 50.580923222038294 51.308352523186976 22.929403364977308 0.0 9.817377221553881 32.86822219605107 56.93172071728021 30.63387148838234 35.778261485866224 16.297281371270866 25.60703753083237 7.84944050624106 17.257885653085825 34.99878775851038 34.477546570719255 42.696552623446834 29.658879002980456 14.41281759202186 33.58003735745278 24.40125999745871 30.092752213065662 11.163160471406826 18.158659352991776 37.750934187874236 9.810438937322997 17.7554441844706 42.522196552264845 32.204185557895805 47.04370308719933 24.411555420109018 34.14840474823789 14.544285196814851 12.660571931840039 39.94537714358242 32.55091879681928 44.82959800009594 40.19246546733982 32.17937676677512 54.38452434358834 39.682434782486176 49.41567408509861 7.065321837066181
35.81801018955097 51.92910946064213 19.344108615465736 1.4226131961577468 48.39621455650515 55.472302489373455 14.947742519992834 9.817377221553881 0.0 36.10792338879598 57.9503105943996 22.358152604349385 37.21622001153526 7.213931690779127 29.953350122372303 10.092652988465792 25.85927996011704 28.42764939812788 37.160901567646185 46.73845950448505 25.14114493549604 22.356352224772397 42.67729384070093 26.994403648439807 22.05913863563179 12.490256063677496 27.708131959965705 38.13970127933432 5.690452784629573 26.29974916351167 44.881512508391246 26.224955261179957 48.67759961527459 21.10468666173565 38.00396666013291 10.269735723006077 19.88966872030693 32.5558507557126 35.5489683311674 48.339905209056404 41.331007794053946 38.07018901983986 59.612506844666406 41.26048827585116 50.64062052851678 4.879162235645276
53.056441928842055 17.283150746389392 25.92522583265979 34.70734121892165 27.397924350948742 19.502439459558712 34.388031583233435 32.86822219605107 36.10792338879598 0.0 25.285305772860163 57.220341466208765 68.26754820530604 35.90351207716807 7.761633769554807 40.62124145236013 43.004488540484324 64.37216641176272 66.3739141700494 10.862216508296026 25.38228820230637 42.77875027009509 52.25151884606939 56.73968419811667 37.107152530170836 23.67863407584456 38.984854929798665 70.51696374114277 30.517825538239755 23.00824879296219 9.966770391591584 62.31712353893846 79.24258866166251 22.14692789770423 2.8607047957811793 45.677545885491135 21.734197538893135 67.94617994691848 64.31684891899837 12.234227710994741 10.380286726311153 10.647635732433672 24.715588218905772 8.883138199523717 17.92534203586664 37.74566868302642
62.07274004609854 8.859593639664027 51.08538772219707 56.53598238654942 19.170118944349074 18.85262789726195 50.96283712708354 56.93172071728021 57.9503105943996 25.285305772860163 0.0 76.36459029574792 92.69964007052789 55.48539601182141 33.01869388895547 64.35122364232222 68.27667211406944 84.68227775790457 91.13274334548854 20.60394295217853 37.855875879074105 67.92082282528898 76.96153598899116 81.25503145955139 50.26093419866166 46.46596945646697 64.23468889625553 94.62401852574006 52.29569442859292 48.192829418279 15.452159569580576 83.22521040023139 103.88566195686046 38.49056028924428 25.414940952368475 68.13390807230985 46.81243171793144 87.15794470138424 89.117285647214 17.349304433786013 16.775301303172583 32.79101479574357 25.95111776896997 17.280336538489543 7.529637888803682 60.677905336623915
31.547101074534133 71.62732962000757 41.099965071564704 23.54717654610112 63.041902759985604 76.72128013871918 25.614727423902846 30.63387148838234 22.358152604349385 57.220341466208765 76.36459029574792 0.0 35.214985951197946 21.388270137015084 51.804106985273904 25.287946777048866 41.40647027320284 9.336442523914073 37.907556384190826 68.05774026902805 39.16697783480585 37.38410628624309 57.667437790853846 30.897934660417278 28.74452950098153 34.37095594132286 45.50371035046481 33.53676802182746 27.24890892427974 48.23985540761333 65.05567976069422 9.933747092370806 44.75454790004892 37.886236200675214 59.41280847319144 17.34327163489838 42.170825956498916 10.836061406492451 37.393448782980215 69.28376632940882 60.579973714333796 60.285394335010025 81.41888559644117 60.917221073291465 69.54740736992645 23.569412311889007
65.57477458189403 85.44737126682601 42.904430921012526 38.4182652892855 85.36735073390784 85.68530456729354 50.848944149591595 35.778261485866224 37.21622001153526 68.26754820530604 92.69964007052789 35.214985951197946 0.0 43.005313149279566 60.69265028738137 28.655463737098128 29.010910087319772 29.364884604362476 4.739349071401526 77.39176950810689 62.349618154268725 27.09557591066863 36.93289636221227 11.537257752252208 57.11249452227542 46.587682860763366 34.967223461733454 4.252882206205154 42.106973218449696 48.36884866935067 78.09867124244728 26.508196482318148 11.471804700910722 58.1732295142224 69.20925853459154 27.68880886773982 46.748177187732445 34.81275801038512 6.2569793264668006 79.84365736484008 75.97016506204442 65.51510781774967 87.49071156367599 75.4347996085902 85.17798403164434 33.13854635000583
28.81490615005865 50.34785794253559 24.342537637040376 6.926387511177753 43.9572318986737 55.388267072476204 7.997614782376836 16.297281371270866 7.213931690779127 35.90351207716807 55.48539601182141 21.388270137015084 43.005313149279566 0.0 30.917757348854696 17.21079511487231 32.96672612994961 29.22450693657894 43.417238333951204 46.760560475083345 19.95556380385243 29.53601561555228 49.6881657566508 33.4296244421165 14.941046857603338 14.117611444863654 34.44941305472948 43.45040616424925 7.7500241746328875 30.747624619885784 43.68837595240961 27.769433279302216 54.36645844511371 17.1739624753344 38.17887025331326 15.321960071013937 23.75240346503021 32.19460936579337 41.934821071956584 47.91169702379951 39.36413628091645 39.82484921045357 60.30743235352913 39.61472471752595 48.468777897822484 12.06000524284946
51.71167111231211 25.02562458490017 18.17350366173579 28.60489553561059 33.09550246741486 25.79377106394237 30.973787108943345 25.60703753083237 29.953350122372303 7.761633769554807 33.01869388895547 51.804106985273904 60.69265028738137 30.917757348854696 0.0 33.43724511691749 35.2582062895426 58.38099733008229 58.701284540119666 17.116384435537388 24.914405999306204 35.02351489904511 45.063020005025585 49.15617746500853 35.03458289470576 17.506819521621363 31.35546049750566 63.04570319720369 24.609684396038254 15.543903479286557 17.726405143978496 56.11065420403986 71.59302054144436 20.285368383671216 8.558245053611778 39.02109861304046 14.022166365348946 62.34330845800951 56.634052604287014 19.245288883184994 17.407431578437453 9.379291000223388 29.67239577936874 16.20381349116949 25.60671936362567 30.991399628782066
45.186902645250534 57.47731581652379 17.750585921917196 10.863818897173404 56.841363377426795 59.15645594409793 25.039523518692285 7.84944050624106 10.092652988465792 40.62124145236013 64.35122364232222 25.287946777048866 28.655463737098128 17.21079511487231 33.43724511691749 0.0 17.071218398434233 28.226925011824864 27.914554600865138 50.53736070926278 34.511110577477815 13.195199630898252 33.990584895506124 17.665705708718466 32.12992951947605 17.977128267614415 20.367598034408825 30.2915993823777 13.812720056686459 24.759565792329987 50.180004747382235 25.198443897771792 40.07301676731433 29.85899770451388 41.96708928664081 8.013692985920686 20.392640131343697 33.57742589677842 26.143177485648255 52.64037498786116 47.57776423126796 39.95444576756935 62.189358892700746 47.17150950164988 56.86274991709155 5.232006965585719
61.673519288281554 60.16422223634467 17.39761050934245 26.049315272449384 65.36883900090677 58.38569227988333 40.085908008329255 17.257885653085825 25.85927996011704 43.004488540484324 68.27667211406944 41.40647027320284 29.010910087319772 32.96672612994961 35.2582062895426 17.071218398434233 0.0 42.21801632630425 25.676535828389472 50.62715673217362 46.385767696953806 4.02339258408407 16.94573714654038 18.663507001206177 47.27757328605889 27.032684697977082 5.992945935327962 32.51568927101676 27.063740175810683 20.696736197353474 52.94049180034728 38.82488277668713 38.41055629624785 40.85105761688434 43.246885611228294 24.290807340611774 21.743525681424995 48.11465637037365 23.548871215324425 53.42888301103154 52.26647455542673 38.00552338366736 59.3033273389545 51.28707453277271 60.845804599914956 21.332120368824643
40.290536230085976 79.50876779752856 45.55388938271595 29.7830604086894 72.01526761521627 83.82109971138784 34.424846823678415 34.99878775851038 28.42764939812788 64.37216641176272 84.68227775790457 9.336442523914073 29.364884604362476 29.22450693657894 58.38099733008229 28.226925011824864 42.21801632630425 0.0 32.860882989785395 75.0960380444131 47.990648972945856 38.32656430066359 57.28018732446882 28.034269257578426 37.99781427735441 40.90047126685388 47.13944934943204 26.863845359330526 33.88236890207911 52.70695664902656 72.71775154774402 3.4613986213498062 37.580391308938346 46.23492887511263 66.37212726531843 20.492371421141947 47.36910664270461 6.0701366251445075 32.82838345961192 76.56899515268465 68.57123092096253 66.33878322789275 88.03569809677899 68.76773859444263 77.69327493049063 28.184018127735953
67.43867218781264 83.63408760155392 40.66140639104539 38.2581945695258 84.73335938708236 83.27357403272632 51.37790747166766 34.477546570719255 37.160901567646185 66.3739141700494 91.13274334548854 37.907556384190826 4.739349071401526 43.417238333951204 58.701284540119666 27.914554600865138 25.676535828389472 32.860882989785395 0.0 75.13178431414802 62.233841600966365 24.258026980537757 32.3882385905502 10.250997957781038 57.92518270996699 45.53425799638921 31.524077048391934 8.983549975478073 41.66828309097113 45.67909600340075 76.28616159820896 29.803810129098338 12.943384554886293 57.7551994629729 67.14211212614168 28.296606793617936 44.68291893447448 38.529747405633174 2.1339197942352057 77.69700121986075 74.49450617349673 62.9727656978803 84.7283101766998 73.8535748255742 83.60318969160907 32.758969212426344
62.79766143844044 11.784152799258202 34.50318348433672 45.35349093760545 30.365182775543243 8.73481644676177 45.10340600501128 42.696552623446834 46.73845950448505 10.862216508296026 20.60394295217853 68.05774026902805 77.39176950810689 46.760560475083345 17.116384435537388 50.53736070926278 50.62715673217362 75.0960380444131 75.13178431414802 0.0 35.16888710835067 51.03912919292567 57.2762648802256 65.86782353741805 47.37970625886644 34.253812305715634 45.86890328845407 79.91162464857578 41.2139744254945 29.93975675356317 8.077834847501041 72.96276698929215 88.07130128175926 32.61008202594687 8.735744561208492 56.071057908683 30.68704584758544 78.76301546246118 73.03096965675752 3.267806447909962 13.686891943823603 12.959494652990944 14.133986733395577 11.935802800493324 15.071123759083784 48.062948091204184
27.699754109484157 34.65950084457612 31.343354410580154 23.986043531672898 24.12960679528547 42.76756544686618 13.572377774352166 29.658879002980456 25.14114493549604 25.38228820230637 37.855875879074105 39.16697783480585 62.349618154268725 19.95556380385243 24.914405999306204 34.511110577477815 46.385767696953806 47.990648972945856 62.233841600966365 35.16888710835067 0.0 43.98754950494586 61.26604276469741 52.01368297938146 12.691536719791463 19.44208538328493 45.472486557979465 63.12732966910359 20.721378571737095 34.47306136511029 29.429354308595034 47.06097190761355 73.80297163721528 5.786919309975452 28.22867622172253 34.94205937929395 28.02314487041182 49.791461865507 60.558228344429956 35.07309245425091 23.767551749553014 33.90890806590464 49.27551916544915 24.746480535978215 31.682977417243396 29.491367850006604
58.09886679525865 60.04780871591395 16.85454496890098 22.666883971258606 63.899948548193365 59.0695641867804 36.878424241114466 14.41281759202186 22.356352224772397 42.77875027009509 67.92082282528898 37.38410628624309 27.09557591066863 29.53601561555228 35.02351489904511 13.195199630898252 4.02339258408407 38.32656430066359 24.258026980537757 51.03912919292567 43.98754950494586 0.0 20.806892538250338 16.09697201699626 44.07950309664645 24.906114101226823 9.078286551197168 30.29689119565879 24.083540125610433 21.421559949158425 52.74535143054877 34.95352729267858 37.180894312924096 38.60038760282914 43.28594996185778 20.278182359275498 21.10889852543903 44.18985243514872 22.131159042820553 53.703471417470496 51.610727247177834 38.733688344265886 60.489868141815435 50.75629921974745 60.428664149887275 17.690422498305782
78.47963846620985 68.27376539367334 30.114737394584477 42.763843362337845 77.58647461121856 63.63690433593634 56.495053688772444 33.58003735745278 42.67729384070093 52.25151884606939 76.96153598899116 57.667437790853846 36.93289636221227 49.6881657566508 45.063020005025585 33.990584895506124 16.94573714654038 57.28018732446882 32.3882385905502 57.2762648802256 61.26604276469741 20.806892538250338 0.0 30.283019267836504 63.62929405147348 41.91321591207226 15.840880710679963 41.12356350437517 43.303770562184795 29.592164552716774 61.593219699351714 53.82074612136746 42.66321138974015 55.52919246160656 51.62114238915338 40.92563793983333 33.997809133881894 63.32392452986193 30.67613073246375 60.434786829204384 62.423465271799465 44.3887029462745 62.477984069775125 61.09298030862416 69.94769461892244 38.2472500135184
58.61527637620346 73.93532402867802 31.397933812920556 28.05817016772262 74.49648051223639 74.18855487371617 41.420987935061554 24.40125999745871 26.994403648439807 56.73968419811667 81.25503145955139 30.897934660417278 11.537257752252208 33.4296244421165 49.15617746500853 17.665705708718466 18.663507001206177 28.034269257578426 10.250997957781038 65.86782353741805 52.01368297938146 16.09697201699626 30.283019267836504 0.0 48.12356288940813 35.37263702560083 24.634567195242543 14.282038547007568 31.42031254987569 37.03572210621007 66.58515063966972 24.62566820076786 22.64613042529501 47.5047976370214 57.67204446933061 18.616754042259014 35.213178926383264 34.08031685656503 8.555069369682725 68.30831070330929 64.5537474671205 54.073770551318056 76.13278933898772 63.97971526694301 73.72849163128322 22.525926349748566
16.899858980948622 47.34966738286818 35.68257781099944 21.498022480765727 34.8540233058549 55.24259662742557 7.201234495384336 30.092752213065662 22.05913863563179 37.107152530170836 50.26093419866166 28.74452950098153 57.11249452227542 14.941046857603338 35.03458289470576 32.12992951947605 47.27757328605889 37.99781427735441 57.92518270996699 47.37970625886644 12.691536719791463 44.07950309664645 63.62929405147348 48.12356288940813 0.0 23.29315712668289 47.975616163445956 57.085602199433566 20.325573796853732 40.72070605882157 42.028062894976706 37.72861931816434 68.27285048650073 15.01388973068786 39.87570672870113 29.62858534457519 33.5886765146686 38.82459348364709 56.54978023503696 47.52152806102449 36.44469636459597 44.39209070481531 61.513020465375426 37.37338631149525 44.30798105879795 26.93773774448561
39.86049119965246 39.91059301692916 12.513234123018268 11.118519222081643 39.42039829464705 42.98846254528856 16.9960257695871 11.163160471406826 12.490256063677496 23.67863407584456 46.46596945646697 34.37095594132286 46.587682860763366 14.117611444863654 17.506819521621363 17.977128267614415 27.032684697977082 40.90047126685388 45.53425799638921 34.253812305715634 19.44208538328493 24.906114101226823 41.91321591207226 35.37263702560083 23.29315712668289 0.0 26.08368788510023 48.2582197640527 7.1240667377539735 17.57264738786836 32.726011191164 38.71019463407148 57.95621259462109 13.825826619145772 25.51827259320398 22.0594016897792 10.38685263619039 44.847714632101415 43.642167380591864 35.91125075451038 29.696159602508395 25.959679771844822 47.1791495254498 29.40146788079692 39.01384813236065 14.281082611199311
63.24151570923925 55.89404106154795 14.63113161205124 27.593045951599965 62.77956084922457 53.34393646204885 40.89998674034831 18.158659352991776 27.708131959965705 38.984854929798665 64.23468889625553 45.50371035046481 34.967223461733454 34.44941305472948 31.35546049750566 20.367598034408825 5.992945935327962 47.13944934943204 31.524077048391934 45.86890328845407 45.472486557979465 9.078286551197168 15.840880710679963 24.634567195242543 47.975616163445956 26.08368788510023 0.0 38.5039491116151 27.68697884745362 16.081792564003322 48.79967018031146 43.81055152052764 44.14147555463771 39.75844933794014 38.927146593852704 28.167898795685993 18.786962065861832 52.91361236807077 29.40646567004985 48.788758573639306 48.67534874000181 33.04361337118421 53.86695966907603 47.55041673288106 56.909924480123244 23.7122287233192
64.51582299234958 87.58911276753493 45.54097661915814 39.41691421074035 86.51671419606005 88.31042220772959 51.12123938307507 37.750934187874236 38.13970127933432 70.51696374114277 94.62401852574006 33.53676802182746 4.252882206205154 43.45040616424925 63.04570319720369 30.2915993823777 32.51568927101676 26.863845359330526 8.983549975478073 79.91162464857578 63.12732966910359 30.29689119565879 41.12356350437517 14.282038547007568 57.085602199433566 48.2582197640527 38.5039491116151 0.0 43.30297846653801 51.31026696506664 80.25583827082059 24.290652134174824 11.363956340176323 59.23463756760066 71.59522477733005 28.197530899604658 49.22470099160679 31.990374450377104 10.464992448203681 82.2675877988966 77.85583188323794 68.28543341555206 90.38992491906966 77.40909441566521 87.12365973746714 34.39737958819021
35.790548691331814 46.23910897580148 16.63349846597055 4.267839588471826 43.26721404846432 49.94071171342308 13.213496222697858 9.810438937322997 5.690452784629573 30.517825538239755 52.29569442859292 27.24890892427974 42.106973218449696 7.7500241746328875 24.609684396038254 13.812720056686459 27.063740175810683 33.88236890207911 41.66828309097113 41.2139744254945 20.721378571737095 24.083540125610433 43.303770562184795 31.42031254987569 20.325573796853732 7.1240667377539735 27.68697884745362 43.30297846653801 0.0 23.003323321654666 39.200983392385155 31.80426772987336 53.5760198571917 16.096503731445544 32.49013380679892 15.848450896944088 16.053425062436027 37.73393521438245 39.93440706723555 42.739215269010636 35.65242904673589 33.05612820287503 54.276060040809604 35.57077984876755 44.96737621072876 8.969042501233119
57.41064926610496 39.81365722702581 7.174576630626143 25.39634541531966 48.08744988645717 37.73017658736528 34.56854087566279 17.7554441844706 26.29974916351167 23.00824879296219 48.192829418279 48.23985540761333 48.36884866935067 30.747624619885784 15.543903479286557 24.759565792329987 20.696736197353474 52.70695664902656 45.67909600340075 29.93975675356317 34.47306136511029 21.421559949158425 29.592164552716774 37.03572210621007 40.72070605882157 17.57264738786836 16.081792564003322 51.31026696506664 23.003323321654666 0.0 32.74554075656321 49.830177404926296 58.60093189042391 28.763030739795465 22.848178236941393 32.21594875551303 7.187260614566396 57.70069532902822 43.552701177881886 32.78400663631665 32.95107330802205 17.352589546807454 39.12186289432532 31.71388783483121 40.91853907242513 24.764385019345365
56.59960165933251 7.351027769333265 35.89147441370362 43.461136822467026 22.29817831645645 13.540752517542542 40.78244119902666 42.522196552264845 44.881512508391246 9.966770391591584 15.452159569580576 65.05567976069422 78.09867124244728 43.68837595240961 17.726405143978496 50.180004747382235 52.94049180034728 72.71775154774402 76.28616159820896 8.077834847501041 29.429354308595034 52.74535143054877 61.593219699351714 66.58515063966972 42.028062894976706 32.726011191164 48.79967018031146 80.25583827082059 39.200983392385155 32.74554075656321 0.0 70.88650749221972 89.13304651362799 27.94185173187101 9.981072555223363 54.7706080520577 31.688467896977077 75.87787729088275 74.23739854712127 6.253712582959632 6.098913912277998 17.808431000870918 20.712290115883636 4.71571008084696 8.404737775970766 46.98342493922278
41.47096008132521 77.78341587919273 42.70582182244794 27.615531626005684 71.17499650336052 81.69691320721903 33.57728354188403 32.204185557895805 26.224955261179957 62.31712353893846 83.22521040023139 9.933747092370806 26.508196482318148 27.769433279302216 56.11065420403986 25.198443897771792 38.82488277668713 3.4613986213498062 29.803810129098338 72.96276698929215 47.06097190761355 34.95352729267858 53.82074612136746 24.62566820076786 37.72861931816434 38.71019463407148 43.81055152052764 24.290652134174824 31.80426772987336 49.830177404926296 70.88650749221972 0.0 35.27637576079754 44.921902841646926 64.22774991727438 17.660323155012637 44.70211810507462 9.526805652073529 29.66772425176868 74.54261664623304 66.93587462304545 63.85714791047404 85.70779513267921 67.04968053634683 76.13286072983166 25.539571371893995
75.863813223507 96.48364179426278 53.59064412559317 49.8864465851956 96.83202091855304 96.2159331240376 62.152415528663454 47.04370308719933 48.67759961527459 79.24258866166251 103.88566195686046 44.75454790004892 11.471804700910722 54.36645844511371 71.59302054144436 40.07301676731433 38.41055629624785 37.580391308938346 12.943384554886293 88.07130128175926 73.80297163721528 37.180894312924096 42.66321138974015 22.64613042529501 68.27285048650073 57.95621259462109 44.14147555463771 11.363956340176323 53.5760198571917 58.60093189042391 89.13304651362799 35.27637576079754 0.0 69.64492353465772 80.05399243616017 39.04590003276722 57.5835292147011 42.25427524035925 15.057427440079866 90.6248247263542 87.19649017012142 75.90809642422437 97.61137675907548 86.60688604821857 96.35736964704331 44.60711735347704
31.45443015131522 34.01851370155033 25.564533942366257 19.818141343014204 27.29191461268439 40.74002107633706 12.857913791314317 24.411555420109018 21.10468666173565 22.14692789770423 38.49056028924428 37.886236200675214 58.1732295142224 17.1739624753344 20.285368383671216 29.85899770451388 40.85105761688434 46.23492887511263 57.7551994629729 32.61008202594687 5.786919309975452 38.60038760282914 55.52919246160656 47.5047976370214 15.01388973068786 13.825826619145772 39.75844933794014 59.23463756760066 16.096503731445544 28.763030739795465 27.94185173187101 44.921902841646926 69.64492353465772 0.0 24.887908314554373 31.26375305013566 22.244233914264083 48.69740475291256 56.00189049752623 33.0245487097589 22.90962749270755 29.55844748776992 46.712719666437955 23.484104307237324 31.688970655394275 25.054588334587965
55.89132991030319 16.967545572230687 26.50684710062456 36.62044277405127 29.382241799933897 17.470558824073876 36.983747428465264 34.14840474823789 38.00396666013291 2.8607047957811793 25.414940952368475 59.41280847319144 69.20925853459154 38.17887025331326 8.558245053611778 41.96708928664081 43.246885611228294 66.37212726531843 67.14211212614168 8.735744561208492 28.22867622172253 43.28594996185778 51.62114238915338 57.67204446933061 39.87570672870113 25.51827259320398 38.927146593852704 71.59522477733005 32.49013380679892 22.848178236941393 9.981072555223363 64.22774991727438 80.05399243616017 24.887908314554373 0.0 47.3595638745418 22.47656364375362 70.08863670951742 65.06303947285953 10.687565270667617 11.948032647282252 8.554742827474929 22.200716371554343 10.232365388320593 18.330675215830535 39.36469963286456
40.34729943912611 61.911896004143244 25.069227954241946 11.654289691818684 58.53710020960108 64.7886696823176 23.17424929663533 14.544285196814851 10.269735723006077 45.677545885491135 68.13390807230985 17.34327163489838 27.68880886773982 15.321960071013937 39.02109861304046 8.013692985920686 24.290807340611774 20.492371421141947 28.296606793617936 56.071057908683 34.94205937929395 20.278182359275498 40.92563793983333 18.616754042259014 29.62858534457519 22.0594016897792 28.167898795685993 28.197530899604658 15.848450896944088 32.21594875551303 54.7706080520577 17.660323155012637 39.04590003276722 31.26375305013566 47.3595638745418 0.0 27.076342144339034 25.654368290215412 26.945492403152603 57.888385334204 51.45676836026843 46.381677482976755 68.41059104281952 51.309013767542595 60.78136714495018 8.047766155435879
50.23705013270134 39.0171651844913 4.34592916506386 18.842925172555887 43.99924670982012 39.126787598909694 27.382024321020683 12.660571931840039 19.88966872030693 21.734197538893135 46.81243171793144 42.170825956498916 46.748177187732445 23.75240346503021 14.022166365348946 20.392640131343697 21.743525681424995 47.36910664270461 44.68291893447448 30.68704584758544 28.02314487041182 21.10889852543903 33.997809133881894 35.213178926383264 33.5886765146686 10.38685263619039 18.786962065861832 49.22470099160679 16.053425062436027 7.187260614566396 31.688467896977077 44.70211810507462 57.5835292147011 22.244233914264083 22.47656364375362 27.076342144339034 0.0 52.03876604491796 42.613041241135704 33.09548674208898 30.567147578404807 19.56506045579192 41.816738895071076 29.66182936286626 39.32034101892201 19.186709556957076
38.49332199327397 82.46319958959806 50.52648120916091 33.834945782668214 73.48043148897844 87.44780624037969 36.298408269948524 39.94537714358242 32.5558507557126 67.94617994691848 87.15794470138424 10.836061406492451 34.81275801038512 32.19460936579337 62.34330845800951 33.57742589677842 48.11465637037365 6.0701366251445075 38.529747405633174 78.76301546246118 49.791461865507 44.18985243514872 63.32392452986193 34.08031685656503 38.82459348364709 44.847714632101415 52.91361236807077 31.990374450377104 37.73393521438245 57.70069532902822 75.87787729088275 9.526805652073529 42.25427524035925 48.69740475291256 70.08863670951742 25.654368290215412 52.03876604491796 0.0 38.61711153960837 80.04866973154795 71.41544113596636 70.62566004704937 92.00420074557215 71.75166969721242 80.37126733319997 32.96987749726627
66.4598435513353 81.58350839343245 38.572837544205 36.61167331289199 82.9068814977553 81.15924545851514 49.9166108239223 32.55091879681928 35.5489683311674 64.31684891899837 89.117285647214 37.393448782980215 6.2569793264668006 41.934821071956584 56.634052604287014 26.143177485648255 23.548871215324425 32.82838345961192 2.1339197942352057 73.03096965675752 60.558228344429956 22.131159042820553 30.67613073246375 8.555069369682725 56.54978023503696 43.642167380591864 29.40646567004985 10.464992448203681 39.93440706723555 43.552701177881886 74.23739854712127 29.66772425176868 15.057427440079866 56.00189049752623 65.06303947285953 26.945492403152603 42.613041241135704 38.61711153960837 0.0 75.60696463759852 72.49887142847268 60.85187170760835 82.59648149557424 71.84051757962071 81.58827095464574 31.067076223945662
62.49732889864976 8.558135878000185 37.03561686490176 46.93770845998279 28.07378480137437 7.72632115723491 45.72809676719753 44.82959800009594 48.339905209056404 12.234227710994741 17.349304433786013 69.28376632940882 79.84365736484008 47.91169702379951 19.245288883184994 52.64037498786116 53.42888301103154 76.56899515268465 77.69700121986075 3.267806447909962 35.07309245425091 53.703471417470496 60.434786829204384 68.30831070330929 47.52152806102449 35.91125075451038 48.788758573639306 82.2675877988966 42.739215269010636 32.78400663631665 6.253712582959632 74.54261664623304 90.6248247263542 33.0245487097589 10.687565270667617 57.888385334204 33.09548674208898 80.04866973154795 75.60696463759852 0.0 12.31845596385966 16.05977152867338 14.513627144751624 10.775030982977826 12.08716884012488 49.93146816401986
50.648010393845546 11.109029975866493 34.90055377687326 39.911046009543156 17.57454249615622 19.603504933755985 35.74525826627031 40.19246546733982 41.331007794053946 10.380286726311153 16.775301303172583 60.579973714333796 75.97016506204442 39.36413628091645 17.407431578437453 47.57776423126796 52.26647455542673 68.57123092096253 74.49450617349673 13.686891943823603 23.767551749553014 51.610727247177834 62.423465271799465 64.5537474671205 36.44469636459597 29.696159602508395 48.67534874000181 77.85583188323794 35.65242904673589 32.95107330802205 6.098913912277998 66.93587462304545 87.19649017012142 22.90962749270755 11.948032647282252 51.45676836026843 30.567147578404807 71.41544113596636 72.49887142847268 12.31845596385966 0.0 20.500699331678774 26.807840687382132 1.8588758180328115 9.329446936809093 43.9280805375878
61.01210735967179 23.989737945546548 22.795864204519017 36.79823230861061 37.91045223270203 20.38267857312102 40.31413482177213 32.17937676677512 38.07018901983986 10.647635732433672 32.79101479574357 60.285394335010025 65.51510781774967 39.82484921045357 9.379291000223388 39.95444576756935 38.00552338366736 66.33878322789275 62.9727656978803 12.959494652990944 33.90890806590464 38.733688344265886 44.3887029462745 54.073770551318056 44.39209070481531 25.959679771844822 33.04361337118421 68.28543341555206 33.05612820287503 17.352589546807454 17.808431000870918 63.85714791047404 75.90809642422437 29.55844748776992 8.554742827474929 46.381677482976755 19.56506045579192 70.62566004704937 60.85187170760835 16.05977152867338 20.500699331678774 0.0 22.266620457447296 18.76671073824708 26.182210986506764 38.36277845567947
76.85428305347818 19.61069719626063 45.02258367930094 58.272115433901895 41.36561706121192 7.708367363663731 59.10141790567638 54.38452434358834 59.612506844666406 24.715588218905772 25.95111776896997 81.41888559644117 87.49071156367599 60.30743235352913 29.67239577936874 62.189358892700746 59.3033273389545 88.03569809677899 84.7283101766998 14.133986733395577 49.27551916544915 60.489868141815435 62.477984069775125 76.13278933898772 61.513020465375426 47.1791495254498 53.86695966907603 90.38992491906966 54.276060040809604 39.12186289432532 20.712290115883636 85.70779513267921 97.61137675907548 46.712719666437955 22.200716371554343 68.41059104281952 41.816738895071076 92.00420074557215 82.59648149557424 14.513627144751624 26.807840687382132 22.266620457447296 0.0 25.288591482414283 24.14741135335025 60.36454474387239
51.885365197833316 10.741116098969462 33.97321537862124 39.83804123491868 19.41050342868438 18.238664203747444 36.341988490944736 39.682434782486176 41.26048827585116 8.883138199523717 17.280336538489543 60.917221073291465 75.4347996085902 39.61472471752595 16.20381349116949 47.17150950164988 51.28707453277271 68.76773859444263 73.8535748255742 11.935802800493324 24.746480535978215 50.75629921974745 61.09298030862416 63.97971526694301 37.37338631149525 29.40146788079692 47.55041673288106 77.40909441566521 35.57077984876755 31.71388783483121 4.71571008084696 67.04968053634683 86.60688604821857 23.484104307237324 10.232365388320593 51.309013767542595 29.66182936286626 71.75166969721242 71.84051757962071 10.775030982977826 1.8588758180328115 18.76671073824708 25.288591482414283 0.0 9.750933767167291 43.675291261841636
57.252302884775574 4.553425586621059 43.60693976762109 49.22193700193262 17.310672562420145 16.450412309084378 44.380633427788 49.41567408509861 50.64062052851678 17.92534203586664 7.529637888803682 69.54740736992645 85.17798403164434 48.468777897822484 25.60671936362567 56.86274991709155 60.845804599914956 77.69327493049063 83.60318969160907 15.071123759083784 31.682977417243396 60.428664149887275 69.94769461892244 73.72849163128322 44.30798105879795 39.01384813236065 56.909924480123244 87.12365973746714 44.96737621072876 40.91853907242513 8.404737775970766 76.13286072983166 96.35736964704331 31.688970655394275 18.330675215830535 60.78136714495018 39.32034101892201 80.37126733319997 81.58827095464574 12.08716884012488 9.329446936809093 26.182210986506764 24.14741135335025 9.750933767167291 0.0 53.255165521020274
40.409112478105385 54.188130654361174 17.59433571679373 5.647487492806389 52.23152084349164 56.77240191397451 19.823069337565737 7.065321837066181 4.879162235645276 37.74566868302642 60.677905336623915 23.569412311889007 33.13854635000583 12.06000524284946 30.991399628782066 5.232006965585719 21.332120368824643 28.184018127735953 32.758969212426344 48.062948091204184 29.491367850006604 17.690422498305782 38.2472500135184 22.525926349748566 26.93773774448561 14.281082611199311 23.7122287233192 34.39737958819021 8.969042501233119 24.764385019345365 46.98342493922278 25.539571371893995 44.60711735347704 25.054588334587965 39.36469963286456 8.047766155435879 19.186709556957076 32.96987749726627 31.067076223945662 49.93146816401986 43.9280805375878 38.36277845567947 60.36454474387239 43.675291261841636 53.255165521020274 0.0
