0 48 108 49 73 87 58 77 96 65 83 21 82 75 70 57 53 106 65 47 9 51 76 35 36 89 63 67 106 88 87 6 76 60 28 55 47 56 60 30 135 122 110 100 92 87 85 86 91 99 127 113 100 89 79 73 71 73 78 87 119 105 90 78 67 60 57 59 66 76 113 98 82 68 56 47 43 46 55 67 109 92 76 60 46 34 29 34 45 59 106 89 72 55 39 24 15 23 38 54 105 88 70 53 36 18 1 17 35 52 106 89 71 55 38 23 14 22 37 53 108 92 75 60 45 33 27 32 44 58 113 97 81 67 54 45 41 45 54 66
48 0 152 93 108 105 104 121 129 111 113 66 108 82 108 100 100 153 84 36 56 4 122 78 79 105 110 113 135 136 121 51 97 74 64 99 95 104 79 36 183 169 156 144 133 124 117 111 109 109 175 160 147 134 122 112 104 98 95 95 167 152 138 124 112 101 91 85 81 81 161 145 130 116 102 90 79 72 68 68 156 139 124 108 94 80 68 59 54 54 151 135 118 102 86 71 58 47 40 41 148 131 114 97 81 65 49 36 27 28 146 129 112 95 78 61 44 27 14 16 146 129 111 94 77 59 42 25 8 11 147 130 112 95 78 62 45 29 18 19
108 152 0 60 56 92 83 91 135 44 135 88 75 113 114 93 77 78 93 153 100 154 34 75 74 97 70 78 148 36 128 104 88 102 114 93 75 66 95 136 46 29 12 9 25 42 59 77 94 111 50 34 22 21 31 46 62 79 96 113 57 44 35 34 41 53 68 83 99 116 66 55 49 48 53 63 76 90 105 120 77 68 63 62 66 74 85 98 112 127 89 81 77 76 79 86 96 107 120 134 101 95 91 90 93 99 107 117 129 142 114 108 105 104 107 112 119 128 139 151 127 122 119 118 120 125 131 140 150 161 141 136 133 132 134 138 144 151 161 171
49 93 60 0 34 67 49 68 106 19 99 28 54 73 79 57 40 82 53 94 41 95 30 15 14 72 43 53 119 48 97 44 58 58 60 56 33 32 52 78 93 78 64 52 44 43 48 58 71 86 87 71 55 41 31 29 36 49 64 80 83 66 50 33 19 15 27 42 59 76 82 65 47 30 13 5 23 40 57 75 83 66 50 33 19 15 27 42 59 76 87 71 55 41 31 29 36 49 64 80 92 77 64 52 44 43 48 58 71 85 100 86 74 64 58 56 60 69 80 93 108 96 85 76 71 70 73 80 90 102 118 107 97 90 85 84 87 93 101 112
73 108 56 34 0 40 82 100 139 38 133 53 24 58 113 90 73 107 38 119 66 109 44 40 39 45 74 84 152 64 130 68 34 47 91 89 66 63 40 102 99 82 65 48 31 17 14 27 43 60 98 81 64 46 29 12 7 24 41 59 99 82 66 49 33 20 17 29 44 61 103 86 70 55 42 32 31 38 51 66 108 92 77 64 53 45 44 50 60 73 114 100 86 74 65 59 58 62 71 82 122 108 96 86 78 73 72 75 82 92 131 118 107 98 91 87 86 89 95 103 141 129 119 110 104 100 100 102 107 115 151 140 131 123 117 114 114 116 120 127
87 105 92 67 40 0 115 135 170 77 161 72 18 29 143 122 106 146 23 126 83 105 84 64 64 6 110 119 182 104 161 82 11 31 112 120 99 98 28 112 137 120 103 85 68 51 33 16 5 20 137 120 103 86 69 52 35 19 11 22 139 122 105 88 72 56 41 29 24 31 142 126 109 93 78 63 50 41 38 42 147 131 115 100 85 72 61 54 52 55 152 137 122 108 95 83 74 67 65 68 159 144 130 117 105 94 86 81 79 81 166 152 139 127 116 106 99 94 93 95 175 161 149 137 127 119 112 108 107 108 184 171 159 148 139 131 125 122 120 122
58 104 83 49 82 115 0 21 58 48 54 52 103 116 32 11 10 50 99 87 52 107 51 53 52 120 13 10 71 50 49 58 105 101 44 11 17 20 97 73 92 84 79 78 81 87 96 107 119 133 80 71 65 64 67 74 85 97 111 125 69 58 51 50 54 63 75 89 103 119 60 47 38 36 42 53 67 82 98 114 53 37 25 22 31 45 60 77 94 111 49 32 15 9 23 40 57 74 92 109 49 32 15 9 23 40 57 74 92 109 53 38 25 22 31 45 61 77 94 111 60 47 38 36 42 53 67 82 98 114 69 59 52 50 54 63 75 89 104 119
77 121 91 68 100 135 21 0 45 64 47 73 122 137 27 22 29 36 119 101 72 124 64 73 73 139 26 16 58 55 38 77 125 121 59 23 38 37 117 89 89 85 85 88 94 102 113 125 139 153 76 71 71 74 81 91 103 117 131 146 63 57 56 61 70 81 94 109 124 140 50 43 42 48 59 72 87 102 119 135 39 30 29 37 50 65 81 98 114 131 31 17 15 28 44 61 78 95 112 129 28 11 8 25 42 59 77 94 111 129 32 19 17 29 45 61 78 95 112 129 41 32 31 39 51 66 82 98 115 132 52 45 45 50 61 74 88 103 119 136
96 129 135 106 139 170 58 45 0 105 17 101 159 167 28 50 67 70 151 98 94 132 107 106 106 174 68 58 14 99 10 98 160 151 69 50 73 77 148 93 129 128 128 132 137 144 153 163 174 186 115 113 114 118 124 132 141 152 164 177 101 99 100 104 111 120 130 142 155 169 87 85 86 91 99 109 120 133 147 161 73 71 73 78 87 98 111 125 139 154 60 57 59 66 76 89 103 117 133 149 46 42 45 54 66 81 96 111 128 144 34 28 33 44 59 74 90 107 124 141 23 14 22 37 53 70 87 104 122 139 19 2 17 34 52 69 86 103 121 138
65 111 44 19 38 77 48 64 105 0 101 46 62 87 80 58 40 69 67 109 57 113 12 33 33 82 38 48 119 30 97 61 68 73 72 57 35 29 67 93 74 59 46 36 34 39 51 65 80 96 69 53 37 24 20 29 43 59 75 92 67 49 32 15 6 22 39 56 73 90 67 50 33 17 10 23 39 56 74 91 70 54 39 28 24 31 45 60 77 93 76 62 49 40 38 43 53 67 82 98 84 71 61 54 52 56 64 76 89 104 94 82 73 67 66 69 76 86 98 111 104 94 86 81 80 82 88 97 107 120 115 106 99 95 94 96 101 108 118 129
83 113 135 99 133 161 54 47 17 101 0 90 152 156 22 44 62 78 142 82 82 117 105 98 98 165 66 57 23 100 12 86 151 140 56 45 68 73 138 78 135 131 130 131 134 139 147 155 165 177 121 117 116 117 121 126 134 144 155 167 108 103 102 103 107 114 123 133 145 158 94 89 88 89 94 102 111 123 136 149 81 75 73 75 81 90 101 114 127 142 69 62 59 62 69 79 91 105 120 135 57 48 45 48 57 69 83 98 114 130 46 35 31 36 47 61 77 93 109 126 38 24 17 25 39 55 72 89 106 123 35 17 3 19 36 53 70 88 105 122
21 66 88 28 53 72 52 73 101 46 90 0 65 67 74 55 45 96 52 68 14 68 57 15 15 75 53 60 112 71 91 17 61 51 41 53 37 43 48 51 118 104 91 80 71 66 65 69 76 87 111 96 82 69 59 52 51 56 65 77 105 89 74 59 47 39 38 44 55 69 101 84 68 52 37 26 24 33 47 63 99 81 64 47 30 15 11 25 42 59 98 81 64 47 30 13 8 24 41 59 100 83 67 50 35 23 20 31 45 61 104 88 72 57 44 35 34 41 53 67 109 94 79 66 56 49 48 53 62 75 116 102 89 77 68 62 62 65 73 84
82 108 75 54 24 18 103 122 159 62 152 65 0 41 132 110 94 130 26 126 77 109 68 55 55 23 96 106 172 88 150 77 15 37 105 109 87 85 31 110 120 103 85 68 51 34 17 4 20 37 120 103 86 69 52 35 19 11 22 38 122 106 89 72 56 41 29 25 31 44 126 110 94 78 64 51 42 39 43 53 131 115 100 86 73 62 55 52 56 64 137 122 108 95 84 74 68 66 69 75 145 131 117 105 95 87 82 80 82 87 153 140 127 116 107 100 95 94 95 100 162 150 138 128 119 113 109 108 109 113 172 160 149 140 132 126 123 121 123 126
75 82 113 73 58 29 116 137 167 87 156 67 41 0 140 120 108 154 21 108 74 81 97 64 65 27 114 122 178 117 157 71 26 16 102 119 100 103 21 96 156 139 122 105 88 72 56 42 31 28 154 137 119 102 85 68 51 35 20 14 153 136 119 101 84 67 49 32 15 4 154 137 119 102 85 68 51 35 21 15 156 139 122 105 89 72 57 43 32 29 159 142 126 110 94 79 65 53 45 42 163 147 131 116 101 87 75 64 58 56 169 153 138 123 109 97 85 77 71 69 175 160 145 132 119 107 97 89 85 83 182 168 154 141 129 118 109 102 98 97
70 108 114 79 113 143 32 27 28 80 22 74 132 140 0 23 41 62 124 81 68 111 83 79 79 147 44 36 40 79 18 72 132 124 45 24 47 52 121 73 116 111 109 109 113 118 126 136 147 159 103 97 95 95 99 106 114 125 137 150 90 83 81 81 86 93 103 115 128 142 77 70 66 68 73 82 93 106 120 135 65 56 52 54 61 71 84 98 113 128 54 44 38 40 49 61 76 91 107 124 46 32 24 28 39 54 70 86 103 120 40 24 11 17 33 49 67 84 101 118 39 22 7 15 32 49 66 83 101 118 43 29 20 24 37 52 69 85 102 119
57 100 93 57 90 122 11 22 50 58 44 55 110 120 23 0 18 55 104 81 52 103 62 58 58 126 23 18 63 60 41 57 111 105 38 2 24 30 101 68 101 94 89 88 90 96 104 114 125 138 89 81 76 74 77 83 92 104 116 130 77 68 62 60 63 71 82 94 108 123 67 56 48 46 50 60 72 86 101 117 58 45 35 32 38 50 64 80 96 112 52 36 23 18 28 42 59 75 92 109 49 32 15 5 22 39 56 73 91 108 50 33 18 12 24 40 57 74 91 108 55 40 29 26 33 46 61 77 94 111 63 51 42 40 45 55 68 83 99 115
53 100 77 40 73 106 10 29 67 40 62 45 94 108 41 18 0 53 90 87 46 103 44 44 44 111 10 15 80 45 58 52 96 92 44 18 9 12 88 72 90 80 74 71 73 78 87 98 110 124 79 68 60 57 59 66 76 88 102 117 69 57 47 43 46 54 66 80 95 111 61 47 35 29 33 44 58 74 90 106 56 40 24 15 22 36 53 69 86 104 54 37 20 2 16 33 51 68 85 103 56 39 24 14 21 36 53 69 86 103 61 46 34 28 32 44 58 73 90 106 69 56 47 43 45 54 66 80 95 111 78 68 60 57 59 65 75 88 102 117
106 153 78 82 107 146 50 36 70 69 78 96 130 154 62 55 53 0 134 135 99 156 63 92 91 151 44 40 82 46 67 105 137 139 92 56 60 54 134 122 60 62 68 78 90 103 118 133 149 165 46 48 56 68 81 96 112 128 144 160 32 35 45 59 74 90 107 123 140 157 17 23 37 53 70 87 104 121 138 155 4 16 33 50 68 85 102 120 137 154 12 20 35 52 69 86 103 120 137 155 27 31 42 57 72 89 105 122 139 156 41 43 52 64 79 94 110 126 142 159 55 57 64 74 87 101 116 131 147 163 69 71 76 85 96 109 123 137 153 168
65 84 93 53 38 23 99 119 151 67 142 52 26 21 124 104 90 134 0 104 62 84 76 47 47 25 95 104 163 96 142 60 13 11 91 103 82 84 6 90 135 118 101 85 69 53 39 29 27 35 133 116 99 82 65 48 31 17 14 27 133 115 98 81 63 46 29 12 7 24 134 116 99 82 65 49 33 20 17 29 136 119 102 86 70 55 41 32 30 38 140 123 107 92 77 63 52 45 44 49 145 129 114 99 86 74 64 58 58 62 151 136 121 108 95 85 77 72 71 75 158 144 130 118 106 97 90 86 85 88 166 153 140 128 118 109 103 99 99 101
47 36 153 94 119 126 87 101 98 109 82 68 126 108 81 81 87 135 104 0 54 39 119 82 82 128 96 97 103 129 91 52 117 97 44 79 84 94 99 17 175 164 154 145 138 133 130 129 131 134 165 153 142 133 125 119 116 115 117 121 155 143 131 121 112 106 102 101 103 108 146 133 120 109 100 93 88 88 90 96 138 124 110 98 88 80 75 74 77 83 131 116 102 88 76 67 61 60 64 72 125 109 94 79 66 55 48 46 51 61 121 104 88 72 57 44 34 33 39 51 118 101 84 67 51 35 22 19 29 44 117 99 82 65 47 30 13 7 23 40
9 56 100 41 66 83 52 72 94 57 82 14 77 74 68 52 46 99 62 54 0 59 67 28 29 86 56 61 105 80 85 6 72 59 29 50 40 48 58 38 127 114 102 92 84 79 78 81 87 96 119 105 92 80 71 66 65 68 75 86 112 97 82 69 59 52 51 55 64 76 106 90 74 60 47 39 37 43 54 68 102 85 69 53 38 26 23 32 46 61 100 83 65 48 31 15 10 24 41 58 100 82 65 48 31 14 8 23 40 58 101 84 68 51 36 24 21 30 44 60 105 89 73 58 45 36 34 40 52 66 110 95 81 67 56 49 48 53 62 74
51 4 154 95 109 105 107 124 132 113 117 68 109 81 111 103 103 156 84 39 59 0 124 80 81 105 113 116 139 138 124 54 97 74 67 102 98 106 79 39 185 171 158 146 135 125 118 112 109 108 177 163 149 136 124 114 105 99 95 94 170 155 141 127 114 102 93 85 81 81 164 148 133 118 105 92 81 73 68 67 159 142 127 111 96 82 70 60 54 54 154 138 121 105 89 74 60 48 41 40 151 134 117 101 84 68 52 38 28 27 150 132 115 98 81 64 47 30 16 14 149 132 115 97 80 63 45 28 11 8 150 133 116 99 82 65 48 32 19 18
76 122 34 30 44 84 51 64 107 12 105 57 68 97 83 62 44 63 76 119 67 124 0 45 44 89 40 49 120 21 99 72 76 83 80 61 41 33 77 103 63 48 35 28 30 41 55 71 87 104 58 42 26 14 19 33 50 67 84 101 57 39 22 5 14 31 48 65 83 100 59 42 27 16 20 34 50 67 84 101 64 49 37 30 32 42 56 72 88 104 72 59 49 44 46 53 65 78 93 109 81 70 62 58 59 65 75 87 100 115 92 82 75 72 73 78 86 96 109 122 103 95 89 86 87 91 98 107 118 131 115 108 103 100 101 104 110 119 129 140
35 78 75 15 40 64 53 73 106 33 98 15 55 64 79 58 44 92 47 82 28 80 45 0 1 68 50 58 118 62 97 31 54 49 52 57 36 39 44 65 107 92 79 66 57 52 53 59 69 81 101 85 70 56 45 38 39 47 59 73 97 80 64 48 34 25 26 37 51 67 94 77 60 43 26 12 15 30 47 64 94 77 59 42 25 9 12 29 46 63 96 79 62 46 31 20 22 34 49 66 99 83 68 53 41 34 35 43 56 71 105 90 75 63 53 47 48 54 65 78 112 98 85 74 66 61 62 67 75 87 120 107 95 86 79 75 75 79 87 97
36 79 74 14 39 64 52 73 106 33 98 15 55 65 79 58 44 91 47 82 29 81 44 1 0 69 49 58 118 61 97 32 54 49 53 57 36 38 45 66 106 91 78 66 56 51 52 58 69 81 100 84 69 55 44 38 39 47 59 73 96 79 63 47 33 24 26 37 52 68 93 76 59 42 25 11 15 30 47 64 93 76 59 41 24 8 13 30 47 64 95 78 62 45 31 21 23 35 50 66 99 83 67 53 41 34 35 44 57 72 105 89 75 63 53 48 49 55 66 79 112 98 85 74 66 62 62 68 76 88 120 107 96 86 79 76 76 80 88 98
89 105 97 72 45 6 120 139 174 82 165 75 23 27 147 126 111 151 25 128 86 105 89 68 69 0 114 124 186 109 165 85 15 32 115 125 103 103 30 114 142 125 108 90 73 56 38 21 5 15 143 125 108 91 74 57 40 24 12 18 144 127 110 94 77 61 46 32 25 29 147 131 114 98 82 68 54 44 39 41 152 136 120 104 90 76 65 56 52 54 157 142 127 112 99 87 76 69 66 67 164 149 134 121 108 98 89 83 80 81 171 157 143 131 119 109 101 96 94 94 179 166 153 141 130 121 114 110 107 108 188 175 163 152 142 134 127 123 121 122
63 110 70 43 74 110 13 26 68 38 66 53 96 114 44 23 10 44 95 96 56 113 40 50 49 114 0 10 81 37 60 61 100 98 53 24 16 12 93 82 80 72 67 66 70 77 87 100 113 128 69 59 53 52 57 66 78 91 106 122 59 47 39 38 44 55 69 84 100 116 51 37 26 24 33 47 63 79 96 113 47 30 14 11 26 42 59 77 94 111 46 29 13 9 25 42 59 76 94 111 50 35 23 21 31 46 62 78 95 112 57 45 36 35 42 53 68 83 99 116 67 56 50 49 54 63 76 90 105 120 78 69 63 63 67 74 85 98 112 126
67 113 78 53 84 119 10 16 58 48 57 60 106 122 36 18 15 40 104 97 61 116 49 58 58 124 10 0 72 44 51 66 109 107 53 19 23 22 102 83 83 77 73 74 79 87 97 110 123 137 71 63 59 60 66 76 87 101 115 131 60 50 45 47 54 65 79 94 109 125 50 38 31 33 43 57 72 88 104 121 43 28 17 21 35 51 67 84 101 118 40 22 6 13 31 48 65 82 100 117 41 25 13 18 33 49 66 83 100 118 48 35 27 30 40 54 70 86 103 120 57 46 41 43 51 62 76 92 107 124 68 59 55 56 62 72 85 99 113 129
106 135 148 119 152 182 71 58 14 119 23 112 172 178 40 63 80 82 163 103 105 139 120 118 118 186 81 72 0 113 23 109 172 162 78 63 86 91 160 100 142 141 142 145 150 157 166 176 186 198 127 126 128 132 137 145 154 165 176 189 113 112 114 118 125 133 143 154 167 180 99 98 100 105 112 122 133 145 158 172 85 84 86 92 100 111 123 136 150 164 71 70 73 79 89 100 114 128 143 158 57 55 59 67 78 91 106 121 137 152 43 41 46 56 69 84 99 115 132 148 30 27 34 47 62 78 94 111 128 145 19 13 25 41 57 74 92 109 126 143
88 136 36 48 64 104 50 55 99 30 100 71 88 117 79 60 45 46 96 129 80 138 21 62 61 109 37 44 113 0 92 85 96 103 87 60 46 36 97 113 48 36 30 34 45 59 74 90 107 123 40 25 16 23 37 53 70 87 104 121 37 20 3 16 33 51 68 85 103 120 39 23 13 21 36 52 69 86 103 121 46 33 27 31 43 57 73 89 106 123 55 46 41 44 53 65 79 94 110 127 67 59 56 58 64 75 87 101 116 132 79 72 70 71 77 86 97 109 123 138 92 86 84 85 90 97 107 119 132 145 105 100 98 99 103 110 118 129 141 154
87 121 128 97 130 161 49 38 10 97 12 91 150 157 18 41 58 67 142 91 85 124 99 97 97 165 60 51 23 92 0 89 150 142 60 41 64 69 139 85 125 122 122 124 129 135 144 154 165 177 111 108 108 110 116 123 132 143 155 168 97 94 94 97 103 111 121 133 146 159 84 80 80 83 90 100 111 124 137 152 70 66 66 70 78 89 101 115 130 145 57 52 52 57 67 79 93 108 124 140 45 38 38 45 57 71 87 102 119 135 34 24 24 35 49 65 82 98 115 132 27 12 12 28 45 62 79 96 114 131 27 11 11 27 45 62 79 96 113 131
6 51 104 44 68 82 58 77 98 61 86 17 77 71 72 57 52 105 60 52 6 54 72 31 32 85 61 66 109 85 89 0 71 56 32 56 46 54 56 35 132 119 107 96 87 82 79 81 86 94 124 110 96 85 75 68 66 67 74 83 117 102 88 74 63 55 52 54 62 73 112 96 80 65 52 42 38 41 51 64 108 91 74 58 43 30 24 29 42 57 106 88 71 54 37 21 10 20 36 52 105 88 71 53 36 19 5 18 35 52 107 90 73 56 40 26 19 25 39 55 110 94 78 62 48 37 33 36 47 61 115 99 84 71 59 50 46 49 57 69
76 97 88 58 34 11 105 125 160 68 151 61 15 26 132 111 96 137 13 117 72 97 76 54 54 15 100 109 172 96 150 71 0 23 101 110 88 89 18 102 132 115 98 81 64 47 31 17 15 28 131 114 97 80 62 45 28 10 8 25 132 115 98 81 64 47 31 18 17 29 135 118 101 85 69 53 40 31 30 38 138 122 106 90 75 62 51 44 43 49 143 128 112 98 84 72 63 57 57 61 149 134 120 106 94 84 76 71 71 74 157 142 129 116 105 96 89 85 84 87 165 151 138 127 116 108 102 98 98 101 173 161 149 138 128 121 115 112 112 114
60 74 102 58 47 31 101 121 151 73 140 51 37 16 124 105 92 139 11 97 59 74 83 49 49 32 98 107 162 103 142 56 23 0 87 103 84 87 8 83 144 127 110 94 78 63 50 39 35 39 141 124 107 90 73 57 41 28 21 27 139 122 105 88 70 53 36 19 8 19 139 122 105 88 70 53 36 19 7 19 141 124 107 90 73 57 41 28 21 27 144 127 110 94 78 63 50 39 35 39 148 131 115 100 85 72 60 52 48 51 153 137 122 107 94 82 72 65 62 64 159 144 130 116 104 93 84 78 76 78 166 152 138 126 114 104 97 92 90 91
28 64 114 60 91 112 44 59 69 72 56 41 105 102 45 38 44 92 91 44 29 67 80 52 53 115 53 53 78 87 60 32 101 87 0 37 42 52 87 31 133 122 114 107 103 102 104 109 116 125 122 111 101 94 90 89 91 96 104 114 112 100 89 81 76 75 77 84 93 104 103 90 78 68 62 61 64 72 82 95 95 81 67 56 49 47 51 60 73 87 89 73 58 45 35 33 39 51 65 80 85 68 52 36 23 19 28 43 59 76 83 66 49 31 14 6 22 39 57 74 84 66 49 33 17 11 24 40 57 74 86 70 54 39 28 25 32 46 61 77
55 99 93 56 89 120 11 23 50 57 45 53 109 119 24 2 18 56 103 79 50 102 61 57 57 125 24 19 63 60 41 56 110 103 37 0 24 29 100 67 102 94 90 88 90 95 103 113 124 137 90 81 76 74 76 82 91 102 115 129 78 69 62 60 63 70 81 93 107 122 68 57 49 46 50 59 71 85 100 115 59 46 35 32 37 49 63 78 94 111 53 37 24 18 26 41 57 74 91 108 50 33 16 4 20 37 55 72 89 106 52 35 19 12 23 39 56 73 90 107 56 42 30 26 32 45 60 76 92 109 64 51 42 40 44 54 67 82 97 113
47 95 75 33 66 99 17 38 73 35 68 37 87 100 47 24 9 60 82 84 40 98 41 36 36 103 16 23 86 46 64 46 88 84 42 24 0 10 80 68 92 81 73 69 68 72 80 90 102 116 82 70 60 55 54 59 68 80 94 109 73 60 48 41 40 47 58 72 87 103 67 51 37 27 27 36 50 65 82 98 63 46 29 15 14 28 45 61 78 96 62 45 27 10 9 26 43 60 78 95 64 48 32 20 19 31 46 63 80 96 69 54 41 33 32 40 53 68 84 100 77 64 53 47 46 52 62 75 90 105 86 74 65 60 60 65 73 84 97 112
56 104 66 32 63 98 20 37 77 29 73 43 85 103 52 30 12 54 84 94 48 106 33 39 38 103 12 22 91 36 69 54 89 87 52 29 10 0 82 78 82 71 63 60 61 67 77 89 102 116 72 60 50 46 48 55 66 80 95 110 64 50 38 32 34 44 58 73 89 105 59 42 28 18 22 36 52 68 85 102 56 39 22 5 15 32 49 66 83 101 57 40 24 12 18 33 50 67 84 101 62 46 33 26 29 40 55 71 87 104 69 55 45 40 42 50 63 77 92 108 78 66 58 54 55 62 72 85 99 114 88 78 71 68 69 74 83 94 107 121
60 79 95 52 40 28 97 117 148 67 138 48 31 21 121 101 88 134 6 99 58 79 77 44 45 30 93 102 160 97 139 56 18 8 87 100 80 82 0 85 137 120 103 87 71 56 43 33 32 39 134 117 100 83 66 49 34 21 19 29 133 116 98 81 64 46 29 12 7 24 133 116 99 82 65 48 31 16 13 26 135 118 101 85 68 52 38 27 25 34 138 122 106 90 74 60 48 40 39 45 143 127 111 96 82 70 60 54 53 57 149 133 119 105 92 81 72 67 66 70 156 141 127 114 102 93 85 81 80 83 163 149 136 124 114 105 98 94 94 96
30 36 136 78 102 112 73 89 93 93 78 51 110 96 73 68 72 122 90 17 38 39 103 65 66 114 82 83 100 113 85 35 102 83 31 67 68 78 85 0 160 148 137 128 121 116 114 114 116 122 150 137 126 116 108 103 100 100 103 109 141 127 115 104 96 89 86 86 90 97 132 118 105 93 83 76 72 73 77 85 125 110 96 83 71 63 58 59 64 74 119 103 88 74 61 50 45 45 52 63 115 98 82 66 51 39 31 32 41 55 112 95 78 61 45 29 18 20 33 49 111 94 76 59 42 24 7 12 29 46 111 94 77 60 43 27 14 16 31 47
135 183 46 93 99 137 92 89 129 74 135 118 120 156 116 101 90 60 135 175 127 185 63 107 106 142 80 83 142 48 125 132 132 144 133 102 92 82 137 160 0 18 35 52 70 87 104 122 139 156 15 23 38 54 71 88 105 122 140 157 29 34 45 60 75 91 108 125 142 159 43 47 55 68 82 97 113 129 145 162 58 60 67 77 90 104 119 134 150 166 72 74 80 88 99 112 126 140 156 171 86 88 93 100 110 122 134 148 162 177 100 102 106 112 121 132 144 156 170 184 115 116 119 125 133 143 154 166 179 192 129 130 133 138 145 154 164 176 188 201
122 169 29 78 82 120 84 85 128 59 131 104 103 139 111 94 80 62 118 164 114 171 48 92 91 125 72 77 141 36 122 119 115 127 122 94 81 71 120 148 18 0 18 35 52 70 87 104 122 139 23 15 23 38 54 71 88 105 122 140 34 29 34 45 60 75 91 108 125 142 47 43 46 55 67 82 97 112 129 145 60 57 60 67 77 90 104 118 134 150 74 72 73 79 88 99 112 126 140 155 88 86 87 92 100 110 121 134 148 162 102 100 101 105 112 121 131 143 156 170 116 114 115 119 125 133 142 153 165 178 130 128 129 132 138 145 154 164 175 187
110 156 12 64 65 103 79 85 128 46 130 91 85 122 109 89 74 68 101 154 102 158 35 79 78 108 67 73 142 30 122 107 98 110 114 90 73 63 103 137 35 18 0 18 35 52 70 87 104 122 38 23 15 23 38 54 71 88 105 122 45 34 29 34 45 60 75 91 108 125 55 46 43 46 55 67 81 97 112 129 67 60 57 60 67 77 90 104 118 134 80 73 71 73 79 88 99 112 126 140 93 87 85 87 92 99 109 121 134 148 106 101 99 101 105 112 121 131 143 156 119 115 114 115 118 124 132 142 153 165 133 129 128 129 132 137 144 153 163 175
100 144 9 52 48 85 78 88 132 36 131 80 68 105 109 88 71 78 85 145 92 146 28 66 66 90 66 74 145 34 124 96 81 94 107 88 69 60 87 128 52 35 18 0 18 35 52 70 87 104 54 38 23 15 23 38 54 71 88 105 60 45 34 29 33 45 59 75 91 108 68 55 46 43 46 55 67 81 97 112 77 67 60 57 59 66 77 89 103 118 88 79 73 71 73 79 88 99 112 125 100 92 87 85 87 91 99 109 121 134 112 105 101 99 100 105 111 120 131 143 125 119 115 113 114 118 124 132 141 152 138 132 129 127 128 131 137 144 153 163
92 133 25 44 31 68 81 94 137 34 134 71 51 88 113 90 73 90 69 138 84 135 30 57 56 73 70 79 150 45 129 87 64 78 103 90 68 61 71 121 70 52 35 18 0 18 35 52 70 87 71 54 38 23 15 23 38 54 71 88 75 60 45 33 29 33 45 59 75 91 82 67 55 46 43 46 55 67 81 96 90 77 67 59 57 59 66 77 89 103 99 88 79 73 71 73 78 87 99 111 110 100 92 87 85 86 91 99 109 120 121 112 105 100 99 100 104 111 120 130 133 125 118 114 113 114 117 123 131 141 145 138 132 128 127 127 131 136 143 152
87 124 42 43 17 51 87 102 144 39 139 66 34 72 118 96 78 103 53 133 79 125 41 52 51 56 77 87 157 59 135 82 47 63 102 95 72 67 56 116 87 70 52 35 18 0 18 35 52 70 88 71 54 38 23 14 23 38 54 71 91 75 60 45 33 28 33 45 59 75 97 82 67 55 46 42 46 55 67 81 104 90 77 66 59 56 59 66 76 89 112 99 88 79 73 70 72 78 87 98 122 110 99 91 86 84 86 91 98 108 132 121 112 105 100 98 99 104 110 119 143 133 124 118 114 112 113 117 123 131 154 145 137 131 127 126 127 130 135 143
85 117 59 48 14 33 96 113 153 51 147 65 17 56 126 104 87 118 39 130 78 118 55 53 52 38 87 97 166 74 144 79 31 50 104 103 80 77 43 114 104 87 70 52 35 18 0 18 35 52 105 88 71 54 38 23 14 23 38 54 108 91 75 59 45 33 28 33 45 59 113 97 81 67 55 46 42 46 54 67 119 104 90 77 66 59 56 59 66 76 126 112 99 88 78 72 70 72 78 87 134 121 109 99 91 86 84 85 90 98 144 131 121 111 104 99 98 99 103 110 154 142 132 124 117 113 112 113 116 122 164 154 144 137 131 127 125 126 130 135
86 111 77 58 27 16 107 125 163 65 155 69 4 42 136 114 98 133 29 129 81 112 71 59 58 21 100 110 176 90 154 81 17 39 109 113 90 89 33 114 122 104 87 70 52 35 18 0 18 35 122 105 88 71 54 38 23 14 23 38 125 108 91 75 59 45 33 28 33 45 129 112 97 81 67 55 46 42 45 54 134 118 104 89 77 66 59 56 58 65 140 126 112 99 87 78 72 70 72 77 148 134 121 109 99 91 85 83 85 90 156 143 131 120 111 104 99 97 99 103 166 153 142 132 123 117 113 111 112 116 176 164 153 144 136 130 126 125 126 129
91 109 94 71 43 5 119 139 174 80 165 76 20 31 147 125 110 149 27 131 87 109 87 69 69 5 113 123 186 107 165 86 15 35 116 124 102 102 32 116 139 122 104 87 70 52 35 18 0 18 140 122 105 88 71 54 38 23 14 23 142 125 108 91 75 59 45 33 28 33 145 129 112 97 81 67 54 45 42 45 150 134 118 103 89 76 66 58 55 58 156 140 126 112 99 87 78 72 69 71 162 148 134 121 109 98 90 85 83 85 170 156 143 131 120 110 103 99 97 98 179 165 153 141 131 123 116 112 110 112 188 175 163 153 143 135 130 126 124 125
99 109 111 86 60 20 133 153 186 96 177 87 37 28 159 138 124 165 35 134 96 108 104 81 81 15 128 137 198 123 177 94 28 39 125 137 116 116 39 122 156 139 122 104 87 70 52 35 18 0 157 140 122 105 88 71 54 38 23 14 159 142 125 108 91 75 59 45 33 28 162 145 129 112 96 81 67 54 45 42 166 150 134 118 103 89 76 65 58 55 171 155 140 125 111 98 87 77 71 69 177 162 148 134 120 108 98 90 85 83 184 170 156 143 130 119 110 103 98 96 192 178 165 152 141 131 122 116 112 110 201 187 175 163 152 143 135 129 125 124
127 175 50 87 98 137 80 76 115 69 121 111 120 154 103 89 79 46 133 165 119 177 58 101 100 143 69 71 127 40 111 124 131 141 122 90 82 72 134 150 15 23 38 54 71 88 105 122 140 157 0 18 35 52 70 87 104 122 139 156 15 23 38 54 71 88 105 122 140 157 29 34 45 60 75 91 108 125 142 159 43 47 55 68 82 97 113 129 145 162 58 60 67 77 90 104 119 134 150 166 72 74 80 88 99 112 126 140 156 171 86 88 93 100 110 122 134 148 162 177 100 102 106 112 121 132 144 156 170 184 115 116 119 125 133 143 154 166 179 192
113 160 34 71 81 120 71 71 113 53 117 96 103 137 97 81 68 48 116 153 105 163 42 85 84 125 59 63 126 25 108 110 114 124 111 81 70 60 117 137 23 15 23 38 54 71 88 105 122 140 18 0 18 35 52 70 87 104 122 139 23 15 23 38 54 71 88 105 122 140 34 29 34 45 60 75 91 108 125 142 47 43 46 55 67 82 97 112 129 145 60 57 60 67 77 90 104 118 134 150 74 72 73 79 88 99 112 126 140 155 88 86 87 92 100 110 121 134 148 162 102 100 101 105 112 121 131 143 156 170 116 114 115 119 125 133 142 153 165 178
100 147 22 55 64 103 65 71 114 37 116 82 86 119 95 76 60 56 99 142 92 149 26 70 69 108 53 59 128 16 108 96 97 107 101 76 60 50 100 126 38 23 15 23 38 54 71 88 105 122 35 18 0 18 35 52 70 87 104 122 38 23 15 23 38 54 71 88 105 122 45 34 29 34 45 60 75 91 108 125 55 46 43 46 55 67 81 97 112 129 67 60 57 60 67 77 90 104 118 134 80 73 71 73 79 88 99 112 126 140 93 87 85 87 92 99 109 121 134 148 106 101 99 101 105 112 121 131 143 156 119 115 114 115 118 124 132 142 153 165
89 134 21 41 46 86 64 74 118 24 117 69 69 102 95 74 57 68 82 133 80 136 14 56 55 91 52 60 132 23 110 85 80 90 94 74 55 46 83 116 54 38 23 15 23 38 54 71 88 105 52 35 18 0 18 35 52 70 87 104 54 38 23 15 23 38 54 71 88 105 60 45 34 29 33 45 59 75 91 108 68 55 46 43 46 55 67 81 97 112 77 67 60 57 59 66 77 89 103 118 88 79 73 71 73 79 88 99 112 125 100 92 87 85 87 91 99 109 121 134 112 105 101 99 100 105 111 120 131 143 125 119 115 113 114 118 124 132 141 152
79 122 31 31 29 69 67 81 124 20 121 59 52 85 99 77 59 81 65 125 71 124 19 45 44 74 57 66 137 37 116 75 62 73 90 76 54 48 66 108 71 54 38 23 15 23 38 54 71 88 70 52 35 18 0 18 35 52 70 87 71 54 38 23 15 23 38 54 71 88 75 60 45 33 29 33 45 59 75 91 82 67 55 46 43 46 55 67 81 96 90 77 67 59 57 59 66 77 89 103 99 88 79 73 71 73 78 87 99 111 110 100 92 87 85 86 91 99 109 120 121 112 105 100 99 100 104 111 120 130 133 125 118 114 113 114 117 123 131 141
73 112 46 29 12 52 74 91 132 29 126 52 35 68 106 83 66 96 48 119 66 114 33 38 38 57 66 76 145 53 123 68 45 57 89 82 59 55 49 103 88 71 54 38 23 14 23 38 54 71 87 70 52 35 18 0 18 35 52 70 88 71 54 38 23 14 23 38 54 71 91 75 60 45 33 28 33 45 59 75 97 82 67 55 46 42 46 55 67 81 104 90 77 66 59 56 59 66 76 89 112 99 88 79 73 70 72 78 87 98 122 110 99 91 86 84 86 91 98 108 132 121 112 105 100 98 99 104 110 119 143 133 124 118 114 112 113 117 123 131
71 104 62 36 7 35 85 103 141 43 134 51 19 51 114 92 76 112 31 116 65 105 50 39 39 40 78 87 154 70 132 66 28 41 91 91 68 66 34 100 105 88 71 54 38 23 14 23 38 54 104 87 70 52 35 18 0 18 35 52 105 88 71 54 38 23 14 23 38 54 108 91 75 59 45 33 28 33 45 59 113 97 81 67 55 46 42 46 54 67 119 104 90 77 66 59 56 59 66 76 126 112 99 88 78 72 70 72 78 87 134 121 109 99 91 86 84 85 90 98 144 131 121 111 104 99 98 99 103 110 154 142 132 124 117 113 112 113 116 122
73 98 79 49 24 19 97 117 152 59 144 56 11 35 125 104 88 128 17 115 68 99 67 47 47 24 91 101 165 87 143 67 10 28 96 102 80 80 21 100 122 105 88 71 54 38 23 14 23 38 122 104 87 70 52 35 18 0 18 35 122 105 88 71 54 38 23 14 23 38 125 108 91 75 59 45 33 28 33 45 129 112 97 81 67 55 46 42 45 54 134 118 104 89 77 66 59 56 58 65 140 126 112 99 87 78 72 70 72 77 148 134 121 109 99 91 85 83 85 90 156 143 131 120 111 104 99 97 99 103 166 153 142 132 123 117 113 111 112 116
78 95 96 64 41 11 111 131 164 75 155 65 22 20 137 116 102 144 14 117 75 95 84 59 59 12 106 115 176 104 155 74 8 21 104 115 94 95 19 103 140 122 105 88 71 54 38 23 14 23 139 122 104 87 70 52 35 18 0 18 140 122 105 88 71 54 38 23 14 23 142 125 108 91 75 59 45 33 28 33 145 129 112 97 81 67 54 45 42 45 150 134 118 103 89 76 66 58 55 58 156 140 126 112 99 87 78 72 69 71 162 148 134 121 109 98 90 85 83 85 170 156 143 131 120 110 103 99 97 98 179 165 153 141 131 123 116 112 110 112
87 95 113 80 59 22 125 146 177 92 167 77 38 14 150 130 117 160 27 121 86 94 101 73 73 18 122 131 189 121 168 83 25 27 114 129 109 110 29 109 157 140 122 105 88 71 54 38 23 14 156 139 122 104 87 70 52 35 18 0 157 140 122 105 88 71 54 38 23 14 159 142 125 108 91 75 59 45 33 28 162 145 129 112 96 81 67 54 45 42 166 150 134 118 103 89 76 65 58 55 171 155 140 125 111 98 87 77 71 69 177 162 148 134 120 108 98 90 85 83 184 170 156 143 130 119 110 103 98 96 192 178 165 152 141 131 122 116 112 110
119 167 57 83 99 139 69 63 101 67 108 105 122 153 90 77 69 32 133 155 112 170 57 97 96 144 59 60 113 37 97 117 132 139 112 78 73 64 133 141 29 34 45 60 75 91 108 125 142 159 15 23 38 54 71 88 105 122 140 157 0 18 35 52 70 87 104 122 139 156 15 23 38 54 71 88 105 122 140 157 29 34 45 60 75 91 108 125 142 159 43 47 55 68 82 97 113 129 145 162 58 60 67 77 90 104 119 134 150 166 72 74 80 88 99 112 126 140 156 171 86 88 93 100 110 122 134 148 162 177 100 102 106 112 121 132 144 156 170 184
105 152 44 66 82 122 58 57 99 49 103 89 106 136 83 68 57 35 115 143 97 155 39 80 79 127 47 50 112 20 94 102 115 122 100 69 60 50 116 127 34 29 34 45 60 75 91 108 125 142 23 15 23 38 54 71 88 105 122 140 18 0 18 35 52 70 87 104 122 139 23 15 23 38 54 71 88 105 122 140 34 29 34 45 60 75 91 108 125 142 47 43 46 55 67 82 97 112 129 145 60 57 60 67 77 90 104 118 134 150 74 72 73 79 88 99 112 126 140 155 88 86 87 92 100 110 121 134 148 162 102 100 101 105 112 121 131 143 156 170
90 138 35 50 66 105 51 56 100 32 102 74 89 119 81 62 47 45 98 131 82 141 22 64 63 110 39 45 114 3 94 88 98 105 89 62 48 38 98 115 45 34 29 34 45 60 75 91 108 125 38 23 15 23 38 54 71 88 105 122 35 18 0 18 35 52 70 87 104 122 38 23 15 23 38 54 71 88 105 122 45 34 29 34 45 60 75 91 108 125 55 46 43 46 55 67 81 97 112 129 67 60 57 60 67 77 90 104 118 134 80 73 71 73 79 88 99 112 126 140 93 87 85 87 92 99 109 121 134 148 106 101 99 101 105 112 121 131 143 156
78 124 34 33 49 88 50 61 104 15 103 59 72 101 81 60 43 59 81 121 69 127 5 48 47 94 38 47 118 16 97 74 81 88 81 60 41 32 81 104 60 45 34 29 33 45 59 75 91 108 54 38 23 15 23 38 54 71 88 105 52 35 18 0 18 35 52 70 87 104 54 38 23 15 23 38 54 71 88 105 60 45 34 29 33 45 59 75 91 108 68 55 46 43 46 55 67 81 97 112 77 67 60 57 59 66 77 89 103 118 88 79 73 71 73 79 88 99 112 125 100 92 87 85 87 91 99 109 121 134 112 105 101 99 100 105 111 120 131 143
67 112 41 19 33 72 54 70 111 6 107 47 56 84 86 63 46 74 63 112 59 114 14 34 33 77 44 54 125 33 103 63 64 70 76 63 40 34 64 96 75 60 45 33 29 33 45 59 75 91 71 54 38 23 15 23 38 54 71 88 70 52 35 18 0 18 35 52 70 87 71 54 38 23 15 23 38 54 71 88 75 60 45 33 29 33 45 59 75 91 82 67 55 46 43 46 55 67 81 96 90 77 67 59 57 59 66 77 89 103 99 88 79 73 71 73 78 87 99 111 110 100 92 87 85 86 91 99 109 120 121 112 105 100 99 100 104 111 120 130
60 101 53 15 20 56 63 81 120 22 114 39 41 67 93 71 54 90 46 106 52 102 31 25 24 61 55 65 133 51 111 55 47 53 75 70 47 44 46 89 91 75 60 45 33 28 33 45 59 75 88 71 54 38 23 14 23 38 54 71 87 70 52 35 18 0 18 35 52 70 88 71 54 38 23 14 23 38 54 71 91 75 60 45 33 28 33 45 59 75 97 82 67 55 46 42 46 55 67 81 104 90 77 66 59 56 59 66 76 89 112 99 88 79 73 70 72 78 87 98 122 110 99 91 86 84 86 91 98 108 132 121 112 105 100 98 99 104 110 119
57 91 68 27 17 41 75 94 130 39 123 38 29 49 103 82 66 107 29 102 51 93 48 26 26 46 69 79 143 68 121 52 31 36 77 81 58 58 29 86 108 91 75 59 45 33 28 33 45 59 105 88 71 54 38 23 14 23 38 54 104 87 70 52 35 18 0 18 35 52 105 88 71 54 38 23 14 23 38 54 108 91 75 59 45 33 28 33 45 59 113 97 81 67 55 46 42 46 54 67 119 104 90 77 66 59 56 59 66 76 126 112 99 88 78 72 70 72 78 87 134 121 109 99 91 86 84 85 90 98 144 131 121 111 104 99 98 99 103 110
59 85 83 42 29 29 89 109 142 56 133 44 25 32 115 94 80 123 12 101 55 85 65 37 37 32 84 94 154 85 133 54 18 19 84 93 72 73 12 86 125 108 91 75 59 45 33 28 33 45 122 105 88 71 54 38 23 14 23 38 122 104 87 70 52 35 18 0 18 35 122 105 88 71 54 38 23 14 23 38 125 108 91 75 59 45 33 28 33 45 129 112 97 81 67 55 46 42 45 54 134 118 104 89 77 66 59 56 58 65 140 126 112 99 87 78 72 70 72 77 148 134 121 109 99 91 85 83 85 90 156 143 131 120 111 104 99 97 99 103
66 81 99 59 44 24 103 124 155 73 145 55 31 15 128 108 95 140 7 103 64 81 83 51 52 25 100 109 167 103 146 62 17 8 93 107 87 89 7 90 142 125 108 91 75 59 45 33 28 33 140 122 105 88 71 54 38 23 14 23 139 122 104 87 70 52 35 18 0 18 140 122 105 88 71 54 38 23 14 23 142 125 108 91 75 59 45 33 28 33 145 129 112 97 81 67 54 45 42 45 150 134 118 103 89 76 66 58 55 58 156 140 126 112 99 87 78 72 69 71 162 148 134 121 109 98 90 85 83 85 170 156 143 131 120 110 103 99 97 98
76 81 116 76 61 31 119 140 169 90 158 69 44 4 142 123 111 157 24 108 76 81 100 67 68 29 116 125 180 120 159 73 29 19 104 122 103 105 24 97 159 142 125 108 91 75 59 45 33 28 157 140 122 105 88 71 54 38 23 14 156 139 122 104 87 70 52 35 18 0 157 140 122 105 88 71 54 38 23 14 159 142 125 108 91 75 59 45 33 28 162 145 129 112 96 81 67 54 45 42 166 150 134 118 103 89 76 65 58 55 171 155 140 125 111 98 87 77 71 69 177 162 148 134 120 108 98 90 85 83 184 170 156 143 130 119 110 103 98 96
113 161 66 82 103 142 60 50 87 67 94 101 126 154 77 67 61 17 134 146 106 164 59 94 93 147 51 50 99 39 84 112 135 139 103 68 67 59 133 132 43 47 55 68 82 97 113 129 145 162 29 34 45 60 75 91 108 125 142 159 15 23 38 54 71 88 105 122 140 157 0 18 35 52 70 87 104 122 139 156 15 23 38 54 71 88 105 122 140 157 29 34 45 60 75 91 108 125 142 159 43 47 55 68 82 97 113 129 145 162 58 60 67 77 90 104 119 134 150 166 72 74 80 88 99 112 126 140 156 171 86 88 93 100 110 122 134 148 162 177
98 145 55 65 86 126 47 43 85 50 89 84 110 137 70 56 47 23 116 133 90 148 42 77 76 131 37 38 98 23 80 96 118 122 90 57 51 42 116 118 47 43 46 55 67 82 97 112 129 145 34 29 34 45 60 75 91 108 125 142 23 15 23 38 54 71 88 105 122 140 18 0 18 35 52 70 87 104 122 139 23 15 23 38 54 71 88 105 122 140 34 29 34 45 60 75 91 108 125 142 47 43 46 55 67 82 97 112 129 145 60 57 60 67 77 90 104 118 134 150 74 72 73 79 88 99 112 126 140 155 88 86 87 92 100 110 121 134 148 162
82 130 49 47 70 109 38 42 86 33 88 68 94 119 66 48 35 37 99 120 74 133 27 60 59 114 26 31 100 13 80 80 101 105 78 49 37 28 99 105 55 46 43 46 55 67 81 97 112 129 45 34 29 34 45 60 75 91 108 125 38 23 15 23 38 54 71 88 105 122 35 18 0 18 35 52 70 87 104 122 38 23 15 23 38 54 71 88 105 122 45 34 29 34 45 60 75 91 108 125 55 46 43 46 55 67 81 97 112 129 67 60 57 60 67 77 90 104 118 134 80 73 71 73 79 88 99 112 126 140 93 87 85 87 92 99 109 121 134 148
68 116 48 30 55 93 36 48 91 17 89 52 78 102 68 46 29 53 82 109 60 118 16 43 42 98 24 33 105 21 83 65 85 88 68 46 27 18 82 93 68 55 46 43 46 55 67 81 97 112 60 45 34 29 33 45 59 75 91 108 54 38 23 15 23 38 54 71 88 105 52 35 18 0 18 35 52 70 87 104 54 38 23 15 23 38 54 71 88 105 60 45 34 29 33 45 59 75 91 108 68 55 46 43 46 55 67 81 97 112 77 67 60 57 59 66 77 89 103 118 88 79 73 71 73 79 88 99 112 125 100 92 87 85 87 91 99 109 121 134
56 102 53 13 42 78 42 59 99 10 94 37 64 85 73 50 33 70 65 100 47 105 20 26 25 82 33 43 112 36 90 52 69 70 62 50 27 22 65 83 82 67 55 46 43 46 55 67 81 96 75 60 45 33 29 33 45 59 75 91 71 54 38 23 15 23 38 54 71 88 70 52 35 18 0 18 35 52 70 87 71 54 38 23 15 23 38 54 71 88 75 60 45 33 29 33 45 59 75 91 82 67 55 46 43 46 55 67 81 96 90 77 67 59 57 59 66 77 89 103 99 88 79 73 71 73 78 87 99 111 110 100 92 87 85 86 91 99 109 120
47 90 63 5 32 63 53 72 109 23 102 26 51 68 82 60 44 87 49 93 39 92 34 12 11 68 47 57 122 52 100 42 53 53 61 59 36 36 48 76 97 82 67 55 46 42 46 55 67 81 91 75 60 45 33 28 33 45 59 75 88 71 54 38 23 14 23 38 54 71 87 70 52 35 18 0 18 35 52 70 88 71 54 38 23 14 23 38 54 71 91 75 60 45 33 28 33 45 59 75 97 82 67 55 46 42 46 55 67 81 104 90 77 66 59 56 59 66 76 89 112 99 88 79 73 70 72 78 87 98 122 110 99 91 86 84 86 91 98 108
43 79 76 23 31 50 67 87 120 39 111 24 42 51 93 72 58 104 33 88 37 81 50 15 15 54 63 72 133 69 111 38 40 36 64 71 50 52 31 72 113 97 81 67 55 46 42 46 54 67 108 91 75 59 45 33 28 33 45 59 105 88 71 54 38 23 14 23 38 54 104 87 70 52 35 18 0 18 35 52 105 88 71 54 38 23 14 23 38 54 108 91 75 59 45 33 28 33 45 59 113 97 81 67 55 46 42 46 54 67 119 104 90 77 66 59 56 59 66 76 126 112 99 88 78 72 70 72 78 87 134 121 109 99 91 86 84 85 90 98
46 72 90 40 38 41 82 102 133 56 123 33 39 35 106 86 74 121 20 88 43 73 67 30 30 44 79 88 145 86 124 41 31 19 72 85 65 68 16 73 129 112 97 81 67 55 46 42 45 54 125 108 91 75 59 45 33 28 33 45 122 105 88 71 54 38 23 14 23 38 122 104 87 70 52 35 18 0 18 35 122 105 88 71 54 38 23 14 23 38 125 108 91 75 59 45 33 28 33 45 129 112 97 81 67 55 46 42 45 54 134 118 104 89 77 66 59 56 58 65 140 126 112 99 87 78 72 70 72 77 148 134 121 109 99 91 85 83 85 90
55 68 105 57 51 38 98 119 147 74 136 47 43 21 120 101 90 138 17 90 54 68 84 47 47 39 96 104 158 103 137 51 30 7 82 100 82 85 13 77 145 129 112 97 81 67 54 45 42 45 142 125 108 91 75 59 45 33 28 33 140 122 105 88 71 54 38 23 14 23 139 122 104 87 70 52 35 18 0 18 140 122 105 88 71 54 38 23 14 23 142 125 108 91 75 59 45 33 28 33 145 129 112 97 81 67 54 45 42 45 150 134 118 103 89 76 66 58 55 58 156 140 126 112 99 87 78 72 69 71 162 148 134 121 109 98 90 85 83 85
67 68 120 75 66 42 114 135 161 91 149 63 53 15 135 117 106 155 29 96 68 67 101 64 64 41 113 121 172 121 152 64 38 19 95 115 98 102 26 85 162 145 129 112 96 81 67 54 45 42 159 142 125 108 91 75 59 45 33 28 157 140 122 105 88 71 54 38 23 14 156 139 122 104 87 70 52 35 18 0 157 140 122 105 88 71 54 38 23 14 159 142 125 108 91 75 59 45 33 28 162 145 129 112 96 81 67 54 45 42 166 150 134 118 103 89 76 65 58 55 171 155 140 125 111 98 87 77 71 69 177 162 148 134 120 108 98 90 85 83
109 156 77 83 108 147 53 39 73 70 81 99 131 156 65 58 56 4 136 138 102 159 64 94 93 152 47 43 85 46 70 108 138 141 95 59 63 56 135 125 58 60 67 77 90 104 119 134 150 166 43 47 55 68 82 97 113 129 145 162 29 34 45 60 75 91 108 125 142 159 15 23 38 54 71 88 105 122 140 157 0 18 35 52 70 87 104 122 139 156 15 23 38 54 71 88 105 122 140 157 29 34 45 60 75 91 108 125 142 159 43 47 55 68 82 97 113 129 145 162 58 60 67 77 90 104 119 134 150 166 72 74 80 88 99 112 126 140 156 171
92 139 68 66 92 131 37 30 71 54 75 81 115 139 56 45 40 16 119 124 85 142 49 77 76 136 30 28 84 33 66 91 122 124 81 46 46 39 118 110 60 57 60 67 77 90 104 118 134 150 47 43 46 55 67 82 97 112 129 145 34 29 34 45 60 75 91 108 125 142 23 15 23 38 54 71 88 105 122 140 18 0 18 35 52 70 87 104 122 139 23 15 23 38 54 71 88 105 122 140 34 29 34 45 60 75 91 108 125 142 47 43 46 55 67 82 97 112 129 145 60 57 60 67 77 90 104 118 134 150 74 72 73 79 88 99 112 126 140 155
76 124 63 50 77 115 25 29 73 39 73 64 100 122 52 35 24 33 102 110 69 127 37 59 59 120 14 17 86 27 66 74 106 107 67 35 29 22 101 96 67 60 57 60 67 77 90 104 118 134 55 46 43 46 55 67 81 97 112 129 45 34 29 34 45 60 75 91 108 125 38 23 15 23 38 54 71 88 105 122 35 18 0 18 35 52 70 87 104 122 38 23 15 23 38 54 71 88 105 122 45 34 29 34 45 60 75 91 108 125 55 46 43 46 55 67 81 97 112 129 67 60 57 60 67 77 90 104 118 134 80 73 71 73 79 88 99 112 126 140
60 108 62 33 64 100 22 37 78 28 75 47 86 105 54 32 15 50 86 98 53 111 30 42 41 104 11 21 92 31 70 58 90 90 56 32 15 5 85 83 77 67 60 57 59 66 77 89 103 118 68 55 46 43 46 55 67 81 97 112 60 45 34 29 33 45 59 75 91 108 54 38 23 15 23 38 54 71 88 105 52 35 18 0 18 35 52 70 87 104 54 38 23 15 23 38 54 71 88 105 60 45 34 29 33 45 59 75 91 108 68 55 46 43 46 55 67 81 97 112 77 67 60 57 59 66 77 89 103 118 88 79 73 71 73 79 88 99 112 125
46 94 66 19 53 85 31 50 87 24 81 30 73 89 61 38 22 68 70 88 38 96 32 25 24 90 26 35 100 43 78 43 75 73 49 37 14 15 68 71 90 77 67 59 57 59 66 77 89 103 82 67 55 46 43 46 55 67 81 96 75 60 45 33 29 33 45 59 75 91 71 54 38 23 15 23 38 54 71 88 70 52 35 18 0 18 35 52 70 87 71 54 38 23 15 23 38 54 71 88 75 60 45 33 29 33 45 59 75 91 82 67 55 46 43 46 55 67 81 96 90 77 67 59 57 59 66 77 89 103 99 88 79 73 71 73 78 87 99 111
34 80 74 15 45 72 45 65 98 31 90 15 62 72 71 50 36 85 55 80 26 82 42 9 8 76 42 51 111 57 89 30 62 57 47 49 28 32 52 63 104 90 77 66 59 56 59 66 76 89 97 82 67 55 46 42 46 55 67 81 91 75 60 45 33 28 33 45 59 75 88 71 54 38 23 14 23 38 54 71 87 70 52 35 18 0 18 35 52 70 88 71 54 38 23 14 23 38 54 71 91 75 60 45 33 28 33 45 59 75 97 82 67 55 46 42 46 55 67 81 104 90 77 66 59 56 59 66 76 89 112 99 88 79 73 70 72 78 87 98
29 68 85 27 44 61 60 81 111 45 101 11 55 57 84 64 53 102 41 75 23 70 56 12 13 65 59 67 123 73 101 24 51 41 51 63 45 49 38 58 119 104 90 77 66 59 56 59 66 76 113 97 81 67 55 46 42 46 54 67 108 91 75 59 45 33 28 33 45 59 105 88 71 54 38 23 14 23 38 54 104 87 70 52 35 18 0 18 35 52 105 88 71 54 38 23 14 23 38 54 108 91 75 59 45 33 28 33 45 59 113 97 81 67 55 46 42 46 54 67 119 104 90 77 66 59 56 59 66 76 126 112 99 88 78 72 70 72 78 87
34 59 98 42 50 54 77 98 125 60 114 25 52 43 98 80 69 120 32 74 32 60 72 29 30 56 77 84 136 89 115 29 44 28 60 78 61 66 27 59 134 118 104 89 77 66 59 56 58 65 129 112 97 81 67 55 46 42 45 54 125 108 91 75 59 45 33 28 33 45 122 105 88 71 54 38 23 14 23 38 122 104 87 70 52 35 18 0 18 35 122 105 88 71 54 38 23 14 23 38 125 108 91 75 59 45 33 28 33 45 129 112 97 81 67 55 46 42 45 54 134 118 104 89 77 66 59 56 58 65 140 126 112 99 87 78 72 70 72 77
45 54 112 59 60 52 94 114 139 77 127 42 56 32 113 96 86 137 30 77 46 54 88 46 47 52 94 101 150 106 130 42 43 21 73 94 78 83 25 64 150 134 118 103 89 76 66 58 55 58 145 129 112 97 81 67 54 45 42 45 142 125 108 91 75 59 45 33 28 33 140 122 105 88 71 54 38 23 14 23 139 122 104 87 70 52 35 18 0 18 140 122 105 88 71 54 38 23 14 23 142 125 108 91 75 59 45 33 28 33 145 129 112 97 81 67 54 45 42 45 150 134 118 103 89 76 66 58 55 58 156 140 126 112 99 87 78 72 69 71
59 54 127 76 73 55 111 131 154 93 142 59 64 29 128 112 104 154 38 83 61 54 104 63 64 54 111 118 164 123 145 57 49 27 87 111 96 101 34 74 166 150 134 118 103 89 76 65 58 55 162 145 129 112 96 81 67 54 45 42 159 142 125 108 91 75 59 45 33 28 157 140 122 105 88 71 54 38 23 14 156 139 122 104 87 70 52 35 18 0 157 140 122 105 88 71 54 38 23 14 159 142 125 108 91 75 59 45 33 28 162 145 129 112 96 81 67 54 45 42 166 150 134 118 103 89 76 65 58 55 171 155 140 125 111 98 87 77 71 69
106 151 89 87 114 152 49 31 60 76 69 98 137 159 54 52 54 12 140 131 100 154 72 96 95 157 46 40 71 55 57 106 143 144 89 53 62 57 138 119 72 74 80 88 99 112 126 140 156 171 58 60 67 77 90 104 119 134 150 166 43 47 55 68 82 97 113 129 145 162 29 34 45 60 75 91 108 125 142 159 15 23 38 54 71 88 105 122 140 157 0 18 35 52 70 87 104 122 139 156 15 23 38 54 71 88 105 122 140 157 29 34 45 60 75 91 108 125 142 159 43 47 55 68 82 97 113 129 145 162 58 60 67 77 90 104 119 134 150 166
89 135 81 71 100 137 32 17 57 62 62 81 122 142 44 36 37 20 123 116 83 138 59 79 78 142 29 22 70 46 52 88 128 127 73 37 45 40 122 103 74 72 73 79 88 99 112 126 140 155 60 57 60 67 77 90 104 118 134 150 47 43 46 55 67 82 97 112 129 145 34 29 34 45 60 75 91 108 125 142 23 15 23 38 54 71 88 105 122 140 18 0 18 35 52 70 87 104 122 139 23 15 23 38 54 71 88 105 122 140 34 29 34 45 60 75 91 108 125 142 47 43 46 55 67 82 97 112 129 145 60 57 60 67 77 90 104 118 134 150
72 118 77 55 86 122 15 15 59 49 59 64 108 126 38 23 20 35 107 102 65 121 49 62 62 127 13 6 73 41 52 71 112 110 58 24 27 24 106 88 80 73 71 73 79 88 99 112 126 140 67 60 57 60 67 77 90 104 118 134 55 46 43 46 55 67 81 97 112 129 45 34 29 34 45 60 75 91 108 125 38 23 15 23 38 54 71 88 105 122 35 18 0 18 35 52 70 87 104 122 38 23 15 23 38 54 71 88 105 122 45 34 29 34 45 60 75 91 108 125 55 46 43 46 55 67 81 97 112 129 67 60 57 60 67 77 90 104 118 134
55 102 76 41 74 108 9 28 66 40 62 47 95 110 40 18 2 52 92 88 48 105 44 46 45 112 9 13 79 44 57 54 98 94 45 18 10 12 90 74 88 79 73 71 73 79 88 99 112 125 77 67 60 57 59 66 77 89 103 118 68 55 46 43 46 55 67 81 97 112 60 45 34 29 33 45 59 75 91 108 54 38 23 15 23 38 54 71 88 105 52 35 18 0 18 35 52 70 87 104 54 38 23 15 23 38 54 71 88 105 60 45 34 29 33 45 59 75 91 108 68 55 46 43 46 55 67 81 97 112 77 67 60 57 59 66 77 89 103 118
39 86 79 31 65 95 23 44 76 38 69 30 84 94 49 28 16 69 77 76 31 89 46 31 31 99 25 31 89 53 67 37 84 78 35 26 9 18 74 61 99 88 79 73 71 73 78 87 99 111 90 77 67 59 57 59 66 77 89 103 82 67 55 46 43 46 55 67 81 96 75 60 45 33 29 33 45 59 75 91 71 54 38 23 15 23 38 54 71 88 70 52 35 18 0 18 35 52 70 87 71 54 38 23 15 23 38 54 71 88 75 60 45 33 29 33 45 59 75 91 82 67 55 46 43 46 55 67 81 96 90 77 67 59 57 59 66 77 89 103
24 71 86 29 59 83 40 61 89 43 79 13 74 79 61 42 33 86 63 67 15 74 53 20 21 87 42 48 100 65 79 21 72 63 33 41 26 33 60 50 112 99 88 79 73 70 72 78 87 98 104 90 77 66 59 56 59 66 76 89 97 82 67 55 46 42 46 55 67 81 91 75 60 45 33 28 33 45 59 75 88 71 54 38 23 14 23 38 54 71 87 70 52 35 18 0 18 35 52 70 88 71 54 38 23 14 23 38 54 71 91 75 60 45 33 28 33 45 59 75 97 82 67 55 46 42 46 55 67 81 104 90 77 66 59 56 59 66 76 89
15 58 96 36 58 74 57 78 103 53 91 8 68 65 76 59 51 103 52 61 10 60 65 22 23 76 59 65 114 79 93 10 63 50 39 57 43 50 48 45 126 112 99 88 78 72 70 72 78 87 119 104 90 77 66 59 56 59 66 76 113 97 81 67 55 46 42 46 54 67 108 91 75 59 45 33 28 33 45 59 105 88 71 54 38 23 14 23 38 54 104 87 70 52 35 18 0 18 35 52 105 88 71 54 38 23 14 23 38 54 108 91 75 59 45 33 28 33 45 59 113 97 81 67 55 46 42 46 54 67 119 104 90 77 66 59 56 59 66 76
23 47 107 49 62 67 74 95 117 67 105 24 66 53 91 75 68 120 45 60 24 48 78 34 35 69 76 82 128 94 108 20 57 39 51 74 60 67 40 45 140 126 112 99 87 78 72 70 72 77 134 118 104 89 77 66 59 56 58 65 129 112 97 81 67 55 46 42 45 54 125 108 91 75 59 45 33 28 33 45 122 105 88 71 54 38 23 14 23 38 122 104 87 70 52 35 18 0 18 35 122 105 88 71 54 38 23 14 23 38 125 108 91 75 59 45 33 28 33 45 129 112 97 81 67 55 46 42 45 54 134 118 104 89 77 66 59 56 58 65
38 40 120 64 71 65 92 112 133 82 120 41 69 45 107 92 85 137 44 64 41 41 93 49 50 66 94 100 143 110 124 36 57 35 65 91 78 84 39 52 156 140 126 112 99 87 78 72 69 71 150 134 118 103 89 76 66 58 55 58 145 129 112 97 81 67 54 45 42 45 142 125 108 91 75 59 45 33 28 33 140 122 105 88 71 54 38 23 14 23 139 122 104 87 70 52 35 18 0 18 140 122 105 88 71 54 38 23 14 23 142 125 108 91 75 59 45 33 28 33 145 129 112 97 81 67 54 45 42 45 150 134 118 103 89 76 66 58 55 58
54 41 134 80 82 68 109 129 149 98 135 59 75 42 124 109 103 155 49 72 58 40 109 66 66 67 111 117 158 127 140 52 61 39 80 108 95 101 45 63 171 155 140 125 111 98 87 77 71 69 166 150 134 118 103 89 76 65 58 55 162 145 129 112 96 81 67 54 45 42 159 142 125 108 91 75 59 45 33 28 157 140 122 105 88 71 54 38 23 14 156 139 122 104 87 70 52 35 18 0 157 140 122 105 88 71 54 38 23 14 159 142 125 108 91 75 59 45 33 28 162 145 129 112 96 81 67 54 45 42 166 150 134 118 103 89 76 65 58 55
105 148 101 92 122 159 49 28 46 84 57 100 145 163 46 49 56 27 145 125 100 151 81 99 99 164 50 41 57 67 45 105 149 148 85 50 64 62 143 115 86 88 93 100 110 122 134 148 162 177 72 74 80 88 99 112 126 140 156 171 58 60 67 77 90 104 119 134 150 166 43 47 55 68 82 97 113 129 145 162 29 34 45 60 75 91 108 125 142 159 15 23 38 54 71 88 105 122 140 157 0 18 35 52 70 87 104 122 139 156 15 23 38 54 71 88 105 122 140 157 29 34 45 60 75 91 108 125 142 159 43 47 55 68 82 97 113 129 145 162
88 131 95 77 108 144 32 11 42 71 48 83 131 147 32 32 39 31 129 109 82 134 70 83 83 149 35 25 55 59 38 88 134 131 68 33 48 46 127 98 88 86 87 92 100 110 121 134 148 162 74 72 73 79 88 99 112 126 140 155 60 57 60 67 77 90 104 118 134 150 47 43 46 55 67 82 97 112 129 145 34 29 34 45 60 75 91 108 125 142 23 15 23 38 54 71 88 105 122 140 18 0 18 35 52 70 87 104 122 139 23 15 23 38 54 71 88 105 122 140 34 29 34 45 60 75 91 108 125 142 47 43 46 55 67 82 97 112 129 145
70 114 91 64 96 130 15 8 45 61 45 67 117 131 24 15 24 42 114 94 65 117 62 68 67 134 23 13 59 56 38 71 120 115 52 16 32 33 111 82 93 87 85 87 92 99 109 121 134 148 80 73 71 73 79 88 99 112 126 140 67 60 57 60 67 77 90 104 118 134 55 46 43 46 55 67 81 97 112 129 45 34 29 34 45 60 75 91 108 125 38 23 15 23 38 54 71 88 105 122 35 18 0 18 35 52 70 87 104 122 38 23 15 23 38 54 71 88 105 122 45 34 29 34 45 60 75 91 108 125 55 46 43 46 55 67 81 97 112 129
53 97 90 52 86 117 9 25 54 54 48 50 105 116 28 5 14 57 99 79 48 101 58 53 53 121 21 18 67 58 45 53 106 100 36 4 20 26 96 66 100 92 87 85 87 91 99 109 121 134 88 79 73 71 73 79 88 99 112 125 77 67 60 57 59 66 77 89 103 118 68 55 46 43 46 55 67 81 97 112 60 45 34 29 33 45 59 75 91 108 54 38 23 15 23 38 54 71 88 105 52 35 18 0 18 35 52 70 87 104 54 38 23 15 23 38 54 71 88 105 60 45 34 29 33 45 59 75 91 108 68 55 46 43 46 55 67 81 97 112
36 81 93 44 78 105 23 42 66 52 57 35 95 101 39 22 21 72 86 66 31 84 59 41 41 108 31 33 78 64 57 36 94 85 23 20 19 29 82 51 110 100 92 87 85 86 91 99 109 120 99 88 79 73 71 73 78 87 99 111 90 77 67 59 57 59 66 77 89 103 82 67 55 46 43 46 55 67 81 96 75 60 45 33 29 33 45 59 75 91 71 54 38 23 15 23 38 54 71 88 70 52 35 18 0 18 35 52 70 87 71 54 38 23 15 23 38 54 71 88 75 60 45 33 29 33 45 59 75 91 82 67 55 46 43 46 55 67 81 96
18 65 99 43 73 94 40 59 81 56 69 23 87 87 54 39 36 89 74 55 14 68 65 34 34 98 46 49 91 75 71 19 84 72 19 37 31 40 70 39 122 110 99 91 86 84 86 91 98 108 112 99 88 79 73 70 72 78 87 98 104 90 77 66 59 56 59 66 76 89 97 82 67 55 46 42 46 55 67 81 91 75 60 45 33 28 33 45 59 75 88 71 54 38 23 14 23 38 54 71 87 70 52 35 18 0 18 35 52 70 88 71 54 38 23 14 23 38 54 71 91 75 60 45 33 28 33 45 59 75 97 82 67 55 46 42 46 55 67 81
1 49 107 48 72 86 57 77 96 64 83 20 82 75 70 56 53 105 64 48 8 52 75 35 35 89 62 66 106 87 87 5 76 60 28 55 46 55 60 31 134 121 109 99 91 86 84 85 90 98 126 112 99 88 78 72 70 72 78 87 119 104 90 77 66 59 56 59 66 76 113 97 81 67 55 46 42 46 54 67 108 91 75 59 45 33 28 33 45 59 105 88 71 54 38 23 14 23 38 54 104 87 70 52 35 18 0 18 35 52 105 88 71 54 38 23 14 23 38 54 108 91 75 59 45 33 28 33 45 59 113 97 81 67 55 46 42 46 54 67
17 36 117 58 75 81 74 94 111 76 98 31 80 64 86 73 69 122 58 46 23 38 87 43 44 83 78 83 121 101 102 18 71 52 43 72 63 71 54 32 148 134 121 109 99 91 85 83 85 90 140 126 112 99 87 78 72 70 72 77 134 118 104 89 77 66 59 56 58 65 129 112 97 81 67 55 46 42 45 54 125 108 91 75 59 45 33 28 33 45 122 105 88 71 54 38 23 14 23 38 122 104 87 70 52 35 18 0 18 35 122 105 88 71 54 38 23 14 23 38 125 108 91 75 59 45 33 28 33 45 129 112 97 81 67 55 46 42 45 54
35 27 129 71 82 79 92 111 128 89 114 45 82 58 103 91 86 139 58 51 40 28 100 56 57 80 95 100 137 116 119 35 71 48 59 89 80 87 53 41 162 148 134 121 109 98 90 85 83 85 156 140 126 112 99 87 78 72 69 71 150 134 118 103 89 76 66 58 55 58 145 129 112 97 81 67 54 45 42 45 142 125 108 91 75 59 45 33 28 33 140 122 105 88 71 54 38 23 14 23 139 122 104 87 70 52 35 18 0 18 140 122 105 88 71 54 38 23 14 23 142 125 108 91 75 59 45 33 28 33 145 129 112 97 81 67 54 45 42 45
52 28 142 85 92 81 109 129 144 104 130 61 87 56 120 108 103 156 62 61 58 27 115 71 72 81 112 118 152 132 135 52 74 51 76 106 96 104 57 55 177 162 148 134 120 108 98 90 85 83 171 155 140 125 111 98 87 77 71 69 166 150 134 118 103 89 76 65 58 55 162 145 129 112 96 81 67 54 45 42 159 142 125 108 91 75 59 45 33 28 157 140 122 105 88 71 54 38 23 14 156 139 122 104 87 70 52 35 18 0 157 140 122 105 88 71 54 38 23 14 159 142 125 108 91 75 59 45 33 28 162 145 129 112 96 81 67 54 45 42
106 146 114 100 131 166 53 32 34 94 46 104 153 169 40 50 61 41 151 121 101 150 92 105 105 171 57 48 43 79 34 107 157 153 83 52 69 69 149 112 100 102 106 112 121 132 144 156 170 184 86 88 93 100 110 122 134 148 162 177 72 74 80 88 99 112 126 140 156 171 58 60 67 77 90 104 119 134 150 166 43 47 55 68 82 97 113 129 145 162 29 34 45 60 75 91 108 125 142 159 15 23 38 54 71 88 105 122 140 157 0 18 35 52 70 87 104 122 139 156 15 23 38 54 71 88 105 122 140 157 29 34 45 60 75 91 108 125 142 159
89 129 108 86 118 152 38 19 28 82 35 88 140 153 24 33 46 43 136 104 84 132 82 90 89 157 45 35 41 72 24 90 142 137 66 35 54 55 133 95 102 100 101 105 112 121 131 143 156 170 88 86 87 92 100 110 121 134 148 162 74 72 73 79 88 99 112 126 140 155 60 57 60 67 77 90 104 118 134 150 47 43 46 55 67 82 97 112 129 145 34 29 34 45 60 75 91 108 125 142 23 15 23 38 54 71 88 105 122 140 18 0 18 35 52 70 87 104 122 139 23 15 23 38 54 71 88 105 122 140 34 29 34 45 60 75 91 108 125 142
71 112 105 74 107 139 25 17 33 73 31 72 127 138 11 18 34 52 121 88 68 115 75 75 75 143 36 27 46 70 24 73 129 122 49 19 41 45 119 78 106 101 99 101 105 112 121 131 143 156 93 87 85 87 92 99 109 121 134 148 80 73 71 73 79 88 99 112 126 140 67 60 57 60 67 77 90 104 118 134 55 46 43 46 55 67 81 97 112 129 45 34 29 34 45 60 75 91 108 125 38 23 15 23 38 54 71 88 105 122 35 18 0 18 35 52 70 87 104 122 38 23 15 23 38 54 71 88 105 122 45 34 29 34 45 60 75 91 108 125
55 95 104 64 98 127 22 29 44 67 36 57 116 123 17 12 28 64 108 72 51 98 72 63 63 131 35 30 56 71 35 56 116 107 31 12 33 40 105 61 112 105 101 99 100 105 111 120 131 143 100 92 87 85 87 91 99 109 121 134 88 79 73 71 73 79 88 99 112 125 77 67 60 57 59 66 77 89 103 118 68 55 46 43 46 55 67 81 97 112 60 45 34 29 33 45 59 75 91 108 54 38 23 15 23 38 54 71 88 105 52 35 18 0 18 35 52 70 87 104 54 38 23 15 23 38 54 71 88 105 60 45 34 29 33 45 59 75 91 108
38 78 107 58 91 116 31 45 59 66 47 44 107 109 33 24 32 79 95 57 36 81 73 53 53 119 42 40 69 77 49 40 105 94 14 23 32 42 92 45 121 112 105 100 99 100 104 111 120 130 110 100 92 87 85 86 91 99 109 120 99 88 79 73 71 73 78 87 99 111 90 77 67 59 57 59 66 77 89 103 82 67 55 46 43 46 55 67 81 96 75 60 45 33 29 33 45 59 75 91 71 54 38 23 15 23 38 54 71 88 70 52 35 18 0 18 35 52 70 87 71 54 38 23 15 23 38 54 71 88 75 60 45 33 29 33 45 59 75 91
23 61 112 56 87 106 45 61 74 69 61 35 100 97 49 40 44 94 85 44 24 64 78 47 48 109 53 54 84 86 65 26 96 82 6 39 40 50 81 29 132 121 112 105 100 98 99 104 110 119 122 110 99 91 86 84 86 91 98 108 112 99 88 79 73 70 72 78 87 98 104 90 77 66 59 56 59 66 76 89 97 82 67 55 46 42 46 55 67 81 91 75 60 45 33 28 33 45 59 75 88 71 54 38 23 14 23 38 54 71 87 70 52 35 18 0 18 35 52 70 88 71 54 38 23 14 23 38 54 71 91 75 60 45 33 28 33 45 59 75
14 44 119 60 86 99 61 78 90 76 77 34 95 85 67 57 58 110 77 34 21 47 86 48 49 101 68 70 99 97 82 19 89 72 22 56 53 63 72 18 144 131 121 111 104 99 98 99 103 110 134 121 109 99 91 86 84 85 90 98 126 112 99 88 78 72 70 72 78 87 119 104 90 77 66 59 56 59 66 76 113 97 81 67 55 46 42 46 54 67 108 91 75 59 45 33 28 33 45 59 105 88 71 54 38 23 14 23 38 54 104 87 70 52 35 18 0 18 35 52 105 88 71 54 38 23 14 23 38 54 108 91 75 59 45 33 28 33 45 59
22 27 128 69 89 94 77 95 107 86 93 41 94 77 84 74 73 126 72 33 30 30 96 54 55 96 83 86 115 109 98 25 85 65 39 73 68 77 67 20 156 143 131 120 111 104 99 97 99 103 148 134 121 109 99 91 85 83 85 90 140 126 112 99 87 78 72 70 72 77 134 118 104 89 77 66 59 56 58 65 129 112 97 81 67 55 46 42 45 54 125 108 91 75 59 45 33 28 33 45 122 105 88 71 54 38 23 14 23 38 122 104 87 70 52 35 18 0 18 35 122 105 88 71 54 38 23 14 23 38 125 108 91 75 59 45 33 28 33 45
37 14 139 80 95 93 94 112 124 98 109 53 95 71 101 91 90 142 71 39 44 16 109 65 66 94 99 103 132 123 115 39 84 62 57 90 84 92 66 33 170 156 143 131 120 110 103 99 97 98 162 148 134 121 109 98 90 85 83 85 156 140 126 112 99 87 78 72 69 71 150 134 118 103 89 76 66 58 55 58 145 129 112 97 81 67 54 45 42 45 142 125 108 91 75 59 45 33 28 33 140 122 105 88 71 54 38 23 14 23 139 122 104 87 70 52 35 18 0 18 140 122 105 88 71 54 38 23 14 23 142 125 108 91 75 59 45 33 28 33
53 16 151 93 103 95 111 129 141 111 126 67 100 69 118 108 106 159 75 51 60 14 122 78 79 94 116 120 148 138 132 55 87 64 74 107 100 108 70 49 184 170 156 143 130 119 110 103 98 96 177 162 148 134 120 108 98 90 85 83 171 155 140 125 111 98 87 77 71 69 166 150 134 118 103 89 76 65 58 55 162 145 129 112 96 81 67 54 45 42 159 142 125 108 91 75 59 45 33 28 157 140 122 105 88 71 54 38 23 14 156 139 122 104 87 70 52 35 18 0 157 140 122 105 88 71 54 38 23 14 159 142 125 108 91 75 59 45 33 28
108 146 127 108 141 175 60 41 23 104 38 109 162 175 39 55 69 55 158 118 105 149 103 112 112 179 67 57 30 92 27 110 165 159 84 56 77 78 156 111 115 116 119 125 133 143 154 166 179 192 100 102 106 112 121 132 144 156 170 184 86 88 93 100 110 122 134 148 162 177 72 74 80 88 99 112 126 140 156 171 58 60 67 77 90 104 119 134 150 166 43 47 55 68 82 97 113 129 145 162 29 34 45 60 75 91 108 125 142 159 15 23 38 54 71 88 105 122 140 157 0 18 35 52 70 87 104 122 139 156 15 23 38 54 71 88 105 122 140 157
92 129 122 96 129 161 47 32 14 94 24 94 150 160 22 40 56 57 144 101 89 132 95 98 98 166 56 46 27 86 12 94 151 144 66 42 64 66 141 94 116 114 115 119 125 133 142 153 165 178 102 100 101 105 112 121 131 143 156 170 88 86 87 92 100 110 121 134 148 162 74 72 73 79 88 99 112 126 140 155 60 57 60 67 77 90 104 118 134 150 47 43 46 55 67 82 97 112 129 145 34 29 34 45 60 75 91 108 125 142 23 15 23 38 54 71 88 105 122 140 18 0 18 35 52 70 87 104 122 139 23 15 23 38 54 71 88 105 122 140
75 111 119 85 119 149 38 31 22 86 17 79 138 145 7 29 47 64 130 84 73 115 89 85 85 153 50 41 34 84 12 78 138 130 49 30 53 58 127 76 119 115 114 115 118 124 132 142 153 165 106 101 99 101 105 112 121 131 143 156 93 87 85 87 92 99 109 121 134 148 80 73 71 73 79 88 99 112 126 140 67 60 57 60 67 77 90 104 118 134 55 46 43 46 55 67 81 97 112 129 45 34 29 34 45 60 75 91 108 125 38 23 15 23 38 54 71 88 105 122 35 18 0 18 35 52 70 87 104 122 38 23 15 23 38 54 71 88 105 122
60 94 118 76 110 137 36 39 37 81 25 66 128 132 15 26 43 74 118 67 58 97 86 74 74 141 49 43 47 85 28 62 127 116 33 26 47 54 114 59 125 119 115 113 114 118 124 132 141 152 112 105 101 99 100 105 111 120 131 143 100 92 87 85 87 91 99 109 121 134 88 79 73 71 73 79 88 99 112 125 77 67 60 57 59 66 77 89 103 118 68 55 46 43 46 55 67 81 97 112 60 45 34 29 33 45 59 75 91 108 54 38 23 15 23 38 54 71 88 105 52 35 18 0 18 35 52 70 87 104 54 38 23 15 23 38 54 71 88 105
45 77 120 71 104 127 42 51 53 80 39 56 119 119 32 33 45 87 106 51 45 80 87 66 66 130 54 51 62 90 45 48 116 104 17 32 46 55 102 42 133 125 118 114 113 114 117 123 131 141 121 112 105 100 99 100 104 111 120 130 110 100 92 87 85 86 91 99 109 120 99 88 79 73 71 73 78 87 99 111 90 77 67 59 57 59 66 77 89 103 82 67 55 46 43 46 55 67 81 96 75 60 45 33 29 33 45 59 75 91 71 54 38 23 15 23 38 54 71 88 70 52 35 18 0 18 35 52 70 87 71 54 38 23 15 23 38 54 71 88
33 59 125 70 100 119 53 66 70 82 55 49 113 107 49 46 54 101 97 35 36 63 91 61 62 121 63 62 78 97 62 37 108 93 11 45 52 62 93 24 143 133 124 118 114 112 113 117 123 131 132 121 112 105 100 98 99 104 110 119 122 110 99 91 86 84 86 91 98 108 112 99 88 79 73 70 72 78 87 98 104 90 77 66 59 56 59 66 76 89 97 82 67 55 46 42 46 55 67 81 91 75 60 45 33 28 33 45 59 75 88 71 54 38 23 14 23 38 54 71 87 70 52 35 18 0 18 35 52 70 88 71 54 38 23 14 23 38 54 71
27 42 131 73 100 112 67 82 87 88 72 48 109 97 66 61 66 116 90 22 34 45 98 62 62 114 76 76 94 107 79 33 102 84 24 60 62 72 85 7 154 142 132 124 117 113 112 113 116 122 144 131 121 111 104 99 98 99 103 110 134 121 109 99 91 86 84 85 90 98 126 112 99 88 78 72 70 72 78 87 119 104 90 77 66 59 56 59 66 76 113 97 81 67 55 46 42 46 54 67 108 91 75 59 45 33 28 33 45 59 105 88 71 54 38 23 14 23 38 54 104 87 70 52 35 18 0 18 35 52 105 88 71 54 38 23 14 23 38 54
32 25 140 80 102 108 82 98 104 97 89 53 108 89 83 77 80 131 86 19 40 28 107 67 68 110 90 92 111 119 96 36 98 78 40 76 75 85 81 12 166 153 142 132 123 117 113 111 112 116 156 143 131 120 111 104 99 97 99 103 148 134 121 109 99 91 85 83 85 90 140 126 112 99 87 78 72 70 72 77 134 118 104 89 77 66 59 56 58 65 129 112 97 81 67 55 46 42 45 54 125 108 91 75 59 45 33 28 33 45 122 105 88 71 54 38 23 14 23 38 122 104 87 70 52 35 18 0 18 35 122 105 88 71 54 38 23 14 23 38
44 8 150 90 107 107 98 115 122 107 106 62 109 85 101 94 95 147 85 29 52 11 118 75 76 107 105 107 128 132 114 47 98 76 57 92 90 99 80 29 179 165 153 141 131 123 116 112 110 112 170 156 143 131 120 110 103 99 97 98 162 148 134 121 109 98 90 85 83 85 156 140 126 112 99 87 78 72 69 71 150 134 118 103 89 76 66 58 55 58 145 129 112 97 81 67 54 45 42 45 142 125 108 91 75 59 45 33 28 33 140 122 105 88 71 54 38 23 14 23 139 122 104 87 70 52 35 18 0 18 140 122 105 88 71 54 38 23 14 23
58 11 161 102 115 108 114 132 139 120 123 75 113 83 118 111 111 163 88 44 66 8 131 87 88 108 120 124 145 145 131 61 101 78 74 109 105 114 83 46 192 178 165 152 141 131 122 116 112 110 184 170 156 143 130 119 110 103 98 96 177 162 148 134 120 108 98 90 85 83 171 155 140 125 111 98 87 77 71 69 166 150 134 118 103 89 76 65 58 55 162 145 129 112 96 81 67 54 45 42 159 142 125 108 91 75 59 45 33 28 157 140 122 105 88 71 54 38 23 14 156 139 122 104 87 70 52 35 18 0 157 140 122 105 88 71 54 38 23 14
113 147 141 118 151 184 69 52 19 115 35 116 172 182 43 63 78 69 166 117 110 150 115 120 120 188 78 68 19 105 27 115 173 166 86 64 86 88 163 111 129 130 133 138 145 154 164 176 188 201 115 116 119 125 133 143 154 166 179 192 100 102 106 112 121 132 144 156 170 184 86 88 93 100 110 122 134 148 162 177 72 74 80 88 99 112 126 140 156 171 58 60 67 77 90 104 119 134 150 166 43 47 55 68 82 97 113 129 145 162 29 34 45 60 75 91 108 125 142 159 15 23 38 54 71 88 105 122 140 157 0 18 35 52 70 87 104 122 139 156
97 130 136 107 140 171 59 45 2 106 17 102 160 168 29 51 68 71 153 99 95 133 108 107 107 175 69 59 13 100 11 99 161 152 70 51 74 78 149 94 130 128 129 132 138 145 154 164 175 187 116 114 115 119 125 133 142 153 165 178 102 100 101 105 112 121 131 143 156 170 88 86 87 92 100 110 121 134 148 162 74 72 73 79 88 99 112 126 140 155 60 57 60 67 77 90 104 118 134 150 47 43 46 55 67 82 97 112 129 145 34 29 34 45 60 75 91 108 125 142 23 15 23 38 54 71 88 105 122 140 18 0 18 35 52 70 87 104 122 139
81 112 133 97 131 159 52 45 17 99 3 89 149 154 20 42 60 76 140 82 81 116 103 95 96 163 63 55 25 98 11 84 149 138 54 42 65 71 136 77 133 129 128 129 132 137 144 153 163 175 119 115 114 115 118 124 132 142 153 165 106 101 99 101 105 112 121 131 143 156 93 87 85 87 92 99 109 121 134 148 80 73 71 73 79 88 99 112 126 140 67 60 57 60 67 77 90 104 118 134 55 46 43 46 55 67 81 97 112 129 45 34 29 34 45 60 75 91 108 125 38 23 15 23 38 54 71 88 105 122 35 18 0 18 35 52 70 87 104 122
67 95 132 90 123 148 50 50 34 95 19 77 140 141 24 40 57 85 128 65 67 99 100 86 86 152 63 56 41 99 27 71 138 126 39 40 60 68 124 60 138 132 129 127 128 131 137 144 153 163 125 119 115 113 114 118 124 132 141 152 112 105 101 99 100 105 111 120 131 143 100 92 87 85 87 91 99 109 121 134 88 79 73 71 73 79 88 99 112 125 77 67 60 57 59 66 77 89 103 118 68 55 46 43 46 55 67 81 97 112 60 45 34 29 33 45 59 75 91 108 54 38 23 15 23 38 54 71 88 105 52 35 18 0 18 35 52 70 87 104
54 78 134 85 117 139 54 61 52 94 36 68 132 129 37 45 59 96 118 47 56 82 101 79 79 142 67 62 57 103 45 59 128 114 28 44 60 69 114 43 145 138 132 128 127 127 131 136 143 152 133 125 118 114 113 114 117 123 131 141 121 112 105 100 99 100 104 111 120 130 110 100 92 87 85 86 91 99 109 120 99 88 79 73 71 73 78 87 99 111 90 77 67 59 57 59 66 77 89 103 82 67 55 46 43 46 55 67 81 96 75 60 45 33 29 33 45 59 75 91 71 54 38 23 15 23 38 54 71 88 70 52 35 18 0 18 35 52 70 87
45 62 138 84 114 131 63 74 69 96 53 62 126 118 52 55 65 109 109 30 49 65 104 75 76 134 74 72 74 110 62 50 121 104 25 54 65 74 105 27 154 145 137 131 127 126 127 130 135 143 143 133 124 118 114 112 113 117 123 131 132 121 112 105 100 98 99 104 110 119 122 110 99 91 86 84 86 91 98 108 112 99 88 79 73 70 72 78 87 98 104 90 77 66 59 56 59 66 76 89 97 82 67 55 46 42 46 55 67 81 91 75 60 45 33 28 33 45 59 75 88 71 54 38 23 14 23 38 54 71 87 70 52 35 18 0 18 35 52 70
41 45 144 87 114 125 75 88 86 101 70 62 123 109 69 68 75 123 103 13 48 48 110 75 76 127 85 85 92 118 79 46 115 97 32 67 73 83 98 14 164 154 144 137 131 127 125 126 130 135 154 142 132 124 117 113 112 113 116 122 144 131 121 111 104 99 98 99 103 110 134 121 109 99 91 86 84 85 90 98 126 112 99 88 78 72 70 72 78 87 119 104 90 77 66 59 56 59 66 76 113 97 81 67 55 46 42 46 54 67 108 91 75 59 45 33 28 33 45 59 105 88 71 54 38 23 14 23 38 54 104 87 70 52 35 18 0 18 35 52
45 29 151 93 116 122 89 103 103 108 88 65 121 102 85 83 88 137 99 7 53 32 119 79 80 123 98 99 109 129 96 49 112 92 46 82 84 94 94 16 176 164 153 144 136 130 126 125 126 129 166 153 142 132 123 117 113 111 112 116 156 143 131 120 111 104 99 97 99 103 148 134 121 109 99 91 85 83 85 90 140 126 112 99 87 78 72 70 72 77 134 118 104 89 77 66 59 56 58 65 129 112 97 81 67 55 46 42 45 54 125 108 91 75 59 45 33 28 33 45 122 105 88 71 54 38 23 14 23 38 122 104 87 70 52 35 18 0 18 35
54 18 161 101 120 120 104 119 121 118 105 73 123 98 102 99 102 153 99 23 62 19 129 87 88 121 112 113 126 141 113 57 112 90 61 97 97 107 94 31 188 175 163 153 143 135 130 126 124 125 179 165 153 141 131 123 116 112 110 112 170 156 143 131 120 110 103 99 97 98 162 148 134 121 109 98 90 85 83 85 156 140 126 112 99 87 78 72 69 71 150 134 118 103 89 76 66 58 55 58 145 129 112 97 81 67 54 45 42 45 142 125 108 91 75 59 45 33 28 33 140 122 105 88 71 54 38 23 14 23 139 122 104 87 70 52 35 18 0 18
66 19 171 112 127 122 119 136 138 129 122 84 126 97 119 115 117 168 101 40 74 18 140 97 98 122 126 129 143 154 131 69 114 91 77 113 112 121 96 47 201 187 175 163 152 143 135 129 125 124 192 178 165 152 141 131 122 116 112 110 184 170 156 143 130 119 110 103 98 96 177 162 148 134 120 108 98 90 85 83 171 155 140 125 111 98 87 77 71 69 166 150 134 118 103 89 76 65 58 55 162 145 129 112 96 81 67 54 45 42 159 142 125 108 91 75 59 45 33 28 157 140 122 105 88 71 54 38 23 14 156 139 122 104 87 70 52 35 18 0
