0.0 86.28727181117289 29.50923306801083 62.18369774366096 58.094720260040845 62.216164563290086 78.17969682288805 45.835266004680996 9.431057355906871 55.93345298223481 49.65500101224713 69.2340213706451 35.81320880750082 82.90696063535164 63.085710864843726 72.62173431237863 63.40224838010422 52.87109017436967 61.855496515112826 72.23187324484418 46.2116616612878 33.85825406329155 56.03704602219358 76.60795941644835 58.48380101901492 42.007559880348765 33.45139810109739 78.68675528662109 69.77171859956897 80.17594190572312 77.11871289419372 56.21254175032054 77.19972204513259 10.639321669395617 35.1744714157358 63.50040283137005 59.5242559879144 79.43080099221278 43.97020824497518 64.32863722606356 45.78114483338803 20.205652745883143 60.90889587763123 79.26487142183593 75.70652093173125 58.161513103681074 114.25795162786353 52.72466353639455
86.28727181117289 0.0 57.371084301224805 24.298232048630346 28.840702248817667 36.47985358972845 31.513318257580273 43.81326056513773 76.8656544582043 44.162008009734734 46.190973674963516 64.85251723875733 51.38789588884266 59.566149627154545 40.86998089854737 28.272170727448007 23.14979526378494 35.85350697069336 66.51441594038764 46.599989526997554 51.22721927688933 52.79207951605234 32.506005919173205 16.440821310973032 38.13988796227224 49.063430086202914 68.49262616827545 41.99671678111759 29.077881480635188 18.855479389774473 11.749601200770908 78.94945288573572 33.70400056848063 75.94839595613864 56.57756796056026 31.96225579248347 35.78483537118521 39.839091701227254 51.72771528088353 26.946280325313424 41.30035976743507 70.76103218440383 27.8235048089833 35.09605652483287 24.141972576759652 50.002682420625504 28.185923095406785 33.788810122076455
29.50923306801083 57.371084301224805 0.0 33.08472343694879 30.380700656161096 39.89242386415137 54.9207454368994 22.68623208825287 20.179273742672375 36.47389558999484 22.628010041460314 58.69469919661738 6.313286097184151 68.06799603350586 42.74978692267133 48.34744918816477 35.08969583607091 23.39077717581654 43.94528852116042 54.05701512193986 29.589022958501207 4.614649699337865 29.78398602085352 49.57509704798289 30.212229657141602 14.16428223774482 21.092559209568826 58.498460199425054 45.53048859128918 50.72892045422263 47.737056030950924 45.541116712752604 54.58003006266324 20.05935752114789 10.64751665636515 39.45912606342225 36.39562478539096 58.523990973059455 27.201510177744996 34.87900071976323 16.322382252825253 20.746446730703298 31.40060689439706 51.26037164244247 46.46825734568926 41.88960714134361 85.07465768016141 23.584117767395554
62.18369774366096 24.298232048630346 33.08472343694879 0.0 8.697697482607387 25.825112934569823 32.87177027465596 23.228262570103794 52.75264096872796 30.281431583063434 24.976263414177136 56.06483426640146 27.0937839286348 57.17870834857485 31.124937491805323 25.977028777797667 5.724759973164836 12.700929571145318 50.15342427845742 41.63477205289906 33.33156501995768 28.520065781111473 13.985959447954546 20.214286336833744 20.019457125389394 25.642685269748018 45.47231996682273 41.33092022857009 24.25681910113319 21.737172840982566 15.303378660900016 60.141896807621215 33.89898807454803 51.99086551239361 32.83834611890394 21.665637517118505 22.831211380304126 40.071096117722604 32.88090167993161 10.834233594747019 17.038088932212503 47.81455901036224 7.222717692244555 31.366190039908712 20.621315542597255 37.71439208001738 52.07749230750436 9.5031269351248
58.094720260040845 28.840702248817667 30.380700656161096 8.697697482607387 0.0 17.880788928585975 27.839275599661576 15.45154936923568 48.755872887153565 21.641246237524737 28.833314650609083 47.63449513587418 25.218587441797837 49.79533204812928 23.06683199145324 20.72428319987794 5.803803500061493 16.25145464392757 55.506650652878186 34.14838488155505 24.874944672880886 25.80832100347821 5.288765490264235 19.225569204581124 26.32581904666874 26.851762514562257 46.29402093162393 34.949469876616426 18.398055398398462 30.09615476080291 22.3683655408591 64.04833224104486 28.36835632203779 47.577815241416346 32.951219303161444 14.280744031547925 14.564098050039407 34.02548330105196 24.628761056285693 19.071664410181363 16.529666289826153 41.92189391883052 14.714041786874699 39.95821891023107 29.31317971757418 29.11739232038323 57.019644834634406 9.594132052751398
62.216164563290086 36.47985358972845 39.89242386415137 25.825112934569823 17.880788928585975 0.0 15.965292212786286 17.364080377630437 53.73615824441181 8.209261145412578 45.54490251475288 30.557814207577678 36.80445343441219 32.03275333899245 5.316921230995637 11.218354839986219 20.61202073291127 33.52472046131493 72.63118445067782 16.40707586086887 17.552626999190846 36.07474830633886 13.572177612653851 20.540702340202557 44.11876512332981 41.68216125257131 59.387482082855165 18.823489847069865 8.73852476926669 44.898098096484205 35.31518128943023 79.95920184055984 15.07560394396365 51.726804641769306 46.0772543542648 4.725669746151639 3.768051407872989 18.65433632053991 19.153863575237537 36.62609975810629 31.30945450583037 42.855301400266555 32.498921180444185 56.99135445894682 45.58602541750358 13.580258464798286 62.404202538734665 26.436544921224787
78.17969682288805 31.513318257580273 54.9207454368994 32.87177027465596 27.839275599661576 15.965292212786286 0.0 32.94343099814746 69.6537619396943 23.080045078419506 56.59398047690027 34.753352311658645 51.09926519299605 28.08226955665263 16.286881831585237 7.115857012052635 27.196137041633165 43.908554819625216 82.84881299242177 15.970403355505653 33.023783390080794 50.80085896174648 25.841276405921224 16.243484579544017 52.87007511426141 54.43882580025505 73.32169574487322 10.493437669375842 9.618127284597096 45.91326160766136 35.64879220217483 91.87713941549448 2.3433790440841533 67.67802977851649 59.873020027575855 15.462469824127744 18.85323295100707 8.416417838554025 34.865393982838825 43.04684848008286 43.93543315851151 58.7676991885533 40.08585987115537 60.72295636437506 48.62654138654486 24.869321502056277 52.608567762715815 37.43285509567027
45.835266004680996 43.81326056513773 22.68623208825287 23.228262570103794 15.45154936923568 17.364080377630437 32.94343099814746 0.0 36.968201869965604 14.200919129048426 33.01304402081615 39.16616294257905 20.401463290761505 46.16440724800353 20.086693472562295 26.914965691958038 21.21848789637831 23.572332728882195 59.779559018350085 31.568820232202725 11.136806631538644 19.186709556957076 11.325783807714936 31.39220284858744 34.8529419979443 27.09489603992637 42.88526035489005 35.81864712410964 24.04992170054702 44.95598771958442 37.79099407866916 65.12536169978064 32.329800553095005 35.210102479792646 29.96413716076607 17.76890232366099 14.098399394991615 35.90131596666959 10.00442800370756 31.688098237979997 18.055692734944056 27.703148133145238 26.94481190047998 52.60312067671145 43.262713083242424 20.712212859274963 71.83418534607934 17.392046465602657
9.431057355906871 76.8656544582043 20.179273742672375 52.75264096872796 48.755872887153565 53.73615824441181 69.6537619396943 36.968201869965604 0.0 47.914380949678126 41.09325411707971 63.60749291071873 26.492532096877863 76.35306063089912 55.00740042499783 63.86735066152149 54.015454648309124 43.56949425425763 55.942173140782366 64.74405965164027 38.50676490145953 24.461213448937468 46.86286030007342 67.40363581708021 49.64641054906043 33.153255958391476 27.662778732279076 70.81230802429529 61.00532892446084 70.90360090394874 67.69996701966573 52.262682303393426 68.795961926646 2.913416644909302 26.749760748269527 54.722533598250564 50.86696429462589 71.40464601386613 36.14901441974203 55.05255554795168 36.39406756254331 13.987549233777278 51.5518262644643 70.58009535209787 66.55143473401529 50.873790155996026 104.82716171405735 43.29501198073597
55.93345298223481 44.162008009734734 36.47389558999484 30.281431583063434 21.641246237524737 8.209261145412578 23.080045078419506 14.200919129048426 47.914380949678126 0.0 46.23492887511263 26.346031627322215 34.59766970226157 31.965294900515666 7.1606975325494595 19.290973435811935 25.855863019468124 35.30466845860808 73.30763089287687 17.600164341939273 9.986407149282558 33.27838405711227 16.43478504529604 28.566004109684418 46.480940105756474 41.02374408858746 57.018183181571956 22.913193768396113 16.928696129037085 50.86435874806402 41.81438042249023 79.23498186222166 21.69859179417155 45.67766502569171 44.16468527488313 12.257038359521811 8.464011721156272 23.512513277798416 12.01229203233963 40.65491234601849 31.322399564354217 36.08022411822602 36.14561716022674 61.599439845270616 50.781095096212006 7.534583498892224 70.51401773937353 28.304001569384287
49.65500101224713 46.190973674963516 22.628010041460314 24.976263414177136 28.833314650609083 45.54490251475288 56.59398047690027 33.01304402081615 41.09325411707971 46.23492887511263 0.0 72.11204408894208 17.6249935049679 77.38759844050595 50.18271335677988 49.48468569242697 30.030092834268633 12.709876864495003 27.147591753630977 61.88532186680469 43.69926362759773 20.469271722833156 32.048425740885094 45.187423606314034 9.47077227527515 8.483390077629752 22.967348394851076 63.62204181000009 47.22807835051731 33.47538395461356 34.6511425482461 35.35258946150802 57.19751396084646 41.73507831470252 14.487484773998908 42.767608630077454 41.82677820369367 62.80846170395437 41.918767320093714 19.334324472439388 14.990216343519046 43.28546760945722 18.84573104817854 29.62362339128034 27.91924694580598 53.40656204552845 71.14341764918603 19.33859810347956
69.2340213706451 64.85251723875733 58.69469919661738 56.06483426640146 47.63449513587418 30.557814207577678 34.753352311658645 39.16616294257905 63.60749291071873 26.346031627322215 72.11204408894208 0.0 58.539277494153154 16.209099608893577 25.291243544232483 36.58093878501097 51.09440880625672 61.607312332887446 98.94288777695117 18.783336269665643 29.32782728824194 56.60850346511012 42.589439004258466 48.43849047335235 72.8183774773629 66.15151362131543 79.78403541584801 25.806265541475604 35.99259297542312 75.37537727200316 65.58706158710167 103.62488583751575 32.41183088953213 60.821494888691696 67.98664239758764 35.16995841706496 33.24242250892114 28.09296274487148 31.597069612058217 66.70121248107758 57.1218640820499 49.69755630957251 62.30794409648119 87.40336712141213 76.12824266016054 18.863232062868363 87.33699130001824 54.64119290200464
35.81320880750082 51.38789588884266 6.313286097184151 27.0937839286348 25.218587441797837 36.80445343441219 51.09926519299605 20.401463290761505 26.492532096877863 34.59766970226157 17.6249935049679 58.539277494153154 0.0 66.55035977749647 40.26832106791743 44.287463739473424 29.522670773411942 17.077687526152918 41.49510623794409 51.90690447982097 29.223760815464036 2.844977495474402 25.409444332215642 44.42540640694705 24.37283568238797 9.298602839323106 22.605995169449425 55.61764652635522 41.544341760800556 44.417352229045406 41.538753628636634 45.095881772421116 50.98392548370244 26.32466471810604 9.582273825261337 35.71865525421055 33.13735412702102 55.41514831464093 27.0368772140414 28.56842419880848 10.136298847221937 25.916946410286577 25.107211924241888 45.361782659587 40.20195477418378 40.77981020920944 78.94452113108632 17.644642183732234
82.90696063535164 59.566149627154545 68.06799603350586 57.17870834857485 49.79533204812928 32.03275333899245 28.08226955665263 46.16440724800353 76.35306063089912 31.965294900515666 77.38759844050595 16.209099608893577 66.55035977749647 0.0 27.20620753706679 32.828386058235274 51.58912980411293 65.5465855860544 104.52828426561716 15.648745157730973 38.87316067008265 65.13914082018705 45.59122418024606 44.105117749161394 76.10980599441683 72.81384662576082 88.87267167350099 17.590133251969913 33.553648912751186 73.41463613516775 63.173501492590646 111.12061989112058 25.980131797823937 73.71978896286032 76.12412734193859 35.6138739653114 35.651584758148175 19.72862082169867 41.34258582024934 67.98552469070063 62.78010678088626 62.84213130894397 64.16549684451117 87.38429114213105 75.4579745714837 26.25119892121857 78.1747273701874 58.44623778853634
63.085710864843726 40.86998089854737 42.74978692267133 31.124937491805323 23.06683199145324 5.316921230995637 16.286881831585237 20.086693472562295 55.00740042499783 7.1606975325494595 50.18271335677988 25.291243544232483 40.26832106791743 27.20620753706679 0.0 13.732846573299483 25.92849748886911 38.415632034569505 77.32210028346279 11.795853516252514 17.095237356884294 39.24325225187511 18.50445432167488 24.585374043802123 49.179655634166956 45.83796382359734 62.85794534524054 15.942495640983159 12.003228095875729 50.100980746718804 40.40820430843388 84.18207803943399 14.716849320305776 52.80256115429669 49.72400128956556 9.879908274561444 8.558306627389129 16.397571033237774 19.17116090338495 41.9119911066273 35.649706902789745 43.237844401317346 37.7390916304666 62.30823435001347 50.88618371018454 9.392000076354176 65.95145350505177 31.303707427154894
72.62173431237863 28.272170727448007 48.34744918816477 25.977028777797667 20.72428319987794 11.218354839986219 7.115857012052635 26.914965691958038 63.86735066152149 19.290973435811935 49.48468569242697 36.58093878501097 44.287463739473424 32.828386058235274 13.732846573299483 0.0 20.265014178412475 36.80599223523793 75.81021494159832 18.53316024701387 28.76081433585383 44.124118840565096 18.913024791783105 11.888902371915224 45.91705418569719 47.370462171276934 66.3702767844563 15.759106911596357 2.8661717509823146 40.59234230186143 30.36749220634343 84.7616265657268 7.922415490482219 62.03368774796361 52.922505359843825 9.146527078265624 13.157226148936786 14.226131961573223 30.284890437764467 36.36267933549953 36.8816435530876 53.66612588414302 33.19963588511991 54.76622790284486 42.747570090668496 23.109020469899843 52.285674562323415 30.318214363585586
63.40224838010422 23.14979526378494 35.08969583607091 5.724759973164836 5.803803500061493 20.61202073291127 27.196137041633165 21.21848789637831 54.015454648309124 25.855863019468124 30.030092834268633 51.09440880625672 29.522670773411942 51.58912980411293 25.92849748886911 20.265014178412475 0.0 17.403176348515075 55.715026804954626 36.10562633963544 30.235005189295485 30.4761985252224 10.435633402148921 15.4971931829461 25.67418348525335 29.635429177005353 49.4414171961296 35.61429225099877 18.535997274900758 25.07013028990102 16.738770984800137 65.3518286592599 28.18505121494227 52.96004829561297 36.38851950442519 16.24689637870248 17.921966010709003 34.34633958128755 30.167543880052122 16.407995648681833 19.992978140377765 47.63361691829326 12.940691892514545 36.38107296207849 25.06447550425286 33.1047716021924 51.33467785837726 12.283730708817423
52.87109017436967 35.85350697069336 23.39077717581654 12.700929571145318 16.25145464392757 33.52472046131493 43.908554819625216 23.572332728882195 43.56949425425763 35.30466845860808 12.709876864495003 61.607312332887446 17.077687526152918 65.5465855860544 38.415632034569505 36.80599223523793 17.403176348515075 0.0 39.27665328850338 49.93179439960141 34.70707436421822 19.298871513348704 19.95590243235317 32.74516206299291 11.31666612487308 13.223116696240027 32.90531833869103 51.181270706524394 34.59979204963621 27.343083416700672 25.11576827015791 48.05948521640513 44.560391258694764 43.35224352123361 20.73648569522939 30.400131758210268 29.901032198612494 50.27689390468274 33.38842188853655 11.502099980206518 7.764194141080306 41.56867699962544 8.282033494915664 30.167891031245187 23.344111437652508 42.74428441800329 62.59537969407014 7.11306598078732
61.855496515112826 66.51441594038764 43.94528852116042 50.15342427845742 55.506650652878186 72.63118445067782 82.84881299242177 59.779559018350085 55.942173140782366 73.30763089287687 27.147591753630977 98.94288777695117 41.49510623794409 104.52828426561716 77.32210028346279 75.81021494159832 55.715026804954626 39.27665328850338 0.0 89.00217263096282 70.04982811554231 44.004244747352054 59.08598325428291 69.86588805668906 30.22748835547163 32.938731418873196 28.459663585497765 90.45326964371823 73.74817020693864 49.14980727230712 54.952636963503394 14.598947628458381 83.66256367341904 57.78815204963769 33.29828875156517 69.67094838341917 68.9329904375651 89.50976416634009 68.06626820874143 41.21675574318048 41.98604042236129 63.505323257076554 43.07802565139298 36.09820266788175 43.06679344172294 80.37764558289007 86.25411299004782 46.25533011524288
72.23187324484418 46.599989526997554 54.05701512193986 41.63477205289906 34.14838488155505 16.40707586086887 15.970403355505653 31.568820232202725 64.74405965164027 17.600164341939273 61.88532186680469 18.783336269665643 51.90690447982097 15.648745157730973 11.795853516252514 18.53316024701387 36.10562633963544 49.93179439960141 89.00217263096282 0.0 26.247264177740334 50.750520954824296 29.978233109264522 30.372818262145394 60.46106083668586 57.6331107128489 74.44977187131967 8.050397911740422 18.625586573571436 58.78093137642366 48.65774995816353 95.9774751516677 13.62854993491009 62.33300770865854 61.41111448620897 20.003515305289806 20.070867656866117 10.011709517574419 28.643081205765785 52.46194105025586 47.43315766487746 52.0548921317191 48.56527709996758 72.18695990202285 60.39206390931656 14.140609796433594 68.56115687030562 42.841719525860896
46.2116616612878 51.22721927688933 29.589022958501207 33.33156501995768 24.874944672880886 17.552626999190846 33.023783390080794 11.136806631538644 38.50676490145953 9.986407149282558 43.69926362759773 29.32782728824194 29.223760815464036 38.87316067008265 17.095237356884294 28.76081433585383 30.235005189295485 34.70707436421822 70.04982811554231 26.247264177740334 0.0 27.288299609196123 19.804530534708412 36.694073468587916 45.97704893966966 37.11995017354182 50.654682349724105 32.476075360994066 26.174847247701525 54.96173443422492 46.94721811873683 74.29840420254872 31.682677053806376 36.13577699823958 38.659441582663675 20.592758743937814 16.248241927570067 33.27656085194534 2.470648538529372 42.51194009306469 28.90548316788219 26.202474672334095 37.77805305061867 63.53738123080335 53.790764144465314 12.671957333880698 78.51694502919169 28.451734086422363
33.85825406329155 52.79207951605234 4.614649699337865 28.520065781111473 25.80832100347821 36.07474830633886 50.80085896174648 19.186709556957076 24.461213448937468 33.27838405711227 20.469271722833156 56.60850346511012 2.844977495474402 65.13914082018705 39.24325225187511 44.124118840565096 30.4761985252224 19.298871513348704 44.004244747352054 50.750520954824296 27.288299609196123 0.0 25.411580922930998 45.0198329538334 27.105200369906655 12.11880642901409 23.743198894839797 54.81483347200925 41.331956399141156 46.6122596071339 43.27828217805513 47.05212253223147 50.55589253542913 24.07884829584466 11.398217422770935 35.34870479952201 32.488438498868256 54.728641371176735 25.020894921837236 30.79507419253881 11.935487561595167 23.13391873276658 27.121276172124492 48.04771590241225 42.575207171130245 39.16234058729615 80.55112783111382 19.016987207193583
56.03704602219358 32.506005919173205 29.78398602085352 13.985959447954546 5.288765490264235 13.572177612653851 25.841276405921224 11.325783807714936 46.86286030007342 16.43478504529604 32.048425740885094 42.589439004258466 25.409444332215642 45.59122418024606 18.50445432167488 18.913024791783105 10.435633402148921 19.95590243235317 59.08598325428291 29.978233109264522 19.804530534708412 25.411580922930998 0.0 20.577061423860137 30.68881726434308 28.789311977766054 47.48185869396813 31.68984126769954 16.22878348411587 35.277013662709386 27.167962238196615 66.78967094383366 25.956869200526118 45.41539336914359 34.03273030673571 10.872740223005872 9.9582923731014 31.052312807229434 19.75721965121089 24.22013668310729 18.2708127550997 38.779399216624334 19.734017821143212 45.19052364703153 34.601553764550744 23.94587668590675 60.508571089327845 12.86447702938211
76.60795941644835 16.440821310973032 49.57509704798289 20.214286336833744 19.225569204581124 20.540702340202557 16.243484579544017 31.39220284858744 67.40363581708021 28.566004109684418 45.187423606314034 48.43849047335235 44.42540640694705 44.105117749161394 24.585374043802123 11.888902371915224 15.4971931829461 32.74516206299291 69.86588805668906 30.372818262145394 36.694073468587916 45.0198329538334 20.577061423860137 0.0 39.65638982714455 45.128933494084876 64.9160432736461 26.583310734289732 12.670012246898535 29.7027476809825 19.457966149329764 80.31905620520511 18.169355706043184 65.9905426252306 51.7818563119973 16.353364148147822 20.550764207651266 24.629434027745386 37.63091915279284 28.82457684869286 35.31521039524398 59.094968933280256 26.898413074129063 44.829874386362974 32.726096536628575 33.85531032673525 41.97391855962924 27.709211373771787
58.48380101901492 38.13988796227224 30.212229657141602 20.019457125389394 26.32581904666874 44.11876512332981 52.87007511426141 34.8529419979443 49.64641054906043 46.480940105756474 9.47077227527515 72.8183774773629 24.37283568238797 76.10980599441683 49.179655634166956 45.91705418569719 25.67418348525335 11.31666612487308 30.22748835547163 60.46106083668586 45.97704893966966 27.105200369906655 30.68881726434308 39.65638982714455 0.0 16.49729606558985 32.30005413214343 61.003488567960204 44.03485950193609 24.137323608276724 26.40724380751647 41.18878803951089 53.825699561815874 50.0144333128141 23.55191502305581 40.58795934276055 40.62174746862257 59.8780472850875 44.58873423197239 11.392847942157463 17.789909080625975 50.22601437848935 12.867716117761324 21.049565836702257 18.47014667929489 53.9598147996226 62.063884130452216 18.17752472180217
42.007559880348765 49.063430086202914 14.16428223774482 25.642685269748018 26.851762514562257 41.68216125257131 54.43882580025505 27.09489603992637 33.153255958391476 41.02374408858746 8.483390077629752 66.15151362131543 9.298602839323106 72.81384662576082 45.83796382359734 47.370462171276934 29.635429177005353 13.223116696240027 32.938731418873196 57.6331107128489 37.11995017354182 12.11880642901409 28.789311977766054 45.128933494084876 16.49729606558985 0.0 19.85105431921276 60.336037125882974 44.84267155717071 38.99750608934648 38.145562488722184 38.34453174982727 54.70522932234461 33.58871636678158 7.678741770541709 39.64591893284992 37.914740792523986 59.80911012752372 35.12817013397742 23.521024131213128 10.523318831842428 34.80237335942045 21.3205025683154 37.45160590390488 34.02626755612555 47.80467998908118 75.50352899999591 17.49644662178048
33.45139810109739 68.49262616827545 21.092559209568826 45.47231996682273 46.29402093162393 59.387482082855165 73.32169574487322 42.88526035489005 27.662778732279076 57.018183181571956 22.967348394851076 79.78403541584801 22.605995169449425 88.87267167350099 62.85794534524054 66.3702767844563 49.4414171961296 32.90531833869103 28.459663585497765 74.44977187131967 50.654682349724105 23.743198894839797 47.48185869396813 64.9160432736461 32.30005413214343 19.85105431921276 0.0 78.20842617784915 63.710589259058544 56.417407199512105 57.22219558395757 25.538950043793953 73.34883185231666 29.72035204220573 13.449268095093101 58.089956154263355 55.69808610923911 77.96245302976372 48.282726462579454 42.04451439139166 29.767847612908426 36.956271350529725 40.67859466700222 50.51893012948294 50.74856965134853 62.818867952577435 94.0731888317728 37.21371366599586
78.68675528662109 41.99671678111759 58.498460199425054 41.33092022857009 34.949469876616426 18.823489847069865 10.493437669375842 35.81864712410964 70.81230802429529 22.913193768396113 63.62204181000009 25.806265541475604 55.61764652635522 17.590133251969913 15.942495640983159 15.759106911596357 35.61429225099877 51.181270706524394 90.45326964371823 8.050397911740422 32.476075360994066 54.81483347200925 31.68984126769954 26.583310734289732 61.003488567960204 60.336037125882974 78.20842617784915 0.0 17.08263920725907 56.094359715546965 45.82742356882905 98.47485873830205 8.415971305294871 68.53666164675643 64.89857862912466 20.862141993058632 22.54117810857226 2.34020153669793 34.73428022109549 51.92912688429469 49.87174930988857 58.64235742578542 48.51324095184762 70.51355394798175 58.474874772454896 21.32496145569684 61.96239245762465 44.28891415193362
69.77171859956897 29.077881480635188 45.53048859128918 24.25681910113319 18.398055398398462 8.73852476926669 9.618127284597096 24.04992170054702 61.00532892446084 16.928696129037085 47.22807835051731 35.99259297542312 41.544341760800556 33.553648912751186 12.003228095875729 2.8661717509823146 18.535997274900758 34.59979204963621 73.74817020693864 18.625586573571436 26.174847247701525 41.331956399141156 16.22878348411587 12.670012246898535 44.03485950193609 44.84267155717071 63.710589259058544 17.08263920725907 0.0 40.15579330318272 30.042840390459823 82.42971046594498 9.970301175257223 59.179293700499876 50.261403362702545 6.28286757892844 10.357063311640587 15.844564294711656 27.61866940204454 34.8540233058549 34.331553946076966 50.870427257109384 31.453029585463945 53.831617788888366 41.91615987169373 21.367333822221696 54.007909374326246 27.964569539299855
80.17594190572312 18.855479389774473 50.72892045422263 21.737172840982566 30.09615476080291 44.898098096484205 45.91326160766136 44.95598771958442 70.90360090394874 50.86435874806402 33.47538395461356 75.37537727200316 44.417352229045406 73.41463613516775 50.100980746718804 40.59234230186143 25.07013028990102 27.343083416700672 49.14980727230712 58.78093137642366 54.96173443422492 46.6122596071339 35.277013662709386 29.7027476809825 24.137323608276724 38.99750608934648 56.417407199512105 56.094359715546965 40.15579330318272 0.0 10.26985376847352 62.47509970489373 47.73327651394417 70.68553766837793 46.610186882515315 40.22537575793399 42.70267445378944 54.24313409844049 54.598878002866705 15.851145585141904 34.7918455929998 68.20008968572868 19.679815643709507 16.257853702674783 6.160389819429814 57.97207618497327 38.17206624318441 29.2839853590989
77.11871289419372 11.749601200770908 47.737056030950924 15.303378660900016 22.3683655408591 35.31518128943023 35.64879220217483 37.79099407866916 67.69996701966573 41.81438042249023 34.6511425482461 65.58706158710167 41.538753628636634 63.173501492590646 40.40820430843388 30.36749220634343 16.738770984800137 25.11576827015791 54.952636963503394 48.65774995816353 46.94721811873683 43.27828217805513 27.167962238196615 19.457966149329764 26.40724380751647 38.145562488722184 57.22219558395757 45.82742356882905 30.042840390459823 10.26985376847352 0.0 67.2222391520337 37.4634816226022 67.07752984050512 45.77633152814561 30.596055801322688 33.45368522763264 43.97340346297456 46.90559301673924 15.32409631753992 31.41977797479818 63.116450946225264 16.854594794667523 25.676456021917787 13.746230982032744 48.6596459061595 37.49742329987946 24.480462724818786
56.21254175032054 78.94945288573572 45.541116712752604 60.141896807621215 64.04833224104486 79.95920184055984 91.87713941549448 65.12536169978064 52.262682303393426 79.23498186222166 35.35258946150802 103.62488583751575 45.095881772421116 111.12061989112058 84.18207803943399 84.7616265657268 65.3518286592599 48.05948521640513 14.598947628458381 95.9774751516677 74.29840420254872 47.05212253223147 66.78967094383366 80.31905620520511 41.18878803951089 38.34453174982727 25.538950043793953 98.47485873830205 82.42971046594498 62.47509970489373 67.2222391520337 0.0 92.39365404615715 54.62301093459999 35.65504652193307 77.64926997365617 76.19210211862921 97.81443369526079 72.06454932067187 52.57494934904093 48.652177798725525 62.47767623618938 53.505957418989475 50.38011729618934 56.32038503732974 85.76470979564999 100.13546541311476 54.46577170558743
77.19972204513259 33.70400056848063 54.58003006266324 33.89898807454803 28.36835632203779 15.07560394396365 2.3433790440841533 32.329800553095005 68.795961926646 21.69859179417155 57.19751396084646 32.41183088953213 50.98392548370244 25.980131797823937 14.716849320305776 7.922415490482219 28.18505121494227 44.560391258694764 83.66256367341904 13.62854993491009 31.682677053806376 50.55589253542913 25.956869200526118 18.169355706043184 53.825699561815874 54.70522932234461 73.34883185231666 8.415971305294871 9.970301175257223 47.73327651394417 37.4634816226022 92.39365404615715 0.0 66.7532060804968 59.91302406809932 15.26974773024954 18.25504925902628 6.5207643618987055 33.6177433182374 44.25981941315145 44.18294787415933 57.622946807630385 41.121458107065145 62.337704746564256 50.263579563759905 22.961977195151096 54.9434095342366 37.93102465964678
10.639321669395617 75.94839595613864 20.05935752114789 51.99086551239361 47.577815241416346 51.726804641769306 67.67802977851649 35.210102479792646 2.913416644909302 45.67766502569171 41.73507831470252 60.821494888691696 26.32466471810604 73.71978896286032 52.80256115429669 62.03368774796361 52.96004829561297 43.35224352123361 57.78815204963769 62.33300770865854 36.13577699823958 24.07884829584466 45.41539336914359 65.9905426252306 50.0144333128141 33.58871636678158 29.72035204220573 68.53666164675643 59.179293700499876 70.68553766837793 67.07752984050512 54.62301093459999 66.7532060804968 0.0 27.612842089445923 52.90272141749597 48.96288747013816 69.18882423988559 33.8158319532772 54.85432211224214 35.9794976742332 11.14504900606495 51.184167932639554 71.03051701665272 66.52215766308785 48.3907876183837 104.00685565795018 42.60520861546169
35.1744714157358 56.57756796056026 10.64751665636515 32.83834611890394 32.951219303161444 46.0772543542648 59.873020027575855 29.96413716076607 26.749760748269527 44.16468527488313 14.487484773998908 67.98664239758764 9.582273825261337 76.12412734193859 49.72400128956556 52.922505359843825 36.38851950442519 20.73648569522939 33.29828875156517 61.41111448620897 38.659441582663675 11.398217422770935 34.03273030673571 51.7818563119973 23.55191502305581 7.678741770541709 13.449268095093101 64.89857862912466 50.261403362702545 46.610186882515315 45.77633152814561 35.65504652193307 59.91302406809932 27.612842089445923 0.0 44.66191390348084 42.3624070536654 64.59658933824076 36.41135242115254 31.19709132066373 16.48059767158362 30.82580580128027 28.929251574067795 44.11035730231059 41.51978314303104 50.35201246762781 83.16872760218111 24.10517131315073
63.50040283137005 31.96225579248347 39.45912606342225 21.665637517118505 14.280744031547925 4.725669746151639 15.462469824127744 17.76890232366099 54.722533598250564 12.257038359521811 42.767608630077454 35.16995841706496 35.71865525421055 35.6138739653114 9.879908274561444 9.146527078265624 16.24689637870248 30.400131758210268 69.67094838341917 20.003515305289806 20.592758743937814 35.34870479952201 10.872740223005872 16.353364148147822 40.58795934276055 39.64591893284992 58.089956154263355 20.862141993058632 6.28286757892844 40.22537575793399 30.596055801322688 77.64926997365617 15.26974773024954 52.90272141749597 44.66191390348084 0.0 4.358577947813056 20.179607218551865 21.8065811971743 32.49986291898312 29.135012609050666 44.700436850934665 28.561909757917984 52.589558246209464 41.061104724757236 18.255049259026347 58.32699593542427 23.44565669317013
59.5242559879144 35.78483537118521 36.39562478539096 22.831211380304126 14.564098050039407 3.768051407872989 18.85323295100707 14.098399394991615 50.86696429462589 8.464011721156272 41.82677820369367 33.24242250892114 33.13735412702102 35.651584758148175 8.558306627389129 13.157226148936786 17.921966010709003 29.901032198612494 68.9329904375651 20.070867656866117 16.248241927570067 32.488438498868256 9.9582923731014 20.550764207651266 40.62174746862257 37.914740792523986 55.69808610923911 22.54117810857226 10.357063311640587 42.70267445378944 33.45368522763264 76.19210211862921 18.25504925902628 48.96288747013816 42.3624070536654 4.358577947813056 0.0 22.2782791770608 17.450493905864203 33.53626682316042 27.54354955258509 40.51472287757095 29.271270399864257 54.161402352226425 42.98582234406599 15.269747730249591 62.50220412186937 22.796062812552762
79.43080099221278 39.839091701227254 58.523990973059455 40.071096117722604 34.02548330105196 18.65433632053991 8.416417838554025 35.90131596666959 71.40464601386613 23.512513277798416 62.80846170395437 28.09296274487148 55.41514831464093 19.72862082169867 16.397571033237774 14.226131961573223 34.34633958128755 50.27689390468274 89.50976416634009 10.011709517574419 33.27656085194534 54.728641371176735 31.052312807229434 24.629434027745386 59.8780472850875 59.80911012752372 77.96245302976372 2.34020153669793 15.844564294711656 54.24313409844049 43.97340346297456 97.81443369526079 6.5207643618987055 69.18882423988559 64.59658933824076 20.179607218551865 22.2782791770608 0.0 35.46475986573116 50.56436878964097 49.30751823560766 59.47893258415871 47.28040439336095 68.844264977834 56.77621867030591 22.626225081636225 59.622232308576976 43.47295191168554
43.97020824497518 51.72771528088353 27.201510177744996 32.88090167993161 24.628761056285693 19.153863575237537 34.865393982838825 10.00442800370756 36.14901441974203 12.01229203233963 41.918767320093714 31.597069612058217 27.0368772140414 41.34258582024934 19.17116090338495 30.284890437764467 30.167543880052122 33.38842188853655 68.06626820874143 28.643081205765785 2.470648538529372 25.020894921837236 19.75721965121089 37.63091915279284 44.58873423197239 35.12817013397742 48.282726462579454 34.73428022109549 27.61866940204454 54.598878002866705 46.90559301673924 72.06454932067187 33.6177433182374 33.8158319532772 36.41135242115254 21.8065811971743 17.450493905864203 35.46475986573116 0.0 41.675173904453544 27.268964850011248 24.068045114901828 36.93161975104313 62.607535789989136 53.15872705452448 15.140908379753462 79.26270672030115 27.38592357295249
64.32863722606356 26.946280325313424 34.87900071976323 10.834233594747019 19.071664410181363 36.62609975810629 43.04684848008286 31.688098237979997 55.05255554795168 40.65491234601849 19.334324472439388 66.70121248107758 28.56842419880848 67.98552469070063 41.9119911066273 36.36267933549953 16.407995648681833 11.502099980206518 41.21675574318048 52.46194105025586 42.51194009306469 30.79507419253881 24.22013668310729 28.82457684869286 11.392847942157463 23.521024131213128 42.04451439139166 51.92912688429469 34.8540233058549 15.851145585141904 15.32409631753992 52.57494934904093 44.25981941315145 54.85432211224214 31.19709132066373 32.49986291898312 33.53626682316042 50.56436878964097 41.675173904453544 0.0 19.06950934200448 52.762296345943014 4.7436258385703605 21.086851478976673 12.106500457404833 48.16109387075601 52.12912369349809 14.594715457679811
45.78114483338803 41.30035976743507 16.322382252825253 17.038088932212503 16.529666289826153 31.30945450583037 43.93543315851151 18.055692734944056 36.39406756254331 31.322399564354217 14.990216343519046 57.1218640820499 10.136298847221937 62.78010678088626 35.649706902789745 36.8816435530876 19.992978140377765 7.764194141080306 41.98604042236129 47.43315766487746 28.90548316788219 11.935487561595167 18.2708127550997 35.31521039524398 17.789909080625975 10.523318831842428 29.767847612908426 49.87174930988857 34.331553946076966 34.7918455929998 31.41977797479818 48.652177798725525 44.18294787415933 35.9794976742332 16.48059767158362 29.135012609050666 27.54354955258509 49.30751823560766 27.268964850011248 19.06950934200448 0.0 33.80867043554433 15.205876879577252 37.75281719233195 31.05291836501801 38.43081593725236 68.80837265921762 7.758290487844648
20.205652745883143 70.76103218440383 20.746446730703298 47.81455901036224 41.92189391883052 42.855301400266555 58.7676991885533 27.703148133145238 13.987549233777278 36.08022411822602 43.28546760945722 49.69755630957251 25.916946410286577 62.84213130894397 43.237844401317346 53.66612588414302 47.63361691829326 41.56867699962544 63.505323257076554 52.0548921317191 26.202474672334095 23.13391873276658 38.779399216624334 59.094968933280256 50.22601437848935 34.80237335942045 36.956271350529725 58.64235742578542 50.870427257109384 68.20008968572868 63.116450946225264 62.47767623618938 57.622946807630385 11.14504900606495 30.82580580128027 44.700436850934665 40.51472287757095 59.47893258415871 24.068045114901828 52.762296345943014 33.80867043554433 0.0 48.54475713352342 71.09625906772443 64.82512325416243 37.964409674056014 98.94149338883786 39.023774351464404
60.90889587763123 27.8235048089833 31.40060689439706 7.222717692244555 14.714041786874699 32.498921180444185 40.08585987115537 26.94481190047998 51.5518262644643 36.14561716022674 18.84573104817854 62.30794409648119 25.107211924241888 64.16549684451117 37.7390916304666 33.19963588511991 12.940691892514545 8.282033494915664 43.07802565139298 48.56527709996758 37.77805305061867 27.121276172124492 19.734017821143212 26.898413074129063 12.867716117761324 21.3205025683154 40.67859466700222 48.51324095184762 31.453029585463945 19.679815643709507 16.854594794667523 53.505957418989475 41.121458107065145 51.184167932639554 28.929251574067795 28.561909757917984 29.271270399864257 47.28040439336095 36.93161975104313 4.7436258385703605 15.205876879577252 48.54475713352342 0.0 25.78474491770601 16.62994304699084 43.67037737606322 54.317355325668125 9.940897624896124
79.26487142183593 35.09605652483287 51.26037164244247 31.366190039908712 39.95821891023107 56.99135445894682 60.72295636437506 52.60312067671145 70.58009535209787 61.599439845270616 29.62362339128034 87.40336712141213 45.361782659587 87.38429114213105 62.30823435001347 54.76622790284486 36.38107296207849 30.167891031245187 36.09820266788175 72.18695990202285 63.53738123080335 48.04771590241225 45.19052364703153 44.829874386362974 21.049565836702257 37.45160590390488 50.51893012948294 70.51355394798175 53.831617788888366 16.257853702674783 25.676456021917787 50.38011729618934 62.337704746564256 71.03051701665272 44.11035730231059 52.589558246209464 54.161402352226425 68.844264977834 62.607535789989136 21.086851478976673 37.75281719233195 71.09625906772443 25.78474491770601 0.0 12.108616760519721 69.0650492632969 50.42260044221294 35.256861264372326
75.70652093173125 24.141972576759652 46.46825734568926 20.621315542597255 29.31317971757418 45.58602541750358 48.62654138654486 43.262713083242424 66.55143473401529 50.781095096212006 27.91924694580598 76.12824266016054 40.20195477418378 75.4579745714837 50.88618371018454 42.747570090668496 25.06447550425286 23.344111437652508 43.06679344172294 60.39206390931656 53.790764144465314 42.575207171130245 34.601553764550744 32.726096536628575 18.47014667929489 34.02626755612555 50.74856965134853 58.474874772454896 41.91615987169373 6.160389819429814 13.746230982032744 56.32038503732974 50.263579563759905 66.52215766308785 41.51978314303104 41.061104724757236 42.98582234406599 56.77621867030591 53.15872705452448 12.106500457404833 31.05291836501801 64.82512325416243 16.62994304699084 12.108616760519721 0.0 58.12619272886818 44.25844395972504 26.56922119232209
58.161513103681074 50.002682420625504 41.88960714134361 37.71439208001738 29.11739232038323 13.580258464798286 24.869321502056277 20.712212859274963 50.873790155996026 7.534583498892224 53.40656204552845 18.863232062868363 40.77981020920944 26.25119892121857 9.392000076354176 23.109020469899843 33.1047716021924 42.74428441800329 80.37764558289007 14.140609796433594 12.671957333880698 39.16234058729615 23.94587668590675 33.85531032673525 53.9598147996226 47.80467998908118 62.818867952577435 21.32496145569684 21.367333822221696 57.97207618497327 48.6596459061595 85.76470979564999 22.961977195151096 48.3907876183837 50.35201246762781 18.255049259026347 15.269747730249591 22.626225081636225 15.140908379753462 48.16109387075601 38.43081593725236 37.964409674056014 43.67037737606322 69.0650492632969 58.12619272886818 0.0 75.34279470237584 35.784261911886574
