0.0 19.879844035695335 25.89843947696178 41.32813206203464 33.80848214684325 10.924376433566337 17.449883989869548 19.009808613210836 26.023276447613753 46.950430270898245 51.34160429116397 48.421477214713974 84.89583807060735 27.508615637644517 28.919667170659878 24.977026326987623 8.118638305741566 26.38492298932238 37.07170204443226 15.088085072757458 5.872176589126965 16.843690208301034 9.8842523976443 37.04753616529217 24.264575874214856 14.196760267698728 54.52915512133579 18.88786439839207 25.036144105868626 44.76189508218338 55.74272109536037 42.41134212301905 81.77879128432131 75.2090610096759 32.39027348751642 9.875492360922983 23.93606455201639 47.888633583028415 56.189106746746624 7.849017300087186 13.643578651034275 23.998340373779968 49.796971757421616 29.58192155588025 50.853968056434525 25.258324932968307 43.33807994581428 8.965485929842774
19.879844035695335 0.0 35.131928294893925 45.18810899281775 15.52662045673899 26.54374492090649 37.32352054573248 38.17843859186451 34.60041840412234 47.60871032292354 69.71030839719522 68.24314469662363 103.27211186829433 45.93411297885749 45.77509985386276 41.79332373236338 26.769174123121623 41.44847004994658 56.778207041458515 34.18193299133232 20.783274794819864 3.4002288176308366 25.325309030805162 41.92281995015874 13.016115268465606 21.274829723898414 74.14863246692543 37.915917091006456 33.09767205884387 47.16788229671187 74.28635724877289 62.27156487401778 100.4991984841992 93.13438301974072 50.556201631536744 29.574299625495534 43.75882261236037 67.19372893338218 74.93980100696197 16.3843901450569 30.553859267753385 40.51624316657639 68.2019773200328 28.47903344425413 50.54465091865024 36.39972359294043 30.814777419649005 11.749372270977851
25.89843947696178 35.131928294893925 0.0 16.77433578324179 50.42947754875388 15.73608030000913 29.328596635177597 22.795652781322374 51.39513984798634 24.19228927906456 63.90671096873995 53.21294324136193 95.12993006761141 43.608015875991015 18.6478048503157 44.81351387145138 20.703829662235094 48.112315575318874 45.212228849430964 21.483154500939502 31.698377015955238 34.183177652151045 16.405912482825183 12.34219259447234 45.796923784706415 14.197323672707398 60.94821653925623 22.085429360512464 50.57434005391045 20.85740398141696 67.32030415704182 47.19659925683818 90.96070097911314 87.26665845007875 25.443870014066928 28.35761182755303 34.16535730545647 57.152957235469486 66.99770045338943 21.275948476247798 36.22371259812755 44.457377233643285 62.413328484202815 15.873268690758913 76.73233619384384 3.3978411073173094 65.17965475154728 31.149275572423527
41.32813206203464 45.18810899281775 16.77433578324179 0.0 59.01696521162108 32.10408960832829 46.031607621316354 39.20024643935079 67.295616666004 8.40772750694588 79.82201621332494 67.558480289573 110.00324687922571 60.29298252671953 32.16624111517146 61.58156537864698 37.19967610064485 64.81216228989685 60.77938384941647 38.20455817088414 47.198346031300375 45.346328412518254 32.57745633602884 4.44236383823238 57.51175746249932 27.651997317296992 75.45461437997643 38.49037288604269 66.35385616942845 4.312028771274166 82.97140891627215 61.85254737974277 105.58252141456164 102.72663467029165 38.630989451399664 44.995764465635986 50.56370135609973 72.52842968573698 82.48311325025855 35.187003301917585 52.71241422273269 61.207270883743554 78.36506111453018 17.263770687632185 91.47141464979877 19.294485279339202 75.9931652388042 44.72490952744264
33.80848214684325 15.52662045673899 50.42947754875388 59.01696521162108 0.0 41.81424170679029 50.734932298893256 52.73394483719291 39.582638707061605 60.169033661507605 79.84047974636984 80.97001667241315 112.88609917878405 56.89036261412358 61.118689642266794 51.56999851874601 41.42695273035039 49.921559962372164 69.25816050356204 48.75716152308547 32.81839755032905 17.508863316795452 40.5792692040645 56.17705027448634 12.822182111408898 36.76235973371185 86.19208295714677 52.551339718763124 38.045960760215685 60.424809629300455 84.54563176841994 75.26318119175001 110.64082444356406 102.28385250766657 65.62356475043264 42.73865067126435 56.7987363161004 78.70045684809571 85.46826728745742 31.725182293433413 41.50985326762329 50.162870216351315 78.41149081642972 41.80279032185832 46.34021328535417 51.850321761696684 18.88445092315672 24.86634936009047
10.924376433566337 26.54374492090649 15.73608030000913 32.10408960832829 41.81424170679029 0.0 16.422122960259525 13.135909511397532 35.69460232871407 38.67926165606905 52.576971405632435 45.70980580216024 85.39094548319045 30.108371330731888 19.31342407448944 30.03721845285541 5.132013785052476 32.87276198943228 35.535430962661046 9.620029422809907 16.39047818363425 24.313524097220004 1.2424016606717387 27.684997308009983 34.0497461674636 9.266326140885495 52.74766338530598 12.644614196681722 34.91473724182759 35.91074965961416 56.54122025408839 39.47290044670663 81.73582366796549 76.52029188330357 24.081280164683026 13.043236009015574 22.645660809583664 47.32212275693603 56.599173935719975 10.16285953310187 20.60833193586631 29.48853224591853 51.02804536020284 23.869941614239917 61.519559020128916 14.571862170173828 53.48658601157801 18.371134278367283
17.449883989869548 37.32352054573248 29.328596635177597 46.031607621316354 50.734932298893256 16.422122960259525 0.0 7.74728017044958 28.970907988493412 53.4772464287219 36.15985298219994 31.011808103061714 69.13612836104927 14.280955562834961 20.18598453472087 16.38333574219796 12.355069350134253 20.591934042512896 19.88631667013548 7.849151697296212 18.152547127045604 34.23164607614139 16.841548295916787 41.631842582596164 39.889857410632594 25.49482339830434 37.37638614264732 8.344449343546433 28.89708259605439 50.17550416114504 40.17227584814894 24.965892151924745 65.62644985482818 60.12054830411535 19.985443851790123 8.00609485620206 6.624869535661059 31.279711927434935 40.300695532701035 23.223230336045408 12.98007346932466 16.448234958565983 34.609705462529675 40.213884457836926 56.58087947010627 26.784054776156818 57.52006506965707 26.02472750035535
19.009808613210836 38.17843859186451 22.795652781322374 39.20024643935079 52.73394483719291 13.135909511397532 7.74728017044958 0.0 35.98790432299691 46.95031300785381 41.23496995440767 32.68111648625668 73.21067125219888 21.379958259205157 12.66087303655248 24.114791792163242 11.40929212201794 28.330172553248623 23.061280778289895 3.99761878595501 21.84769746728808 35.453714124792306 14.046767389961845 34.876059769344955 43.097344997644534 22.263096427399752 39.90022255737456 0.7113065980788735 35.74842435211964 43.42943104450618 44.83098415801092 26.441993971308644 69.32990824639691 64.85136706781589 13.86227789234871 12.361159928711075 11.380905569257733 35.03041885208047 44.65958704786759 22.3849802970364 19.56215739842831 24.195246215481202 39.723430593072976 35.4491716914653 63.50117905916855 19.92626620151578 61.70888200798746 27.965787575186283
26.023276447613753 34.60041840412234 51.39513984798634 67.295616666004 39.582638707061605 35.69460232871407 28.970907988493412 35.98790432299691 0.0 72.94512089565546 42.95197376842576 49.92147009633872 74.54479076058507 24.43295821248575 48.6148165112217 17.54861314923319 30.9709316184078 13.458639034256553 38.855363288080994 33.80795193754957 20.197908543492023 31.520275236013436 34.99023151725737 62.971584075448746 26.884784451968255 40.133460882631816 52.77015470514623 36.38398387816041 1.5542699114761778 70.78083834635127 47.641671120546334 45.74042954761072 72.89404103459667 63.65811356869604 48.947770530948496 24.411555420108957 31.21070580548918 44.53283195187128 48.951817597048844 33.04361337118418 16.480489697169716 16.280180580567436 41.7224322937744 55.06246012977728 27.610669176741176 50.17838525966093 36.48409724694832 25.72838910577286
46.950430270898245 47.60871032292354 24.19228927906456 8.40772750694588 60.169033661507605 38.67926165606905 53.4772464287219 46.95031300785381 72.94512089565546 0.0 87.86379234511868 75.9116203850161 118.31929380592629 67.7562121783411 40.50841297458737 68.59487557757548 43.810326898103305 71.55165957576754 68.91696462479237 45.62858883694165 52.7476081075506 48.34259826977395 38.97433900692923 12.232517949080487 60.42596906836713 32.81690646115591 83.79821795273739 46.239068329666964 71.89576935174047 4.324576735957841 91.10672453752309 70.1657182833425 113.92878316293472 110.92599571268995 47.016608211306135 51.71749181537692 58.33043322781984 80.72843205755858 90.664452919299 40.104840989933884 59.140913316125655 68.12048356384813 86.39120223046352 19.227936876675336 95.9358284221948 27.057810940635814 78.02545859457503 49.080077157634435
51.34160429116397 69.71030839719522 63.90671096873995 79.82201621332494 79.84047974636984 52.576971405632435 36.15985298219994 41.23496995440767 42.95197376842576 87.86379234511868 0.0 18.573136577760504 33.601337934537995 23.88675489348886 48.43352524194182 28.292761938619474 48.34820485773378 30.27159092385646 19.246308727932362 43.45389119161266 48.960087031085386 66.32558897859856 52.991948612754264 75.65562991328707 67.1951961966341 61.625609746218274 14.680804653412912 41.93443511787395 44.18967021191196 84.12094312134005 4.730678472783837 20.86863970292695 30.86266028728206 23.999181547684206 43.13509791454151 41.777024563636836 30.119053490897965 9.302778143664542 6.0569359247872825 58.47270192432389 39.16093205709368 29.686453671865753 1.5556833440238456 76.26899544465624 62.75973954136288 60.85006811599867 79.4330145713224 58.01294410104177
48.421477214713974 68.24314469662363 53.21294324136193 67.558480289573 80.97001667241315 45.70980580216024 31.011808103061714 32.68111648625668 49.92147009633872 75.9116203850161 18.573136577760504 0.0 42.53684207891039 25.708249400071498 35.40381759085672 32.467483486231835 42.830895749853326 36.53625918647242 11.76192564590815 36.11276276911805 48.1876543884163 65.07499526917735 46.50418937466962 63.77658611240419 69.24578415882925 54.92212831255412 7.924512640546263 33.25551453737048 50.73330527799765 71.84592325371354 18.926958836087447 6.239925188777242 38.026219616790144 36.364146419389016 29.002661594879356 38.67340026718553 24.488636437389303 9.416543484543597 17.52625087509868 54.01995863569089 39.81596867224662 33.82653441612904 17.940215408885663 67.62406573124498 74.35426094144798 49.873110411616736 84.7950992907953 56.7313422670199
84.89583807060735 103.27211186829433 95.12993006761141 110.00324687922571 112.88609917878405 85.39094548319045 69.13612836104927 73.21067125219888 74.54479076058507 118.31929380592629 33.601337934537995 42.53684207891039 0.0 57.48556818295225 77.84086361386849 61.631294745960695 81.47150881923183 62.96806629612972 50.154612156058775 75.9545703916126 82.54627133005451 99.88150158793215 85.92460264907233 106.13125928656716 100.12028054492117 94.58945429402138 34.61247549522499 73.87365513354143 75.94205335854389 114.30274373667731 29.15556180969611 48.153799015392515 5.3299902021128185 11.080907062306323 71.53196151762931 75.24162060892033 62.74702627413381 38.18129284729242 28.8439143315649 91.8993743730323 72.71913200716018 62.98033672354202 35.13148791655841 108.6547739561442 88.8684567899718 91.87000787699787 110.6102215337388 91.59579062963694
27.508615637644517 45.93411297885749 43.608015875991015 60.29298252671953 56.89036261412358 30.108371330731888 14.280955562834961 21.379958259205157 24.43295821248575 67.7562121783411 23.88675489348886 25.708249400071498 57.48556818295225 0.0 32.4465862429511 6.889102361752536 25.39154323268917 11.476469457321533 14.423419126255093 22.129927448298456 25.151687917526257 42.56667372747338 30.288733496956862 55.90158529313891 44.5828581972674 38.69526336159852 29.615453213439515 22.06689705983004 25.13473399009805 64.44959869336704 28.38659276733402 21.307492473797772 54.574716210132884 47.700551572046386 29.87813606611135 18.178902647368396 10.825784642163477 21.844156754395524 29.005862456764124 34.82459206834662 15.509825111773404 8.171896574308235 22.354083511934025 53.956785017275536 50.40171529975275 41.02006374492942 59.18680774750923 34.20091187490376
28.919667170659878 45.77509985386276 18.6478048503157 32.16624111517146 61.118689642266794 19.31342407448944 20.18598453472087 12.66087303655248 48.6148165112217 40.50841297458737 48.43352524194182 35.40381759085672 77.84086361386849 32.4465862429511 0.0 36.24821309664352 20.823550099178803 40.68856166887553 29.190254300599126 15.107178686172677 33.05342963765645 43.62477072851802 20.552891529763944 28.38546134803971 53.02511064090309 25.911639860707815 43.29119741062614 12.233288415857091 48.33276282608158 36.46261477380881 51.22936557021377 29.69924454568677 73.42121207175703 70.75672614654758 6.804838193100524 24.5781029895693 21.63856946351281 40.62144967837985 50.599583226919904 29.40935184133745 32.15223006557614 36.489108634339495 47.05026932290769 34.25855784466654 76.06786258553387 15.25865688413144 72.25178420319952 37.35831877248935
24.977026326987623 41.79332373236338 44.81351387145138 61.58156537864698 51.56999851874601 30.03721845285541 16.38333574219796 24.114791792163242 17.54861314923319 68.59487557757548 28.292761938619474 32.467483486231835 61.631294745960695 6.889102361752536 36.24821309664352 0.0 24.966049530611684 4.876881116018478 21.307492473797772 23.720067375912098 21.369003441220833 38.393213925266195 29.9334214289864 57.14210557375956 38.99284521179561 37.74556075858384 35.89501254476116 24.725378569060805 18.281872625258888 65.59063851427072 32.98440840633579 28.194319329205324 59.14181378955803 51.35674944189866 34.7234128972394 17.08278924514568 15.556501386895807 27.85396645171966 33.9042767998736 32.73546095979988 11.532733511841114 1.4403373151786498 26.84861313145303 53.36248434534476 43.73433602150148 42.601914271376224 52.70302027621058 30.281431583063434
8.118638305741566 26.769174123121623 20.703829662235094 37.19967610064485 41.42695273035039 5.132013785052476 12.355069350134253 11.40929212201794 30.9709316184078 43.810326898103305 48.34820485773378 42.830895749853326 81.47150881923183 25.39154323268917 20.823550099178803 24.966049530611684 0.0 27.74134939957183 32.09637291452762 7.412964558659701 12.567672660641707 24.068436147307363 4.9791461865507 32.77241445703911 32.357392421438085 13.334589072936655 49.52659362869057 11.161749641538217 30.278653225186943 41.0321669963587 52.4539839452294 36.64788387310334 77.98150354250049 72.34250668274407 24.360578569071535 7.9228718238905405 18.899439456874426 43.62556064236999 52.62949409263239 11.237843819726631 15.531511884612401 24.384912820252236 46.793459807149155 28.620439304516623 57.299957552006916 19.228000159626486 51.45204398959908 16.85218310912473
26.38492298932238 41.44847004994658 48.112315575318874 64.81216228989685 49.921559962372164 32.87276198943228 20.591934042512896 28.330172553248623 13.458639034256553 71.55165957576754 30.27159092385646 36.53625918647242 62.96806629612972 11.476469457321533 40.68856166887553 4.876881116018478 27.74134939957183 0.0 25.726784437815553 27.512247283515546 21.916835333953337 38.070189019839816 32.61120123147169 60.37106044943017 37.15375255628673 39.911106475136734 39.33867763493091 28.903816824702293 14.424047413599498 68.72473041561047 35.001890875868945 32.61017373371737 60.842744377520006 52.384005673690694 39.44944720641279 19.84549224681136 20.3692777471616 31.12781483879665 36.142609471748145 34.233752982826054 12.803518765415477 4.231409585799174 28.93435521932391 55.56898488806465 38.94392732991341 46.105784009109925 49.4951344585355 30.366773619213365
37.07170204443226 56.778207041458515 45.212228849430964 60.77938384941647 69.25816050356204 35.535430962661046 19.88631667013548 23.061280778289895 38.855363288080994 68.91696462479237 19.246308727932362 11.76192564590815 50.154612156058775 14.423419126255093 29.190254300599126 21.307492473797772 32.09637291452762 25.726784437815553 0.0 25.963105003361033 36.51958624836208 53.56155797527067 36.186481918118616 56.68614065331942 57.48567227024349 44.79885247231753 17.494883230363715 23.720691403189107 39.550444797566676 65.08819925866443 22.193250126787476 6.890431334487556 46.28821504637592 42.06058445310368 23.998743100264566 27.229821251325255 13.261464355558825 11.987255246545839 21.787592596459845 43.105867862632536 28.05491232515573 22.59095824971593 17.88215917130554 58.510390057257425 64.37739518413504 42.04294465876797 73.16346160788292 45.17607811133748
15.088085072757458 34.18193299133232 21.483154500939502 38.20455817088414 48.75716152308547 9.620029422809907 7.849151697296212 3.99761878595501 33.80795193754957 45.62858883694165 43.45389119161266 36.11276276911805 75.9545703916126 22.129927448298456 15.107178686172677 23.720067375912098 7.412964558659701 27.512247283515546 25.963105003361033 0.0 18.283200925862076 31.458543066681194 10.39296312340795 33.796971486368186 39.26597384028963 18.878689710592454 43.128590265429175 3.802679553168023 33.423667217416096 42.33517790245043 47.266285144464916 29.88056487201967 72.21937461721069 67.28790730305296 17.443720351402874 9.506655917564597 13.339063376775368 37.817318334009485 47.23158150425152 18.45872828800708 17.34833648238432 23.56166046955891 41.91772415917743 32.83131501529957 61.090854045175924 18.99791387632549 58.03218330726269 24.024524311414876
5.872176589126965 20.783274794819864 31.698377015955238 47.198346031300375 32.81839755032905 16.39047818363425 18.152547127045604 21.84769746728808 20.197908543492023 52.7476081075506 48.960087031085386 48.1876543884163 82.54627133005451 25.151687917526257 33.05342963765645 21.369003441220833 12.567672660641707 21.916835333953337 36.51958624836208 18.283200925862076 0.0 17.423033442710967 15.467203556392672 42.919693882172105 21.74585525863401 19.940866326728333 53.67881558860445 21.903408200874118 19.179760948523413 50.613851603080995 53.51658148347211 42.44520763995285 79.72213842289695 72.518797417417 35.6723218966275 10.19695809212249 23.99881607445373 46.515652704950234 54.156882368269585 13.042958786384412 9.887230869112024 20.19790854349206 47.444727652036256 35.08147927700778 45.14473844581645 30.910663385618108 39.88311701012461 9.053993139339122
16.843690208301034 3.4002288176308366 34.183177652151045 45.346328412518254 17.508863316795452 24.313524097220004 34.23164607614139 35.453714124792306 31.520275236013436 48.34259826977395 66.32558897859856 65.07499526917735 99.88150158793215 42.56667372747338 43.62477072851802 38.393213925266195 24.068436147307363 38.070189019839816 53.56155797527067 31.458543066681194 17.423033442710967 0.0 23.07654285953233 41.85599613632016 12.17089487871723 20.05514544488764 70.89517333629594 35.22870933279644 30.03703006586178 47.600794901218194 70.90760824183572 59.14109352492521 97.12371913603575 89.73557390437303 48.139572737371644 26.40497705127807 40.60846024694713 63.88303001349857 71.57220206849718 14.27925014692763 27.16597274304488 37.11613814494122 64.81916905398796 29.115932512182592 48.67970240476647 35.15780059874805 31.08140717659494 8.425278467704326
9.8842523976443 25.325309030805162 16.405912482825183 32.57745633602884 40.5792692040645 1.2424016606717387 16.841548295916787 14.046767389961845 34.99023151725737 38.97433900692923 52.991948612754264 46.50418937466962 85.92460264907233 30.288733496956862 20.552891529763944 29.9334214289864 4.9791461865507 32.61120123147169 36.186481918118616 10.39296312340795 15.467203556392672 23.07654285953233 0.0 28.178856138894282 32.82453249091716 8.665047822055666 53.46819833343446 13.588267357471373 34.17183792585122 36.31301077065336 57.01005682643713 40.2731375723724 82.32113539915964 76.96123807418647 25.27206681740608 12.863866876793296 23.187550585193506 47.91231315276257 57.10857817348577 8.952310183426668 20.189968338235932 29.32981719960535 51.44015276316341 23.676409939962863 60.61193391483721 15.44353900373356 52.27144438119371 17.15333398033065
37.04753616529217 41.92281995015874 12.34219259447234 4.44236383823238 56.17705027448634 27.684997308009983 41.631842582596164 34.876059769344955 62.971584075448746 12.232517949080487 75.65562991328707 63.77658611240419 106.13125928656716 55.90158529313891 28.38546134803971 57.14210557375956 32.77241445703911 60.37106044943017 56.68614065331942 33.796971486368186 42.919693882172105 41.85599613632016 28.178856138894282 0.0 53.98269097080826 23.56258756347626 71.64609379694815 34.16520758954567 62.05023054299656 8.557885538051318 78.87704949909994 57.98343917300889 101.77433601821129 98.69400026802073 34.98822332713367 40.557934934466836 46.25159493990648 68.49700994217855 78.43195359872489 31.113083154030686 48.29175739277988 56.76526214936983 74.18814304269911 14.961350705420179 87.38576760802404 14.950221663059665 72.72567525350084 40.76895834196021
24.264575874214856 13.016115268465606 45.796923784706415 57.51175746249932 12.822182111408898 34.0497461674636 39.889857410632594 43.097344997644534 26.884784451968255 60.42596906836713 67.1951961966341 69.24578415882925 100.12028054492117 44.5828581972674 53.02511064090309 38.99284521179561 32.357392421438085 37.15375255628673 57.48567227024349 39.26597384028963 21.74585525863401 12.17089487871723 32.82453249091716 53.98269097080826 0.0 31.602369966246926 74.0942886981289 43.040317544617196 25.337644255199873 59.76170863682788 71.91244285186599 63.74463106753355 97.9439249581249 89.48660372253742 56.645765387013334 31.94073946722289 45.53674090156935 66.42677478829941 72.88817968576406 24.87945806131189 29.461965797285615 37.57078386242039 65.78531554064953 41.216181700219565 37.98231933029737 46.431681021593796 19.527122086843473 15.695428921067116
14.196760267698728 21.274829723898414 14.197323672707398 27.651997317296992 36.76235973371185 9.266326140885495 25.49482339830434 22.263096427399752 40.133460882631816 32.81690646115591 61.625609746218274 54.92212831255412 94.58945429402138 38.69526336159852 25.911639860707815 37.74556075858384 13.334589072936655 39.911106475136734 44.79885247231753 18.878689710592454 19.940866326728333 20.05514544488764 8.665047822055666 23.56258756347626 31.602369966246926 0.0 62.00627529781784 21.72155074402628 39.07906224835179 30.830460792038863 65.66700873061134 48.682486551066184 90.97485524329377 85.6054960251484 31.692198336965895 20.777211664306286 31.849343644433993 56.56280362107202 65.77316722249071 7.550551259747821 27.143976264889677 36.99318956451547 60.072497488724615 15.660964434958814 63.83195858474219 15.140733394129386 50.98893578007646 17.306154451024785
54.52915512133579 74.14863246692543 60.94821653925623 75.45461437997643 86.19208295714677 52.74766338530598 37.37638614264732 39.90022255737456 52.77015470514623 83.79821795273739 14.680804653412912 7.924512640546263 34.61247549522499 29.615453213439515 43.29119741062614 35.89501254476116 49.52659362869057 39.33867763493091 17.494883230363715 43.128590265429175 53.67881558860445 70.89517333629594 53.46819833343446 71.64609379694815 74.0942886981289 62.00627529781784 0.0 40.50953988385039 53.76171372283443 79.74593450122669 13.214682460267909 13.752439637879203 30.130662546791516 28.703037212112463 36.923350810803946 44.66601197087235 30.75266842198484 8.292854718023591 11.396684118016859 60.587424242700436 44.69868561043218 37.32271906210537 14.706493864425452 75.12801215920673 75.42678634980683 57.62885647755743 88.5952045612519 62.482234809732695
18.88786439839207 37.915917091006456 22.085429360512464 38.49037288604269 52.551339718763124 12.644614196681722 8.344449343546433 0.7113065980788735 36.38398387816041 46.239068329666964 41.93443511787395 33.25551453737048 73.87365513354143 22.06689705983004 12.233288415857091 24.725378569060805 11.161749641538217 28.903816824702293 23.720691403189107 3.802679553168023 21.903408200874118 35.22870933279644 13.588267357471373 34.16520758954567 43.040317544617196 21.72155074402628 40.50953988385039 0.0 36.11902207112696 42.71877811111016 45.51950328215027 27.018420877053263 69.97890752508762 65.53776334256195 13.769404318738605 12.583185800335734 12.092212167336607 35.69529183794658 45.339452273009854 22.03021626542144 19.93227704538697 24.78331756774575 40.42403944869203 34.793181573587525 63.86609924246431 19.21531603975813 61.731585041517114 27.827148155041524
25.036144105868626 33.09767205884387 50.57434005391045 66.35385616942845 38.045960760215685 34.91473724182759 28.89708259605439 35.74842435211964 1.5542699114761778 71.89576935174047 44.18967021191196 50.73330527799765 75.94205335854389 25.13473399009805 48.33276282608158 18.281872625258888 30.278653225186943 14.424047413599498 39.550444797566676 33.423667217416096 19.179760948523413 30.03703006586178 34.17183792585122 62.05023054299656 25.337644255199873 39.07906224835179 53.76171372283443 36.11902207112696 0.0 69.79338024566839 48.891031458186234 46.42290031737192 74.2418004896787 65.07543830272526 48.88109455129574 23.964430928840937 31.455150896653556 45.5500073415312 50.17125779892279 31.912586797427565 16.187571313199854 16.962837536264285 42.93926762973193 53.893496846220444 27.754062765400178 49.44269860027002 35.25241184088196 24.384758047410482
44.76189508218338 47.16788229671187 20.85740398141696 4.312028771274166 60.424809629300455 35.91074965961416 50.17550416114504 43.42943104450618 70.78083834635127 4.324576735957841 84.12094312134005 71.84592325371354 114.30274373667731 64.44959869336704 36.46261477380881 65.59063851427072 41.0321669963587 68.72473041561047 65.08819925866443 42.33517790245043 50.613851603080995 47.600794901218194 36.31301077065336 8.557885538051318 59.76170863682788 30.830460792038863 79.74593450122669 42.71877811111016 69.79338024566839 0.0 87.28068195231351 66.15438697792064 109.87157107940457 107.03866176296779 42.89883357170574 48.88373517683026 54.80218465069731 76.84042362102481 86.79479683255761 38.29115207077922 56.49661271860582 65.18065557797422 82.66164948826498 18.740898616471743 94.47054879688245 23.505571151737414 77.85821706164461 47.60774534330441
55.74272109536037 74.28635724877289 67.32030415704182 82.97140891627215 84.54563176841994 56.54122025408839 40.17227584814894 44.83098415801092 47.641671120546334 91.10672453752309 4.730678472783837 18.926958836087447 29.15556180969611 28.38659276733402 51.22936557021377 32.98440840633579 52.4539839452294 35.001890875868945 22.193250126787476 47.266285144464916 53.51658148347211 70.90760824183572 57.01005682643713 78.87704949909994 71.91244285186599 65.66700873061134 13.214682460267909 45.51950328215027 48.891031458186234 87.28068195231351 0.0 22.48480100216977 26.22389026987039 20.029288504832536 45.59249486369251 46.091789300491186 33.942726825141015 10.743561315555658 2.0196559797330766 62.762552788514924 43.75508842016639 34.384610893544085 6.135888331188547 80.09365709705159 66.9252143114502 64.19100123616715 84.12561384946913 62.570350744282955
42.41134212301905 62.27156487401778 47.19659925683818 61.85254737974277 75.26318119175001 39.47290044670663 24.965892151924745 26.441993971308644 45.74042954761072 70.1657182833425 20.86863970292695 6.239925188777242 48.153799015392515 21.307492473797772 29.69924454568677 28.194319329205324 36.64788387310334 32.61017373371737 6.890431334487556 29.88056487201967 42.44520763995285 59.14109352492521 40.2731375723724 57.98343917300889 63.74463106753355 48.682486551066184 13.752439637879203 27.018420877053263 46.42290031737192 66.15438697792064 22.48480100216977 0.0 43.817489570748414 41.27501257295684 23.547742778791687 32.744523817851615 18.540300662168793 11.805286416290752 21.48664143803793 47.85576231813847 34.45635173092917 29.46953871254883 19.836843483382115 61.4527999230139 71.17993033700331 43.880738062923804 79.81497079063652 50.8429195288078
81.77879128432131 100.4991984841992 90.96070097911314 105.58252141456164 110.64082444356406 81.73582366796549 65.62644985482818 69.32990824639691 72.89404103459667 113.92878316293472 30.86266028728206 38.026219616790144 5.3299902021128185 54.574716210132884 73.42121207175703 59.14181378955803 77.98150354250049 60.842744377520006 46.28821504637592 72.21937461721069 79.72213842289695 97.12371913603575 82.32113539915964 101.77433601821129 97.9439249581249 90.97485524329377 30.130662546791516 69.97890752508762 74.2418004896787 109.87157107940457 26.22389026987039 43.817489570748414 0.0 11.424387113928908 67.01502347839114 72.02528579367984 59.14114006767802 34.41370847674786 25.600964455868112 88.60001378853221 69.97755856586079 60.52582221614916 32.33944857886697 104.76803611176403 88.71903234832048 87.66829998742631 109.21401890209494 88.77405261177378
75.2090610096759 93.13438301974072 87.26665845007875 102.72663467029165 102.28385250766657 76.52029188330357 60.12054830411535 64.85136706781589 63.65811356869604 110.92599571268995 23.999181547684206 36.364146419389016 11.080907062306323 47.700551572046386 70.75672614654758 51.35674944189866 72.34250668274407 52.384005673690694 42.06058445310368 67.28790730305296 72.518797417417 89.73557390437303 76.96123807418647 98.69400026802073 89.48660372253742 85.6054960251484 28.703037212112463 65.53776334256195 65.07543830272526 107.03866176296779 20.029288504832536 41.27501257295684 11.424387113928908 0.0 64.8049887172155 65.73463611993942 53.956853046835306 30.199497258656933 20.27403148315934 82.433598141119 62.6419261881734 52.66596952726457 25.554798939967057 100.11804054238581 77.87543997068703 84.103331714248 99.60699430933899 81.53719105595087
32.39027348751642 50.556201631536744 25.443870014066928 38.630989451399664 65.62356475043264 24.081280164683026 19.985443851790123 13.86227789234871 48.947770530948496 47.016608211306135 43.13509791454151 29.002661594879356 71.53196151762931 29.87813606611135 6.804838193100524 34.7234128972394 24.360578569071535 39.44944720641279 23.998743100264566 17.443720351402874 35.6723218966275 48.139572737371644 25.27206681740608 34.98822332713367 56.645765387013334 31.692198336965895 36.923350810803946 13.769404318738605 48.88109455129574 42.89883357170574 45.59249486369251 23.547742778791687 67.01502347839114 64.8049887172155 0.0 26.164966233254585 19.257282009834526 34.876457402636554 44.81669079753139 34.21905744790175 32.85468029668227 35.224146552685646 41.82634051822596 40.97843400276408 76.55816130503776 22.05070648837205 75.47520080762105 41.21273236265698
9.875492360922983 29.574299625495534 28.35761182755303 44.995764465635986 42.73865067126435 13.043236009015574 8.00609485620206 12.361159928711075 24.411555420108957 51.71749181537692 41.777024563636836 38.67340026718553 75.24162060892033 18.178902647368396 24.5781029895693 17.08278924514568 7.9228718238905405 19.84549224681136 27.229821251325255 9.506655917564597 10.19695809212249 26.40497705127807 12.863866876793296 40.557934934466836 31.94073946722289 20.777211664306286 44.66601197087235 12.583185800335734 23.964430928840937 48.88373517683026 46.091789300491186 32.744523817851615 72.02528579367984 65.73463611993942 26.164966233254585 0.0 14.205836807261448 38.02994355629886 46.464100670129405 16.699031543672273 8.117668694121885 16.467067932555864 40.224686184638045 36.32433234347851 51.59148953390562 26.559966879436377 49.88064078656781 18.104422630000457
23.93606455201639 43.75882261236037 34.16535730545647 50.56370135609973 56.7987363161004 22.645660809583664 6.624869535661059 11.380905569257733 31.21070580548918 58.33043322781984 30.119053490897965 24.488636437389303 62.74702627413381 10.825784642163477 21.63856946351281 15.556501386895807 18.899439456874426 20.3692777471616 13.261464355558825 13.339063376775368 23.99881607445373 40.60846024694713 23.187550585193506 46.25159493990648 45.53674090156935 31.849343644433993 30.75266842198484 12.092212167336607 31.455150896653556 54.80218465069731 33.942726825141015 18.540300662168793 59.14114006767802 53.956853046835306 19.257282009834526 14.205836807261448 0.0 24.74616253418362 33.95737575496003 29.846572269452412 16.92381007525684 16.192090846577603 28.585639269357767 46.168349803836065 58.535070179565196 31.30367129769217 62.45608516150604 32.30272987931041
47.888633583028415 67.19372893338218 57.152957235469486 72.52842968573698 78.70045684809571 47.32212275693603 31.279711927434935 35.03041885208047 44.53283195187128 80.72843205755858 9.302778143664542 9.416543484543597 38.18129284729242 21.844156754395524 40.62144967837985 27.85396645171966 43.62556064236999 31.12781483879665 11.987255246545839 37.817318334009485 46.515652704950234 63.88303001349857 47.91231315276257 68.49700994217855 66.42677478829941 56.56280362107202 8.292854718023591 35.69529183794658 45.5500073415312 76.84042362102481 10.743561315555658 11.805286416290752 34.41370847674786 30.199497258656933 34.876457402636554 38.02994355629886 24.74616253418362 0.0 9.978148780748626 54.4016058292816 37.21364142090877 29.290852552410964 8.544997063711861 70.47355786044844 67.23091401349905 53.95476202312888 80.49806004777363 55.4588414838699
56.189106746746624 74.93980100696197 66.99770045338943 82.48311325025855 85.46826728745742 56.599173935719975 40.300695532701035 44.65958704786759 48.951817597048844 90.664452919299 6.0569359247872825 17.52625087509868 28.8439143315649 29.005862456764124 50.599583226919904 33.9042767998736 52.62949409263239 36.142609471748145 21.787592596459845 47.23158150425152 54.156882368269585 71.57220206849718 57.10857817348577 78.43195359872489 72.88817968576406 65.77316722249071 11.396684118016859 45.339452273009854 50.17125779892279 86.79479683255761 2.0196559797330766 21.48664143803793 25.600964455868112 20.27403148315934 44.81669079753139 46.464100670129405 33.95737575496003 9.978148780748626 0.0 63.08773773093679 44.464227429460266 35.320283123893354 7.2321452999992655 80.0245636588268 68.67620209785407 63.82965070560018 85.42259610893959 63.20364247617024
7.849017300087186 16.3843901450569 21.275948476247798 35.187003301917585 31.725182293433413 10.16285953310187 23.223230336045408 22.3849802970364 33.04361337118418 40.104840989933884 58.47270192432389 54.01995863569089 91.8993743730323 34.82459206834662 29.40935184133745 32.73546095979988 11.237843819726631 34.233752982826054 43.105867862632536 18.45872828800708 13.042958786384412 14.27925014692763 8.952310183426668 31.113083154030686 24.87945806131189 7.550551259747821 60.587424242700436 22.03021626542144 31.912586797427565 38.29115207077922 62.762552788514924 47.85576231813847 88.60001378853221 82.433598141119 34.21905744790175 16.699031543672273 29.846572269452412 54.4016058292816 63.08773773093679 0.0 21.48405172854972 31.796561310488375 56.919667641160714 22.054455487735133 56.287064957251914 21.60143023669923 44.40165553472779 9.880390214433712
13.643578651034275 30.553859267753385 36.22371259812755 52.71241422273269 41.50985326762329 20.60833193586631 12.98007346932466 19.56215739842831 16.480489697169716 59.140913316125655 39.16093205709368 39.81596867224662 72.71913200716018 15.509825111773404 32.15223006557614 11.532733511841114 15.531511884612401 12.803518765415477 28.05491232515573 17.34833648238432 9.887230869112024 27.16597274304488 20.189968338235932 48.29175739277988 29.461965797285615 27.143976264889677 44.69868561043218 19.93227704538697 16.187571313199854 56.49661271860582 43.75508842016639 34.45635173092917 69.97755856586079 62.6419261881734 32.85468029668227 8.117668694121885 16.92381007525684 37.21364142090877 44.464227429460266 21.48405172854972 0.0 10.437578630301699 37.65744895590054 42.79113324064847 43.939084904698035 34.57959662707696 45.59000261341194 18.897132650863718
23.998340373779968 40.51624316657639 44.457377233643285 61.207270883743554 50.162870216351315 29.48853224591853 16.448234958565983 24.195246215481202 16.280180580567436 68.12048356384813 29.686453671865753 33.82653441612904 62.98033672354202 8.171896574308235 36.489108634339495 1.4403373151786498 24.384912820252236 4.231409585799174 22.59095824971593 23.56166046955891 20.19790854349206 37.11613814494122 29.32981719960535 56.76526214936983 37.57078386242039 36.99318956451547 37.32271906210537 24.78331756774575 16.962837536264285 65.18065557797422 34.384610893544085 29.46953871254883 60.52582221614916 52.66596952726457 35.224146552685646 16.467067932555864 16.192090846577603 29.290852552410964 35.320283123893354 31.796561310488375 10.437578630301699 0.0 28.249562182853293 52.63668825782249 42.73399332032479 42.33020669969019 51.27962640436297 29.05454548676531
49.796971757421616 68.2019773200328 62.413328484202815 78.36506111453018 78.41149081642972 51.02804536020284 34.609705462529675 39.723430593072976 41.7224322937744 86.39120223046352 1.5556833440238456 17.940215408885663 35.13148791655841 22.354083511934025 47.05026932290769 26.84861313145303 46.793459807149155 28.93435521932391 17.88215917130554 41.91772415917743 47.444727652036256 64.81916905398796 51.44015276316341 74.18814304269911 65.78531554064953 60.072497488724615 14.706493864425452 40.42403944869203 42.93926762973193 82.66164948826498 6.135888331188547 19.836843483382115 32.33944857886697 25.554798939967057 41.82634051822596 40.224686184638045 28.585639269357767 8.544997063711861 7.2321452999992655 56.919667641160714 37.65744895590054 28.249562182853293 0.0 74.72836322756771 61.96090297689159 59.36770239537881 78.1908668212934 56.498344978070676
29.58192155588025 28.47903344425413 15.873268690758913 17.263770687632185 41.80279032185832 23.869941614239917 40.213884457836926 35.4491716914653 55.06246012977728 19.227936876675336 76.26899544465624 67.62406573124498 108.6547739561442 53.956785017275536 34.25855784466654 53.36248434534476 28.620439304516623 55.56898488806465 58.510390057257425 32.83131501529957 35.08147927700778 29.115932512182592 23.676409939962863 14.961350705420179 41.216181700219565 15.660964434958814 75.12801215920673 34.793181573587525 53.893496846220444 18.740898616471743 80.09365709705159 61.4527999230139 104.76803611176403 100.11804054238581 40.97843400276408 36.32433234347851 46.168349803836065 70.47355786044844 80.0245636588268 22.054455487735133 42.79113324064847 52.63668825782249 74.72836322756771 0.0 76.94751304474059 19.135237352512505 59.11916625817182 30.27129019724841
50.853968056434525 50.54465091865024 76.73233619384384 91.47141464979877 46.34021328535417 61.519559020128916 56.58087947010627 63.50117905916855 27.610669176741176 95.9358284221948 62.75973954136288 74.35426094144798 88.8684567899718 50.40171529975275 76.06786258553387 43.73433602150148 57.299957552006916 38.94392732991341 64.37739518413504 61.090854045175924 45.14473844581645 48.67970240476647 60.61193391483721 87.38576760802404 37.98231933029737 63.83195858474219 75.42678634980683 63.86609924246431 27.754062765400178 94.47054879688245 66.9252143114502 71.17993033700331 88.71903234832048 77.87543997068703 76.55816130503776 51.59148953390562 58.535070179565196 67.23091401349905 68.67620209785407 56.287064957251914 43.939084904698035 42.73399332032479 61.96090297689159 76.94751304474059 0.0 76.05529285617031 31.494388659785365 46.88050051625093
25.258324932968307 36.39972359294043 3.3978411073173094 19.294485279339202 51.850321761696684 14.571862170173828 26.784054776156818 19.92626620151578 50.17838525966093 27.057810940635814 60.85006811599867 49.873110411616736 91.87000787699787 41.02006374492942 15.25865688413144 42.601914271376224 19.228000159626486 46.105784009109925 42.04294465876797 18.99791387632549 30.910663385618108 35.15780059874805 15.44353900373356 14.950221663059665 46.431681021593796 15.140733394129386 57.62885647755743 19.21531603975813 49.44269860027002 23.505571151737414 64.19100123616715 43.880738062923804 87.66829998742631 84.103331714248 22.05070648837205 26.559966879436377 31.30367129769217 53.95476202312888 63.82965070560018 21.60143023669923 34.57959662707696 42.33020669969019 59.36770239537881 19.135237352512505 76.05529285617031 0.0 65.92230037914521 31.341354294099805
