0.0 22.791435242020636 41.63829722385026 7.221294980811956 36.1565546996154 63.84051982651405 18.12973627974023 6.484100774072026 65.2732903911997 38.793328753080104 32.7766722668002 33.381797080847655 21.87388768728124 18.845087782646576 16.624443272270412 37.53470088530667 35.76632236006219 32.77282122867523 41.8009478683214 18.30946951946892 43.79326635754815 27.36245556440418 14.705916918665725 30.17220105405918 31.79551142859625 55.708099841951366 20.72155395904253 14.347582419080137 13.673992544071467 34.3311900089626 19.157404227807092 36.27098444808907 18.398697811141332 3.4024193881706237 64.06275481611794 26.52046628497251 31.64395532408077 35.44179650339151 52.96830388207617 14.827912048693666 22.453622416827198 8.20981529729512 30.390894510067927 21.09933504112075 30.137635914037386 30.15623324594007
22.791435242020636 0.0 32.25842096624784 21.179099732299182 58.083340994122594 49.934030392412254 37.474792028620094 24.049030273547213 68.26500565956233 60.52361045201609 54.78004821581717 48.35475857451164 43.51024025753178 29.046308544962415 25.233025046875564 52.782881308859665 49.00594088150762 49.52860418256007 63.712087677212615 6.28326669750798 43.75210374002886 4.732847841157421 30.568687496974444 34.97394081063212 54.43233520145821 45.729957655600714 39.809904593717484 33.76193671762748 36.39792424376136 55.90284776232852 38.833483864863155 53.08818245628364 38.371305683153736 25.91791688084667 72.72591431117976 49.27274166514172 42.20096506215821 55.0858067187394 69.57494620065087 11.882766654718004 45.074897403457506 26.061264542479783 44.132445850393694 43.59618397902981 52.00845081196871 33.64875167966001
41.63829722385026 32.25842096624784 0.0 34.830786734883034 75.13816757877464 22.965515129473378 43.04218067470104 47.012792207637084 40.93897977053015 78.0077555465156 71.80760474339341 42.12556383382274 51.38176563580585 29.09098059818914 27.983837642305303 45.42081916243888 39.84628600421375 74.35252064656625 80.50775073782201 29.429552805700922 18.261795535612624 30.697123447492753 55.513532440560446 22.17833429509193 68.74895606837204 14.240091811776571 43.862923430002425 55.98565644457662 50.325476059026606 74.03154833831498 44.31940354519842 48.25953929470423 44.57631526591486 44.735056479515194 51.170731355433446 60.892355254196936 32.321316445539026 76.69598171336995 60.55357953020063 28.514325820519726 60.522193290677386 49.17954037237762 71.13065980786614 59.85177690913419 69.59847265751677 20.26061045704548
7.221294980811956 21.179099732299182 34.830786734883034 0.0 41.349143674360654 57.33531034350069 16.343064193046796 13.524240246561664 58.52246397710466 44.118162989847185 37.95673599030065 29.21546127287147 22.530556451296565 12.302287873144065 9.588727827260199 33.578745781490724 30.94566223620239 39.83799399289356 46.92202807886887 15.436032335443501 36.632041925272674 25.205261263227154 21.910888276583098 23.204479492260905 36.021181331382195 48.77415297984813 18.75179670963723 21.348248341746807 17.01167933757564 39.85638847605637 17.67831497406948 33.06952143045165 17.194910548707053 9.977731881137018 58.30470676896202 29.492870294816413 25.83322253543489 41.891724386004455 49.8492461829943 10.424281317399554 26.97477901218725 15.396743821357694 37.611882655543894 25.945631208815204 35.50214130256192 23.06449131646952
36.1565546996154 58.083340994122594 75.13816757877464 41.349143674360654 0.0 98.050504812682 33.79754073594266 34.098803124411745 85.8693426854217 2.9113738462045378 3.3952568040919555 45.945484613522474 26.325635651797526 46.67205634909453 47.181474549419384 47.425812570081106 50.177902323780195 20.802028123767485 5.649539542075202 54.35325817061742 71.12199431347629 62.80500658238842 29.61849483570657 57.179711807779356 8.04101868060308 88.31646922567772 34.232732084651154 24.879990475245933 24.82480672302732 3.086600904824095 32.93096084721452 43.42969621458358 32.30172266349619 32.76668501664636 77.30713831658565 16.406782784619665 51.94026805561633 11.609200609959736 53.710906927327905 50.892579272222 14.616210352162177 32.22913750986854 27.810287422159742 15.418546094405384 6.075327881155584 58.24905843548403
63.84051982651405 49.934030392412254 22.965515129473378 57.33531034350069 98.050504812682 0.0 65.91925320403557 68.72752430896294 48.30817879910383 100.91041212687274 94.70766509594476 63.258918782785614 74.25973329580833 52.00990057535942 50.93776293831475 65.9649645151522 60.33002369945579 96.20667994259023 103.44606086387769 49.14449968228171 34.68293139627103 46.74935492474171 77.03410374427126 43.97239671596467 91.7136402904364 12.508571137301049 66.62268707422332 78.10322671056217 73.2266006600782 96.87836899825028 67.16930715909982 69.3199946575866 67.46115969355276 67.06863417902854 63.38202257420672 83.84271889708862 53.426471512559544 99.19716936900387 79.40842473088739 49.75559077145085 83.43576768761955 70.9396542497946 92.30157014593482 82.72087705242544 92.45522593224128 42.243314974675556
18.12973627974023 37.474792028620094 43.04218067470104 16.343064193046796 33.79754073594266 65.91925320403557 0.0 23.136613342381924 53.89326359371166 36.70317013209302 30.743084745435464 16.504465763579375 8.341349892294726 13.975915702481753 15.949002627245267 20.183450511305598 19.848766907303272 40.75937279041273 38.684967159302914 31.54608479197097 37.325597371736954 41.33182608218817 28.551504961763804 23.446439665072692 26.502034665573916 55.321774440930895 2.591827396496995 24.701480850713637 11.773255775921584 33.483139150878955 1.434662655910404 18.326444302778185 1.5530060737577058 17.41539268902347 49.02673689760862 18.167697773962974 18.869841931638994 38.81341021597867 34.887683720744825 26.14547372284641 19.926273754983708 23.66441887228457 41.726677366081184 20.071047621455605 29.17017143689737 24.642218973805054
6.484100774072026 24.049030273547213 47.012792207637084 13.524240246561664 34.098803124411745 68.72752430896294 23.136613342381924 0.0 71.75656198922769 36.49171894931832 30.835850672664044 39.09033487702175 25.113209324576097 25.328113827334157 23.052941006224522 43.09826759812441 41.73402620263969 27.47937106324035 39.70777364071649 21.007510827256 50.15545181134406 28.781408883825087 8.558201106661883 36.63286881077283 31.0989801040932 61.20122297198622 25.67985919150768 9.874056621169244 15.530009102163621 31.8604675639539 23.941016562621293 41.463057491559006 23.080847518428023 5.728137894814927 70.30554500489477 27.445186279755813 37.97551889074696 31.466511746325114 57.93899686576543 19.00082729507345 21.901039463144386 2.222448735048034 24.310895886271236 20.229112047803206 28.03305157534144 36.57176524598184
65.2732903911997 68.26500565956233 40.93897977053015 58.52246397710466 85.8693426854217 48.30817879910383 53.89326359371166 71.75656198922769 0.0 88.6340035017923 83.27445573359586 39.95691410733461 59.88418968186476 46.428452160037196 48.973954830352646 39.14205202189523 35.70402956503055 94.49971584596304 89.80051074294221 63.165564668357185 24.601450836285963 68.48473977295926 79.57270719397665 35.441596575235636 77.89457585555415 37.29793831416251 52.58341201291543 77.21252639061743 65.53871986023164 86.2658876262601 54.260345465620546 43.4306037438103 55.10407612480514 66.89584104380259 17.465385851002193 69.47493415990219 35.09980416497446 92.51728244175939 43.15937144469026 59.250305460217 73.39465859426159 73.3242308559991 94.52140829784162 73.80160098090296 82.24613214080561 35.983758339110594
38.793328753080104 60.52361045201609 78.0077555465156 44.118162989847185 2.9113738462045378 100.91041212687274 36.70317013209302 36.49171894931832 88.6340035017923 0.0 6.203111811233286 48.69062270694784 29.18986224321459 49.57641731366044 50.06115007955944 50.075810423245976 52.93286748607877 21.016420814932395 3.3959099920121116 56.92486789139468 74.02623408486787 65.2520699788303 31.595358264601735 60.090148482374936 10.74089261662518 91.21183685265726 37.1176146510591 27.080389415991426 27.684997308009983 4.669427397130032 35.82903509372151 46.037653640266235 35.20495146867163 35.39535259908061 79.85901573225311 19.215233923469675 54.8023328932067 11.303000144811065 55.8741148060473 53.568393468450395 17.489195384195376 34.56489069597776 28.415535463561362 18.227567061340242 8.659945794449985 61.16041532411309
32.7766722668002 54.78004821581717 71.80760474339341 37.95673599030065 3.3952568040919555 94.70766509594476 30.743084745435464 30.835850672664044 83.27445573359586 6.203111811233286 0.0 43.436267599518466 23.505826556067873 43.43194176654472 43.867881469083535 45.13498424313114 47.63705194715875 19.835209029254095 9.025040268786654 50.991627323899586 68.05856688012256 59.49701223992398 26.681231746767644 54.05477774027276 6.208977980910907 85.03740294298117 31.303640042652535 21.77427587565708 21.483237359354778 3.1017493513455534 29.93278728306558 41.23904773483287 29.268924319308237 29.390010470881286 75.176391837962 13.864638540179907 49.08409610991751 11.65629115229475 52.30575187621628 47.5022780696829 11.296965820468172 29.00536956778689 26.28132982080495 12.035273222735967 2.8518712482826976 55.08501447170116
33.381797080847655 48.35475857451164 42.12556383382274 29.21546127287147 45.945484613522474 63.258918782785614 16.504465763579375 39.09033487702175 39.95691410733461 48.69062270694784 43.436267599518466 0.0 20.392950086280898 19.388435515751077 23.166929459763505 4.433371980402704 4.267839588471826 56.49625091507758 49.85334873153411 42.07241544797462 29.76085128625749 51.265442811732925 45.022495843549834 19.987460371556505 37.94973091536507 51.25016171696616 14.348115719066962 41.180231011947825 27.93901232336377 46.46742669950421 16.235923257537312 6.134380283787785 17.180002755099746 33.39443045139515 32.79782290606787 29.585828618182205 9.866289114504346 53.211318150661334 21.266424833922454 36.48355881694421 34.12305597623985 39.87438461183029 58.05816287685215 34.814111368000404 42.587421129857965 21.960357816017456
21.87388768728124 43.51024025753178 51.38176563580585 22.530556451296565 26.325635651797526 74.25973329580833 8.341349892294726 25.113209324576097 59.88418968186476 29.18986224321459 23.505826556067873 20.392950086280898 0.0 22.3039657561604 24.059625640928225 22.861002504944043 24.455501680966826 36.443346358020904 30.891768143429083 37.95508245782949 45.08816711205952 47.69437543787879 28.178245823653278 31.500759669333537 18.65963374681715 63.60615932823874 8.04413135185979 23.255793858091515 9.977920159111832 26.434767144785905 7.117973387016089 19.622923398222692 6.806033654998307 19.908555574673876 52.985390132854256 10.131035739051931 25.614638847718908 32.82780046756839 34.40765054918171 32.87414316227006 13.732751870860694 24.890702184718872 38.889690635154714 14.510335566403128 22.362017151354546 32.80641141925029
18.845087782646576 29.046308544962415 29.09098059818914 12.302287873144065 46.67205634909453 52.00990057535942 13.975915702481753 25.328113827334157 46.428452160037196 49.57641731366044 43.43194176654472 19.388435515751077 22.3039657561604 0.0 3.8162290742717913 23.79531649456523 20.015818136888992 49.642232206157495 51.863062278533526 22.76688252368676 25.798303568376163 31.877338339052212 33.26138600479487 11.6530425574911 39.88493223341212 41.7052157863449 15.046133076831522 31.484723110529085 22.269492511975756 45.90106901417239 15.290838073002895 24.5292472286584 15.498847499509617 20.610439489840534 46.146598699532014 31.85184674787403 13.851445823849296 49.85332458958085 40.65447070982578 17.23645693363937 32.17600276619812 26.924940275924683 48.57778625028144 31.794640628137145 41.46758023506511 12.108403897708333
16.624443272270412 25.233025046875564 27.983837642305303 9.588727827260199 47.181474549419384 50.93776293831475 15.949002627245267 23.052941006224522 48.973954830352646 50.06115007955944 43.867881469083535 23.166929459763505 24.059625640928225 3.8162290742717913 0.0 27.58317768575643 23.82613022519976 48.512011210848755 52.52716615546484 18.95246067638452 27.207230130779774 28.117359161691557 31.299152465691357 13.61585264208821 40.79087223020843 41.239936889552325 17.468171038081547 30.107289403124707 22.412655078264848 46.169138585286284 17.354089990202443 28.19007809852723 17.374504010921445 18.86825791022028 49.54424314112985 33.09711091818539 17.485677115426103 49.47101202131563 44.42693582809211 13.42142783498845 32.57230963483628 24.83033766489202 46.87564058395495 31.97852821368635 41.72712251750842 13.532443233676315
37.53470088530667 52.782881308859665 45.42081916243888 33.578745781490724 47.425812570081106 65.9649645151522 20.183450511305598 43.09826759812441 39.14205202189523 50.075810423245976 45.13498424313114 4.433371980402704 22.861002504944043 23.79531649456523 27.58317768575643 0.0 5.640919734724876 59.281178600284385 50.962479834491525 46.500104793335 31.832954040016222 55.66654768089204 48.71665938835621 23.49963058246437 39.385023538344356 53.763637706215526 17.833322938360045 44.64545324758377 31.20774663197828 48.21273195341236 19.714448856071463 4.313336213750558 20.65554356774303 37.37902216065332 30.194820083933436 31.300777637494214 13.179633624642873 55.39335121711503 16.880234839795012 40.914021305128905 36.50313711279336 43.78120525248163 61.271779919971934 37.36840645832071 44.53992064544771 25.5046760564055
35.76632236006219 49.00594088150762 39.84628600421375 30.94566223620239 50.177902323780195 60.33002369945579 19.848766907303272 41.73402620263969 35.70402956503055 52.93286748607877 47.63705194715875 4.267839588471826 24.455501680966826 20.015818136888992 23.82613022519976 5.640919734724876 0.0 60.29819986625131 54.116374092583634 42.74066598326815 26.30074265803639 51.59021582650334 48.099911784544545 18.08236998860212 42.19250222143559 48.14839124247199 17.925268540361305 44.51969367895627 31.518171978861496 50.65680718322446 19.779334877820403 9.286091263710054 20.708832795884966 36.11423873207051 29.178088017091117 33.8008195402368 7.808977929312277 57.280543950855666 21.562188418298064 37.24536149132392 38.15726168902091 42.682660905858675 61.57141006037284 38.77720144367019 46.735197974485445 20.093211716782456
32.77282122867523 49.52860418256007 74.35252064656625 39.83799399289356 20.802028123767485 96.20667994259023 40.75937279041273 27.47937106324035 94.49971584596304 21.016420814932395 19.835209029254095 56.49625091507758 36.443346358020904 49.642232206157495 48.512011210848755 59.281178600284385 60.29819986625131 0.0 24.047031963532742 47.8972151377002 75.43419253606822 54.08824890566614 19.312679687012388 61.273923441614926 25.30986676202233 88.46874564667324 42.40875728612691 18.493971550045053 29.005122938490775 17.79413855649992 40.596772329463924 56.028263877287486 39.693550421857424 29.8748771193042 89.28183093935688 29.898059577242595 59.40295090903351 9.890104702476817 69.54199604927756 46.46524110483041 23.157877606622172 25.269642246171614 7.930013085823059 22.01612640102044 18.178832139301917 61.70410148839568
41.8009478683214 63.712087677212615 80.50775073782201 46.92202807886887 5.649539542075202 103.44606086387769 38.684967159302914 39.70777364071649 89.80051074294221 3.3959099920121116 9.025040268786654 49.85334873153411 30.891768143429083 51.863062278533526 52.52716615546484 50.962479834491525 54.116374092583634 24.047031963532742 0.0 60.002797671487784 75.93407102160837 68.43604493437691 34.9635827453907 62.12904737213258 12.233344402408433 93.5585648885324 38.907495955769704 30.38496737902219 30.265286390339156 8.016933372798519 37.72816822426926 46.8307080595245 37.16033278724358 38.412851570641244 80.44651904982003 20.775648934909757 56.41265749798462 14.19803244158193 55.74209032174163 56.52404739314058 20.05457039677237 37.81278649270686 31.586865441281322 20.976399055169814 11.715840900155346 63.27249504434729
18.30946951946892 6.28326669750798 29.429552805700922 15.436032335443501 54.35325817061742 49.14449968228171 31.54608479197097 21.007510827256 63.165564668357185 56.92486789139468 50.991627323899586 42.07241544797462 37.95508245782949 22.76688252368676 18.95246067638452 46.500104793335 42.74066598326815 47.8972151377002 60.002797671487784 0.0 38.87135537084669 9.791351747614573 28.594810225613735 29.14373693568183 50.081685957378696 43.45213587730926 33.81485271636267 30.87844526905298 31.527663233067752 52.3853308774638 32.93009205926842 46.83572040331368 32.5203349162106 21.643853547823028 66.87314746438363 44.35661619425845 36.0060208584513 52.47379192292504 63.29724803910896 5.619131559280806 40.75399591660156 23.18473174412509 43.323491336932655 39.40754401465901 48.299076392074625 27.942890508428917
43.79326635754815 43.75210374002886 18.261795535612624 36.632041925272674 71.12199431347629 34.68293139627103 37.325597371736954 50.15545181134406 24.601450836285963 74.02623408486787 68.05856688012256 29.76085128625749 45.08816711205952 25.798303568376163 27.207230130779774 31.832954040016222 26.30074265803639 75.43419253606822 75.93407102160837 38.87135537084669 0.0 43.883319219425914 58.492098267591885 14.239990535816597 63.7077559099681 22.23193321872961 37.0467669325021 57.187336031520935 47.65754207127038 70.7523306645724 38.21560559001706 35.55017049571963 38.821591037039425 46.05658483534078 32.9317891380618 55.216354284785055 20.475828794766425 75.40107204220713 44.7352590303588 35.39556789583666 57.072165944665855 52.002219704414024 74.08007376329384 56.95932107065529 66.3892106476195 13.746407454208727
27.36245556440418 4.732847841157421 30.697123447492753 25.205261263227154 62.80500658238842 46.74935492474171 41.33182608218817 28.781408883825087 68.48473977295926 65.2520699788303 59.49701223992398 51.265442811732925 47.69437543787879 31.877338339052212 28.117359161691557 55.66654768089204 51.59021582650334 54.08824890566614 68.43604493437691 9.791351747614573 43.883319219425914 0.0 35.22814731996936 36.4842591102667 59.07918558029241 43.54398811063529 43.58362920778775 38.49020909465209 40.8971913248964 60.63329707166841 42.71868698465759 56.25846540045273 42.311682966147686 30.542694237803648 74.04832513904704 53.77076469479713 44.47809992752277 59.78348371467489 72.53173773281995 15.257777628422799 49.720719388405655 30.793117840894 48.51270218790129 48.26271224161675 56.7297987695461 34.97542400691489
14.705916918665725 30.568687496974444 55.513532440560446 21.910888276583098 29.61849483570657 77.03410374427126 28.551504961763804 8.558201106661883 79.57270719397665 31.595358264601735 26.681231746767644 45.022495843549834 28.178245823653278 33.26138600479487 31.299152465691357 48.71665938835621 48.099911784544545 19.312679687012388 34.9635827453907 28.594810225613735 58.492098267591885 35.22814731996936 0.0 44.766695576934964 28.58990592379968 69.71927637302625 30.89214103383921 5.577718153522612 18.25126629010306 26.9469172619451 29.022938924018067 46.50589064394471 28.089618739552904 12.678063589761633 77.10451981463967 27.360126336020077 45.18996255380379 24.650096762402235 62.37141553173118 27.286110190497023 20.46197477899858 6.520856586156454 15.758334700706644 18.60415963000849 23.84076865488167 44.827692000021685
30.17220105405918 34.97394081063212 22.17833429509193 23.204479492260905 57.179711807779356 43.97239671596467 23.446439665072692 36.63286881077283 35.441596575235636 60.090148482374936 54.05477774027276 19.987460371556505 31.500759669333537 11.6530425574911 13.61585264208821 23.49963058246437 18.08236998860212 61.273923441614926 62.12904737213258 29.14373693568183 14.239990535816597 36.4842591102667 44.766695576934964 0.0 49.94674534925471 32.52995572691017 23.499839448426023 43.135784772056354 33.43723382536143 56.68690590200238 24.458863965872318 26.113860199290386 24.978538193879384 32.17584175298662 37.75484387808208 41.557391354971735 10.32153455405533 61.172367434766144 39.46531024945051 24.479731249757798 42.968656771497926 38.3507144222646 60.19026789290255 42.79201338552413 52.29713451034376 2.0108491597433478
31.79551142859625 54.43233520145821 68.74895606837204 36.021181331382195 8.04101868060308 91.7136402904364 26.502034665573916 31.0989801040932 77.89457585555415 10.74089261662518 6.208977980910907 37.94973091536507 18.65963374681715 39.88493223341212 40.79087223020843 39.385023538344356 42.19250222143559 25.30986676202233 12.233344402408433 50.081685957378696 63.7077559099681 59.07918558029241 28.58990592379968 49.94674534925471 0.0 81.58342929129431 26.674803859646325 23.192229886135863 19.022687490103138 9.255427463208264 25.514926547037643 35.3927947498573 24.968275048538082 28.542516519048608 69.28495306987948 8.558122074411243 44.21067207260645 17.789969789773167 46.10367453688823 46.06853025319462 9.358492514610646 29.565165795525918 31.06561918064199 10.89180599927805 7.1333581012666585 51.12790855457273
55.708099841951366 45.729957655600714 14.240091811776571 48.77415297984813 88.31646922567772 12.508571137301049 55.321774440930895 61.20122297198622 37.29793831416251 91.21183685265726 85.03740294298117 51.25016171696616 63.60615932823874 41.7052157863449 41.239936889552325 53.763637706215526 48.14839124247199 88.46874564667324 93.5585648885324 43.45213587730926 22.23193321872961 43.54398811063529 69.71927637302625 32.52995572691017 81.58342929129431 0.0 55.75753600308276 70.04695032419957 63.636945718622975 87.39559223683901 56.48873677932101 57.24806288002474 56.87469026904061 58.733012510772156 51.43259330378703 73.4507833134125 41.49922342863257 90.49546486675743 66.92566014522487 42.7522495278683 73.74480864230839 63.355820146700815 85.35907481410361 73.20952379747222 82.95258754544199 30.962963520047687
20.72155395904253 39.809904593717484 43.862923430002425 18.75179670963723 34.232732084651154 66.62268707422332 2.591827396496995 25.67985919150768 52.58341201291543 37.1176146510591 31.303640042652535 14.348115719066962 8.04413135185979 15.046133076831522 17.468171038081547 17.833322938360045 17.925268540361305 42.40875728612691 38.907495955769704 33.81485271636267 37.0467669325021 43.58362920778775 30.89214103383921 23.499839448426023 26.674803859646325 55.75753600308276 0.0 26.859897416658868 13.611265612954346 34.14834962063927 1.8911450821542393 15.797460868124622 2.8365979690332908 19.966401555204317 47.060703717431764 18.169592896728997 17.826494743992527 39.9429748262429 32.30813019716531 28.35141955538945 20.860554206760984 26.15395844954166 43.71817792064342 21.218414631322755 29.93283250260719 24.862068575444336
14.347582419080137 33.76193671762748 55.98565644457662 21.348248341746807 24.879990475245933 78.10322671056217 24.701480850713637 9.874056621169244 77.21252639061743 27.080389415991426 21.77427587565708 41.180231011947825 23.255793858091515 31.484723110529085 30.107289403124707 44.64545324758377 44.51969367895627 18.493971550045053 30.38496737902219 30.87844526905298 57.187336031520935 38.49020909465209 5.577718153522612 43.135784772056354 23.192229886135863 70.04695032419957 26.859897416658868 0.0 13.56904689807266 22.412648986037706 24.968948103832815 42.144714776928666 24.023610534340055 11.380905569259147 73.67930332642132 21.802141552465724 42.35754522538197 21.60205899266876 57.635080503532755 28.59481022561371 14.889451353350006 7.7353637325337505 17.319163011951776 13.032822277604689 18.92347269876699 43.44095835991674
13.673992544071467 36.39792424376136 50.325476059026606 17.01167933757564 24.82480672302732 73.2266006600782 11.773255775921584 15.530009102163621 65.53871986023164 27.684997308009983 21.483237359354778 27.93901232336377 9.977920159111832 22.269492511975756 22.412655078264848 31.20774663197828 31.518171978861496 29.005122938490775 30.265286390339156 31.527663233067752 47.65754207127038 40.8971913248964 18.25126629010306 33.43723382536143 19.022687490103138 63.636945718622975 13.611265612954346 13.56904689807266 0.0 23.759233782682923 11.741462953520577 28.58808124798867 10.809398272739172 10.940958426207093 60.67084496870874 12.876002894340415 30.4426111300471 27.747858770706774 44.148782145043135 27.187871514169434 10.216037664707272 15.056432753982236 30.120859576969238 9.574201569135099 19.31645746397737 34.233858811543826
34.3311900089626 55.90284776232852 74.03154833831498 39.85638847605637 3.086600904824095 96.87836899825028 33.483139150878955 31.8604675639539 86.2658876262601 4.669427397130032 3.1017493513455534 46.46742669950421 26.434767144785905 45.90106901417239 46.169138585286284 48.21273195341236 50.65680718322446 17.79413855649992 8.016933372798519 52.3853308774638 70.7523306645724 60.63329707166841 26.9469172619451 56.68690590200238 9.255427463208264 87.39559223683901 34.14834962063927 22.412648986037706 23.759233782682923 0.0 32.72597900533818 44.3301913821083 32.032809630917 30.92900401965785 78.26943164813939 16.92361761108595 51.95887005239149 8.921460497692976 55.35635204930007 49.13947353841209 13.73938223422368 29.916504575384362 24.72885792334572 14.191313163222963 4.443038369065529 57.664684216337896
19.157404227807092 38.833483864863155 44.31940354519842 17.67831497406948 32.93096084721452 67.16930715909982 1.434662655910404 23.941016562621293 54.260345465620546 35.82903509372151 29.93278728306558 16.235923257537312 7.117973387016089 15.290838073002895 17.354089990202443 19.714448856071463 19.779334877820403 40.596772329463924 37.72816822426926 32.93009205926842 38.21560559001706 42.71868698465759 29.022938924018067 24.458863965872318 25.514926547037643 56.48873677932101 1.8911450821542393 24.968948103832815 11.741462953520577 32.72597900533818 0.0 17.594276998223254 0.9454529372281988 18.245469663266498 48.93027746345012 17.098895525222233 19.367066196812406 38.31053789986687 34.00328415297897 27.547807204224306 19.29550138178667 24.35704576624983 41.83730755306381 19.563674684239366 28.459028507561747 25.71840431770947
36.27098444808907 53.08818245628364 48.25953929470423 33.06952143045165 43.42969621458358 69.3199946575866 18.326444302778185 41.463057491559006 43.4306037438103 46.037653640266235 41.23904773483287 6.134380283787785 19.622923398222692 24.5292472286584 28.19007809852723 4.313336213750558 9.286091263710054 56.028263877287486 46.8307080595245 46.83572040331368 35.55017049571963 56.25846540045273 46.50589064394471 26.113860199290386 35.3927947498573 57.24806288002474 15.797460868124622 42.144714776928666 28.58808124798867 44.3301913821083 17.594276998223254 0.0 18.499517095213466 35.74093756534415 33.941280655744734 27.474604757741893 15.986707498272766 51.72558267332757 16.796852525696266 41.21688163865276 33.0395014106851 41.94704609861058 58.41318698225294 34.02608994863352 40.773208140082914 28.080572349733142
18.398697811141332 38.371305683153736 44.57631526591486 17.194910548707053 32.30172266349619 67.46115969355276 1.5530060737577058 23.080847518428023 55.10407612480514 35.20495146867163 29.268924319308237 17.180002755099746 6.806033654998307 15.498847499509617 17.374504010921445 20.65554356774303 20.708832795884966 39.693550421857424 37.16033278724358 32.5203349162106 38.821591037039425 42.311682966147686 28.089618739552904 24.978538193879384 24.968275048538082 56.87469026904061 2.8365979690332908 24.023610534340055 10.809398272739172 32.032809630917 0.9454529372281988 18.499517095213466 0.0 17.398538991630215 49.86561074992759 16.618200083914537 20.15984386280489 37.503338152161895 34.85815554982086 27.186850435941526 18.53565576329098 23.464383748585803 40.89730556842984 18.75297779586747 27.740957325068994 26.18758105969227
3.4024193881706237 25.91791688084667 44.735056479515194 9.977731881137018 32.76668501664636 67.06863417902854 17.41539268902347 5.728137894814927 66.89584104380259 35.39535259908061 29.390010470881286 33.39443045139515 19.908555574673876 20.610439489840534 18.86825791022028 37.37902216065332 36.11423873207051 29.8748771193042 38.412851570641244 21.643853547823028 46.05658483534078 30.542694237803648 12.678063589761633 32.17584175298662 28.542516519048608 58.733012510772156 19.966401555204317 11.380905569259147 10.940958426207093 30.92900401965785 18.245469663266498 35.74093756534415 17.398538991630215 0.0 64.83793065734265 23.616931819508096 32.661123817658044 32.150071333278085 52.24873630020033 18.226809074598105 19.186023808402826 6.61091564739251 28.032919831290183 17.779201088341566 26.74139163003136 32.3327930842502
64.06275481611794 72.72591431117976 51.170731355433446 58.30470676896202 77.30713831658565 63.38202257420672 49.02673689760862 70.30554500489477 17.465385851002193 79.85901573225311 75.176391837962 32.79782290606787 52.985390132854256 46.146598699532014 49.54424314112985 30.194820083933436 29.178088017091117 89.28183093935688 80.44651904982003 66.87314746438363 32.9317891380618 74.04832513904704 77.10451981463967 37.75484387808208 69.28495306987948 51.43259330378703 47.060703717431764 73.67930332642132 60.67084496870874 78.26943164813939 48.93027746345012 33.941280655744734 49.86561074992759 64.83793065734265 0.0 61.409557402966584 32.492581325451006 85.58445509858586 28.191572411916123 62.012463216691124 66.67768268876506 71.44794649291977 90.74804230902207 67.48932262050009 74.69309440410343 39.115189937961205
26.52046628497251 49.27274166514172 60.892355254196936 29.492870294816413 16.406782784619665 83.84271889708862 18.167697773962974 27.445186279755813 69.47493415990219 19.215233923469675 13.864638540179907 29.585828618182205 10.131035739051931 31.85184674787403 33.09711091818539 31.300777637494214 33.8008195402368 29.898059577242595 20.775648934909757 44.35661619425845 55.216354284785055 53.77076469479713 27.360126336020077 41.557391354971735 8.558122074411243 73.4507833134125 18.169592896728997 21.802141552465724 12.876002894340415 16.92361761108595 17.098895525222233 27.474604757741893 16.618200083914537 23.616931819508096 61.409557402966584 0.0 35.652564387374255 24.359072333730463 39.70380411880803 39.84602203956223 7.388359232839895 26.40700101448968 34.08088656894457 9.1326626949831 13.314109671895173 42.8023511834445
31.64395532408077 42.20096506215821 32.321316445539026 25.83322253543489 51.94026805561633 53.426471512559544 18.869841931638994 37.97551889074696 35.09980416497446 54.8023328932067 49.08409610991751 9.866289114504346 25.614638847718908 13.851445823849296 17.485677115426103 13.179633624642873 7.808977929312277 59.40295090903351 56.41265749798462 36.0060208584513 20.475828794766425 44.47809992752277 45.18996255380379 10.32153455405533 44.21067207260645 41.49922342863257 17.826494743992527 42.35754522538197 30.4426111300471 51.95887005239149 19.367066196812406 15.986707498272766 20.15984386280489 32.661123817658044 32.492581325451006 35.652564387374255 0.0 57.66262746599389 29.338252835114876 30.676880208601116 38.65724034485066 39.254044554186734 59.66949636469845 38.912332206485104 47.75894006344895 12.32869119462141
35.44179650339151 55.0858067187394 76.69598171336995 41.891724386004455 11.609200609959736 99.19716936900387 38.81341021597867 31.466511746325114 92.51728244175939 11.303000144811065 11.65629115229475 53.211318150661334 32.82780046756839 49.85332458958085 49.47101202131563 55.39335121711503 57.280543950855666 9.890104702476817 14.19803244158193 52.47379192292504 75.40107204220713 59.78348371467489 24.650096762402235 61.172367434766144 17.789969789773167 90.49546486675743 39.9429748262429 21.60205899266876 27.747858770706774 8.921460497692976 38.31053789986687 51.72558267332757 37.503338152161895 32.150071333278085 85.58445509858586 24.359072333730463 57.66262746599389 0.0 63.69465185470515 50.075465331677705 19.143504638595054 29.294771649137925 17.632064751905506 18.75037360797247 11.117895350301653 61.91177550669905
52.96830388207617 69.57494620065087 60.55357953020063 49.8492461829943 53.710906927327905 79.40842473088739 34.887683720744825 57.93899686576543 43.15937144469026 55.8741148060473 52.30575187621628 21.266424833922454 34.40765054918171 40.65447070982578 44.42693582809211 16.880234839795012 21.562188418298064 69.54199604927756 55.74209032174163 63.29724803910896 44.7352590303588 72.53173773281995 62.37141553173118 39.46531024945051 46.10367453688823 66.92566014522487 32.30813019716531 57.635080503532755 44.148782145043135 55.35635204930007 34.00328415297897 16.796852525696266 34.85815554982086 52.24873630020033 28.191572411916123 39.70380411880803 29.338252835114876 63.69465185470515 0.0 57.69361616154385 46.46257227694102 58.26169935316716 72.98685120128088 47.80632461362121 52.595294994057696 41.466399497639884
14.827912048693666 11.882766654718004 28.514325820519726 10.424281317399554 50.892579272222 49.75559077145085 26.14547372284641 19.00082729507345 59.250305460217 53.568393468450395 47.5022780696829 36.48355881694421 32.87414316227006 17.23645693363937 13.42142783498845 40.914021305128905 37.24536149132392 46.46524110483041 56.52404739314058 5.619131559280806 35.39556789583666 15.257777628422799 27.286110190497023 24.479731249757798 46.06853025319462 42.7522495278683 28.35141955538945 28.59481022561371 27.187871514169434 49.13947353841209 27.547807204224306 41.21688163865276 27.186850435941526 18.226809074598105 62.012463216691124 39.84602203956223 30.676880208601116 50.075465331677705 57.69361616154385 0.0 36.85074254511427 21.220686355461925 42.718999760885275 35.65015618126297 44.908447850276374 23.49033495455342
22.453622416827198 45.074897403457506 60.522193290677386 26.97477901218725 14.616210352162177 83.43576768761955 19.926273754983708 21.901039463144386 73.39465859426159 17.489195384195376 11.296965820468172 34.12305597623985 13.732751870860694 32.17600276619812 32.57230963483628 36.50313711279336 38.15726168902091 23.157877606622172 20.05457039677237 40.75399591660156 57.072165944665855 49.720719388405655 20.46197477899858 42.968656771497926 9.358492514610646 73.74480864230839 20.860554206760984 14.889451353350006 10.216037664707272 13.73938223422368 19.29550138178667 33.0395014106851 18.53565576329098 19.186023808402826 66.67768268876506 7.388359232839895 38.65724034485066 19.143504638595054 46.46257227694102 36.85074254511427 0.0 20.500699331678774 26.807840687382132 1.8588758180328115 9.329446936809093 43.9280805375878
8.20981529729512 26.061264542479783 49.17954037237762 15.396743821357694 32.22913750986854 70.9396542497946 23.66441887228457 2.222448735048034 73.3242308559991 34.56489069597776 29.00536956778689 39.87438461183029 24.890702184718872 26.924940275924683 24.83033766489202 43.78120525248163 42.682660905858675 25.269642246171614 37.81278649270686 23.18473174412509 52.002219704414024 30.793117840894 6.520856586156454 38.3507144222646 29.565165795525918 63.355820146700815 26.15395844954166 7.7353637325337505 15.056432753982236 29.916504575384362 24.35704576624983 41.94704609861058 23.464383748585803 6.61091564739251 71.44794649291977 26.40700101448968 39.254044554186734 29.294771649137925 58.26169935316716 21.220686355461925 20.500699331678774 0.0 22.266620457447296 18.76671073824708 26.182210986506764 38.36277845567947
30.390894510067927 44.132445850393694 71.13065980786614 37.611882655543894 27.810287422159742 92.30157014593482 41.726677366081184 24.310895886271236 94.52140829784162 28.415535463561362 26.28132982080495 58.05816287685215 38.889690635154714 48.57778625028144 46.87564058395495 61.271779919971934 61.57141006037284 7.930013085823059 31.586865441281322 43.323491336932655 74.08007376329384 48.51270218790129 15.758334700706644 60.19026789290255 31.06561918064199 85.35907481410361 43.71817792064342 17.319163011951776 30.120859576969238 24.72885792334572 41.83730755306381 58.41318698225294 40.89730556842984 28.032919831290183 90.74804230902207 34.08088656894457 59.66949636469845 17.632064751905506 72.98685120128088 42.718999760885275 26.807840687382132 22.266620457447296 0.0 25.288591482414283 24.14741135335025 60.36454474387239
21.09933504112075 43.59618397902981 59.85177690913419 25.945631208815204 15.418546094405384 82.72087705242544 20.071047621455605 20.229112047803206 73.80160098090296 18.227567061340242 12.035273222735967 34.814111368000404 14.510335566403128 31.794640628137145 31.97852821368635 37.36840645832071 38.77720144367019 22.01612640102044 20.976399055169814 39.40754401465901 56.95932107065529 48.26271224161675 18.60415963000849 42.79201338552413 10.89180599927805 73.20952379747222 21.218414631322755 13.032822277604689 9.574201569135099 14.191313163222963 19.563674684239366 34.02608994863352 18.75297779586747 17.779201088341566 67.48932262050009 9.1326626949831 38.912332206485104 18.75037360797247 47.80632461362121 35.65015618126297 1.8588758180328115 18.76671073824708 25.288591482414283 0.0 9.750933767167291 43.675291261841636
30.137635914037386 52.00845081196871 69.59847265751677 35.50214130256192 6.075327881155584 92.45522593224128 29.17017143689737 28.03305157534144 82.24613214080561 8.659945794449985 2.8518712482826976 42.587421129857965 22.362017151354546 41.46758023506511 41.72712251750842 44.53992064544771 46.735197974485445 18.178832139301917 11.715840900155346 48.299076392074625 66.3892106476195 56.7297987695461 23.84076865488167 52.29713451034376 7.1333581012666585 82.95258754544199 29.93283250260719 18.92347269876699 19.31645746397737 4.443038369065529 28.459028507561747 40.773208140082914 27.740957325068994 26.74139163003136 74.69309440410343 13.314109671895173 47.75894006344895 11.117895350301653 52.595294994057696 44.908447850276374 9.329446936809093 26.182210986506764 24.14741135335025 9.750933767167291 0.0 53.255165521020274
30.15623324594007 33.64875167966001 20.26061045704548 23.06449131646952 58.24905843548403 42.243314974675556 24.642218973805054 36.57176524598184 35.983758339110594 61.16041532411309 55.08501447170116 21.960357816017456 32.80641141925029 12.108403897708333 13.532443233676315 25.5046760564055 20.093211716782456 61.70410148839568 63.27249504434729 27.942890508428917 13.746407454208727 34.97542400691489 44.827692000021685 2.0108491597433478 51.12790855457273 30.962963520047687 24.862068575444336 43.44095835991674 34.233858811543826 57.664684216337896 25.71840431770947 28.080572349733142 26.18758105969227 32.3327930842502 39.115189937961205 42.8023511834445 12.32869119462141 61.91177550669905 41.466399497639884 23.49033495455342 43.9280805375878 38.36277845567947 60.36454474387239 43.675291261841636 53.255165521020274 0.0
