0.0 18.57705308000531 36.52065107209116 39.139885319798516 64.69847987487135 66.88903126270063 82.71528088352166 43.40600639470271 58.08732340222038 11.542705675396158 29.901224535502376 37.810744731124274 77.307474038723 86.20036455349756 42.58693334091242 30.58618371738307 52.509520573262826 36.56192445722846 66.04409020509944 43.98071635221342 3.611852293917614 30.794607424815652 32.50785322410038 53.420887193449175 66.12617223133935 60.59102981536656 69.38179536077517 45.850264659164715 67.10563880609605 23.08056825223623 31.799969384810943 56.081460425127645 45.477343624414615 35.94260451052232 44.70465906472575 35.653649619666346 57.16738993800359 47.942732189589066 77.13922615473068 41.488227278200874 87.6585928601992 74.74860852882587 76.71654254280436 92.6188380951513 116.90089086610759 65.51297470833227 47.18483804989229 50.55375111299729 72.66201404037356 101.97386203889731 50.019507753550904 21.280019045213518 28.259082674314527 59.49084622842908 93.13750213822212 48.10545588880935 16.332383459813475 24.78327558920443 57.93554077264274 92.16124541520303 61.06154073599895 40.842896625766215 44.75038903171976 68.7886407634116 99.2772962098855
18.57705308000531 0.0 17.984449197728516 39.12923143932019 51.87440043435304 49.04248382332012 64.171794882651 30.762079041043577 45.404994501251174 7.1895428598565525 16.822682948413057 29.735727461716692 59.39287911557387 67.62406573124498 48.30767121388603 16.709281953601046 40.773221274514434 31.43091775331805 48.56512490144266 25.978168535889907 15.187226607268286 19.038480494426086 13.99326840417322 54.733349621383745 54.08038236208267 42.44566256528349 51.010038153476636 30.137222624005123 51.00777130170295 4.9791461865507 22.28422044052017 50.147032480751996 26.92483547348703 18.493971550045053 44.071797614788935 20.198567495121214 43.81937927944178 43.15048782356768 58.833966737058745 28.144884704284244 90.72175372776346 70.80266898101367 64.73308156233568 75.91112132795506 98.63770785912321 73.16721236182111 46.50205768564432 36.963089416781436 54.45114136276207 83.41709547814379 63.80847608500214 29.871284202810216 10.388388404137997 41.45354751323287 75.65532091857455 66.2174582958538 34.679207918192226 20.38112061828485 44.97754585004424 77.62355390486914 79.32914699705219 55.61910744371261 47.84001148572591 62.27887540723088 88.67615226905704
36.52065107209116 17.984449197728516 0.0 45.35652529205169 42.00964082208672 33.483422290479034 46.5167102465295 24.682155845776784 36.418958026982395 25.16182082296155 20.045135704976495 30.25319536062149 43.40747493074839 49.726731703159956 60.287390840014865 18.756609960526067 33.80867043554416 34.65486287539392 33.896646644070934 12.056528351852185 33.169976072258 19.826365069713447 4.020534561917759 60.067403566863895 45.073937058787756 26.318344128909832 34.004854550128215 18.62274423123132 36.42083110250816 14.118982333940107 24.135874897034988 48.93751971526333 8.961193792428475 10.604699125370416 51.880110634375356 16.784688981318883 34.0557983310612 44.16964801139577 41.92380997474762 25.139380355688203 95.4772426751901 69.82800692583596 55.052645384263926 59.83672373737233 80.77666607611636 82.58239805113561 50.9999319816017 27.874260588240872 36.71234794672678 65.67693146997873 78.1823159729005 43.59029471700648 9.088862760623474 25.689597684380267 60.26738589176464 83.62900523085018 52.66263341145514 30.785269148768023 38.94804272882321 66.94030673119401 97.2821155991081 72.2541379684364 58.071513862505235 62.59976695466764 82.82481967804569
39.139885319798516 39.12923143932019 45.35652529205169 0.0 40.375707366716554 77.48567090202997 84.66621507522208 27.805134586173853 35.313320153275676 39.24609155825341 55.71577998526307 17.082988836084652 86.43264138591867 85.46863252235757 81.55602321187968 55.36080841983131 29.557018561933432 11.450605879232251 78.56819821627941 57.39990042598431 39.58191111630042 25.544136558694536 43.028015122409876 15.60464827089125 39.60764859096474 70.13483310963362 75.72711965815826 36.99328360619441 51.92245560929474 42.62446754611916 21.303234141171945 20.500789200810466 51.15839734104448 53.31406301159953 81.41023888190995 57.519949919616366 36.42618633975704 12.77362397973951 83.27416179637443 66.2540791579201 51.62063963375174 35.99474584727539 48.180723081335465 75.77579745560166 107.50530190614519 37.71514588654195 8.047466057087359 33.19554847239208 67.33483804510111 101.7883570868099 42.26885252261764 20.631129163193187 38.20310513762968 69.91535702776483 103.49726184184104 61.2971506464947 48.76726815676237 58.257703244934014 82.4892799617976 112.29341212034376 85.64096156791649 76.95751400593211 83.09802495300981 101.4043522956699 126.70888563294395
64.69847987487135 51.87440043435304 42.00964082208672 40.375707366716554 0.0 59.55724955704291 56.663062149617794 21.44404826840858 6.615811667252383 57.263456837605005 61.63131883851827 28.400314658423724 64.85255160876736 54.96547451597567 99.94972560648952 60.461051445468485 12.427629435079341 32.489212410219515 62.30478817657134 50.35389855996026 62.87158461495003 34.08508843969003 43.38196336506263 45.53461020559973 3.7909076386428793 53.45190850242321 54.01236750672054 23.423853375317304 16.628121088082406 51.39408305772432 32.99931416616282 24.580820201916744 40.04213496178832 52.50386764923485 93.41608240281151 58.75825696425897 8.13852444506978 28.523312753910055 59.46821528267107 66.7382423603346 71.56564822540408 38.06857209813316 13.101199329537742 35.90150042559654 69.28957431218973 71.93274177402026 38.748028149135855 14.944901529209547 36.6079298512987 69.65472722104204 82.57767066444904 55.95583356011386 42.8702371577378 54.21694814803798 80.22416099027976 100.27863711981308 79.6119313929163 70.817159104916 78.01817912918831 97.74128284352926 122.00137070658121 105.46202512349019 98.76641995644309 103.83658006917885 119.1802319579816
66.88903126270063 49.04248382332012 33.483422290479034 77.48567090202997 59.55724955704291 0.0 21.049622033368493 52.028524743218185 56.85456480786513 55.479369113053174 39.244758638479034 60.9768878026037 10.426932091253825 26.928250278225462 74.52847737409729 38.04852862442798 57.627663795747516 66.19920406730192 3.7141135344615357 23.06471583815217 63.28860538647093 52.29896318868275 36.98794310009152 91.13622760492369 63.33747217574221 7.351946904547962 8.047244694779675 42.63429819244372 45.22051530656651 44.13838924736906 56.31473100342871 76.03859034789959 26.349741589734418 30.948325612380874 60.75084505267914 32.47837915109104 54.01236750672047 73.53616831892741 12.134718851760207 31.57228710539041 125.06820571299697 95.32412476486657 70.1862880318069 56.21685582857515 61.55768285069995 115.15678227484572 82.0220317248062 50.882038981883966 29.07213636097437 38.6812015511534 111.59904390903279 76.9954210843257 42.392187348135145 7.794526414796436 26.81913774839214 114.98647162582981 81.78495156485978 50.502551562051075 28.40909877115137 38.19012750505322 124.7544253128737 94.91585866227919 69.6359741472111 55.5347877197533 60.94137741773408
82.71528088352166 64.171794882651 46.5167102465295 84.66621507522208 56.663062149617794 21.049622033368493 0.0 57.02683384501637 56.31357726040688 71.18838480814715 57.88867668970848 67.58561512258447 15.4329932867278 6.213443225680137 95.19646353765502 56.55181249248231 59.21960643033309 73.26723285592071 24.380534705017716 39.609998239797065 79.23441635737645 61.705339493260105 50.51108009498766 96.21558658438954 60.31204987973645 23.886222896742996 14.47770572583426 47.673742335288004 40.14020940566226 59.67416294714399 64.97114494872022 77.99537729964497 37.66727252657907 47.94844306261539 81.70786867125697 51.11303715250334 53.704151164964976 77.73010779415175 9.505161682654643 51.89389940335052 127.2264685920837 94.64859893910365 64.22591240459074 41.06587319042503 40.52988566292617 121.93052427717264 87.46984784902453 53.195380430032245 20.08420771855187 19.283541804630985 122.95324581152774 88.87698390979163 55.45794622951873 25.434174828048672 24.760020529461148 130.1457015953348 98.50266466355924 69.73133816444113 49.16256070274308 48.64430598492099 142.57684656824162 114.288408932188 90.50012384690591 75.587387721626 75.04253938701643
43.40600639470271 30.762079041043577 24.682155845776784 27.805134586173853 21.44404826840858 52.028524743218185 57.02683384501637 0.0 14.846486675634598 35.8586157696352 42.44726602759133 10.961236820256136 60.084090243518766 57.66954369005586 79.05299032806705 41.45921522390084 10.058256303543883 16.659029223844488 53.745810380342625 35.69080051915037 41.4657597784503 12.661004088877247 24.6434175286292 39.55686729490097 23.364166679150372 44.835070781633526 49.08432482154937 9.580250145874215 26.086375076226194 30.913715599688214 12.241899618907764 24.680312132454933 26.82508693697151 35.08537443204952 73.61238044219742 40.964989766883754 13.762042022022882 21.528323211666407 56.30823521725918 49.649629157691244 73.07290600174981 45.29890674225287 34.046502194463514 51.586526057108486 80.98152276044829 64.91359763245615 30.60156257452135 7.347779794118413 39.57749190254111 73.98391463129855 68.4283526978069 37.42747789912141 22.67239407921915 44.96780522999746 76.9741142430604 82.1316973298062 58.69451211514551 50.3912752619289 63.4690500715365 88.9503503932757 101.9960100290631 84.07750853376679 78.2917808911838 87.0914037351844 106.93435550783458
58.08732340222038 45.404994501251174 36.418958026982395 35.313320153275676 6.615811667252383 56.85456480786513 56.31357726040688 14.846486675634598 0.0 50.69253716719254 55.71680823013704 22.125340901525586 63.03653935088194 55.33513977478536 93.57669053366187 54.59143020683592 6.120731174470559 26.569840922180113 59.33741096320509 45.541445309686765 56.25642802195623 27.474450075826027 37.476349662201855 42.268597481860894 8.799281742406107 50.34256729753619 51.991909246631714 17.832128790257045 17.793641012875263 45.100730631904455 26.417201303726415 22.13091222572163 35.408737980734394 47.00286746531225 87.38502315985379 53.202690960743475 2.8430610246722314 24.29968862378738 58.06859558716993 61.416303595479086 70.94117465189652 38.807347400252795 19.344695326314916 40.46320966192621 72.76793599370374 68.7643684557748 34.70866371207475 8.700416695935154 36.627259126954044 70.72671290304716 77.5720951570424 49.81712042385404 36.61815239435355 50.93977561497163 79.01683650831522 94.33584337495964 73.05545469560047 64.57336902764935 73.46504561087927 94.96988089321735 115.64531070132908 98.8462926874036 92.53122332237994 98.73272519124315 115.45111856771128
11.542705675396158 7.1895428598565525 25.16182082296155 39.24609155825341 57.263456837605005 55.479369113053174 71.18838480814715 35.8586157696352 50.69253716719254 0.0 20.016085690570097 32.87566061164583 65.8835098430174 74.73741705062669 44.226331770131445 20.393730854721355 45.64318878273383 33.38496914460008 54.759736574356985 32.49969793309888 8.051739504852746 23.40851201520747 21.17933207562469 54.642078522439064 59.18841122738882 49.0924560276928 57.84374271140653 36.470105306322274 57.58337894225036 11.537876579389152 25.76902488675641 52.83260508961367 34.08792192187794 24.57840452636782 42.21619994706971 24.966485430293876 49.35107812484896 45.26971823610759 65.6120557029397 31.81551491271841 90.25723320440026 72.91941935641209 69.87757913327954 82.72406653972445 105.82262081185823 70.81300285405929 47.05432694818294 42.52716093271633 61.6265411222542 90.45398357721469 58.992395155556245 26.34043333353864 17.389229613493214 48.01878092224508 81.8784005233208 59.52579000013102 27.503727226566493 19.090318478268845 48.65465465813321 82.24937988924934 72.1396474300465 49.010364690455674 44.662296305736206 63.10501821652827 91.45809797275683
29.901224535502376 16.822682948413057 20.045135704976495 55.71577998526307 61.63131883851827 39.244758638479034 57.88867668970848 42.44726602759133 55.71680823013704 20.016085690570097 0.0 44.50138447047645 49.53913717552896 62.520458126410965 40.75887486832876 1.438025731582013 52.30020812727909 47.185032134925315 37.67560656868998 18.76568354639265 26.385516317160903 33.13245905343112 18.254024489692235 71.30493695433202 64.49083775377889 34.153755451793266 43.55709023864125 38.242674591864905 56.31462244067044 13.155784370935386 37.12633799611468 64.78121640500908 26.039598390742565 11.164284805572542 31.872484651256087 6.813211821806227 53.550757376194994 58.49271106222736 50.683221931846774 11.800801730611552 107.33510672396096 85.7625262864653 74.72845930167972 78.79226028637483 96.05646187877663 89.9155657879806 62.85507497424946 47.02684398381274 53.54530592755708 76.92520812541753 78.98097802128265 46.05336404055535 19.966910017171163 32.730572220143635 64.33312464104459 77.33361820500978 43.194577865613994 12.079208434521496 28.65127681196908 62.375770268842366 85.51201402932031 56.438929288277265 38.12122694179382 45.99924082895726 71.92676399579096
37.810744731124274 29.735727461716692 30.25319536062149 17.082988836084652 28.400314658423724 60.9768878026037 67.58561512258447 10.961236820256136 22.125340901525586 32.87566061164583 44.50138447047645 0.0 69.63657060565573 68.46706974191322 77.09993291762346 43.80276124701288 16.028320852756554 5.725143783256628 62.303026486564576 42.19480231998619 36.66167994348419 11.39282299304782 28.77769834271281 30.222035791165016 29.067344190464464 53.651960389816175 58.82266083921712 19.9165847462028 36.49501167810687 31.622987638009313 7.476856110771416 20.441169333653974 34.84663549033995 39.550833160804416 73.80730612846597 44.68170209777979 22.235161933809653 14.144454038061399 66.29233221501707 53.593283813160745 65.24128983828328 41.29786214935452 39.36279121083496 61.54814084279896 91.7700732560723 54.626286583662825 21.09027083067376 17.33265479914634 50.506389516060324 84.83055406141239 57.53928796938441 27.722526648905134 24.92296199334783 53.55946519713149 86.66559476904185 72.36451254881753 51.736947777452116 50.11596800642907 68.85723003566932 96.77724629905877 93.602779515123 78.54431952617823 77.27665235826643 90.38192818692978 112.96391440029505
77.307474038723 59.39287911557387 43.40747493074839 86.43264138591867 64.85255160876736 10.426932091253825 15.4329932867278 60.084090243518766 63.03653935088194 65.8835098430174 49.53913717552896 69.63657060565573 0.0 21.615756942060877 83.55108248695939 48.37230338573461 64.61254207740467 75.03677494347241 12.058427481462305 33.42354041619663 73.70873905170482 61.62678799563555 47.048906536404544 99.5616566131179 68.63537321670952 17.116156209615593 11.118637454503343 50.5243135610083 49.28474846797092 54.50961260254964 65.49145334421249 83.35956467644992 35.70032731545209 41.370408008122965 69.24949973526428 42.807910605032866 60.2336099883827 81.57752060314287 6.533338154695361 41.263033658503296 132.70710245286585 101.83247385584156 74.31911519790853 55.422102997006235 54.90617982828778 124.1472289269099 90.50656322806817 58.010204511211136 30.557682684323403 29.953337350887928 121.58878237641487 86.99723613616098 52.42194634722965 17.957062407008777 17.079402498519794 125.39977588992453 92.20158316173772 60.59700022505056 35.18092224963772 34.61552397616901 135.04182973471632 104.82949390578013 78.33861355238041 60.65840851482112 60.139298672844724
86.20036455349756 67.62406573124498 49.726731703159956 85.46863252235757 54.96547451597567 26.928250278225462 6.213443225680137 57.66954369005586 55.33513977478536 74.73741705062669 62.520458126410965 68.46706974191322 21.615756942060877 0.0 100.56707480725306 61.14982661335169 58.80300276164416 74.18839010949647 30.36891140406388 43.94492591897229 82.78584019597928 63.51807005204634 53.7471382617528 96.27243234085725 58.4887055461656 28.987646478057346 19.80808125374485 48.623563600930936 38.339207684420465 63.31205001081223 66.50128995846316 77.33657740656572 40.770946020493035 52.20990701311346 87.33053505580277 55.81424013066842 52.86929638279744 77.7353955606092 15.696057894806259 57.195879181772355 126.20544210080928 93.02872858512217 61.44681333834387 35.943194050820274 34.68358877095459 122.31163825140432 87.7243958566817 53.158786841446066 18.734935864742962 16.461872269876512 124.74825267685247 91.06053689597123 58.45304930126607 30.599662171164567 29.16783223324509 133.16811978457275 102.19425246362161 74.48747402441168 55.20782353372815 54.24228255047128 146.5430888148458 118.95535821279239 96.02399638567604 81.76532754447501 80.90278098045724
42.58693334091242 48.30767121388603 60.287390840014865 81.55602321187968 99.94972560648952 74.52847737409729 95.19646353765502 79.05299032806705 93.57669053366187 44.226331770131445 40.75887486832876 77.09993291762346 83.55108248695939 100.56707480725306 0.0 42.17774679208398 89.07847908453304 77.37528262758919 71.75697728264404 58.73670969884056 41.995617750150515 67.18085525777532 57.65258419071124 96.00702006797353 102.31022646006186 71.60054755865502 80.80122720208502 77.26250112573608 96.69563160937955 48.604133348775356 69.92246755121579 96.95840491494135 66.79668638989503 51.86793865415128 15.543180379091536 46.410761686889046 91.83046442699974 89.2022059924003 86.6627581615004 43.375764076106954 129.81891146191228 116.63944000780293 112.92108868958394 119.54994643153353 135.0104115405832 105.94450144889353 89.59762672039558 85.00555853515338 93.90882914939725 113.16582674428909 84.79721330534156 63.4909831136445 57.15272024522312 69.9753733030765 94.4534978078952 68.93598586112897 40.18828961268334 29.544292123954772 50.25405329028866 81.07350150770661 62.523475088338515 27.925869549782025 6.736308089717035 41.3007978957631 75.9011750274831
30.58618371738307 16.709281953601046 18.756609960526067 55.36080841983131 60.461051445468485 38.04852862442798 56.55181249248231 41.45921522390084 54.59143020683592 20.393730854721355 1.438025731582013 43.80276124701288 48.37230338573461 61.14982661335169 42.17774679208398 0.0 51.26545518037365 46.6290595786069 36.555394957254485 17.354089990202443 27.036924782262073 32.41572365682803 17.11512215077426 70.93076100767524 63.354511697991775 32.8540491772656 42.2442654266832 37.053823918083545 54.96352382142516 12.736578703827233 36.470058445312866 64.0176113836767 24.618941990376026 9.728660679496178 33.126811054023456 5.570463946869152 52.39581435812986 57.84170180584535 49.41712501082632 11.528881654082104 106.96509451159687 85.02014065135626 73.55315618222721 77.37220980252191 94.64460107082768 89.8741037905447 62.411167205461844 45.91042846852166 52.10753768414084 75.61374158002836 79.38563864381915 46.2189138899056 19.108766705625335 31.447583604014085 63.30564469058851 78.20363320262885 44.17723234682439 13.501838511328069 28.4222378114845 61.872447300000395 86.70957879445768 57.80557023530321 39.48723843929493 46.602845441301454 71.96689211744714
52.509520573262826 40.773221274514434 33.80867043554416 29.557018561933432 12.427629435079341 57.627663795747516 59.21960643033309 10.058256303543883 6.120731174470559 45.64318878273383 52.30020812727909 16.028320852756554 64.61254207740467 58.80300276164416 89.07847908453304 51.26545518037365 0.0 20.470905516304818 59.80937096111203 43.97598867919011 50.83441256162133 22.246134506243358 34.266812026250136 37.704518645443855 13.635330175291266 50.77163265535349 53.49488578815517 16.00183856882341 22.610725135468744 40.96247039383349 20.718912364666526 18.861105752099366 34.29051699532835 44.382981467258524 83.62147642405401 50.429812599435266 6.874899331676199 19.297686482833566 60.0712339602725 58.94525099419193 68.2749421083847 37.7945102092855 24.29455950732467 46.33432398428105 78.09197701471075 64.08543498774876 29.647806764793966 6.774656650699648 40.095555338327664 74.59400244938776 71.74443790835949 43.70080760514924 32.66635494956086 51.17865621527987 81.032418845562 88.21775602142793 67.23593055509595 60.44626739460487 71.98343650491768 95.41625660172849 109.59980282590293 93.33580318189522 88.35003551870572 96.4084365731831 114.79610512708562
36.56192445722846 31.43091775331805 34.65486287539392 11.450605879232251 32.489212410219515 66.19920406730192 73.26723285592071 16.659029223844488 26.569840922180113 33.38496914460008 47.185032134925315 5.725143783256628 75.03677494347241 74.18839010949647 77.37528262758919 46.6290595786069 20.470905516304818 0.0 67.38986621930219 46.70010955264724 35.9505434586057 14.956842269654826 32.72780857375416 25.412913250207822 32.632329437575834 58.85508046659223 64.29617818547246 25.614727423902846 41.84980585832029 34.06487254629393 10.603266575843563 19.64508555481262 39.92954061175946 43.342890986812925 75.22470404999706 48.0794927989912 27.06738343158818 11.88607225387412 71.82728260943402 56.95980182360385 61.01946215968289 39.57067745100695 42.46327437906252 66.59765936858095 97.27381045470142 49.12389407131122 16.35991029590529 22.737396597527297 56.224412723967625 90.55513685713646 52.00501864996688 23.586804537852387 28.3372531825206 58.68994525160223 92.09162076560625 67.8045214730237 49.31423776338834 51.586290776969875 72.69943040982248 101.5090114344854 89.9546691653974 76.77375491320505 78.04690245384565 93.18353460746458 116.91777392047092
66.04409020509944 48.56512490144266 33.896646644070934 78.56819821627941 62.30478817657134 3.7141135344615357 24.380534705017716 53.745810380342625 59.33741096320509 54.759736574356985 37.67560656868998 62.303026486564576 12.058427481462305 30.36891140406388 71.75697728264404 36.555394957254485 59.80937096111203 67.38986621930219 0.0 22.761811138518294 62.433245476616634 53.18308943797461 37.17583845665968 92.51991752122713 66.07063913718882 9.038497828060176 11.761354895246182 44.5004409198809 48.33858299346718 43.608100570548 57.300680146117 78.01360120867277 27.468289377912548 30.19004292605 57.734021965703285 31.018428409558958 56.4951770071407 75.17357888579632 15.160497513264485 29.21205839474251 126.81498297345516 97.58394474984765 73.19834579641892 59.90120677057905 64.90837010638299 116.14434358349143 83.39026950525508 53.03960981336363 32.66952754832834 41.427412563787 111.67451703493803 77.10376807833119 42.58683412569484 8.782933559881094 27.12002018963113 114.1366109308818 80.59681351984044 48.57334893300263 24.854327314964713 35.65036365699463 123.11531687361739 92.77106897743059 66.71104902188948 51.856144459085726 57.64163607837857
43.98071635221342 25.978168535889907 12.056528351852185 57.39990042598431 50.35389855996026 23.06471583815217 39.609998239797065 35.69080051915037 45.541445309686765 32.49969793309888 18.76568354639265 42.19480231998619 33.42354041619663 43.94492591897229 58.73670969884056 17.354089990202443 43.97598867919011 46.70010955264724 22.761811138518294 0.0 40.40045967091561 31.880665056371008 14.710712915631573 72.11274280810025 53.767434887614414 16.61856701167602 25.637789025244853 28.030014597900262 41.225201572750734 21.086226465093468 36.1923360150056 60.30278417324399 10.368237078370026 8.345335207939234 47.727299875544794 12.381857057284092 42.90704428705435 55.97062137112382 33.2444169487148 17.4572665960565 107.43568492987431 80.982225976282 62.99682350665396 61.43177469115581 77.29107602781433 94.51828214530148 63.0347086091272 37.52169680032933 35.174072613497415 58.833557174476866 88.93276083858551 54.38861542008803 20.051461599514873 15.519498228656238 49.74437281031975 92.02432250146117 59.26567492477174 30.841657898156562 28.014975370097734 54.8936533084439 103.01453089574258 75.07488838982378 55.27464466826871 53.56431653979339 71.25859847313689
3.611852293917614 15.187226607268286 33.169976072258 39.58191111630042 62.87158461495003 63.28860538647093 79.23441635737645 41.4657597784503 56.25642802195623 8.051739504852746 26.385516317160903 36.66167994348419 73.70873905170482 82.78584019597928 41.995617750150515 27.036924782262073 50.83441256162133 35.9505434586057 62.433245476616634 40.40045967091561 0.0 28.804823262863607 29.17106503880579 54.30507098596753 64.46968783936951 57.015142163357055 65.83830691821123 43.304276411340595 64.55085844018811 19.5666818080604 30.242502790605073 55.58443209564307 42.11179498733134 32.34069612616627 42.891525112417234 32.06396478371813 55.19217580569329 47.58388550146253 73.58060275250378 38.03065246853876 89.0583565787036 74.76280604693063 75.11533348037291 89.94386773991359 113.71998604436942 67.66389428235519 47.61582671865529 48.48655728060675 69.49417556813533 98.50253578484276 53.159823643915956 23.04164000999169 25.114068172344293 55.90496031026364 89.52575984372409 51.7125094172027 19.50710634616633 21.948180614571836 54.56894660051081 88.70551899592684 64.2110706137237 42.615790871379005 43.6345439641737 66.23190300330306 96.25061182286429
30.794607424815652 19.038480494426086 19.826365069713447 25.544136558694536 34.08508843969003 52.29896318868275 61.705339493260105 12.661004088877247 27.474450075826027 23.40851201520747 33.13245905343112 11.39282299304782 61.62678799563555 63.51807005204634 67.18085525777532 32.41572365682803 22.246134506243358 14.956842269654826 53.18308943797461 31.880665056371008 28.804823262863607 0.0 17.771438678827938 40.31677731594085 35.832105828247556 44.95786880021657 51.27473835348027 16.461678493656976 37.13840523661245 20.374288777067292 4.354277895418261 31.67635433126438 25.97873883758862 28.42455212905428 62.918558906404336 33.36069087108823 26.398792086676206 25.49691147215797 59.05158153184378 42.27027278245434 75.96911290454015 52.63224281803431 46.51680499016194 62.86721405515937 90.19741322801505 62.96631913659591 31.308017473478237 19.760435811195535 46.85729336649516 79.9724034437278 61.27454629403814 27.783710508993018 13.570240826622344 44.62309517377079 78.696519173309 71.69906659756212 46.318384554485 39.304641457177866 57.78531325651269 86.76552029149545 90.12899964065952 71.41769962263993 66.87680350303035 78.98919963477366 101.98454909621825
32.50785322410038 13.99326840417322 4.020534561917759 43.028015122409876 43.38196336506263 36.98794310009152 50.51108009498766 24.6434175286292 37.476349662201855 21.17933207562469 18.254024489692235 28.77769834271281 47.048906536404544 53.7471382617528 57.65258419071124 17.11512215077426 34.266812026250136 32.72780857375416 37.17583845665968 14.710712915631573 29.17106503880579 17.771438678827938 0.0 58.05109784078744 46.24216477635108 29.93324000930469 37.86192201641958 20.024636827997984 39.151330515126936 10.352762824012013 22.12454297431438 48.21004000903591 12.980983868934112 10.795839934937709 50.05583730006451 16.35939381255917 35.29679383246567 42.88304724914269 45.77171604069513 25.159621928010377 93.73846878038668 69.21792168926277 56.481263964822205 63.11844436074178 84.69082123148759 79.88603543447334 49.07231768934651 28.79661045210958 40.561507467816206 69.68547701545396 74.61138004551061 40.008218966526684 5.414014321042477 29.20308084570026 63.80582045793118 79.63783803794604 48.670963194403576 28.113689487289644 40.084110100400686 69.41132253466078 93.31514332044775 68.64884210798691 55.7889320684375 62.50552159272753 84.23935770778337
53.420887193449175 54.733349621383745 60.067403566863895 15.60464827089125 45.53461020559973 91.13622760492369 96.21558658438954 39.55686729490097 42.268597481860894 54.642078522439064 71.30493695433202 30.222035791165016 99.5616566131179 96.27243234085725 96.00702006797353 70.93076100767524 37.704518645443855 25.412913250207822 92.51991752122713 72.11274280810025 54.30507098596753 40.31677731594085 58.05109784078744 0.0 43.52179788967753 83.82960571402462 88.61193309232405 49.135319285826675 60.01684999087086 58.195162008204356 35.969016138829126 21.094418535429707 65.06845782798426 68.54000209086621 96.66785536307925 72.95457269338078 44.213281551841504 18.537109430985648 95.86390553041556 81.73882061968845 36.0343422085478 25.964949807687912 49.44416976886964 81.30261825455509 114.76213683426471 26.499444802244483 9.132054760994206 43.12102067430734 77.65503573066682 112.23208487397235 41.43718708158386 32.99857605272466 53.43786953732589 83.76837177853447 116.50540180566553 65.90049886679918 60.750769498031566 73.71037436641949 97.82926777591439 126.89639484514511 92.62600576525286 88.81720428490695 97.93934312324578 117.00612977410765 142.06848415701012
66.12617223133935 54.08038236208267 45.073937058787756 39.60764859096474 3.7909076386428793 63.33747217574221 60.31204987973645 23.364166679150372 8.799281742406107 59.18841122738882 64.49083775377889 29.067344190464464 68.63537321670952 58.4887055461656 102.31022646006186 63.354511697991775 13.635330175291266 32.632329437575834 66.07063913718882 53.767434887614414 64.46968783936951 35.832105828247556 46.24216477635108 43.52179788967753 0.0 57.203021907802786 57.80213042240379 26.451481594021697 20.1998047706077 53.88006386412598 34.32650332549186 22.43061061052693 43.49893018511249 55.62641178925494 96.18073174884105 61.85440498260781 11.020412109474977 27.305535345889687 63.2305038081833 69.9595625573436 68.33249510818356 34.55963008584734 10.689172136591798 37.80212951169016 71.68399971821498 69.74814083563643 37.25649034671875 17.496783867909198 40.237759236655016 72.98537895276098 81.56943776434795 56.21732846129647 45.409434735106835 57.95221659729988 83.96258664156959 100.17753122279413 80.69257885634482 73.36072103513612 81.52942467597126 101.52362962762608 122.51736064009991 106.9605852030796 101.31773012747738 107.16646217055079 122.87665080259336
60.59102981536656 42.44566256528349 26.318344128909832 70.13483310963362 53.45190850242321 7.351946904547962 23.886222896742996 44.835070781633526 50.34256729753619 49.0924560276928 34.153755451793266 53.651960389816175 17.116156209615593 28.987646478057346 71.60054755865502 32.8540491772656 50.77163265535349 58.85508046659223 9.038497828060176 16.61856701167602 57.015142163357055 44.95786880021657 29.93324000930469 83.82960571402462 57.203021907802786 0.0 9.433409049835713 35.52114707741475 39.97764643670339 37.622528041797175 48.96436895844859 69.01130876959284 18.99927281631125 24.843415444346228 58.64986160975823 27.346793484818413 47.50188892071929 66.31263103949324 16.68216244946276 28.225024398425983 117.9047148384387 88.5455315723359 64.60571102769825 53.87283166027441 63.44654004158063 107.80486535180238 74.7103629998855 44.0025979632478 26.185107558042546 42.77770483176631 104.4967432340538 69.89832684002633 35.310582186326094 1.659127611765745 33.96354759621113 108.6029608575577 75.84698048645309 45.88859804244308 29.21643461815627 44.67968569280197 119.36054668810428 90.45746811667836 67.17855105682777 56.90476834176999 66.01619765395944
69.38179536077517 51.010038153476636 34.004854550128215 75.72711965815826 54.01236750672054 8.047244694779675 14.47770572583426 49.08432482154937 51.991909246631714 57.84374271140653 43.55709023864125 58.82266083921712 11.118637454503343 19.80808125374485 80.80122720208502 42.2442654266832 53.49488578815517 64.29617818547246 11.761354895246182 25.637789025244853 65.83830691821123 51.27473835348027 37.86192201641958 88.61193309232405 57.80213042240379 9.433409049835713 0.0 39.50946401641349 38.834729659036476 46.3118824496898 54.997388008051296 72.24259766911332 25.6747607162373 33.96572190034563 67.53281026847631 36.75738304402702 49.17912233821573 70.54339279071895 7.921504899876083 37.45539081944596 121.5989035530843 90.76781388121302 63.9226770515578 48.25174775200933 54.453315753979936 113.41829425697993 79.5857592676022 46.89267838153742 21.41961940050262 33.369499647714676 111.87216843857043 77.38713738161387 43.09303008580495 10.959137774554668 27.89353703812682 117.22342396661594 84.87310387020861 55.320757843891116 36.223729667689106 44.257889565956106 128.6137096220169 99.88917538017486 76.21669656131546 63.5208527627424 68.23187717228521
45.850264659164715 30.137222624005123 18.62274423123132 36.99328360619441 23.423853375317304 42.63429819244372 47.673742335288004 9.580250145874215 17.832128790257045 36.470105306322274 38.242674591864905 19.9165847462028 50.5243135610083 48.623563600930936 77.26250112573608 37.053823918083545 16.00183856882341 25.614727423902846 44.5004409198809 28.030014597900262 43.304276411340595 16.461678493656976 20.024636827997984 49.135319285826675 26.451481594021697 35.52114707741475 39.50946401641349 0.0 21.25772060456513 28.73537913629054 18.411472275846933 33.53005580372726 18.30097288655825 29.18308951082963 70.07849610025902 35.40331661966157 15.433097123129324 31.05570811346038 46.73380101887078 43.585713277914216 82.43902384112056 53.54397586681979 36.50411929676453 46.82918720502973 73.81208232642061 74.36818488685104 40.16238100813479 9.50051832923367 31.02186203679039 65.03310753260827 76.52196929277746 43.98882211760894 20.230372400828937 35.75424832245831 67.39667193647574 88.15400532710856 61.910724059378566 47.849312735724524 56.04449645650668 79.92011207780892 106.1935403920092 85.4790725530249 75.70348707628366 80.9327273461223 98.81263605500283
67.10563880609605 51.00777130170295 36.42083110250816 51.92245560929474 16.628121088082406 45.22051530656651 40.14020940566226 26.086375076226194 17.793641012875263 57.58337894225036 56.31462244067044 36.49501167810687 49.28474846797092 38.339207684420465 96.69563160937955 54.96352382142516 22.610725135468744 41.84980585832029 48.33858299346718 41.225201572750734 64.55085844018811 37.13840523661245 39.151330515126936 60.01684999087086 20.1998047706077 39.97764643670339 38.834729659036476 21.25772060456513 0.0 48.96024342932009 38.029943556298804 39.85288797676432 31.168916458004393 45.73252865482054 87.86909376563894 51.88725955828123 15.84700005868134 41.82809190654859 43.55903622298005 58.61890350119173 88.02712584199533 54.69619554515526 25.088251003672656 25.729642012461408 55.58287709457014 86.49645800925781 52.220598877223466 19.16239515404769 20.056334934838283 53.21812187620802 93.80742594534462 63.506485463338 40.75710537967192 41.03701977722481 64.04498228354072 108.18173218510596 83.12548985608295 67.16530775279064 67.13629186712217 83.05514086580028 127.247133993346 106.56991073679983 94.43063069735918 94.19037918991597 105.93014881818266
23.08056825223623 4.9791461865507 14.118982333940107 42.62446754611916 51.39408305772432 44.13838924736906 59.67416294714399 30.913715599688214 45.100730631904455 11.537876579389152 13.155784370935386 31.622987638009313 54.50961260254964 63.31205001081223 48.604133348775356 12.736578703827233 40.96247039383349 34.06487254629393 43.608100570548 21.086226465093468 19.5666818080604 20.374288777067292 10.352762824012013 58.195162008204356 53.88006386412598 37.622528041797175 46.3118824496898 28.73537913629054 48.96024342932009 0.0 24.176745201241285 52.0242563046633 22.864621232525256 13.514825363494356 42.78034514607266 15.53928783795975 43.261709616855434 45.48491385213242 54.09462912194544 23.84900431859623 94.22947554265505 72.91931423936529 64.42073824314937 73.33218558001607 94.86811986437111 77.49883068875694 49.704010321141354 36.46555638476131 50.83122307948925 78.94756458308872 68.74499199715378 34.67061238208935 8.548789335995016 36.59187386826493 70.70856854137881 70.98367920376961 38.884280389825115 19.497147659205567 40.535629138055114 72.80784744559503 83.3335301642485 58.31190762953729 47.44354591666117 59.12961764961012 84.47806504401493
31.799969384810943 22.28422044052017 24.135874897034988 21.303234141171945 32.99931416616282 56.31473100342871 64.97114494872022 12.241899618907764 26.417201303726415 25.76902488675641 37.12633799611468 7.476856110771416 65.49145334421249 66.50128995846316 69.92246755121579 36.470058445312866 20.718912364666526 10.603266575843563 57.300680146117 36.1923360150056 30.242502790605073 4.354277895418261 22.12454297431438 35.969016138829126 34.32650332549186 48.96436895844859 54.997388008051296 18.411472275846933 38.029943556298804 24.176745201241285 0.0 27.918022384383473 29.965124325467375 32.7585105679261 66.3498527345048 37.61342334986136 25.77827064209605 21.371903829793865 62.70648992807126 46.51565270495017 71.61908733169312 48.74781287717216 44.924630945658556 63.678201028625836 92.12177658667197 58.85723009482507 26.953971741318103 19.588504774655565 49.35334147223835 82.96170790217587 58.28337442832832 25.68875150960416 17.82479576568974 48.68660908979771 82.57057366749594 70.19709472810368 46.653393860276545 42.664595748562604 62.11938363747998 91.06145967069634 89.75593173371476 72.6382224500052 69.93751759172748 83.0720307945599 106.32699167738335
56.081460425127645 50.147032480751996 48.93751971526333 20.500789200810466 24.580820201916744 76.03859034789959 77.99537729964497 24.680312132454933 22.13091222572163 52.83260508961367 64.78121640500908 20.441169333653974 83.35956467644992 77.33657740656572 96.95840491494135 64.0176113836767 18.861105752099366 19.64508555481262 78.01360120867277 60.30278417324399 55.58443209564307 31.67635433126438 48.21004000903591 21.094418535429707 22.43061061052693 69.01130876959284 72.24259766911332 33.53005580372726 39.85288797676432 52.0242563046633 27.918022384383473 0.0 51.46712908176262 58.96657571243831 94.21227628377828 64.47352584037739 24.476279625786756 8.31602792858697 78.9146546867991 73.34370346831555 49.419470412337084 21.031889724034375 28.935187502002048 60.224564149925406 93.87012058698495 47.37133125000245 15.681798460537772 25.35047915690935 58.602278078353926 92.84750621508364 60.40117175144199 40.46342869582697 44.95666255061495 69.28014785231352 99.86591609383466 81.57805802903484 67.94388542798363 70.51616915349722 87.88319058034399 113.44226191397031 106.13154843288909 95.8279494316351 97.45133773600536 110.47718124123641 131.56112242206316
45.477343624414615 26.92483547348703 8.961193792428475 51.15839734104448 40.04213496178832 26.349741589734418 37.66727252657907 26.82508693697151 35.408737980734394 34.08792192187794 26.039598390742565 34.84663549033995 35.70032731545209 40.770946020493035 66.79668638989503 24.618941990376026 34.29051699532835 39.92954061175946 27.468289377912548 10.368237078370026 42.11179498733134 25.97873883758862 12.980983868934112 65.06845782798426 43.49893018511249 18.99927281631125 25.6747607162373 18.30097288655825 31.168916458004393 22.864621232525256 29.965124325467375 51.46712908176262 0.0 14.967448409911949 56.930390905725226 20.88652783188271 32.72113425697267 47.9556951962089 33.575073051375576 27.503584180959376 99.64899787772168 71.78285756710675 52.63497122631013 52.75326952581367 72.0429065869742 88.81051647565316 55.936872941608385 27.66594690619587 28.226236520043802 56.77042525901789 86.19746647446033 51.728438982609276 17.790820858865263 18.76296747308037 52.74882296571369 92.50964880522598 61.591375945307654 37.733169968608316 38.064664686814076 62.20030013070522 106.16656233924647 80.51005003555571 63.93103527258992 63.93173158599559 80.51170880315217
35.94260451052232 18.493971550045053 10.604699125370416 53.31406301159953 52.50386764923485 30.948325612380874 47.94844306261539 35.08537443204952 47.00286746531225 24.57840452636782 11.164284805572542 39.550833160804416 41.370408008122965 52.20990701311346 51.86793865415128 9.728660679496178 44.382981467258524 43.342890986812925 30.19004292605 8.345335207939234 32.34069612616627 28.42455212905428 10.795839934937709 68.54000209086621 55.62641178925494 24.843415444346228 33.96572190034563 29.18308951082963 45.73252865482054 13.514825363494356 32.7585105679261 58.96657571243831 14.967448409911949 0.0 42.138440249573776 6.28086313493101 44.606076213390345 53.669707238669986 41.51466086997846 14.575866194981282 104.35535985964161 79.95541990863751 65.50168401829492 67.69671663021873 85.26425788319433 89.59590961846364 59.636875943285375 38.477466026467674 42.41818335950327 67.17825269609736 82.17004124916242 47.88282599010133 15.115137411699852 23.64366176053523 57.309956484103594 84.04510743315998 51.00554737927542 23.117064157565284 29.361172643796895 59.87157317706959 94.66996568474634 66.9547740290418 48.97235554179705 52.04278941169696 73.5759657256359
