0.0 4.870036621986222 10.027401177501769 33.04327005997685 9.200334814160582 31.660306252817225 19.522146872124036 26.96606036264131 22.449629274930302 17.740796909054232 33.15931559362552 56.67158954996625 35.16775320121047 20.692006628133488 36.47341546122829 5.802748655317103 21.43800465310748 20.01669836832729 19.926448027319232 29.661629941089828 4.313336213750546 22.538524013599353 26.105725995715716 29.53279645716252 15.159944164006848 12.491013011414951 13.250292114413897 28.82331440686498 30.174488665997913 22.129651202424018 53.578547398528514 42.83826567364129 31.396393593360195 11.763115518977774 2.4730909744072633 40.903817289584126 38.96583649791482 42.18684811184969 16.459609510951868 24.314221243458935 101.43940261071424 87.5711134735512 75.14083752164538 64.97914317455754 58.284909435906364 56.308705582152335 59.52233208545713 67.18514527450581 77.99665063439426 90.8394700035842 94.24862485548036 79.17065407243865 65.20649082130443 53.239883773707625 44.89753671870653 42.37684724951978 46.63164550454446 56.14203721216244 68.76082549195792 83.08356457407962 88.73571074479024 72.55228122008229 57.029381098641686 42.89028743469373 32.023629611621885 28.463285129110737 34.5472719147996 46.6431028420014 61.289099668915014 77.04439034208188 85.22696776153403 68.2366280868351 51.45436206321615 35.179225714344234 20.647446628087437 14.62083330517248 24.493531078564608 39.80967152254241 56.288537133560716 73.14848913265936 83.97404970015943 66.67242957810058 49.37102704682726 32.07019426945734 14.771933262546261 2.576095331279669 19.84379311041183 37.14336530084554 54.444436352539086 71.74592195121069 85.07669690976786 68.04970895392823 51.20736399406558 34.81864547356753 20.02984585328488 13.73914422753932 23.980119895699314 39.49735336986363 56.06913948984658 72.98060420359393 88.4468392506181 72.20031043412266 56.58300253258583 42.29772357888244 31.22929009589992 27.570810569286117 33.8192330874622 46.10901596661708 60.88556541388668 76.72530673540925 93.84044820364471 78.68653221596792 64.62055519896167 52.52396715187783 44.05023570584589 41.482340524581296 45.824131790574555 55.47632560468409 68.22096100193218 82.6394670028741 100.93358881175529 86.9873868075341 74.46287735730456 64.19761111519463 57.41641724734438 55.41349289046648 58.68018360002946 66.44374484103012 77.36198703289534 90.29773737272316 109.39608097823348 96.63627934879987 85.48876189887105 76.66013506208667 71.02051940755534 69.352303629661 71.9323281512357 78.34199142467045 87.7460277157592 99.29729659677436
4.870036621986222 0.0 14.66097529966228 28.282412268453022 14.040338975532132 26.870562779065484 20.70397118526389 28.737133550420246 27.306441477592525 18.6616360180177 28.98070533979867 52.772610111828165 37.91841022023207 24.203359223868176 39.70084634804257 10.617458077478211 26.10959778571962 17.11735427293975 18.176324218114505 24.927982988999048 7.419272140989741 27.20867088025949 21.2622235246919 25.034758758814117 19.392246620930056 10.036787651645927 17.838924015508095 29.821731144969533 35.00486763855592 24.31267910278813 55.485387873782734 39.55168437969496 33.48356405406351 16.56593905866301 7.06220581630639 37.74948685201255 42.926144413159065 46.924328978578345 12.4357142802077 22.130696464418655 97.22952096212846 83.11665870892946 70.44060271452655 60.11720564303651 53.52549547399481 52.101624399938146 56.23948979563657 64.88359968252286 76.52178219853961 89.99991745270994 90.39143313083028 75.04187621087317 60.75081650127786 48.46387050734991 40.069168974227935 38.22350557994499 43.76346620376166 54.480749703877876 67.96888789095448 82.88602941727656 85.35953630476456 68.92728477631869 53.050933145020295 38.42581425271356 27.15503023295582 24.43274248798612 32.4843487941872 45.95886965792811 61.383330444111316 77.6036054901146 82.46520563306863 65.32575105206062 48.30228224344348 31.582911492493874 16.14197124809659 11.061613002813056 24.14266840455314 40.522718346338856 57.44585342452932 74.54310536978613 81.93532343251118 64.65863896447931 47.40037433952474 30.19213325283249 13.230565416066604 6.102814116766657 22.319371566014524 39.468694963254954 56.71080095665316 73.98084573879983 83.81475371230091 67.01365050191512 50.55153604871677 34.91129143643768 21.92830983543589 18.482838102770657 28.303566313188718 43.119374501112915 59.297395206564126 75.97232212304401 87.94914913194377 72.09520509578381 57.08846622734554 43.80840065891132 34.32153222354142 32.178685396812014 38.62222970498848 50.46378973781888 64.80910534615485 80.32779600176828 94.0415161732889 79.38134046821912 66.01280894877404 54.887958212137185 47.606598795102535 46.030335886293486 50.69416806313822 60.16401590833218 72.58252010995069 86.69163120697156 101.74064526633956 88.328078306795 76.49337203812661 67.07695986495912 61.20536867376484 59.929723803737154 63.52749378697604 71.26436114496994 81.97665461978214 94.65955137396622 110.71173249204357 98.48377401553883 87.97560253132599 79.86893264045226 74.9471348740417 73.84975636424839 76.74103771034912 83.20621423379485 92.49890901823296 103.8629342728194
10.027401177501769 14.66097529966228 0.0 42.93978165876908 2.47296875971448 40.55733491963969 17.08285121740073 22.17907059420961 14.19494532637151 22.989188851267393 43.13152136977813 62.6837493553703 27.824102054785254 19.694867326023907 34.90395438161402 4.432536662866524 11.44868293152037 25.34146279552004 23.21766506864857 38.367789015163616 11.200751325741486 16.187649172599286 35.836811980727006 39.55867931809531 5.755044480026237 18.353084655034017 9.330899361103143 25.527623531676877 20.58363252501785 24.40473536401572 54.70326663181108 47.67131334960084 33.02272328132277 6.432150484887683 8.864236308034448 45.502594042069 34.949469876616426 34.57450210382023 24.068916810588274 27.877252762213384 107.99420700345436 94.92705937477844 83.41604446471402 74.1890717325102 68.179852398117 66.269587291711 68.80055337670002 75.326397154886 84.93119621081637 96.70182050512786 99.85187448016123 85.5952228177021 72.6731563379155 61.92683817362794 54.65509190923007 52.32709631250983 55.56771631885297 63.53044417239297 74.72057098229489 87.9142210920557 93.1468005411075 77.70711625568532 63.23900499748853 50.58313908887181 41.43479863487166 38.38928869642086 42.770770465538206 52.76027384958141 65.85332609633694 80.55048721086418 88.20746041808114 71.74068771721535 55.78178153235446 40.92919134089463 28.93960837449174 24.464542466512412 30.955410181531946 43.7798090115965 58.939092382078776 75.03114167234531 85.34107158949269 68.20224335407683 51.17329932818047 34.417730849995905 18.686008046923327 10.605030114850086 21.782550307195812 37.88410483532203 54.72334389998854 71.78298129184267 84.75824937367929 67.47490032957535 50.20435295584637 32.96673293761154 15.869702236669506 3.950058381604094 19.444074084215178 36.59582785514525 53.84376249344576 71.11793336516871 86.5051703661641 69.64679614939375 53.074664702178836 37.17359221584833 23.35688311484596 17.54776695458369 25.865350702996853 40.35865104937417 56.456506867559185 73.10653682435222 90.44691932799692 74.46464836338056 59.228635379039574 45.494916144191706 35.074952519738176 31.455141817961024 36.70569918359991 47.99895323391361 62.122455068404726 77.54487790309386 96.31434483468252 81.46026741309369 67.77758330927301 56.12958148638243 48.02043859576258 45.388309228353755 49.12166724469614 58.00414862545768 70.10511970684122 84.04568904341664 103.78127124772632 90.12787882276626 77.93723837572885 68.00064717174253 61.421976618797544 59.32897027366436 62.17628584708583 69.35813316199231 79.71139852936254 92.17353080383535
33.04327005997685 28.282412268453022 42.93978165876908 0.0 42.231228802804445 11.770380590613485 43.36839739890434 51.48211915007881 54.97973128125527 35.268204477010876 10.036636899843133 41.56262710094842 62.41783139213486 47.03477111800976 59.44800709631687 38.845840647603595 54.38620991115437 28.434717760522908 33.38044907690168 13.279350241180742 33.7968197771708 53.83124253366512 7.554021814183341 6.21727400759755 47.39160151137619 29.057934033548243 44.64053782416934 50.2255435220303 63.19084308924023 42.810581041155935 67.40517742797859 36.846588518943335 49.4443039391264 44.13770096436779 34.838054716660594 36.619003246898146 65.6087746162639 73.42049352915188 23.116976348262046 33.40648374852343 79.37514952169036 63.13924686187974 47.659472230526845 33.985243248530054 25.244383344136622 26.800591198689897 37.38950592318861 51.733831137356674 67.47973089356265 83.84121626671798 76.17282079015575 59.08238670760794 42.16481089190768 25.76290361329203 12.1776924819674 15.217695369072436 30.22537637596812 46.84315924818466 63.8255656158634 80.94341943951177 75.52152996751364 58.24417079491638 40.987545878675206 23.79680536002535 7.163135915725892 11.620956482560366 28.59189195576443 45.81112838894377 63.075638922991075 80.3562474822848 77.48563967700673 60.75797015748455 44.471896897482615 29.37142121499279 18.609762203177187 20.704545609089784 33.312839312306615 48.88276190800417 65.33005169890222 82.12928218789524 81.87712098365982 66.24323860628364 51.68345096642506 39.406855607945545 32.14545312205852 33.353691945193816 42.312127088566065 55.379347716833905 70.30033378770526 86.11684173279085 88.33463224352296 74.04242461918903 61.320938181794986 51.351121718939716 45.95999750320158 46.759046885613365 53.471478259498696 64.2704670532421 77.46541363396429 92.03146804102296 96.44398170838238 83.50962366491328 72.422158817982 64.14652864862137 59.86051615450045 60.41921761983196 65.69915165498799 74.70589940122834 86.28012800790239 99.53012498236822 105.8260110579156 94.14284434930215 84.4114490526528 77.37181259257176 73.79830011964346 74.19344904623799 78.49734853055868 86.12599279677926 96.29240160966523 108.2841338489668 116.17266973667718 105.59028047892156 96.95979304272299 90.83926243759628 87.7554427485815 88.02806292581396 91.62716841419493 98.18763730305557 107.16698299695297 118.01435661587018 127.24874284121712 117.61428963552342 109.87566931598478 104.4550970467647 101.72381678490062 101.89830967505536 104.96408499609606 110.68114461946236 118.66690953942879 128.49909756199781
9.200334814160582 14.040338975532132 2.47296875971448 42.231228802804445 0.0 40.53086492320875 19.296979731828777 24.62626294468334 13.615501366595243 20.63171042179058 41.88766335417809 63.69231069975109 30.22861503432331 17.35345837657962 32.726013492410964 3.43281145540642 12.49421018014751 26.342207487116426 24.62626294468334 38.42292595857786 9.476238446400803 14.830109715262656 35.29972492488407 38.55888191501489 7.991940780712858 19.09409650898657 7.1130659807859065 27.895715661052517 20.97415419291785 21.932601864166788 52.31459786639412 48.93271330969518 30.57771708300715 4.31326616913335 7.530921127520485 46.80897275857914 33.17209364420896 33.833616595077935 24.440187645262327 29.291237974315113 108.8960362896687 95.57029543498767 83.71205927254194 74.02992107514729 67.46734328600655 64.97652233597614 67.0130386482897 73.19999379792024 82.6100701132465 94.28309034432766 101.00810528793757 86.5190858048524 73.26095743439855 62.02809332245339 54.09715001496464 51.03155611863028 53.67158095027114 61.28424173590234 72.31582655344305 85.45232621997228 94.57790877092337 78.95348955793281 64.1952727348347 51.059958989388996 41.13286550886113 37.08655660042951 40.71387452134083 50.383859708632166 63.38890993081706 78.07996751840243 89.91882544504719 73.33487027975706 57.17798702206407 41.94463222286927 29.12203832558815 23.141845900768296 28.665448168368336 41.31079492366518 56.481559886986325 72.61172363179924 87.31490503322516 70.13282761679335 53.02874283320393 36.11363747672083 19.875996717714557 9.19939496063204 19.311024782711367 35.495290914032424 52.39874869095746 69.49859883530702 86.95101975111406 69.68135345191168 52.432963820711066 35.237109191345176 18.242958266355966 4.761373904747225 17.64225976516125 34.61995769479726 51.81261530712722 69.0598742551981 88.85469970579447 72.03219162504509 55.50520233347325 39.645052997328264 25.71662601462365 18.69950174043485 25.23310845812835 39.01871403478832 54.83541020848137 71.34491058124327 92.88660469333949 76.92883449353131 61.69990426964391 47.90009564308379 37.157347911429575 32.64393068418508 36.73271406718154 47.24051990059688 60.93233561649012 76.10874254821272 98.78643824640054 83.92679798377168 70.19513794702446 58.39272468734409 49.90757592789572 46.58889253093182 49.48723687200214 57.67279473781553 69.2966003935278 82.92520324220042 106.24339345444066 92.55055943567896 80.2636221480339 70.12551332067572 63.17928289103404 60.53388757463044 62.735770445291735 69.32458317203323 79.21309462821857 91.3357896933728
31.660306252817225 26.870562779065484 40.55733491963969 11.770380590613485 40.53086492320875 0.0 36.49521671549224 44.01462974199905 54.06131037778277 39.58255627196872 21.288876873427824 31.322922162956235 55.302844499594976 49.51896281777148 63.69315272880032 37.12633799611461 51.60720412094194 20.12120052047447 25.178397582854153 2.5133396641419847 33.851144944144394 54.0520881769391 9.331774787289767 16.094598742416114 43.912549823542676 23.48964152252178 44.66120906126018 41.8900348206603 61.1177585411906 46.98618347723293 74.71847538735912 25.09177585975023 54.885314156036046 43.419478779495215 33.93275698738496 24.85274428418138 68.54583385344618 73.78999124651641 17.06811668349981 23.951985032117744 72.47330222558868 57.284383350639644 43.695887200672786 33.70266284312867 31.00189267269834 37.21658444803364 49.06872638211233 63.475307022473736 79.05187054338114 95.22599861955004 67.62807229015901 51.046869922408106 35.167057281664974 21.595673840655902 17.16789332521244 26.86656315265992 41.80430709695214 58.069787238055014 74.80182156648385 91.74550153113076 65.53719371758491 48.255822429819005 30.99739672049817 13.8479736996552 4.6268471763773045 21.20760762249261 38.42956016420815 55.70110532859883 72.98704503066816 90.27911118778489 66.46116386068394 49.497767046826404 32.8889732481122 17.66502640261182 11.880013977109416 23.852238557210743 39.94291944868076 56.75083542795585 73.78747053017685 90.92434916171693 70.28116423799084 54.497658920034176 39.990724710332174 28.761636809645925 25.571779271795727 32.852861250267175 45.86300844437169 61.042862390381735 77.12170257461196 93.63756415609292 76.56489761567379 62.35795561009993 50.135333893480315 41.680868239766845 39.49359246459369 44.50729052907915 54.77919286216899 67.96563121795687 82.68373527358685 98.24754005203216 84.76613501265214 72.14967238256818 61.84296571347439 55.156406655548764 53.46592920507993 57.21609546355235 65.47867727810548 76.81101730618091 90.06168544077181 104.50350038276662 94.38625680781045 83.19349619263753 74.37903885185735 68.86229962621849 67.45726407721482 70.41051002147499 77.22362749719187 86.9944173127452 98.84968346134698 112.13020321845913 105.03600553416646 95.05386829138627 87.38760961016641 82.68392690052237 81.45765918775973 83.86149134983424 89.60374010481237 98.09990707481064 108.70618341591074 120.86834934906312 116.43306365865648 107.46062179121205 100.68555499081324 96.57145312009114 95.46297165846838 97.46271689379857 102.38873100552331 109.84804101682005 119.36666544122392 130.4947445145982
19.522146872124036 20.70397118526389 17.08285121740073 43.36839739890434 19.296979731828777 36.49521671549224 0.0 8.336057933216942 29.090777387226854 37.10846848556906 47.32044038694296 50.49870488313183 19.05996598317075 36.619462741680614 51.98524964888824 18.475394753432017 21.959460630734377 16.579516016981977 11.854997905083387 33.987245973345715 23.506732531832707 32.49967452488768 35.845361556917446 42.33190375755663 14.887298398668932 14.451969240357663 26.385206537562958 9.301212126850501 31.385843371591996 40.39147665551345 71.42147660401761 34.47618783045152 49.4257670042341 23.50648086551954 20.74396209974178 32.129696676265674 51.67142716264179 48.58056862260215 20.287880186479406 15.345896844764574 95.75566109605217 84.30779209349208 75.13422913386708 69.14616671837474 67.20062321722071 69.63724976197169 76.03591751703618 85.51179073857418 97.16873654657185 110.31750437899326 86.31939967489312 73.46806909297244 62.791522452587394 55.55801569013918 53.19126453566252 56.308328321663694 64.11431005486551 75.16223366204161 88.24272028863011 102.58115664257332 78.31382125688855 63.918725299249 51.35034908818539 42.27078568889999 39.18528241290489 43.39192847251395 53.18776757004543 66.13413525005737 80.72927062108475 96.2258410622826 72.2164312888807 56.32016824788306 41.56224549271121 29.691575319034825 25.18867870858256 31.401591056486254 44.004099835118254 59.03704073982453 75.05394094837088 91.53975322192092 68.53850666005475 51.54264205454646 34.84930415524906 19.26180276156202 11.237129817208661 21.91442727558624 37.853984657995866 54.62892257344465 71.65491751408815 88.7876580484044 67.67572551715745 50.395025551752624 33.13648954434329 15.972127007896086 3.3021668437522873 19.11578754446958 36.31302691735158 53.57771997041715 70.86057996819763 88.15092213074975 69.73267104764577 53.11315254930059 37.12250980266608 23.105555445192884 16.981308809463545 25.329334839408492 39.91863920525886 56.07256465195156 72.75630182553681 89.67462629982475 74.46776232512839 59.16658728684362 45.328041845740124 34.74603006059407 30.962085417788575 36.176287301502704 47.513215987374366 61.684653885714276 77.14399689840963 93.25290821602947 81.41499081281863 67.6659672499866 55.92556830689222 47.70072251980709 44.96390040185382 48.65027668762302 57.53824967950713 69.66458642992419 83.63230655939586 98.662426839949 90.06380669473954 77.81378922187939 67.80249863045557 61.13974451198646 58.971640714718085 61.77327067074588 68.94139570142471 79.30064075482224 91.77670574659811 105.62212041810712
26.96606036264131 28.737133550420246 22.17907059420961 51.48211915007881 24.62626294468334 44.01462974199905 8.336057933216942 0.0 31.32251538656009 44.06777408210758 55.64813819251835 54.38035653148405 11.335621774928224 41.74953149146006 56.37262925330923 24.748609543772513 22.976445038665734 23.894154403740906 18.85726822187449 41.502242095381405 30.62940093791211 35.61480723747966 43.994743581041064 50.62631918043717 18.05695000249604 22.737629813861652 31.315972367434373 4.954136212038124 31.04513594762814 46.48911568848567 76.79765991407533 38.19551710302306 55.201418050812684 28.416153444796528 27.79465384983399 35.831307676024814 54.77416146580795 49.09489718207562 28.365233368932575 21.189187051919326 98.97114633417596 88.61156820061926 80.66857086267964 75.90462914228819 74.92858746685746 77.88298792880036 84.35586815345752 93.62025031536268 104.93939269804208 117.7220756845618 88.6579838851579 76.9793039946928 67.75015738628156 62.072939787770046 60.948431708532986 64.61476802861237 72.34722256451133 83.01727786288014 95.64680695133605 109.56025913197266 79.53416492574111 66.31952293773331 55.40376988022741 48.369196533889344 46.992376955673905 51.72707871884384 61.170260060004914 73.52967850399322 87.57927487645357 102.62722843633073 72.05307444709071 57.17892505056256 44.11260302550745 34.94456130203218 33.09125755681909 39.593542806791845 51.37094782531956 65.64303673712345 81.10333289517673 97.18642541145856 66.76930968239492 50.391273104948176 34.916070558120026 22.30908894896204 19.36416289667088 29.171185236290327 43.88231055822244 59.99223449901995 76.623698088994 93.49880162779063 64.22755937051298 46.98768300988996 29.819772372594212 13.011871189065797 6.936299957546519 22.92660507214434 40.02323926095364 57.24337201385101 74.50141673728356 91.77598841731584 64.75157361809788 47.69821853342837 30.922273325134945 15.361220492557266 10.69861549666458 24.32420241587291 40.8360924169752 57.81192987350307 74.93707492686633 92.12830364532518 68.27078776354642 52.355635172449105 37.68335859696494 26.413432272260213 23.958593491503986 32.389348684718456 46.07425010541377 61.606120197024794 77.88775562974104 94.53254369072705 74.36111373536497 60.04842337276734 47.75727978973088 39.42599530934999 37.772571387967375 43.56411255037657 54.47571353575277 68.08877688700817 83.08589784317756 98.83905104961907 82.45470407116258 69.77972161911728 59.483959606710286 52.97333222847117 51.69822995056131 56.01732418108914 64.82186986266869 76.5800861329817 90.14346868809993 104.81355292692089
22.449629274930302 27.306441477592525 14.19494532637151 54.97973128125527 13.615501366595243 54.06131037778277 29.090777387226854 31.32251538656009 0.0 26.628685564543805 53.36184727182685 76.84170484980672 32.183657145701616 16.13785024259686 26.644197719450496 16.961399224138667 8.738537109222616 39.52492648781916 37.15779676109899 51.99350879778685 21.192965096642954 5.28341176892352 48.369548832987086 50.743115533556654 14.204043165283585 32.52142261514174 10.692519762891346 35.763285358033684 9.591985193747787 23.697708270861312 48.42822535641213 61.66718296815064 29.49464548948034 10.852370603919326 20.322859319116766 59.45604320947103 23.54699360677728 20.38279388176106 38.043913573652944 41.77750283617735 122.17888198554812 109.09035775001517 97.32635174696087 87.42320615802731 80.07434574354991 76.02414326145647 75.80320251985155 79.44347869490866 86.4586186746651 96.11245923340415 113.90074708931138 99.77653424342651 86.81030116414972 75.6002314526186 67.03325002116836 62.21103781940515 62.01342475871251 66.48166273203589 74.78404318032912 85.8148574224339 106.8465916439154 91.68043288782698 77.41519146726075 64.65001494529533 54.45033941345899 48.463975894349794 48.28433414924574 53.969429832883826 63.97440313262853 76.62539802946965 101.27261893021233 85.15023969385635 69.59663297288714 55.09562005134055 42.732556710978926 34.86148998358384 34.68837833238255 42.307821090464365 54.546566217499596 68.98849232558261 97.4332816454072 80.56772281339072 63.93577425073879 47.78200687871567 32.82025009529692 21.67784892338499 21.48024986471828 32.4281485323315 47.33371085058401 63.46721382874057 95.53799315492613 78.27577255026658 61.03604210653329 43.84533885310587 26.798180492027402 10.610591484527943 10.283008365709884 26.412294596958674 43.45332882682831 60.642293012506755 95.70235036905046 78.47537423102712 61.29063664227338 44.197434361227344 27.367819661138164 11.97059675571514 11.67502056386961 26.98203677340165 43.80031731060216 60.890217353589534 97.91597986555306 81.14814161973507 64.6623065957675 48.7454421554841 34.201368369179775 23.707810875016 23.518040424985426 33.80602587057198 48.28361808795431 64.17537999036725 102.04557681877594 86.06392996685825 70.70648914727634 56.48470985150267 44.50106245783853 36.998296531241 36.82540707253582 44.06874787658837 55.91695401427196 70.07185045690869 107.87126570367077 92.86716345383569 78.81060552907019 66.30697137175211 56.39874798332035 50.6332352193712 50.45128002985221 55.907425425425785 65.6098330424449 77.98949659397991
17.740796909054232 18.6616360180177 22.989188851267393 35.268204477010876 20.63171042179058 39.58255627196872 37.10846848556906 44.06777408210758 26.628685564543805 0.0 30.154301634330352 69.1366601246238 50.80103586551579 12.94050560071495 24.306588426947325 19.460684680159336 31.145189523954876 35.587319824754374 36.81192598063663 38.46005762712632 13.604752855181182 23.042423569501317 31.009093607307783 29.555750540096934 28.617915708293015 28.698188374523866 16.83831373979974 46.38403545818037 36.21719296980209 7.558838682275243 37.034567620421356 57.32127395499498 15.557375305521775 18.656056384102268 16.37398595105316 55.708273837303146 30.467579534653265 40.5822005680979 29.979279858227034 40.78047548526768 112.03092831624498 96.78327663380976 82.3515518185458 69.24778157126404 58.37323130567263 51.16947067009483 49.273695207586194 53.25580780858749 61.99328033275257 73.81635497978692 106.5150760843119 90.37176743723009 74.74863711029987 60.053048496796166 47.16021630126089 37.954062409713345 35.43505593704717 40.85930749751786 51.788322169391606 65.52316461399136 102.64797025959977 85.80154632431926 69.18031699662507 52.99658972803022 37.816294647025984 25.499355165825914 21.658103378295337 29.776519693389353 43.62247314379797 59.31197649980815 100.61994616338585 83.37602279900725 66.16239201792268 49.01098229160973 32.0219296850024 15.730381566432381 8.25827800532886 22.083177645327012 38.805252764668346 55.88149852370095 100.54238227174092 83.28282960749172 66.04545544212523 48.85374155849732 31.78187135072744 15.2381111503352 7.281903521269758 21.73857421598746 38.61111888539295 55.74750933274594 102.41971110329548 85.52959232408347 68.84429302911362 52.55924068323518 37.20379629449654 24.5862301965691 20.580440978813392 29.005826406729536 43.10258645644295 58.93249979387642 106.14823542593065 89.94109244737733 74.22977969943908 59.40899035486407 46.34116887833911 36.93626386608458 34.347912617090294 39.92465993994247 51.057670323546574 64.94998678781504 111.54242015008546 96.2199847170233 81.69187023208242 68.46561255434744 57.44754808036817 50.115902627645475 48.18390654297744 52.253959095400894 61.138906355464485 73.10374639664163 118.37470697181188 104.02860404863924 90.71948186212038 78.97336917097113 69.58632342154517 63.61143369655767 62.04246374196735 65.19827327537162 72.46417797510024 82.76469091066417 126.41204327427126 113.05031052670367 100.89314168931006 90.42767648661284 82.30181416729008 77.25734826998521 75.91108229000318 78.45363135938526 84.53482973724172 93.46650688804681
33.15931559362552 28.98070533979867 43.13152136977813 10.036636899843133 41.88766335417809 21.288876873427824 47.32044038694296 55.64813819251835 53.36184727182685 30.154301634330352 0.0 51.59923687868362 65.97705878195427 42.84614406498077 53.396600827256755 38.7468841450777 54.378475640169974 34.43662809174653 38.955999193682274 22.29790168830778 32.609216936361655 51.287737059372276 13.806276746445523 5.682529466232257 48.275461708844915 32.951714210442574 42.68509624747381 55.212538476216935 62.29701315062106 37.36893118081044 58.95718777530512 46.269300790182136 42.692210788584326 42.843223670899405 34.37630458206262 45.829248866583306 60.47145915406494 70.22521992095844 28.09612729196372 39.9998684009209 88.54173693036374 71.98248898233834 55.875121794971356 40.75893429949999 28.27124314589477 23.150521095115685 29.51848639617178 42.49054512997388 57.77770145926062 73.95802945252193 85.8984630789034 68.72042180549275 51.62518742675661 34.73523816667186 18.617914869113655 9.242831145586958 20.565658050089358 36.86700210776969 53.797012814146434 70.90680165512975 85.53184301427746 68.26371149861403 51.01848623455438 33.83121428089839 16.87986000330952 4.901201862838998 19.02176063426228 36.03257508854408 53.231372792298025 70.48067198280775 87.47051335612626 70.66677733239851 54.17756002688499 38.410083084778954 24.78251066599254 18.754281310482956 26.229471597271726 40.28596744900604 56.18402839373366 72.72580559871487 91.56814282357513 75.65757681317511 60.515464411513115 46.89224127043568 36.52877639050982 32.68836295465591 37.435477766161526 48.3012346979557 62.15554605910851 77.4100955507616 97.55300051354489 82.76925993909985 69.16368836358697 57.57763542367198 49.45154527209889 46.63077818993161 50.021060918479236 58.553279260847134 70.38159848189585 84.12701833093384 105.10311091710241 91.50858802689284 79.37049202349122 69.45663315298656 62.828881397252864 60.57564155872922 63.16679449570497 70.06693276721909 80.1710781499069 92.43443102832263 113.90755447898994 101.45570960747685 90.61058080842739 82.01207225400904 76.42230652907952 74.52143432706036 76.58463104492478 82.31435810060934 91.02080908013187 101.9441421570661 123.69867214457615 112.28998581361598 102.54460228603615 94.97591864816938 90.13395536520005 88.46756365175857 90.1530079879905 95.01207819049057 102.59483552555913 112.35114895734658 134.26065043977695 123.7785452015028 114.95649733168393 108.20132317716816 103.91688230758257 102.41373224790425 103.8127579380294 108.00123564869394 114.67391649947766 123.4285598271229
56.67158954996625 52.772610111828165 62.6837493553703 41.56262710094842 63.69231069975109 31.322922162956235 50.49870488313183 54.38035653148405 76.84170484980672 69.1366601246238 51.59923687868362 0.0 64.50573904901883 76.97143552608485 92.28269141979393 60.77542568998538 71.53706007643406 37.36106843870749 39.938585675545276 31.525638359462384 60.16980400021314 78.48858237648064 40.622762792063995 47.01374618800715 63.64410901691712 44.66710115005717 69.66804600396708 49.995166582193704 81.33578715218664 76.10066071844254 105.4324052931059 16.19040614641027 84.69260613366525 67.58840099022058 59.14373882468624 18.55917537411952 95.61860145160603 97.2132389957586 40.34494734693873 35.527676933438315 45.426816532219014 34.293635290737036 29.786245564041455 34.59908481891289 45.88771249425782 60.10804345268639 75.62394369183043 91.78068464143209 108.2918119195944 125.01699174951641 37.61951430436052 23.035822853574274 15.645536544933027 23.614167235205606 38.32998011789032 54.58441406339872 71.33331299340394 88.29573731343733 105.36861636150827 122.5057786441945 34.21440365504039 16.9459347983015 1.5548594451393138 17.78718815855321 35.0580109285911 52.34938195373519 69.64599805153654 86.94472894453273 104.2445218266606 121.54492323205413 36.46631076471774 21.10932504017893 12.654177333304125 21.75696720096054 37.21983150220379 53.814300234990064 70.74853199862233 87.82621173414545 104.97735457037243 122.17102477675216 43.5054571694035 31.716928772162188 26.79388759833258 32.0713474804221 44.022043574342895 58.70280560888259 74.51716934262035 90.87523172919629 107.52914503173405 124.36010773146924 53.47351084579281 44.36481294677229 40.936075265965066 44.51958280728831 53.7301555296466 66.26138647675597 80.57864746295647 95.88519635731609 111.77534924198656 128.0319955313967 65.03731815440587 57.72702202383698 55.07870803417638 57.737490192092075 65.05590024432959 75.6942615218377 88.46282261871876 102.56909588806575 117.53240644100515 133.06394095599705 77.48557601605224 71.40351165024195 69.22137318817762 71.29814570395892 77.291284762362 86.3895240410007 97.72945856761918 110.62384156862115 124.59097727301713 139.3085745907068 90.45372491199784 85.2429978971556 83.36390385391066 85.0375897845827 90.0662107686358 97.93432699015885 108.02324711958273 119.7730807287239 132.7435092540776 146.61093773204132 103.74684268295803 99.17711349766257 97.50620071106522 98.88116793894002 103.18031997038428 110.06152072987238 119.07797916003248 129.78543352254016 141.8013372487532 154.82133765097018
35.16775320121047 37.91841022023207 27.824102054785254 62.41783139213486 30.22861503432331 55.302844499594976 19.05996598317075 11.335621774928224 32.183657145701616 50.80103586551579 65.97705878195427 64.50573904901883 0.0 45.76903791071035 58.73351582496792 31.506303033518613 23.506908884667524 35.193381841947975 30.17706635700375 52.78954815094887 38.14697153355728 37.246985942861876 54.884957021707685 61.1718238531123 22.347250282180287 33.414066664624436 35.73836964545761 14.703996400927286 28.459150418250143 51.75339675291199 80.22007020168836 48.44123115231214 59.697385244300015 33.07890389741425 35.36288973143087 46.1121158975998 55.343500321897544 46.3402540284464 39.34777256153165 32.45686143653232 108.33972160276409 98.79846286100967 91.5612058043813 87.2034959816494 86.16334587970569 88.55773141691112 94.1249094174509 102.34843677468186 112.64805193727425 124.50960548155608 97.36504672516462 86.68288154163255 78.40012529546483 73.33433988309754 72.16619175063411 75.07783376927033 81.63388439289534 91.05047558519276 102.54255308275066 115.49220469723879 87.30868121368067 75.2680020496102 65.62343703870503 59.55078407705997 58.17949225391454 61.823197854779785 69.6997798154716 80.57734085185446 93.4133472798015 107.50858607452058 78.52440532719264 64.92467331778685 53.50745982515329 45.93024479222519 44.213466214400746 48.97732006765548 58.66369614663769 71.29365110807763 85.57361865120312 100.8048005186154 71.48288147926883 56.247363310282175 42.619697283619345 32.67752279784569 30.2970556054627 36.969066028561876 49.134725909231676 63.72158127171782 79.40634566412905 95.65042982635211 66.7381541079234 50.109332163642755 34.15584104803146 20.518531555310034 16.556302375800914 26.942986308467333 42.147956365151884 58.529379733320845 75.32356012446398 92.3054791401886 64.79682237738363 47.50537232485354 30.225919256624543 13.006366739482868 4.841336828273082 21.827164141880093 39.09124239951119 56.37853275730678 73.67269687655438 90.96981455367582 65.90710822684142 49.00219585669956 32.5176316342961 17.67174071252777 12.880114786158478 24.86397350356927 40.8564546216688 57.61072360677169 74.6153734099404 91.73126679634875 69.92378220952781 54.26147347938065 39.97486632407745 29.161320596869533 26.485572452842494 33.93079317134858 46.9022616745171 62.02463883783629 78.05766934465876 94.53916602011107 76.38969578521017 62.338026598059336 50.35254883554644 42.230728913317236 40.37567870811558 45.55943452261773 55.85547773633822 69.01240749648477 83.6916725834266 99.21988413131037
20.692006628133488 24.203359223868176 19.694867326023907 47.03477111800976 17.35345837657962 49.51896281777148 36.619462741680614 41.74953149146006 16.13785024259686 12.94050560071495 42.84614406498077 76.97143552608485 45.76903791071035 0.0 15.844336444380374 18.493971550045053 23.113025855857813 40.70789663653935 40.320800054334626 47.98018957482088 16.843786332466976 11.405474485444076 41.81438042249023 41.691198641022204 23.95296118066619 33.181450888121844 10.433600408586608 45.22248651676084 25.390926403911866 7.758717229522043 35.048182756122664 63.50782129689345 13.952204287981049 13.337841987907451 18.31013083778186 61.5918634909371 19.029819457063393 27.642417675824408 36.638804896656175 44.84450575042267 121.2038514172348 106.6625675062354 93.070553803779 80.9076487968233 70.91306122904574 64.10906209541616 61.562784242081726 63.786173545548536 70.32830467557135 80.1383797711631 114.59094552448472 99.11991246859672 84.36309456227676 70.76869947595885 59.14379386037941 50.8573525100524 47.682855220894034 50.591911263448885 58.68671667520787 70.19560077669615 109.39839133652525 93.0967662521116 77.23157211884794 62.13800417792144 48.541275019473275 38.080010293258816 33.802765767329234 37.866538649472474 48.20612524598741 61.74539868922104 105.83553247763864 88.90260073323849 72.144968998906 55.721022415569664 40.04347360961071 26.473361534640667 19.922590587423326 26.300038270703556 39.81439517206461 55.474244161837504 104.06993558810092 86.80300444052455 69.55346929507489 52.33853290410984 35.208981618701806 18.404786638218646 6.042630244578678 18.248397569370308 35.04579963318265 52.173993085722074 104.19303242490452 86.94987442365311 69.73583455145007 52.57951959461492 35.564567239526184 19.07313049802865 7.8385887111798604 18.91602339024891 35.39635165869809 52.40897616360584 106.19825377907078 89.33212915041364 72.67118256942241 56.3975490448191 40.97532898302587 27.85646993224759 21.71864484124553 27.67900712157398 40.7340965478244 56.134811772317065 109.98267479769342 93.77953651938076 78.04948146408105 63.14704281981936 49.82051635769376 39.690377381451796 35.598815100336815 39.47065479269401 49.47016187877712 62.73251641802877 115.37129299905878 100.01692608754496 85.41040525893855 72.00826838690647 60.61473148505449 52.55285146829963 49.47888731085602 52.28020609424078 60.14134332240261 71.41039120125097 122.15191855178637 107.73376479091415 94.29067192881581 82.30183118680844 72.49238503579863 65.84371061470418 63.35879129910686 65.51314761445744 71.89090661459687 81.50660258689507
36.47341546122829 39.70084634804257 34.90395438161402 59.44800709631687 32.726013492410964 63.69315272880032 51.98524964888824 56.37262925330923 26.644197719450496 24.306588426947325 53.396600827256755 92.28269141979393 58.73351582496792 15.844336444380374 0.0 34.23325965627406 35.23034639882538 56.46367901555175 56.16513551327453 62.40979461379376 32.48558763242984 21.489741217993135 55.294193963181314 53.571855672675824 38.31576569362987 48.95987465902041 25.61457410982417 60.217438854609725 33.36358310455731 16.76750392054679 22.010117679477332 79.19662789695877 11.36346204360709 28.479407730824175 34.12432060405183 77.32247990793982 9.315207737323979 25.637429411563616 52.0907997399547 60.68472908508557 135.97785622969073 120.96942481115336 106.65795656760552 93.36450752600351 81.58821262200007 72.07659272900075 65.81890007869606 63.780197580945256 66.35053283252056 73.04496162356597 129.87170516210668 114.09523913503949 98.83060618320903 84.35612116428285 71.15562501749166 60.07488743251491 52.4743991223995 49.9683335865448 53.2804607200272 61.477491511786624 125.05141895301936 108.60272819014236 92.46596640023289 76.83791055417171 62.10379407503698 49.07550471477654 39.4795677776293 36.160400513044 40.6843955724044 51.005614449496136 121.66999521802268 104.70962814888588 87.88251176179551 71.28307425949879 55.117407723064716 39.9160587769866 27.337995874816524 22.364065923309894 29.183009214365978 42.44827163729639 119.8493338329173 102.59822846000364 85.36769526816938 68.17333464786687 51.0517087664354 34.112514247637485 17.881933284228893 8.635780047870336 20.690652610704042 37.15296439377528 119.66072428048005 102.3788533879399 85.10513363563436 67.84579121555048 50.61553580282582 33.459333645063 16.608281541420425 5.554861651824279 19.6110026415634 36.565555180633254 121.11179434364847 104.0634723915563 87.11519755027186 70.33932615045933 53.897084925514385 38.221492968771756 24.81090661800064 19.20915018472311 26.853558713930443 40.8894556279552 124.14504095909894 107.56263982866615 91.24779470338633 75.37444426904928 60.29230397787322 46.77312528168586 36.59230572008032 32.999646769198506 37.91655041758888 48.83708799597246 128.64855875979558 112.70742918898152 97.23260953448808 82.48696235653792 68.93997679458576 57.446015370882044 49.457777989142485 46.80600138255737 50.341181625192505 58.96075143327711 134.47465130063495 119.28503402647745 104.75257698046872 91.19200056507805 79.10470967146613 69.26633208026173 62.743844082579045 60.61724774004644 63.33093256740556 70.32680043224121
